12-36801,http://tshop.r10s.jp/worldmat/cabinet/worldmat/f1_mt_op.jpg?fitin=700:700,18000.0000,,車用品・バイク用品 > カー用品 > 内装パーツ > フロアマット > アウディ用,☆消臭加工付☆ フロアマット アウディ A8（D4） 2010/12～ 4HC 【ワールドF1シリーズ】（自動車 フロアーマット カーマット）,,"<ul class=""description"">
<li class=""item_list"">カラー</li>
<li class=""item"">ワールドF1シリーズ　ブラック（黒色）/グレー（灰色）/ベージュ/アイボリー/ブルー（青色）/レッド（赤色）</li>
<li class=""item_list"">メーカー</li>
<li class=""item"">Audi（アウディ）</li>
<li class=""item_list"">車種</li>
<li class=""item"">A8（D4）（エーハチ）</li>
<li class=""item""><img src=""http://image.rakuten.co.jp/worldmat/cabinet/foreigncar/audi-a8-d4_c.jpg"" alt=""アウディ A8（D4） 2010/12～ 4HC"" width=""250"" height=""125"" border=""0""></li>
<li class=""item_list"">年式</li>
<li class=""item"">2010/12～</li>
<li class=""item_list"">型式</li>
<li class=""item"">4HC</li>
<li class=""item_list"">ハンドル位置</li>
<li class=""item"">左右ハンドル</li>
<li class=""item_list"">マット点数</li>
<li class=""item"">4点　<font color=""#FF0000"">※ロングボディー不可</font></li>
<li class=""item_list"">ズレ止めの仕様</li>
<li class=""item"">純正に対応したストッパー<br>
<br>
（※出荷工場、左右ハンドル、購入されるマットの色柄等により変わる場合がございます。ご購入後の返品はお受けできませんので、ズレ止めの仕様にこだわりをお持ちの方は、ご購入前にお問い合わせ下さい。）</li>
<li class=""item_list"">納期</li>
<li class=""item"">3～8日以内に発送します</li>
<li class=""item_list"">ご注意事項</li>
<li class=""item_red"">フロアマットの形状は、車種以外にも、年式・型式・その他上記事項によって変わります。(画像はサンプルマットです。)<br>
商品名とその他の項目をご確認の上、ご購入ください。<br>
<br>
受注生産品のため、返品は不可ですので、ご了承くださいませ。</li>
<li class=""item"">ズレ止めの仕様など、純正品と異なる場合があります。<br>
※詳しくはご購入前に、「フロアマットに関する注意事項」をお読みくださいませ。</li>
</ul>
<ul class=""line_up"">
<li class=""line_up"">
<p class=""line_up_img""><img src=""http://image.rakuten.co.jp/worldmat/cabinet/r/wl_140.jpg"" alt=""アウディ A8（D4） 2010/12～ 4HC カーマット"" width=""140"" height=""140"" border=""0""></p>
<p class=""line_up_txt"">アウディ A8（D4） フロアーマット 2010/12～ 4HC【ワールドシリーズ】<br>リーズナブルだけど高品質！<br>高級感のあるウェーブ・ポップなモザイク・シンプルなナチュラルの3種</p>
</li>
<li class=""line_up"">
<p class=""line_up_img""><img src=""http://image.rakuten.co.jp/worldmat/cabinet/r/sp1_140.jpg"" alt=""アウディ A8（D4） 2010/12～ 4HC カーマット"" width=""140"" height=""140"" border=""0""></p>
<p class=""line_up_txt"">アウディA8（D4） フロアーマット 2010/12～ 4HC 【ワールドSP1シリーズ】<br>当店最上級シリーズ☆<br>9色から選べる♪<br>ボリュームたっぷりの生地で車内がリビングルームに</p>
</li>
</ul><br>
<div align=""center"">
<img src=""https://image.rakuten.co.jp/worldmat/cabinet/kikaku/w_20170514_616.jpg"" width=""619px"" height=""190px"" alt=""【72時間限定！！新生活応援キャンペーン】 全商品10%OFFクーポン！＆送料無料！！ 開催期間：5月14日（日）10:00～5月17日（水）AM9:59まで"" border=""0""><br>
<br>
<font size=""2"" color=""red"">当店は、ディーラーや自動車メーカーのマットを制作してきた<br>
老舗のフロアマットメーカーですが、楽天でのネット通販の歴史は浅いので、<br>
レビューの数が消して多くはありません。<br>
<br>
他店のレビューが多いマットと比べても、品質の良さとコストパフォーマンスには<br>
自信を持っておりますので、どうか、皆様の評価をいただいて、<br>
多くの方に、安心してご購入いただけるようご協力お願い申し上げます。<br>
<br>
レビューの書き方はコチラ</font></div>
<br>
<br>",☆消臭加工付☆ フロアマット アウディ A8（D4） 2010/12～ 4HC 【ワールドF1シリーズ】（自動車 フロアーマット カーマット）：フロアマット通販店ワールドマット,☆消臭加工付☆ フロアマット アウディ A8（D4） 2010/12～ 4HC 【ワールドF1シリーズ】（自動車 フロアーマット カーマット）,10%OFFクーポン☆5/17 9:59まで ★送料無料★ 。☆消臭加工付☆ フロアマット アウディ A8（D4） 2010/12～ 4HC 【ワールドF1シリーズ】（自動車 フロアーマット カーマット）[rn]
12-36802,http://tshop.r10s.jp/worldmat/cabinet/worldmat/f1_mt_op.jpg?fitin=700:700,18000.0000,,車用品・バイク用品 > カー用品 > 内装パーツ > フロアマット > アウディ用,☆消臭加工付☆ フロアマット アウディ S8（D3） 2006/6～2010/12 4EBSMF 【ワールドF1シリーズ】（自動車 フロアーマット カーマット）,,"<ul class=""description"">
<li class=""item_list"">カラー</li>
<li class=""item"">ワールドF1シリーズ　ブラック（黒色）/グレー（灰色）/ベージュ/アイボリー/ブルー（青色）/レッド（赤色）</li>
<li class=""item_list"">メーカー</li>
<li class=""item"">Audi（アウディ）</li>
<li class=""item_list"">車種</li>
<li class=""item"">S8（D3）（エスエイト）</li>
<li class=""item""><img src=""http://image.rakuten.co.jp/worldmat/cabinet/foreigncar/audi-s8_c.jpg"" alt=""アウディ S8（D3） 2006/6～2010/12 4EBSMF"" width=""250"" height=""125"" border=""0""></li>
<li class=""item_list"">年式</li>
<li class=""item"">2006/6～2010/12</li>
<li class=""item_list"">型式</li>
<li class=""item"">4EBSMF</li>
<li class=""item_list"">ハンドル位置</li>
<li class=""item"">左右ハンドル</li>
<li class=""item_list"">マット点数</li>
<li class=""item"">4点</li>
<li class=""item_list"">ズレ止めの仕様</li>
<li class=""item"">純正に対応したストッパー<br>
<br>
（※出荷工場、左右ハンドル、購入されるマットの色柄等により変わる場合がございます。ご購入後の返品はお受けできませんので、ズレ止めの仕様にこだわりをお持ちの方は、ご購入前にお問い合わせ下さい。）</li>
<li class=""item_list"">納期</li>
<li class=""item"">3～8日以内に発送します</li>
<li class=""item_list"">ご注意事項</li>
<li class=""item_red"">フロアマットの形状は、車種以外にも、年式・型式・その他上記事項によって変わります。(画像はサンプルマットです。)<br>
商品名とその他の項目をご確認の上、ご購入ください。<br>
<br>
受注生産品のため、返品は不可ですので、ご了承くださいませ。</li>
<li class=""item"">ズレ止めの仕様など、純正品と異なる場合があります。<br>
※詳しくはご購入前に、「フロアマットに関する注意事項」をお読みくださいませ。</li>
</ul>
<ul class=""line_up"">
<li class=""line_up"">
<p class=""line_up_img""><img src=""http://image.rakuten.co.jp/worldmat/cabinet/r/wl_140.jpg"" alt=""アウディ S8（D3） 2006/6～2010/12 4EBSMF カーマット"" width=""140"" height=""140"" border=""0""></p>
<p class=""line_up_txt"">アウディ S8（D3） フロアーマット 2006/6～2010/12 4EBSMF【ワールドシリーズ】<br>リーズナブルだけど高品質！<br>高級感のあるウェーブ・ポップなモザイク・シンプルなナチュラルの3種</p>
</li>
<li class=""line_up"">
<p class=""line_up_img""><img src=""http://image.rakuten.co.jp/worldmat/cabinet/r/sp1_140.jpg"" alt=""アウディ S8（D3） 2006/6～2010/12 4EBSMF カーマット"" width=""140"" height=""140"" border=""0""></p>
<p class=""line_up_txt"">アウディS8（D3） フロアーマット 2006/6～2010/12 4EBSMF 【ワールドSP1シリーズ】<br>当店最上級シリーズ☆<br>9色から選べる♪<br>ボリュームたっぷりの生地で車内がリビングルームに</p>
</li>
</ul><br>
<div align=""center"">
<img src=""https://image.rakuten.co.jp/worldmat/cabinet/kikaku/w_20170514_616.jpg"" width=""619px"" height=""190px"" alt=""【72時間限定！！新生活応援キャンペーン】 全商品10%OFFクーポン！＆送料無料！！ 開催期間：5月14日（日）10:00～5月17日（水）AM9:59まで"" border=""0""><br>
<br>
<font size=""2"" color=""red"">当店は、ディーラーや自動車メーカーのマットを制作してきた<br>
老舗のフロアマットメーカーですが、楽天でのネット通販の歴史は浅いので、<br>
レビューの数が消して多くはありません。<br>
<br>
他店のレビューが多いマットと比べても、品質の良さとコストパフォーマンスには<br>
自信を持っておりますので、どうか、皆様の評価をいただいて、<br>
多くの方に、安心してご購入いただけるようご協力お願い申し上げます。<br>
<br>
レビューの書き方はコチラ</font></div>
<br>
<br>",☆消臭加工付☆ フロアマット アウディ S8（D3） 2006/6～2010/12 4EBSMF 【ワールドF1シリーズ】（自動車 フロアーマット カーマット）：フロアマット通販店ワールドマット,☆消臭加工付☆ フロアマット アウディ S8（D3） 2006/6～2010/12 4EBSMF 【ワールドF1シリーズ】（自動車 フロアーマット カーマット）,10%OFFクーポン☆5/17 9:59まで ★送料無料★ 。☆消臭加工付☆ フロアマット アウディ S8（D3） 2006/6～2010/12 4EBSMF 【ワールドF1シリーズ】（自動車 フロアーマット カーマット）[rn]
12-36803,http://tshop.r10s.jp/worldmat/cabinet/worldmat/f1_mt_op.jpg?fitin=700:700,16400.0000,,車用品・バイク用品 > カー用品 > 内装パーツ > フロアマット > アウディ用,☆消臭加工付☆ フロアマット アウディ A4カブリオレ （B6） 2002/9～2006/4 8HBDV 【ワールドF1シリーズ】（自動車 フロアーマット カーマット）,,"<ul class=""description"">
<li class=""item_list"">カラー</li>
<li class=""item"">ワールドF1シリーズ　ブラック（黒色）/グレー（灰色）/ベージュ/アイボリー/ブルー（青色）/レッド（赤色）</li>
<li class=""item_list"">メーカー</li>
<li class=""item"">Audi（アウディ）</li>
<li class=""item_list"">車種</li>
<li class=""item"">A4カブリオレ （B6）（エーヨン）</li>
<li class=""item""><img src=""http://image.rakuten.co.jp/worldmat/cabinet/foreigncar/audi-a4cabriolet_c.jpg"" alt=""アウディ A4カブリオレ （B6） 2002/9～2006/4 8HBDV"" width=""250"" height=""125"" border=""0""></li>
<li class=""item_list"">年式</li>
<li class=""item"">2002/9～2006/4</li>
<li class=""item_list"">型式</li>
<li class=""item"">8HBDV</li>
<li class=""item_list"">ハンドル位置</li>
<li class=""item"">右ハンドル</li>
<li class=""item_list"">マット点数</li>
<li class=""item"">4点</li>
<li class=""item_list"">ズレ止めの仕様</li>
<li class=""item"">純正に対応したストッパー<br>
<br>
（※出荷工場、左右ハンドル、購入されるマットの色柄等により変わる場合がございます。ご購入後の返品はお受けできませんので、ズレ止めの仕様にこだわりをお持ちの方は、ご購入前にお問い合わせ下さい。）</li>
<li class=""item_list"">納期</li>
<li class=""item"">3～8日以内に発送します</li>
<li class=""item_list"">ご注意事項</li>
<li class=""item_red"">フロアマットの形状は、車種以外にも、年式・型式・その他上記事項によって変わります。(画像はサンプルマットです。)<br>
商品名とその他の項目をご確認の上、ご購入ください。<br>
<br>
受注生産品のため、返品は不可ですので、ご了承くださいませ。</li>
<li class=""item"">ズレ止めの仕様など、純正品と異なる場合があります。<br>
※詳しくはご購入前に、「フロアマットに関する注意事項」をお読みくださいませ。</li>
</ul>
<ul class=""line_up"">
<li class=""line_up"">
<p class=""line_up_img""><img src=""http://image.rakuten.co.jp/worldmat/cabinet/r/wl_140.jpg"" alt=""アウディ A4カブリオレ （B6） 2002/9～2006/4 8HBDV カーマット"" width=""140"" height=""140"" border=""0""></p>
<p class=""line_up_txt"">アウディ A4カブリオレ （B6） フロアーマット 2002/9～2006/4 8HBDV【ワールドシリーズ】<br>リーズナブルだけど高品質！<br>高級感のあるウェーブ・ポップなモザイク・シンプルなナチュラルの3種</p>
</li>
<li class=""line_up"">
<p class=""line_up_img""><img src=""http://image.rakuten.co.jp/worldmat/cabinet/r/sp1_140.jpg"" alt=""アウディ A4カブリオレ （B6） 2002/9～2006/4 8HBDV カーマット"" width=""140"" height=""140"" border=""0""></p>
<p class=""line_up_txt"">アウディA4カブリオレ （B6） フロアーマット 2002/9～2006/4 8HBDV 【ワールドSP1シリーズ】<br>当店最上級シリーズ☆<br>9色から選べる♪<br>ボリュームたっぷりの生地で車内がリビングルームに</p>
</li>
</ul><br>
<div align=""center"">
<img src=""https://image.rakuten.co.jp/worldmat/cabinet/kikaku/w_20170514_616.jpg"" width=""619px"" height=""190px"" alt=""【72時間限定！！新生活応援キャンペーン】 全商品10%OFFクーポン！＆送料無料！！ 開催期間：5月14日（日）10:00～5月17日（水）AM9:59まで"" border=""0""><br>
<br>
<font size=""2"" color=""red"">当店は、ディーラーや自動車メーカーのマットを制作してきた<br>
老舗のフロアマットメーカーですが、楽天でのネット通販の歴史は浅いので、<br>
レビューの数が消して多くはありません。<br>
<br>
他店のレビューが多いマットと比べても、品質の良さとコストパフォーマンスには<br>
自信を持っておりますので、どうか、皆様の評価をいただいて、<br>
多くの方に、安心してご購入いただけるようご協力お願い申し上げます。<br>
<br>
レビューの書き方はコチラ</font></div>
<br>
<br>",☆消臭加工付☆ フロアマット アウディ A4カブリオレ （B6） 2002/9～2006/4 8HBDV 【ワールドF1シリーズ】（自動車 フロアーマット カーマット）：フロアマット通販店ワールドマット,☆消臭加工付☆ フロアマット アウディ A4カブリオレ （B6） 2002/9～2006/4 8HBDV 【ワールドF1シリーズ】（自動車 フロアーマット カーマット）,10%OFFクーポン☆5/17 9:59まで ★送料無料★ 。☆消臭加工付☆ フロアマット アウディ A4カブリオレ （B6） 2002/9～2006/4 8HBDV 【ワールドF1シリーズ】（自動車 フロアーマット カーマット）[rn]
12-36804,http://tshop.r10s.jp/worldmat/cabinet/worldmat/f1_mt_op.jpg?fitin=700:700,16400.0000,,車用品・バイク用品 > カー用品 > 内装パーツ > フロアマット > アウディ用,☆消臭加工付☆ フロアマット アウディ A6（C5） 1997/9～2004/7 4BA、ABB 【ワールドF1シリーズ】（自動車 フロアーマット カーマット）,,"<ul class=""description"">
<li class=""item_list"">カラー</li>
<li class=""item"">ワールドF1シリーズ　ブラック（黒色）/グレー（灰色）/ベージュ/アイボリー/ブルー（青色）/レッド（赤色）</li>
<li class=""item_list"">メーカー</li>
<li class=""item"">Audi（アウディ）</li>
<li class=""item_list"">車種</li>
<li class=""item"">A6（C5）（エーロク）</li>
<li class=""item""><img src=""http://image.rakuten.co.jp/worldmat/cabinet/foreigncar/audi-a6-c5_c.jpg"" alt=""アウディ A6（C5） 1997/9～2004/7 4BA、ABB"" width=""250"" height=""125"" border=""0""></li>
<li class=""item_list"">年式</li>
<li class=""item"">1997/9～2004/7</li>
<li class=""item_list"">型式</li>
<li class=""item"">4BA、ABB</li>
<li class=""item_list"">ハンドル位置</li>
<li class=""item"">右ハンドル</li>
<li class=""item_list"">マット点数</li>
<li class=""item"">4点</li>
<li class=""item_list"">ズレ止めの仕様</li>
<li class=""item"">純正に対応したストッパー<br>
<br>
（※出荷工場、左右ハンドル、購入されるマットの色柄等により変わる場合がございます。ご購入後の返品はお受けできませんので、ズレ止めの仕様にこだわりをお持ちの方は、ご購入前にお問い合わせ下さい。）</li>
<li class=""item_list"">納期</li>
<li class=""item"">3～8日以内に発送します</li>
<li class=""item_list"">ご注意事項</li>
<li class=""item_red"">フロアマットの形状は、車種以外にも、年式・型式・その他上記事項によって変わります。(画像はサンプルマットです。)<br>
商品名とその他の項目をご確認の上、ご購入ください。<br>
<br>
受注生産品のため、返品は不可ですので、ご了承くださいませ。</li>
<li class=""item"">ズレ止めの仕様など、純正品と異なる場合があります。<br>
※詳しくはご購入前に、「フロアマットに関する注意事項」をお読みくださいませ。</li>
</ul>
<ul class=""line_up"">
<li class=""line_up"">
<p class=""line_up_img""><img src=""http://image.rakuten.co.jp/worldmat/cabinet/r/wl_140.jpg"" alt=""アウディ A6（C5） 1997/9～2004/7 4BA、ABB カーマット"" width=""140"" height=""140"" border=""0""></p>
<p class=""line_up_txt"">アウディ A6（C5） フロアーマット 1997/9～2004/7 4BA、ABB【ワールドシリーズ】<br>リーズナブルだけど高品質！<br>高級感のあるウェーブ・ポップなモザイク・シンプルなナチュラルの3種</p>
</li>
<li class=""line_up"">
<p class=""line_up_img""><img src=""http://image.rakuten.co.jp/worldmat/cabinet/r/sp1_140.jpg"" alt=""アウディ A6（C5） 1997/9～2004/7 4BA、ABB カーマット"" width=""140"" height=""140"" border=""0""></p>
<p class=""line_up_txt"">アウディA6（C5） フロアーマット 1997/9～2004/7 4BA、ABB 【ワールドSP1シリーズ】<br>当店最上級シリーズ☆<br>9色から選べる♪<br>ボリュームたっぷりの生地で車内がリビングルームに</p>
</li>
</ul><br>
<div align=""center"">
<img src=""https://image.rakuten.co.jp/worldmat/cabinet/kikaku/w_20170514_616.jpg"" width=""619px"" height=""190px"" alt=""【72時間限定！！新生活応援キャンペーン】 全商品10%OFFクーポン！＆送料無料！！ 開催期間：5月14日（日）10:00～5月17日（水）AM9:59まで"" border=""0""><br>
<br>
<font size=""2"" color=""red"">当店は、ディーラーや自動車メーカーのマットを制作してきた<br>
老舗のフロアマットメーカーですが、楽天でのネット通販の歴史は浅いので、<br>
レビューの数が消して多くはありません。<br>
<br>
他店のレビューが多いマットと比べても、品質の良さとコストパフォーマンスには<br>
自信を持っておりますので、どうか、皆様の評価をいただいて、<br>
多くの方に、安心してご購入いただけるようご協力お願い申し上げます。<br>
<br>
レビューの書き方はコチラ</font></div>
<br>
<br>",☆消臭加工付☆ フロアマット アウディ A6（C5） 1997/9～2004/7 4BA、ABB 【ワールドF1シリーズ】（自動車 フロアーマット カーマット）：フロアマット通販店ワールドマット,☆消臭加工付☆ フロアマット アウディ A6（C5） 1997/9～2004/7 4BA、ABB 【ワールドF1シリーズ】（自動車 フロアーマット カーマット）,10%OFFクーポン☆5/17 9:59まで ★送料無料★ 。☆消臭加工付☆ フロアマット アウディ A6（C5） 1997/9～2004/7 4BA、ABB 【ワールドF1シリーズ】（自動車 フロアーマット カーマット）[rn]
12-36805,http://tshop.r10s.jp/worldmat/cabinet/worldmat/f1_mt_op.jpg?fitin=700:700,16400.0000,,車用品・バイク用品 > カー用品 > 内装パーツ > フロアマット > アウディ用,☆消臭加工付☆ フロアマット アウディ Q5 2009/6～ 8RC 【ワールドF1シリーズ】（自動車 フロアーマット カーマット）,,"<ul class=""description"">
<li class=""item_list"">カラー</li>
<li class=""item"">ワールドF1シリーズ　ブラック（黒色）/グレー（灰色）/ベージュ/アイボリー/ブルー（青色）/レッド（赤色）</li>
<li class=""item_list"">メーカー</li>
<li class=""item"">Audi（アウディ）</li>
<li class=""item_list"">車種</li>
<li class=""item"">Q5（キューファイブ）</li>
<li class=""item""><img src=""http://image.rakuten.co.jp/worldmat/cabinet/foreigncar/audi-q5_c.jpg"" alt=""アウディ Q5 2009/6～ 8RC"" width=""250"" height=""125"" border=""0""></li>
<li class=""item_list"">年式</li>
<li class=""item"">2009/6～</li>
<li class=""item_list"">型式</li>
<li class=""item"">8RC</li>
<li class=""item_list"">ハンドル位置</li>
<li class=""item"">右ハンドル</li>
<li class=""item_list"">マット点数</li>
<li class=""item"">4点</li>
<li class=""item_list"">ズレ止めの仕様</li>
<li class=""item"">純正に対応したストッパー<br>
<br>
（※出荷工場、左右ハンドル、購入されるマットの色柄等により変わる場合がございます。ご購入後の返品はお受けできませんので、ズレ止めの仕様にこだわりをお持ちの方は、ご購入前にお問い合わせ下さい。）</li>
<li class=""item_list"">納期</li>
<li class=""item"">3～8日以内に発送します</li>
<li class=""item_list"">ご注意事項</li>
<li class=""item_red"">フロアマットの形状は、車種以外にも、年式・型式・その他上記事項によって変わります。(画像はサンプルマットです。)<br>
商品名とその他の項目をご確認の上、ご購入ください。<br>
<br>
受注生産品のため、返品は不可ですので、ご了承くださいませ。</li>
<li class=""item"">ズレ止めの仕様など、純正品と異なる場合があります。<br>
※詳しくはご購入前に、「フロアマットに関する注意事項」をお読みくださいませ。</li>
</ul>
<ul class=""line_up"">
<li class=""line_up"">
<p class=""line_up_img""><img src=""http://image.rakuten.co.jp/worldmat/cabinet/r/wl_140.jpg"" alt=""アウディ Q5 2009/6～ 8RC カーマット"" width=""140"" height=""140"" border=""0""></p>
<p class=""line_up_txt"">アウディ Q5 フロアーマット 2009/6～ 8RC【ワールドシリーズ】<br>リーズナブルだけど高品質！<br>高級感のあるウェーブ・ポップなモザイク・シンプルなナチュラルの3種</p>
</li>
<li class=""line_up"">
<p class=""line_up_img""><img src=""http://image.rakuten.co.jp/worldmat/cabinet/r/sp1_140.jpg"" alt=""アウディ Q5 2009/6～ 8RC カーマット"" width=""140"" height=""140"" border=""0""></p>
<p class=""line_up_txt"">アウディQ5 フロアーマット 2009/6～ 8RC 【ワールドSP1シリーズ】<br>当店最上級シリーズ☆<br>9色から選べる♪<br>ボリュームたっぷりの生地で車内がリビングルームに</p>
</li>
</ul><br>
<div align=""center"">
<img src=""https://image.rakuten.co.jp/worldmat/cabinet/kikaku/w_20170514_616.jpg"" width=""619px"" height=""190px"" alt=""【72時間限定！！新生活応援キャンペーン】 全商品10%OFFクーポン！＆送料無料！！ 開催期間：5月14日（日）10:00～5月17日（水）AM9:59まで"" border=""0""><br>
<br>
<font size=""2"" color=""red"">当店は、ディーラーや自動車メーカーのマットを制作してきた<br>
老舗のフロアマットメーカーですが、楽天でのネット通販の歴史は浅いので、<br>
レビューの数が消して多くはありません。<br>
<br>
他店のレビューが多いマットと比べても、品質の良さとコストパフォーマンスには<br>
自信を持っておりますので、どうか、皆様の評価をいただいて、<br>
多くの方に、安心してご購入いただけるようご協力お願い申し上げます。<br>
<br>
レビューの書き方はコチラ</font></div>
<br>
<br>",☆消臭加工付☆ フロアマット アウディ Q5 2009/6～ 8RC 【ワールドF1シリーズ】（自動車 フロアーマット カーマット）：フロアマット通販店ワールドマット,☆消臭加工付☆ フロアマット アウディ Q5 2009/6～ 8RC 【ワールドF1シリーズ】（自動車 フロアーマット カーマット）,10%OFFクーポン☆5/17 9:59まで ★送料無料★ 。☆消臭加工付☆ フロアマット アウディ Q5 2009/6～ 8RC 【ワールドF1シリーズ】（自動車 フロアーマット カーマット）[rn]
12-36806,http://tshop.r10s.jp/worldmat/cabinet/worldmat/f1_mt_op.jpg?fitin=700:700,16400.0000,,車用品・バイク用品 > カー用品 > 内装パーツ > フロアマット > アウディ用,☆消臭加工付☆ フロアマット アウディ A6（C6） 2004/7～2011/8 4FB 【ワールドF1シリーズ】（自動車 フロアーマット カーマット）,,"<ul class=""description"">
<li class=""item_list"">カラー</li>
<li class=""item"">ワールドF1シリーズ　ブラック（黒色）/グレー（灰色）/ベージュ/アイボリー/ブルー（青色）/レッド（赤色）</li>
<li class=""item_list"">メーカー</li>
<li class=""item"">Audi（アウディ）</li>
<li class=""item_list"">車種</li>
<li class=""item"">A6（C6）（エーロク）</li>
<li class=""item""><img src=""http://image.rakuten.co.jp/worldmat/cabinet/foreigncar/audi-a6-c6_c.jpg"" alt=""アウディ A6（C6） 2004/7～2011/8 4FB"" width=""250"" height=""125"" border=""0""></li>
<li class=""item_list"">年式</li>
<li class=""item"">2004/7～2011/8</li>
<li class=""item_list"">型式</li>
<li class=""item"">4FB</li>
<li class=""item_list"">ハンドル位置</li>
<li class=""item"">左右ハンドル</li>
<li class=""item_list"">マット点数</li>
<li class=""item"">4点</li>
<li class=""item_list"">ズレ止めの仕様</li>
<li class=""item"">純正に対応したストッパー<br>
<br>
（※出荷工場、左右ハンドル、購入されるマットの色柄等により変わる場合がございます。ご購入後の返品はお受けできませんので、ズレ止めの仕様にこだわりをお持ちの方は、ご購入前にお問い合わせ下さい。）</li>
<li class=""item_list"">納期</li>
<li class=""item"">3～8日以内に発送します</li>
<li class=""item_list"">ご注意事項</li>
<li class=""item_red"">フロアマットの形状は、車種以外にも、年式・型式・その他上記事項によって変わります。(画像はサンプルマットです。)<br>
商品名とその他の項目をご確認の上、ご購入ください。<br>
<br>
受注生産品のため、返品は不可ですので、ご了承くださいませ。</li>
<li class=""item"">ズレ止めの仕様など、純正品と異なる場合があります。<br>
※詳しくはご購入前に、「フロアマットに関する注意事項」をお読みくださいませ。</li>
</ul>
<ul class=""line_up"">
<li class=""line_up"">
<p class=""line_up_img""><img src=""http://image.rakuten.co.jp/worldmat/cabinet/r/wl_140.jpg"" alt=""アウディ A6（C6） 2004/7～2011/8 4FB カーマット"" width=""140"" height=""140"" border=""0""></p>
<p class=""line_up_txt"">アウディ A6（C6） フロアーマット 2004/7～2011/8 4FB【ワールドシリーズ】<br>リーズナブルだけど高品質！<br>高級感のあるウェーブ・ポップなモザイク・シンプルなナチュラルの3種</p>
</li>
<li class=""line_up"">
<p class=""line_up_img""><img src=""http://image.rakuten.co.jp/worldmat/cabinet/r/sp1_140.jpg"" alt=""アウディ A6（C6） 2004/7～2011/8 4FB カーマット"" width=""140"" height=""140"" border=""0""></p>
<p class=""line_up_txt"">アウディA6（C6） フロアーマット 2004/7～2011/8 4FB 【ワールドSP1シリーズ】<br>当店最上級シリーズ☆<br>9色から選べる♪<br>ボリュームたっぷりの生地で車内がリビングルームに</p>
</li>
</ul><br>
<div align=""center"">
<img src=""https://image.rakuten.co.jp/worldmat/cabinet/kikaku/w_20170514_616.jpg"" width=""619px"" height=""190px"" alt=""【72時間限定！！新生活応援キャンペーン】 全商品10%OFFクーポン！＆送料無料！！ 開催期間：5月14日（日）10:00～5月17日（水）AM9:59まで"" border=""0""><br>
<br>
<font size=""2"" color=""red"">当店は、ディーラーや自動車メーカーのマットを制作してきた<br>
老舗のフロアマットメーカーですが、楽天でのネット通販の歴史は浅いので、<br>
レビューの数が消して多くはありません。<br>
<br>
他店のレビューが多いマットと比べても、品質の良さとコストパフォーマンスには<br>
自信を持っておりますので、どうか、皆様の評価をいただいて、<br>
多くの方に、安心してご購入いただけるようご協力お願い申し上げます。<br>
<br>
レビューの書き方はコチラ</font></div>
<br>
<br>",☆消臭加工付☆ フロアマット アウディ A6（C6） 2004/7～2011/8 4FB 【ワールドF1シリーズ】（自動車 フロアーマット カーマット）：フロアマット通販店ワールドマット,☆消臭加工付☆ フロアマット アウディ A6（C6） 2004/7～2011/8 4FB 【ワールドF1シリーズ】（自動車 フロアーマット カーマット）,10%OFFクーポン☆5/17 9:59まで ★送料無料★ 。☆消臭加工付☆ フロアマット アウディ A6（C6） 2004/7～2011/8 4FB 【ワールドF1シリーズ】（自動車 フロアーマット カーマット）[rn]
12-36807,http://tshop.r10s.jp/worldmat/cabinet/worldmat/f1_mt_op.jpg?fitin=700:700,16400.0000,,車用品・バイク用品 > カー用品 > 内装パーツ > フロアマット > アウディ用,☆消臭加工付☆ フロアマット アウディ A4（B5） 1995/10～2001/5 8DA 【ワールドF1シリーズ】（自動車 フロアーマット カーマット）,,"<ul class=""description"">
<li class=""item_list"">カラー</li>
<li class=""item"">ワールドF1シリーズ　ブラック（黒色）/グレー（灰色）/ベージュ/アイボリー/ブルー（青色）/レッド（赤色）</li>
<li class=""item_list"">メーカー</li>
<li class=""item"">Audi（アウディ）</li>
<li class=""item_list"">車種</li>
<li class=""item"">A4（B5）（エーヨン）</li>
<li class=""item""><img src=""http://image.rakuten.co.jp/worldmat/cabinet/foreigncar/audi-a4-b5_c.jpg"" alt=""アウディ A4（B5） 1995/10～2001/5 8DA"" width=""250"" height=""125"" border=""0""></li>
<li class=""item_list"">年式</li>
<li class=""item"">1995/10～2001/5</li>
<li class=""item_list"">型式</li>
<li class=""item"">8DA</li>
<li class=""item_list"">ハンドル位置</li>
<li class=""item"">右ハンドル</li>
<li class=""item_list"">マット点数</li>
<li class=""item"">4点</li>
<li class=""item_list"">ズレ止めの仕様</li>
<li class=""item"">純正に対応したストッパー<br>
<br>
（※出荷工場、左右ハンドル、購入されるマットの色柄等により変わる場合がございます。ご購入後の返品はお受けできませんので、ズレ止めの仕様にこだわりをお持ちの方は、ご購入前にお問い合わせ下さい。）</li>
<li class=""item_list"">納期</li>
<li class=""item"">3～8日以内に発送します</li>
<li class=""item_list"">ご注意事項</li>
<li class=""item_red"">フロアマットの形状は、車種以外にも、年式・型式・その他上記事項によって変わります。(画像はサンプルマットです。)<br>
商品名とその他の項目をご確認の上、ご購入ください。<br>
<br>
受注生産品のため、返品は不可ですので、ご了承くださいませ。</li>
<li class=""item"">ズレ止めの仕様など、純正品と異なる場合があります。<br>
※詳しくはご購入前に、「フロアマットに関する注意事項」をお読みくださいませ。</li>
</ul>
<ul class=""line_up"">
<li class=""line_up"">
<p class=""line_up_img""><img src=""http://image.rakuten.co.jp/worldmat/cabinet/r/wl_140.jpg"" alt=""アウディ A4（B5） 1995/10～2001/5 8DA カーマット"" width=""140"" height=""140"" border=""0""></p>
<p class=""line_up_txt"">アウディ A4（B5） フロアーマット 1995/10～2001/5 8DA【ワールドシリーズ】<br>リーズナブルだけど高品質！<br>高級感のあるウェーブ・ポップなモザイク・シンプルなナチュラルの3種</p>
</li>
<li class=""line_up"">
<p class=""line_up_img""><img src=""http://image.rakuten.co.jp/worldmat/cabinet/r/sp1_140.jpg"" alt=""アウディ A4（B5） 1995/10～2001/5 8DA カーマット"" width=""140"" height=""140"" border=""0""></p>
<p class=""line_up_txt"">アウディA4（B5） フロアーマット 1995/10～2001/5 8DA 【ワールドSP1シリーズ】<br>当店最上級シリーズ☆<br>9色から選べる♪<br>ボリュームたっぷりの生地で車内がリビングルームに</p>
</li>
</ul><br>
<div align=""center"">
<img src=""https://image.rakuten.co.jp/worldmat/cabinet/kikaku/w_20170514_616.jpg"" width=""619px"" height=""190px"" alt=""【72時間限定！！新生活応援キャンペーン】 全商品10%OFFクーポン！＆送料無料！！ 開催期間：5月14日（日）10:00～5月17日（水）AM9:59まで"" border=""0""><br>
<br>
<font size=""2"" color=""red"">当店は、ディーラーや自動車メーカーのマットを制作してきた<br>
老舗のフロアマットメーカーですが、楽天でのネット通販の歴史は浅いので、<br>
レビューの数が消して多くはありません。<br>
<br>
他店のレビューが多いマットと比べても、品質の良さとコストパフォーマンスには<br>
自信を持っておりますので、どうか、皆様の評価をいただいて、<br>
多くの方に、安心してご購入いただけるようご協力お願い申し上げます。<br>
<br>
レビューの書き方はコチラ</font></div>
<br>
<br>",☆消臭加工付☆ フロアマット アウディ A4（B5） 1995/10～2001/5 8DA 【ワールドF1シリーズ】（自動車 フロアーマット カーマット）：フロアマット通販店ワールドマット,☆消臭加工付☆ フロアマット アウディ A4（B5） 1995/10～2001/5 8DA 【ワールドF1シリーズ】（自動車 フロアーマット カーマット）,10%OFFクーポン☆5/17 9:59まで ★送料無料★ 。☆消臭加工付☆ フロアマット アウディ A4（B5） 1995/10～2001/5 8DA 【ワールドF1シリーズ】（自動車 フロアーマット カーマット）[rn]
12-36808,http://tshop.r10s.jp/worldmat/cabinet/zero/pr_mt_op.jpg?fitin=700:700,17200.0000,,車用品・バイク用品 > カー用品 > 内装パーツ > フロアマット > アウディ用,☆消臭加工付☆ ZERO（ゼロ）フロアマット アウディ A3（A5） 2003/9～2013/9 8PA、8PB 【ZEORO2000・プレミアム】（自動車 フロアーマット カーマット）,,"<ul class=""description"">
<li class=""item_list"">カラー</li>
<li class=""item"">【ZERO2000シリーズ】 ブラック（黒色）/グレー（灰色）/アイボリー<br>【プレミアムスタンダードシリーズ】 ブラック（黒色）/グレー（灰色）/ベージュ</li>
<li class=""item_list"">メーカー</li>
<li class=""item"">Audi（アウディ）</li>
<li class=""item_list"">車種</li>
<li class=""item"">A3（A5）（エーサン）</li>
<li class=""item""><img src=""http://image.rakuten.co.jp/worldmat/cabinet/foreigncar/audi-a3-a5_c.jpg"" alt=""アウディ A3（A5） 2003/9～2013/9 8PA、8PB"" width=""250"" height=""125"" border=""0""></li>
<li class=""item_list"">年式</li>
<li class=""item"">2003/9～2013/9</li>
<li class=""item_list"">型式</li>
<li class=""item"">8PA、8PB</li>
<li class=""item_list"">ハンドル位置</li>
<li class=""item"">右ハンドル</li>
<li class=""item_list"">マット点数</li>
<li class=""item"">4点</li>
<li class=""item_list"">ズレ止めの仕様</li>
<li class=""item"">純正に対応したストッパー<br>
<br>
（※出荷工場、左右ハンドル、購入されるマットの色柄等により変わる場合がございます。ご購入後の返品はお受けできませんので、ズレ止めの仕様にこだわりをお持ちの方は、ご購入前にお問い合わせ下さい。）</li>
<li class=""item_list"">納期</li>
<li class=""item"">3～8日以内に発送します</li>
<li class=""item_list"">ご注意事項</li>
<li class=""item_red"">フロアマットの形状は、車種以外にも、年式・型式・その他上記事項によって変わります。(画像はサンプルマットです。)<br>
商品名とその他の項目をご確認の上、ご購入ください。<br>
<br>
受注生産品のため、返品は不可ですので、ご了承くださいませ。</li>
<li class=""item"">ズレ止めの仕様など、純正品と異なる場合があります。<br>
※詳しくはご購入前に、「フロアマットに関する注意事項」をお読みくださいませ。</li>
</ul>
<ul class=""line_up"">
<li class=""line_up"">
<p class=""line_up_img""><img src=""http://image.rakuten.co.jp/worldmat/cabinet/r/f1_140.jpg"" alt=""アウディ A3（A5） 2003/9～2013/9 8PA、8PB カーマット"" width=""140"" height=""140"" border=""0""></p>
<p class=""line_up_txt"">アウディ A3（A5） フロアーマット 2003/9～2013/9 8PA、8PB 【ワールドF1シリーズ】<br>マットの厚み約17mm！（毛足の長さはふかふかの13mm！）<br>裏面は高級仕様のフエルトバッキング</p>
</li>
<li class=""line_up"">
<p class=""line_up_img""><img src=""http://image.rakuten.co.jp/worldmat/cabinet/r/sp1_140.jpg"" alt=""アウディ A3（A5） 2003/9～2013/9 8PA、8PB カーマット"" width=""140"" height=""140"" border=""0""></p>
<p class=""line_up_txt"">アウディA3（A5） フロアーマット 2003/9～2013/9 8PA、8PB 【ワールドSP1シリーズ】<br>当店最上級シリーズ☆<br>9色から選べる♪<br>ボリュームたっぷりの生地で車内がリビングルームに</p>
</li>
</ul><br>
<div align=""center"">
<img src=""https://image.rakuten.co.jp/worldmat/cabinet/kikaku/w_20170514_616.jpg"" width=""619px"" height=""190px"" alt=""【72時間限定！！新生活応援キャンペーン】 全商品10%OFFクーポン！＆送料無料！！ 開催期間：5月14日（日）10:00～5月17日（水）AM9:59まで"" border=""0""><br>
<br>
<font size=""2"" color=""red"">当店は、ディーラーや自動車メーカーのマットを制作してきた<br>
老舗のフロアマットメーカーですが、楽天でのネット通販の歴史は浅いので、<br>
レビューの数が消して多くはありません。<br>
<br>
他店のレビューが多いマットと比べても、品質の良さとコストパフォーマンスには<br>
自信を持っておりますので、どうか、皆様の評価をいただいて、<br>
多くの方に、安心してご購入いただけるようご協力お願い申し上げます。<br>
<br>
レビューの書き方はコチラ</font></div>
<br>
<br>",☆消臭加工付☆ ZERO（ゼロ）フロアマット アウディ A3（A5） 2003/9～2013/9 8PA、8PB 【ZEORO2000・プレミアム】（自動車 フロアーマット カーマット）：フロアマット通販店ワールドマット,☆消臭加工付☆ ZERO（ゼロ）フロアマット アウディ A3（A5） 2003/9～2013/9 8PA、8PB 【ZEORO2000・プレミアム】（自動車 フロアーマット カーマット）,10%OFFクーポン☆5/17 9:59まで ★送料無料★ 。☆消臭加工付☆ ZERO（ゼロ）フロアマット アウディ A3（A5） 2003/9～2013/9 8PA、8PB 【ZEORO2000・プレミアム】（自動車 フロアーマット カーマット）[rn]
12-36809,http://tshop.r10s.jp/worldmat/cabinet/worldmat/ch_mt_op.jpg?fitin=700:700,14800.0000,,車用品・バイク用品 > カー用品 > 内装パーツ > フロアマット > アウディ用,☆消臭加工付☆ ZERO（ゼロ）フロアマット アウディ A3（A5） 2003/9～2013/9 8PA、8PB 【チェックシリーズ】（自動車 フロアーマット カーマット）,,"<ul class=""description"">
<li class=""item_list"">カラー</li>
<li class=""item"">【ZEROチェックシリーズ】 オレンジ/ブラック・グリーン/ブラック・ピンク/ブラック・レッド/ホワイト・レッド/ブラック・ブラウン/ブラック・ブルー/ブラック・グレー/ブラック・ホワイト/ブラック・イエロー/ブラック</li>
<li class=""item_list"">メーカー</li>
<li class=""item"">Audi（アウディ）</li>
<li class=""item_list"">車種</li>
<li class=""item"">A3（A5）（エーサン）</li>
<li class=""item""><img src=""http://image.rakuten.co.jp/worldmat/cabinet/foreigncar/audi-a3-a5_c.jpg"" alt=""アウディ A3（A5） 2003/9～2013/9 8PA、8PB"" width=""250"" height=""125"" border=""0""></li>
<li class=""item_list"">年式</li>
<li class=""item"">2003/9～2013/9</li>
<li class=""item_list"">型式</li>
<li class=""item"">8PA、8PB</li>
<li class=""item_list"">ハンドル位置</li>
<li class=""item"">右ハンドル</li>
<li class=""item_list"">マット点数</li>
<li class=""item"">4点</li>
<li class=""item_list"">ズレ止めの仕様</li>
<li class=""item"">純正に対応したストッパー<br>
<br>
（※出荷工場、左右ハンドル、購入されるマットの色柄等により変わる場合がございます。ご購入後の返品はお受けできませんので、ズレ止めの仕様にこだわりをお持ちの方は、ご購入前にお問い合わせ下さい。）</li>
<li class=""item_list"">納期</li>
<li class=""item"">3～8日以内に発送します</li>
<li class=""item_list"">ご注意事項</li>
<li class=""item_red"">フロアマットの形状は、車種以外にも、年式・型式・その他上記事項によって変わります。(画像はサンプルマットです。)<br>
商品名とその他の項目をご確認の上、ご購入ください。<br>
<br>
受注生産品のため、返品は不可ですので、ご了承くださいませ。</li>
<li class=""item"">ズレ止めの仕様など、純正品と異なる場合があります。<br>
※詳しくはご購入前に、「フロアマットに関する注意事項」をお読みくださいませ。</li>
</ul>
<ul class=""line_up"">
<li class=""line_up"">
<p class=""line_up_img""><img src=""http://image.rakuten.co.jp/worldmat/cabinet/r/f1_140.jpg"" alt=""アウディ A3（A5） 2003/9～2013/9 8PA、8PB カーマット"" width=""140"" height=""140"" border=""0""></p>
<p class=""line_up_txt"">アウディ A3（A5） フロアーマット 2003/9～2013/9 8PA、8PB 【ワールドF1シリーズ】<br>マットの厚み約17mm！（毛足の長さはふかふかの13mm！）<br>裏面は高級仕様のフエルトバッキング</p>
</li>
<li class=""line_up"">
<p class=""line_up_img""><img src=""http://image.rakuten.co.jp/worldmat/cabinet/r/sp1_140.jpg"" alt=""アウディ A3（A5） 2003/9～2013/9 8PA、8PB カーマット"" width=""140"" height=""140"" border=""0""></p>
<p class=""line_up_txt"">アウディA3（A5） フロアーマット 2003/9～2013/9 8PA、8PB 【ワールドSP1シリーズ】<br>当店最上級シリーズ☆<br>9色から選べる♪<br>ボリュームたっぷりの生地で車内がリビングルームに</p>
</li>
</ul><br>
<div align=""center"">
<img src=""https://image.rakuten.co.jp/worldmat/cabinet/kikaku/w_20170514_616.jpg"" width=""619px"" height=""190px"" alt=""【72時間限定！！新生活応援キャンペーン】 全商品10%OFFクーポン！＆送料無料！！ 開催期間：5月14日（日）10:00～5月17日（水）AM9:59まで"" border=""0""><br>
<br>
<font size=""2"" color=""red"">当店は、ディーラーや自動車メーカーのマットを制作してきた<br>
老舗のフロアマットメーカーですが、楽天でのネット通販の歴史は浅いので、<br>
レビューの数が消して多くはありません。<br>
<br>
他店のレビューが多いマットと比べても、品質の良さとコストパフォーマンスには<br>
自信を持っておりますので、どうか、皆様の評価をいただいて、<br>
多くの方に、安心してご購入いただけるようご協力お願い申し上げます。<br>
<br>
レビューの書き方はコチラ</font></div>
<br>
<br>",☆消臭加工付☆ ZERO（ゼロ）フロアマット アウディ A3（A5） 2003/9～2013/9 8PA、8PB 【チェックシリーズ】（自動車 フロアーマット カーマット）：フロアマット通販店ワールドマット,☆消臭加工付☆ ZERO（ゼロ）フロアマット アウディ A3（A5） 2003/9～2013/9 8PA、8PB 【チェックシリーズ】（自動車 フロアーマット カーマット）,10%OFFクーポン☆5/17 9:59まで ★送料無料★ 。☆消臭加工付☆ ZERO（ゼロ）フロアマット アウディ A3（A5） 2003/9～2013/9 8PA、8PB 【チェックシリーズ】（自動車 フロアーマット カーマット）[rn]
12-36810,http://tshop.r10s.jp/worldmat/cabinet/worldmat/ch_mt_op.jpg?fitin=700:700,16400.0000,,車用品・バイク用品 > カー用品 > 内装パーツ > フロアマット > アウディ用,☆消臭加工付☆ ZERO（ゼロ）フロアマット アウディ S6（C7） 2012/8～ 4GCEUA 【チェックシリーズ】（自動車 フロアーマット カーマット）,,"<ul class=""description"">
<li class=""item_list"">カラー</li>
<li class=""item"">【ZEROチェックシリーズ】 オレンジ/ブラック・グリーン/ブラック・ピンク/ブラック・レッド/ホワイト・レッド/ブラック・ブラウン/ブラック・ブルー/ブラック・グレー/ブラック・ホワイト/ブラック・イエロー/ブラック</li>
<li class=""item_list"">メーカー</li>
<li class=""item"">Audi（アウディ）</li>
<li class=""item_list"">車種</li>
<li class=""item"">S6（C7）（エスロク）</li>
<li class=""item""><img src=""http://image.rakuten.co.jp/worldmat/cabinet/foreigncar/audi-s6-c7_c.jpg"" alt=""アウディ S6（C7） 2012/8～ 4GCEUA"" width=""250"" height=""125"" border=""0""></li>
<li class=""item_list"">年式</li>
<li class=""item"">2012/8～</li>
<li class=""item_list"">型式</li>
<li class=""item"">4GCEUA</li>
<li class=""item_list"">ハンドル位置</li>
<li class=""item"">左右ハンドル</li>
<li class=""item_list"">マット点数</li>
<li class=""item"">5点（フロント2枚、リア3枚）</li>
<li class=""item_list"">ズレ止めの仕様</li>
<li class=""item"">純正に対応したストッパー<br>
<br>
（※出荷工場、左右ハンドル、購入されるマットの色柄等により変わる場合がございます。ご購入後の返品はお受けできませんので、ズレ止めの仕様にこだわりをお持ちの方は、ご購入前にお問い合わせ下さい。）</li>
<li class=""item_list"">納期</li>
<li class=""item"">3～8日以内に発送します</li>
<li class=""item_list"">ご注意事項</li>
<li class=""item_red"">フロアマットの形状は、車種以外にも、年式・型式・その他上記事項によって変わります。(画像はサンプルマットです。)<br>
商品名とその他の項目をご確認の上、ご購入ください。<br>
<br>
受注生産品のため、返品は不可ですので、ご了承くださいませ。</li>
<li class=""item"">ズレ止めの仕様など、純正品と異なる場合があります。<br>
※詳しくはご購入前に、「フロアマットに関する注意事項」をお読みくださいませ。</li>
</ul>
<ul class=""line_up"">
<li class=""line_up"">
<p class=""line_up_img""><img src=""http://image.rakuten.co.jp/worldmat/cabinet/r/f1_140.jpg"" alt=""アウディ S6（C7） 2012/8～ 4GCEUA カーマット"" width=""140"" height=""140"" border=""0""></p>
<p class=""line_up_txt"">アウディ S6（C7） フロアーマット 2012/8～ 4GCEUA 【ワールドF1シリーズ】<br>マットの厚み約17mm！（毛足の長さはふかふかの13mm！）<br>裏面は高級仕様のフエルトバッキング</p>
</li>
<li class=""line_up"">
<p class=""line_up_img""><img src=""http://image.rakuten.co.jp/worldmat/cabinet/r/sp1_140.jpg"" alt=""アウディ S6（C7） 2012/8～ 4GCEUA カーマット"" width=""140"" height=""140"" border=""0""></p>
<p class=""line_up_txt"">アウディS6（C7） フロアーマット 2012/8～ 4GCEUA 【ワールドSP1シリーズ】<br>当店最上級シリーズ☆<br>9色から選べる♪<br>ボリュームたっぷりの生地で車内がリビングルームに</p>
</li>
</ul><br>
<div align=""center"">
<img src=""https://image.rakuten.co.jp/worldmat/cabinet/kikaku/w_20170514_616.jpg"" width=""619px"" height=""190px"" alt=""【72時間限定！！新生活応援キャンペーン】 全商品10%OFFクーポン！＆送料無料！！ 開催期間：5月14日（日）10:00～5月17日（水）AM9:59まで"" border=""0""><br>
<br>
<font size=""2"" color=""red"">当店は、ディーラーや自動車メーカーのマットを制作してきた<br>
老舗のフロアマットメーカーですが、楽天でのネット通販の歴史は浅いので、<br>
レビューの数が消して多くはありません。<br>
<br>
他店のレビューが多いマットと比べても、品質の良さとコストパフォーマンスには<br>
自信を持っておりますので、どうか、皆様の評価をいただいて、<br>
多くの方に、安心してご購入いただけるようご協力お願い申し上げます。<br>
<br>
レビューの書き方はコチラ</font></div>
<br>
<br>",☆消臭加工付☆ ZERO（ゼロ）フロアマット アウディ S6（C7） 2012/8～ 4GCEUA 【チェックシリーズ】（自動車 フロアーマット カーマット）：フロアマット通販店ワールドマット,☆消臭加工付☆ ZERO（ゼロ）フロアマット アウディ S6（C7） 2012/8～ 4GCEUA 【チェックシリーズ】（自動車 フロアーマット カーマット）,10%OFFクーポン☆5/17 9:59まで ★送料無料★ 。☆消臭加工付☆ ZERO（ゼロ）フロアマット アウディ S6（C7） 2012/8～ 4GCEUA 【チェックシリーズ】（自動車 フロアーマット カーマット）[rn]
12-36811,http://tshop.r10s.jp/worldmat/cabinet/worldmat/ch_mt_op.jpg?fitin=700:700,16400.0000,,車用品・バイク用品 > カー用品 > 内装パーツ > フロアマット > アウディ用,☆消臭加工付☆ ZERO（ゼロ）フロアマット アウディ A4（B6/B7） 2001/5～2008/3 8EA、8EB 【チェックシリーズ】（自動車 フロアーマット カーマット）,,"<ul class=""description"">
<li class=""item_list"">カラー</li>
<li class=""item"">【ZEROチェックシリーズ】 オレンジ/ブラック・グリーン/ブラック・ピンク/ブラック・レッド/ホワイト・レッド/ブラック・ブラウン/ブラック・ブルー/ブラック・グレー/ブラック・ホワイト/ブラック・イエロー/ブラック</li>
<li class=""item_list"">メーカー</li>
<li class=""item"">Audi（アウディ）</li>
<li class=""item_list"">車種</li>
<li class=""item"">A4（B6/B7）（エーヨン）</li>
<li class=""item""><img src=""http://image.rakuten.co.jp/worldmat/cabinet/foreigncar/audi-a4-b6b7_c.jpg"" alt=""アウディ A4（B6/B7） 2001/5～2008/3 8EA、8EB"" width=""250"" height=""125"" border=""0""></li>
<li class=""item_list"">年式</li>
<li class=""item"">2001/5～2008/3</li>
<li class=""item_list"">型式</li>
<li class=""item"">8EA、8EB</li>
<li class=""item_list"">ハンドル位置</li>
<li class=""item"">左右ハンドル</li>
<li class=""item_list"">マット点数</li>
<li class=""item"">4点</li>
<li class=""item_list"">ズレ止めの仕様</li>
<li class=""item"">純正に対応したストッパー<br>
<br>
（※出荷工場、左右ハンドル、購入されるマットの色柄等により変わる場合がございます。ご購入後の返品はお受けできませんので、ズレ止めの仕様にこだわりをお持ちの方は、ご購入前にお問い合わせ下さい。）</li>
<li class=""item_list"">納期</li>
<li class=""item"">3～8日以内に発送します</li>
<li class=""item_list"">ご注意事項</li>
<li class=""item_red"">フロアマットの形状は、車種以外にも、年式・型式・その他上記事項によって変わります。(画像はサンプルマットです。)<br>
商品名とその他の項目をご確認の上、ご購入ください。<br>
<br>
受注生産品のため、返品は不可ですので、ご了承くださいませ。</li>
<li class=""item"">ズレ止めの仕様など、純正品と異なる場合があります。<br>
※詳しくはご購入前に、「フロアマットに関する注意事項」をお読みくださいませ。</li>
</ul>
<ul class=""line_up"">
<li class=""line_up"">
<p class=""line_up_img""><img src=""http://image.rakuten.co.jp/worldmat/cabinet/r/f1_140.jpg"" alt=""アウディ A4（B6/B7） 2001/5～2008/3 8EA、8EB カーマット"" width=""140"" height=""140"" border=""0""></p>
<p class=""line_up_txt"">アウディ A4（B6/B7） フロアーマット 2001/5～2008/3 8EA、8EB 【ワールドF1シリーズ】<br>マットの厚み約17mm！（毛足の長さはふかふかの13mm！）<br>裏面は高級仕様のフエルトバッキング</p>
</li>
<li class=""line_up"">
<p class=""line_up_img""><img src=""http://image.rakuten.co.jp/worldmat/cabinet/r/sp1_140.jpg"" alt=""アウディ A4（B6/B7） 2001/5～2008/3 8EA、8EB カーマット"" width=""140"" height=""140"" border=""0""></p>
<p class=""line_up_txt"">アウディA4（B6/B7） フロアーマット 2001/5～2008/3 8EA、8EB 【ワールドSP1シリーズ】<br>当店最上級シリーズ☆<br>9色から選べる♪<br>ボリュームたっぷりの生地で車内がリビングルームに</p>
</li>
</ul><br>
<div align=""center"">
<img src=""https://image.rakuten.co.jp/worldmat/cabinet/kikaku/w_20170514_616.jpg"" width=""619px"" height=""190px"" alt=""【72時間限定！！新生活応援キャンペーン】 全商品10%OFFクーポン！＆送料無料！！ 開催期間：5月14日（日）10:00～5月17日（水）AM9:59まで"" border=""0""><br>
<br>
<font size=""2"" color=""red"">当店は、ディーラーや自動車メーカーのマットを制作してきた<br>
老舗のフロアマットメーカーですが、楽天でのネット通販の歴史は浅いので、<br>
レビューの数が消して多くはありません。<br>
<br>
他店のレビューが多いマットと比べても、品質の良さとコストパフォーマンスには<br>
自信を持っておりますので、どうか、皆様の評価をいただいて、<br>
多くの方に、安心してご購入いただけるようご協力お願い申し上げます。<br>
<br>
レビューの書き方はコチラ</font></div>
<br>
<br>",☆消臭加工付☆ ZERO（ゼロ）フロアマット アウディ A4（B6/B7） 2001/5～2008/3 8EA、8EB 【チェックシリーズ】（自動車 フロアーマット カーマット）：フロアマット通販店ワールドマット,☆消臭加工付☆ ZERO（ゼロ）フロアマット アウディ A4（B6/B7） 2001/5～2008/3 8EA、8EB 【チェックシリーズ】（自動車 フロアーマット カーマット）,10%OFFクーポン☆5/17 9:59まで ★送料無料★ 。☆消臭加工付☆ ZERO（ゼロ）フロアマット アウディ A4（B6/B7） 2001/5～2008/3 8EA、8EB 【チェックシリーズ】（自動車 フロアーマット カーマット）[rn]
12-36812,http://tshop.r10s.jp/worldmat/cabinet/zero/ru.jpg?fitin=700:700,16000.0000,,車用品・バイク用品 > カー用品 > 内装パーツ > フロアマット > アウディ用,ZERO（ゼロ）フロアマット アウディ A5 スポーツバック 2010/1～ 8TCDNL 【ラバーマット】（自動車 フロアーマット カーマット）,,"<ul class=""description"">
<li class=""item_list"">カラー</li>
<li class=""item"">【ZEROラバーマット】 1色（黒色）</li>
<li class=""item_list"">メーカー</li>
<li class=""item"">Audi（アウディ）</li>
<li class=""item_list"">車種</li>
<li class=""item"">A5 スポーツバック（エーゴ）</li>
<li class=""item""><img src=""http://image.rakuten.co.jp/worldmat/cabinet/foreigncar/audi-a5-sportback_c.jpg"" alt=""アウディ A5 スポーツバック 2010/1～ 8TCDNL"" width=""250"" height=""125"" border=""0""></li>
<li class=""item_list"">年式</li>
<li class=""item"">2010/1～</li>
<li class=""item_list"">型式</li>
<li class=""item"">8TCDNL</li>
<li class=""item_list"">ハンドル位置</li>
<li class=""item"">右ハンドル</li>
<li class=""item_list"">マット点数</li>
<li class=""item"">5点</li>
<li class=""item_list"">ズレ止めの仕様</li>
<li class=""item"">純正に対応したストッパー<br>
<br>
（※出荷工場、左右ハンドル、購入されるマットの色柄等により変わる場合がございます。ご購入後の返品はお受けできませんので、ズレ止めの仕様にこだわりをお持ちの方は、ご購入前にお問い合わせ下さい。）</li>
<li class=""item_list"">納期</li>
<li class=""item"">3～8日以内に発送します</li>
<li class=""item_list"">ご注意事項</li>
<li class=""item_blue"">※ヒールパッド ： ラバーマットには取り付けできません。　<br>
※有料オプション ： 脱臭・消臭・抗菌加工は出来ません。ロック糸カラー変更は対応可能です。</li>
<li class=""item_red"">フロアマットの形状は、車種以外にも、年式・型式・その他上記事項によって変わります。(画像はサンプルマットです。)<br>
商品名とその他の項目をご確認の上、ご購入ください。<br>
<br>
受注生産品のため、返品は不可ですので、ご了承くださいませ。</li>
<li class=""item"">ズレ止めの仕様など、純正品と異なる場合があります。<br>
※詳しくはご購入前に、「フロアマットに関する注意事項」をお読みくださいませ。</li>
</ul>
<ul class=""line_up"">
<li class=""line_up"">
<p class=""line_up_img""><img src=""http://image.rakuten.co.jp/worldmat/cabinet/r/f1_140.jpg"" alt=""アウディ A5 スポーツバック 2010/1～ 8TCDNL カーマット"" width=""140"" height=""140"" border=""0""></p>
<p class=""line_up_txt"">アウディ A5 スポーツバック フロアーマット 2010/1～ 8TCDNL 【ワールドF1シリーズ】<br>マットの厚み約17mm！（毛足の長さはふかふかの13mm！）<br>裏面は高級仕様のフエルトバッキング</p>
</li>
<li class=""line_up"">
<p class=""line_up_img""><img src=""http://image.rakuten.co.jp/worldmat/cabinet/r/sp1_140.jpg"" alt=""アウディ A5 スポーツバック 2010/1～ 8TCDNL カーマット"" width=""140"" height=""140"" border=""0""></p>
<p class=""line_up_txt"">アウディA5 スポーツバック フロアーマット 2010/1～ 8TCDNL 【ワールドSP1シリーズ】<br>当店最上級シリーズ☆<br>9色から選べる♪<br>ボリュームたっぷりの生地で車内がリビングルームに</p>
</li>
</ul><br>
<div align=""center"">
<img src=""https://image.rakuten.co.jp/worldmat/cabinet/kikaku/w_20170514_616.jpg"" width=""619px"" height=""190px"" alt=""【72時間限定！！新生活応援キャンペーン】 全商品10%OFFクーポン！＆送料無料！！ 開催期間：5月14日（日）10:00～5月17日（水）AM9:59まで"" border=""0""><br>
<br>
<font size=""2"" color=""red"">当店は、ディーラーや自動車メーカーのマットを制作してきた<br>
老舗のフロアマットメーカーですが、楽天でのネット通販の歴史は浅いので、<br>
レビューの数が消して多くはありません。<br>
<br>
他店のレビューが多いマットと比べても、品質の良さとコストパフォーマンスには<br>
自信を持っておりますので、どうか、皆様の評価をいただいて、<br>
多くの方に、安心してご購入いただけるようご協力お願い申し上げます。<br>
<br>
レビューの書き方はコチラ</font></div>
<br>
<br>",ZERO（ゼロ）フロアマット アウディ A5 スポーツバック 2010/1～ 8TCDNL 【ラバーマット】（自動車 フロアーマット カーマット）：フロアマット通販店ワールドマット,ZERO（ゼロ）フロアマット アウディ A5 スポーツバック 2010/1～ 8TCDNL 【ラバーマット】（自動車 フロアーマット カーマット）,10%OFFクーポン☆5/17 9:59まで ★送料無料★ 。ZERO（ゼロ）フロアマット アウディ A5 スポーツバック 2010/1～ 8TCDNL 【ラバーマット】（自動車 フロアーマット カーマット）[rn]
12-36813,http://tshop.r10s.jp/worldmat/cabinet/zero/ru.jpg?fitin=700:700,16000.0000,,車用品・バイク用品 > カー用品 > 内装パーツ > フロアマット > アウディ用,ZERO（ゼロ）フロアマット アウディ RS4アバント （B7） 2006/6～2009/7 8EBNSF 【ラバーマット】（自動車 フロアーマット カーマット）,,"<ul class=""description"">
<li class=""item_list"">カラー</li>
<li class=""item"">【ZEROラバーマット】 1色（黒色）</li>
<li class=""item_list"">メーカー</li>
<li class=""item"">Audi（アウディ）</li>
<li class=""item_list"">車種</li>
<li class=""item"">RS4アバント （B7）（アールエスフォー）</li>
<li class=""item""><img src=""http://image.rakuten.co.jp/worldmat/cabinet/foreigncar/audi-rs4avant-b7_c.jpg"" alt=""アウディ RS4アバント （B7） 2006/6～2009/7 8EBNSF"" width=""250"" height=""125"" border=""0""></li>
<li class=""item_list"">年式</li>
<li class=""item"">2006/6～2009/7</li>
<li class=""item_list"">型式</li>
<li class=""item"">8EBNSF</li>
<li class=""item_list"">ハンドル位置</li>
<li class=""item"">右ハンドル</li>
<li class=""item_list"">マット点数</li>
<li class=""item"">4点（フロント2枚、リア2枚）　<font color=""#FF0000"">アバント専用　※セダンは別型になります。</font></li>
<li class=""item_list"">ズレ止めの仕様</li>
<li class=""item"">純正に対応したストッパー<br>
<br>
（※出荷工場、左右ハンドル、購入されるマットの色柄等により変わる場合がございます。ご購入後の返品はお受けできませんので、ズレ止めの仕様にこだわりをお持ちの方は、ご購入前にお問い合わせ下さい。）</li>
<li class=""item_list"">納期</li>
<li class=""item"">3～8日以内に発送します</li>
<li class=""item_list"">ご注意事項</li>
<li class=""item_blue"">※ヒールパッド ： ラバーマットには取り付けできません。　<br>
※有料オプション ： 脱臭・消臭・抗菌加工は出来ません。ロック糸カラー変更は対応可能です。</li>
<li class=""item_red"">フロアマットの形状は、車種以外にも、年式・型式・その他上記事項によって変わります。(画像はサンプルマットです。)<br>
商品名とその他の項目をご確認の上、ご購入ください。<br>
<br>
受注生産品のため、返品は不可ですので、ご了承くださいませ。</li>
<li class=""item"">ズレ止めの仕様など、純正品と異なる場合があります。<br>
※詳しくはご購入前に、「フロアマットに関する注意事項」をお読みくださいませ。</li>
</ul>
<ul class=""line_up"">
<li class=""line_up"">
<p class=""line_up_img""><img src=""http://image.rakuten.co.jp/worldmat/cabinet/r/f1_140.jpg"" alt=""アウディ RS4アバント （B7） 2006/6～2009/7 8EBNSF カーマット"" width=""140"" height=""140"" border=""0""></p>
<p class=""line_up_txt"">アウディ RS4アバント （B7） フロアーマット 2006/6～2009/7 8EBNSF 【ワールドF1シリーズ】<br>マットの厚み約17mm！（毛足の長さはふかふかの13mm！）<br>裏面は高級仕様のフエルトバッキング</p>
</li>
<li class=""line_up"">
<p class=""line_up_img""><img src=""http://image.rakuten.co.jp/worldmat/cabinet/r/sp1_140.jpg"" alt=""アウディ RS4アバント （B7） 2006/6～2009/7 8EBNSF カーマット"" width=""140"" height=""140"" border=""0""></p>
<p class=""line_up_txt"">アウディRS4アバント （B7） フロアーマット 2006/6～2009/7 8EBNSF 【ワールドSP1シリーズ】<br>当店最上級シリーズ☆<br>9色から選べる♪<br>ボリュームたっぷりの生地で車内がリビングルームに</p>
</li>
</ul><br>
<div align=""center"">
<img src=""https://image.rakuten.co.jp/worldmat/cabinet/kikaku/w_20170514_616.jpg"" width=""619px"" height=""190px"" alt=""【72時間限定！！新生活応援キャンペーン】 全商品10%OFFクーポン！＆送料無料！！ 開催期間：5月14日（日）10:00～5月17日（水）AM9:59まで"" border=""0""><br>
<br>
<font size=""2"" color=""red"">当店は、ディーラーや自動車メーカーのマットを制作してきた<br>
老舗のフロアマットメーカーですが、楽天でのネット通販の歴史は浅いので、<br>
レビューの数が消して多くはありません。<br>
<br>
他店のレビューが多いマットと比べても、品質の良さとコストパフォーマンスには<br>
自信を持っておりますので、どうか、皆様の評価をいただいて、<br>
多くの方に、安心してご購入いただけるようご協力お願い申し上げます。<br>
<br>
レビューの書き方はコチラ</font></div>
<br>
<br>",ZERO（ゼロ）フロアマット アウディ RS4アバント （B7） 2006/6～2009/7 8EBNSF 【ラバーマット】（自動車 フロアーマット カーマット）：フロアマット通販店ワールドマット,ZERO（ゼロ）フロアマット アウディ RS4アバント （B7） 2006/6～2009/7 8EBNSF 【ラバーマット】（自動車 フロアーマット カーマット）,10%OFFクーポン☆5/17 9:59まで ★送料無料★ 。ZERO（ゼロ）フロアマット アウディ RS4アバント （B7） 2006/6～2009/7 8EBNSF 【ラバーマット】（自動車 フロアーマット カーマット）[rn]
12-36814,http://tshop.r10s.jp/worldmat/cabinet/zero/ru.jpg?fitin=700:700,17600.0000,,車用品・バイク用品 > カー用品 > 内装パーツ > フロアマット > アウディ用,ZERO（ゼロ）フロアマット アウディ A8（D4） 2010/12～ 4HC 【ラバーマット】（自動車 フロアーマット カーマット）,,"<ul class=""description"">
<li class=""item_list"">カラー</li>
<li class=""item"">【ZEROラバーマット】 1色（黒色）</li>
<li class=""item_list"">メーカー</li>
<li class=""item"">Audi（アウディ）</li>
<li class=""item_list"">車種</li>
<li class=""item"">A8（D4）（エーハチ）</li>
<li class=""item""><img src=""http://image.rakuten.co.jp/worldmat/cabinet/foreigncar/audi-a8-d4_c.jpg"" alt=""アウディ A8（D4） 2010/12～ 4HC"" width=""250"" height=""125"" border=""0""></li>
<li class=""item_list"">年式</li>
<li class=""item"">2010/12～</li>
<li class=""item_list"">型式</li>
<li class=""item"">4HC</li>
<li class=""item_list"">ハンドル位置</li>
<li class=""item"">左右ハンドル</li>
<li class=""item_list"">マット点数</li>
<li class=""item"">4点　<font color=""#FF0000"">※ロングボディー不可</font></li>
<li class=""item_list"">ズレ止めの仕様</li>
<li class=""item"">純正に対応したストッパー<br>
<br>
（※出荷工場、左右ハンドル、購入されるマットの色柄等により変わる場合がございます。ご購入後の返品はお受けできませんので、ズレ止めの仕様にこだわりをお持ちの方は、ご購入前にお問い合わせ下さい。）</li>
<li class=""item_list"">納期</li>
<li class=""item"">3～8日以内に発送します</li>
<li class=""item_list"">ご注意事項</li>
<li class=""item_blue"">※ヒールパッド ： ラバーマットには取り付けできません。　<br>
※有料オプション ： 脱臭・消臭・抗菌加工は出来ません。ロック糸カラー変更は対応可能です。</li>
<li class=""item_red"">フロアマットの形状は、車種以外にも、年式・型式・その他上記事項によって変わります。(画像はサンプルマットです。)<br>
商品名とその他の項目をご確認の上、ご購入ください。<br>
<br>
受注生産品のため、返品は不可ですので、ご了承くださいませ。</li>
<li class=""item"">ズレ止めの仕様など、純正品と異なる場合があります。<br>
※詳しくはご購入前に、「フロアマットに関する注意事項」をお読みくださいませ。</li>
</ul>
<ul class=""line_up"">
<li class=""line_up"">
<p class=""line_up_img""><img src=""http://image.rakuten.co.jp/worldmat/cabinet/r/f1_140.jpg"" alt=""アウディ A8（D4） 2010/12～ 4HC カーマット"" width=""140"" height=""140"" border=""0""></p>
<p class=""line_up_txt"">アウディ A8（D4） フロアーマット 2010/12～ 4HC 【ワールドF1シリーズ】<br>マットの厚み約17mm！（毛足の長さはふかふかの13mm！）<br>裏面は高級仕様のフエルトバッキング</p>
</li>
<li class=""line_up"">
<p class=""line_up_img""><img src=""http://image.rakuten.co.jp/worldmat/cabinet/r/sp1_140.jpg"" alt=""アウディ A8（D4） 2010/12～ 4HC カーマット"" width=""140"" height=""140"" border=""0""></p>
<p class=""line_up_txt"">アウディA8（D4） フロアーマット 2010/12～ 4HC 【ワールドSP1シリーズ】<br>当店最上級シリーズ☆<br>9色から選べる♪<br>ボリュームたっぷりの生地で車内がリビングルームに</p>
</li>
</ul><br>
<div align=""center"">
<img src=""https://image.rakuten.co.jp/worldmat/cabinet/kikaku/w_20170514_616.jpg"" width=""619px"" height=""190px"" alt=""【72時間限定！！新生活応援キャンペーン】 全商品10%OFFクーポン！＆送料無料！！ 開催期間：5月14日（日）10:00～5月17日（水）AM9:59まで"" border=""0""><br>
<br>
<font size=""2"" color=""red"">当店は、ディーラーや自動車メーカーのマットを制作してきた<br>
老舗のフロアマットメーカーですが、楽天でのネット通販の歴史は浅いので、<br>
レビューの数が消して多くはありません。<br>
<br>
他店のレビューが多いマットと比べても、品質の良さとコストパフォーマンスには<br>
自信を持っておりますので、どうか、皆様の評価をいただいて、<br>
多くの方に、安心してご購入いただけるようご協力お願い申し上げます。<br>
<br>
レビューの書き方はコチラ</font></div>
<br>
<br>",ZERO（ゼロ）フロアマット アウディ A8（D4） 2010/12～ 4HC 【ラバーマット】（自動車 フロアーマット カーマット）：フロアマット通販店ワールドマット,ZERO（ゼロ）フロアマット アウディ A8（D4） 2010/12～ 4HC 【ラバーマット】（自動車 フロアーマット カーマット）,10%OFFクーポン☆5/17 9:59まで ★送料無料★ 。ZERO（ゼロ）フロアマット アウディ A8（D4） 2010/12～ 4HC 【ラバーマット】（自動車 フロアーマット カーマット）[rn]
12-36815,http://tshop.r10s.jp/worldmat/cabinet/zero/ru.jpg?fitin=700:700,16000.0000,,車用品・バイク用品 > カー用品 > 内装パーツ > フロアマット > アウディ用,ZERO（ゼロ）フロアマット アウディ TTクーペ（A5） 2006/7～ 8JB 【ラバーマット】（自動車 フロアーマット カーマット）,,"<ul class=""description"">
<li class=""item_list"">カラー</li>
<li class=""item"">【ZEROラバーマット】 1色（黒色）</li>
<li class=""item_list"">メーカー</li>
<li class=""item"">Audi（アウディ）</li>
<li class=""item_list"">車種</li>
<li class=""item"">TTクーペ（A5）（TT coupe）</li>
<li class=""item""><img src=""http://image.rakuten.co.jp/worldmat/cabinet/foreigncar/audi-ttcoupe_c.jpg"" alt=""アウディ TTクーペ（A5） 2006/7～ 8JB"" width=""250"" height=""125"" border=""0""></li>
<li class=""item_list"">年式</li>
<li class=""item"">2006/7～</li>
<li class=""item_list"">型式</li>
<li class=""item"">8JB</li>
<li class=""item_list"">ハンドル位置</li>
<li class=""item"">右ハンドル</li>
<li class=""item_list"">マット点数</li>
<li class=""item"">4点</li>
<li class=""item_list"">ズレ止めの仕様</li>
<li class=""item"">純正に対応したストッパー<br>
<br>
（※出荷工場、左右ハンドル、購入されるマットの色柄等により変わる場合がございます。ご購入後の返品はお受けできませんので、ズレ止めの仕様にこだわりをお持ちの方は、ご購入前にお問い合わせ下さい。）</li>
<li class=""item_list"">納期</li>
<li class=""item"">3～8日以内に発送します</li>
<li class=""item_list"">ご注意事項</li>
<li class=""item_blue"">※ヒールパッド ： ラバーマットには取り付けできません。　<br>
※有料オプション ： 脱臭・消臭・抗菌加工は出来ません。ロック糸カラー変更は対応可能です。</li>
<li class=""item_red"">フロアマットの形状は、車種以外にも、年式・型式・その他上記事項によって変わります。(画像はサンプルマットです。)<br>
商品名とその他の項目をご確認の上、ご購入ください。<br>
<br>
受注生産品のため、返品は不可ですので、ご了承くださいませ。</li>
<li class=""item"">ズレ止めの仕様など、純正品と異なる場合があります。<br>
※詳しくはご購入前に、「フロアマットに関する注意事項」をお読みくださいませ。</li>
</ul>
<ul class=""line_up"">
<li class=""line_up"">
<p class=""line_up_img""><img src=""http://image.rakuten.co.jp/worldmat/cabinet/r/f1_140.jpg"" alt=""アウディ TTクーペ（A5） 2006/7～ 8JB カーマット"" width=""140"" height=""140"" border=""0""></p>
<p class=""line_up_txt"">アウディ TTクーペ（A5） フロアーマット 2006/7～ 8JB 【ワールドF1シリーズ】<br>マットの厚み約17mm！（毛足の長さはふかふかの13mm！）<br>裏面は高級仕様のフエルトバッキング</p>
</li>
<li class=""line_up"">
<p class=""line_up_img""><img src=""http://image.rakuten.co.jp/worldmat/cabinet/r/sp1_140.jpg"" alt=""アウディ TTクーペ（A5） 2006/7～ 8JB カーマット"" width=""140"" height=""140"" border=""0""></p>
<p class=""line_up_txt"">アウディTTクーペ（A5） フロアーマット 2006/7～ 8JB 【ワールドSP1シリーズ】<br>当店最上級シリーズ☆<br>9色から選べる♪<br>ボリュームたっぷりの生地で車内がリビングルームに</p>
</li>
</ul><br>
<div align=""center"">
<img src=""https://image.rakuten.co.jp/worldmat/cabinet/kikaku/w_20170514_616.jpg"" width=""619px"" height=""190px"" alt=""【72時間限定！！新生活応援キャンペーン】 全商品10%OFFクーポン！＆送料無料！！ 開催期間：5月14日（日）10:00～5月17日（水）AM9:59まで"" border=""0""><br>
<br>
<font size=""2"" color=""red"">当店は、ディーラーや自動車メーカーのマットを制作してきた<br>
老舗のフロアマットメーカーですが、楽天でのネット通販の歴史は浅いので、<br>
レビューの数が消して多くはありません。<br>
<br>
他店のレビューが多いマットと比べても、品質の良さとコストパフォーマンスには<br>
自信を持っておりますので、どうか、皆様の評価をいただいて、<br>
多くの方に、安心してご購入いただけるようご協力お願い申し上げます。<br>
<br>
レビューの書き方はコチラ</font></div>
<br>
<br>",ZERO（ゼロ）フロアマット アウディ TTクーペ（A5） 2006/7～ 8JB 【ラバーマット】（自動車 フロアーマット カーマット）：フロアマット通販店ワールドマット,ZERO（ゼロ）フロアマット アウディ TTクーペ（A5） 2006/7～ 8JB 【ラバーマット】（自動車 フロアーマット カーマット）,10%OFFクーポン☆5/17 9:59まで ★送料無料★ 。ZERO（ゼロ）フロアマット アウディ TTクーペ（A5） 2006/7～ 8JB 【ラバーマット】（自動車 フロアーマット カーマット）[rn]
12-36816,http://tshop.r10s.jp/worldmat/cabinet/zero/ru.jpg?fitin=700:700,16000.0000,,車用品・バイク用品 > カー用品 > 内装パーツ > フロアマット > アウディ用,ZERO（ゼロ）フロアマット アウディ RS4アバント （B8） 2013/4～ 8KCFSF 【ラバーマット】（自動車 フロアーマット カーマット）,,"<ul class=""description"">
<li class=""item_list"">カラー</li>
<li class=""item"">【ZEROラバーマット】 1色（黒色）</li>
<li class=""item_list"">メーカー</li>
<li class=""item"">Audi（アウディ）</li>
<li class=""item_list"">車種</li>
<li class=""item"">RS4アバント （B8）（アールエスフォー）</li>
<li class=""item""><img src=""http://image.rakuten.co.jp/worldmat/cabinet/foreigncar/audi-rs4avant-b8_c.jpg"" alt=""アウディ RS4アバント （B8） 2013/4～ 8KCFSF"" width=""250"" height=""125"" border=""0""></li>
<li class=""item_list"">年式</li>
<li class=""item"">2013/4～</li>
<li class=""item_list"">型式</li>
<li class=""item"">8KCFSF</li>
<li class=""item_list"">ハンドル位置</li>
<li class=""item"">左右ハンドル</li>
<li class=""item_list"">マット点数</li>
<li class=""item"">5点（フロント2枚、リア3枚）　<font color=""#FF0000"">アバント専用</font></li>
<li class=""item_list"">ズレ止めの仕様</li>
<li class=""item"">純正に対応したストッパー<br>
<br>
（※出荷工場、左右ハンドル、購入されるマットの色柄等により変わる場合がございます。ご購入後の返品はお受けできませんので、ズレ止めの仕様にこだわりをお持ちの方は、ご購入前にお問い合わせ下さい。）</li>
<li class=""item_list"">納期</li>
<li class=""item"">3～8日以内に発送します</li>
<li class=""item_list"">ご注意事項</li>
<li class=""item_blue"">※ヒールパッド ： ラバーマットには取り付けできません。　<br>
※有料オプション ： 脱臭・消臭・抗菌加工は出来ません。ロック糸カラー変更は対応可能です。</li>
<li class=""item_red"">フロアマットの形状は、車種以外にも、年式・型式・その他上記事項によって変わります。(画像はサンプルマットです。)<br>
商品名とその他の項目をご確認の上、ご購入ください。<br>
<br>
受注生産品のため、返品は不可ですので、ご了承くださいませ。</li>
<li class=""item"">ズレ止めの仕様など、純正品と異なる場合があります。<br>
※詳しくはご購入前に、「フロアマットに関する注意事項」をお読みくださいませ。</li>
</ul>
<ul class=""line_up"">
<li class=""line_up"">
<p class=""line_up_img""><img src=""http://image.rakuten.co.jp/worldmat/cabinet/r/f1_140.jpg"" alt=""アウディ RS4アバント （B8） 2013/4～ 8KCFSF カーマット"" width=""140"" height=""140"" border=""0""></p>
<p class=""line_up_txt"">アウディ RS4アバント （B8） フロアーマット 2013/4～ 8KCFSF 【ワールドF1シリーズ】<br>マットの厚み約17mm！（毛足の長さはふかふかの13mm！）<br>裏面は高級仕様のフエルトバッキング</p>
</li>
<li class=""line_up"">
<p class=""line_up_img""><img src=""http://image.rakuten.co.jp/worldmat/cabinet/r/sp1_140.jpg"" alt=""アウディ RS4アバント （B8） 2013/4～ 8KCFSF カーマット"" width=""140"" height=""140"" border=""0""></p>
<p class=""line_up_txt"">アウディRS4アバント （B8） フロアーマット 2013/4～ 8KCFSF 【ワールドSP1シリーズ】<br>当店最上級シリーズ☆<br>9色から選べる♪<br>ボリュームたっぷりの生地で車内がリビングルームに</p>
</li>
</ul><br>
<div align=""center"">
<img src=""https://image.rakuten.co.jp/worldmat/cabinet/kikaku/w_20170514_616.jpg"" width=""619px"" height=""190px"" alt=""【72時間限定！！新生活応援キャンペーン】 全商品10%OFFクーポン！＆送料無料！！ 開催期間：5月14日（日）10:00～5月17日（水）AM9:59まで"" border=""0""><br>
<br>
<font size=""2"" color=""red"">当店は、ディーラーや自動車メーカーのマットを制作してきた<br>
老舗のフロアマットメーカーですが、楽天でのネット通販の歴史は浅いので、<br>
レビューの数が消して多くはありません。<br>
<br>
他店のレビューが多いマットと比べても、品質の良さとコストパフォーマンスには<br>
自信を持っておりますので、どうか、皆様の評価をいただいて、<br>
多くの方に、安心してご購入いただけるようご協力お願い申し上げます。<br>
<br>
レビューの書き方はコチラ</font></div>
<br>
<br>",ZERO（ゼロ）フロアマット アウディ RS4アバント （B8） 2013/4～ 8KCFSF 【ラバーマット】（自動車 フロアーマット カーマット）：フロアマット通販店ワールドマット,ZERO（ゼロ）フロアマット アウディ RS4アバント （B8） 2013/4～ 8KCFSF 【ラバーマット】（自動車 フロアーマット カーマット）,10%OFFクーポン☆5/17 9:59まで ★送料無料★ 。ZERO（ゼロ）フロアマット アウディ RS4アバント （B8） 2013/4～ 8KCFSF 【ラバーマット】（自動車 フロアーマット カーマット）[rn]
12-36817,http://tshop.r10s.jp/worldmat/cabinet/zero/ru.jpg?fitin=700:700,17600.0000,,車用品・バイク用品 > カー用品 > 内装パーツ > フロアマット > アウディ用,ZERO（ゼロ）フロアマット アウディ S8（D3） 2006/6～2010/12 4EBSMF 【ラバーマット】（自動車 フロアーマット カーマット）,,"<ul class=""description"">
<li class=""item_list"">カラー</li>
<li class=""item"">【ZEROラバーマット】 1色（黒色）</li>
<li class=""item_list"">メーカー</li>
<li class=""item"">Audi（アウディ）</li>
<li class=""item_list"">車種</li>
<li class=""item"">S8（D3）（エスエイト）</li>
<li class=""item""><img src=""http://image.rakuten.co.jp/worldmat/cabinet/foreigncar/audi-s8_c.jpg"" alt=""アウディ S8（D3） 2006/6～2010/12 4EBSMF"" width=""250"" height=""125"" border=""0""></li>
<li class=""item_list"">年式</li>
<li class=""item"">2006/6～2010/12</li>
<li class=""item_list"">型式</li>
<li class=""item"">4EBSMF</li>
<li class=""item_list"">ハンドル位置</li>
<li class=""item"">左右ハンドル</li>
<li class=""item_list"">マット点数</li>
<li class=""item"">4点</li>
<li class=""item_list"">ズレ止めの仕様</li>
<li class=""item"">純正に対応したストッパー<br>
<br>
（※出荷工場、左右ハンドル、購入されるマットの色柄等により変わる場合がございます。ご購入後の返品はお受けできませんので、ズレ止めの仕様にこだわりをお持ちの方は、ご購入前にお問い合わせ下さい。）</li>
<li class=""item_list"">納期</li>
<li class=""item"">3～8日以内に発送します</li>
<li class=""item_list"">ご注意事項</li>
<li class=""item_blue"">※ヒールパッド ： ラバーマットには取り付けできません。　<br>
※有料オプション ： 脱臭・消臭・抗菌加工は出来ません。ロック糸カラー変更は対応可能です。</li>
<li class=""item_red"">フロアマットの形状は、車種以外にも、年式・型式・その他上記事項によって変わります。(画像はサンプルマットです。)<br>
商品名とその他の項目をご確認の上、ご購入ください。<br>
<br>
受注生産品のため、返品は不可ですので、ご了承くださいませ。</li>
<li class=""item"">ズレ止めの仕様など、純正品と異なる場合があります。<br>
※詳しくはご購入前に、「フロアマットに関する注意事項」をお読みくださいませ。</li>
</ul>
<ul class=""line_up"">
<li class=""line_up"">
<p class=""line_up_img""><img src=""http://image.rakuten.co.jp/worldmat/cabinet/r/f1_140.jpg"" alt=""アウディ S8（D3） 2006/6～2010/12 4EBSMF カーマット"" width=""140"" height=""140"" border=""0""></p>
<p class=""line_up_txt"">アウディ S8（D3） フロアーマット 2006/6～2010/12 4EBSMF 【ワールドF1シリーズ】<br>マットの厚み約17mm！（毛足の長さはふかふかの13mm！）<br>裏面は高級仕様のフエルトバッキング</p>
</li>
<li class=""line_up"">
<p class=""line_up_img""><img src=""http://image.rakuten.co.jp/worldmat/cabinet/r/sp1_140.jpg"" alt=""アウディ S8（D3） 2006/6～2010/12 4EBSMF カーマット"" width=""140"" height=""140"" border=""0""></p>
<p class=""line_up_txt"">アウディS8（D3） フロアーマット 2006/6～2010/12 4EBSMF 【ワールドSP1シリーズ】<br>当店最上級シリーズ☆<br>9色から選べる♪<br>ボリュームたっぷりの生地で車内がリビングルームに</p>
</li>
</ul><br>
<div align=""center"">
<img src=""https://image.rakuten.co.jp/worldmat/cabinet/kikaku/w_20170514_616.jpg"" width=""619px"" height=""190px"" alt=""【72時間限定！！新生活応援キャンペーン】 全商品10%OFFクーポン！＆送料無料！！ 開催期間：5月14日（日）10:00～5月17日（水）AM9:59まで"" border=""0""><br>
<br>
<font size=""2"" color=""red"">当店は、ディーラーや自動車メーカーのマットを制作してきた<br>
老舗のフロアマットメーカーですが、楽天でのネット通販の歴史は浅いので、<br>
レビューの数が消して多くはありません。<br>
<br>
他店のレビューが多いマットと比べても、品質の良さとコストパフォーマンスには<br>
自信を持っておりますので、どうか、皆様の評価をいただいて、<br>
多くの方に、安心してご購入いただけるようご協力お願い申し上げます。<br>
<br>
レビューの書き方はコチラ</font></div>
<br>
<br>",ZERO（ゼロ）フロアマット アウディ S8（D3） 2006/6～2010/12 4EBSMF 【ラバーマット】（自動車 フロアーマット カーマット）：フロアマット通販店ワールドマット,ZERO（ゼロ）フロアマット アウディ S8（D3） 2006/6～2010/12 4EBSMF 【ラバーマット】（自動車 フロアーマット カーマット）,10%OFFクーポン☆5/17 9:59まで ★送料無料★ 。ZERO（ゼロ）フロアマット アウディ S8（D3） 2006/6～2010/12 4EBSMF 【ラバーマット】（自動車 フロアーマット カーマット）[rn]
12-36818,http://tshop.r10s.jp/worldmat/cabinet/zero/ru.jpg?fitin=700:700,16000.0000,,車用品・バイク用品 > カー用品 > 内装パーツ > フロアマット > アウディ用,ZERO（ゼロ）フロアマット アウディ Q3 2012/5～ 8UC# 【ラバーマット】（自動車 フロアーマット カーマット）,,"<ul class=""description"">
<li class=""item_list"">カラー</li>
<li class=""item"">【ZEROラバーマット】 1色（黒色）</li>
<li class=""item_list"">メーカー</li>
<li class=""item"">Audi（アウディ）</li>
<li class=""item_list"">車種</li>
<li class=""item"">Q3（キュースリー）</li>
<li class=""item""><img src=""http://image.rakuten.co.jp/worldmat/cabinet/foreigncar/audi-q3_c.jpg"" alt=""アウディ Q3 2012/5～ 8UC#"" width=""250"" height=""125"" border=""0""></li>
<li class=""item_list"">年式</li>
<li class=""item"">2012/5～</li>
<li class=""item_list"">型式</li>
<li class=""item"">8UC#</li>
<li class=""item_list"">ハンドル位置</li>
<li class=""item"">右ハンドル</li>
<li class=""item_list"">マット点数</li>
<li class=""item"">4点（フロント2枚、リア2枚）</li>
<li class=""item_list"">ズレ止めの仕様</li>
<li class=""item"">純正に対応したストッパー<br>
<br>
（※出荷工場、左右ハンドル、購入されるマットの色柄等により変わる場合がございます。ご購入後の返品はお受けできませんので、ズレ止めの仕様にこだわりをお持ちの方は、ご購入前にお問い合わせ下さい。）</li>
<li class=""item_list"">納期</li>
<li class=""item"">3～8日以内に発送します</li>
<li class=""item_list"">ご注意事項</li>
<li class=""item_blue"">※ヒールパッド ： ラバーマットには取り付けできません。　<br>
※有料オプション ： 脱臭・消臭・抗菌加工は出来ません。ロック糸カラー変更は対応可能です。</li>
<li class=""item_red"">フロアマットの形状は、車種以外にも、年式・型式・その他上記事項によって変わります。(画像はサンプルマットです。)<br>
商品名とその他の項目をご確認の上、ご購入ください。<br>
<br>
受注生産品のため、返品は不可ですので、ご了承くださいませ。</li>
<li class=""item"">ズレ止めの仕様など、純正品と異なる場合があります。<br>
※詳しくはご購入前に、「フロアマットに関する注意事項」をお読みくださいませ。</li>
</ul>
<ul class=""line_up"">
<li class=""line_up"">
<p class=""line_up_img""><img src=""http://image.rakuten.co.jp/worldmat/cabinet/r/f1_140.jpg"" alt=""アウディ Q3 2012/5～ 8UC# カーマット"" width=""140"" height=""140"" border=""0""></p>
<p class=""line_up_txt"">アウディ Q3 フロアーマット 2012/5～ 8UC# 【ワールドF1シリーズ】<br>マットの厚み約17mm！（毛足の長さはふかふかの13mm！）<br>裏面は高級仕様のフエルトバッキング</p>
</li>
<li class=""line_up"">
<p class=""line_up_img""><img src=""http://image.rakuten.co.jp/worldmat/cabinet/r/sp1_140.jpg"" alt=""アウディ Q3 2012/5～ 8UC# カーマット"" width=""140"" height=""140"" border=""0""></p>
<p class=""line_up_txt"">アウディQ3 フロアーマット 2012/5～ 8UC# 【ワールドSP1シリーズ】<br>当店最上級シリーズ☆<br>9色から選べる♪<br>ボリュームたっぷりの生地で車内がリビングルームに</p>
</li>
</ul><br>
<div align=""center"">
<img src=""https://image.rakuten.co.jp/worldmat/cabinet/kikaku/w_20170514_616.jpg"" width=""619px"" height=""190px"" alt=""【72時間限定！！新生活応援キャンペーン】 全商品10%OFFクーポン！＆送料無料！！ 開催期間：5月14日（日）10:00～5月17日（水）AM9:59まで"" border=""0""><br>
<br>
<font size=""2"" color=""red"">当店は、ディーラーや自動車メーカーのマットを制作してきた<br>
老舗のフロアマットメーカーですが、楽天でのネット通販の歴史は浅いので、<br>
レビューの数が消して多くはありません。<br>
<br>
他店のレビューが多いマットと比べても、品質の良さとコストパフォーマンスには<br>
自信を持っておりますので、どうか、皆様の評価をいただいて、<br>
多くの方に、安心してご購入いただけるようご協力お願い申し上げます。<br>
<br>
レビューの書き方はコチラ</font></div>
<br>
<br>",ZERO（ゼロ）フロアマット アウディ Q3 2012/5～ 8UC# 【ラバーマット】（自動車 フロアーマット カーマット）：フロアマット通販店ワールドマット,ZERO（ゼロ）フロアマット アウディ Q3 2012/5～ 8UC# 【ラバーマット】（自動車 フロアーマット カーマット）,10%OFFクーポン☆5/17 9:59まで ★送料無料★ 。ZERO（ゼロ）フロアマット アウディ Q3 2012/5～ 8UC# 【ラバーマット】（自動車 フロアーマット カーマット）[rn]
12-36819,http://tshop.r10s.jp/worldmat/cabinet/zero/ru.jpg?fitin=700:700,14400.0000,,車用品・バイク用品 > カー用品 > 内装パーツ > フロアマット > アウディ用,ZERO（ゼロ）フロアマット アウディ A3（A3） 2013/9～ 8VC# 【ラバーマット】（自動車 フロアーマット カーマット）,,"<ul class=""description"">
<li class=""item_list"">カラー</li>
<li class=""item"">【ZEROラバーマット】 1色（黒色）</li>
<li class=""item_list"">メーカー</li>
<li class=""item"">Audi（アウディ）</li>
<li class=""item_list"">車種</li>
<li class=""item"">A3（A3）（エーサン）</li>
<li class=""item""><img src=""http://image.rakuten.co.jp/worldmat/cabinet/foreigncar/audi-a3-a3_c.jpg"" alt=""アウディ A3（A3） 2013/9～ 8VC#"" width=""250"" height=""125"" border=""0""></li>
<li class=""item_list"">年式</li>
<li class=""item"">2013/9～</li>
<li class=""item_list"">型式</li>
<li class=""item"">8VC#</li>
<li class=""item_list"">ハンドル位置</li>
<li class=""item"">右ハンドル</li>
<li class=""item_list"">マット点数</li>
<li class=""item"">4点（フロント2枚、リア2枚）</li>
<li class=""item_list"">ズレ止めの仕様</li>
<li class=""item"">純正に対応したストッパー<br>
<br>
（※出荷工場、左右ハンドル、購入されるマットの色柄等により変わる場合がございます。ご購入後の返品はお受けできませんので、ズレ止めの仕様にこだわりをお持ちの方は、ご購入前にお問い合わせ下さい。）</li>
<li class=""item_list"">納期</li>
<li class=""item"">3～8日以内に発送します</li>
<li class=""item_list"">ご注意事項</li>
<li class=""item_blue"">※ヒールパッド ： ラバーマットには取り付けできません。　<br>
※有料オプション ： 脱臭・消臭・抗菌加工は出来ません。ロック糸カラー変更は対応可能です。</li>
<li class=""item_red"">フロアマットの形状は、車種以外にも、年式・型式・その他上記事項によって変わります。(画像はサンプルマットです。)<br>
商品名とその他の項目をご確認の上、ご購入ください。<br>
<br>
受注生産品のため、返品は不可ですので、ご了承くださいませ。</li>
<li class=""item"">ズレ止めの仕様など、純正品と異なる場合があります。<br>
※詳しくはご購入前に、「フロアマットに関する注意事項」をお読みくださいませ。</li>
</ul>
<ul class=""line_up"">
<li class=""line_up"">
<p class=""line_up_img""><img src=""http://image.rakuten.co.jp/worldmat/cabinet/r/f1_140.jpg"" alt=""アウディ A3（A3） 2013/9～ 8VC# カーマット"" width=""140"" height=""140"" border=""0""></p>
<p class=""line_up_txt"">アウディ A3（A3） フロアーマット 2013/9～ 8VC# 【ワールドF1シリーズ】<br>マットの厚み約17mm！（毛足の長さはふかふかの13mm！）<br>裏面は高級仕様のフエルトバッキング</p>
</li>
<li class=""line_up"">
<p class=""line_up_img""><img src=""http://image.rakuten.co.jp/worldmat/cabinet/r/sp1_140.jpg"" alt=""アウディ A3（A3） 2013/9～ 8VC# カーマット"" width=""140"" height=""140"" border=""0""></p>
<p class=""line_up_txt"">アウディA3（A3） フロアーマット 2013/9～ 8VC# 【ワールドSP1シリーズ】<br>当店最上級シリーズ☆<br>9色から選べる♪<br>ボリュームたっぷりの生地で車内がリビングルームに</p>
</li>
</ul><br>
<div align=""center"">
<img src=""https://image.rakuten.co.jp/worldmat/cabinet/kikaku/w_20170514_616.jpg"" width=""619px"" height=""190px"" alt=""【72時間限定！！新生活応援キャンペーン】 全商品10%OFFクーポン！＆送料無料！！ 開催期間：5月14日（日）10:00～5月17日（水）AM9:59まで"" border=""0""><br>
<br>
<font size=""2"" color=""red"">当店は、ディーラーや自動車メーカーのマットを制作してきた<br>
老舗のフロアマットメーカーですが、楽天でのネット通販の歴史は浅いので、<br>
レビューの数が消して多くはありません。<br>
<br>
他店のレビューが多いマットと比べても、品質の良さとコストパフォーマンスには<br>
自信を持っておりますので、どうか、皆様の評価をいただいて、<br>
多くの方に、安心してご購入いただけるようご協力お願い申し上げます。<br>
<br>
レビューの書き方はコチラ</font></div>
<br>
<br>",ZERO（ゼロ）フロアマット アウディ A3（A3） 2013/9～ 8VC# 【ラバーマット】（自動車 フロアーマット カーマット）：フロアマット通販店ワールドマット,ZERO（ゼロ）フロアマット アウディ A3（A3） 2013/9～ 8VC# 【ラバーマット】（自動車 フロアーマット カーマット）,10%OFFクーポン☆5/17 9:59まで ★送料無料★ 。ZERO（ゼロ）フロアマット アウディ A3（A3） 2013/9～ 8VC# 【ラバーマット】（自動車 フロアーマット カーマット）[rn]
12-36820,http://tshop.r10s.jp/worldmat/cabinet/zero/ru.jpg?fitin=700:700,16000.0000,,車用品・バイク用品 > カー用品 > 内装パーツ > フロアマット > アウディ用,ZERO（ゼロ）フロアマット アウディ A4（B6/B7） 2001/5～2008/3 8EA、8EB 【ラバーマット】（自動車 フロアーマット カーマット）,,"<ul class=""description"">
<li class=""item_list"">カラー</li>
<li class=""item"">【ZEROラバーマット】 1色（黒色）</li>
<li class=""item_list"">メーカー</li>
<li class=""item"">Audi（アウディ）</li>
<li class=""item_list"">車種</li>
<li class=""item"">A4（B6/B7）（エーヨン）</li>
<li class=""item""><img src=""http://image.rakuten.co.jp/worldmat/cabinet/foreigncar/audi-a4-b6b7_c.jpg"" alt=""アウディ A4（B6/B7） 2001/5～2008/3 8EA、8EB"" width=""250"" height=""125"" border=""0""></li>
<li class=""item_list"">年式</li>
<li class=""item"">2001/5～2008/3</li>
<li class=""item_list"">型式</li>
<li class=""item"">8EA、8EB</li>
<li class=""item_list"">ハンドル位置</li>
<li class=""item"">左右ハンドル</li>
<li class=""item_list"">マット点数</li>
<li class=""item"">4点</li>
<li class=""item_list"">ズレ止めの仕様</li>
<li class=""item"">純正に対応したストッパー<br>
<br>
（※出荷工場、左右ハンドル、購入されるマットの色柄等により変わる場合がございます。ご購入後の返品はお受けできませんので、ズレ止めの仕様にこだわりをお持ちの方は、ご購入前にお問い合わせ下さい。）</li>
<li class=""item_list"">納期</li>
<li class=""item"">3～8日以内に発送します</li>
<li class=""item_list"">ご注意事項</li>
<li class=""item_blue"">※ヒールパッド ： ラバーマットには取り付けできません。　<br>
※有料オプション ： 脱臭・消臭・抗菌加工は出来ません。ロック糸カラー変更は対応可能です。</li>
<li class=""item_red"">フロアマットの形状は、車種以外にも、年式・型式・その他上記事項によって変わります。(画像はサンプルマットです。)<br>
商品名とその他の項目をご確認の上、ご購入ください。<br>
<br>
受注生産品のため、返品は不可ですので、ご了承くださいませ。</li>
<li class=""item"">ズレ止めの仕様など、純正品と異なる場合があります。<br>
※詳しくはご購入前に、「フロアマットに関する注意事項」をお読みくださいませ。</li>
</ul>
<ul class=""line_up"">
<li class=""line_up"">
<p class=""line_up_img""><img src=""http://image.rakuten.co.jp/worldmat/cabinet/r/f1_140.jpg"" alt=""アウディ A4（B6/B7） 2001/5～2008/3 8EA、8EB カーマット"" width=""140"" height=""140"" border=""0""></p>
<p class=""line_up_txt"">アウディ A4（B6/B7） フロアーマット 2001/5～2008/3 8EA、8EB 【ワールドF1シリーズ】<br>マットの厚み約17mm！（毛足の長さはふかふかの13mm！）<br>裏面は高級仕様のフエルトバッキング</p>
</li>
<li class=""line_up"">
<p class=""line_up_img""><img src=""http://image.rakuten.co.jp/worldmat/cabinet/r/sp1_140.jpg"" alt=""アウディ A4（B6/B7） 2001/5～2008/3 8EA、8EB カーマット"" width=""140"" height=""140"" border=""0""></p>
<p class=""line_up_txt"">アウディA4（B6/B7） フロアーマット 2001/5～2008/3 8EA、8EB 【ワールドSP1シリーズ】<br>当店最上級シリーズ☆<br>9色から選べる♪<br>ボリュームたっぷりの生地で車内がリビングルームに</p>
</li>
</ul><br>
<div align=""center"">
<img src=""https://image.rakuten.co.jp/worldmat/cabinet/kikaku/w_20170514_616.jpg"" width=""619px"" height=""190px"" alt=""【72時間限定！！新生活応援キャンペーン】 全商品10%OFFクーポン！＆送料無料！！ 開催期間：5月14日（日）10:00～5月17日（水）AM9:59まで"" border=""0""><br>
<br>
<font size=""2"" color=""red"">当店は、ディーラーや自動車メーカーのマットを制作してきた<br>
老舗のフロアマットメーカーですが、楽天でのネット通販の歴史は浅いので、<br>
レビューの数が消して多くはありません。<br>
<br>
他店のレビューが多いマットと比べても、品質の良さとコストパフォーマンスには<br>
自信を持っておりますので、どうか、皆様の評価をいただいて、<br>
多くの方に、安心してご購入いただけるようご協力お願い申し上げます。<br>
<br>
レビューの書き方はコチラ</font></div>
<br>
<br>",ZERO（ゼロ）フロアマット アウディ A4（B6/B7） 2001/5～2008/3 8EA、8EB 【ラバーマット】（自動車 フロアーマット カーマット）：フロアマット通販店ワールドマット,ZERO（ゼロ）フロアマット アウディ A4（B6/B7） 2001/5～2008/3 8EA、8EB 【ラバーマット】（自動車 フロアーマット カーマット）,10%OFFクーポン☆5/17 9:59まで ★送料無料★ 。ZERO（ゼロ）フロアマット アウディ A4（B6/B7） 2001/5～2008/3 8EA、8EB 【ラバーマット】（自動車 フロアーマット カーマット）[rn]
12-36821,http://tshop.r10s.jp/worldmat/cabinet/zero/ru.jpg?fitin=700:700,16000.0000,,車用品・バイク用品 > カー用品 > 内装パーツ > フロアマット > アウディ用,ZERO（ゼロ）フロアマット アウディ A4カブリオレ （B6） 2002/9～2006/4 8HBDV 【ラバーマット】（自動車 フロアーマット カーマット）,,"<ul class=""description"">
<li class=""item_list"">カラー</li>
<li class=""item"">【ZEROラバーマット】 1色（黒色）</li>
<li class=""item_list"">メーカー</li>
<li class=""item"">Audi（アウディ）</li>
<li class=""item_list"">車種</li>
<li class=""item"">A4カブリオレ （B6）（エーヨン）</li>
<li class=""item""><img src=""http://image.rakuten.co.jp/worldmat/cabinet/foreigncar/audi-a4cabriolet_c.jpg"" alt=""アウディ A4カブリオレ （B6） 2002/9～2006/4 8HBDV"" width=""250"" height=""125"" border=""0""></li>
<li class=""item_list"">年式</li>
<li class=""item"">2002/9～2006/4</li>
<li class=""item_list"">型式</li>
<li class=""item"">8HBDV</li>
<li class=""item_list"">ハンドル位置</li>
<li class=""item"">右ハンドル</li>
<li class=""item_list"">マット点数</li>
<li class=""item"">4点</li>
<li class=""item_list"">ズレ止めの仕様</li>
<li class=""item"">純正に対応したストッパー<br>
<br>
（※出荷工場、左右ハンドル、購入されるマットの色柄等により変わる場合がございます。ご購入後の返品はお受けできませんので、ズレ止めの仕様にこだわりをお持ちの方は、ご購入前にお問い合わせ下さい。）</li>
<li class=""item_list"">納期</li>
<li class=""item"">3～8日以内に発送します</li>
<li class=""item_list"">ご注意事項</li>
<li class=""item_blue"">※ヒールパッド ： ラバーマットには取り付けできません。　<br>
※有料オプション ： 脱臭・消臭・抗菌加工は出来ません。ロック糸カラー変更は対応可能です。</li>
<li class=""item_red"">フロアマットの形状は、車種以外にも、年式・型式・その他上記事項によって変わります。(画像はサンプルマットです。)<br>
商品名とその他の項目をご確認の上、ご購入ください。<br>
<br>
受注生産品のため、返品は不可ですので、ご了承くださいませ。</li>
<li class=""item"">ズレ止めの仕様など、純正品と異なる場合があります。<br>
※詳しくはご購入前に、「フロアマットに関する注意事項」をお読みくださいませ。</li>
</ul>
<ul class=""line_up"">
<li class=""line_up"">
<p class=""line_up_img""><img src=""http://image.rakuten.co.jp/worldmat/cabinet/r/f1_140.jpg"" alt=""アウディ A4カブリオレ （B6） 2002/9～2006/4 8HBDV カーマット"" width=""140"" height=""140"" border=""0""></p>
<p class=""line_up_txt"">アウディ A4カブリオレ （B6） フロアーマット 2002/9～2006/4 8HBDV 【ワールドF1シリーズ】<br>マットの厚み約17mm！（毛足の長さはふかふかの13mm！）<br>裏面は高級仕様のフエルトバッキング</p>
</li>
<li class=""line_up"">
<p class=""line_up_img""><img src=""http://image.rakuten.co.jp/worldmat/cabinet/r/sp1_140.jpg"" alt=""アウディ A4カブリオレ （B6） 2002/9～2006/4 8HBDV カーマット"" width=""140"" height=""140"" border=""0""></p>
<p class=""line_up_txt"">アウディA4カブリオレ （B6） フロアーマット 2002/9～2006/4 8HBDV 【ワールドSP1シリーズ】<br>当店最上級シリーズ☆<br>9色から選べる♪<br>ボリュームたっぷりの生地で車内がリビングルームに</p>
</li>
</ul><br>
<div align=""center"">
<img src=""https://image.rakuten.co.jp/worldmat/cabinet/kikaku/w_20170514_616.jpg"" width=""619px"" height=""190px"" alt=""【72時間限定！！新生活応援キャンペーン】 全商品10%OFFクーポン！＆送料無料！！ 開催期間：5月14日（日）10:00～5月17日（水）AM9:59まで"" border=""0""><br>
<br>
<font size=""2"" color=""red"">当店は、ディーラーや自動車メーカーのマットを制作してきた<br>
老舗のフロアマットメーカーですが、楽天でのネット通販の歴史は浅いので、<br>
レビューの数が消して多くはありません。<br>
<br>
他店のレビューが多いマットと比べても、品質の良さとコストパフォーマンスには<br>
自信を持っておりますので、どうか、皆様の評価をいただいて、<br>
多くの方に、安心してご購入いただけるようご協力お願い申し上げます。<br>
<br>
レビューの書き方はコチラ</font></div>
<br>
<br>",ZERO（ゼロ）フロアマット アウディ A4カブリオレ （B6） 2002/9～2006/4 8HBDV 【ラバーマット】（自動車 フロアーマット カーマット）：フロアマット通販店ワールドマット,ZERO（ゼロ）フロアマット アウディ A4カブリオレ （B6） 2002/9～2006/4 8HBDV 【ラバーマット】（自動車 フロアーマット カーマット）,10%OFFクーポン☆5/17 9:59まで ★送料無料★ 。ZERO（ゼロ）フロアマット アウディ A4カブリオレ （B6） 2002/9～2006/4 8HBDV 【ラバーマット】（自動車 フロアーマット カーマット）[rn]
12-36822,http://tshop.r10s.jp/worldmat/cabinet/zero/ru.jpg?fitin=700:700,17600.0000,,車用品・バイク用品 > カー用品 > 内装パーツ > フロアマット > アウディ用,ZERO（ゼロ）フロアマット アウディ A8（D3） ロング 2003/10～2010/12 4EB 【ラバーマット】（自動車 フロアーマット カーマット）,,"<ul class=""description"">
<li class=""item_list"">カラー</li>
<li class=""item"">【ZEROラバーマット】 1色（黒色）</li>
<li class=""item_list"">メーカー</li>
<li class=""item"">Audi（アウディ）</li>
<li class=""item_list"">車種</li>
<li class=""item"">A8（D3） ロング（エーハチ）</li>
<li class=""item""><img src=""http://image.rakuten.co.jp/worldmat/cabinet/foreigncar/audi-a8-d3-long_c.jpg"" alt=""アウディ A8（D3） ロング 2003/10～2010/12 4EB"" width=""250"" height=""125"" border=""0""></li>
<li class=""item_list"">年式</li>
<li class=""item"">2003/10～2010/12</li>
<li class=""item_list"">型式</li>
<li class=""item"">4EB</li>
<li class=""item_list"">ハンドル位置</li>
<li class=""item"">左右ハンドル</li>
<li class=""item_list"">マット点数</li>
<li class=""item"">4点（フロント2枚、リア2枚）　<font color=""#FF0000"">※ロングボディー専用</font></li>
<li class=""item_list"">ズレ止めの仕様</li>
<li class=""item"">純正に対応したストッパー<br>
<br>
（※出荷工場、左右ハンドル、購入されるマットの色柄等により変わる場合がございます。ご購入後の返品はお受けできませんので、ズレ止めの仕様にこだわりをお持ちの方は、ご購入前にお問い合わせ下さい。）</li>
<li class=""item_list"">納期</li>
<li class=""item"">3～8日以内に発送します</li>
<li class=""item_list"">ご注意事項</li>
<li class=""item_blue"">※ヒールパッド ： ラバーマットには取り付けできません。　<br>
※有料オプション ： 脱臭・消臭・抗菌加工は出来ません。ロック糸カラー変更は対応可能です。</li>
<li class=""item_red"">フロアマットの形状は、車種以外にも、年式・型式・その他上記事項によって変わります。(画像はサンプルマットです。)<br>
商品名とその他の項目をご確認の上、ご購入ください。<br>
<br>
受注生産品のため、返品は不可ですので、ご了承くださいませ。</li>
<li class=""item"">ズレ止めの仕様など、純正品と異なる場合があります。<br>
※詳しくはご購入前に、「フロアマットに関する注意事項」をお読みくださいませ。</li>
</ul>
<ul class=""line_up"">
<li class=""line_up"">
<p class=""line_up_img""><img src=""http://image.rakuten.co.jp/worldmat/cabinet/r/f1_140.jpg"" alt=""アウディ A8（D3） ロング 2003/10～2010/12 4EB カーマット"" width=""140"" height=""140"" border=""0""></p>
<p class=""line_up_txt"">アウディ A8（D3） ロング フロアーマット 2003/10～2010/12 4EB 【ワールドF1シリーズ】<br>マットの厚み約17mm！（毛足の長さはふかふかの13mm！）<br>裏面は高級仕様のフエルトバッキング</p>
</li>
<li class=""line_up"">
<p class=""line_up_img""><img src=""http://image.rakuten.co.jp/worldmat/cabinet/r/sp1_140.jpg"" alt=""アウディ A8（D3） ロング 2003/10～2010/12 4EB カーマット"" width=""140"" height=""140"" border=""0""></p>
<p class=""line_up_txt"">アウディA8（D3） ロング フロアーマット 2003/10～2010/12 4EB 【ワールドSP1シリーズ】<br>当店最上級シリーズ☆<br>9色から選べる♪<br>ボリュームたっぷりの生地で車内がリビングルームに</p>
</li>
</ul><br>
<div align=""center"">
<img src=""https://image.rakuten.co.jp/worldmat/cabinet/kikaku/w_20170514_616.jpg"" width=""619px"" height=""190px"" alt=""【72時間限定！！新生活応援キャンペーン】 全商品10%OFFクーポン！＆送料無料！！ 開催期間：5月14日（日）10:00～5月17日（水）AM9:59まで"" border=""0""><br>
<br>
<font size=""2"" color=""red"">当店は、ディーラーや自動車メーカーのマットを制作してきた<br>
老舗のフロアマットメーカーですが、楽天でのネット通販の歴史は浅いので、<br>
レビューの数が消して多くはありません。<br>
<br>
他店のレビューが多いマットと比べても、品質の良さとコストパフォーマンスには<br>
自信を持っておりますので、どうか、皆様の評価をいただいて、<br>
多くの方に、安心してご購入いただけるようご協力お願い申し上げます。<br>
<br>
レビューの書き方はコチラ</font></div>
<br>
<br>",ZERO（ゼロ）フロアマット アウディ A8（D3） ロング 2003/10～2010/12 4EB 【ラバーマット】（自動車 フロアーマット カーマット）：フロアマット通販店ワールドマット,ZERO（ゼロ）フロアマット アウディ A8（D3） ロング 2003/10～2010/12 4EB 【ラバーマット】（自動車 フロアーマット カーマット）,10%OFFクーポン☆5/17 9:59まで ★送料無料★ 。ZERO（ゼロ）フロアマット アウディ A8（D3） ロング 2003/10～2010/12 4EB 【ラバーマット】（自動車 フロアーマット カーマット）[rn]
12-36823,http://tshop.r10s.jp/worldmat/cabinet/zero/ru.jpg?fitin=700:700,14400.0000,,車用品・バイク用品 > カー用品 > 内装パーツ > フロアマット > アウディ用,ZERO（ゼロ）フロアマット アウディ A3（A4） 1997/1～2003/9 8L# 【ラバーマット】（自動車 フロアーマット カーマット）,,"<ul class=""description"">
<li class=""item_list"">カラー</li>
<li class=""item"">【ZEROラバーマット】 1色（黒色）</li>
<li class=""item_list"">メーカー</li>
<li class=""item"">Audi（アウディ）</li>
<li class=""item_list"">車種</li>
<li class=""item"">A3（A4）（エーサン）</li>
<li class=""item""><img src=""http://image.rakuten.co.jp/worldmat/cabinet/foreigncar/audi-a3-a4_c.jpg"" alt=""アウディ A3（A4） 1997/1～2003/9 8L#"" width=""250"" height=""125"" border=""0""></li>
<li class=""item_list"">年式</li>
<li class=""item"">1997/1～2003/9</li>
<li class=""item_list"">型式</li>
<li class=""item"">8L#</li>
<li class=""item_list"">ハンドル位置</li>
<li class=""item"">右ハンドル</li>
<li class=""item_list"">マット点数</li>
<li class=""item"">4点</li>
<li class=""item_list"">ズレ止めの仕様</li>
<li class=""item"">純正に対応したストッパー<br>
<br>
（※出荷工場、左右ハンドル、購入されるマットの色柄等により変わる場合がございます。ご購入後の返品はお受けできませんので、ズレ止めの仕様にこだわりをお持ちの方は、ご購入前にお問い合わせ下さい。）</li>
<li class=""item_list"">納期</li>
<li class=""item"">3～8日以内に発送します</li>
<li class=""item_list"">ご注意事項</li>
<li class=""item_blue"">※ヒールパッド ： ラバーマットには取り付けできません。　<br>
※有料オプション ： 脱臭・消臭・抗菌加工は出来ません。ロック糸カラー変更は対応可能です。</li>
<li class=""item_red"">フロアマットの形状は、車種以外にも、年式・型式・その他上記事項によって変わります。(画像はサンプルマットです。)<br>
商品名とその他の項目をご確認の上、ご購入ください。<br>
<br>
受注生産品のため、返品は不可ですので、ご了承くださいませ。</li>
<li class=""item"">ズレ止めの仕様など、純正品と異なる場合があります。<br>
※詳しくはご購入前に、「フロアマットに関する注意事項」をお読みくださいませ。</li>
</ul>
<ul class=""line_up"">
<li class=""line_up"">
<p class=""line_up_img""><img src=""http://image.rakuten.co.jp/worldmat/cabinet/r/f1_140.jpg"" alt=""アウディ A3（A4） 1997/1～2003/9 8L# カーマット"" width=""140"" height=""140"" border=""0""></p>
<p class=""line_up_txt"">アウディ A3（A4） フロアーマット 1997/1～2003/9 8L# 【ワールドF1シリーズ】<br>マットの厚み約17mm！（毛足の長さはふかふかの13mm！）<br>裏面は高級仕様のフエルトバッキング</p>
</li>
<li class=""line_up"">
<p class=""line_up_img""><img src=""http://image.rakuten.co.jp/worldmat/cabinet/r/sp1_140.jpg"" alt=""アウディ A3（A4） 1997/1～2003/9 8L# カーマット"" width=""140"" height=""140"" border=""0""></p>
<p class=""line_up_txt"">アウディA3（A4） フロアーマット 1997/1～2003/9 8L# 【ワールドSP1シリーズ】<br>当店最上級シリーズ☆<br>9色から選べる♪<br>ボリュームたっぷりの生地で車内がリビングルームに</p>
</li>
</ul><br>
<div align=""center"">
<img src=""https://image.rakuten.co.jp/worldmat/cabinet/kikaku/w_20170514_616.jpg"" width=""619px"" height=""190px"" alt=""【72時間限定！！新生活応援キャンペーン】 全商品10%OFFクーポン！＆送料無料！！ 開催期間：5月14日（日）10:00～5月17日（水）AM9:59まで"" border=""0""><br>
<br>
<font size=""2"" color=""red"">当店は、ディーラーや自動車メーカーのマットを制作してきた<br>
老舗のフロアマットメーカーですが、楽天でのネット通販の歴史は浅いので、<br>
レビューの数が消して多くはありません。<br>
<br>
他店のレビューが多いマットと比べても、品質の良さとコストパフォーマンスには<br>
自信を持っておりますので、どうか、皆様の評価をいただいて、<br>
多くの方に、安心してご購入いただけるようご協力お願い申し上げます。<br>
<br>
レビューの書き方はコチラ</font></div>
<br>
<br>",ZERO（ゼロ）フロアマット アウディ A3（A4） 1997/1～2003/9 8L# 【ラバーマット】（自動車 フロアーマット カーマット）：フロアマット通販店ワールドマット,ZERO（ゼロ）フロアマット アウディ A3（A4） 1997/1～2003/9 8L# 【ラバーマット】（自動車 フロアーマット カーマット）,10%OFFクーポン☆5/17 9:59まで ★送料無料★ 。ZERO（ゼロ）フロアマット アウディ A3（A4） 1997/1～2003/9 8L# 【ラバーマット】（自動車 フロアーマット カーマット）[rn]
12-36824,http://tshop.r10s.jp/worldmat/cabinet/zero/ru.jpg?fitin=700:700,16000.0000,,車用品・バイク用品 > カー用品 > 内装パーツ > フロアマット > アウディ用,ZERO（ゼロ）フロアマット アウディ Q7（7L） 【5人乗り】 2006/10～ 4L# 【ラバーマット】（自動車 フロアーマット カーマット）,,"<ul class=""description"">
<li class=""item_list"">カラー</li>
<li class=""item"">【ZEROラバーマット】 1色（黒色）</li>
<li class=""item_list"">メーカー</li>
<li class=""item"">Audi（アウディ）</li>
<li class=""item_list"">車種</li>
<li class=""item"">Q7（7L） 【5人乗り】（キューセブン）</li>
<li class=""item""><img src=""http://image.rakuten.co.jp/worldmat/cabinet/foreigncar/audi-q7-7l-5_c.jpg"" alt=""アウディ Q7（7L） 【5人乗り】 2006/10～ 4L#"" width=""250"" height=""125"" border=""0""></li>
<li class=""item_list"">年式</li>
<li class=""item"">2006/10～</li>
<li class=""item_list"">型式</li>
<li class=""item"">4L#</li>
<li class=""item_list"">ハンドル位置</li>
<li class=""item"">左右ハンドル</li>
<li class=""item_list"">マット点数</li>
<li class=""item"">4点（フロント2枚、リア2枚）</li>
<li class=""item_list"">ズレ止めの仕様</li>
<li class=""item"">純正に対応したストッパー<br>
<br>
（※出荷工場、左右ハンドル、購入されるマットの色柄等により変わる場合がございます。ご購入後の返品はお受けできませんので、ズレ止めの仕様にこだわりをお持ちの方は、ご購入前にお問い合わせ下さい。）</li>
<li class=""item_list"">納期</li>
<li class=""item"">3～8日以内に発送します</li>
<li class=""item_list"">ご注意事項</li>
<li class=""item_blue"">※ヒールパッド ： ラバーマットには取り付けできません。　<br>
※有料オプション ： 脱臭・消臭・抗菌加工は出来ません。ロック糸カラー変更は対応可能です。</li>
<li class=""item_red"">フロアマットの形状は、車種以外にも、年式・型式・その他上記事項によって変わります。(画像はサンプルマットです。)<br>
商品名とその他の項目をご確認の上、ご購入ください。<br>
<br>
受注生産品のため、返品は不可ですので、ご了承くださいませ。</li>
<li class=""item"">ズレ止めの仕様など、純正品と異なる場合があります。<br>
※詳しくはご購入前に、「フロアマットに関する注意事項」をお読みくださいませ。</li>
</ul>
<ul class=""line_up"">
<li class=""line_up"">
<p class=""line_up_img""><img src=""http://image.rakuten.co.jp/worldmat/cabinet/r/f1_140.jpg"" alt=""アウディ Q7（7L） 【5人乗り】 2006/10～ 4L# カーマット"" width=""140"" height=""140"" border=""0""></p>
<p class=""line_up_txt"">アウディ Q7（7L） 【5人乗り】 フロアーマット 2006/10～ 4L# 【ワールドF1シリーズ】<br>マットの厚み約17mm！（毛足の長さはふかふかの13mm！）<br>裏面は高級仕様のフエルトバッキング</p>
</li>
<li class=""line_up"">
<p class=""line_up_img""><img src=""http://image.rakuten.co.jp/worldmat/cabinet/r/sp1_140.jpg"" alt=""アウディ Q7（7L） 【5人乗り】 2006/10～ 4L# カーマット"" width=""140"" height=""140"" border=""0""></p>
<p class=""line_up_txt"">アウディQ7（7L） 【5人乗り】 フロアーマット 2006/10～ 4L# 【ワールドSP1シリーズ】<br>当店最上級シリーズ☆<br>9色から選べる♪<br>ボリュームたっぷりの生地で車内がリビングルームに</p>
</li>
</ul><br>
<div align=""center"">
<img src=""https://image.rakuten.co.jp/worldmat/cabinet/kikaku/w_20170514_616.jpg"" width=""619px"" height=""190px"" alt=""【72時間限定！！新生活応援キャンペーン】 全商品10%OFFクーポン！＆送料無料！！ 開催期間：5月14日（日）10:00～5月17日（水）AM9:59まで"" border=""0""><br>
<br>
<font size=""2"" color=""red"">当店は、ディーラーや自動車メーカーのマットを制作してきた<br>
老舗のフロアマットメーカーですが、楽天でのネット通販の歴史は浅いので、<br>
レビューの数が消して多くはありません。<br>
<br>
他店のレビューが多いマットと比べても、品質の良さとコストパフォーマンスには<br>
自信を持っておりますので、どうか、皆様の評価をいただいて、<br>
多くの方に、安心してご購入いただけるようご協力お願い申し上げます。<br>
<br>
レビューの書き方はコチラ</font></div>
<br>
<br>",ZERO（ゼロ）フロアマット アウディ Q7（7L） 【5人乗り】 2006/10～ 4L# 【ラバーマット】（自動車 フロアーマット カーマット）：フロアマット通販店ワールドマット,ZERO（ゼロ）フロアマット アウディ Q7（7L） 【5人乗り】 2006/10～ 4L# 【ラバーマット】（自動車 フロアーマット カーマット）,10%OFFクーポン☆5/17 9:59まで ★送料無料★ 。ZERO（ゼロ）フロアマット アウディ Q7（7L） 【5人乗り】 2006/10～ 4L# 【ラバーマット】（自動車 フロアーマット カーマット）[rn]
12-36825,http://tshop.r10s.jp/worldmat/cabinet/zero/ru.jpg?fitin=700:700,14400.0000,,車用品・バイク用品 > カー用品 > 内装パーツ > フロアマット > アウディ用,ZERO（ゼロ）フロアマット アウディ A3（A5） 2003/9～2013/9 8PA、8PB 【ラバーマット】（自動車 フロアーマット カーマット）,,"<ul class=""description"">
<li class=""item_list"">カラー</li>
<li class=""item"">【ZEROラバーマット】 1色（黒色）</li>
<li class=""item_list"">メーカー</li>
<li class=""item"">Audi（アウディ）</li>
<li class=""item_list"">車種</li>
<li class=""item"">A3（A5）（エーサン）</li>
<li class=""item""><img src=""http://image.rakuten.co.jp/worldmat/cabinet/foreigncar/audi-a3-a5_c.jpg"" alt=""アウディ A3（A5） 2003/9～2013/9 8PA、8PB"" width=""250"" height=""125"" border=""0""></li>
<li class=""item_list"">年式</li>
<li class=""item"">2003/9～2013/9</li>
<li class=""item_list"">型式</li>
<li class=""item"">8PA、8PB</li>
<li class=""item_list"">ハンドル位置</li>
<li class=""item"">右ハンドル</li>
<li class=""item_list"">マット点数</li>
<li class=""item"">4点</li>
<li class=""item_list"">ズレ止めの仕様</li>
<li class=""item"">純正に対応したストッパー<br>
<br>
（※出荷工場、左右ハンドル、購入されるマットの色柄等により変わる場合がございます。ご購入後の返品はお受けできませんので、ズレ止めの仕様にこだわりをお持ちの方は、ご購入前にお問い合わせ下さい。）</li>
<li class=""item_list"">納期</li>
<li class=""item"">3～8日以内に発送します</li>
<li class=""item_list"">ご注意事項</li>
<li class=""item_blue"">※ヒールパッド ： ラバーマットには取り付けできません。　<br>
※有料オプション ： 脱臭・消臭・抗菌加工は出来ません。ロック糸カラー変更は対応可能です。</li>
<li class=""item_red"">フロアマットの形状は、車種以外にも、年式・型式・その他上記事項によって変わります。(画像はサンプルマットです。)<br>
商品名とその他の項目をご確認の上、ご購入ください。<br>
<br>
受注生産品のため、返品は不可ですので、ご了承くださいませ。</li>
<li class=""item"">ズレ止めの仕様など、純正品と異なる場合があります。<br>
※詳しくはご購入前に、「フロアマットに関する注意事項」をお読みくださいませ。</li>
</ul>
<ul class=""line_up"">
<li class=""line_up"">
<p class=""line_up_img""><img src=""http://image.rakuten.co.jp/worldmat/cabinet/r/f1_140.jpg"" alt=""アウディ A3（A5） 2003/9～2013/9 8PA、8PB カーマット"" width=""140"" height=""140"" border=""0""></p>
<p class=""line_up_txt"">アウディ A3（A5） フロアーマット 2003/9～2013/9 8PA、8PB 【ワールドF1シリーズ】<br>マットの厚み約17mm！（毛足の長さはふかふかの13mm！）<br>裏面は高級仕様のフエルトバッキング</p>
</li>
<li class=""line_up"">
<p class=""line_up_img""><img src=""http://image.rakuten.co.jp/worldmat/cabinet/r/sp1_140.jpg"" alt=""アウディ A3（A5） 2003/9～2013/9 8PA、8PB カーマット"" width=""140"" height=""140"" border=""0""></p>
<p class=""line_up_txt"">アウディA3（A5） フロアーマット 2003/9～2013/9 8PA、8PB 【ワールドSP1シリーズ】<br>当店最上級シリーズ☆<br>9色から選べる♪<br>ボリュームたっぷりの生地で車内がリビングルームに</p>
</li>
</ul><br>
<div align=""center"">
<img src=""https://image.rakuten.co.jp/worldmat/cabinet/kikaku/w_20170514_616.jpg"" width=""619px"" height=""190px"" alt=""【72時間限定！！新生活応援キャンペーン】 全商品10%OFFクーポン！＆送料無料！！ 開催期間：5月14日（日）10:00～5月17日（水）AM9:59まで"" border=""0""><br>
<br>
<font size=""2"" color=""red"">当店は、ディーラーや自動車メーカーのマットを制作してきた<br>
老舗のフロアマットメーカーですが、楽天でのネット通販の歴史は浅いので、<br>
レビューの数が消して多くはありません。<br>
<br>
他店のレビューが多いマットと比べても、品質の良さとコストパフォーマンスには<br>
自信を持っておりますので、どうか、皆様の評価をいただいて、<br>
多くの方に、安心してご購入いただけるようご協力お願い申し上げます。<br>
<br>
レビューの書き方はコチラ</font></div>
<br>
<br>",ZERO（ゼロ）フロアマット アウディ A3（A5） 2003/9～2013/9 8PA、8PB 【ラバーマット】（自動車 フロアーマット カーマット）：フロアマット通販店ワールドマット,ZERO（ゼロ）フロアマット アウディ A3（A5） 2003/9～2013/9 8PA、8PB 【ラバーマット】（自動車 フロアーマット カーマット）,10%OFFクーポン☆5/17 9:59まで ★送料無料★ 。ZERO（ゼロ）フロアマット アウディ A3（A5） 2003/9～2013/9 8PA、8PB 【ラバーマット】（自動車 フロアーマット カーマット）[rn]
12-36826,http://tshop.r10s.jp/worldmat/cabinet/zero/ru.jpg?fitin=700:700,16000.0000,,車用品・バイク用品 > カー用品 > 内装パーツ > フロアマット > アウディ用,ZERO（ゼロ）フロアマット アウディ S6（C7） 2012/8～ 4GCEUA 【ラバーマット】（自動車 フロアーマット カーマット）,,"<ul class=""description"">
<li class=""item_list"">カラー</li>
<li class=""item"">【ZEROラバーマット】 1色（黒色）</li>
<li class=""item_list"">メーカー</li>
<li class=""item"">Audi（アウディ）</li>
<li class=""item_list"">車種</li>
<li class=""item"">S6（C7）（エスロク）</li>
<li class=""item""><img src=""http://image.rakuten.co.jp/worldmat/cabinet/foreigncar/audi-s6-c7_c.jpg"" alt=""アウディ S6（C7） 2012/8～ 4GCEUA"" width=""250"" height=""125"" border=""0""></li>
<li class=""item_list"">年式</li>
<li class=""item"">2012/8～</li>
<li class=""item_list"">型式</li>
<li class=""item"">4GCEUA</li>
<li class=""item_list"">ハンドル位置</li>
<li class=""item"">左右ハンドル</li>
<li class=""item_list"">マット点数</li>
<li class=""item"">5点（フロント2枚、リア3枚）</li>
<li class=""item_list"">ズレ止めの仕様</li>
<li class=""item"">純正に対応したストッパー<br>
<br>
（※出荷工場、左右ハンドル、購入されるマットの色柄等により変わる場合がございます。ご購入後の返品はお受けできませんので、ズレ止めの仕様にこだわりをお持ちの方は、ご購入前にお問い合わせ下さい。）</li>
<li class=""item_list"">納期</li>
<li class=""item"">3～8日以内に発送します</li>
<li class=""item_list"">ご注意事項</li>
<li class=""item_blue"">※ヒールパッド ： ラバーマットには取り付けできません。　<br>
※有料オプション ： 脱臭・消臭・抗菌加工は出来ません。ロック糸カラー変更は対応可能です。</li>
<li class=""item_red"">フロアマットの形状は、車種以外にも、年式・型式・その他上記事項によって変わります。(画像はサンプルマットです。)<br>
商品名とその他の項目をご確認の上、ご購入ください。<br>
<br>
受注生産品のため、返品は不可ですので、ご了承くださいませ。</li>
<li class=""item"">ズレ止めの仕様など、純正品と異なる場合があります。<br>
※詳しくはご購入前に、「フロアマットに関する注意事項」をお読みくださいませ。</li>
</ul>
<ul class=""line_up"">
<li class=""line_up"">
<p class=""line_up_img""><img src=""http://image.rakuten.co.jp/worldmat/cabinet/r/f1_140.jpg"" alt=""アウディ S6（C7） 2012/8～ 4GCEUA カーマット"" width=""140"" height=""140"" border=""0""></p>
<p class=""line_up_txt"">アウディ S6（C7） フロアーマット 2012/8～ 4GCEUA 【ワールドF1シリーズ】<br>マットの厚み約17mm！（毛足の長さはふかふかの13mm！）<br>裏面は高級仕様のフエルトバッキング</p>
</li>
<li class=""line_up"">
<p class=""line_up_img""><img src=""http://image.rakuten.co.jp/worldmat/cabinet/r/sp1_140.jpg"" alt=""アウディ S6（C7） 2012/8～ 4GCEUA カーマット"" width=""140"" height=""140"" border=""0""></p>
<p class=""line_up_txt"">アウディS6（C7） フロアーマット 2012/8～ 4GCEUA 【ワールドSP1シリーズ】<br>当店最上級シリーズ☆<br>9色から選べる♪<br>ボリュームたっぷりの生地で車内がリビングルームに</p>
</li>
</ul><br>
<div align=""center"">
<img src=""https://image.rakuten.co.jp/worldmat/cabinet/kikaku/w_20170514_616.jpg"" width=""619px"" height=""190px"" alt=""【72時間限定！！新生活応援キャンペーン】 全商品10%OFFクーポン！＆送料無料！！ 開催期間：5月14日（日）10:00～5月17日（水）AM9:59まで"" border=""0""><br>
<br>
<font size=""2"" color=""red"">当店は、ディーラーや自動車メーカーのマットを制作してきた<br>
老舗のフロアマットメーカーですが、楽天でのネット通販の歴史は浅いので、<br>
レビューの数が消して多くはありません。<br>
<br>
他店のレビューが多いマットと比べても、品質の良さとコストパフォーマンスには<br>
自信を持っておりますので、どうか、皆様の評価をいただいて、<br>
多くの方に、安心してご購入いただけるようご協力お願い申し上げます。<br>
<br>
レビューの書き方はコチラ</font></div>
<br>
<br>",ZERO（ゼロ）フロアマット アウディ S6（C7） 2012/8～ 4GCEUA 【ラバーマット】（自動車 フロアーマット カーマット）：フロアマット通販店ワールドマット,ZERO（ゼロ）フロアマット アウディ S6（C7） 2012/8～ 4GCEUA 【ラバーマット】（自動車 フロアーマット カーマット）,10%OFFクーポン☆5/17 9:59まで ★送料無料★ 。ZERO（ゼロ）フロアマット アウディ S6（C7） 2012/8～ 4GCEUA 【ラバーマット】（自動車 フロアーマット カーマット）[rn]
12-36827,http://tshop.r10s.jp/worldmat/cabinet/zero/ru.jpg?fitin=700:700,16000.0000,,車用品・バイク用品 > カー用品 > 内装パーツ > フロアマット > アウディ用,ZERO（ゼロ）フロアマット アウディ A6（C5） 1997/9～2004/7 4BA、ABB 【ラバーマット】（自動車 フロアーマット カーマット）,,"<ul class=""description"">
<li class=""item_list"">カラー</li>
<li class=""item"">【ZEROラバーマット】 1色（黒色）</li>
<li class=""item_list"">メーカー</li>
<li class=""item"">Audi（アウディ）</li>
<li class=""item_list"">車種</li>
<li class=""item"">A6（C5）（エーロク）</li>
<li class=""item""><img src=""http://image.rakuten.co.jp/worldmat/cabinet/foreigncar/audi-a6-c5_c.jpg"" alt=""アウディ A6（C5） 1997/9～2004/7 4BA、ABB"" width=""250"" height=""125"" border=""0""></li>
<li class=""item_list"">年式</li>
<li class=""item"">1997/9～2004/7</li>
<li class=""item_list"">型式</li>
<li class=""item"">4BA、ABB</li>
<li class=""item_list"">ハンドル位置</li>
<li class=""item"">右ハンドル</li>
<li class=""item_list"">マット点数</li>
<li class=""item"">4点</li>
<li class=""item_list"">ズレ止めの仕様</li>
<li class=""item"">純正に対応したストッパー<br>
<br>
（※出荷工場、左右ハンドル、購入されるマットの色柄等により変わる場合がございます。ご購入後の返品はお受けできませんので、ズレ止めの仕様にこだわりをお持ちの方は、ご購入前にお問い合わせ下さい。）</li>
<li class=""item_list"">納期</li>
<li class=""item"">3～8日以内に発送します</li>
<li class=""item_list"">ご注意事項</li>
<li class=""item_blue"">※ヒールパッド ： ラバーマットには取り付けできません。　<br>
※有料オプション ： 脱臭・消臭・抗菌加工は出来ません。ロック糸カラー変更は対応可能です。</li>
<li class=""item_red"">フロアマットの形状は、車種以外にも、年式・型式・その他上記事項によって変わります。(画像はサンプルマットです。)<br>
商品名とその他の項目をご確認の上、ご購入ください。<br>
<br>
受注生産品のため、返品は不可ですので、ご了承くださいませ。</li>
<li class=""item"">ズレ止めの仕様など、純正品と異なる場合があります。<br>
※詳しくはご購入前に、「フロアマットに関する注意事項」をお読みくださいませ。</li>
</ul>
<ul class=""line_up"">
<li class=""line_up"">
<p class=""line_up_img""><img src=""http://image.rakuten.co.jp/worldmat/cabinet/r/f1_140.jpg"" alt=""アウディ A6（C5） 1997/9～2004/7 4BA、ABB カーマット"" width=""140"" height=""140"" border=""0""></p>
<p class=""line_up_txt"">アウディ A6（C5） フロアーマット 1997/9～2004/7 4BA、ABB 【ワールドF1シリーズ】<br>マットの厚み約17mm！（毛足の長さはふかふかの13mm！）<br>裏面は高級仕様のフエルトバッキング</p>
</li>
<li class=""line_up"">
<p class=""line_up_img""><img src=""http://image.rakuten.co.jp/worldmat/cabinet/r/sp1_140.jpg"" alt=""アウディ A6（C5） 1997/9～2004/7 4BA、ABB カーマット"" width=""140"" height=""140"" border=""0""></p>
<p class=""line_up_txt"">アウディA6（C5） フロアーマット 1997/9～2004/7 4BA、ABB 【ワールドSP1シリーズ】<br>当店最上級シリーズ☆<br>9色から選べる♪<br>ボリュームたっぷりの生地で車内がリビングルームに</p>
</li>
</ul><br>
<div align=""center"">
<img src=""https://image.rakuten.co.jp/worldmat/cabinet/kikaku/w_20170514_616.jpg"" width=""619px"" height=""190px"" alt=""【72時間限定！！新生活応援キャンペーン】 全商品10%OFFクーポン！＆送料無料！！ 開催期間：5月14日（日）10:00～5月17日（水）AM9:59まで"" border=""0""><br>
<br>
<font size=""2"" color=""red"">当店は、ディーラーや自動車メーカーのマットを制作してきた<br>
老舗のフロアマットメーカーですが、楽天でのネット通販の歴史は浅いので、<br>
レビューの数が消して多くはありません。<br>
<br>
他店のレビューが多いマットと比べても、品質の良さとコストパフォーマンスには<br>
自信を持っておりますので、どうか、皆様の評価をいただいて、<br>
多くの方に、安心してご購入いただけるようご協力お願い申し上げます。<br>
<br>
レビューの書き方はコチラ</font></div>
<br>
<br>",ZERO（ゼロ）フロアマット アウディ A6（C5） 1997/9～2004/7 4BA、ABB 【ラバーマット】（自動車 フロアーマット カーマット）：フロアマット通販店ワールドマット,ZERO（ゼロ）フロアマット アウディ A6（C5） 1997/9～2004/7 4BA、ABB 【ラバーマット】（自動車 フロアーマット カーマット）,10%OFFクーポン☆5/17 9:59まで ★送料無料★ 。ZERO（ゼロ）フロアマット アウディ A6（C5） 1997/9～2004/7 4BA、ABB 【ラバーマット】（自動車 フロアーマット カーマット）[rn]
12-36828,http://tshop.r10s.jp/worldmat/cabinet/zero/ru.jpg?fitin=700:700,14400.0000,,車用品・バイク用品 > カー用品 > 内装パーツ > フロアマット > アウディ用,ZERO（ゼロ）フロアマット アウディ A1 2011/1～ 8XCAX 【ラバーマット】（自動車 フロアーマット カーマット）,,"<ul class=""description"">
<li class=""item_list"">カラー</li>
<li class=""item"">【ZEROラバーマット】 1色（黒色）</li>
<li class=""item_list"">メーカー</li>
<li class=""item"">Audi（アウディ）</li>
<li class=""item_list"">車種</li>
<li class=""item"">A1（エイワン）</li>
<li class=""item""><img src=""http://image.rakuten.co.jp/worldmat/cabinet/foreigncar/audi-a1_c.jpg"" alt=""アウディ A1 2011/1～ 8XCAX"" width=""250"" height=""125"" border=""0""></li>
<li class=""item_list"">年式</li>
<li class=""item"">2011/1～</li>
<li class=""item_list"">型式</li>
<li class=""item"">8XCAX</li>
<li class=""item_list"">ハンドル位置</li>
<li class=""item"">右ハンドル</li>
<li class=""item_list"">マット点数</li>
<li class=""item"">4点</li>
<li class=""item_list"">ズレ止めの仕様</li>
<li class=""item"">純正に対応したストッパー<br>
<br>
（※出荷工場、左右ハンドル、購入されるマットの色柄等により変わる場合がございます。ご購入後の返品はお受けできませんので、ズレ止めの仕様にこだわりをお持ちの方は、ご購入前にお問い合わせ下さい。）</li>
<li class=""item_list"">納期</li>
<li class=""item"">3～8日以内に発送します</li>
<li class=""item_list"">ご注意事項</li>
<li class=""item_blue"">※ヒールパッド ： ラバーマットには取り付けできません。　<br>
※有料オプション ： 脱臭・消臭・抗菌加工は出来ません。ロック糸カラー変更は対応可能です。</li>
<li class=""item_red"">フロアマットの形状は、車種以外にも、年式・型式・その他上記事項によって変わります。(画像はサンプルマットです。)<br>
商品名とその他の項目をご確認の上、ご購入ください。<br>
<br>
受注生産品のため、返品は不可ですので、ご了承くださいませ。</li>
<li class=""item"">ズレ止めの仕様など、純正品と異なる場合があります。<br>
※詳しくはご購入前に、「フロアマットに関する注意事項」をお読みくださいませ。</li>
</ul>
<ul class=""line_up"">
<li class=""line_up"">
<p class=""line_up_img""><img src=""http://image.rakuten.co.jp/worldmat/cabinet/r/f1_140.jpg"" alt=""アウディ A1 2011/1～ 8XCAX カーマット"" width=""140"" height=""140"" border=""0""></p>
<p class=""line_up_txt"">アウディ A1 フロアーマット 2011/1～ 8XCAX 【ワールドF1シリーズ】<br>マットの厚み約17mm！（毛足の長さはふかふかの13mm！）<br>裏面は高級仕様のフエルトバッキング</p>
</li>
<li class=""line_up"">
<p class=""line_up_img""><img src=""http://image.rakuten.co.jp/worldmat/cabinet/r/sp1_140.jpg"" alt=""アウディ A1 2011/1～ 8XCAX カーマット"" width=""140"" height=""140"" border=""0""></p>
<p class=""line_up_txt"">アウディA1 フロアーマット 2011/1～ 8XCAX 【ワールドSP1シリーズ】<br>当店最上級シリーズ☆<br>9色から選べる♪<br>ボリュームたっぷりの生地で車内がリビングルームに</p>
</li>
</ul><br>
<div align=""center"">
<img src=""https://image.rakuten.co.jp/worldmat/cabinet/kikaku/w_20170514_616.jpg"" width=""619px"" height=""190px"" alt=""【72時間限定！！新生活応援キャンペーン】 全商品10%OFFクーポン！＆送料無料！！ 開催期間：5月14日（日）10:00～5月17日（水）AM9:59まで"" border=""0""><br>
<br>
<font size=""2"" color=""red"">当店は、ディーラーや自動車メーカーのマットを制作してきた<br>
老舗のフロアマットメーカーですが、楽天でのネット通販の歴史は浅いので、<br>
レビューの数が消して多くはありません。<br>
<br>
他店のレビューが多いマットと比べても、品質の良さとコストパフォーマンスには<br>
自信を持っておりますので、どうか、皆様の評価をいただいて、<br>
多くの方に、安心してご購入いただけるようご協力お願い申し上げます。<br>
<br>
レビューの書き方はコチラ</font></div>
<br>
<br>",ZERO（ゼロ）フロアマット アウディ A1 2011/1～ 8XCAX 【ラバーマット】（自動車 フロアーマット カーマット）：フロアマット通販店ワールドマット,ZERO（ゼロ）フロアマット アウディ A1 2011/1～ 8XCAX 【ラバーマット】（自動車 フロアーマット カーマット）,10%OFFクーポン☆5/17 9:59まで ★送料無料★ 。ZERO（ゼロ）フロアマット アウディ A1 2011/1～ 8XCAX 【ラバーマット】（自動車 フロアーマット カーマット）[rn]
12-36829,http://tshop.r10s.jp/worldmat/cabinet/zero/ru.jpg?fitin=700:700,16000.0000,,車用品・バイク用品 > カー用品 > 内装パーツ > フロアマット > アウディ用,ZERO（ゼロ）フロアマット アウディ A7 スポーツバッグ 2011/5～ 4GCGWC 【ラバーマット】（自動車 フロアーマット カーマット）,,"<ul class=""description"">
<li class=""item_list"">カラー</li>
<li class=""item"">【ZEROラバーマット】 1色（黒色）</li>
<li class=""item_list"">メーカー</li>
<li class=""item"">Audi（アウディ）</li>
<li class=""item_list"">車種</li>
<li class=""item"">A7 スポーツバッグ（エーセブン）</li>
<li class=""item""><img src=""http://image.rakuten.co.jp/worldmat/cabinet/foreigncar/audi-a7-sportback_c.jpg"" alt=""アウディ A7 スポーツバッグ 2011/5～ 4GCGWC"" width=""250"" height=""125"" border=""0""></li>
<li class=""item_list"">年式</li>
<li class=""item"">2011/5～</li>
<li class=""item_list"">型式</li>
<li class=""item"">4GCGWC</li>
<li class=""item_list"">ハンドル位置</li>
<li class=""item"">右ハンドル</li>
<li class=""item_list"">マット点数</li>
<li class=""item"">5点</li>
<li class=""item_list"">ズレ止めの仕様</li>
<li class=""item"">純正に対応したストッパー<br>
<br>
（※出荷工場、左右ハンドル、購入されるマットの色柄等により変わる場合がございます。ご購入後の返品はお受けできませんので、ズレ止めの仕様にこだわりをお持ちの方は、ご購入前にお問い合わせ下さい。）</li>
<li class=""item_list"">納期</li>
<li class=""item"">3～8日以内に発送します</li>
<li class=""item_list"">ご注意事項</li>
<li class=""item_blue"">※ヒールパッド ： ラバーマットには取り付けできません。　<br>
※有料オプション ： 脱臭・消臭・抗菌加工は出来ません。ロック糸カラー変更は対応可能です。</li>
<li class=""item_red"">フロアマットの形状は、車種以外にも、年式・型式・その他上記事項によって変わります。(画像はサンプルマットです。)<br>
商品名とその他の項目をご確認の上、ご購入ください。<br>
<br>
受注生産品のため、返品は不可ですので、ご了承くださいませ。</li>
<li class=""item"">ズレ止めの仕様など、純正品と異なる場合があります。<br>
※詳しくはご購入前に、「フロアマットに関する注意事項」をお読みくださいませ。</li>
</ul>
<ul class=""line_up"">
<li class=""line_up"">
<p class=""line_up_img""><img src=""http://image.rakuten.co.jp/worldmat/cabinet/r/f1_140.jpg"" alt=""アウディ A7 スポーツバッグ 2011/5～ 4GCGWC カーマット"" width=""140"" height=""140"" border=""0""></p>
<p class=""line_up_txt"">アウディ A7 スポーツバッグ フロアーマット 2011/5～ 4GCGWC 【ワールドF1シリーズ】<br>マットの厚み約17mm！（毛足の長さはふかふかの13mm！）<br>裏面は高級仕様のフエルトバッキング</p>
</li>
<li class=""line_up"">
<p class=""line_up_img""><img src=""http://image.rakuten.co.jp/worldmat/cabinet/r/sp1_140.jpg"" alt=""アウディ A7 スポーツバッグ 2011/5～ 4GCGWC カーマット"" width=""140"" height=""140"" border=""0""></p>
<p class=""line_up_txt"">アウディA7 スポーツバッグ フロアーマット 2011/5～ 4GCGWC 【ワールドSP1シリーズ】<br>当店最上級シリーズ☆<br>9色から選べる♪<br>ボリュームたっぷりの生地で車内がリビングルームに</p>
</li>
</ul><br>
<div align=""center"">
<img src=""https://image.rakuten.co.jp/worldmat/cabinet/kikaku/w_20170514_616.jpg"" width=""619px"" height=""190px"" alt=""【72時間限定！！新生活応援キャンペーン】 全商品10%OFFクーポン！＆送料無料！！ 開催期間：5月14日（日）10:00～5月17日（水）AM9:59まで"" border=""0""><br>
<br>
<font size=""2"" color=""red"">当店は、ディーラーや自動車メーカーのマットを制作してきた<br>
老舗のフロアマットメーカーですが、楽天でのネット通販の歴史は浅いので、<br>
レビューの数が消して多くはありません。<br>
<br>
他店のレビューが多いマットと比べても、品質の良さとコストパフォーマンスには<br>
自信を持っておりますので、どうか、皆様の評価をいただいて、<br>
多くの方に、安心してご購入いただけるようご協力お願い申し上げます。<br>
<br>
レビューの書き方はコチラ</font></div>
<br>
<br>",ZERO（ゼロ）フロアマット アウディ A7 スポーツバッグ 2011/5～ 4GCGWC 【ラバーマット】（自動車 フロアーマット カーマット）：フロアマット通販店ワールドマット,ZERO（ゼロ）フロアマット アウディ A7 スポーツバッグ 2011/5～ 4GCGWC 【ラバーマット】（自動車 フロアーマット カーマット）,10%OFFクーポン☆5/17 9:59まで ★送料無料★ 。ZERO（ゼロ）フロアマット アウディ A7 スポーツバッグ 2011/5～ 4GCGWC 【ラバーマット】（自動車 フロアーマット カーマット）[rn]
12-36830,http://tshop.r10s.jp/worldmat/cabinet/zero/ru.jpg?fitin=700:700,16000.0000,,車用品・バイク用品 > カー用品 > 内装パーツ > フロアマット > アウディ用,ZERO（ゼロ）フロアマット アウディ A6（C7） 2011/8～ 4GC 【ラバーマット】（自動車 フロアーマット カーマット）,,"<ul class=""description"">
<li class=""item_list"">カラー</li>
<li class=""item"">【ZEROラバーマット】 1色（黒色）</li>
<li class=""item_list"">メーカー</li>
<li class=""item"">Audi（アウディ）</li>
<li class=""item_list"">車種</li>
<li class=""item"">A6（C7）（エーロク）</li>
<li class=""item""><img src=""http://image.rakuten.co.jp/worldmat/cabinet/foreigncar/audi-a6-c7_c.jpg"" alt=""アウディ A6（C7） 2011/8～ 4GC"" width=""250"" height=""125"" border=""0""></li>
<li class=""item_list"">年式</li>
<li class=""item"">2011/8～</li>
<li class=""item_list"">型式</li>
<li class=""item"">4GC</li>
<li class=""item_list"">ハンドル位置</li>
<li class=""item"">左右ハンドル</li>
<li class=""item_list"">マット点数</li>
<li class=""item"">5点（フロント2枚、リア3枚）</li>
<li class=""item_list"">ズレ止めの仕様</li>
<li class=""item"">純正に対応したストッパー<br>
<br>
（※出荷工場、左右ハンドル、購入されるマットの色柄等により変わる場合がございます。ご購入後の返品はお受けできませんので、ズレ止めの仕様にこだわりをお持ちの方は、ご購入前にお問い合わせ下さい。）</li>
<li class=""item_list"">納期</li>
<li class=""item"">3～8日以内に発送します</li>
<li class=""item_list"">ご注意事項</li>
<li class=""item_blue"">※ヒールパッド ： ラバーマットには取り付けできません。　<br>
※有料オプション ： 脱臭・消臭・抗菌加工は出来ません。ロック糸カラー変更は対応可能です。</li>
<li class=""item_red"">フロアマットの形状は、車種以外にも、年式・型式・その他上記事項によって変わります。(画像はサンプルマットです。)<br>
商品名とその他の項目をご確認の上、ご購入ください。<br>
<br>
受注生産品のため、返品は不可ですので、ご了承くださいませ。</li>
<li class=""item"">ズレ止めの仕様など、純正品と異なる場合があります。<br>
※詳しくはご購入前に、「フロアマットに関する注意事項」をお読みくださいませ。</li>
</ul>
<ul class=""line_up"">
<li class=""line_up"">
<p class=""line_up_img""><img src=""http://image.rakuten.co.jp/worldmat/cabinet/r/f1_140.jpg"" alt=""アウディ A6（C7） 2011/8～ 4GC カーマット"" width=""140"" height=""140"" border=""0""></p>
<p class=""line_up_txt"">アウディ A6（C7） フロアーマット 2011/8～ 4GC 【ワールドF1シリーズ】<br>マットの厚み約17mm！（毛足の長さはふかふかの13mm！）<br>裏面は高級仕様のフエルトバッキング</p>
</li>
<li class=""line_up"">
<p class=""line_up_img""><img src=""http://image.rakuten.co.jp/worldmat/cabinet/r/sp1_140.jpg"" alt=""アウディ A6（C7） 2011/8～ 4GC カーマット"" width=""140"" height=""140"" border=""0""></p>
<p class=""line_up_txt"">アウディA6（C7） フロアーマット 2011/8～ 4GC 【ワールドSP1シリーズ】<br>当店最上級シリーズ☆<br>9色から選べる♪<br>ボリュームたっぷりの生地で車内がリビングルームに</p>
</li>
</ul><br>
<div align=""center"">
<img src=""https://image.rakuten.co.jp/worldmat/cabinet/kikaku/w_20170514_616.jpg"" width=""619px"" height=""190px"" alt=""【72時間限定！！新生活応援キャンペーン】 全商品10%OFFクーポン！＆送料無料！！ 開催期間：5月14日（日）10:00～5月17日（水）AM9:59まで"" border=""0""><br>
<br>
<font size=""2"" color=""red"">当店は、ディーラーや自動車メーカーのマットを制作してきた<br>
老舗のフロアマットメーカーですが、楽天でのネット通販の歴史は浅いので、<br>
レビューの数が消して多くはありません。<br>
<br>
他店のレビューが多いマットと比べても、品質の良さとコストパフォーマンスには<br>
自信を持っておりますので、どうか、皆様の評価をいただいて、<br>
多くの方に、安心してご購入いただけるようご協力お願い申し上げます。<br>
<br>
レビューの書き方はコチラ</font></div>
<br>
<br>",ZERO（ゼロ）フロアマット アウディ A6（C7） 2011/8～ 4GC 【ラバーマット】（自動車 フロアーマット カーマット）：フロアマット通販店ワールドマット,ZERO（ゼロ）フロアマット アウディ A6（C7） 2011/8～ 4GC 【ラバーマット】（自動車 フロアーマット カーマット）,10%OFFクーポン☆5/17 9:59まで ★送料無料★ 。ZERO（ゼロ）フロアマット アウディ A6（C7） 2011/8～ 4GC 【ラバーマット】（自動車 フロアーマット カーマット）[rn]
12-36831,http://tshop.r10s.jp/worldmat/cabinet/zero/ru.jpg?fitin=700:700,16000.0000,,車用品・バイク用品 > カー用品 > 内装パーツ > フロアマット > アウディ用,ZERO（ゼロ）フロアマット アウディ S6（C6） 2006/6～2010/8 4FBXAS 【ラバーマット】（自動車 フロアーマット カーマット）,,"<ul class=""description"">
<li class=""item_list"">カラー</li>
<li class=""item"">【ZEROラバーマット】 1色（黒色）</li>
<li class=""item_list"">メーカー</li>
<li class=""item"">Audi（アウディ）</li>
<li class=""item_list"">車種</li>
<li class=""item"">S6（C6）（エスロク）</li>
<li class=""item""><img src=""http://image.rakuten.co.jp/worldmat/cabinet/foreigncar/audi-s6-c6_c.jpg"" alt=""アウディ S6（C6） 2006/6～2010/8 4FBXAS"" width=""250"" height=""125"" border=""0""></li>
<li class=""item_list"">年式</li>
<li class=""item"">2006/6～2010/8</li>
<li class=""item_list"">型式</li>
<li class=""item"">4FBXAS</li>
<li class=""item_list"">ハンドル位置</li>
<li class=""item"">左右ハンドル</li>
<li class=""item_list"">マット点数</li>
<li class=""item"">4点（フロント2枚、リア2枚）</li>
<li class=""item_list"">ズレ止めの仕様</li>
<li class=""item"">純正に対応したストッパー<br>
<br>
（※出荷工場、左右ハンドル、購入されるマットの色柄等により変わる場合がございます。ご購入後の返品はお受けできませんので、ズレ止めの仕様にこだわりをお持ちの方は、ご購入前にお問い合わせ下さい。）</li>
<li class=""item_list"">納期</li>
<li class=""item"">3～8日以内に発送します</li>
<li class=""item_list"">ご注意事項</li>
<li class=""item_blue"">※ヒールパッド ： ラバーマットには取り付けできません。　<br>
※有料オプション ： 脱臭・消臭・抗菌加工は出来ません。ロック糸カラー変更は対応可能です。</li>
<li class=""item_red"">フロアマットの形状は、車種以外にも、年式・型式・その他上記事項によって変わります。(画像はサンプルマットです。)<br>
商品名とその他の項目をご確認の上、ご購入ください。<br>
<br>
受注生産品のため、返品は不可ですので、ご了承くださいませ。</li>
<li class=""item"">ズレ止めの仕様など、純正品と異なる場合があります。<br>
※詳しくはご購入前に、「フロアマットに関する注意事項」をお読みくださいませ。</li>
</ul>
<ul class=""line_up"">
<li class=""line_up"">
<p class=""line_up_img""><img src=""http://image.rakuten.co.jp/worldmat/cabinet/r/f1_140.jpg"" alt=""アウディ S6（C6） 2006/6～2010/8 4FBXAS カーマット"" width=""140"" height=""140"" border=""0""></p>
<p class=""line_up_txt"">アウディ S6（C6） フロアーマット 2006/6～2010/8 4FBXAS 【ワールドF1シリーズ】<br>マットの厚み約17mm！（毛足の長さはふかふかの13mm！）<br>裏面は高級仕様のフエルトバッキング</p>
</li>
<li class=""line_up"">
<p class=""line_up_img""><img src=""http://image.rakuten.co.jp/worldmat/cabinet/r/sp1_140.jpg"" alt=""アウディ S6（C6） 2006/6～2010/8 4FBXAS カーマット"" width=""140"" height=""140"" border=""0""></p>
<p class=""line_up_txt"">アウディS6（C6） フロアーマット 2006/6～2010/8 4FBXAS 【ワールドSP1シリーズ】<br>当店最上級シリーズ☆<br>9色から選べる♪<br>ボリュームたっぷりの生地で車内がリビングルームに</p>
</li>
</ul><br>
<div align=""center"">
<img src=""https://image.rakuten.co.jp/worldmat/cabinet/kikaku/w_20170514_616.jpg"" width=""619px"" height=""190px"" alt=""【72時間限定！！新生活応援キャンペーン】 全商品10%OFFクーポン！＆送料無料！！ 開催期間：5月14日（日）10:00～5月17日（水）AM9:59まで"" border=""0""><br>
<br>
<font size=""2"" color=""red"">当店は、ディーラーや自動車メーカーのマットを制作してきた<br>
老舗のフロアマットメーカーですが、楽天でのネット通販の歴史は浅いので、<br>
レビューの数が消して多くはありません。<br>
<br>
他店のレビューが多いマットと比べても、品質の良さとコストパフォーマンスには<br>
自信を持っておりますので、どうか、皆様の評価をいただいて、<br>
多くの方に、安心してご購入いただけるようご協力お願い申し上げます。<br>
<br>
レビューの書き方はコチラ</font></div>
<br>
<br>",ZERO（ゼロ）フロアマット アウディ S6（C6） 2006/6～2010/8 4FBXAS 【ラバーマット】（自動車 フロアーマット カーマット）：フロアマット通販店ワールドマット,ZERO（ゼロ）フロアマット アウディ S6（C6） 2006/6～2010/8 4FBXAS 【ラバーマット】（自動車 フロアーマット カーマット）,10%OFFクーポン☆5/17 9:59まで ★送料無料★ 。ZERO（ゼロ）フロアマット アウディ S6（C6） 2006/6～2010/8 4FBXAS 【ラバーマット】（自動車 フロアーマット カーマット）[rn]
12-36832,http://tshop.r10s.jp/worldmat/cabinet/zero/ru.jpg?fitin=700:700,16000.0000,,車用品・バイク用品 > カー用品 > 内装パーツ > フロアマット > アウディ用,ZERO（ゼロ）フロアマット アウディ RS6（C6） 2008/6～2010/9 4FBUHS 【ラバーマット】（自動車 フロアーマット カーマット）,,"<ul class=""description"">
<li class=""item_list"">カラー</li>
<li class=""item"">【ZEROラバーマット】 1色（黒色）</li>
<li class=""item_list"">メーカー</li>
<li class=""item"">Audi（アウディ）</li>
<li class=""item_list"">車種</li>
<li class=""item"">RS6（C6）（アールエスシックス）</li>
<li class=""item""><img src=""http://image.rakuten.co.jp/worldmat/cabinet/foreigncar/audi-rs6-c6_c.jpg"" alt=""アウディ RS6（C6） 2008/6～2010/9 4FBUHS"" width=""250"" height=""125"" border=""0""></li>
<li class=""item_list"">年式</li>
<li class=""item"">2008/6～2010/9</li>
<li class=""item_list"">型式</li>
<li class=""item"">4FBUHS</li>
<li class=""item_list"">ハンドル位置</li>
<li class=""item"">左右ハンドル</li>
<li class=""item_list"">マット点数</li>
<li class=""item"">4点（フロント2枚、リア2枚）</li>
<li class=""item_list"">ズレ止めの仕様</li>
<li class=""item"">純正に対応したストッパー<br>
<br>
（※出荷工場、左右ハンドル、購入されるマットの色柄等により変わる場合がございます。ご購入後の返品はお受けできませんので、ズレ止めの仕様にこだわりをお持ちの方は、ご購入前にお問い合わせ下さい。）</li>
<li class=""item_list"">納期</li>
<li class=""item"">3～8日以内に発送します</li>
<li class=""item_list"">ご注意事項</li>
<li class=""item_blue"">※ヒールパッド ： ラバーマットには取り付けできません。　<br>
※有料オプション ： 脱臭・消臭・抗菌加工は出来ません。ロック糸カラー変更は対応可能です。</li>
<li class=""item_red"">フロアマットの形状は、車種以外にも、年式・型式・その他上記事項によって変わります。(画像はサンプルマットです。)<br>
商品名とその他の項目をご確認の上、ご購入ください。<br>
<br>
受注生産品のため、返品は不可ですので、ご了承くださいませ。</li>
<li class=""item"">ズレ止めの仕様など、純正品と異なる場合があります。<br>
※詳しくはご購入前に、「フロアマットに関する注意事項」をお読みくださいませ。</li>
</ul>
<ul class=""line_up"">
<li class=""line_up"">
<p class=""line_up_img""><img src=""http://image.rakuten.co.jp/worldmat/cabinet/r/f1_140.jpg"" alt=""アウディ RS6（C6） 2008/6～2010/9 4FBUHS カーマット"" width=""140"" height=""140"" border=""0""></p>
<p class=""line_up_txt"">アウディ RS6（C6） フロアーマット 2008/6～2010/9 4FBUHS 【ワールドF1シリーズ】<br>マットの厚み約17mm！（毛足の長さはふかふかの13mm！）<br>裏面は高級仕様のフエルトバッキング</p>
</li>
<li class=""line_up"">
<p class=""line_up_img""><img src=""http://image.rakuten.co.jp/worldmat/cabinet/r/sp1_140.jpg"" alt=""アウディ RS6（C6） 2008/6～2010/9 4FBUHS カーマット"" width=""140"" height=""140"" border=""0""></p>
<p class=""line_up_txt"">アウディRS6（C6） フロアーマット 2008/6～2010/9 4FBUHS 【ワールドSP1シリーズ】<br>当店最上級シリーズ☆<br>9色から選べる♪<br>ボリュームたっぷりの生地で車内がリビングルームに</p>
</li>
</ul><br>
<div align=""center"">
<img src=""https://image.rakuten.co.jp/worldmat/cabinet/kikaku/w_20170514_616.jpg"" width=""619px"" height=""190px"" alt=""【72時間限定！！新生活応援キャンペーン】 全商品10%OFFクーポン！＆送料無料！！ 開催期間：5月14日（日）10:00～5月17日（水）AM9:59まで"" border=""0""><br>
<br>
<font size=""2"" color=""red"">当店は、ディーラーや自動車メーカーのマットを制作してきた<br>
老舗のフロアマットメーカーですが、楽天でのネット通販の歴史は浅いので、<br>
レビューの数が消して多くはありません。<br>
<br>
他店のレビューが多いマットと比べても、品質の良さとコストパフォーマンスには<br>
自信を持っておりますので、どうか、皆様の評価をいただいて、<br>
多くの方に、安心してご購入いただけるようご協力お願い申し上げます。<br>
<br>
レビューの書き方はコチラ</font></div>
<br>
<br>",ZERO（ゼロ）フロアマット アウディ RS6（C6） 2008/6～2010/9 4FBUHS 【ラバーマット】（自動車 フロアーマット カーマット）：フロアマット通販店ワールドマット,ZERO（ゼロ）フロアマット アウディ RS6（C6） 2008/6～2010/9 4FBUHS 【ラバーマット】（自動車 フロアーマット カーマット）,10%OFFクーポン☆5/17 9:59まで ★送料無料★ 。ZERO（ゼロ）フロアマット アウディ RS6（C6） 2008/6～2010/9 4FBUHS 【ラバーマット】（自動車 フロアーマット カーマット）[rn]
12-36833,http://tshop.r10s.jp/worldmat/cabinet/zero/lo_mt.jpg?fitin=700:700,14400.0000,,車用品・バイク用品 > カー用品 > 内装パーツ > フロアマット > アウディ用,ZERO（ゼロ）フロアマット アウディ A1 2011/1～ 8XCAX 【ループ・ダイヤモンド】（自動車 フロアーマット カーマット）,,"<ul class=""description"">
<li class=""item_list"">カラー</li>
<li class=""item"">【ZEROループシリーズ】 ダークグレー/ブラック（黒色）/ブラウン（茶色）/ベージュ<br>【ZEROダイヤモンドシリーズ】ブラック（黒色）/ピンク（桃色）/レッド（赤色）/シルバー（銀色）/ブルー（青色）/オレンジ/グリーン（緑色）</li>
<li class=""item_list"">メーカー</li>
<li class=""item"">Audi（アウディ）</li>
<li class=""item_list"">車種</li>
<li class=""item"">A1（エイワン）</li>
<li class=""item""><img src=""http://image.rakuten.co.jp/worldmat/cabinet/foreigncar/audi-a1_c.jpg"" alt=""アウディ A1 2011/1～ 8XCAX"" width=""250"" height=""125"" border=""0""></li>
<li class=""item_list"">年式</li>
<li class=""item"">2011/1～</li>
<li class=""item_list"">型式</li>
<li class=""item"">8XCAX</li>
<li class=""item_list"">ハンドル位置</li>
<li class=""item"">右ハンドル</li>
<li class=""item_list"">マット点数</li>
<li class=""item"">4点</li>
<li class=""item_list"">ズレ止めの仕様</li>
<li class=""item"">純正に対応したストッパー<br>
<br>
（※出荷工場、左右ハンドル、購入されるマットの色柄等により変わる場合がございます。ご購入後の返品はお受けできませんので、ズレ止めの仕様にこだわりをお持ちの方は、ご購入前にお問い合わせ下さい。）</li>
<li class=""item_list"">納期</li>
<li class=""item"">3～8日以内に発送します</li>
<li class=""item_list"">ご注意事項</li>
<li class=""item_red"">フロアマットの形状は、車種以外にも、年式・型式・その他上記事項によって変わります。(画像はサンプルマットです。)<br>
商品名とその他の項目をご確認の上、ご購入ください。<br>
<br>
受注生産品のため、返品は不可ですので、ご了承くださいませ。</li>
<li class=""item"">ズレ止めの仕様など、純正品と異なる場合があります。<br>
※詳しくはご購入前に、「フロアマットに関する注意事項」をお読みくださいませ。</li>
</ul>
<ul class=""line_up"">
<li class=""line_up"">
<p class=""line_up_img""><img src=""http://image.rakuten.co.jp/worldmat/cabinet/r/f1_140.jpg"" alt=""アウディ A1 2011/1～ 8XCAX カーマット"" width=""140"" height=""140"" border=""0""></p>
<p class=""line_up_txt"">アウディ A1 フロアーマット 2011/1～ 8XCAX 【ワールドF1シリーズ】<br>マットの厚み約17mm！（毛足の長さはふかふかの13mm！）<br>裏面は高級仕様のフエルトバッキング</p>
</li>
<li class=""line_up"">
<p class=""line_up_img""><img src=""http://image.rakuten.co.jp/worldmat/cabinet/r/sp1_140.jpg"" alt=""アウディ A1 2011/1～ 8XCAX カーマット"" width=""140"" height=""140"" border=""0""></p>
<p class=""line_up_txt"">アウディA1 フロアーマット 2011/1～ 8XCAX 【ワールドSP1シリーズ】<br>当店最上級シリーズ☆<br>9色から選べる♪<br>ボリュームたっぷりの生地で車内がリビングルームに</p>
</li>
</ul><br>
<div align=""center"">
<img src=""https://image.rakuten.co.jp/worldmat/cabinet/kikaku/w_20170514_616.jpg"" width=""619px"" height=""190px"" alt=""【72時間限定！！新生活応援キャンペーン】 全商品10%OFFクーポン！＆送料無料！！ 開催期間：5月14日（日）10:00～5月17日（水）AM9:59まで"" border=""0""><br>
<br>
<font size=""2"" color=""red"">当店は、ディーラーや自動車メーカーのマットを制作してきた<br>
老舗のフロアマットメーカーですが、楽天でのネット通販の歴史は浅いので、<br>
レビューの数が消して多くはありません。<br>
<br>
他店のレビューが多いマットと比べても、品質の良さとコストパフォーマンスには<br>
自信を持っておりますので、どうか、皆様の評価をいただいて、<br>
多くの方に、安心してご購入いただけるようご協力お願い申し上げます。<br>
<br>
レビューの書き方はコチラ</font></div>
<br>
<br>",ZERO（ゼロ）フロアマット アウディ A1 2011/1～ 8XCAX 【ループ・ダイヤモンド】（自動車 フロアーマット カーマット）：フロアマット通販店ワールドマット,ZERO（ゼロ）フロアマット アウディ A1 2011/1～ 8XCAX 【ループ・ダイヤモンド】（自動車 フロアーマット カーマット）,10%OFFクーポン☆5/17 9:59まで ★送料無料★ 。ZERO（ゼロ）フロアマット アウディ A1 2011/1～ 8XCAX 【ループ・ダイヤモンド】（自動車 フロアーマット カーマット）[rn]
12-36834,http://tshop.r10s.jp/worldmat/cabinet/zero/lo_mt.jpg?fitin=700:700,17600.0000,,車用品・バイク用品 > カー用品 > 内装パーツ > フロアマット > アウディ用,ZERO（ゼロ）フロアマット アウディ A8（D3） ロング 2003/10～2010/12 4EB 【ループ・ダイヤモンド】（自動車 フロアーマット カーマット）,,"<ul class=""description"">
<li class=""item_list"">カラー</li>
<li class=""item"">【ZEROループシリーズ】 ダークグレー/ブラック（黒色）/ブラウン（茶色）/ベージュ<br>【ZEROダイヤモンドシリーズ】ブラック（黒色）/ピンク（桃色）/レッド（赤色）/シルバー（銀色）/ブルー（青色）/オレンジ/グリーン（緑色）</li>
<li class=""item_list"">メーカー</li>
<li class=""item"">Audi（アウディ）</li>
<li class=""item_list"">車種</li>
<li class=""item"">A8（D3） ロング（エーハチ）</li>
<li class=""item""><img src=""http://image.rakuten.co.jp/worldmat/cabinet/foreigncar/audi-a8-d3-long_c.jpg"" alt=""アウディ A8（D3） ロング 2003/10～2010/12 4EB"" width=""250"" height=""125"" border=""0""></li>
<li class=""item_list"">年式</li>
<li class=""item"">2003/10～2010/12</li>
<li class=""item_list"">型式</li>
<li class=""item"">4EB</li>
<li class=""item_list"">ハンドル位置</li>
<li class=""item"">左右ハンドル</li>
<li class=""item_list"">マット点数</li>
<li class=""item"">4点（フロント2枚、リア2枚）　<font color=""#FF0000"">※ロングボディー専用</font></li>
<li class=""item_list"">ズレ止めの仕様</li>
<li class=""item"">純正に対応したストッパー<br>
<br>
（※出荷工場、左右ハンドル、購入されるマットの色柄等により変わる場合がございます。ご購入後の返品はお受けできませんので、ズレ止めの仕様にこだわりをお持ちの方は、ご購入前にお問い合わせ下さい。）</li>
<li class=""item_list"">納期</li>
<li class=""item"">3～8日以内に発送します</li>
<li class=""item_list"">ご注意事項</li>
<li class=""item_red"">フロアマットの形状は、車種以外にも、年式・型式・その他上記事項によって変わります。(画像はサンプルマットです。)<br>
商品名とその他の項目をご確認の上、ご購入ください。<br>
<br>
受注生産品のため、返品は不可ですので、ご了承くださいませ。</li>
<li class=""item"">ズレ止めの仕様など、純正品と異なる場合があります。<br>
※詳しくはご購入前に、「フロアマットに関する注意事項」をお読みくださいませ。</li>
</ul>
<ul class=""line_up"">
<li class=""line_up"">
<p class=""line_up_img""><img src=""http://image.rakuten.co.jp/worldmat/cabinet/r/f1_140.jpg"" alt=""アウディ A8（D3） ロング 2003/10～2010/12 4EB カーマット"" width=""140"" height=""140"" border=""0""></p>
<p class=""line_up_txt"">アウディ A8（D3） ロング フロアーマット 2003/10～2010/12 4EB 【ワールドF1シリーズ】<br>マットの厚み約17mm！（毛足の長さはふかふかの13mm！）<br>裏面は高級仕様のフエルトバッキング</p>
</li>
<li class=""line_up"">
<p class=""line_up_img""><img src=""http://image.rakuten.co.jp/worldmat/cabinet/r/sp1_140.jpg"" alt=""アウディ A8（D3） ロング 2003/10～2010/12 4EB カーマット"" width=""140"" height=""140"" border=""0""></p>
<p class=""line_up_txt"">アウディA8（D3） ロング フロアーマット 2003/10～2010/12 4EB 【ワールドSP1シリーズ】<br>当店最上級シリーズ☆<br>9色から選べる♪<br>ボリュームたっぷりの生地で車内がリビングルームに</p>
</li>
</ul><br>
<div align=""center"">
<img src=""https://image.rakuten.co.jp/worldmat/cabinet/kikaku/w_20170514_616.jpg"" width=""619px"" height=""190px"" alt=""【72時間限定！！新生活応援キャンペーン】 全商品10%OFFクーポン！＆送料無料！！ 開催期間：5月14日（日）10:00～5月17日（水）AM9:59まで"" border=""0""><br>
<br>
<font size=""2"" color=""red"">当店は、ディーラーや自動車メーカーのマットを制作してきた<br>
老舗のフロアマットメーカーですが、楽天でのネット通販の歴史は浅いので、<br>
レビューの数が消して多くはありません。<br>
<br>
他店のレビューが多いマットと比べても、品質の良さとコストパフォーマンスには<br>
自信を持っておりますので、どうか、皆様の評価をいただいて、<br>
多くの方に、安心してご購入いただけるようご協力お願い申し上げます。<br>
<br>
レビューの書き方はコチラ</font></div>
<br>
<br>",ZERO（ゼロ）フロアマット アウディ A8（D3） ロング 2003/10～2010/12 4EB 【ループ・ダイヤモンド】（自動車 フロアーマット カーマット）：フロアマット通販店ワールドマット,ZERO（ゼロ）フロアマット アウディ A8（D3） ロング 2003/10～2010/12 4EB 【ループ・ダイヤモンド】（自動車 フロアーマット カーマット）,10%OFFクーポン☆5/17 9:59まで ★送料無料★ 。ZERO（ゼロ）フロアマット アウディ A8（D3） ロング 2003/10～2010/12 4EB 【ループ・ダイヤモンド】（自動車 フロアーマット カーマット）[rn]
12-36835,http://tshop.r10s.jp/worldmat/cabinet/zero/lo_mt.jpg?fitin=700:700,16000.0000,,車用品・バイク用品 > カー用品 > 内装パーツ > フロアマット > アウディ用,ZERO（ゼロ）フロアマット アウディ A4セダン （B8） 2008/3～ 8KC 【ループ・ダイヤモンド】（自動車 フロアーマット カーマット）,,"<ul class=""description"">
<li class=""item_list"">カラー</li>
<li class=""item"">【ZEROループシリーズ】 ダークグレー/ブラック（黒色）/ブラウン（茶色）/ベージュ<br>【ZEROダイヤモンドシリーズ】ブラック（黒色）/ピンク（桃色）/レッド（赤色）/シルバー（銀色）/ブルー（青色）/オレンジ/グリーン（緑色）</li>
<li class=""item_list"">メーカー</li>
<li class=""item"">Audi（アウディ）</li>
<li class=""item_list"">車種</li>
<li class=""item"">A4セダン （B8）（エーヨン）</li>
<li class=""item""><img src=""http://image.rakuten.co.jp/worldmat/cabinet/foreigncar/audi-a4-b8_c.jpg"" alt=""アウディ A4セダン （B8） 2008/3～ 8KC"" width=""250"" height=""125"" border=""0""></li>
<li class=""item_list"">年式</li>
<li class=""item"">2008/3～</li>
<li class=""item_list"">型式</li>
<li class=""item"">8KC</li>
<li class=""item_list"">ハンドル位置</li>
<li class=""item"">左右ハンドル</li>
<li class=""item_list"">マット点数</li>
<li class=""item"">5点（フロント2枚、リア3枚）　<font color=""#FF0000"">セダン専用　※アバントは別型になります。</font></li>
<li class=""item_list"">ズレ止めの仕様</li>
<li class=""item"">純正に対応したストッパー<br>
<br>
（※出荷工場、左右ハンドル、購入されるマットの色柄等により変わる場合がございます。ご購入後の返品はお受けできませんので、ズレ止めの仕様にこだわりをお持ちの方は、ご購入前にお問い合わせ下さい。）</li>
<li class=""item_list"">納期</li>
<li class=""item"">3～8日以内に発送します</li>
<li class=""item_list"">ご注意事項</li>
<li class=""item_red"">フロアマットの形状は、車種以外にも、年式・型式・その他上記事項によって変わります。(画像はサンプルマットです。)<br>
商品名とその他の項目をご確認の上、ご購入ください。<br>
<br>
受注生産品のため、返品は不可ですので、ご了承くださいませ。</li>
<li class=""item"">ズレ止めの仕様など、純正品と異なる場合があります。<br>
※詳しくはご購入前に、「フロアマットに関する注意事項」をお読みくださいませ。</li>
</ul>
<ul class=""line_up"">
<li class=""line_up"">
<p class=""line_up_img""><img src=""http://image.rakuten.co.jp/worldmat/cabinet/r/f1_140.jpg"" alt=""アウディ A4セダン （B8） 2008/3～ 8KC カーマット"" width=""140"" height=""140"" border=""0""></p>
<p class=""line_up_txt"">アウディ A4セダン （B8） フロアーマット 2008/3～ 8KC 【ワールドF1シリーズ】<br>マットの厚み約17mm！（毛足の長さはふかふかの13mm！）<br>裏面は高級仕様のフエルトバッキング</p>
</li>
<li class=""line_up"">
<p class=""line_up_img""><img src=""http://image.rakuten.co.jp/worldmat/cabinet/r/sp1_140.jpg"" alt=""アウディ A4セダン （B8） 2008/3～ 8KC カーマット"" width=""140"" height=""140"" border=""0""></p>
<p class=""line_up_txt"">アウディA4セダン （B8） フロアーマット 2008/3～ 8KC 【ワールドSP1シリーズ】<br>当店最上級シリーズ☆<br>9色から選べる♪<br>ボリュームたっぷりの生地で車内がリビングルームに</p>
</li>
</ul><br>
<div align=""center"">
<img src=""https://image.rakuten.co.jp/worldmat/cabinet/kikaku/w_20170514_616.jpg"" width=""619px"" height=""190px"" alt=""【72時間限定！！新生活応援キャンペーン】 全商品10%OFFクーポン！＆送料無料！！ 開催期間：5月14日（日）10:00～5月17日（水）AM9:59まで"" border=""0""><br>
<br>
<font size=""2"" color=""red"">当店は、ディーラーや自動車メーカーのマットを制作してきた<br>
老舗のフロアマットメーカーですが、楽天でのネット通販の歴史は浅いので、<br>
レビューの数が消して多くはありません。<br>
<br>
他店のレビューが多いマットと比べても、品質の良さとコストパフォーマンスには<br>
自信を持っておりますので、どうか、皆様の評価をいただいて、<br>
多くの方に、安心してご購入いただけるようご協力お願い申し上げます。<br>
<br>
レビューの書き方はコチラ</font></div>
<br>
<br>",ZERO（ゼロ）フロアマット アウディ A4セダン （B8） 2008/3～ 8KC 【ループ・ダイヤモンド】（自動車 フロアーマット カーマット）：フロアマット通販店ワールドマット,ZERO（ゼロ）フロアマット アウディ A4セダン （B8） 2008/3～ 8KC 【ループ・ダイヤモンド】（自動車 フロアーマット カーマット）,10%OFFクーポン☆5/17 9:59まで ★送料無料★ 。ZERO（ゼロ）フロアマット アウディ A4セダン （B8） 2008/3～ 8KC 【ループ・ダイヤモンド】（自動車 フロアーマット カーマット）[rn]
12-36836,http://tshop.r10s.jp/worldmat/cabinet/zero/lo_mt.jpg?fitin=700:700,19600.0000,,車用品・バイク用品 > カー用品 > 内装パーツ > フロアマット > アウディ用,ZERO（ゼロ）フロアマット アウディ Q7（7L） 【7人乗り】 2006/10～ 4L# 【ループ・ダイヤモンド】（自動車 フロアーマット カーマット）,,"<ul class=""description"">
<li class=""item_list"">カラー</li>
<li class=""item"">【ZEROループシリーズ】 ダークグレー/ブラック（黒色）/ブラウン（茶色）/ベージュ<br>【ZEROダイヤモンドシリーズ】ブラック（黒色）/ピンク（桃色）/レッド（赤色）/シルバー（銀色）/ブルー（青色）/オレンジ/グリーン（緑色）</li>
<li class=""item_list"">メーカー</li>
<li class=""item"">Audi（アウディ）</li>
<li class=""item_list"">車種</li>
<li class=""item"">Q7（7L） 【7人乗り】（キューセブン）</li>
<li class=""item""><img src=""http://image.rakuten.co.jp/worldmat/cabinet/foreigncar/audi-q7-7l-7_c.jpg"" alt=""アウディ Q7（7L） 【7人乗り】 2006/10～ 4L#"" width=""250"" height=""125"" border=""0""></li>
<li class=""item_list"">年式</li>
<li class=""item"">2006/10～</li>
<li class=""item_list"">型式</li>
<li class=""item"">4L#</li>
<li class=""item_list"">ハンドル位置</li>
<li class=""item"">左右ハンドル</li>
<li class=""item_list"">マット点数</li>
<li class=""item"">5点（フロント2枚、リア2枚、3列目1枚）</li>
<li class=""item_list"">ズレ止めの仕様</li>
<li class=""item"">純正に対応したストッパー<br>
<br>
（※出荷工場、左右ハンドル、購入されるマットの色柄等により変わる場合がございます。ご購入後の返品はお受けできませんので、ズレ止めの仕様にこだわりをお持ちの方は、ご購入前にお問い合わせ下さい。）</li>
<li class=""item_list"">納期</li>
<li class=""item"">3～8日以内に発送します</li>
<li class=""item_list"">ご注意事項</li>
<li class=""item_red"">フロアマットの形状は、車種以外にも、年式・型式・その他上記事項によって変わります。(画像はサンプルマットです。)<br>
商品名とその他の項目をご確認の上、ご購入ください。<br>
<br>
受注生産品のため、返品は不可ですので、ご了承くださいませ。</li>
<li class=""item"">ズレ止めの仕様など、純正品と異なる場合があります。<br>
※詳しくはご購入前に、「フロアマットに関する注意事項」をお読みくださいませ。</li>
</ul>
<ul class=""line_up"">
<li class=""line_up"">
<p class=""line_up_img""><img src=""http://image.rakuten.co.jp/worldmat/cabinet/r/f1_140.jpg"" alt=""アウディ Q7（7L） 【7人乗り】 2006/10～ 4L# カーマット"" width=""140"" height=""140"" border=""0""></p>
<p class=""line_up_txt"">アウディ Q7（7L） 【7人乗り】 フロアーマット 2006/10～ 4L# 【ワールドF1シリーズ】<br>マットの厚み約17mm！（毛足の長さはふかふかの13mm！）<br>裏面は高級仕様のフエルトバッキング</p>
</li>
<li class=""line_up"">
<p class=""line_up_img""><img src=""http://image.rakuten.co.jp/worldmat/cabinet/r/sp1_140.jpg"" alt=""アウディ Q7（7L） 【7人乗り】 2006/10～ 4L# カーマット"" width=""140"" height=""140"" border=""0""></p>
<p class=""line_up_txt"">アウディQ7（7L） 【7人乗り】 フロアーマット 2006/10～ 4L# 【ワールドSP1シリーズ】<br>当店最上級シリーズ☆<br>9色から選べる♪<br>ボリュームたっぷりの生地で車内がリビングルームに</p>
</li>
</ul><br>
<div align=""center"">
<img src=""https://image.rakuten.co.jp/worldmat/cabinet/kikaku/w_20170514_616.jpg"" width=""619px"" height=""190px"" alt=""【72時間限定！！新生活応援キャンペーン】 全商品10%OFFクーポン！＆送料無料！！ 開催期間：5月14日（日）10:00～5月17日（水）AM9:59まで"" border=""0""><br>
<br>
<font size=""2"" color=""red"">当店は、ディーラーや自動車メーカーのマットを制作してきた<br>
老舗のフロアマットメーカーですが、楽天でのネット通販の歴史は浅いので、<br>
レビューの数が消して多くはありません。<br>
<br>
他店のレビューが多いマットと比べても、品質の良さとコストパフォーマンスには<br>
自信を持っておりますので、どうか、皆様の評価をいただいて、<br>
多くの方に、安心してご購入いただけるようご協力お願い申し上げます。<br>
<br>
レビューの書き方はコチラ</font></div>
<br>
<br>",ZERO（ゼロ）フロアマット アウディ Q7（7L） 【7人乗り】 2006/10～ 4L# 【ループ・ダイヤモンド】（自動車 フロアーマット カーマット）：フロアマット通販店ワールドマット,ZERO（ゼロ）フロアマット アウディ Q7（7L） 【7人乗り】 2006/10～ 4L# 【ループ・ダイヤモンド】（自動車 フロアーマット カーマット）,10%OFFクーポン☆5/17 9:59まで ★送料無料★ 。ZERO（ゼロ）フロアマット アウディ Q7（7L） 【7人乗り】 2006/10～ 4L# 【ループ・ダイヤモンド】（自動車 フロアーマット カーマット）[rn]
12-36837,http://tshop.r10s.jp/worldmat/cabinet/zero/lo_mt.jpg?fitin=700:700,16000.0000,,車用品・バイク用品 > カー用品 > 内装パーツ > フロアマット > アウディ用,ZERO（ゼロ）フロアマット アウディ RS4セダン （B7） 2006/6～2009/7 8EBNSF 【ループ・ダイヤモンド】（自動車 フロアーマット カーマット）,,"<ul class=""description"">
<li class=""item_list"">カラー</li>
<li class=""item"">【ZEROループシリーズ】 ダークグレー/ブラック（黒色）/ブラウン（茶色）/ベージュ<br>【ZEROダイヤモンドシリーズ】ブラック（黒色）/ピンク（桃色）/レッド（赤色）/シルバー（銀色）/ブルー（青色）/オレンジ/グリーン（緑色）</li>
<li class=""item_list"">メーカー</li>
<li class=""item"">Audi（アウディ）</li>
<li class=""item_list"">車種</li>
<li class=""item"">RS4セダン （B7）（アールエスフォー）</li>
<li class=""item""><img src=""http://image.rakuten.co.jp/worldmat/cabinet/foreigncar/audi-rs4-b7_c.jpg"" alt=""アウディ RS4セダン （B7） 2006/6～2009/7 8EBNSF"" width=""250"" height=""125"" border=""0""></li>
<li class=""item_list"">年式</li>
<li class=""item"">2006/6～2009/7</li>
<li class=""item_list"">型式</li>
<li class=""item"">8EBNSF</li>
<li class=""item_list"">ハンドル位置</li>
<li class=""item"">右ハンドル</li>
<li class=""item_list"">マット点数</li>
<li class=""item"">4点（フロント2枚、リア2枚）　<font color=""#FF0000"">セダン専用　※アバントは別型になります。</font></li>
<li class=""item_list"">ズレ止めの仕様</li>
<li class=""item"">純正に対応したストッパー<br>
<br>
（※出荷工場、左右ハンドル、購入されるマットの色柄等により変わる場合がございます。ご購入後の返品はお受けできませんので、ズレ止めの仕様にこだわりをお持ちの方は、ご購入前にお問い合わせ下さい。）</li>
<li class=""item_list"">納期</li>
<li class=""item"">3～8日以内に発送します</li>
<li class=""item_list"">ご注意事項</li>
<li class=""item_red"">フロアマットの形状は、車種以外にも、年式・型式・その他上記事項によって変わります。(画像はサンプルマットです。)<br>
商品名とその他の項目をご確認の上、ご購入ください。<br>
<br>
受注生産品のため、返品は不可ですので、ご了承くださいませ。</li>
<li class=""item"">ズレ止めの仕様など、純正品と異なる場合があります。<br>
※詳しくはご購入前に、「フロアマットに関する注意事項」をお読みくださいませ。</li>
</ul>
<ul class=""line_up"">
<li class=""line_up"">
<p class=""line_up_img""><img src=""http://image.rakuten.co.jp/worldmat/cabinet/r/f1_140.jpg"" alt=""アウディ RS4セダン （B7） 2006/6～2009/7 8EBNSF カーマット"" width=""140"" height=""140"" border=""0""></p>
<p class=""line_up_txt"">アウディ RS4セダン （B7） フロアーマット 2006/6～2009/7 8EBNSF 【ワールドF1シリーズ】<br>マットの厚み約17mm！（毛足の長さはふかふかの13mm！）<br>裏面は高級仕様のフエルトバッキング</p>
</li>
<li class=""line_up"">
<p class=""line_up_img""><img src=""http://image.rakuten.co.jp/worldmat/cabinet/r/sp1_140.jpg"" alt=""アウディ RS4セダン （B7） 2006/6～2009/7 8EBNSF カーマット"" width=""140"" height=""140"" border=""0""></p>
<p class=""line_up_txt"">アウディRS4セダン （B7） フロアーマット 2006/6～2009/7 8EBNSF 【ワールドSP1シリーズ】<br>当店最上級シリーズ☆<br>9色から選べる♪<br>ボリュームたっぷりの生地で車内がリビングルームに</p>
</li>
</ul><br>
<div align=""center"">
<img src=""https://image.rakuten.co.jp/worldmat/cabinet/kikaku/w_20170514_616.jpg"" width=""619px"" height=""190px"" alt=""【72時間限定！！新生活応援キャンペーン】 全商品10%OFFクーポン！＆送料無料！！ 開催期間：5月14日（日）10:00～5月17日（水）AM9:59まで"" border=""0""><br>
<br>
<font size=""2"" color=""red"">当店は、ディーラーや自動車メーカーのマットを制作してきた<br>
老舗のフロアマットメーカーですが、楽天でのネット通販の歴史は浅いので、<br>
レビューの数が消して多くはありません。<br>
<br>
他店のレビューが多いマットと比べても、品質の良さとコストパフォーマンスには<br>
自信を持っておりますので、どうか、皆様の評価をいただいて、<br>
多くの方に、安心してご購入いただけるようご協力お願い申し上げます。<br>
<br>
レビューの書き方はコチラ</font></div>
<br>
<br>",ZERO（ゼロ）フロアマット アウディ RS4セダン （B7） 2006/6～2009/7 8EBNSF 【ループ・ダイヤモンド】（自動車 フロアーマット カーマット）：フロアマット通販店ワールドマット,ZERO（ゼロ）フロアマット アウディ RS4セダン （B7） 2006/6～2009/7 8EBNSF 【ループ・ダイヤモンド】（自動車 フロアーマット カーマット）,10%OFFクーポン☆5/17 9:59まで ★送料無料★ 。ZERO（ゼロ）フロアマット アウディ RS4セダン （B7） 2006/6～2009/7 8EBNSF 【ループ・ダイヤモンド】（自動車 フロアーマット カーマット）[rn]
12-36838,http://tshop.r10s.jp/worldmat/cabinet/zero/lo_mt.jpg?fitin=700:700,16000.0000,,車用品・バイク用品 > カー用品 > 内装パーツ > フロアマット > アウディ用,ZERO（ゼロ）フロアマット アウディ A6（C7） 2011/8～ 4GC 【ループ・ダイヤモンド】（自動車 フロアーマット カーマット）,,"<ul class=""description"">
<li class=""item_list"">カラー</li>
<li class=""item"">【ZEROループシリーズ】 ダークグレー/ブラック（黒色）/ブラウン（茶色）/ベージュ<br>【ZEROダイヤモンドシリーズ】ブラック（黒色）/ピンク（桃色）/レッド（赤色）/シルバー（銀色）/ブルー（青色）/オレンジ/グリーン（緑色）</li>
<li class=""item_list"">メーカー</li>
<li class=""item"">Audi（アウディ）</li>
<li class=""item_list"">車種</li>
<li class=""item"">A6（C7）（エーロク）</li>
<li class=""item""><img src=""http://image.rakuten.co.jp/worldmat/cabinet/foreigncar/audi-a6-c7_c.jpg"" alt=""アウディ A6（C7） 2011/8～ 4GC"" width=""250"" height=""125"" border=""0""></li>
<li class=""item_list"">年式</li>
<li class=""item"">2011/8～</li>
<li class=""item_list"">型式</li>
<li class=""item"">4GC</li>
<li class=""item_list"">ハンドル位置</li>
<li class=""item"">左右ハンドル</li>
<li class=""item_list"">マット点数</li>
<li class=""item"">5点（フロント2枚、リア3枚）</li>
<li class=""item_list"">ズレ止めの仕様</li>
<li class=""item"">純正に対応したストッパー<br>
<br>
（※出荷工場、左右ハンドル、購入されるマットの色柄等により変わる場合がございます。ご購入後の返品はお受けできませんので、ズレ止めの仕様にこだわりをお持ちの方は、ご購入前にお問い合わせ下さい。）</li>
<li class=""item_list"">納期</li>
<li class=""item"">3～8日以内に発送します</li>
<li class=""item_list"">ご注意事項</li>
<li class=""item_red"">フロアマットの形状は、車種以外にも、年式・型式・その他上記事項によって変わります。(画像はサンプルマットです。)<br>
商品名とその他の項目をご確認の上、ご購入ください。<br>
<br>
受注生産品のため、返品は不可ですので、ご了承くださいませ。</li>
<li class=""item"">ズレ止めの仕様など、純正品と異なる場合があります。<br>
※詳しくはご購入前に、「フロアマットに関する注意事項」をお読みくださいませ。</li>
</ul>
<ul class=""line_up"">
<li class=""line_up"">
<p class=""line_up_img""><img src=""http://image.rakuten.co.jp/worldmat/cabinet/r/f1_140.jpg"" alt=""アウディ A6（C7） 2011/8～ 4GC カーマット"" width=""140"" height=""140"" border=""0""></p>
<p class=""line_up_txt"">アウディ A6（C7） フロアーマット 2011/8～ 4GC 【ワールドF1シリーズ】<br>マットの厚み約17mm！（毛足の長さはふかふかの13mm！）<br>裏面は高級仕様のフエルトバッキング</p>
</li>
<li class=""line_up"">
<p class=""line_up_img""><img src=""http://image.rakuten.co.jp/worldmat/cabinet/r/sp1_140.jpg"" alt=""アウディ A6（C7） 2011/8～ 4GC カーマット"" width=""140"" height=""140"" border=""0""></p>
<p class=""line_up_txt"">アウディA6（C7） フロアーマット 2011/8～ 4GC 【ワールドSP1シリーズ】<br>当店最上級シリーズ☆<br>9色から選べる♪<br>ボリュームたっぷりの生地で車内がリビングルームに</p>
</li>
</ul><br>
<div align=""center"">
<img src=""https://image.rakuten.co.jp/worldmat/cabinet/kikaku/w_20170514_616.jpg"" width=""619px"" height=""190px"" alt=""【72時間限定！！新生活応援キャンペーン】 全商品10%OFFクーポン！＆送料無料！！ 開催期間：5月14日（日）10:00～5月17日（水）AM9:59まで"" border=""0""><br>
<br>
<font size=""2"" color=""red"">当店は、ディーラーや自動車メーカーのマットを制作してきた<br>
老舗のフロアマットメーカーですが、楽天でのネット通販の歴史は浅いので、<br>
レビューの数が消して多くはありません。<br>
<br>
他店のレビューが多いマットと比べても、品質の良さとコストパフォーマンスには<br>
自信を持っておりますので、どうか、皆様の評価をいただいて、<br>
多くの方に、安心してご購入いただけるようご協力お願い申し上げます。<br>
<br>
レビューの書き方はコチラ</font></div>
<br>
<br>",ZERO（ゼロ）フロアマット アウディ A6（C7） 2011/8～ 4GC 【ループ・ダイヤモンド】（自動車 フロアーマット カーマット）：フロアマット通販店ワールドマット,ZERO（ゼロ）フロアマット アウディ A6（C7） 2011/8～ 4GC 【ループ・ダイヤモンド】（自動車 フロアーマット カーマット）,10%OFFクーポン☆5/17 9:59まで ★送料無料★ 。ZERO（ゼロ）フロアマット アウディ A6（C7） 2011/8～ 4GC 【ループ・ダイヤモンド】（自動車 フロアーマット カーマット）[rn]
12-36839,http://tshop.r10s.jp/worldmat/cabinet/zero/lo_mt.jpg?fitin=700:700,16000.0000,,車用品・バイク用品 > カー用品 > 内装パーツ > フロアマット > アウディ用,ZERO（ゼロ）フロアマット アウディ A4（B5） 1995/10～2001/5 8DA 【ループ・ダイヤモンド】（自動車 フロアーマット カーマット）,,"<ul class=""description"">
<li class=""item_list"">カラー</li>
<li class=""item"">【ZEROループシリーズ】 ダークグレー/ブラック（黒色）/ブラウン（茶色）/ベージュ<br>【ZEROダイヤモンドシリーズ】ブラック（黒色）/ピンク（桃色）/レッド（赤色）/シルバー（銀色）/ブルー（青色）/オレンジ/グリーン（緑色）</li>
<li class=""item_list"">メーカー</li>
<li class=""item"">Audi（アウディ）</li>
<li class=""item_list"">車種</li>
<li class=""item"">A4（B5）（エーヨン）</li>
<li class=""item""><img src=""http://image.rakuten.co.jp/worldmat/cabinet/foreigncar/audi-a4-b5_c.jpg"" alt=""アウディ A4（B5） 1995/10～2001/5 8DA"" width=""250"" height=""125"" border=""0""></li>
<li class=""item_list"">年式</li>
<li class=""item"">1995/10～2001/5</li>
<li class=""item_list"">型式</li>
<li class=""item"">8DA</li>
<li class=""item_list"">ハンドル位置</li>
<li class=""item"">右ハンドル</li>
<li class=""item_list"">マット点数</li>
<li class=""item"">4点</li>
<li class=""item_list"">ズレ止めの仕様</li>
<li class=""item"">純正に対応したストッパー<br>
<br>
（※出荷工場、左右ハンドル、購入されるマットの色柄等により変わる場合がございます。ご購入後の返品はお受けできませんので、ズレ止めの仕様にこだわりをお持ちの方は、ご購入前にお問い合わせ下さい。）</li>
<li class=""item_list"">納期</li>
<li class=""item"">3～8日以内に発送します</li>
<li class=""item_list"">ご注意事項</li>
<li class=""item_red"">フロアマットの形状は、車種以外にも、年式・型式・その他上記事項によって変わります。(画像はサンプルマットです。)<br>
商品名とその他の項目をご確認の上、ご購入ください。<br>
<br>
受注生産品のため、返品は不可ですので、ご了承くださいませ。</li>
<li class=""item"">ズレ止めの仕様など、純正品と異なる場合があります。<br>
※詳しくはご購入前に、「フロアマットに関する注意事項」をお読みくださいませ。</li>
</ul>
<ul class=""line_up"">
<li class=""line_up"">
<p class=""line_up_img""><img src=""http://image.rakuten.co.jp/worldmat/cabinet/r/f1_140.jpg"" alt=""アウディ A4（B5） 1995/10～2001/5 8DA カーマット"" width=""140"" height=""140"" border=""0""></p>
<p class=""line_up_txt"">アウディ A4（B5） フロアーマット 1995/10～2001/5 8DA 【ワールドF1シリーズ】<br>マットの厚み約17mm！（毛足の長さはふかふかの13mm！）<br>裏面は高級仕様のフエルトバッキング</p>
</li>
<li class=""line_up"">
<p class=""line_up_img""><img src=""http://image.rakuten.co.jp/worldmat/cabinet/r/sp1_140.jpg"" alt=""アウディ A4（B5） 1995/10～2001/5 8DA カーマット"" width=""140"" height=""140"" border=""0""></p>
<p class=""line_up_txt"">アウディA4（B5） フロアーマット 1995/10～2001/5 8DA 【ワールドSP1シリーズ】<br>当店最上級シリーズ☆<br>9色から選べる♪<br>ボリュームたっぷりの生地で車内がリビングルームに</p>
</li>
</ul><br>
<div align=""center"">
<img src=""https://image.rakuten.co.jp/worldmat/cabinet/kikaku/w_20170514_616.jpg"" width=""619px"" height=""190px"" alt=""【72時間限定！！新生活応援キャンペーン】 全商品10%OFFクーポン！＆送料無料！！ 開催期間：5月14日（日）10:00～5月17日（水）AM9:59まで"" border=""0""><br>
<br>
<font size=""2"" color=""red"">当店は、ディーラーや自動車メーカーのマットを制作してきた<br>
老舗のフロアマットメーカーですが、楽天でのネット通販の歴史は浅いので、<br>
レビューの数が消して多くはありません。<br>
<br>
他店のレビューが多いマットと比べても、品質の良さとコストパフォーマンスには<br>
自信を持っておりますので、どうか、皆様の評価をいただいて、<br>
多くの方に、安心してご購入いただけるようご協力お願い申し上げます。<br>
<br>
レビューの書き方はコチラ</font></div>
<br>
<br>",ZERO（ゼロ）フロアマット アウディ A4（B5） 1995/10～2001/5 8DA 【ループ・ダイヤモンド】（自動車 フロアーマット カーマット）：フロアマット通販店ワールドマット,ZERO（ゼロ）フロアマット アウディ A4（B5） 1995/10～2001/5 8DA 【ループ・ダイヤモンド】（自動車 フロアーマット カーマット）,10%OFFクーポン☆5/17 9:59まで ★送料無料★ 。ZERO（ゼロ）フロアマット アウディ A4（B5） 1995/10～2001/5 8DA 【ループ・ダイヤモンド】（自動車 フロアーマット カーマット）[rn]
12-36840,http://tshop.r10s.jp/worldmat/cabinet/zero/lo_mt.jpg?fitin=700:700,14400.0000,,車用品・バイク用品 > カー用品 > 内装パーツ > フロアマット > アウディ用,ZERO（ゼロ）フロアマット アウディ A3（A3） 2013/9～ 8VC# 【ループ・ダイヤモンド】（自動車 フロアーマット カーマット）,,"<ul class=""description"">
<li class=""item_list"">カラー</li>
<li class=""item"">【ZEROループシリーズ】 ダークグレー/ブラック（黒色）/ブラウン（茶色）/ベージュ<br>【ZEROダイヤモンドシリーズ】ブラック（黒色）/ピンク（桃色）/レッド（赤色）/シルバー（銀色）/ブルー（青色）/オレンジ/グリーン（緑色）</li>
<li class=""item_list"">メーカー</li>
<li class=""item"">Audi（アウディ）</li>
<li class=""item_list"">車種</li>
<li class=""item"">A3（A3）（エーサン）</li>
<li class=""item""><img src=""http://image.rakuten.co.jp/worldmat/cabinet/foreigncar/audi-a3-a3_c.jpg"" alt=""アウディ A3（A3） 2013/9～ 8VC#"" width=""250"" height=""125"" border=""0""></li>
<li class=""item_list"">年式</li>
<li class=""item"">2013/9～</li>
<li class=""item_list"">型式</li>
<li class=""item"">8VC#</li>
<li class=""item_list"">ハンドル位置</li>
<li class=""item"">右ハンドル</li>
<li class=""item_list"">マット点数</li>
<li class=""item"">4点（フロント2枚、リア2枚）</li>
<li class=""item_list"">ズレ止めの仕様</li>
<li class=""item"">純正に対応したストッパー<br>
<br>
（※出荷工場、左右ハンドル、購入されるマットの色柄等により変わる場合がございます。ご購入後の返品はお受けできませんので、ズレ止めの仕様にこだわりをお持ちの方は、ご購入前にお問い合わせ下さい。）</li>
<li class=""item_list"">納期</li>
<li class=""item"">3～8日以内に発送します</li>
<li class=""item_list"">ご注意事項</li>
<li class=""item_red"">フロアマットの形状は、車種以外にも、年式・型式・その他上記事項によって変わります。(画像はサンプルマットです。)<br>
商品名とその他の項目をご確認の上、ご購入ください。<br>
<br>
受注生産品のため、返品は不可ですので、ご了承くださいませ。</li>
<li class=""item"">ズレ止めの仕様など、純正品と異なる場合があります。<br>
※詳しくはご購入前に、「フロアマットに関する注意事項」をお読みくださいませ。</li>
</ul>
<ul class=""line_up"">
<li class=""line_up"">
<p class=""line_up_img""><img src=""http://image.rakuten.co.jp/worldmat/cabinet/r/f1_140.jpg"" alt=""アウディ A3（A3） 2013/9～ 8VC# カーマット"" width=""140"" height=""140"" border=""0""></p>
<p class=""line_up_txt"">アウディ A3（A3） フロアーマット 2013/9～ 8VC# 【ワールドF1シリーズ】<br>マットの厚み約17mm！（毛足の長さはふかふかの13mm！）<br>裏面は高級仕様のフエルトバッキング</p>
</li>
<li class=""line_up"">
<p class=""line_up_img""><img src=""http://image.rakuten.co.jp/worldmat/cabinet/r/sp1_140.jpg"" alt=""アウディ A3（A3） 2013/9～ 8VC# カーマット"" width=""140"" height=""140"" border=""0""></p>
<p class=""line_up_txt"">アウディA3（A3） フロアーマット 2013/9～ 8VC# 【ワールドSP1シリーズ】<br>当店最上級シリーズ☆<br>9色から選べる♪<br>ボリュームたっぷりの生地で車内がリビングルームに</p>
</li>
</ul><br>
<div align=""center"">
<img src=""https://image.rakuten.co.jp/worldmat/cabinet/kikaku/w_20170514_616.jpg"" width=""619px"" height=""190px"" alt=""【72時間限定！！新生活応援キャンペーン】 全商品10%OFFクーポン！＆送料無料！！ 開催期間：5月14日（日）10:00～5月17日（水）AM9:59まで"" border=""0""><br>
<br>
<font size=""2"" color=""red"">当店は、ディーラーや自動車メーカーのマットを制作してきた<br>
老舗のフロアマットメーカーですが、楽天でのネット通販の歴史は浅いので、<br>
レビューの数が消して多くはありません。<br>
<br>
他店のレビューが多いマットと比べても、品質の良さとコストパフォーマンスには<br>
自信を持っておりますので、どうか、皆様の評価をいただいて、<br>
多くの方に、安心してご購入いただけるようご協力お願い申し上げます。<br>
<br>
レビューの書き方はコチラ</font></div>
<br>
<br>",ZERO（ゼロ）フロアマット アウディ A3（A3） 2013/9～ 8VC# 【ループ・ダイヤモンド】（自動車 フロアーマット カーマット）：フロアマット通販店ワールドマット,ZERO（ゼロ）フロアマット アウディ A3（A3） 2013/9～ 8VC# 【ループ・ダイヤモンド】（自動車 フロアーマット カーマット）,10%OFFクーポン☆5/17 9:59まで ★送料無料★ 。ZERO（ゼロ）フロアマット アウディ A3（A3） 2013/9～ 8VC# 【ループ・ダイヤモンド】（自動車 フロアーマット カーマット）[rn]
12-36841,http://tshop.r10s.jp/worldmat/cabinet/zero/lo_mt.jpg?fitin=700:700,16000.0000,,車用品・バイク用品 > カー用品 > 内装パーツ > フロアマット > アウディ用,ZERO（ゼロ）フロアマット アウディ S4セダン （B8） 2009/5～ 8KC 【ループ・ダイヤモンド】（自動車 フロアーマット カーマット）,,"<ul class=""description"">
<li class=""item_list"">カラー</li>
<li class=""item"">【ZEROループシリーズ】 ダークグレー/ブラック（黒色）/ブラウン（茶色）/ベージュ<br>【ZEROダイヤモンドシリーズ】ブラック（黒色）/ピンク（桃色）/レッド（赤色）/シルバー（銀色）/ブルー（青色）/オレンジ/グリーン（緑色）</li>
<li class=""item_list"">メーカー</li>
<li class=""item"">Audi（アウディ）</li>
<li class=""item_list"">車種</li>
<li class=""item"">S4セダン （B8）（エスフォー）</li>
<li class=""item""><img src=""http://image.rakuten.co.jp/worldmat/cabinet/foreigncar/audi-s4sedan_c.jpg"" alt=""アウディ S4セダン （B8） 2009/5～ 8KC"" width=""250"" height=""125"" border=""0""></li>
<li class=""item_list"">年式</li>
<li class=""item"">2009/5～</li>
<li class=""item_list"">型式</li>
<li class=""item"">8KC</li>
<li class=""item_list"">ハンドル位置</li>
<li class=""item"">左右ハンドル</li>
<li class=""item_list"">マット点数</li>
<li class=""item"">5点（フロント2枚、リア3枚）　<font color=""#FF0000"">セダン専用　※アバントは別型になります。</font></li>
<li class=""item_list"">ズレ止めの仕様</li>
<li class=""item"">純正に対応したストッパー<br>
<br>
（※出荷工場、左右ハンドル、購入されるマットの色柄等により変わる場合がございます。ご購入後の返品はお受けできませんので、ズレ止めの仕様にこだわりをお持ちの方は、ご購入前にお問い合わせ下さい。）</li>
<li class=""item_list"">納期</li>
<li class=""item"">3～8日以内に発送します</li>
<li class=""item_list"">ご注意事項</li>
<li class=""item_red"">フロアマットの形状は、車種以外にも、年式・型式・その他上記事項によって変わります。(画像はサンプルマットです。)<br>
商品名とその他の項目をご確認の上、ご購入ください。<br>
<br>
受注生産品のため、返品は不可ですので、ご了承くださいませ。</li>
<li class=""item"">ズレ止めの仕様など、純正品と異なる場合があります。<br>
※詳しくはご購入前に、「フロアマットに関する注意事項」をお読みくださいませ。</li>
</ul>
<ul class=""line_up"">
<li class=""line_up"">
<p class=""line_up_img""><img src=""http://image.rakuten.co.jp/worldmat/cabinet/r/f1_140.jpg"" alt=""アウディ S4セダン （B8） 2009/5～ 8KC カーマット"" width=""140"" height=""140"" border=""0""></p>
<p class=""line_up_txt"">アウディ S4セダン （B8） フロアーマット 2009/5～ 8KC 【ワールドF1シリーズ】<br>マットの厚み約17mm！（毛足の長さはふかふかの13mm！）<br>裏面は高級仕様のフエルトバッキング</p>
</li>
<li class=""line_up"">
<p class=""line_up_img""><img src=""http://image.rakuten.co.jp/worldmat/cabinet/r/sp1_140.jpg"" alt=""アウディ S4セダン （B8） 2009/5～ 8KC カーマット"" width=""140"" height=""140"" border=""0""></p>
<p class=""line_up_txt"">アウディS4セダン （B8） フロアーマット 2009/5～ 8KC 【ワールドSP1シリーズ】<br>当店最上級シリーズ☆<br>9色から選べる♪<br>ボリュームたっぷりの生地で車内がリビングルームに</p>
</li>
</ul><br>
<div align=""center"">
<img src=""https://image.rakuten.co.jp/worldmat/cabinet/kikaku/w_20170514_616.jpg"" width=""619px"" height=""190px"" alt=""【72時間限定！！新生活応援キャンペーン】 全商品10%OFFクーポン！＆送料無料！！ 開催期間：5月14日（日）10:00～5月17日（水）AM9:59まで"" border=""0""><br>
<br>
<font size=""2"" color=""red"">当店は、ディーラーや自動車メーカーのマットを制作してきた<br>
老舗のフロアマットメーカーですが、楽天でのネット通販の歴史は浅いので、<br>
レビューの数が消して多くはありません。<br>
<br>
他店のレビューが多いマットと比べても、品質の良さとコストパフォーマンスには<br>
自信を持っておりますので、どうか、皆様の評価をいただいて、<br>
多くの方に、安心してご購入いただけるようご協力お願い申し上げます。<br>
<br>
レビューの書き方はコチラ</font></div>
<br>
<br>",ZERO（ゼロ）フロアマット アウディ S4セダン （B8） 2009/5～ 8KC 【ループ・ダイヤモンド】（自動車 フロアーマット カーマット）：フロアマット通販店ワールドマット,ZERO（ゼロ）フロアマット アウディ S4セダン （B8） 2009/5～ 8KC 【ループ・ダイヤモンド】（自動車 フロアーマット カーマット）,10%OFFクーポン☆5/17 9:59まで ★送料無料★ 。ZERO（ゼロ）フロアマット アウディ S4セダン （B8） 2009/5～ 8KC 【ループ・ダイヤモンド】（自動車 フロアーマット カーマット）[rn]
12-36842,http://tshop.r10s.jp/worldmat/cabinet/zero/lo_mt.jpg?fitin=700:700,17600.0000,,車用品・バイク用品 > カー用品 > 内装パーツ > フロアマット > アウディ用,ZERO（ゼロ）フロアマット アウディ A8（D4） 2010/12～ 4HC 【ループ・ダイヤモンド】（自動車 フロアーマット カーマット）,,"<ul class=""description"">
<li class=""item_list"">カラー</li>
<li class=""item"">【ZEROループシリーズ】 ダークグレー/ブラック（黒色）/ブラウン（茶色）/ベージュ<br>【ZEROダイヤモンドシリーズ】ブラック（黒色）/ピンク（桃色）/レッド（赤色）/シルバー（銀色）/ブルー（青色）/オレンジ/グリーン（緑色）</li>
<li class=""item_list"">メーカー</li>
<li class=""item"">Audi（アウディ）</li>
<li class=""item_list"">車種</li>
<li class=""item"">A8（D4）（エーハチ）</li>
<li class=""item""><img src=""http://image.rakuten.co.jp/worldmat/cabinet/foreigncar/audi-a8-d4_c.jpg"" alt=""アウディ A8（D4） 2010/12～ 4HC"" width=""250"" height=""125"" border=""0""></li>
<li class=""item_list"">年式</li>
<li class=""item"">2010/12～</li>
<li class=""item_list"">型式</li>
<li class=""item"">4HC</li>
<li class=""item_list"">ハンドル位置</li>
<li class=""item"">左右ハンドル</li>
<li class=""item_list"">マット点数</li>
<li class=""item"">4点　<font color=""#FF0000"">※ロングボディー不可</font></li>
<li class=""item_list"">ズレ止めの仕様</li>
<li class=""item"">純正に対応したストッパー<br>
<br>
（※出荷工場、左右ハンドル、購入されるマットの色柄等により変わる場合がございます。ご購入後の返品はお受けできませんので、ズレ止めの仕様にこだわりをお持ちの方は、ご購入前にお問い合わせ下さい。）</li>
<li class=""item_list"">納期</li>
<li class=""item"">3～8日以内に発送します</li>
<li class=""item_list"">ご注意事項</li>
<li class=""item_red"">フロアマットの形状は、車種以外にも、年式・型式・その他上記事項によって変わります。(画像はサンプルマットです。)<br>
商品名とその他の項目をご確認の上、ご購入ください。<br>
<br>
受注生産品のため、返品は不可ですので、ご了承くださいませ。</li>
<li class=""item"">ズレ止めの仕様など、純正品と異なる場合があります。<br>
※詳しくはご購入前に、「フロアマットに関する注意事項」をお読みくださいませ。</li>
</ul>
<ul class=""line_up"">
<li class=""line_up"">
<p class=""line_up_img""><img src=""http://image.rakuten.co.jp/worldmat/cabinet/r/f1_140.jpg"" alt=""アウディ A8（D4） 2010/12～ 4HC カーマット"" width=""140"" height=""140"" border=""0""></p>
<p class=""line_up_txt"">アウディ A8（D4） フロアーマット 2010/12～ 4HC 【ワールドF1シリーズ】<br>マットの厚み約17mm！（毛足の長さはふかふかの13mm！）<br>裏面は高級仕様のフエルトバッキング</p>
</li>
<li class=""line_up"">
<p class=""line_up_img""><img src=""http://image.rakuten.co.jp/worldmat/cabinet/r/sp1_140.jpg"" alt=""アウディ A8（D4） 2010/12～ 4HC カーマット"" width=""140"" height=""140"" border=""0""></p>
<p class=""line_up_txt"">アウディA8（D4） フロアーマット 2010/12～ 4HC 【ワールドSP1シリーズ】<br>当店最上級シリーズ☆<br>9色から選べる♪<br>ボリュームたっぷりの生地で車内がリビングルームに</p>
</li>
</ul><br>
<div align=""center"">
<img src=""https://image.rakuten.co.jp/worldmat/cabinet/kikaku/w_20170514_616.jpg"" width=""619px"" height=""190px"" alt=""【72時間限定！！新生活応援キャンペーン】 全商品10%OFFクーポン！＆送料無料！！ 開催期間：5月14日（日）10:00～5月17日（水）AM9:59まで"" border=""0""><br>
<br>
<font size=""2"" color=""red"">当店は、ディーラーや自動車メーカーのマットを制作してきた<br>
老舗のフロアマットメーカーですが、楽天でのネット通販の歴史は浅いので、<br>
レビューの数が消して多くはありません。<br>
<br>
他店のレビューが多いマットと比べても、品質の良さとコストパフォーマンスには<br>
自信を持っておりますので、どうか、皆様の評価をいただいて、<br>
多くの方に、安心してご購入いただけるようご協力お願い申し上げます。<br>
<br>
レビューの書き方はコチラ</font></div>
<br>
<br>",ZERO（ゼロ）フロアマット アウディ A8（D4） 2010/12～ 4HC 【ループ・ダイヤモンド】（自動車 フロアーマット カーマット）：フロアマット通販店ワールドマット,ZERO（ゼロ）フロアマット アウディ A8（D4） 2010/12～ 4HC 【ループ・ダイヤモンド】（自動車 フロアーマット カーマット）,10%OFFクーポン☆5/17 9:59まで ★送料無料★ 。ZERO（ゼロ）フロアマット アウディ A8（D4） 2010/12～ 4HC 【ループ・ダイヤモンド】（自動車 フロアーマット カーマット）[rn]
12-36843,http://tshop.r10s.jp/worldmat/cabinet/zero/lo_mt.jpg?fitin=700:700,16000.0000,,車用品・バイク用品 > カー用品 > 内装パーツ > フロアマット > アウディ用,ZERO（ゼロ）フロアマット アウディ S4アバント （B8） 2009/5～ 8KC 【ループ・ダイヤモンド】（自動車 フロアーマット カーマット）,,"<ul class=""description"">
<li class=""item_list"">カラー</li>
<li class=""item"">【ZEROループシリーズ】 ダークグレー/ブラック（黒色）/ブラウン（茶色）/ベージュ<br>【ZEROダイヤモンドシリーズ】ブラック（黒色）/ピンク（桃色）/レッド（赤色）/シルバー（銀色）/ブルー（青色）/オレンジ/グリーン（緑色）</li>
<li class=""item_list"">メーカー</li>
<li class=""item"">Audi（アウディ）</li>
<li class=""item_list"">車種</li>
<li class=""item"">S4アバント （B8）（エスフォー）</li>
<li class=""item""><img src=""http://image.rakuten.co.jp/worldmat/cabinet/foreigncar/audi-s4avant_c.jpg"" alt=""アウディ S4アバント （B8） 2009/5～ 8KC"" width=""250"" height=""125"" border=""0""></li>
<li class=""item_list"">年式</li>
<li class=""item"">2009/5～</li>
<li class=""item_list"">型式</li>
<li class=""item"">8KC</li>
<li class=""item_list"">ハンドル位置</li>
<li class=""item"">左右ハンドル</li>
<li class=""item_list"">マット点数</li>
<li class=""item"">5点（フロント2枚、リア3枚）　<font color=""#FF0000"">アバント専用　※セダンは別型になります。</font></li>
<li class=""item_list"">ズレ止めの仕様</li>
<li class=""item"">純正に対応したストッパー<br>
<br>
（※出荷工場、左右ハンドル、購入されるマットの色柄等により変わる場合がございます。ご購入後の返品はお受けできませんので、ズレ止めの仕様にこだわりをお持ちの方は、ご購入前にお問い合わせ下さい。）</li>
<li class=""item_list"">納期</li>
<li class=""item"">3～8日以内に発送します</li>
<li class=""item_list"">ご注意事項</li>
<li class=""item_red"">フロアマットの形状は、車種以外にも、年式・型式・その他上記事項によって変わります。(画像はサンプルマットです。)<br>
商品名とその他の項目をご確認の上、ご購入ください。<br>
<br>
受注生産品のため、返品は不可ですので、ご了承くださいませ。</li>
<li class=""item"">ズレ止めの仕様など、純正品と異なる場合があります。<br>
※詳しくはご購入前に、「フロアマットに関する注意事項」をお読みくださいませ。</li>
</ul>
<ul class=""line_up"">
<li class=""line_up"">
<p class=""line_up_img""><img src=""http://image.rakuten.co.jp/worldmat/cabinet/r/f1_140.jpg"" alt=""アウディ S4アバント （B8） 2009/5～ 8KC カーマット"" width=""140"" height=""140"" border=""0""></p>
<p class=""line_up_txt"">アウディ S4アバント （B8） フロアーマット 2009/5～ 8KC 【ワールドF1シリーズ】<br>マットの厚み約17mm！（毛足の長さはふかふかの13mm！）<br>裏面は高級仕様のフエルトバッキング</p>
</li>
<li class=""line_up"">
<p class=""line_up_img""><img src=""http://image.rakuten.co.jp/worldmat/cabinet/r/sp1_140.jpg"" alt=""アウディ S4アバント （B8） 2009/5～ 8KC カーマット"" width=""140"" height=""140"" border=""0""></p>
<p class=""line_up_txt"">アウディS4アバント （B8） フロアーマット 2009/5～ 8KC 【ワールドSP1シリーズ】<br>当店最上級シリーズ☆<br>9色から選べる♪<br>ボリュームたっぷりの生地で車内がリビングルームに</p>
</li>
</ul><br>
<div align=""center"">
<img src=""https://image.rakuten.co.jp/worldmat/cabinet/kikaku/w_20170514_616.jpg"" width=""619px"" height=""190px"" alt=""【72時間限定！！新生活応援キャンペーン】 全商品10%OFFクーポン！＆送料無料！！ 開催期間：5月14日（日）10:00～5月17日（水）AM9:59まで"" border=""0""><br>
<br>
<font size=""2"" color=""red"">当店は、ディーラーや自動車メーカーのマットを制作してきた<br>
老舗のフロアマットメーカーですが、楽天でのネット通販の歴史は浅いので、<br>
レビューの数が消して多くはありません。<br>
<br>
他店のレビューが多いマットと比べても、品質の良さとコストパフォーマンスには<br>
自信を持っておりますので、どうか、皆様の評価をいただいて、<br>
多くの方に、安心してご購入いただけるようご協力お願い申し上げます。<br>
<br>
レビューの書き方はコチラ</font></div>
<br>
<br>",ZERO（ゼロ）フロアマット アウディ S4アバント （B8） 2009/5～ 8KC 【ループ・ダイヤモンド】（自動車 フロアーマット カーマット）：フロアマット通販店ワールドマット,ZERO（ゼロ）フロアマット アウディ S4アバント （B8） 2009/5～ 8KC 【ループ・ダイヤモンド】（自動車 フロアーマット カーマット）,10%OFFクーポン☆5/17 9:59まで ★送料無料★ 。ZERO（ゼロ）フロアマット アウディ S4アバント （B8） 2009/5～ 8KC 【ループ・ダイヤモンド】（自動車 フロアーマット カーマット）[rn]
12-36844,http://tshop.r10s.jp/worldmat/cabinet/zero/lo_mt.jpg?fitin=700:700,14400.0000,,車用品・バイク用品 > カー用品 > 内装パーツ > フロアマット > アウディ用,ZERO（ゼロ）フロアマット アウディ A3（A5） 2003/9～2013/9 8PA、8PB 【ループ・ダイヤモンド】（自動車 フロアーマット カーマット）,,"<ul class=""description"">
<li class=""item_list"">カラー</li>
<li class=""item"">【ZEROループシリーズ】 ダークグレー/ブラック（黒色）/ブラウン（茶色）/ベージュ<br>【ZEROダイヤモンドシリーズ】ブラック（黒色）/ピンク（桃色）/レッド（赤色）/シルバー（銀色）/ブルー（青色）/オレンジ/グリーン（緑色）</li>
<li class=""item_list"">メーカー</li>
<li class=""item"">Audi（アウディ）</li>
<li class=""item_list"">車種</li>
<li class=""item"">A3（A5）（エーサン）</li>
<li class=""item""><img src=""http://image.rakuten.co.jp/worldmat/cabinet/foreigncar/audi-a3-a5_c.jpg"" alt=""アウディ A3（A5） 2003/9～2013/9 8PA、8PB"" width=""250"" height=""125"" border=""0""></li>
<li class=""item_list"">年式</li>
<li class=""item"">2003/9～2013/9</li>
<li class=""item_list"">型式</li>
<li class=""item"">8PA、8PB</li>
<li class=""item_list"">ハンドル位置</li>
<li class=""item"">右ハンドル</li>
<li class=""item_list"">マット点数</li>
<li class=""item"">4点</li>
<li class=""item_list"">ズレ止めの仕様</li>
<li class=""item"">純正に対応したストッパー<br>
<br>
（※出荷工場、左右ハンドル、購入されるマットの色柄等により変わる場合がございます。ご購入後の返品はお受けできませんので、ズレ止めの仕様にこだわりをお持ちの方は、ご購入前にお問い合わせ下さい。）</li>
<li class=""item_list"">納期</li>
<li class=""item"">3～8日以内に発送します</li>
<li class=""item_list"">ご注意事項</li>
<li class=""item_red"">フロアマットの形状は、車種以外にも、年式・型式・その他上記事項によって変わります。(画像はサンプルマットです。)<br>
商品名とその他の項目をご確認の上、ご購入ください。<br>
<br>
受注生産品のため、返品は不可ですので、ご了承くださいませ。</li>
<li class=""item"">ズレ止めの仕様など、純正品と異なる場合があります。<br>
※詳しくはご購入前に、「フロアマットに関する注意事項」をお読みくださいませ。</li>
</ul>
<ul class=""line_up"">
<li class=""line_up"">
<p class=""line_up_img""><img src=""http://image.rakuten.co.jp/worldmat/cabinet/r/f1_140.jpg"" alt=""アウディ A3（A5） 2003/9～2013/9 8PA、8PB カーマット"" width=""140"" height=""140"" border=""0""></p>
<p class=""line_up_txt"">アウディ A3（A5） フロアーマット 2003/9～2013/9 8PA、8PB 【ワールドF1シリーズ】<br>マットの厚み約17mm！（毛足の長さはふかふかの13mm！）<br>裏面は高級仕様のフエルトバッキング</p>
</li>
<li class=""line_up"">
<p class=""line_up_img""><img src=""http://image.rakuten.co.jp/worldmat/cabinet/r/sp1_140.jpg"" alt=""アウディ A3（A5） 2003/9～2013/9 8PA、8PB カーマット"" width=""140"" height=""140"" border=""0""></p>
<p class=""line_up_txt"">アウディA3（A5） フロアーマット 2003/9～2013/9 8PA、8PB 【ワールドSP1シリーズ】<br>当店最上級シリーズ☆<br>9色から選べる♪<br>ボリュームたっぷりの生地で車内がリビングルームに</p>
</li>
</ul><br>
<div align=""center"">
<img src=""https://image.rakuten.co.jp/worldmat/cabinet/kikaku/w_20170514_616.jpg"" width=""619px"" height=""190px"" alt=""【72時間限定！！新生活応援キャンペーン】 全商品10%OFFクーポン！＆送料無料！！ 開催期間：5月14日（日）10:00～5月17日（水）AM9:59まで"" border=""0""><br>
<br>
<font size=""2"" color=""red"">当店は、ディーラーや自動車メーカーのマットを制作してきた<br>
老舗のフロアマットメーカーですが、楽天でのネット通販の歴史は浅いので、<br>
レビューの数が消して多くはありません。<br>
<br>
他店のレビューが多いマットと比べても、品質の良さとコストパフォーマンスには<br>
自信を持っておりますので、どうか、皆様の評価をいただいて、<br>
多くの方に、安心してご購入いただけるようご協力お願い申し上げます。<br>
<br>
レビューの書き方はコチラ</font></div>
<br>
<br>",ZERO（ゼロ）フロアマット アウディ A3（A5） 2003/9～2013/9 8PA、8PB 【ループ・ダイヤモンド】（自動車 フロアーマット カーマット）：フロアマット通販店ワールドマット,ZERO（ゼロ）フロアマット アウディ A3（A5） 2003/9～2013/9 8PA、8PB 【ループ・ダイヤモンド】（自動車 フロアーマット カーマット）,10%OFFクーポン☆5/17 9:59まで ★送料無料★ 。ZERO（ゼロ）フロアマット アウディ A3（A5） 2003/9～2013/9 8PA、8PB 【ループ・ダイヤモンド】（自動車 フロアーマット カーマット）[rn]
12-36845,http://tshop.r10s.jp/worldmat/cabinet/zero/lo_mt.jpg?fitin=700:700,17600.0000,,車用品・バイク用品 > カー用品 > 内装パーツ > フロアマット > アウディ用,ZERO（ゼロ）フロアマット アウディ S8（D3） 2006/6～2010/12 4EBSMF 【ループ・ダイヤモンド】（自動車 フロアーマット カーマット）,,"<ul class=""description"">
<li class=""item_list"">カラー</li>
<li class=""item"">【ZEROループシリーズ】 ダークグレー/ブラック（黒色）/ブラウン（茶色）/ベージュ<br>【ZEROダイヤモンドシリーズ】ブラック（黒色）/ピンク（桃色）/レッド（赤色）/シルバー（銀色）/ブルー（青色）/オレンジ/グリーン（緑色）</li>
<li class=""item_list"">メーカー</li>
<li class=""item"">Audi（アウディ）</li>
<li class=""item_list"">車種</li>
<li class=""item"">S8（D3）（エスエイト）</li>
<li class=""item""><img src=""http://image.rakuten.co.jp/worldmat/cabinet/foreigncar/audi-s8_c.jpg"" alt=""アウディ S8（D3） 2006/6～2010/12 4EBSMF"" width=""250"" height=""125"" border=""0""></li>
<li class=""item_list"">年式</li>
<li class=""item"">2006/6～2010/12</li>
<li class=""item_list"">型式</li>
<li class=""item"">4EBSMF</li>
<li class=""item_list"">ハンドル位置</li>
<li class=""item"">左右ハンドル</li>
<li class=""item_list"">マット点数</li>
<li class=""item"">4点</li>
<li class=""item_list"">ズレ止めの仕様</li>
<li class=""item"">純正に対応したストッパー<br>
<br>
（※出荷工場、左右ハンドル、購入されるマットの色柄等により変わる場合がございます。ご購入後の返品はお受けできませんので、ズレ止めの仕様にこだわりをお持ちの方は、ご購入前にお問い合わせ下さい。）</li>
<li class=""item_list"">納期</li>
<li class=""item"">3～8日以内に発送します</li>
<li class=""item_list"">ご注意事項</li>
<li class=""item_red"">フロアマットの形状は、車種以外にも、年式・型式・その他上記事項によって変わります。(画像はサンプルマットです。)<br>
商品名とその他の項目をご確認の上、ご購入ください。<br>
<br>
受注生産品のため、返品は不可ですので、ご了承くださいませ。</li>
<li class=""item"">ズレ止めの仕様など、純正品と異なる場合があります。<br>
※詳しくはご購入前に、「フロアマットに関する注意事項」をお読みくださいませ。</li>
</ul>
<ul class=""line_up"">
<li class=""line_up"">
<p class=""line_up_img""><img src=""http://image.rakuten.co.jp/worldmat/cabinet/r/f1_140.jpg"" alt=""アウディ S8（D3） 2006/6～2010/12 4EBSMF カーマット"" width=""140"" height=""140"" border=""0""></p>
<p class=""line_up_txt"">アウディ S8（D3） フロアーマット 2006/6～2010/12 4EBSMF 【ワールドF1シリーズ】<br>マットの厚み約17mm！（毛足の長さはふかふかの13mm！）<br>裏面は高級仕様のフエルトバッキング</p>
</li>
<li class=""line_up"">
<p class=""line_up_img""><img src=""http://image.rakuten.co.jp/worldmat/cabinet/r/sp1_140.jpg"" alt=""アウディ S8（D3） 2006/6～2010/12 4EBSMF カーマット"" width=""140"" height=""140"" border=""0""></p>
<p class=""line_up_txt"">アウディS8（D3） フロアーマット 2006/6～2010/12 4EBSMF 【ワールドSP1シリーズ】<br>当店最上級シリーズ☆<br>9色から選べる♪<br>ボリュームたっぷりの生地で車内がリビングルームに</p>
</li>
</ul><br>
<div align=""center"">
<img src=""https://image.rakuten.co.jp/worldmat/cabinet/kikaku/w_20170514_616.jpg"" width=""619px"" height=""190px"" alt=""【72時間限定！！新生活応援キャンペーン】 全商品10%OFFクーポン！＆送料無料！！ 開催期間：5月14日（日）10:00～5月17日（水）AM9:59まで"" border=""0""><br>
<br>
<font size=""2"" color=""red"">当店は、ディーラーや自動車メーカーのマットを制作してきた<br>
老舗のフロアマットメーカーですが、楽天でのネット通販の歴史は浅いので、<br>
レビューの数が消して多くはありません。<br>
<br>
他店のレビューが多いマットと比べても、品質の良さとコストパフォーマンスには<br>
自信を持っておりますので、どうか、皆様の評価をいただいて、<br>
多くの方に、安心してご購入いただけるようご協力お願い申し上げます。<br>
<br>
レビューの書き方はコチラ</font></div>
<br>
<br>",ZERO（ゼロ）フロアマット アウディ S8（D3） 2006/6～2010/12 4EBSMF 【ループ・ダイヤモンド】（自動車 フロアーマット カーマット）：フロアマット通販店ワールドマット,ZERO（ゼロ）フロアマット アウディ S8（D3） 2006/6～2010/12 4EBSMF 【ループ・ダイヤモンド】（自動車 フロアーマット カーマット）,10%OFFクーポン☆5/17 9:59まで ★送料無料★ 。ZERO（ゼロ）フロアマット アウディ S8（D3） 2006/6～2010/12 4EBSMF 【ループ・ダイヤモンド】（自動車 フロアーマット カーマット）[rn]
12-36846,http://tshop.r10s.jp/worldmat/cabinet/zero/lo_mt.jpg?fitin=700:700,16000.0000,,車用品・バイク用品 > カー用品 > 内装パーツ > フロアマット > アウディ用,ZERO（ゼロ）フロアマット アウディ S6（C6） 2006/6～2010/8 4FBXAS 【ループ・ダイヤモンド】（自動車 フロアーマット カーマット）,,"<ul class=""description"">
<li class=""item_list"">カラー</li>
<li class=""item"">【ZEROループシリーズ】 ダークグレー/ブラック（黒色）/ブラウン（茶色）/ベージュ<br>【ZEROダイヤモンドシリーズ】ブラック（黒色）/ピンク（桃色）/レッド（赤色）/シルバー（銀色）/ブルー（青色）/オレンジ/グリーン（緑色）</li>
<li class=""item_list"">メーカー</li>
<li class=""item"">Audi（アウディ）</li>
<li class=""item_list"">車種</li>
<li class=""item"">S6（C6）（エスロク）</li>
<li class=""item""><img src=""http://image.rakuten.co.jp/worldmat/cabinet/foreigncar/audi-s6-c6_c.jpg"" alt=""アウディ S6（C6） 2006/6～2010/8 4FBXAS"" width=""250"" height=""125"" border=""0""></li>
<li class=""item_list"">年式</li>
<li class=""item"">2006/6～2010/8</li>
<li class=""item_list"">型式</li>
<li class=""item"">4FBXAS</li>
<li class=""item_list"">ハンドル位置</li>
<li class=""item"">左右ハンドル</li>
<li class=""item_list"">マット点数</li>
<li class=""item"">4点（フロント2枚、リア2枚）</li>
<li class=""item_list"">ズレ止めの仕様</li>
<li class=""item"">純正に対応したストッパー<br>
<br>
（※出荷工場、左右ハンドル、購入されるマットの色柄等により変わる場合がございます。ご購入後の返品はお受けできませんので、ズレ止めの仕様にこだわりをお持ちの方は、ご購入前にお問い合わせ下さい。）</li>
<li class=""item_list"">納期</li>
<li class=""item"">3～8日以内に発送します</li>
<li class=""item_list"">ご注意事項</li>
<li class=""item_red"">フロアマットの形状は、車種以外にも、年式・型式・その他上記事項によって変わります。(画像はサンプルマットです。)<br>
商品名とその他の項目をご確認の上、ご購入ください。<br>
<br>
受注生産品のため、返品は不可ですので、ご了承くださいませ。</li>
<li class=""item"">ズレ止めの仕様など、純正品と異なる場合があります。<br>
※詳しくはご購入前に、「フロアマットに関する注意事項」をお読みくださいませ。</li>
</ul>
<ul class=""line_up"">
<li class=""line_up"">
<p class=""line_up_img""><img src=""http://image.rakuten.co.jp/worldmat/cabinet/r/f1_140.jpg"" alt=""アウディ S6（C6） 2006/6～2010/8 4FBXAS カーマット"" width=""140"" height=""140"" border=""0""></p>
<p class=""line_up_txt"">アウディ S6（C6） フロアーマット 2006/6～2010/8 4FBXAS 【ワールドF1シリーズ】<br>マットの厚み約17mm！（毛足の長さはふかふかの13mm！）<br>裏面は高級仕様のフエルトバッキング</p>
</li>
<li class=""line_up"">
<p class=""line_up_img""><img src=""http://image.rakuten.co.jp/worldmat/cabinet/r/sp1_140.jpg"" alt=""アウディ S6（C6） 2006/6～2010/8 4FBXAS カーマット"" width=""140"" height=""140"" border=""0""></p>
<p class=""line_up_txt"">アウディS6（C6） フロアーマット 2006/6～2010/8 4FBXAS 【ワールドSP1シリーズ】<br>当店最上級シリーズ☆<br>9色から選べる♪<br>ボリュームたっぷりの生地で車内がリビングルームに</p>
</li>
</ul><br>
<div align=""center"">
<img src=""https://image.rakuten.co.jp/worldmat/cabinet/kikaku/w_20170514_616.jpg"" width=""619px"" height=""190px"" alt=""【72時間限定！！新生活応援キャンペーン】 全商品10%OFFクーポン！＆送料無料！！ 開催期間：5月14日（日）10:00～5月17日（水）AM9:59まで"" border=""0""><br>
<br>
<font size=""2"" color=""red"">当店は、ディーラーや自動車メーカーのマットを制作してきた<br>
老舗のフロアマットメーカーですが、楽天でのネット通販の歴史は浅いので、<br>
レビューの数が消して多くはありません。<br>
<br>
他店のレビューが多いマットと比べても、品質の良さとコストパフォーマンスには<br>
自信を持っておりますので、どうか、皆様の評価をいただいて、<br>
多くの方に、安心してご購入いただけるようご協力お願い申し上げます。<br>
<br>
レビューの書き方はコチラ</font></div>
<br>
<br>",ZERO（ゼロ）フロアマット アウディ S6（C6） 2006/6～2010/8 4FBXAS 【ループ・ダイヤモンド】（自動車 フロアーマット カーマット）：フロアマット通販店ワールドマット,ZERO（ゼロ）フロアマット アウディ S6（C6） 2006/6～2010/8 4FBXAS 【ループ・ダイヤモンド】（自動車 フロアーマット カーマット）,10%OFFクーポン☆5/17 9:59まで ★送料無料★ 。ZERO（ゼロ）フロアマット アウディ S6（C6） 2006/6～2010/8 4FBXAS 【ループ・ダイヤモンド】（自動車 フロアーマット カーマット）[rn]
12-36847,http://tshop.r10s.jp/worldmat/cabinet/zero/lo_mt.jpg?fitin=700:700,16000.0000,,車用品・バイク用品 > カー用品 > 内装パーツ > フロアマット > アウディ用,ZERO（ゼロ）フロアマット アウディ A6（C5） 1997/9～2004/7 4BA、ABB 【ループ・ダイヤモンド】（自動車 フロアーマット カーマット）,,"<ul class=""description"">
<li class=""item_list"">カラー</li>
<li class=""item"">【ZEROループシリーズ】 ダークグレー/ブラック（黒色）/ブラウン（茶色）/ベージュ<br>【ZEROダイヤモンドシリーズ】ブラック（黒色）/ピンク（桃色）/レッド（赤色）/シルバー（銀色）/ブルー（青色）/オレンジ/グリーン（緑色）</li>
<li class=""item_list"">メーカー</li>
<li class=""item"">Audi（アウディ）</li>
<li class=""item_list"">車種</li>
<li class=""item"">A6（C5）（エーロク）</li>
<li class=""item""><img src=""http://image.rakuten.co.jp/worldmat/cabinet/foreigncar/audi-a6-c5_c.jpg"" alt=""アウディ A6（C5） 1997/9～2004/7 4BA、ABB"" width=""250"" height=""125"" border=""0""></li>
<li class=""item_list"">年式</li>
<li class=""item"">1997/9～2004/7</li>
<li class=""item_list"">型式</li>
<li class=""item"">4BA、ABB</li>
<li class=""item_list"">ハンドル位置</li>
<li class=""item"">右ハンドル</li>
<li class=""item_list"">マット点数</li>
<li class=""item"">4点</li>
<li class=""item_list"">ズレ止めの仕様</li>
<li class=""item"">純正に対応したストッパー<br>
<br>
（※出荷工場、左右ハンドル、購入されるマットの色柄等により変わる場合がございます。ご購入後の返品はお受けできませんので、ズレ止めの仕様にこだわりをお持ちの方は、ご購入前にお問い合わせ下さい。）</li>
<li class=""item_list"">納期</li>
<li class=""item"">3～8日以内に発送します</li>
<li class=""item_list"">ご注意事項</li>
<li class=""item_red"">フロアマットの形状は、車種以外にも、年式・型式・その他上記事項によって変わります。(画像はサンプルマットです。)<br>
商品名とその他の項目をご確認の上、ご購入ください。<br>
<br>
受注生産品のため、返品は不可ですので、ご了承くださいませ。</li>
<li class=""item"">ズレ止めの仕様など、純正品と異なる場合があります。<br>
※詳しくはご購入前に、「フロアマットに関する注意事項」をお読みくださいませ。</li>
</ul>
<ul class=""line_up"">
<li class=""line_up"">
<p class=""line_up_img""><img src=""http://image.rakuten.co.jp/worldmat/cabinet/r/f1_140.jpg"" alt=""アウディ A6（C5） 1997/9～2004/7 4BA、ABB カーマット"" width=""140"" height=""140"" border=""0""></p>
<p class=""line_up_txt"">アウディ A6（C5） フロアーマット 1997/9～2004/7 4BA、ABB 【ワールドF1シリーズ】<br>マットの厚み約17mm！（毛足の長さはふかふかの13mm！）<br>裏面は高級仕様のフエルトバッキング</p>
</li>
<li class=""line_up"">
<p class=""line_up_img""><img src=""http://image.rakuten.co.jp/worldmat/cabinet/r/sp1_140.jpg"" alt=""アウディ A6（C5） 1997/9～2004/7 4BA、ABB カーマット"" width=""140"" height=""140"" border=""0""></p>
<p class=""line_up_txt"">アウディA6（C5） フロアーマット 1997/9～2004/7 4BA、ABB 【ワールドSP1シリーズ】<br>当店最上級シリーズ☆<br>9色から選べる♪<br>ボリュームたっぷりの生地で車内がリビングルームに</p>
</li>
</ul><br>
<div align=""center"">
<img src=""https://image.rakuten.co.jp/worldmat/cabinet/kikaku/w_20170514_616.jpg"" width=""619px"" height=""190px"" alt=""【72時間限定！！新生活応援キャンペーン】 全商品10%OFFクーポン！＆送料無料！！ 開催期間：5月14日（日）10:00～5月17日（水）AM9:59まで"" border=""0""><br>
<br>
<font size=""2"" color=""red"">当店は、ディーラーや自動車メーカーのマットを制作してきた<br>
老舗のフロアマットメーカーですが、楽天でのネット通販の歴史は浅いので、<br>
レビューの数が消して多くはありません。<br>
<br>
他店のレビューが多いマットと比べても、品質の良さとコストパフォーマンスには<br>
自信を持っておりますので、どうか、皆様の評価をいただいて、<br>
多くの方に、安心してご購入いただけるようご協力お願い申し上げます。<br>
<br>
レビューの書き方はコチラ</font></div>
<br>
<br>",ZERO（ゼロ）フロアマット アウディ A6（C5） 1997/9～2004/7 4BA、ABB 【ループ・ダイヤモンド】（自動車 フロアーマット カーマット）：フロアマット通販店ワールドマット,ZERO（ゼロ）フロアマット アウディ A6（C5） 1997/9～2004/7 4BA、ABB 【ループ・ダイヤモンド】（自動車 フロアーマット カーマット）,10%OFFクーポン☆5/17 9:59まで ★送料無料★ 。ZERO（ゼロ）フロアマット アウディ A6（C5） 1997/9～2004/7 4BA、ABB 【ループ・ダイヤモンド】（自動車 フロアーマット カーマット）[rn]
12-36848,http://tshop.r10s.jp/worldmat/cabinet/zero/lo_mt.jpg?fitin=700:700,16000.0000,,車用品・バイク用品 > カー用品 > 内装パーツ > フロアマット > アウディ用,ZERO（ゼロ）フロアマット アウディ A7 スポーツバッグ 2011/5～ 4GCGWC 【ループ・ダイヤモンド】（自動車 フロアーマット カーマット）,,"<ul class=""description"">
<li class=""item_list"">カラー</li>
<li class=""item"">【ZEROループシリーズ】 ダークグレー/ブラック（黒色）/ブラウン（茶色）/ベージュ<br>【ZEROダイヤモンドシリーズ】ブラック（黒色）/ピンク（桃色）/レッド（赤色）/シルバー（銀色）/ブルー（青色）/オレンジ/グリーン（緑色）</li>
<li class=""item_list"">メーカー</li>
<li class=""item"">Audi（アウディ）</li>
<li class=""item_list"">車種</li>
<li class=""item"">A7 スポーツバッグ（エーセブン）</li>
<li class=""item""><img src=""http://image.rakuten.co.jp/worldmat/cabinet/foreigncar/audi-a7-sportback_c.jpg"" alt=""アウディ A7 スポーツバッグ 2011/5～ 4GCGWC"" width=""250"" height=""125"" border=""0""></li>
<li class=""item_list"">年式</li>
<li class=""item"">2011/5～</li>
<li class=""item_list"">型式</li>
<li class=""item"">4GCGWC</li>
<li class=""item_list"">ハンドル位置</li>
<li class=""item"">右ハンドル</li>
<li class=""item_list"">マット点数</li>
<li class=""item"">5点</li>
<li class=""item_list"">ズレ止めの仕様</li>
<li class=""item"">純正に対応したストッパー<br>
<br>
（※出荷工場、左右ハンドル、購入されるマットの色柄等により変わる場合がございます。ご購入後の返品はお受けできませんので、ズレ止めの仕様にこだわりをお持ちの方は、ご購入前にお問い合わせ下さい。）</li>
<li class=""item_list"">納期</li>
<li class=""item"">3～8日以内に発送します</li>
<li class=""item_list"">ご注意事項</li>
<li class=""item_red"">フロアマットの形状は、車種以外にも、年式・型式・その他上記事項によって変わります。(画像はサンプルマットです。)<br>
商品名とその他の項目をご確認の上、ご購入ください。<br>
<br>
受注生産品のため、返品は不可ですので、ご了承くださいませ。</li>
<li class=""item"">ズレ止めの仕様など、純正品と異なる場合があります。<br>
※詳しくはご購入前に、「フロアマットに関する注意事項」をお読みくださいませ。</li>
</ul>
<ul class=""line_up"">
<li class=""line_up"">
<p class=""line_up_img""><img src=""http://image.rakuten.co.jp/worldmat/cabinet/r/f1_140.jpg"" alt=""アウディ A7 スポーツバッグ 2011/5～ 4GCGWC カーマット"" width=""140"" height=""140"" border=""0""></p>
<p class=""line_up_txt"">アウディ A7 スポーツバッグ フロアーマット 2011/5～ 4GCGWC 【ワールドF1シリーズ】<br>マットの厚み約17mm！（毛足の長さはふかふかの13mm！）<br>裏面は高級仕様のフエルトバッキング</p>
</li>
<li class=""line_up"">
<p class=""line_up_img""><img src=""http://image.rakuten.co.jp/worldmat/cabinet/r/sp1_140.jpg"" alt=""アウディ A7 スポーツバッグ 2011/5～ 4GCGWC カーマット"" width=""140"" height=""140"" border=""0""></p>
<p class=""line_up_txt"">アウディA7 スポーツバッグ フロアーマット 2011/5～ 4GCGWC 【ワールドSP1シリーズ】<br>当店最上級シリーズ☆<br>9色から選べる♪<br>ボリュームたっぷりの生地で車内がリビングルームに</p>
</li>
</ul><br>
<div align=""center"">
<img src=""https://image.rakuten.co.jp/worldmat/cabinet/kikaku/w_20170514_616.jpg"" width=""619px"" height=""190px"" alt=""【72時間限定！！新生活応援キャンペーン】 全商品10%OFFクーポン！＆送料無料！！ 開催期間：5月14日（日）10:00～5月17日（水）AM9:59まで"" border=""0""><br>
<br>
<font size=""2"" color=""red"">当店は、ディーラーや自動車メーカーのマットを制作してきた<br>
老舗のフロアマットメーカーですが、楽天でのネット通販の歴史は浅いので、<br>
レビューの数が消して多くはありません。<br>
<br>
他店のレビューが多いマットと比べても、品質の良さとコストパフォーマンスには<br>
自信を持っておりますので、どうか、皆様の評価をいただいて、<br>
多くの方に、安心してご購入いただけるようご協力お願い申し上げます。<br>
<br>
レビューの書き方はコチラ</font></div>
<br>
<br>",ZERO（ゼロ）フロアマット アウディ A7 スポーツバッグ 2011/5～ 4GCGWC 【ループ・ダイヤモンド】（自動車 フロアーマット カーマット）：フロアマット通販店ワールドマット,ZERO（ゼロ）フロアマット アウディ A7 スポーツバッグ 2011/5～ 4GCGWC 【ループ・ダイヤモンド】（自動車 フロアーマット カーマット）,10%OFFクーポン☆5/17 9:59まで ★送料無料★ 。ZERO（ゼロ）フロアマット アウディ A7 スポーツバッグ 2011/5～ 4GCGWC 【ループ・ダイヤモンド】（自動車 フロアーマット カーマット）[rn]
12-36849,http://tshop.r10s.jp/worldmat/cabinet/zero/lo_mt.jpg?fitin=700:700,16000.0000,,車用品・バイク用品 > カー用品 > 内装パーツ > フロアマット > アウディ用,ZERO（ゼロ）フロアマット アウディ Q3 2012/5～ 8UC# 【ループ・ダイヤモンド】（自動車 フロアーマット カーマット）,,"<ul class=""description"">
<li class=""item_list"">カラー</li>
<li class=""item"">【ZEROループシリーズ】 ダークグレー/ブラック（黒色）/ブラウン（茶色）/ベージュ<br>【ZEROダイヤモンドシリーズ】ブラック（黒色）/ピンク（桃色）/レッド（赤色）/シルバー（銀色）/ブルー（青色）/オレンジ/グリーン（緑色）</li>
<li class=""item_list"">メーカー</li>
<li class=""item"">Audi（アウディ）</li>
<li class=""item_list"">車種</li>
<li class=""item"">Q3（キュースリー）</li>
<li class=""item""><img src=""http://image.rakuten.co.jp/worldmat/cabinet/foreigncar/audi-q3_c.jpg"" alt=""アウディ Q3 2012/5～ 8UC#"" width=""250"" height=""125"" border=""0""></li>
<li class=""item_list"">年式</li>
<li class=""item"">2012/5～</li>
<li class=""item_list"">型式</li>
<li class=""item"">8UC#</li>
<li class=""item_list"">ハンドル位置</li>
<li class=""item"">右ハンドル</li>
<li class=""item_list"">マット点数</li>
<li class=""item"">4点（フロント2枚、リア2枚）</li>
<li class=""item_list"">ズレ止めの仕様</li>
<li class=""item"">純正に対応したストッパー<br>
<br>
（※出荷工場、左右ハンドル、購入されるマットの色柄等により変わる場合がございます。ご購入後の返品はお受けできませんので、ズレ止めの仕様にこだわりをお持ちの方は、ご購入前にお問い合わせ下さい。）</li>
<li class=""item_list"">納期</li>
<li class=""item"">3～8日以内に発送します</li>
<li class=""item_list"">ご注意事項</li>
<li class=""item_red"">フロアマットの形状は、車種以外にも、年式・型式・その他上記事項によって変わります。(画像はサンプルマットです。)<br>
商品名とその他の項目をご確認の上、ご購入ください。<br>
<br>
受注生産品のため、返品は不可ですので、ご了承くださいませ。</li>
<li class=""item"">ズレ止めの仕様など、純正品と異なる場合があります。<br>
※詳しくはご購入前に、「フロアマットに関する注意事項」をお読みくださいませ。</li>
</ul>
<ul class=""line_up"">
<li class=""line_up"">
<p class=""line_up_img""><img src=""http://image.rakuten.co.jp/worldmat/cabinet/r/f1_140.jpg"" alt=""アウディ Q3 2012/5～ 8UC# カーマット"" width=""140"" height=""140"" border=""0""></p>
<p class=""line_up_txt"">アウディ Q3 フロアーマット 2012/5～ 8UC# 【ワールドF1シリーズ】<br>マットの厚み約17mm！（毛足の長さはふかふかの13mm！）<br>裏面は高級仕様のフエルトバッキング</p>
</li>
<li class=""line_up"">
<p class=""line_up_img""><img src=""http://image.rakuten.co.jp/worldmat/cabinet/r/sp1_140.jpg"" alt=""アウディ Q3 2012/5～ 8UC# カーマット"" width=""140"" height=""140"" border=""0""></p>
<p class=""line_up_txt"">アウディQ3 フロアーマット 2012/5～ 8UC# 【ワールドSP1シリーズ】<br>当店最上級シリーズ☆<br>9色から選べる♪<br>ボリュームたっぷりの生地で車内がリビングルームに</p>
</li>
</ul><br>
<div align=""center"">
<img src=""https://image.rakuten.co.jp/worldmat/cabinet/kikaku/w_20170514_616.jpg"" width=""619px"" height=""190px"" alt=""【72時間限定！！新生活応援キャンペーン】 全商品10%OFFクーポン！＆送料無料！！ 開催期間：5月14日（日）10:00～5月17日（水）AM9:59まで"" border=""0""><br>
<br>
<font size=""2"" color=""red"">当店は、ディーラーや自動車メーカーのマットを制作してきた<br>
老舗のフロアマットメーカーですが、楽天でのネット通販の歴史は浅いので、<br>
レビューの数が消して多くはありません。<br>
<br>
他店のレビューが多いマットと比べても、品質の良さとコストパフォーマンスには<br>
自信を持っておりますので、どうか、皆様の評価をいただいて、<br>
多くの方に、安心してご購入いただけるようご協力お願い申し上げます。<br>
<br>
レビューの書き方はコチラ</font></div>
<br>
<br>",ZERO（ゼロ）フロアマット アウディ Q3 2012/5～ 8UC# 【ループ・ダイヤモンド】（自動車 フロアーマット カーマット）：フロアマット通販店ワールドマット,ZERO（ゼロ）フロアマット アウディ Q3 2012/5～ 8UC# 【ループ・ダイヤモンド】（自動車 フロアーマット カーマット）,10%OFFクーポン☆5/17 9:59まで ★送料無料★ 。ZERO（ゼロ）フロアマット アウディ Q3 2012/5～ 8UC# 【ループ・ダイヤモンド】（自動車 フロアーマット カーマット）[rn]
12-36850,http://tshop.r10s.jp/worldmat/cabinet/zero/lo_mt.jpg?fitin=700:700,16000.0000,,車用品・バイク用品 > カー用品 > 内装パーツ > フロアマット > アウディ用,ZERO（ゼロ）フロアマット アウディ Q7（7L） 【5人乗り】 2006/10～ 4L# 【ループ・ダイヤモンド】（自動車 フロアーマット カーマット）,,"<ul class=""description"">
<li class=""item_list"">カラー</li>
<li class=""item"">【ZEROループシリーズ】 ダークグレー/ブラック（黒色）/ブラウン（茶色）/ベージュ<br>【ZEROダイヤモンドシリーズ】ブラック（黒色）/ピンク（桃色）/レッド（赤色）/シルバー（銀色）/ブルー（青色）/オレンジ/グリーン（緑色）</li>
<li class=""item_list"">メーカー</li>
<li class=""item"">Audi（アウディ）</li>
<li class=""item_list"">車種</li>
<li class=""item"">Q7（7L） 【5人乗り】（キューセブン）</li>
<li class=""item""><img src=""http://image.rakuten.co.jp/worldmat/cabinet/foreigncar/audi-q7-7l-5_c.jpg"" alt=""アウディ Q7（7L） 【5人乗り】 2006/10～ 4L#"" width=""250"" height=""125"" border=""0""></li>
<li class=""item_list"">年式</li>
<li class=""item"">2006/10～</li>
<li class=""item_list"">型式</li>
<li class=""item"">4L#</li>
<li class=""item_list"">ハンドル位置</li>
<li class=""item"">左右ハンドル</li>
<li class=""item_list"">マット点数</li>
<li class=""item"">4点（フロント2枚、リア2枚）</li>
<li class=""item_list"">ズレ止めの仕様</li>
<li class=""item"">純正に対応したストッパー<br>
<br>
（※出荷工場、左右ハンドル、購入されるマットの色柄等により変わる場合がございます。ご購入後の返品はお受けできませんので、ズレ止めの仕様にこだわりをお持ちの方は、ご購入前にお問い合わせ下さい。）</li>
<li class=""item_list"">納期</li>
<li class=""item"">3～8日以内に発送します</li>
<li class=""item_list"">ご注意事項</li>
<li class=""item_red"">フロアマットの形状は、車種以外にも、年式・型式・その他上記事項によって変わります。(画像はサンプルマットです。)<br>
商品名とその他の項目をご確認の上、ご購入ください。<br>
<br>
受注生産品のため、返品は不可ですので、ご了承くださいませ。</li>
<li class=""item"">ズレ止めの仕様など、純正品と異なる場合があります。<br>
※詳しくはご購入前に、「フロアマットに関する注意事項」をお読みくださいませ。</li>
</ul>
<ul class=""line_up"">
<li class=""line_up"">
<p class=""line_up_img""><img src=""http://image.rakuten.co.jp/worldmat/cabinet/r/f1_140.jpg"" alt=""アウディ Q7（7L） 【5人乗り】 2006/10～ 4L# カーマット"" width=""140"" height=""140"" border=""0""></p>
<p class=""line_up_txt"">アウディ Q7（7L） 【5人乗り】 フロアーマット 2006/10～ 4L# 【ワールドF1シリーズ】<br>マットの厚み約17mm！（毛足の長さはふかふかの13mm！）<br>裏面は高級仕様のフエルトバッキング</p>
</li>
<li class=""line_up"">
<p class=""line_up_img""><img src=""http://image.rakuten.co.jp/worldmat/cabinet/r/sp1_140.jpg"" alt=""アウディ Q7（7L） 【5人乗り】 2006/10～ 4L# カーマット"" width=""140"" height=""140"" border=""0""></p>
<p class=""line_up_txt"">アウディQ7（7L） 【5人乗り】 フロアーマット 2006/10～ 4L# 【ワールドSP1シリーズ】<br>当店最上級シリーズ☆<br>9色から選べる♪<br>ボリュームたっぷりの生地で車内がリビングルームに</p>
</li>
</ul><br>
<div align=""center"">
<img src=""https://image.rakuten.co.jp/worldmat/cabinet/kikaku/w_20170514_616.jpg"" width=""619px"" height=""190px"" alt=""【72時間限定！！新生活応援キャンペーン】 全商品10%OFFクーポン！＆送料無料！！ 開催期間：5月14日（日）10:00～5月17日（水）AM9:59まで"" border=""0""><br>
<br>
<font size=""2"" color=""red"">当店は、ディーラーや自動車メーカーのマットを制作してきた<br>
老舗のフロアマットメーカーですが、楽天でのネット通販の歴史は浅いので、<br>
レビューの数が消して多くはありません。<br>
<br>
他店のレビューが多いマットと比べても、品質の良さとコストパフォーマンスには<br>
自信を持っておりますので、どうか、皆様の評価をいただいて、<br>
多くの方に、安心してご購入いただけるようご協力お願い申し上げます。<br>
<br>
レビューの書き方はコチラ</font></div>
<br>
<br>",ZERO（ゼロ）フロアマット アウディ Q7（7L） 【5人乗り】 2006/10～ 4L# 【ループ・ダイヤモンド】（自動車 フロアーマット カーマット）：フロアマット通販店ワールドマット,ZERO（ゼロ）フロアマット アウディ Q7（7L） 【5人乗り】 2006/10～ 4L# 【ループ・ダイヤモンド】（自動車 フロアーマット カーマット）,10%OFFクーポン☆5/17 9:59まで ★送料無料★ 。ZERO（ゼロ）フロアマット アウディ Q7（7L） 【5人乗り】 2006/10～ 4L# 【ループ・ダイヤモンド】（自動車 フロアーマット カーマット）[rn]
12-36851,http://tshop.r10s.jp/worldmat/cabinet/zero/lo_mt.jpg?fitin=700:700,16000.0000,,車用品・バイク用品 > カー用品 > 内装パーツ > フロアマット > アウディ用,ZERO（ゼロ）フロアマット アウディ RS6（C6） 2008/6～2010/9 4FBUHS 【ループ・ダイヤモンド】（自動車 フロアーマット カーマット）,,"<ul class=""description"">
<li class=""item_list"">カラー</li>
<li class=""item"">【ZEROループシリーズ】 ダークグレー/ブラック（黒色）/ブラウン（茶色）/ベージュ<br>【ZEROダイヤモンドシリーズ】ブラック（黒色）/ピンク（桃色）/レッド（赤色）/シルバー（銀色）/ブルー（青色）/オレンジ/グリーン（緑色）</li>
<li class=""item_list"">メーカー</li>
<li class=""item"">Audi（アウディ）</li>
<li class=""item_list"">車種</li>
<li class=""item"">RS6（C6）（アールエスシックス）</li>
<li class=""item""><img src=""http://image.rakuten.co.jp/worldmat/cabinet/foreigncar/audi-rs6-c6_c.jpg"" alt=""アウディ RS6（C6） 2008/6～2010/9 4FBUHS"" width=""250"" height=""125"" border=""0""></li>
<li class=""item_list"">年式</li>
<li class=""item"">2008/6～2010/9</li>
<li class=""item_list"">型式</li>
<li class=""item"">4FBUHS</li>
<li class=""item_list"">ハンドル位置</li>
<li class=""item"">左右ハンドル</li>
<li class=""item_list"">マット点数</li>
<li class=""item"">4点（フロント2枚、リア2枚）</li>
<li class=""item_list"">ズレ止めの仕様</li>
<li class=""item"">純正に対応したストッパー<br>
<br>
（※出荷工場、左右ハンドル、購入されるマットの色柄等により変わる場合がございます。ご購入後の返品はお受けできませんので、ズレ止めの仕様にこだわりをお持ちの方は、ご購入前にお問い合わせ下さい。）</li>
<li class=""item_list"">納期</li>
<li class=""item"">3～8日以内に発送します</li>
<li class=""item_list"">ご注意事項</li>
<li class=""item_red"">フロアマットの形状は、車種以外にも、年式・型式・その他上記事項によって変わります。(画像はサンプルマットです。)<br>
商品名とその他の項目をご確認の上、ご購入ください。<br>
<br>
受注生産品のため、返品は不可ですので、ご了承くださいませ。</li>
<li class=""item"">ズレ止めの仕様など、純正品と異なる場合があります。<br>
※詳しくはご購入前に、「フロアマットに関する注意事項」をお読みくださいませ。</li>
</ul>
<ul class=""line_up"">
<li class=""line_up"">
<p class=""line_up_img""><img src=""http://image.rakuten.co.jp/worldmat/cabinet/r/f1_140.jpg"" alt=""アウディ RS6（C6） 2008/6～2010/9 4FBUHS カーマット"" width=""140"" height=""140"" border=""0""></p>
<p class=""line_up_txt"">アウディ RS6（C6） フロアーマット 2008/6～2010/9 4FBUHS 【ワールドF1シリーズ】<br>マットの厚み約17mm！（毛足の長さはふかふかの13mm！）<br>裏面は高級仕様のフエルトバッキング</p>
</li>
<li class=""line_up"">
<p class=""line_up_img""><img src=""http://image.rakuten.co.jp/worldmat/cabinet/r/sp1_140.jpg"" alt=""アウディ RS6（C6） 2008/6～2010/9 4FBUHS カーマット"" width=""140"" height=""140"" border=""0""></p>
<p class=""line_up_txt"">アウディRS6（C6） フロアーマット 2008/6～2010/9 4FBUHS 【ワールドSP1シリーズ】<br>当店最上級シリーズ☆<br>9色から選べる♪<br>ボリュームたっぷりの生地で車内がリビングルームに</p>
</li>
</ul><br>
<div align=""center"">
<img src=""https://image.rakuten.co.jp/worldmat/cabinet/kikaku/w_20170514_616.jpg"" width=""619px"" height=""190px"" alt=""【72時間限定！！新生活応援キャンペーン】 全商品10%OFFクーポン！＆送料無料！！ 開催期間：5月14日（日）10:00～5月17日（水）AM9:59まで"" border=""0""><br>
<br>
<font size=""2"" color=""red"">当店は、ディーラーや自動車メーカーのマットを制作してきた<br>
老舗のフロアマットメーカーですが、楽天でのネット通販の歴史は浅いので、<br>
レビューの数が消して多くはありません。<br>
<br>
他店のレビューが多いマットと比べても、品質の良さとコストパフォーマンスには<br>
自信を持っておりますので、どうか、皆様の評価をいただいて、<br>
多くの方に、安心してご購入いただけるようご協力お願い申し上げます。<br>
<br>
レビューの書き方はコチラ</font></div>
<br>
<br>",ZERO（ゼロ）フロアマット アウディ RS6（C6） 2008/6～2010/9 4FBUHS 【ループ・ダイヤモンド】（自動車 フロアーマット カーマット）：フロアマット通販店ワールドマット,ZERO（ゼロ）フロアマット アウディ RS6（C6） 2008/6～2010/9 4FBUHS 【ループ・ダイヤモンド】（自動車 フロアーマット カーマット）,10%OFFクーポン☆5/17 9:59まで ★送料無料★ 。ZERO（ゼロ）フロアマット アウディ RS6（C6） 2008/6～2010/9 4FBUHS 【ループ・ダイヤモンド】（自動車 フロアーマット カーマット）[rn]
12-36852,http://tshop.r10s.jp/worldmat/cabinet/zero/lo_mt.jpg?fitin=700:700,16000.0000,,車用品・バイク用品 > カー用品 > 内装パーツ > フロアマット > アウディ用,ZERO（ゼロ）フロアマット アウディ S6（C7） 2012/8～ 4GCEUA 【ループ・ダイヤモンド】（自動車 フロアーマット カーマット）,,"<ul class=""description"">
<li class=""item_list"">カラー</li>
<li class=""item"">【ZEROループシリーズ】 ダークグレー/ブラック（黒色）/ブラウン（茶色）/ベージュ<br>【ZEROダイヤモンドシリーズ】ブラック（黒色）/ピンク（桃色）/レッド（赤色）/シルバー（銀色）/ブルー（青色）/オレンジ/グリーン（緑色）</li>
<li class=""item_list"">メーカー</li>
<li class=""item"">Audi（アウディ）</li>
<li class=""item_list"">車種</li>
<li class=""item"">S6（C7）（エスロク）</li>
<li class=""item""><img src=""http://image.rakuten.co.jp/worldmat/cabinet/foreigncar/audi-s6-c7_c.jpg"" alt=""アウディ S6（C7） 2012/8～ 4GCEUA"" width=""250"" height=""125"" border=""0""></li>
<li class=""item_list"">年式</li>
<li class=""item"">2012/8～</li>
<li class=""item_list"">型式</li>
<li class=""item"">4GCEUA</li>
<li class=""item_list"">ハンドル位置</li>
<li class=""item"">左右ハンドル</li>
<li class=""item_list"">マット点数</li>
<li class=""item"">5点（フロント2枚、リア3枚）</li>
<li class=""item_list"">ズレ止めの仕様</li>
<li class=""item"">純正に対応したストッパー<br>
<br>
（※出荷工場、左右ハンドル、購入されるマットの色柄等により変わる場合がございます。ご購入後の返品はお受けできませんので、ズレ止めの仕様にこだわりをお持ちの方は、ご購入前にお問い合わせ下さい。）</li>
<li class=""item_list"">納期</li>
<li class=""item"">3～8日以内に発送します</li>
<li class=""item_list"">ご注意事項</li>
<li class=""item_red"">フロアマットの形状は、車種以外にも、年式・型式・その他上記事項によって変わります。(画像はサンプルマットです。)<br>
商品名とその他の項目をご確認の上、ご購入ください。<br>
<br>
受注生産品のため、返品は不可ですので、ご了承くださいませ。</li>
<li class=""item"">ズレ止めの仕様など、純正品と異なる場合があります。<br>
※詳しくはご購入前に、「フロアマットに関する注意事項」をお読みくださいませ。</li>
</ul>
<ul class=""line_up"">
<li class=""line_up"">
<p class=""line_up_img""><img src=""http://image.rakuten.co.jp/worldmat/cabinet/r/f1_140.jpg"" alt=""アウディ S6（C7） 2012/8～ 4GCEUA カーマット"" width=""140"" height=""140"" border=""0""></p>
<p class=""line_up_txt"">アウディ S6（C7） フロアーマット 2012/8～ 4GCEUA 【ワールドF1シリーズ】<br>マットの厚み約17mm！（毛足の長さはふかふかの13mm！）<br>裏面は高級仕様のフエルトバッキング</p>
</li>
<li class=""line_up"">
<p class=""line_up_img""><img src=""http://image.rakuten.co.jp/worldmat/cabinet/r/sp1_140.jpg"" alt=""アウディ S6（C7） 2012/8～ 4GCEUA カーマット"" width=""140"" height=""140"" border=""0""></p>
<p class=""line_up_txt"">アウディS6（C7） フロアーマット 2012/8～ 4GCEUA 【ワールドSP1シリーズ】<br>当店最上級シリーズ☆<br>9色から選べる♪<br>ボリュームたっぷりの生地で車内がリビングルームに</p>
</li>
</ul><br>
<div align=""center"">
<img src=""https://image.rakuten.co.jp/worldmat/cabinet/kikaku/w_20170514_616.jpg"" width=""619px"" height=""190px"" alt=""【72時間限定！！新生活応援キャンペーン】 全商品10%OFFクーポン！＆送料無料！！ 開催期間：5月14日（日）10:00～5月17日（水）AM9:59まで"" border=""0""><br>
<br>
<font size=""2"" color=""red"">当店は、ディーラーや自動車メーカーのマットを制作してきた<br>
老舗のフロアマットメーカーですが、楽天でのネット通販の歴史は浅いので、<br>
レビューの数が消して多くはありません。<br>
<br>
他店のレビューが多いマットと比べても、品質の良さとコストパフォーマンスには<br>
自信を持っておりますので、どうか、皆様の評価をいただいて、<br>
多くの方に、安心してご購入いただけるようご協力お願い申し上げます。<br>
<br>
レビューの書き方はコチラ</font></div>
<br>
<br>",ZERO（ゼロ）フロアマット アウディ S6（C7） 2012/8～ 4GCEUA 【ループ・ダイヤモンド】（自動車 フロアーマット カーマット）：フロアマット通販店ワールドマット,ZERO（ゼロ）フロアマット アウディ S6（C7） 2012/8～ 4GCEUA 【ループ・ダイヤモンド】（自動車 フロアーマット カーマット）,10%OFFクーポン☆5/17 9:59まで ★送料無料★ 。ZERO（ゼロ）フロアマット アウディ S6（C7） 2012/8～ 4GCEUA 【ループ・ダイヤモンド】（自動車 フロアーマット カーマット）[rn]
12-36853,http://tshop.r10s.jp/worldmat/cabinet/zero/lo_mt.jpg?fitin=700:700,16000.0000,,車用品・バイク用品 > カー用品 > 内装パーツ > フロアマット > アウディ用,ZERO（ゼロ）フロアマット アウディ RS4アバント （B8） 2013/4～ 8KCFSF 【ループ・ダイヤモンド】（自動車 フロアーマット カーマット）,,"<ul class=""description"">
<li class=""item_list"">カラー</li>
<li class=""item"">【ZEROループシリーズ】 ダークグレー/ブラック（黒色）/ブラウン（茶色）/ベージュ<br>【ZEROダイヤモンドシリーズ】ブラック（黒色）/ピンク（桃色）/レッド（赤色）/シルバー（銀色）/ブルー（青色）/オレンジ/グリーン（緑色）</li>
<li class=""item_list"">メーカー</li>
<li class=""item"">Audi（アウディ）</li>
<li class=""item_list"">車種</li>
<li class=""item"">RS4アバント （B8）（アールエスフォー）</li>
<li class=""item""><img src=""http://image.rakuten.co.jp/worldmat/cabinet/foreigncar/audi-rs4avant-b8_c.jpg"" alt=""アウディ RS4アバント （B8） 2013/4～ 8KCFSF"" width=""250"" height=""125"" border=""0""></li>
<li class=""item_list"">年式</li>
<li class=""item"">2013/4～</li>
<li class=""item_list"">型式</li>
<li class=""item"">8KCFSF</li>
<li class=""item_list"">ハンドル位置</li>
<li class=""item"">左右ハンドル</li>
<li class=""item_list"">マット点数</li>
<li class=""item"">5点（フロント2枚、リア3枚）　<font color=""#FF0000"">アバント専用</font></li>
<li class=""item_list"">ズレ止めの仕様</li>
<li class=""item"">純正に対応したストッパー<br>
<br>
（※出荷工場、左右ハンドル、購入されるマットの色柄等により変わる場合がございます。ご購入後の返品はお受けできませんので、ズレ止めの仕様にこだわりをお持ちの方は、ご購入前にお問い合わせ下さい。）</li>
<li class=""item_list"">納期</li>
<li class=""item"">3～8日以内に発送します</li>
<li class=""item_list"">ご注意事項</li>
<li class=""item_red"">フロアマットの形状は、車種以外にも、年式・型式・その他上記事項によって変わります。(画像はサンプルマットです。)<br>
商品名とその他の項目をご確認の上、ご購入ください。<br>
<br>
受注生産品のため、返品は不可ですので、ご了承くださいませ。</li>
<li class=""item"">ズレ止めの仕様など、純正品と異なる場合があります。<br>
※詳しくはご購入前に、「フロアマットに関する注意事項」をお読みくださいませ。</li>
</ul>
<ul class=""line_up"">
<li class=""line_up"">
<p class=""line_up_img""><img src=""http://image.rakuten.co.jp/worldmat/cabinet/r/f1_140.jpg"" alt=""アウディ RS4アバント （B8） 2013/4～ 8KCFSF カーマット"" width=""140"" height=""140"" border=""0""></p>
<p class=""line_up_txt"">アウディ RS4アバント （B8） フロアーマット 2013/4～ 8KCFSF 【ワールドF1シリーズ】<br>マットの厚み約17mm！（毛足の長さはふかふかの13mm！）<br>裏面は高級仕様のフエルトバッキング</p>
</li>
<li class=""line_up"">
<p class=""line_up_img""><img src=""http://image.rakuten.co.jp/worldmat/cabinet/r/sp1_140.jpg"" alt=""アウディ RS4アバント （B8） 2013/4～ 8KCFSF カーマット"" width=""140"" height=""140"" border=""0""></p>
<p class=""line_up_txt"">アウディRS4アバント （B8） フロアーマット 2013/4～ 8KCFSF 【ワールドSP1シリーズ】<br>当店最上級シリーズ☆<br>9色から選べる♪<br>ボリュームたっぷりの生地で車内がリビングルームに</p>
</li>
</ul><br>
<div align=""center"">
<img src=""https://image.rakuten.co.jp/worldmat/cabinet/kikaku/w_20170514_616.jpg"" width=""619px"" height=""190px"" alt=""【72時間限定！！新生活応援キャンペーン】 全商品10%OFFクーポン！＆送料無料！！ 開催期間：5月14日（日）10:00～5月17日（水）AM9:59まで"" border=""0""><br>
<br>
<font size=""2"" color=""red"">当店は、ディーラーや自動車メーカーのマットを制作してきた<br>
老舗のフロアマットメーカーですが、楽天でのネット通販の歴史は浅いので、<br>
レビューの数が消して多くはありません。<br>
<br>
他店のレビューが多いマットと比べても、品質の良さとコストパフォーマンスには<br>
自信を持っておりますので、どうか、皆様の評価をいただいて、<br>
多くの方に、安心してご購入いただけるようご協力お願い申し上げます。<br>
<br>
レビューの書き方はコチラ</font></div>
<br>
<br>",ZERO（ゼロ）フロアマット アウディ RS4アバント （B8） 2013/4～ 8KCFSF 【ループ・ダイヤモンド】（自動車 フロアーマット カーマット）：フロアマット通販店ワールドマット,ZERO（ゼロ）フロアマット アウディ RS4アバント （B8） 2013/4～ 8KCFSF 【ループ・ダイヤモンド】（自動車 フロアーマット カーマット）,10%OFFクーポン☆5/17 9:59まで ★送料無料★ 。ZERO（ゼロ）フロアマット アウディ RS4アバント （B8） 2013/4～ 8KCFSF 【ループ・ダイヤモンド】（自動車 フロアーマット カーマット）[rn]
12-36854,http://tshop.r10s.jp/worldmat/cabinet/zero/lo_mt.jpg?fitin=700:700,16000.0000,,車用品・バイク用品 > カー用品 > 内装パーツ > フロアマット > アウディ用,ZERO（ゼロ）フロアマット アウディ Q5 2009/6～ 8RC 【ループ・ダイヤモンド】（自動車 フロアーマット カーマット）,,"<ul class=""description"">
<li class=""item_list"">カラー</li>
<li class=""item"">【ZEROループシリーズ】 ダークグレー/ブラック（黒色）/ブラウン（茶色）/ベージュ<br>【ZEROダイヤモンドシリーズ】ブラック（黒色）/ピンク（桃色）/レッド（赤色）/シルバー（銀色）/ブルー（青色）/オレンジ/グリーン（緑色）</li>
<li class=""item_list"">メーカー</li>
<li class=""item"">Audi（アウディ）</li>
<li class=""item_list"">車種</li>
<li class=""item"">Q5（キューファイブ）</li>
<li class=""item""><img src=""http://image.rakuten.co.jp/worldmat/cabinet/foreigncar/audi-q5_c.jpg"" alt=""アウディ Q5 2009/6～ 8RC"" width=""250"" height=""125"" border=""0""></li>
<li class=""item_list"">年式</li>
<li class=""item"">2009/6～</li>
<li class=""item_list"">型式</li>
<li class=""item"">8RC</li>
<li class=""item_list"">ハンドル位置</li>
<li class=""item"">右ハンドル</li>
<li class=""item_list"">マット点数</li>
<li class=""item"">4点</li>
<li class=""item_list"">ズレ止めの仕様</li>
<li class=""item"">純正に対応したストッパー<br>
<br>
（※出荷工場、左右ハンドル、購入されるマットの色柄等により変わる場合がございます。ご購入後の返品はお受けできませんので、ズレ止めの仕様にこだわりをお持ちの方は、ご購入前にお問い合わせ下さい。）</li>
<li class=""item_list"">納期</li>
<li class=""item"">3～8日以内に発送します</li>
<li class=""item_list"">ご注意事項</li>
<li class=""item_red"">フロアマットの形状は、車種以外にも、年式・型式・その他上記事項によって変わります。(画像はサンプルマットです。)<br>
商品名とその他の項目をご確認の上、ご購入ください。<br>
<br>
受注生産品のため、返品は不可ですので、ご了承くださいませ。</li>
<li class=""item"">ズレ止めの仕様など、純正品と異なる場合があります。<br>
※詳しくはご購入前に、「フロアマットに関する注意事項」をお読みくださいませ。</li>
</ul>
<ul class=""line_up"">
<li class=""line_up"">
<p class=""line_up_img""><img src=""http://image.rakuten.co.jp/worldmat/cabinet/r/f1_140.jpg"" alt=""アウディ Q5 2009/6～ 8RC カーマット"" width=""140"" height=""140"" border=""0""></p>
<p class=""line_up_txt"">アウディ Q5 フロアーマット 2009/6～ 8RC 【ワールドF1シリーズ】<br>マットの厚み約17mm！（毛足の長さはふかふかの13mm！）<br>裏面は高級仕様のフエルトバッキング</p>
</li>
<li class=""line_up"">
<p class=""line_up_img""><img src=""http://image.rakuten.co.jp/worldmat/cabinet/r/sp1_140.jpg"" alt=""アウディ Q5 2009/6～ 8RC カーマット"" width=""140"" height=""140"" border=""0""></p>
<p class=""line_up_txt"">アウディQ5 フロアーマット 2009/6～ 8RC 【ワールドSP1シリーズ】<br>当店最上級シリーズ☆<br>9色から選べる♪<br>ボリュームたっぷりの生地で車内がリビングルームに</p>
</li>
</ul><br>
<div align=""center"">
<img src=""https://image.rakuten.co.jp/worldmat/cabinet/kikaku/w_20170514_616.jpg"" width=""619px"" height=""190px"" alt=""【72時間限定！！新生活応援キャンペーン】 全商品10%OFFクーポン！＆送料無料！！ 開催期間：5月14日（日）10:00～5月17日（水）AM9:59まで"" border=""0""><br>
<br>
<font size=""2"" color=""red"">当店は、ディーラーや自動車メーカーのマットを制作してきた<br>
老舗のフロアマットメーカーですが、楽天でのネット通販の歴史は浅いので、<br>
レビューの数が消して多くはありません。<br>
<br>
他店のレビューが多いマットと比べても、品質の良さとコストパフォーマンスには<br>
自信を持っておりますので、どうか、皆様の評価をいただいて、<br>
多くの方に、安心してご購入いただけるようご協力お願い申し上げます。<br>
<br>
レビューの書き方はコチラ</font></div>
<br>
<br>",ZERO（ゼロ）フロアマット アウディ Q5 2009/6～ 8RC 【ループ・ダイヤモンド】（自動車 フロアーマット カーマット）：フロアマット通販店ワールドマット,ZERO（ゼロ）フロアマット アウディ Q5 2009/6～ 8RC 【ループ・ダイヤモンド】（自動車 フロアーマット カーマット）,10%OFFクーポン☆5/17 9:59まで ★送料無料★ 。ZERO（ゼロ）フロアマット アウディ Q5 2009/6～ 8RC 【ループ・ダイヤモンド】（自動車 フロアーマット カーマット）[rn]
12-36855,http://tshop.r10s.jp/worldmat/cabinet/zero/lo_mt.jpg?fitin=700:700,16000.0000,,車用品・バイク用品 > カー用品 > 内装パーツ > フロアマット > アウディ用,ZERO（ゼロ）フロアマット アウディ TTクーペ（A5） 2006/7～ 8JB 【ループ・ダイヤモンド】（自動車 フロアーマット カーマット）,,"<ul class=""description"">
<li class=""item_list"">カラー</li>
<li class=""item"">【ZEROループシリーズ】 ダークグレー/ブラック（黒色）/ブラウン（茶色）/ベージュ<br>【ZEROダイヤモンドシリーズ】ブラック（黒色）/ピンク（桃色）/レッド（赤色）/シルバー（銀色）/ブルー（青色）/オレンジ/グリーン（緑色）</li>
<li class=""item_list"">メーカー</li>
<li class=""item"">Audi（アウディ）</li>
<li class=""item_list"">車種</li>
<li class=""item"">TTクーペ（A5）（TT coupe）</li>
<li class=""item""><img src=""http://image.rakuten.co.jp/worldmat/cabinet/foreigncar/audi-ttcoupe_c.jpg"" alt=""アウディ TTクーペ（A5） 2006/7～ 8JB"" width=""250"" height=""125"" border=""0""></li>
<li class=""item_list"">年式</li>
<li class=""item"">2006/7～</li>
<li class=""item_list"">型式</li>
<li class=""item"">8JB</li>
<li class=""item_list"">ハンドル位置</li>
<li class=""item"">右ハンドル</li>
<li class=""item_list"">マット点数</li>
<li class=""item"">4点</li>
<li class=""item_list"">ズレ止めの仕様</li>
<li class=""item"">純正に対応したストッパー<br>
<br>
（※出荷工場、左右ハンドル、購入されるマットの色柄等により変わる場合がございます。ご購入後の返品はお受けできませんので、ズレ止めの仕様にこだわりをお持ちの方は、ご購入前にお問い合わせ下さい。）</li>
<li class=""item_list"">納期</li>
<li class=""item"">3～8日以内に発送します</li>
<li class=""item_list"">ご注意事項</li>
<li class=""item_red"">フロアマットの形状は、車種以外にも、年式・型式・その他上記事項によって変わります。(画像はサンプルマットです。)<br>
商品名とその他の項目をご確認の上、ご購入ください。<br>
<br>
受注生産品のため、返品は不可ですので、ご了承くださいませ。</li>
<li class=""item"">ズレ止めの仕様など、純正品と異なる場合があります。<br>
※詳しくはご購入前に、「フロアマットに関する注意事項」をお読みくださいませ。</li>
</ul>
<ul class=""line_up"">
<li class=""line_up"">
<p class=""line_up_img""><img src=""http://image.rakuten.co.jp/worldmat/cabinet/r/f1_140.jpg"" alt=""アウディ TTクーペ（A5） 2006/7～ 8JB カーマット"" width=""140"" height=""140"" border=""0""></p>
<p class=""line_up_txt"">アウディ TTクーペ（A5） フロアーマット 2006/7～ 8JB 【ワールドF1シリーズ】<br>マットの厚み約17mm！（毛足の長さはふかふかの13mm！）<br>裏面は高級仕様のフエルトバッキング</p>
</li>
<li class=""line_up"">
<p class=""line_up_img""><img src=""http://image.rakuten.co.jp/worldmat/cabinet/r/sp1_140.jpg"" alt=""アウディ TTクーペ（A5） 2006/7～ 8JB カーマット"" width=""140"" height=""140"" border=""0""></p>
<p class=""line_up_txt"">アウディTTクーペ（A5） フロアーマット 2006/7～ 8JB 【ワールドSP1シリーズ】<br>当店最上級シリーズ☆<br>9色から選べる♪<br>ボリュームたっぷりの生地で車内がリビングルームに</p>
</li>
</ul><br>
<div align=""center"">
<img src=""https://image.rakuten.co.jp/worldmat/cabinet/kikaku/w_20170514_616.jpg"" width=""619px"" height=""190px"" alt=""【72時間限定！！新生活応援キャンペーン】 全商品10%OFFクーポン！＆送料無料！！ 開催期間：5月14日（日）10:00～5月17日（水）AM9:59まで"" border=""0""><br>
<br>
<font size=""2"" color=""red"">当店は、ディーラーや自動車メーカーのマットを制作してきた<br>
老舗のフロアマットメーカーですが、楽天でのネット通販の歴史は浅いので、<br>
レビューの数が消して多くはありません。<br>
<br>
他店のレビューが多いマットと比べても、品質の良さとコストパフォーマンスには<br>
自信を持っておりますので、どうか、皆様の評価をいただいて、<br>
多くの方に、安心してご購入いただけるようご協力お願い申し上げます。<br>
<br>
レビューの書き方はコチラ</font></div>
<br>
<br>",ZERO（ゼロ）フロアマット アウディ TTクーペ（A5） 2006/7～ 8JB 【ループ・ダイヤモンド】（自動車 フロアーマット カーマット）：フロアマット通販店ワールドマット,ZERO（ゼロ）フロアマット アウディ TTクーペ（A5） 2006/7～ 8JB 【ループ・ダイヤモンド】（自動車 フロアーマット カーマット）,10%OFFクーポン☆5/17 9:59まで ★送料無料★ 。ZERO（ゼロ）フロアマット アウディ TTクーペ（A5） 2006/7～ 8JB 【ループ・ダイヤモンド】（自動車 フロアーマット カーマット）[rn]
12-36856,http://tshop.r10s.jp/worldmat/cabinet/zero/lo_mt.jpg?fitin=700:700,17600.0000,,車用品・バイク用品 > カー用品 > 内装パーツ > フロアマット > アウディ用,ZERO（ゼロ）フロアマット アウディ A8（D3） 2003/10～2010/12 4EB 【ループ・ダイヤモンド】（自動車 フロアーマット カーマット）,,"<ul class=""description"">
<li class=""item_list"">カラー</li>
<li class=""item"">【ZEROループシリーズ】 ダークグレー/ブラック（黒色）/ブラウン（茶色）/ベージュ<br>【ZEROダイヤモンドシリーズ】ブラック（黒色）/ピンク（桃色）/レッド（赤色）/シルバー（銀色）/ブルー（青色）/オレンジ/グリーン（緑色）</li>
<li class=""item_list"">メーカー</li>
<li class=""item"">Audi（アウディ）</li>
<li class=""item_list"">車種</li>
<li class=""item"">A8（D3）（エーハチ）</li>
<li class=""item""><img src=""http://image.rakuten.co.jp/worldmat/cabinet/foreigncar/audi-a8-d3_c.jpg"" alt=""アウディ A8（D3） 2003/10～2010/12 4EB"" width=""250"" height=""125"" border=""0""></li>
<li class=""item_list"">年式</li>
<li class=""item"">2003/10～2010/12</li>
<li class=""item_list"">型式</li>
<li class=""item"">4EB</li>
<li class=""item_list"">ハンドル位置</li>
<li class=""item"">左右ハンドル</li>
<li class=""item_list"">マット点数</li>
<li class=""item"">4点　<font color=""#FF0000"">※ロングボディーは別型になります。</font></li>
<li class=""item_list"">ズレ止めの仕様</li>
<li class=""item"">純正に対応したストッパー<br>
<br>
（※出荷工場、左右ハンドル、購入されるマットの色柄等により変わる場合がございます。ご購入後の返品はお受けできませんので、ズレ止めの仕様にこだわりをお持ちの方は、ご購入前にお問い合わせ下さい。）</li>
<li class=""item_list"">納期</li>
<li class=""item"">3～8日以内に発送します</li>
<li class=""item_list"">ご注意事項</li>
<li class=""item_red"">フロアマットの形状は、車種以外にも、年式・型式・その他上記事項によって変わります。(画像はサンプルマットです。)<br>
商品名とその他の項目をご確認の上、ご購入ください。<br>
<br>
受注生産品のため、返品は不可ですので、ご了承くださいませ。</li>
<li class=""item"">ズレ止めの仕様など、純正品と異なる場合があります。<br>
※詳しくはご購入前に、「フロアマットに関する注意事項」をお読みくださいませ。</li>
</ul>
<ul class=""line_up"">
<li class=""line_up"">
<p class=""line_up_img""><img src=""http://image.rakuten.co.jp/worldmat/cabinet/r/f1_140.jpg"" alt=""アウディ A8（D3） 2003/10～2010/12 4EB カーマット"" width=""140"" height=""140"" border=""0""></p>
<p class=""line_up_txt"">アウディ A8（D3） フロアーマット 2003/10～2010/12 4EB 【ワールドF1シリーズ】<br>マットの厚み約17mm！（毛足の長さはふかふかの13mm！）<br>裏面は高級仕様のフエルトバッキング</p>
</li>
<li class=""line_up"">
<p class=""line_up_img""><img src=""http://image.rakuten.co.jp/worldmat/cabinet/r/sp1_140.jpg"" alt=""アウディ A8（D3） 2003/10～2010/12 4EB カーマット"" width=""140"" height=""140"" border=""0""></p>
<p class=""line_up_txt"">アウディA8（D3） フロアーマット 2003/10～2010/12 4EB 【ワールドSP1シリーズ】<br>当店最上級シリーズ☆<br>9色から選べる♪<br>ボリュームたっぷりの生地で車内がリビングルームに</p>
</li>
</ul><br>
<div align=""center"">
<img src=""https://image.rakuten.co.jp/worldmat/cabinet/kikaku/w_20170514_616.jpg"" width=""619px"" height=""190px"" alt=""【72時間限定！！新生活応援キャンペーン】 全商品10%OFFクーポン！＆送料無料！！ 開催期間：5月14日（日）10:00～5月17日（水）AM9:59まで"" border=""0""><br>
<br>
<font size=""2"" color=""red"">当店は、ディーラーや自動車メーカーのマットを制作してきた<br>
老舗のフロアマットメーカーですが、楽天でのネット通販の歴史は浅いので、<br>
レビューの数が消して多くはありません。<br>
<br>
他店のレビューが多いマットと比べても、品質の良さとコストパフォーマンスには<br>
自信を持っておりますので、どうか、皆様の評価をいただいて、<br>
多くの方に、安心してご購入いただけるようご協力お願い申し上げます。<br>
<br>
レビューの書き方はコチラ</font></div>
<br>
<br>",ZERO（ゼロ）フロアマット アウディ A8（D3） 2003/10～2010/12 4EB 【ループ・ダイヤモンド】（自動車 フロアーマット カーマット）：フロアマット通販店ワールドマット,ZERO（ゼロ）フロアマット アウディ A8（D3） 2003/10～2010/12 4EB 【ループ・ダイヤモンド】（自動車 フロアーマット カーマット）,10%OFFクーポン☆5/17 9:59まで ★送料無料★ 。ZERO（ゼロ）フロアマット アウディ A8（D3） 2003/10～2010/12 4EB 【ループ・ダイヤモンド】（自動車 フロアーマット カーマット）[rn]
12-36857,http://tshop.r10s.jp/worldmat/cabinet/zero/pa_mt.jpg?fitin=700:700,16800.0000,,車用品・バイク用品 > カー用品 > 内装パーツ > フロアマット > アウディ用,ZERO（ゼロ）フロアマット アウディ A3（A3） 2013/9～ 8VC# 【パステルシリーズ】（自動車 フロアーマット カーマット）,,"<ul class=""description"">
<li class=""item_list"">カラー</li>
<li class=""item"">【ZEROパステルシリーズ】 ココア/ネイビーブルー/クリアブルー/ホワイトアイボリー/ホワイトシルバー/ライトイエロー/クリアーピンク/キャロット/ディープパープル/クリアグリーン/ディープグリーン/ブラック/アクア/セイジ/ディープレッド/ワイン/ベビーピンク/ベージュ</li>
<li class=""item_list"">メーカー</li>
<li class=""item"">Audi（アウディ）</li>
<li class=""item_list"">車種</li>
<li class=""item"">A3（A3）（エーサン）</li>
<li class=""item""><img src=""http://image.rakuten.co.jp/worldmat/cabinet/foreigncar/audi-a3-a3_c.jpg"" alt=""アウディ A3（A3） 2013/9～ 8VC#"" width=""250"" height=""125"" border=""0""></li>
<li class=""item_list"">年式</li>
<li class=""item"">2013/9～</li>
<li class=""item_list"">型式</li>
<li class=""item"">8VC#</li>
<li class=""item_list"">ハンドル位置</li>
<li class=""item"">右ハンドル</li>
<li class=""item_list"">マット点数</li>
<li class=""item"">4点（フロント2枚、リア2枚）</li>
<li class=""item_list"">ズレ止めの仕様</li>
<li class=""item"">純正に対応したストッパー<br>
<br>
（※出荷工場、左右ハンドル、購入されるマットの色柄等により変わる場合がございます。ご購入後の返品はお受けできませんので、ズレ止めの仕様にこだわりをお持ちの方は、ご購入前にお問い合わせ下さい。）</li>
<li class=""item_list"">納期</li>
<li class=""item"">3～8日以内に発送します</li>
<li class=""item_list"">ご注意事項</li>
<li class=""item_red"">フロアマットの形状は、車種以外にも、年式・型式・その他上記事項によって変わります。(画像はサンプルマットです。)<br>
商品名とその他の項目をご確認の上、ご購入ください。<br>
<br>
受注生産品のため、返品は不可ですので、ご了承くださいませ。</li>
<li class=""item"">ズレ止めの仕様など、純正品と異なる場合があります。<br>
※詳しくはご購入前に、「フロアマットに関する注意事項」をお読みくださいませ。</li>
</ul>
<ul class=""line_up"">
<li class=""line_up"">
<p class=""line_up_img""><img src=""http://image.rakuten.co.jp/worldmat/cabinet/r/f1_140.jpg"" alt=""アウディ A3（A3） 2013/9～ 8VC# カーマット"" width=""140"" height=""140"" border=""0""></p>
<p class=""line_up_txt"">アウディ A3（A3） フロアーマット 2013/9～ 8VC# 【ワールドF1シリーズ】<br>マットの厚み約17mm！（毛足の長さはふかふかの13mm！）<br>裏面は高級仕様のフエルトバッキング</p>
</li>
<li class=""line_up"">
<p class=""line_up_img""><img src=""http://image.rakuten.co.jp/worldmat/cabinet/r/sp1_140.jpg"" alt=""アウディ A3（A3） 2013/9～ 8VC# カーマット"" width=""140"" height=""140"" border=""0""></p>
<p class=""line_up_txt"">アウディA3（A3） フロアーマット 2013/9～ 8VC# 【ワールドSP1シリーズ】<br>当店最上級シリーズ☆<br>9色から選べる♪<br>ボリュームたっぷりの生地で車内がリビングルームに</p>
</li>
</ul><br>
<div align=""center"">
<img src=""https://image.rakuten.co.jp/worldmat/cabinet/kikaku/w_20170514_616.jpg"" width=""619px"" height=""190px"" alt=""【72時間限定！！新生活応援キャンペーン】 全商品10%OFFクーポン！＆送料無料！！ 開催期間：5月14日（日）10:00～5月17日（水）AM9:59まで"" border=""0""><br>
<br>
<font size=""2"" color=""red"">当店は、ディーラーや自動車メーカーのマットを制作してきた<br>
老舗のフロアマットメーカーですが、楽天でのネット通販の歴史は浅いので、<br>
レビューの数が消して多くはありません。<br>
<br>
他店のレビューが多いマットと比べても、品質の良さとコストパフォーマンスには<br>
自信を持っておりますので、どうか、皆様の評価をいただいて、<br>
多くの方に、安心してご購入いただけるようご協力お願い申し上げます。<br>
<br>
レビューの書き方はコチラ</font></div>
<br>
<br>",ZERO（ゼロ）フロアマット アウディ A3（A3） 2013/9～ 8VC# 【パステルシリーズ】（自動車 フロアーマット カーマット）：フロアマット通販店ワールドマット,ZERO（ゼロ）フロアマット アウディ A3（A3） 2013/9～ 8VC# 【パステルシリーズ】（自動車 フロアーマット カーマット）,10%OFFクーポン☆5/17 9:59まで ★送料無料★ 。ZERO（ゼロ）フロアマット アウディ A3（A3） 2013/9～ 8VC# 【パステルシリーズ】（自動車 フロアーマット カーマット）[rn]
12-36858,http://tshop.r10s.jp/worldmat/cabinet/zero/pa_mt.jpg?fitin=700:700,16800.0000,,車用品・バイク用品 > カー用品 > 内装パーツ > フロアマット > アウディ用,ZERO（ゼロ）フロアマット アウディ A3（A5） 2003/9～2013/9 8PA、8PB 【パステルシリーズ】（自動車 フロアーマット カーマット）,,"<ul class=""description"">
<li class=""item_list"">カラー</li>
<li class=""item"">【ZEROパステルシリーズ】 ココア/ネイビーブルー/クリアブルー/ホワイトアイボリー/ホワイトシルバー/ライトイエロー/クリアーピンク/キャロット/ディープパープル/クリアグリーン/ディープグリーン/ブラック/アクア/セイジ/ディープレッド/ワイン/ベビーピンク/ベージュ</li>
<li class=""item_list"">メーカー</li>
<li class=""item"">Audi（アウディ）</li>
<li class=""item_list"">車種</li>
<li class=""item"">A3（A5）（エーサン）</li>
<li class=""item""><img src=""http://image.rakuten.co.jp/worldmat/cabinet/foreigncar/audi-a3-a5_c.jpg"" alt=""アウディ A3（A5） 2003/9～2013/9 8PA、8PB"" width=""250"" height=""125"" border=""0""></li>
<li class=""item_list"">年式</li>
<li class=""item"">2003/9～2013/9</li>
<li class=""item_list"">型式</li>
<li class=""item"">8PA、8PB</li>
<li class=""item_list"">ハンドル位置</li>
<li class=""item"">右ハンドル</li>
<li class=""item_list"">マット点数</li>
<li class=""item"">4点</li>
<li class=""item_list"">ズレ止めの仕様</li>
<li class=""item"">純正に対応したストッパー<br>
<br>
（※出荷工場、左右ハンドル、購入されるマットの色柄等により変わる場合がございます。ご購入後の返品はお受けできませんので、ズレ止めの仕様にこだわりをお持ちの方は、ご購入前にお問い合わせ下さい。）</li>
<li class=""item_list"">納期</li>
<li class=""item"">3～8日以内に発送します</li>
<li class=""item_list"">ご注意事項</li>
<li class=""item_red"">フロアマットの形状は、車種以外にも、年式・型式・その他上記事項によって変わります。(画像はサンプルマットです。)<br>
商品名とその他の項目をご確認の上、ご購入ください。<br>
<br>
受注生産品のため、返品は不可ですので、ご了承くださいませ。</li>
<li class=""item"">ズレ止めの仕様など、純正品と異なる場合があります。<br>
※詳しくはご購入前に、「フロアマットに関する注意事項」をお読みくださいませ。</li>
</ul>
<ul class=""line_up"">
<li class=""line_up"">
<p class=""line_up_img""><img src=""http://image.rakuten.co.jp/worldmat/cabinet/r/f1_140.jpg"" alt=""アウディ A3（A5） 2003/9～2013/9 8PA、8PB カーマット"" width=""140"" height=""140"" border=""0""></p>
<p class=""line_up_txt"">アウディ A3（A5） フロアーマット 2003/9～2013/9 8PA、8PB 【ワールドF1シリーズ】<br>マットの厚み約17mm！（毛足の長さはふかふかの13mm！）<br>裏面は高級仕様のフエルトバッキング</p>
</li>
<li class=""line_up"">
<p class=""line_up_img""><img src=""http://image.rakuten.co.jp/worldmat/cabinet/r/sp1_140.jpg"" alt=""アウディ A3（A5） 2003/9～2013/9 8PA、8PB カーマット"" width=""140"" height=""140"" border=""0""></p>
<p class=""line_up_txt"">アウディA3（A5） フロアーマット 2003/9～2013/9 8PA、8PB 【ワールドSP1シリーズ】<br>当店最上級シリーズ☆<br>9色から選べる♪<br>ボリュームたっぷりの生地で車内がリビングルームに</p>
</li>
</ul><br>
<div align=""center"">
<img src=""https://image.rakuten.co.jp/worldmat/cabinet/kikaku/w_20170514_616.jpg"" width=""619px"" height=""190px"" alt=""【72時間限定！！新生活応援キャンペーン】 全商品10%OFFクーポン！＆送料無料！！ 開催期間：5月14日（日）10:00～5月17日（水）AM9:59まで"" border=""0""><br>
<br>
<font size=""2"" color=""red"">当店は、ディーラーや自動車メーカーのマットを制作してきた<br>
老舗のフロアマットメーカーですが、楽天でのネット通販の歴史は浅いので、<br>
レビューの数が消して多くはありません。<br>
<br>
他店のレビューが多いマットと比べても、品質の良さとコストパフォーマンスには<br>
自信を持っておりますので、どうか、皆様の評価をいただいて、<br>
多くの方に、安心してご購入いただけるようご協力お願い申し上げます。<br>
<br>
レビューの書き方はコチラ</font></div>
<br>
<br>",ZERO（ゼロ）フロアマット アウディ A3（A5） 2003/9～2013/9 8PA、8PB 【パステルシリーズ】（自動車 フロアーマット カーマット）：フロアマット通販店ワールドマット,ZERO（ゼロ）フロアマット アウディ A3（A5） 2003/9～2013/9 8PA、8PB 【パステルシリーズ】（自動車 フロアーマット カーマット）,10%OFFクーポン☆5/17 9:59まで ★送料無料★ 。ZERO（ゼロ）フロアマット アウディ A3（A5） 2003/9～2013/9 8PA、8PB 【パステルシリーズ】（自動車 フロアーマット カーマット）[rn]
12-36859,http://tshop.r10s.jp/worldmat/cabinet/zero/pa_mt.jpg?fitin=700:700,17600.0000,,車用品・バイク用品 > カー用品 > 内装パーツ > フロアマット > アウディ用,ZERO（ゼロ）フロアマット アウディ S4アバント （B8） 2009/5～ 8KC 【パステルシリーズ】（自動車 フロアーマット カーマット）,,"<ul class=""description"">
<li class=""item_list"">カラー</li>
<li class=""item"">【ZEROパステルシリーズ】 ココア/ネイビーブルー/クリアブルー/ホワイトアイボリー/ホワイトシルバー/ライトイエロー/クリアーピンク/キャロット/ディープパープル/クリアグリーン/ディープグリーン/ブラック/アクア/セイジ/ディープレッド/ワイン/ベビーピンク/ベージュ</li>
<li class=""item_list"">メーカー</li>
<li class=""item"">Audi（アウディ）</li>
<li class=""item_list"">車種</li>
<li class=""item"">S4アバント （B8）（エスフォー）</li>
<li class=""item""><img src=""http://image.rakuten.co.jp/worldmat/cabinet/foreigncar/audi-s4avant_c.jpg"" alt=""アウディ S4アバント （B8） 2009/5～ 8KC"" width=""250"" height=""125"" border=""0""></li>
<li class=""item_list"">年式</li>
<li class=""item"">2009/5～</li>
<li class=""item_list"">型式</li>
<li class=""item"">8KC</li>
<li class=""item_list"">ハンドル位置</li>
<li class=""item"">左右ハンドル</li>
<li class=""item_list"">マット点数</li>
<li class=""item"">5点（フロント2枚、リア3枚）　<font color=""#FF0000"">アバント専用　※セダンは別型になります。</font></li>
<li class=""item_list"">ズレ止めの仕様</li>
<li class=""item"">純正に対応したストッパー<br>
<br>
（※出荷工場、左右ハンドル、購入されるマットの色柄等により変わる場合がございます。ご購入後の返品はお受けできませんので、ズレ止めの仕様にこだわりをお持ちの方は、ご購入前にお問い合わせ下さい。）</li>
<li class=""item_list"">納期</li>
<li class=""item"">3～8日以内に発送します</li>
<li class=""item_list"">ご注意事項</li>
<li class=""item_red"">フロアマットの形状は、車種以外にも、年式・型式・その他上記事項によって変わります。(画像はサンプルマットです。)<br>
商品名とその他の項目をご確認の上、ご購入ください。<br>
<br>
受注生産品のため、返品は不可ですので、ご了承くださいませ。</li>
<li class=""item"">ズレ止めの仕様など、純正品と異なる場合があります。<br>
※詳しくはご購入前に、「フロアマットに関する注意事項」をお読みくださいませ。</li>
</ul>
<ul class=""line_up"">
<li class=""line_up"">
<p class=""line_up_img""><img src=""http://image.rakuten.co.jp/worldmat/cabinet/r/f1_140.jpg"" alt=""アウディ S4アバント （B8） 2009/5～ 8KC カーマット"" width=""140"" height=""140"" border=""0""></p>
<p class=""line_up_txt"">アウディ S4アバント （B8） フロアーマット 2009/5～ 8KC 【ワールドF1シリーズ】<br>マットの厚み約17mm！（毛足の長さはふかふかの13mm！）<br>裏面は高級仕様のフエルトバッキング</p>
</li>
<li class=""line_up"">
<p class=""line_up_img""><img src=""http://image.rakuten.co.jp/worldmat/cabinet/r/sp1_140.jpg"" alt=""アウディ S4アバント （B8） 2009/5～ 8KC カーマット"" width=""140"" height=""140"" border=""0""></p>
<p class=""line_up_txt"">アウディS4アバント （B8） フロアーマット 2009/5～ 8KC 【ワールドSP1シリーズ】<br>当店最上級シリーズ☆<br>9色から選べる♪<br>ボリュームたっぷりの生地で車内がリビングルームに</p>
</li>
</ul><br>
<div align=""center"">
<img src=""https://image.rakuten.co.jp/worldmat/cabinet/kikaku/w_20170514_616.jpg"" width=""619px"" height=""190px"" alt=""【72時間限定！！新生活応援キャンペーン】 全商品10%OFFクーポン！＆送料無料！！ 開催期間：5月14日（日）10:00～5月17日（水）AM9:59まで"" border=""0""><br>
<br>
<font size=""2"" color=""red"">当店は、ディーラーや自動車メーカーのマットを制作してきた<br>
老舗のフロアマットメーカーですが、楽天でのネット通販の歴史は浅いので、<br>
レビューの数が消して多くはありません。<br>
<br>
他店のレビューが多いマットと比べても、品質の良さとコストパフォーマンスには<br>
自信を持っておりますので、どうか、皆様の評価をいただいて、<br>
多くの方に、安心してご購入いただけるようご協力お願い申し上げます。<br>
<br>
レビューの書き方はコチラ</font></div>
<br>
<br>",ZERO（ゼロ）フロアマット アウディ S4アバント （B8） 2009/5～ 8KC 【パステルシリーズ】（自動車 フロアーマット カーマット）：フロアマット通販店ワールドマット,ZERO（ゼロ）フロアマット アウディ S4アバント （B8） 2009/5～ 8KC 【パステルシリーズ】（自動車 フロアーマット カーマット）,10%OFFクーポン☆5/17 9:59まで ★送料無料★ 。ZERO（ゼロ）フロアマット アウディ S4アバント （B8） 2009/5～ 8KC 【パステルシリーズ】（自動車 フロアーマット カーマット）[rn]
12-36860,http://tshop.r10s.jp/worldmat/cabinet/zero/pa_mt.jpg?fitin=700:700,17600.0000,,車用品・バイク用品 > カー用品 > 内装パーツ > フロアマット > アウディ用,ZERO（ゼロ）フロアマット アウディ A4（B6/B7） 2001/5～2008/3 8EA、8EB 【パステルシリーズ】（自動車 フロアーマット カーマット）,,"<ul class=""description"">
<li class=""item_list"">カラー</li>
<li class=""item"">【ZEROパステルシリーズ】 ココア/ネイビーブルー/クリアブルー/ホワイトアイボリー/ホワイトシルバー/ライトイエロー/クリアーピンク/キャロット/ディープパープル/クリアグリーン/ディープグリーン/ブラック/アクア/セイジ/ディープレッド/ワイン/ベビーピンク/ベージュ</li>
<li class=""item_list"">メーカー</li>
<li class=""item"">Audi（アウディ）</li>
<li class=""item_list"">車種</li>
<li class=""item"">A4（B6/B7）（エーヨン）</li>
<li class=""item""><img src=""http://image.rakuten.co.jp/worldmat/cabinet/foreigncar/audi-a4-b6b7_c.jpg"" alt=""アウディ A4（B6/B7） 2001/5～2008/3 8EA、8EB"" width=""250"" height=""125"" border=""0""></li>
<li class=""item_list"">年式</li>
<li class=""item"">2001/5～2008/3</li>
<li class=""item_list"">型式</li>
<li class=""item"">8EA、8EB</li>
<li class=""item_list"">ハンドル位置</li>
<li class=""item"">左右ハンドル</li>
<li class=""item_list"">マット点数</li>
<li class=""item"">4点</li>
<li class=""item_list"">ズレ止めの仕様</li>
<li class=""item"">純正に対応したストッパー<br>
<br>
（※出荷工場、左右ハンドル、購入されるマットの色柄等により変わる場合がございます。ご購入後の返品はお受けできませんので、ズレ止めの仕様にこだわりをお持ちの方は、ご購入前にお問い合わせ下さい。）</li>
<li class=""item_list"">納期</li>
<li class=""item"">3～8日以内に発送します</li>
<li class=""item_list"">ご注意事項</li>
<li class=""item_red"">フロアマットの形状は、車種以外にも、年式・型式・その他上記事項によって変わります。(画像はサンプルマットです。)<br>
商品名とその他の項目をご確認の上、ご購入ください。<br>
<br>
受注生産品のため、返品は不可ですので、ご了承くださいませ。</li>
<li class=""item"">ズレ止めの仕様など、純正品と異なる場合があります。<br>
※詳しくはご購入前に、「フロアマットに関する注意事項」をお読みくださいませ。</li>
</ul>
<ul class=""line_up"">
<li class=""line_up"">
<p class=""line_up_img""><img src=""http://image.rakuten.co.jp/worldmat/cabinet/r/f1_140.jpg"" alt=""アウディ A4（B6/B7） 2001/5～2008/3 8EA、8EB カーマット"" width=""140"" height=""140"" border=""0""></p>
<p class=""line_up_txt"">アウディ A4（B6/B7） フロアーマット 2001/5～2008/3 8EA、8EB 【ワールドF1シリーズ】<br>マットの厚み約17mm！（毛足の長さはふかふかの13mm！）<br>裏面は高級仕様のフエルトバッキング</p>
</li>
<li class=""line_up"">
<p class=""line_up_img""><img src=""http://image.rakuten.co.jp/worldmat/cabinet/r/sp1_140.jpg"" alt=""アウディ A4（B6/B7） 2001/5～2008/3 8EA、8EB カーマット"" width=""140"" height=""140"" border=""0""></p>
<p class=""line_up_txt"">アウディA4（B6/B7） フロアーマット 2001/5～2008/3 8EA、8EB 【ワールドSP1シリーズ】<br>当店最上級シリーズ☆<br>9色から選べる♪<br>ボリュームたっぷりの生地で車内がリビングルームに</p>
</li>
</ul><br>
<div align=""center"">
<img src=""https://image.rakuten.co.jp/worldmat/cabinet/kikaku/w_20170514_616.jpg"" width=""619px"" height=""190px"" alt=""【72時間限定！！新生活応援キャンペーン】 全商品10%OFFクーポン！＆送料無料！！ 開催期間：5月14日（日）10:00～5月17日（水）AM9:59まで"" border=""0""><br>
<br>
<font size=""2"" color=""red"">当店は、ディーラーや自動車メーカーのマットを制作してきた<br>
老舗のフロアマットメーカーですが、楽天でのネット通販の歴史は浅いので、<br>
レビューの数が消して多くはありません。<br>
<br>
他店のレビューが多いマットと比べても、品質の良さとコストパフォーマンスには<br>
自信を持っておりますので、どうか、皆様の評価をいただいて、<br>
多くの方に、安心してご購入いただけるようご協力お願い申し上げます。<br>
<br>
レビューの書き方はコチラ</font></div>
<br>
<br>",ZERO（ゼロ）フロアマット アウディ A4（B6/B7） 2001/5～2008/3 8EA、8EB 【パステルシリーズ】（自動車 フロアーマット カーマット）：フロアマット通販店ワールドマット,ZERO（ゼロ）フロアマット アウディ A4（B6/B7） 2001/5～2008/3 8EA、8EB 【パステルシリーズ】（自動車 フロアーマット カーマット）,10%OFFクーポン☆5/17 9:59まで ★送料無料★ 。ZERO（ゼロ）フロアマット アウディ A4（B6/B7） 2001/5～2008/3 8EA、8EB 【パステルシリーズ】（自動車 フロアーマット カーマット）[rn]
12-36861,http://tshop.r10s.jp/worldmat/cabinet/zero/pa_mt.jpg?fitin=700:700,17600.0000,,車用品・バイク用品 > カー用品 > 内装パーツ > フロアマット > アウディ用,ZERO（ゼロ）フロアマット アウディ TTクーペ（A5） 2006/7～ 8JB 【パステルシリーズ】（自動車 フロアーマット カーマット）,,"<ul class=""description"">
<li class=""item_list"">カラー</li>
<li class=""item"">【ZEROパステルシリーズ】 ココア/ネイビーブルー/クリアブルー/ホワイトアイボリー/ホワイトシルバー/ライトイエロー/クリアーピンク/キャロット/ディープパープル/クリアグリーン/ディープグリーン/ブラック/アクア/セイジ/ディープレッド/ワイン/ベビーピンク/ベージュ</li>
<li class=""item_list"">メーカー</li>
<li class=""item"">Audi（アウディ）</li>
<li class=""item_list"">車種</li>
<li class=""item"">TTクーペ（A5）（TT coupe）</li>
<li class=""item""><img src=""http://image.rakuten.co.jp/worldmat/cabinet/foreigncar/audi-ttcoupe_c.jpg"" alt=""アウディ TTクーペ（A5） 2006/7～ 8JB"" width=""250"" height=""125"" border=""0""></li>
<li class=""item_list"">年式</li>
<li class=""item"">2006/7～</li>
<li class=""item_list"">型式</li>
<li class=""item"">8JB</li>
<li class=""item_list"">ハンドル位置</li>
<li class=""item"">右ハンドル</li>
<li class=""item_list"">マット点数</li>
<li class=""item"">4点</li>
<li class=""item_list"">ズレ止めの仕様</li>
<li class=""item"">純正に対応したストッパー<br>
<br>
（※出荷工場、左右ハンドル、購入されるマットの色柄等により変わる場合がございます。ご購入後の返品はお受けできませんので、ズレ止めの仕様にこだわりをお持ちの方は、ご購入前にお問い合わせ下さい。）</li>
<li class=""item_list"">納期</li>
<li class=""item"">3～8日以内に発送します</li>
<li class=""item_list"">ご注意事項</li>
<li class=""item_red"">フロアマットの形状は、車種以外にも、年式・型式・その他上記事項によって変わります。(画像はサンプルマットです。)<br>
商品名とその他の項目をご確認の上、ご購入ください。<br>
<br>
受注生産品のため、返品は不可ですので、ご了承くださいませ。</li>
<li class=""item"">ズレ止めの仕様など、純正品と異なる場合があります。<br>
※詳しくはご購入前に、「フロアマットに関する注意事項」をお読みくださいませ。</li>
</ul>
<ul class=""line_up"">
<li class=""line_up"">
<p class=""line_up_img""><img src=""http://image.rakuten.co.jp/worldmat/cabinet/r/f1_140.jpg"" alt=""アウディ TTクーペ（A5） 2006/7～ 8JB カーマット"" width=""140"" height=""140"" border=""0""></p>
<p class=""line_up_txt"">アウディ TTクーペ（A5） フロアーマット 2006/7～ 8JB 【ワールドF1シリーズ】<br>マットの厚み約17mm！（毛足の長さはふかふかの13mm！）<br>裏面は高級仕様のフエルトバッキング</p>
</li>
<li class=""line_up"">
<p class=""line_up_img""><img src=""http://image.rakuten.co.jp/worldmat/cabinet/r/sp1_140.jpg"" alt=""アウディ TTクーペ（A5） 2006/7～ 8JB カーマット"" width=""140"" height=""140"" border=""0""></p>
<p class=""line_up_txt"">アウディTTクーペ（A5） フロアーマット 2006/7～ 8JB 【ワールドSP1シリーズ】<br>当店最上級シリーズ☆<br>9色から選べる♪<br>ボリュームたっぷりの生地で車内がリビングルームに</p>
</li>
</ul><br>
<div align=""center"">
<img src=""https://image.rakuten.co.jp/worldmat/cabinet/kikaku/w_20170514_616.jpg"" width=""619px"" height=""190px"" alt=""【72時間限定！！新生活応援キャンペーン】 全商品10%OFFクーポン！＆送料無料！！ 開催期間：5月14日（日）10:00～5月17日（水）AM9:59まで"" border=""0""><br>
<br>
<font size=""2"" color=""red"">当店は、ディーラーや自動車メーカーのマットを制作してきた<br>
老舗のフロアマットメーカーですが、楽天でのネット通販の歴史は浅いので、<br>
レビューの数が消して多くはありません。<br>
<br>
他店のレビューが多いマットと比べても、品質の良さとコストパフォーマンスには<br>
自信を持っておりますので、どうか、皆様の評価をいただいて、<br>
多くの方に、安心してご購入いただけるようご協力お願い申し上げます。<br>
<br>
レビューの書き方はコチラ</font></div>
<br>
<br>",ZERO（ゼロ）フロアマット アウディ TTクーペ（A5） 2006/7～ 8JB 【パステルシリーズ】（自動車 フロアーマット カーマット）：フロアマット通販店ワールドマット,ZERO（ゼロ）フロアマット アウディ TTクーペ（A5） 2006/7～ 8JB 【パステルシリーズ】（自動車 フロアーマット カーマット）,10%OFFクーポン☆5/17 9:59まで ★送料無料★ 。ZERO（ゼロ）フロアマット アウディ TTクーペ（A5） 2006/7～ 8JB 【パステルシリーズ】（自動車 フロアーマット カーマット）[rn]
12-36862,http://tshop.r10s.jp/worldmat/cabinet/zero/pa_mt.jpg?fitin=700:700,17600.0000,,車用品・バイク用品 > カー用品 > 内装パーツ > フロアマット > アウディ用,ZERO（ゼロ）フロアマット アウディ A4アバント （B8） 2008/3～ 8KC 【パステルシリーズ】（自動車 フロアーマット カーマット）,,"<ul class=""description"">
<li class=""item_list"">カラー</li>
<li class=""item"">【ZEROパステルシリーズ】 ココア/ネイビーブルー/クリアブルー/ホワイトアイボリー/ホワイトシルバー/ライトイエロー/クリアーピンク/キャロット/ディープパープル/クリアグリーン/ディープグリーン/ブラック/アクア/セイジ/ディープレッド/ワイン/ベビーピンク/ベージュ</li>
<li class=""item_list"">メーカー</li>
<li class=""item"">Audi（アウディ）</li>
<li class=""item_list"">車種</li>
<li class=""item"">A4アバント （B8）（エーヨン）</li>
<li class=""item""><img src=""http://image.rakuten.co.jp/worldmat/cabinet/foreigncar/audi-a4avant-b8_c.jpg"" alt=""アウディ A4アバント （B8） 2008/3～ 8KC"" width=""250"" height=""125"" border=""0""></li>
<li class=""item_list"">年式</li>
<li class=""item"">2008/3～</li>
<li class=""item_list"">型式</li>
<li class=""item"">8KC</li>
<li class=""item_list"">ハンドル位置</li>
<li class=""item"">左右ハンドル</li>
<li class=""item_list"">マット点数</li>
<li class=""item"">5点（フロント2枚、リア3枚）　<font color=""#FF0000"">アバント専用　※セダンは別型になります。</font></li>
<li class=""item_list"">ズレ止めの仕様</li>
<li class=""item"">純正に対応したストッパー<br>
<br>
（※出荷工場、左右ハンドル、購入されるマットの色柄等により変わる場合がございます。ご購入後の返品はお受けできませんので、ズレ止めの仕様にこだわりをお持ちの方は、ご購入前にお問い合わせ下さい。）</li>
<li class=""item_list"">納期</li>
<li class=""item"">3～8日以内に発送します</li>
<li class=""item_list"">ご注意事項</li>
<li class=""item_red"">フロアマットの形状は、車種以外にも、年式・型式・その他上記事項によって変わります。(画像はサンプルマットです。)<br>
商品名とその他の項目をご確認の上、ご購入ください。<br>
<br>
受注生産品のため、返品は不可ですので、ご了承くださいませ。</li>
<li class=""item"">ズレ止めの仕様など、純正品と異なる場合があります。<br>
※詳しくはご購入前に、「フロアマットに関する注意事項」をお読みくださいませ。</li>
</ul>
<ul class=""line_up"">
<li class=""line_up"">
<p class=""line_up_img""><img src=""http://image.rakuten.co.jp/worldmat/cabinet/r/f1_140.jpg"" alt=""アウディ A4アバント （B8） 2008/3～ 8KC カーマット"" width=""140"" height=""140"" border=""0""></p>
<p class=""line_up_txt"">アウディ A4アバント （B8） フロアーマット 2008/3～ 8KC 【ワールドF1シリーズ】<br>マットの厚み約17mm！（毛足の長さはふかふかの13mm！）<br>裏面は高級仕様のフエルトバッキング</p>
</li>
<li class=""line_up"">
<p class=""line_up_img""><img src=""http://image.rakuten.co.jp/worldmat/cabinet/r/sp1_140.jpg"" alt=""アウディ A4アバント （B8） 2008/3～ 8KC カーマット"" width=""140"" height=""140"" border=""0""></p>
<p class=""line_up_txt"">アウディA4アバント （B8） フロアーマット 2008/3～ 8KC 【ワールドSP1シリーズ】<br>当店最上級シリーズ☆<br>9色から選べる♪<br>ボリュームたっぷりの生地で車内がリビングルームに</p>
</li>
</ul><br>
<div align=""center"">
<img src=""https://image.rakuten.co.jp/worldmat/cabinet/kikaku/w_20170514_616.jpg"" width=""619px"" height=""190px"" alt=""【72時間限定！！新生活応援キャンペーン】 全商品10%OFFクーポン！＆送料無料！！ 開催期間：5月14日（日）10:00～5月17日（水）AM9:59まで"" border=""0""><br>
<br>
<font size=""2"" color=""red"">当店は、ディーラーや自動車メーカーのマットを制作してきた<br>
老舗のフロアマットメーカーですが、楽天でのネット通販の歴史は浅いので、<br>
レビューの数が消して多くはありません。<br>
<br>
他店のレビューが多いマットと比べても、品質の良さとコストパフォーマンスには<br>
自信を持っておりますので、どうか、皆様の評価をいただいて、<br>
多くの方に、安心してご購入いただけるようご協力お願い申し上げます。<br>
<br>
レビューの書き方はコチラ</font></div>
<br>
<br>",ZERO（ゼロ）フロアマット アウディ A4アバント （B8） 2008/3～ 8KC 【パステルシリーズ】（自動車 フロアーマット カーマット）：フロアマット通販店ワールドマット,ZERO（ゼロ）フロアマット アウディ A4アバント （B8） 2008/3～ 8KC 【パステルシリーズ】（自動車 フロアーマット カーマット）,10%OFFクーポン☆5/17 9:59まで ★送料無料★ 。ZERO（ゼロ）フロアマット アウディ A4アバント （B8） 2008/3～ 8KC 【パステルシリーズ】（自動車 フロアーマット カーマット）[rn]
12-36863,http://tshop.r10s.jp/worldmat/cabinet/zero/pa_mt.jpg?fitin=700:700,17600.0000,,車用品・バイク用品 > カー用品 > 内装パーツ > フロアマット > アウディ用,ZERO（ゼロ）フロアマット アウディ S4セダン （B8） 2009/5～ 8KC 【パステルシリーズ】（自動車 フロアーマット カーマット）,,"<ul class=""description"">
<li class=""item_list"">カラー</li>
<li class=""item"">【ZEROパステルシリーズ】 ココア/ネイビーブルー/クリアブルー/ホワイトアイボリー/ホワイトシルバー/ライトイエロー/クリアーピンク/キャロット/ディープパープル/クリアグリーン/ディープグリーン/ブラック/アクア/セイジ/ディープレッド/ワイン/ベビーピンク/ベージュ</li>
<li class=""item_list"">メーカー</li>
<li class=""item"">Audi（アウディ）</li>
<li class=""item_list"">車種</li>
<li class=""item"">S4セダン （B8）（エスフォー）</li>
<li class=""item""><img src=""http://image.rakuten.co.jp/worldmat/cabinet/foreigncar/audi-s4sedan_c.jpg"" alt=""アウディ S4セダン （B8） 2009/5～ 8KC"" width=""250"" height=""125"" border=""0""></li>
<li class=""item_list"">年式</li>
<li class=""item"">2009/5～</li>
<li class=""item_list"">型式</li>
<li class=""item"">8KC</li>
<li class=""item_list"">ハンドル位置</li>
<li class=""item"">左右ハンドル</li>
<li class=""item_list"">マット点数</li>
<li class=""item"">5点（フロント2枚、リア3枚）　<font color=""#FF0000"">セダン専用　※アバントは別型になります。</font></li>
<li class=""item_list"">ズレ止めの仕様</li>
<li class=""item"">純正に対応したストッパー<br>
<br>
（※出荷工場、左右ハンドル、購入されるマットの色柄等により変わる場合がございます。ご購入後の返品はお受けできませんので、ズレ止めの仕様にこだわりをお持ちの方は、ご購入前にお問い合わせ下さい。）</li>
<li class=""item_list"">納期</li>
<li class=""item"">3～8日以内に発送します</li>
<li class=""item_list"">ご注意事項</li>
<li class=""item_red"">フロアマットの形状は、車種以外にも、年式・型式・その他上記事項によって変わります。(画像はサンプルマットです。)<br>
商品名とその他の項目をご確認の上、ご購入ください。<br>
<br>
受注生産品のため、返品は不可ですので、ご了承くださいませ。</li>
<li class=""item"">ズレ止めの仕様など、純正品と異なる場合があります。<br>
※詳しくはご購入前に、「フロアマットに関する注意事項」をお読みくださいませ。</li>
</ul>
<ul class=""line_up"">
<li class=""line_up"">
<p class=""line_up_img""><img src=""http://image.rakuten.co.jp/worldmat/cabinet/r/f1_140.jpg"" alt=""アウディ S4セダン （B8） 2009/5～ 8KC カーマット"" width=""140"" height=""140"" border=""0""></p>
<p class=""line_up_txt"">アウディ S4セダン （B8） フロアーマット 2009/5～ 8KC 【ワールドF1シリーズ】<br>マットの厚み約17mm！（毛足の長さはふかふかの13mm！）<br>裏面は高級仕様のフエルトバッキング</p>
</li>
<li class=""line_up"">
<p class=""line_up_img""><img src=""http://image.rakuten.co.jp/worldmat/cabinet/r/sp1_140.jpg"" alt=""アウディ S4セダン （B8） 2009/5～ 8KC カーマット"" width=""140"" height=""140"" border=""0""></p>
<p class=""line_up_txt"">アウディS4セダン （B8） フロアーマット 2009/5～ 8KC 【ワールドSP1シリーズ】<br>当店最上級シリーズ☆<br>9色から選べる♪<br>ボリュームたっぷりの生地で車内がリビングルームに</p>
</li>
</ul><br>
<div align=""center"">
<img src=""https://image.rakuten.co.jp/worldmat/cabinet/kikaku/w_20170514_616.jpg"" width=""619px"" height=""190px"" alt=""【72時間限定！！新生活応援キャンペーン】 全商品10%OFFクーポン！＆送料無料！！ 開催期間：5月14日（日）10:00～5月17日（水）AM9:59まで"" border=""0""><br>
<br>
<font size=""2"" color=""red"">当店は、ディーラーや自動車メーカーのマットを制作してきた<br>
老舗のフロアマットメーカーですが、楽天でのネット通販の歴史は浅いので、<br>
レビューの数が消して多くはありません。<br>
<br>
他店のレビューが多いマットと比べても、品質の良さとコストパフォーマンスには<br>
自信を持っておりますので、どうか、皆様の評価をいただいて、<br>
多くの方に、安心してご購入いただけるようご協力お願い申し上げます。<br>
<br>
レビューの書き方はコチラ</font></div>
<br>
<br>",ZERO（ゼロ）フロアマット アウディ S4セダン （B8） 2009/5～ 8KC 【パステルシリーズ】（自動車 フロアーマット カーマット）：フロアマット通販店ワールドマット,ZERO（ゼロ）フロアマット アウディ S4セダン （B8） 2009/5～ 8KC 【パステルシリーズ】（自動車 フロアーマット カーマット）,10%OFFクーポン☆5/17 9:59まで ★送料無料★ 。ZERO（ゼロ）フロアマット アウディ S4セダン （B8） 2009/5～ 8KC 【パステルシリーズ】（自動車 フロアーマット カーマット）[rn]
12-36864,http://tshop.r10s.jp/worldmat/cabinet/zero/pa_mt.jpg?fitin=700:700,17600.0000,,車用品・バイク用品 > カー用品 > 内装パーツ > フロアマット > アウディ用,ZERO（ゼロ）フロアマット アウディ Q5 2009/6～ 8RC 【パステルシリーズ】（自動車 フロアーマット カーマット）,,"<ul class=""description"">
<li class=""item_list"">カラー</li>
<li class=""item"">【ZEROパステルシリーズ】 ココア/ネイビーブルー/クリアブルー/ホワイトアイボリー/ホワイトシルバー/ライトイエロー/クリアーピンク/キャロット/ディープパープル/クリアグリーン/ディープグリーン/ブラック/アクア/セイジ/ディープレッド/ワイン/ベビーピンク/ベージュ</li>
<li class=""item_list"">メーカー</li>
<li class=""item"">Audi（アウディ）</li>
<li class=""item_list"">車種</li>
<li class=""item"">Q5（キューファイブ）</li>
<li class=""item""><img src=""http://image.rakuten.co.jp/worldmat/cabinet/foreigncar/audi-q5_c.jpg"" alt=""アウディ Q5 2009/6～ 8RC"" width=""250"" height=""125"" border=""0""></li>
<li class=""item_list"">年式</li>
<li class=""item"">2009/6～</li>
<li class=""item_list"">型式</li>
<li class=""item"">8RC</li>
<li class=""item_list"">ハンドル位置</li>
<li class=""item"">右ハンドル</li>
<li class=""item_list"">マット点数</li>
<li class=""item"">4点</li>
<li class=""item_list"">ズレ止めの仕様</li>
<li class=""item"">純正に対応したストッパー<br>
<br>
（※出荷工場、左右ハンドル、購入されるマットの色柄等により変わる場合がございます。ご購入後の返品はお受けできませんので、ズレ止めの仕様にこだわりをお持ちの方は、ご購入前にお問い合わせ下さい。）</li>
<li class=""item_list"">納期</li>
<li class=""item"">3～8日以内に発送します</li>
<li class=""item_list"">ご注意事項</li>
<li class=""item_red"">フロアマットの形状は、車種以外にも、年式・型式・その他上記事項によって変わります。(画像はサンプルマットです。)<br>
商品名とその他の項目をご確認の上、ご購入ください。<br>
<br>
受注生産品のため、返品は不可ですので、ご了承くださいませ。</li>
<li class=""item"">ズレ止めの仕様など、純正品と異なる場合があります。<br>
※詳しくはご購入前に、「フロアマットに関する注意事項」をお読みくださいませ。</li>
</ul>
<ul class=""line_up"">
<li class=""line_up"">
<p class=""line_up_img""><img src=""http://image.rakuten.co.jp/worldmat/cabinet/r/f1_140.jpg"" alt=""アウディ Q5 2009/6～ 8RC カーマット"" width=""140"" height=""140"" border=""0""></p>
<p class=""line_up_txt"">アウディ Q5 フロアーマット 2009/6～ 8RC 【ワールドF1シリーズ】<br>マットの厚み約17mm！（毛足の長さはふかふかの13mm！）<br>裏面は高級仕様のフエルトバッキング</p>
</li>
<li class=""line_up"">
<p class=""line_up_img""><img src=""http://image.rakuten.co.jp/worldmat/cabinet/r/sp1_140.jpg"" alt=""アウディ Q5 2009/6～ 8RC カーマット"" width=""140"" height=""140"" border=""0""></p>
<p class=""line_up_txt"">アウディQ5 フロアーマット 2009/6～ 8RC 【ワールドSP1シリーズ】<br>当店最上級シリーズ☆<br>9色から選べる♪<br>ボリュームたっぷりの生地で車内がリビングルームに</p>
</li>
</ul><br>
<div align=""center"">
<img src=""https://image.rakuten.co.jp/worldmat/cabinet/kikaku/w_20170514_616.jpg"" width=""619px"" height=""190px"" alt=""【72時間限定！！新生活応援キャンペーン】 全商品10%OFFクーポン！＆送料無料！！ 開催期間：5月14日（日）10:00～5月17日（水）AM9:59まで"" border=""0""><br>
<br>
<font size=""2"" color=""red"">当店は、ディーラーや自動車メーカーのマットを制作してきた<br>
老舗のフロアマットメーカーですが、楽天でのネット通販の歴史は浅いので、<br>
レビューの数が消して多くはありません。<br>
<br>
他店のレビューが多いマットと比べても、品質の良さとコストパフォーマンスには<br>
自信を持っておりますので、どうか、皆様の評価をいただいて、<br>
多くの方に、安心してご購入いただけるようご協力お願い申し上げます。<br>
<br>
レビューの書き方はコチラ</font></div>
<br>
<br>",ZERO（ゼロ）フロアマット アウディ Q5 2009/6～ 8RC 【パステルシリーズ】（自動車 フロアーマット カーマット）：フロアマット通販店ワールドマット,ZERO（ゼロ）フロアマット アウディ Q5 2009/6～ 8RC 【パステルシリーズ】（自動車 フロアーマット カーマット）,10%OFFクーポン☆5/17 9:59まで ★送料無料★ 。ZERO（ゼロ）フロアマット アウディ Q5 2009/6～ 8RC 【パステルシリーズ】（自動車 フロアーマット カーマット）[rn]
12-36865,http://tshop.r10s.jp/worldmat/cabinet/zero/pa_mt.jpg?fitin=700:700,20000.0000,,車用品・バイク用品 > カー用品 > 内装パーツ > フロアマット > アウディ用,ZERO（ゼロ）フロアマット アウディ A8（D4） 2010/12～ 4HC 【パステルシリーズ】（自動車 フロアーマット カーマット）,,"<ul class=""description"">
<li class=""item_list"">カラー</li>
<li class=""item"">【ZEROパステルシリーズ】 ココア/ネイビーブルー/クリアブルー/ホワイトアイボリー/ホワイトシルバー/ライトイエロー/クリアーピンク/キャロット/ディープパープル/クリアグリーン/ディープグリーン/ブラック/アクア/セイジ/ディープレッド/ワイン/ベビーピンク/ベージュ</li>
<li class=""item_list"">メーカー</li>
<li class=""item"">Audi（アウディ）</li>
<li class=""item_list"">車種</li>
<li class=""item"">A8（D4）（エーハチ）</li>
<li class=""item""><img src=""http://image.rakuten.co.jp/worldmat/cabinet/foreigncar/audi-a8-d4_c.jpg"" alt=""アウディ A8（D4） 2010/12～ 4HC"" width=""250"" height=""125"" border=""0""></li>
<li class=""item_list"">年式</li>
<li class=""item"">2010/12～</li>
<li class=""item_list"">型式</li>
<li class=""item"">4HC</li>
<li class=""item_list"">ハンドル位置</li>
<li class=""item"">左右ハンドル</li>
<li class=""item_list"">マット点数</li>
<li class=""item"">4点　<font color=""#FF0000"">※ロングボディー不可</font></li>
<li class=""item_list"">ズレ止めの仕様</li>
<li class=""item"">純正に対応したストッパー<br>
<br>
（※出荷工場、左右ハンドル、購入されるマットの色柄等により変わる場合がございます。ご購入後の返品はお受けできませんので、ズレ止めの仕様にこだわりをお持ちの方は、ご購入前にお問い合わせ下さい。）</li>
<li class=""item_list"">納期</li>
<li class=""item"">3～8日以内に発送します</li>
<li class=""item_list"">ご注意事項</li>
<li class=""item_red"">フロアマットの形状は、車種以外にも、年式・型式・その他上記事項によって変わります。(画像はサンプルマットです。)<br>
商品名とその他の項目をご確認の上、ご購入ください。<br>
<br>
受注生産品のため、返品は不可ですので、ご了承くださいませ。</li>
<li class=""item"">ズレ止めの仕様など、純正品と異なる場合があります。<br>
※詳しくはご購入前に、「フロアマットに関する注意事項」をお読みくださいませ。</li>
</ul>
<ul class=""line_up"">
<li class=""line_up"">
<p class=""line_up_img""><img src=""http://image.rakuten.co.jp/worldmat/cabinet/r/f1_140.jpg"" alt=""アウディ A8（D4） 2010/12～ 4HC カーマット"" width=""140"" height=""140"" border=""0""></p>
<p class=""line_up_txt"">アウディ A8（D4） フロアーマット 2010/12～ 4HC 【ワールドF1シリーズ】<br>マットの厚み約17mm！（毛足の長さはふかふかの13mm！）<br>裏面は高級仕様のフエルトバッキング</p>
</li>
<li class=""line_up"">
<p class=""line_up_img""><img src=""http://image.rakuten.co.jp/worldmat/cabinet/r/sp1_140.jpg"" alt=""アウディ A8（D4） 2010/12～ 4HC カーマット"" width=""140"" height=""140"" border=""0""></p>
<p class=""line_up_txt"">アウディA8（D4） フロアーマット 2010/12～ 4HC 【ワールドSP1シリーズ】<br>当店最上級シリーズ☆<br>9色から選べる♪<br>ボリュームたっぷりの生地で車内がリビングルームに</p>
</li>
</ul><br>
<div align=""center"">
<img src=""https://image.rakuten.co.jp/worldmat/cabinet/kikaku/w_20170514_616.jpg"" width=""619px"" height=""190px"" alt=""【72時間限定！！新生活応援キャンペーン】 全商品10%OFFクーポン！＆送料無料！！ 開催期間：5月14日（日）10:00～5月17日（水）AM9:59まで"" border=""0""><br>
<br>
<font size=""2"" color=""red"">当店は、ディーラーや自動車メーカーのマットを制作してきた<br>
老舗のフロアマットメーカーですが、楽天でのネット通販の歴史は浅いので、<br>
レビューの数が消して多くはありません。<br>
<br>
他店のレビューが多いマットと比べても、品質の良さとコストパフォーマンスには<br>
自信を持っておりますので、どうか、皆様の評価をいただいて、<br>
多くの方に、安心してご購入いただけるようご協力お願い申し上げます。<br>
<br>
レビューの書き方はコチラ</font></div>
<br>
<br>",ZERO（ゼロ）フロアマット アウディ A8（D4） 2010/12～ 4HC 【パステルシリーズ】（自動車 フロアーマット カーマット）：フロアマット通販店ワールドマット,ZERO（ゼロ）フロアマット アウディ A8（D4） 2010/12～ 4HC 【パステルシリーズ】（自動車 フロアーマット カーマット）,10%OFFクーポン☆5/17 9:59まで ★送料無料★ 。ZERO（ゼロ）フロアマット アウディ A8（D4） 2010/12～ 4HC 【パステルシリーズ】（自動車 フロアーマット カーマット）[rn]
12-36866,http://tshop.r10s.jp/worldmat/cabinet/zero/pa_mt.jpg?fitin=700:700,17600.0000,,車用品・バイク用品 > カー用品 > 内装パーツ > フロアマット > アウディ用,ZERO（ゼロ）フロアマット アウディ A6（C5） 1997/9～2004/7 4BA、ABB 【パステルシリーズ】（自動車 フロアーマット カーマット）,,"<ul class=""description"">
<li class=""item_list"">カラー</li>
<li class=""item"">【ZEROパステルシリーズ】 ココア/ネイビーブルー/クリアブルー/ホワイトアイボリー/ホワイトシルバー/ライトイエロー/クリアーピンク/キャロット/ディープパープル/クリアグリーン/ディープグリーン/ブラック/アクア/セイジ/ディープレッド/ワイン/ベビーピンク/ベージュ</li>
<li class=""item_list"">メーカー</li>
<li class=""item"">Audi（アウディ）</li>
<li class=""item_list"">車種</li>
<li class=""item"">A6（C5）（エーロク）</li>
<li class=""item""><img src=""http://image.rakuten.co.jp/worldmat/cabinet/foreigncar/audi-a6-c5_c.jpg"" alt=""アウディ A6（C5） 1997/9～2004/7 4BA、ABB"" width=""250"" height=""125"" border=""0""></li>
<li class=""item_list"">年式</li>
<li class=""item"">1997/9～2004/7</li>
<li class=""item_list"">型式</li>
<li class=""item"">4BA、ABB</li>
<li class=""item_list"">ハンドル位置</li>
<li class=""item"">右ハンドル</li>
<li class=""item_list"">マット点数</li>
<li class=""item"">4点</li>
<li class=""item_list"">ズレ止めの仕様</li>
<li class=""item"">純正に対応したストッパー<br>
<br>
（※出荷工場、左右ハンドル、購入されるマットの色柄等により変わる場合がございます。ご購入後の返品はお受けできませんので、ズレ止めの仕様にこだわりをお持ちの方は、ご購入前にお問い合わせ下さい。）</li>
<li class=""item_list"">納期</li>
<li class=""item"">3～8日以内に発送します</li>
<li class=""item_list"">ご注意事項</li>
<li class=""item_red"">フロアマットの形状は、車種以外にも、年式・型式・その他上記事項によって変わります。(画像はサンプルマットです。)<br>
商品名とその他の項目をご確認の上、ご購入ください。<br>
<br>
受注生産品のため、返品は不可ですので、ご了承くださいませ。</li>
<li class=""item"">ズレ止めの仕様など、純正品と異なる場合があります。<br>
※詳しくはご購入前に、「フロアマットに関する注意事項」をお読みくださいませ。</li>
</ul>
<ul class=""line_up"">
<li class=""line_up"">
<p class=""line_up_img""><img src=""http://image.rakuten.co.jp/worldmat/cabinet/r/f1_140.jpg"" alt=""アウディ A6（C5） 1997/9～2004/7 4BA、ABB カーマット"" width=""140"" height=""140"" border=""0""></p>
<p class=""line_up_txt"">アウディ A6（C5） フロアーマット 1997/9～2004/7 4BA、ABB 【ワールドF1シリーズ】<br>マットの厚み約17mm！（毛足の長さはふかふかの13mm！）<br>裏面は高級仕様のフエルトバッキング</p>
</li>
<li class=""line_up"">
<p class=""line_up_img""><img src=""http://image.rakuten.co.jp/worldmat/cabinet/r/sp1_140.jpg"" alt=""アウディ A6（C5） 1997/9～2004/7 4BA、ABB カーマット"" width=""140"" height=""140"" border=""0""></p>
<p class=""line_up_txt"">アウディA6（C5） フロアーマット 1997/9～2004/7 4BA、ABB 【ワールドSP1シリーズ】<br>当店最上級シリーズ☆<br>9色から選べる♪<br>ボリュームたっぷりの生地で車内がリビングルームに</p>
</li>
</ul><br>
<div align=""center"">
<img src=""https://image.rakuten.co.jp/worldmat/cabinet/kikaku/w_20170514_616.jpg"" width=""619px"" height=""190px"" alt=""【72時間限定！！新生活応援キャンペーン】 全商品10%OFFクーポン！＆送料無料！！ 開催期間：5月14日（日）10:00～5月17日（水）AM9:59まで"" border=""0""><br>
<br>
<font size=""2"" color=""red"">当店は、ディーラーや自動車メーカーのマットを制作してきた<br>
老舗のフロアマットメーカーですが、楽天でのネット通販の歴史は浅いので、<br>
レビューの数が消して多くはありません。<br>
<br>
他店のレビューが多いマットと比べても、品質の良さとコストパフォーマンスには<br>
自信を持っておりますので、どうか、皆様の評価をいただいて、<br>
多くの方に、安心してご購入いただけるようご協力お願い申し上げます。<br>
<br>
レビューの書き方はコチラ</font></div>
<br>
<br>",ZERO（ゼロ）フロアマット アウディ A6（C5） 1997/9～2004/7 4BA、ABB 【パステルシリーズ】（自動車 フロアーマット カーマット）：フロアマット通販店ワールドマット,ZERO（ゼロ）フロアマット アウディ A6（C5） 1997/9～2004/7 4BA、ABB 【パステルシリーズ】（自動車 フロアーマット カーマット）,10%OFFクーポン☆5/17 9:59まで ★送料無料★ 。ZERO（ゼロ）フロアマット アウディ A6（C5） 1997/9～2004/7 4BA、ABB 【パステルシリーズ】（自動車 フロアーマット カーマット）[rn]
12-36867,http://tshop.r10s.jp/worldmat/cabinet/zero/pa_mt.jpg?fitin=700:700,17600.0000,,車用品・バイク用品 > カー用品 > 内装パーツ > フロアマット > アウディ用,ZERO（ゼロ）フロアマット アウディ S6（C7） 2012/8～ 4GCEUA 【パステルシリーズ】（自動車 フロアーマット カーマット）,,"<ul class=""description"">
<li class=""item_list"">カラー</li>
<li class=""item"">【ZEROパステルシリーズ】 ココア/ネイビーブルー/クリアブルー/ホワイトアイボリー/ホワイトシルバー/ライトイエロー/クリアーピンク/キャロット/ディープパープル/クリアグリーン/ディープグリーン/ブラック/アクア/セイジ/ディープレッド/ワイン/ベビーピンク/ベージュ</li>
<li class=""item_list"">メーカー</li>
<li class=""item"">Audi（アウディ）</li>
<li class=""item_list"">車種</li>
<li class=""item"">S6（C7）（エスロク）</li>
<li class=""item""><img src=""http://image.rakuten.co.jp/worldmat/cabinet/foreigncar/audi-s6-c7_c.jpg"" alt=""アウディ S6（C7） 2012/8～ 4GCEUA"" width=""250"" height=""125"" border=""0""></li>
<li class=""item_list"">年式</li>
<li class=""item"">2012/8～</li>
<li class=""item_list"">型式</li>
<li class=""item"">4GCEUA</li>
<li class=""item_list"">ハンドル位置</li>
<li class=""item"">左右ハンドル</li>
<li class=""item_list"">マット点数</li>
<li class=""item"">5点（フロント2枚、リア3枚）</li>
<li class=""item_list"">ズレ止めの仕様</li>
<li class=""item"">純正に対応したストッパー<br>
<br>
（※出荷工場、左右ハンドル、購入されるマットの色柄等により変わる場合がございます。ご購入後の返品はお受けできませんので、ズレ止めの仕様にこだわりをお持ちの方は、ご購入前にお問い合わせ下さい。）</li>
<li class=""item_list"">納期</li>
<li class=""item"">3～8日以内に発送します</li>
<li class=""item_list"">ご注意事項</li>
<li class=""item_red"">フロアマットの形状は、車種以外にも、年式・型式・その他上記事項によって変わります。(画像はサンプルマットです。)<br>
商品名とその他の項目をご確認の上、ご購入ください。<br>
<br>
受注生産品のため、返品は不可ですので、ご了承くださいませ。</li>
<li class=""item"">ズレ止めの仕様など、純正品と異なる場合があります。<br>
※詳しくはご購入前に、「フロアマットに関する注意事項」をお読みくださいませ。</li>
</ul>
<ul class=""line_up"">
<li class=""line_up"">
<p class=""line_up_img""><img src=""http://image.rakuten.co.jp/worldmat/cabinet/r/f1_140.jpg"" alt=""アウディ S6（C7） 2012/8～ 4GCEUA カーマット"" width=""140"" height=""140"" border=""0""></p>
<p class=""line_up_txt"">アウディ S6（C7） フロアーマット 2012/8～ 4GCEUA 【ワールドF1シリーズ】<br>マットの厚み約17mm！（毛足の長さはふかふかの13mm！）<br>裏面は高級仕様のフエルトバッキング</p>
</li>
<li class=""line_up"">
<p class=""line_up_img""><img src=""http://image.rakuten.co.jp/worldmat/cabinet/r/sp1_140.jpg"" alt=""アウディ S6（C7） 2012/8～ 4GCEUA カーマット"" width=""140"" height=""140"" border=""0""></p>
<p class=""line_up_txt"">アウディS6（C7） フロアーマット 2012/8～ 4GCEUA 【ワールドSP1シリーズ】<br>当店最上級シリーズ☆<br>9色から選べる♪<br>ボリュームたっぷりの生地で車内がリビングルームに</p>
</li>
</ul><br>
<div align=""center"">
<img src=""https://image.rakuten.co.jp/worldmat/cabinet/kikaku/w_20170514_616.jpg"" width=""619px"" height=""190px"" alt=""【72時間限定！！新生活応援キャンペーン】 全商品10%OFFクーポン！＆送料無料！！ 開催期間：5月14日（日）10:00～5月17日（水）AM9:59まで"" border=""0""><br>
<br>
<font size=""2"" color=""red"">当店は、ディーラーや自動車メーカーのマットを制作してきた<br>
老舗のフロアマットメーカーですが、楽天でのネット通販の歴史は浅いので、<br>
レビューの数が消して多くはありません。<br>
<br>
他店のレビューが多いマットと比べても、品質の良さとコストパフォーマンスには<br>
自信を持っておりますので、どうか、皆様の評価をいただいて、<br>
多くの方に、安心してご購入いただけるようご協力お願い申し上げます。<br>
<br>
レビューの書き方はコチラ</font></div>
<br>
<br>",ZERO（ゼロ）フロアマット アウディ S6（C7） 2012/8～ 4GCEUA 【パステルシリーズ】（自動車 フロアーマット カーマット）：フロアマット通販店ワールドマット,ZERO（ゼロ）フロアマット アウディ S6（C7） 2012/8～ 4GCEUA 【パステルシリーズ】（自動車 フロアーマット カーマット）,10%OFFクーポン☆5/17 9:59まで ★送料無料★ 。ZERO（ゼロ）フロアマット アウディ S6（C7） 2012/8～ 4GCEUA 【パステルシリーズ】（自動車 フロアーマット カーマット）[rn]
12-36868,http://tshop.r10s.jp/worldmat/cabinet/zero/pa_mt.jpg?fitin=700:700,17600.0000,,車用品・バイク用品 > カー用品 > 内装パーツ > フロアマット > アウディ用,ZERO（ゼロ）フロアマット アウディ RS4セダン （B7） 2006/6～2009/7 8EBNSF 【パステルシリーズ】（自動車 フロアーマット カーマット）,,"<ul class=""description"">
<li class=""item_list"">カラー</li>
<li class=""item"">【ZEROパステルシリーズ】 ココア/ネイビーブルー/クリアブルー/ホワイトアイボリー/ホワイトシルバー/ライトイエロー/クリアーピンク/キャロット/ディープパープル/クリアグリーン/ディープグリーン/ブラック/アクア/セイジ/ディープレッド/ワイン/ベビーピンク/ベージュ</li>
<li class=""item_list"">メーカー</li>
<li class=""item"">Audi（アウディ）</li>
<li class=""item_list"">車種</li>
<li class=""item"">RS4セダン （B7）（アールエスフォー）</li>
<li class=""item""><img src=""http://image.rakuten.co.jp/worldmat/cabinet/foreigncar/audi-rs4-b7_c.jpg"" alt=""アウディ RS4セダン （B7） 2006/6～2009/7 8EBNSF"" width=""250"" height=""125"" border=""0""></li>
<li class=""item_list"">年式</li>
<li class=""item"">2006/6～2009/7</li>
<li class=""item_list"">型式</li>
<li class=""item"">8EBNSF</li>
<li class=""item_list"">ハンドル位置</li>
<li class=""item"">右ハンドル</li>
<li class=""item_list"">マット点数</li>
<li class=""item"">4点（フロント2枚、リア2枚）　<font color=""#FF0000"">セダン専用　※アバントは別型になります。</font></li>
<li class=""item_list"">ズレ止めの仕様</li>
<li class=""item"">純正に対応したストッパー<br>
<br>
（※出荷工場、左右ハンドル、購入されるマットの色柄等により変わる場合がございます。ご購入後の返品はお受けできませんので、ズレ止めの仕様にこだわりをお持ちの方は、ご購入前にお問い合わせ下さい。）</li>
<li class=""item_list"">納期</li>
<li class=""item"">3～8日以内に発送します</li>
<li class=""item_list"">ご注意事項</li>
<li class=""item_red"">フロアマットの形状は、車種以外にも、年式・型式・その他上記事項によって変わります。(画像はサンプルマットです。)<br>
商品名とその他の項目をご確認の上、ご購入ください。<br>
<br>
受注生産品のため、返品は不可ですので、ご了承くださいませ。</li>
<li class=""item"">ズレ止めの仕様など、純正品と異なる場合があります。<br>
※詳しくはご購入前に、「フロアマットに関する注意事項」をお読みくださいませ。</li>
</ul>
<ul class=""line_up"">
<li class=""line_up"">
<p class=""line_up_img""><img src=""http://image.rakuten.co.jp/worldmat/cabinet/r/f1_140.jpg"" alt=""アウディ RS4セダン （B7） 2006/6～2009/7 8EBNSF カーマット"" width=""140"" height=""140"" border=""0""></p>
<p class=""line_up_txt"">アウディ RS4セダン （B7） フロアーマット 2006/6～2009/7 8EBNSF 【ワールドF1シリーズ】<br>マットの厚み約17mm！（毛足の長さはふかふかの13mm！）<br>裏面は高級仕様のフエルトバッキング</p>
</li>
<li class=""line_up"">
<p class=""line_up_img""><img src=""http://image.rakuten.co.jp/worldmat/cabinet/r/sp1_140.jpg"" alt=""アウディ RS4セダン （B7） 2006/6～2009/7 8EBNSF カーマット"" width=""140"" height=""140"" border=""0""></p>
<p class=""line_up_txt"">アウディRS4セダン （B7） フロアーマット 2006/6～2009/7 8EBNSF 【ワールドSP1シリーズ】<br>当店最上級シリーズ☆<br>9色から選べる♪<br>ボリュームたっぷりの生地で車内がリビングルームに</p>
</li>
</ul><br>
<div align=""center"">
<img src=""https://image.rakuten.co.jp/worldmat/cabinet/kikaku/w_20170514_616.jpg"" width=""619px"" height=""190px"" alt=""【72時間限定！！新生活応援キャンペーン】 全商品10%OFFクーポン！＆送料無料！！ 開催期間：5月14日（日）10:00～5月17日（水）AM9:59まで"" border=""0""><br>
<br>
<font size=""2"" color=""red"">当店は、ディーラーや自動車メーカーのマットを制作してきた<br>
老舗のフロアマットメーカーですが、楽天でのネット通販の歴史は浅いので、<br>
レビューの数が消して多くはありません。<br>
<br>
他店のレビューが多いマットと比べても、品質の良さとコストパフォーマンスには<br>
自信を持っておりますので、どうか、皆様の評価をいただいて、<br>
多くの方に、安心してご購入いただけるようご協力お願い申し上げます。<br>
<br>
レビューの書き方はコチラ</font></div>
<br>
<br>",ZERO（ゼロ）フロアマット アウディ RS4セダン （B7） 2006/6～2009/7 8EBNSF 【パステルシリーズ】（自動車 フロアーマット カーマット）：フロアマット通販店ワールドマット,ZERO（ゼロ）フロアマット アウディ RS4セダン （B7） 2006/6～2009/7 8EBNSF 【パステルシリーズ】（自動車 フロアーマット カーマット）,10%OFFクーポン☆5/17 9:59まで ★送料無料★ 。ZERO（ゼロ）フロアマット アウディ RS4セダン （B7） 2006/6～2009/7 8EBNSF 【パステルシリーズ】（自動車 フロアーマット カーマット）[rn]
12-36869,http://tshop.r10s.jp/worldmat/cabinet/zero/pa_mt.jpg?fitin=700:700,20000.0000,,車用品・バイク用品 > カー用品 > 内装パーツ > フロアマット > アウディ用,ZERO（ゼロ）フロアマット アウディ A8（D3） ロング 2003/10～2010/12 4EB 【パステルシリーズ】（自動車 フロアーマット カーマット）,,"<ul class=""description"">
<li class=""item_list"">カラー</li>
<li class=""item"">【ZEROパステルシリーズ】 ココア/ネイビーブルー/クリアブルー/ホワイトアイボリー/ホワイトシルバー/ライトイエロー/クリアーピンク/キャロット/ディープパープル/クリアグリーン/ディープグリーン/ブラック/アクア/セイジ/ディープレッド/ワイン/ベビーピンク/ベージュ</li>
<li class=""item_list"">メーカー</li>
<li class=""item"">Audi（アウディ）</li>
<li class=""item_list"">車種</li>
<li class=""item"">A8（D3） ロング（エーハチ）</li>
<li class=""item""><img src=""http://image.rakuten.co.jp/worldmat/cabinet/foreigncar/audi-a8-d3-long_c.jpg"" alt=""アウディ A8（D3） ロング 2003/10～2010/12 4EB"" width=""250"" height=""125"" border=""0""></li>
<li class=""item_list"">年式</li>
<li class=""item"">2003/10～2010/12</li>
<li class=""item_list"">型式</li>
<li class=""item"">4EB</li>
<li class=""item_list"">ハンドル位置</li>
<li class=""item"">左右ハンドル</li>
<li class=""item_list"">マット点数</li>
<li class=""item"">4点（フロント2枚、リア2枚）　<font color=""#FF0000"">※ロングボディー専用</font></li>
<li class=""item_list"">ズレ止めの仕様</li>
<li class=""item"">純正に対応したストッパー<br>
<br>
（※出荷工場、左右ハンドル、購入されるマットの色柄等により変わる場合がございます。ご購入後の返品はお受けできませんので、ズレ止めの仕様にこだわりをお持ちの方は、ご購入前にお問い合わせ下さい。）</li>
<li class=""item_list"">納期</li>
<li class=""item"">3～8日以内に発送します</li>
<li class=""item_list"">ご注意事項</li>
<li class=""item_red"">フロアマットの形状は、車種以外にも、年式・型式・その他上記事項によって変わります。(画像はサンプルマットです。)<br>
商品名とその他の項目をご確認の上、ご購入ください。<br>
<br>
受注生産品のため、返品は不可ですので、ご了承くださいませ。</li>
<li class=""item"">ズレ止めの仕様など、純正品と異なる場合があります。<br>
※詳しくはご購入前に、「フロアマットに関する注意事項」をお読みくださいませ。</li>
</ul>
<ul class=""line_up"">
<li class=""line_up"">
<p class=""line_up_img""><img src=""http://image.rakuten.co.jp/worldmat/cabinet/r/f1_140.jpg"" alt=""アウディ A8（D3） ロング 2003/10～2010/12 4EB カーマット"" width=""140"" height=""140"" border=""0""></p>
<p class=""line_up_txt"">アウディ A8（D3） ロング フロアーマット 2003/10～2010/12 4EB 【ワールドF1シリーズ】<br>マットの厚み約17mm！（毛足の長さはふかふかの13mm！）<br>裏面は高級仕様のフエルトバッキング</p>
</li>
<li class=""line_up"">
<p class=""line_up_img""><img src=""http://image.rakuten.co.jp/worldmat/cabinet/r/sp1_140.jpg"" alt=""アウディ A8（D3） ロング 2003/10～2010/12 4EB カーマット"" width=""140"" height=""140"" border=""0""></p>
<p class=""line_up_txt"">アウディA8（D3） ロング フロアーマット 2003/10～2010/12 4EB 【ワールドSP1シリーズ】<br>当店最上級シリーズ☆<br>9色から選べる♪<br>ボリュームたっぷりの生地で車内がリビングルームに</p>
</li>
</ul><br>
<div align=""center"">
<img src=""https://image.rakuten.co.jp/worldmat/cabinet/kikaku/w_20170514_616.jpg"" width=""619px"" height=""190px"" alt=""【72時間限定！！新生活応援キャンペーン】 全商品10%OFFクーポン！＆送料無料！！ 開催期間：5月14日（日）10:00～5月17日（水）AM9:59まで"" border=""0""><br>
<br>
<font size=""2"" color=""red"">当店は、ディーラーや自動車メーカーのマットを制作してきた<br>
老舗のフロアマットメーカーですが、楽天でのネット通販の歴史は浅いので、<br>
レビューの数が消して多くはありません。<br>
<br>
他店のレビューが多いマットと比べても、品質の良さとコストパフォーマンスには<br>
自信を持っておりますので、どうか、皆様の評価をいただいて、<br>
多くの方に、安心してご購入いただけるようご協力お願い申し上げます。<br>
<br>
レビューの書き方はコチラ</font></div>
<br>
<br>",ZERO（ゼロ）フロアマット アウディ A8（D3） ロング 2003/10～2010/12 4EB 【パステルシリーズ】（自動車 フロアーマット カーマット）：フロアマット通販店ワールドマット,ZERO（ゼロ）フロアマット アウディ A8（D3） ロング 2003/10～2010/12 4EB 【パステルシリーズ】（自動車 フロアーマット カーマット）,10%OFFクーポン☆5/17 9:59まで ★送料無料★ 。ZERO（ゼロ）フロアマット アウディ A8（D3） ロング 2003/10～2010/12 4EB 【パステルシリーズ】（自動車 フロアーマット カーマット）[rn]
12-36870,http://tshop.r10s.jp/worldmat/cabinet/zero/pa_mt.jpg?fitin=700:700,17600.0000,,車用品・バイク用品 > カー用品 > 内装パーツ > フロアマット > アウディ用,ZERO（ゼロ）フロアマット アウディ RS6（C6） 2008/6～2010/9 4FBUHS 【パステルシリーズ】（自動車 フロアーマット カーマット）,,"<ul class=""description"">
<li class=""item_list"">カラー</li>
<li class=""item"">【ZEROパステルシリーズ】 ココア/ネイビーブルー/クリアブルー/ホワイトアイボリー/ホワイトシルバー/ライトイエロー/クリアーピンク/キャロット/ディープパープル/クリアグリーン/ディープグリーン/ブラック/アクア/セイジ/ディープレッド/ワイン/ベビーピンク/ベージュ</li>
<li class=""item_list"">メーカー</li>
<li class=""item"">Audi（アウディ）</li>
<li class=""item_list"">車種</li>
<li class=""item"">RS6（C6）（アールエスシックス）</li>
<li class=""item""><img src=""http://image.rakuten.co.jp/worldmat/cabinet/foreigncar/audi-rs6-c6_c.jpg"" alt=""アウディ RS6（C6） 2008/6～2010/9 4FBUHS"" width=""250"" height=""125"" border=""0""></li>
<li class=""item_list"">年式</li>
<li class=""item"">2008/6～2010/9</li>
<li class=""item_list"">型式</li>
<li class=""item"">4FBUHS</li>
<li class=""item_list"">ハンドル位置</li>
<li class=""item"">左右ハンドル</li>
<li class=""item_list"">マット点数</li>
<li class=""item"">4点（フロント2枚、リア2枚）</li>
<li class=""item_list"">ズレ止めの仕様</li>
<li class=""item"">純正に対応したストッパー<br>
<br>
（※出荷工場、左右ハンドル、購入されるマットの色柄等により変わる場合がございます。ご購入後の返品はお受けできませんので、ズレ止めの仕様にこだわりをお持ちの方は、ご購入前にお問い合わせ下さい。）</li>
<li class=""item_list"">納期</li>
<li class=""item"">3～8日以内に発送します</li>
<li class=""item_list"">ご注意事項</li>
<li class=""item_red"">フロアマットの形状は、車種以外にも、年式・型式・その他上記事項によって変わります。(画像はサンプルマットです。)<br>
商品名とその他の項目をご確認の上、ご購入ください。<br>
<br>
受注生産品のため、返品は不可ですので、ご了承くださいませ。</li>
<li class=""item"">ズレ止めの仕様など、純正品と異なる場合があります。<br>
※詳しくはご購入前に、「フロアマットに関する注意事項」をお読みくださいませ。</li>
</ul>
<ul class=""line_up"">
<li class=""line_up"">
<p class=""line_up_img""><img src=""http://image.rakuten.co.jp/worldmat/cabinet/r/f1_140.jpg"" alt=""アウディ RS6（C6） 2008/6～2010/9 4FBUHS カーマット"" width=""140"" height=""140"" border=""0""></p>
<p class=""line_up_txt"">アウディ RS6（C6） フロアーマット 2008/6～2010/9 4FBUHS 【ワールドF1シリーズ】<br>マットの厚み約17mm！（毛足の長さはふかふかの13mm！）<br>裏面は高級仕様のフエルトバッキング</p>
</li>
<li class=""line_up"">
<p class=""line_up_img""><img src=""http://image.rakuten.co.jp/worldmat/cabinet/r/sp1_140.jpg"" alt=""アウディ RS6（C6） 2008/6～2010/9 4FBUHS カーマット"" width=""140"" height=""140"" border=""0""></p>
<p class=""line_up_txt"">アウディRS6（C6） フロアーマット 2008/6～2010/9 4FBUHS 【ワールドSP1シリーズ】<br>当店最上級シリーズ☆<br>9色から選べる♪<br>ボリュームたっぷりの生地で車内がリビングルームに</p>
</li>
</ul><br>
<div align=""center"">
<img src=""https://image.rakuten.co.jp/worldmat/cabinet/kikaku/w_20170514_616.jpg"" width=""619px"" height=""190px"" alt=""【72時間限定！！新生活応援キャンペーン】 全商品10%OFFクーポン！＆送料無料！！ 開催期間：5月14日（日）10:00～5月17日（水）AM9:59まで"" border=""0""><br>
<br>
<font size=""2"" color=""red"">当店は、ディーラーや自動車メーカーのマットを制作してきた<br>
老舗のフロアマットメーカーですが、楽天でのネット通販の歴史は浅いので、<br>
レビューの数が消して多くはありません。<br>
<br>
他店のレビューが多いマットと比べても、品質の良さとコストパフォーマンスには<br>
自信を持っておりますので、どうか、皆様の評価をいただいて、<br>
多くの方に、安心してご購入いただけるようご協力お願い申し上げます。<br>
<br>
レビューの書き方はコチラ</font></div>
<br>
<br>",ZERO（ゼロ）フロアマット アウディ RS6（C6） 2008/6～2010/9 4FBUHS 【パステルシリーズ】（自動車 フロアーマット カーマット）：フロアマット通販店ワールドマット,ZERO（ゼロ）フロアマット アウディ RS6（C6） 2008/6～2010/9 4FBUHS 【パステルシリーズ】（自動車 フロアーマット カーマット）,10%OFFクーポン☆5/17 9:59まで ★送料無料★ 。ZERO（ゼロ）フロアマット アウディ RS6（C6） 2008/6～2010/9 4FBUHS 【パステルシリーズ】（自動車 フロアーマット カーマット）[rn]
12-36871,http://tshop.r10s.jp/worldmat/cabinet/zero/pa_mt.jpg?fitin=700:700,17600.0000,,車用品・バイク用品 > カー用品 > 内装パーツ > フロアマット > アウディ用,ZERO（ゼロ）フロアマット アウディ Q3 2012/5～ 8UC# 【パステルシリーズ】（自動車 フロアーマット カーマット）,,"<ul class=""description"">
<li class=""item_list"">カラー</li>
<li class=""item"">【ZEROパステルシリーズ】 ココア/ネイビーブルー/クリアブルー/ホワイトアイボリー/ホワイトシルバー/ライトイエロー/クリアーピンク/キャロット/ディープパープル/クリアグリーン/ディープグリーン/ブラック/アクア/セイジ/ディープレッド/ワイン/ベビーピンク/ベージュ</li>
<li class=""item_list"">メーカー</li>
<li class=""item"">Audi（アウディ）</li>
<li class=""item_list"">車種</li>
<li class=""item"">Q3（キュースリー）</li>
<li class=""item""><img src=""http://image.rakuten.co.jp/worldmat/cabinet/foreigncar/audi-q3_c.jpg"" alt=""アウディ Q3 2012/5～ 8UC#"" width=""250"" height=""125"" border=""0""></li>
<li class=""item_list"">年式</li>
<li class=""item"">2012/5～</li>
<li class=""item_list"">型式</li>
<li class=""item"">8UC#</li>
<li class=""item_list"">ハンドル位置</li>
<li class=""item"">右ハンドル</li>
<li class=""item_list"">マット点数</li>
<li class=""item"">4点（フロント2枚、リア2枚）</li>
<li class=""item_list"">ズレ止めの仕様</li>
<li class=""item"">純正に対応したストッパー<br>
<br>
（※出荷工場、左右ハンドル、購入されるマットの色柄等により変わる場合がございます。ご購入後の返品はお受けできませんので、ズレ止めの仕様にこだわりをお持ちの方は、ご購入前にお問い合わせ下さい。）</li>
<li class=""item_list"">納期</li>
<li class=""item"">3～8日以内に発送します</li>
<li class=""item_list"">ご注意事項</li>
<li class=""item_red"">フロアマットの形状は、車種以外にも、年式・型式・その他上記事項によって変わります。(画像はサンプルマットです。)<br>
商品名とその他の項目をご確認の上、ご購入ください。<br>
<br>
受注生産品のため、返品は不可ですので、ご了承くださいませ。</li>
<li class=""item"">ズレ止めの仕様など、純正品と異なる場合があります。<br>
※詳しくはご購入前に、「フロアマットに関する注意事項」をお読みくださいませ。</li>
</ul>
<ul class=""line_up"">
<li class=""line_up"">
<p class=""line_up_img""><img src=""http://image.rakuten.co.jp/worldmat/cabinet/r/f1_140.jpg"" alt=""アウディ Q3 2012/5～ 8UC# カーマット"" width=""140"" height=""140"" border=""0""></p>
<p class=""line_up_txt"">アウディ Q3 フロアーマット 2012/5～ 8UC# 【ワールドF1シリーズ】<br>マットの厚み約17mm！（毛足の長さはふかふかの13mm！）<br>裏面は高級仕様のフエルトバッキング</p>
</li>
<li class=""line_up"">
<p class=""line_up_img""><img src=""http://image.rakuten.co.jp/worldmat/cabinet/r/sp1_140.jpg"" alt=""アウディ Q3 2012/5～ 8UC# カーマット"" width=""140"" height=""140"" border=""0""></p>
<p class=""line_up_txt"">アウディQ3 フロアーマット 2012/5～ 8UC# 【ワールドSP1シリーズ】<br>当店最上級シリーズ☆<br>9色から選べる♪<br>ボリュームたっぷりの生地で車内がリビングルームに</p>
</li>
</ul><br>
<div align=""center"">
<img src=""https://image.rakuten.co.jp/worldmat/cabinet/kikaku/w_20170514_616.jpg"" width=""619px"" height=""190px"" alt=""【72時間限定！！新生活応援キャンペーン】 全商品10%OFFクーポン！＆送料無料！！ 開催期間：5月14日（日）10:00～5月17日（水）AM9:59まで"" border=""0""><br>
<br>
<font size=""2"" color=""red"">当店は、ディーラーや自動車メーカーのマットを制作してきた<br>
老舗のフロアマットメーカーですが、楽天でのネット通販の歴史は浅いので、<br>
レビューの数が消して多くはありません。<br>
<br>
他店のレビューが多いマットと比べても、品質の良さとコストパフォーマンスには<br>
自信を持っておりますので、どうか、皆様の評価をいただいて、<br>
多くの方に、安心してご購入いただけるようご協力お願い申し上げます。<br>
<br>
レビューの書き方はコチラ</font></div>
<br>
<br>",ZERO（ゼロ）フロアマット アウディ Q3 2012/5～ 8UC# 【パステルシリーズ】（自動車 フロアーマット カーマット）：フロアマット通販店ワールドマット,ZERO（ゼロ）フロアマット アウディ Q3 2012/5～ 8UC# 【パステルシリーズ】（自動車 フロアーマット カーマット）,10%OFFクーポン☆5/17 9:59まで ★送料無料★ 。ZERO（ゼロ）フロアマット アウディ Q3 2012/5～ 8UC# 【パステルシリーズ】（自動車 フロアーマット カーマット）[rn]
12-36872,http://tshop.r10s.jp/worldmat/cabinet/zero/pa_mt.jpg?fitin=700:700,17600.0000,,車用品・バイク用品 > カー用品 > 内装パーツ > フロアマット > アウディ用,ZERO（ゼロ）フロアマット アウディ A6（C6） 2004/7～2011/8 4FB 【パステルシリーズ】（自動車 フロアーマット カーマット）,,"<ul class=""description"">
<li class=""item_list"">カラー</li>
<li class=""item"">【ZEROパステルシリーズ】 ココア/ネイビーブルー/クリアブルー/ホワイトアイボリー/ホワイトシルバー/ライトイエロー/クリアーピンク/キャロット/ディープパープル/クリアグリーン/ディープグリーン/ブラック/アクア/セイジ/ディープレッド/ワイン/ベビーピンク/ベージュ</li>
<li class=""item_list"">メーカー</li>
<li class=""item"">Audi（アウディ）</li>
<li class=""item_list"">車種</li>
<li class=""item"">A6（C6）（エーロク）</li>
<li class=""item""><img src=""http://image.rakuten.co.jp/worldmat/cabinet/foreigncar/audi-a6-c6_c.jpg"" alt=""アウディ A6（C6） 2004/7～2011/8 4FB"" width=""250"" height=""125"" border=""0""></li>
<li class=""item_list"">年式</li>
<li class=""item"">2004/7～2011/8</li>
<li class=""item_list"">型式</li>
<li class=""item"">4FB</li>
<li class=""item_list"">ハンドル位置</li>
<li class=""item"">左右ハンドル</li>
<li class=""item_list"">マット点数</li>
<li class=""item"">4点</li>
<li class=""item_list"">ズレ止めの仕様</li>
<li class=""item"">純正に対応したストッパー<br>
<br>
（※出荷工場、左右ハンドル、購入されるマットの色柄等により変わる場合がございます。ご購入後の返品はお受けできませんので、ズレ止めの仕様にこだわりをお持ちの方は、ご購入前にお問い合わせ下さい。）</li>
<li class=""item_list"">納期</li>
<li class=""item"">3～8日以内に発送します</li>
<li class=""item_list"">ご注意事項</li>
<li class=""item_red"">フロアマットの形状は、車種以外にも、年式・型式・その他上記事項によって変わります。(画像はサンプルマットです。)<br>
商品名とその他の項目をご確認の上、ご購入ください。<br>
<br>
受注生産品のため、返品は不可ですので、ご了承くださいませ。</li>
<li class=""item"">ズレ止めの仕様など、純正品と異なる場合があります。<br>
※詳しくはご購入前に、「フロアマットに関する注意事項」をお読みくださいませ。</li>
</ul>
<ul class=""line_up"">
<li class=""line_up"">
<p class=""line_up_img""><img src=""http://image.rakuten.co.jp/worldmat/cabinet/r/f1_140.jpg"" alt=""アウディ A6（C6） 2004/7～2011/8 4FB カーマット"" width=""140"" height=""140"" border=""0""></p>
<p class=""line_up_txt"">アウディ A6（C6） フロアーマット 2004/7～2011/8 4FB 【ワールドF1シリーズ】<br>マットの厚み約17mm！（毛足の長さはふかふかの13mm！）<br>裏面は高級仕様のフエルトバッキング</p>
</li>
<li class=""line_up"">
<p class=""line_up_img""><img src=""http://image.rakuten.co.jp/worldmat/cabinet/r/sp1_140.jpg"" alt=""アウディ A6（C6） 2004/7～2011/8 4FB カーマット"" width=""140"" height=""140"" border=""0""></p>
<p class=""line_up_txt"">アウディA6（C6） フロアーマット 2004/7～2011/8 4FB 【ワールドSP1シリーズ】<br>当店最上級シリーズ☆<br>9色から選べる♪<br>ボリュームたっぷりの生地で車内がリビングルームに</p>
</li>
</ul><br>
<div align=""center"">
<img src=""https://image.rakuten.co.jp/worldmat/cabinet/kikaku/w_20170514_616.jpg"" width=""619px"" height=""190px"" alt=""【72時間限定！！新生活応援キャンペーン】 全商品10%OFFクーポン！＆送料無料！！ 開催期間：5月14日（日）10:00～5月17日（水）AM9:59まで"" border=""0""><br>
<br>
<font size=""2"" color=""red"">当店は、ディーラーや自動車メーカーのマットを制作してきた<br>
老舗のフロアマットメーカーですが、楽天でのネット通販の歴史は浅いので、<br>
レビューの数が消して多くはありません。<br>
<br>
他店のレビューが多いマットと比べても、品質の良さとコストパフォーマンスには<br>
自信を持っておりますので、どうか、皆様の評価をいただいて、<br>
多くの方に、安心してご購入いただけるようご協力お願い申し上げます。<br>
<br>
レビューの書き方はコチラ</font></div>
<br>
<br>",ZERO（ゼロ）フロアマット アウディ A6（C6） 2004/7～2011/8 4FB 【パステルシリーズ】（自動車 フロアーマット カーマット）：フロアマット通販店ワールドマット,ZERO（ゼロ）フロアマット アウディ A6（C6） 2004/7～2011/8 4FB 【パステルシリーズ】（自動車 フロアーマット カーマット）,10%OFFクーポン☆5/17 9:59まで ★送料無料★ 。ZERO（ゼロ）フロアマット アウディ A6（C6） 2004/7～2011/8 4FB 【パステルシリーズ】（自動車 フロアーマット カーマット）[rn]
12-36873,http://tshop.r10s.jp/worldmat/cabinet/zero/pa_mt.jpg?fitin=700:700,17600.0000,,車用品・バイク用品 > カー用品 > 内装パーツ > フロアマット > アウディ用,ZERO（ゼロ）フロアマット アウディ RS4アバント （B7） 2006/6～2009/7 8EBNSF 【パステルシリーズ】（自動車 フロアーマット カーマット）,,"<ul class=""description"">
<li class=""item_list"">カラー</li>
<li class=""item"">【ZEROパステルシリーズ】 ココア/ネイビーブルー/クリアブルー/ホワイトアイボリー/ホワイトシルバー/ライトイエロー/クリアーピンク/キャロット/ディープパープル/クリアグリーン/ディープグリーン/ブラック/アクア/セイジ/ディープレッド/ワイン/ベビーピンク/ベージュ</li>
<li class=""item_list"">メーカー</li>
<li class=""item"">Audi（アウディ）</li>
<li class=""item_list"">車種</li>
<li class=""item"">RS4アバント （B7）（アールエスフォー）</li>
<li class=""item""><img src=""http://image.rakuten.co.jp/worldmat/cabinet/foreigncar/audi-rs4avant-b7_c.jpg"" alt=""アウディ RS4アバント （B7） 2006/6～2009/7 8EBNSF"" width=""250"" height=""125"" border=""0""></li>
<li class=""item_list"">年式</li>
<li class=""item"">2006/6～2009/7</li>
<li class=""item_list"">型式</li>
<li class=""item"">8EBNSF</li>
<li class=""item_list"">ハンドル位置</li>
<li class=""item"">右ハンドル</li>
<li class=""item_list"">マット点数</li>
<li class=""item"">4点（フロント2枚、リア2枚）　<font color=""#FF0000"">アバント専用　※セダンは別型になります。</font></li>
<li class=""item_list"">ズレ止めの仕様</li>
<li class=""item"">純正に対応したストッパー<br>
<br>
（※出荷工場、左右ハンドル、購入されるマットの色柄等により変わる場合がございます。ご購入後の返品はお受けできませんので、ズレ止めの仕様にこだわりをお持ちの方は、ご購入前にお問い合わせ下さい。）</li>
<li class=""item_list"">納期</li>
<li class=""item"">3～8日以内に発送します</li>
<li class=""item_list"">ご注意事項</li>
<li class=""item_red"">フロアマットの形状は、車種以外にも、年式・型式・その他上記事項によって変わります。(画像はサンプルマットです。)<br>
商品名とその他の項目をご確認の上、ご購入ください。<br>
<br>
受注生産品のため、返品は不可ですので、ご了承くださいませ。</li>
<li class=""item"">ズレ止めの仕様など、純正品と異なる場合があります。<br>
※詳しくはご購入前に、「フロアマットに関する注意事項」をお読みくださいませ。</li>
</ul>
<ul class=""line_up"">
<li class=""line_up"">
<p class=""line_up_img""><img src=""http://image.rakuten.co.jp/worldmat/cabinet/r/f1_140.jpg"" alt=""アウディ RS4アバント （B7） 2006/6～2009/7 8EBNSF カーマット"" width=""140"" height=""140"" border=""0""></p>
<p class=""line_up_txt"">アウディ RS4アバント （B7） フロアーマット 2006/6～2009/7 8EBNSF 【ワールドF1シリーズ】<br>マットの厚み約17mm！（毛足の長さはふかふかの13mm！）<br>裏面は高級仕様のフエルトバッキング</p>
</li>
<li class=""line_up"">
<p class=""line_up_img""><img src=""http://image.rakuten.co.jp/worldmat/cabinet/r/sp1_140.jpg"" alt=""アウディ RS4アバント （B7） 2006/6～2009/7 8EBNSF カーマット"" width=""140"" height=""140"" border=""0""></p>
<p class=""line_up_txt"">アウディRS4アバント （B7） フロアーマット 2006/6～2009/7 8EBNSF 【ワールドSP1シリーズ】<br>当店最上級シリーズ☆<br>9色から選べる♪<br>ボリュームたっぷりの生地で車内がリビングルームに</p>
</li>
</ul><br>
<div align=""center"">
<img src=""https://image.rakuten.co.jp/worldmat/cabinet/kikaku/w_20170514_616.jpg"" width=""619px"" height=""190px"" alt=""【72時間限定！！新生活応援キャンペーン】 全商品10%OFFクーポン！＆送料無料！！ 開催期間：5月14日（日）10:00～5月17日（水）AM9:59まで"" border=""0""><br>
<br>
<font size=""2"" color=""red"">当店は、ディーラーや自動車メーカーのマットを制作してきた<br>
老舗のフロアマットメーカーですが、楽天でのネット通販の歴史は浅いので、<br>
レビューの数が消して多くはありません。<br>
<br>
他店のレビューが多いマットと比べても、品質の良さとコストパフォーマンスには<br>
自信を持っておりますので、どうか、皆様の評価をいただいて、<br>
多くの方に、安心してご購入いただけるようご協力お願い申し上げます。<br>
<br>
レビューの書き方はコチラ</font></div>
<br>
<br>",ZERO（ゼロ）フロアマット アウディ RS4アバント （B7） 2006/6～2009/7 8EBNSF 【パステルシリーズ】（自動車 フロアーマット カーマット）：フロアマット通販店ワールドマット,ZERO（ゼロ）フロアマット アウディ RS4アバント （B7） 2006/6～2009/7 8EBNSF 【パステルシリーズ】（自動車 フロアーマット カーマット）,10%OFFクーポン☆5/17 9:59まで ★送料無料★ 。ZERO（ゼロ）フロアマット アウディ RS4アバント （B7） 2006/6～2009/7 8EBNSF 【パステルシリーズ】（自動車 フロアーマット カーマット）[rn]
12-36874,http://tshop.r10s.jp/worldmat/cabinet/zero/pa_mt.jpg?fitin=700:700,17600.0000,,車用品・バイク用品 > カー用品 > 内装パーツ > フロアマット > アウディ用,ZERO（ゼロ）フロアマット アウディ A6（C7） 2011/8～ 4GC 【パステルシリーズ】（自動車 フロアーマット カーマット）,,"<ul class=""description"">
<li class=""item_list"">カラー</li>
<li class=""item"">【ZEROパステルシリーズ】 ココア/ネイビーブルー/クリアブルー/ホワイトアイボリー/ホワイトシルバー/ライトイエロー/クリアーピンク/キャロット/ディープパープル/クリアグリーン/ディープグリーン/ブラック/アクア/セイジ/ディープレッド/ワイン/ベビーピンク/ベージュ</li>
<li class=""item_list"">メーカー</li>
<li class=""item"">Audi（アウディ）</li>
<li class=""item_list"">車種</li>
<li class=""item"">A6（C7）（エーロク）</li>
<li class=""item""><img src=""http://image.rakuten.co.jp/worldmat/cabinet/foreigncar/audi-a6-c7_c.jpg"" alt=""アウディ A6（C7） 2011/8～ 4GC"" width=""250"" height=""125"" border=""0""></li>
<li class=""item_list"">年式</li>
<li class=""item"">2011/8～</li>
<li class=""item_list"">型式</li>
<li class=""item"">4GC</li>
<li class=""item_list"">ハンドル位置</li>
<li class=""item"">左右ハンドル</li>
<li class=""item_list"">マット点数</li>
<li class=""item"">5点（フロント2枚、リア3枚）</li>
<li class=""item_list"">ズレ止めの仕様</li>
<li class=""item"">純正に対応したストッパー<br>
<br>
（※出荷工場、左右ハンドル、購入されるマットの色柄等により変わる場合がございます。ご購入後の返品はお受けできませんので、ズレ止めの仕様にこだわりをお持ちの方は、ご購入前にお問い合わせ下さい。）</li>
<li class=""item_list"">納期</li>
<li class=""item"">3～8日以内に発送します</li>
<li class=""item_list"">ご注意事項</li>
<li class=""item_red"">フロアマットの形状は、車種以外にも、年式・型式・その他上記事項によって変わります。(画像はサンプルマットです。)<br>
商品名とその他の項目をご確認の上、ご購入ください。<br>
<br>
受注生産品のため、返品は不可ですので、ご了承くださいませ。</li>
<li class=""item"">ズレ止めの仕様など、純正品と異なる場合があります。<br>
※詳しくはご購入前に、「フロアマットに関する注意事項」をお読みくださいませ。</li>
</ul>
<ul class=""line_up"">
<li class=""line_up"">
<p class=""line_up_img""><img src=""http://image.rakuten.co.jp/worldmat/cabinet/r/f1_140.jpg"" alt=""アウディ A6（C7） 2011/8～ 4GC カーマット"" width=""140"" height=""140"" border=""0""></p>
<p class=""line_up_txt"">アウディ A6（C7） フロアーマット 2011/8～ 4GC 【ワールドF1シリーズ】<br>マットの厚み約17mm！（毛足の長さはふかふかの13mm！）<br>裏面は高級仕様のフエルトバッキング</p>
</li>
<li class=""line_up"">
<p class=""line_up_img""><img src=""http://image.rakuten.co.jp/worldmat/cabinet/r/sp1_140.jpg"" alt=""アウディ A6（C7） 2011/8～ 4GC カーマット"" width=""140"" height=""140"" border=""0""></p>
<p class=""line_up_txt"">アウディA6（C7） フロアーマット 2011/8～ 4GC 【ワールドSP1シリーズ】<br>当店最上級シリーズ☆<br>9色から選べる♪<br>ボリュームたっぷりの生地で車内がリビングルームに</p>
</li>
</ul><br>
<div align=""center"">
<img src=""https://image.rakuten.co.jp/worldmat/cabinet/kikaku/w_20170514_616.jpg"" width=""619px"" height=""190px"" alt=""【72時間限定！！新生活応援キャンペーン】 全商品10%OFFクーポン！＆送料無料！！ 開催期間：5月14日（日）10:00～5月17日（水）AM9:59まで"" border=""0""><br>
<br>
<font size=""2"" color=""red"">当店は、ディーラーや自動車メーカーのマットを制作してきた<br>
老舗のフロアマットメーカーですが、楽天でのネット通販の歴史は浅いので、<br>
レビューの数が消して多くはありません。<br>
<br>
他店のレビューが多いマットと比べても、品質の良さとコストパフォーマンスには<br>
自信を持っておりますので、どうか、皆様の評価をいただいて、<br>
多くの方に、安心してご購入いただけるようご協力お願い申し上げます。<br>
<br>
レビューの書き方はコチラ</font></div>
<br>
<br>",ZERO（ゼロ）フロアマット アウディ A6（C7） 2011/8～ 4GC 【パステルシリーズ】（自動車 フロアーマット カーマット）：フロアマット通販店ワールドマット,ZERO（ゼロ）フロアマット アウディ A6（C7） 2011/8～ 4GC 【パステルシリーズ】（自動車 フロアーマット カーマット）,10%OFFクーポン☆5/17 9:59まで ★送料無料★ 。ZERO（ゼロ）フロアマット アウディ A6（C7） 2011/8～ 4GC 【パステルシリーズ】（自動車 フロアーマット カーマット）[rn]
12-36875,http://tshop.r10s.jp/worldmat/cabinet/zero/pa_mt.jpg?fitin=700:700,20000.0000,,車用品・バイク用品 > カー用品 > 内装パーツ > フロアマット > アウディ用,ZERO（ゼロ）フロアマット アウディ S8（D3） 2006/6～2010/12 4EBSMF 【パステルシリーズ】（自動車 フロアーマット カーマット）,,"<ul class=""description"">
<li class=""item_list"">カラー</li>
<li class=""item"">【ZEROパステルシリーズ】 ココア/ネイビーブルー/クリアブルー/ホワイトアイボリー/ホワイトシルバー/ライトイエロー/クリアーピンク/キャロット/ディープパープル/クリアグリーン/ディープグリーン/ブラック/アクア/セイジ/ディープレッド/ワイン/ベビーピンク/ベージュ</li>
<li class=""item_list"">メーカー</li>
<li class=""item"">Audi（アウディ）</li>
<li class=""item_list"">車種</li>
<li class=""item"">S8（D3）（エスエイト）</li>
<li class=""item""><img src=""http://image.rakuten.co.jp/worldmat/cabinet/foreigncar/audi-s8_c.jpg"" alt=""アウディ S8（D3） 2006/6～2010/12 4EBSMF"" width=""250"" height=""125"" border=""0""></li>
<li class=""item_list"">年式</li>
<li class=""item"">2006/6～2010/12</li>
<li class=""item_list"">型式</li>
<li class=""item"">4EBSMF</li>
<li class=""item_list"">ハンドル位置</li>
<li class=""item"">左右ハンドル</li>
<li class=""item_list"">マット点数</li>
<li class=""item"">4点</li>
<li class=""item_list"">ズレ止めの仕様</li>
<li class=""item"">純正に対応したストッパー<br>
<br>
（※出荷工場、左右ハンドル、購入されるマットの色柄等により変わる場合がございます。ご購入後の返品はお受けできませんので、ズレ止めの仕様にこだわりをお持ちの方は、ご購入前にお問い合わせ下さい。）</li>
<li class=""item_list"">納期</li>
<li class=""item"">3～8日以内に発送します</li>
<li class=""item_list"">ご注意事項</li>
<li class=""item_red"">フロアマットの形状は、車種以外にも、年式・型式・その他上記事項によって変わります。(画像はサンプルマットです。)<br>
商品名とその他の項目をご確認の上、ご購入ください。<br>
<br>
受注生産品のため、返品は不可ですので、ご了承くださいませ。</li>
<li class=""item"">ズレ止めの仕様など、純正品と異なる場合があります。<br>
※詳しくはご購入前に、「フロアマットに関する注意事項」をお読みくださいませ。</li>
</ul>
<ul class=""line_up"">
<li class=""line_up"">
<p class=""line_up_img""><img src=""http://image.rakuten.co.jp/worldmat/cabinet/r/f1_140.jpg"" alt=""アウディ S8（D3） 2006/6～2010/12 4EBSMF カーマット"" width=""140"" height=""140"" border=""0""></p>
<p class=""line_up_txt"">アウディ S8（D3） フロアーマット 2006/6～2010/12 4EBSMF 【ワールドF1シリーズ】<br>マットの厚み約17mm！（毛足の長さはふかふかの13mm！）<br>裏面は高級仕様のフエルトバッキング</p>
</li>
<li class=""line_up"">
<p class=""line_up_img""><img src=""http://image.rakuten.co.jp/worldmat/cabinet/r/sp1_140.jpg"" alt=""アウディ S8（D3） 2006/6～2010/12 4EBSMF カーマット"" width=""140"" height=""140"" border=""0""></p>
<p class=""line_up_txt"">アウディS8（D3） フロアーマット 2006/6～2010/12 4EBSMF 【ワールドSP1シリーズ】<br>当店最上級シリーズ☆<br>9色から選べる♪<br>ボリュームたっぷりの生地で車内がリビングルームに</p>
</li>
</ul><br>
<div align=""center"">
<img src=""https://image.rakuten.co.jp/worldmat/cabinet/kikaku/w_20170514_616.jpg"" width=""619px"" height=""190px"" alt=""【72時間限定！！新生活応援キャンペーン】 全商品10%OFFクーポン！＆送料無料！！ 開催期間：5月14日（日）10:00～5月17日（水）AM9:59まで"" border=""0""><br>
<br>
<font size=""2"" color=""red"">当店は、ディーラーや自動車メーカーのマットを制作してきた<br>
老舗のフロアマットメーカーですが、楽天でのネット通販の歴史は浅いので、<br>
レビューの数が消して多くはありません。<br>
<br>
他店のレビューが多いマットと比べても、品質の良さとコストパフォーマンスには<br>
自信を持っておりますので、どうか、皆様の評価をいただいて、<br>
多くの方に、安心してご購入いただけるようご協力お願い申し上げます。<br>
<br>
レビューの書き方はコチラ</font></div>
<br>
<br>",ZERO（ゼロ）フロアマット アウディ S8（D3） 2006/6～2010/12 4EBSMF 【パステルシリーズ】（自動車 フロアーマット カーマット）：フロアマット通販店ワールドマット,ZERO（ゼロ）フロアマット アウディ S8（D3） 2006/6～2010/12 4EBSMF 【パステルシリーズ】（自動車 フロアーマット カーマット）,10%OFFクーポン☆5/17 9:59まで ★送料無料★ 。ZERO（ゼロ）フロアマット アウディ S8（D3） 2006/6～2010/12 4EBSMF 【パステルシリーズ】（自動車 フロアーマット カーマット）[rn]
12-36876,http://tshop.r10s.jp/worldmat/cabinet/zero/pa_mt.jpg?fitin=700:700,17600.0000,,車用品・バイク用品 > カー用品 > 内装パーツ > フロアマット > アウディ用,ZERO（ゼロ）フロアマット アウディ A5 スポーツバック 2010/1～ 8TCDNL 【パステルシリーズ】（自動車 フロアーマット カーマット）,,"<ul class=""description"">
<li class=""item_list"">カラー</li>
<li class=""item"">【ZEROパステルシリーズ】 ココア/ネイビーブルー/クリアブルー/ホワイトアイボリー/ホワイトシルバー/ライトイエロー/クリアーピンク/キャロット/ディープパープル/クリアグリーン/ディープグリーン/ブラック/アクア/セイジ/ディープレッド/ワイン/ベビーピンク/ベージュ</li>
<li class=""item_list"">メーカー</li>
<li class=""item"">Audi（アウディ）</li>
<li class=""item_list"">車種</li>
<li class=""item"">A5 スポーツバック（エーゴ）</li>
<li class=""item""><img src=""http://image.rakuten.co.jp/worldmat/cabinet/foreigncar/audi-a5-sportback_c.jpg"" alt=""アウディ A5 スポーツバック 2010/1～ 8TCDNL"" width=""250"" height=""125"" border=""0""></li>
<li class=""item_list"">年式</li>
<li class=""item"">2010/1～</li>
<li class=""item_list"">型式</li>
<li class=""item"">8TCDNL</li>
<li class=""item_list"">ハンドル位置</li>
<li class=""item"">右ハンドル</li>
<li class=""item_list"">マット点数</li>
<li class=""item"">5点</li>
<li class=""item_list"">ズレ止めの仕様</li>
<li class=""item"">純正に対応したストッパー<br>
<br>
（※出荷工場、左右ハンドル、購入されるマットの色柄等により変わる場合がございます。ご購入後の返品はお受けできませんので、ズレ止めの仕様にこだわりをお持ちの方は、ご購入前にお問い合わせ下さい。）</li>
<li class=""item_list"">納期</li>
<li class=""item"">3～8日以内に発送します</li>
<li class=""item_list"">ご注意事項</li>
<li class=""item_red"">フロアマットの形状は、車種以外にも、年式・型式・その他上記事項によって変わります。(画像はサンプルマットです。)<br>
商品名とその他の項目をご確認の上、ご購入ください。<br>
<br>
受注生産品のため、返品は不可ですので、ご了承くださいませ。</li>
<li class=""item"">ズレ止めの仕様など、純正品と異なる場合があります。<br>
※詳しくはご購入前に、「フロアマットに関する注意事項」をお読みくださいませ。</li>
</ul>
<ul class=""line_up"">
<li class=""line_up"">
<p class=""line_up_img""><img src=""http://image.rakuten.co.jp/worldmat/cabinet/r/f1_140.jpg"" alt=""アウディ A5 スポーツバック 2010/1～ 8TCDNL カーマット"" width=""140"" height=""140"" border=""0""></p>
<p class=""line_up_txt"">アウディ A5 スポーツバック フロアーマット 2010/1～ 8TCDNL 【ワールドF1シリーズ】<br>マットの厚み約17mm！（毛足の長さはふかふかの13mm！）<br>裏面は高級仕様のフエルトバッキング</p>
</li>
<li class=""line_up"">
<p class=""line_up_img""><img src=""http://image.rakuten.co.jp/worldmat/cabinet/r/sp1_140.jpg"" alt=""アウディ A5 スポーツバック 2010/1～ 8TCDNL カーマット"" width=""140"" height=""140"" border=""0""></p>
<p class=""line_up_txt"">アウディA5 スポーツバック フロアーマット 2010/1～ 8TCDNL 【ワールドSP1シリーズ】<br>当店最上級シリーズ☆<br>9色から選べる♪<br>ボリュームたっぷりの生地で車内がリビングルームに</p>
</li>
</ul><br>
<div align=""center"">
<img src=""https://image.rakuten.co.jp/worldmat/cabinet/kikaku/w_20170514_616.jpg"" width=""619px"" height=""190px"" alt=""【72時間限定！！新生活応援キャンペーン】 全商品10%OFFクーポン！＆送料無料！！ 開催期間：5月14日（日）10:00～5月17日（水）AM9:59まで"" border=""0""><br>
<br>
<font size=""2"" color=""red"">当店は、ディーラーや自動車メーカーのマットを制作してきた<br>
老舗のフロアマットメーカーですが、楽天でのネット通販の歴史は浅いので、<br>
レビューの数が消して多くはありません。<br>
<br>
他店のレビューが多いマットと比べても、品質の良さとコストパフォーマンスには<br>
自信を持っておりますので、どうか、皆様の評価をいただいて、<br>
多くの方に、安心してご購入いただけるようご協力お願い申し上げます。<br>
<br>
レビューの書き方はコチラ</font></div>
<br>
<br>",ZERO（ゼロ）フロアマット アウディ A5 スポーツバック 2010/1～ 8TCDNL 【パステルシリーズ】（自動車 フロアーマット カーマット）：フロアマット通販店ワールドマット,ZERO（ゼロ）フロアマット アウディ A5 スポーツバック 2010/1～ 8TCDNL 【パステルシリーズ】（自動車 フロアーマット カーマット）,10%OFFクーポン☆5/17 9:59まで ★送料無料★ 。ZERO（ゼロ）フロアマット アウディ A5 スポーツバック 2010/1～ 8TCDNL 【パステルシリーズ】（自動車 フロアーマット カーマット）[rn]
12-36877,http://tshop.r10s.jp/worldmat/cabinet/zero/pa_mt.jpg?fitin=700:700,17600.0000,,車用品・バイク用品 > カー用品 > 内装パーツ > フロアマット > アウディ用,ZERO（ゼロ）フロアマット アウディ A7 スポーツバッグ 2011/5～ 4GCGWC 【パステルシリーズ】（自動車 フロアーマット カーマット）,,"<ul class=""description"">
<li class=""item_list"">カラー</li>
<li class=""item"">【ZEROパステルシリーズ】 ココア/ネイビーブルー/クリアブルー/ホワイトアイボリー/ホワイトシルバー/ライトイエロー/クリアーピンク/キャロット/ディープパープル/クリアグリーン/ディープグリーン/ブラック/アクア/セイジ/ディープレッド/ワイン/ベビーピンク/ベージュ</li>
<li class=""item_list"">メーカー</li>
<li class=""item"">Audi（アウディ）</li>
<li class=""item_list"">車種</li>
<li class=""item"">A7 スポーツバッグ（エーセブン）</li>
<li class=""item""><img src=""http://image.rakuten.co.jp/worldmat/cabinet/foreigncar/audi-a7-sportback_c.jpg"" alt=""アウディ A7 スポーツバッグ 2011/5～ 4GCGWC"" width=""250"" height=""125"" border=""0""></li>
<li class=""item_list"">年式</li>
<li class=""item"">2011/5～</li>
<li class=""item_list"">型式</li>
<li class=""item"">4GCGWC</li>
<li class=""item_list"">ハンドル位置</li>
<li class=""item"">右ハンドル</li>
<li class=""item_list"">マット点数</li>
<li class=""item"">5点</li>
<li class=""item_list"">ズレ止めの仕様</li>
<li class=""item"">純正に対応したストッパー<br>
<br>
（※出荷工場、左右ハンドル、購入されるマットの色柄等により変わる場合がございます。ご購入後の返品はお受けできませんので、ズレ止めの仕様にこだわりをお持ちの方は、ご購入前にお問い合わせ下さい。）</li>
<li class=""item_list"">納期</li>
<li class=""item"">3～8日以内に発送します</li>
<li class=""item_list"">ご注意事項</li>
<li class=""item_red"">フロアマットの形状は、車種以外にも、年式・型式・その他上記事項によって変わります。(画像はサンプルマットです。)<br>
商品名とその他の項目をご確認の上、ご購入ください。<br>
<br>
受注生産品のため、返品は不可ですので、ご了承くださいませ。</li>
<li class=""item"">ズレ止めの仕様など、純正品と異なる場合があります。<br>
※詳しくはご購入前に、「フロアマットに関する注意事項」をお読みくださいませ。</li>
</ul>
<ul class=""line_up"">
<li class=""line_up"">
<p class=""line_up_img""><img src=""http://image.rakuten.co.jp/worldmat/cabinet/r/f1_140.jpg"" alt=""アウディ A7 スポーツバッグ 2011/5～ 4GCGWC カーマット"" width=""140"" height=""140"" border=""0""></p>
<p class=""line_up_txt"">アウディ A7 スポーツバッグ フロアーマット 2011/5～ 4GCGWC 【ワールドF1シリーズ】<br>マットの厚み約17mm！（毛足の長さはふかふかの13mm！）<br>裏面は高級仕様のフエルトバッキング</p>
</li>
<li class=""line_up"">
<p class=""line_up_img""><img src=""http://image.rakuten.co.jp/worldmat/cabinet/r/sp1_140.jpg"" alt=""アウディ A7 スポーツバッグ 2011/5～ 4GCGWC カーマット"" width=""140"" height=""140"" border=""0""></p>
<p class=""line_up_txt"">アウディA7 スポーツバッグ フロアーマット 2011/5～ 4GCGWC 【ワールドSP1シリーズ】<br>当店最上級シリーズ☆<br>9色から選べる♪<br>ボリュームたっぷりの生地で車内がリビングルームに</p>
</li>
</ul><br>
<div align=""center"">
<img src=""https://image.rakuten.co.jp/worldmat/cabinet/kikaku/w_20170514_616.jpg"" width=""619px"" height=""190px"" alt=""【72時間限定！！新生活応援キャンペーン】 全商品10%OFFクーポン！＆送料無料！！ 開催期間：5月14日（日）10:00～5月17日（水）AM9:59まで"" border=""0""><br>
<br>
<font size=""2"" color=""red"">当店は、ディーラーや自動車メーカーのマットを制作してきた<br>
老舗のフロアマットメーカーですが、楽天でのネット通販の歴史は浅いので、<br>
レビューの数が消して多くはありません。<br>
<br>
他店のレビューが多いマットと比べても、品質の良さとコストパフォーマンスには<br>
自信を持っておりますので、どうか、皆様の評価をいただいて、<br>
多くの方に、安心してご購入いただけるようご協力お願い申し上げます。<br>
<br>
レビューの書き方はコチラ</font></div>
<br>
<br>",ZERO（ゼロ）フロアマット アウディ A7 スポーツバッグ 2011/5～ 4GCGWC 【パステルシリーズ】（自動車 フロアーマット カーマット）：フロアマット通販店ワールドマット,ZERO（ゼロ）フロアマット アウディ A7 スポーツバッグ 2011/5～ 4GCGWC 【パステルシリーズ】（自動車 フロアーマット カーマット）,10%OFFクーポン☆5/17 9:59まで ★送料無料★ 。ZERO（ゼロ）フロアマット アウディ A7 スポーツバッグ 2011/5～ 4GCGWC 【パステルシリーズ】（自動車 フロアーマット カーマット）[rn]
12-36878,http://tshop.r10s.jp/worldmat/cabinet/zero/pa_mt.jpg?fitin=700:700,17600.0000,,車用品・バイク用品 > カー用品 > 内装パーツ > フロアマット > アウディ用,ZERO（ゼロ）フロアマット アウディ RS4アバント （B8） 2013/4～ 8KCFSF 【パステルシリーズ】（自動車 フロアーマット カーマット）,,"<ul class=""description"">
<li class=""item_list"">カラー</li>
<li class=""item"">【ZEROパステルシリーズ】 ココア/ネイビーブルー/クリアブルー/ホワイトアイボリー/ホワイトシルバー/ライトイエロー/クリアーピンク/キャロット/ディープパープル/クリアグリーン/ディープグリーン/ブラック/アクア/セイジ/ディープレッド/ワイン/ベビーピンク/ベージュ</li>
<li class=""item_list"">メーカー</li>
<li class=""item"">Audi（アウディ）</li>
<li class=""item_list"">車種</li>
<li class=""item"">RS4アバント （B8）（アールエスフォー）</li>
<li class=""item""><img src=""http://image.rakuten.co.jp/worldmat/cabinet/foreigncar/audi-rs4avant-b8_c.jpg"" alt=""アウディ RS4アバント （B8） 2013/4～ 8KCFSF"" width=""250"" height=""125"" border=""0""></li>
<li class=""item_list"">年式</li>
<li class=""item"">2013/4～</li>
<li class=""item_list"">型式</li>
<li class=""item"">8KCFSF</li>
<li class=""item_list"">ハンドル位置</li>
<li class=""item"">左右ハンドル</li>
<li class=""item_list"">マット点数</li>
<li class=""item"">5点（フロント2枚、リア3枚）　<font color=""#FF0000"">アバント専用</font></li>
<li class=""item_list"">ズレ止めの仕様</li>
<li class=""item"">純正に対応したストッパー<br>
<br>
（※出荷工場、左右ハンドル、購入されるマットの色柄等により変わる場合がございます。ご購入後の返品はお受けできませんので、ズレ止めの仕様にこだわりをお持ちの方は、ご購入前にお問い合わせ下さい。）</li>
<li class=""item_list"">納期</li>
<li class=""item"">3～8日以内に発送します</li>
<li class=""item_list"">ご注意事項</li>
<li class=""item_red"">フロアマットの形状は、車種以外にも、年式・型式・その他上記事項によって変わります。(画像はサンプルマットです。)<br>
商品名とその他の項目をご確認の上、ご購入ください。<br>
<br>
受注生産品のため、返品は不可ですので、ご了承くださいませ。</li>
<li class=""item"">ズレ止めの仕様など、純正品と異なる場合があります。<br>
※詳しくはご購入前に、「フロアマットに関する注意事項」をお読みくださいませ。</li>
</ul>
<ul class=""line_up"">
<li class=""line_up"">
<p class=""line_up_img""><img src=""http://image.rakuten.co.jp/worldmat/cabinet/r/f1_140.jpg"" alt=""アウディ RS4アバント （B8） 2013/4～ 8KCFSF カーマット"" width=""140"" height=""140"" border=""0""></p>
<p class=""line_up_txt"">アウディ RS4アバント （B8） フロアーマット 2013/4～ 8KCFSF 【ワールドF1シリーズ】<br>マットの厚み約17mm！（毛足の長さはふかふかの13mm！）<br>裏面は高級仕様のフエルトバッキング</p>
</li>
<li class=""line_up"">
<p class=""line_up_img""><img src=""http://image.rakuten.co.jp/worldmat/cabinet/r/sp1_140.jpg"" alt=""アウディ RS4アバント （B8） 2013/4～ 8KCFSF カーマット"" width=""140"" height=""140"" border=""0""></p>
<p class=""line_up_txt"">アウディRS4アバント （B8） フロアーマット 2013/4～ 8KCFSF 【ワールドSP1シリーズ】<br>当店最上級シリーズ☆<br>9色から選べる♪<br>ボリュームたっぷりの生地で車内がリビングルームに</p>
</li>
</ul><br>
<div align=""center"">
<img src=""https://image.rakuten.co.jp/worldmat/cabinet/kikaku/w_20170514_616.jpg"" width=""619px"" height=""190px"" alt=""【72時間限定！！新生活応援キャンペーン】 全商品10%OFFクーポン！＆送料無料！！ 開催期間：5月14日（日）10:00～5月17日（水）AM9:59まで"" border=""0""><br>
<br>
<font size=""2"" color=""red"">当店は、ディーラーや自動車メーカーのマットを制作してきた<br>
老舗のフロアマットメーカーですが、楽天でのネット通販の歴史は浅いので、<br>
レビューの数が消して多くはありません。<br>
<br>
他店のレビューが多いマットと比べても、品質の良さとコストパフォーマンスには<br>
自信を持っておりますので、どうか、皆様の評価をいただいて、<br>
多くの方に、安心してご購入いただけるようご協力お願い申し上げます。<br>
<br>
レビューの書き方はコチラ</font></div>
<br>
<br>",ZERO（ゼロ）フロアマット アウディ RS4アバント （B8） 2013/4～ 8KCFSF 【パステルシリーズ】（自動車 フロアーマット カーマット）：フロアマット通販店ワールドマット,ZERO（ゼロ）フロアマット アウディ RS4アバント （B8） 2013/4～ 8KCFSF 【パステルシリーズ】（自動車 フロアーマット カーマット）,10%OFFクーポン☆5/17 9:59まで ★送料無料★ 。ZERO（ゼロ）フロアマット アウディ RS4アバント （B8） 2013/4～ 8KCFSF 【パステルシリーズ】（自動車 フロアーマット カーマット）[rn]
12-36879,http://tshop.r10s.jp/worldmat/cabinet/zero/pa_mt.jpg?fitin=700:700,20000.0000,,車用品・バイク用品 > カー用品 > 内装パーツ > フロアマット > アウディ用,ZERO（ゼロ）フロアマット アウディ A8（D3） 2003/10～2010/12 4EB 【パステルシリーズ】（自動車 フロアーマット カーマット）,,"<ul class=""description"">
<li class=""item_list"">カラー</li>
<li class=""item"">【ZEROパステルシリーズ】 ココア/ネイビーブルー/クリアブルー/ホワイトアイボリー/ホワイトシルバー/ライトイエロー/クリアーピンク/キャロット/ディープパープル/クリアグリーン/ディープグリーン/ブラック/アクア/セイジ/ディープレッド/ワイン/ベビーピンク/ベージュ</li>
<li class=""item_list"">メーカー</li>
<li class=""item"">Audi（アウディ）</li>
<li class=""item_list"">車種</li>
<li class=""item"">A8（D3）（エーハチ）</li>
<li class=""item""><img src=""http://image.rakuten.co.jp/worldmat/cabinet/foreigncar/audi-a8-d3_c.jpg"" alt=""アウディ A8（D3） 2003/10～2010/12 4EB"" width=""250"" height=""125"" border=""0""></li>
<li class=""item_list"">年式</li>
<li class=""item"">2003/10～2010/12</li>
<li class=""item_list"">型式</li>
<li class=""item"">4EB</li>
<li class=""item_list"">ハンドル位置</li>
<li class=""item"">左右ハンドル</li>
<li class=""item_list"">マット点数</li>
<li class=""item"">4点　<font color=""#FF0000"">※ロングボディーは別型になります。</font></li>
<li class=""item_list"">ズレ止めの仕様</li>
<li class=""item"">純正に対応したストッパー<br>
<br>
（※出荷工場、左右ハンドル、購入されるマットの色柄等により変わる場合がございます。ご購入後の返品はお受けできませんので、ズレ止めの仕様にこだわりをお持ちの方は、ご購入前にお問い合わせ下さい。）</li>
<li class=""item_list"">納期</li>
<li class=""item"">3～8日以内に発送します</li>
<li class=""item_list"">ご注意事項</li>
<li class=""item_red"">フロアマットの形状は、車種以外にも、年式・型式・その他上記事項によって変わります。(画像はサンプルマットです。)<br>
商品名とその他の項目をご確認の上、ご購入ください。<br>
<br>
受注生産品のため、返品は不可ですので、ご了承くださいませ。</li>
<li class=""item"">ズレ止めの仕様など、純正品と異なる場合があります。<br>
※詳しくはご購入前に、「フロアマットに関する注意事項」をお読みくださいませ。</li>
</ul>
<ul class=""line_up"">
<li class=""line_up"">
<p class=""line_up_img""><img src=""http://image.rakuten.co.jp/worldmat/cabinet/r/f1_140.jpg"" alt=""アウディ A8（D3） 2003/10～2010/12 4EB カーマット"" width=""140"" height=""140"" border=""0""></p>
<p class=""line_up_txt"">アウディ A8（D3） フロアーマット 2003/10～2010/12 4EB 【ワールドF1シリーズ】<br>マットの厚み約17mm！（毛足の長さはふかふかの13mm！）<br>裏面は高級仕様のフエルトバッキング</p>
</li>
<li class=""line_up"">
<p class=""line_up_img""><img src=""http://image.rakuten.co.jp/worldmat/cabinet/r/sp1_140.jpg"" alt=""アウディ A8（D3） 2003/10～2010/12 4EB カーマット"" width=""140"" height=""140"" border=""0""></p>
<p class=""line_up_txt"">アウディA8（D3） フロアーマット 2003/10～2010/12 4EB 【ワールドSP1シリーズ】<br>当店最上級シリーズ☆<br>9色から選べる♪<br>ボリュームたっぷりの生地で車内がリビングルームに</p>
</li>
</ul><br>
<div align=""center"">
<img src=""https://image.rakuten.co.jp/worldmat/cabinet/kikaku/w_20170514_616.jpg"" width=""619px"" height=""190px"" alt=""【72時間限定！！新生活応援キャンペーン】 全商品10%OFFクーポン！＆送料無料！！ 開催期間：5月14日（日）10:00～5月17日（水）AM9:59まで"" border=""0""><br>
<br>
<font size=""2"" color=""red"">当店は、ディーラーや自動車メーカーのマットを制作してきた<br>
老舗のフロアマットメーカーですが、楽天でのネット通販の歴史は浅いので、<br>
レビューの数が消して多くはありません。<br>
<br>
他店のレビューが多いマットと比べても、品質の良さとコストパフォーマンスには<br>
自信を持っておりますので、どうか、皆様の評価をいただいて、<br>
多くの方に、安心してご購入いただけるようご協力お願い申し上げます。<br>
<br>
レビューの書き方はコチラ</font></div>
<br>
<br>",ZERO（ゼロ）フロアマット アウディ A8（D3） 2003/10～2010/12 4EB 【パステルシリーズ】（自動車 フロアーマット カーマット）：フロアマット通販店ワールドマット,ZERO（ゼロ）フロアマット アウディ A8（D3） 2003/10～2010/12 4EB 【パステルシリーズ】（自動車 フロアーマット カーマット）,10%OFFクーポン☆5/17 9:59まで ★送料無料★ 。ZERO（ゼロ）フロアマット アウディ A8（D3） 2003/10～2010/12 4EB 【パステルシリーズ】（自動車 フロアーマット カーマット）[rn]
12-36880,http://tshop.r10s.jp/worldmat/cabinet/zero/pa_mt.jpg?fitin=700:700,22400.0000,,車用品・バイク用品 > カー用品 > 内装パーツ > フロアマット > アウディ用,ZERO（ゼロ）フロアマット アウディ Q7（7L） 【7人乗り】 2006/10～ 4L# 【パステルシリーズ】（自動車 フロアーマット カーマット）,,"<ul class=""description"">
<li class=""item_list"">カラー</li>
<li class=""item"">【ZEROパステルシリーズ】 ココア/ネイビーブルー/クリアブルー/ホワイトアイボリー/ホワイトシルバー/ライトイエロー/クリアーピンク/キャロット/ディープパープル/クリアグリーン/ディープグリーン/ブラック/アクア/セイジ/ディープレッド/ワイン/ベビーピンク/ベージュ</li>
<li class=""item_list"">メーカー</li>
<li class=""item"">Audi（アウディ）</li>
<li class=""item_list"">車種</li>
<li class=""item"">Q7（7L） 【7人乗り】（キューセブン）</li>
<li class=""item""><img src=""http://image.rakuten.co.jp/worldmat/cabinet/foreigncar/audi-q7-7l-7_c.jpg"" alt=""アウディ Q7（7L） 【7人乗り】 2006/10～ 4L#"" width=""250"" height=""125"" border=""0""></li>
<li class=""item_list"">年式</li>
<li class=""item"">2006/10～</li>
<li class=""item_list"">型式</li>
<li class=""item"">4L#</li>
<li class=""item_list"">ハンドル位置</li>
<li class=""item"">左右ハンドル</li>
<li class=""item_list"">マット点数</li>
<li class=""item"">5点（フロント2枚、リア2枚、3列目1枚）</li>
<li class=""item_list"">ズレ止めの仕様</li>
<li class=""item"">純正に対応したストッパー<br>
<br>
（※出荷工場、左右ハンドル、購入されるマットの色柄等により変わる場合がございます。ご購入後の返品はお受けできませんので、ズレ止めの仕様にこだわりをお持ちの方は、ご購入前にお問い合わせ下さい。）</li>
<li class=""item_list"">納期</li>
<li class=""item"">3～8日以内に発送します</li>
<li class=""item_list"">ご注意事項</li>
<li class=""item_red"">フロアマットの形状は、車種以外にも、年式・型式・その他上記事項によって変わります。(画像はサンプルマットです。)<br>
商品名とその他の項目をご確認の上、ご購入ください。<br>
<br>
受注生産品のため、返品は不可ですので、ご了承くださいませ。</li>
<li class=""item"">ズレ止めの仕様など、純正品と異なる場合があります。<br>
※詳しくはご購入前に、「フロアマットに関する注意事項」をお読みくださいませ。</li>
</ul>
<ul class=""line_up"">
<li class=""line_up"">
<p class=""line_up_img""><img src=""http://image.rakuten.co.jp/worldmat/cabinet/r/f1_140.jpg"" alt=""アウディ Q7（7L） 【7人乗り】 2006/10～ 4L# カーマット"" width=""140"" height=""140"" border=""0""></p>
<p class=""line_up_txt"">アウディ Q7（7L） 【7人乗り】 フロアーマット 2006/10～ 4L# 【ワールドF1シリーズ】<br>マットの厚み約17mm！（毛足の長さはふかふかの13mm！）<br>裏面は高級仕様のフエルトバッキング</p>
</li>
<li class=""line_up"">
<p class=""line_up_img""><img src=""http://image.rakuten.co.jp/worldmat/cabinet/r/sp1_140.jpg"" alt=""アウディ Q7（7L） 【7人乗り】 2006/10～ 4L# カーマット"" width=""140"" height=""140"" border=""0""></p>
<p class=""line_up_txt"">アウディQ7（7L） 【7人乗り】 フロアーマット 2006/10～ 4L# 【ワールドSP1シリーズ】<br>当店最上級シリーズ☆<br>9色から選べる♪<br>ボリュームたっぷりの生地で車内がリビングルームに</p>
</li>
</ul><br>
<div align=""center"">
<img src=""https://image.rakuten.co.jp/worldmat/cabinet/kikaku/w_20170514_616.jpg"" width=""619px"" height=""190px"" alt=""【72時間限定！！新生活応援キャンペーン】 全商品10%OFFクーポン！＆送料無料！！ 開催期間：5月14日（日）10:00～5月17日（水）AM9:59まで"" border=""0""><br>
<br>
<font size=""2"" color=""red"">当店は、ディーラーや自動車メーカーのマットを制作してきた<br>
老舗のフロアマットメーカーですが、楽天でのネット通販の歴史は浅いので、<br>
レビューの数が消して多くはありません。<br>
<br>
他店のレビューが多いマットと比べても、品質の良さとコストパフォーマンスには<br>
自信を持っておりますので、どうか、皆様の評価をいただいて、<br>
多くの方に、安心してご購入いただけるようご協力お願い申し上げます。<br>
<br>
レビューの書き方はコチラ</font></div>
<br>
<br>",ZERO（ゼロ）フロアマット アウディ Q7（7L） 【7人乗り】 2006/10～ 4L# 【パステルシリーズ】（自動車 フロアーマット カーマット）：フロアマット通販店ワールドマット,ZERO（ゼロ）フロアマット アウディ Q7（7L） 【7人乗り】 2006/10～ 4L# 【パステルシリーズ】（自動車 フロアーマット カーマット）,10%OFFクーポン☆5/17 9:59まで ★送料無料★ 。ZERO（ゼロ）フロアマット アウディ Q7（7L） 【7人乗り】 2006/10～ 4L# 【パステルシリーズ】（自動車 フロアーマット カーマット）[rn]
12-36881,http://tshop.r10s.jp/worldmat/cabinet/zero/pa_mt.jpg?fitin=700:700,17600.0000,,車用品・バイク用品 > カー用品 > 内装パーツ > フロアマット > アウディ用,ZERO（ゼロ）フロアマット アウディ S6（C6） 2006/6～2010/8 4FBXAS 【パステルシリーズ】（自動車 フロアーマット カーマット）,,"<ul class=""description"">
<li class=""item_list"">カラー</li>
<li class=""item"">【ZEROパステルシリーズ】 ココア/ネイビーブルー/クリアブルー/ホワイトアイボリー/ホワイトシルバー/ライトイエロー/クリアーピンク/キャロット/ディープパープル/クリアグリーン/ディープグリーン/ブラック/アクア/セイジ/ディープレッド/ワイン/ベビーピンク/ベージュ</li>
<li class=""item_list"">メーカー</li>
<li class=""item"">Audi（アウディ）</li>
<li class=""item_list"">車種</li>
<li class=""item"">S6（C6）（エスロク）</li>
<li class=""item""><img src=""http://image.rakuten.co.jp/worldmat/cabinet/foreigncar/audi-s6-c6_c.jpg"" alt=""アウディ S6（C6） 2006/6～2010/8 4FBXAS"" width=""250"" height=""125"" border=""0""></li>
<li class=""item_list"">年式</li>
<li class=""item"">2006/6～2010/8</li>
<li class=""item_list"">型式</li>
<li class=""item"">4FBXAS</li>
<li class=""item_list"">ハンドル位置</li>
<li class=""item"">左右ハンドル</li>
<li class=""item_list"">マット点数</li>
<li class=""item"">4点（フロント2枚、リア2枚）</li>
<li class=""item_list"">ズレ止めの仕様</li>
<li class=""item"">純正に対応したストッパー<br>
<br>
（※出荷工場、左右ハンドル、購入されるマットの色柄等により変わる場合がございます。ご購入後の返品はお受けできませんので、ズレ止めの仕様にこだわりをお持ちの方は、ご購入前にお問い合わせ下さい。）</li>
<li class=""item_list"">納期</li>
<li class=""item"">3～8日以内に発送します</li>
<li class=""item_list"">ご注意事項</li>
<li class=""item_red"">フロアマットの形状は、車種以外にも、年式・型式・その他上記事項によって変わります。(画像はサンプルマットです。)<br>
商品名とその他の項目をご確認の上、ご購入ください。<br>
<br>
受注生産品のため、返品は不可ですので、ご了承くださいませ。</li>
<li class=""item"">ズレ止めの仕様など、純正品と異なる場合があります。<br>
※詳しくはご購入前に、「フロアマットに関する注意事項」をお読みくださいませ。</li>
</ul>
<ul class=""line_up"">
<li class=""line_up"">
<p class=""line_up_img""><img src=""http://image.rakuten.co.jp/worldmat/cabinet/r/f1_140.jpg"" alt=""アウディ S6（C6） 2006/6～2010/8 4FBXAS カーマット"" width=""140"" height=""140"" border=""0""></p>
<p class=""line_up_txt"">アウディ S6（C6） フロアーマット 2006/6～2010/8 4FBXAS 【ワールドF1シリーズ】<br>マットの厚み約17mm！（毛足の長さはふかふかの13mm！）<br>裏面は高級仕様のフエルトバッキング</p>
</li>
<li class=""line_up"">
<p class=""line_up_img""><img src=""http://image.rakuten.co.jp/worldmat/cabinet/r/sp1_140.jpg"" alt=""アウディ S6（C6） 2006/6～2010/8 4FBXAS カーマット"" width=""140"" height=""140"" border=""0""></p>
<p class=""line_up_txt"">アウディS6（C6） フロアーマット 2006/6～2010/8 4FBXAS 【ワールドSP1シリーズ】<br>当店最上級シリーズ☆<br>9色から選べる♪<br>ボリュームたっぷりの生地で車内がリビングルームに</p>
</li>
</ul><br>
<div align=""center"">
<img src=""https://image.rakuten.co.jp/worldmat/cabinet/kikaku/w_20170514_616.jpg"" width=""619px"" height=""190px"" alt=""【72時間限定！！新生活応援キャンペーン】 全商品10%OFFクーポン！＆送料無料！！ 開催期間：5月14日（日）10:00～5月17日（水）AM9:59まで"" border=""0""><br>
<br>
<font size=""2"" color=""red"">当店は、ディーラーや自動車メーカーのマットを制作してきた<br>
老舗のフロアマットメーカーですが、楽天でのネット通販の歴史は浅いので、<br>
レビューの数が消して多くはありません。<br>
<br>
他店のレビューが多いマットと比べても、品質の良さとコストパフォーマンスには<br>
自信を持っておりますので、どうか、皆様の評価をいただいて、<br>
多くの方に、安心してご購入いただけるようご協力お願い申し上げます。<br>
<br>
レビューの書き方はコチラ</font></div>
<br>
<br>",ZERO（ゼロ）フロアマット アウディ S6（C6） 2006/6～2010/8 4FBXAS 【パステルシリーズ】（自動車 フロアーマット カーマット）：フロアマット通販店ワールドマット,ZERO（ゼロ）フロアマット アウディ S6（C6） 2006/6～2010/8 4FBXAS 【パステルシリーズ】（自動車 フロアーマット カーマット）,10%OFFクーポン☆5/17 9:59まで ★送料無料★ 。ZERO（ゼロ）フロアマット アウディ S6（C6） 2006/6～2010/8 4FBXAS 【パステルシリーズ】（自動車 フロアーマット カーマット）[rn]
12-36882,http://tshop.r10s.jp/worldmat/cabinet/zero/pa_mt.jpg?fitin=700:700,17600.0000,,車用品・バイク用品 > カー用品 > 内装パーツ > フロアマット > アウディ用,ZERO（ゼロ）フロアマット アウディ Q7（7L） 【5人乗り】 2006/10～ 4L# 【パステルシリーズ】（自動車 フロアーマット カーマット）,,"<ul class=""description"">
<li class=""item_list"">カラー</li>
<li class=""item"">【ZEROパステルシリーズ】 ココア/ネイビーブルー/クリアブルー/ホワイトアイボリー/ホワイトシルバー/ライトイエロー/クリアーピンク/キャロット/ディープパープル/クリアグリーン/ディープグリーン/ブラック/アクア/セイジ/ディープレッド/ワイン/ベビーピンク/ベージュ</li>
<li class=""item_list"">メーカー</li>
<li class=""item"">Audi（アウディ）</li>
<li class=""item_list"">車種</li>
<li class=""item"">Q7（7L） 【5人乗り】（キューセブン）</li>
<li class=""item""><img src=""http://image.rakuten.co.jp/worldmat/cabinet/foreigncar/audi-q7-7l-5_c.jpg"" alt=""アウディ Q7（7L） 【5人乗り】 2006/10～ 4L#"" width=""250"" height=""125"" border=""0""></li>
<li class=""item_list"">年式</li>
<li class=""item"">2006/10～</li>
<li class=""item_list"">型式</li>
<li class=""item"">4L#</li>
<li class=""item_list"">ハンドル位置</li>
<li class=""item"">左右ハンドル</li>
<li class=""item_list"">マット点数</li>
<li class=""item"">4点（フロント2枚、リア2枚）</li>
<li class=""item_list"">ズレ止めの仕様</li>
<li class=""item"">純正に対応したストッパー<br>
<br>
（※出荷工場、左右ハンドル、購入されるマットの色柄等により変わる場合がございます。ご購入後の返品はお受けできませんので、ズレ止めの仕様にこだわりをお持ちの方は、ご購入前にお問い合わせ下さい。）</li>
<li class=""item_list"">納期</li>
<li class=""item"">3～8日以内に発送します</li>
<li class=""item_list"">ご注意事項</li>
<li class=""item_red"">フロアマットの形状は、車種以外にも、年式・型式・その他上記事項によって変わります。(画像はサンプルマットです。)<br>
商品名とその他の項目をご確認の上、ご購入ください。<br>
<br>
受注生産品のため、返品は不可ですので、ご了承くださいませ。</li>
<li class=""item"">ズレ止めの仕様など、純正品と異なる場合があります。<br>
※詳しくはご購入前に、「フロアマットに関する注意事項」をお読みくださいませ。</li>
</ul>
<ul class=""line_up"">
<li class=""line_up"">
<p class=""line_up_img""><img src=""http://image.rakuten.co.jp/worldmat/cabinet/r/f1_140.jpg"" alt=""アウディ Q7（7L） 【5人乗り】 2006/10～ 4L# カーマット"" width=""140"" height=""140"" border=""0""></p>
<p class=""line_up_txt"">アウディ Q7（7L） 【5人乗り】 フロアーマット 2006/10～ 4L# 【ワールドF1シリーズ】<br>マットの厚み約17mm！（毛足の長さはふかふかの13mm！）<br>裏面は高級仕様のフエルトバッキング</p>
</li>
<li class=""line_up"">
<p class=""line_up_img""><img src=""http://image.rakuten.co.jp/worldmat/cabinet/r/sp1_140.jpg"" alt=""アウディ Q7（7L） 【5人乗り】 2006/10～ 4L# カーマット"" width=""140"" height=""140"" border=""0""></p>
<p class=""line_up_txt"">アウディQ7（7L） 【5人乗り】 フロアーマット 2006/10～ 4L# 【ワールドSP1シリーズ】<br>当店最上級シリーズ☆<br>9色から選べる♪<br>ボリュームたっぷりの生地で車内がリビングルームに</p>
</li>
</ul><br>
<div align=""center"">
<img src=""https://image.rakuten.co.jp/worldmat/cabinet/kikaku/w_20170514_616.jpg"" width=""619px"" height=""190px"" alt=""【72時間限定！！新生活応援キャンペーン】 全商品10%OFFクーポン！＆送料無料！！ 開催期間：5月14日（日）10:00～5月17日（水）AM9:59まで"" border=""0""><br>
<br>
<font size=""2"" color=""red"">当店は、ディーラーや自動車メーカーのマットを制作してきた<br>
老舗のフロアマットメーカーですが、楽天でのネット通販の歴史は浅いので、<br>
レビューの数が消して多くはありません。<br>
<br>
他店のレビューが多いマットと比べても、品質の良さとコストパフォーマンスには<br>
自信を持っておりますので、どうか、皆様の評価をいただいて、<br>
多くの方に、安心してご購入いただけるようご協力お願い申し上げます。<br>
<br>
レビューの書き方はコチラ</font></div>
<br>
<br>",ZERO（ゼロ）フロアマット アウディ Q7（7L） 【5人乗り】 2006/10～ 4L# 【パステルシリーズ】（自動車 フロアーマット カーマット）：フロアマット通販店ワールドマット,ZERO（ゼロ）フロアマット アウディ Q7（7L） 【5人乗り】 2006/10～ 4L# 【パステルシリーズ】（自動車 フロアーマット カーマット）,10%OFFクーポン☆5/17 9:59まで ★送料無料★ 。ZERO（ゼロ）フロアマット アウディ Q7（7L） 【5人乗り】 2006/10～ 4L# 【パステルシリーズ】（自動車 フロアーマット カーマット）[rn]
12-36883,http://tshop.r10s.jp/worldmat/cabinet/zero/pa_mt.jpg?fitin=700:700,17600.0000,,車用品・バイク用品 > カー用品 > 内装パーツ > フロアマット > アウディ用,ZERO（ゼロ）フロアマット アウディ RS6（C5） セダン 2003/2～2005/2 4BBCYF 【パステルシリーズ】（自動車 フロアーマット カーマット）,,"<ul class=""description"">
<li class=""item_list"">カラー</li>
<li class=""item"">【ZEROパステルシリーズ】 ココア/ネイビーブルー/クリアブルー/ホワイトアイボリー/ホワイトシルバー/ライトイエロー/クリアーピンク/キャロット/ディープパープル/クリアグリーン/ディープグリーン/ブラック/アクア/セイジ/ディープレッド/ワイン/ベビーピンク/ベージュ</li>
<li class=""item_list"">メーカー</li>
<li class=""item"">Audi（アウディ）</li>
<li class=""item_list"">車種</li>
<li class=""item"">RS6（C5） セダン（アールエスシックス）</li>
<li class=""item""><img src=""http://image.rakuten.co.jp/worldmat/cabinet/foreigncar/audi-rs6-c5_c.jpg"" alt=""アウディ RS6（C5） セダン 2003/2～2005/2 4BBCYF"" width=""250"" height=""125"" border=""0""></li>
<li class=""item_list"">年式</li>
<li class=""item"">2003/2～2005/2</li>
<li class=""item_list"">型式</li>
<li class=""item"">4BBCYF</li>
<li class=""item_list"">ハンドル位置</li>
<li class=""item"">左ハンドル</li>
<li class=""item_list"">マット点数</li>
<li class=""item"">4点　<font color=""#FF0000"">セダン用　※ワゴンは適合未確認です。</font></li>
<li class=""item_list"">ズレ止めの仕様</li>
<li class=""item"">純正に対応したストッパー<br>
<br>
（※出荷工場、左右ハンドル、購入されるマットの色柄等により変わる場合がございます。ご購入後の返品はお受けできませんので、ズレ止めの仕様にこだわりをお持ちの方は、ご購入前にお問い合わせ下さい。）</li>
<li class=""item_list"">納期</li>
<li class=""item"">3～8日以内に発送します</li>
<li class=""item_list"">ご注意事項</li>
<li class=""item_red"">フロアマットの形状は、車種以外にも、年式・型式・その他上記事項によって変わります。(画像はサンプルマットです。)<br>
商品名とその他の項目をご確認の上、ご購入ください。<br>
<br>
受注生産品のため、返品は不可ですので、ご了承くださいませ。</li>
<li class=""item"">ズレ止めの仕様など、純正品と異なる場合があります。<br>
※詳しくはご購入前に、「フロアマットに関する注意事項」をお読みくださいませ。</li>
</ul>
<ul class=""line_up"">
<li class=""line_up"">
<p class=""line_up_img""><img src=""http://image.rakuten.co.jp/worldmat/cabinet/r/f1_140.jpg"" alt=""アウディ RS6（C5） セダン 2003/2～2005/2 4BBCYF カーマット"" width=""140"" height=""140"" border=""0""></p>
<p class=""line_up_txt"">アウディ RS6（C5） セダン フロアーマット 2003/2～2005/2 4BBCYF 【ワールドF1シリーズ】<br>マットの厚み約17mm！（毛足の長さはふかふかの13mm！）<br>裏面は高級仕様のフエルトバッキング</p>
</li>
<li class=""line_up"">
<p class=""line_up_img""><img src=""http://image.rakuten.co.jp/worldmat/cabinet/r/sp1_140.jpg"" alt=""アウディ RS6（C5） セダン 2003/2～2005/2 4BBCYF カーマット"" width=""140"" height=""140"" border=""0""></p>
<p class=""line_up_txt"">アウディRS6（C5） セダン フロアーマット 2003/2～2005/2 4BBCYF 【ワールドSP1シリーズ】<br>当店最上級シリーズ☆<br>9色から選べる♪<br>ボリュームたっぷりの生地で車内がリビングルームに</p>
</li>
</ul><br>
<div align=""center"">
<img src=""https://image.rakuten.co.jp/worldmat/cabinet/kikaku/w_20170514_616.jpg"" width=""619px"" height=""190px"" alt=""【72時間限定！！新生活応援キャンペーン】 全商品10%OFFクーポン！＆送料無料！！ 開催期間：5月14日（日）10:00～5月17日（水）AM9:59まで"" border=""0""><br>
<br>
<font size=""2"" color=""red"">当店は、ディーラーや自動車メーカーのマットを制作してきた<br>
老舗のフロアマットメーカーですが、楽天でのネット通販の歴史は浅いので、<br>
レビューの数が消して多くはありません。<br>
<br>
他店のレビューが多いマットと比べても、品質の良さとコストパフォーマンスには<br>
自信を持っておりますので、どうか、皆様の評価をいただいて、<br>
多くの方に、安心してご購入いただけるようご協力お願い申し上げます。<br>
<br>
レビューの書き方はコチラ</font></div>
<br>
<br>",ZERO（ゼロ）フロアマット アウディ RS6（C5） セダン 2003/2～2005/2 4BBCYF 【パステルシリーズ】（自動車 フロアーマット カーマット）：フロアマット通販店ワールドマット,ZERO（ゼロ）フロアマット アウディ RS6（C5） セダン 2003/2～2005/2 4BBCYF 【パステルシリーズ】（自動車 フロアーマット カーマット）,10%OFFクーポン☆5/17 9:59まで ★送料無料★ 。ZERO（ゼロ）フロアマット アウディ RS6（C5） セダン 2003/2～2005/2 4BBCYF 【パステルシリーズ】（自動車 フロアーマット カーマット）[rn]
12-36884,http://tshop.r10s.jp/worldmat/cabinet/zero/pr_mt.jpg?fitin=700:700,17600.0000,,車用品・バイク用品 > カー用品 > 内装パーツ > フロアマット > アウディ用,ZERO（ゼロ）フロアマット アウディ A4カブリオレ （B6） 2002/9～2006/4 8HBDV 【ZEORO2000・プレミアム】（自動車 フロアーマット カーマット）,,"<ul class=""description"">
<li class=""item_list"">カラー</li>
<li class=""item"">【ZERO2000シリーズ】 ブラック（黒色）/グレー（灰色）/アイボリー<br>【プレミアムスタンダードシリーズ】 ブラック（黒色）/グレー（灰色）/ベージュ</li>
<li class=""item_list"">メーカー</li>
<li class=""item"">Audi（アウディ）</li>
<li class=""item_list"">車種</li>
<li class=""item"">A4カブリオレ （B6）（エーヨン）</li>
<li class=""item""><img src=""http://image.rakuten.co.jp/worldmat/cabinet/foreigncar/audi-a4cabriolet_c.jpg"" alt=""アウディ A4カブリオレ （B6） 2002/9～2006/4 8HBDV"" width=""250"" height=""125"" border=""0""></li>
<li class=""item_list"">年式</li>
<li class=""item"">2002/9～2006/4</li>
<li class=""item_list"">型式</li>
<li class=""item"">8HBDV</li>
<li class=""item_list"">ハンドル位置</li>
<li class=""item"">右ハンドル</li>
<li class=""item_list"">マット点数</li>
<li class=""item"">4点</li>
<li class=""item_list"">ズレ止めの仕様</li>
<li class=""item"">純正に対応したストッパー<br>
<br>
（※出荷工場、左右ハンドル、購入されるマットの色柄等により変わる場合がございます。ご購入後の返品はお受けできませんので、ズレ止めの仕様にこだわりをお持ちの方は、ご購入前にお問い合わせ下さい。）</li>
<li class=""item_list"">納期</li>
<li class=""item"">3～8日以内に発送します</li>
<li class=""item_list"">ご注意事項</li>
<li class=""item_red"">フロアマットの形状は、車種以外にも、年式・型式・その他上記事項によって変わります。(画像はサンプルマットです。)<br>
商品名とその他の項目をご確認の上、ご購入ください。<br>
<br>
受注生産品のため、返品は不可ですので、ご了承くださいませ。</li>
<li class=""item"">ズレ止めの仕様など、純正品と異なる場合があります。<br>
※詳しくはご購入前に、「フロアマットに関する注意事項」をお読みくださいませ。</li>
</ul>
<ul class=""line_up"">
<li class=""line_up"">
<p class=""line_up_img""><img src=""http://image.rakuten.co.jp/worldmat/cabinet/r/f1_140.jpg"" alt=""アウディ A4カブリオレ （B6） 2002/9～2006/4 8HBDV カーマット"" width=""140"" height=""140"" border=""0""></p>
<p class=""line_up_txt"">アウディ A4カブリオレ （B6） フロアーマット 2002/9～2006/4 8HBDV 【ワールドF1シリーズ】<br>マットの厚み約17mm！（毛足の長さはふかふかの13mm！）<br>裏面は高級仕様のフエルトバッキング</p>
</li>
<li class=""line_up"">
<p class=""line_up_img""><img src=""http://image.rakuten.co.jp/worldmat/cabinet/r/sp1_140.jpg"" alt=""アウディ A4カブリオレ （B6） 2002/9～2006/4 8HBDV カーマット"" width=""140"" height=""140"" border=""0""></p>
<p class=""line_up_txt"">アウディA4カブリオレ （B6） フロアーマット 2002/9～2006/4 8HBDV 【ワールドSP1シリーズ】<br>当店最上級シリーズ☆<br>9色から選べる♪<br>ボリュームたっぷりの生地で車内がリビングルームに</p>
</li>
</ul><br>
<div align=""center"">
<img src=""https://image.rakuten.co.jp/worldmat/cabinet/kikaku/w_20170514_616.jpg"" width=""619px"" height=""190px"" alt=""【72時間限定！！新生活応援キャンペーン】 全商品10%OFFクーポン！＆送料無料！！ 開催期間：5月14日（日）10:00～5月17日（水）AM9:59まで"" border=""0""><br>
<br>
<font size=""2"" color=""red"">当店は、ディーラーや自動車メーカーのマットを制作してきた<br>
老舗のフロアマットメーカーですが、楽天でのネット通販の歴史は浅いので、<br>
レビューの数が消して多くはありません。<br>
<br>
他店のレビューが多いマットと比べても、品質の良さとコストパフォーマンスには<br>
自信を持っておりますので、どうか、皆様の評価をいただいて、<br>
多くの方に、安心してご購入いただけるようご協力お願い申し上げます。<br>
<br>
レビューの書き方はコチラ</font></div>
<br>
<br>",ZERO（ゼロ）フロアマット アウディ A4カブリオレ （B6） 2002/9～2006/4 8HBDV 【ZEORO2000・プレミアム】（自動車 フロアーマット カーマット）：フロアマット通販店ワールドマット,ZERO（ゼロ）フロアマット アウディ A4カブリオレ （B6） 2002/9～2006/4 8HBDV 【ZEORO2000・プレミアム】（自動車 フロアーマット カーマット）,10%OFFクーポン☆5/17 9:59まで ★送料無料★ 。ZERO（ゼロ）フロアマット アウディ A4カブリオレ （B6） 2002/9～2006/4 8HBDV 【ZEORO2000・プレミアム】（自動車 フロアーマット カーマット）[rn]
12-36885,http://tshop.r10s.jp/worldmat/cabinet/zero/pr_mt.jpg?fitin=700:700,20000.0000,,車用品・バイク用品 > カー用品 > 内装パーツ > フロアマット > アウディ用,ZERO（ゼロ）フロアマット アウディ A8（D4） 2010/12～ 4HC 【ZEORO2000・プレミアム】（自動車 フロアーマット カーマット）,,"<ul class=""description"">
<li class=""item_list"">カラー</li>
<li class=""item"">【ZERO2000シリーズ】 ブラック（黒色）/グレー（灰色）/アイボリー<br>【プレミアムスタンダードシリーズ】 ブラック（黒色）/グレー（灰色）/ベージュ</li>
<li class=""item_list"">メーカー</li>
<li class=""item"">Audi（アウディ）</li>
<li class=""item_list"">車種</li>
<li class=""item"">A8（D4）（エーハチ）</li>
<li class=""item""><img src=""http://image.rakuten.co.jp/worldmat/cabinet/foreigncar/audi-a8-d4_c.jpg"" alt=""アウディ A8（D4） 2010/12～ 4HC"" width=""250"" height=""125"" border=""0""></li>
<li class=""item_list"">年式</li>
<li class=""item"">2010/12～</li>
<li class=""item_list"">型式</li>
<li class=""item"">4HC</li>
<li class=""item_list"">ハンドル位置</li>
<li class=""item"">左右ハンドル</li>
<li class=""item_list"">マット点数</li>
<li class=""item"">4点　<font color=""#FF0000"">※ロングボディー不可</font></li>
<li class=""item_list"">ズレ止めの仕様</li>
<li class=""item"">純正に対応したストッパー<br>
<br>
（※出荷工場、左右ハンドル、購入されるマットの色柄等により変わる場合がございます。ご購入後の返品はお受けできませんので、ズレ止めの仕様にこだわりをお持ちの方は、ご購入前にお問い合わせ下さい。）</li>
<li class=""item_list"">納期</li>
<li class=""item"">3～8日以内に発送します</li>
<li class=""item_list"">ご注意事項</li>
<li class=""item_red"">フロアマットの形状は、車種以外にも、年式・型式・その他上記事項によって変わります。(画像はサンプルマットです。)<br>
商品名とその他の項目をご確認の上、ご購入ください。<br>
<br>
受注生産品のため、返品は不可ですので、ご了承くださいませ。</li>
<li class=""item"">ズレ止めの仕様など、純正品と異なる場合があります。<br>
※詳しくはご購入前に、「フロアマットに関する注意事項」をお読みくださいませ。</li>
</ul>
<ul class=""line_up"">
<li class=""line_up"">
<p class=""line_up_img""><img src=""http://image.rakuten.co.jp/worldmat/cabinet/r/f1_140.jpg"" alt=""アウディ A8（D4） 2010/12～ 4HC カーマット"" width=""140"" height=""140"" border=""0""></p>
<p class=""line_up_txt"">アウディ A8（D4） フロアーマット 2010/12～ 4HC 【ワールドF1シリーズ】<br>マットの厚み約17mm！（毛足の長さはふかふかの13mm！）<br>裏面は高級仕様のフエルトバッキング</p>
</li>
<li class=""line_up"">
<p class=""line_up_img""><img src=""http://image.rakuten.co.jp/worldmat/cabinet/r/sp1_140.jpg"" alt=""アウディ A8（D4） 2010/12～ 4HC カーマット"" width=""140"" height=""140"" border=""0""></p>
<p class=""line_up_txt"">アウディA8（D4） フロアーマット 2010/12～ 4HC 【ワールドSP1シリーズ】<br>当店最上級シリーズ☆<br>9色から選べる♪<br>ボリュームたっぷりの生地で車内がリビングルームに</p>
</li>
</ul><br>
<div align=""center"">
<img src=""https://image.rakuten.co.jp/worldmat/cabinet/kikaku/w_20170514_616.jpg"" width=""619px"" height=""190px"" alt=""【72時間限定！！新生活応援キャンペーン】 全商品10%OFFクーポン！＆送料無料！！ 開催期間：5月14日（日）10:00～5月17日（水）AM9:59まで"" border=""0""><br>
<br>
<font size=""2"" color=""red"">当店は、ディーラーや自動車メーカーのマットを制作してきた<br>
老舗のフロアマットメーカーですが、楽天でのネット通販の歴史は浅いので、<br>
レビューの数が消して多くはありません。<br>
<br>
他店のレビューが多いマットと比べても、品質の良さとコストパフォーマンスには<br>
自信を持っておりますので、どうか、皆様の評価をいただいて、<br>
多くの方に、安心してご購入いただけるようご協力お願い申し上げます。<br>
<br>
レビューの書き方はコチラ</font></div>
<br>
<br>",ZERO（ゼロ）フロアマット アウディ A8（D4） 2010/12～ 4HC 【ZEORO2000・プレミアム】（自動車 フロアーマット カーマット）：フロアマット通販店ワールドマット,ZERO（ゼロ）フロアマット アウディ A8（D4） 2010/12～ 4HC 【ZEORO2000・プレミアム】（自動車 フロアーマット カーマット）,10%OFFクーポン☆5/17 9:59まで ★送料無料★ 。ZERO（ゼロ）フロアマット アウディ A8（D4） 2010/12～ 4HC 【ZEORO2000・プレミアム】（自動車 フロアーマット カーマット）[rn]
12-36886,http://tshop.r10s.jp/worldmat/cabinet/zero/pr_mt.jpg?fitin=700:700,20000.0000,,車用品・バイク用品 > カー用品 > 内装パーツ > フロアマット > アウディ用,ZERO（ゼロ）フロアマット アウディ A8（D3） ロング 2003/10～2010/12 4EB 【ZEORO2000・プレミアム】（自動車 フロアーマット カーマット）,,"<ul class=""description"">
<li class=""item_list"">カラー</li>
<li class=""item"">【ZERO2000シリーズ】 ブラック（黒色）/グレー（灰色）/アイボリー<br>【プレミアムスタンダードシリーズ】 ブラック（黒色）/グレー（灰色）/ベージュ</li>
<li class=""item_list"">メーカー</li>
<li class=""item"">Audi（アウディ）</li>
<li class=""item_list"">車種</li>
<li class=""item"">A8（D3） ロング（エーハチ）</li>
<li class=""item""><img src=""http://image.rakuten.co.jp/worldmat/cabinet/foreigncar/audi-a8-d3-long_c.jpg"" alt=""アウディ A8（D3） ロング 2003/10～2010/12 4EB"" width=""250"" height=""125"" border=""0""></li>
<li class=""item_list"">年式</li>
<li class=""item"">2003/10～2010/12</li>
<li class=""item_list"">型式</li>
<li class=""item"">4EB</li>
<li class=""item_list"">ハンドル位置</li>
<li class=""item"">左右ハンドル</li>
<li class=""item_list"">マット点数</li>
<li class=""item"">4点（フロント2枚、リア2枚）　<font color=""#FF0000"">※ロングボディー専用</font></li>
<li class=""item_list"">ズレ止めの仕様</li>
<li class=""item"">純正に対応したストッパー<br>
<br>
（※出荷工場、左右ハンドル、購入されるマットの色柄等により変わる場合がございます。ご購入後の返品はお受けできませんので、ズレ止めの仕様にこだわりをお持ちの方は、ご購入前にお問い合わせ下さい。）</li>
<li class=""item_list"">納期</li>
<li class=""item"">3～8日以内に発送します</li>
<li class=""item_list"">ご注意事項</li>
<li class=""item_red"">フロアマットの形状は、車種以外にも、年式・型式・その他上記事項によって変わります。(画像はサンプルマットです。)<br>
商品名とその他の項目をご確認の上、ご購入ください。<br>
<br>
受注生産品のため、返品は不可ですので、ご了承くださいませ。</li>
<li class=""item"">ズレ止めの仕様など、純正品と異なる場合があります。<br>
※詳しくはご購入前に、「フロアマットに関する注意事項」をお読みくださいませ。</li>
</ul>
<ul class=""line_up"">
<li class=""line_up"">
<p class=""line_up_img""><img src=""http://image.rakuten.co.jp/worldmat/cabinet/r/f1_140.jpg"" alt=""アウディ A8（D3） ロング 2003/10～2010/12 4EB カーマット"" width=""140"" height=""140"" border=""0""></p>
<p class=""line_up_txt"">アウディ A8（D3） ロング フロアーマット 2003/10～2010/12 4EB 【ワールドF1シリーズ】<br>マットの厚み約17mm！（毛足の長さはふかふかの13mm！）<br>裏面は高級仕様のフエルトバッキング</p>
</li>
<li class=""line_up"">
<p class=""line_up_img""><img src=""http://image.rakuten.co.jp/worldmat/cabinet/r/sp1_140.jpg"" alt=""アウディ A8（D3） ロング 2003/10～2010/12 4EB カーマット"" width=""140"" height=""140"" border=""0""></p>
<p class=""line_up_txt"">アウディA8（D3） ロング フロアーマット 2003/10～2010/12 4EB 【ワールドSP1シリーズ】<br>当店最上級シリーズ☆<br>9色から選べる♪<br>ボリュームたっぷりの生地で車内がリビングルームに</p>
</li>
</ul><br>
<div align=""center"">
<img src=""https://image.rakuten.co.jp/worldmat/cabinet/kikaku/w_20170514_616.jpg"" width=""619px"" height=""190px"" alt=""【72時間限定！！新生活応援キャンペーン】 全商品10%OFFクーポン！＆送料無料！！ 開催期間：5月14日（日）10:00～5月17日（水）AM9:59まで"" border=""0""><br>
<br>
<font size=""2"" color=""red"">当店は、ディーラーや自動車メーカーのマットを制作してきた<br>
老舗のフロアマットメーカーですが、楽天でのネット通販の歴史は浅いので、<br>
レビューの数が消して多くはありません。<br>
<br>
他店のレビューが多いマットと比べても、品質の良さとコストパフォーマンスには<br>
自信を持っておりますので、どうか、皆様の評価をいただいて、<br>
多くの方に、安心してご購入いただけるようご協力お願い申し上げます。<br>
<br>
レビューの書き方はコチラ</font></div>
<br>
<br>",ZERO（ゼロ）フロアマット アウディ A8（D3） ロング 2003/10～2010/12 4EB 【ZEORO2000・プレミアム】（自動車 フロアーマット カーマット）：フロアマット通販店ワールドマット,ZERO（ゼロ）フロアマット アウディ A8（D3） ロング 2003/10～2010/12 4EB 【ZEORO2000・プレミアム】（自動車 フロアーマット カーマット）,10%OFFクーポン☆5/17 9:59まで ★送料無料★ 。ZERO（ゼロ）フロアマット アウディ A8（D3） ロング 2003/10～2010/12 4EB 【ZEORO2000・プレミアム】（自動車 フロアーマット カーマット）[rn]
12-36887,http://tshop.r10s.jp/worldmat/cabinet/zero/pr_mt.jpg?fitin=700:700,17600.0000,,車用品・バイク用品 > カー用品 > 内装パーツ > フロアマット > アウディ用,ZERO（ゼロ）フロアマット アウディ TTクーペ（A5） 2006/7～ 8JB 【ZEORO2000・プレミアム】（自動車 フロアーマット カーマット）,,"<ul class=""description"">
<li class=""item_list"">カラー</li>
<li class=""item"">【ZERO2000シリーズ】 ブラック（黒色）/グレー（灰色）/アイボリー<br>【プレミアムスタンダードシリーズ】 ブラック（黒色）/グレー（灰色）/ベージュ</li>
<li class=""item_list"">メーカー</li>
<li class=""item"">Audi（アウディ）</li>
<li class=""item_list"">車種</li>
<li class=""item"">TTクーペ（A5）（TT coupe）</li>
<li class=""item""><img src=""http://image.rakuten.co.jp/worldmat/cabinet/foreigncar/audi-ttcoupe_c.jpg"" alt=""アウディ TTクーペ（A5） 2006/7～ 8JB"" width=""250"" height=""125"" border=""0""></li>
<li class=""item_list"">年式</li>
<li class=""item"">2006/7～</li>
<li class=""item_list"">型式</li>
<li class=""item"">8JB</li>
<li class=""item_list"">ハンドル位置</li>
<li class=""item"">右ハンドル</li>
<li class=""item_list"">マット点数</li>
<li class=""item"">4点</li>
<li class=""item_list"">ズレ止めの仕様</li>
<li class=""item"">純正に対応したストッパー<br>
<br>
（※出荷工場、左右ハンドル、購入されるマットの色柄等により変わる場合がございます。ご購入後の返品はお受けできませんので、ズレ止めの仕様にこだわりをお持ちの方は、ご購入前にお問い合わせ下さい。）</li>
<li class=""item_list"">納期</li>
<li class=""item"">3～8日以内に発送します</li>
<li class=""item_list"">ご注意事項</li>
<li class=""item_red"">フロアマットの形状は、車種以外にも、年式・型式・その他上記事項によって変わります。(画像はサンプルマットです。)<br>
商品名とその他の項目をご確認の上、ご購入ください。<br>
<br>
受注生産品のため、返品は不可ですので、ご了承くださいませ。</li>
<li class=""item"">ズレ止めの仕様など、純正品と異なる場合があります。<br>
※詳しくはご購入前に、「フロアマットに関する注意事項」をお読みくださいませ。</li>
</ul>
<ul class=""line_up"">
<li class=""line_up"">
<p class=""line_up_img""><img src=""http://image.rakuten.co.jp/worldmat/cabinet/r/f1_140.jpg"" alt=""アウディ TTクーペ（A5） 2006/7～ 8JB カーマット"" width=""140"" height=""140"" border=""0""></p>
<p class=""line_up_txt"">アウディ TTクーペ（A5） フロアーマット 2006/7～ 8JB 【ワールドF1シリーズ】<br>マットの厚み約17mm！（毛足の長さはふかふかの13mm！）<br>裏面は高級仕様のフエルトバッキング</p>
</li>
<li class=""line_up"">
<p class=""line_up_img""><img src=""http://image.rakuten.co.jp/worldmat/cabinet/r/sp1_140.jpg"" alt=""アウディ TTクーペ（A5） 2006/7～ 8JB カーマット"" width=""140"" height=""140"" border=""0""></p>
<p class=""line_up_txt"">アウディTTクーペ（A5） フロアーマット 2006/7～ 8JB 【ワールドSP1シリーズ】<br>当店最上級シリーズ☆<br>9色から選べる♪<br>ボリュームたっぷりの生地で車内がリビングルームに</p>
</li>
</ul><br>
<div align=""center"">
<img src=""https://image.rakuten.co.jp/worldmat/cabinet/kikaku/w_20170514_616.jpg"" width=""619px"" height=""190px"" alt=""【72時間限定！！新生活応援キャンペーン】 全商品10%OFFクーポン！＆送料無料！！ 開催期間：5月14日（日）10:00～5月17日（水）AM9:59まで"" border=""0""><br>
<br>
<font size=""2"" color=""red"">当店は、ディーラーや自動車メーカーのマットを制作してきた<br>
老舗のフロアマットメーカーですが、楽天でのネット通販の歴史は浅いので、<br>
レビューの数が消して多くはありません。<br>
<br>
他店のレビューが多いマットと比べても、品質の良さとコストパフォーマンスには<br>
自信を持っておりますので、どうか、皆様の評価をいただいて、<br>
多くの方に、安心してご購入いただけるようご協力お願い申し上げます。<br>
<br>
レビューの書き方はコチラ</font></div>
<br>
<br>",ZERO（ゼロ）フロアマット アウディ TTクーペ（A5） 2006/7～ 8JB 【ZEORO2000・プレミアム】（自動車 フロアーマット カーマット）：フロアマット通販店ワールドマット,ZERO（ゼロ）フロアマット アウディ TTクーペ（A5） 2006/7～ 8JB 【ZEORO2000・プレミアム】（自動車 フロアーマット カーマット）,10%OFFクーポン☆5/17 9:59まで ★送料無料★ 。ZERO（ゼロ）フロアマット アウディ TTクーペ（A5） 2006/7～ 8JB 【ZEORO2000・プレミアム】（自動車 フロアーマット カーマット）[rn]
12-36888,http://tshop.r10s.jp/worldmat/cabinet/zero/pr_mt.jpg?fitin=700:700,20000.0000,,車用品・バイク用品 > カー用品 > 内装パーツ > フロアマット > アウディ用,ZERO（ゼロ）フロアマット アウディ A8（D3） 2003/10～2010/12 4EB 【ZEORO2000・プレミアム】（自動車 フロアーマット カーマット）,,"<ul class=""description"">
<li class=""item_list"">カラー</li>
<li class=""item"">【ZERO2000シリーズ】 ブラック（黒色）/グレー（灰色）/アイボリー<br>【プレミアムスタンダードシリーズ】 ブラック（黒色）/グレー（灰色）/ベージュ</li>
<li class=""item_list"">メーカー</li>
<li class=""item"">Audi（アウディ）</li>
<li class=""item_list"">車種</li>
<li class=""item"">A8（D3）（エーハチ）</li>
<li class=""item""><img src=""http://image.rakuten.co.jp/worldmat/cabinet/foreigncar/audi-a8-d3_c.jpg"" alt=""アウディ A8（D3） 2003/10～2010/12 4EB"" width=""250"" height=""125"" border=""0""></li>
<li class=""item_list"">年式</li>
<li class=""item"">2003/10～2010/12</li>
<li class=""item_list"">型式</li>
<li class=""item"">4EB</li>
<li class=""item_list"">ハンドル位置</li>
<li class=""item"">左右ハンドル</li>
<li class=""item_list"">マット点数</li>
<li class=""item"">4点　<font color=""#FF0000"">※ロングボディーは別型になります。</font></li>
<li class=""item_list"">ズレ止めの仕様</li>
<li class=""item"">純正に対応したストッパー<br>
<br>
（※出荷工場、左右ハンドル、購入されるマットの色柄等により変わる場合がございます。ご購入後の返品はお受けできませんので、ズレ止めの仕様にこだわりをお持ちの方は、ご購入前にお問い合わせ下さい。）</li>
<li class=""item_list"">納期</li>
<li class=""item"">3～8日以内に発送します</li>
<li class=""item_list"">ご注意事項</li>
<li class=""item_red"">フロアマットの形状は、車種以外にも、年式・型式・その他上記事項によって変わります。(画像はサンプルマットです。)<br>
商品名とその他の項目をご確認の上、ご購入ください。<br>
<br>
受注生産品のため、返品は不可ですので、ご了承くださいませ。</li>
<li class=""item"">ズレ止めの仕様など、純正品と異なる場合があります。<br>
※詳しくはご購入前に、「フロアマットに関する注意事項」をお読みくださいませ。</li>
</ul>
<ul class=""line_up"">
<li class=""line_up"">
<p class=""line_up_img""><img src=""http://image.rakuten.co.jp/worldmat/cabinet/r/f1_140.jpg"" alt=""アウディ A8（D3） 2003/10～2010/12 4EB カーマット"" width=""140"" height=""140"" border=""0""></p>
<p class=""line_up_txt"">アウディ A8（D3） フロアーマット 2003/10～2010/12 4EB 【ワールドF1シリーズ】<br>マットの厚み約17mm！（毛足の長さはふかふかの13mm！）<br>裏面は高級仕様のフエルトバッキング</p>
</li>
<li class=""line_up"">
<p class=""line_up_img""><img src=""http://image.rakuten.co.jp/worldmat/cabinet/r/sp1_140.jpg"" alt=""アウディ A8（D3） 2003/10～2010/12 4EB カーマット"" width=""140"" height=""140"" border=""0""></p>
<p class=""line_up_txt"">アウディA8（D3） フロアーマット 2003/10～2010/12 4EB 【ワールドSP1シリーズ】<br>当店最上級シリーズ☆<br>9色から選べる♪<br>ボリュームたっぷりの生地で車内がリビングルームに</p>
</li>
</ul><br>
<div align=""center"">
<img src=""https://image.rakuten.co.jp/worldmat/cabinet/kikaku/w_20170514_616.jpg"" width=""619px"" height=""190px"" alt=""【72時間限定！！新生活応援キャンペーン】 全商品10%OFFクーポン！＆送料無料！！ 開催期間：5月14日（日）10:00～5月17日（水）AM9:59まで"" border=""0""><br>
<br>
<font size=""2"" color=""red"">当店は、ディーラーや自動車メーカーのマットを制作してきた<br>
老舗のフロアマットメーカーですが、楽天でのネット通販の歴史は浅いので、<br>
レビューの数が消して多くはありません。<br>
<br>
他店のレビューが多いマットと比べても、品質の良さとコストパフォーマンスには<br>
自信を持っておりますので、どうか、皆様の評価をいただいて、<br>
多くの方に、安心してご購入いただけるようご協力お願い申し上げます。<br>
<br>
レビューの書き方はコチラ</font></div>
<br>
<br>",ZERO（ゼロ）フロアマット アウディ A8（D3） 2003/10～2010/12 4EB 【ZEORO2000・プレミアム】（自動車 フロアーマット カーマット）：フロアマット通販店ワールドマット,ZERO（ゼロ）フロアマット アウディ A8（D3） 2003/10～2010/12 4EB 【ZEORO2000・プレミアム】（自動車 フロアーマット カーマット）,10%OFFクーポン☆5/17 9:59まで ★送料無料★ 。ZERO（ゼロ）フロアマット アウディ A8（D3） 2003/10～2010/12 4EB 【ZEORO2000・プレミアム】（自動車 フロアーマット カーマット）[rn]
12-36889,http://tshop.r10s.jp/worldmat/cabinet/zero/pr_mt.jpg?fitin=700:700,17600.0000,,車用品・バイク用品 > カー用品 > 内装パーツ > フロアマット > アウディ用,ZERO（ゼロ）フロアマット アウディ S4アバント （B8） 2009/5～ 8KC 【ZEORO2000・プレミアム】（自動車 フロアーマット カーマット）,,"<ul class=""description"">
<li class=""item_list"">カラー</li>
<li class=""item"">【ZERO2000シリーズ】 ブラック（黒色）/グレー（灰色）/アイボリー<br>【プレミアムスタンダードシリーズ】 ブラック（黒色）/グレー（灰色）/ベージュ</li>
<li class=""item_list"">メーカー</li>
<li class=""item"">Audi（アウディ）</li>
<li class=""item_list"">車種</li>
<li class=""item"">S4アバント （B8）（エスフォー）</li>
<li class=""item""><img src=""http://image.rakuten.co.jp/worldmat/cabinet/foreigncar/audi-s4avant_c.jpg"" alt=""アウディ S4アバント （B8） 2009/5～ 8KC"" width=""250"" height=""125"" border=""0""></li>
<li class=""item_list"">年式</li>
<li class=""item"">2009/5～</li>
<li class=""item_list"">型式</li>
<li class=""item"">8KC</li>
<li class=""item_list"">ハンドル位置</li>
<li class=""item"">左右ハンドル</li>
<li class=""item_list"">マット点数</li>
<li class=""item"">5点（フロント2枚、リア3枚）　<font color=""#FF0000"">アバント専用　※セダンは別型になります。</font></li>
<li class=""item_list"">ズレ止めの仕様</li>
<li class=""item"">純正に対応したストッパー<br>
<br>
（※出荷工場、左右ハンドル、購入されるマットの色柄等により変わる場合がございます。ご購入後の返品はお受けできませんので、ズレ止めの仕様にこだわりをお持ちの方は、ご購入前にお問い合わせ下さい。）</li>
<li class=""item_list"">納期</li>
<li class=""item"">3～8日以内に発送します</li>
<li class=""item_list"">ご注意事項</li>
<li class=""item_red"">フロアマットの形状は、車種以外にも、年式・型式・その他上記事項によって変わります。(画像はサンプルマットです。)<br>
商品名とその他の項目をご確認の上、ご購入ください。<br>
<br>
受注生産品のため、返品は不可ですので、ご了承くださいませ。</li>
<li class=""item"">ズレ止めの仕様など、純正品と異なる場合があります。<br>
※詳しくはご購入前に、「フロアマットに関する注意事項」をお読みくださいませ。</li>
</ul>
<ul class=""line_up"">
<li class=""line_up"">
<p class=""line_up_img""><img src=""http://image.rakuten.co.jp/worldmat/cabinet/r/f1_140.jpg"" alt=""アウディ S4アバント （B8） 2009/5～ 8KC カーマット"" width=""140"" height=""140"" border=""0""></p>
<p class=""line_up_txt"">アウディ S4アバント （B8） フロアーマット 2009/5～ 8KC 【ワールドF1シリーズ】<br>マットの厚み約17mm！（毛足の長さはふかふかの13mm！）<br>裏面は高級仕様のフエルトバッキング</p>
</li>
<li class=""line_up"">
<p class=""line_up_img""><img src=""http://image.rakuten.co.jp/worldmat/cabinet/r/sp1_140.jpg"" alt=""アウディ S4アバント （B8） 2009/5～ 8KC カーマット"" width=""140"" height=""140"" border=""0""></p>
<p class=""line_up_txt"">アウディS4アバント （B8） フロアーマット 2009/5～ 8KC 【ワールドSP1シリーズ】<br>当店最上級シリーズ☆<br>9色から選べる♪<br>ボリュームたっぷりの生地で車内がリビングルームに</p>
</li>
</ul><br>
<div align=""center"">
<img src=""https://image.rakuten.co.jp/worldmat/cabinet/kikaku/w_20170514_616.jpg"" width=""619px"" height=""190px"" alt=""【72時間限定！！新生活応援キャンペーン】 全商品10%OFFクーポン！＆送料無料！！ 開催期間：5月14日（日）10:00～5月17日（水）AM9:59まで"" border=""0""><br>
<br>
<font size=""2"" color=""red"">当店は、ディーラーや自動車メーカーのマットを制作してきた<br>
老舗のフロアマットメーカーですが、楽天でのネット通販の歴史は浅いので、<br>
レビューの数が消して多くはありません。<br>
<br>
他店のレビューが多いマットと比べても、品質の良さとコストパフォーマンスには<br>
自信を持っておりますので、どうか、皆様の評価をいただいて、<br>
多くの方に、安心してご購入いただけるようご協力お願い申し上げます。<br>
<br>
レビューの書き方はコチラ</font></div>
<br>
<br>",ZERO（ゼロ）フロアマット アウディ S4アバント （B8） 2009/5～ 8KC 【ZEORO2000・プレミアム】（自動車 フロアーマット カーマット）：フロアマット通販店ワールドマット,ZERO（ゼロ）フロアマット アウディ S4アバント （B8） 2009/5～ 8KC 【ZEORO2000・プレミアム】（自動車 フロアーマット カーマット）,10%OFFクーポン☆5/17 9:59まで ★送料無料★ 。ZERO（ゼロ）フロアマット アウディ S4アバント （B8） 2009/5～ 8KC 【ZEORO2000・プレミアム】（自動車 フロアーマット カーマット）[rn]
12-36890,http://tshop.r10s.jp/worldmat/cabinet/zero/pr_mt.jpg?fitin=700:700,17600.0000,,車用品・バイク用品 > カー用品 > 内装パーツ > フロアマット > アウディ用,ZERO（ゼロ）フロアマット アウディ A4アバント （B8） 2008/3～ 8KC 【ZEORO2000・プレミアム】（自動車 フロアーマット カーマット）,,"<ul class=""description"">
<li class=""item_list"">カラー</li>
<li class=""item"">【ZERO2000シリーズ】 ブラック（黒色）/グレー（灰色）/アイボリー<br>【プレミアムスタンダードシリーズ】 ブラック（黒色）/グレー（灰色）/ベージュ</li>
<li class=""item_list"">メーカー</li>
<li class=""item"">Audi（アウディ）</li>
<li class=""item_list"">車種</li>
<li class=""item"">A4アバント （B8）（エーヨン）</li>
<li class=""item""><img src=""http://image.rakuten.co.jp/worldmat/cabinet/foreigncar/audi-a4avant-b8_c.jpg"" alt=""アウディ A4アバント （B8） 2008/3～ 8KC"" width=""250"" height=""125"" border=""0""></li>
<li class=""item_list"">年式</li>
<li class=""item"">2008/3～</li>
<li class=""item_list"">型式</li>
<li class=""item"">8KC</li>
<li class=""item_list"">ハンドル位置</li>
<li class=""item"">左右ハンドル</li>
<li class=""item_list"">マット点数</li>
<li class=""item"">5点（フロント2枚、リア3枚）　<font color=""#FF0000"">アバント専用　※セダンは別型になります。</font></li>
<li class=""item_list"">ズレ止めの仕様</li>
<li class=""item"">純正に対応したストッパー<br>
<br>
（※出荷工場、左右ハンドル、購入されるマットの色柄等により変わる場合がございます。ご購入後の返品はお受けできませんので、ズレ止めの仕様にこだわりをお持ちの方は、ご購入前にお問い合わせ下さい。）</li>
<li class=""item_list"">納期</li>
<li class=""item"">3～8日以内に発送します</li>
<li class=""item_list"">ご注意事項</li>
<li class=""item_red"">フロアマットの形状は、車種以外にも、年式・型式・その他上記事項によって変わります。(画像はサンプルマットです。)<br>
商品名とその他の項目をご確認の上、ご購入ください。<br>
<br>
受注生産品のため、返品は不可ですので、ご了承くださいませ。</li>
<li class=""item"">ズレ止めの仕様など、純正品と異なる場合があります。<br>
※詳しくはご購入前に、「フロアマットに関する注意事項」をお読みくださいませ。</li>
</ul>
<ul class=""line_up"">
<li class=""line_up"">
<p class=""line_up_img""><img src=""http://image.rakuten.co.jp/worldmat/cabinet/r/f1_140.jpg"" alt=""アウディ A4アバント （B8） 2008/3～ 8KC カーマット"" width=""140"" height=""140"" border=""0""></p>
<p class=""line_up_txt"">アウディ A4アバント （B8） フロアーマット 2008/3～ 8KC 【ワールドF1シリーズ】<br>マットの厚み約17mm！（毛足の長さはふかふかの13mm！）<br>裏面は高級仕様のフエルトバッキング</p>
</li>
<li class=""line_up"">
<p class=""line_up_img""><img src=""http://image.rakuten.co.jp/worldmat/cabinet/r/sp1_140.jpg"" alt=""アウディ A4アバント （B8） 2008/3～ 8KC カーマット"" width=""140"" height=""140"" border=""0""></p>
<p class=""line_up_txt"">アウディA4アバント （B8） フロアーマット 2008/3～ 8KC 【ワールドSP1シリーズ】<br>当店最上級シリーズ☆<br>9色から選べる♪<br>ボリュームたっぷりの生地で車内がリビングルームに</p>
</li>
</ul><br>
<div align=""center"">
<img src=""https://image.rakuten.co.jp/worldmat/cabinet/kikaku/w_20170514_616.jpg"" width=""619px"" height=""190px"" alt=""【72時間限定！！新生活応援キャンペーン】 全商品10%OFFクーポン！＆送料無料！！ 開催期間：5月14日（日）10:00～5月17日（水）AM9:59まで"" border=""0""><br>
<br>
<font size=""2"" color=""red"">当店は、ディーラーや自動車メーカーのマットを制作してきた<br>
老舗のフロアマットメーカーですが、楽天でのネット通販の歴史は浅いので、<br>
レビューの数が消して多くはありません。<br>
<br>
他店のレビューが多いマットと比べても、品質の良さとコストパフォーマンスには<br>
自信を持っておりますので、どうか、皆様の評価をいただいて、<br>
多くの方に、安心してご購入いただけるようご協力お願い申し上げます。<br>
<br>
レビューの書き方はコチラ</font></div>
<br>
<br>",ZERO（ゼロ）フロアマット アウディ A4アバント （B8） 2008/3～ 8KC 【ZEORO2000・プレミアム】（自動車 フロアーマット カーマット）：フロアマット通販店ワールドマット,ZERO（ゼロ）フロアマット アウディ A4アバント （B8） 2008/3～ 8KC 【ZEORO2000・プレミアム】（自動車 フロアーマット カーマット）,10%OFFクーポン☆5/17 9:59まで ★送料無料★ 。ZERO（ゼロ）フロアマット アウディ A4アバント （B8） 2008/3～ 8KC 【ZEORO2000・プレミアム】（自動車 フロアーマット カーマット）[rn]
12-36891,http://tshop.r10s.jp/worldmat/cabinet/zero/pr_mt.jpg?fitin=700:700,17600.0000,,車用品・バイク用品 > カー用品 > 内装パーツ > フロアマット > アウディ用,ZERO（ゼロ）フロアマット アウディ Q5 2009/6～ 8RC 【ZEORO2000・プレミアム】（自動車 フロアーマット カーマット）,,"<ul class=""description"">
<li class=""item_list"">カラー</li>
<li class=""item"">【ZERO2000シリーズ】 ブラック（黒色）/グレー（灰色）/アイボリー<br>【プレミアムスタンダードシリーズ】 ブラック（黒色）/グレー（灰色）/ベージュ</li>
<li class=""item_list"">メーカー</li>
<li class=""item"">Audi（アウディ）</li>
<li class=""item_list"">車種</li>
<li class=""item"">Q5（キューファイブ）</li>
<li class=""item""><img src=""http://image.rakuten.co.jp/worldmat/cabinet/foreigncar/audi-q5_c.jpg"" alt=""アウディ Q5 2009/6～ 8RC"" width=""250"" height=""125"" border=""0""></li>
<li class=""item_list"">年式</li>
<li class=""item"">2009/6～</li>
<li class=""item_list"">型式</li>
<li class=""item"">8RC</li>
<li class=""item_list"">ハンドル位置</li>
<li class=""item"">右ハンドル</li>
<li class=""item_list"">マット点数</li>
<li class=""item"">4点</li>
<li class=""item_list"">ズレ止めの仕様</li>
<li class=""item"">純正に対応したストッパー<br>
<br>
（※出荷工場、左右ハンドル、購入されるマットの色柄等により変わる場合がございます。ご購入後の返品はお受けできませんので、ズレ止めの仕様にこだわりをお持ちの方は、ご購入前にお問い合わせ下さい。）</li>
<li class=""item_list"">納期</li>
<li class=""item"">3～8日以内に発送します</li>
<li class=""item_list"">ご注意事項</li>
<li class=""item_red"">フロアマットの形状は、車種以外にも、年式・型式・その他上記事項によって変わります。(画像はサンプルマットです。)<br>
商品名とその他の項目をご確認の上、ご購入ください。<br>
<br>
受注生産品のため、返品は不可ですので、ご了承くださいませ。</li>
<li class=""item"">ズレ止めの仕様など、純正品と異なる場合があります。<br>
※詳しくはご購入前に、「フロアマットに関する注意事項」をお読みくださいませ。</li>
</ul>
<ul class=""line_up"">
<li class=""line_up"">
<p class=""line_up_img""><img src=""http://image.rakuten.co.jp/worldmat/cabinet/r/f1_140.jpg"" alt=""アウディ Q5 2009/6～ 8RC カーマット"" width=""140"" height=""140"" border=""0""></p>
<p class=""line_up_txt"">アウディ Q5 フロアーマット 2009/6～ 8RC 【ワールドF1シリーズ】<br>マットの厚み約17mm！（毛足の長さはふかふかの13mm！）<br>裏面は高級仕様のフエルトバッキング</p>
</li>
<li class=""line_up"">
<p class=""line_up_img""><img src=""http://image.rakuten.co.jp/worldmat/cabinet/r/sp1_140.jpg"" alt=""アウディ Q5 2009/6～ 8RC カーマット"" width=""140"" height=""140"" border=""0""></p>
<p class=""line_up_txt"">アウディQ5 フロアーマット 2009/6～ 8RC 【ワールドSP1シリーズ】<br>当店最上級シリーズ☆<br>9色から選べる♪<br>ボリュームたっぷりの生地で車内がリビングルームに</p>
</li>
</ul><br>
<div align=""center"">
<img src=""https://image.rakuten.co.jp/worldmat/cabinet/kikaku/w_20170514_616.jpg"" width=""619px"" height=""190px"" alt=""【72時間限定！！新生活応援キャンペーン】 全商品10%OFFクーポン！＆送料無料！！ 開催期間：5月14日（日）10:00～5月17日（水）AM9:59まで"" border=""0""><br>
<br>
<font size=""2"" color=""red"">当店は、ディーラーや自動車メーカーのマットを制作してきた<br>
老舗のフロアマットメーカーですが、楽天でのネット通販の歴史は浅いので、<br>
レビューの数が消して多くはありません。<br>
<br>
他店のレビューが多いマットと比べても、品質の良さとコストパフォーマンスには<br>
自信を持っておりますので、どうか、皆様の評価をいただいて、<br>
多くの方に、安心してご購入いただけるようご協力お願い申し上げます。<br>
<br>
レビューの書き方はコチラ</font></div>
<br>
<br>",ZERO（ゼロ）フロアマット アウディ Q5 2009/6～ 8RC 【ZEORO2000・プレミアム】（自動車 フロアーマット カーマット）：フロアマット通販店ワールドマット,ZERO（ゼロ）フロアマット アウディ Q5 2009/6～ 8RC 【ZEORO2000・プレミアム】（自動車 フロアーマット カーマット）,10%OFFクーポン☆5/17 9:59まで ★送料無料★ 。ZERO（ゼロ）フロアマット アウディ Q5 2009/6～ 8RC 【ZEORO2000・プレミアム】（自動車 フロアーマット カーマット）[rn]
12-36892,http://tshop.r10s.jp/worldmat/cabinet/zero/pr_mt.jpg?fitin=700:700,17600.0000,,車用品・バイク用品 > カー用品 > 内装パーツ > フロアマット > アウディ用,ZERO（ゼロ）フロアマット アウディ Q3 2012/5～ 8UC# 【ZEORO2000・プレミアム】（自動車 フロアーマット カーマット）,,"<ul class=""description"">
<li class=""item_list"">カラー</li>
<li class=""item"">【ZERO2000シリーズ】 ブラック（黒色）/グレー（灰色）/アイボリー<br>【プレミアムスタンダードシリーズ】 ブラック（黒色）/グレー（灰色）/ベージュ</li>
<li class=""item_list"">メーカー</li>
<li class=""item"">Audi（アウディ）</li>
<li class=""item_list"">車種</li>
<li class=""item"">Q3（キュースリー）</li>
<li class=""item""><img src=""http://image.rakuten.co.jp/worldmat/cabinet/foreigncar/audi-q3_c.jpg"" alt=""アウディ Q3 2012/5～ 8UC#"" width=""250"" height=""125"" border=""0""></li>
<li class=""item_list"">年式</li>
<li class=""item"">2012/5～</li>
<li class=""item_list"">型式</li>
<li class=""item"">8UC#</li>
<li class=""item_list"">ハンドル位置</li>
<li class=""item"">右ハンドル</li>
<li class=""item_list"">マット点数</li>
<li class=""item"">4点（フロント2枚、リア2枚）</li>
<li class=""item_list"">ズレ止めの仕様</li>
<li class=""item"">純正に対応したストッパー<br>
<br>
（※出荷工場、左右ハンドル、購入されるマットの色柄等により変わる場合がございます。ご購入後の返品はお受けできませんので、ズレ止めの仕様にこだわりをお持ちの方は、ご購入前にお問い合わせ下さい。）</li>
<li class=""item_list"">納期</li>
<li class=""item"">3～8日以内に発送します</li>
<li class=""item_list"">ご注意事項</li>
<li class=""item_red"">フロアマットの形状は、車種以外にも、年式・型式・その他上記事項によって変わります。(画像はサンプルマットです。)<br>
商品名とその他の項目をご確認の上、ご購入ください。<br>
<br>
受注生産品のため、返品は不可ですので、ご了承くださいませ。</li>
<li class=""item"">ズレ止めの仕様など、純正品と異なる場合があります。<br>
※詳しくはご購入前に、「フロアマットに関する注意事項」をお読みくださいませ。</li>
</ul>
<ul class=""line_up"">
<li class=""line_up"">
<p class=""line_up_img""><img src=""http://image.rakuten.co.jp/worldmat/cabinet/r/f1_140.jpg"" alt=""アウディ Q3 2012/5～ 8UC# カーマット"" width=""140"" height=""140"" border=""0""></p>
<p class=""line_up_txt"">アウディ Q3 フロアーマット 2012/5～ 8UC# 【ワールドF1シリーズ】<br>マットの厚み約17mm！（毛足の長さはふかふかの13mm！）<br>裏面は高級仕様のフエルトバッキング</p>
</li>
<li class=""line_up"">
<p class=""line_up_img""><img src=""http://image.rakuten.co.jp/worldmat/cabinet/r/sp1_140.jpg"" alt=""アウディ Q3 2012/5～ 8UC# カーマット"" width=""140"" height=""140"" border=""0""></p>
<p class=""line_up_txt"">アウディQ3 フロアーマット 2012/5～ 8UC# 【ワールドSP1シリーズ】<br>当店最上級シリーズ☆<br>9色から選べる♪<br>ボリュームたっぷりの生地で車内がリビングルームに</p>
</li>
</ul><br>
<div align=""center"">
<img src=""https://image.rakuten.co.jp/worldmat/cabinet/kikaku/w_20170514_616.jpg"" width=""619px"" height=""190px"" alt=""【72時間限定！！新生活応援キャンペーン】 全商品10%OFFクーポン！＆送料無料！！ 開催期間：5月14日（日）10:00～5月17日（水）AM9:59まで"" border=""0""><br>
<br>
<font size=""2"" color=""red"">当店は、ディーラーや自動車メーカーのマットを制作してきた<br>
老舗のフロアマットメーカーですが、楽天でのネット通販の歴史は浅いので、<br>
レビューの数が消して多くはありません。<br>
<br>
他店のレビューが多いマットと比べても、品質の良さとコストパフォーマンスには<br>
自信を持っておりますので、どうか、皆様の評価をいただいて、<br>
多くの方に、安心してご購入いただけるようご協力お願い申し上げます。<br>
<br>
レビューの書き方はコチラ</font></div>
<br>
<br>",ZERO（ゼロ）フロアマット アウディ Q3 2012/5～ 8UC# 【ZEORO2000・プレミアム】（自動車 フロアーマット カーマット）：フロアマット通販店ワールドマット,ZERO（ゼロ）フロアマット アウディ Q3 2012/5～ 8UC# 【ZEORO2000・プレミアム】（自動車 フロアーマット カーマット）,10%OFFクーポン☆5/17 9:59まで ★送料無料★ 。ZERO（ゼロ）フロアマット アウディ Q3 2012/5～ 8UC# 【ZEORO2000・プレミアム】（自動車 フロアーマット カーマット）[rn]
12-36893,http://tshop.r10s.jp/worldmat/cabinet/zero/pr_mt.jpg?fitin=700:700,20000.0000,,車用品・バイク用品 > カー用品 > 内装パーツ > フロアマット > アウディ用,ZERO（ゼロ）フロアマット アウディ S8（D3） 2006/6～2010/12 4EBSMF 【ZEORO2000・プレミアム】（自動車 フロアーマット カーマット）,,"<ul class=""description"">
<li class=""item_list"">カラー</li>
<li class=""item"">【ZERO2000シリーズ】 ブラック（黒色）/グレー（灰色）/アイボリー<br>【プレミアムスタンダードシリーズ】 ブラック（黒色）/グレー（灰色）/ベージュ</li>
<li class=""item_list"">メーカー</li>
<li class=""item"">Audi（アウディ）</li>
<li class=""item_list"">車種</li>
<li class=""item"">S8（D3）（エスエイト）</li>
<li class=""item""><img src=""http://image.rakuten.co.jp/worldmat/cabinet/foreigncar/audi-s8_c.jpg"" alt=""アウディ S8（D3） 2006/6～2010/12 4EBSMF"" width=""250"" height=""125"" border=""0""></li>
<li class=""item_list"">年式</li>
<li class=""item"">2006/6～2010/12</li>
<li class=""item_list"">型式</li>
<li class=""item"">4EBSMF</li>
<li class=""item_list"">ハンドル位置</li>
<li class=""item"">左右ハンドル</li>
<li class=""item_list"">マット点数</li>
<li class=""item"">4点</li>
<li class=""item_list"">ズレ止めの仕様</li>
<li class=""item"">純正に対応したストッパー<br>
<br>
（※出荷工場、左右ハンドル、購入されるマットの色柄等により変わる場合がございます。ご購入後の返品はお受けできませんので、ズレ止めの仕様にこだわりをお持ちの方は、ご購入前にお問い合わせ下さい。）</li>
<li class=""item_list"">納期</li>
<li class=""item"">3～8日以内に発送します</li>
<li class=""item_list"">ご注意事項</li>
<li class=""item_red"">フロアマットの形状は、車種以外にも、年式・型式・その他上記事項によって変わります。(画像はサンプルマットです。)<br>
商品名とその他の項目をご確認の上、ご購入ください。<br>
<br>
受注生産品のため、返品は不可ですので、ご了承くださいませ。</li>
<li class=""item"">ズレ止めの仕様など、純正品と異なる場合があります。<br>
※詳しくはご購入前に、「フロアマットに関する注意事項」をお読みくださいませ。</li>
</ul>
<ul class=""line_up"">
<li class=""line_up"">
<p class=""line_up_img""><img src=""http://image.rakuten.co.jp/worldmat/cabinet/r/f1_140.jpg"" alt=""アウディ S8（D3） 2006/6～2010/12 4EBSMF カーマット"" width=""140"" height=""140"" border=""0""></p>
<p class=""line_up_txt"">アウディ S8（D3） フロアーマット 2006/6～2010/12 4EBSMF 【ワールドF1シリーズ】<br>マットの厚み約17mm！（毛足の長さはふかふかの13mm！）<br>裏面は高級仕様のフエルトバッキング</p>
</li>
<li class=""line_up"">
<p class=""line_up_img""><img src=""http://image.rakuten.co.jp/worldmat/cabinet/r/sp1_140.jpg"" alt=""アウディ S8（D3） 2006/6～2010/12 4EBSMF カーマット"" width=""140"" height=""140"" border=""0""></p>
<p class=""line_up_txt"">アウディS8（D3） フロアーマット 2006/6～2010/12 4EBSMF 【ワールドSP1シリーズ】<br>当店最上級シリーズ☆<br>9色から選べる♪<br>ボリュームたっぷりの生地で車内がリビングルームに</p>
</li>
</ul><br>
<div align=""center"">
<img src=""https://image.rakuten.co.jp/worldmat/cabinet/kikaku/w_20170514_616.jpg"" width=""619px"" height=""190px"" alt=""【72時間限定！！新生活応援キャンペーン】 全商品10%OFFクーポン！＆送料無料！！ 開催期間：5月14日（日）10:00～5月17日（水）AM9:59まで"" border=""0""><br>
<br>
<font size=""2"" color=""red"">当店は、ディーラーや自動車メーカーのマットを制作してきた<br>
老舗のフロアマットメーカーですが、楽天でのネット通販の歴史は浅いので、<br>
レビューの数が消して多くはありません。<br>
<br>
他店のレビューが多いマットと比べても、品質の良さとコストパフォーマンスには<br>
自信を持っておりますので、どうか、皆様の評価をいただいて、<br>
多くの方に、安心してご購入いただけるようご協力お願い申し上げます。<br>
<br>
レビューの書き方はコチラ</font></div>
<br>
<br>",ZERO（ゼロ）フロアマット アウディ S8（D3） 2006/6～2010/12 4EBSMF 【ZEORO2000・プレミアム】（自動車 フロアーマット カーマット）：フロアマット通販店ワールドマット,ZERO（ゼロ）フロアマット アウディ S8（D3） 2006/6～2010/12 4EBSMF 【ZEORO2000・プレミアム】（自動車 フロアーマット カーマット）,10%OFFクーポン☆5/17 9:59まで ★送料無料★ 。ZERO（ゼロ）フロアマット アウディ S8（D3） 2006/6～2010/12 4EBSMF 【ZEORO2000・プレミアム】（自動車 フロアーマット カーマット）[rn]
12-36894,http://tshop.r10s.jp/worldmat/cabinet/zero/pr_mt.jpg?fitin=700:700,17600.0000,,車用品・バイク用品 > カー用品 > 内装パーツ > フロアマット > アウディ用,ZERO（ゼロ）フロアマット アウディ A6（C6） 2004/7～2011/8 4FB 【ZEORO2000・プレミアム】（自動車 フロアーマット カーマット）,,"<ul class=""description"">
<li class=""item_list"">カラー</li>
<li class=""item"">【ZERO2000シリーズ】 ブラック（黒色）/グレー（灰色）/アイボリー<br>【プレミアムスタンダードシリーズ】 ブラック（黒色）/グレー（灰色）/ベージュ</li>
<li class=""item_list"">メーカー</li>
<li class=""item"">Audi（アウディ）</li>
<li class=""item_list"">車種</li>
<li class=""item"">A6（C6）（エーロク）</li>
<li class=""item""><img src=""http://image.rakuten.co.jp/worldmat/cabinet/foreigncar/audi-a6-c6_c.jpg"" alt=""アウディ A6（C6） 2004/7～2011/8 4FB"" width=""250"" height=""125"" border=""0""></li>
<li class=""item_list"">年式</li>
<li class=""item"">2004/7～2011/8</li>
<li class=""item_list"">型式</li>
<li class=""item"">4FB</li>
<li class=""item_list"">ハンドル位置</li>
<li class=""item"">左右ハンドル</li>
<li class=""item_list"">マット点数</li>
<li class=""item"">4点</li>
<li class=""item_list"">ズレ止めの仕様</li>
<li class=""item"">純正に対応したストッパー<br>
<br>
（※出荷工場、左右ハンドル、購入されるマットの色柄等により変わる場合がございます。ご購入後の返品はお受けできませんので、ズレ止めの仕様にこだわりをお持ちの方は、ご購入前にお問い合わせ下さい。）</li>
<li class=""item_list"">納期</li>
<li class=""item"">3～8日以内に発送します</li>
<li class=""item_list"">ご注意事項</li>
<li class=""item_red"">フロアマットの形状は、車種以外にも、年式・型式・その他上記事項によって変わります。(画像はサンプルマットです。)<br>
商品名とその他の項目をご確認の上、ご購入ください。<br>
<br>
受注生産品のため、返品は不可ですので、ご了承くださいませ。</li>
<li class=""item"">ズレ止めの仕様など、純正品と異なる場合があります。<br>
※詳しくはご購入前に、「フロアマットに関する注意事項」をお読みくださいませ。</li>
</ul>
<ul class=""line_up"">
<li class=""line_up"">
<p class=""line_up_img""><img src=""http://image.rakuten.co.jp/worldmat/cabinet/r/f1_140.jpg"" alt=""アウディ A6（C6） 2004/7～2011/8 4FB カーマット"" width=""140"" height=""140"" border=""0""></p>
<p class=""line_up_txt"">アウディ A6（C6） フロアーマット 2004/7～2011/8 4FB 【ワールドF1シリーズ】<br>マットの厚み約17mm！（毛足の長さはふかふかの13mm！）<br>裏面は高級仕様のフエルトバッキング</p>
</li>
<li class=""line_up"">
<p class=""line_up_img""><img src=""http://image.rakuten.co.jp/worldmat/cabinet/r/sp1_140.jpg"" alt=""アウディ A6（C6） 2004/7～2011/8 4FB カーマット"" width=""140"" height=""140"" border=""0""></p>
<p class=""line_up_txt"">アウディA6（C6） フロアーマット 2004/7～2011/8 4FB 【ワールドSP1シリーズ】<br>当店最上級シリーズ☆<br>9色から選べる♪<br>ボリュームたっぷりの生地で車内がリビングルームに</p>
</li>
</ul><br>
<div align=""center"">
<img src=""https://image.rakuten.co.jp/worldmat/cabinet/kikaku/w_20170514_616.jpg"" width=""619px"" height=""190px"" alt=""【72時間限定！！新生活応援キャンペーン】 全商品10%OFFクーポン！＆送料無料！！ 開催期間：5月14日（日）10:00～5月17日（水）AM9:59まで"" border=""0""><br>
<br>
<font size=""2"" color=""red"">当店は、ディーラーや自動車メーカーのマットを制作してきた<br>
老舗のフロアマットメーカーですが、楽天でのネット通販の歴史は浅いので、<br>
レビューの数が消して多くはありません。<br>
<br>
他店のレビューが多いマットと比べても、品質の良さとコストパフォーマンスには<br>
自信を持っておりますので、どうか、皆様の評価をいただいて、<br>
多くの方に、安心してご購入いただけるようご協力お願い申し上げます。<br>
<br>
レビューの書き方はコチラ</font></div>
<br>
<br>",ZERO（ゼロ）フロアマット アウディ A6（C6） 2004/7～2011/8 4FB 【ZEORO2000・プレミアム】（自動車 フロアーマット カーマット）：フロアマット通販店ワールドマット,ZERO（ゼロ）フロアマット アウディ A6（C6） 2004/7～2011/8 4FB 【ZEORO2000・プレミアム】（自動車 フロアーマット カーマット）,10%OFFクーポン☆5/17 9:59まで ★送料無料★ 。ZERO（ゼロ）フロアマット アウディ A6（C6） 2004/7～2011/8 4FB 【ZEORO2000・プレミアム】（自動車 フロアーマット カーマット）[rn]
12-36895,http://tshop.r10s.jp/worldmat/cabinet/zero/pr_mt.jpg?fitin=700:700,22400.0000,,車用品・バイク用品 > カー用品 > 内装パーツ > フロアマット > アウディ用,ZERO（ゼロ）フロアマット アウディ Q7（7L） 【7人乗り】 2006/10～ 4L# 【ZEORO2000・プレミアム】（自動車 フロアーマット カーマット）,,"<ul class=""description"">
<li class=""item_list"">カラー</li>
<li class=""item"">【ZERO2000シリーズ】 ブラック（黒色）/グレー（灰色）/アイボリー<br>【プレミアムスタンダードシリーズ】 ブラック（黒色）/グレー（灰色）/ベージュ</li>
<li class=""item_list"">メーカー</li>
<li class=""item"">Audi（アウディ）</li>
<li class=""item_list"">車種</li>
<li class=""item"">Q7（7L） 【7人乗り】（キューセブン）</li>
<li class=""item""><img src=""http://image.rakuten.co.jp/worldmat/cabinet/foreigncar/audi-q7-7l-7_c.jpg"" alt=""アウディ Q7（7L） 【7人乗り】 2006/10～ 4L#"" width=""250"" height=""125"" border=""0""></li>
<li class=""item_list"">年式</li>
<li class=""item"">2006/10～</li>
<li class=""item_list"">型式</li>
<li class=""item"">4L#</li>
<li class=""item_list"">ハンドル位置</li>
<li class=""item"">左右ハンドル</li>
<li class=""item_list"">マット点数</li>
<li class=""item"">5点（フロント2枚、リア2枚、3列目1枚）</li>
<li class=""item_list"">ズレ止めの仕様</li>
<li class=""item"">純正に対応したストッパー<br>
<br>
（※出荷工場、左右ハンドル、購入されるマットの色柄等により変わる場合がございます。ご購入後の返品はお受けできませんので、ズレ止めの仕様にこだわりをお持ちの方は、ご購入前にお問い合わせ下さい。）</li>
<li class=""item_list"">納期</li>
<li class=""item"">3～8日以内に発送します</li>
<li class=""item_list"">ご注意事項</li>
<li class=""item_red"">フロアマットの形状は、車種以外にも、年式・型式・その他上記事項によって変わります。(画像はサンプルマットです。)<br>
商品名とその他の項目をご確認の上、ご購入ください。<br>
<br>
受注生産品のため、返品は不可ですので、ご了承くださいませ。</li>
<li class=""item"">ズレ止めの仕様など、純正品と異なる場合があります。<br>
※詳しくはご購入前に、「フロアマットに関する注意事項」をお読みくださいませ。</li>
</ul>
<ul class=""line_up"">
<li class=""line_up"">
<p class=""line_up_img""><img src=""http://image.rakuten.co.jp/worldmat/cabinet/r/f1_140.jpg"" alt=""アウディ Q7（7L） 【7人乗り】 2006/10～ 4L# カーマット"" width=""140"" height=""140"" border=""0""></p>
<p class=""line_up_txt"">アウディ Q7（7L） 【7人乗り】 フロアーマット 2006/10～ 4L# 【ワールドF1シリーズ】<br>マットの厚み約17mm！（毛足の長さはふかふかの13mm！）<br>裏面は高級仕様のフエルトバッキング</p>
</li>
<li class=""line_up"">
<p class=""line_up_img""><img src=""http://image.rakuten.co.jp/worldmat/cabinet/r/sp1_140.jpg"" alt=""アウディ Q7（7L） 【7人乗り】 2006/10～ 4L# カーマット"" width=""140"" height=""140"" border=""0""></p>
<p class=""line_up_txt"">アウディQ7（7L） 【7人乗り】 フロアーマット 2006/10～ 4L# 【ワールドSP1シリーズ】<br>当店最上級シリーズ☆<br>9色から選べる♪<br>ボリュームたっぷりの生地で車内がリビングルームに</p>
</li>
</ul><br>
<div align=""center"">
<img src=""https://image.rakuten.co.jp/worldmat/cabinet/kikaku/w_20170514_616.jpg"" width=""619px"" height=""190px"" alt=""【72時間限定！！新生活応援キャンペーン】 全商品10%OFFクーポン！＆送料無料！！ 開催期間：5月14日（日）10:00～5月17日（水）AM9:59まで"" border=""0""><br>
<br>
<font size=""2"" color=""red"">当店は、ディーラーや自動車メーカーのマットを制作してきた<br>
老舗のフロアマットメーカーですが、楽天でのネット通販の歴史は浅いので、<br>
レビューの数が消して多くはありません。<br>
<br>
他店のレビューが多いマットと比べても、品質の良さとコストパフォーマンスには<br>
自信を持っておりますので、どうか、皆様の評価をいただいて、<br>
多くの方に、安心してご購入いただけるようご協力お願い申し上げます。<br>
<br>
レビューの書き方はコチラ</font></div>
<br>
<br>",ZERO（ゼロ）フロアマット アウディ Q7（7L） 【7人乗り】 2006/10～ 4L# 【ZEORO2000・プレミアム】（自動車 フロアーマット カーマット）：フロアマット通販店ワールドマット,ZERO（ゼロ）フロアマット アウディ Q7（7L） 【7人乗り】 2006/10～ 4L# 【ZEORO2000・プレミアム】（自動車 フロアーマット カーマット）,10%OFFクーポン☆5/17 9:59まで ★送料無料★ 。ZERO（ゼロ）フロアマット アウディ Q7（7L） 【7人乗り】 2006/10～ 4L# 【ZEORO2000・プレミアム】（自動車 フロアーマット カーマット）[rn]
12-36896,http://tshop.r10s.jp/worldmat/cabinet/zero/pr_mt.jpg?fitin=700:700,17600.0000,,車用品・バイク用品 > カー用品 > 内装パーツ > フロアマット > アウディ用,ZERO（ゼロ）フロアマット アウディ A4セダン （B8） 2008/3～ 8KC 【ZEORO2000・プレミアム】（自動車 フロアーマット カーマット）,,"<ul class=""description"">
<li class=""item_list"">カラー</li>
<li class=""item"">【ZERO2000シリーズ】 ブラック（黒色）/グレー（灰色）/アイボリー<br>【プレミアムスタンダードシリーズ】 ブラック（黒色）/グレー（灰色）/ベージュ</li>
<li class=""item_list"">メーカー</li>
<li class=""item"">Audi（アウディ）</li>
<li class=""item_list"">車種</li>
<li class=""item"">A4セダン （B8）（エーヨン）</li>
<li class=""item""><img src=""http://image.rakuten.co.jp/worldmat/cabinet/foreigncar/audi-a4-b8_c.jpg"" alt=""アウディ A4セダン （B8） 2008/3～ 8KC"" width=""250"" height=""125"" border=""0""></li>
<li class=""item_list"">年式</li>
<li class=""item"">2008/3～</li>
<li class=""item_list"">型式</li>
<li class=""item"">8KC</li>
<li class=""item_list"">ハンドル位置</li>
<li class=""item"">左右ハンドル</li>
<li class=""item_list"">マット点数</li>
<li class=""item"">5点（フロント2枚、リア3枚）　<font color=""#FF0000"">セダン専用　※アバントは別型になります。</font></li>
<li class=""item_list"">ズレ止めの仕様</li>
<li class=""item"">純正に対応したストッパー<br>
<br>
（※出荷工場、左右ハンドル、購入されるマットの色柄等により変わる場合がございます。ご購入後の返品はお受けできませんので、ズレ止めの仕様にこだわりをお持ちの方は、ご購入前にお問い合わせ下さい。）</li>
<li class=""item_list"">納期</li>
<li class=""item"">3～8日以内に発送します</li>
<li class=""item_list"">ご注意事項</li>
<li class=""item_red"">フロアマットの形状は、車種以外にも、年式・型式・その他上記事項によって変わります。(画像はサンプルマットです。)<br>
商品名とその他の項目をご確認の上、ご購入ください。<br>
<br>
受注生産品のため、返品は不可ですので、ご了承くださいませ。</li>
<li class=""item"">ズレ止めの仕様など、純正品と異なる場合があります。<br>
※詳しくはご購入前に、「フロアマットに関する注意事項」をお読みくださいませ。</li>
</ul>
<ul class=""line_up"">
<li class=""line_up"">
<p class=""line_up_img""><img src=""http://image.rakuten.co.jp/worldmat/cabinet/r/f1_140.jpg"" alt=""アウディ A4セダン （B8） 2008/3～ 8KC カーマット"" width=""140"" height=""140"" border=""0""></p>
<p class=""line_up_txt"">アウディ A4セダン （B8） フロアーマット 2008/3～ 8KC 【ワールドF1シリーズ】<br>マットの厚み約17mm！（毛足の長さはふかふかの13mm！）<br>裏面は高級仕様のフエルトバッキング</p>
</li>
<li class=""line_up"">
<p class=""line_up_img""><img src=""http://image.rakuten.co.jp/worldmat/cabinet/r/sp1_140.jpg"" alt=""アウディ A4セダン （B8） 2008/3～ 8KC カーマット"" width=""140"" height=""140"" border=""0""></p>
<p class=""line_up_txt"">アウディA4セダン （B8） フロアーマット 2008/3～ 8KC 【ワールドSP1シリーズ】<br>当店最上級シリーズ☆<br>9色から選べる♪<br>ボリュームたっぷりの生地で車内がリビングルームに</p>
</li>
</ul><br>
<div align=""center"">
<img src=""https://image.rakuten.co.jp/worldmat/cabinet/kikaku/w_20170514_616.jpg"" width=""619px"" height=""190px"" alt=""【72時間限定！！新生活応援キャンペーン】 全商品10%OFFクーポン！＆送料無料！！ 開催期間：5月14日（日）10:00～5月17日（水）AM9:59まで"" border=""0""><br>
<br>
<font size=""2"" color=""red"">当店は、ディーラーや自動車メーカーのマットを制作してきた<br>
老舗のフロアマットメーカーですが、楽天でのネット通販の歴史は浅いので、<br>
レビューの数が消して多くはありません。<br>
<br>
他店のレビューが多いマットと比べても、品質の良さとコストパフォーマンスには<br>
自信を持っておりますので、どうか、皆様の評価をいただいて、<br>
多くの方に、安心してご購入いただけるようご協力お願い申し上げます。<br>
<br>
レビューの書き方はコチラ</font></div>
<br>
<br>",ZERO（ゼロ）フロアマット アウディ A4セダン （B8） 2008/3～ 8KC 【ZEORO2000・プレミアム】（自動車 フロアーマット カーマット）：フロアマット通販店ワールドマット,ZERO（ゼロ）フロアマット アウディ A4セダン （B8） 2008/3～ 8KC 【ZEORO2000・プレミアム】（自動車 フロアーマット カーマット）,10%OFFクーポン☆5/17 9:59まで ★送料無料★ 。ZERO（ゼロ）フロアマット アウディ A4セダン （B8） 2008/3～ 8KC 【ZEORO2000・プレミアム】（自動車 フロアーマット カーマット）[rn]
12-36897,http://tshop.r10s.jp/worldmat/cabinet/zero/pr_mt.jpg?fitin=700:700,17600.0000,,車用品・バイク用品 > カー用品 > 内装パーツ > フロアマット > アウディ用,ZERO（ゼロ）フロアマット アウディ Q7（7L） 【5人乗り】 2006/10～ 4L# 【ZEORO2000・プレミアム】（自動車 フロアーマット カーマット）,,"<ul class=""description"">
<li class=""item_list"">カラー</li>
<li class=""item"">【ZERO2000シリーズ】 ブラック（黒色）/グレー（灰色）/アイボリー<br>【プレミアムスタンダードシリーズ】 ブラック（黒色）/グレー（灰色）/ベージュ</li>
<li class=""item_list"">メーカー</li>
<li class=""item"">Audi（アウディ）</li>
<li class=""item_list"">車種</li>
<li class=""item"">Q7（7L） 【5人乗り】（キューセブン）</li>
<li class=""item""><img src=""http://image.rakuten.co.jp/worldmat/cabinet/foreigncar/audi-q7-7l-5_c.jpg"" alt=""アウディ Q7（7L） 【5人乗り】 2006/10～ 4L#"" width=""250"" height=""125"" border=""0""></li>
<li class=""item_list"">年式</li>
<li class=""item"">2006/10～</li>
<li class=""item_list"">型式</li>
<li class=""item"">4L#</li>
<li class=""item_list"">ハンドル位置</li>
<li class=""item"">左右ハンドル</li>
<li class=""item_list"">マット点数</li>
<li class=""item"">4点（フロント2枚、リア2枚）</li>
<li class=""item_list"">ズレ止めの仕様</li>
<li class=""item"">純正に対応したストッパー<br>
<br>
（※出荷工場、左右ハンドル、購入されるマットの色柄等により変わる場合がございます。ご購入後の返品はお受けできませんので、ズレ止めの仕様にこだわりをお持ちの方は、ご購入前にお問い合わせ下さい。）</li>
<li class=""item_list"">納期</li>
<li class=""item"">3～8日以内に発送します</li>
<li class=""item_list"">ご注意事項</li>
<li class=""item_red"">フロアマットの形状は、車種以外にも、年式・型式・その他上記事項によって変わります。(画像はサンプルマットです。)<br>
商品名とその他の項目をご確認の上、ご購入ください。<br>
<br>
受注生産品のため、返品は不可ですので、ご了承くださいませ。</li>
<li class=""item"">ズレ止めの仕様など、純正品と異なる場合があります。<br>
※詳しくはご購入前に、「フロアマットに関する注意事項」をお読みくださいませ。</li>
</ul>
<ul class=""line_up"">
<li class=""line_up"">
<p class=""line_up_img""><img src=""http://image.rakuten.co.jp/worldmat/cabinet/r/f1_140.jpg"" alt=""アウディ Q7（7L） 【5人乗り】 2006/10～ 4L# カーマット"" width=""140"" height=""140"" border=""0""></p>
<p class=""line_up_txt"">アウディ Q7（7L） 【5人乗り】 フロアーマット 2006/10～ 4L# 【ワールドF1シリーズ】<br>マットの厚み約17mm！（毛足の長さはふかふかの13mm！）<br>裏面は高級仕様のフエルトバッキング</p>
</li>
<li class=""line_up"">
<p class=""line_up_img""><img src=""http://image.rakuten.co.jp/worldmat/cabinet/r/sp1_140.jpg"" alt=""アウディ Q7（7L） 【5人乗り】 2006/10～ 4L# カーマット"" width=""140"" height=""140"" border=""0""></p>
<p class=""line_up_txt"">アウディQ7（7L） 【5人乗り】 フロアーマット 2006/10～ 4L# 【ワールドSP1シリーズ】<br>当店最上級シリーズ☆<br>9色から選べる♪<br>ボリュームたっぷりの生地で車内がリビングルームに</p>
</li>
</ul><br>
<div align=""center"">
<img src=""https://image.rakuten.co.jp/worldmat/cabinet/kikaku/w_20170514_616.jpg"" width=""619px"" height=""190px"" alt=""【72時間限定！！新生活応援キャンペーン】 全商品10%OFFクーポン！＆送料無料！！ 開催期間：5月14日（日）10:00～5月17日（水）AM9:59まで"" border=""0""><br>
<br>
<font size=""2"" color=""red"">当店は、ディーラーや自動車メーカーのマットを制作してきた<br>
老舗のフロアマットメーカーですが、楽天でのネット通販の歴史は浅いので、<br>
レビューの数が消して多くはありません。<br>
<br>
他店のレビューが多いマットと比べても、品質の良さとコストパフォーマンスには<br>
自信を持っておりますので、どうか、皆様の評価をいただいて、<br>
多くの方に、安心してご購入いただけるようご協力お願い申し上げます。<br>
<br>
レビューの書き方はコチラ</font></div>
<br>
<br>",ZERO（ゼロ）フロアマット アウディ Q7（7L） 【5人乗り】 2006/10～ 4L# 【ZEORO2000・プレミアム】（自動車 フロアーマット カーマット）：フロアマット通販店ワールドマット,ZERO（ゼロ）フロアマット アウディ Q7（7L） 【5人乗り】 2006/10～ 4L# 【ZEORO2000・プレミアム】（自動車 フロアーマット カーマット）,10%OFFクーポン☆5/17 9:59まで ★送料無料★ 。ZERO（ゼロ）フロアマット アウディ Q7（7L） 【5人乗り】 2006/10～ 4L# 【ZEORO2000・プレミアム】（自動車 フロアーマット カーマット）[rn]
12-36898,http://tshop.r10s.jp/worldmat/cabinet/zero/pr_mt.jpg?fitin=700:700,17600.0000,,車用品・バイク用品 > カー用品 > 内装パーツ > フロアマット > アウディ用,ZERO（ゼロ）フロアマット アウディ A4（B6/B7） 2001/5～2008/3 8EA、8EB 【ZEORO2000・プレミアム】（自動車 フロアーマット カーマット）,,"<ul class=""description"">
<li class=""item_list"">カラー</li>
<li class=""item"">【ZERO2000シリーズ】 ブラック（黒色）/グレー（灰色）/アイボリー<br>【プレミアムスタンダードシリーズ】 ブラック（黒色）/グレー（灰色）/ベージュ</li>
<li class=""item_list"">メーカー</li>
<li class=""item"">Audi（アウディ）</li>
<li class=""item_list"">車種</li>
<li class=""item"">A4（B6/B7）（エーヨン）</li>
<li class=""item""><img src=""http://image.rakuten.co.jp/worldmat/cabinet/foreigncar/audi-a4-b6b7_c.jpg"" alt=""アウディ A4（B6/B7） 2001/5～2008/3 8EA、8EB"" width=""250"" height=""125"" border=""0""></li>
<li class=""item_list"">年式</li>
<li class=""item"">2001/5～2008/3</li>
<li class=""item_list"">型式</li>
<li class=""item"">8EA、8EB</li>
<li class=""item_list"">ハンドル位置</li>
<li class=""item"">左右ハンドル</li>
<li class=""item_list"">マット点数</li>
<li class=""item"">4点</li>
<li class=""item_list"">ズレ止めの仕様</li>
<li class=""item"">純正に対応したストッパー<br>
<br>
（※出荷工場、左右ハンドル、購入されるマットの色柄等により変わる場合がございます。ご購入後の返品はお受けできませんので、ズレ止めの仕様にこだわりをお持ちの方は、ご購入前にお問い合わせ下さい。）</li>
<li class=""item_list"">納期</li>
<li class=""item"">3～8日以内に発送します</li>
<li class=""item_list"">ご注意事項</li>
<li class=""item_red"">フロアマットの形状は、車種以外にも、年式・型式・その他上記事項によって変わります。(画像はサンプルマットです。)<br>
商品名とその他の項目をご確認の上、ご購入ください。<br>
<br>
受注生産品のため、返品は不可ですので、ご了承くださいませ。</li>
<li class=""item"">ズレ止めの仕様など、純正品と異なる場合があります。<br>
※詳しくはご購入前に、「フロアマットに関する注意事項」をお読みくださいませ。</li>
</ul>
<ul class=""line_up"">
<li class=""line_up"">
<p class=""line_up_img""><img src=""http://image.rakuten.co.jp/worldmat/cabinet/r/f1_140.jpg"" alt=""アウディ A4（B6/B7） 2001/5～2008/3 8EA、8EB カーマット"" width=""140"" height=""140"" border=""0""></p>
<p class=""line_up_txt"">アウディ A4（B6/B7） フロアーマット 2001/5～2008/3 8EA、8EB 【ワールドF1シリーズ】<br>マットの厚み約17mm！（毛足の長さはふかふかの13mm！）<br>裏面は高級仕様のフエルトバッキング</p>
</li>
<li class=""line_up"">
<p class=""line_up_img""><img src=""http://image.rakuten.co.jp/worldmat/cabinet/r/sp1_140.jpg"" alt=""アウディ A4（B6/B7） 2001/5～2008/3 8EA、8EB カーマット"" width=""140"" height=""140"" border=""0""></p>
<p class=""line_up_txt"">アウディA4（B6/B7） フロアーマット 2001/5～2008/3 8EA、8EB 【ワールドSP1シリーズ】<br>当店最上級シリーズ☆<br>9色から選べる♪<br>ボリュームたっぷりの生地で車内がリビングルームに</p>
</li>
</ul><br>
<div align=""center"">
<img src=""https://image.rakuten.co.jp/worldmat/cabinet/kikaku/w_20170514_616.jpg"" width=""619px"" height=""190px"" alt=""【72時間限定！！新生活応援キャンペーン】 全商品10%OFFクーポン！＆送料無料！！ 開催期間：5月14日（日）10:00～5月17日（水）AM9:59まで"" border=""0""><br>
<br>
<font size=""2"" color=""red"">当店は、ディーラーや自動車メーカーのマットを制作してきた<br>
老舗のフロアマットメーカーですが、楽天でのネット通販の歴史は浅いので、<br>
レビューの数が消して多くはありません。<br>
<br>
他店のレビューが多いマットと比べても、品質の良さとコストパフォーマンスには<br>
自信を持っておりますので、どうか、皆様の評価をいただいて、<br>
多くの方に、安心してご購入いただけるようご協力お願い申し上げます。<br>
<br>
レビューの書き方はコチラ</font></div>
<br>
<br>",ZERO（ゼロ）フロアマット アウディ A4（B6/B7） 2001/5～2008/3 8EA、8EB 【ZEORO2000・プレミアム】（自動車 フロアーマット カーマット）：フロアマット通販店ワールドマット,ZERO（ゼロ）フロアマット アウディ A4（B6/B7） 2001/5～2008/3 8EA、8EB 【ZEORO2000・プレミアム】（自動車 フロアーマット カーマット）,10%OFFクーポン☆5/17 9:59まで ★送料無料★ 。ZERO（ゼロ）フロアマット アウディ A4（B6/B7） 2001/5～2008/3 8EA、8EB 【ZEORO2000・プレミアム】（自動車 フロアーマット カーマット）[rn]
12-36899,http://tshop.r10s.jp/worldmat/cabinet/zero/pr_mt.jpg?fitin=700:700,16800.0000,,車用品・バイク用品 > カー用品 > 内装パーツ > フロアマット > アウディ用,ZERO（ゼロ）フロアマット アウディ A3（A5） 2003/9～2013/9 8PA、8PB 【ZEORO2000・プレミアム】（自動車 フロアーマット カーマット）,,"<ul class=""description"">
<li class=""item_list"">カラー</li>
<li class=""item"">【ZERO2000シリーズ】 ブラック（黒色）/グレー（灰色）/アイボリー<br>【プレミアムスタンダードシリーズ】 ブラック（黒色）/グレー（灰色）/ベージュ</li>
<li class=""item_list"">メーカー</li>
<li class=""item"">Audi（アウディ）</li>
<li class=""item_list"">車種</li>
<li class=""item"">A3（A5）（エーサン）</li>
<li class=""item""><img src=""http://image.rakuten.co.jp/worldmat/cabinet/foreigncar/audi-a3-a5_c.jpg"" alt=""アウディ A3（A5） 2003/9～2013/9 8PA、8PB"" width=""250"" height=""125"" border=""0""></li>
<li class=""item_list"">年式</li>
<li class=""item"">2003/9～2013/9</li>
<li class=""item_list"">型式</li>
<li class=""item"">8PA、8PB</li>
<li class=""item_list"">ハンドル位置</li>
<li class=""item"">右ハンドル</li>
<li class=""item_list"">マット点数</li>
<li class=""item"">4点</li>
<li class=""item_list"">ズレ止めの仕様</li>
<li class=""item"">純正に対応したストッパー<br>
<br>
（※出荷工場、左右ハンドル、購入されるマットの色柄等により変わる場合がございます。ご購入後の返品はお受けできませんので、ズレ止めの仕様にこだわりをお持ちの方は、ご購入前にお問い合わせ下さい。）</li>
<li class=""item_list"">納期</li>
<li class=""item"">3～8日以内に発送します</li>
<li class=""item_list"">ご注意事項</li>
<li class=""item_red"">フロアマットの形状は、車種以外にも、年式・型式・その他上記事項によって変わります。(画像はサンプルマットです。)<br>
商品名とその他の項目をご確認の上、ご購入ください。<br>
<br>
受注生産品のため、返品は不可ですので、ご了承くださいませ。</li>
<li class=""item"">ズレ止めの仕様など、純正品と異なる場合があります。<br>
※詳しくはご購入前に、「フロアマットに関する注意事項」をお読みくださいませ。</li>
</ul>
<ul class=""line_up"">
<li class=""line_up"">
<p class=""line_up_img""><img src=""http://image.rakuten.co.jp/worldmat/cabinet/r/f1_140.jpg"" alt=""アウディ A3（A5） 2003/9～2013/9 8PA、8PB カーマット"" width=""140"" height=""140"" border=""0""></p>
<p class=""line_up_txt"">アウディ A3（A5） フロアーマット 2003/9～2013/9 8PA、8PB 【ワールドF1シリーズ】<br>マットの厚み約17mm！（毛足の長さはふかふかの13mm！）<br>裏面は高級仕様のフエルトバッキング</p>
</li>
<li class=""line_up"">
<p class=""line_up_img""><img src=""http://image.rakuten.co.jp/worldmat/cabinet/r/sp1_140.jpg"" alt=""アウディ A3（A5） 2003/9～2013/9 8PA、8PB カーマット"" width=""140"" height=""140"" border=""0""></p>
<p class=""line_up_txt"">アウディA3（A5） フロアーマット 2003/9～2013/9 8PA、8PB 【ワールドSP1シリーズ】<br>当店最上級シリーズ☆<br>9色から選べる♪<br>ボリュームたっぷりの生地で車内がリビングルームに</p>
</li>
</ul><br>
<div align=""center"">
<img src=""https://image.rakuten.co.jp/worldmat/cabinet/kikaku/w_20170514_616.jpg"" width=""619px"" height=""190px"" alt=""【72時間限定！！新生活応援キャンペーン】 全商品10%OFFクーポン！＆送料無料！！ 開催期間：5月14日（日）10:00～5月17日（水）AM9:59まで"" border=""0""><br>
<br>
<font size=""2"" color=""red"">当店は、ディーラーや自動車メーカーのマットを制作してきた<br>
老舗のフロアマットメーカーですが、楽天でのネット通販の歴史は浅いので、<br>
レビューの数が消して多くはありません。<br>
<br>
他店のレビューが多いマットと比べても、品質の良さとコストパフォーマンスには<br>
自信を持っておりますので、どうか、皆様の評価をいただいて、<br>
多くの方に、安心してご購入いただけるようご協力お願い申し上げます。<br>
<br>
レビューの書き方はコチラ</font></div>
<br>
<br>",ZERO（ゼロ）フロアマット アウディ A3（A5） 2003/9～2013/9 8PA、8PB 【ZEORO2000・プレミアム】（自動車 フロアーマット カーマット）：フロアマット通販店ワールドマット,ZERO（ゼロ）フロアマット アウディ A3（A5） 2003/9～2013/9 8PA、8PB 【ZEORO2000・プレミアム】（自動車 フロアーマット カーマット）,10%OFFクーポン☆5/17 9:59まで ★送料無料★ 。ZERO（ゼロ）フロアマット アウディ A3（A5） 2003/9～2013/9 8PA、8PB 【ZEORO2000・プレミアム】（自動車 フロアーマット カーマット）[rn]
12-36900,http://tshop.r10s.jp/worldmat/cabinet/zero/pr_mt.jpg?fitin=700:700,17600.0000,,車用品・バイク用品 > カー用品 > 内装パーツ > フロアマット > アウディ用,ZERO（ゼロ）フロアマット アウディ S6（C6） 2006/6～2010/8 4FBXAS 【ZEORO2000・プレミアム】（自動車 フロアーマット カーマット）,,"<ul class=""description"">
<li class=""item_list"">カラー</li>
<li class=""item"">【ZERO2000シリーズ】 ブラック（黒色）/グレー（灰色）/アイボリー<br>【プレミアムスタンダードシリーズ】 ブラック（黒色）/グレー（灰色）/ベージュ</li>
<li class=""item_list"">メーカー</li>
<li class=""item"">Audi（アウディ）</li>
<li class=""item_list"">車種</li>
<li class=""item"">S6（C6）（エスロク）</li>
<li class=""item""><img src=""http://image.rakuten.co.jp/worldmat/cabinet/foreigncar/audi-s6-c6_c.jpg"" alt=""アウディ S6（C6） 2006/6～2010/8 4FBXAS"" width=""250"" height=""125"" border=""0""></li>
<li class=""item_list"">年式</li>
<li class=""item"">2006/6～2010/8</li>
<li class=""item_list"">型式</li>
<li class=""item"">4FBXAS</li>
<li class=""item_list"">ハンドル位置</li>
<li class=""item"">左右ハンドル</li>
<li class=""item_list"">マット点数</li>
<li class=""item"">4点（フロント2枚、リア2枚）</li>
<li class=""item_list"">ズレ止めの仕様</li>
<li class=""item"">純正に対応したストッパー<br>
<br>
（※出荷工場、左右ハンドル、購入されるマットの色柄等により変わる場合がございます。ご購入後の返品はお受けできませんので、ズレ止めの仕様にこだわりをお持ちの方は、ご購入前にお問い合わせ下さい。）</li>
<li class=""item_list"">納期</li>
<li class=""item"">3～8日以内に発送します</li>
<li class=""item_list"">ご注意事項</li>
<li class=""item_red"">フロアマットの形状は、車種以外にも、年式・型式・その他上記事項によって変わります。(画像はサンプルマットです。)<br>
商品名とその他の項目をご確認の上、ご購入ください。<br>
<br>
受注生産品のため、返品は不可ですので、ご了承くださいませ。</li>
<li class=""item"">ズレ止めの仕様など、純正品と異なる場合があります。<br>
※詳しくはご購入前に、「フロアマットに関する注意事項」をお読みくださいませ。</li>
</ul>
<ul class=""line_up"">
<li class=""line_up"">
<p class=""line_up_img""><img src=""http://image.rakuten.co.jp/worldmat/cabinet/r/f1_140.jpg"" alt=""アウディ S6（C6） 2006/6～2010/8 4FBXAS カーマット"" width=""140"" height=""140"" border=""0""></p>
<p class=""line_up_txt"">アウディ S6（C6） フロアーマット 2006/6～2010/8 4FBXAS 【ワールドF1シリーズ】<br>マットの厚み約17mm！（毛足の長さはふかふかの13mm！）<br>裏面は高級仕様のフエルトバッキング</p>
</li>
<li class=""line_up"">
<p class=""line_up_img""><img src=""http://image.rakuten.co.jp/worldmat/cabinet/r/sp1_140.jpg"" alt=""アウディ S6（C6） 2006/6～2010/8 4FBXAS カーマット"" width=""140"" height=""140"" border=""0""></p>
<p class=""line_up_txt"">アウディS6（C6） フロアーマット 2006/6～2010/8 4FBXAS 【ワールドSP1シリーズ】<br>当店最上級シリーズ☆<br>9色から選べる♪<br>ボリュームたっぷりの生地で車内がリビングルームに</p>
</li>
</ul><br>
<div align=""center"">
<img src=""https://image.rakuten.co.jp/worldmat/cabinet/kikaku/w_20170514_616.jpg"" width=""619px"" height=""190px"" alt=""【72時間限定！！新生活応援キャンペーン】 全商品10%OFFクーポン！＆送料無料！！ 開催期間：5月14日（日）10:00～5月17日（水）AM9:59まで"" border=""0""><br>
<br>
<font size=""2"" color=""red"">当店は、ディーラーや自動車メーカーのマットを制作してきた<br>
老舗のフロアマットメーカーですが、楽天でのネット通販の歴史は浅いので、<br>
レビューの数が消して多くはありません。<br>
<br>
他店のレビューが多いマットと比べても、品質の良さとコストパフォーマンスには<br>
自信を持っておりますので、どうか、皆様の評価をいただいて、<br>
多くの方に、安心してご購入いただけるようご協力お願い申し上げます。<br>
<br>
レビューの書き方はコチラ</font></div>
<br>
<br>",ZERO（ゼロ）フロアマット アウディ S6（C6） 2006/6～2010/8 4FBXAS 【ZEORO2000・プレミアム】（自動車 フロアーマット カーマット）：フロアマット通販店ワールドマット,ZERO（ゼロ）フロアマット アウディ S6（C6） 2006/6～2010/8 4FBXAS 【ZEORO2000・プレミアム】（自動車 フロアーマット カーマット）,10%OFFクーポン☆5/17 9:59まで ★送料無料★ 。ZERO（ゼロ）フロアマット アウディ S6（C6） 2006/6～2010/8 4FBXAS 【ZEORO2000・プレミアム】（自動車 フロアーマット カーマット）[rn]
