28-87549,http://tshop.r10s.jp/medistock/cabinet/2007e/img0706070060.gif?fitin=700:700,1505.6000,,,【第2類医薬品】【小林製薬】命の母Ａ　420錠【RCP】【10P03Dec16】,,"<center>
<table bgcolor=""#cc0000"" width=""750"" border=""0"" cellpadding=""0"" cellspacing=""2""><tr><td>
<table bgcolor=""#ffffcc"" width=""100%"" border=""0"" cellpadding=""5"" cellspacing=""0"" style=""font-size:14px;line-height:1.2;""><tr><td>
<font color=""#333333"">
<div align=""center""><font color=""#ff0000"" size=6><b>【お客様へ】本商品は医薬品です。</b></font></div>
<font color=""#660000"" size=4><b>商品名に付記されてございます<a href=""http://item.rakuten.co.jp/medistock/c/0000003301/"">【リスク分類】</a>をよくご確認の上、ご購入下さい。
また、医薬品は使用上の注意をよく読んだ上で、それに従い適切に使用して下さい。</b></font>
<hr>
<font color=""#cc0000""><b>
※医薬品のご購入について(1)：医薬品をご購入できるのは“18歳以上の楽天会員さま”のみとなっております。<br>
※医薬品のご購入について(2)：医薬品ごとに購入数の制限を設けております。
</b></font>
<hr>
<font color=""#003366""><b>【医薬品による健康被害の救済に関する制度】</b></font>医薬品副作用被害救済制度に基づき、独立行政法人 医薬品医療機器総合機構（救済制度窓口 0120-149-931）へご相談ください。<br>
<hr>
<font color=""#003366""><b>【広告文責 株式会社メディスンプラス】</b></font>フリーダイヤル：０１２０－２０５－９０４（※土日・祝祭日は休業）<br>管理薬剤師：稗圃賢輔（薬剤師免許証 第124203号 長崎県） ※相談応需可能時間：営業時間内
<hr><font color=""#003366""><b>【お客様へ】</b></font>お薬に関するご相談がございましたら、<a href=""http://item.rakuten.co.jp/medistock/c/0000003301/"" target=""_blank""><b>こちら</b></a>へお問い合わせください。
</font>
</td></tr></table></td></tr></table>
</center><table border=0 width=380><tr><td><font style=""font-size:14px;line-height:1.2;"">
<hr color=#ccffcc size=2><font style=""font-size:22px;"">活用しよう「医療費控除制度」！</font><hr color=#ccffcc size=2>
本商品（医薬品）をご購入された金額が、
<font color=""#ff0000"">ご自分と扶養家族の分も含めて年間で「合計１０万円（税込）」を超えた場合</font>
、確定申告をすることにより、所得税が一部還付されたり、翌年の住民税が減額される制度があります。<br>
詳しくは厚生労働省か、最寄りの関係機関へお問い合わせください。
</font></td></tr></table>
<table border=0 width=380><tr><td><font style=""font-size:14px;""><hr color=#ccffcc size=2><font color=#0066ff>◆</font><b>商品説明</b><font color=#0066ff>◆</font><hr color=#ccffcc size=2>デリケートな女性の身体の仕組みを考えて、13種の生薬を中心に、ビタミン類、カルシウム、タウリン、レシチンなどを配合した複合薬(婦人薬)です。<br>血行を促し、体を温めることで、女性のホルモンと自律神経のアンバランスから起こるさまざまな身体の不調を改善し、女性の前向きな生活をサポート。<br>更年期障害、生理不順、血の道症などに効果をあらわします。<br>小さくて飲みやすい糖衣錠です。 <hr color=#ccffcc size=2><font color=#0066ff>◆</font><b>メーカー</b>（※製造国又は原産国：日本）<font color=#0066ff>◆</font><hr color=#ccffcc size=2>小林製薬株式会社<br>〒541-0045 大阪市中央区道修町4丁目4番10号<br>お客様相談室 ： 06-6203-3625<br>受付時間 ： 9時から17時（土・日・祝日及び年末年始を除く）<hr color=#ccffcc size=2><font color=#0066ff>◆</font><b>効果・効能</b><font color=#0066ff>◆</font><hr color=#ccffcc size=2>更年期障害、更年期神経症、血の道症、のぼせ、生理不順、生理痛、肩こり、冷え性、肌荒れ、めまい、耳鳴り、動悸、貧血、にきび、便秘、ヒステリー、帯下、産前産後、下腹腰痛、血圧異常、頭痛、頭重 <hr color=#ccffcc size=2><font color=#0066ff>◆</font><b>用法・用量</b><font color=#0066ff>◆</font><hr color=#ccffcc size=2>成人(15歳以上)1回4錠を1日3回、毎食後服用してください。<br>15歳未満の方は服用しないでください。<br>*定められた用法、用量を守ること <hr color=#ccffcc size=2><font color=#0066ff>◆</font><b>成分・分量</b><font color=#0066ff>◆</font><hr color=#ccffcc size=2>ダイオウ末175ｍｇ  カノコソウ末207ｍｇ  ケイヒ末170ｍｇ  センキュウ末100ｍｇ  ソウジュツ末 100ｍｇ  シャクヤク末300ｍｇ  ブクリョウ末175ｍｇ  トウキ末300ｍｇ  コウブシ末50ｍｇ  ゴシュユ40ｍｇ  ハンゲ75ｍｇ  ニンジン40ｍｇ  コウカ50ｍｇ  塩酸チアミン（ビタミンＢ１）5ｍｇ  リボフラビン（ビタミンＢ１）1ｍｇ  塩酸ビリドキシン（ビタミンＢ６）0.5ｍｇ   シアノコバラミン（ビタミンＢ１２）1μｇ  パントチン酸カルシウム5ｍｇ  葉酸0.5ｍｇ  アミノエチルスルホン酸（タウリン）90ｍｇ  コハクｄｌ-α-トコフフェロール（ビタミンＥ）5ｍｇパールカルク10ｍｇ  ビオチン1μｇ  ソーヤレシチン10ｍｇ  添加物として、タルク、炭酸カルシウム、バレイショデンプン、ゼラチン、ミツロウ、エリスロシン、ニューコークシン、サンセットイエローＦＣＦを含有する。<hr color=#ccffcc size=2><font color=#0066ff>◆</font><b>保管上の注意</b><font color=#0066ff>◆</font><hr color=#ccffcc size=2>
（1）直射日光の当たらない湿気の少ない涼しい所に密栓して保管してください。<br>
（2）小児の手の届かない所に保管してください。<br>
（3）他の容器に入れ替えないでください。誤用の原因になったり、品質が変わるおそれがあります。<br>
（4）使用期限をすぎた製品は、使用しないでください。 <br>
（5）容器の開封日記入欄に、開封した日付を記入してください。<br>
※その他、医薬品は使用上の注意をよく読んだ上で、それに従い適切に使用して下さい。<br>※ページ内で特に記載が無い場合、使用期限１年以上の商品をお届けしております。

<!--info_txt-->

</font></td></tr></table><table width=""380"" border=""0"" style=""font-size:14px;line-height:1.2;""><tr><td><hr>※添付文書←<font color=#ff0000><b>詳細の商品情報はこちら</b></font><hr><font color=""#ff0000""><b>【お客様へ】</b></font>お薬に関するご相談がございましたら、<b>こちら</b>へお問い合わせください。</td></tr></table><table border=0 width=380 style=""font-size:12px;line-height:1.2;""><tr><td><font color=#000088><hr>※パッケージデザイン等が予告なく変更される場合もあります。<br>※商品廃番・メーカー欠品など諸事情によりお届けできない場合がございます。<hr></font></td></tr></table><table border=0 width=380 style=""font-size:12px;line-height:1.2;""><tr><td>商品区分：【第2類医薬品】<br>【広告文責】株式会社メディスンプラス：0120-205-904 ※休業日 土日・祝祭日<br>文責者名：稗圃 賢輔（管理薬剤師）</td></tr></table><!-- ▼左フロートバナー 表示 CSS & TAG セット -->
<link rel=""stylesheet"" href=""http://www.rakuten.ne.jp/gold/medistock/css_flt/fb_l_m.css"" type=""text/css"" />
<!--トップバナー-->
<div id=""flt_l1""></div>
<!--Ｗオマケ-->
<div id=""flt_l2""></div>
<!--セサミン-->
<div id=""flt_l3""></div>
<!--ワゴンセール-->
<div id=""flt_l4""></div>
<!--送料無料-->
<div id=""flt_l5""></div>
<!-- MPリンク -->
<div id=""flt_l6""></div>
<!-- none -->
<div id=""flt_l7""></div>
<!-- ▲左フロートバナー 表示 CSS & TAG セット -->

<!-- ▼右フロートバナー 表示 CSS & TAG セット -->
<link rel=""stylesheet"" href=""http://www.rakuten.ne.jp/gold/medistock/css_flt/fb_r_m.css"" type=""text/css"" />
<!--プレ EXP-->
<div id=""flt_r1""></div>
<!--プレ レバ-->
<div id=""flt_r2""></div>
<!--花粉特集-->
<div id=""flt_r3""></div>
<!--なし-->
<div id=""flt_r4""></div>
<!--なし-->
<div id=""flt_r5""></div>
<!--ビタ ワゴン-->
<!--ゴールドA-->
<div id=""flt_r6""></div>
<!--なし-->
<div id=""flt_r7""></div>
<!-- ▲右フロートバナー 表示 CSS & TAG セット -->


<!-- ▼スライド -->
<center>
<div style=""width:710px; border:1px solid #52aef0; padding:5px; margin-bottom:5px;"">

</div>
</center>
<!-- ▲スライド -->

<!--▼項目選択-->

<br>
<!--▲項目選択-->


<!--▼右端縦表示-->
<style type=""text/css"">
<!--
/*
body {
background-image:url(http://image.rakuten.co.jp/medistock/cabinet/medistock/tate1508md.gif);
background-repeat:repeat-y;
background-position: right top;
}
*/
-->
</style>



<table width=""730"" border=""0""><tr><td align=""center"">

	<div><img src=""http://image.rakuten.co.jp/medistock/cabinet/hd/sp.gif"" height=""20""></div>




	<div><img src=""http://image.rakuten.co.jp/medistock/cabinet/banner/170520m.gif"" width=""468"" alt=""エントリー"" border=""0""></div>
	<div><img src=""http://image.rakuten.co.jp/medistock/cabinet/hd/sp.gif"" height=""5""></div>


	<div><img src=""http://image.rakuten.co.jp/medistock/cabinet/banner/1704win.jpg"" width=""468"" alt=""エントリー"" border=""0""></div>
	<div><img src=""http://image.rakuten.co.jp/medistock/cabinet/hd/sp.gif"" height=""5""></div>




	<div><img src=""http://image.rakuten.co.jp/medistock/cabinet/banner/160801ls.gif"" width=""468"" alt=""エントリー"" border=""0""></div>
	<div><img src=""http://image.rakuten.co.jp/medistock/cabinet/hd/sp.gif"" height=""5""></div>



	<div><img src=""http://image.rakuten.co.jp/medistock/cabinet/banner/160118pt7.jpg"" width=""468"" alt=""エントリー"" border=""0""></div>
	<div><img src=""http://image.rakuten.co.jp/medistock/cabinet/hd/sp.gif"" height=""5""></div>


	<div><img src=""http://image.rakuten.co.jp/medistock/cabinet/banner/160801nua.jpg"" width=""468"" alt=""エントリー"" border=""0""></div>
	<div><img src=""http://image.rakuten.co.jp/medistock/cabinet/hd/sp.gif"" height=""5""></div>


	<div><img src=""http://image.rakuten.co.jp/medistock/cabinet/banner/160506rgw.jpg"" width=""468"" alt=""エントリー"" border=""0""></div>
	<div><img src=""http://image.rakuten.co.jp/medistock/cabinet/hd/sp.gif"" height=""5""></div>



	<div><img src=""http://image.rakuten.co.jp/medistock/cabinet/banner/161201tb05p.jpg"" width=""468"" alt=""ツールバーPt2"" border=""0""></div>
	<div><img src=""http://image.rakuten.co.jp/medistock/cabinet/hd/sp.gif"" height=""5""></div>



	<div><img src=""http://image.rakuten.co.jp/medistock/cabinet/banner/160601tb10.jpg"" width=""468"" alt=""初ツールバー"" border=""0""></div>
	<div><img src=""http://image.rakuten.co.jp/medistock/cabinet/hd/sp.gif"" height=""5""></div>





	<div><img src=""http://image.rakuten.co.jp/medistock/cabinet/banner/151101app.jpg"" width=""468"" alt=""エントリー"" border=""0""></div>
	<div><img src=""http://image.rakuten.co.jp/medistock/cabinet/hd/sp.gif"" height=""5""></div>


<div><img src=""http://image.rakuten.co.jp/medistock/cabinet/p_img/bn_ato.gif"" width=""468"" alt=""ＮＰ後払い"" border=""0""></div>
<div><img src=""http://image.rakuten.co.jp/medistock/cabinet/hd/sp.gif"" height=""5""></div>

<Br>

</td></tr></table>",【第2類医薬品】【小林製薬】命の母Ａ　420錠【RCP】【10P03Dec16】：メディストック,美容健康メディスンプラスメディストック健康食品サプリメントペット用品化粧品ドッグフードキャットフード日用品食料品香水医薬品【第2類医薬品】【小林製薬】命の母Ａ　420錠【RCP】【10P03Dec16】,【第2類医薬品】【小林製薬】命の母Ａ　420錠【RCP】【10P03Dec16】[rn]
28-87550,http://tshop.r10s.jp/medistock/cabinet/2007e/img0706070060.gif?fitin=700:700,1940.8000,,,【第2類医薬品】★送料無料サービス商品【小林製薬】命の母Ａ　420錠【RCP】【10P03Dec16】,,"<center>
<table bgcolor=""#cc0000"" width=""750"" border=""0"" cellpadding=""0"" cellspacing=""2""><tr><td>
<table bgcolor=""#ffffcc"" width=""100%"" border=""0"" cellpadding=""5"" cellspacing=""0"" style=""font-size:14px;line-height:1.2;""><tr><td>
<font color=""#333333"">
<div align=""center""><font color=""#ff0000"" size=6><b>【お客様へ】本商品は医薬品です。</b></font></div>
<font color=""#660000"" size=4><b>商品名に付記されてございます<a href=""http://item.rakuten.co.jp/medistock/c/0000003301/"">【リスク分類】</a>をよくご確認の上、ご購入下さい。
また、医薬品は使用上の注意をよく読んだ上で、それに従い適切に使用して下さい。</b></font>
<hr>
<font color=""#cc0000""><b>
※医薬品のご購入について(1)：医薬品をご購入できるのは“18歳以上の楽天会員さま”のみとなっております。<br>
※医薬品のご購入について(2)：医薬品ごとに購入数の制限を設けております。
</b></font>
<hr>
<font color=""#003366""><b>【医薬品による健康被害の救済に関する制度】</b></font>医薬品副作用被害救済制度に基づき、独立行政法人 医薬品医療機器総合機構（救済制度窓口 0120-149-931）へご相談ください。<br>
<hr>
<font color=""#003366""><b>【広告文責 株式会社メディスンプラス】</b></font>フリーダイヤル：０１２０－２０５－９０４（※土日・祝祭日は休業）<br>管理薬剤師：稗圃賢輔（薬剤師免許証 第124203号 長崎県） ※相談応需可能時間：営業時間内
<hr><font color=""#003366""><b>【お客様へ】</b></font>お薬に関するご相談がございましたら、<a href=""http://item.rakuten.co.jp/medistock/c/0000003301/"" target=""_blank""><b>こちら</b></a>へお問い合わせください。
</font>
</td></tr></table></td></tr></table>
</center><table border=0 width=380><tr><td><font style=""font-size:14px;line-height:1.2;"">
<hr color=#ccffcc size=2><font style=""font-size:22px;"">活用しよう「医療費控除制度」！</font><hr color=#ccffcc size=2>
本商品（医薬品）をご購入された金額が、
<font color=""#ff0000"">ご自分と扶養家族の分も含めて年間で「合計１０万円（税込）」を超えた場合</font>
、確定申告をすることにより、所得税が一部還付されたり、翌年の住民税が減額される制度があります。<br>
詳しくは厚生労働省か、最寄りの関係機関へお問い合わせください。
</font></td></tr></table>
<table border=0 width=380><tr><td><font style=""font-size:14px;""><hr color=#ccffcc size=2><font color=#0066ff>◆</font><b>商品説明</b><font color=#0066ff>◆</font><hr color=#ccffcc size=2>デリケートな女性の身体の仕組みを考えて、13種の生薬を中心に、ビタミン類、カルシウム、タウリン、レシチンなどを配合した複合薬(婦人薬)です。<br>血行を促し、体を温めることで、女性のホルモンと自律神経のアンバランスから起こるさまざまな身体の不調を改善し、女性の前向きな生活をサポート。<br>更年期障害、生理不順、血の道症などに効果をあらわします。<br>小さくて飲みやすい糖衣錠です。 <hr color=#ccffcc size=2><font color=#0066ff>◆</font><b>メーカー</b>（※製造国又は原産国：日本）<font color=#0066ff>◆</font><hr color=#ccffcc size=2>小林製薬株式会社<br>〒541-0045 大阪市中央区道修町4丁目4番10号<br>お客様相談室 ： 06-6203-3625<br>受付時間 ： 9時から17時（土・日・祝日及び年末年始を除く）<hr color=#ccffcc size=2><font color=#0066ff>◆</font><b>効果・効能</b><font color=#0066ff>◆</font><hr color=#ccffcc size=2>更年期障害、更年期神経症、血の道症、のぼせ、生理不順、生理痛、肩こり、冷え性、肌荒れ、めまい、耳鳴り、動悸、貧血、にきび、便秘、ヒステリー、帯下、産前産後、下腹腰痛、血圧異常、頭痛、頭重 <hr color=#ccffcc size=2><font color=#0066ff>◆</font><b>用法・用量</b><font color=#0066ff>◆</font><hr color=#ccffcc size=2>成人(15歳以上)1回4錠を1日3回、毎食後服用してください。<br>15歳未満の方は服用しないでください。<br>*定められた用法、用量を守ること <hr color=#ccffcc size=2><font color=#0066ff>◆</font><b>成分・分量</b><font color=#0066ff>◆</font><hr color=#ccffcc size=2>ダイオウ末175ｍｇ  カノコソウ末207ｍｇ  ケイヒ末170ｍｇ  センキュウ末100ｍｇ  ソウジュツ末 100ｍｇ  シャクヤク末300ｍｇ  ブクリョウ末175ｍｇ  トウキ末300ｍｇ  コウブシ末50ｍｇ  ゴシュユ40ｍｇ  ハンゲ75ｍｇ  ニンジン40ｍｇ  コウカ50ｍｇ  塩酸チアミン（ビタミンＢ１）5ｍｇ  リボフラビン（ビタミンＢ１）1ｍｇ  塩酸ビリドキシン（ビタミンＢ６）0.5ｍｇ   シアノコバラミン（ビタミンＢ１２）1μｇ  パントチン酸カルシウム5ｍｇ  葉酸0.5ｍｇ  アミノエチルスルホン酸（タウリン）90ｍｇ  コハクｄｌ-α-トコフフェロール（ビタミンＥ）5ｍｇパールカルク10ｍｇ  ビオチン1μｇ  ソーヤレシチン10ｍｇ  添加物として、タルク、炭酸カルシウム、バレイショデンプン、ゼラチン、ミツロウ、エリスロシン、ニューコークシン、サンセットイエローＦＣＦを含有する。<hr color=#ccffcc size=2><font color=#0066ff>◆</font><b>保管上の注意</b><font color=#0066ff>◆</font><hr color=#ccffcc size=2>
（1）直射日光の当たらない湿気の少ない涼しい所に密栓して保管してください。<br>
（2）小児の手の届かない所に保管してください。<br>
（3）他の容器に入れ替えないでください。誤用の原因になったり、品質が変わるおそれがあります。<br>
（4）使用期限をすぎた製品は、使用しないでください。 <br>
（5）容器の開封日記入欄に、開封した日付を記入してください。<br>
※その他、医薬品は使用上の注意をよく読んだ上で、それに従い適切に使用して下さい。<br>※ページ内で特に記載が無い場合、使用期限１年以上の商品をお届けしております。</font></td></tr></table><table width=""380"" border=""0"" style=""font-size:14px;line-height:1.2;""><tr><td><hr>※添付文書←<font color=#ff0000><b>詳細の商品情報はこちら</b></font><hr><font color=""#ff0000""><b>【お客様へ】</b></font>お薬に関するご相談がございましたら、<b>こちら</b>へお問い合わせください。</td></tr></table><table border=0 width=380 style=""font-size:12px;line-height:1.2;""><tr><td><font color=#000088><hr>※パッケージデザイン等が予告なく変更される場合もあります。<br>※商品廃番・メーカー欠品など諸事情によりお届けできない場合がございます。<hr></font></td></tr></table><table border=0 width=380 style=""font-size:12px;line-height:1.2;""><tr><td>商品区分：【第2類医薬品】<br>【広告文責】株式会社メディスンプラス：0120-205-904 ※休業日 土日・祝祭日<br>文責者名：稗圃 賢輔（管理薬剤師）</td></tr></table><!-- ▼左フロートバナー 表示 CSS & TAG セット -->
<link rel=""stylesheet"" href=""http://www.rakuten.ne.jp/gold/medistock/css_flt/fb_l_m.css"" type=""text/css"" />
<!--トップバナー-->
<div id=""flt_l1""></div>
<!--Ｗオマケ-->
<div id=""flt_l2""></div>
<!--セサミン-->
<div id=""flt_l3""></div>
<!--ワゴンセール-->
<div id=""flt_l4""></div>
<!--送料無料-->
<div id=""flt_l5""></div>
<!-- MPリンク -->
<div id=""flt_l6""></div>
<!-- none -->
<div id=""flt_l7""></div>
<!-- ▲左フロートバナー 表示 CSS & TAG セット -->

<!-- ▼右フロートバナー 表示 CSS & TAG セット -->
<link rel=""stylesheet"" href=""http://www.rakuten.ne.jp/gold/medistock/css_flt/fb_r_m.css"" type=""text/css"" />
<!--プレ EXP-->
<div id=""flt_r1""></div>
<!--プレ レバ-->
<div id=""flt_r2""></div>
<!--花粉特集-->
<div id=""flt_r3""></div>
<!--なし-->
<div id=""flt_r4""></div>
<!--なし-->
<div id=""flt_r5""></div>
<!--ビタ ワゴン-->
<!--ゴールドA-->
<div id=""flt_r6""></div>
<!--なし-->
<div id=""flt_r7""></div>
<!-- ▲右フロートバナー 表示 CSS & TAG セット -->


<!-- ▼スライド -->
<center>
<div style=""width:710px; border:1px solid #52aef0; padding:5px; margin-bottom:5px;"">

</div>
</center>
<!-- ▲スライド -->

<!--▼項目選択-->

<br>
<!--▲項目選択-->


<!--▼右端縦表示-->
<style type=""text/css"">
<!--
/*
body {
background-image:url(http://image.rakuten.co.jp/medistock/cabinet/medistock/tate1508md.gif);
background-repeat:repeat-y;
background-position: right top;
}
*/
-->
</style>



<table width=""730"" border=""0""><tr><td align=""center"">

	<div><img src=""http://image.rakuten.co.jp/medistock/cabinet/hd/sp.gif"" height=""20""></div>




	<div><img src=""http://image.rakuten.co.jp/medistock/cabinet/banner/170520m.gif"" width=""468"" alt=""エントリー"" border=""0""></div>
	<div><img src=""http://image.rakuten.co.jp/medistock/cabinet/hd/sp.gif"" height=""5""></div>


	<div><img src=""http://image.rakuten.co.jp/medistock/cabinet/banner/1704win.jpg"" width=""468"" alt=""エントリー"" border=""0""></div>
	<div><img src=""http://image.rakuten.co.jp/medistock/cabinet/hd/sp.gif"" height=""5""></div>




	<div><img src=""http://image.rakuten.co.jp/medistock/cabinet/banner/160801ls.gif"" width=""468"" alt=""エントリー"" border=""0""></div>
	<div><img src=""http://image.rakuten.co.jp/medistock/cabinet/hd/sp.gif"" height=""5""></div>



	<div><img src=""http://image.rakuten.co.jp/medistock/cabinet/banner/160118pt7.jpg"" width=""468"" alt=""エントリー"" border=""0""></div>
	<div><img src=""http://image.rakuten.co.jp/medistock/cabinet/hd/sp.gif"" height=""5""></div>


	<div><img src=""http://image.rakuten.co.jp/medistock/cabinet/banner/160801nua.jpg"" width=""468"" alt=""エントリー"" border=""0""></div>
	<div><img src=""http://image.rakuten.co.jp/medistock/cabinet/hd/sp.gif"" height=""5""></div>


	<div><img src=""http://image.rakuten.co.jp/medistock/cabinet/banner/160506rgw.jpg"" width=""468"" alt=""エントリー"" border=""0""></div>
	<div><img src=""http://image.rakuten.co.jp/medistock/cabinet/hd/sp.gif"" height=""5""></div>



	<div><img src=""http://image.rakuten.co.jp/medistock/cabinet/banner/161201tb05p.jpg"" width=""468"" alt=""ツールバーPt2"" border=""0""></div>
	<div><img src=""http://image.rakuten.co.jp/medistock/cabinet/hd/sp.gif"" height=""5""></div>



	<div><img src=""http://image.rakuten.co.jp/medistock/cabinet/banner/160601tb10.jpg"" width=""468"" alt=""初ツールバー"" border=""0""></div>
	<div><img src=""http://image.rakuten.co.jp/medistock/cabinet/hd/sp.gif"" height=""5""></div>





	<div><img src=""http://image.rakuten.co.jp/medistock/cabinet/banner/151101app.jpg"" width=""468"" alt=""エントリー"" border=""0""></div>
	<div><img src=""http://image.rakuten.co.jp/medistock/cabinet/hd/sp.gif"" height=""5""></div>


<div><img src=""http://image.rakuten.co.jp/medistock/cabinet/p_img/bn_ato.gif"" width=""468"" alt=""ＮＰ後払い"" border=""0""></div>
<div><img src=""http://image.rakuten.co.jp/medistock/cabinet/hd/sp.gif"" height=""5""></div>

<Br>

</td></tr></table>",【第2類医薬品】★送料無料サービス商品【小林製薬】命の母Ａ　420錠【RCP】【10P03Dec16】：メディストック,美容健康メディスンプラスメディストック健康食品サプリメントペット用品化粧品ドッグフードキャットフード日用品食料品香水医薬品【第2類医薬品】★送料無料サービス商品【小林製薬】命の母Ａ　420錠【RCP】【10P03Dec16】,【第2類医薬品】★送料無料サービス商品【小林製薬】命の母Ａ　420錠【RCP】【10P03Dec16】[rn]
28-87551,http://tshop.r10s.jp/medistock/cabinet/vitamin/img20090410146.gif?fitin=700:700,3429.6000,,,【第2類医薬品】★送料無料サービス商品【小林製薬】女性保健薬　命の母Ａ　８４０錠【RCP】【10P03Dec16】,,"<center>
<table bgcolor=""#cc0000"" width=""750"" border=""0"" cellpadding=""0"" cellspacing=""2""><tr><td>
<table bgcolor=""#ffffcc"" width=""100%"" border=""0"" cellpadding=""5"" cellspacing=""0"" style=""font-size:14px;line-height:1.2;""><tr><td>
<font color=""#333333"">
<div align=""center""><font color=""#ff0000"" size=6><b>【お客様へ】本商品は医薬品です。</b></font></div>
<font color=""#660000"" size=4><b>商品名に付記されてございます<a href=""http://item.rakuten.co.jp/medistock/c/0000003301/"">【リスク分類】</a>をよくご確認の上、ご購入下さい。
また、医薬品は使用上の注意をよく読んだ上で、それに従い適切に使用して下さい。</b></font>
<hr>
<font color=""#cc0000""><b>
※医薬品のご購入について(1)：医薬品をご購入できるのは“18歳以上の楽天会員さま”のみとなっております。<br>
※医薬品のご購入について(2)：医薬品ごとに購入数の制限を設けております。
</b></font>
<hr>
<font color=""#003366""><b>【医薬品による健康被害の救済に関する制度】</b></font>医薬品副作用被害救済制度に基づき、独立行政法人 医薬品医療機器総合機構（救済制度窓口 0120-149-931）へご相談ください。<br>
<hr>
<font color=""#003366""><b>【広告文責 株式会社メディスンプラス】</b></font>フリーダイヤル：０１２０－２０５－９０４（※土日・祝祭日は休業）<br>管理薬剤師：稗圃賢輔（薬剤師免許証 第124203号 長崎県） ※相談応需可能時間：営業時間内
<hr><font color=""#003366""><b>【お客様へ】</b></font>お薬に関するご相談がございましたら、<a href=""http://item.rakuten.co.jp/medistock/c/0000003301/"" target=""_blank""><b>こちら</b></a>へお問い合わせください。
</font>
</td></tr></table></td></tr></table>
</center><table border=0 width=380><tr><td><font style=""font-size:14px;line-height:1.2;"">
<hr color=#ccffcc size=2><font style=""font-size:22px;"">活用しよう「医療費控除制度」！</font><hr color=#ccffcc size=2>
本商品（医薬品）をご購入された金額が、
<font color=""#ff0000"">ご自分と扶養家族の分も含めて年間で「合計１０万円（税込）」を超えた場合</font>
、確定申告をすることにより、所得税が一部還付されたり、翌年の住民税が減額される制度があります。<br>
詳しくは厚生労働省か、最寄りの関係機関へお問い合わせください。
</font></td></tr></table>
<table border=0 width=380><tr><td><font style=""font-size:14px;""><hr color=#ccffcc size=2><font color=#0066ff>◆</font><b>メーカー</b>（※製造国又は原産国：日本）<font color=#0066ff>◆</font><hr color=#ccffcc size=2>小林製薬株式会社<br>〒541-0045 大阪市中央区道修町4丁目4番10号<br>お客様相談室 ： 06-6203-3625<br>受付時間 ： 9時から17時（土・日・祝日及び年末年始を除く）<hr color=#ccffcc size=2><font color=#0066ff>◆</font><b>特徴</b><font color=#0066ff>◆</font><hr color=#ccffcc size=2>デリケートな女性の身体の仕組みを考えて、13種の生薬を中心に、ビタミン類、カルシウム、タウリン、レシチンなどを配合した複合薬です。<br>血行を促し体を温めることで、女性のホルモンと自律神経のアンバランスから起こるさまざまな身体の不調を改善し、女性の前向きな生活をサポートします。<br>小さくて飲みやすい糖衣錠です。【医薬品】<hr color=#ccffcc size=2><font color=#0066ff>◆</font><b>効果・効能</b><font color=#0066ff>◆</font><hr color=#ccffcc size=2>肩こり、頭痛、頭重、肌あれ、にきび、更年期障害、更年期神経症、冷え症、貧血、便秘、生理不順、生理痛、生理異常、のぼせ、目まい、耳鳴り、動悸、下腹腰痛、ヒステリー、帯下、血の道症、産前産後、血圧異常<hr color=#ccffcc size=2><font color=#0066ff>◆</font><b>用法・用量</b><font color=#0066ff>◆</font><hr color=#ccffcc size=2>成人（15歳以上）１回４錠を１日３回、毎食後服用してください。<hr color=#ccffcc size=2><font color=#0066ff>◆</font><b>成分・分量</b><font color=#0066ff>◆</font><hr color=#ccffcc size=2>ダイオウ末・・・ 175mg、 塩酸チアミン(ビタミンB1)・・・ 5mg、カノコソウ末・・・ 207mg、 リボフラビン(ビタミンB2) ・・・1mg、ケイヒ末・・・ 170mg、 塩酸ピリドキシン(ビタミンB6)・・・ 0.5mg、センキュウ末・・・ 100mg、 シアノコバラミン(ビタミンB12)・・・ 1g 、ソウジュツ末・・・ 100mg、 パントテン酸カルシウム・・・ 5mg、シャクヤク末・・・ 300mg,、 葉酸・・・ 0.5mg 、ブクリョウ末・・・ 175mg、 アミノエチルスルホン酸・・・ 90mg 、トウキ末・・・ 300mg、 コハク酸dlトコフェロール・・・ 5mg 、コウブシ末・・・ 40mg 、パールカルク・・・ 10mg 、ゴシュユ・・・ 50mg 、ビオチン 1g 、ハンゲ・・・ 75mg、 ソーヤレシチン・・・ 10mg 、ニンジン・・・ 40mg、 コウカ ・・・50mg<br>添加物として<br>ケイ酸Al、ステアリン酸Mg、セラック、タルク、炭酸Ca、酸化チタン、バレイショデンプン、ゼラチン、白糖、エリスロシン、ニューコクシン、サンセットイエロ-FCF、ミツロウ、カルナウバロウ<hr color=#ccffcc size=2><font color=#0066ff>◆</font><b>保管上の注意</b><font color=#0066ff>◆</font><hr color=#ccffcc size=2>
（1）直射日光の当たらない湿気の少ない涼しい所に密栓して保管してください。<br>
（2）小児の手の届かない所に保管してください。<br>
（3）他の容器に入れ替えないでください。誤用の原因になったり、品質が変わるおそれがあります。<br>
（4）使用期限をすぎた製品は、使用しないでください。 <br>
（5）容器の開封日記入欄に、開封した日付を記入してください。<br>
※その他、医薬品は使用上の注意をよく読んだ上で、それに従い適切に使用して下さい。<br>※ページ内で特に記載が無い場合、使用期限１年以上の商品をお届けしております。</font></td></tr></table><table width=""380"" border=""0"" style=""font-size:14px;line-height:1.2;""><tr><td><hr>※添付文書←<font color=#ff0000><b>詳細の商品情報はこちら</b></font><hr><font color=""#ff0000""><b>【お客様へ】</b></font>お薬に関するご相談がございましたら、<b>こちら</b>へお問い合わせください。</td></tr></table><table border=0 width=380 style=""font-size:12px;line-height:1.2;""><tr><td><font color=#000088><hr>※パッケージデザイン等が予告なく変更される場合もあります。<br>※商品廃番・メーカー欠品など諸事情によりお届けできない場合がございます。<hr></font></td></tr></table><table border=0 width=380 style=""font-size:12px;line-height:1.2;""><tr><td>商品区分：【第2類医薬品】<br>【広告文責】株式会社メディスンプラス：0120-205-904 ※休業日 土日・祝祭日<br>文責者名：稗圃 賢輔（管理薬剤師）</td></tr></table><!-- ▼左フロートバナー 表示 CSS & TAG セット -->
<link rel=""stylesheet"" href=""http://www.rakuten.ne.jp/gold/medistock/css_flt/fb_l_m.css"" type=""text/css"" />
<!--トップバナー-->
<div id=""flt_l1""></div>
<!--Ｗオマケ-->
<div id=""flt_l2""></div>
<!--セサミン-->
<div id=""flt_l3""></div>
<!--ワゴンセール-->
<div id=""flt_l4""></div>
<!--送料無料-->
<div id=""flt_l5""></div>
<!-- MPリンク -->
<div id=""flt_l6""></div>
<!-- none -->
<div id=""flt_l7""></div>
<!-- ▲左フロートバナー 表示 CSS & TAG セット -->

<!-- ▼右フロートバナー 表示 CSS & TAG セット -->
<link rel=""stylesheet"" href=""http://www.rakuten.ne.jp/gold/medistock/css_flt/fb_r_m.css"" type=""text/css"" />
<!--プレ EXP-->
<div id=""flt_r1""></div>
<!--プレ レバ-->
<div id=""flt_r2""></div>
<!--花粉特集-->
<div id=""flt_r3""></div>
<!--なし-->
<div id=""flt_r4""></div>
<!--なし-->
<div id=""flt_r5""></div>
<!--ビタ ワゴン-->
<!--ゴールドA-->
<div id=""flt_r6""></div>
<!--なし-->
<div id=""flt_r7""></div>
<!-- ▲右フロートバナー 表示 CSS & TAG セット -->


<!-- ▼スライド -->
<center>
<div style=""width:710px; border:1px solid #52aef0; padding:5px; margin-bottom:5px;"">

</div>
</center>
<!-- ▲スライド -->

<!--▼項目選択-->

<br>
<!--▲項目選択-->


<!--▼右端縦表示-->
<style type=""text/css"">
<!--
/*
body {
background-image:url(http://image.rakuten.co.jp/medistock/cabinet/medistock/tate1508md.gif);
background-repeat:repeat-y;
background-position: right top;
}
*/
-->
</style>



<table width=""730"" border=""0""><tr><td align=""center"">

	<div><img src=""http://image.rakuten.co.jp/medistock/cabinet/hd/sp.gif"" height=""20""></div>




	<div><img src=""http://image.rakuten.co.jp/medistock/cabinet/banner/170520m.gif"" width=""468"" alt=""エントリー"" border=""0""></div>
	<div><img src=""http://image.rakuten.co.jp/medistock/cabinet/hd/sp.gif"" height=""5""></div>


	<div><img src=""http://image.rakuten.co.jp/medistock/cabinet/banner/1704win.jpg"" width=""468"" alt=""エントリー"" border=""0""></div>
	<div><img src=""http://image.rakuten.co.jp/medistock/cabinet/hd/sp.gif"" height=""5""></div>




	<div><img src=""http://image.rakuten.co.jp/medistock/cabinet/banner/160801ls.gif"" width=""468"" alt=""エントリー"" border=""0""></div>
	<div><img src=""http://image.rakuten.co.jp/medistock/cabinet/hd/sp.gif"" height=""5""></div>



	<div><img src=""http://image.rakuten.co.jp/medistock/cabinet/banner/160118pt7.jpg"" width=""468"" alt=""エントリー"" border=""0""></div>
	<div><img src=""http://image.rakuten.co.jp/medistock/cabinet/hd/sp.gif"" height=""5""></div>


	<div><img src=""http://image.rakuten.co.jp/medistock/cabinet/banner/160801nua.jpg"" width=""468"" alt=""エントリー"" border=""0""></div>
	<div><img src=""http://image.rakuten.co.jp/medistock/cabinet/hd/sp.gif"" height=""5""></div>


	<div><img src=""http://image.rakuten.co.jp/medistock/cabinet/banner/160506rgw.jpg"" width=""468"" alt=""エントリー"" border=""0""></div>
	<div><img src=""http://image.rakuten.co.jp/medistock/cabinet/hd/sp.gif"" height=""5""></div>



	<div><img src=""http://image.rakuten.co.jp/medistock/cabinet/banner/161201tb05p.jpg"" width=""468"" alt=""ツールバーPt2"" border=""0""></div>
	<div><img src=""http://image.rakuten.co.jp/medistock/cabinet/hd/sp.gif"" height=""5""></div>



	<div><img src=""http://image.rakuten.co.jp/medistock/cabinet/banner/160601tb10.jpg"" width=""468"" alt=""初ツールバー"" border=""0""></div>
	<div><img src=""http://image.rakuten.co.jp/medistock/cabinet/hd/sp.gif"" height=""5""></div>





	<div><img src=""http://image.rakuten.co.jp/medistock/cabinet/banner/151101app.jpg"" width=""468"" alt=""エントリー"" border=""0""></div>
	<div><img src=""http://image.rakuten.co.jp/medistock/cabinet/hd/sp.gif"" height=""5""></div>


<div><img src=""http://image.rakuten.co.jp/medistock/cabinet/p_img/bn_ato.gif"" width=""468"" alt=""ＮＰ後払い"" border=""0""></div>
<div><img src=""http://image.rakuten.co.jp/medistock/cabinet/hd/sp.gif"" height=""5""></div>

<Br>

</td></tr></table>",【第2類医薬品】★送料無料サービス商品【小林製薬】女性保健薬　命の母Ａ　８４０錠【RCP】【10P03Dec16】：メディストック,美容健康メディスンプラスメディストック健康食品サプリメントペット用品化粧品ドッグフードキャットフード日用品食料品香水医薬品【第2類医薬品】★送料無料サービス商品【小林製薬】女性保健薬　命の母Ａ　８４０錠【RCP】【10P03Dec16】,【第2類医薬品】★送料無料サービス商品【小林製薬】女性保健薬　命の母Ａ　８４０錠【RCP】【10P03Dec16】[rn]
28-87552,http://tshop.r10s.jp/medistock/cabinet/vitamin/img20090410146.gif?fitin=700:700,2995.2000,,,【第2類医薬品】【小林製薬】女性保健薬　命の母Ａ　８４０錠【RCP】【10P03Dec16】,,"<center>
<table bgcolor=""#cc0000"" width=""750"" border=""0"" cellpadding=""0"" cellspacing=""2""><tr><td>
<table bgcolor=""#ffffcc"" width=""100%"" border=""0"" cellpadding=""5"" cellspacing=""0"" style=""font-size:14px;line-height:1.2;""><tr><td>
<font color=""#333333"">
<div align=""center""><font color=""#ff0000"" size=6><b>【お客様へ】本商品は医薬品です。</b></font></div>
<font color=""#660000"" size=4><b>商品名に付記されてございます<a href=""http://item.rakuten.co.jp/medistock/c/0000003301/"">【リスク分類】</a>をよくご確認の上、ご購入下さい。
また、医薬品は使用上の注意をよく読んだ上で、それに従い適切に使用して下さい。</b></font>
<hr>
<font color=""#cc0000""><b>
※医薬品のご購入について(1)：医薬品をご購入できるのは“18歳以上の楽天会員さま”のみとなっております。<br>
※医薬品のご購入について(2)：医薬品ごとに購入数の制限を設けております。
</b></font>
<hr>
<font color=""#003366""><b>【医薬品による健康被害の救済に関する制度】</b></font>医薬品副作用被害救済制度に基づき、独立行政法人 医薬品医療機器総合機構（救済制度窓口 0120-149-931）へご相談ください。<br>
<hr>
<font color=""#003366""><b>【広告文責 株式会社メディスンプラス】</b></font>フリーダイヤル：０１２０－２０５－９０４（※土日・祝祭日は休業）<br>管理薬剤師：稗圃賢輔（薬剤師免許証 第124203号 長崎県） ※相談応需可能時間：営業時間内
<hr><font color=""#003366""><b>【お客様へ】</b></font>お薬に関するご相談がございましたら、<a href=""http://item.rakuten.co.jp/medistock/c/0000003301/"" target=""_blank""><b>こちら</b></a>へお問い合わせください。
</font>
</td></tr></table></td></tr></table>
</center><table border=0 width=380><tr><td><font style=""font-size:14px;line-height:1.2;"">
<hr color=#ccffcc size=2><font style=""font-size:22px;"">活用しよう「医療費控除制度」！</font><hr color=#ccffcc size=2>
本商品（医薬品）をご購入された金額が、
<font color=""#ff0000"">ご自分と扶養家族の分も含めて年間で「合計１０万円（税込）」を超えた場合</font>
、確定申告をすることにより、所得税が一部還付されたり、翌年の住民税が減額される制度があります。<br>
詳しくは厚生労働省か、最寄りの関係機関へお問い合わせください。
</font></td></tr></table>
<table border=0 width=380><tr><td><font style=""font-size:14px;""><hr color=#ccffcc size=2><font color=#0066ff>◆</font><b>メーカー</b>（※製造国又は原産国：日本）<font color=#0066ff>◆</font><hr color=#ccffcc size=2>小林製薬株式会社<br>〒541-0045 大阪市中央区道修町4丁目4番10号<br>お客様相談室 ： 06-6203-3625<br>受付時間 ： 9時から17時（土・日・祝日及び年末年始を除く）<hr color=#ccffcc size=2><font color=#0066ff>◆</font><b>特徴</b><font color=#0066ff>◆</font><hr color=#ccffcc size=2>デリケートな女性の身体の仕組みを考えて、13種の生薬を中心に、ビタミン類、カルシウム、タウリン、レシチンなどを配合した複合薬です。<br>血行を促し体を温めることで、女性のホルモンと自律神経のアンバランスから起こるさまざまな身体の不調を改善し、女性の前向きな生活をサポートします。<br>小さくて飲みやすい糖衣錠です。【医薬品】<hr color=#ccffcc size=2><font color=#0066ff>◆</font><b>効果・効能</b><font color=#0066ff>◆</font><hr color=#ccffcc size=2>肩こり、頭痛、頭重、肌あれ、にきび、更年期障害、更年期神経症、冷え症、貧血、便秘、生理不順、生理痛、生理異常、のぼせ、目まい、耳鳴り、動悸、下腹腰痛、ヒステリー、帯下、血の道症、産前産後、血圧異常<hr color=#ccffcc size=2><font color=#0066ff>◆</font><b>用法・用量</b><font color=#0066ff>◆</font><hr color=#ccffcc size=2>成人（15歳以上）１回４錠を１日３回、毎食後服用してください。<hr color=#ccffcc size=2><font color=#0066ff>◆</font><b>成分・分量</b><font color=#0066ff>◆</font><hr color=#ccffcc size=2>ダイオウ末・・・ 175mg、 塩酸チアミン(ビタミンB1)・・・ 5mg、カノコソウ末・・・ 207mg、 リボフラビン(ビタミンB2) ・・・1mg、ケイヒ末・・・ 170mg、 塩酸ピリドキシン(ビタミンB6)・・・ 0.5mg、センキュウ末・・・ 100mg、 シアノコバラミン(ビタミンB12)・・・ 1g 、ソウジュツ末・・・ 100mg、 パントテン酸カルシウム・・・ 5mg、シャクヤク末・・・ 300mg,、 葉酸・・・ 0.5mg 、ブクリョウ末・・・ 175mg、 アミノエチルスルホン酸・・・ 90mg 、トウキ末・・・ 300mg、 コハク酸dlトコフェロール・・・ 5mg 、コウブシ末・・・ 40mg 、パールカルク・・・ 10mg 、ゴシュユ・・・ 50mg 、ビオチン 1g 、ハンゲ・・・ 75mg、 ソーヤレシチン・・・ 10mg 、ニンジン・・・ 40mg、 コウカ ・・・50mg<br>添加物として<br>ケイ酸Al、ステアリン酸Mg、セラック、タルク、炭酸Ca、酸化チタン、バレイショデンプン、ゼラチン、白糖、エリスロシン、ニューコクシン、サンセットイエロ-FCF、ミツロウ、カルナウバロウ<hr color=#ccffcc size=2><font color=#0066ff>◆</font><b>保管上の注意</b><font color=#0066ff>◆</font><hr color=#ccffcc size=2>
（1）直射日光の当たらない湿気の少ない涼しい所に密栓して保管してください。<br>
（2）小児の手の届かない所に保管してください。<br>
（3）他の容器に入れ替えないでください。誤用の原因になったり、品質が変わるおそれがあります。<br>
（4）使用期限をすぎた製品は、使用しないでください。 <br>
（5）容器の開封日記入欄に、開封した日付を記入してください。<br>
※その他、医薬品は使用上の注意をよく読んだ上で、それに従い適切に使用して下さい。<br>※ページ内で特に記載が無い場合、使用期限１年以上の商品をお届けしております。

<!--info_txt-->

</font></td></tr></table><table width=""380"" border=""0"" style=""font-size:14px;line-height:1.2;""><tr><td><hr>※添付文書←<font color=#ff0000><b>詳細の商品情報はこちら</b></font><hr><font color=""#ff0000""><b>【お客様へ】</b></font>お薬に関するご相談がございましたら、<b>こちら</b>へお問い合わせください。</td></tr></table><table border=0 width=380 style=""font-size:12px;line-height:1.2;""><tr><td><font color=#000088><hr>※パッケージデザイン等が予告なく変更される場合もあります。<br>※商品廃番・メーカー欠品など諸事情によりお届けできない場合がございます。<hr></font></td></tr></table><table border=0 width=380 style=""font-size:12px;line-height:1.2;""><tr><td>商品区分：【第2類医薬品】<br>【広告文責】株式会社メディスンプラス：0120-205-904 ※休業日 土日・祝祭日<br>文責者名：稗圃 賢輔（管理薬剤師）</td></tr></table><!-- ▼左フロートバナー 表示 CSS & TAG セット -->
<link rel=""stylesheet"" href=""http://www.rakuten.ne.jp/gold/medistock/css_flt/fb_l_m.css"" type=""text/css"" />
<!--トップバナー-->
<div id=""flt_l1""></div>
<!--Ｗオマケ-->
<div id=""flt_l2""></div>
<!--セサミン-->
<div id=""flt_l3""></div>
<!--ワゴンセール-->
<div id=""flt_l4""></div>
<!--送料無料-->
<div id=""flt_l5""></div>
<!-- MPリンク -->
<div id=""flt_l6""></div>
<!-- none -->
<div id=""flt_l7""></div>
<!-- ▲左フロートバナー 表示 CSS & TAG セット -->

<!-- ▼右フロートバナー 表示 CSS & TAG セット -->
<link rel=""stylesheet"" href=""http://www.rakuten.ne.jp/gold/medistock/css_flt/fb_r_m.css"" type=""text/css"" />
<!--プレ EXP-->
<div id=""flt_r1""></div>
<!--プレ レバ-->
<div id=""flt_r2""></div>
<!--花粉特集-->
<div id=""flt_r3""></div>
<!--なし-->
<div id=""flt_r4""></div>
<!--なし-->
<div id=""flt_r5""></div>
<!--ビタ ワゴン-->
<!--ゴールドA-->
<div id=""flt_r6""></div>
<!--なし-->
<div id=""flt_r7""></div>
<!-- ▲右フロートバナー 表示 CSS & TAG セット -->


<!-- ▼スライド -->
<center>
<div style=""width:710px; border:1px solid #52aef0; padding:5px; margin-bottom:5px;"">

</div>
</center>
<!-- ▲スライド -->

<!--▼項目選択-->

<br>
<!--▲項目選択-->


<!--▼右端縦表示-->
<style type=""text/css"">
<!--
/*
body {
background-image:url(http://image.rakuten.co.jp/medistock/cabinet/medistock/tate1508md.gif);
background-repeat:repeat-y;
background-position: right top;
}
*/
-->
</style>



<table width=""730"" border=""0""><tr><td align=""center"">

	<div><img src=""http://image.rakuten.co.jp/medistock/cabinet/hd/sp.gif"" height=""20""></div>




	<div><img src=""http://image.rakuten.co.jp/medistock/cabinet/banner/170520m.gif"" width=""468"" alt=""エントリー"" border=""0""></div>
	<div><img src=""http://image.rakuten.co.jp/medistock/cabinet/hd/sp.gif"" height=""5""></div>


	<div><img src=""http://image.rakuten.co.jp/medistock/cabinet/banner/1704win.jpg"" width=""468"" alt=""エントリー"" border=""0""></div>
	<div><img src=""http://image.rakuten.co.jp/medistock/cabinet/hd/sp.gif"" height=""5""></div>




	<div><img src=""http://image.rakuten.co.jp/medistock/cabinet/banner/160801ls.gif"" width=""468"" alt=""エントリー"" border=""0""></div>
	<div><img src=""http://image.rakuten.co.jp/medistock/cabinet/hd/sp.gif"" height=""5""></div>



	<div><img src=""http://image.rakuten.co.jp/medistock/cabinet/banner/160118pt7.jpg"" width=""468"" alt=""エントリー"" border=""0""></div>
	<div><img src=""http://image.rakuten.co.jp/medistock/cabinet/hd/sp.gif"" height=""5""></div>


	<div><img src=""http://image.rakuten.co.jp/medistock/cabinet/banner/160801nua.jpg"" width=""468"" alt=""エントリー"" border=""0""></div>
	<div><img src=""http://image.rakuten.co.jp/medistock/cabinet/hd/sp.gif"" height=""5""></div>


	<div><img src=""http://image.rakuten.co.jp/medistock/cabinet/banner/160506rgw.jpg"" width=""468"" alt=""エントリー"" border=""0""></div>
	<div><img src=""http://image.rakuten.co.jp/medistock/cabinet/hd/sp.gif"" height=""5""></div>



	<div><img src=""http://image.rakuten.co.jp/medistock/cabinet/banner/161201tb05p.jpg"" width=""468"" alt=""ツールバーPt2"" border=""0""></div>
	<div><img src=""http://image.rakuten.co.jp/medistock/cabinet/hd/sp.gif"" height=""5""></div>



	<div><img src=""http://image.rakuten.co.jp/medistock/cabinet/banner/160601tb10.jpg"" width=""468"" alt=""初ツールバー"" border=""0""></div>
	<div><img src=""http://image.rakuten.co.jp/medistock/cabinet/hd/sp.gif"" height=""5""></div>





	<div><img src=""http://image.rakuten.co.jp/medistock/cabinet/banner/151101app.jpg"" width=""468"" alt=""エントリー"" border=""0""></div>
	<div><img src=""http://image.rakuten.co.jp/medistock/cabinet/hd/sp.gif"" height=""5""></div>


<div><img src=""http://image.rakuten.co.jp/medistock/cabinet/p_img/bn_ato.gif"" width=""468"" alt=""ＮＰ後払い"" border=""0""></div>
<div><img src=""http://image.rakuten.co.jp/medistock/cabinet/hd/sp.gif"" height=""5""></div>

<Br>

</td></tr></table>",【第2類医薬品】【小林製薬】女性保健薬　命の母Ａ　８４０錠【RCP】【10P03Dec16】：メディストック,美容健康メディスンプラスメディストック健康食品サプリメントペット用品化粧品ドッグフードキャットフード日用品食料品香水医薬品【第2類医薬品】【小林製薬】女性保健薬　命の母Ａ　８４０錠【RCP】【10P03Dec16】,【第2類医薬品】【小林製薬】女性保健薬　命の母Ａ　８４０錠【RCP】【10P03Dec16】[rn]
28-87553,http://tshop.r10s.jp/medistock/cabinet/iyakuhin/4518426273213x5.jpg?fitin=700:700,22600.0000,,,【第2類医薬品】【毎日ポイント２倍】【湧永製薬】レオピンファイブキャプレットw 100錠×５個セット【RCP】【HLS_DU】,,"<center>
<table bgcolor=""#cc0000"" width=""750"" border=""0"" cellpadding=""0"" cellspacing=""2""><tr><td>
<table bgcolor=""#ffffcc"" width=""100%"" border=""0"" cellpadding=""5"" cellspacing=""0"" style=""font-size:14px;line-height:1.2;""><tr><td>
<font color=""#333333"">
<div align=""center""><font color=""#ff0000"" size=6><b>【お客様へ】本商品は医薬品です。</b></font></div>
<font color=""#660000"" size=4><b>商品名に付記されてございます<a href=""http://item.rakuten.co.jp/medistock/c/0000003301/"">【リスク分類】</a>をよくご確認の上、ご購入下さい。
また、医薬品は使用上の注意をよく読んだ上で、それに従い適切に使用して下さい。</b></font>
<hr>
<font color=""#cc0000""><b>
※医薬品のご購入について(1)：医薬品をご購入できるのは“18歳以上の楽天会員さま”のみとなっております。<br>
※医薬品のご購入について(2)：医薬品ごとに購入数の制限を設けております。
</b></font>
<hr>
<font color=""#003366""><b>【医薬品による健康被害の救済に関する制度】</b></font>医薬品副作用被害救済制度に基づき、独立行政法人 医薬品医療機器総合機構（救済制度窓口 0120-149-931）へご相談ください。<br>
<hr>
<font color=""#003366""><b>【広告文責 株式会社メディスンプラス】</b></font>フリーダイヤル：０１２０－２０５－９０４（※土日・祝祭日は休業）<br>管理薬剤師：稗圃賢輔（薬剤師免許証 第124203号 長崎県） ※相談応需可能時間：営業時間内
<hr><font color=""#ff0000""><b>【お客様へ】</b></font>お薬に関するご相談がございましたら、<a href=""http://item.rakuten.co.jp/medistock/c/0000003301/"" target=""_blank""><b>こちら</b></a>へお問い合わせください。
</font>
</td></tr></table></td></tr></table>
</center><table border=0 width=380><tr><td><font style=""font-size:14px;line-height:1.2;"">
<hr color=#ccffcc size=2><font style=""font-size:22px;"">活用しよう「医療費控除制度」！</font><hr color=#ccffcc size=2>
本商品（医薬品）をご購入された金額が、
<font color=""#ff0000"">ご自分と扶養家族の分も含めて年間で「合計１０万円（税込）」を超えた場合</font>
、確定申告をすることにより、所得税が一部還付されたり、翌年の住民税が減額される制度があります。<br>
詳しくは厚生労働省か、最寄りの関係機関へお問い合わせください。
</font></td></tr></table>

<table border=0 width=380><tr><td><font style=""font-size:14px;line-height:1.2;"">
<hr color=#ccffcc size=2><font color=#0066ff>◆</font><b>特　長</b><font color=#0066ff>◆</font><hr color=#ccffcc size=2>
レオピンファイブキャプレットｗは<br>
ニンニクを長期間かけ抽出・熟成し、濃縮して得られた<br>
濃縮熟成ニンニク抽出液に、ニンジンエキス・ゴオウ末・シベット散及びビタミンＢ1を配合した滋養強壮剤です。


<hr color=#ccffcc size=2><font color=#0066ff>◆</font><b>メーカー</b>（※製造国又は原産国：日本）<font color=#0066ff>◆</font><hr color=#ccffcc size=2>湧永製薬株式会社<br>〒532-0003 大阪市淀川区宮原四丁目5番36号<br>お客様相談室 ： 0120-39-0971（フリーダイヤル）<br>受付時間 ： 9：00～12：00、13：00～17：00（土・日・祝日を除く）<hr color=#ccffcc size=2><font color=#0066ff>◆</font><b>効能・効果</b><font color=#0066ff>◆</font><hr color=#ccffcc size=2>
大人(15才以上)の場合<br>
滋養強壮・虚弱体質<br>
肉体疲労・病後の体力低下・胃腸障害・栄養障害・発熱性消耗性疾患・妊娠授乳期などの場合の栄養補給

<hr color=#ccffcc size=2><font color=#0066ff>◆</font><b>用法・用量</b><font color=#0066ff>◆</font><hr color=#ccffcc size=2>
1日2回※1回を水又はお湯と一緒に服用してください。<br>
大人15才以上(２錠)<br>
8才以上15才未満(１錠)

<hr color=#ccffcc size=2><font color=#0066ff>◆</font><b>成分・分量</b><font color=#0066ff>◆</font><hr color=#ccffcc size=2>
濃縮熟成ニンニク抽出液・・・1.6ml<br>
ニンジンエキス・・・200mg<br>
ゴオウ末・・・2mg<br>
シベット散・・・7.5mg<br>
ビタミンＢ1塩酸塩・・・20mg<br>
<br>
添加物として、香料・乳糖・セルロース・クロスカルメロースNa・ステアリン酸Mg・無水ケイ酸・酸化チタン・三二酸化鉄・ヒプロメロース・トリアセチン・マクロゴール・カルナウバロウを含有します。

<hr color=#ccffcc size=2><font color=#0066ff>◆</font><b>保管上の注意</b><font color=#0066ff>◆</font><hr color=#ccffcc size=2>
（1）直射日光の当たらない湿気の少ない涼しい所に密栓して保管してください。<br>
（2）小児の手の届かない所に保管してください。<br>
（3）他の容器に入れ替えないでください。誤用の原因になったり、品質が変わるおそれがあります。<br>
（4）使用期限をすぎた製品は、使用しないでください。 <br>
（5）容器の開封日記入欄に、開封した日付を記入してください。<br>
※その他、医薬品は使用上の注意をよく読んだ上で、それに従い適切に使用して下さい。<br>※ページ内で特に記載が無い場合、使用期限１年以上の商品をお届けしております。<!--info_txt-->

</font></td></tr></table>
<table width=""380"" border=""0"" style=""font-size:14px;line-height:1.2;""><tr><td>
<hr><font color=""#ff0000""><b>【お客様へ】</b></font>お薬に関するご相談がございましたら、<b>こちら</b>へお問い合わせください。</td></tr></table>
<table border=0 width=380 style=""font-size:12px;line-height:1.2;""><tr><td><font color=#000088><hr>※パッケージデザイン等が予告なく変更される場合もあります。<br>※商品廃番・メーカー欠品など諸事情によりお届けできない場合がございます。<hr></font></td></tr></table>
<table border=0 width=380 style=""font-size:12px;line-height:1.2;""><tr><td>商品区分：【第2類医薬品】<br>【広告文責】株式会社メディスンプラス：0120-205-904 ※休業日 土日・祝祭日<br>文責者名：稗圃 賢輔（管理薬剤師）</td></tr></table><!-- ▼左フロートバナー 表示 CSS & TAG セット -->
<link rel=""stylesheet"" href=""http://www.rakuten.ne.jp/gold/medistock/css_flt/fb_l_m.css"" type=""text/css"" />
<!--トップバナー-->
<div id=""flt_l1""></div>
<!--Ｗオマケ-->
<div id=""flt_l2""></div>
<!--セサミン-->
<div id=""flt_l3""></div>
<!--ワゴンセール-->
<div id=""flt_l4""></div>
<!--送料無料-->
<div id=""flt_l5""></div>
<!-- MPリンク -->
<div id=""flt_l6""></div>
<!-- none -->
<div id=""flt_l7""></div>
<!-- ▲左フロートバナー 表示 CSS & TAG セット -->

<!-- ▼右フロートバナー 表示 CSS & TAG セット -->
<link rel=""stylesheet"" href=""http://www.rakuten.ne.jp/gold/medistock/css_flt/fb_r_m.css"" type=""text/css"" />
<!--プレ EXP-->
<div id=""flt_r1""></div>
<!--プレ レバ-->
<div id=""flt_r2""></div>
<!--花粉特集-->
<div id=""flt_r3""></div>
<!--なし-->
<div id=""flt_r4""></div>
<!--なし-->
<div id=""flt_r5""></div>
<!--ビタ ワゴン-->
<!--ゴールドA-->
<div id=""flt_r6""></div>
<!--なし-->
<div id=""flt_r7""></div>
<!-- ▲右フロートバナー 表示 CSS & TAG セット -->


<!-- ▼スライド -->
<center>
<div style=""width:710px; border:1px solid #52aef0; padding:5px; margin-bottom:5px;"">

</div>
</center>
<!-- ▲スライド -->

<!--▼項目選択-->

<br>
<!--▲項目選択-->


<!--▼右端縦表示-->
<style type=""text/css"">
<!--
/*
body {
background-image:url(http://image.rakuten.co.jp/medistock/cabinet/medistock/tate1508md.gif);
background-repeat:repeat-y;
background-position: right top;
}
*/
-->
</style>



<table width=""730"" border=""0""><tr><td align=""center"">

	<div><img src=""http://image.rakuten.co.jp/medistock/cabinet/hd/sp.gif"" height=""20""></div>




	<div><img src=""http://image.rakuten.co.jp/medistock/cabinet/banner/170520m.gif"" width=""468"" alt=""エントリー"" border=""0""></div>
	<div><img src=""http://image.rakuten.co.jp/medistock/cabinet/hd/sp.gif"" height=""5""></div>


	<div><img src=""http://image.rakuten.co.jp/medistock/cabinet/banner/1704win.jpg"" width=""468"" alt=""エントリー"" border=""0""></div>
	<div><img src=""http://image.rakuten.co.jp/medistock/cabinet/hd/sp.gif"" height=""5""></div>




	<div><img src=""http://image.rakuten.co.jp/medistock/cabinet/banner/160801ls.gif"" width=""468"" alt=""エントリー"" border=""0""></div>
	<div><img src=""http://image.rakuten.co.jp/medistock/cabinet/hd/sp.gif"" height=""5""></div>



	<div><img src=""http://image.rakuten.co.jp/medistock/cabinet/banner/160118pt7.jpg"" width=""468"" alt=""エントリー"" border=""0""></div>
	<div><img src=""http://image.rakuten.co.jp/medistock/cabinet/hd/sp.gif"" height=""5""></div>


	<div><img src=""http://image.rakuten.co.jp/medistock/cabinet/banner/160801nua.jpg"" width=""468"" alt=""エントリー"" border=""0""></div>
	<div><img src=""http://image.rakuten.co.jp/medistock/cabinet/hd/sp.gif"" height=""5""></div>


	<div><img src=""http://image.rakuten.co.jp/medistock/cabinet/banner/160506rgw.jpg"" width=""468"" alt=""エントリー"" border=""0""></div>
	<div><img src=""http://image.rakuten.co.jp/medistock/cabinet/hd/sp.gif"" height=""5""></div>



	<div><img src=""http://image.rakuten.co.jp/medistock/cabinet/banner/161201tb05p.jpg"" width=""468"" alt=""ツールバーPt2"" border=""0""></div>
	<div><img src=""http://image.rakuten.co.jp/medistock/cabinet/hd/sp.gif"" height=""5""></div>



	<div><img src=""http://image.rakuten.co.jp/medistock/cabinet/banner/160601tb10.jpg"" width=""468"" alt=""初ツールバー"" border=""0""></div>
	<div><img src=""http://image.rakuten.co.jp/medistock/cabinet/hd/sp.gif"" height=""5""></div>





	<div><img src=""http://image.rakuten.co.jp/medistock/cabinet/banner/151101app.jpg"" width=""468"" alt=""エントリー"" border=""0""></div>
	<div><img src=""http://image.rakuten.co.jp/medistock/cabinet/hd/sp.gif"" height=""5""></div>


<div><img src=""http://image.rakuten.co.jp/medistock/cabinet/p_img/bn_ato.gif"" width=""468"" alt=""ＮＰ後払い"" border=""0""></div>
<div><img src=""http://image.rakuten.co.jp/medistock/cabinet/hd/sp.gif"" height=""5""></div>

<Br>

</td></tr></table>",【第2類医薬品】【毎日ポイント２倍】【湧永製薬】レオピンファイブキャプレットw 100錠&times;５個セット【RCP】【HLS_DU】：メディストック,美容健康メディスンプラスメディストック健康食品サプリメントペット用品化粧品ドッグフードキャットフード日用品食料品香水医薬品【第2類医薬品】【毎日ポイント２倍】【湧永製薬】レオピンファイブキャプレットw 100錠&times;５個セット【RCP】【HLS_DU】,【第2類医薬品】【毎日ポイント２倍】【湧永製薬】レオピンファイブキャプレットw 100錠&times;５個セット【RCP】【HLS_DU】[rn]
28-87554,http://tshop.r10s.jp/medistock/cabinet/iyakuhin/4518426273213.jpg?fitin=700:700,4347.2000,,,【第2類医薬品】【湧永製薬】レオピンファイブキャプレットw 100錠【RCP】【10P03Dec16】,,"<center>
<table bgcolor=""#cc0000"" width=""750"" border=""0"" cellpadding=""0"" cellspacing=""2""><tr><td>
<table bgcolor=""#ffffcc"" width=""100%"" border=""0"" cellpadding=""5"" cellspacing=""0"" style=""font-size:14px;line-height:1.2;""><tr><td>
<font color=""#333333"">
<div align=""center""><font color=""#ff0000"" size=6><b>【お客様へ】本商品は医薬品です。</b></font></div>
<font color=""#660000"" size=4><b>商品名に付記されてございます<a href=""http://item.rakuten.co.jp/medistock/c/0000003301/"">【リスク分類】</a>をよくご確認の上、ご購入下さい。
また、医薬品は使用上の注意をよく読んだ上で、それに従い適切に使用して下さい。</b></font>
<hr>
<font color=""#cc0000""><b>
※医薬品のご購入について(1)：医薬品をご購入できるのは“18歳以上の楽天会員さま”のみとなっております。<br>
※医薬品のご購入について(2)：医薬品ごとに購入数の制限を設けております。
</b></font>
<hr>
<font color=""#003366""><b>【医薬品による健康被害の救済に関する制度】</b></font>医薬品副作用被害救済制度に基づき、独立行政法人 医薬品医療機器総合機構（救済制度窓口 0120-149-931）へご相談ください。<br>
<hr>
<font color=""#003366""><b>【広告文責 株式会社メディスンプラス】</b></font>フリーダイヤル：０１２０－２０５－９０４（※土日・祝祭日は休業）<br>管理薬剤師：稗圃賢輔（薬剤師免許証 第124203号 長崎県） ※相談応需可能時間：営業時間内
<hr><font color=""#ff0000""><b>【お客様へ】</b></font>お薬に関するご相談がございましたら、<a href=""http://item.rakuten.co.jp/medistock/c/0000003301/"" target=""_blank""><b>こちら</b></a>へお問い合わせください。
</font>
</td></tr></table></td></tr></table>
</center><table border=0 width=380><tr><td><font style=""font-size:14px;line-height:1.2;"">
<hr color=#ccffcc size=2><font style=""font-size:22px;"">活用しよう「医療費控除制度」！</font><hr color=#ccffcc size=2>
本商品（医薬品）をご購入された金額が、
<font color=""#ff0000"">ご自分と扶養家族の分も含めて年間で「合計１０万円（税込）」を超えた場合</font>
、確定申告をすることにより、所得税が一部還付されたり、翌年の住民税が減額される制度があります。<br>
詳しくは厚生労働省か、最寄りの関係機関へお問い合わせください。
</font></td></tr></table>

<table border=0 width=380><tr><td><font style=""font-size:14px;line-height:1.2;"">
<hr color=#ccffcc size=2><font color=#0066ff>◆</font><b>特　長</b><font color=#0066ff>◆</font><hr color=#ccffcc size=2>
レオピンファイブキャプレットｗは<br>
ニンニクを長期間かけ抽出・熟成し、濃縮して得られた<br>
濃縮熟成ニンニク抽出液に、ニンジンエキス・ゴオウ末・シベット散及びビタミンＢ1を配合した滋養強壮剤です。


<hr color=#ccffcc size=2><font color=#0066ff>◆</font><b>メーカー</b>（※製造国又は原産国：日本）<font color=#0066ff>◆</font><hr color=#ccffcc size=2>湧永製薬株式会社<br>〒532-0003 大阪市淀川区宮原四丁目5番36号<br>お客様相談室 ： 0120-39-0971（フリーダイヤル）<br>受付時間 ： 9：00～12：00、13：00～17：00（土・日・祝日を除く）<hr color=#ccffcc size=2><font color=#0066ff>◆</font><b>効能・効果</b><font color=#0066ff>◆</font><hr color=#ccffcc size=2>
大人(15才以上)の場合<br>
滋養強壮・虚弱体質<br>
肉体疲労・病後の体力低下・胃腸障害・栄養障害・発熱性消耗性疾患・妊娠授乳期などの場合の栄養補給

<hr color=#ccffcc size=2><font color=#0066ff>◆</font><b>用法・用量</b><font color=#0066ff>◆</font><hr color=#ccffcc size=2>
1日2回※1回を水又はお湯と一緒に服用してください。<br>
大人15才以上(２錠)<br>
8才以上15才未満(１錠)

<hr color=#ccffcc size=2><font color=#0066ff>◆</font><b>成分・分量</b><font color=#0066ff>◆</font><hr color=#ccffcc size=2>
濃縮熟成ニンニク抽出液・・・1.6ml<br>
ニンジンエキス・・・200mg<br>
ゴオウ末・・・2mg<br>
シベット散・・・7.5mg<br>
ビタミンＢ1塩酸塩・・・20mg<br>
<br>
添加物として、香料・乳糖・セルロース・クロスカルメロースNa・ステアリン酸Mg・無水ケイ酸・酸化チタン・三二酸化鉄・ヒプロメロース・トリアセチン・マクロゴール・カルナウバロウを含有します。

<hr color=#ccffcc size=2><font color=#0066ff>◆</font><b>保管上の注意</b><font color=#0066ff>◆</font><hr color=#ccffcc size=2>
（1）直射日光の当たらない湿気の少ない涼しい所に密栓して保管してください。<br>
（2）小児の手の届かない所に保管してください。<br>
（3）他の容器に入れ替えないでください。誤用の原因になったり、品質が変わるおそれがあります。<br>
（4）使用期限をすぎた製品は、使用しないでください。 <br>
（5）容器の開封日記入欄に、開封した日付を記入してください。<br>
※その他、医薬品は使用上の注意をよく読んだ上で、それに従い適切に使用して下さい。<br>※ページ内で特に記載が無い場合、使用期限１年以上の商品をお届けしております。<!--info_txt-->

</font></td></tr></table>
<table width=""380"" border=""0"" style=""font-size:14px;line-height:1.2;""><tr><td>
<hr><font color=""#ff0000""><b>【お客様へ】</b></font>お薬に関するご相談がございましたら、<b>こちら</b>へお問い合わせください。</td></tr></table>
<table border=0 width=380 style=""font-size:12px;line-height:1.2;""><tr><td><font color=#000088><hr>※パッケージデザイン等が予告なく変更される場合もあります。<br>※商品廃番・メーカー欠品など諸事情によりお届けできない場合がございます。<hr></font></td></tr></table>
<table border=0 width=380 style=""font-size:12px;line-height:1.2;""><tr><td>商品区分：【第2類医薬品】<br>【広告文責】株式会社メディスンプラス：0120-205-904 ※休業日 土日・祝祭日<br>文責者名：稗圃 賢輔（管理薬剤師）</td></tr></table><!-- ▼左フロートバナー 表示 CSS & TAG セット -->
<link rel=""stylesheet"" href=""http://www.rakuten.ne.jp/gold/medistock/css_flt/fb_l_m.css"" type=""text/css"" />
<!--トップバナー-->
<div id=""flt_l1""></div>
<!--Ｗオマケ-->
<div id=""flt_l2""></div>
<!--セサミン-->
<div id=""flt_l3""></div>
<!--ワゴンセール-->
<div id=""flt_l4""></div>
<!--送料無料-->
<div id=""flt_l5""></div>
<!-- MPリンク -->
<div id=""flt_l6""></div>
<!-- none -->
<div id=""flt_l7""></div>
<!-- ▲左フロートバナー 表示 CSS & TAG セット -->

<!-- ▼右フロートバナー 表示 CSS & TAG セット -->
<link rel=""stylesheet"" href=""http://www.rakuten.ne.jp/gold/medistock/css_flt/fb_r_m.css"" type=""text/css"" />
<!--プレ EXP-->
<div id=""flt_r1""></div>
<!--プレ レバ-->
<div id=""flt_r2""></div>
<!--花粉特集-->
<div id=""flt_r3""></div>
<!--なし-->
<div id=""flt_r4""></div>
<!--なし-->
<div id=""flt_r5""></div>
<!--ビタ ワゴン-->
<!--ゴールドA-->
<div id=""flt_r6""></div>
<!--なし-->
<div id=""flt_r7""></div>
<!-- ▲右フロートバナー 表示 CSS & TAG セット -->


<!-- ▼スライド -->
<center>
<div style=""width:710px; border:1px solid #52aef0; padding:5px; margin-bottom:5px;"">

</div>
</center>
<!-- ▲スライド -->

<!--▼項目選択-->

<br>
<!--▲項目選択-->


<!--▼右端縦表示-->
<style type=""text/css"">
<!--
/*
body {
background-image:url(http://image.rakuten.co.jp/medistock/cabinet/medistock/tate1508md.gif);
background-repeat:repeat-y;
background-position: right top;
}
*/
-->
</style>



<table width=""730"" border=""0""><tr><td align=""center"">

	<div><img src=""http://image.rakuten.co.jp/medistock/cabinet/hd/sp.gif"" height=""20""></div>




	<div><img src=""http://image.rakuten.co.jp/medistock/cabinet/banner/170520m.gif"" width=""468"" alt=""エントリー"" border=""0""></div>
	<div><img src=""http://image.rakuten.co.jp/medistock/cabinet/hd/sp.gif"" height=""5""></div>


	<div><img src=""http://image.rakuten.co.jp/medistock/cabinet/banner/1704win.jpg"" width=""468"" alt=""エントリー"" border=""0""></div>
	<div><img src=""http://image.rakuten.co.jp/medistock/cabinet/hd/sp.gif"" height=""5""></div>




	<div><img src=""http://image.rakuten.co.jp/medistock/cabinet/banner/160801ls.gif"" width=""468"" alt=""エントリー"" border=""0""></div>
	<div><img src=""http://image.rakuten.co.jp/medistock/cabinet/hd/sp.gif"" height=""5""></div>



	<div><img src=""http://image.rakuten.co.jp/medistock/cabinet/banner/160118pt7.jpg"" width=""468"" alt=""エントリー"" border=""0""></div>
	<div><img src=""http://image.rakuten.co.jp/medistock/cabinet/hd/sp.gif"" height=""5""></div>


	<div><img src=""http://image.rakuten.co.jp/medistock/cabinet/banner/160801nua.jpg"" width=""468"" alt=""エントリー"" border=""0""></div>
	<div><img src=""http://image.rakuten.co.jp/medistock/cabinet/hd/sp.gif"" height=""5""></div>


	<div><img src=""http://image.rakuten.co.jp/medistock/cabinet/banner/160506rgw.jpg"" width=""468"" alt=""エントリー"" border=""0""></div>
	<div><img src=""http://image.rakuten.co.jp/medistock/cabinet/hd/sp.gif"" height=""5""></div>



	<div><img src=""http://image.rakuten.co.jp/medistock/cabinet/banner/161201tb05p.jpg"" width=""468"" alt=""ツールバーPt2"" border=""0""></div>
	<div><img src=""http://image.rakuten.co.jp/medistock/cabinet/hd/sp.gif"" height=""5""></div>



	<div><img src=""http://image.rakuten.co.jp/medistock/cabinet/banner/160601tb10.jpg"" width=""468"" alt=""初ツールバー"" border=""0""></div>
	<div><img src=""http://image.rakuten.co.jp/medistock/cabinet/hd/sp.gif"" height=""5""></div>





	<div><img src=""http://image.rakuten.co.jp/medistock/cabinet/banner/151101app.jpg"" width=""468"" alt=""エントリー"" border=""0""></div>
	<div><img src=""http://image.rakuten.co.jp/medistock/cabinet/hd/sp.gif"" height=""5""></div>


<div><img src=""http://image.rakuten.co.jp/medistock/cabinet/p_img/bn_ato.gif"" width=""468"" alt=""ＮＰ後払い"" border=""0""></div>
<div><img src=""http://image.rakuten.co.jp/medistock/cabinet/hd/sp.gif"" height=""5""></div>

<Br>

</td></tr></table>",【第2類医薬品】【湧永製薬】レオピンファイブキャプレットw 100錠【RCP】【10P03Dec16】：メディストック,美容健康メディスンプラスメディストック健康食品サプリメントペット用品化粧品ドッグフードキャットフード日用品食料品香水医薬品【第2類医薬品】【湧永製薬】レオピンファイブキャプレットw 100錠【RCP】【10P03Dec16】,【第2類医薬品】【湧永製薬】レオピンファイブキャプレットw 100錠【RCP】【10P03Dec16】[rn]
28-87555,http://tshop.r10s.jp/medistock/cabinet/iyakuhin/4518426273213x3.jpg?fitin=700:700,13560.0000,,,【第2類医薬品】【毎日ポイント２倍】【湧永製薬】レオピンファイブキャプレットw 100錠×３個セット【RCP】【HLS_DU】,,"<center>
<table bgcolor=""#cc0000"" width=""750"" border=""0"" cellpadding=""0"" cellspacing=""2""><tr><td>
<table bgcolor=""#ffffcc"" width=""100%"" border=""0"" cellpadding=""5"" cellspacing=""0"" style=""font-size:14px;line-height:1.2;""><tr><td>
<font color=""#333333"">
<div align=""center""><font color=""#ff0000"" size=6><b>【お客様へ】本商品は医薬品です。</b></font></div>
<font color=""#660000"" size=4><b>商品名に付記されてございます<a href=""http://item.rakuten.co.jp/medistock/c/0000003301/"">【リスク分類】</a>をよくご確認の上、ご購入下さい。
また、医薬品は使用上の注意をよく読んだ上で、それに従い適切に使用して下さい。</b></font>
<hr>
<font color=""#cc0000""><b>
※医薬品のご購入について(1)：医薬品をご購入できるのは“18歳以上の楽天会員さま”のみとなっております。<br>
※医薬品のご購入について(2)：医薬品ごとに購入数の制限を設けております。
</b></font>
<hr>
<font color=""#003366""><b>【医薬品による健康被害の救済に関する制度】</b></font>医薬品副作用被害救済制度に基づき、独立行政法人 医薬品医療機器総合機構（救済制度窓口 0120-149-931）へご相談ください。<br>
<hr>
<font color=""#003366""><b>【広告文責 株式会社メディスンプラス】</b></font>フリーダイヤル：０１２０－２０５－９０４（※土日・祝祭日は休業）<br>管理薬剤師：稗圃賢輔（薬剤師免許証 第124203号 長崎県） ※相談応需可能時間：営業時間内
<hr><font color=""#ff0000""><b>【お客様へ】</b></font>お薬に関するご相談がございましたら、<a href=""http://item.rakuten.co.jp/medistock/c/0000003301/"" target=""_blank""><b>こちら</b></a>へお問い合わせください。
</font>
</td></tr></table></td></tr></table>
</center><table border=0 width=380><tr><td><font style=""font-size:14px;line-height:1.2;"">
<hr color=#ccffcc size=2><font style=""font-size:22px;"">活用しよう「医療費控除制度」！</font><hr color=#ccffcc size=2>
本商品（医薬品）をご購入された金額が、
<font color=""#ff0000"">ご自分と扶養家族の分も含めて年間で「合計１０万円（税込）」を超えた場合</font>
、確定申告をすることにより、所得税が一部還付されたり、翌年の住民税が減額される制度があります。<br>
詳しくは厚生労働省か、最寄りの関係機関へお問い合わせください。
</font></td></tr></table>

<table border=0 width=380><tr><td><font style=""font-size:14px;line-height:1.2;"">
<hr color=#ccffcc size=2><font color=#0066ff>◆</font><b>特　長</b><font color=#0066ff>◆</font><hr color=#ccffcc size=2>
レオピンファイブキャプレットｗは<br>
ニンニクを長期間かけ抽出・熟成し、濃縮して得られた<br>
濃縮熟成ニンニク抽出液に、ニンジンエキス・ゴオウ末・シベット散及びビタミンＢ1を配合した滋養強壮剤です。


<hr color=#ccffcc size=2><font color=#0066ff>◆</font><b>メーカー</b>（※製造国又は原産国：日本）<font color=#0066ff>◆</font><hr color=#ccffcc size=2>湧永製薬株式会社<br>〒532-0003 大阪市淀川区宮原四丁目5番36号<br>お客様相談室 ： 0120-39-0971（フリーダイヤル）<br>受付時間 ： 9：00～12：00、13：00～17：00（土・日・祝日を除く）<hr color=#ccffcc size=2><font color=#0066ff>◆</font><b>効能・効果</b><font color=#0066ff>◆</font><hr color=#ccffcc size=2>
大人(15才以上)の場合<br>
滋養強壮・虚弱体質<br>
肉体疲労・病後の体力低下・胃腸障害・栄養障害・発熱性消耗性疾患・妊娠授乳期などの場合の栄養補給

<hr color=#ccffcc size=2><font color=#0066ff>◆</font><b>用法・用量</b><font color=#0066ff>◆</font><hr color=#ccffcc size=2>
1日2回※1回を水又はお湯と一緒に服用してください。<br>
大人15才以上(２錠)<br>
8才以上15才未満(１錠)

<hr color=#ccffcc size=2><font color=#0066ff>◆</font><b>成分・分量</b><font color=#0066ff>◆</font><hr color=#ccffcc size=2>
濃縮熟成ニンニク抽出液・・・1.6ml<br>
ニンジンエキス・・・200mg<br>
ゴオウ末・・・2mg<br>
シベット散・・・7.5mg<br>
ビタミンＢ1塩酸塩・・・20mg<br>
<br>
添加物として、香料・乳糖・セルロース・クロスカルメロースNa・ステアリン酸Mg・無水ケイ酸・酸化チタン・三二酸化鉄・ヒプロメロース・トリアセチン・マクロゴール・カルナウバロウを含有します。

<hr color=#ccffcc size=2><font color=#0066ff>◆</font><b>保管上の注意</b><font color=#0066ff>◆</font><hr color=#ccffcc size=2>
（1）直射日光の当たらない湿気の少ない涼しい所に密栓して保管してください。<br>
（2）小児の手の届かない所に保管してください。<br>
（3）他の容器に入れ替えないでください。誤用の原因になったり、品質が変わるおそれがあります。<br>
（4）使用期限をすぎた製品は、使用しないでください。 <br>
（5）容器の開封日記入欄に、開封した日付を記入してください。<br>
※その他、医薬品は使用上の注意をよく読んだ上で、それに従い適切に使用して下さい。<br>※ページ内で特に記載が無い場合、使用期限１年以上の商品をお届けしております。<!--info_txt-->

</font></td></tr></table>
<table width=""380"" border=""0"" style=""font-size:14px;line-height:1.2;""><tr><td>
<hr><font color=""#ff0000""><b>【お客様へ】</b></font>お薬に関するご相談がございましたら、<b>こちら</b>へお問い合わせください。</td></tr></table>
<table border=0 width=380 style=""font-size:12px;line-height:1.2;""><tr><td><font color=#000088><hr>※パッケージデザイン等が予告なく変更される場合もあります。<br>※商品廃番・メーカー欠品など諸事情によりお届けできない場合がございます。<hr></font></td></tr></table>
<table border=0 width=380 style=""font-size:12px;line-height:1.2;""><tr><td>商品区分：【第2類医薬品】<br>【広告文責】株式会社メディスンプラス：0120-205-904 ※休業日 土日・祝祭日<br>文責者名：稗圃 賢輔（管理薬剤師）</td></tr></table><!-- ▼左フロートバナー 表示 CSS & TAG セット -->
<link rel=""stylesheet"" href=""http://www.rakuten.ne.jp/gold/medistock/css_flt/fb_l_m.css"" type=""text/css"" />
<!--トップバナー-->
<div id=""flt_l1""></div>
<!--Ｗオマケ-->
<div id=""flt_l2""></div>
<!--セサミン-->
<div id=""flt_l3""></div>
<!--ワゴンセール-->
<div id=""flt_l4""></div>
<!--送料無料-->
<div id=""flt_l5""></div>
<!-- MPリンク -->
<div id=""flt_l6""></div>
<!-- none -->
<div id=""flt_l7""></div>
<!-- ▲左フロートバナー 表示 CSS & TAG セット -->

<!-- ▼右フロートバナー 表示 CSS & TAG セット -->
<link rel=""stylesheet"" href=""http://www.rakuten.ne.jp/gold/medistock/css_flt/fb_r_m.css"" type=""text/css"" />
<!--プレ EXP-->
<div id=""flt_r1""></div>
<!--プレ レバ-->
<div id=""flt_r2""></div>
<!--花粉特集-->
<div id=""flt_r3""></div>
<!--なし-->
<div id=""flt_r4""></div>
<!--なし-->
<div id=""flt_r5""></div>
<!--ビタ ワゴン-->
<!--ゴールドA-->
<div id=""flt_r6""></div>
<!--なし-->
<div id=""flt_r7""></div>
<!-- ▲右フロートバナー 表示 CSS & TAG セット -->


<!-- ▼スライド -->
<center>
<div style=""width:710px; border:1px solid #52aef0; padding:5px; margin-bottom:5px;"">

</div>
</center>
<!-- ▲スライド -->

<!--▼項目選択-->

<br>
<!--▲項目選択-->


<!--▼右端縦表示-->
<style type=""text/css"">
<!--
/*
body {
background-image:url(http://image.rakuten.co.jp/medistock/cabinet/medistock/tate1508md.gif);
background-repeat:repeat-y;
background-position: right top;
}
*/
-->
</style>



<table width=""730"" border=""0""><tr><td align=""center"">

	<div><img src=""http://image.rakuten.co.jp/medistock/cabinet/hd/sp.gif"" height=""20""></div>




	<div><img src=""http://image.rakuten.co.jp/medistock/cabinet/banner/170520m.gif"" width=""468"" alt=""エントリー"" border=""0""></div>
	<div><img src=""http://image.rakuten.co.jp/medistock/cabinet/hd/sp.gif"" height=""5""></div>


	<div><img src=""http://image.rakuten.co.jp/medistock/cabinet/banner/1704win.jpg"" width=""468"" alt=""エントリー"" border=""0""></div>
	<div><img src=""http://image.rakuten.co.jp/medistock/cabinet/hd/sp.gif"" height=""5""></div>




	<div><img src=""http://image.rakuten.co.jp/medistock/cabinet/banner/160801ls.gif"" width=""468"" alt=""エントリー"" border=""0""></div>
	<div><img src=""http://image.rakuten.co.jp/medistock/cabinet/hd/sp.gif"" height=""5""></div>



	<div><img src=""http://image.rakuten.co.jp/medistock/cabinet/banner/160118pt7.jpg"" width=""468"" alt=""エントリー"" border=""0""></div>
	<div><img src=""http://image.rakuten.co.jp/medistock/cabinet/hd/sp.gif"" height=""5""></div>


	<div><img src=""http://image.rakuten.co.jp/medistock/cabinet/banner/160801nua.jpg"" width=""468"" alt=""エントリー"" border=""0""></div>
	<div><img src=""http://image.rakuten.co.jp/medistock/cabinet/hd/sp.gif"" height=""5""></div>


	<div><img src=""http://image.rakuten.co.jp/medistock/cabinet/banner/160506rgw.jpg"" width=""468"" alt=""エントリー"" border=""0""></div>
	<div><img src=""http://image.rakuten.co.jp/medistock/cabinet/hd/sp.gif"" height=""5""></div>



	<div><img src=""http://image.rakuten.co.jp/medistock/cabinet/banner/161201tb05p.jpg"" width=""468"" alt=""ツールバーPt2"" border=""0""></div>
	<div><img src=""http://image.rakuten.co.jp/medistock/cabinet/hd/sp.gif"" height=""5""></div>



	<div><img src=""http://image.rakuten.co.jp/medistock/cabinet/banner/160601tb10.jpg"" width=""468"" alt=""初ツールバー"" border=""0""></div>
	<div><img src=""http://image.rakuten.co.jp/medistock/cabinet/hd/sp.gif"" height=""5""></div>





	<div><img src=""http://image.rakuten.co.jp/medistock/cabinet/banner/151101app.jpg"" width=""468"" alt=""エントリー"" border=""0""></div>
	<div><img src=""http://image.rakuten.co.jp/medistock/cabinet/hd/sp.gif"" height=""5""></div>


<div><img src=""http://image.rakuten.co.jp/medistock/cabinet/p_img/bn_ato.gif"" width=""468"" alt=""ＮＰ後払い"" border=""0""></div>
<div><img src=""http://image.rakuten.co.jp/medistock/cabinet/hd/sp.gif"" height=""5""></div>

<Br>

</td></tr></table>",【第2類医薬品】【毎日ポイント２倍】【湧永製薬】レオピンファイブキャプレットw 100錠&times;３個セット【RCP】【HLS_DU】：メディストック,美容健康メディスンプラスメディストック健康食品サプリメントペット用品化粧品ドッグフードキャットフード日用品食料品香水医薬品【第2類医薬品】【毎日ポイント２倍】【湧永製薬】レオピンファイブキャプレットw 100錠&times;３個セット【RCP】【HLS_DU】,【第2類医薬品】【毎日ポイント２倍】【湧永製薬】レオピンファイブキャプレットw 100錠&times;３個セット【RCP】【HLS_DU】[rn]
28-87556,http://tshop.r10s.jp/maido-drug/cabinet/item/02585565/img63984911.jpg?fitin=700:700,4060.0000,,,【第3類医薬品】【阪本漢法製薬】マムシグロン内服液　50本セット　（現品30本＋サンプル20本）※発送までお時間を頂く場合がございます。,　,"<table width=""570"" border=""0"" cellpadding=""5"" cellspacing=""1"" bgcolor=""#BBBBBB"">


<tr><td width=""100"" bgcolor=""#EEEEEE"" style=""font-size:12px"">


<!--▽カテゴリ名01▽ -->
商品説明
<!--△カテゴリ名01△ -->


</td><td bgcolor=""#FFFFFF"" style=""font-size:12px"">


<!--▽商品説明01▽ -->
●阪本漢法製薬マムシグロン内服液は<br>
マムシ抽出液を配合しているほか、<br>
生薬エキスも配合したドリンクです。<br>
<!--△商品説明01△ -->

</td>
</tr>

<tr><td width=""100"" bgcolor=""#EEEEEE"" style=""font-size:12px"">


<!--▽カテゴリ名02▽ -->
効能・効果
<!--△カテゴリ名02△ -->


</td><td bgcolor=""#FFFFFF"" style=""font-size:12px"">


<!--▽商品説明02▽ -->
●滋養強壮，虚弱体質，肉体疲労・病後の体力低下・胃腸障害<br>
発熱性消耗性疾患・産前産後などの場合の栄養補給<br>
<!--△商品説明02△ -->

</td>
</tr>

<tr><td width=""100"" bgcolor=""#EEEEEE"" style=""font-size:12px"">


<!--▽カテゴリ名02▽ -->
用法・用量
<!--△カテゴリ名02△ -->


</td><td bgcolor=""#FFFFFF"" style=""font-size:12px"">


<!--▽商品説明02▽ -->
●大人1日1回1瓶（100mL）を内服してください。<br>
<!--△商品説明02△ -->


</td>
</tr>

<tr><td width=""100"" bgcolor=""#EEEEEE"" style=""font-size:12px"">


<!--▽カテゴリ名03▽ -->
成分・分量<br>
【100mL中】
<!--△カテゴリ名03△ -->


</td><td bgcolor=""#FFFFFF"" style=""font-size:12px"">


  
    <!--▽商品説明03▽ -->
100mL中 <br>　　


マムシ抽出液 0.5mL （マムシ100mg） 
ニンジン流エキス 0.6mL （人参600mg）<br> 
アミノエチルスルホン酸(タウリン) 2000mg  
チアミン硝化物 10mg  <br>
リボフラビン 3mg  
ピリドキシン塩酸塩 5mg <br> 
ニコチン酸アミド 25mg  
無水カフェイン 50mg  <br><br>
 
添加物  白糖，ハチミツ，D-ソルビトール液，クエン酸水和物，dl-リンゴ酸，カラメル，安息香酸ナトリウム，パラベン，エタノール，香料，グリセリン，バニリン，エタノール0.5mL以下 
 
 <!--△商品説明03△ -->
   
  </td>
</tr>

<tr><td width=""100"" bgcolor=""#EEEEEE"" style=""font-size:12px"">


<!--▽カテゴリ名04▽ -->
使用上の注意 
<!--△カテゴリ名04△ -->


</td><td bgcolor=""#FFFFFF"" style=""font-size:12px"">


<!--▽商品説明04▽ -->
<font color=""#FF0000"" size=""2""><b>
◆15歳未満は内服しないこと。<br>
◆定められた用法・用量を厳守すること。<br>
■相談すること<br> 
 1．服用後，次の症状があらわれた場合は副作用の可能性があるので，<br>
直ちに服用を中止し，この容器を持って<br>
医師，薬剤師又は登録販売者に相談すること<br>
関係部位：症状<br>
皮膚：発疹<br>
消化器：下痢<br>
2．しばらく服用しても症状がよくならない場合は服用を中止し，<br>この容器を持って医師，薬剤師又は登録販売者に相談すること<br> 

<br></b></font>
<!--△商品説明04△ -->

</td>
</tr>


<tr><td bgcolor=""#EEEEEE"" style=""font-size:12px"">


<!--▽カテゴリ名05▽ -->
保管及び<br>
取扱い上の注意 <br>
<!--△カテゴリ名05△ -->


</td><td bgcolor=""#FFFFFF"" style=""font-size:12px"">


<!--▽商品説明05▽ -->
（1）直射日光の当たらない涼しい所に保管すること。<br>
（2）小児の手の届かない所に保管すること。<br>
（3）他の容器に入れ替えないこと<br>
（誤用の原因になったり品質が変わる。）<br>
<!--△商品説明05△ -->

</td></tr>
<tr><td bgcolor=""#EEEEEE"" style=""font-size:12px"">

<!--▽カテゴリ名07▽ -->
製造及び<br>
販売会社
<!--△カテゴリ名07△ -->


</td><td bgcolor=""#FFFFFF"" style=""font-size:12px"">


<!--▽商品説明07▽ -->
（株）阪本漢法製薬<br> 
会社名：株式会社阪本漢法製薬<br>
住所：大阪市北区曽根崎2丁目7番4号<br>
問い合わせ先：お客様相談室<br>
電話：06-6131-1300<br>
受付時間：祝祭日を除く月～金　10：00～17：00<br>
<!--△商品説明07△ -->

</td></tr>
<tr><td bgcolor=""#EEEEEE"" style=""font-size:12px"">


<!--▽カテゴリ名07▽ -->
広告文責 
<!--△カテゴリ名07△ -->


</td><td bgcolor=""#FFFFFF"" style=""font-size:12px"">


<!--▽商品説明07▽ -->
有限会社起福<br>
TEL：072-626-3399 <br>
文責・登録販売者・木村宜由<br>
<!--△商品説明07△ -->

</td></tr>
<tr><td bgcolor=""#EEEEEE"" style=""font-size:12px"">


<!--▽カテゴリ名07▽ -->
区分  
<!--△カテゴリ名07△ -->


</td><td bgcolor=""#FFFFFF"" style=""font-size:12px"">


<!--▽商品説明07▽ -->
第3類医薬品 <br>
<!--△商品説明07△ -->

</td></tr>
</table>",【第3類医薬品】【阪本漢法製薬】マムシグロン内服液　50本セット　（現品30本＋サンプル20本）※発送までお時間を頂く場合がございます。：まいどドラッグ,【第3類医薬品】【阪本漢法製薬】マムシグロン内服液　50本セット　（現品30本＋サンプル20本）※発送までお時間を頂く場合がございます。,　。【第3類医薬品】【阪本漢法製薬】マムシグロン内服液　50本セット　（現品30本＋サンプル20本）※発送までお時間を頂く場合がございます。[rn]
28-87557,http://tshop.r10s.jp/maido-drug/cabinet/item/02585565/img63984911.jpg?fitin=700:700,7392.8000,,,【第3類医薬品】【阪本漢法製薬】マムシグロン内服液　100本セット　（現品50本＋サンプル50本）,　,"<table width=""570"" border=""0"" cellpadding=""5"" cellspacing=""1"" bgcolor=""#BBBBBB"">


<tr><td width=""100"" bgcolor=""#EEEEEE"" style=""font-size:12px"">


<!--▽カテゴリ名01▽ -->
商品説明
<!--△カテゴリ名01△ -->


</td><td bgcolor=""#FFFFFF"" style=""font-size:12px"">


<!--▽商品説明01▽ -->
●阪本漢法製薬マムシグロン内服液は<br>
マムシ抽出液を配合しているほか、<br>
生薬エキスも配合したドリンクです。<br>
<!--△商品説明01△ -->

</td>
</tr>

<tr><td width=""100"" bgcolor=""#EEEEEE"" style=""font-size:12px"">


<!--▽カテゴリ名02▽ -->
効能・効果
<!--△カテゴリ名02△ -->


</td><td bgcolor=""#FFFFFF"" style=""font-size:12px"">


<!--▽商品説明02▽ -->
●滋養強壮，虚弱体質，肉体疲労・病後の体力低下・胃腸障害<br>
発熱性消耗性疾患・産前産後などの場合の栄養補給<br>
<!--△商品説明02△ -->

</td>
</tr>

<tr><td width=""100"" bgcolor=""#EEEEEE"" style=""font-size:12px"">


<!--▽カテゴリ名02▽ -->
用法・用量
<!--△カテゴリ名02△ -->


</td><td bgcolor=""#FFFFFF"" style=""font-size:12px"">


<!--▽商品説明02▽ -->
●大人1日1回1瓶（100mL）を内服してください。<br>
<!--△商品説明02△ -->


</td>
</tr>

<tr><td width=""100"" bgcolor=""#EEEEEE"" style=""font-size:12px"">


<!--▽カテゴリ名03▽ -->
成分・分量<br>
【100mL中】
<!--△カテゴリ名03△ -->


</td><td bgcolor=""#FFFFFF"" style=""font-size:12px"">


  
    <!--▽商品説明03▽ -->
100mL中 <br>　　


マムシ抽出液 0.5mL （マムシ100mg） 
ニンジン流エキス 0.6mL （人参600mg）<br> 
アミノエチルスルホン酸(タウリン) 2000mg  
チアミン硝化物 10mg  <br>
リボフラビン 3mg  
ピリドキシン塩酸塩 5mg <br> 
ニコチン酸アミド 25mg  
無水カフェイン 50mg  <br><br>
 
添加物  白糖，ハチミツ，D-ソルビトール液，クエン酸水和物，dl-リンゴ酸，カラメル，安息香酸ナトリウム，パラベン，エタノール，香料，グリセリン，バニリン，エタノール0.5mL以下 
 
 <!--△商品説明03△ -->
   
  </td>
</tr>

<tr><td width=""100"" bgcolor=""#EEEEEE"" style=""font-size:12px"">


<!--▽カテゴリ名04▽ -->
使用上の注意 
<!--△カテゴリ名04△ -->


</td><td bgcolor=""#FFFFFF"" style=""font-size:12px"">


<!--▽商品説明04▽ -->
<font color=""#FF0000"" size=""2""><b>
◆15歳未満は内服しないこと。<br>
◆定められた用法・用量を厳守すること。<br>
■相談すること<br> 
 1．服用後，次の症状があらわれた場合は副作用の可能性があるので，<br>
直ちに服用を中止し，この容器を持って<br>
医師，薬剤師又は登録販売者に相談すること<br>
関係部位：症状<br>
皮膚：発疹<br>
消化器：下痢<br>
2．しばらく服用しても症状がよくならない場合は服用を中止し，<br>この容器を持って医師，薬剤師又は登録販売者に相談すること<br> 

<br></b></font>
<!--△商品説明04△ -->

</td>
</tr>


<tr><td bgcolor=""#EEEEEE"" style=""font-size:12px"">


<!--▽カテゴリ名05▽ -->
保管及び<br>
取扱い上の注意 <br>
<!--△カテゴリ名05△ -->


</td><td bgcolor=""#FFFFFF"" style=""font-size:12px"">


<!--▽商品説明05▽ -->
（1）直射日光の当たらない涼しい所に保管すること。<br>
（2）小児の手の届かない所に保管すること。<br>
（3）他の容器に入れ替えないこと<br>
（誤用の原因になったり品質が変わる。）<br>
<!--△商品説明05△ -->

</td></tr>
<tr><td bgcolor=""#EEEEEE"" style=""font-size:12px"">

<!--▽カテゴリ名07▽ -->
製造及び<br>
販売会社
<!--△カテゴリ名07△ -->


</td><td bgcolor=""#FFFFFF"" style=""font-size:12px"">


<!--▽商品説明07▽ -->
（株）阪本漢法製薬<br> 
会社名：株式会社阪本漢法製薬<br>
住所：大阪市北区曽根崎2丁目7番4号<br>
問い合わせ先：お客様相談室<br>
電話：06-6131-1300<br>
受付時間：祝祭日を除く月～金　10：00～17：00<br>
<!--△商品説明07△ -->

</td></tr>
<tr><td bgcolor=""#EEEEEE"" style=""font-size:12px"">


<!--▽カテゴリ名07▽ -->
広告文責 
<!--△カテゴリ名07△ -->


</td><td bgcolor=""#FFFFFF"" style=""font-size:12px"">


<!--▽商品説明07▽ -->
有限会社起福<br>
TEL：072-626-3399 <br>
文責・登録販売者・木村宜由<br>
<!--△商品説明07△ -->

</td></tr>
<tr><td bgcolor=""#EEEEEE"" style=""font-size:12px"">


<!--▽カテゴリ名07▽ -->
区分  
<!--△カテゴリ名07△ -->


</td><td bgcolor=""#FFFFFF"" style=""font-size:12px"">


<!--▽商品説明07▽ -->
第3類医薬品 <br>
<!--△商品説明07△ -->

</td></tr>
</table>",【第3類医薬品】【阪本漢法製薬】マムシグロン内服液　100本セット　（現品50本＋サンプル50本）：まいどドラッグ,【第3類医薬品】【阪本漢法製薬】マムシグロン内服液　100本セット　（現品50本＋サンプル50本）,　。【第3類医薬品】【阪本漢法製薬】マムシグロン内服液　100本セット　（現品50本＋サンプル50本）[rn]
28-87558,http://tshop.r10s.jp/tsuruha/cabinet/shouhin40/4987305392534.jpg?fitin=700:700,2704.0000,,,【第3類医薬品】全薬工業　ドックマン肝寿　(200錠)　滋養強壮　栄養補給　ツルハドラッグ,　,"　<!--購入数制限ここから-->
<p><b>お買い上げいただける個数は5個までです</b></p><br>
<!--購入数制限ここまで-->

<p>リニューアルに伴いパッケージ・内容等予告なく変更する場合がございます。予めご了承ください。</p>

<TABLE class=item-main>
<TBODY>
<TR>
<TD>
<TABLE class=item-table>
<TBODY>
<TR class=a>
<TD class=b></TD>
<TD class=c><BR>
<TABLE class=item>
<TBODY>
<TR>
<TD class=d>名　称</TD>
<TD class=e>ドックマン肝寿</TD>
</TR>
<TR>
<TD class=d>内容量</TD>
<TD class=e>200錠</TD>
</TR>
<TR>
<TD class=d>特　徴</TD>
<TD class=e>◆ドックマン肝寿は、L-システイン、肝臓加水分解物、グリチルリチン酸、ビタミンなどを配合した滋養強壮剤です。疲れやすい時などの滋養強壮や、肉体疲労、食欲不振時などの栄養補給に適しています。</TD>
</TR>
<TR>
<TD class=d>効能・効果</TD>
<TD class=e>滋養強壮、肉体疲労・病中病後・食欲不振・発熱性消耗性疾患・栄養障害・妊娠授乳期などの場合の栄養補給、虚弱体質。</TD>
</TR>
<TR>
<TD class=d>用法・用量</TD>
<TD class=e>次の量を服用してください。<br>
15才以上・・・1回量4錠、1日服用回数2回<br>
15才未満・・・服用しないこと<br>
<br>
●用法・用量に関連する注意<br>錠剤の取り出し方<br>
（1）錠剤の取り出し方<br>
錠剤の入っているＰＴＰシートの凸部を指先で強く押して、裏面のアルミ箔を破り、取り出して服用してください。（誤ってそのまま飲み込んだりすると食道粘膜に突き刺さる等思わぬ事故につながる。）<br>
（2）本剤は水又はぬるま湯で服用してください。</TD>
</TR>
<TR>
<TD class=d>成分・分量</TD>
<TD class=e>8錠中<br>
肝臓加水分解物・・・200mg<br>
胆汁エキス末・・・50mg<br>
L-システイン・・・120mg<br>
グリチルリチン酸・・・20mg<br>
葉酸・・・1mg<br>
グリシン・・・60mg<br>
タウリン・・・240mg<br>
リボフラビン酪酸エステル（脂溶性ビタミンB2）・・・12mg<br>
ピリドキシン塩酸塩（ビタミンB6）・・・10mg<br>
添加物としてゼラチン、タルク、炭酸Ca、ヒドロキシプロピルセルロース、カルナウバロウ、還元麦芽糖水アメ、クロスカルメロースNa、硬化油、酸化チタン、ステアリン酸Mg、セルロース、白糖、ヒプロメロース、ポビドン、ポリオキシエチレンポリオキシプロピレングリコール、マクロゴール、メタケイ酸アルミン酸Mg、リン酸水素Ca、リン酸リボフラビンNaを含有します。<br>
<br>
●成分に関連する注意<br>
本剤の服用により尿が黄色くなることがありますが、これは本剤中のリボフラビン酪酸エステル(脂溶性ビタミンB2)によるものですので、ご心配ありません。</TD>
</TR>
<TR>
<TD class=d>区　分</TD>
<TD class=e>第3類医薬品/滋養強壮剤/日本製</TD>
</TR>
<TR>
<TD class=d>ご注意</TD>
<TD class=e>使用上の注意<BR>
●相談すること<br>
1．服用後、次の症状があらわれた場合は副作用の可能性があるので、直ちに服用を中止し、添付文書を持って医師、薬剤師又は登録販売者に相談してください。<br>
【関係部位：症状】<br>
消化器：胃部不快感、胃部膨満感、食欲不振、吐き気・嘔吐<br>
2．服用後、次の症状があらわれることがありますので、このような症状の持続又は増強が見られた場合には、服用を中止し、添付文書を持って医師、薬剤師又は登録販売者に相談してください。<br>
下痢<br>
3．しばらく服用しても症状がよくならない場合は服用を中止し、添付文書を持って医師、薬剤師又は登録販売者に相談してください。<br>
<br>
●保管及び取扱い上の注意<br>（1）直射日光のあたらない湿気の少ない涼しい所に保管してください。<br>
（2）小児の手のとどかない所に保管してください。<br>
（3）他の容器に入れかえないでください。（誤用の原因になったり品質が変わる。）<br>
（4）使用期限を過ぎた製品は、服用しないでください。<br>
<BR>
◆本品記載の使用法・使用上の注意をよくお読みの上ご使用下さい。</TD>
</TR>
<TR>
<TD class=d>製造販売元</TD>
<TD class=e>全薬工業株式会社　東京都文京区大塚5-6-15</TD>
</TR>
<TR>
<TD class=d>お問合せ</TD>
<TD class=e>全薬工業お客様相談室　東京都文京区大塚5-6-15<br>
電話：03-3946-3610　受付時間：９：00～17：00(土・日・祝祭日を除く)</TD>
</TR>
<TR>
<TD class=d>広告文責</TD>
<TD class=e>株式会社ツルハグループマーチャンダイジング<br>
カスタマーセンター　0852-53-0680</TD>
</TR>
</TBODY>
</TABLE>
</TD>
</TR>
</TBODY>
</TABLE>
</TD>
</TR>
</TBODY>
</TABLE>

<BR>JANコード：4987305392534<BR><table border=""0"" width=""790"" cellpadding=""0"" cellspacing=""0"">
<!--セールここから-->
<tr valign=""top"">
<td width=""790"" valign=""top"" height=""123"">

<img src=""http://image.rakuten.co.jp/tsuruha/cabinet/sale2/0428tokubai_790120.jpg"" width=""790"" height=""120"" border=""0"" alt=""特売セール"">
</td>
</tr>
<!--セールここまで-->

<!--紫外線対策ここから-->
<tr valign=""top"">
<td width=""790"" valign=""top"" height=""133"">

<img src=""http://image.rakuten.co.jp/tsuruha/cabinet/banner3/uvtaisaku2_790120.jpg"" width=""790"" height=""120"" border=""0"" alt=""早目のUVケアで肌をダメージから守る！　紫外線・UV対策"">
</td>
</tr>
<!--紫外線対策ここまで-->

<!--風邪・ウイルス対策特集ここから-->
<!--tr valign=""top"">
<td width=""790"" valign=""top"" height=""133"">

<img src=""http://image.rakuten.co.jp/tsuruha/cabinet/banner3/kazeuirusu790120.jpg"" width=""790"" height=""120"" border=""0"" alt=""風邪・ウイルス対策特集"">
</td>
</tr-->
<!--風邪・ウイルス対策特集ここまで-->

<!--ヘアレシピここから-->
<!--tr valign=""top"">
<td width=""790"" valign=""top"" height=""133"">

<img src=""http://image.rakuten.co.jp/tsuruha/cabinet/banner3/hair_recipe_2_790130.jpg"" width=""790"" height=""130"" border=""0"" alt=""ヘアレシピ"">
</td>
</tr-->
<!--ヘアレシピここまで-->

<!--セーラームーンここから-->
<!--tr valign=""top"">
<td width=""790"" valign=""top"" height=""133"">

<img src=""http://image.rakuten.co.jp/tsuruha/cabinet/banner3/elis_korabo790120.jpg"" width=""790"" height=""120"" border=""0"" alt=""セーラームーンコラボグッズプレゼントキャンペーン"">
</td>
</tr-->
<!--セーラームーンここまで-->


</table>",【第3類医薬品】全薬工業　ドックマン肝寿　(200錠)　滋養強壮　栄養補給　ツルハドラッグ：ツルハドラッグ,ドラッグストアスキンケア化粧品ベビー薬健康ツルハツルハドラッグダイエット健康食品サプリハブラシヘアケアエゾエース入浴剤ナップルツルハグループ介護用品医薬品生コラーゲン【第3類医薬品】全薬工業　ドックマン肝寿　(200錠)　滋養強壮　栄養補給　ツルハドラッグ,　。【第3類医薬品】全薬工業　ドックマン肝寿　(200錠)　滋養強壮　栄養補給　ツルハドラッグ[rn]
28-87559,http://tshop.r10s.jp/tsuruha/cabinet/shouhin20/4987322521009-5set.jpg?fitin=700:700,6480.0000,,,【第3類医薬品】【ポイント20倍】　【即納】　《5個セット》　滋養強壮　新エゾエースH　(50ｍｌ×4本入)×5個セット　　【送料無料】　【smtb-s】　(4987322521009)　ツルハドラッグ,,"<img src=""http://image.rakuten.co.jp/tsuruha/cabinet/banner/sokunou544_100.jpg"" width=""544"" height=""100"" alt=""【即納】商品についてのご案内""><br><br>
<!--ポイント付き画像http://image.rakuten.co.jp/tsuruha/cabinet/shouhin20/4987322521009-5set2.jpg-->
<!--ポイントなし画像http://image.rakuten.co.jp/tsuruha/cabinet/shouhin20/4987322521009-5set1.jpg-->
<!--img src=""http://image.rakuten.co.jp/tsuruha/cabinet/banner2/ezoace5_tokuten2.jpg""><br><br-->
<!--table width=""544"" cellspacing=""0"" cellpading=""0"" border=""1"" bordercolor=""#d63194"">
<tr><td>

<img src=""http://thumbnail.image.rakuten.co.jp/@0_mall/tsuruha/cabinet/kenkotya01/4987322522044.jpg?_ex=130x130"" border=""0""><br>
</td>
<td>

<img src=""http://thumbnail.image.rakuten.co.jp/@0_mall/tsuruha/cabinet/hairbrasi01/4987322521009.jpg?_ex=130x130"" border=""0""><br>
</td>
<td>

<img src=""http://thumbnail.image.rakuten.co.jp/@0_mall/tsuruha/cabinet/rins01/4987322521009-1.jpg?_ex=130x130"" border=""0""><br>
</td>
<td>

<img src=""http://thumbnail.image.rakuten.co.jp/@0_mall/tsuruha/cabinet/rins01/2018000397004.jpg?_ex=130x130"" border=""0""><br>
</td></tr>
<tr><td>
販売価格<font color=""red"" size=""+1""><b>498</b></font>円<br>
</td><td>
販売価格<font color=""red"" size=""+1""><b>1,575</b></font>円<br>
さらに<font color=""red"" size=""+2"">送料無料</font>
</td><td>
販売価格<font color=""red"" size=""+1""><b>7,875</b></font>円<br>
さらに<font color=""red"" size=""+2"">送料無料</font>
</td><td>
販売価格<font color=""red"" size=""+1""><b>15,750</b></font>円<br>
さらに<font color=""red"" size=""+2"">送料無料</font>
</td></tr>
<tr><td bgcolor=""#f7bdde"">
<font color=""red"">1本あたり</font><font color=""red"" size=""+2"">498円</font>
</td><td bgcolor=""#f7bdde"">
<font color=""red"">1本あたり</font><font color=""red"" size=""+2"">394円</font>
</td><td bgcolor=""#f7bdde"">
<font color=""red"">1本あたり</font><font color=""red"" size=""+2"">329円</font>
</td><td bgcolor=""#f7bdde"">
<font color=""red"">1本あたり</font><font color=""red"" size=""+2"">303円</font>
</td></tr>
</table>
<br><br-->
<TABLE class=item-main>
<TBODY>
<TR>
<TD>
      <TABLE class=item-table>
      <TBODY>
<TR class=a>
<TD class=b></TD>
            <TD class=c><BR>
<TABLE class=item>
<TBODY>
<TR>
<TD class=d>名　称</TD>
<TD class=e>《5個セット》　<br>滋養強壮　新エゾエース</TD>
</TR>
                <TR>
                  <TD class=d>内容量</TD>
                  <TD class=e>(50mL(液剤)×4本)×5個セット</TD>
                </TR>
                <TR>
                  <TD class=d>特　徴</TD>
                  <TD class=e>★エゾウコギエキス配合</TD>
                </TR>
                <TR>
                  <TD class=d>効能・効果</TD>
                  <TD class=e>滋養強壮、虚弱体質、肉体疲労、病中病後、食欲不振、栄養障害、発熱性消耗性疾患、産前産後などの場合の栄養補給</TD>
                </TR>
                <TR>
                  <TD class=d>用法・容量</TD>
                  <TD class=e>成人(15歳以上)1日1回1ビン(50mL)を服用
                  <HR>                  【用法・用量に関連する注意】<BR>
                  1、定められた用法・用量を守ってください。<BR>
                  2、本剤は生薬成分を配合していますので、ときに沈殿を生じる場合がありますが、薬効には変わりありません。よく振ってから服用してください。</TD>
                </TR>
                <TR>
                  <TD class=d>成分・分量</TD>
                  <TD class=e>1日量1ビン(50mL)中<BR>
                  エゾウコギ乾燥エキス…120mg(原生薬として3g)<BR>
                  リボフラビン(ビタミンB2)…3mg<BR>
                  ピリドキシン塩酸塩(ビタミンB6)…20mg<BR>
                  ニコチン酸アミド…50mg<BR>
                  イノシトール…100mg<BR>
                  L-アスパラギン酸カリウム・L-アスパラギン酸マグネシウム…300mg<BR>
                  無水カフェイン…50mg<BR>
                  添加物としてハチミツ、果糖ブドウ糖液糖、クエン酸、パラベン、香料を含みます。
                  <HR>
                  【成分・分量に関連する注意】<BR>
                  ●本剤の服用により尿が黄色くなることがありますが、これは本剤中のビタミンB2が吸収されたのち尿中に排泄されるためです。</TD>
                </TR>
                <TR>
                  <TD class=d>区　分</TD>
                  <TD class=e>第3類医薬品/日本製</TD>
                </TR>
                <TR>
                  <TD class=d>ご注意</TD>
                  <TD class=e>【使用上の注意】<BR>
                  <FONT color=""#ff0000"">(相談すること)</FONT><BR>
                  1．服用後、次の症状があらわれた場合は副作用の可能性があるので、直ちに服用を中止し、この製品を持って医師、薬剤師又は登録販売者に相談してください。<br>皮ふ／発疹・発赤、かゆみ<br>消化器／悪心・嘔吐、下痢、胃部不快感<br>
2．しばらく服用しても症状がよくならない場合は服用を中止し、この製品を持って医師、薬剤師又は登録販売者に相談してください。<br>
                  <BR>
                  【保管及び取扱い上の注意】<BR>
                  (1)直射日光の当たらない涼しい所に保管してください。<BR>
                  (2)小児の手の届かない所に保管してください。<BR>
                  (3)誤用の原因になったり品質が変わるおそれがありますので、他の容器に入れ替えないでください。<BR>
                  (4)使用期限(ラベルに表示)を過ぎた製品は服用しないでください。なお、使用期限内であっても開封後は品質保持の点からなるべく早く服用してください。
                  <HR>
                  本品記載の使用法・使用上の注意をよくお読みの上ご使用下さい。</TD>
                </TR>
                <TR>
                  <TD class=d>製　造<BR>
                  販売元</TD>
                  <TD class=e>ヤクハン製薬株式会社<BR>
                  北海道北広島市北の里27番地</TD>
                </TR>
                <TR>
                  <TD class=d>お問合せ</TD>
                  <TD class=e>電話：011-373-1097
                  <HR>
                  【副作用被害救済制度】<BR>
                  電話：0120-149-931</TD>
                </TR>
                <TR>
                  <TD class=d>広告文責</TD>
                  <TD class=e>株式会社ツルハグループマーチャンダイジング<BR>カスタマーセンター　0852-53-0680<BR>薬剤師　松原道子、薬剤師　堀壽子<BR></TD>
                </TR>
              </TBODY>
</TABLE>
            </TD>
          </TR>
</TBODY>
</TABLE>
      </TD>
</TR>
</TBODY>
</TABLE>
<BR>
<!--ここから楽天リンク-->
<!--table style=""border: 5px red solid;"" cellspacing=""0"" cellpadding=""0"" width=""544"">
<TR><TD align=""center"" colspan=""2"" bgcolor=""#fff8f0"">
<TABLE width=""534"" border=""10"" cellspacing=""0"" cellpadding=""0"" bordercolor=""red""><tr><td bgcolor=""#ffe9e4"" align=""center"">
<FONT color=""red"" size=""6""><B>↓<I>さらにお得なスペシャルセット！</I>↓</B></FONT><BR>
</td></tr></TABLE>
<table><tr><td>
<img src=""http://image.rakuten.co.jp/tsuruha/cabinet/shouhin20/4987322521009-10set1.jpg"" border=""0"">
</TD><TD align=""center"" valign=""center"">
<font color=""deeppink"" size=""+2""><B>★お得なおまけつき★</B></font><BR>
<font size=""+1""><B>新エゾエースH<BR>
(50ｍｌ×4本入)×10個セット<BR>
おまけ付きはコチラ</B></font><BR>
</TD></TR></table>
</TD></TR>
<TR><TD colspan=""2"" height=""30"" bgcolor=""red"" align=""center"">
<font color=""white"" size=""+2""><B>↓↓4本セットもお買い得です↓↓</B></font><BR>
</TD></TR><TR><TD width=""280"" align=""center"" bgcolor=""#fff8f0"">
<BR><img src=""http://thumbnail.image.rakuten.co.jp/@0_mall/tsuruha/cabinet/banner2/2018000401008_omake1.jpg?_ex=250x250"" style=""border:solid 5px #CCCCFF""><BR><BR>
</TD><TD width=""264"" bgcolor=""#fff8f0"">
<font size=""+1""><B><font color=""red"">★4本セットもお得です★</font><BR>新エゾエースH　(50ｍｌ×4本入)はコチラ</B></font>
</TD></TR></table-->
<!--ここまで楽天リンク-->
<BR>JANコード：4987322521009<BR><BR>JANコード：4514388180736<BR><table border=""0"" width=""790"" cellpadding=""0"" cellspacing=""0"">
<!--セールここから-->
<tr valign=""top"">
<td width=""790"" valign=""top"" height=""123"">

<img src=""http://image.rakuten.co.jp/tsuruha/cabinet/sale2/0428tokubai_790120.jpg"" width=""790"" height=""120"" border=""0"" alt=""特売セール"">
</td>
</tr>
<!--セールここまで-->

<!--紫外線対策ここから-->
<tr valign=""top"">
<td width=""790"" valign=""top"" height=""133"">

<img src=""http://image.rakuten.co.jp/tsuruha/cabinet/banner3/uvtaisaku2_790120.jpg"" width=""790"" height=""120"" border=""0"" alt=""早目のUVケアで肌をダメージから守る！　紫外線・UV対策"">
</td>
</tr>
<!--紫外線対策ここまで-->

<!--風邪・ウイルス対策特集ここから-->
<!--tr valign=""top"">
<td width=""790"" valign=""top"" height=""133"">

<img src=""http://image.rakuten.co.jp/tsuruha/cabinet/banner3/kazeuirusu790120.jpg"" width=""790"" height=""120"" border=""0"" alt=""風邪・ウイルス対策特集"">
</td>
</tr-->
<!--風邪・ウイルス対策特集ここまで-->

<!--ヘアレシピここから-->
<!--tr valign=""top"">
<td width=""790"" valign=""top"" height=""133"">

<img src=""http://image.rakuten.co.jp/tsuruha/cabinet/banner3/hair_recipe_2_790130.jpg"" width=""790"" height=""130"" border=""0"" alt=""ヘアレシピ"">
</td>
</tr-->
<!--ヘアレシピここまで-->

<!--セーラームーンここから-->
<!--tr valign=""top"">
<td width=""790"" valign=""top"" height=""133"">

<img src=""http://image.rakuten.co.jp/tsuruha/cabinet/banner3/elis_korabo790120.jpg"" width=""790"" height=""120"" border=""0"" alt=""セーラームーンコラボグッズプレゼントキャンペーン"">
</td>
</tr-->
<!--セーラームーンここまで-->


</table>",【第3類医薬品】【ポイント20倍】　【即納】　《5個セット》　滋養強壮　新エゾエースH　(50ｍｌ&times;4本入)&times;5個セット　　【送料無料】　【smtb-s】　(4987322521009)　ツルハドラッグ：ツルハドラッグ,ドラッグストアスキンケア化粧品ベビー薬健康ツルハツルハドラッグダイエット健康食品サプリハブラシヘアケアエゾエース入浴剤ナップルツルハグループ介護用品医薬品生コラーゲン【第3類医薬品】【ポイント20倍】　【即納】　《5個セット》　滋養強壮　新エゾエースH　(50ｍｌ&times;4本入)&times;5個セット　　【送料無料】　【smtb-s】　(4987322521009)　ツルハドラッグ,【第3類医薬品】【ポイント20倍】　【即納】　《5個セット》　滋養強壮　新エゾエースH　(50ｍｌ&times;4本入)&times;5個セット　　【送料無料】　【smtb-s】　(4987322521009)　ツルハドラッグ[rn]
28-87560,http://tshop.r10s.jp/tsuruha/cabinet/shouhin20/4987322521009-10set.jpg?fitin=700:700,12960.0000,,,【第3類医薬品】【ポイント20倍】　【即納】　《10個セット》　滋養強壮　新エゾエースH　(50ｍｌ×4本入)×10個セット　(40本)　　【送料無料】　【smtb-s】　(4987322521009)　ツルハドラッグ,,"<img src=""http://image.rakuten.co.jp/tsuruha/cabinet/banner/sokunou544_100.jpg"" width=""544"" height=""100"" alt=""【即納】商品についてのご案内""><br><br>
<!--ポイント付き画像http://image.rakuten.co.jp/tsuruha/cabinet/shouhin20/4987322521009-10set2.jpg-->
<!--ポイントなし画像http://image.rakuten.co.jp/tsuruha/cabinet/shouhin20/4987322521009-10set1.jpg-->
<!--img src=""http://image.rakuten.co.jp/tsuruha/cabinet/banner2/ezoace10_tokuten2.jpg""><br><br-->
<!--table width=""544"" cellspacing=""0"" cellpading=""0"" border=""1"" bordercolor=""#d63194"">
<tr><td>

<img src=""http://thumbnail.image.rakuten.co.jp/@0_mall/tsuruha/cabinet/kenkotya01/4987322522044.jpg?_ex=130x130"" border=""0""><br>
</td>
<td>

<img src=""http://thumbnail.image.rakuten.co.jp/@0_mall/tsuruha/cabinet/hairbrasi01/4987322521009.jpg?_ex=130x130"" border=""0""><br>
</td>
<td>

<img src=""http://thumbnail.image.rakuten.co.jp/@0_mall/tsuruha/cabinet/rins01/4987322521009-1.jpg?_ex=130x130"" border=""0""><br>
</td>
<td>

<img src=""http://thumbnail.image.rakuten.co.jp/@0_mall/tsuruha/cabinet/rins01/2018000397004.jpg?_ex=130x130"" border=""0""><br>
</td></tr>
<tr><td>
販売価格<font color=""red"" size=""+1""><b>498</b></font>円<br>
</td><td>
販売価格<font color=""red"" size=""+1""><b>1,575</b></font>円<br>
さらに<font color=""red"" size=""+2"">送料無料</font>
</td><td>
販売価格<font color=""red"" size=""+1""><b>7,875</b></font>円<br>
さらに<font color=""red"" size=""+2"">送料無料</font>
</td><td>
販売価格<font color=""red"" size=""+1""><b>15,750</b></font>円<br>
さらに<font color=""red"" size=""+2"">送料無料</font>
</td></tr>
<tr><td bgcolor=""#f7bdde"">
<font color=""red"">1本あたり</font><font color=""red"" size=""+2"">498円</font>
</td><td bgcolor=""#f7bdde"">
<font color=""red"">1本あたり</font><font color=""red"" size=""+2"">394円</font>
</td><td bgcolor=""#f7bdde"">
<font color=""red"">1本あたり</font><font color=""red"" size=""+2"">329円</font>
</td><td bgcolor=""#f7bdde"">
<font color=""red"">1本あたり</font><font color=""red"" size=""+2"">303円</font>
</td></tr>
</table>
<br><br-->
<TABLE class=item-main>
<TBODY>
<TR>
<TD>
      <TABLE class=item-table>
      <TBODY>
<TR class=a>
<TD class=b></TD>
            <TD class=c><BR>
<TABLE class=item>
<TBODY>
<TR>
<TD class=d>名　称</TD>
<TD class=e>《10個セット》　<br>滋養強壮　新エゾエース</TD>
</TR>
                <TR>
                  <TD class=d>内容量</TD>
                  <TD class=e>(50mL(液剤)×4本)×10個セット</TD>
                </TR>
                <TR>
                  <TD class=d>特　徴</TD>
                  <TD class=e>★エゾウコギエキス配合</TD>
                </TR>
                <TR>
                  <TD class=d>効能・効果</TD>
                  <TD class=e>滋養強壮、虚弱体質、肉体疲労、病中病後、食欲不振、栄養障害、発熱性消耗性疾患、産前産後などの場合の栄養補給</TD>
                </TR>
                <TR>
                  <TD class=d>用法・容量</TD>
                  <TD class=e>成人(15歳以上)1日1回1ビン(50mL)を服用
                  <HR>                  【用法・用量に関連する注意】<BR>
                  1、定められた用法・用量を守ってください。<BR>
                  2、本剤は生薬成分を配合していますので、ときに沈殿を生じる場合がありますが、薬効には変わりありません。よく振ってから服用してください。</TD>
                </TR>
                <TR>
                  <TD class=d>成分・分量</TD>
                  <TD class=e>1日量1ビン(50mL)中<BR>
                  エゾウコギ乾燥エキス…120mg(原生薬として3g)<BR>
                  リボフラビン(ビタミンB2)…3mg<BR>
                  ピリドキシン塩酸塩(ビタミンB6)…20mg<BR>
                  ニコチン酸アミド…50mg<BR>
                  イノシトール…100mg<BR>
                  L-アスパラギン酸カリウム・L-アスパラギン酸マグネシウム…300mg<BR>
                  無水カフェイン…50mg<BR>
                  添加物としてハチミツ、果糖ブドウ糖液糖、クエン酸、パラベン、香料を含みます。
                  <HR>
                  【成分・分量に関連する注意】<BR>
                  ●本剤の服用により尿が黄色くなることがありますが、これは本剤中のビタミンB2が吸収されたのち尿中に排泄されるためです。</TD>
                </TR>
                <TR>
                  <TD class=d>区　分</TD>
                  <TD class=e>第3類医薬品/日本製</TD>
                </TR>
                <TR>
                  <TD class=d>ご注意</TD>
                  <TD class=e>【使用上の注意】<BR>
                  <FONT color=""#ff0000"">(相談すること)</FONT><BR>
                  1．服用後、次の症状があらわれた場合は副作用の可能性があるので、直ちに服用を中止し、この製品を持って医師、薬剤師又は登録販売者に相談してください。<br>皮ふ／発疹・発赤、かゆみ<br>消化器／悪心・嘔吐、下痢、胃部不快感<br>
2．しばらく服用しても症状がよくならない場合は服用を中止し、この製品を持って医師、薬剤師又は登録販売者に相談してください。<br>
                  <BR>
                  【保管及び取扱い上の注意】<BR>
                  (1)直射日光の当たらない涼しい所に保管してください。<BR>
                  (2)小児の手の届かない所に保管してください。<BR>
                  (3)誤用の原因になったり品質が変わるおそれがありますので、他の容器に入れ替えないでください。<BR>
                  (4)使用期限(ラベルに表示)を過ぎた製品は服用しないでください。なお、使用期限内であっても開封後は品質保持の点からなるべく早く服用してください。
                  <HR>
                  本品記載の使用法・使用上の注意をよくお読みの上ご使用下さい。</TD>
                </TR>
                <TR>
                  <TD class=d>製　造<BR>
                  販売元</TD>
                  <TD class=e>ヤクハン製薬株式会社<BR>
                  北海道北広島市北の里27番地</TD>
                </TR>
                <TR>
                  <TD class=d>お問合せ</TD>
                  <TD class=e>電話：011-373-1097
                  <HR>
                  【副作用被害救済制度】<BR>
                  電話：0120-149-931</TD>
                </TR>
                <TR>
                  <TD class=d>広告文責</TD>
                  <TD class=e>株式会社ツルハグループマーチャンダイジング<BR>カスタマーセンター　0852-53-0680<BR>
薬剤師　松原道子、薬剤師　堀壽子</TD>
                </TR>
              </TBODY>
</TABLE>
            </TD>
          </TR>
</TBODY>
</TABLE>
      </TD>
</TR>
</TBODY>
</TABLE>
<BR>
<!--ここから楽天リンク-->
<!--table style=""border: 5px red solid;"" cellspacing=""0"" cellpadding=""0"" width=""544"">
<TR><TD align=""center"" colspan=""2"" bgcolor=""#fff8f0"">
<TABLE width=""534"" border=""10"" cellspacing=""0"" cellpadding=""0"" bordercolor=""red""><tr><td bgcolor=""#ffe9e4"" align=""center"">
<FONT color=""red"" size=""6""><B>↓<I>さらにお得なスペシャルセット！</I>↓</B></FONT><BR>
</td></tr></TABLE>
</TD></TR>
<TR><TD align=""center"" colspan=""2"" bgcolor=""#fff8f0"">
<table><tr><td>
<img src=""http://image.rakuten.co.jp/tsuruha/cabinet/shouhin20/4987322521009-5set1.jpg"" border=""0"">
</TD><TD align=""center"" valign=""center"">
<font color=""deeppink"" size=""+2""><B>★お得なおまけつき★</B></font><BR>
<font size=""+1""><B>新エゾエースH<BR>
(50ｍｌ×4本入)×5個セット<BR>
おまけ付きはコチラ</B></font><BR>
</TD></TR></TABLE>
</TD></TR>
<TR><TD colspan=""2"" height=""30"" bgcolor=""red"" align=""center"">
<font color=""white"" size=""+2""><B>↓↓4本セットもお買い得です↓↓</B></font><BR>
</TD></TR><TR><TD width=""280"" align=""center"" bgcolor=""#fff8f0"">
<BR><img src=""http://thumbnail.image.rakuten.co.jp/@0_mall/tsuruha/cabinet/banner2/2018000401008_omake1.jpg?_ex=250x250"" style=""border:solid 5px #CCCCFF""><BR><BR>
</TD><TD width=""264"" bgcolor=""#fff8f0"">
<font size=""+1""><B><font color=""red"">★4本セットもお得です★</font><BR>新エゾエースH　(50ｍｌ×4本入)はコチラ</B></font>
</TD></TR></table-->
<!--ここまで楽天リンク--><BR>JANコード：4987322521009<BR><BR>JANコード：4514388181306<BR><table border=""0"" width=""790"" cellpadding=""0"" cellspacing=""0"">
<!--セールここから-->
<tr valign=""top"">
<td width=""790"" valign=""top"" height=""123"">

<img src=""http://image.rakuten.co.jp/tsuruha/cabinet/sale2/0428tokubai_790120.jpg"" width=""790"" height=""120"" border=""0"" alt=""特売セール"">
</td>
</tr>
<!--セールここまで-->

<!--紫外線対策ここから-->
<tr valign=""top"">
<td width=""790"" valign=""top"" height=""133"">

<img src=""http://image.rakuten.co.jp/tsuruha/cabinet/banner3/uvtaisaku2_790120.jpg"" width=""790"" height=""120"" border=""0"" alt=""早目のUVケアで肌をダメージから守る！　紫外線・UV対策"">
</td>
</tr>
<!--紫外線対策ここまで-->

<!--風邪・ウイルス対策特集ここから-->
<!--tr valign=""top"">
<td width=""790"" valign=""top"" height=""133"">

<img src=""http://image.rakuten.co.jp/tsuruha/cabinet/banner3/kazeuirusu790120.jpg"" width=""790"" height=""120"" border=""0"" alt=""風邪・ウイルス対策特集"">
</td>
</tr-->
<!--風邪・ウイルス対策特集ここまで-->

<!--ヘアレシピここから-->
<!--tr valign=""top"">
<td width=""790"" valign=""top"" height=""133"">

<img src=""http://image.rakuten.co.jp/tsuruha/cabinet/banner3/hair_recipe_2_790130.jpg"" width=""790"" height=""130"" border=""0"" alt=""ヘアレシピ"">
</td>
</tr-->
<!--ヘアレシピここまで-->

<!--セーラームーンここから-->
<!--tr valign=""top"">
<td width=""790"" valign=""top"" height=""133"">

<img src=""http://image.rakuten.co.jp/tsuruha/cabinet/banner3/elis_korabo790120.jpg"" width=""790"" height=""120"" border=""0"" alt=""セーラームーンコラボグッズプレゼントキャンペーン"">
</td>
</tr-->
<!--セーラームーンここまで-->


</table>",【第3類医薬品】【ポイント20倍】　【即納】　《10個セット》　滋養強壮　新エゾエースH　(50ｍｌ&times;4本入)&times;10個セット　(40本)　　【送料無料】　【smtb-s】　(4987322521009)　ツルハドラッグ：ツルハドラッグ,ドラッグストアスキンケア化粧品ベビー薬健康ツルハツルハドラッグダイエット健康食品サプリハブラシヘアケアエゾエース入浴剤ナップルツルハグループ介護用品医薬品生コラーゲン【第3類医薬品】【ポイント20倍】　【即納】　《10個セット》　滋養強壮　新エゾエースH　(50ｍｌ&times;4本入)&times;10個セット　(40本)　　【送料無料】　【smtb-s】　(4987322521009)　ツルハドラッグ,【第3類医薬品】【ポイント20倍】　【即納】　《10個セット》　滋養強壮　新エゾエースH　(50ｍｌ&times;4本入)&times;10個セット　(40本)　　【送料無料】　【smtb-s】　(4987322521009)　ツルハドラッグ[rn]
28-87561,http://tshop.r10s.jp/tsuruha/cabinet/4987373068225.jpg?fitin=700:700,1475.2000,,,【第3類医薬品】《セット》　HapYcom　ハピコム　ケンラク内服液　肩こり、眼精疲労、腰痛、肉体疲労時に　(50ｍｌ×4本入り)×3個セット　ツルハドラッグ,,"　<p>リニューアルに伴いパッケージ・内容等予告なく変更する場合がございます。予めご了承ください。</p>
<TABLE class=item-main>
<TBODY>
<TR>
<TD>
      <TABLE class=item-table>
      <TBODY>
<TR class=a>
<TD class=b></TD>
            <TD class=c><BR>
<TABLE class=item>
<TBODY>
                <TR>
                  <TD class=d>名　称</TD>
                  <TD class=e>《セット販売》　HapYcom ハピコム<BR>
                  ケンラク内服液　(4本パック)3個セット</TD>
</TR>
                <TR>
                  <TD class=d>内容量</TD>
                  <TD class=e>50mL×4本 (ドリンク剤)×3個</TD>
                </TR>
                <TR>
                  <TD class=d>特　徴</TD>
                  <TD class=e>★肩こり、眼精疲労<BR>腰痛、肉体疲労時!!</TD>
                </TR>
                <TR>
                  <TD class=d>効能・効果</TD>
                  <TD class=e>●次の諸症状の緩和：神経痛、筋肉痛・関節痛（腰痛、肩こり、五十肩など）、手足のしびれ、便秘、眼精疲労 
<BR>●脚気「ただし、これらの症状について、1ヵ月ほど使用しても改善がみられない場合は、医師又は薬剤師に相談すること。」 
<BR>●次の場合のビタミンB1の補給：肉体疲労時、妊娠・授乳期、病中病後の体力低下時</TD>
                </TR>
                <TR>
                  <TD class=d>用法・用量</TD>
                  <TD class=e>大人(15歳以上)1回1本(50mL)を1日2回服用する。
                  <HR>
                  【用法用量に関する注意】<BR>●用法及び用量を厳守すること。</TD>
                </TR>
                <TR>
                  <TD class=d>成分・分量</TD>
                  <TD class=e>1日量[100mL(50mL×2)]中<BR>
                  ・ベンフォチアミン(ビタミンB1誘導体)60mg<BR>
                  ・リボフラビン(ビタミンB2)4mg<BR>
                  ・ピリドキシン塩酸塩(ビタミンB6)40mg<BR>
                  ・ニコチン酸アミド60mg<BR>
                  ・コンドロイチン硫酸エステルナトリウム400mg<BR>
                  <BR>
                  添加物としてクエン酸、DL-リンゴ酸、白糖、Ｄ-ソルビトール、安息香酸、エデト酸カルシウムニナトリウム、香料を含有します。
                  <HR>
                  【成分・分量に関する注意】<BR>
                  ●本剤に配合されているリボフラビンにより、尿が黄色になることがあります。</TD>
                </TR>
                <TR>
                  <TD class=d>区　分</TD>
                  <TD class=e>第3類医薬品/ミニドリンク剤/日本製</TD>
                </TR>
                <TR>
                  <TD class=d>ご注意</TD>
                  <TD class=e>【保管及び取扱い上の注意】<BR>（1）直射日光の当たらない涼しい所に保管すること。 <BR>（2）小児の手の届かない所に保管すること。 <BR>（3）使用期限の過ぎた製品は服用しないこと。<HR>
                  【使用上の注意】<BR>
                  ■<FONT color=""#ff0000"">相談すること</FONT><BR>1.次の場合は直ちに服用を中止し、この製品を持って医師又は薬剤師に相談して下さい。<BR>(1)服用後、次の症状があらわれた場合<BR>
                  ●関係部位：消化器<BR>
                  ●症状：悪心・嘔吐<BR>
                  <BR>
                  (2)1ヶ月位服用しても症状がよくならない場合<BR>2.次の症状があらわれることがあるので、このような症状の継続又は増強が見られた場合には、服用を中止し、医師又は薬剤師に相談して下さい。<BR>/軟便、下痢<BR>
                  <BR>【保管及び取扱い上の注意】<BR>(1)直射日光の当たらない涼しい所に保管すること。<BR>(2)小児の手の届かない所に保管すること。<BR>(3)使用期限の過ぎた製品は服用しないこと。 
<BR>
                  <HR>
                  本品記載の使用法・使用上の注意をよくお読みの上ご使用下さい。</TD>
                </TR>
                <TR>
                  <TD class=d>発売元</TD>
                  <TD class=e>テイコクファルマケア株式会社<BR>香川県東かがわ市三本松567番地</TD>
                </TR>
                <TR>
                  <TD class=d>お問合せ</TD>
                  <TD class=e>【テイコクファルマケア株式会社】<BR>電話　0879-25-7771<HR>【副作用被害救済制度のお問合せ先】<BR>
                  電話：0120-149-931</TD>
                </TR>
                <TR>
                  <TD class=d>製造<BR>
                  販売元</TD>
                  <TD class=e>金陽製薬株式会社<BR>奈良県五條市住川町1420番地</TD>
                </TR>
                <TR>
                  <TD class=d>広告文責</TD>
                  <TD class=e>株式会社ツルハグループマーチャンダイジング<BR>カスタマーセンター　0852-53-0680</TD>
                </TR>
              </TBODY>
</TABLE>
            </TD>
          </TR>
</TBODY>
</TABLE>
      </TD>
</TR>
</TBODY>
</TABLE><BR>JANコード：4987373068225<BR><table border=""0"" width=""790"" cellpadding=""0"" cellspacing=""0"">
<!--セールここから-->
<tr valign=""top"">
<td width=""790"" valign=""top"" height=""123"">

<img src=""http://image.rakuten.co.jp/tsuruha/cabinet/sale2/0428tokubai_790120.jpg"" width=""790"" height=""120"" border=""0"" alt=""特売セール"">
</td>
</tr>
<!--セールここまで-->

<!--紫外線対策ここから-->
<tr valign=""top"">
<td width=""790"" valign=""top"" height=""133"">

<img src=""http://image.rakuten.co.jp/tsuruha/cabinet/banner3/uvtaisaku2_790120.jpg"" width=""790"" height=""120"" border=""0"" alt=""早目のUVケアで肌をダメージから守る！　紫外線・UV対策"">
</td>
</tr>
<!--紫外線対策ここまで-->

<!--風邪・ウイルス対策特集ここから-->
<!--tr valign=""top"">
<td width=""790"" valign=""top"" height=""133"">

<img src=""http://image.rakuten.co.jp/tsuruha/cabinet/banner3/kazeuirusu790120.jpg"" width=""790"" height=""120"" border=""0"" alt=""風邪・ウイルス対策特集"">
</td>
</tr-->
<!--風邪・ウイルス対策特集ここまで-->

<!--ヘアレシピここから-->
<!--tr valign=""top"">
<td width=""790"" valign=""top"" height=""133"">

<img src=""http://image.rakuten.co.jp/tsuruha/cabinet/banner3/hair_recipe_2_790130.jpg"" width=""790"" height=""130"" border=""0"" alt=""ヘアレシピ"">
</td>
</tr-->
<!--ヘアレシピここまで-->

<!--セーラームーンここから-->
<!--tr valign=""top"">
<td width=""790"" valign=""top"" height=""133"">

<img src=""http://image.rakuten.co.jp/tsuruha/cabinet/banner3/elis_korabo790120.jpg"" width=""790"" height=""120"" border=""0"" alt=""セーラームーンコラボグッズプレゼントキャンペーン"">
</td>
</tr-->
<!--セーラームーンここまで-->


</table>",【第3類医薬品】《セット》　HapYcom　ハピコム　ケンラク内服液　肩こり、眼精疲労、腰痛、肉体疲労時に　(50ｍｌ&times;4本入り)&times;3個セット　ツルハドラッグ：ツルハドラッグ,ドラッグストアスキンケア化粧品ベビー薬健康ツルハツルハドラッグダイエット健康食品サプリハブラシヘアケアエゾエース入浴剤ナップルツルハグループ介護用品医薬品生コラーゲン【第3類医薬品】《セット》　HapYcom　ハピコム　ケンラク内服液　肩こり、眼精疲労、腰痛、肉体疲労時に　(50ｍｌ&times;4本入り)&times;3個セット　ツルハドラッグ,【第3類医薬品】《セット》　HapYcom　ハピコム　ケンラク内服液　肩こり、眼精疲労、腰痛、肉体疲労時に　(50ｍｌ&times;4本入り)&times;3個セット　ツルハドラッグ[rn]
28-87562,http://tshop.r10s.jp/tsuruha/cabinet/4987373068225.jpg?fitin=700:700,491.2000,,,【第3類医薬品】HapYcom　ハピコム　ケンラク内服液　(50ｍｌ×4本入り)　ツルハドラッグ,,"　<p>リニューアルに伴いパッケージ・内容等予告なく変更する場合がございます。予めご了承ください。</p>
<TABLE class=item-main>
<TBODY>
<TR>
<TD>
      <TABLE class=item-table>
      <TBODY>
<TR class=a>
<TD class=b></TD>
            <TD class=c><BR>
<TABLE class=item>
<TBODY>
                <TR>
                  <TD class=d>名　称</TD>
                  <TD class=e>HapYcom ハピコム<BR>
                  ケンラク内服液　(4本パック)</TD>
</TR>
                <TR>
                  <TD class=d>内容量</TD>
                  <TD class=e>50mL×4本 (ドリンク剤)</TD>
                </TR>
                <TR>
                  <TD class=d>特　徴</TD>
                  <TD class=e>★肩こり、眼精疲労<BR>腰痛、肉体疲労時!!</TD>
                </TR>
                <TR>
                  <TD class=d>効能・効果</TD>
                  <TD class=e>●次の諸症状の緩和：神経痛、筋肉痛・関節痛（腰痛、肩こり、五十肩など）、手足のしびれ、便秘、眼精疲労 
<BR>●脚気「ただし、これらの症状について、1ヵ月ほど使用しても改善がみられない場合は、医師又は薬剤師に相談すること。」 
<BR>●次の場合のビタミンB1の補給：肉体疲労時、妊娠・授乳期、病中病後の体力低下時</TD>
                </TR>
                <TR>
                  <TD class=d>用法・用量</TD>
                  <TD class=e>大人(15歳以上)1回1本(50mL)を1日2回服用する。
                  <HR>
                  【用法用量に関する注意】<BR>●用法及び用量を厳守すること。</TD>
                </TR>
                <TR>
                  <TD class=d>成分・分量</TD>
                  <TD class=e>1日量[100mL(50mL×2)]中<BR>
                  ・ベンフォチアミン(ビタミンB1誘導体)60mg<BR>
                  ・リボフラビン(ビタミンB2)4mg<BR>
                  ・ピリドキシン塩酸塩(ビタミンB6)40mg<BR>
                  ・ニコチン酸アミド60mg<BR>
                  ・コンドロイチン硫酸エステルナトリウム400mg<BR>
                  <BR>
                  添加物としてクエン酸、DL-リンゴ酸、白糖、Ｄ-ソルビトール、安息香酸、エデト酸カルシウムニナトリウム、香料を含有します。
                  <HR>
                  【成分・分量に関する注意】<BR>
                  ●本剤に配合されているリボフラビンにより、尿が黄色になることがあります。</TD>
                </TR>
                <TR>
                  <TD class=d>区　分</TD>
                  <TD class=e>第3類医薬品/ミニドリンク剤/日本製</TD>
                </TR>
                <TR>
                  <TD class=d>ご注意</TD>
                  <TD class=e>【保管及び取扱い上の注意】<BR>（1）直射日光の当たらない涼しい所に保管すること。 <BR>（2）小児の手の届かない所に保管すること。 <BR>（3）使用期限の過ぎた製品は服用しないこと。<HR>
                  【使用上の注意】<BR>
                  ■相談すること<BR>
                  <FONT color=""#ff0000"">※相談すること</FONT><BR>1.次の場合は直ちに服用を中止し、この製品を持って医師又は薬剤師に相談して下さい。<BR>(1)服用後、次の症状があらわれた場合<BR>
                  ●関係部位：消化器<BR>
                  ●症状：悪心・嘔吐<BR>
                  <BR>
                  (2)1ヶ月位服用しても症状がよくならない場合<BR>2.次の症状があらわれることがあるので、このような症状の継続又は増強が見られた場合には、服用を中止し、医師又は薬剤師に相談して下さい。<BR>/軟便、下痢<BR>
                  <BR>【保管及び取扱い上の注意】<BR>(1)直射日光の当たらない涼しい所に保管すること。<BR>(2)小児の手の届かない所に保管すること。<BR>(3)使用期限の過ぎた製品は服用しないこと。 
<BR>
                  <HR>
                  本品記載の使用法・使用上の注意をよくお読みの上ご使用下さい。</TD>
                </TR>
                <TR>
                  <TD class=d>発売元</TD>
                  <TD class=e>テイコクファルマケア株式会社<BR>香川県東かがわ市三本松567番地</TD>
                </TR>
                <TR>
                  <TD class=d>お問合せ</TD>
                  <TD class=e>【テイコクファルマケア株式会社】<BR>電話　0879-25-7771<HR>【副作用被害救済制度のお問合せ先】<BR>
                  電話：0120-149-931</TD>
                </TR>
                <TR>
                  <TD class=d>製造<BR>
                  販売元</TD>
                  <TD class=e>金陽製薬株式会社<BR>奈良県五條市住川町1420番地</TD>
                </TR>
                <TR>
                  <TD class=d>広告文責</TD>
                  <TD class=e>株式会社ツルハグループマーチャンダイジング<BR>カスタマーセンター　0852-53-0680</TD>
                </TR>
              </TBODY>
</TABLE>
            </TD>
          </TR>
</TBODY>
</TABLE>
      </TD>
</TR>
</TBODY>
</TABLE><BR>JANコード：4987373068225<BR><table border=""0"" width=""790"" cellpadding=""0"" cellspacing=""0"">
<!--セールここから-->
<tr valign=""top"">
<td width=""790"" valign=""top"" height=""123"">

<img src=""http://image.rakuten.co.jp/tsuruha/cabinet/sale2/0428tokubai_790120.jpg"" width=""790"" height=""120"" border=""0"" alt=""特売セール"">
</td>
</tr>
<!--セールここまで-->

<!--紫外線対策ここから-->
<tr valign=""top"">
<td width=""790"" valign=""top"" height=""133"">

<img src=""http://image.rakuten.co.jp/tsuruha/cabinet/banner3/uvtaisaku2_790120.jpg"" width=""790"" height=""120"" border=""0"" alt=""早目のUVケアで肌をダメージから守る！　紫外線・UV対策"">
</td>
</tr>
<!--紫外線対策ここまで-->

<!--風邪・ウイルス対策特集ここから-->
<!--tr valign=""top"">
<td width=""790"" valign=""top"" height=""133"">

<img src=""http://image.rakuten.co.jp/tsuruha/cabinet/banner3/kazeuirusu790120.jpg"" width=""790"" height=""120"" border=""0"" alt=""風邪・ウイルス対策特集"">
</td>
</tr-->
<!--風邪・ウイルス対策特集ここまで-->

<!--ヘアレシピここから-->
<!--tr valign=""top"">
<td width=""790"" valign=""top"" height=""133"">

<img src=""http://image.rakuten.co.jp/tsuruha/cabinet/banner3/hair_recipe_2_790130.jpg"" width=""790"" height=""130"" border=""0"" alt=""ヘアレシピ"">
</td>
</tr-->
<!--ヘアレシピここまで-->

<!--セーラームーンここから-->
<!--tr valign=""top"">
<td width=""790"" valign=""top"" height=""133"">

<img src=""http://image.rakuten.co.jp/tsuruha/cabinet/banner3/elis_korabo790120.jpg"" width=""790"" height=""120"" border=""0"" alt=""セーラームーンコラボグッズプレゼントキャンペーン"">
</td>
</tr-->
<!--セーラームーンここまで-->


</table>",【第3類医薬品】HapYcom　ハピコム　ケンラク内服液　(50ｍｌ&times;4本入り)　ツルハドラッグ：ツルハドラッグ,ドラッグストアスキンケア化粧品ベビー薬健康ツルハツルハドラッグダイエット健康食品サプリハブラシヘアケアエゾエース入浴剤ナップルツルハグループ介護用品医薬品生コラーゲン【第3類医薬品】HapYcom　ハピコム　ケンラク内服液　(50ｍｌ&times;4本入り)　ツルハドラッグ,【第3類医薬品】HapYcom　ハピコム　ケンラク内服液　(50ｍｌ&times;4本入り)　ツルハドラッグ[rn]
28-87563,http://tshop.r10s.jp/tsuruha/cabinet/shouhin32/4987123701327.jpg?fitin=700:700,1156.8000,,,【第3類医薬品】武田薬品　タケダ　アリナミンA50　(70錠)　ツルハドラッグ,,"<!--ここから楽天フレーム【配送日数4-5日】-->

<img src=""http://www.rakuten.ne.jp/gold/tsuruha/images/space.gif"" width=""1"" height=""5"" border=""0""><br>
<!--ここまで楽天フレーム-->
<!--購入数制限ここから-->
<p><b>お買い上げいただける個数は5個までです</b></p><br>
<!--購入数制限ここまで-->
<p>リニューアルに伴いパッケージ・内容等予告なく変更する場合がございます。予めご了承ください。</p>
<TABLE class=item-main>
<TBODY>
<TR>
<TD>
<TABLE class=item-table>
<TBODY>
<TR class=a>
<TD class=b></TD>
<TD class=c><BR>
<TABLE class=item>
<TBODY>
<TR>
<TD class=d>名　称</TD>
<TD class=e>タケダ　アリナミンA50</TD>
</TR>
<TR>
<TD class=d>内容量</TD>
<TD class=e>70錠</TD>
</TR>
<TR>
<TD class=d>特　徴</TD>
<TD class=e>◆アリナミンA50の主成分であるビタミンB1誘導体フルスルチアミンは、腸からよく吸収され、体のすみずみへ行きわたります。そして、体内で役立つ型のビタミンB1になって、疲れた体にすぐれた効きめをあらわします。<BR>
<BR>
◆アリナミンA50は、フルスルチアミンと共に神経のはたらきに必要なビタミンB6、ビタミンB12も配合しており、神経痛、筋肉痛などの症状を緩和します。<BR>
<BR>
◆1日1回の服用で肉体疲労時に必要なビタミンB1を補給できます。<BR>
<BR>
◆服用しやすい黄色の糖衣錠です。</TD>
</TR>
<TR>
<TD class=d>効能・効果</TD>
<TD class=e>1.次の場合のビタミンB1の補給：肉体疲労時、妊娠・授乳期、病中病後の体力低下時。<BR>
2.次の諸症状※の緩和：神経痛、筋肉痛・関節痛（腰痛、肩こり、五十肩など）、手足のしびれ、便秘、眼精疲労。<BR>
3.脚気※<BR>
ただし、これらの症状※について、1ヵ月ほど使用しても改善がみられない場合は、医師又は薬剤師に相談すること。</TD>
</TR>
<TR>
<TD class=d>用法・用量</TD>
<TD class=e>次の量を、食後すぐに水またはお湯で、かまずに服用すること。<BR>
<BR>
【年齢：1回量：1日服用回数】<BR>
15歳以上：1～2錠：1回<BR>
15歳未満：服用しないこと<BR>
<BR>
●用法・用量に関連する注意<BR>用法・用量を厳守すること。</TD>
</TR>
<TR>
<TD class=d>成分・分量</TD>
<TD class=e>2錠(1日最大服用量)中<BR>
フルスルチアミン(ビタミンB1誘導体)として・・・100mg（フルスルチアミン塩酸塩・・・109.16mg）<BR>
ピリドキシン塩酸塩(ビタミンB6)・・・10mg<BR>
シアノコバラミン(ビタミンB12)・・・20μg<BR>
リボフラビン(ビタミン)2・・・10mg<BR>
添加物：トウモロコシデンプン、ヒドロキシプロピルセルロース、ステアリン酸マグネシウム、乳糖水和物、タルク、アラビアゴム、酸化チタン、白糖<BR>
<BR>
●成分に関連する注意<BR>
本剤の服用により尿が黄色くなることがありますが、リボフラビンによるものなので心配ありません。</TD>
</TR>
<TR>
<TD class=d>区　分</TD>
<TD class=e>第3類医薬品/ビタミンB1製剤/日本製</TD>
</TR>
<TR>
<TD class=d>ご注意</TD>
<TD class=e>使用上の注意<BR>
●相談すること<BR>
1．服用後、次の症状があらわれた場合は副作用の可能性があるので、直ちに服用を中止し、この文書を持って医師、薬剤師または登録販売者に相談すること<BR>
【関係部位：症状】<BR>
皮膚：発疹・発赤、かゆみ<BR>
消化器：吐き気・嘔吐、口内炎<BR>
２．服用後、次の症状があらわれることがあるので、このような症状の持続または増強が見られた場合には、服用を中止し、この文書を持って医師、薬剤師または登録販売者に相談すること<BR>
軟便、下痢<BR>
３．1ヵ月位服用しても症状がよくならない場合は服用を中止し、この文書を持って医師、薬剤師または登録販売者に相談すること<BR>
<BR>
●保管及び取扱い上の注意<BR>（1）直射日光の当たらない湿気の少ない涼しい所に密栓して保管すること。<BR>
（2）小児の手の届かない所に保管すること。<BR>
（3）他の容器に入れ替えないこと（誤用の原因になったり品質が変わる）。<BR>
（4）ビンの中の詰め物は、フタをあけた後はすてること（詰め物を再びビンに入れると湿気を含み品質が変わるもとになる。詰め物は、輸送中に錠剤が破損するのを防止するためのものである）。<BR>
（5）服用のつどビンのフタをしっかりしめること（吸湿し品質が変わる）。<BR>
（6）使用期限を過ぎた製品は服用しないこと。<BR>
（7）箱とビンの「開封年月日」記入欄に、ビンを開封した日付を記入すること。<BR>
（8）一度開封した後は、品質保持の点から開封日より6ヵ月以内を目安になるべくすみやかに服用すること。<BR>
<BR>
◆その他、本品記載の使用法・使用上の注意をよくお読みの上ご使用下さい。</TD>
</TR>
<TR>
<TD class=d>製造販売元</TD>
<TD class=e>武田薬品工業株式会社　大阪市中央区道修町四丁目1番1号<BR>
お客様相談室　電話：0120-567087　受付時間：9時～17時(土、日、祝日を除く)</TD>
</TR>
<TR>
<TD class=d>広告文責</TD>
<TD class=e>株式会社ツルハeコマース<BR>
カスタマーセンター　0852-53-0680</TD>
</TR>
</TBODY>
</TABLE>
</TD>
</TR>
</TBODY>
</TABLE>
</TD>
</TR>
</TBODY>
</TABLE><BR>JANコード：4987123701327<BR><table border=""0"" width=""790"" cellpadding=""0"" cellspacing=""0"">
<!--セールここから-->
<tr valign=""top"">
<td width=""790"" valign=""top"" height=""123"">

<img src=""http://image.rakuten.co.jp/tsuruha/cabinet/sale2/0428tokubai_790120.jpg"" width=""790"" height=""120"" border=""0"" alt=""特売セール"">
</td>
</tr>
<!--セールここまで-->

<!--紫外線対策ここから-->
<tr valign=""top"">
<td width=""790"" valign=""top"" height=""133"">

<img src=""http://image.rakuten.co.jp/tsuruha/cabinet/banner3/uvtaisaku2_790120.jpg"" width=""790"" height=""120"" border=""0"" alt=""早目のUVケアで肌をダメージから守る！　紫外線・UV対策"">
</td>
</tr>
<!--紫外線対策ここまで-->

<!--風邪・ウイルス対策特集ここから-->
<!--tr valign=""top"">
<td width=""790"" valign=""top"" height=""133"">

<img src=""http://image.rakuten.co.jp/tsuruha/cabinet/banner3/kazeuirusu790120.jpg"" width=""790"" height=""120"" border=""0"" alt=""風邪・ウイルス対策特集"">
</td>
</tr-->
<!--風邪・ウイルス対策特集ここまで-->

<!--ヘアレシピここから-->
<!--tr valign=""top"">
<td width=""790"" valign=""top"" height=""133"">

<img src=""http://image.rakuten.co.jp/tsuruha/cabinet/banner3/hair_recipe_2_790130.jpg"" width=""790"" height=""130"" border=""0"" alt=""ヘアレシピ"">
</td>
</tr-->
<!--ヘアレシピここまで-->

<!--セーラームーンここから-->
<!--tr valign=""top"">
<td width=""790"" valign=""top"" height=""133"">

<img src=""http://image.rakuten.co.jp/tsuruha/cabinet/banner3/elis_korabo790120.jpg"" width=""790"" height=""120"" border=""0"" alt=""セーラームーンコラボグッズプレゼントキャンペーン"">
</td>
</tr-->
<!--セーラームーンここまで-->


</table>",【第3類医薬品】武田薬品　タケダ　アリナミンA50　(70錠)　ツルハドラッグ：ツルハドラッグ,ドラッグストアスキンケア化粧品ベビー薬健康ツルハツルハドラッグダイエット健康食品サプリハブラシヘアケアエゾエース入浴剤ナップルツルハグループ介護用品医薬品生コラーゲン【第3類医薬品】武田薬品　タケダ　アリナミンA50　(70錠)　ツルハドラッグ,【第3類医薬品】武田薬品　タケダ　アリナミンA50　(70錠)　ツルハドラッグ[rn]
28-87564,http://tshop.r10s.jp/tsuruha/cabinet/shouhin33/4987045181825.jpg?fitin=700:700,1364.8000,,,【第3類医薬品】クラシエ薬品　セパホルンZIII　セパホルンZ3　(100mL×10本)　滋養強壮剤　ツルハドラッグ,,"<!--ここから楽天フレーム【配送日数4-5日】-->

<img src=""http://www.rakuten.ne.jp/gold/tsuruha/images/space.gif"" width=""1"" height=""5"" border=""0""><br>
<!--ここまで楽天フレーム-->
<!--購入数制限ここから-->
<p><b>お買い上げいただける個数は5個までです</b></p><br>
<!--購入数制限ここまで-->
<p>リニューアルに伴いパッケージ・内容等予告なく変更する場合がございます。予めご了承ください。</p>
<TABLE class=item-main>
<TBODY>
<TR>
<TD>
<TABLE class=item-table>
<TBODY>
<TR class=a>
<TD class=b></TD>
<TD class=c><BR>
<TABLE class=item>
<TBODY>
<TR>
<TD class=d>名　称</TD>
<TD class=e>セパホルンZ3</TD>
</TR>
<TR>
<TD class=d>内容量</TD>
<TD class=e>100ml×10本</TD>
</TR>
<TR>
<TD class=d>特　徴</TD>
<TD class=e>「セパホルンZ3」は強壮薬として知られている朝鮮人参、ローヤルゼリー、オウギなどを配合した滋養強壮剤です。<BR>
 滋養強壮、虚弱体質、肉体疲労、胃腸障害などの場合の栄養補給に効果があります。ニンジンエキスを130mgに増量し、タウリンを配合した飲みやすい味の医薬品ドリンクです。</TD>
</TR>
<TR>
<TD class=d>効能・効果</TD>
<TD class=e>滋養強壮、虚弱体質、肉体疲労・病中病後・胃腸障害・栄養障害・発熱性消耗性疾患・産前産後などの場合の栄養補給</TD>
</TR>
<TR>
<TD class=d>用法・用量</TD>
<TD class=e>成人（15才以上）1日1回1本（100mL）を服用。15才未満は服用しないこと。<BR>
<BR>
●生薬成分を含むため、沈殿を生じることがあります。よく振って服用してください。</TD>
</TR>
<TR>
<TD class=d>成分・分量</TD>
<TD class=e>本品1日量1本（100mL）中<BR>
チアミン硝化物（ビタミンB1）・・・10mg<BR>
リボフラビンリン酸エステルナトリウム（ビタミンB2）・・・3mg<BR>
ピリドキシン塩酸塩（ビタミンB6）・・・5mg<BR>
ニコチン酸アミド・・・12mg<BR>
無水カフェイン・・・50mg<BR>
タウリン（アミノエチルスルホン酸）・・・2,000mg<BR>
ニンジンエキス（ニンジン1,443mgに相当）・・・130mg<BR>
オウギエキス（オウギ720mgに相当）・・・120mg<BR>
ローヤルゼリー・・・100mg<BR>
添加物として安息香酸Na、エデト酸Ca/2Na、香料、D-ソルビトール、クエン酸Na水和物、クエン酸水和物、白糖、DL-リンゴ酸、カラメルを含有する。<BR>
<BR>
●成分に関する注意<BR>
本剤に含まれるリボフラビンリン酸エステルナトリウムにより、尿が黄色くなることがあります。</TD>
</TR>
<TR>
<TD class=d>区　分</TD>
<TD class=e>第3類医薬品/滋養強壮剤/日本製</TD>
</TR>
<TR>
<TD class=d>ご注意</TD>
<TD class=e>使用上の注意<BR>
●相談すること<BR>
1．服用後、次の症状があらわれた場合は副作用の可能性があるので、直ちに服用を中止し、この商品を持って医師、薬剤師又は登録販売者に相談してください<BR>
関係部位：症状<BR>
皮膚：発疹・発赤、かゆみ<BR>
消化器：胃部不快感、下痢<BR>
2．しばらく服用しても症状がよくならない場合は服用を中止し、この商品を持って医師、薬剤師又は登録販売者に相談してください<BR>
<BR>
●保管及び取扱い上の注意<BR>（1）直射日光の当たらない涼しい所に保管してください。<BR>
（2）小児の手の届かない所に保管してください。<BR>
（3）他の容器に入れ替えないでください。（誤用の原因になったり品質が変わります。）<BR>
（4）使用期限のすぎた商品は服用しないでください。<BR>
<BR>
◆その他、本品記載の使用法・使用上の注意をよくお読みの上ご使用下さい。</TD>
</TR>
<TR>
<TD class=d>製造販売元</TD>
<TD class=e>田村薬品工業株式会社　奈良県御所市西寺田50</TD>
</TR>
<TR>
<TD class=d>発売元</TD>
<TD class=e>クラシエ薬品株式会社　東京都港区海岸3-20-20</TD>
</TR>
<TR>
<TD class=d>お問合せ</TD>
<TD class=e>クラシエ薬品株式会社　お客様相談窓口<BR>
電話：03-5446-3334　受付時間：10時～17時(土、日、祝日を除く)</TD>
</TR>
<TR>
<TD class=d>広告文責</TD>
<TD class=e>株式会社ツルハeコマース<BR>
カスタマーセンター　0852-53-0680</TD>
</TR>
</TBODY>
</TABLE>
</TD>
</TR>
</TBODY>
</TABLE>
</TD>
</TR>
</TBODY>
</TABLE><BR>JANコード：4987045181825<BR><table border=""0"" width=""790"" cellpadding=""0"" cellspacing=""0"">
<!--セールここから-->
<tr valign=""top"">
<td width=""790"" valign=""top"" height=""123"">

<img src=""http://image.rakuten.co.jp/tsuruha/cabinet/sale2/0428tokubai_790120.jpg"" width=""790"" height=""120"" border=""0"" alt=""特売セール"">
</td>
</tr>
<!--セールここまで-->

<!--紫外線対策ここから-->
<tr valign=""top"">
<td width=""790"" valign=""top"" height=""133"">

<img src=""http://image.rakuten.co.jp/tsuruha/cabinet/banner3/uvtaisaku2_790120.jpg"" width=""790"" height=""120"" border=""0"" alt=""早目のUVケアで肌をダメージから守る！　紫外線・UV対策"">
</td>
</tr>
<!--紫外線対策ここまで-->

<!--風邪・ウイルス対策特集ここから-->
<!--tr valign=""top"">
<td width=""790"" valign=""top"" height=""133"">

<img src=""http://image.rakuten.co.jp/tsuruha/cabinet/banner3/kazeuirusu790120.jpg"" width=""790"" height=""120"" border=""0"" alt=""風邪・ウイルス対策特集"">
</td>
</tr-->
<!--風邪・ウイルス対策特集ここまで-->

<!--ヘアレシピここから-->
<!--tr valign=""top"">
<td width=""790"" valign=""top"" height=""133"">

<img src=""http://image.rakuten.co.jp/tsuruha/cabinet/banner3/hair_recipe_2_790130.jpg"" width=""790"" height=""130"" border=""0"" alt=""ヘアレシピ"">
</td>
</tr-->
<!--ヘアレシピここまで-->

<!--セーラームーンここから-->
<!--tr valign=""top"">
<td width=""790"" valign=""top"" height=""133"">

<img src=""http://image.rakuten.co.jp/tsuruha/cabinet/banner3/elis_korabo790120.jpg"" width=""790"" height=""120"" border=""0"" alt=""セーラームーンコラボグッズプレゼントキャンペーン"">
</td>
</tr-->
<!--セーラームーンここまで-->


</table>",【第3類医薬品】クラシエ薬品　セパホルンZIII　セパホルンZ3　(100mL&times;10本)　滋養強壮剤　ツルハドラッグ：ツルハドラッグ,ドラッグストアスキンケア化粧品ベビー薬健康ツルハツルハドラッグダイエット健康食品サプリハブラシヘアケアエゾエース入浴剤ナップルツルハグループ介護用品医薬品生コラーゲン【第3類医薬品】クラシエ薬品　セパホルンZIII　セパホルンZ3　(100mL&times;10本)　滋養強壮剤　ツルハドラッグ,【第3類医薬品】クラシエ薬品　セパホルンZIII　セパホルンZ3　(100mL&times;10本)　滋養強壮剤　ツルハドラッグ[rn]
28-87565,http://tshop.r10s.jp/tsuruha/cabinet/shouhin32/4987123701334.jpg?fitin=700:700,2584.0000,,,【第3類医薬品】武田薬品　タケダ　アリナミンA50　(175錠)　【送料無料】　【smtb-s】　ツルハドラッグ,,"<!--医薬品一覧\肩こり・腰痛・筋肉痛の薬\内服薬\錠剤--><!--ここから楽天フレーム【配送日数4-5日】-->

<img src=""http://www.rakuten.ne.jp/gold/tsuruha/images/space.gif"" width=""1"" height=""5"" border=""0""><br>
<!--ここまで楽天フレーム-->
<!--購入数制限ここから-->
<p><b>お買い上げいただける個数は5個までです</b></p><br>
<!--購入数制限ここまで-->
<p>リニューアルに伴いパッケージ・内容等予告なく変更する場合がございます。予めご了承ください。</p>
<TABLE class=item-main>
<TBODY>
<TR>
<TD>
<TABLE class=item-table>
<TBODY>
<TR class=a>
<TD class=b></TD>
<TD class=c><BR>
<TABLE class=item>
<TBODY>
<TR>
<TD class=d>名　称</TD>
<TD class=e>タケダ　アリナミンA50</TD>
</TR>
<TR>
<TD class=d>内容量</TD>
<TD class=e>175錠</TD>
</TR>
<TR>
<TD class=d>特　徴</TD>
<TD class=e>◆アリナミンA50の主成分であるビタミンB1誘導体フルスルチアミンは、腸からよく吸収され、体のすみずみへ行きわたります。そして、体内で役立つ型のビタミンB1になって、疲れた体にすぐれた効きめをあらわします。<BR>
<BR>
◆アリナミンA50は、フルスルチアミンと共に神経のはたらきに必要なビタミンB6、ビタミンB12も配合しており、神経痛、筋肉痛などの症状を緩和します。<BR>
<BR>
◆1日1回の服用で肉体疲労時に必要なビタミンB1を補給できます。<BR>
<BR>
◆服用しやすい黄色の糖衣錠です。</TD>
</TR>
<TR>
<TD class=d>効能・効果</TD>
<TD class=e>1.次の場合のビタミンB1の補給：肉体疲労時、妊娠・授乳期、病中病後の体力低下時。<BR>
2.次の諸症状※の緩和：神経痛、筋肉痛・関節痛（腰痛、肩こり、五十肩など）、手足のしびれ、便秘、眼精疲労。<BR>
3.脚気※<BR>
ただし、これらの症状※について、1ヵ月ほど使用しても改善がみられない場合は、医師又は薬剤師に相談すること。</TD>
</TR>
<TR>
<TD class=d>用法・用量</TD>
<TD class=e>次の量を、食後すぐに水またはお湯で、かまずに服用すること。<BR>
<BR>
【年齢：1回量：1日服用回数】<BR>
15歳以上：1～2錠：1回<BR>
15歳未満：服用しないこと<BR>
<BR>
●用法・用量に関連する注意<BR>用法・用量を厳守すること。</TD>
</TR>
<TR>
<TD class=d>成分・分量</TD>
<TD class=e>2錠(1日最大服用量)中<BR>
フルスルチアミン(ビタミンB1誘導体)として・・・100mg（フルスルチアミン塩酸塩・・・109.16mg）<BR>
ピリドキシン塩酸塩(ビタミンB6)・・・10mg<BR>
シアノコバラミン(ビタミンB12)・・・20μg<BR>
リボフラビン(ビタミン)2・・・10mg<BR>
添加物：トウモロコシデンプン、ヒドロキシプロピルセルロース、ステアリン酸マグネシウム、乳糖水和物、タルク、アラビアゴム、酸化チタン、白糖<BR>
<BR>
●成分に関連する注意<BR>
本剤の服用により尿が黄色くなることがありますが、リボフラビンによるものなので心配ありません。</TD>
</TR>
<TR>
<TD class=d>区　分</TD>
<TD class=e>第3類医薬品/ビタミンB1製剤/日本製</TD>
</TR>
<TR>
<TD class=d>ご注意</TD>
<TD class=e>使用上の注意<BR>
●相談すること<BR>
1．服用後、次の症状があらわれた場合は副作用の可能性があるので、直ちに服用を中止し、この文書を持って医師、薬剤師または登録販売者に相談すること<BR>
【関係部位：症状】<BR>
皮膚：発疹・発赤、かゆみ<BR>
消化器：吐き気・嘔吐、口内炎<BR>
２．服用後、次の症状があらわれることがあるので、このような症状の持続または増強が見られた場合には、服用を中止し、この文書を持って医師、薬剤師または登録販売者に相談すること<BR>
軟便、下痢<BR>
３．1ヵ月位服用しても症状がよくならない場合は服用を中止し、この文書を持って医師、薬剤師または登録販売者に相談すること<BR>
<BR>
●保管及び取扱い上の注意<BR>（1）直射日光の当たらない湿気の少ない涼しい所に密栓して保管すること。<BR>
（2）小児の手の届かない所に保管すること。<BR>
（3）他の容器に入れ替えないこと（誤用の原因になったり品質が変わる）。<BR>
（4）ビンの中の詰め物は、フタをあけた後はすてること（詰め物を再びビンに入れると湿気を含み品質が変わるもとになる。詰め物は、輸送中に錠剤が破損するのを防止するためのものである）。<BR>
（5）服用のつどビンのフタをしっかりしめること（吸湿し品質が変わる）。<BR>
（6）使用期限を過ぎた製品は服用しないこと。<BR>
（7）箱とビンの「開封年月日」記入欄に、ビンを開封した日付を記入すること。<BR>
（8）一度開封した後は、品質保持の点から開封日より6ヵ月以内を目安になるべくすみやかに服用すること。<BR>
<BR>
◆その他、本品記載の使用法・使用上の注意をよくお読みの上ご使用下さい。</TD>
</TR>
<TR>
<TD class=d>製造販売元</TD>
<TD class=e>武田薬品工業株式会社　大阪市中央区道修町四丁目1番1号<BR>
お客様相談室　電話：0120-567087　受付時間：9時～17時(土、日、祝日を除く)</TD>
</TR>
<TR>
<TD class=d>広告文責</TD>
<TD class=e>株式会社ツルハeコマース<BR>
カスタマーセンター　0852-53-0680</TD>
</TR>
</TBODY>
</TABLE>
</TD>
</TR>
</TBODY>
</TABLE>
</TD>
</TR>
</TBODY>
</TABLE><BR>JANコード：4987123701334<BR><table border=""0"" width=""790"" cellpadding=""0"" cellspacing=""0"">
<!--セールここから-->
<tr valign=""top"">
<td width=""790"" valign=""top"" height=""123"">

<img src=""http://image.rakuten.co.jp/tsuruha/cabinet/sale2/0428tokubai_790120.jpg"" width=""790"" height=""120"" border=""0"" alt=""特売セール"">
</td>
</tr>
<!--セールここまで-->

<!--紫外線対策ここから-->
<tr valign=""top"">
<td width=""790"" valign=""top"" height=""133"">

<img src=""http://image.rakuten.co.jp/tsuruha/cabinet/banner3/uvtaisaku2_790120.jpg"" width=""790"" height=""120"" border=""0"" alt=""早目のUVケアで肌をダメージから守る！　紫外線・UV対策"">
</td>
</tr>
<!--紫外線対策ここまで-->

<!--風邪・ウイルス対策特集ここから-->
<!--tr valign=""top"">
<td width=""790"" valign=""top"" height=""133"">

<img src=""http://image.rakuten.co.jp/tsuruha/cabinet/banner3/kazeuirusu790120.jpg"" width=""790"" height=""120"" border=""0"" alt=""風邪・ウイルス対策特集"">
</td>
</tr-->
<!--風邪・ウイルス対策特集ここまで-->

<!--ヘアレシピここから-->
<!--tr valign=""top"">
<td width=""790"" valign=""top"" height=""133"">

<img src=""http://image.rakuten.co.jp/tsuruha/cabinet/banner3/hair_recipe_2_790130.jpg"" width=""790"" height=""130"" border=""0"" alt=""ヘアレシピ"">
</td>
</tr-->
<!--ヘアレシピここまで-->

<!--セーラームーンここから-->
<!--tr valign=""top"">
<td width=""790"" valign=""top"" height=""133"">

<img src=""http://image.rakuten.co.jp/tsuruha/cabinet/banner3/elis_korabo790120.jpg"" width=""790"" height=""120"" border=""0"" alt=""セーラームーンコラボグッズプレゼントキャンペーン"">
</td>
</tr-->
<!--セーラームーンここまで-->


</table>",【第3類医薬品】武田薬品　タケダ　アリナミンA50　(175錠)　【送料無料】　【smtb-s】　ツルハドラッグ：ツルハドラッグ,ドラッグストアスキンケア化粧品ベビー薬健康ツルハツルハドラッグダイエット健康食品サプリハブラシヘアケアエゾエース入浴剤ナップルツルハグループ介護用品医薬品生コラーゲン【第3類医薬品】武田薬品　タケダ　アリナミンA50　(175錠)　【送料無料】　【smtb-s】　ツルハドラッグ,【第3類医薬品】武田薬品　タケダ　アリナミンA50　(175錠)　【送料無料】　【smtb-s】　ツルハドラッグ[rn]
28-87566,http://tshop.r10s.jp/tsuruha/cabinet/shouhin09/4987103039006.jpg?fitin=700:700,3932.8000,,,【第3類医薬品】ゼリア　ハイゼリー顆粒　(40包)　【送料無料】　【smtb-s】　ツルハドラッグ,,"　<table width=""540""  border=""0"" cellpadding=""1"" cellspacing=""0"" bgcolor=""#ffffff"">
  <tr>
    <td><table width=""100%""  border=""0"" cellpadding=""0"" cellspacing=""0"" bgcolor=""#FFFFFF"">
      <tr>
        <td align=""center""><img src=""http://image.rakuten.co.jp/tsuruha/cabinet/ziyou01/hijelly_title.gif"" width=""538"" height=""140""><br>
          <img src=""http://image.rakuten.co.jp/tsuruha/cabinet/ziyou01/hijelly_naka.gif"" width=""538"" height=""315""><br>
          <img src=""http://image.rakuten.co.jp/tsuruha/cabinet/ziyou01/hijelly_naka2.gif"" width=""538"" height=""345"">          <br>          
          <br></td></TR></table></td></TR></table>
<p>リニューアルに伴いパッケージ・内容等予告なく変更する場合がございます。予めご了承ください。</p>
<TABLE class=item-main>
<TBODY>
<TR>
<TD>
<TABLE class=item-table>
<TBODY>
<TR class=a>
<TD class=b></TD>
<TD class=c><BR>
<TABLE class=item>
<TBODY>
<TR>
<TD class=d>名　称</TD>
<TD class=e>ゼリア新薬　ハイゼリー顆粒</TD>
</TR>
<TR>
<TD class=d>内容量</TD>
<TD class=e>40包　(顆粒)</TD>
</TR>
<TR>
<TD class=d>特　徴</TD>
<TD class=e>ハイゼリー顆粒は、ローヤルゼリー、ビタミンE酢酸エステルとビタミンB6を配合した滋養強壮保健剤です。<BR>
<BR>
◆ローヤルゼリー<BR>
働き蜂が保姆蜂と呼ばれる短い期間中に極微量に分泌する濃厚なミルク状の物質で、主に女王蜂に与えられるため、「女王蜂のミルク」又は「王乳」とも呼ばれています。<BR>
本来、女王蜂も働き蜂も卵の段階ではまったく差はありません。しかし、幼虫期にローヤルゼリーを与え続けられた女王蜂の幼虫は働き蜂に比べてより早く羽化し、体格も約2倍程に成長します。また、働き蜂の寿命が1～2ヵ月であるのに対して女王蜂は4～5年も生き、その間自分の体重をはるかに超える量の卵を産卵し続けます。<BR>
このように、女王蜂が働き蜂に比べて著しい成長を遂げ、強い生殖力と生命力を有しているのはすべてローヤルゼリーの作用によるものと考えられています。<BR>
<BR>
◆ビタミンE酢酸エステル<BR>
体内脂肪の酸化を防ぐとともに、末梢血管の血流を改善し栄養成分の補給を促進します。<BR>
<BR>
◆ビタミンB6<BR>
アミノ酸・たんぱく質の代謝・生合成に重要な働きを示します。</TD>
</TR>
<TR>
<TD class=d>効能・効果</TD>
<TD class=e>滋養強壮、虚弱体質、肉体疲労・病中病後・食欲不振・栄養障害・発熱性消耗性疾患・産前産後などの場合の栄養補給
</TD>
</TR>
<TR>
<TD class=d>用法・用量</TD>
<TD class=e>成人（15才以上）1回1包、1日2回服用してください。<BR>
なお、15才未満の小児には、服用させないでください。<BR>
<BR>
用法・用量に関連する注意<BR>
●定められた用法・用量を守ってください。</TD>
</TR>
<TR>
<TD class=d>成　分</TD>
<TD class=e>1日量(2包)中<BR>
ローヤルゼリー・・・600mg<BR>
酢酸トコフェロール・・・100mg<BR>
塩酸ピリドキシン・・・12mg<BR>
添加物として、エリスリトール、トレハロース、ポビドン、バレイショデンプン、ケイ酸カルシウム及び乳糖水和物を含有する。</TD>
</TR>
<TR>
<TD class=d>区　分</TD>
<TD class=e>第3類医薬品/滋養強壮保健剤/日本製</TD>
</TR>
<TR>
<TD class=d>ご注意</TD>
<TD class=e>●使用上の注意<BR>
次の場合はただちに服用を中止し、製品をもって医師または薬剤師に相談してください。<BR>
(1)服用後、次の症状があらわれた場合<BR>
関係部位：症状<BR>
・皮ふ：発疹 <BR>
・消化器：下痢、胸やけ、悪心<BR>
(2)しばらく服用しても症状の改善が見られない場合。<BR>
<BR>
●保管及び取扱い上の注意<BR>
(1)直射日光の当たらない涼しい所に保管してください。<BR>
(2)小児の手の届かない所に保管してください。<BR>
(3)他の容器に入れかえないでください。(誤用の原因になったり品質が変わることがあります。)<BR>
(4)使用期限を過ぎた製品は服用しないでください。<BR>
<BR>
◆その他、本品記載の使用法・使用上の注意をよくお読みの上ご使用下さい。</TD>
</TR>
<TR>
<TD class=d>発売元</TD>
<TD class=e>ゼリア新薬工業株式会社<BR>
東京都中央区日本橋小舟町10-11</TD>
</TR>
<TR>
<TD class=d>お問合せ</TD>
<TD class=e>ゼリア新薬工業株式会社　お客様相談室<BR>
TEL　03-3661-2080(ダイヤルイン)</TD>
</TR>
<TR>
<TD class=d>広告文責</TD>
<TD class=e>株式会社ツルハグループマーチャンダイジング<BR>
カスタマーセンター　0852-53-0680</TD>
</TR>
</TBODY>
</TABLE>
</TD>
</TR>
</TBODY>
</TABLE>
</TD>
</TR>
</TBODY>
</TABLE><BR>JANコード：4987103039006<BR><table border=""0"" width=""790"" cellpadding=""0"" cellspacing=""0"">
<!--セールここから-->
<tr valign=""top"">
<td width=""790"" valign=""top"" height=""123"">

<img src=""http://image.rakuten.co.jp/tsuruha/cabinet/sale2/0428tokubai_790120.jpg"" width=""790"" height=""120"" border=""0"" alt=""特売セール"">
</td>
</tr>
<!--セールここまで-->

<!--紫外線対策ここから-->
<tr valign=""top"">
<td width=""790"" valign=""top"" height=""133"">

<img src=""http://image.rakuten.co.jp/tsuruha/cabinet/banner3/uvtaisaku2_790120.jpg"" width=""790"" height=""120"" border=""0"" alt=""早目のUVケアで肌をダメージから守る！　紫外線・UV対策"">
</td>
</tr>
<!--紫外線対策ここまで-->

<!--風邪・ウイルス対策特集ここから-->
<!--tr valign=""top"">
<td width=""790"" valign=""top"" height=""133"">

<img src=""http://image.rakuten.co.jp/tsuruha/cabinet/banner3/kazeuirusu790120.jpg"" width=""790"" height=""120"" border=""0"" alt=""風邪・ウイルス対策特集"">
</td>
</tr-->
<!--風邪・ウイルス対策特集ここまで-->

<!--ヘアレシピここから-->
<!--tr valign=""top"">
<td width=""790"" valign=""top"" height=""133"">

<img src=""http://image.rakuten.co.jp/tsuruha/cabinet/banner3/hair_recipe_2_790130.jpg"" width=""790"" height=""130"" border=""0"" alt=""ヘアレシピ"">
</td>
</tr-->
<!--ヘアレシピここまで-->

<!--セーラームーンここから-->
<!--tr valign=""top"">
<td width=""790"" valign=""top"" height=""133"">

<img src=""http://image.rakuten.co.jp/tsuruha/cabinet/banner3/elis_korabo790120.jpg"" width=""790"" height=""120"" border=""0"" alt=""セーラームーンコラボグッズプレゼントキャンペーン"">
</td>
</tr-->
<!--セーラームーンここまで-->


</table>",【第3類医薬品】ゼリア　ハイゼリー顆粒　(40包)　【送料無料】　【smtb-s】　ツルハドラッグ：ツルハドラッグ,ドラッグストアスキンケア化粧品ベビー薬健康ツルハツルハドラッグダイエット健康食品サプリハブラシヘアケアエゾエース入浴剤ナップルツルハグループ介護用品医薬品生コラーゲン【第3類医薬品】ゼリア　ハイゼリー顆粒　(40包)　【送料無料】　【smtb-s】　ツルハドラッグ,【第3類医薬品】ゼリア　ハイゼリー顆粒　(40包)　【送料無料】　【smtb-s】　ツルハドラッグ[rn]
28-87567,http://tshop.r10s.jp/tsuruha/cabinet/shouhin13/4987305323217.jpg?fitin=700:700,1036.8000,,,【第3類医薬品】【即納】　体がだるい時の栄養補給、滋養強壮に　全薬工業　リコリスDX　(30ｍｌ×3本入)　ツルハドラッグ,,"<img src=""http://image.rakuten.co.jp/tsuruha/cabinet/banner/sokunou544_100.jpg"" width=""544"" height=""100"" alt=""【即納】商品についてのご案内""><br><br>
<!--ここから楽天フレーム【配送日数3-7日】-->
<!--iframe src=""http://www.rakuten.ne.jp/gold/tsuruha/frame/leadtime/03_07day.html"" frameborder=""0"" scrolling=""no"" class=""leadtime"">この部分は iframe 対応のブラウザでご覧ください。</iframe>
<img src=""http://www.rakuten.ne.jp/gold/tsuruha/images/space.gif"" width=""1"" height=""5"" border=""0""><br-->
<!--ここまで楽天フレーム-->　<TABLE border=""0"" width=""400"" cellpadding=""0"" cellspacing=""0"">
<TBODY>
<TR>
<TD bgcolor=""#ff6600"">
      <TABLE border=""0"" width=""407"" cellpadding=""3"" cellspacing=""1"">
<TBODY>
<TR valign=""top"">
<TD align=""center""><IMG src=""/tsuruha/img1042877250.gif"" width=""11"" height=""159"" border=""0"" hspace=""5"" vspace=""5""></TD>
            <TD bgcolor=""#ffffff"" width=""371""><IMG src=""/tsuruha/img1042877252.gif"" width=""364"" height=""26"" border=""0"" alt=""商品のご案内""><BR>
<TABLE border=""0"" width=""100%"" cellpadding=""6"" cellspacing=""3"" style=""font-size:13px;"">
<TBODY>
<TR>
<TD bgcolor=""#ffcc00"" width=""20%"" align=""center"">名　称</TD>
<TD bgcolor=""#ffffcc"" width=""80%"">リコリス「ゼンヤク」DX　<BR>
                  【30mL×3本】</TD>
</TR>
                <TR>
                  <TD bgcolor=""#ffcc00"" width=""20%"" align=""center"">内容量</TD>
                  <TD bgcolor=""#ffffcc"" width=""80%"">30mL×3本　(液体)</TD>
                </TR>
                <TR>
                  <TD bgcolor=""#ffcc00"" width=""20%"" align=""center"">特　徴</TD>
                  <TD bgcolor=""#ffffcc"" width=""80%"">★体がだるい時の栄養補給、滋養強壮に。<BR>
                  <BR>
                  ◆発熱性消耗性疾患・胃腸障害などの栄養補給、滋養強壮に。<BR>
                  <BR>
                  ◆リコリス「ゼンヤク」DXは、強壮作用のあるカンゾウ(甘草)エキス、タイソウ(大棗)エキスを配合し、肉体疲労や発熱性消耗性疾患などの場合の栄養面を配慮してつくられた、のみやすい内服役剤ですい。</TD>
                </TR>
                <TR>
                  <TD bgcolor=""#ffcc00"" width=""20%"" align=""center"">効能・効果</TD>
                  <TD bgcolor=""#ffffcc"" width=""80%"">肉体疲労・病中病後・発熱性消耗性疾患・胃腸障害・栄養障害・妊娠授乳期などの場合の栄養補給、滋養強壮、虚弱体質。</TD>
                </TR>
                <TR>
                  <TD bgcolor=""#ffcc00"" width=""20%"" align=""center"">用法・用量</TD>
                  <TD bgcolor=""#ffffcc"" width=""80%"">次の量を服用してください。<BR>
                  ■成人(15才以上)…1回量1びん(30mL)、1日服用回数3回<BR>
                  ■15才未満…服用しないこと</TD>
                </TR>
                <TR>
                  <TD bgcolor=""#ffcc00"" width=""20%"" align=""center"">成　分</TD>
                  <TD bgcolor=""#ffffcc"" width=""80%"">(1びん30mL中)<BR>
                  ■カンゾウ(甘草)エキス…333mg(原生薬換算量1667mg)<BR>
                  ■リン酸リボフラビンナトリウム(ビタミンB2)…2mg<BR>
                  ■塩酸ピリドキシン(ビタミンB6)…5mg<BR>
                  ■パンテノール…20mg<BR>
                  ■アミノエチルスルホン酸…300mg<BR>
                  ■タイソウ(大棗)エキス…133mg<BR>
                  <BR>
                  添加物としてアルコール、クエン酸Na、パラベン、香料、L-アスパラギン酸Na、アセスルファムK、エリソルビン酸Na、塩化Na、カラメル、還元麦芽糖水アメ、ステビアエキス、チンピチンキ、トレハロースを含有します。<BR>
                  【成分に関連する注意】<BR>
                  本剤の服用により尿が黄色くなることがありますが、これは本剤中のリン酸リボフラビンナトリウム(ビタミンB2)によるものですので、ご心配ありません。</TD>
                </TR>
                <TR>
                  <TD bgcolor=""#ffcc00"" width=""20%"" align=""center"">区　分</TD>
                  <TD bgcolor=""#ffffcc"" width=""80%"">第3類医薬品/内服液剤</TD>
                </TR>
                <TR>
                  <TD bgcolor=""#ffcc00"" width=""20%"" align=""center"">ご注意</TD>
                  <TD bgcolor=""#ffffcc"" width=""80%"">【使用上の注意】<BR>
                  ●してはいけないこと<BR>
                  (守らないと現在の症状が悪化したり、副作用が起こりやすくなる。)<BR>
                  長期連用しないでください。<BR>
                  ●相談すること<BR>
                  1.次の人は服用前に医師又は薬剤師に相談してください。<BR>
                  (1)医師の治療を受けている人。<BR>
                  (2)高齢者。<BR>
                  (3)次の症状のある人。むくみ<BR>
                  (4)次の診断を受けた人。心臓病、高血圧、腎臓病<BR>
                  2.次の場合は直ちに服用を中止し、この箱を持って医師又は薬剤師に相談してください。<BR>
                  (1)まれに下記の重篤な症状が起こることがあります。その場合は直ちに医師の診療を受けてください。<BR>
                  ■症状の名称<BR>
                  偽アルドステロン症<BR>
                  ■症状<BR>
                  尿量が減少する、顔や手足がむくむ、まぶたが重くなる、手がこわばる、血圧が高くなる、頭痛等があらわれる。<BR>
                  (2)5～6日間服用しても症状がよくならない場合。<BR>
                  <BR>
                  【保管及び取扱い上の注意】<BR>
                  (1)直射日光のあたらない涼しい所に保管すること。<BR>
                  (2)小児の手のとどかない所に保管すること。<BR>
                  (3)使用期限を過ぎた製品は、服用しないこと。
                  <HR>
                  本品記載の使用法・使用上の注意をよくお読みの上ご使用下さい。</TD>
                </TR>
                <TR>
                  <TD bgcolor=""#ffcc00"" width=""20%"" align=""center"">製　造<BR>
                  販売元</TD>
                  <TD bgcolor=""#ffffcc"" width=""80%"">全薬工業株式会社<BR>
                  東京都豊島区東池袋3-22-14<BR>
                  営業所　東京都文京区大塚5-6-15</TD>
                </TR>
                <TR>
                  <TD bgcolor=""#ffcc00"" width=""20%"" align=""center"">お客様<BR>
                  相談室</TD>
                  <TD bgcolor=""#ffffcc"" width=""80%"">電話　03-3986-0613<BR>
                  月～金曜日　9：00～17：00(祝祭日を除く)</TD>
                </TR>
                <TR>
                  <TD bgcolor=""#ffcc00"" width=""20%"" align=""center"">広告文責</TD>
                  <TD bgcolor=""#ffffcc"" width=""80%"">株式会社ツルハｅコマース<BR>ネットショップ係り　0852-53-0680</TD>
                </TR>
              </TBODY>
</TABLE>
            </TD>
          </TR>
</TBODY>
</TABLE>
      </TD>
</TR>
</TBODY>
</TABLE><BR>JANコード：4987305323217<BR><table border=""0"" width=""790"" cellpadding=""0"" cellspacing=""0"">
<!--セールここから-->
<tr valign=""top"">
<td width=""790"" valign=""top"" height=""123"">

<img src=""http://image.rakuten.co.jp/tsuruha/cabinet/sale2/0428tokubai_790120.jpg"" width=""790"" height=""120"" border=""0"" alt=""特売セール"">
</td>
</tr>
<!--セールここまで-->

<!--紫外線対策ここから-->
<tr valign=""top"">
<td width=""790"" valign=""top"" height=""133"">

<img src=""http://image.rakuten.co.jp/tsuruha/cabinet/banner3/uvtaisaku2_790120.jpg"" width=""790"" height=""120"" border=""0"" alt=""早目のUVケアで肌をダメージから守る！　紫外線・UV対策"">
</td>
</tr>
<!--紫外線対策ここまで-->

<!--風邪・ウイルス対策特集ここから-->
<!--tr valign=""top"">
<td width=""790"" valign=""top"" height=""133"">

<img src=""http://image.rakuten.co.jp/tsuruha/cabinet/banner3/kazeuirusu790120.jpg"" width=""790"" height=""120"" border=""0"" alt=""風邪・ウイルス対策特集"">
</td>
</tr-->
<!--風邪・ウイルス対策特集ここまで-->

<!--ヘアレシピここから-->
<!--tr valign=""top"">
<td width=""790"" valign=""top"" height=""133"">

<img src=""http://image.rakuten.co.jp/tsuruha/cabinet/banner3/hair_recipe_2_790130.jpg"" width=""790"" height=""130"" border=""0"" alt=""ヘアレシピ"">
</td>
</tr-->
<!--ヘアレシピここまで-->

<!--セーラームーンここから-->
<!--tr valign=""top"">
<td width=""790"" valign=""top"" height=""133"">

<img src=""http://image.rakuten.co.jp/tsuruha/cabinet/banner3/elis_korabo790120.jpg"" width=""790"" height=""120"" border=""0"" alt=""セーラームーンコラボグッズプレゼントキャンペーン"">
</td>
</tr-->
<!--セーラームーンここまで-->


</table>",【第3類医薬品】【即納】　体がだるい時の栄養補給、滋養強壮に　全薬工業　リコリスDX　(30ｍｌ&times;3本入)　ツルハドラッグ：ツルハドラッグ,ドラッグストアスキンケア化粧品ベビー薬健康ツルハツルハドラッグダイエット健康食品サプリハブラシヘアケアエゾエース入浴剤ナップルツルハグループ介護用品医薬品生コラーゲン【第3類医薬品】【即納】　体がだるい時の栄養補給、滋養強壮に　全薬工業　リコリスDX　(30ｍｌ&times;3本入)　ツルハドラッグ,【第3類医薬品】【即納】　体がだるい時の栄養補給、滋養強壮に　全薬工業　リコリスDX　(30ｍｌ&times;3本入)　ツルハドラッグ[rn]
28-87568,http://tshop.r10s.jp/tsuruha/cabinet/shouhin15/4987306002692.jpg?fitin=700:700,369.6000,,,大正製薬　リポビタンDキッズ　(50ｍｌ×3本)　【指定医薬部外品】　ツルハドラッグ,,"　<p>リニューアルに伴いパッケージ・内容等予告なく変更する場合がございます。予めご了承ください。</p>
<TABLE class=item-main>
<TBODY>
<TR>
<TD>
<TABLE class=item-table>
<TBODY>
<TR class=a>
<TD class=b></TD>
<TD class=c><BR>
<TABLE class=item>
<TBODY>
<TR>
<TD class=d>名　称</TD>
<TD class=e>《3本セット》　リポビタンDキッズ</TD>
</TR>
<TR>
<TD class=d>内容量</TD>
<TD class=e>50mL×3本</TD>
</TR>
<TR>
<TD class=d>特　徴</TD>
<TD class=e>★子供の成長に必要なビタミン・カルシウム配合<BR>
<BR>
◎カフェインは入っておりません<BR>
<BR>
◆5～14才<BR>
<BR>
◎ミックスフルーツ風味</TD>
</TR>
<TR>
<TD class=d>効　能</TD>
<TD class=e>◎幼小児の発育期・偏食児・病中病後・発熱性消耗性疾患・食欲不振・栄養障害等の場合の栄養補給<BR>
◎虚弱体質<BR>
◎滋養強壮</TD>
</TR>
<TR>
<TD class=d>用法・用量</TD>
<TD class=e>5～14才、1日1回1本(50mL)を服用してください。<BR>
※5才未満は服用しないでください。</TD>
</TR>
<TR>
<TD class=d>成　分</TD>
<TD class=e>[1本(50mL)中]<BR>
タウリン…800mg<BR>
チアミン硝化物(ビタミンB1)…3mg<BR>
リボフラビンリン酸エステルナトリウム(ビタミンB2)…3mg<BR>
ピリドキシン塩酸塩(ビタミンB6)…6mg<BR>
グルコン酸カルシウム水和物…450mg<BR>
ニコチン酸アミド…20mg<BR>
カルニチン塩化物…50mg<BR>
<BR>
添加物：白糖、ブドウ糖、スクラロース、クエン酸、クエン酸Na、pH調整剤、没食子酸プロピル、カラメル、安息香酸、香料、グリセリン、バニリン</TD>
</TR>
<TR>
<TD class=d>区　分</TD>
<TD class=e>指定医薬部外品</TD>
</TR>
<TR>
<TD class=d>ご注意</TD>
<TD class=e>1．定められた用法・用量を厳守してください。(他のビタミン等を含有する製品を同時に服用する場合には過剰摂取等に注意してください)<BR>2・服用に際しては、容器のラベルをよく読んでください。<BR>3．直射日光の当たらない涼しい所に保管してください。<BR>
4.小児の手のとどかない所に保管してください。<BR>
5.使用期限を過ぎた製品は服用しないでください。
<HR>
本品記載の使用法・使用上の注意をよくお読みの上ご使用下さい。</TD>
</TR>
<TR>
<TD class=d>販売元</TD>
<TD class=e>大正製薬株式会社　東京都豊島区高田3丁目24番1号</TD>
</TR>
<TR>
<TD class=d>お問合せ</TD>
<TD class=e>【お客様119番室】　電話：03-3985-1800</TD>
</TR>
<TR>
<TD class=d>広告文責</TD>
<TD class=e>株式会社ツルハグループマーチャンダイジング<BR>カスタマーセンター　0852-53-0680</TD>
</TR>
</TBODY>
</TABLE>
</TD>
</TR>
</TBODY>
</TABLE>
</TD>
</TR>
</TBODY>
</TABLE><BR>JANコード：4987306002692<BR><table border=""0"" width=""790"" cellpadding=""0"" cellspacing=""0"">
<!--セールここから-->
<tr valign=""top"">
<td width=""790"" valign=""top"" height=""123"">

<img src=""http://image.rakuten.co.jp/tsuruha/cabinet/sale2/0428tokubai_790120.jpg"" width=""790"" height=""120"" border=""0"" alt=""特売セール"">
</td>
</tr>
<!--セールここまで-->

<!--紫外線対策ここから-->
<tr valign=""top"">
<td width=""790"" valign=""top"" height=""133"">

<img src=""http://image.rakuten.co.jp/tsuruha/cabinet/banner3/uvtaisaku2_790120.jpg"" width=""790"" height=""120"" border=""0"" alt=""早目のUVケアで肌をダメージから守る！　紫外線・UV対策"">
</td>
</tr>
<!--紫外線対策ここまで-->

<!--風邪・ウイルス対策特集ここから-->
<!--tr valign=""top"">
<td width=""790"" valign=""top"" height=""133"">

<img src=""http://image.rakuten.co.jp/tsuruha/cabinet/banner3/kazeuirusu790120.jpg"" width=""790"" height=""120"" border=""0"" alt=""風邪・ウイルス対策特集"">
</td>
</tr-->
<!--風邪・ウイルス対策特集ここまで-->

<!--ヘアレシピここから-->
<!--tr valign=""top"">
<td width=""790"" valign=""top"" height=""133"">

<img src=""http://image.rakuten.co.jp/tsuruha/cabinet/banner3/hair_recipe_2_790130.jpg"" width=""790"" height=""130"" border=""0"" alt=""ヘアレシピ"">
</td>
</tr-->
<!--ヘアレシピここまで-->

<!--セーラームーンここから-->
<!--tr valign=""top"">
<td width=""790"" valign=""top"" height=""133"">

<img src=""http://image.rakuten.co.jp/tsuruha/cabinet/banner3/elis_korabo790120.jpg"" width=""790"" height=""120"" border=""0"" alt=""セーラームーンコラボグッズプレゼントキャンペーン"">
</td>
</tr-->
<!--セーラームーンここまで-->


</table>",大正製薬　リポビタンDキッズ　(50ｍｌ&times;3本)　【指定医薬部外品】　ツルハドラッグ：ツルハドラッグ,ドラッグストアスキンケア化粧品ベビー薬健康ツルハツルハドラッグダイエット健康食品サプリハブラシヘアケアエゾエース入浴剤ナップルツルハグループ介護用品医薬品生コラーゲン大正製薬　リポビタンDキッズ　(50ｍｌ&times;3本)　【指定医薬部外品】　ツルハドラッグ,大正製薬　リポビタンDキッズ　(50ｍｌ&times;3本)　【指定医薬部外品】　ツルハドラッグ[rn]
28-87569,http://tshop.r10s.jp/tsuruha/cabinet/shouhin15/4987306002678.jpg?fitin=700:700,992.0000,,,《10本セット》　大正製薬　リポビタンDキッズ　(50ｍｌ×10本)　【指定医薬部外品】　ツルハドラッグ,,"　<p>リニューアルに伴いパッケージ・内容等予告なく変更する場合がございます。予めご了承ください。</p>
<TABLE class=item-main>
<TBODY>
<TR>
<TD>
<TABLE class=item-table>
<TBODY>
<TR class=a>
<TD class=b></TD>
<TD class=c><BR>
<TABLE class=item>
<TBODY>
<TR>
<TD class=d>名　称</TD>
<TD class=e>リポビタンDキッズ　【5～14才】</TD>
</TR>
<TR>
<TD class=d>内容量</TD>
<TD class=e>50mL×10本入</TD>
</TR>
<TR>
<TD class=d>特　徴</TD>
<TD class=e>★子供の成長に必要な　ビタミン　カルシウム　配合<BR>
<BR>
◆ミックスフルーツ風味<BR>
<BR>
◆5～14才<BR>
<BR>
■カフェインは入っておりません</TD>
</TR>
<TR>
<TD class=d>&nbsp;用法・用量</TD>
<TD class=e>5～14才、1日1回1本(50mL)を服用してください。<BR>
<BR>
<FONT color=""#ff0000"">※5才未満は服用しないでください。</FONT></TD>
</TR>
<TR>
<TD class=d>&nbsp;効　能</TD>
<TD class=e>☆幼小児の発育期・偏食児・病中病後・発熱性消耗性疾患・食欲不振・栄養障害等の場合の栄養補給<BR>
☆虚弱体質<BR>
☆滋養強壮</TD>
</TR>
<TR>
<TD class=d>成　分</TD>
<TD class=e>[1本(50mL)中]<BR>
■タウリン…800mg<BR>
■チアミン硝化物(ビタミンB1)…3mg<BR>
■リボフラビンリン酸エステルナトリウム(ビタミンB2)…3mg<BR>
■ピリドキシン塩酸塩(ビタミンB6)…6mg<BR>
■グルコン酸カルシウム水和物…450mg<BR>
■ニコチン酸アミド…20mg<BR>
■カルニチン塩化物…50mg<BR>
<BR>
添加物：白糖、ブドウ糖、スクラロース、クエン酸、クエン酸Na、pH調整剤、没食子酸プロピル、カラメル、安息香酸、香料、グリセリン、バニリン</TD>
</TR>
<TR>
<TD class=d>区　分</TD>
<TD class=e>指定医薬部外品</TD>
</TR>
<TR>
<TD class=d>ご注意</TD>
<TD class=e>1.定められた用法・用量を厳守してください。(他のビタミン等を含有する製剤を同時に服用する場合には過剰摂取等に注意してください)<BR>
2.服用に際しては、容器のラベルをよく読んでください。<BR>
3.直射日光の当たらない涼しい所に保管してください。<BR>
4.小児の手のとどかない所に保管してください。<BR>
5.使用期限を過ぎた製品は服用しないでください。
<HR>
本品記載の使用法・使用上の注意をよくお読みの上ご使用下さい。</TD>
</TR>
<TR>
<TD class=d>製造販売元</TD>
<TD class=e>大正製薬株式会社　東京都豊島区高田3丁目24番1号</TD>
</TR>
<TR>
<TD class=d>お問合せ</TD>
<TD class=e>【お客様119番室】　電話：03-3985-1800</TD>
</TR>
<TR>
<TD class=d>広告文責</TD>
<TD class=e>株式会社ツルハグループマーチャンダイジング<BR>カスタマーセンター　0852-53-0680</TD>
</TR>
</TBODY>
</TABLE>
</TD>
</TR>
</TBODY>
</TABLE>
</TD>
</TR>
</TBODY>
</TABLE><BR>JANコード：4987306002678<BR><table border=""0"" width=""790"" cellpadding=""0"" cellspacing=""0"">
<!--セールここから-->
<tr valign=""top"">
<td width=""790"" valign=""top"" height=""123"">

<img src=""http://image.rakuten.co.jp/tsuruha/cabinet/sale2/0428tokubai_790120.jpg"" width=""790"" height=""120"" border=""0"" alt=""特売セール"">
</td>
</tr>
<!--セールここまで-->

<!--紫外線対策ここから-->
<tr valign=""top"">
<td width=""790"" valign=""top"" height=""133"">

<img src=""http://image.rakuten.co.jp/tsuruha/cabinet/banner3/uvtaisaku2_790120.jpg"" width=""790"" height=""120"" border=""0"" alt=""早目のUVケアで肌をダメージから守る！　紫外線・UV対策"">
</td>
</tr>
<!--紫外線対策ここまで-->

<!--風邪・ウイルス対策特集ここから-->
<!--tr valign=""top"">
<td width=""790"" valign=""top"" height=""133"">

<img src=""http://image.rakuten.co.jp/tsuruha/cabinet/banner3/kazeuirusu790120.jpg"" width=""790"" height=""120"" border=""0"" alt=""風邪・ウイルス対策特集"">
</td>
</tr-->
<!--風邪・ウイルス対策特集ここまで-->

<!--ヘアレシピここから-->
<!--tr valign=""top"">
<td width=""790"" valign=""top"" height=""133"">

<img src=""http://image.rakuten.co.jp/tsuruha/cabinet/banner3/hair_recipe_2_790130.jpg"" width=""790"" height=""130"" border=""0"" alt=""ヘアレシピ"">
</td>
</tr-->
<!--ヘアレシピここまで-->

<!--セーラームーンここから-->
<!--tr valign=""top"">
<td width=""790"" valign=""top"" height=""133"">

<img src=""http://image.rakuten.co.jp/tsuruha/cabinet/banner3/elis_korabo790120.jpg"" width=""790"" height=""120"" border=""0"" alt=""セーラームーンコラボグッズプレゼントキャンペーン"">
</td>
</tr-->
<!--セーラームーンここまで-->


</table>",《10本セット》　大正製薬　リポビタンDキッズ　(50ｍｌ&times;10本)　【指定医薬部外品】　ツルハドラッグ：ツルハドラッグ,ドラッグストアスキンケア化粧品ベビー薬健康ツルハツルハドラッグダイエット健康食品サプリハブラシヘアケアエゾエース入浴剤ナップルツルハグループ介護用品医薬品生コラーゲン《10本セット》　大正製薬　リポビタンDキッズ　(50ｍｌ&times;10本)　【指定医薬部外品】　ツルハドラッグ,《10本セット》　大正製薬　リポビタンDキッズ　(50ｍｌ&times;10本)　【指定医薬部外品】　ツルハドラッグ[rn]
28-87570,http://tshop.r10s.jp/tsuruha/cabinet/shouhin09/4987306070455.jpg?fitin=700:700,1429.6000,,,【第3類医薬品】大正製薬　リポビタンＪｒ　(50ｍｌ×10本)　ツルハドラッグ,,"　<TABLE class=item-main>
<TBODY>
<TR>
<TD>
<TABLE class=item-table>
<TBODY>
<TR class=a>
<TD class=b></TD>
<TD class=c><BR>
<TABLE class=item>
<TBODY>
<TR>
<TD class=d>名　称</TD>
<TD class=e>大正製薬　リポビタンＪｒ．　５０ｍＬ×１０本</TD>
</TR>
<TR>
<TD class=d>内容量</TD>
<TD class=e>50ml×10本</TD>
</TR>
<TR>
<TD class=d>特　徴</TD>
<TD class=e>いそがしい現代社会　がんばれジュニア！！<BR>
<BR>
ミックスベリー味</TD>
</TR>
<TR>
<TD class=d>効能・効果</TD>
<TD class=e>・小児の発育期・偏食児・発熱性消耗性疾患・病中病後・食欲不振・栄養障害などの場合の栄養補給<BR>
・滋養強壮<BR>
・虚弱体質</TD>
</TR>
<TR>
<TD class=d>用法・用量</TD>
<TD class=e>8～14才1日1回1本（50mL）を服用してください。<BR>
※8才未満は服用しないでください。<BR>
<BR>
【注意】<BR>
(1)定められた用法・用量を厳守してください。<BR>
(2)小児に服用させる場合には、保護者の指導監督のもとに服用させてください。<BR>
(3)本剤は生薬成分を含むため、まれに沈でんを生じることがありますが、薬効には変わりありません。よく振ってから服用してください。</TD>
</TR>
<TR>
<TD class=d>成分・分量</TD>
<TD class=e>1本（50mL）中<BR>
ゴミシ流エキス・・・0.2mL<BR>
（五味子200mgに相当）<BR>
刺五加乾燥エキス・・・16mg<BR>
（刺五加400mgに相当）<BR>
グルコン酸カルシウム水和物・・・123.75mg<BR>
塩化カルシウム水和物・・・55.5mg<BR>
タウリン・・・800mg<BR>
カルニチン塩化物・・・50mg<BR>
L-アスパラギン酸マグネシウム・・・100mg<BR>
チアミン硝化物（ビタミンB1）・・・4mg<BR>
リボフラビンリン酸エステルナトリウム（ビタミンB2）・・・4mg<BR>
ピリドキシン塩酸塩（ビタミンB6）・・・4mg<BR>
ニコチン酸アミド・・・15mg<BR>
添加物：白糖、還元麦芽糖水アメ、ポビドン、安息香酸、pH調節剤、香料、グリセリン<BR>
<BR>
【注意】<BR>
本剤の服用により、尿が黄色になることがありますが、これは本剤中のビタミンB2によるもので、ご心配ありません。</TD>
</TR>
<TR>
<TD class=d>区　分</TD>
<TD class=e>第3類医薬品/ドリンク剤</TD>
</TR>
<TR>
<TD class=d>ご注意</TD>
<TD class=e>●使用上の注意<BR>
相談すること<BR>
1．服用後、次の症状があらわれた場合は副作用の可能性があるので、直ちに服用を中止し、この製品を持って医師、薬剤師又は登録販売者に相談してください<BR>
皮膚：発疹/消化器：胃部不快感<BR>
2．服用後、次の症状があらわれることがあるので、このような症状の持続又は増強が見られた場合には、服用を中止し、この製品を持って医師、薬剤師又は登録販売者に相談してください<BR>
下痢<BR>
3．しばらく服用しても症状がよくならない場合は服用を中止し、この製品を持って医師、薬剤師又は登録販売者に相談してください<BR>
<BR>
●保管及び取扱い上の注意<BR>
(1)直射日光の当らない涼しい所に保管してください。<BR>
(2)小児の手のとどかない所に保管してください。<BR>
(3)使用期限を過ぎた製品は服用しないでください。<BR>
<BR>
◆その他、本品記載の使用法・使用上の注意をよくお読みの上ご使用下さい。</TD>
</TR>
<TR>
<TD class=d>発売元</TD>
<TD class=e>大正製薬株式会社　東京都豊島区高田3丁目24番1号</TD>
</TR>
<TR>
<TD class=d>お問合せ</TD>
<TD class=e>お客様119番室 電話03-3985-1800</TD>
</TR>
<TR>
<TD class=d>広告文責</TD>
<TD class=e>株式会社ツルハグループマーチャンダイジング<BR>
カスタマーセンター　0852-53-0680</TD>
</TR>
</TBODY>
</TABLE>
</TD>
</TR>
</TBODY>
</TABLE>
</TD>
</TR>
</TBODY>
</TABLE><BR>JANコード：4987306070455<BR><table border=""0"" width=""790"" cellpadding=""0"" cellspacing=""0"">
<!--セールここから-->
<tr valign=""top"">
<td width=""790"" valign=""top"" height=""123"">

<img src=""http://image.rakuten.co.jp/tsuruha/cabinet/sale2/0428tokubai_790120.jpg"" width=""790"" height=""120"" border=""0"" alt=""特売セール"">
</td>
</tr>
<!--セールここまで-->

<!--紫外線対策ここから-->
<tr valign=""top"">
<td width=""790"" valign=""top"" height=""133"">

<img src=""http://image.rakuten.co.jp/tsuruha/cabinet/banner3/uvtaisaku2_790120.jpg"" width=""790"" height=""120"" border=""0"" alt=""早目のUVケアで肌をダメージから守る！　紫外線・UV対策"">
</td>
</tr>
<!--紫外線対策ここまで-->

<!--風邪・ウイルス対策特集ここから-->
<!--tr valign=""top"">
<td width=""790"" valign=""top"" height=""133"">

<img src=""http://image.rakuten.co.jp/tsuruha/cabinet/banner3/kazeuirusu790120.jpg"" width=""790"" height=""120"" border=""0"" alt=""風邪・ウイルス対策特集"">
</td>
</tr-->
<!--風邪・ウイルス対策特集ここまで-->

<!--ヘアレシピここから-->
<!--tr valign=""top"">
<td width=""790"" valign=""top"" height=""133"">

<img src=""http://image.rakuten.co.jp/tsuruha/cabinet/banner3/hair_recipe_2_790130.jpg"" width=""790"" height=""130"" border=""0"" alt=""ヘアレシピ"">
</td>
</tr-->
<!--ヘアレシピここまで-->

<!--セーラームーンここから-->
<!--tr valign=""top"">
<td width=""790"" valign=""top"" height=""133"">

<img src=""http://image.rakuten.co.jp/tsuruha/cabinet/banner3/elis_korabo790120.jpg"" width=""790"" height=""120"" border=""0"" alt=""セーラームーンコラボグッズプレゼントキャンペーン"">
</td>
</tr-->
<!--セーラームーンここまで-->


</table>",【第3類医薬品】大正製薬　リポビタンＪｒ　(50ｍｌ&times;10本)　ツルハドラッグ：ツルハドラッグ,ドラッグストアスキンケア化粧品ベビー薬健康ツルハツルハドラッグダイエット健康食品サプリハブラシヘアケアエゾエース入浴剤ナップルツルハグループ介護用品医薬品生コラーゲン【第3類医薬品】大正製薬　リポビタンＪｒ　(50ｍｌ&times;10本)　ツルハドラッグ,【第3類医薬品】大正製薬　リポビタンＪｒ　(50ｍｌ&times;10本)　ツルハドラッグ[rn]
28-87571,http://tshop.r10s.jp/tsuruha/cabinet/shouhin43/4987306070448.jpg?fitin=700:700,155.2000,,,【第3類医薬品】大正製薬　リポビタンＪｒ　リポビタンジュニア　(50ml)　ツルハドラッグ,,"　<TABLE border=""0"" width=""400"" cellpadding=""0"" cellspacing=""0"">
<TBODY>
<TR>
<TD bgcolor=""#ff6600"">
      <TABLE border=""0"" width=""407"" cellpadding=""3"" cellspacing=""1"">
<TBODY>
<TR valign=""top"">
<TD align=""center""><IMG src=""/tsuruha/img1042877250.gif"" width=""11"" height=""159"" border=""0"" hspace=""5"" vspace=""5""></TD>
            <TD bgcolor=""#ffffff"" width=""371""><IMG src=""/tsuruha/img1042877252.gif"" width=""364"" height=""26"" border=""0"" alt=""商品のご案内""><BR>
<TABLE border=""0"" width=""100%"" cellpadding=""6"" cellspacing=""3"" style=""font-size:13px;"">
<TBODY>
<TR>
<TD bgcolor=""#ffcc00"" width=""20%"" align=""center"">名　称</TD>
<TD bgcolor=""#ffffcc"" width=""80%"">リポビタンJr.　【8～14才】</TD>
</TR>
                <TR>
                  <TD bgcolor=""#ffcc00"" width=""20%"" align=""center"">内容量</TD>
                  <TD bgcolor=""#ffffcc"" width=""80%"">50mL　(液体)</TD>
                </TR>
                <TR>
                  <TD bgcolor=""#ffcc00"" width=""20%"" align=""center"">特　徴</TD>
                  <TD bgcolor=""#ffffcc"" width=""80%"">★生薬<BR>
                  カルシウム・タウリン配合<BR>
                  <BR>
                  ◆8～14才</TD>
                </TR>
                <TR>
                  <TD bgcolor=""#ffcc00"" width=""20%"" align=""center"">効　能</TD>
                  <TD bgcolor=""#ffffcc"" width=""80%"">☆小児の発育期・偏食児・発熱性消耗性疾患・病中病後・食欲不振・栄養障害などの場合の栄養補給☆滋養強壮☆虚弱体質</TD>
                </TR>
                <TR>
                  <TD bgcolor=""#ffcc00"" width=""20%"" align=""center"">用法・用量</TD>
                  <TD bgcolor=""#ffffcc"" width=""80%"">8才～14才、1日1回1本（50mL）を服用してください。 <BR>
                  ※8才未満は服用しないでください。</TD>
                </TR>
                <TR>
                  <TD bgcolor=""#ffcc00"" width=""20%"" align=""center"">成　分</TD>
                  <TD bgcolor=""#ffffcc"" width=""80%"">(1本50mL中)<BR>
                  ■ゴミシ流エキス…0.2mL(五味子200mgに相当) <BR>
                  ■シゴカ乾燥エキス… 16mg(刺五加400mgに相当) <BR>
                  ■グルコン酸カルシウム…123.75mg <BR>
                  ■塩化カルシウム…55.5mg <BR>
                  ■タウリン…800mg <BR>
                  ■塩化カルニチン…50mg <BR>
                  ■L-アスパラギン酸マグネシウム…100mg <BR>
                  ■ビタミンB1硝酸塩…4mg <BR>
                  ■ビタミンB2リン酸エステル…4mg <BR>
                  ■ビタミンB6…4mg <BR>
                  ■ニコチン酸アミド…15mg <BR>
                  ※添加物：白糖、還元麦芽糖水アメ、ポビドン、安息香酸、pH調節剤、香料、グリセリン </TD>
                </TR>
                <TR>
                  <TD bgcolor=""#ffcc00"" width=""20%"" align=""center"">区　分</TD>
                  <TD bgcolor=""#ffffcc"" width=""80%"">第3類医薬品</TD>
                </TR>
                <TR>
                  <TD bgcolor=""#ffcc00"" width=""20%"" align=""center"">ご注意</TD>
                  <TD bgcolor=""#ffffcc"" width=""80%"">【使用上の注意】<BR>
                  ※相談すること<BR>
                  1.次の場合は、直ちに服用を中止し、この製品を持って医師又は薬剤師に相談してください<BR>
                  (1)服用後、次の症状があらわれた場合。<BR>
                  ■皮ふ…発疹<BR>
                  ■消化器…胃部不快感<BR>
                  (2)しばらく服用しても症状がよくならない場合。<BR>
                  2.次の症状があらわれることがあるので、このような症状の継続又は増強が見られた場合には、服用を中止し、医師又は薬剤師に相談してください。<BR>
                  ■下痢<BR>
                  <BR>
                  【保管及び取扱い上の注意】<BR>
                  (1)直射日光の当たらない涼しい所に保管してください。<BR>
                  (2)小児の手の届かない所に保管して下さい。<BR>
                  (3)使用期限を過ぎた製品は服用しないでください。
                  <HR>
                  本品記載の使用法・使用上の注意をよくお読みの上ご使用下さい。</TD>
                </TR>
                <TR>
                  <TD bgcolor=""#ffcc00"" width=""20%"" align=""center"">販売元</TD>
                  <TD bgcolor=""#ffffcc"" width=""80%"">大正製薬株式会社<BR>
                  東京都豊島区高田3丁目24番1号</TD>
                </TR>
                <TR>
                  <TD bgcolor=""#ffcc00"" width=""20%"" align=""center"">お問合せ</TD>
                  <TD bgcolor=""#ffffcc"" width=""80%"">【大正製薬(株)お客様119番室】<BR>
                  電話　03-3985-1800</TD>
                </TR>
                <TR>
                  <TD bgcolor=""#ffcc00"" width=""20%"" align=""center"">広告文責</TD>
                  <TD bgcolor=""#ffffcc"" width=""80%"">株式会社ツルハグループマーチャンダイジング<BR>カスタマーセンター　0852-53-0680</TD>
                </TR>
              </TBODY>
</TABLE>
            </TD>
          </TR>
</TBODY>
</TABLE>
      </TD>
</TR>
</TBODY>
</TABLE><BR>JANコード：4987306070448<BR><table border=""0"" width=""790"" cellpadding=""0"" cellspacing=""0"">
<!--セールここから-->
<tr valign=""top"">
<td width=""790"" valign=""top"" height=""123"">

<img src=""http://image.rakuten.co.jp/tsuruha/cabinet/sale2/0428tokubai_790120.jpg"" width=""790"" height=""120"" border=""0"" alt=""特売セール"">
</td>
</tr>
<!--セールここまで-->

<!--紫外線対策ここから-->
<tr valign=""top"">
<td width=""790"" valign=""top"" height=""133"">

<img src=""http://image.rakuten.co.jp/tsuruha/cabinet/banner3/uvtaisaku2_790120.jpg"" width=""790"" height=""120"" border=""0"" alt=""早目のUVケアで肌をダメージから守る！　紫外線・UV対策"">
</td>
</tr>
<!--紫外線対策ここまで-->

<!--風邪・ウイルス対策特集ここから-->
<!--tr valign=""top"">
<td width=""790"" valign=""top"" height=""133"">

<img src=""http://image.rakuten.co.jp/tsuruha/cabinet/banner3/kazeuirusu790120.jpg"" width=""790"" height=""120"" border=""0"" alt=""風邪・ウイルス対策特集"">
</td>
</tr-->
<!--風邪・ウイルス対策特集ここまで-->

<!--ヘアレシピここから-->
<!--tr valign=""top"">
<td width=""790"" valign=""top"" height=""133"">

<img src=""http://image.rakuten.co.jp/tsuruha/cabinet/banner3/hair_recipe_2_790130.jpg"" width=""790"" height=""130"" border=""0"" alt=""ヘアレシピ"">
</td>
</tr-->
<!--ヘアレシピここまで-->

<!--セーラームーンここから-->
<!--tr valign=""top"">
<td width=""790"" valign=""top"" height=""133"">

<img src=""http://image.rakuten.co.jp/tsuruha/cabinet/banner3/elis_korabo790120.jpg"" width=""790"" height=""120"" border=""0"" alt=""セーラームーンコラボグッズプレゼントキャンペーン"">
</td>
</tr-->
<!--セーラームーンここまで-->


</table>",【第3類医薬品】大正製薬　リポビタンＪｒ　リポビタンジュニア　(50ml)　ツルハドラッグ：ツルハドラッグ,ドラッグストアスキンケア化粧品ベビー薬健康ツルハツルハドラッグダイエット健康食品サプリハブラシヘアケアエゾエース入浴剤ナップルツルハグループ介護用品医薬品生コラーゲン【第3類医薬品】大正製薬　リポビタンＪｒ　リポビタンジュニア　(50ml)　ツルハドラッグ,【第3類医薬品】大正製薬　リポビタンＪｒ　リポビタンジュニア　(50ml)　ツルハドラッグ[rn]
28-87572,http://tshop.r10s.jp/tsuruha/cabinet/shouhin20/4987306070417.jpg?fitin=700:700,414.4000,,,【第3類医薬品】大正製薬　リポビタンＪｒ　50ml×3本　ツルハドラッグ,,"　<p>リニューアルに伴いパッケージ・内容等予告なく変更する場合がございます。予めご了承ください。</p>
<TABLE class=item-main>
<TBODY>
<TR>
<TD>
<TABLE class=item-table>
<TBODY>
<TR class=a>
<TD class=b></TD>
<TD class=c><BR>
<TABLE class=item>
<TBODY>
<TR>
<TD class=d>名　称</TD>
<TD class=e>リポビタンＪｒ．</TD>
</TR>
<TR>
<TD class=d>内容量</TD>
<TD class=e>50mL×3本</TD>
</TR>
<TR>
<TD class=d>特　徴</TD>
<TD class=e>●リポビタンＪｒ．は、滋養強壮に効果的な五味子（ゴミシ）と刺五加（シゴカ）の2種類の生薬をはじめ、カルシウム・マグネシウム・タウリン等を配合。勉強にスポーツに、とてもいそがしい現代の小中学生（8才～14才）にピッタリのドリンク剤です。<br>
<br>
●かぜなどの発熱性消耗性疾患時の栄養補給に、育ちざかりや好き嫌いの多いお子さま方におすすめです。</TD>
</TR>
<TR>
<TD class=d>効能・効果</TD>
<TD class=e>小児の発育期・偏食児・発熱性消耗性疾患・病中病後・食欲不振・栄養障害などの場合の栄養補給<br>
滋養強壮<br>
虚弱体質</TD>
</TR>
<TR>
<TD class=d>用法・用量</TD>
<TD class=e>8～14才1日1回1本（50mL）を服用してください。※8才未満は服用しないでください。<br>
<br>
【注意】<br>（1）定められた用法・用量を厳守してください。<br>
（2）小児に服用させる場合には、保護者の指導監督のもとに服用させてください。<br>
（3）本剤は生薬成分を含むため、まれに沈でんを生じることがありますが、薬効には変わりありません。よく振ってから服用してください。</TD>
</TR>
<TR>
<TD class=d>成分・分量</TD>
<TD class=e>1本（50mL）中<br>
ゴミシ流エキス・・・0.2mL<br>
（五味子200mgに相当）<br>
刺五加乾燥エキス・・・16mg<br>
（刺五加400mgに相当）<br>
グルコン酸カルシウム水和物・・・123.75mg<br>
塩化カルシウム水和物・・・55.5mg<br>
タウリン・・・800mg<br>
カルニチン塩化物・・・50mg<br>
L-アスパラギン酸マグネシウム・・・100mg<br>
チアミン硝化物（ビタミンB1）・・・4mg<br>
リボフラビンリン酸エステルナトリウム（ビタミンB2）・・・4mg<br>
ピリドキシン塩酸塩（ビタミンB6）・・・4mg<br>
ニコチン酸アミド・・・15mg<br>
添加物：白糖、還元麦芽糖水アメ、ポビドン、安息香酸、pH調節剤、香料、グリセリン<br>
<br>
【注意】<br>
本剤の服用により、尿が黄色くなることがありますが、これは本剤中のビタミンB2によるもので、ご心配ありません。</TD>
</TR>
<TR>
<TD class=d>区　分</TD>
<TD class=e>第3類医薬品/ドリンク剤/日本製</TD>
</TR>
<TR>
<TD class=d>ご注意</TD>
<TD class=e>【使用上の注意】<BR>
●相談すること<br>
1．服用後、次の症状があらわれた場合は副作用の可能性があるので、直ちに服用を中止し、この製品を持って医師、薬剤師又は登録販売者に相談してください<br>
皮膚：発疹／消化器：胃部不快感<br>
2．服用後、次の症状があらわれることがあるので、このような症状の持続又は増強が見られた場合には、服用を中止し、この製品を持って医師、薬剤師又は登録販売者に相談してください・・・下痢<br>
3．しばらく服用しても症状がよくならない場合は服用を中止し、この製品を持って医師、薬剤師又は登録販売者に相談してください<br>
<br>【保管及び取り扱い上の注意】<br> （1）直射日光の当たらない涼しい所に保管してください。<br>
（2）小児の手のとどかない所に保管してください。<br>
（3）使用期限を過ぎた製品は服用しないでください。 <br>
<BR>
◆本品記載の使用法・使用上の注意をよくお読みの上ご使用下さい。</TD>
</TR>
<TR>
<TD class=d>製造販売元</TD>
<TD class=e>大正製薬株式会社<BR>
東京都豊島区高田3丁目24番1号</TD>
</TR>
<TR>
<TD class=d>お問合せ</TD>
<TD class=e>大正製薬（株）　お客様119番室<BR>
電話/03-3985-1800</TD>
</TR>
<TR>
<TD class=d>広告文責</TD>
<TD class=e>株式会社ツルハグループマーチャンダイジング<BR>
カスタマーセンター　0852-53-0680</TD>
</TR>
</TBODY>
</TABLE>
</TD>
</TR>
</TBODY>
</TABLE>
</TD>
</TR>
</TBODY>
</TABLE><BR>JANコード：4987306070417<BR><table border=""0"" width=""790"" cellpadding=""0"" cellspacing=""0"">
<!--セールここから-->
<tr valign=""top"">
<td width=""790"" valign=""top"" height=""123"">

<img src=""http://image.rakuten.co.jp/tsuruha/cabinet/sale2/0428tokubai_790120.jpg"" width=""790"" height=""120"" border=""0"" alt=""特売セール"">
</td>
</tr>
<!--セールここまで-->

<!--紫外線対策ここから-->
<tr valign=""top"">
<td width=""790"" valign=""top"" height=""133"">

<img src=""http://image.rakuten.co.jp/tsuruha/cabinet/banner3/uvtaisaku2_790120.jpg"" width=""790"" height=""120"" border=""0"" alt=""早目のUVケアで肌をダメージから守る！　紫外線・UV対策"">
</td>
</tr>
<!--紫外線対策ここまで-->

<!--風邪・ウイルス対策特集ここから-->
<!--tr valign=""top"">
<td width=""790"" valign=""top"" height=""133"">

<img src=""http://image.rakuten.co.jp/tsuruha/cabinet/banner3/kazeuirusu790120.jpg"" width=""790"" height=""120"" border=""0"" alt=""風邪・ウイルス対策特集"">
</td>
</tr-->
<!--風邪・ウイルス対策特集ここまで-->

<!--ヘアレシピここから-->
<!--tr valign=""top"">
<td width=""790"" valign=""top"" height=""133"">

<img src=""http://image.rakuten.co.jp/tsuruha/cabinet/banner3/hair_recipe_2_790130.jpg"" width=""790"" height=""130"" border=""0"" alt=""ヘアレシピ"">
</td>
</tr-->
<!--ヘアレシピここまで-->

<!--セーラームーンここから-->
<!--tr valign=""top"">
<td width=""790"" valign=""top"" height=""133"">

<img src=""http://image.rakuten.co.jp/tsuruha/cabinet/banner3/elis_korabo790120.jpg"" width=""790"" height=""120"" border=""0"" alt=""セーラームーンコラボグッズプレゼントキャンペーン"">
</td>
</tr-->
<!--セーラームーンここまで-->


</table>",【第3類医薬品】大正製薬　リポビタンＪｒ　50ml&times;3本　ツルハドラッグ：ツルハドラッグ,ドラッグストアスキンケア化粧品ベビー薬健康ツルハツルハドラッグダイエット健康食品サプリハブラシヘアケアエゾエース入浴剤ナップルツルハグループ介護用品医薬品生コラーゲン【第3類医薬品】大正製薬　リポビタンＪｒ　50ml&times;3本　ツルハドラッグ,【第3類医薬品】大正製薬　リポビタンＪｒ　50ml&times;3本　ツルハドラッグ[rn]
28-87573,http://tshop.r10s.jp/anshin-relief/cabinet/rsv/4958118300030.jpg?fitin=700:700,1465.6000,,,【第3類医薬品】【ビタトレール☆毎日ポイント２倍】ビタトレール ネージュホワイトプラス（Ｌ-システイン製剤） 240錠...40日あのネージュホワイトがパワーＵＰ → Ｌシステイン:240mg＋ビタミンＣ:500mg 【RCP】【02P03Dec16】,,"<a name=""ptop""></a>
<div class=""hdtxt"">ビタトレール ネージュホワイトプラス（Plus）続けることが大切だからいつも得々価格</div>
<div id=""nwp001""> </div>
<div id=""nwp101""> </div>
<div id=""nwp102""> </div>
<div id=""nwp103""> </div>
<div id=""nwp104""> </div>
<div id=""nwp105""> </div>
<div id=""nwp106""> </div>
<div id=""nwp107""> </div>
<div id=""nwp108""> </div>
<div id=""nwp109""> </div>
<div id=""nwp110""> </div>
<div id=""nwp201""> </div>
<div id=""nwp202""> </div>
<div id=""nwp203""> </div>
<div id=""nwp204""> </div>
<div id=""nwp205""> </div>
<div id=""nwp206""> </div>
<div id=""nwp207""> </div>
<div class=""hdtxt"">
しみ・そばかすが気になる。日焼け対策に備えたい。お肌の調子を整えたい。にきび対策のアイテムを探している。じんましん、かぶれに効く医薬品を探している。
二日酔い対策の品を探している。お酒に弱い。毎日なんだか疲れる。倦怠感をなんとかしたい。
効能効果　１）しみ・そばかす、日焼けなど色素沈着症　２）全身倦怠　３）二日酔い　４）にきび、湿疹、じんましん、かぶれ、くすりまけ
ビタトレールのネージュホワイト、絶好調。Ｌ-システインの配合量は、納得の１日量中２４０mg配合。しかも容量も大きくて割安お得。経済的なお値段設定、これなら続けられる！２０１０年に発売されて以来、おかげさまで５万個突破と大ヒット中。このネージュホワイト、実は既に世界進出もしておりまして、東南アジアを中心に発売中～。
さてさて、お肌にうれしい成分として、すっかり定着したＬ-システインのお薬。
実は、もともと「二日酔い・全身倦怠に効果を発揮」するために開発されたお薬であることをご存知ですか。
二日酔いとは、アルコールが代謝されてできるアセトアルデヒドという物質が原因。
本来ならアセトアルデヒトは、体内の解毒役である肝臓で分解されて、やがて症状は沈静化するのですが・・・ヒトによってかかる時間は様々。
そこでＬ-システイン。アルコールとアセトアルデヒトを分解する酵素（ＳＨ酵素）を支援する役割をして、肝臓をサポートしてくれるわけですね。日本薬局方解説書第16改正
日本人はよく「お酒に弱い」と言われますが、それはアセトアルデヒトを分解する酵素の分泌が体質的に少ないから。というわけで、Ｌ-システインは「日本人のためのお薬」と呼べるかもしれません。
Ｌ-システインとは、実はタンパク質の一種、つまりアミノ酸です。ヒトのカラダを構成し、新陳代謝をになう、大変重要な栄養素。だから、お肌はもちろんのこと、全身倦怠に効く効能効果がある
新陳代謝をうながすＬ-システインと、コラーゲン生成を促すビタミンＣはお肌への働きの点で、とーっても相性のいい成分。よりお肌にいいお薬を目指して。
それがネージュホワイトプラスになって、「よりお肌にいいお薬」を目指してビタミンＣの配合量を増量（プラス）！
そこで、Ｌ-システインの出番。Ｌ-システインの働きは、お肌の新陳代謝を活性化し、メラニンの排泄を促すだけではありません。過剰なメラニンの生成を抑制し、既にできてしまったメラニンを無色化する働きも発揮してくれます。
お肌を構成するコラーゲンを生成を促すビタミンＣも、カラダの内から外へと色素が沈着した細胞を押し出す役目をしてくれます。メラノサイト。メラニンは薄くなり、外へ押し出される。
さらに“第３の成分”として「パントテン酸カルシウムCa」も配合。ビタミンＢ群の一種「ビタミンＢ５」。人体の中でエネルギーとなるコエンザイムＱ１０（CoQ10）を構成する成分。
某有名商品と同じ配合量。４０日分！じっくり取り組みたい方に、割安お得！</div>
<a name=""pbtm""></a>
<!--info_txt--><table border=0 width=380><tr><td><font style=""font-size:14px;line-height:1.2;"">
<hr color=#ccffcc size=2><font style=""font-size:22px;"">活用しよう「医療費控除制度」！</font><hr color=#ccffcc size=2>
本商品（医薬品）をご購入された金額が、
<font color=""#ff0000"">ご自分と扶養家族の分も含めて年間で「合計１０万円（税込）」を超えた場合</font>
、確定申告をすることにより、所得税が一部還付されたり、翌年の住民税が減額される制度があります。<br>
詳しくは厚生労働省か、最寄りの関係機関へお問い合わせください。
</font></td></tr></table>
<table border=0 width=380><tr><td><font style=""font-size:14px;line-height:1.2;"">
<hr color=#ccffcc size=2><font color=#0066ff>◆</font><b>特  長</b><font color=#0066ff>◆</font><hr color=#ccffcc size=2>ネージュホワイト（4958118300016）が、ビタミンＣ増量でパワーアップ！！<br>１日量中、L- システイン 240mg、アスコルビン酸（ビタミンＣ）500mg、パントテン酸カルシウム 24mgを配合したＬ－システイン製剤（※第三類医薬品）。約４０日分で割安お得！<br>肌や体の代謝を助ける働きがあり、シミ・そばかす、にきびなどの肌トラブルや疲れ・だるさといった全身倦怠に優れた効果を発揮します。<br>また、二日酔いの原因物質の分解を助ける酵素を活性化し、症状を改善します。<br>

<hr><font color=""#cc0000"" style=""font-size:18px;line-height:1.2;""><b>

【只今キャンペーン中】本商品を１個お買い上げ毎に、「システマ 歯ブラシ」をおまかせで３つプレゼント！<br>もちろん、まとめ買いされたりセットをご購入されますと、その内容に応じて特典が増えますよ～！<br>
※カラー・毛先の硬さ・種類は選べません。　見本の画像とちがう商品が届く場合もあります。


 </b></font>


<hr color=#ccffcc size=2><font color=#0066ff>◆</font><b>メーカー</b>（※製造国又は原産国：日本）<font color=#0066ff>◆</font><hr color=#ccffcc size=2>日本ビタミン化学株式会社<br>〒939-2243 富山県富山市中大久保196-11<br>お問い合わせ先 ： 076-467-5200<br>受付時間 ： 9：00～12：00、13：00～17：00（土・日・祝祭日を除く）<hr color=#ccffcc size=2><font color=#0066ff>◆</font><b>効果・効能</b><font color=#0066ff>◆</font><hr color=#ccffcc size=2>●しみ、そばかす、日やけなどの色素沈着症<br>●全身倦怠<br>●二日酔<br>●にきび、湿疹、じんましん、かぶれ、くすりまけ<hr color=#ccffcc size=2><font color=#0066ff>◆</font><b>用法・用量</b><font color=#0066ff>◆</font><hr color=#ccffcc size=2>１５歳以上　　　　 　　    １回　２錠　（１日　３回）<br>　７歳以上１５歳未満　　１回　１錠　（１日　３回）<br>　７歳未満　 　　　　　　  服用しないでください<br><br>※用法・用量に関連する注意<br>（1）用法・用量を厳守してください。<br>（2）食前・食後にかかわらず、いつでも服用できます。<br>（3）小児に服用させる場合には、保護者の指導監督のもとに服用させてください。<br>
<br>※使用上の注意<br>
●相談すること<br>
（1）服用後、次の症状があらわれた場合は副作用の可能性があるので、直ちに服用を中止し、この文書を持って医師、薬剤師又は登録販売者に相談してください。<br>
　関係部位：症状<br>
　皮膚　　：発疹<br>
　消化器　：吐き気・嘔吐・腹痛<br>
（2）服用後、次の症状があらわれることがあるので、このような症状の持続又は増強が見られた場合には、服用を中止し、医師、薬剤師、又は登録販売者に相談してください。<br>
　下痢<br>
（3）しばらく服用しても症状がよくならない場合は服用を中止し、この文書を持って医師、薬剤師又は登録販売者に相談してください。
<hr color=#ccffcc size=2><font color=#0066ff>◆</font><b>成　分</b><font color=#0066ff>◆</font><hr color=#ccffcc size=2>１日量（６錠）中<br>L-システイン240mg、アスコルビン酸（ビタミンＣ）500mg、パントテン酸カルシウム24mg<br>添加物として、アラビアゴム、カルナウバロウ、還元麦芽糖水アメ、ケイ酸Ｃａ、酸化チタン、ステアリン酸Ｍｇ、セラック、ゼラチン、セルロース、タルク、炭酸Ca、乳酸Ca、白糖、ヒドロキシプロピルセルロース、リン酸水素Ca、カルメロースCａを含有する。<br><br>●L-システイン：アミノ酸の１種で代謝酵素の活性を高め、メラニン色素の発生を抑えます。<br>●アスコルビン酸（ビタミンC）：しみ・そばかす・日やけなどの色素沈着を改善します。<br>●パントテン酸カルシウム：疲労を防ぎます。<br><br>※成分・分量に関連する注意<br>本剤の服用により尿及び大便の検査値が影響を受けることがあります。医師の検査を受ける場合は、ビタミンＣを含有する製剤を服用していることを医師にお知らせください。<hr color=#ccffcc size=2><font color=#0066ff>◆</font><b>保管上の注意</b><font color=#0066ff>◆</font><hr color=#ccffcc size=2>
（1）直射日光の当たらない湿気の少ない涼しい所に密栓して保管してください。<br>
（2）小児の手の届かない所に保管してください。<br>
（3）他の容器に入れ替えないでください。誤用の原因になったり、品質が変わるおそれがあります。<br>
（4）使用期限をすぎた製品は、使用しないでください。 <br>
（5）容器の開封日記入欄に、開封した日付を記入してください。<br>
※その他、医薬品は使用上の注意をよく読んだ上で、それに従い適切に使用して下さい。<br>※ページ内で特に記載が無い場合、使用期限１年以上の商品をお届けしております。

<!--info_txt-->

</font></td></tr></table>
<table width=""380"" border=""0"" style=""font-size:14px;line-height:1.2;""><tr><td><hr>
※添付文書←<font color=#ff0000><b>詳細の商品情報はこちら</b></font>
<hr><font color=""#ff0000""><b>【お客様へ】</b></font>お薬に関するご相談がございましたら、<b>こちら</b>へお問い合わせください。</td></tr></table>
<table border=0 width=380 style=""font-size:12px;line-height:1.2;""><tr><td><font color=#000088><hr>※パッケージデザイン等が予告なく変更される場合もあります。<br>※商品廃番・メーカー欠品など諸事情によりお届けできない場合がございます。<hr></font></td></tr></table>
<table border=0 width=380 style=""font-size:12px;line-height:1.2;""><tr><td>商品区分：【第3類医薬品】<br>【広告文責】株式会社メディスンプラス：0120-205-904 ※休業日 土日・祝祭日<br>文責者名：稗圃 賢輔（管理薬剤師）</td></tr></table><!-- ▼左フロートバナー 表示 CSS & TAG セット -->
<link rel=""stylesheet"" href=""http://www.rakuten.ne.jp/gold/medistock/css_flt/fb_l_r.css"" type=""text/css"" />
<div id=""flt_l1""></div>
<!--Ｗオマケ-->
<div id=""flt_l2""></div>
<!--還元 Q10-->
<div id=""flt_l3""></div>
<!--ワゴンセール-->
<div id=""flt_l4""></div>
<!--送料無料-->
<div id=""flt_l5""></div>
<!-- Mプラ -->
<div id=""flt_l6""></div>
<!-- none -->
<div id=""flt_l7""></div>
<!-- ▲左フロートバナー 表示 CSS & TAG セット -->

<!-- ▼右フロートバナー 表示 CSS & TAG セット -->
<link rel=""stylesheet"" href=""http://www.rakuten.ne.jp/gold/medistock/css_flt/fb_r_m.css"" type=""text/css"" />
<!--プレ EXP-->
<div id=""flt_r1""></div>
<!--プレ レバ-->
<div id=""flt_r2""></div>
<!--花粉特集-->
<div id=""flt_r3""></div>
<!--なし-->
<div id=""flt_r4""></div>
<!--なし-->
<div id=""flt_r5""></div>
<!--ビタ ワゴン-->
<!--ゴールドA-->
<div id=""flt_r6""></div>
<!--なし-->
<div id=""flt_r7""></div>
<!-- ▲右フロートバナー 表示 CSS & TAG セット -->


<!-- ▼スライド -->
<center>
<div style=""width:710px; border:1px solid #fbc; padding:5px; margin-bottom:5px; background:#fff;"">

</div>
</center>
<!-- ▲スライド -->

<!--▼項目選択-->

<br>
<!--▲項目選択-->

<style type=""text/css"">
<!--
/*
body {
background-image:url(http://image.rakuten.co.jp/anshin-relief/cabinet/relief/tate150501rr.gif);
background-repeat:repeat-y;
background-position: right top;
}
*/
-->
</style>


<table width=""730"" border=""0""><tr><td align=""center"">

	<div><img src=""http://image.rakuten.co.jp/medistock/cabinet/hd/sp.gif"" height=""20""></div>



	<div><img src=""http://image.rakuten.co.jp/medistock/cabinet/banner/170520m.gif"" width=""468"" alt=""エントリー"" border=""0""></div>
	<div><img src=""http://image.rakuten.co.jp/medistock/cabinet/hd/sp.gif"" height=""5""></div>




	<div><img src=""http://image.rakuten.co.jp/medistock/cabinet/banner/1704win.jpg"" width=""468"" alt=""エントリー"" border=""0""></div>
	<div><img src=""http://image.rakuten.co.jp/medistock/cabinet/hd/sp.gif"" height=""5""></div>




	<div><img src=""http://image.rakuten.co.jp/medistock/cabinet/banner/160801ls.gif"" width=""468"" alt=""エントリー"" border=""0""></div>
	<div><img src=""http://image.rakuten.co.jp/medistock/cabinet/hd/sp.gif"" height=""5""></div>


	<div><img src=""http://image.rakuten.co.jp/medistock/cabinet/banner/160118pt7.jpg"" width=""468"" alt=""エントリー"" border=""0""></div>
	<div><img src=""http://image.rakuten.co.jp/medistock/cabinet/hd/sp.gif"" height=""5""></div>



	<div><img src=""http://image.rakuten.co.jp/medistock/cabinet/banner/160801nua.jpg"" width=""468"" alt=""エントリー"" border=""0""></div>
	<div><img src=""http://image.rakuten.co.jp/medistock/cabinet/hd/sp.gif"" height=""5""></div>


	<div><img src=""http://image.rakuten.co.jp/medistock/cabinet/banner/160506rgw.jpg"" width=""468"" alt=""エントリー"" border=""0""></div>
	<div><img src=""http://image.rakuten.co.jp/medistock/cabinet/hd/sp.gif"" height=""5""></div>







	<div><img src=""http://image.rakuten.co.jp/medistock/cabinet/banner/161201tb05p.jpg"" width=""468"" alt=""ツールバーPt2"" border=""0""></div>
	<div><img src=""http://image.rakuten.co.jp/medistock/cabinet/hd/sp.gif"" height=""5""></div>



	<div><img src=""http://image.rakuten.co.jp/medistock/cabinet/banner/160601tb10.jpg"" width=""468"" alt=""初ツールバー"" border=""0""></div>
	<div><img src=""http://image.rakuten.co.jp/medistock/cabinet/hd/sp.gif"" height=""5""></div>



	<div><img src=""http://image.rakuten.co.jp/medistock/cabinet/banner/151101app.jpg"" width=""468"" alt=""エントリー"" border=""0""></div>
	<div><img src=""http://image.rakuten.co.jp/medistock/cabinet/hd/sp.gif"" height=""5""></div>






<div><img src=""http://image.rakuten.co.jp/medistock/cabinet/p_img/bn_ato.gif"" width=""468"" alt=""ＮＰ後払い"" border=""0""></div>
<div><img src=""http://image.rakuten.co.jp/medistock/cabinet/hd/sp.gif"" height=""5""></div>


</td></tr></table>",【第3類医薬品】【ビタトレール☆毎日ポイント２倍】ビタトレール ネージュホワイトプラス（Ｌ-システイン製剤） 240錠...40日あのネージュホワイトがパワーＵＰ &rarr; Ｌシステイン:240mg＋ビタミンＣ:500mg 【RCP】【02P03Dec16】：あんしん通販　リリーフ,【第3類医薬品】【ビタトレール☆毎日ポイント２倍】ビタトレール ネージュホワイトプラス（Ｌ-システイン製剤） 240錠...40日あのネージュホワイトがパワーＵＰ &rarr; Ｌシステイン:240mg＋ビタミンＣ:500mg 【RCP】【02P03Dec16】,【第3類医薬品】【ビタトレール☆毎日ポイント２倍】ビタトレール ネージュホワイトプラス（Ｌ-システイン製剤） 240錠...40日あのネージュホワイトがパワーＵＰ &rarr; Ｌシステイン:240mg＋ビタミンＣ:500mg 【RCP】【02P03Dec16】[rn]
28-87574,http://tshop.r10s.jp/anshin-relief/cabinet/rsv/4958118300030x5.jpg?fitin=700:700,7328.0000,,,【第3類医薬品】なんと！あの 【ビタトレール】 ビタトレール ネージュホワイトプラス（Ｌ-システイン製剤） 240錠 が“５個セット＝合計200日分”なら送料無料でお得！しかも毎日ポイント２倍！【RCP】【02P03Dec16】,,"<a name=""ptop""></a>
<div class=""hdtxt"">ビタトレール ネージュホワイトプラス（Plus）続けることが大切だからいつも得々価格</div>
<div id=""nwp001""> </div>
<div id=""nwp101""> </div>
<div id=""nwp102""> </div>
<div id=""nwp103""> </div>
<div id=""nwp104""> </div>
<div id=""nwp105""> </div>
<div id=""nwp106""> </div>
<div id=""nwp107""> </div>
<div id=""nwp108""> </div>
<div id=""nwp109""> </div>
<div id=""nwp110""> </div>
<div id=""nwp201""> </div>
<div id=""nwp202""> </div>
<div id=""nwp203""> </div>
<div id=""nwp204""> </div>
<div id=""nwp205""> </div>
<div id=""nwp206""> </div>
<div id=""nwp207""> </div>
<div class=""hdtxt"">
しみ・そばかすが気になる。日焼け対策に備えたい。お肌の調子を整えたい。にきび対策のアイテムを探している。じんましん、かぶれに効く医薬品を探している。
二日酔い対策の品を探している。お酒に弱い。毎日なんだか疲れる。倦怠感をなんとかしたい。
効能効果　１）しみ・そばかす、日焼けなど色素沈着症　２）全身倦怠　３）二日酔い　４）にきび、湿疹、じんましん、かぶれ、くすりまけ
ビタトレールのネージュホワイト、絶好調。Ｌ-システインの配合量は、納得の１日量中２４０mg配合。しかも容量も大きくて割安お得。経済的なお値段設定、これなら続けられる！２０１０年に発売されて以来、おかげさまで５万個突破と大ヒット中。このネージュホワイト、実は既に世界進出もしておりまして、東南アジアを中心に発売中～。
さてさて、お肌にうれしい成分として、すっかり定着したＬ-システインのお薬。
実は、もともと「二日酔い・全身倦怠に効果を発揮」するために開発されたお薬であることをご存知ですか。
二日酔いとは、アルコールが代謝されてできるアセトアルデヒトという物質が原因。
本来ならアセトアルデヒドは、体内の解毒役である肝臓で分解されて、やがて症状は沈静化するのですが・・・ヒトによってかかる時間は様々。
そこでＬ-システイン。アルコールとアセトアルデヒトを分解する酵素（ＳＨ酵素）を支援する役割をして、肝臓をサポートしてくれるわけですね。日本薬局方解説書第16改正
日本人はよく「お酒に弱い」と言われますが、それはアセトアルデヒトを分解する酵素の分泌が体質的に少ないから。というわけで、Ｌ-システインは「日本人のためのお薬」と呼べるかもしれません。
Ｌ-システインとは、実はタンパク質の一種、つまりアミノ酸です。ヒトのカラダを構成し、新陳代謝をになう、大変重要な栄養素。だから、お肌はもちろんのこと、全身倦怠に効く効能効果がある
新陳代謝をうながすＬ-システインと、コラーゲン生成を促すビタミンＣはお肌への働きの点で、とーっても相性のいい成分。よりお肌にいいお薬を目指して。
それがネージュホワイトプラスになって、「よりお肌にいいお薬」を目指してビタミンＣの配合量を増量（プラス）！
そこで、Ｌ-システインの出番。Ｌ-システインの働きは、お肌の新陳代謝を活性化し、メラニンの排泄を促すだけではありません。過剰なメラニンの生成を抑制し、既にできてしまったメラニンを無色化する働きも発揮してくれます。
お肌を構成するコラーゲンを生成を促すビタミンＣも、カラダの内から外へと色素が沈着した細胞を押し出す役目をしてくれます。メラノサイト。メラニンは薄くなり、外へ押し出される。
さらに“第３の成分”として「パントテン酸カルシウムCa」も配合。ビタミンＢ群の一種「ビタミンＢ５」。人体の中でエネルギーとなるコエンザイムＱ１０（CoQ10）を構成する成分。
某有名商品と同じ配合量。４０日分！じっくり取り組みたい方に、割安お得！</div>
<a name=""pbtm""></a>
<!--info_txt--><table border=0 width=380><tr><td><font style=""font-size:14px;line-height:1.2;"">
<hr color=#ccffcc size=2><font style=""font-size:22px;"">活用しよう「医療費控除制度」！</font><hr color=#ccffcc size=2>
本商品（医薬品）をご購入された金額が、
<font color=""#ff0000"">ご自分と扶養家族の分も含めて年間で「合計１０万円（税込）」を超えた場合</font>
、確定申告をすることにより、所得税が一部還付されたり、翌年の住民税が減額される制度があります。<br>
詳しくは厚生労働省か、最寄りの関係機関へお問い合わせください。
</font></td></tr></table>
<table border=0 width=380><tr><td><font style=""font-size:14px;line-height:1.2;"">
<hr color=#ccffcc size=2><font color=#0066ff>◆</font><b>特  長</b><font color=#0066ff>◆</font><hr color=#ccffcc size=2>ネージュホワイト（4958118300016）が、ビタミンＣ増量でパワーアップ！！<br>１日量中、L- システイン 240mg、アスコルビン酸（ビタミンＣ）500mg、パントテン酸カルシウム 24mgを配合したＬ－システイン製剤（※第三類医薬品）。約４０日分で割安お得！<br>肌や体の代謝を助ける働きがあり、シミ・そばかす、にきびなどの肌トラブルや疲れ・だるさといった全身倦怠に優れた効果を発揮します。<br>また、二日酔いの原因物質の分解を助ける酵素を活性化し、症状を改善します。<br>


<hr><font color=""#cc0000"" style=""font-size:18px;line-height:1.2;""><b>

【只今キャンペーン中】本商品を１個お買い上げ毎に、「システマ 歯ブラシ」をおまかせで３つプレゼント！<br>もちろん、まとめ買いされたりセットをご購入されますと、その内容に応じて特典が増えますよ～！<br>
※カラー・毛先の硬さ・種類は選べません。　見本の画像とちがう商品が届く場合もあります。

</b></font>


<hr color=#ccffcc size=2><font color=#0066ff>◆</font><b>メーカー</b>（※製造国又は原産国：日本）<font color=#0066ff>◆</font><hr color=#ccffcc size=2>日本ビタミン化学株式会社<br>〒939-2243 富山県富山市中大久保196-11<br>お問い合わせ先 ： 076-467-5200<br>受付時間 ： 9：00～12：00、13：00～17：00（土・日・祝祭日を除く）<hr color=#ccffcc size=2><font color=#0066ff>◆</font><b>効果・効能</b><font color=#0066ff>◆</font><hr color=#ccffcc size=2>●しみ、そばかす、日やけなどの色素沈着症<br>●全身倦怠<br>●二日酔<br>●にきび、湿疹、じんましん、かぶれ、くすりまけ<hr color=#ccffcc size=2><font color=#0066ff>◆</font><b>用法・用量</b><font color=#0066ff>◆</font><hr color=#ccffcc size=2>１５歳以上　　　　 　　    １回　２錠　（１日　３回）<br>　７歳以上１５歳未満　　１回　１錠　（１日　３回）<br>　７歳未満　 　　　　　　  服用しないでください<br><br>※用法・用量に関連する注意<br>（1）用法・用量を厳守してください。<br>（2）食前・食後にかかわらず、いつでも服用できます。<br>（3）小児に服用させる場合には、保護者の指導監督のもとに服用させてください。<br>
<br>※使用上の注意<br>
●相談すること<br>
（1）服用後、次の症状があらわれた場合は副作用の可能性があるので、直ちに服用を中止し、この文書を持って医師、薬剤師又は登録販売者に相談してください。<br>
　関係部位：症状<br>
　皮膚　　：発疹<br>
　消化器　：吐き気・嘔吐・腹痛<br>
（2）服用後、次の症状があらわれることがあるので、このような症状の持続又は増強が見られた場合には、服用を中止し、医師、薬剤師、又は登録販売者に相談してください。<br>
　下痢<br>
（3）しばらく服用しても症状がよくならない場合は服用を中止し、この文書を持って医師、薬剤師又は登録販売者に相談してください。
<hr color=#ccffcc size=2><font color=#0066ff>◆</font><b>成　分</b><font color=#0066ff>◆</font><hr color=#ccffcc size=2>１日量（６錠）中<br>L-システイン240mg、アスコルビン酸（ビタミンＣ）500mg、パントテン酸カルシウム24mg<br>添加物として、アラビアゴム、カルナウバロウ、還元麦芽糖水アメ、ケイ酸Ｃａ、酸化チタン、ステアリン酸Ｍｇ、セラック、ゼラチン、セルロース、タルク、炭酸Ca、乳酸Ca、白糖、ヒドロキシプロピルセルロース、リン酸水素Ca、カルメロースCａを含有する。<br><br>●L-システイン：アミノ酸の１種で代謝酵素の活性を高め、メラニン色素の発生を抑えます。<br>●アスコルビン酸（ビタミンC）：しみ・そばかす・日やけなどの色素沈着を改善します。<br>●パントテン酸カルシウム：疲労を防ぎます。<br><br>※成分・分量に関連する注意<br>本剤の服用により尿及び大便の検査値が影響を受けることがあります。医師の検査を受ける場合は、ビタミンＣを含有する製剤を服用していることを医師にお知らせください。<hr color=#ccffcc size=2><font color=#0066ff>◆</font><b>保管上の注意</b><font color=#0066ff>◆</font><hr color=#ccffcc size=2>
（1）直射日光の当たらない湿気の少ない涼しい所に密栓して保管してください。<br>
（2）小児の手の届かない所に保管してください。<br>
（3）他の容器に入れ替えないでください。誤用の原因になったり、品質が変わるおそれがあります。<br>
（4）使用期限をすぎた製品は、使用しないでください。 <br>
（5）容器の開封日記入欄に、開封した日付を記入してください。<br>
※その他、医薬品は使用上の注意をよく読んだ上で、それに従い適切に使用して下さい。<br>※ページ内で特に記載が無い場合、使用期限１年以上の商品をお届けしております。

<!--info_txt-->

</font></td></tr></table>
<table width=""380"" border=""0"" style=""font-size:14px;line-height:1.2;""><tr><td><hr>
※添付文書←<font color=#ff0000><b>詳細の商品情報はこちら</b></font>
<hr><font color=""#ff0000""><b>【お客様へ】</b></font>お薬に関するご相談がございましたら、<b>こちら</b>へお問い合わせください。</td></tr></table>
<table border=0 width=380 style=""font-size:12px;line-height:1.2;""><tr><td><font color=#000088><hr>※パッケージデザイン等が予告なく変更される場合もあります。<br>※商品廃番・メーカー欠品など諸事情によりお届けできない場合がございます。<hr></font></td></tr></table>
<table border=0 width=380 style=""font-size:12px;line-height:1.2;""><tr><td>商品区分：【第3類医薬品】<br>【広告文責】株式会社メディスンプラス：0120-205-904 ※休業日 土日・祝祭日<br>文責者名：稗圃 賢輔（管理薬剤師）</td></tr></table><!-- ▼左フロートバナー 表示 CSS & TAG セット -->
<link rel=""stylesheet"" href=""http://www.rakuten.ne.jp/gold/medistock/css_flt/fb_l_r.css"" type=""text/css"" />
<div id=""flt_l1""></div>
<!--Ｗオマケ-->
<div id=""flt_l2""></div>
<!--還元 Q10-->
<div id=""flt_l3""></div>
<!--ワゴンセール-->
<div id=""flt_l4""></div>
<!--送料無料-->
<div id=""flt_l5""></div>
<!-- Mプラ -->
<div id=""flt_l6""></div>
<!-- none -->
<div id=""flt_l7""></div>
<!-- ▲左フロートバナー 表示 CSS & TAG セット -->

<!-- ▼右フロートバナー 表示 CSS & TAG セット -->
<link rel=""stylesheet"" href=""http://www.rakuten.ne.jp/gold/medistock/css_flt/fb_r_m.css"" type=""text/css"" />
<!--プレ EXP-->
<div id=""flt_r1""></div>
<!--プレ レバ-->
<div id=""flt_r2""></div>
<!--花粉特集-->
<div id=""flt_r3""></div>
<!--なし-->
<div id=""flt_r4""></div>
<!--なし-->
<div id=""flt_r5""></div>
<!--ビタ ワゴン-->
<!--ゴールドA-->
<div id=""flt_r6""></div>
<!--なし-->
<div id=""flt_r7""></div>
<!-- ▲右フロートバナー 表示 CSS & TAG セット -->


<!-- ▼スライド -->
<center>
<div style=""width:710px; border:1px solid #fbc; padding:5px; margin-bottom:5px; background:#fff;"">

</div>
</center>
<!-- ▲スライド -->

<!--▼項目選択-->

<br>
<!--▲項目選択-->

<style type=""text/css"">
<!--
/*
body {
background-image:url(http://image.rakuten.co.jp/anshin-relief/cabinet/relief/tate150501rr.gif);
background-repeat:repeat-y;
background-position: right top;
}
*/
-->
</style>


<table width=""730"" border=""0""><tr><td align=""center"">

	<div><img src=""http://image.rakuten.co.jp/medistock/cabinet/hd/sp.gif"" height=""20""></div>



	<div><img src=""http://image.rakuten.co.jp/medistock/cabinet/banner/170520m.gif"" width=""468"" alt=""エントリー"" border=""0""></div>
	<div><img src=""http://image.rakuten.co.jp/medistock/cabinet/hd/sp.gif"" height=""5""></div>




	<div><img src=""http://image.rakuten.co.jp/medistock/cabinet/banner/1704win.jpg"" width=""468"" alt=""エントリー"" border=""0""></div>
	<div><img src=""http://image.rakuten.co.jp/medistock/cabinet/hd/sp.gif"" height=""5""></div>




	<div><img src=""http://image.rakuten.co.jp/medistock/cabinet/banner/160801ls.gif"" width=""468"" alt=""エントリー"" border=""0""></div>
	<div><img src=""http://image.rakuten.co.jp/medistock/cabinet/hd/sp.gif"" height=""5""></div>


	<div><img src=""http://image.rakuten.co.jp/medistock/cabinet/banner/160118pt7.jpg"" width=""468"" alt=""エントリー"" border=""0""></div>
	<div><img src=""http://image.rakuten.co.jp/medistock/cabinet/hd/sp.gif"" height=""5""></div>



	<div><img src=""http://image.rakuten.co.jp/medistock/cabinet/banner/160801nua.jpg"" width=""468"" alt=""エントリー"" border=""0""></div>
	<div><img src=""http://image.rakuten.co.jp/medistock/cabinet/hd/sp.gif"" height=""5""></div>


	<div><img src=""http://image.rakuten.co.jp/medistock/cabinet/banner/160506rgw.jpg"" width=""468"" alt=""エントリー"" border=""0""></div>
	<div><img src=""http://image.rakuten.co.jp/medistock/cabinet/hd/sp.gif"" height=""5""></div>







	<div><img src=""http://image.rakuten.co.jp/medistock/cabinet/banner/161201tb05p.jpg"" width=""468"" alt=""ツールバーPt2"" border=""0""></div>
	<div><img src=""http://image.rakuten.co.jp/medistock/cabinet/hd/sp.gif"" height=""5""></div>



	<div><img src=""http://image.rakuten.co.jp/medistock/cabinet/banner/160601tb10.jpg"" width=""468"" alt=""初ツールバー"" border=""0""></div>
	<div><img src=""http://image.rakuten.co.jp/medistock/cabinet/hd/sp.gif"" height=""5""></div>



	<div><img src=""http://image.rakuten.co.jp/medistock/cabinet/banner/151101app.jpg"" width=""468"" alt=""エントリー"" border=""0""></div>
	<div><img src=""http://image.rakuten.co.jp/medistock/cabinet/hd/sp.gif"" height=""5""></div>






<div><img src=""http://image.rakuten.co.jp/medistock/cabinet/p_img/bn_ato.gif"" width=""468"" alt=""ＮＰ後払い"" border=""0""></div>
<div><img src=""http://image.rakuten.co.jp/medistock/cabinet/hd/sp.gif"" height=""5""></div>


</td></tr></table>",【第3類医薬品】なんと！あの 【ビタトレール】 ビタトレール ネージュホワイトプラス（Ｌ-システイン製剤） 240錠 が&ldquo;５個セット＝合計200日分&rdquo;なら送料無料でお得！しかも毎日ポイント２倍！【RCP】【02P03Dec16】：あんしん通販　リリーフ,【第3類医薬品】なんと！あの 【ビタトレール】 ビタトレール ネージュホワイトプラス（Ｌ-システイン製剤） 240錠 が&ldquo;５個セット＝合計200日分&rdquo;なら送料無料でお得！しかも毎日ポイント２倍！【RCP】【02P03Dec16】,【第3類医薬品】なんと！あの 【ビタトレール】 ビタトレール ネージュホワイトプラス（Ｌ-システイン製剤） 240錠 が&ldquo;５個セット＝合計200日分&rdquo;なら送料無料でお得！しかも毎日ポイント２倍！【RCP】【02P03Dec16】[rn]
28-87575,http://tshop.r10s.jp/anshin-relief/cabinet/rsv/4958118300030x4.jpg?fitin=700:700,5862.4000,,,【第3類医薬品】なんと！あの 【ビタトレール】 ビタトレール ネージュホワイトプラス（Ｌ-システイン製剤） 240錠 が“４個セット＝合計160日分”なら送料無料でお得！しかも毎日ポイント２倍！【RCP】【02P03Dec16】,,"<a name=""ptop""></a>
<div class=""hdtxt"">ビタトレール ネージュホワイトプラス（Plus）続けることが大切だからいつも得々価格</div>
<div id=""nwp001""> </div>
<div id=""nwp101""> </div>
<div id=""nwp102""> </div>
<div id=""nwp103""> </div>
<div id=""nwp104""> </div>
<div id=""nwp105""> </div>
<div id=""nwp106""> </div>
<div id=""nwp107""> </div>
<div id=""nwp108""> </div>
<div id=""nwp109""> </div>
<div id=""nwp110""> </div>
<div id=""nwp201""> </div>
<div id=""nwp202""> </div>
<div id=""nwp203""> </div>
<div id=""nwp204""> </div>
<div id=""nwp205""> </div>
<div id=""nwp206""> </div>
<div id=""nwp207""> </div>
<div class=""hdtxt"">
しみ・そばかすが気になる。日焼け対策に備えたい。お肌の調子を整えたい。にきび対策のアイテムを探している。じんましん、かぶれに効く医薬品を探している。
二日酔い対策の品を探している。お酒に弱い。毎日なんだか疲れる。倦怠感をなんとかしたい。
効能効果　１）しみ・そばかす、日焼けなど色素沈着症　２）全身倦怠　３）二日酔い　４）にきび、湿疹、じんましん、かぶれ、くすりまけ
ビタトレールのネージュホワイト、絶好調。Ｌ-システインの配合量は、納得の１日量中２４０mg配合。しかも容量も大きくて割安お得。経済的なお値段設定、これなら続けられる！２０１０年に発売されて以来、おかげさまで５万個突破と大ヒット中。このネージュホワイト、実は既に世界進出もしておりまして、東南アジアを中心に発売中～。
さてさて、お肌にうれしい成分として、すっかり定着したＬ-システインのお薬。
実は、もともと「二日酔い・全身倦怠に効果を発揮」するために開発されたお薬であることをご存知ですか。
二日酔いとは、アルコールが代謝されてできるアセトアルデヒトという物質が原因。
本来ならアセトアルデヒドは、体内の解毒役である肝臓で分解されて、やがて症状は沈静化するのですが・・・ヒトによってかかる時間は様々。
そこでＬ-システイン。アルコールとアセトアルデヒトを分解する酵素（ＳＨ酵素）を支援する役割をして、肝臓をサポートしてくれるわけですね。日本薬局方解説書第16改正
日本人はよく「お酒に弱い」と言われますが、それはアセトアルデヒトを分解する酵素の分泌が体質的に少ないから。というわけで、Ｌ-システインは「日本人のためのお薬」と呼べるかもしれません。
Ｌ-システインとは、実はタンパク質の一種、つまりアミノ酸です。ヒトのカラダを構成し、新陳代謝をになう、大変重要な栄養素。だから、お肌はもちろんのこと、全身倦怠に効く効能効果がある
新陳代謝をうながすＬ-システインと、コラーゲン生成を促すビタミンＣはお肌への働きの点で、とーっても相性のいい成分。よりお肌にいいお薬を目指して。
それがネージュホワイトプラスになって、「よりお肌にいいお薬」を目指してビタミンＣの配合量を増量（プラス）！
そこで、Ｌ-システインの出番。Ｌ-システインの働きは、お肌の新陳代謝を活性化し、メラニンの排泄を促すだけではありません。過剰なメラニンの生成を抑制し、既にできてしまったメラニンを無色化する働きも発揮してくれます。
お肌を構成するコラーゲンを生成を促すビタミンＣも、カラダの内から外へと色素が沈着した細胞を押し出す役目をしてくれます。メラノサイト。メラニンは薄くなり、外へ押し出される。
さらに“第３の成分”として「パントテン酸カルシウムCa」も配合。ビタミンＢ群の一種「ビタミンＢ５」。人体の中でエネルギーとなるコエンザイムＱ１０（CoQ10）を構成する成分。
某有名商品と同じ配合量。４０日分！じっくり取り組みたい方に、割安お得！</div>
<a name=""pbtm""></a>
<!--info_txt--><table border=0 width=380><tr><td><font style=""font-size:14px;line-height:1.2;"">
<hr color=#ccffcc size=2><font style=""font-size:22px;"">活用しよう「医療費控除制度」！</font><hr color=#ccffcc size=2>
本商品（医薬品）をご購入された金額が、
<font color=""#ff0000"">ご自分と扶養家族の分も含めて年間で「合計１０万円（税込）」を超えた場合</font>
、確定申告をすることにより、所得税が一部還付されたり、翌年の住民税が減額される制度があります。<br>
詳しくは厚生労働省か、最寄りの関係機関へお問い合わせください。
</font></td></tr></table>
<table border=0 width=380><tr><td><font style=""font-size:14px;line-height:1.2;"">
<hr color=#ccffcc size=2><font color=#0066ff>◆</font><b>特  長</b><font color=#0066ff>◆</font><hr color=#ccffcc size=2>ネージュホワイト（4958118300016）が、ビタミンＣ増量でパワーアップ！！<br>１日量中、L- システイン 240mg、アスコルビン酸（ビタミンＣ）500mg、パントテン酸カルシウム 24mgを配合したＬ－システイン製剤（※第三類医薬品）。約４０日分で割安お得！<br>肌や体の代謝を助ける働きがあり、シミ・そばかす、にきびなどの肌トラブルや疲れ・だるさといった全身倦怠に優れた効果を発揮します。<br>また、二日酔いの原因物質の分解を助ける酵素を活性化し、症状を改善します。<br>


<hr><font color=""#cc0000"" style=""font-size:18px;line-height:1.2;""><b>

【只今キャンペーン中】本商品を１個お買い上げ毎に、「システマ 歯ブラシ」をおまかせで３つプレゼント！<br>もちろん、まとめ買いされたりセットをご購入されますと、その内容に応じて特典が増えますよ～！<br>
※カラー・毛先の硬さ・種類は選べません。　見本の画像とちがう商品が届く場合もあります。

</b></font>


<hr color=#ccffcc size=2><font color=#0066ff>◆</font><b>メーカー</b>（※製造国又は原産国：日本）<font color=#0066ff>◆</font><hr color=#ccffcc size=2>日本ビタミン化学株式会社<br>〒939-2243 富山県富山市中大久保196-11<br>お問い合わせ先 ： 076-467-5200<br>受付時間 ： 9：00～12：00、13：00～17：00（土・日・祝祭日を除く）<hr color=#ccffcc size=2><font color=#0066ff>◆</font><b>効果・効能</b><font color=#0066ff>◆</font><hr color=#ccffcc size=2>●しみ、そばかす、日やけなどの色素沈着症<br>●全身倦怠<br>●二日酔<br>●にきび、湿疹、じんましん、かぶれ、くすりまけ<hr color=#ccffcc size=2><font color=#0066ff>◆</font><b>用法・用量</b><font color=#0066ff>◆</font><hr color=#ccffcc size=2>１５歳以上　　　　 　　    １回　２錠　（１日　３回）<br>　７歳以上１５歳未満　　１回　１錠　（１日　３回）<br>　７歳未満　 　　　　　　  服用しないでください<br><br>※用法・用量に関連する注意<br>（1）用法・用量を厳守してください。<br>（2）食前・食後にかかわらず、いつでも服用できます。<br>（3）小児に服用させる場合には、保護者の指導監督のもとに服用させてください。<br>
<br>※使用上の注意<br>
●相談すること<br>
（1）服用後、次の症状があらわれた場合は副作用の可能性があるので、直ちに服用を中止し、この文書を持って医師、薬剤師又は登録販売者に相談してください。<br>
　関係部位：症状<br>
　皮膚　　：発疹<br>
　消化器　：吐き気・嘔吐・腹痛<br>
（2）服用後、次の症状があらわれることがあるので、このような症状の持続又は増強が見られた場合には、服用を中止し、医師、薬剤師、又は登録販売者に相談してください。<br>
　下痢<br>
（3）しばらく服用しても症状がよくならない場合は服用を中止し、この文書を持って医師、薬剤師又は登録販売者に相談してください。
<hr color=#ccffcc size=2><font color=#0066ff>◆</font><b>成　分</b><font color=#0066ff>◆</font><hr color=#ccffcc size=2>１日量（６錠）中<br>L-システイン240mg、アスコルビン酸（ビタミンＣ）500mg、パントテン酸カルシウム24mg<br>添加物として、アラビアゴム、カルナウバロウ、還元麦芽糖水アメ、ケイ酸Ｃａ、酸化チタン、ステアリン酸Ｍｇ、セラック、ゼラチン、セルロース、タルク、炭酸Ca、乳酸Ca、白糖、ヒドロキシプロピルセルロース、リン酸水素Ca、カルメロースCａを含有する。<br><br>●L-システイン：アミノ酸の１種で代謝酵素の活性を高め、メラニン色素の発生を抑えます。<br>●アスコルビン酸（ビタミンC）：しみ・そばかす・日やけなどの色素沈着を改善します。<br>●パントテン酸カルシウム：疲労を防ぎます。<br><br>※成分・分量に関連する注意<br>本剤の服用により尿及び大便の検査値が影響を受けることがあります。医師の検査を受ける場合は、ビタミンＣを含有する製剤を服用していることを医師にお知らせください。<hr color=#ccffcc size=2><font color=#0066ff>◆</font><b>保管上の注意</b><font color=#0066ff>◆</font><hr color=#ccffcc size=2>
（1）直射日光の当たらない湿気の少ない涼しい所に密栓して保管してください。<br>
（2）小児の手の届かない所に保管してください。<br>
（3）他の容器に入れ替えないでください。誤用の原因になったり、品質が変わるおそれがあります。<br>
（4）使用期限をすぎた製品は、使用しないでください。 <br>
（5）容器の開封日記入欄に、開封した日付を記入してください。<br>
※その他、医薬品は使用上の注意をよく読んだ上で、それに従い適切に使用して下さい。<br>※ページ内で特に記載が無い場合、使用期限１年以上の商品をお届けしております。

<!--info_txt-->

</font></td></tr></table>
<table width=""380"" border=""0"" style=""font-size:14px;line-height:1.2;""><tr><td><hr>
※添付文書←<font color=#ff0000><b>詳細の商品情報はこちら</b></font>
<hr><font color=""#ff0000""><b>【お客様へ】</b></font>お薬に関するご相談がございましたら、<b>こちら</b>へお問い合わせください。</td></tr></table>
<table border=0 width=380 style=""font-size:12px;line-height:1.2;""><tr><td><font color=#000088><hr>※パッケージデザイン等が予告なく変更される場合もあります。<br>※商品廃番・メーカー欠品など諸事情によりお届けできない場合がございます。<hr></font></td></tr></table>
<table border=0 width=380 style=""font-size:12px;line-height:1.2;""><tr><td>商品区分：【第3類医薬品】<br>【広告文責】株式会社メディスンプラス：0120-205-904 ※休業日 土日・祝祭日<br>文責者名：稗圃 賢輔（管理薬剤師）</td></tr></table><!-- ▼左フロートバナー 表示 CSS & TAG セット -->
<link rel=""stylesheet"" href=""http://www.rakuten.ne.jp/gold/medistock/css_flt/fb_l_r.css"" type=""text/css"" />
<div id=""flt_l1""></div>
<!--Ｗオマケ-->
<div id=""flt_l2""></div>
<!--還元 Q10-->
<div id=""flt_l3""></div>
<!--ワゴンセール-->
<div id=""flt_l4""></div>
<!--送料無料-->
<div id=""flt_l5""></div>
<!-- Mプラ -->
<div id=""flt_l6""></div>
<!-- none -->
<div id=""flt_l7""></div>
<!-- ▲左フロートバナー 表示 CSS & TAG セット -->

<!-- ▼右フロートバナー 表示 CSS & TAG セット -->
<link rel=""stylesheet"" href=""http://www.rakuten.ne.jp/gold/medistock/css_flt/fb_r_m.css"" type=""text/css"" />
<!--プレ EXP-->
<div id=""flt_r1""></div>
<!--プレ レバ-->
<div id=""flt_r2""></div>
<!--花粉特集-->
<div id=""flt_r3""></div>
<!--なし-->
<div id=""flt_r4""></div>
<!--なし-->
<div id=""flt_r5""></div>
<!--ビタ ワゴン-->
<!--ゴールドA-->
<div id=""flt_r6""></div>
<!--なし-->
<div id=""flt_r7""></div>
<!-- ▲右フロートバナー 表示 CSS & TAG セット -->


<!-- ▼スライド -->
<center>
<div style=""width:710px; border:1px solid #fbc; padding:5px; margin-bottom:5px; background:#fff;"">

</div>
</center>
<!-- ▲スライド -->

<!--▼項目選択-->

<br>
<!--▲項目選択-->

<style type=""text/css"">
<!--
/*
body {
background-image:url(http://image.rakuten.co.jp/anshin-relief/cabinet/relief/tate150501rr.gif);
background-repeat:repeat-y;
background-position: right top;
}
*/
-->
</style>


<table width=""730"" border=""0""><tr><td align=""center"">

	<div><img src=""http://image.rakuten.co.jp/medistock/cabinet/hd/sp.gif"" height=""20""></div>



	<div><img src=""http://image.rakuten.co.jp/medistock/cabinet/banner/170520m.gif"" width=""468"" alt=""エントリー"" border=""0""></div>
	<div><img src=""http://image.rakuten.co.jp/medistock/cabinet/hd/sp.gif"" height=""5""></div>




	<div><img src=""http://image.rakuten.co.jp/medistock/cabinet/banner/1704win.jpg"" width=""468"" alt=""エントリー"" border=""0""></div>
	<div><img src=""http://image.rakuten.co.jp/medistock/cabinet/hd/sp.gif"" height=""5""></div>




	<div><img src=""http://image.rakuten.co.jp/medistock/cabinet/banner/160801ls.gif"" width=""468"" alt=""エントリー"" border=""0""></div>
	<div><img src=""http://image.rakuten.co.jp/medistock/cabinet/hd/sp.gif"" height=""5""></div>


	<div><img src=""http://image.rakuten.co.jp/medistock/cabinet/banner/160118pt7.jpg"" width=""468"" alt=""エントリー"" border=""0""></div>
	<div><img src=""http://image.rakuten.co.jp/medistock/cabinet/hd/sp.gif"" height=""5""></div>



	<div><img src=""http://image.rakuten.co.jp/medistock/cabinet/banner/160801nua.jpg"" width=""468"" alt=""エントリー"" border=""0""></div>
	<div><img src=""http://image.rakuten.co.jp/medistock/cabinet/hd/sp.gif"" height=""5""></div>


	<div><img src=""http://image.rakuten.co.jp/medistock/cabinet/banner/160506rgw.jpg"" width=""468"" alt=""エントリー"" border=""0""></div>
	<div><img src=""http://image.rakuten.co.jp/medistock/cabinet/hd/sp.gif"" height=""5""></div>







	<div><img src=""http://image.rakuten.co.jp/medistock/cabinet/banner/161201tb05p.jpg"" width=""468"" alt=""ツールバーPt2"" border=""0""></div>
	<div><img src=""http://image.rakuten.co.jp/medistock/cabinet/hd/sp.gif"" height=""5""></div>



	<div><img src=""http://image.rakuten.co.jp/medistock/cabinet/banner/160601tb10.jpg"" width=""468"" alt=""初ツールバー"" border=""0""></div>
	<div><img src=""http://image.rakuten.co.jp/medistock/cabinet/hd/sp.gif"" height=""5""></div>



	<div><img src=""http://image.rakuten.co.jp/medistock/cabinet/banner/151101app.jpg"" width=""468"" alt=""エントリー"" border=""0""></div>
	<div><img src=""http://image.rakuten.co.jp/medistock/cabinet/hd/sp.gif"" height=""5""></div>






<div><img src=""http://image.rakuten.co.jp/medistock/cabinet/p_img/bn_ato.gif"" width=""468"" alt=""ＮＰ後払い"" border=""0""></div>
<div><img src=""http://image.rakuten.co.jp/medistock/cabinet/hd/sp.gif"" height=""5""></div>


</td></tr></table>",【第3類医薬品】なんと！あの 【ビタトレール】 ビタトレール ネージュホワイトプラス（Ｌ-システイン製剤） 240錠 が&ldquo;４個セット＝合計160日分&rdquo;なら送料無料でお得！しかも毎日ポイント２倍！【RCP】【02P03Dec16】：あんしん通販　リリーフ,【第3類医薬品】なんと！あの 【ビタトレール】 ビタトレール ネージュホワイトプラス（Ｌ-システイン製剤） 240錠 が&ldquo;４個セット＝合計160日分&rdquo;なら送料無料でお得！しかも毎日ポイント２倍！【RCP】【02P03Dec16】,【第3類医薬品】なんと！あの 【ビタトレール】 ビタトレール ネージュホワイトプラス（Ｌ-システイン製剤） 240錠 が&ldquo;４個セット＝合計160日分&rdquo;なら送料無料でお得！しかも毎日ポイント２倍！【RCP】【02P03Dec16】[rn]
28-87576,http://tshop.r10s.jp/anshin-relief/cabinet/rsv/4958118300030x2.jpg?fitin=700:700,2931.2000,,,【第3類医薬品】なんと！あの 【ビタトレール】 ビタトレール ネージュホワイトプラス（Ｌ-システイン製剤） 240錠 が“２個セット＝合計80日分”なら送料無料でお得！しかも毎日ポイント２倍！【RCP】【02P03Dec16】,,"<a name=""ptop""></a>
<div class=""hdtxt"">ビタトレール ネージュホワイトプラス（Plus）続けることが大切だからいつも得々価格</div>
<div id=""nwp001""> </div>
<div id=""nwp101""> </div>
<div id=""nwp102""> </div>
<div id=""nwp103""> </div>
<div id=""nwp104""> </div>
<div id=""nwp105""> </div>
<div id=""nwp106""> </div>
<div id=""nwp107""> </div>
<div id=""nwp108""> </div>
<div id=""nwp109""> </div>
<div id=""nwp110""> </div>
<div id=""nwp201""> </div>
<div id=""nwp202""> </div>
<div id=""nwp203""> </div>
<div id=""nwp204""> </div>
<div id=""nwp205""> </div>
<div id=""nwp206""> </div>
<div id=""nwp207""> </div>
<div class=""hdtxt"">
しみ・そばかすが気になる。日焼け対策に備えたい。お肌の調子を整えたい。にきび対策のアイテムを探している。じんましん、かぶれに効く医薬品を探している。
二日酔い対策の品を探している。お酒に弱い。毎日なんだか疲れる。倦怠感をなんとかしたい。
効能効果　１）しみ・そばかす、日焼けなど色素沈着症　２）全身倦怠　３）二日酔い　４）にきび、湿疹、じんましん、かぶれ、くすりまけ
ビタトレールのネージュホワイト、絶好調。Ｌ-システインの配合量は、納得の１日量中２４０mg配合。しかも容量も大きくて割安お得。経済的なお値段設定、これなら続けられる！２０１０年に発売されて以来、おかげさまで５万個突破と大ヒット中。このネージュホワイト、実は既に世界進出もしておりまして、東南アジアを中心に発売中～。
さてさて、お肌にうれしい成分として、すっかり定着したＬ-システインのお薬。
実は、もともと「二日酔い・全身倦怠に効果を発揮」するために開発されたお薬であることをご存知ですか。
二日酔いとは、アルコールが代謝されてできるアセトアルデヒトという物質が原因。
本来ならアセトアルデヒドは、体内の解毒役である肝臓で分解されて、やがて症状は沈静化するのですが・・・ヒトによってかかる時間は様々。
そこでＬ-システイン。アルコールとアセトアルデヒトを分解する酵素（ＳＨ酵素）を支援する役割をして、肝臓をサポートしてくれるわけですね。日本薬局方解説書第16改正
日本人はよく「お酒に弱い」と言われますが、それはアセトアルデヒトを分解する酵素の分泌が体質的に少ないから。というわけで、Ｌ-システインは「日本人のためのお薬」と呼べるかもしれません。
Ｌ-システインとは、実はタンパク質の一種、つまりアミノ酸です。ヒトのカラダを構成し、新陳代謝をになう、大変重要な栄養素。だから、お肌はもちろんのこと、全身倦怠に効く効能効果がある
新陳代謝をうながすＬ-システインと、コラーゲン生成を促すビタミンＣはお肌への働きの点で、とーっても相性のいい成分。よりお肌にいいお薬を目指して。
それがネージュホワイトプラスになって、「よりお肌にいいお薬」を目指してビタミンＣの配合量を増量（プラス）！
そこで、Ｌ-システインの出番。Ｌ-システインの働きは、お肌の新陳代謝を活性化し、メラニンの排泄を促すだけではありません。過剰なメラニンの生成を抑制し、既にできてしまったメラニンを無色化する働きも発揮してくれます。
お肌を構成するコラーゲンを生成を促すビタミンＣも、カラダの内から外へと色素が沈着した細胞を押し出す役目をしてくれます。メラノサイト。メラニンは薄くなり、外へ押し出される。
さらに“第３の成分”として「パントテン酸カルシウムCa」も配合。ビタミンＢ群の一種「ビタミンＢ５」。人体の中でエネルギーとなるコエンザイムＱ１０（CoQ10）を構成する成分。
某有名商品と同じ配合量。４０日分！じっくり取り組みたい方に、割安お得！</div>
<a name=""pbtm""></a>
<!--info_txt--><table border=0 width=380><tr><td><font style=""font-size:14px;line-height:1.2;"">
<hr color=#ccffcc size=2><font style=""font-size:22px;"">活用しよう「医療費控除制度」！</font><hr color=#ccffcc size=2>
本商品（医薬品）をご購入された金額が、
<font color=""#ff0000"">ご自分と扶養家族の分も含めて年間で「合計１０万円（税込）」を超えた場合</font>
、確定申告をすることにより、所得税が一部還付されたり、翌年の住民税が減額される制度があります。<br>
詳しくは厚生労働省か、最寄りの関係機関へお問い合わせください。
</font></td></tr></table>
<table border=0 width=380><tr><td><font style=""font-size:14px;line-height:1.2;"">
<hr color=#ccffcc size=2><font color=#0066ff>◆</font><b>特  長</b><font color=#0066ff>◆</font><hr color=#ccffcc size=2>ネージュホワイト（4958118300016）が、ビタミンＣ増量でパワーアップ！！<br>１日量中、L- システイン 240mg、アスコルビン酸（ビタミンＣ）500mg、パントテン酸カルシウム 24mgを配合したＬ－システイン製剤（※第三類医薬品）。約４０日分で割安お得！<br>肌や体の代謝を助ける働きがあり、シミ・そばかす、にきびなどの肌トラブルや疲れ・だるさといった全身倦怠に優れた効果を発揮します。<br>また、二日酔いの原因物質の分解を助ける酵素を活性化し、症状を改善します。<br>


<hr><font color=""#cc0000"" style=""font-size:18px;line-height:1.2;""><b>

【只今キャンペーン中】本商品を１個お買い上げ毎に、「システマ 歯ブラシ」をおまかせで３つプレゼント！<br>もちろん、まとめ買いされたりセットをご購入されますと、その内容に応じて特典が増えますよ～！<br>
※カラー・毛先の硬さ・種類は選べません。　見本の画像とちがう商品が届く場合もあります。

</b></font>


<hr color=#ccffcc size=2><font color=#0066ff>◆</font><b>メーカー</b>（※製造国又は原産国：日本）<font color=#0066ff>◆</font><hr color=#ccffcc size=2>日本ビタミン化学株式会社<br>〒939-2243 富山県富山市中大久保196-11<br>お問い合わせ先 ： 076-467-5200<br>受付時間 ： 9：00～12：00、13：00～17：00（土・日・祝祭日を除く）<hr color=#ccffcc size=2><font color=#0066ff>◆</font><b>効果・効能</b><font color=#0066ff>◆</font><hr color=#ccffcc size=2>●しみ、そばかす、日やけなどの色素沈着症<br>●全身倦怠<br>●二日酔<br>●にきび、湿疹、じんましん、かぶれ、くすりまけ<hr color=#ccffcc size=2><font color=#0066ff>◆</font><b>用法・用量</b><font color=#0066ff>◆</font><hr color=#ccffcc size=2>１５歳以上　　　　 　　    １回　２錠　（１日　３回）<br>　７歳以上１５歳未満　　１回　１錠　（１日　３回）<br>　７歳未満　 　　　　　　  服用しないでください<br><br>※用法・用量に関連する注意<br>（1）用法・用量を厳守してください。<br>（2）食前・食後にかかわらず、いつでも服用できます。<br>（3）小児に服用させる場合には、保護者の指導監督のもとに服用させてください。<br>
<br>※使用上の注意<br>
●相談すること<br>
（1）服用後、次の症状があらわれた場合は副作用の可能性があるので、直ちに服用を中止し、この文書を持って医師、薬剤師又は登録販売者に相談してください。<br>
　関係部位：症状<br>
　皮膚　　：発疹<br>
　消化器　：吐き気・嘔吐・腹痛<br>
（2）服用後、次の症状があらわれることがあるので、このような症状の持続又は増強が見られた場合には、服用を中止し、医師、薬剤師、又は登録販売者に相談してください。<br>
　下痢<br>
（3）しばらく服用しても症状がよくならない場合は服用を中止し、この文書を持って医師、薬剤師又は登録販売者に相談してください。
<hr color=#ccffcc size=2><font color=#0066ff>◆</font><b>成　分</b><font color=#0066ff>◆</font><hr color=#ccffcc size=2>１日量（６錠）中<br>L-システイン240mg、アスコルビン酸（ビタミンＣ）500mg、パントテン酸カルシウム24mg<br>添加物として、アラビアゴム、カルナウバロウ、還元麦芽糖水アメ、ケイ酸Ｃａ、酸化チタン、ステアリン酸Ｍｇ、セラック、ゼラチン、セルロース、タルク、炭酸Ca、乳酸Ca、白糖、ヒドロキシプロピルセルロース、リン酸水素Ca、カルメロースCａを含有する。<br><br>●L-システイン：アミノ酸の１種で代謝酵素の活性を高め、メラニン色素の発生を抑えます。<br>●アスコルビン酸（ビタミンC）：しみ・そばかす・日やけなどの色素沈着を改善します。<br>●パントテン酸カルシウム：疲労を防ぎます。<br><br>※成分・分量に関連する注意<br>本剤の服用により尿及び大便の検査値が影響を受けることがあります。医師の検査を受ける場合は、ビタミンＣを含有する製剤を服用していることを医師にお知らせください。<hr color=#ccffcc size=2><font color=#0066ff>◆</font><b>保管上の注意</b><font color=#0066ff>◆</font><hr color=#ccffcc size=2>
（1）直射日光の当たらない湿気の少ない涼しい所に密栓して保管してください。<br>
（2）小児の手の届かない所に保管してください。<br>
（3）他の容器に入れ替えないでください。誤用の原因になったり、品質が変わるおそれがあります。<br>
（4）使用期限をすぎた製品は、使用しないでください。 <br>
（5）容器の開封日記入欄に、開封した日付を記入してください。<br>
※その他、医薬品は使用上の注意をよく読んだ上で、それに従い適切に使用して下さい。<br>※ページ内で特に記載が無い場合、使用期限１年以上の商品をお届けしております。

<!--info_txt-->

</font></td></tr></table>
<table width=""380"" border=""0"" style=""font-size:14px;line-height:1.2;""><tr><td><hr>
※添付文書←<font color=#ff0000><b>詳細の商品情報はこちら</b></font>
<hr><font color=""#ff0000""><b>【お客様へ】</b></font>お薬に関するご相談がございましたら、<b>こちら</b>へお問い合わせください。</td></tr></table>
<table border=0 width=380 style=""font-size:12px;line-height:1.2;""><tr><td><font color=#000088><hr>※パッケージデザイン等が予告なく変更される場合もあります。<br>※商品廃番・メーカー欠品など諸事情によりお届けできない場合がございます。<hr></font></td></tr></table>
<table border=0 width=380 style=""font-size:12px;line-height:1.2;""><tr><td>商品区分：【第3類医薬品】<br>【広告文責】株式会社メディスンプラス：0120-205-904 ※休業日 土日・祝祭日<br>文責者名：稗圃 賢輔（管理薬剤師）</td></tr></table><!-- ▼左フロートバナー 表示 CSS & TAG セット -->
<link rel=""stylesheet"" href=""http://www.rakuten.ne.jp/gold/medistock/css_flt/fb_l_r.css"" type=""text/css"" />
<div id=""flt_l1""></div>
<!--Ｗオマケ-->
<div id=""flt_l2""></div>
<!--還元 Q10-->
<div id=""flt_l3""></div>
<!--ワゴンセール-->
<div id=""flt_l4""></div>
<!--送料無料-->
<div id=""flt_l5""></div>
<!-- Mプラ -->
<div id=""flt_l6""></div>
<!-- none -->
<div id=""flt_l7""></div>
<!-- ▲左フロートバナー 表示 CSS & TAG セット -->

<!-- ▼右フロートバナー 表示 CSS & TAG セット -->
<link rel=""stylesheet"" href=""http://www.rakuten.ne.jp/gold/medistock/css_flt/fb_r_m.css"" type=""text/css"" />
<!--プレ EXP-->
<div id=""flt_r1""></div>
<!--プレ レバ-->
<div id=""flt_r2""></div>
<!--花粉特集-->
<div id=""flt_r3""></div>
<!--なし-->
<div id=""flt_r4""></div>
<!--なし-->
<div id=""flt_r5""></div>
<!--ビタ ワゴン-->
<!--ゴールドA-->
<div id=""flt_r6""></div>
<!--なし-->
<div id=""flt_r7""></div>
<!-- ▲右フロートバナー 表示 CSS & TAG セット -->


<!-- ▼スライド -->
<center>
<div style=""width:710px; border:1px solid #fbc; padding:5px; margin-bottom:5px; background:#fff;"">

</div>
</center>
<!-- ▲スライド -->

<!--▼項目選択-->

<br>
<!--▲項目選択-->

<style type=""text/css"">
<!--
/*
body {
background-image:url(http://image.rakuten.co.jp/anshin-relief/cabinet/relief/tate150501rr.gif);
background-repeat:repeat-y;
background-position: right top;
}
*/
-->
</style>


<table width=""730"" border=""0""><tr><td align=""center"">

	<div><img src=""http://image.rakuten.co.jp/medistock/cabinet/hd/sp.gif"" height=""20""></div>



	<div><img src=""http://image.rakuten.co.jp/medistock/cabinet/banner/170520m.gif"" width=""468"" alt=""エントリー"" border=""0""></div>
	<div><img src=""http://image.rakuten.co.jp/medistock/cabinet/hd/sp.gif"" height=""5""></div>




	<div><img src=""http://image.rakuten.co.jp/medistock/cabinet/banner/1704win.jpg"" width=""468"" alt=""エントリー"" border=""0""></div>
	<div><img src=""http://image.rakuten.co.jp/medistock/cabinet/hd/sp.gif"" height=""5""></div>




	<div><img src=""http://image.rakuten.co.jp/medistock/cabinet/banner/160801ls.gif"" width=""468"" alt=""エントリー"" border=""0""></div>
	<div><img src=""http://image.rakuten.co.jp/medistock/cabinet/hd/sp.gif"" height=""5""></div>


	<div><img src=""http://image.rakuten.co.jp/medistock/cabinet/banner/160118pt7.jpg"" width=""468"" alt=""エントリー"" border=""0""></div>
	<div><img src=""http://image.rakuten.co.jp/medistock/cabinet/hd/sp.gif"" height=""5""></div>



	<div><img src=""http://image.rakuten.co.jp/medistock/cabinet/banner/160801nua.jpg"" width=""468"" alt=""エントリー"" border=""0""></div>
	<div><img src=""http://image.rakuten.co.jp/medistock/cabinet/hd/sp.gif"" height=""5""></div>


	<div><img src=""http://image.rakuten.co.jp/medistock/cabinet/banner/160506rgw.jpg"" width=""468"" alt=""エントリー"" border=""0""></div>
	<div><img src=""http://image.rakuten.co.jp/medistock/cabinet/hd/sp.gif"" height=""5""></div>







	<div><img src=""http://image.rakuten.co.jp/medistock/cabinet/banner/161201tb05p.jpg"" width=""468"" alt=""ツールバーPt2"" border=""0""></div>
	<div><img src=""http://image.rakuten.co.jp/medistock/cabinet/hd/sp.gif"" height=""5""></div>



	<div><img src=""http://image.rakuten.co.jp/medistock/cabinet/banner/160601tb10.jpg"" width=""468"" alt=""初ツールバー"" border=""0""></div>
	<div><img src=""http://image.rakuten.co.jp/medistock/cabinet/hd/sp.gif"" height=""5""></div>



	<div><img src=""http://image.rakuten.co.jp/medistock/cabinet/banner/151101app.jpg"" width=""468"" alt=""エントリー"" border=""0""></div>
	<div><img src=""http://image.rakuten.co.jp/medistock/cabinet/hd/sp.gif"" height=""5""></div>






<div><img src=""http://image.rakuten.co.jp/medistock/cabinet/p_img/bn_ato.gif"" width=""468"" alt=""ＮＰ後払い"" border=""0""></div>
<div><img src=""http://image.rakuten.co.jp/medistock/cabinet/hd/sp.gif"" height=""5""></div>


</td></tr></table>",【第3類医薬品】なんと！あの 【ビタトレール】 ビタトレール ネージュホワイトプラス（Ｌ-システイン製剤） 240錠 が&ldquo;２個セット＝合計80日分&rdquo;なら送料無料でお得！しかも毎日ポイント２倍！【RCP】【02P03Dec16】：あんしん通販　リリーフ,【第3類医薬品】なんと！あの 【ビタトレール】 ビタトレール ネージュホワイトプラス（Ｌ-システイン製剤） 240錠 が&ldquo;２個セット＝合計80日分&rdquo;なら送料無料でお得！しかも毎日ポイント２倍！【RCP】【02P03Dec16】,【第3類医薬品】なんと！あの 【ビタトレール】 ビタトレール ネージュホワイトプラス（Ｌ-システイン製剤） 240錠 が&ldquo;２個セット＝合計80日分&rdquo;なら送料無料でお得！しかも毎日ポイント２倍！【RCP】【02P03Dec16】[rn]
28-87577,http://tshop.r10s.jp/anshin-relief/cabinet/rsv/4958118300030x3.jpg?fitin=700:700,4396.8000,,,【第3類医薬品】なんと！あの 【ビタトレール】 ビタトレール ネージュホワイトプラス（Ｌ-システイン製剤） 240錠 が“３個セット＝合計120日分”なら送料無料でお得！しかも毎日ポイント２倍！【RCP】【02P03Dec16】,,"<a name=""ptop""></a>
<div class=""hdtxt"">ビタトレール ネージュホワイトプラス（Plus）続けることが大切だからいつも得々価格</div>
<div id=""nwp001""> </div>
<div id=""nwp101""> </div>
<div id=""nwp102""> </div>
<div id=""nwp103""> </div>
<div id=""nwp104""> </div>
<div id=""nwp105""> </div>
<div id=""nwp106""> </div>
<div id=""nwp107""> </div>
<div id=""nwp108""> </div>
<div id=""nwp109""> </div>
<div id=""nwp110""> </div>
<div id=""nwp201""> </div>
<div id=""nwp202""> </div>
<div id=""nwp203""> </div>
<div id=""nwp204""> </div>
<div id=""nwp205""> </div>
<div id=""nwp206""> </div>
<div id=""nwp207""> </div>
<div class=""hdtxt"">
しみ・そばかすが気になる。日焼け対策に備えたい。お肌の調子を整えたい。にきび対策のアイテムを探している。じんましん、かぶれに効く医薬品を探している。
二日酔い対策の品を探している。お酒に弱い。毎日なんだか疲れる。倦怠感をなんとかしたい。
効能効果　１）しみ・そばかす、日焼けなど色素沈着症　２）全身倦怠　３）二日酔い　４）にきび、湿疹、じんましん、かぶれ、くすりまけ
ビタトレールのネージュホワイト、絶好調。Ｌ-システインの配合量は、納得の１日量中２４０mg配合。しかも容量も大きくて割安お得。経済的なお値段設定、これなら続けられる！２０１０年に発売されて以来、おかげさまで５万個突破と大ヒット中。このネージュホワイト、実は既に世界進出もしておりまして、東南アジアを中心に発売中～。
さてさて、お肌にうれしい成分として、すっかり定着したＬ-システインのお薬。
実は、もともと「二日酔い・全身倦怠に効果を発揮」するために開発されたお薬であることをご存知ですか。
二日酔いとは、アルコールが代謝されてできるアセトアルデヒトという物質が原因。
本来ならアセトアルデヒドは、体内の解毒役である肝臓で分解されて、やがて症状は沈静化するのですが・・・ヒトによってかかる時間は様々。
そこでＬ-システイン。アルコールとアセトアルデヒトを分解する酵素（ＳＨ酵素）を支援する役割をして、肝臓をサポートしてくれるわけですね。日本薬局方解説書第16改正
日本人はよく「お酒に弱い」と言われますが、それはアセトアルデヒトを分解する酵素の分泌が体質的に少ないから。というわけで、Ｌ-システインは「日本人のためのお薬」と呼べるかもしれません。
Ｌ-システインとは、実はタンパク質の一種、つまりアミノ酸です。ヒトのカラダを構成し、新陳代謝をになう、大変重要な栄養素。だから、お肌はもちろんのこと、全身倦怠に効く効能効果がある
新陳代謝をうながすＬ-システインと、コラーゲン生成を促すビタミンＣはお肌への働きの点で、とーっても相性のいい成分。よりお肌にいいお薬を目指して。
それがネージュホワイトプラスになって、「よりお肌にいいお薬」を目指してビタミンＣの配合量を増量（プラス）！
そこで、Ｌ-システインの出番。Ｌ-システインの働きは、お肌の新陳代謝を活性化し、メラニンの排泄を促すだけではありません。過剰なメラニンの生成を抑制し、既にできてしまったメラニンを無色化する働きも発揮してくれます。
お肌を構成するコラーゲンを生成を促すビタミンＣも、カラダの内から外へと色素が沈着した細胞を押し出す役目をしてくれます。メラノサイト。メラニンは薄くなり、外へ押し出される。
さらに“第３の成分”として「パントテン酸カルシウムCa」も配合。ビタミンＢ群の一種「ビタミンＢ５」。人体の中でエネルギーとなるコエンザイムＱ１０（CoQ10）を構成する成分。
某有名商品と同じ配合量。４０日分！じっくり取り組みたい方に、割安お得！</div>
<a name=""pbtm""></a>
<!--info_txt--><table border=0 width=380><tr><td><font style=""font-size:14px;line-height:1.2;"">
<hr color=#ccffcc size=2><font style=""font-size:22px;"">活用しよう「医療費控除制度」！</font><hr color=#ccffcc size=2>
本商品（医薬品）をご購入された金額が、
<font color=""#ff0000"">ご自分と扶養家族の分も含めて年間で「合計１０万円（税込）」を超えた場合</font>
、確定申告をすることにより、所得税が一部還付されたり、翌年の住民税が減額される制度があります。<br>
詳しくは厚生労働省か、最寄りの関係機関へお問い合わせください。
</font></td></tr></table>
<table border=0 width=380><tr><td><font style=""font-size:14px;line-height:1.2;"">
<hr color=#ccffcc size=2><font color=#0066ff>◆</font><b>特  長</b><font color=#0066ff>◆</font><hr color=#ccffcc size=2>ネージュホワイト（4958118300016）が、ビタミンＣ増量でパワーアップ！！<br>１日量中、L- システイン 240mg、アスコルビン酸（ビタミンＣ）500mg、パントテン酸カルシウム 24mgを配合したＬ－システイン製剤（※第三類医薬品）。約４０日分で割安お得！<br>肌や体の代謝を助ける働きがあり、シミ・そばかす、にきびなどの肌トラブルや疲れ・だるさといった全身倦怠に優れた効果を発揮します。<br>また、二日酔いの原因物質の分解を助ける酵素を活性化し、症状を改善します。<br>


<hr><font color=""#cc0000"" style=""font-size:18px;line-height:1.2;""><b>

【只今キャンペーン中】本商品を１個お買い上げ毎に、「システマ 歯ブラシ」をおまかせで３つプレゼント！<br>もちろん、まとめ買いされたりセットをご購入されますと、その内容に応じて特典が増えますよ～！<br>
※カラー・毛先の硬さ・種類は選べません。　見本の画像とちがう商品が届く場合もあります。

</b></font>


<hr color=#ccffcc size=2><font color=#0066ff>◆</font><b>メーカー</b>（※製造国又は原産国：日本）<font color=#0066ff>◆</font><hr color=#ccffcc size=2>日本ビタミン化学株式会社<br>〒939-2243 富山県富山市中大久保196-11<br>お問い合わせ先 ： 076-467-5200<br>受付時間 ： 9：00～12：00、13：00～17：00（土・日・祝祭日を除く）<hr color=#ccffcc size=2><font color=#0066ff>◆</font><b>効果・効能</b><font color=#0066ff>◆</font><hr color=#ccffcc size=2>●しみ、そばかす、日やけなどの色素沈着症<br>●全身倦怠<br>●二日酔<br>●にきび、湿疹、じんましん、かぶれ、くすりまけ<hr color=#ccffcc size=2><font color=#0066ff>◆</font><b>用法・用量</b><font color=#0066ff>◆</font><hr color=#ccffcc size=2>１５歳以上　　　　 　　    １回　２錠　（１日　３回）<br>　７歳以上１５歳未満　　１回　１錠　（１日　３回）<br>　７歳未満　 　　　　　　  服用しないでください<br><br>※用法・用量に関連する注意<br>（1）用法・用量を厳守してください。<br>（2）食前・食後にかかわらず、いつでも服用できます。<br>（3）小児に服用させる場合には、保護者の指導監督のもとに服用させてください。<br>
<br>※使用上の注意<br>
●相談すること<br>
（1）服用後、次の症状があらわれた場合は副作用の可能性があるので、直ちに服用を中止し、この文書を持って医師、薬剤師又は登録販売者に相談してください。<br>
　関係部位：症状<br>
　皮膚　　：発疹<br>
　消化器　：吐き気・嘔吐・腹痛<br>
（2）服用後、次の症状があらわれることがあるので、このような症状の持続又は増強が見られた場合には、服用を中止し、医師、薬剤師、又は登録販売者に相談してください。<br>
　下痢<br>
（3）しばらく服用しても症状がよくならない場合は服用を中止し、この文書を持って医師、薬剤師又は登録販売者に相談してください。
<hr color=#ccffcc size=2><font color=#0066ff>◆</font><b>成　分</b><font color=#0066ff>◆</font><hr color=#ccffcc size=2>１日量（６錠）中<br>L-システイン240mg、アスコルビン酸（ビタミンＣ）500mg、パントテン酸カルシウム24mg<br>添加物として、アラビアゴム、カルナウバロウ、還元麦芽糖水アメ、ケイ酸Ｃａ、酸化チタン、ステアリン酸Ｍｇ、セラック、ゼラチン、セルロース、タルク、炭酸Ca、乳酸Ca、白糖、ヒドロキシプロピルセルロース、リン酸水素Ca、カルメロースCａを含有する。<br><br>●L-システイン：アミノ酸の１種で代謝酵素の活性を高め、メラニン色素の発生を抑えます。<br>●アスコルビン酸（ビタミンC）：しみ・そばかす・日やけなどの色素沈着を改善します。<br>●パントテン酸カルシウム：疲労を防ぎます。<br><br>※成分・分量に関連する注意<br>本剤の服用により尿及び大便の検査値が影響を受けることがあります。医師の検査を受ける場合は、ビタミンＣを含有する製剤を服用していることを医師にお知らせください。<hr color=#ccffcc size=2><font color=#0066ff>◆</font><b>保管上の注意</b><font color=#0066ff>◆</font><hr color=#ccffcc size=2>
（1）直射日光の当たらない湿気の少ない涼しい所に密栓して保管してください。<br>
（2）小児の手の届かない所に保管してください。<br>
（3）他の容器に入れ替えないでください。誤用の原因になったり、品質が変わるおそれがあります。<br>
（4）使用期限をすぎた製品は、使用しないでください。 <br>
（5）容器の開封日記入欄に、開封した日付を記入してください。<br>
※その他、医薬品は使用上の注意をよく読んだ上で、それに従い適切に使用して下さい。<br>※ページ内で特に記載が無い場合、使用期限１年以上の商品をお届けしております。

<!--info_txt-->

</font></td></tr></table>
<table width=""380"" border=""0"" style=""font-size:14px;line-height:1.2;""><tr><td><hr>
※添付文書←<font color=#ff0000><b>詳細の商品情報はこちら</b></font>
<hr><font color=""#ff0000""><b>【お客様へ】</b></font>お薬に関するご相談がございましたら、<b>こちら</b>へお問い合わせください。</td></tr></table>
<table border=0 width=380 style=""font-size:12px;line-height:1.2;""><tr><td><font color=#000088><hr>※パッケージデザイン等が予告なく変更される場合もあります。<br>※商品廃番・メーカー欠品など諸事情によりお届けできない場合がございます。<hr></font></td></tr></table>
<table border=0 width=380 style=""font-size:12px;line-height:1.2;""><tr><td>商品区分：【第3類医薬品】<br>【広告文責】株式会社メディスンプラス：0120-205-904 ※休業日 土日・祝祭日<br>文責者名：稗圃 賢輔（管理薬剤師）</td></tr></table><!-- ▼左フロートバナー 表示 CSS & TAG セット -->
<link rel=""stylesheet"" href=""http://www.rakuten.ne.jp/gold/medistock/css_flt/fb_l_r.css"" type=""text/css"" />
<div id=""flt_l1""></div>
<!--Ｗオマケ-->
<div id=""flt_l2""></div>
<!--還元 Q10-->
<div id=""flt_l3""></div>
<!--ワゴンセール-->
<div id=""flt_l4""></div>
<!--送料無料-->
<div id=""flt_l5""></div>
<!-- Mプラ -->
<div id=""flt_l6""></div>
<!-- none -->
<div id=""flt_l7""></div>
<!-- ▲左フロートバナー 表示 CSS & TAG セット -->

<!-- ▼右フロートバナー 表示 CSS & TAG セット -->
<link rel=""stylesheet"" href=""http://www.rakuten.ne.jp/gold/medistock/css_flt/fb_r_m.css"" type=""text/css"" />
<!--プレ EXP-->
<div id=""flt_r1""></div>
<!--プレ レバ-->
<div id=""flt_r2""></div>
<!--花粉特集-->
<div id=""flt_r3""></div>
<!--なし-->
<div id=""flt_r4""></div>
<!--なし-->
<div id=""flt_r5""></div>
<!--ビタ ワゴン-->
<!--ゴールドA-->
<div id=""flt_r6""></div>
<!--なし-->
<div id=""flt_r7""></div>
<!-- ▲右フロートバナー 表示 CSS & TAG セット -->


<!-- ▼スライド -->
<center>
<div style=""width:710px; border:1px solid #fbc; padding:5px; margin-bottom:5px; background:#fff;"">

</div>
</center>
<!-- ▲スライド -->

<!--▼項目選択-->

<br>
<!--▲項目選択-->

<style type=""text/css"">
<!--
/*
body {
background-image:url(http://image.rakuten.co.jp/anshin-relief/cabinet/relief/tate150501rr.gif);
background-repeat:repeat-y;
background-position: right top;
}
*/
-->
</style>


<table width=""730"" border=""0""><tr><td align=""center"">

	<div><img src=""http://image.rakuten.co.jp/medistock/cabinet/hd/sp.gif"" height=""20""></div>



	<div><img src=""http://image.rakuten.co.jp/medistock/cabinet/banner/170520m.gif"" width=""468"" alt=""エントリー"" border=""0""></div>
	<div><img src=""http://image.rakuten.co.jp/medistock/cabinet/hd/sp.gif"" height=""5""></div>




	<div><img src=""http://image.rakuten.co.jp/medistock/cabinet/banner/1704win.jpg"" width=""468"" alt=""エントリー"" border=""0""></div>
	<div><img src=""http://image.rakuten.co.jp/medistock/cabinet/hd/sp.gif"" height=""5""></div>




	<div><img src=""http://image.rakuten.co.jp/medistock/cabinet/banner/160801ls.gif"" width=""468"" alt=""エントリー"" border=""0""></div>
	<div><img src=""http://image.rakuten.co.jp/medistock/cabinet/hd/sp.gif"" height=""5""></div>


	<div><img src=""http://image.rakuten.co.jp/medistock/cabinet/banner/160118pt7.jpg"" width=""468"" alt=""エントリー"" border=""0""></div>
	<div><img src=""http://image.rakuten.co.jp/medistock/cabinet/hd/sp.gif"" height=""5""></div>



	<div><img src=""http://image.rakuten.co.jp/medistock/cabinet/banner/160801nua.jpg"" width=""468"" alt=""エントリー"" border=""0""></div>
	<div><img src=""http://image.rakuten.co.jp/medistock/cabinet/hd/sp.gif"" height=""5""></div>


	<div><img src=""http://image.rakuten.co.jp/medistock/cabinet/banner/160506rgw.jpg"" width=""468"" alt=""エントリー"" border=""0""></div>
	<div><img src=""http://image.rakuten.co.jp/medistock/cabinet/hd/sp.gif"" height=""5""></div>







	<div><img src=""http://image.rakuten.co.jp/medistock/cabinet/banner/161201tb05p.jpg"" width=""468"" alt=""ツールバーPt2"" border=""0""></div>
	<div><img src=""http://image.rakuten.co.jp/medistock/cabinet/hd/sp.gif"" height=""5""></div>



	<div><img src=""http://image.rakuten.co.jp/medistock/cabinet/banner/160601tb10.jpg"" width=""468"" alt=""初ツールバー"" border=""0""></div>
	<div><img src=""http://image.rakuten.co.jp/medistock/cabinet/hd/sp.gif"" height=""5""></div>



	<div><img src=""http://image.rakuten.co.jp/medistock/cabinet/banner/151101app.jpg"" width=""468"" alt=""エントリー"" border=""0""></div>
	<div><img src=""http://image.rakuten.co.jp/medistock/cabinet/hd/sp.gif"" height=""5""></div>






<div><img src=""http://image.rakuten.co.jp/medistock/cabinet/p_img/bn_ato.gif"" width=""468"" alt=""ＮＰ後払い"" border=""0""></div>
<div><img src=""http://image.rakuten.co.jp/medistock/cabinet/hd/sp.gif"" height=""5""></div>


</td></tr></table>",【第3類医薬品】なんと！あの 【ビタトレール】 ビタトレール ネージュホワイトプラス（Ｌ-システイン製剤） 240錠 が&ldquo;３個セット＝合計120日分&rdquo;なら送料無料でお得！しかも毎日ポイント２倍！【RCP】【02P03Dec16】：あんしん通販　リリーフ,【第3類医薬品】なんと！あの 【ビタトレール】 ビタトレール ネージュホワイトプラス（Ｌ-システイン製剤） 240錠 が&ldquo;３個セット＝合計120日分&rdquo;なら送料無料でお得！しかも毎日ポイント２倍！【RCP】【02P03Dec16】,【第3類医薬品】なんと！あの 【ビタトレール】 ビタトレール ネージュホワイトプラス（Ｌ-システイン製剤） 240錠 が&ldquo;３個セット＝合計120日分&rdquo;なら送料無料でお得！しかも毎日ポイント２倍！【RCP】【02P03Dec16】[rn]
28-87578,http://tshop.r10s.jp/anshin-relief/cabinet/vitamin/img10262471111.jpg?fitin=700:700,1969.6000,,,【第3類医薬品】【エスエス製薬】ハイチオールＣ プルミエール　120錠【RCP】【02P03Dec16】,,"<center>
<table bgcolor=""#cc0000"" width=""750"" border=""0"" cellpadding=""0"" cellspacing=""2""><tr><td>
<table bgcolor=""#ffffcc"" width=""100%"" border=""0"" cellpadding=""5"" cellspacing=""0"" style=""font-size:14px;line-height:1.2;""><tr><td>
<font color=""#333333"">
<div align=""center""><font color=""#ff0000"" size=6><b>【お客様へ】本商品は医薬品です。</b></font></div>
<font color=""#660000"" size=4><b>商品名に付記されてございます<a href=""http://item.rakuten.co.jp/anshin-relief/c/0000000111/"">【リスク分類】</a>をよくご確認の上、ご購入下さい。
また、医薬品は使用上の注意をよく読んだ上で、それに従い適切に使用して下さい。</b></font>
<hr>
<font color=""#cc0000""><b>
※医薬品のご購入について(1)：医薬品をご購入できるのは“18歳以上の楽天会員さま”のみとなっております。<br>
※医薬品のご購入について(2)：医薬品ごとに購入数の制限を設けております。
</b></font>
<hr>
<font color=""#003366""><b>【医薬品による健康被害の救済に関する制度】</b></font>医薬品副作用被害救済制度に基づき、独立行政法人 医薬品医療機器総合機構（救済制度窓口 0120-149-931）へご相談ください。<br>
<hr>
<font color=""#003366""><b>【広告文責 株式会社メディスンプラス】</b></font>フリーダイヤル：０１２０－２０５－９０４（※土日・祝祭日は休業）<br>管理薬剤師：稗圃賢輔（薬剤師免許証 第124203号 長崎県） ※相談応需可能時間：営業時間内
<hr><font color=""#ff0000""><b>【お客様へ】</b></font>お薬に関するご相談がございましたら、<a href=""http://item.rakuten.co.jp/anshin-relief/c/0000000110/"" target=""_blank""><b>こちら</b></a>へお問い合わせください。
</font>
</td></tr></table></td></tr></table>
</center><!--info_txt--><table border=0 width=380><tr><td><font style=""font-size:14px;line-height:1.2;"">
<hr color=#ccffcc size=2><font style=""font-size:22px;"">活用しよう「医療費控除制度」！</font><hr color=#ccffcc size=2>
本商品（医薬品）をご購入された金額が、
<font color=""#ff0000"">ご自分と扶養家族の分も含めて年間で「合計１０万円（税込）」を超えた場合</font>
、確定申告をすることにより、所得税が一部還付されたり、翌年の住民税が減額される制度があります。<br>
詳しくは厚生労働省か、最寄りの関係機関へお問い合わせください。
</font></td></tr></table>
<table width=380 border=0><tr><td><font style=""font-size:14px;"">
<hr color=#ccffcc size=2><font color=#0066ff>◆</font><b>特長・キャッチフレーズ</b><font color=#0066ff>◆</font><hr color=#ccffcc size=2>体の内側から、シミ・そばかすに効く！<div align=right>・・・滋養強壮保健薬／ビタミン含有保健薬（総合ビタミン剤等）</div><hr color=#ccffcc size=2><font color=#0066ff>◆</font><b>メーカー</b>（※製造国又は原産国：日本）<font color=#0066ff>◆</font><hr color=#ccffcc size=2>エスエス製薬株式会社<br>〒103-8481 東京都中央区日本橋浜町2丁目12番4号<br>お客様相談室 ： 0120-028-193（フリーダイヤル）<br>受付時間 ： 9時から17時30分（土・日・祝日を除く）<hr color=#ccffcc size=2><font color=#0066ff>◆</font><b>効果・効能</b><font color=#0066ff>◆</font><hr color=#ccffcc size=2>・しみ・そばかす・日やけなどの色素沈着症 ・全身倦怠 ・二日酔 ・にきび、湿疹、じんましん、かぶれ、くすりまけ <hr color=#ccffcc size=2><font color=#0066ff>◆</font><b>用法・用量</b><font color=#0066ff>◆</font><hr color=#ccffcc size=2>＜次の量を1日2回服用します＞ ・大人(15歳以上)：２錠 ・7～14歳：１錠 ・7歳未満：服用しないこと ＜用法用量に関する注意＞ ・用法、用量を厳守してください。 ・小児に服用させる場合には、保護者の指導監督の下に服用させて下さい。 <hr color=#ccffcc size=2><font color=#0066ff>◆</font><b>成分・分量</b><font color=#0066ff>◆</font><hr color=#ccffcc size=2>・L-システイン：240mg ・ビタミンC：300mg ・パントテン酸カルシウム：24mg 添加物として、無水ケイ酸、セルロース、乳酸Ca、白糖、ヒドロキシプロピルセルロース、ヒドロキシプロピルメチルセルロース、炭酸Ca、カルナウバロウ、ステアリン酸Mg、タルク、酸化チタン、トウモロコシデンプン、プルラン、ポリオキシエチレンポリオキシプロピレングリコールを含有します<hr color=#ccffcc size=2><font color=#0066ff>◆</font><b>保管上の注意</b><font color=#0066ff>◆</font><hr color=#ccffcc size=2>
（1）直射日光の当たらない湿気の少ない涼しい所に密栓して保管してください。<br>
（2）小児の手の届かない所に保管してください。<br>
（3）他の容器に入れ替えないでください。誤用の原因になったり、品質が変わるおそれがあります。<br>
（4）使用期限をすぎた製品は、使用しないでください。 <br>
（5）容器の開封日記入欄に、開封した日付を記入してください。<br>
※その他、医薬品は使用上の注意をよく読んだ上で、それに従い適切に使用して下さい。<br>※ページ内で特に記載が無い場合、使用期限１年以上の商品をお届けしております。<!--info_txt-->
</font></td></tr></table><table width=""380"" border=""0"" style=""font-size:14px;line-height:1.2;""><tr><td><hr>※添付文書←<font color=#ff0000><b>詳細の商品情報はこちら</b></font><hr><font color=""#ff0000""><b>【お客様へ】</b></font>お薬に関するご相談がございましたら、<b>こちら</b>へお問い合わせください。</td></tr></table><table border=0 width=380 style=""font-size:12px;line-height:1.2;""><tr><td><font color=#000088><hr>※パッケージデザイン等が予告なく変更される場合もあります。<br>※商品廃番・メーカー欠品など諸事情によりお届けできない場合がございます。<hr></font></td></tr></table>
<table border=0 width=380 style=""font-size:12px;line-height:1.2;""><tr><td>商品区分：【第3類医薬品】<br>【広告文責】株式会社メディスンプラス：0120-205-904 ※休業日 土日・祝祭日<br>文責者名：稗圃 賢輔（管理薬剤師）</td></tr></table><!-- ▼左フロートバナー 表示 CSS & TAG セット -->
<link rel=""stylesheet"" href=""http://www.rakuten.ne.jp/gold/medistock/css_flt/fb_l_r.css"" type=""text/css"" />
<div id=""flt_l1""></div>
<!--Ｗオマケ-->
<div id=""flt_l2""></div>
<!--還元 Q10-->
<div id=""flt_l3""></div>
<!--ワゴンセール-->
<div id=""flt_l4""></div>
<!--送料無料-->
<div id=""flt_l5""></div>
<!-- Mプラ -->
<div id=""flt_l6""></div>
<!-- none -->
<div id=""flt_l7""></div>
<!-- ▲左フロートバナー 表示 CSS & TAG セット -->

<!-- ▼右フロートバナー 表示 CSS & TAG セット -->
<link rel=""stylesheet"" href=""http://www.rakuten.ne.jp/gold/medistock/css_flt/fb_r_m.css"" type=""text/css"" />
<!--プレ EXP-->
<div id=""flt_r1""></div>
<!--プレ レバ-->
<div id=""flt_r2""></div>
<!--花粉特集-->
<div id=""flt_r3""></div>
<!--なし-->
<div id=""flt_r4""></div>
<!--なし-->
<div id=""flt_r5""></div>
<!--ビタ ワゴン-->
<!--ゴールドA-->
<div id=""flt_r6""></div>
<!--なし-->
<div id=""flt_r7""></div>
<!-- ▲右フロートバナー 表示 CSS & TAG セット -->


<!-- ▼スライド -->
<center>
<div style=""width:710px; border:1px solid #fbc; padding:5px; margin-bottom:5px; background:#fff;"">

</div>
</center>
<!-- ▲スライド -->

<!--▼項目選択-->

<br>
<!--▲項目選択-->

<style type=""text/css"">
<!--
/*
body {
background-image:url(http://image.rakuten.co.jp/anshin-relief/cabinet/relief/tate150501rr.gif);
background-repeat:repeat-y;
background-position: right top;
}
*/
-->
</style>


<table width=""730"" border=""0""><tr><td align=""center"">

	<div><img src=""http://image.rakuten.co.jp/medistock/cabinet/hd/sp.gif"" height=""20""></div>



	<div><img src=""http://image.rakuten.co.jp/medistock/cabinet/banner/170520m.gif"" width=""468"" alt=""エントリー"" border=""0""></div>
	<div><img src=""http://image.rakuten.co.jp/medistock/cabinet/hd/sp.gif"" height=""5""></div>




	<div><img src=""http://image.rakuten.co.jp/medistock/cabinet/banner/1704win.jpg"" width=""468"" alt=""エントリー"" border=""0""></div>
	<div><img src=""http://image.rakuten.co.jp/medistock/cabinet/hd/sp.gif"" height=""5""></div>




	<div><img src=""http://image.rakuten.co.jp/medistock/cabinet/banner/160801ls.gif"" width=""468"" alt=""エントリー"" border=""0""></div>
	<div><img src=""http://image.rakuten.co.jp/medistock/cabinet/hd/sp.gif"" height=""5""></div>


	<div><img src=""http://image.rakuten.co.jp/medistock/cabinet/banner/160118pt7.jpg"" width=""468"" alt=""エントリー"" border=""0""></div>
	<div><img src=""http://image.rakuten.co.jp/medistock/cabinet/hd/sp.gif"" height=""5""></div>



	<div><img src=""http://image.rakuten.co.jp/medistock/cabinet/banner/160801nua.jpg"" width=""468"" alt=""エントリー"" border=""0""></div>
	<div><img src=""http://image.rakuten.co.jp/medistock/cabinet/hd/sp.gif"" height=""5""></div>


	<div><img src=""http://image.rakuten.co.jp/medistock/cabinet/banner/160506rgw.jpg"" width=""468"" alt=""エントリー"" border=""0""></div>
	<div><img src=""http://image.rakuten.co.jp/medistock/cabinet/hd/sp.gif"" height=""5""></div>







	<div><img src=""http://image.rakuten.co.jp/medistock/cabinet/banner/161201tb05p.jpg"" width=""468"" alt=""ツールバーPt2"" border=""0""></div>
	<div><img src=""http://image.rakuten.co.jp/medistock/cabinet/hd/sp.gif"" height=""5""></div>



	<div><img src=""http://image.rakuten.co.jp/medistock/cabinet/banner/160601tb10.jpg"" width=""468"" alt=""初ツールバー"" border=""0""></div>
	<div><img src=""http://image.rakuten.co.jp/medistock/cabinet/hd/sp.gif"" height=""5""></div>



	<div><img src=""http://image.rakuten.co.jp/medistock/cabinet/banner/151101app.jpg"" width=""468"" alt=""エントリー"" border=""0""></div>
	<div><img src=""http://image.rakuten.co.jp/medistock/cabinet/hd/sp.gif"" height=""5""></div>






<div><img src=""http://image.rakuten.co.jp/medistock/cabinet/p_img/bn_ato.gif"" width=""468"" alt=""ＮＰ後払い"" border=""0""></div>
<div><img src=""http://image.rakuten.co.jp/medistock/cabinet/hd/sp.gif"" height=""5""></div>


</td></tr></table>",【第3類医薬品】【エスエス製薬】ハイチオールＣ プルミエール　120錠【RCP】【02P03Dec16】：あんしん通販　リリーフ,【第3類医薬品】【エスエス製薬】ハイチオールＣ プルミエール　120錠【RCP】【02P03Dec16】,【第3類医薬品】【エスエス製薬】ハイチオールＣ プルミエール　120錠【RCP】【02P03Dec16】[rn]
28-87579,http://tshop.r10s.jp/anshin-relief/cabinet/iyakuhin/4968250199317x2.jpg?fitin=700:700,7400.0000,,,【第3類医薬品】【湧永製薬】エナックW　540錠×２個セット【RCP】【02P03Dec16】,,"<center>
<table bgcolor=""#cc0000"" width=""750"" border=""0"" cellpadding=""0"" cellspacing=""2""><tr><td>
<table bgcolor=""#ffffcc"" width=""100%"" border=""0"" cellpadding=""5"" cellspacing=""0"" style=""font-size:14px;line-height:1.2;""><tr><td>
<font color=""#333333"">
<div align=""center""><font color=""#ff0000"" size=6><b>【お客様へ】本商品は医薬品です。</b></font></div>
<font color=""#660000"" size=4><b>商品名に付記されてございます<a href=""http://item.rakuten.co.jp/anshin-relief/c/0000000111/"">【リスク分類】</a>をよくご確認の上、ご購入下さい。
また、医薬品は使用上の注意をよく読んだ上で、それに従い適切に使用して下さい。</b></font>
<hr>
<font color=""#cc0000""><b>
※医薬品のご購入について(1)：医薬品をご購入できるのは“18歳以上の楽天会員さま”のみとなっております。<br>
※医薬品のご購入について(2)：医薬品ごとに購入数の制限を設けております。
</b></font>
<hr>
<font color=""#003366""><b>【医薬品による健康被害の救済に関する制度】</b></font>医薬品副作用被害救済制度に基づき、独立行政法人 医薬品医療機器総合機構（救済制度窓口 0120-149-931）へご相談ください。<br>
<hr>
<font color=""#003366""><b>【広告文責 株式会社メディスンプラス】</b></font>フリーダイヤル：０１２０－２０５－９０４（※土日・祝祭日は休業）<br>管理薬剤師：稗圃賢輔（薬剤師免許証 第124203号 長崎県） ※相談応需可能時間：営業時間内
<hr><font color=""#ff0000""><b>【お客様へ】</b></font>お薬に関するご相談がございましたら、<a href=""http://item.rakuten.co.jp/anshin-relief/c/0000000110/"" target=""_blank""><b>こちら</b></a>へお問い合わせください。
</font>
</td></tr></table></td></tr></table>
</center><!--info_txt--><table border=0 width=380><tr><td><font style=""font-size:14px;line-height:1.2;"">
<hr color=#ccffcc size=2><font style=""font-size:22px;"">活用しよう「医療費控除制度」！</font><hr color=#ccffcc size=2>
本商品（医薬品）をご購入された金額が、
<font color=""#ff0000"">ご自分と扶養家族の分も含めて年間で「合計１０万円（税込）」を超えた場合</font>
、確定申告をすることにより、所得税が一部還付されたり、翌年の住民税が減額される制度があります。<br>
詳しくは厚生労働省か、最寄りの関係機関へお問い合わせください。
</font></td></tr></table>
<table border=0 width=380><tr><td>
<font style=""font-size:14px;""><hr color=#ccffcc size=2><font color=#0066ff>◆</font><b>メーカー</b>（※製造国又は原産国：日本）<font color=#0066ff>◆</font><hr color=#ccffcc size=2>湧永製薬株式会社<br>〒532-0003 大阪市淀川区宮原四丁目5番36号<br>お客様相談室 ： 0120-39-0971（フリーダイヤル）<br>受付時間 ： 9：00～12：00、13：00～17：00（土・日・祝日を除く）<hr color=#ccffcc size=2><font color=#0066ff>◆</font><b>特徴</b><font color=#0066ff>◆</font><hr color=#ccffcc size=2>
エゾウコギ・竜眼肉・茯苓などの生薬に、肉体疲労時や病中病後、偏食児などに不足しがちな4種類のビタミン（ビタミンB群＋C）を配合した滋養強壮剤です。



<hr color=#ccffcc size=2><font color=#0066ff>◆</font><b>効果・効能</b><font color=#0066ff>◆</font><hr color=#ccffcc size=2>

大人（15才以上）の場合<br>
・滋養強壮・虚弱体質・肉体疲労・病中病後・胃腸障害・栄養障害・発熱性消耗性疾患・妊娠授乳期などの場合の栄養補給<br>
小児(5才以上15才未満)の場合<br>
・滋養強壮・虚弱体質・小児の発育期・偏食児・胃腸障害・栄養障害・病中病後・発熱性消耗性疾患などの場合の栄養補給


<hr color=#ccffcc size=2><font color=#0066ff>◆</font><b>用法・用量</b><font color=#0066ff>◆</font><hr color=#ccffcc size=2>
１日３回、１回下記量を水又はお湯と一緒に服用してください。<br>
大人(１５才以上)・・・３錠<br>
８才以上１５才未満・・・２錠<br>
５才以上８才未満・・・１錠<br>
５才未満・・・服用させないでください

<hr color=#ccffcc size=2><font color=#0066ff>◆</font><b>成分</b><font color=#0066ff>◆</font><hr color=#ccffcc size=2>
【９錠中】<br>
エゾウコギエキス・・・280mg<br>
(エゾウコギとして4g)<br>
リュウガンニクエキス・・・90mg<br>
(竜眼肉として300mg)<br>
ブクリョウ（茯苓）末・・・300mg<br>
ピリドキシン塩酸塩・・・50mg<br>
(ビタミンB6)<br>
リボフラビン酪酸エステル・・・12mg<br>
(ビタミンB2酪酸エステル)<br>
ニコチン酸アミド・・・60mg<br>
アスコルビン酸(ビタミンＣ)・・・200mg<br>
<br>
添加物として、ヒドロキシプロピルセルロース、セルロース、無水ケイ酸、カルメロースCa、ステアリン酸Ｍｇを含有します。
<hr color=#ccffcc size=2><font color=#0066ff>◆</font><b>保管上の注意</b><font color=#0066ff>◆</font><hr color=#ccffcc size=2>
（1）直射日光の当たらない湿気の少ない涼しい所に密栓して保管してください。<br>
（2）小児の手の届かない所に保管してください。<br>
（3）他の容器に入れ替えないでください。誤用の原因になったり、品質が変わるおそれがあります。<br>
（4）使用期限をすぎた製品は、使用しないでください。 <br>
（5）容器の開封日記入欄に、開封した日付を記入してください。<br>
※その他、医薬品は使用上の注意をよく読んだ上で、それに従い適切に使用して下さい。<br>※ページ内で特に記載が無い場合、使用期限１年以上の商品をお届けしております。<!--info_txt-->
</font></td></tr></table><table width=""380"" border=""0"" style=""font-size:14px;line-height:1.2;""><tr><td><hr><font color=""#ff0000""><b>【お客様へ】</b></font>お薬に関するご相談がございましたら、<b>こちら</b>へお問い合わせください。</td></tr></table><table border=0 width=380 style=""font-size:12px;line-height:1.2;""><tr><td><font color=#000088><hr>※パッケージデザイン等が予告なく変更される場合もあります。<br>※商品廃番・メーカー欠品など諸事情によりお届けできない場合がございます。<hr></font></td></tr></table><table border=0 width=380 style=""font-size:12px;line-height:1.2;""><tr><td>商品区分：【第3類医薬品】<br>【広告文責】株式会社メディスンプラス：0120-205-904 ※休業日 土日・祝祭日<br>文責者名：稗圃 賢輔（管理薬剤師）</td></tr></table><!-- ▼左フロートバナー 表示 CSS & TAG セット -->
<link rel=""stylesheet"" href=""http://www.rakuten.ne.jp/gold/medistock/css_flt/fb_l_r.css"" type=""text/css"" />
<div id=""flt_l1""></div>
<!--Ｗオマケ-->
<div id=""flt_l2""></div>
<!--還元 Q10-->
<div id=""flt_l3""></div>
<!--ワゴンセール-->
<div id=""flt_l4""></div>
<!--送料無料-->
<div id=""flt_l5""></div>
<!-- Mプラ -->
<div id=""flt_l6""></div>
<!-- none -->
<div id=""flt_l7""></div>
<!-- ▲左フロートバナー 表示 CSS & TAG セット -->

<!-- ▼右フロートバナー 表示 CSS & TAG セット -->
<link rel=""stylesheet"" href=""http://www.rakuten.ne.jp/gold/medistock/css_flt/fb_r_m.css"" type=""text/css"" />
<!--プレ EXP-->
<div id=""flt_r1""></div>
<!--プレ レバ-->
<div id=""flt_r2""></div>
<!--花粉特集-->
<div id=""flt_r3""></div>
<!--なし-->
<div id=""flt_r4""></div>
<!--なし-->
<div id=""flt_r5""></div>
<!--ビタ ワゴン-->
<!--ゴールドA-->
<div id=""flt_r6""></div>
<!--なし-->
<div id=""flt_r7""></div>
<!-- ▲右フロートバナー 表示 CSS & TAG セット -->


<!-- ▼スライド -->
<center>
<div style=""width:710px; border:1px solid #fbc; padding:5px; margin-bottom:5px; background:#fff;"">

</div>
</center>
<!-- ▲スライド -->

<!--▼項目選択-->

<br>
<!--▲項目選択-->

<style type=""text/css"">
<!--
/*
body {
background-image:url(http://image.rakuten.co.jp/anshin-relief/cabinet/relief/tate150501rr.gif);
background-repeat:repeat-y;
background-position: right top;
}
*/
-->
</style>


<table width=""730"" border=""0""><tr><td align=""center"">

	<div><img src=""http://image.rakuten.co.jp/medistock/cabinet/hd/sp.gif"" height=""20""></div>



	<div><img src=""http://image.rakuten.co.jp/medistock/cabinet/banner/170520m.gif"" width=""468"" alt=""エントリー"" border=""0""></div>
	<div><img src=""http://image.rakuten.co.jp/medistock/cabinet/hd/sp.gif"" height=""5""></div>




	<div><img src=""http://image.rakuten.co.jp/medistock/cabinet/banner/1704win.jpg"" width=""468"" alt=""エントリー"" border=""0""></div>
	<div><img src=""http://image.rakuten.co.jp/medistock/cabinet/hd/sp.gif"" height=""5""></div>




	<div><img src=""http://image.rakuten.co.jp/medistock/cabinet/banner/160801ls.gif"" width=""468"" alt=""エントリー"" border=""0""></div>
	<div><img src=""http://image.rakuten.co.jp/medistock/cabinet/hd/sp.gif"" height=""5""></div>


	<div><img src=""http://image.rakuten.co.jp/medistock/cabinet/banner/160118pt7.jpg"" width=""468"" alt=""エントリー"" border=""0""></div>
	<div><img src=""http://image.rakuten.co.jp/medistock/cabinet/hd/sp.gif"" height=""5""></div>



	<div><img src=""http://image.rakuten.co.jp/medistock/cabinet/banner/160801nua.jpg"" width=""468"" alt=""エントリー"" border=""0""></div>
	<div><img src=""http://image.rakuten.co.jp/medistock/cabinet/hd/sp.gif"" height=""5""></div>


	<div><img src=""http://image.rakuten.co.jp/medistock/cabinet/banner/160506rgw.jpg"" width=""468"" alt=""エントリー"" border=""0""></div>
	<div><img src=""http://image.rakuten.co.jp/medistock/cabinet/hd/sp.gif"" height=""5""></div>







	<div><img src=""http://image.rakuten.co.jp/medistock/cabinet/banner/161201tb05p.jpg"" width=""468"" alt=""ツールバーPt2"" border=""0""></div>
	<div><img src=""http://image.rakuten.co.jp/medistock/cabinet/hd/sp.gif"" height=""5""></div>



	<div><img src=""http://image.rakuten.co.jp/medistock/cabinet/banner/160601tb10.jpg"" width=""468"" alt=""初ツールバー"" border=""0""></div>
	<div><img src=""http://image.rakuten.co.jp/medistock/cabinet/hd/sp.gif"" height=""5""></div>



	<div><img src=""http://image.rakuten.co.jp/medistock/cabinet/banner/151101app.jpg"" width=""468"" alt=""エントリー"" border=""0""></div>
	<div><img src=""http://image.rakuten.co.jp/medistock/cabinet/hd/sp.gif"" height=""5""></div>






<div><img src=""http://image.rakuten.co.jp/medistock/cabinet/p_img/bn_ato.gif"" width=""468"" alt=""ＮＰ後払い"" border=""0""></div>
<div><img src=""http://image.rakuten.co.jp/medistock/cabinet/hd/sp.gif"" height=""5""></div>


</td></tr></table>",【第3類医薬品】【湧永製薬】エナックW　540錠&times;２個セット【RCP】【02P03Dec16】：あんしん通販　リリーフ,【第3類医薬品】【湧永製薬】エナックW　540錠&times;２個セット【RCP】【02P03Dec16】,【第3類医薬品】【湧永製薬】エナックW　540錠&times;２個セット【RCP】【02P03Dec16】[rn]
28-87580,http://tshop.r10s.jp/anshin-relief/cabinet/iyakuhin/4968250199317.jpg?fitin=700:700,4022.4000,,,【第3類医薬品】【湧永製薬】エナックW　540錠【RCP】【02P03Dec16】,,"<center>
<table bgcolor=""#cc0000"" width=""750"" border=""0"" cellpadding=""0"" cellspacing=""2""><tr><td>
<table bgcolor=""#ffffcc"" width=""100%"" border=""0"" cellpadding=""5"" cellspacing=""0"" style=""font-size:14px;line-height:1.2;""><tr><td>
<font color=""#333333"">
<div align=""center""><font color=""#ff0000"" size=6><b>【お客様へ】本商品は医薬品です。</b></font></div>
<font color=""#660000"" size=4><b>商品名に付記されてございます<a href=""http://item.rakuten.co.jp/anshin-relief/c/0000000111/"">【リスク分類】</a>をよくご確認の上、ご購入下さい。
また、医薬品は使用上の注意をよく読んだ上で、それに従い適切に使用して下さい。</b></font>
<hr>
<font color=""#cc0000""><b>
※医薬品のご購入について(1)：医薬品をご購入できるのは“18歳以上の楽天会員さま”のみとなっております。<br>
※医薬品のご購入について(2)：医薬品ごとに購入数の制限を設けております。
</b></font>
<hr>
<font color=""#003366""><b>【医薬品による健康被害の救済に関する制度】</b></font>医薬品副作用被害救済制度に基づき、独立行政法人 医薬品医療機器総合機構（救済制度窓口 0120-149-931）へご相談ください。<br>
<hr>
<font color=""#003366""><b>【広告文責 株式会社メディスンプラス】</b></font>フリーダイヤル：０１２０－２０５－９０４（※土日・祝祭日は休業）<br>管理薬剤師：稗圃賢輔（薬剤師免許証 第124203号 長崎県） ※相談応需可能時間：営業時間内
<hr><font color=""#ff0000""><b>【お客様へ】</b></font>お薬に関するご相談がございましたら、<a href=""http://item.rakuten.co.jp/anshin-relief/c/0000000110/"" target=""_blank""><b>こちら</b></a>へお問い合わせください。
</font>
</td></tr></table></td></tr></table>
</center><!--info_txt--><table border=0 width=380><tr><td><font style=""font-size:14px;line-height:1.2;"">
<hr color=#ccffcc size=2><font style=""font-size:22px;"">活用しよう「医療費控除制度」！</font><hr color=#ccffcc size=2>
本商品（医薬品）をご購入された金額が、
<font color=""#ff0000"">ご自分と扶養家族の分も含めて年間で「合計１０万円（税込）」を超えた場合</font>
、確定申告をすることにより、所得税が一部還付されたり、翌年の住民税が減額される制度があります。<br>
詳しくは厚生労働省か、最寄りの関係機関へお問い合わせください。
</font></td></tr></table>
<table border=0 width=380><tr><td>
<font style=""font-size:14px;""><hr color=#ccffcc size=2><font color=#0066ff>◆</font><b>メーカー</b>（※製造国又は原産国：日本）<font color=#0066ff>◆</font><hr color=#ccffcc size=2>湧永製薬株式会社<br>〒532-0003 大阪市淀川区宮原四丁目5番36号<br>お客様相談室 ： 0120-39-0971（フリーダイヤル）<br>受付時間 ： 9：00～12：00、13：00～17：00（土・日・祝日を除く）<hr color=#ccffcc size=2><font color=#0066ff>◆</font><b>特徴</b><font color=#0066ff>◆</font><hr color=#ccffcc size=2>
エゾウコギ・竜眼肉・茯苓などの生薬に、肉体疲労時や病中病後、偏食児などに不足しがちな4種類のビタミン（ビタミンB群＋C）を配合した滋養強壮剤です。



<hr color=#ccffcc size=2><font color=#0066ff>◆</font><b>効果・効能</b><font color=#0066ff>◆</font><hr color=#ccffcc size=2>

大人（15才以上）の場合<br>
・滋養強壮・虚弱体質・肉体疲労・病中病後・胃腸障害・栄養障害・発熱性消耗性疾患・妊娠授乳期などの場合の栄養補給<br>
小児(5才以上15才未満)の場合<br>
・滋養強壮・虚弱体質・小児の発育期・偏食児・胃腸障害・栄養障害・病中病後・発熱性消耗性疾患などの場合の栄養補給


<hr color=#ccffcc size=2><font color=#0066ff>◆</font><b>用法・用量</b><font color=#0066ff>◆</font><hr color=#ccffcc size=2>
１日３回、１回下記量を水又はお湯と一緒に服用してください。<br>
大人(１５才以上)・・・３錠<br>
８才以上１５才未満・・・２錠<br>
５才以上８才未満・・・１錠<br>
５才未満・・・服用させないでください

<hr color=#ccffcc size=2><font color=#0066ff>◆</font><b>成分</b><font color=#0066ff>◆</font><hr color=#ccffcc size=2>
【９錠中】<br>
エゾウコギエキス・・・280mg<br>
(エゾウコギとして4g)<br>
リュウガンニクエキス・・・90mg<br>
(竜眼肉として300mg)<br>
ブクリョウ（茯苓）末・・・300mg<br>
ピリドキシン塩酸塩・・・50mg<br>
(ビタミンB6)<br>
リボフラビン酪酸エステル・・・12mg<br>
(ビタミンB2酪酸エステル)<br>
ニコチン酸アミド・・・60mg<br>
アスコルビン酸(ビタミンＣ)・・・200mg<br>
<br>
添加物として、ヒドロキシプロピルセルロース、セルロース、無水ケイ酸、カルメロースCa、ステアリン酸Ｍｇを含有します。
<hr color=#ccffcc size=2><font color=#0066ff>◆</font><b>保管上の注意</b><font color=#0066ff>◆</font><hr color=#ccffcc size=2>
（1）直射日光の当たらない湿気の少ない涼しい所に密栓して保管してください。<br>
（2）小児の手の届かない所に保管してください。<br>
（3）他の容器に入れ替えないでください。誤用の原因になったり、品質が変わるおそれがあります。<br>
（4）使用期限をすぎた製品は、使用しないでください。 <br>
（5）容器の開封日記入欄に、開封した日付を記入してください。<br>
※その他、医薬品は使用上の注意をよく読んだ上で、それに従い適切に使用して下さい。<br>※ページ内で特に記載が無い場合、使用期限１年以上の商品をお届けしております。<!--info_txt-->
</font></td></tr></table><table width=""380"" border=""0"" style=""font-size:14px;line-height:1.2;""><tr><td><hr><font color=""#ff0000""><b>【お客様へ】</b></font>お薬に関するご相談がございましたら、<b>こちら</b>へお問い合わせください。</td></tr></table><table border=0 width=380 style=""font-size:12px;line-height:1.2;""><tr><td><font color=#000088><hr>※パッケージデザイン等が予告なく変更される場合もあります。<br>※商品廃番・メーカー欠品など諸事情によりお届けできない場合がございます。<hr></font></td></tr></table><table border=0 width=380 style=""font-size:12px;line-height:1.2;""><tr><td>商品区分：【第3類医薬品】<br>【広告文責】株式会社メディスンプラス：0120-205-904 ※休業日 土日・祝祭日<br>文責者名：稗圃 賢輔（管理薬剤師）</td></tr></table><!-- ▼左フロートバナー 表示 CSS & TAG セット -->
<link rel=""stylesheet"" href=""http://www.rakuten.ne.jp/gold/medistock/css_flt/fb_l_r.css"" type=""text/css"" />
<div id=""flt_l1""></div>
<!--Ｗオマケ-->
<div id=""flt_l2""></div>
<!--還元 Q10-->
<div id=""flt_l3""></div>
<!--ワゴンセール-->
<div id=""flt_l4""></div>
<!--送料無料-->
<div id=""flt_l5""></div>
<!-- Mプラ -->
<div id=""flt_l6""></div>
<!-- none -->
<div id=""flt_l7""></div>
<!-- ▲左フロートバナー 表示 CSS & TAG セット -->

<!-- ▼右フロートバナー 表示 CSS & TAG セット -->
<link rel=""stylesheet"" href=""http://www.rakuten.ne.jp/gold/medistock/css_flt/fb_r_m.css"" type=""text/css"" />
<!--プレ EXP-->
<div id=""flt_r1""></div>
<!--プレ レバ-->
<div id=""flt_r2""></div>
<!--花粉特集-->
<div id=""flt_r3""></div>
<!--なし-->
<div id=""flt_r4""></div>
<!--なし-->
<div id=""flt_r5""></div>
<!--ビタ ワゴン-->
<!--ゴールドA-->
<div id=""flt_r6""></div>
<!--なし-->
<div id=""flt_r7""></div>
<!-- ▲右フロートバナー 表示 CSS & TAG セット -->


<!-- ▼スライド -->
<center>
<div style=""width:710px; border:1px solid #fbc; padding:5px; margin-bottom:5px; background:#fff;"">

</div>
</center>
<!-- ▲スライド -->

<!--▼項目選択-->

<br>
<!--▲項目選択-->

<style type=""text/css"">
<!--
/*
body {
background-image:url(http://image.rakuten.co.jp/anshin-relief/cabinet/relief/tate150501rr.gif);
background-repeat:repeat-y;
background-position: right top;
}
*/
-->
</style>


<table width=""730"" border=""0""><tr><td align=""center"">

	<div><img src=""http://image.rakuten.co.jp/medistock/cabinet/hd/sp.gif"" height=""20""></div>



	<div><img src=""http://image.rakuten.co.jp/medistock/cabinet/banner/170520m.gif"" width=""468"" alt=""エントリー"" border=""0""></div>
	<div><img src=""http://image.rakuten.co.jp/medistock/cabinet/hd/sp.gif"" height=""5""></div>




	<div><img src=""http://image.rakuten.co.jp/medistock/cabinet/banner/1704win.jpg"" width=""468"" alt=""エントリー"" border=""0""></div>
	<div><img src=""http://image.rakuten.co.jp/medistock/cabinet/hd/sp.gif"" height=""5""></div>




	<div><img src=""http://image.rakuten.co.jp/medistock/cabinet/banner/160801ls.gif"" width=""468"" alt=""エントリー"" border=""0""></div>
	<div><img src=""http://image.rakuten.co.jp/medistock/cabinet/hd/sp.gif"" height=""5""></div>


	<div><img src=""http://image.rakuten.co.jp/medistock/cabinet/banner/160118pt7.jpg"" width=""468"" alt=""エントリー"" border=""0""></div>
	<div><img src=""http://image.rakuten.co.jp/medistock/cabinet/hd/sp.gif"" height=""5""></div>



	<div><img src=""http://image.rakuten.co.jp/medistock/cabinet/banner/160801nua.jpg"" width=""468"" alt=""エントリー"" border=""0""></div>
	<div><img src=""http://image.rakuten.co.jp/medistock/cabinet/hd/sp.gif"" height=""5""></div>


	<div><img src=""http://image.rakuten.co.jp/medistock/cabinet/banner/160506rgw.jpg"" width=""468"" alt=""エントリー"" border=""0""></div>
	<div><img src=""http://image.rakuten.co.jp/medistock/cabinet/hd/sp.gif"" height=""5""></div>







	<div><img src=""http://image.rakuten.co.jp/medistock/cabinet/banner/161201tb05p.jpg"" width=""468"" alt=""ツールバーPt2"" border=""0""></div>
	<div><img src=""http://image.rakuten.co.jp/medistock/cabinet/hd/sp.gif"" height=""5""></div>



	<div><img src=""http://image.rakuten.co.jp/medistock/cabinet/banner/160601tb10.jpg"" width=""468"" alt=""初ツールバー"" border=""0""></div>
	<div><img src=""http://image.rakuten.co.jp/medistock/cabinet/hd/sp.gif"" height=""5""></div>



	<div><img src=""http://image.rakuten.co.jp/medistock/cabinet/banner/151101app.jpg"" width=""468"" alt=""エントリー"" border=""0""></div>
	<div><img src=""http://image.rakuten.co.jp/medistock/cabinet/hd/sp.gif"" height=""5""></div>






<div><img src=""http://image.rakuten.co.jp/medistock/cabinet/p_img/bn_ato.gif"" width=""468"" alt=""ＮＰ後払い"" border=""0""></div>
<div><img src=""http://image.rakuten.co.jp/medistock/cabinet/hd/sp.gif"" height=""5""></div>


</td></tr></table>",【第3類医薬品】【湧永製薬】エナックW　540錠【RCP】【02P03Dec16】：あんしん通販　リリーフ,【第3類医薬品】【湧永製薬】エナックW　540錠【RCP】【02P03Dec16】,【第3類医薬品】【湧永製薬】エナックW　540錠【RCP】【02P03Dec16】[rn]
28-87581,http://tshop.r10s.jp/anshin-relief/cabinet/vitamin/0808010002.jpg?fitin=700:700,1536.0000,,,【第3類医薬品】【第一三共ヘルスケア】新エバユースＢ２６　250錠【RCP】【02P03Dec16】,,"<center>
<table bgcolor=""#cc0000"" width=""750"" border=""0"" cellpadding=""0"" cellspacing=""2""><tr><td>
<table bgcolor=""#ffffcc"" width=""100%"" border=""0"" cellpadding=""5"" cellspacing=""0"" style=""font-size:14px;line-height:1.2;""><tr><td>
<font color=""#333333"">
<div align=""center""><font color=""#ff0000"" size=6><b>【お客様へ】本商品は医薬品です。</b></font></div>
<font color=""#660000"" size=4><b>商品名に付記されてございます<a href=""http://item.rakuten.co.jp/anshin-relief/c/0000000111/"">【リスク分類】</a>をよくご確認の上、ご購入下さい。
また、医薬品は使用上の注意をよく読んだ上で、それに従い適切に使用して下さい。</b></font>
<hr>
<font color=""#cc0000""><b>
※医薬品のご購入について(1)：医薬品をご購入できるのは“18歳以上の楽天会員さま”のみとなっております。<br>
※医薬品のご購入について(2)：医薬品ごとに購入数の制限を設けております。
</b></font>
<hr>
<font color=""#003366""><b>【医薬品による健康被害の救済に関する制度】</b></font>医薬品副作用被害救済制度に基づき、独立行政法人 医薬品医療機器総合機構（救済制度窓口 0120-149-931）へご相談ください。<br>
<hr>
<font color=""#003366""><b>【広告文責 株式会社メディスンプラス】</b></font>フリーダイヤル：０１２０－２０５－９０４（※土日・祝祭日は休業）<br>管理薬剤師：稗圃賢輔（薬剤師免許証 第124203号 長崎県） ※相談応需可能時間：営業時間内
<hr><font color=""#ff0000""><b>【お客様へ】</b></font>お薬に関するご相談がございましたら、<a href=""http://item.rakuten.co.jp/anshin-relief/c/0000000110/"" target=""_blank""><b>こちら</b></a>へお問い合わせください。
</font>
</td></tr></table></td></tr></table>
</center><!--info_txt--><table border=0 width=380><tr><td><font style=""font-size:14px;line-height:1.2;"">
<hr color=#ccffcc size=2><font style=""font-size:22px;"">活用しよう「医療費控除制度」！</font><hr color=#ccffcc size=2>
本商品（医薬品）をご購入された金額が、
<font color=""#ff0000"">ご自分と扶養家族の分も含めて年間で「合計１０万円（税込）」を超えた場合</font>
、確定申告をすることにより、所得税が一部還付されたり、翌年の住民税が減額される制度があります。<br>
詳しくは厚生労働省か、最寄りの関係機関へお問い合わせください。
</font></td></tr></table>
<table border=0 width=380><tr><td><font style=""font-size:14px;""><hr color=#ccffcc size=2><font color=#0066ff>◆</font><b>メーカー</b>（※製造国又は原産国：日本）<font color=#0066ff>◆</font><hr color=#ccffcc size=2>第一三共ヘルスケア株式会社<br>〒103-8234 東京都中央区日本橋三丁目14番10号<br>お客様相談室 ： 0120-337-336（フリーダイヤル）<br>受付時間 ： 9時から17時（土・日・祝日、休業日を除く）<hr color=#ccffcc size=2><font color=#0066ff>◆</font><b>特徴</b><font color=#0066ff>◆</font><hr color=#ccffcc size=2>「新エバユース B26 180錠」は、ビタミンB2、ビタミンB6、ビタミンC、ビタミンHなどのビタミン類に加え、アミノ酸や生薬成分を配合した、肌あれ、ニキビ等のお肌のトラブルを改善し、健康な素肌に保つビタミン剤です。<br>お肌の新陳代謝に関与するアミノ酸「L-システイン」や、ヨクイニンエキス(ハトムギ由来)のエキスなども配合。<br>シュガーフリーのフィルムコート錠で、7歳から服用できます。<br>180錠入り。医薬品。 <hr color=#ccffcc size=2><font color=#0066ff>◆</font><b>効果・効能</b><font color=#0066ff>◆</font><hr color=#ccffcc size=2>●次の諸症状の緩和<br>肌あれ、にきび、口内炎、皮膚炎、しっしん、かぶれ、ただれ、口角炎、口唇炎、舌炎<br>「ただし、これらの症状について、1か月ほど使用しても改善がみられない場合は、医師または薬剤師にご相談ください。」<br>●次の場合のビタミンB2B6の補給<br>肉体疲労時、妊娠・授乳期、病中病後の体力低下時<hr color=#ccffcc size=2><font color=#0066ff>◆</font><b>用法・用量</b><font color=#0066ff>◆</font><hr color=#ccffcc size=2>次の量を服用してください。<br>15歳以上：1回2錠1日1回<br>7歳-15歳未満：1回1錠1日1回<br>7歳未満：服用しないこと<hr color=#ccffcc size=2><font color=#0066ff>◆</font><b>成分・分量</b><font color=#0066ff>◆</font><hr color=#ccffcc size=2>本剤は、淡赤色のフィルムコート錠で、2錠中に次の成分を含有する。<br>酪酸リボフラビン(ビタミンB2酪酸エステル)-20mg<br>塩酸ピリドキシン(ビタミンB6)-100mg<br>アスコルビン酸(ビタミンC)-110mg<br>L-システイン-40mg<br>ヨクイニンエキス-107.7mg<br>(原生薬として-1.4g)<br>ニコチン酸アミド-30mg<br>ビオチン(ビタミンH)-0.05,mg<br>添加物：部分アルファー化デンプン、トウモロコシデンプン、ヒドロキシプロピルセルロース、CMC-カルシウム、ステアリン酸マグネシウム、ヒドロキシプロピルメチルセルロース、酸化チタン、タルク、黄色5号、三二酸化鉄<hr color=#ccffcc size=2><font color=#0066ff>◆</font><b>保管上の注意</b><font color=#0066ff>◆</font><hr color=#ccffcc size=2>
（1）直射日光の当たらない湿気の少ない涼しい所に密栓して保管してください。<br>
（2）小児の手の届かない所に保管してください。<br>
（3）他の容器に入れ替えないでください。誤用の原因になったり、品質が変わるおそれがあります。<br>
（4）使用期限をすぎた製品は、使用しないでください。 <br>
（5）容器の開封日記入欄に、開封した日付を記入してください。<br>
※その他、医薬品は使用上の注意をよく読んだ上で、それに従い適切に使用して下さい。<br>※ページ内で特に記載が無い場合、使用期限１年以上の商品をお届けしております。<!--info_txt-->
</font></td></tr></table><table width=""380"" border=""0"" style=""font-size:14px;line-height:1.2;""><tr><td><hr>※添付文書←<font color=#ff0000><b>詳細の商品情報はこちら</b></font><hr><font color=""#ff0000""><b>【お客様へ】</b></font>お薬に関するご相談がございましたら、<b>こちら</b>へお問い合わせください。</td></tr></table><table border=0 width=380 style=""font-size:12px;line-height:1.2;""><tr><td><font color=#000088><hr>※パッケージデザイン等が予告なく変更される場合もあります。<br>※商品廃番・メーカー欠品など諸事情によりお届けできない場合がございます。<hr></font></td></tr></table>
<table border=0 width=380 style=""font-size:12px;line-height:1.2;""><tr><td>商品区分：【第3類医薬品】<br>【広告文責】株式会社メディスンプラス：0120-205-904 ※休業日 土日・祝祭日<br>文責者名：稗圃 賢輔（管理薬剤師）</td></tr></table><!-- ▼左フロートバナー 表示 CSS & TAG セット -->
<link rel=""stylesheet"" href=""http://www.rakuten.ne.jp/gold/medistock/css_flt/fb_l_r.css"" type=""text/css"" />
<div id=""flt_l1""></div>
<!--Ｗオマケ-->
<div id=""flt_l2""></div>
<!--還元 Q10-->
<div id=""flt_l3""></div>
<!--ワゴンセール-->
<div id=""flt_l4""></div>
<!--送料無料-->
<div id=""flt_l5""></div>
<!-- Mプラ -->
<div id=""flt_l6""></div>
<!-- none -->
<div id=""flt_l7""></div>
<!-- ▲左フロートバナー 表示 CSS & TAG セット -->

<!-- ▼右フロートバナー 表示 CSS & TAG セット -->
<link rel=""stylesheet"" href=""http://www.rakuten.ne.jp/gold/medistock/css_flt/fb_r_m.css"" type=""text/css"" />
<!--プレ EXP-->
<div id=""flt_r1""></div>
<!--プレ レバ-->
<div id=""flt_r2""></div>
<!--花粉特集-->
<div id=""flt_r3""></div>
<!--なし-->
<div id=""flt_r4""></div>
<!--なし-->
<div id=""flt_r5""></div>
<!--ビタ ワゴン-->
<!--ゴールドA-->
<div id=""flt_r6""></div>
<!--なし-->
<div id=""flt_r7""></div>
<!-- ▲右フロートバナー 表示 CSS & TAG セット -->


<!-- ▼スライド -->
<center>
<div style=""width:710px; border:1px solid #fbc; padding:5px; margin-bottom:5px; background:#fff;"">

</div>
</center>
<!-- ▲スライド -->

<!--▼項目選択-->

<br>
<!--▲項目選択-->

<style type=""text/css"">
<!--
/*
body {
background-image:url(http://image.rakuten.co.jp/anshin-relief/cabinet/relief/tate150501rr.gif);
background-repeat:repeat-y;
background-position: right top;
}
*/
-->
</style>


<table width=""730"" border=""0""><tr><td align=""center"">

	<div><img src=""http://image.rakuten.co.jp/medistock/cabinet/hd/sp.gif"" height=""20""></div>



	<div><img src=""http://image.rakuten.co.jp/medistock/cabinet/banner/170520m.gif"" width=""468"" alt=""エントリー"" border=""0""></div>
	<div><img src=""http://image.rakuten.co.jp/medistock/cabinet/hd/sp.gif"" height=""5""></div>




	<div><img src=""http://image.rakuten.co.jp/medistock/cabinet/banner/1704win.jpg"" width=""468"" alt=""エントリー"" border=""0""></div>
	<div><img src=""http://image.rakuten.co.jp/medistock/cabinet/hd/sp.gif"" height=""5""></div>




	<div><img src=""http://image.rakuten.co.jp/medistock/cabinet/banner/160801ls.gif"" width=""468"" alt=""エントリー"" border=""0""></div>
	<div><img src=""http://image.rakuten.co.jp/medistock/cabinet/hd/sp.gif"" height=""5""></div>


	<div><img src=""http://image.rakuten.co.jp/medistock/cabinet/banner/160118pt7.jpg"" width=""468"" alt=""エントリー"" border=""0""></div>
	<div><img src=""http://image.rakuten.co.jp/medistock/cabinet/hd/sp.gif"" height=""5""></div>



	<div><img src=""http://image.rakuten.co.jp/medistock/cabinet/banner/160801nua.jpg"" width=""468"" alt=""エントリー"" border=""0""></div>
	<div><img src=""http://image.rakuten.co.jp/medistock/cabinet/hd/sp.gif"" height=""5""></div>


	<div><img src=""http://image.rakuten.co.jp/medistock/cabinet/banner/160506rgw.jpg"" width=""468"" alt=""エントリー"" border=""0""></div>
	<div><img src=""http://image.rakuten.co.jp/medistock/cabinet/hd/sp.gif"" height=""5""></div>







	<div><img src=""http://image.rakuten.co.jp/medistock/cabinet/banner/161201tb05p.jpg"" width=""468"" alt=""ツールバーPt2"" border=""0""></div>
	<div><img src=""http://image.rakuten.co.jp/medistock/cabinet/hd/sp.gif"" height=""5""></div>



	<div><img src=""http://image.rakuten.co.jp/medistock/cabinet/banner/160601tb10.jpg"" width=""468"" alt=""初ツールバー"" border=""0""></div>
	<div><img src=""http://image.rakuten.co.jp/medistock/cabinet/hd/sp.gif"" height=""5""></div>



	<div><img src=""http://image.rakuten.co.jp/medistock/cabinet/banner/151101app.jpg"" width=""468"" alt=""エントリー"" border=""0""></div>
	<div><img src=""http://image.rakuten.co.jp/medistock/cabinet/hd/sp.gif"" height=""5""></div>






<div><img src=""http://image.rakuten.co.jp/medistock/cabinet/p_img/bn_ato.gif"" width=""468"" alt=""ＮＰ後払い"" border=""0""></div>
<div><img src=""http://image.rakuten.co.jp/medistock/cabinet/hd/sp.gif"" height=""5""></div>


</td></tr></table>",【第3類医薬品】【第一三共ヘルスケア】新エバユースＢ２６　250錠【RCP】【02P03Dec16】：あんしん通販　リリーフ,【第3類医薬品】【第一三共ヘルスケア】新エバユースＢ２６　250錠【RCP】【02P03Dec16】,【第3類医薬品】【第一三共ヘルスケア】新エバユースＢ２６　250錠【RCP】【02P03Dec16】[rn]
28-87582,http://tshop.r10s.jp/anshin-relief/cabinet/item/4987028124153.jpg?fitin=700:700,2591.2000,,,【第3類医薬品】【エーザイ】チョコラＢＢルーセントＣ　180錠【RCP】【02P03Dec16】,,"<center>
<table bgcolor=""#cc0000"" width=""750"" border=""0"" cellpadding=""0"" cellspacing=""2""><tr><td>
<table bgcolor=""#ffffcc"" width=""100%"" border=""0"" cellpadding=""5"" cellspacing=""0"" style=""font-size:14px;line-height:1.2;""><tr><td>
<font color=""#333333"">
<div align=""center""><font color=""#ff0000"" size=6><b>【お客様へ】本商品は医薬品です。</b></font></div>
<font color=""#660000"" size=4><b>商品名に付記されてございます<a href=""http://item.rakuten.co.jp/anshin-relief/c/0000000111/"">【リスク分類】</a>をよくご確認の上、ご購入下さい。
また、医薬品は使用上の注意をよく読んだ上で、それに従い適切に使用して下さい。</b></font>
<hr>
<font color=""#cc0000""><b>
※医薬品のご購入について(1)：医薬品をご購入できるのは“18歳以上の楽天会員さま”のみとなっております。<br>
※医薬品のご購入について(2)：医薬品ごとに購入数の制限を設けております。
</b></font>
<hr>
<font color=""#003366""><b>【医薬品による健康被害の救済に関する制度】</b></font>医薬品副作用被害救済制度に基づき、独立行政法人 医薬品医療機器総合機構（救済制度窓口 0120-149-931）へご相談ください。<br>
<hr>
<font color=""#003366""><b>【広告文責 株式会社メディスンプラス】</b></font>フリーダイヤル：０１２０－２０５－９０４（※土日・祝祭日は休業）<br>管理薬剤師：稗圃賢輔（薬剤師免許証 第124203号 長崎県） ※相談応需可能時間：営業時間内
<hr><font color=""#ff0000""><b>【お客様へ】</b></font>お薬に関するご相談がございましたら、<a href=""http://item.rakuten.co.jp/anshin-relief/c/0000000110/"" target=""_blank""><b>こちら</b></a>へお問い合わせください。
</font>
</td></tr></table></td></tr></table>
</center><!--info_txt--><table border=0 width=380><tr><td><font style=""font-size:14px;line-height:1.2;"">
<hr color=#ccffcc size=2><font style=""font-size:22px;"">活用しよう「医療費控除制度」！</font><hr color=#ccffcc size=2>
本商品（医薬品）をご購入された金額が、
<font color=""#ff0000"">ご自分と扶養家族の分も含めて年間で「合計１０万円（税込）」を超えた場合</font>
、確定申告をすることにより、所得税が一部還付されたり、翌年の住民税が減額される制度があります。<br>
詳しくは厚生労働省か、最寄りの関係機関へお問い合わせください。
</font></td></tr></table>
<table border=0 width=380><tr><td><font style=""font-size:14px;""><hr color=#ccffcc size=2><font color=#0066ff>◆</font><b>メーカー</b>（※製造国又は原産国：日本）<font color=#0066ff>◆</font><hr color=#ccffcc size=2>エーザイ株式会社<br>〒112-8088 東京都文京区小石川4-6-10 <br>お客様ホットライン室 ： 0120-151-454（フリーダイヤル）<br>受付時間 ： 平日 9時から18時（土・日・祝日は、9時から17時）<hr color=#ccffcc size=2><font color=#0066ff>◆</font><b>特　長</b><font color=#0066ff>◆</font><hr color=#ccffcc size=2>●チョコラBBルーセントCは、ビタミンC600mgとL-システイン240mgを配合し、表皮の下からメラニンを無色化していきます。ビタミンB2・B6配合で、肌の代謝(ターンオーバー)を正常化し、シミ、そばかすを緩和して本来のキレイな肌を取り戻していきます。<br>医薬品<hr color=#ccffcc size=2><font color=#0066ff>◆</font><b>効果・効能</b><font color=#0066ff>◆</font><hr color=#ccffcc size=2>・次の諸症状の緩和：しみ、そばかす、日やけ・かぶれによる色素沈着<br>・次の場合のビタミンCの補給：肉体疲労時、妊娠・授乳期、病中病後の体力低下時、老年期<br>・次の場合の出血予防：歯ぐきからの出血、鼻出血<br>※ただし、上記1および3の症状について、1カ月ほど使用しても改善がみられない場合は、医師、薬剤師又は歯科医師に相談すること。<hr color=#ccffcc size=2><font color=#0066ff>◆</font><b>用法・用量</b><font color=#0066ff>◆</font><hr color=#ccffcc size=2>1回量／1日服用回数<br>・次の量を食前又は食後に水またはお湯で服用してください。<br>成人(15歳以上)・・・2錠／3回<br>7歳以上15歳未満・・・1錠／3回<br>7歳未満・・・服用しないこと<hr color=#ccffcc size=2><font color=#0066ff>◆</font><b>成分・分量</b><font color=#0066ff>◆</font><hr color=#ccffcc size=2>成人1日量6錠中<br>アスコルビン酸(ビタミンC)・・・600mg、L-システイン・・・240mg、リボフラビンリン酸エステルナトリウム(ビタミンB2リン酸エステル)・・・15mg、ピリドキシン塩酸塩(ビタミンB6)・・・20mg、コハク酸d-α-トコフェロール(天然型ビタミンE)・・・100mg、ニコチン酸アミド・・・25mg、添加物・・・タルク、ヒドロキシプロピルセルロース、酸化チタン、ステアリン酸Mg、セルロース、ヒプロメロース、マクロゴールを含有<hr color=#ccffcc size=2><font color=#0066ff>◆</font><b>保管上の注意</b><font color=#0066ff>◆</font><hr color=#ccffcc size=2>
（1）直射日光の当たらない湿気の少ない涼しい所に密栓して保管してください。<br>
（2）小児の手の届かない所に保管してください。<br>
（3）他の容器に入れ替えないでください。誤用の原因になったり、品質が変わるおそれがあります。<br>
（4）使用期限をすぎた製品は、使用しないでください。 <br>
（5）容器の開封日記入欄に、開封した日付を記入してください。<br>
※その他、医薬品は使用上の注意をよく読んだ上で、それに従い適切に使用して下さい。<br>※ページ内で特に記載が無い場合、使用期限１年以上の商品をお届けしております。<!--info_txt-->
</font></td></tr></table><table width=""380"" border=""0"" style=""font-size:14px;line-height:1.2;""><tr><td><hr>※添付文書←<font color=#ff0000><b>詳細の商品情報はこちら</b></font><hr><font color=""#ff0000""><b>【お客様へ】</b></font>お薬に関するご相談がございましたら、<b>こちら</b>へお問い合わせください。</td></tr></table><table border=0 width=380 style=""font-size:12px;line-height:1.2;""><tr><td><font color=#000088><hr>※パッケージデザイン等が予告なく変更される場合もあります。<br>※商品廃番・メーカー欠品など諸事情によりお届けできない場合がございます。<hr></font></td></tr></table>
<table border=0 width=380 style=""font-size:12px;line-height:1.2;""><tr><td>商品区分：【第3類医薬品】<br>【広告文責】株式会社メディスンプラス：0120-205-904 ※休業日 土日・祝祭日<br>文責者名：稗圃 賢輔（管理薬剤師）</td></tr></table><!-- ▼左フロートバナー 表示 CSS & TAG セット -->
<link rel=""stylesheet"" href=""http://www.rakuten.ne.jp/gold/medistock/css_flt/fb_l_r.css"" type=""text/css"" />
<div id=""flt_l1""></div>
<!--Ｗオマケ-->
<div id=""flt_l2""></div>
<!--還元 Q10-->
<div id=""flt_l3""></div>
<!--ワゴンセール-->
<div id=""flt_l4""></div>
<!--送料無料-->
<div id=""flt_l5""></div>
<!-- Mプラ -->
<div id=""flt_l6""></div>
<!-- none -->
<div id=""flt_l7""></div>
<!-- ▲左フロートバナー 表示 CSS & TAG セット -->

<!-- ▼右フロートバナー 表示 CSS & TAG セット -->
<link rel=""stylesheet"" href=""http://www.rakuten.ne.jp/gold/medistock/css_flt/fb_r_m.css"" type=""text/css"" />
<!--プレ EXP-->
<div id=""flt_r1""></div>
<!--プレ レバ-->
<div id=""flt_r2""></div>
<!--花粉特集-->
<div id=""flt_r3""></div>
<!--なし-->
<div id=""flt_r4""></div>
<!--なし-->
<div id=""flt_r5""></div>
<!--ビタ ワゴン-->
<!--ゴールドA-->
<div id=""flt_r6""></div>
<!--なし-->
<div id=""flt_r7""></div>
<!-- ▲右フロートバナー 表示 CSS & TAG セット -->


<!-- ▼スライド -->
<center>
<div style=""width:710px; border:1px solid #fbc; padding:5px; margin-bottom:5px; background:#fff;"">

</div>
</center>
<!-- ▲スライド -->

<!--▼項目選択-->

<br>
<!--▲項目選択-->

<style type=""text/css"">
<!--
/*
body {
background-image:url(http://image.rakuten.co.jp/anshin-relief/cabinet/relief/tate150501rr.gif);
background-repeat:repeat-y;
background-position: right top;
}
*/
-->
</style>


<table width=""730"" border=""0""><tr><td align=""center"">

	<div><img src=""http://image.rakuten.co.jp/medistock/cabinet/hd/sp.gif"" height=""20""></div>



	<div><img src=""http://image.rakuten.co.jp/medistock/cabinet/banner/170520m.gif"" width=""468"" alt=""エントリー"" border=""0""></div>
	<div><img src=""http://image.rakuten.co.jp/medistock/cabinet/hd/sp.gif"" height=""5""></div>




	<div><img src=""http://image.rakuten.co.jp/medistock/cabinet/banner/1704win.jpg"" width=""468"" alt=""エントリー"" border=""0""></div>
	<div><img src=""http://image.rakuten.co.jp/medistock/cabinet/hd/sp.gif"" height=""5""></div>




	<div><img src=""http://image.rakuten.co.jp/medistock/cabinet/banner/160801ls.gif"" width=""468"" alt=""エントリー"" border=""0""></div>
	<div><img src=""http://image.rakuten.co.jp/medistock/cabinet/hd/sp.gif"" height=""5""></div>


	<div><img src=""http://image.rakuten.co.jp/medistock/cabinet/banner/160118pt7.jpg"" width=""468"" alt=""エントリー"" border=""0""></div>
	<div><img src=""http://image.rakuten.co.jp/medistock/cabinet/hd/sp.gif"" height=""5""></div>



	<div><img src=""http://image.rakuten.co.jp/medistock/cabinet/banner/160801nua.jpg"" width=""468"" alt=""エントリー"" border=""0""></div>
	<div><img src=""http://image.rakuten.co.jp/medistock/cabinet/hd/sp.gif"" height=""5""></div>


	<div><img src=""http://image.rakuten.co.jp/medistock/cabinet/banner/160506rgw.jpg"" width=""468"" alt=""エントリー"" border=""0""></div>
	<div><img src=""http://image.rakuten.co.jp/medistock/cabinet/hd/sp.gif"" height=""5""></div>







	<div><img src=""http://image.rakuten.co.jp/medistock/cabinet/banner/161201tb05p.jpg"" width=""468"" alt=""ツールバーPt2"" border=""0""></div>
	<div><img src=""http://image.rakuten.co.jp/medistock/cabinet/hd/sp.gif"" height=""5""></div>



	<div><img src=""http://image.rakuten.co.jp/medistock/cabinet/banner/160601tb10.jpg"" width=""468"" alt=""初ツールバー"" border=""0""></div>
	<div><img src=""http://image.rakuten.co.jp/medistock/cabinet/hd/sp.gif"" height=""5""></div>



	<div><img src=""http://image.rakuten.co.jp/medistock/cabinet/banner/151101app.jpg"" width=""468"" alt=""エントリー"" border=""0""></div>
	<div><img src=""http://image.rakuten.co.jp/medistock/cabinet/hd/sp.gif"" height=""5""></div>






<div><img src=""http://image.rakuten.co.jp/medistock/cabinet/p_img/bn_ato.gif"" width=""468"" alt=""ＮＰ後払い"" border=""0""></div>
<div><img src=""http://image.rakuten.co.jp/medistock/cabinet/hd/sp.gif"" height=""5""></div>


</td></tr></table>",【第3類医薬品】【エーザイ】チョコラＢＢルーセントＣ　180錠【RCP】【02P03Dec16】：あんしん通販　リリーフ,【第3類医薬品】【エーザイ】チョコラＢＢルーセントＣ　180錠【RCP】【02P03Dec16】,【第3類医薬品】【エーザイ】チョコラＢＢルーセントＣ　180錠【RCP】【02P03Dec16】[rn]
28-87583,http://tshop.r10s.jp/anshin-relief/cabinet/vitamin/4987300056714.jpg?fitin=700:700,1908.8000,,,【第3類医薬品】【エスエス製薬】ハイチオールＣプラス180錠【RCP】【02P03Dec16】,,"<center>
<table bgcolor=""#cc0000"" width=""750"" border=""0"" cellpadding=""0"" cellspacing=""2""><tr><td>
<table bgcolor=""#ffffcc"" width=""100%"" border=""0"" cellpadding=""5"" cellspacing=""0"" style=""font-size:14px;line-height:1.2;""><tr><td>
<font color=""#333333"">
<div align=""center""><font color=""#ff0000"" size=6><b>【お客様へ】本商品は医薬品です。</b></font></div>
<font color=""#660000"" size=4><b>商品名に付記されてございます<a href=""http://item.rakuten.co.jp/anshin-relief/c/0000000111/"">【リスク分類】</a>をよくご確認の上、ご購入下さい。
また、医薬品は使用上の注意をよく読んだ上で、それに従い適切に使用して下さい。</b></font>
<hr>
<font color=""#cc0000""><b>
※医薬品のご購入について(1)：医薬品をご購入できるのは“18歳以上の楽天会員さま”のみとなっております。<br>
※医薬品のご購入について(2)：医薬品ごとに購入数の制限を設けております。
</b></font>
<hr>
<font color=""#003366""><b>【医薬品による健康被害の救済に関する制度】</b></font>医薬品副作用被害救済制度に基づき、独立行政法人 医薬品医療機器総合機構（救済制度窓口 0120-149-931）へご相談ください。<br>
<hr>
<font color=""#003366""><b>【広告文責 株式会社メディスンプラス】</b></font>フリーダイヤル：０１２０－２０５－９０４（※土日・祝祭日は休業）<br>管理薬剤師：稗圃賢輔（薬剤師免許証 第124203号 長崎県） ※相談応需可能時間：営業時間内
<hr><font color=""#ff0000""><b>【お客様へ】</b></font>お薬に関するご相談がございましたら、<a href=""http://item.rakuten.co.jp/anshin-relief/c/0000000110/"" target=""_blank""><b>こちら</b></a>へお問い合わせください。
</font>
</td></tr></table></td></tr></table>
</center><!--info_txt--><table border=0 width=380><tr><td><font style=""font-size:14px;line-height:1.2;"">
<hr color=#ccffcc size=2><font style=""font-size:22px;"">活用しよう「医療費控除制度」！</font><hr color=#ccffcc size=2>
本商品（医薬品）をご購入された金額が、
<font color=""#ff0000"">ご自分と扶養家族の分も含めて年間で「合計１０万円（税込）」を超えた場合</font>
、確定申告をすることにより、所得税が一部還付されたり、翌年の住民税が減額される制度があります。<br>
詳しくは厚生労働省か、最寄りの関係機関へお問い合わせください。
</font></td></tr></table>
<table border=0 width=380><tr><td><font style=""font-size:14px;"">
<hr color=#ccffcc size=2><font color=#0066ff>◆</font><b>特　長</b><font color=#0066ff>◆</font><hr color=#ccffcc size=2>
リスク分類：第３類医薬品。ハイチオールCプラスは、代謝を助けることによってシミと全身倦怠（疲れ・だるさ）の両方に効果を発揮するお薬です。<br>
シミの原因であるメラニンの過剰な生成を抑制し、肌に沈着した黒色メラニンを無色化し、さらに肌の代謝(ターンオーバー)を助けて過剰にできたメラニンをスムーズに排出します。<br>
また、栄養素をエネルギーに変換する酵素の働きを助け、体の代謝(体内エネルギーの産生)を助けることで疲れやだるさにも効果を発揮します。
<hr color=#ccffcc size=2><font color=#0066ff>◆</font><b>メーカー</b>（※製造国又は原産国：日本）<font color=#0066ff>◆</font><hr color=#ccffcc size=2>エスエス製薬株式会社<br>〒103-8481 東京都中央区日本橋浜町2丁目12番4号<br>お客様相談室 ： 0120-028-193（フリーダイヤル）<br>受付時間 ： 9時から17時30分（土・日・祝日を除く）<hr color=#ccffcc size=2><font color=#0066ff>◆</font><b>効果・効能</b><font color=#0066ff>◆</font><hr color=#ccffcc size=2>
しみ・そばかす・日やけなどの色素沈着症<br>全身倦怠<br>二日酔<br>にきび、湿疹、じんましん、かぶれ、くすりまけ
<hr color=#ccffcc size=2><font color=#0066ff>◆</font><b>用法・用量</b><font color=#0066ff>◆</font><hr color=#ccffcc size=2>
次の１回量を１日3回服用します。<br>成人（15才以上） 2錠<br>7～14才 1錠<br>7才未満 服用しないこと
<hr color=#ccffcc size=2><font color=#0066ff>◆</font><b>成分・分量</b><font color=#0066ff>◆</font><hr color=#ccffcc size=2>
6錠（成人1日量）中<br>L - システイン 240mg<br>アスコルビン酸（ビタミンC） 500mg<br>パントテン酸カルシウム 24mg<br>添加物として、無水ケイ酸、セルロース、乳酸Ｃａ、白糖、ヒドロキシプロピルセルロース、ヒプロメロース、炭酸Ｃａ、カルナウバロウ、ステアリン酸Ｍｇ、タルク、酸化チタン、トウモロコシデンプン、プルラン、ポリオキシエチレンポリオキシプロピレングリコールを含有します。 
<hr color=#ccffcc size=2><font color=#0066ff>◆</font><b>使用上の注意</b><font color=#0066ff>◆</font><hr color=#ccffcc size=2>
相談すること<br>
1．次の場合は、直ちに服用を中止し、商品説明書を持って医師又は薬剤師に相談してください。<br>
（1）服用後、次の症状があらわれた場合。<br>
[関係部位：症状]<br>
皮ふ：発疹<br>
消化器：悪心・嘔吐、腹痛<br>
（2）しばらく服用しても症状がよくならない場合。<br>
2．次の症状があらわれることがあるので、このような症状の継続又は増強がみられた場合には、服用を中止し、医師又は薬剤師に相談してください。<br>
：下痢 
<hr color=#ccffcc size=2><font color=#0066ff>◆</font><b>保管上の注意</b><font color=#0066ff>◆</font><hr color=#ccffcc size=2>
（1）直射日光の当たらない湿気の少ない涼しい所に密栓して保管してください。<br>
（2）小児の手の届かない所に保管してください。<br>
（3）他の容器に入れ替えないでください。誤用の原因になったり、品質が変わるおそれがあります。<br>
（4）使用期限をすぎた製品は、使用しないでください。 <br>
（5）容器の開封日記入欄に、開封した日付を記入してください。<br>
※その他、医薬品は使用上の注意をよく読んだ上で、それに従い適切に使用して下さい。<br>※ページ内で特に記載が無い場合、使用期限１年以上の商品をお届けしております。<br>※ページ内で特に記載が無い場合、使用期限１年以上の商品をお届けしております。 
<!--info_txt-->
</font></td></tr></table><table width=""380"" border=""0"" style=""font-size:14px;line-height:1.2;""><tr><td><hr>※添付文書←<font color=#ff0000><b>詳細の商品情報はこちら</b></font><hr><font color=""#ff0000""><b>【お客様へ】</b></font>お薬に関するご相談がございましたら、<b>こちら</b>へお問い合わせください。</td></tr></table>
<table border=0 width=380 style=""font-size:12px;line-height:1.2;""><tr><td><font color=#000088><hr>※パッケージデザイン等が予告なく変更される場合もあります。<br>※商品廃番・メーカー欠品など諸事情によりお届けできない場合がございます。<hr></font></td></tr></table>
<table border=0 width=380 style=""font-size:12px;line-height:1.2;""><tr><td>商品区分：【第3類医薬品】<br>【広告文責】株式会社メディスンプラス：0120-205-904 ※休業日 土日・祝祭日<br>文責者名：稗圃 賢輔（管理薬剤師）</td></tr></table><!-- ▼左フロートバナー 表示 CSS & TAG セット -->
<link rel=""stylesheet"" href=""http://www.rakuten.ne.jp/gold/medistock/css_flt/fb_l_r.css"" type=""text/css"" />
<div id=""flt_l1""></div>
<!--Ｗオマケ-->
<div id=""flt_l2""></div>
<!--還元 Q10-->
<div id=""flt_l3""></div>
<!--ワゴンセール-->
<div id=""flt_l4""></div>
<!--送料無料-->
<div id=""flt_l5""></div>
<!-- Mプラ -->
<div id=""flt_l6""></div>
<!-- none -->
<div id=""flt_l7""></div>
<!-- ▲左フロートバナー 表示 CSS & TAG セット -->

<!-- ▼右フロートバナー 表示 CSS & TAG セット -->
<link rel=""stylesheet"" href=""http://www.rakuten.ne.jp/gold/medistock/css_flt/fb_r_m.css"" type=""text/css"" />
<!--プレ EXP-->
<div id=""flt_r1""></div>
<!--プレ レバ-->
<div id=""flt_r2""></div>
<!--花粉特集-->
<div id=""flt_r3""></div>
<!--なし-->
<div id=""flt_r4""></div>
<!--なし-->
<div id=""flt_r5""></div>
<!--ビタ ワゴン-->
<!--ゴールドA-->
<div id=""flt_r6""></div>
<!--なし-->
<div id=""flt_r7""></div>
<!-- ▲右フロートバナー 表示 CSS & TAG セット -->


<!-- ▼スライド -->
<center>
<div style=""width:710px; border:1px solid #fbc; padding:5px; margin-bottom:5px; background:#fff;"">

</div>
</center>
<!-- ▲スライド -->

<!--▼項目選択-->

<br>
<!--▲項目選択-->

<style type=""text/css"">
<!--
/*
body {
background-image:url(http://image.rakuten.co.jp/anshin-relief/cabinet/relief/tate150501rr.gif);
background-repeat:repeat-y;
background-position: right top;
}
*/
-->
</style>


<table width=""730"" border=""0""><tr><td align=""center"">

	<div><img src=""http://image.rakuten.co.jp/medistock/cabinet/hd/sp.gif"" height=""20""></div>



	<div><img src=""http://image.rakuten.co.jp/medistock/cabinet/banner/170520m.gif"" width=""468"" alt=""エントリー"" border=""0""></div>
	<div><img src=""http://image.rakuten.co.jp/medistock/cabinet/hd/sp.gif"" height=""5""></div>




	<div><img src=""http://image.rakuten.co.jp/medistock/cabinet/banner/1704win.jpg"" width=""468"" alt=""エントリー"" border=""0""></div>
	<div><img src=""http://image.rakuten.co.jp/medistock/cabinet/hd/sp.gif"" height=""5""></div>




	<div><img src=""http://image.rakuten.co.jp/medistock/cabinet/banner/160801ls.gif"" width=""468"" alt=""エントリー"" border=""0""></div>
	<div><img src=""http://image.rakuten.co.jp/medistock/cabinet/hd/sp.gif"" height=""5""></div>


	<div><img src=""http://image.rakuten.co.jp/medistock/cabinet/banner/160118pt7.jpg"" width=""468"" alt=""エントリー"" border=""0""></div>
	<div><img src=""http://image.rakuten.co.jp/medistock/cabinet/hd/sp.gif"" height=""5""></div>



	<div><img src=""http://image.rakuten.co.jp/medistock/cabinet/banner/160801nua.jpg"" width=""468"" alt=""エントリー"" border=""0""></div>
	<div><img src=""http://image.rakuten.co.jp/medistock/cabinet/hd/sp.gif"" height=""5""></div>


	<div><img src=""http://image.rakuten.co.jp/medistock/cabinet/banner/160506rgw.jpg"" width=""468"" alt=""エントリー"" border=""0""></div>
	<div><img src=""http://image.rakuten.co.jp/medistock/cabinet/hd/sp.gif"" height=""5""></div>







	<div><img src=""http://image.rakuten.co.jp/medistock/cabinet/banner/161201tb05p.jpg"" width=""468"" alt=""ツールバーPt2"" border=""0""></div>
	<div><img src=""http://image.rakuten.co.jp/medistock/cabinet/hd/sp.gif"" height=""5""></div>



	<div><img src=""http://image.rakuten.co.jp/medistock/cabinet/banner/160601tb10.jpg"" width=""468"" alt=""初ツールバー"" border=""0""></div>
	<div><img src=""http://image.rakuten.co.jp/medistock/cabinet/hd/sp.gif"" height=""5""></div>



	<div><img src=""http://image.rakuten.co.jp/medistock/cabinet/banner/151101app.jpg"" width=""468"" alt=""エントリー"" border=""0""></div>
	<div><img src=""http://image.rakuten.co.jp/medistock/cabinet/hd/sp.gif"" height=""5""></div>






<div><img src=""http://image.rakuten.co.jp/medistock/cabinet/p_img/bn_ato.gif"" width=""468"" alt=""ＮＰ後払い"" border=""0""></div>
<div><img src=""http://image.rakuten.co.jp/medistock/cabinet/hd/sp.gif"" height=""5""></div>


</td></tr></table>",【第3類医薬品】【エスエス製薬】ハイチオールＣプラス180錠【RCP】【02P03Dec16】：あんしん通販　リリーフ,【第3類医薬品】【エスエス製薬】ハイチオールＣプラス180錠【RCP】【02P03Dec16】,【第3類医薬品】【エスエス製薬】ハイチオールＣプラス180錠【RCP】【02P03Dec16】[rn]
28-87584,http://tshop.r10s.jp/anshin-relief/cabinet/vitamin/img10262363499.jpg?fitin=700:700,3640.8000,,,【第3類医薬品】【岩城製薬】アスコルビン酸ビタミンC原末 500g【RCP】【02P03Dec16】,,"<center>
<table bgcolor=""#cc0000"" width=""750"" border=""0"" cellpadding=""0"" cellspacing=""2""><tr><td>
<table bgcolor=""#ffffcc"" width=""100%"" border=""0"" cellpadding=""5"" cellspacing=""0"" style=""font-size:14px;line-height:1.2;""><tr><td>
<font color=""#333333"">
<div align=""center""><font color=""#ff0000"" size=6><b>【お客様へ】本商品は医薬品です。</b></font></div>
<font color=""#660000"" size=4><b>商品名に付記されてございます<a href=""http://item.rakuten.co.jp/mprice-shop/c/0000000111/"">【リスク分類】</a>をよくご確認の上、ご購入下さい。
また、医薬品は使用上の注意をよく読んだ上で、それに従い適切に使用して下さい。</b></font>
<hr>
<font color=""#cc0000""><b>
※医薬品のご購入について(1)：医薬品をご購入できるのは“18歳以上の楽天会員さま”のみとなっております。<br>
※医薬品のご購入について(2)：医薬品ごとに購入数の制限を設けております。
</b></font>
<hr>
<font color=""#003366""><b>【医薬品による健康被害の救済に関する制度】</b></font>医薬品副作用被害救済制度に基づき、独立行政法人 医薬品医療機器総合機構（救済制度窓口 0120-149-931）へご相談ください。<br>
<hr>
<font color=""#003366""><b>【広告文責 株式会社メディスンプラス】</b></font>フリーダイヤル：０１２０－２０５－９０４（※土日・祝祭日は休業）<br>管理薬剤師：稗圃賢輔（薬剤師免許証 第124203号 長崎県） ※相談応需可能時間：営業時間内
<hr><font color=""#ff0000""><b>【お客様へ】</b></font>お薬に関するご相談がございましたら、<a href=""http://item.rakuten.co.jp/mprice-shop/c/0000000110/"" target=""_blank""><b>こちら</b></a>へお問い合わせください。
</font>
</td></tr></table></td></tr></table>
</center>
<!--info_txt--><table border=0 width=380><tr><td><font style=""font-size:14px;line-height:1.2;"">
<hr color=#ccffcc size=2><font style=""font-size:22px;"">活用しよう「医療費控除制度」！</font><hr color=#ccffcc size=2>
本商品（医薬品）をご購入された金額が、
<font color=""#ff0000"">ご自分と扶養家族の分も含めて年間で「合計１０万円（税込）」を超えた場合</font>
、確定申告をすることにより、所得税が一部還付されたり、翌年の住民税が減額される制度があります。<br>
詳しくは厚生労働省か、最寄りの関係機関へお問い合わせください。
</font></td></tr></table>
<table border=0 width=380><tr><td><font style=""font-size:14px;"">
<hr color=#ccffcc size=2><font color=#0066ff>◆</font><b>特長・キャッチフレーズ</b><font color=#0066ff>◆</font><hr color=#ccffcc size=2>アスコルビン酸ビタミンC原末で、ビタミンC欠乏症の予防<div align=right>滋養強壮保健薬／ビタミン主薬製剤</div><hr color=#ccffcc size=2><font color=#0066ff>◆</font><b>メーカー</b>（※製造国又は原産国：日本）<font color=#0066ff>◆</font><hr color=#ccffcc size=2>岩城製薬株式会社<br>〒103-8434 東京都中央区日本橋小網町19-8　ＩＷ日本橋ビル<br>ヘルスケア部 03-3668-1573<br>受付時間 ： 9時から17時（土・日・祝日を除く）<hr color=#ccffcc size=2><font color=#0066ff>◆</font><b>効果・効能</b><font color=#0066ff>◆</font><hr color=#ccffcc size=2>1． ビタミンC欠乏症の予防および治療（壊血病、メルレル・バロー病） <br>2． ビタミンCの需要が増大し、食事からの摂取が不十分な際の補給（消耗性疾患、妊産婦、授乳婦、激しい肉体疲労時など） <br>3． 下記1）～6）の疾患のうち、ビタミンCの欠乏又は代謝障害が関与すると推定される場合。なおこの効能に対して効果ガがないのに月余にわたって漠然と使用するのは避けてください。<br>1）毛細血管出血（鼻出血、歯肉出血、決尿など）<br>2）薬物中毒<br>3）副腎皮質機能障害<br>4）骨折時の骨基質形成・骨癒合促進<br>5）肝斑・雀卵斑・炎症 <hr color=#ccffcc size=2><font color=#0066ff>◆</font><b>用法・用量</b><font color=#0066ff>◆</font><hr color=#ccffcc size=2>通常成人1日0.05g～2g（50mg～2000mg）を1～数回に分けて経口投与します。なお、年齢・症状により適宜増減します。添付のスプーンを計量の目安にご使用ください。 <hr color=#ccffcc size=2><font color=#0066ff>◆</font><b>成分・分量</b><font color=#0066ff>◆</font><hr color=#ccffcc size=2>L-アスコルビン酸99％以上含有<hr color=#ccffcc size=2><font color=#0066ff>◆</font><b>保管上の注意</b><font color=#0066ff>◆</font><hr color=#ccffcc size=2>
（1）直射日光の当たらない湿気の少ない涼しい所に密栓して保管してください。<br>
（2）小児の手の届かない所に保管してください。<br>
（3）他の容器に入れ替えないでください。誤用の原因になったり、品質が変わるおそれがあります。<br>
（4）使用期限をすぎた製品は、使用しないでください。 <br>
（5）容器の開封日記入欄に、開封した日付を記入してください。<br>
※その他、医薬品は使用上の注意をよく読んだ上で、それに従い適切に使用して下さい。<br>※ページ内で特に記載が無い場合、使用期限１年以上の商品をお届けしております。
<!--info_txt-->
</font></td></tr></table><table width=""380"" border=""0"" style=""font-size:14px;line-height:1.2;""><tr><td><hr>※添付文書←<font color=#ff0000><b>詳細の商品情報はこちら</b></font><hr><font color=""#ff0000""><b>【お客様へ】</b></font>お薬に関するご相談がございましたら、<b>こちら</b>へお問い合わせください。</td></tr></table><table border=0 width=380 style=""font-size:12px;line-height:1.2;""><tr><td><font color=#000088><hr>※パッケージデザイン等が予告なく変更される場合もあります。<br>※商品廃番・メーカー欠品など諸事情によりお届けできない場合がございます。<hr></font></td></tr></table>
<table border=0 width=380 style=""font-size:12px;line-height:1.2;""><tr><td>商品区分：【第3類医薬品】<br>【広告文責】株式会社メディスンプラス：0120-205-904 ※休業日 土日・祝祭日<br>文責者名：稗圃 賢輔（管理薬剤師）</td></tr></table><!-- ▼左フロートバナー 表示 CSS & TAG セット -->
<link rel=""stylesheet"" href=""http://www.rakuten.ne.jp/gold/medistock/css_flt/fb_l_r.css"" type=""text/css"" />
<div id=""flt_l1""></div>
<!--Ｗオマケ-->
<div id=""flt_l2""></div>
<!--還元 Q10-->
<div id=""flt_l3""></div>
<!--ワゴンセール-->
<div id=""flt_l4""></div>
<!--送料無料-->
<div id=""flt_l5""></div>
<!-- Mプラ -->
<div id=""flt_l6""></div>
<!-- none -->
<div id=""flt_l7""></div>
<!-- ▲左フロートバナー 表示 CSS & TAG セット -->

<!-- ▼右フロートバナー 表示 CSS & TAG セット -->
<link rel=""stylesheet"" href=""http://www.rakuten.ne.jp/gold/medistock/css_flt/fb_r_m.css"" type=""text/css"" />
<!--プレ EXP-->
<div id=""flt_r1""></div>
<!--プレ レバ-->
<div id=""flt_r2""></div>
<!--花粉特集-->
<div id=""flt_r3""></div>
<!--なし-->
<div id=""flt_r4""></div>
<!--なし-->
<div id=""flt_r5""></div>
<!--ビタ ワゴン-->
<!--ゴールドA-->
<div id=""flt_r6""></div>
<!--なし-->
<div id=""flt_r7""></div>
<!-- ▲右フロートバナー 表示 CSS & TAG セット -->


<!-- ▼スライド -->
<center>
<div style=""width:710px; border:1px solid #fbc; padding:5px; margin-bottom:5px; background:#fff;"">

</div>
</center>
<!-- ▲スライド -->

<!--▼項目選択-->

<br>
<!--▲項目選択-->

<style type=""text/css"">
<!--
/*
body {
background-image:url(http://image.rakuten.co.jp/anshin-relief/cabinet/relief/tate150501rr.gif);
background-repeat:repeat-y;
background-position: right top;
}
*/
-->
</style>


<table width=""730"" border=""0""><tr><td align=""center"">

	<div><img src=""http://image.rakuten.co.jp/medistock/cabinet/hd/sp.gif"" height=""20""></div>



	<div><img src=""http://image.rakuten.co.jp/medistock/cabinet/banner/170520m.gif"" width=""468"" alt=""エントリー"" border=""0""></div>
	<div><img src=""http://image.rakuten.co.jp/medistock/cabinet/hd/sp.gif"" height=""5""></div>




	<div><img src=""http://image.rakuten.co.jp/medistock/cabinet/banner/1704win.jpg"" width=""468"" alt=""エントリー"" border=""0""></div>
	<div><img src=""http://image.rakuten.co.jp/medistock/cabinet/hd/sp.gif"" height=""5""></div>




	<div><img src=""http://image.rakuten.co.jp/medistock/cabinet/banner/160801ls.gif"" width=""468"" alt=""エントリー"" border=""0""></div>
	<div><img src=""http://image.rakuten.co.jp/medistock/cabinet/hd/sp.gif"" height=""5""></div>


	<div><img src=""http://image.rakuten.co.jp/medistock/cabinet/banner/160118pt7.jpg"" width=""468"" alt=""エントリー"" border=""0""></div>
	<div><img src=""http://image.rakuten.co.jp/medistock/cabinet/hd/sp.gif"" height=""5""></div>



	<div><img src=""http://image.rakuten.co.jp/medistock/cabinet/banner/160801nua.jpg"" width=""468"" alt=""エントリー"" border=""0""></div>
	<div><img src=""http://image.rakuten.co.jp/medistock/cabinet/hd/sp.gif"" height=""5""></div>


	<div><img src=""http://image.rakuten.co.jp/medistock/cabinet/banner/160506rgw.jpg"" width=""468"" alt=""エントリー"" border=""0""></div>
	<div><img src=""http://image.rakuten.co.jp/medistock/cabinet/hd/sp.gif"" height=""5""></div>







	<div><img src=""http://image.rakuten.co.jp/medistock/cabinet/banner/161201tb05p.jpg"" width=""468"" alt=""ツールバーPt2"" border=""0""></div>
	<div><img src=""http://image.rakuten.co.jp/medistock/cabinet/hd/sp.gif"" height=""5""></div>



	<div><img src=""http://image.rakuten.co.jp/medistock/cabinet/banner/160601tb10.jpg"" width=""468"" alt=""初ツールバー"" border=""0""></div>
	<div><img src=""http://image.rakuten.co.jp/medistock/cabinet/hd/sp.gif"" height=""5""></div>



	<div><img src=""http://image.rakuten.co.jp/medistock/cabinet/banner/151101app.jpg"" width=""468"" alt=""エントリー"" border=""0""></div>
	<div><img src=""http://image.rakuten.co.jp/medistock/cabinet/hd/sp.gif"" height=""5""></div>






<div><img src=""http://image.rakuten.co.jp/medistock/cabinet/p_img/bn_ato.gif"" width=""468"" alt=""ＮＰ後払い"" border=""0""></div>
<div><img src=""http://image.rakuten.co.jp/medistock/cabinet/hd/sp.gif"" height=""5""></div>


</td></tr></table>",【第3類医薬品】【岩城製薬】アスコルビン酸ビタミンC原末 500g【RCP】【02P03Dec16】：あんしん通販　リリーフ,【第3類医薬品】【岩城製薬】アスコルビン酸ビタミンC原末 500g【RCP】【02P03Dec16】,【第3類医薬品】【岩城製薬】アスコルビン酸ビタミンC原末 500g【RCP】【02P03Dec16】[rn]
28-87585,http://tshop.r10s.jp/anshin-relief/cabinet/iyakuhin/4987087039115.jpg?fitin=700:700,1730.4000,,,【第3類医薬品】【シオノギ製薬】シナールＥＸ　チュアブル錠　300錠【RCP】【02P03Dec16】,,"<center>
<table bgcolor=""#cc0000"" width=""750"" border=""0"" cellpadding=""0"" cellspacing=""2""><tr><td>
<table bgcolor=""#ffffcc"" width=""100%"" border=""0"" cellpadding=""5"" cellspacing=""0"" style=""font-size:14px;line-height:1.2;""><tr><td>
<font color=""#333333"">
<div align=""center""><font color=""#ff0000"" size=6><b>【お客様へ】本商品は医薬品です。</b></font></div>
<font color=""#660000"" size=4><b>商品名に付記されてございます<a href=""http://item.rakuten.co.jp/anshin-relief/c/0000000111/"">【リスク分類】</a>をよくご確認の上、ご購入下さい。
また、医薬品は使用上の注意をよく読んだ上で、それに従い適切に使用して下さい。</b></font>
<hr>
<font color=""#cc0000""><b>
※医薬品のご購入について(1)：医薬品をご購入できるのは“18歳以上の楽天会員さま”のみとなっております。<br>
※医薬品のご購入について(2)：医薬品ごとに購入数の制限を設けております。
</b></font>
<hr>
<font color=""#003366""><b>【医薬品による健康被害の救済に関する制度】</b></font>医薬品副作用被害救済制度に基づき、独立行政法人 医薬品医療機器総合機構（救済制度窓口 0120-149-931）へご相談ください。<br>
<hr>
<font color=""#003366""><b>【広告文責 株式会社メディスンプラス】</b></font>フリーダイヤル：０１２０－２０５－９０４（※土日・祝祭日は休業）<br>管理薬剤師：稗圃賢輔（薬剤師免許証 第124203号 長崎県） ※相談応需可能時間：営業時間内
<hr><font color=""#ff0000""><b>【お客様へ】</b></font>お薬に関するご相談がございましたら、<a href=""http://item.rakuten.co.jp/anshin-relief/c/0000000110/"" target=""_blank""><b>こちら</b></a>へお問い合わせください。
</font>
</td></tr></table></td></tr></table>
</center><!--info_txt--><table border=0 width=380><tr><td><font style=""font-size:14px;line-height:1.2;"">
<hr color=#ccffcc size=2><font style=""font-size:22px;"">活用しよう「医療費控除制度」！</font><hr color=#ccffcc size=2>
本商品（医薬品）をご購入された金額が、
<font color=""#ff0000"">ご自分と扶養家族の分も含めて年間で「合計１０万円（税込）」を超えた場合</font>
、確定申告をすることにより、所得税が一部還付されたり、翌年の住民税が減額される制度があります。<br>
詳しくは厚生労働省か、最寄りの関係機関へお問い合わせください。
</font></td></tr></table>
<table border=0 width=380><tr><td><font style=""font-size:14px;line-height:1.2;"">
<hr color=#ccffcc size=2><font color=#0066ff>◆</font><b>特　長</b><font color=#0066ff>◆</font><hr color=#ccffcc size=2>
ビタミンＣの補給に適したビタミン剤。口の中で溶かすか水なしで噛みくだいて飲める、チュアブル錠です。<br>
人は、体の中でビタミンＣをつくることができないため、毎日摂取することが大切です。<br>
また、ビタミンＣとともに、抗酸化作用をもつ天然型ビタミンEを配合しています。
<hr color=#ccffcc size=2><font color=#0066ff>◆</font><b>メーカー</b>（※製造国又は原産国：日本）<font color=#0066ff>◆</font><hr color=#ccffcc size=2>塩野義製薬株式会社<br>〒541-0045 大阪市中央区道修町３丁目１番８号<br>医薬情報センター ： 06-6202-2161<br>受付時間 ： 9時30分から17時（土・日・祝日、休業日を除く）<hr color=#ccffcc size=2><font color=#0066ff>◆</font><b>効果・効能</b><font color=#0066ff>◆</font><hr color=#ccffcc size=2>
＊肉体疲労時、妊娠・授乳期、病中病後の体力低下時、老年期・・・のビタミンCの補給。<br>
＊しみ、そばかす、日やけ・かぶれによる色素沈着・・・の諸症状の緩和。<br>
＊歯ぐきからの出血，鼻出血の予防。<br>
※ただし，上記2および3の症状について、1ヵ月ほど使用しても改善がみられない場合は、医師・薬剤師または歯科医師にご相談下さい。
<hr color=#ccffcc size=2><font color=#0066ff>◆</font><b>用法・容量</b><font color=#0066ff>◆</font><hr color=#ccffcc size=2>
成人(15才以上)：1回２～４錠<br>
7才以上15才未満：1回１～２錠<br>
3才以上7才未満：１錠<br>
※１日３回服用して下さい。<br>
<font color=""#ff0000""><b>※3才未満服用させないこと。</b></font>
<hr color=#ccffcc size=2><font color=#0066ff>◆</font><b>成　分</b><font color=#0066ff>◆</font><hr color=#ccffcc size=2>
アスコルビン酸（ビタミンC）2000mg、リボフラビン酪酸エステル（ビタミンB2誘導体）12mg、酢酸d-α-トコフェロール（天然型ビタミンE）30mg<br>
添加物として含水二酸化ケイ素、ヒドロキシプロピルセルロース、粉末還元麦芽糖水アメ、アスパルテーム（L-フェニルアラニン化合物）、スクラロース、ショ糖脂肪酸エステル、香料を含有
<hr color=#ccffcc size=2><font color=#0066ff>◆</font><b>保管上の注意</b><font color=#0066ff>◆</font><hr color=#ccffcc size=2>
（1）直射日光の当たらない湿気の少ない涼しい所に密栓して保管してください。<br>
（2）小児の手の届かない所に保管してください。<br>
（3）他の容器に入れ替えないでください。誤用の原因になったり、品質が変わるおそれがあります。<br>
（4）使用期限をすぎた製品は、使用しないでください。 <br>
（5）容器の開封日記入欄に、開封した日付を記入してください。<br>
※その他、医薬品は使用上の注意をよく読んだ上で、それに従い適切に使用して下さい。<br>※ページ内で特に記載が無い場合、使用期限１年以上の商品をお届けしております。

<!--info_txt-->
</font></td></tr></table>
<table width=""380"" border=""0"" style=""font-size:14px;line-height:1.2;""><tr><td><hr>※添付文書←<font color=#ff0000><b>詳細の商品情報はこちら</b></font><hr><font color=""#ff0000""><b>【お客様へ】</b></font>お薬に関するご相談がございましたら、<b>こちら</b>へお問い合わせください。</td></tr></table>
<table border=0 width=380 style=""font-size:12px;line-height:1.2;""><tr><td><font color=#000088><hr>※パッケージデザイン等が予告なく変更される場合もあります。<br>※商品廃番・メーカー欠品など諸事情によりお届けできない場合がございます。<hr></font></td></tr></table>
<table border=0 width=380 style=""font-size:12px;line-height:1.2;""><tr><td>商品区分：【第3類医薬品】<br>【広告文責】株式会社メディスンプラス：0120-205-904 ※休業日 土日・祝祭日<br>文責者名：稗圃 賢輔（管理薬剤師）</td></tr></table><!-- ▼左フロートバナー 表示 CSS & TAG セット -->
<link rel=""stylesheet"" href=""http://www.rakuten.ne.jp/gold/medistock/css_flt/fb_l_r.css"" type=""text/css"" />
<div id=""flt_l1""></div>
<!--Ｗオマケ-->
<div id=""flt_l2""></div>
<!--還元 Q10-->
<div id=""flt_l3""></div>
<!--ワゴンセール-->
<div id=""flt_l4""></div>
<!--送料無料-->
<div id=""flt_l5""></div>
<!-- Mプラ -->
<div id=""flt_l6""></div>
<!-- none -->
<div id=""flt_l7""></div>
<!-- ▲左フロートバナー 表示 CSS & TAG セット -->

<!-- ▼右フロートバナー 表示 CSS & TAG セット -->
<link rel=""stylesheet"" href=""http://www.rakuten.ne.jp/gold/medistock/css_flt/fb_r_m.css"" type=""text/css"" />
<!--プレ EXP-->
<div id=""flt_r1""></div>
<!--プレ レバ-->
<div id=""flt_r2""></div>
<!--花粉特集-->
<div id=""flt_r3""></div>
<!--なし-->
<div id=""flt_r4""></div>
<!--なし-->
<div id=""flt_r5""></div>
<!--ビタ ワゴン-->
<!--ゴールドA-->
<div id=""flt_r6""></div>
<!--なし-->
<div id=""flt_r7""></div>
<!-- ▲右フロートバナー 表示 CSS & TAG セット -->


<!-- ▼スライド -->
<center>
<div style=""width:710px; border:1px solid #fbc; padding:5px; margin-bottom:5px; background:#fff;"">

</div>
</center>
<!-- ▲スライド -->

<!--▼項目選択-->

<br>
<!--▲項目選択-->

<style type=""text/css"">
<!--
/*
body {
background-image:url(http://image.rakuten.co.jp/anshin-relief/cabinet/relief/tate150501rr.gif);
background-repeat:repeat-y;
background-position: right top;
}
*/
-->
</style>


<table width=""730"" border=""0""><tr><td align=""center"">

	<div><img src=""http://image.rakuten.co.jp/medistock/cabinet/hd/sp.gif"" height=""20""></div>



	<div><img src=""http://image.rakuten.co.jp/medistock/cabinet/banner/170520m.gif"" width=""468"" alt=""エントリー"" border=""0""></div>
	<div><img src=""http://image.rakuten.co.jp/medistock/cabinet/hd/sp.gif"" height=""5""></div>




	<div><img src=""http://image.rakuten.co.jp/medistock/cabinet/banner/1704win.jpg"" width=""468"" alt=""エントリー"" border=""0""></div>
	<div><img src=""http://image.rakuten.co.jp/medistock/cabinet/hd/sp.gif"" height=""5""></div>




	<div><img src=""http://image.rakuten.co.jp/medistock/cabinet/banner/160801ls.gif"" width=""468"" alt=""エントリー"" border=""0""></div>
	<div><img src=""http://image.rakuten.co.jp/medistock/cabinet/hd/sp.gif"" height=""5""></div>


	<div><img src=""http://image.rakuten.co.jp/medistock/cabinet/banner/160118pt7.jpg"" width=""468"" alt=""エントリー"" border=""0""></div>
	<div><img src=""http://image.rakuten.co.jp/medistock/cabinet/hd/sp.gif"" height=""5""></div>



	<div><img src=""http://image.rakuten.co.jp/medistock/cabinet/banner/160801nua.jpg"" width=""468"" alt=""エントリー"" border=""0""></div>
	<div><img src=""http://image.rakuten.co.jp/medistock/cabinet/hd/sp.gif"" height=""5""></div>


	<div><img src=""http://image.rakuten.co.jp/medistock/cabinet/banner/160506rgw.jpg"" width=""468"" alt=""エントリー"" border=""0""></div>
	<div><img src=""http://image.rakuten.co.jp/medistock/cabinet/hd/sp.gif"" height=""5""></div>







	<div><img src=""http://image.rakuten.co.jp/medistock/cabinet/banner/161201tb05p.jpg"" width=""468"" alt=""ツールバーPt2"" border=""0""></div>
	<div><img src=""http://image.rakuten.co.jp/medistock/cabinet/hd/sp.gif"" height=""5""></div>



	<div><img src=""http://image.rakuten.co.jp/medistock/cabinet/banner/160601tb10.jpg"" width=""468"" alt=""初ツールバー"" border=""0""></div>
	<div><img src=""http://image.rakuten.co.jp/medistock/cabinet/hd/sp.gif"" height=""5""></div>



	<div><img src=""http://image.rakuten.co.jp/medistock/cabinet/banner/151101app.jpg"" width=""468"" alt=""エントリー"" border=""0""></div>
	<div><img src=""http://image.rakuten.co.jp/medistock/cabinet/hd/sp.gif"" height=""5""></div>






<div><img src=""http://image.rakuten.co.jp/medistock/cabinet/p_img/bn_ato.gif"" width=""468"" alt=""ＮＰ後払い"" border=""0""></div>
<div><img src=""http://image.rakuten.co.jp/medistock/cabinet/hd/sp.gif"" height=""5""></div>


</td></tr></table>",【第3類医薬品】【シオノギ製薬】シナールＥＸ　チュアブル錠　300錠【RCP】【02P03Dec16】：あんしん通販　リリーフ,【第3類医薬品】【シオノギ製薬】シナールＥＸ　チュアブル錠　300錠【RCP】【02P03Dec16】,【第3類医薬品】【シオノギ製薬】シナールＥＸ　チュアブル錠　300錠【RCP】【02P03Dec16】[rn]
28-87586,http://tshop.r10s.jp/medistock/cabinet/susume/4954391103887.jpg?fitin=700:700,1920.0000,,,【第3類医薬品】【すすめる機能でお試し価格＆毎日ポイント２倍】ビタトレール ゴールドＥＸＰ　270錠（約90日分）．．．なんと！あの超人気ビタトレールＥＸＰがパワーＵＰ！※１家族様１個、１回限りのご注文まで！【RCP】,,"<a name=""ptop""></a>
<div align=""right""><a href=""http://item.rakuten.co.jp/medistock/sp_vgold_exp130927001#pbtm"">▼SKIP</a></div>
<div id=""gexp001""></div>
<div id=""gexp101""> </div>
<div id=""gexp102""> </div>
<div id=""gexp103""> </div>
<div class=""hdtxt"">アナタの毎日こんな症状でお悩みではありませんか？アナタの毎日こんな症状でお悩みではありませんか？目の疲れがツライ！パソコンを長時間使う仕事で目が疲れるし肩もこる。なんだか目が乾く気がする。ゲーム大好き、目が疲れる。メガネ・コンタクトを長い時間付けている…など。肩のこりがツライ！パソコンを長時間使う仕事で、気が付けばずっと同じ姿勢。どうも猫背の姿勢になる。
そういえば冷えも気になる。お風呂にゆっくりつかれない。目の疲れが肩にくるかも…など。腰の痛みがツライ。家事の姿勢は中腰が多い。運動不足気味の生活が長い。姿勢の悪さをよく指摘される。車の運転時間が長い。お仕事はデスクワークが中心…など。もう、とにかく毎日が疲れてツライ！目の疲れ・肩のこり・腰の痛みには、医薬品でビタミンB群の補給を！おかげさまで販売累計20万個突破の大ヒット商品、
ビタトレールEXP　売上ナンバーワン　ビタミンB1誘導体（フルスルチアミン）をはじめ、エネルギー産生にかかわるビタミンB群にさらにビタミンE・パントテン酸カルシウム・γ-オリザノールと6つの有効成分を配合した医薬品です。</div>
<div id=""gexp104""> </div>
<div class=""hdtxt"">
ビタミンB1誘導体の医薬品がスゴイ理由　簡単に言えば、オシッコに出ちゃうビタミンB1を吸収しやすくして体内に留めるようにしたスグレモノ。活性型ビタミンB1と紹介されることも。そして、今回ご紹介致しますのが、ビタトレールゴールドEXP　さらに7つめの成分としてニコチン酸アミドを追加配合したパワーUPバージョンです。このニコチン酸アミドは、（1）タンパク質（2）糖質（3）脂質の３大栄養素を
エネルギーにする、疲れが気になる人のオススメの成分。「ナイアシン」という呼び方で、ご存知の方も多いでしょう。ニコチン酸アミドもまた、吸収力にすごれているのですよ。
すでに、ビタミンB1・B6・B12のお薬をご愛用の方。もっと経済的なお値段のお薬が欲しい。でも、安くても有名品より質が劣るのは困る。</div>

<div id=""gexp201""> </div>
<div id=""gexp202""> </div>
<div id=""gexp203""> </div>
<div id=""gexp204""> </div>
<div id=""gexp205""> </div>
<div id=""gexp206""> </div>
<div id=""gexp207""> </div>
<div id=""gexp208""> </div>
<div id=""gexp209""> </div>
<a name=""pbtm""></a>
<div class=""hdtxt"">特報　目の疲れ、肩こり、腰の痛みに　販売累計200000個突破のビタトレールEXP　ビタミンB1・ビタミンB6・ビタミンB12・ビタミンE・PanCa・γ-OZRの6つの有効成分に、７つ目の有効成分、ニコチン酸アミドをプラス！　EXPパワーUP版登場！ビタトレールゴールドEXP　270錠　第3類医薬品。疲労回復にはたんぱく質・脂質・糖質をエネルギーに変えるビタミンB群が不可欠！！
（1）疲労の回復に、ビタミンB1誘導体　フルスルチアミン塩酸塩。（2）神経の疲労回復に、ビタミンB6　ピリドキシン塩酸塩。（3）しびれの緩和にビタミンB12　シアノコバラミン。摂りにくく、貯めにくいビタミンBは毎日の医薬品でサポート！！さらに、３つの成分を配合！（4）血流の促進に、ビタミンE　トコフェノールコハク酸エステルカルシウム（5）エネルギーの産生にピリドキシン塩酸塩。
（6）しびれの緩和にガンマ-オリザノール。そして、新たに追加された7つ目の有効成分！（7）疲労回復と冷えの改善　ニコチン酸アミド60mg　合計7つの有効成分が目肩腰に効く！！それでいて、経済的な価格設定。ビタトレールゴールドEXP　270錠　第3類医薬品</div>
<br>
<center>
<table bgcolor=""#cc0000"" width=""750"" border=""0"" cellpadding=""0"" cellspacing=""2""><tr><td>
<table bgcolor=""#ffffcc"" width=""100%"" border=""0"" cellpadding=""5"" cellspacing=""0"" style=""font-size:14px;line-height:1.2;""><tr><td>
<font color=""#333333"">
<div align=""center""><font color=""#ff0000"" size=6><b>【お客様へ】本商品は医薬品です。</b></font></div>
<font color=""#660000"" size=4><b>商品名に付記されてございます<a href=""http://item.rakuten.co.jp/medistock/c/0000003301/"">【リスク分類】</a>をよくご確認の上、ご購入下さい。
また、医薬品は使用上の注意をよく読んだ上で、それに従い適切に使用して下さい。</b></font>
<hr>
<font color=""#cc0000""><b>
※医薬品のご購入について(1)：医薬品をご購入できるのは“18歳以上の楽天会員さま”のみとなっております。<br>
※医薬品のご購入について(2)：医薬品ごとに購入数の制限を設けております。
</b></font>
<hr>
<font color=""#003366""><b>【医薬品による健康被害の救済に関する制度】</b></font>医薬品副作用被害救済制度に基づき、独立行政法人 医薬品医療機器総合機構（救済制度窓口 0120-149-931）へご相談ください。<br>
<hr>
<font color=""#003366""><b>【広告文責 株式会社メディスンプラス】</b></font>フリーダイヤル：０１２０－２０５－９０４（※土日・祝祭日は休業）<br>管理薬剤師：稗圃賢輔（薬剤師免許証 第124203号 長崎県） ※相談応需可能時間：営業時間内
<hr><font color=""#003366""><b>【お客様へ】</b></font>お薬に関するご相談がございましたら、<a href=""http://item.rakuten.co.jp/medistock/c/0000003301/"" target=""_blank""><b>こちら</b></a>へお問い合わせください。
</font>
</td></tr></table></td></tr></table>
</center>
<!--info_txt--><table border=0 width=380><tr><td><font style=""font-size:14px;line-height:1.2;"">
<hr color=#ccffcc size=2><font style=""font-size:22px;"">活用しよう「医療費控除制度」！</font><hr color=#ccffcc size=2>
本商品（医薬品）をご購入された金額が、
<font color=""#ff0000"">ご自分と扶養家族の分も含めて年間で「合計１０万円（税込）」を超えた場合</font>
、確定申告をすることにより、所得税が一部還付されたり、翌年の住民税が減額される制度があります。<br>
詳しくは厚生労働省か、最寄りの関係機関へお問い合わせください。
</font></td></tr></table>
<table border=0 width=380><tr><td><font style=""font-size:14px;line-height:1.2;"">
<hr color=#ccffcc size=2><font color=#0066ff>◆</font><b>特  長</b><font color=#0066ff>◆</font><hr color=#ccffcc size=2>
<font color=""#cc0000"" style=""font-size:24px;""><b>
ご購入ボタンの下に注目。「すすめる機能」を使うと本商品が数量限定＆期間限定で“お試し特価”に！<br>
※初回ご購入者さま限定のお気軽価格です！

</b></font><br>
累計販売個数20万個突破、寄せられたレビュー数が合計3200件突破！おかげさまでメガヒット中、アリナミンＥＸプラスと有効成分同一で同一処方＆同一効能で激安医薬品「ビタトレールＥＸＰ」が、さらに多くのお客様のご要望にお応えするため、ニコチン酸アミドを追加配合してパワーＵＰして新登場！
それがビタトレールゴールドＥＸＰ！<Br>
ビタミンB1誘導体のフルスルチアミン塩酸塩、ビタミンB6、ビタミンB12のビタミン群を主剤とし、ニコチン酸アミドおよび自律神経をコントロールするγ-オリザノールが効果的に作用し、目の疲れ・肩こり・腰の痛みなどツライ症状に優れた効果を発揮します。<Br>
補酵素となってエネルギー産生に作用するパントテン酸カルシウム、体の末端の血液循環を改善するビタミンＥも配合しています。<Br>
１日１回、２～３錠。飲みやすい、黄色の糖衣錠。そういえば糖衣も、ただコーティングするのではなく、ビタミンB1の過剰摂取の予防を期待できるビタミンB2を使用。大手有名メーカーに負けないこだわりで製造しています。<Br>
<hr><font color=""#ff3300"" style=""font-size:18px;line-height:1.2;""><b>
【お客さまへ】本商品は「初回ご購入者さま限定」の、数量限定＆期間限定のキャンペーン商品です。
大変申し訳ございませんが“１家族さまにつき１個、１回限り（初回限定）”のご注文に限定させていただきます（※ご注文後に２回目以上のご購入であることが判明しました場合、大変申し訳ございませんがキャンセルとさせていただくこともございます）。<br>
<font color=""#003366"">
※数量限定の企画につき、まだ期間内でありましても、定員に達しました時点で予告なく終了する場合がございます。<br>
※キャンペーン商品は「同じ商品に付いているオマケ」サービスの対象外とさせていただきます。
</font></b></font>

<hr color=#ccffcc size=2><font color=#0066ff>◆</font><b>メーカー</b>（※製造国又は原産国：日本）<font color=#0066ff>◆</font><hr color=#ccffcc size=2>米田薬品工業株式会社<br> 大阪府大阪市天王寺区堀越町9番24号<br>お客様相談室 ： 0744-52-3720<br>受付時間 ： 午前10時から午後4時（平日のみ）<hr color=#ccffcc size=2><font color=#0066ff>◆</font><b>効果・効能</b><font color=#0066ff>◆</font><hr color=#ccffcc size=2>
(1)神経痛、筋肉痛・関節痛（腰痛、肩こり、五十肩など）、手足のしびれ、眼精疲労の緩和。<br>
(2)肉体疲労時、妊娠・授乳期、病中病後の体力低下時のビタミンＢ1・Ｂ6・Ｂ12栄養補給。
<hr color=#ccffcc size=2><font color=#0066ff>◆</font><b>用法・用量</b><font color=#0066ff>◆</font><hr color=#ccffcc size=2>
成人（15歳以上）１回２～３錠を１日１回、食後に水またはお湯で噛まずに服用してください。<br>
※15歳未満：服用しないでください。
<hr color=#ccffcc size=2><font color=#0066ff>◆</font><b>成分・分量</b><font color=#0066ff>◆</font><hr color=#ccffcc size=2>
【１日最大量３錠中】フルスルチアミン塩酸塩（ビタミンB1誘導体） 109.16mg（フルスルチアミンとして100mg）、ピリドキシン塩酸塩（ビタミンB6） 100mg、シアノコバラミン（ビタミンB12） 1500μg、トコフェノールコハク酸エステルカルシウム（ビタミンE） 103.58mg、ガンマ-オリザノール 10mg、パントテン酸カルシウム 30mg、ニコチン酸アミド 60mg<br>
※添加物として、乳糖水和物、ゼラチン、タルク、炭酸Ｃａ、リボフラビンを含有します。
<hr color=#ccffcc size=2><font color=#0066ff>◆</font><b>保管上の注意</b><font color=#0066ff>◆</font><hr color=#ccffcc size=2>
（1）直射日光の当たらない湿気の少ない涼しい所に密栓して保管してください。<br>
（2）小児の手の届かない所に保管してください。<br>
（3）他の容器に入れ替えないでください。誤用の原因になったり、品質が変わるおそれがあります。<br>
（4）使用期限をすぎた製品は、使用しないでください。 <br>
（5）容器の開封日記入欄に、開封した日付を記入してください。<br>
※その他、医薬品は使用上の注意をよく読んだ上で、それに従い適切に使用して下さい。<br>※ページ内で特に記載が無い場合、使用期限１年以上の商品をお届けしております。

<!--info_txt-->

</font></td></tr></table>
<table width=""380"" border=""0"" style=""font-size:14px;line-height:1.2;""><tr><td><hr>
※添付文書←<font color=#ff0000><b>詳細の商品情報はこちら</b></font>
<hr><font color=""#ff0000""><b>【お客様へ】</b></font>お薬に関するご相談がございましたら、<b>こちら</b>へお問い合わせください。</td></tr></table>
<table border=0 width=380 style=""font-size:12px;line-height:1.2;""><tr><td><font color=#000088><hr>※パッケージデザイン等が予告なく変更される場合もあります。<br>※商品廃番・メーカー欠品など諸事情によりお届けできない場合がございます。</font><hr></td></tr></table>
<table border=0 width=380 style=""font-size:12px;line-height:1.2;""><tr><td>商品区分：【第3類医薬品】<br>【広告文責】株式会社メディスンプラス：0120-205-904 ※休業日 土日・祝祭日<br>文責者名：稗圃 賢輔（管理薬剤師）</td></tr></table><!-- ▼左フロートバナー 表示 CSS & TAG セット -->
<link rel=""stylesheet"" href=""http://www.rakuten.ne.jp/gold/medistock/css_flt/fb_l_m.css"" type=""text/css"" />
<!--トップバナー-->
<div id=""flt_l1""></div>
<!--Ｗオマケ-->
<div id=""flt_l2""></div>
<!--セサミン-->
<div id=""flt_l3""></div>
<!--ワゴンセール-->
<div id=""flt_l4""></div>
<!--送料無料-->
<div id=""flt_l5""></div>
<!-- MPリンク -->
<div id=""flt_l6""></div>
<!-- none -->
<div id=""flt_l7""></div>
<!-- ▲左フロートバナー 表示 CSS & TAG セット -->

<!-- ▼右フロートバナー 表示 CSS & TAG セット -->
<link rel=""stylesheet"" href=""http://www.rakuten.ne.jp/gold/medistock/css_flt/fb_r_m.css"" type=""text/css"" />
<!--プレ EXP-->
<div id=""flt_r1""></div>
<!--プレ レバ-->
<div id=""flt_r2""></div>
<!--花粉特集-->
<div id=""flt_r3""></div>
<!--なし-->
<div id=""flt_r4""></div>
<!--なし-->
<div id=""flt_r5""></div>
<!--ビタ ワゴン-->
<!--ゴールドA-->
<div id=""flt_r6""></div>
<!--なし-->
<div id=""flt_r7""></div>
<!-- ▲右フロートバナー 表示 CSS & TAG セット -->


<!-- ▼スライド -->
<center>
<div style=""width:710px; border:1px solid #52aef0; padding:5px; margin-bottom:5px;"">

</div>
</center>
<!-- ▲スライド -->

<!--▼項目選択-->

<br>
<!--▲項目選択-->


<!--▼右端縦表示-->
<style type=""text/css"">
<!--
/*
body {
background-image:url(http://image.rakuten.co.jp/medistock/cabinet/medistock/tate1508md.gif);
background-repeat:repeat-y;
background-position: right top;
}
*/
-->
</style>



<table width=""730"" border=""0""><tr><td align=""center"">

	<div><img src=""http://image.rakuten.co.jp/medistock/cabinet/hd/sp.gif"" height=""20""></div>




	<div><img src=""http://image.rakuten.co.jp/medistock/cabinet/banner/170520m.gif"" width=""468"" alt=""エントリー"" border=""0""></div>
	<div><img src=""http://image.rakuten.co.jp/medistock/cabinet/hd/sp.gif"" height=""5""></div>


	<div><img src=""http://image.rakuten.co.jp/medistock/cabinet/banner/1704win.jpg"" width=""468"" alt=""エントリー"" border=""0""></div>
	<div><img src=""http://image.rakuten.co.jp/medistock/cabinet/hd/sp.gif"" height=""5""></div>




	<div><img src=""http://image.rakuten.co.jp/medistock/cabinet/banner/160801ls.gif"" width=""468"" alt=""エントリー"" border=""0""></div>
	<div><img src=""http://image.rakuten.co.jp/medistock/cabinet/hd/sp.gif"" height=""5""></div>



	<div><img src=""http://image.rakuten.co.jp/medistock/cabinet/banner/160118pt7.jpg"" width=""468"" alt=""エントリー"" border=""0""></div>
	<div><img src=""http://image.rakuten.co.jp/medistock/cabinet/hd/sp.gif"" height=""5""></div>


	<div><img src=""http://image.rakuten.co.jp/medistock/cabinet/banner/160801nua.jpg"" width=""468"" alt=""エントリー"" border=""0""></div>
	<div><img src=""http://image.rakuten.co.jp/medistock/cabinet/hd/sp.gif"" height=""5""></div>


	<div><img src=""http://image.rakuten.co.jp/medistock/cabinet/banner/160506rgw.jpg"" width=""468"" alt=""エントリー"" border=""0""></div>
	<div><img src=""http://image.rakuten.co.jp/medistock/cabinet/hd/sp.gif"" height=""5""></div>



	<div><img src=""http://image.rakuten.co.jp/medistock/cabinet/banner/161201tb05p.jpg"" width=""468"" alt=""ツールバーPt2"" border=""0""></div>
	<div><img src=""http://image.rakuten.co.jp/medistock/cabinet/hd/sp.gif"" height=""5""></div>



	<div><img src=""http://image.rakuten.co.jp/medistock/cabinet/banner/160601tb10.jpg"" width=""468"" alt=""初ツールバー"" border=""0""></div>
	<div><img src=""http://image.rakuten.co.jp/medistock/cabinet/hd/sp.gif"" height=""5""></div>





	<div><img src=""http://image.rakuten.co.jp/medistock/cabinet/banner/151101app.jpg"" width=""468"" alt=""エントリー"" border=""0""></div>
	<div><img src=""http://image.rakuten.co.jp/medistock/cabinet/hd/sp.gif"" height=""5""></div>


<div><img src=""http://image.rakuten.co.jp/medistock/cabinet/p_img/bn_ato.gif"" width=""468"" alt=""ＮＰ後払い"" border=""0""></div>
<div><img src=""http://image.rakuten.co.jp/medistock/cabinet/hd/sp.gif"" height=""5""></div>

<Br>

</td></tr></table>",【第3類医薬品】【すすめる機能でお試し価格＆毎日ポイント２倍】ビタトレール ゴールドＥＸＰ　270錠（約90日分）．．．なんと！あの超人気ビタトレールＥＸＰがパワーＵＰ！※１家族様１個、１回限りのご注文まで！【RCP】：メディストック,美容健康メディスンプラスメディストック健康食品サプリメントペット用品化粧品ドッグフードキャットフード日用品食料品香水医薬品【第3類医薬品】【すすめる機能でお試し価格＆毎日ポイント２倍】ビタトレール ゴールドＥＸＰ　270錠（約90日分）．．．なんと！あの超人気ビタトレールＥＸＰがパワーＵＰ！※１家族様１個、１回限りのご注文まで！【RCP】,【第3類医薬品】【すすめる機能でお試し価格＆毎日ポイント２倍】ビタトレール ゴールドＥＸＰ　270錠（約90日分）．．．なんと！あの超人気ビタトレールＥＸＰがパワーＵＰ！※１家族様１個、１回限りのご注文まで！【RCP】[rn]
28-87587,http://tshop.r10s.jp/medistock/cabinet/tmp/4954391103887x2.jpg?fitin=700:700,4578.4000,,,【第3類医薬品】【毎日ポイント２倍★送料無料】ビタトレール ゴールドＥＸＰ　270錠×２個セット（約180日分） 【RCP】【HLS_DU】,,"<a name=""ptop""></a>
<div align=""right""><a href=""http://item.rakuten.co.jp/medistock/vgold_exp130927002#pbtm"">▼SKIP</a></div>
<div id=""gexp001""></div>
<div id=""gexp101""> </div>
<div id=""gexp102""> </div>
<div id=""gexp103""> </div>
<div class=""hdtxt"">アナタの毎日こんな症状でお悩みではありませんか？アナタの毎日こんな症状でお悩みではありませんか？目の疲れがツライ！パソコンを長時間使う仕事で目が疲れるし肩もこる。なんだか目が乾く気がする。ゲーム大好き、目が疲れる。メガネ・コンタクトを長い時間付けている…など。肩のこりがツライ！パソコンを長時間使う仕事で、気が付けばずっと同じ姿勢。どうも猫背の姿勢になる。
そういえば冷えも気になる。お風呂にゆっくりつかれない。目の疲れが肩にくるかも…など。腰の痛みがツライ。家事の姿勢は中腰が多い。運動不足気味の生活が長い。姿勢の悪さをよく指摘される。車の運転時間が長い。お仕事はデスクワークが中心…など。もう、とにかく毎日が疲れてツライ！目の疲れ・肩のこり・腰の痛みには、医薬品でビタミンB群の補給を！おかげさまで販売累計20万個突破の大ヒット商品、
ビタトレールEXP　売上ナンバーワン　ビタミンB1誘導体（フルスルチアミン）をはじめ、エネルギー産生にかかわるビタミンB群にさらにビタミンE・パントテン酸カルシウム・γ-オリザノールと6つの有効成分を配合した医薬品です。</div>
<div id=""gexp104""> </div>
<div class=""hdtxt"">
ビタミンB1誘導体の医薬品がスゴイ理由　簡単に言えば、オシッコに出ちゃうビタミンB1を吸収しやすくして体内に留めるようにしたスグレモノ。活性型ビタミンB1と紹介されることも。そして、今回ご紹介致しますのが、ビタトレールゴールドEXP　さらに7つめの成分としてニコチン酸アミドを追加配合したパワーUPバージョンです。このニコチン酸アミドは、（1）タンパク質（2）糖質（3）脂質の３大栄養素を
エネルギーにする、疲れが気になる人のオススメの成分。「ナイアシン」という呼び方で、ご存知の方も多いでしょう。ニコチン酸アミドもまた、吸収力にすごれているのですよ。
すでに、ビタミンB1・B6・B12のお薬をご愛用の方。もっと経済的なお値段のお薬が欲しい。でも、安くても有名品より質が劣るのは困る。</div>

<div id=""gexp201""> </div>
<div id=""gexp202""> </div>
<div id=""gexp203""> </div>
<div id=""gexp204""> </div>
<div id=""gexp205""> </div>
<div id=""gexp206""> </div>
<div id=""gexp207""> </div>
<div id=""gexp208""> </div>
<div id=""gexp209""> </div>
<a name=""pbtm""></a>
<div class=""hdtxt"">特報　目の疲れ、肩こり、腰の痛みに　販売累計200000個突破のビタトレールEXP　ビタミンB1・ビタミンB6・ビタミンB12・ビタミンE・PanCa・γ-OZRの6つの有効成分に、７つ目の有効成分、ニコチン酸アミドをプラス！　EXPパワーUP版登場！ビタトレールゴールドEXP　270錠　第3類医薬品。疲労回復にはたんぱく質・脂質・糖質をエネルギーに変えるビタミンB群が不可欠！！
（1）疲労の回復に、ビタミンB1誘導体　フルスルチアミン塩酸塩。（2）神経の疲労回復に、ビタミンB6　ピリドキシン塩酸塩。（3）しびれの緩和にビタミンB12　シアノコバラミン。摂りにくく、貯めにくいビタミンBは毎日の医薬品でサポート！！さらに、３つの成分を配合！（4）血流の促進に、ビタミンE　トコフェノールコハク酸エステルカルシウム（5）エネルギーの産生にピリドキシン塩酸塩。
（6）しびれの緩和にガンマ-オリザノール。そして、新たに追加された7つ目の有効成分！（7）疲労回復と冷えの改善　ニコチン酸アミド60mg　合計7つの有効成分が目肩腰に効く！！それでいて、経済的な価格設定。ビタトレールゴールドEXP　270錠　第3類医薬品</div>
<br>
<center>
<table bgcolor=""#cc0000"" width=""750"" border=""0"" cellpadding=""0"" cellspacing=""2""><tr><td>
<table bgcolor=""#ffffcc"" width=""100%"" border=""0"" cellpadding=""5"" cellspacing=""0"" style=""font-size:14px;line-height:1.2;""><tr><td>
<font color=""#333333"">
<div align=""center""><font color=""#ff0000"" size=6><b>【お客様へ】本商品は医薬品です。</b></font></div>
<font color=""#660000"" size=4><b>商品名に付記されてございます<a href=""http://item.rakuten.co.jp/medistock/c/0000003301/"">【リスク分類】</a>をよくご確認の上、ご購入下さい。
また、医薬品は使用上の注意をよく読んだ上で、それに従い適切に使用して下さい。</b></font>
<hr>
<font color=""#cc0000""><b>
※医薬品のご購入について(1)：医薬品をご購入できるのは“18歳以上の楽天会員さま”のみとなっております。<br>
※医薬品のご購入について(2)：医薬品ごとに購入数の制限を設けております。
</b></font>
<hr>
<font color=""#003366""><b>【医薬品による健康被害の救済に関する制度】</b></font>医薬品副作用被害救済制度に基づき、独立行政法人 医薬品医療機器総合機構（救済制度窓口 0120-149-931）へご相談ください。<br>
<hr>
<font color=""#003366""><b>【広告文責 株式会社メディスンプラス】</b></font>フリーダイヤル：０１２０－２０５－９０４（※土日・祝祭日は休業）<br>管理薬剤師：稗圃賢輔（薬剤師免許証 第124203号 長崎県） ※相談応需可能時間：営業時間内
<hr><font color=""#003366""><b>【お客様へ】</b></font>お薬に関するご相談がございましたら、<a href=""http://item.rakuten.co.jp/medistock/c/0000003301/"" target=""_blank""><b>こちら</b></a>へお問い合わせください。
</font>
</td></tr></table></td></tr></table>
</center>
<!--info_txt--><table border=0 width=380><tr><td><font style=""font-size:14px;line-height:1.2;"">
<hr color=#ccffcc size=2><font style=""font-size:22px;"">活用しよう「医療費控除制度」！</font><hr color=#ccffcc size=2>
本商品（医薬品）をご購入された金額が、
<font color=""#ff0000"">ご自分と扶養家族の分も含めて年間で「合計１０万円（税込）」を超えた場合</font>
、確定申告をすることにより、所得税が一部還付されたり、翌年の住民税が減額される制度があります。<br>
詳しくは厚生労働省か、最寄りの関係機関へお問い合わせください。
</font></td></tr></table>
<table border=0 width=380><tr><td><font style=""font-size:14px;line-height:1.2;"">
<hr color=#ccffcc size=2><font color=#0066ff>◆</font><b>特  長</b><font color=#0066ff>◆</font><hr color=#ccffcc size=2>
<font color=""#cc0000"" style=""font-size:24px;""><b>
なんと！あの超人気ビタトレールＥＸＰが、ニコチン酸アミドを追加配合してパワーＵＰ！<Br>
目・肩・腰に効く、激安医薬品です！
</b></font><br>
累計販売個数20万個突破、寄せられたレビュー数が合計3200件突破！おかげさまでメガヒット中、アリナミンＥＸプラスと有効成分同一で同一処方＆同一効能で激安医薬品「ビタトレールＥＸＰ」が、さらに多くのお客様のご要望にお応えするため、ニコチン酸アミドを追加配合してパワーＵＰして新登場！
それがビタトレールゴールドＥＸＰ！<Br>
ビタミンB1誘導体のフルスルチアミン塩酸塩、ビタミンB6、ビタミンB12のビタミン群を主剤とし、ニコチン酸アミドおよび自律神経をコントロールするγ-オリザノールが効果的に作用し、目の疲れ・肩こり・腰の痛みなどツライ症状に優れた効果を発揮します。<Br>
補酵素となってエネルギー産生に作用するパントテン酸カルシウム、体の末端の血液循環を改善するビタミンＥも配合しています。<Br>
１日１回、２～３錠。飲みやすい、黄色の糖衣錠。そういえば糖衣も、ただコーティングするのではなく、ビタミンB1の過剰摂取の予防を期待できるビタミンB2を使用。大手有名メーカーに負けないこだわりで製造しています。<Br>
<hr color=#ccffcc size=2><font color=#0066ff>◆</font><b>メーカー</b>（※製造国又は原産国：日本）<font color=#0066ff>◆</font><hr color=#ccffcc size=2>米田薬品工業株式会社<br> 大阪府大阪市天王寺区堀越町9番24号<br>お客様相談室 ： 0744-52-3720<br>受付時間 ： 午前10時から午後4時（平日のみ）<hr color=#ccffcc size=2><font color=#0066ff>◆</font><b>効果・効能</b><font color=#0066ff>◆</font><hr color=#ccffcc size=2>
(1)神経痛、筋肉痛・関節痛（腰痛、肩こり、五十肩など）、手足のしびれ、眼精疲労の緩和。<br>
(2)肉体疲労時、妊娠・授乳期、病中病後の体力低下時のビタミンＢ1・Ｂ6・Ｂ12栄養補給。
<hr color=#ccffcc size=2><font color=#0066ff>◆</font><b>用法・用量</b><font color=#0066ff>◆</font><hr color=#ccffcc size=2>
成人（15歳以上）１回２～３錠を１日１回、食後に水またはお湯で噛まずに服用してください。<br>
※15歳未満：服用しないでください。
<hr color=#ccffcc size=2><font color=#0066ff>◆</font><b>成分・分量</b><font color=#0066ff>◆</font><hr color=#ccffcc size=2>
【１日最大量３錠中】フルスルチアミン塩酸塩（ビタミンB1誘導体） 109.16mg（フルスルチアミンとして100mg）、ピリドキシン塩酸塩（ビタミンB6） 100mg、シアノコバラミン（ビタミンB12） 1500μg、トコフェノールコハク酸エステルカルシウム（ビタミンE） 103.58mg、ガンマ-オリザノール 10mg、パントテン酸カルシウム 30mg、ニコチン酸アミド 60mg<br>
※添加物として、乳糖水和物、ゼラチン、タルク、炭酸Ｃａ、リボフラビンを含有します。
<hr color=#ccffcc size=2><font color=#0066ff>◆</font><b>保管上の注意</b><font color=#0066ff>◆</font><hr color=#ccffcc size=2>
（1）直射日光の当たらない湿気の少ない涼しい所に密栓して保管してください。<br>
（2）小児の手の届かない所に保管してください。<br>
（3）他の容器に入れ替えないでください。誤用の原因になったり、品質が変わるおそれがあります。<br>
（4）使用期限をすぎた製品は、使用しないでください。 <br>
（5）容器の開封日記入欄に、開封した日付を記入してください。<br>
※その他、医薬品は使用上の注意をよく読んだ上で、それに従い適切に使用して下さい。<br>※ページ内で特に記載が無い場合、使用期限１年以上の商品をお届けしております。

<!--info_txt-->

</font></td></tr></table>
<table width=""380"" border=""0"" style=""font-size:14px;line-height:1.2;""><tr><td><hr>
※添付文書←<font color=#ff0000><b>詳細の商品情報はこちら</b></font>
<hr><font color=""#ff0000""><b>【お客様へ】</b></font>お薬に関するご相談がございましたら、<b>こちら</b>へお問い合わせください。</td></tr></table>
<table border=0 width=380 style=""font-size:12px;line-height:1.2;""><tr><td><font color=#000088><hr>※パッケージデザイン等が予告なく変更される場合もあります。<br>※商品廃番・メーカー欠品など諸事情によりお届けできない場合がございます。</font><hr></td></tr></table>
<table border=0 width=380 style=""font-size:12px;line-height:1.2;""><tr><td>商品区分：【第3類医薬品】<br>【広告文責】株式会社メディスンプラス：0120-205-904 ※休業日 土日・祝祭日<br>文責者名：稗圃 賢輔（管理薬剤師）</td></tr></table><!-- ▼左フロートバナー 表示 CSS & TAG セット -->
<link rel=""stylesheet"" href=""http://www.rakuten.ne.jp/gold/medistock/css_flt/fb_l_m.css"" type=""text/css"" />
<!--トップバナー-->
<div id=""flt_l1""></div>
<!--Ｗオマケ-->
<div id=""flt_l2""></div>
<!--セサミン-->
<div id=""flt_l3""></div>
<!--ワゴンセール-->
<div id=""flt_l4""></div>
<!--送料無料-->
<div id=""flt_l5""></div>
<!-- MPリンク -->
<div id=""flt_l6""></div>
<!-- none -->
<div id=""flt_l7""></div>
<!-- ▲左フロートバナー 表示 CSS & TAG セット -->

<!-- ▼右フロートバナー 表示 CSS & TAG セット -->
<link rel=""stylesheet"" href=""http://www.rakuten.ne.jp/gold/medistock/css_flt/fb_r_m.css"" type=""text/css"" />
<!--プレ EXP-->
<div id=""flt_r1""></div>
<!--プレ レバ-->
<div id=""flt_r2""></div>
<!--花粉特集-->
<div id=""flt_r3""></div>
<!--なし-->
<div id=""flt_r4""></div>
<!--なし-->
<div id=""flt_r5""></div>
<!--ビタ ワゴン-->
<!--ゴールドA-->
<div id=""flt_r6""></div>
<!--なし-->
<div id=""flt_r7""></div>
<!-- ▲右フロートバナー 表示 CSS & TAG セット -->


<!-- ▼スライド -->
<center>
<div style=""width:710px; border:1px solid #52aef0; padding:5px; margin-bottom:5px;"">

</div>
</center>
<!-- ▲スライド -->

<!--▼項目選択-->

<br>
<!--▲項目選択-->


<!--▼右端縦表示-->
<style type=""text/css"">
<!--
/*
body {
background-image:url(http://image.rakuten.co.jp/medistock/cabinet/medistock/tate1508md.gif);
background-repeat:repeat-y;
background-position: right top;
}
*/
-->
</style>



<table width=""730"" border=""0""><tr><td align=""center"">

	<div><img src=""http://image.rakuten.co.jp/medistock/cabinet/hd/sp.gif"" height=""20""></div>




	<div><img src=""http://image.rakuten.co.jp/medistock/cabinet/banner/170520m.gif"" width=""468"" alt=""エントリー"" border=""0""></div>
	<div><img src=""http://image.rakuten.co.jp/medistock/cabinet/hd/sp.gif"" height=""5""></div>


	<div><img src=""http://image.rakuten.co.jp/medistock/cabinet/banner/1704win.jpg"" width=""468"" alt=""エントリー"" border=""0""></div>
	<div><img src=""http://image.rakuten.co.jp/medistock/cabinet/hd/sp.gif"" height=""5""></div>




	<div><img src=""http://image.rakuten.co.jp/medistock/cabinet/banner/160801ls.gif"" width=""468"" alt=""エントリー"" border=""0""></div>
	<div><img src=""http://image.rakuten.co.jp/medistock/cabinet/hd/sp.gif"" height=""5""></div>



	<div><img src=""http://image.rakuten.co.jp/medistock/cabinet/banner/160118pt7.jpg"" width=""468"" alt=""エントリー"" border=""0""></div>
	<div><img src=""http://image.rakuten.co.jp/medistock/cabinet/hd/sp.gif"" height=""5""></div>


	<div><img src=""http://image.rakuten.co.jp/medistock/cabinet/banner/160801nua.jpg"" width=""468"" alt=""エントリー"" border=""0""></div>
	<div><img src=""http://image.rakuten.co.jp/medistock/cabinet/hd/sp.gif"" height=""5""></div>


	<div><img src=""http://image.rakuten.co.jp/medistock/cabinet/banner/160506rgw.jpg"" width=""468"" alt=""エントリー"" border=""0""></div>
	<div><img src=""http://image.rakuten.co.jp/medistock/cabinet/hd/sp.gif"" height=""5""></div>



	<div><img src=""http://image.rakuten.co.jp/medistock/cabinet/banner/161201tb05p.jpg"" width=""468"" alt=""ツールバーPt2"" border=""0""></div>
	<div><img src=""http://image.rakuten.co.jp/medistock/cabinet/hd/sp.gif"" height=""5""></div>



	<div><img src=""http://image.rakuten.co.jp/medistock/cabinet/banner/160601tb10.jpg"" width=""468"" alt=""初ツールバー"" border=""0""></div>
	<div><img src=""http://image.rakuten.co.jp/medistock/cabinet/hd/sp.gif"" height=""5""></div>





	<div><img src=""http://image.rakuten.co.jp/medistock/cabinet/banner/151101app.jpg"" width=""468"" alt=""エントリー"" border=""0""></div>
	<div><img src=""http://image.rakuten.co.jp/medistock/cabinet/hd/sp.gif"" height=""5""></div>


<div><img src=""http://image.rakuten.co.jp/medistock/cabinet/p_img/bn_ato.gif"" width=""468"" alt=""ＮＰ後払い"" border=""0""></div>
<div><img src=""http://image.rakuten.co.jp/medistock/cabinet/hd/sp.gif"" height=""5""></div>

<Br>

</td></tr></table>",【第3類医薬品】【毎日ポイント２倍★送料無料】ビタトレール ゴールドＥＸＰ　270錠&times;２個セット（約180日分） 【RCP】【HLS_DU】：メディストック,美容健康メディスンプラスメディストック健康食品サプリメントペット用品化粧品ドッグフードキャットフード日用品食料品香水医薬品【第3類医薬品】【毎日ポイント２倍★送料無料】ビタトレール ゴールドＥＸＰ　270錠&times;２個セット（約180日分） 【RCP】【HLS_DU】,【第3類医薬品】【毎日ポイント２倍★送料無料】ビタトレール ゴールドＥＸＰ　270錠&times;２個セット（約180日分） 【RCP】【HLS_DU】[rn]
28-87588,http://tshop.r10s.jp/anshin-relief/cabinet/vitamin/takeda_vitaminc300.jpg?fitin=700:700,2032.8000,,,【第3類医薬品】【武田薬品】ビタミンＣタケダ　300錠【RCP】【02P03Dec16】,,"<center>
<table bgcolor=""#cc0000"" width=""750"" border=""0"" cellpadding=""0"" cellspacing=""2""><tr><td>
<table bgcolor=""#ffffcc"" width=""100%"" border=""0"" cellpadding=""5"" cellspacing=""0"" style=""font-size:14px;line-height:1.2;""><tr><td>
<font color=""#333333"">
<div align=""center""><font color=""#ff0000"" size=6><b>【お客様へ】本商品は医薬品です。</b></font></div>
<font color=""#660000"" size=4><b>商品名に付記されてございます<a href=""http://item.rakuten.co.jp/mprice-shop/c/0000000111/"">【リスク分類】</a>をよくご確認の上、ご購入下さい。
また、医薬品は使用上の注意をよく読んだ上で、それに従い適切に使用して下さい。</b></font>
<hr>
<font color=""#cc0000""><b>
※医薬品のご購入について(1)：医薬品をご購入できるのは“18歳以上の楽天会員さま”のみとなっております。<br>
※医薬品のご購入について(2)：医薬品ごとに購入数の制限を設けております。
</b></font>
<hr>
<font color=""#003366""><b>【医薬品による健康被害の救済に関する制度】</b></font>医薬品副作用被害救済制度に基づき、独立行政法人 医薬品医療機器総合機構（救済制度窓口 0120-149-931）へご相談ください。<br>
<hr>
<font color=""#003366""><b>【広告文責 株式会社メディスンプラス】</b></font>フリーダイヤル：０１２０－２０５－９０４（※土日・祝祭日は休業）<br>管理薬剤師：稗圃賢輔（薬剤師免許証 第124203号 長崎県） ※相談応需可能時間：営業時間内
<hr><font color=""#ff0000""><b>【お客様へ】</b></font>お薬に関するご相談がございましたら、<a href=""http://item.rakuten.co.jp/mprice-shop/c/0000000110/"" target=""_blank""><b>こちら</b></a>へお問い合わせください。
</font>
</td></tr></table></td></tr></table>
</center><!--info_txt--><table border=0 width=380><tr><td><font style=""font-size:14px;line-height:1.2;"">
<hr color=#ccffcc size=2><font style=""font-size:22px;"">活用しよう「医療費控除制度」！</font><hr color=#ccffcc size=2>
本商品（医薬品）をご購入された金額が、
<font color=""#ff0000"">ご自分と扶養家族の分も含めて年間で「合計１０万円（税込）」を超えた場合</font>
、確定申告をすることにより、所得税が一部還付されたり、翌年の住民税が減額される制度があります。<br>
詳しくは厚生労働省か、最寄りの関係機関へお問い合わせください。
</font></td></tr></table>
<table width=380 border=0><tr><td><font style=""font-size:14px;"">
<hr color=#ccffcc size=2><font color=#0066ff>◆</font><b>特長・キャッチフレーズ</b><font color=#0066ff>◆</font><hr color=#ccffcc size=2>「ビタミンC「タケダ」 300錠」は、ビタミンC(アスコルビン酸)とビタミンCのカルシウム塩(アスコルビン酸カルシウム)にビタミンB2を配合したビタミンC製剤です。<div align=right>・・・滋養強壮保健薬／ビタミン主薬製剤</div><hr color=#ccffcc size=2><font color=#0066ff>◆</font><b>メーカー</b>（※製造国又は原産国：日本）<font color=#0066ff>◆</font><hr color=#ccffcc size=2>武田薬品工業株式会社<br>〒540-8645 大阪市中央区道修町四丁目1番1号<br>お客様相談室 ： 0120-567-087（フリーダイヤル）<br>受付時間 ： 9時から17時（土・日・祝日、休業日を除く）<hr color=#ccffcc size=2><font color=#0066ff>◆</font><b>効果・効能</b><font color=#0066ff>◆</font><hr color=#ccffcc size=2>次の諸症状の緩和　しみ、そばかす、日焼け・かぶれによる色素沈着　次の場合の出血予防　歯ぐきからの出血、鼻出血<hr color=#ccffcc size=2><font color=#0066ff>◆</font><b>用法・用量</b><font color=#0066ff>◆</font><hr color=#ccffcc size=2>成人（１５歳以上）１回１～３錠、１１歳～１４歳１回１～２錠、７歳～１０歳１回１錠を１日２回、食後に水またはお湯で、かまずに服用して下さい。<hr color=#ccffcc size=2><font color=#0066ff>◆</font><b>成分・分量</b><font color=#0066ff>◆</font><hr color=#ccffcc size=2>ビタミンＣとして・・２０００ｍｇ、ビタミンＣ（アスコルビン酸）・・１４００ｍｇ、アスコルビン酸カルシウム（ビタミンＣのカルシウム塩）・・７２６ｍｇ、酪酸リボフラビン（ビタミンＢ２酪酸エステル）・・６ｍｇ<hr color=#ccffcc size=2><font color=#0066ff>◆</font><b>保管上の注意</b><font color=#0066ff>◆</font><hr color=#ccffcc size=2>
（1）直射日光の当たらない湿気の少ない涼しい所に密栓して保管してください。<br>
（2）小児の手の届かない所に保管してください。<br>
（3）他の容器に入れ替えないでください。誤用の原因になったり、品質が変わるおそれがあります。<br>
（4）使用期限をすぎた製品は、使用しないでください。 <br>
（5）容器の開封日記入欄に、開封した日付を記入してください。<br>
※その他、医薬品は使用上の注意をよく読んだ上で、それに従い適切に使用して下さい。<br>※ページ内で特に記載が無い場合、使用期限１年以上の商品をお届けしております。<!--info_txt-->
</font></td></tr></table><table width=""380"" border=""0"" style=""font-size:14px;line-height:1.2;""><tr><td><hr>※添付文書←<font color=#ff0000><b>詳細の商品情報はこちら</b></font><hr><font color=""#ff0000""><b>【お客様へ】</b></font>お薬に関するご相談がございましたら、<b>こちら</b>へお問い合わせください。</td></tr></table><table border=0 width=380 style=""font-size:12px;line-height:1.2;""><tr><td><font color=#000088><hr>※パッケージデザイン等が予告なく変更される場合もあります。<br>※商品廃番・メーカー欠品など諸事情によりお届けできない場合がございます。<hr></font></td></tr></table>
<table border=0 width=380 style=""font-size:12px;line-height:1.2;""><tr><td>商品区分：【第3類医薬品】<br>【広告文責】株式会社メディスンプラス：0120-205-904 ※休業日 土日・祝祭日<br>文責者名：稗圃 賢輔（管理薬剤師）</td></tr></table><!-- ▼左フロートバナー 表示 CSS & TAG セット -->
<link rel=""stylesheet"" href=""http://www.rakuten.ne.jp/gold/medistock/css_flt/fb_l_r.css"" type=""text/css"" />
<div id=""flt_l1""></div>
<!--Ｗオマケ-->
<div id=""flt_l2""></div>
<!--還元 Q10-->
<div id=""flt_l3""></div>
<!--ワゴンセール-->
<div id=""flt_l4""></div>
<!--送料無料-->
<div id=""flt_l5""></div>
<!-- Mプラ -->
<div id=""flt_l6""></div>
<!-- none -->
<div id=""flt_l7""></div>
<!-- ▲左フロートバナー 表示 CSS & TAG セット -->

<!-- ▼右フロートバナー 表示 CSS & TAG セット -->
<link rel=""stylesheet"" href=""http://www.rakuten.ne.jp/gold/medistock/css_flt/fb_r_m.css"" type=""text/css"" />
<!--プレ EXP-->
<div id=""flt_r1""></div>
<!--プレ レバ-->
<div id=""flt_r2""></div>
<!--花粉特集-->
<div id=""flt_r3""></div>
<!--なし-->
<div id=""flt_r4""></div>
<!--なし-->
<div id=""flt_r5""></div>
<!--ビタ ワゴン-->
<!--ゴールドA-->
<div id=""flt_r6""></div>
<!--なし-->
<div id=""flt_r7""></div>
<!-- ▲右フロートバナー 表示 CSS & TAG セット -->


<!-- ▼スライド -->
<center>
<div style=""width:710px; border:1px solid #fbc; padding:5px; margin-bottom:5px; background:#fff;"">

</div>
</center>
<!-- ▲スライド -->

<!--▼項目選択-->

<br>
<!--▲項目選択-->

<style type=""text/css"">
<!--
/*
body {
background-image:url(http://image.rakuten.co.jp/anshin-relief/cabinet/relief/tate150501rr.gif);
background-repeat:repeat-y;
background-position: right top;
}
*/
-->
</style>


<table width=""730"" border=""0""><tr><td align=""center"">

	<div><img src=""http://image.rakuten.co.jp/medistock/cabinet/hd/sp.gif"" height=""20""></div>



	<div><img src=""http://image.rakuten.co.jp/medistock/cabinet/banner/170520m.gif"" width=""468"" alt=""エントリー"" border=""0""></div>
	<div><img src=""http://image.rakuten.co.jp/medistock/cabinet/hd/sp.gif"" height=""5""></div>




	<div><img src=""http://image.rakuten.co.jp/medistock/cabinet/banner/1704win.jpg"" width=""468"" alt=""エントリー"" border=""0""></div>
	<div><img src=""http://image.rakuten.co.jp/medistock/cabinet/hd/sp.gif"" height=""5""></div>




	<div><img src=""http://image.rakuten.co.jp/medistock/cabinet/banner/160801ls.gif"" width=""468"" alt=""エントリー"" border=""0""></div>
	<div><img src=""http://image.rakuten.co.jp/medistock/cabinet/hd/sp.gif"" height=""5""></div>


	<div><img src=""http://image.rakuten.co.jp/medistock/cabinet/banner/160118pt7.jpg"" width=""468"" alt=""エントリー"" border=""0""></div>
	<div><img src=""http://image.rakuten.co.jp/medistock/cabinet/hd/sp.gif"" height=""5""></div>



	<div><img src=""http://image.rakuten.co.jp/medistock/cabinet/banner/160801nua.jpg"" width=""468"" alt=""エントリー"" border=""0""></div>
	<div><img src=""http://image.rakuten.co.jp/medistock/cabinet/hd/sp.gif"" height=""5""></div>


	<div><img src=""http://image.rakuten.co.jp/medistock/cabinet/banner/160506rgw.jpg"" width=""468"" alt=""エントリー"" border=""0""></div>
	<div><img src=""http://image.rakuten.co.jp/medistock/cabinet/hd/sp.gif"" height=""5""></div>







	<div><img src=""http://image.rakuten.co.jp/medistock/cabinet/banner/161201tb05p.jpg"" width=""468"" alt=""ツールバーPt2"" border=""0""></div>
	<div><img src=""http://image.rakuten.co.jp/medistock/cabinet/hd/sp.gif"" height=""5""></div>



	<div><img src=""http://image.rakuten.co.jp/medistock/cabinet/banner/160601tb10.jpg"" width=""468"" alt=""初ツールバー"" border=""0""></div>
	<div><img src=""http://image.rakuten.co.jp/medistock/cabinet/hd/sp.gif"" height=""5""></div>



	<div><img src=""http://image.rakuten.co.jp/medistock/cabinet/banner/151101app.jpg"" width=""468"" alt=""エントリー"" border=""0""></div>
	<div><img src=""http://image.rakuten.co.jp/medistock/cabinet/hd/sp.gif"" height=""5""></div>






<div><img src=""http://image.rakuten.co.jp/medistock/cabinet/p_img/bn_ato.gif"" width=""468"" alt=""ＮＰ後払い"" border=""0""></div>
<div><img src=""http://image.rakuten.co.jp/medistock/cabinet/hd/sp.gif"" height=""5""></div>


</td></tr></table>",【第3類医薬品】【武田薬品】ビタミンＣタケダ　300錠【RCP】【02P03Dec16】：あんしん通販　リリーフ,【第3類医薬品】【武田薬品】ビタミンＣタケダ　300錠【RCP】【02P03Dec16】,【第3類医薬品】【武田薬品】ビタミンＣタケダ　300錠【RCP】【02P03Dec16】[rn]
28-87589,http://tshop.r10s.jp/medistock/cabinet/tmp/4954391103887x3.jpg?fitin=700:700,6751.2000,,,【第3類医薬品】【毎日ポイント２倍★送料無料】ビタトレール ゴールドＥＸＰ　270錠×３個セット（約270日分） 【RCP】【HLS_DU】,,"<a name=""ptop""></a>
<div align=""right""><a href=""http://item.rakuten.co.jp/medistock/vgold_exp130927003#pbtm"">▼SKIP</a></div>
<div id=""gexp001""></div>
<div id=""gexp101""> </div>
<div id=""gexp102""> </div>
<div id=""gexp103""> </div>
<div class=""hdtxt"">アナタの毎日こんな症状でお悩みではありませんか？アナタの毎日こんな症状でお悩みではありませんか？目の疲れがツライ！パソコンを長時間使う仕事で目が疲れるし肩もこる。なんだか目が乾く気がする。ゲーム大好き、目が疲れる。メガネ・コンタクトを長い時間付けている…など。肩のこりがツライ！パソコンを長時間使う仕事で、気が付けばずっと同じ姿勢。どうも猫背の姿勢になる。
そういえば冷えも気になる。お風呂にゆっくりつかれない。目の疲れが肩にくるかも…など。腰の痛みがツライ。家事の姿勢は中腰が多い。運動不足気味の生活が長い。姿勢の悪さをよく指摘される。車の運転時間が長い。お仕事はデスクワークが中心…など。もう、とにかく毎日が疲れてツライ！目の疲れ・肩のこり・腰の痛みには、医薬品でビタミンB群の補給を！おかげさまで販売累計20万個突破の大ヒット商品、
ビタトレールEXP　売上ナンバーワン　ビタミンB1誘導体（フルスルチアミン）をはじめ、エネルギー産生にかかわるビタミンB群にさらにビタミンE・パントテン酸カルシウム・γ-オリザノールと6つの有効成分を配合した医薬品です。</div>
<div id=""gexp104""> </div>
<div class=""hdtxt"">
ビタミンB1誘導体の医薬品がスゴイ理由　簡単に言えば、オシッコに出ちゃうビタミンB1を吸収しやすくして体内に留めるようにしたスグレモノ。活性型ビタミンB1と紹介されることも。そして、今回ご紹介致しますのが、ビタトレールゴールドEXP　さらに7つめの成分としてニコチン酸アミドを追加配合したパワーUPバージョンです。このニコチン酸アミドは、（1）タンパク質（2）糖質（3）脂質の３大栄養素を
エネルギーにする、疲れが気になる人のオススメの成分。「ナイアシン」という呼び方で、ご存知の方も多いでしょう。ニコチン酸アミドもまた、吸収力にすごれているのですよ。
すでに、ビタミンB1・B6・B12のお薬をご愛用の方。もっと経済的なお値段のお薬が欲しい。でも、安くても有名品より質が劣るのは困る。</div>

<div id=""gexp201""> </div>
<div id=""gexp202""> </div>
<div id=""gexp203""> </div>
<div id=""gexp204""> </div>
<div id=""gexp205""> </div>
<div id=""gexp206""> </div>
<div id=""gexp207""> </div>
<div id=""gexp208""> </div>
<div id=""gexp209""> </div>
<a name=""pbtm""></a>
<div class=""hdtxt"">特報　目の疲れ、肩こり、腰の痛みに　販売累計200000個突破のビタトレールEXP　ビタミンB1・ビタミンB6・ビタミンB12・ビタミンE・PanCa・γ-OZRの6つの有効成分に、７つ目の有効成分、ニコチン酸アミドをプラス！　EXPパワーUP版登場！ビタトレールゴールドEXP　270錠　第3類医薬品。疲労回復にはたんぱく質・脂質・糖質をエネルギーに変えるビタミンB群が不可欠！！
（1）疲労の回復に、ビタミンB1誘導体　フルスルチアミン塩酸塩。（2）神経の疲労回復に、ビタミンB6　ピリドキシン塩酸塩。（3）しびれの緩和にビタミンB12　シアノコバラミン。摂りにくく、貯めにくいビタミンBは毎日の医薬品でサポート！！さらに、３つの成分を配合！（4）血流の促進に、ビタミンE　トコフェノールコハク酸エステルカルシウム（5）エネルギーの産生にピリドキシン塩酸塩。
（6）しびれの緩和にガンマ-オリザノール。そして、新たに追加された7つ目の有効成分！（7）疲労回復と冷えの改善　ニコチン酸アミド60mg　合計7つの有効成分が目肩腰に効く！！それでいて、経済的な価格設定。ビタトレールゴールドEXP　270錠　第3類医薬品</div>
<br>
<center>
<table bgcolor=""#cc0000"" width=""750"" border=""0"" cellpadding=""0"" cellspacing=""2""><tr><td>
<table bgcolor=""#ffffcc"" width=""100%"" border=""0"" cellpadding=""5"" cellspacing=""0"" style=""font-size:14px;line-height:1.2;""><tr><td>
<font color=""#333333"">
<div align=""center""><font color=""#ff0000"" size=6><b>【お客様へ】本商品は医薬品です。</b></font></div>
<font color=""#660000"" size=4><b>商品名に付記されてございます<a href=""http://item.rakuten.co.jp/medistock/c/0000003301/"">【リスク分類】</a>をよくご確認の上、ご購入下さい。
また、医薬品は使用上の注意をよく読んだ上で、それに従い適切に使用して下さい。</b></font>
<hr>
<font color=""#cc0000""><b>
※医薬品のご購入について(1)：医薬品をご購入できるのは“18歳以上の楽天会員さま”のみとなっております。<br>
※医薬品のご購入について(2)：医薬品ごとに購入数の制限を設けております。
</b></font>
<hr>
<font color=""#003366""><b>【医薬品による健康被害の救済に関する制度】</b></font>医薬品副作用被害救済制度に基づき、独立行政法人 医薬品医療機器総合機構（救済制度窓口 0120-149-931）へご相談ください。<br>
<hr>
<font color=""#003366""><b>【広告文責 株式会社メディスンプラス】</b></font>フリーダイヤル：０１２０－２０５－９０４（※土日・祝祭日は休業）<br>管理薬剤師：稗圃賢輔（薬剤師免許証 第124203号 長崎県） ※相談応需可能時間：営業時間内
<hr><font color=""#003366""><b>【お客様へ】</b></font>お薬に関するご相談がございましたら、<a href=""http://item.rakuten.co.jp/medistock/c/0000003301/"" target=""_blank""><b>こちら</b></a>へお問い合わせください。
</font>
</td></tr></table></td></tr></table>
</center>

<!--info_txt--><table border=0 width=380><tr><td><font style=""font-size:14px;line-height:1.2;"">
<hr color=#ccffcc size=2><font style=""font-size:22px;"">活用しよう「医療費控除制度」！</font><hr color=#ccffcc size=2>
本商品（医薬品）をご購入された金額が、
<font color=""#ff0000"">ご自分と扶養家族の分も含めて年間で「合計１０万円（税込）」を超えた場合</font>
、確定申告をすることにより、所得税が一部還付されたり、翌年の住民税が減額される制度があります。<br>
詳しくは厚生労働省か、最寄りの関係機関へお問い合わせください。
</font></td></tr></table>
<table border=0 width=380><tr><td><font style=""font-size:14px;line-height:1.2;"">
<hr color=#ccffcc size=2><font color=#0066ff>◆</font><b>特  長</b><font color=#0066ff>◆</font><hr color=#ccffcc size=2>
<font color=""#cc0000"" style=""font-size:24px;""><b>
なんと！あの超人気ビタトレールＥＸＰが、ニコチン酸アミドを追加配合してパワーＵＰ！<Br>
目・肩・腰に効く、激安医薬品です！
</b></font><br>
累計販売個数20万個突破、寄せられたレビュー数が合計3200件突破！おかげさまでメガヒット中、アリナミンＥＸプラスと有効成分同一で同一処方＆同一効能で激安医薬品「ビタトレールＥＸＰ」が、さらに多くのお客様のご要望にお応えするため、ニコチン酸アミドを追加配合してパワーＵＰして新登場！
それがビタトレールゴールドＥＸＰ！<Br>
ビタミンB1誘導体のフルスルチアミン塩酸塩、ビタミンB6、ビタミンB12のビタミン群を主剤とし、ニコチン酸アミドおよび自律神経をコントロールするγ-オリザノールが効果的に作用し、目の疲れ・肩こり・腰の痛みなどツライ症状に優れた効果を発揮します。<Br>
補酵素となってエネルギー産生に作用するパントテン酸カルシウム、体の末端の血液循環を改善するビタミンＥも配合しています。<Br>
１日１回、２～３錠。飲みやすい、黄色の糖衣錠。そういえば糖衣も、ただコーティングするのではなく、ビタミンB1の過剰摂取の予防を期待できるビタミンB2を使用。大手有名メーカーに負けないこだわりで製造しています。<Br>
<hr color=#ccffcc size=2><font color=#0066ff>◆</font><b>メーカー</b>（※製造国又は原産国：日本）<font color=#0066ff>◆</font><hr color=#ccffcc size=2>米田薬品工業株式会社<br> 大阪府大阪市天王寺区堀越町9番24号<br>お客様相談室 ： 0744-52-3720<br>受付時間 ： 午前10時から午後4時（平日のみ）<hr color=#ccffcc size=2><font color=#0066ff>◆</font><b>効果・効能</b><font color=#0066ff>◆</font><hr color=#ccffcc size=2>
(1)神経痛、筋肉痛・関節痛（腰痛、肩こり、五十肩など）、手足のしびれ、眼精疲労の緩和。<br>
(2)肉体疲労時、妊娠・授乳期、病中病後の体力低下時のビタミンＢ1・Ｂ6・Ｂ12栄養補給。
<hr color=#ccffcc size=2><font color=#0066ff>◆</font><b>用法・用量</b><font color=#0066ff>◆</font><hr color=#ccffcc size=2>
成人（15歳以上）１回２～３錠を１日１回、食後に水またはお湯で噛まずに服用してください。<br>
※15歳未満：服用しないでください。
<hr color=#ccffcc size=2><font color=#0066ff>◆</font><b>成分・分量</b><font color=#0066ff>◆</font><hr color=#ccffcc size=2>
【１日最大量３錠中】フルスルチアミン塩酸塩（ビタミンB1誘導体） 109.16mg（フルスルチアミンとして100mg）、ピリドキシン塩酸塩（ビタミンB6） 100mg、シアノコバラミン（ビタミンB12） 1500μg、トコフェノールコハク酸エステルカルシウム（ビタミンE） 103.58mg、ガンマ-オリザノール 10mg、パントテン酸カルシウム 30mg、ニコチン酸アミド 60mg<br>
※添加物として、乳糖水和物、ゼラチン、タルク、炭酸Ｃａ、リボフラビンを含有します。
<hr color=#ccffcc size=2><font color=#0066ff>◆</font><b>保管上の注意</b><font color=#0066ff>◆</font><hr color=#ccffcc size=2>
（1）直射日光の当たらない湿気の少ない涼しい所に密栓して保管してください。<br>
（2）小児の手の届かない所に保管してください。<br>
（3）他の容器に入れ替えないでください。誤用の原因になったり、品質が変わるおそれがあります。<br>
（4）使用期限をすぎた製品は、使用しないでください。 <br>
（5）容器の開封日記入欄に、開封した日付を記入してください。<br>
※その他、医薬品は使用上の注意をよく読んだ上で、それに従い適切に使用して下さい。<br>※ページ内で特に記載が無い場合、使用期限１年以上の商品をお届けしております。

<!--info_txt-->


</font></td></tr></table>
<table width=""380"" border=""0"" style=""font-size:14px;line-height:1.2;""><tr><td><hr>
※添付文書←<font color=#ff0000><b>詳細の商品情報はこちら</b></font>
<hr><font color=""#ff0000""><b>【お客様へ】</b></font>お薬に関するご相談がございましたら、<b>こちら</b>へお問い合わせください。</td></tr></table>
<table border=0 width=380 style=""font-size:12px;line-height:1.2;""><tr><td><font color=#000088><hr>※パッケージデザイン等が予告なく変更される場合もあります。<br>※商品廃番・メーカー欠品など諸事情によりお届けできない場合がございます。</font><hr></td></tr></table>
<table border=0 width=380 style=""font-size:12px;line-height:1.2;""><tr><td>商品区分：【第3類医薬品】<br>【広告文責】株式会社メディスンプラス：0120-205-904 ※休業日 土日・祝祭日<br>文責者名：稗圃 賢輔（管理薬剤師）</td></tr></table><!-- ▼左フロートバナー 表示 CSS & TAG セット -->
<link rel=""stylesheet"" href=""http://www.rakuten.ne.jp/gold/medistock/css_flt/fb_l_m.css"" type=""text/css"" />
<!--トップバナー-->
<div id=""flt_l1""></div>
<!--Ｗオマケ-->
<div id=""flt_l2""></div>
<!--セサミン-->
<div id=""flt_l3""></div>
<!--ワゴンセール-->
<div id=""flt_l4""></div>
<!--送料無料-->
<div id=""flt_l5""></div>
<!-- MPリンク -->
<div id=""flt_l6""></div>
<!-- none -->
<div id=""flt_l7""></div>
<!-- ▲左フロートバナー 表示 CSS & TAG セット -->

<!-- ▼右フロートバナー 表示 CSS & TAG セット -->
<link rel=""stylesheet"" href=""http://www.rakuten.ne.jp/gold/medistock/css_flt/fb_r_m.css"" type=""text/css"" />
<!--プレ EXP-->
<div id=""flt_r1""></div>
<!--プレ レバ-->
<div id=""flt_r2""></div>
<!--花粉特集-->
<div id=""flt_r3""></div>
<!--なし-->
<div id=""flt_r4""></div>
<!--なし-->
<div id=""flt_r5""></div>
<!--ビタ ワゴン-->
<!--ゴールドA-->
<div id=""flt_r6""></div>
<!--なし-->
<div id=""flt_r7""></div>
<!-- ▲右フロートバナー 表示 CSS & TAG セット -->


<!-- ▼スライド -->
<center>
<div style=""width:710px; border:1px solid #52aef0; padding:5px; margin-bottom:5px;"">

</div>
</center>
<!-- ▲スライド -->

<!--▼項目選択-->

<br>
<!--▲項目選択-->


<!--▼右端縦表示-->
<style type=""text/css"">
<!--
/*
body {
background-image:url(http://image.rakuten.co.jp/medistock/cabinet/medistock/tate1508md.gif);
background-repeat:repeat-y;
background-position: right top;
}
*/
-->
</style>



<table width=""730"" border=""0""><tr><td align=""center"">

	<div><img src=""http://image.rakuten.co.jp/medistock/cabinet/hd/sp.gif"" height=""20""></div>




	<div><img src=""http://image.rakuten.co.jp/medistock/cabinet/banner/170520m.gif"" width=""468"" alt=""エントリー"" border=""0""></div>
	<div><img src=""http://image.rakuten.co.jp/medistock/cabinet/hd/sp.gif"" height=""5""></div>


	<div><img src=""http://image.rakuten.co.jp/medistock/cabinet/banner/1704win.jpg"" width=""468"" alt=""エントリー"" border=""0""></div>
	<div><img src=""http://image.rakuten.co.jp/medistock/cabinet/hd/sp.gif"" height=""5""></div>




	<div><img src=""http://image.rakuten.co.jp/medistock/cabinet/banner/160801ls.gif"" width=""468"" alt=""エントリー"" border=""0""></div>
	<div><img src=""http://image.rakuten.co.jp/medistock/cabinet/hd/sp.gif"" height=""5""></div>



	<div><img src=""http://image.rakuten.co.jp/medistock/cabinet/banner/160118pt7.jpg"" width=""468"" alt=""エントリー"" border=""0""></div>
	<div><img src=""http://image.rakuten.co.jp/medistock/cabinet/hd/sp.gif"" height=""5""></div>


	<div><img src=""http://image.rakuten.co.jp/medistock/cabinet/banner/160801nua.jpg"" width=""468"" alt=""エントリー"" border=""0""></div>
	<div><img src=""http://image.rakuten.co.jp/medistock/cabinet/hd/sp.gif"" height=""5""></div>


	<div><img src=""http://image.rakuten.co.jp/medistock/cabinet/banner/160506rgw.jpg"" width=""468"" alt=""エントリー"" border=""0""></div>
	<div><img src=""http://image.rakuten.co.jp/medistock/cabinet/hd/sp.gif"" height=""5""></div>



	<div><img src=""http://image.rakuten.co.jp/medistock/cabinet/banner/161201tb05p.jpg"" width=""468"" alt=""ツールバーPt2"" border=""0""></div>
	<div><img src=""http://image.rakuten.co.jp/medistock/cabinet/hd/sp.gif"" height=""5""></div>



	<div><img src=""http://image.rakuten.co.jp/medistock/cabinet/banner/160601tb10.jpg"" width=""468"" alt=""初ツールバー"" border=""0""></div>
	<div><img src=""http://image.rakuten.co.jp/medistock/cabinet/hd/sp.gif"" height=""5""></div>





	<div><img src=""http://image.rakuten.co.jp/medistock/cabinet/banner/151101app.jpg"" width=""468"" alt=""エントリー"" border=""0""></div>
	<div><img src=""http://image.rakuten.co.jp/medistock/cabinet/hd/sp.gif"" height=""5""></div>


<div><img src=""http://image.rakuten.co.jp/medistock/cabinet/p_img/bn_ato.gif"" width=""468"" alt=""ＮＰ後払い"" border=""0""></div>
<div><img src=""http://image.rakuten.co.jp/medistock/cabinet/hd/sp.gif"" height=""5""></div>

<Br>

</td></tr></table>",【第3類医薬品】【毎日ポイント２倍★送料無料】ビタトレール ゴールドＥＸＰ　270錠&times;３個セット（約270日分） 【RCP】【HLS_DU】：メディストック,美容健康メディスンプラスメディストック健康食品サプリメントペット用品化粧品ドッグフードキャットフード日用品食料品香水医薬品【第3類医薬品】【毎日ポイント２倍★送料無料】ビタトレール ゴールドＥＸＰ　270錠&times;３個セット（約270日分） 【RCP】【HLS_DU】,【第3類医薬品】【毎日ポイント２倍★送料無料】ビタトレール ゴールドＥＸＰ　270錠&times;３個セット（約270日分） 【RCP】【HLS_DU】[rn]
28-87590,http://tshop.r10s.jp/anshin-relief/cabinet/vitamin/cystina_c210.jpg?fitin=700:700,1507.2000,,,【第3類医薬品】【第一三共ヘルスケア】システィナＣ　210錠【RCP】【02P03Dec16】,,"<center>
<table bgcolor=""#cc0000"" width=""750"" border=""0"" cellpadding=""0"" cellspacing=""2""><tr><td>
<table bgcolor=""#ffffcc"" width=""100%"" border=""0"" cellpadding=""5"" cellspacing=""0"" style=""font-size:14px;line-height:1.2;""><tr><td>
<font color=""#333333"">
<div align=""center""><font color=""#ff0000"" size=6><b>【お客様へ】本商品は医薬品です。</b></font></div>
<font color=""#660000"" size=4><b>商品名に付記されてございます<a href=""http://item.rakuten.co.jp/anshin-relief/c/0000000111/"">【リスク分類】</a>をよくご確認の上、ご購入下さい。
また、医薬品は使用上の注意をよく読んだ上で、それに従い適切に使用して下さい。</b></font>
<hr>
<font color=""#cc0000""><b>
※医薬品のご購入について(1)：医薬品をご購入できるのは“18歳以上の楽天会員さま”のみとなっております。<br>
※医薬品のご購入について(2)：医薬品ごとに購入数の制限を設けております。
</b></font>
<hr>
<font color=""#003366""><b>【医薬品による健康被害の救済に関する制度】</b></font>医薬品副作用被害救済制度に基づき、独立行政法人 医薬品医療機器総合機構（救済制度窓口 0120-149-931）へご相談ください。<br>
<hr>
<font color=""#003366""><b>【広告文責 株式会社メディスンプラス】</b></font>フリーダイヤル：０１２０－２０５－９０４（※土日・祝祭日は休業）<br>管理薬剤師：稗圃賢輔（薬剤師免許証 第124203号 長崎県） ※相談応需可能時間：営業時間内
<hr><font color=""#ff0000""><b>【お客様へ】</b></font>お薬に関するご相談がございましたら、<a href=""http://item.rakuten.co.jp/anshin-relief/c/0000000110/"" target=""_blank""><b>こちら</b></a>へお問い合わせください。
</font>
</td></tr></table></td></tr></table>
</center><!--info_txt--><table border=0 width=380><tr><td><font style=""font-size:14px;line-height:1.2;"">
<hr color=#ccffcc size=2><font style=""font-size:22px;"">活用しよう「医療費控除制度」！</font><hr color=#ccffcc size=2>
本商品（医薬品）をご購入された金額が、
<font color=""#ff0000"">ご自分と扶養家族の分も含めて年間で「合計１０万円（税込）」を超えた場合</font>
、確定申告をすることにより、所得税が一部還付されたり、翌年の住民税が減額される制度があります。<br>
詳しくは厚生労働省か、最寄りの関係機関へお問い合わせください。
</font></td></tr></table>
<table border=0 width=380><tr><td><font style=""font-size:14px;"">
<hr color=#ccffcc size=2><font color=#0066ff>◆</font><b>メーカー</b>（※製造国又は原産国：日本）<font color=#0066ff>◆</font><hr color=#ccffcc size=2>第一三共ヘルスケア株式会社<br>〒103-8234 東京都中央区日本橋三丁目14番10号<br>お客様相談室 ： 0120-337-336（フリーダイヤル）<br>受付時間 ： 9時から17時（土・日・祝日、休業日を除く）<hr color=#ccffcc size=2><font color=#0066ff>◆</font><b>特　長</b><font color=#0066ff>◆</font><hr color=#ccffcc size=2>「システィナC 210錠」は、ビタミンC主薬製剤としては初めてL-システインを240mg配合した製品です。<br>ビタミンCとL-システインがメラニンの過剰な生成を抑え、皮膚の新陳代謝を促進して、しみ、そばかす、日焼け、かぶれによる色素沈着の緩和に優れた効果を発揮します。<br>ビタミンB6は、体内でのL-システインの合成を助け、パントテン酸カルシウムが、ビタミンCの働きを助けます。<br>医薬品。210錠入り。<hr color=#ccffcc size=2><font color=#0066ff>◆</font><b>効果・効能</b><font color=#0066ff>◆</font><hr color=#ccffcc size=2>しみ、そばかす、日やけ・かぶれによる色素沈着 歯ぐきからの出血、鼻出血 肉体疲労時、妊娠・授乳期、病中病後の体力低下時、老年期<hr color=#ccffcc size=2><font color=#0066ff>◆</font><b>用法・用量</b><font color=#0066ff>◆</font><hr color=#ccffcc size=2>次の量を、水またはお湯で、かまずに服用すること。<br>成人（15歳以上） 2錠 3回<br>7歳～14歳 1錠<br>＊7歳未満の方は使用しないで下さい。<hr color=#ccffcc size=2><font color=#0066ff>◆</font><b>成分・分量</b><font color=#0066ff>◆</font><hr color=#ccffcc size=2>成人1日量(6錠)中<br>L-システイン 240mg、アスコルビン酸 (ビタミンC) 300mg、塩酸ピリドキシン (ビタミンB6) 6mg、パントテン酸カルシウム 24mg <hr color=#ccffcc size=2><font color=#0066ff>◆</font><b>保管上の注意</b><font color=#0066ff>◆</font><hr color=#ccffcc size=2>
（1）直射日光の当たらない湿気の少ない涼しい所に密栓して保管してください。<br>
（2）小児の手の届かない所に保管してください。<br>
（3）他の容器に入れ替えないでください。誤用の原因になったり、品質が変わるおそれがあります。<br>
（4）使用期限をすぎた製品は、使用しないでください。 <br>
（5）容器の開封日記入欄に、開封した日付を記入してください。<br>
※その他、医薬品は使用上の注意をよく読んだ上で、それに従い適切に使用して下さい。<br>※ページ内で特に記載が無い場合、使用期限１年以上の商品をお届けしております。<!--info_txt-->
</font></td></tr></table><table width=""380"" border=""0"" style=""font-size:14px;line-height:1.2;""><tr><td><hr>※添付文書←<font color=#ff0000><b>詳細の商品情報はこちら</b></font><hr><font color=""#ff0000""><b>【お客様へ】</b></font>お薬に関するご相談がございましたら、<b>こちら</b>へお問い合わせください。</td></tr></table><table border=0 width=380 style=""font-size:12px;line-height:1.2;""><tr><td><font color=#000088><hr>※パッケージデザイン等が予告なく変更される場合もあります。<br>※商品廃番・メーカー欠品など諸事情によりお届けできない場合がございます。<hr></font></td></tr></table>
<table border=0 width=380 style=""font-size:12px;line-height:1.2;""><tr><td>商品区分：【第3類医薬品】<br>【広告文責】株式会社メディスンプラス：0120-205-904 ※休業日 土日・祝祭日<br>文責者名：稗圃 賢輔（管理薬剤師）</td></tr></table><!-- ▼左フロートバナー 表示 CSS & TAG セット -->
<link rel=""stylesheet"" href=""http://www.rakuten.ne.jp/gold/medistock/css_flt/fb_l_r.css"" type=""text/css"" />
<div id=""flt_l1""></div>
<!--Ｗオマケ-->
<div id=""flt_l2""></div>
<!--還元 Q10-->
<div id=""flt_l3""></div>
<!--ワゴンセール-->
<div id=""flt_l4""></div>
<!--送料無料-->
<div id=""flt_l5""></div>
<!-- Mプラ -->
<div id=""flt_l6""></div>
<!-- none -->
<div id=""flt_l7""></div>
<!-- ▲左フロートバナー 表示 CSS & TAG セット -->

<!-- ▼右フロートバナー 表示 CSS & TAG セット -->
<link rel=""stylesheet"" href=""http://www.rakuten.ne.jp/gold/medistock/css_flt/fb_r_m.css"" type=""text/css"" />
<!--プレ EXP-->
<div id=""flt_r1""></div>
<!--プレ レバ-->
<div id=""flt_r2""></div>
<!--花粉特集-->
<div id=""flt_r3""></div>
<!--なし-->
<div id=""flt_r4""></div>
<!--なし-->
<div id=""flt_r5""></div>
<!--ビタ ワゴン-->
<!--ゴールドA-->
<div id=""flt_r6""></div>
<!--なし-->
<div id=""flt_r7""></div>
<!-- ▲右フロートバナー 表示 CSS & TAG セット -->


<!-- ▼スライド -->
<center>
<div style=""width:710px; border:1px solid #fbc; padding:5px; margin-bottom:5px; background:#fff;"">

</div>
</center>
<!-- ▲スライド -->

<!--▼項目選択-->

<br>
<!--▲項目選択-->

<style type=""text/css"">
<!--
/*
body {
background-image:url(http://image.rakuten.co.jp/anshin-relief/cabinet/relief/tate150501rr.gif);
background-repeat:repeat-y;
background-position: right top;
}
*/
-->
</style>


<table width=""730"" border=""0""><tr><td align=""center"">

	<div><img src=""http://image.rakuten.co.jp/medistock/cabinet/hd/sp.gif"" height=""20""></div>



	<div><img src=""http://image.rakuten.co.jp/medistock/cabinet/banner/170520m.gif"" width=""468"" alt=""エントリー"" border=""0""></div>
	<div><img src=""http://image.rakuten.co.jp/medistock/cabinet/hd/sp.gif"" height=""5""></div>




	<div><img src=""http://image.rakuten.co.jp/medistock/cabinet/banner/1704win.jpg"" width=""468"" alt=""エントリー"" border=""0""></div>
	<div><img src=""http://image.rakuten.co.jp/medistock/cabinet/hd/sp.gif"" height=""5""></div>




	<div><img src=""http://image.rakuten.co.jp/medistock/cabinet/banner/160801ls.gif"" width=""468"" alt=""エントリー"" border=""0""></div>
	<div><img src=""http://image.rakuten.co.jp/medistock/cabinet/hd/sp.gif"" height=""5""></div>


	<div><img src=""http://image.rakuten.co.jp/medistock/cabinet/banner/160118pt7.jpg"" width=""468"" alt=""エントリー"" border=""0""></div>
	<div><img src=""http://image.rakuten.co.jp/medistock/cabinet/hd/sp.gif"" height=""5""></div>



	<div><img src=""http://image.rakuten.co.jp/medistock/cabinet/banner/160801nua.jpg"" width=""468"" alt=""エントリー"" border=""0""></div>
	<div><img src=""http://image.rakuten.co.jp/medistock/cabinet/hd/sp.gif"" height=""5""></div>


	<div><img src=""http://image.rakuten.co.jp/medistock/cabinet/banner/160506rgw.jpg"" width=""468"" alt=""エントリー"" border=""0""></div>
	<div><img src=""http://image.rakuten.co.jp/medistock/cabinet/hd/sp.gif"" height=""5""></div>







	<div><img src=""http://image.rakuten.co.jp/medistock/cabinet/banner/161201tb05p.jpg"" width=""468"" alt=""ツールバーPt2"" border=""0""></div>
	<div><img src=""http://image.rakuten.co.jp/medistock/cabinet/hd/sp.gif"" height=""5""></div>



	<div><img src=""http://image.rakuten.co.jp/medistock/cabinet/banner/160601tb10.jpg"" width=""468"" alt=""初ツールバー"" border=""0""></div>
	<div><img src=""http://image.rakuten.co.jp/medistock/cabinet/hd/sp.gif"" height=""5""></div>



	<div><img src=""http://image.rakuten.co.jp/medistock/cabinet/banner/151101app.jpg"" width=""468"" alt=""エントリー"" border=""0""></div>
	<div><img src=""http://image.rakuten.co.jp/medistock/cabinet/hd/sp.gif"" height=""5""></div>






<div><img src=""http://image.rakuten.co.jp/medistock/cabinet/p_img/bn_ato.gif"" width=""468"" alt=""ＮＰ後払い"" border=""0""></div>
<div><img src=""http://image.rakuten.co.jp/medistock/cabinet/hd/sp.gif"" height=""5""></div>


</td></tr></table>",【第3類医薬品】【第一三共ヘルスケア】システィナＣ　210錠【RCP】【02P03Dec16】：あんしん通販　リリーフ,【第3類医薬品】【第一三共ヘルスケア】システィナＣ　210錠【RCP】【02P03Dec16】,【第3類医薬品】【第一三共ヘルスケア】システィナＣ　210錠【RCP】【02P03Dec16】[rn]
28-87591,http://tshop.r10s.jp/medistock/cabinet/tmp/4954391103887.jpg?fitin=700:700,2328.0000,,,【第3類医薬品】【毎日ポイント２倍★送料無料】ビタトレール ゴールドＥＸＰ　270錠（約90日分）【RCP】【HLS_DU】,,"<a name=""ptop""></a>
<div align=""right""><a href=""http://item.rakuten.co.jp/medistock/vgold_exp130927001#pbtm"">▼SKIP</a></div>
<div id=""gexp001""></div>
<div id=""gexp101""> </div>
<div id=""gexp102""> </div>
<div id=""gexp103""> </div>
<div class=""hdtxt"">アナタの毎日こんな症状でお悩みではありませんか？アナタの毎日こんな症状でお悩みではありませんか？目の疲れがツライ！パソコンを長時間使う仕事で目が疲れるし肩もこる。なんだか目が乾く気がする。ゲーム大好き、目が疲れる。メガネ・コンタクトを長い時間付けている…など。肩のこりがツライ！パソコンを長時間使う仕事で、気が付けばずっと同じ姿勢。どうも猫背の姿勢になる。
そういえば冷えも気になる。お風呂にゆっくりつかれない。目の疲れが肩にくるかも…など。腰の痛みがツライ。家事の姿勢は中腰が多い。運動不足気味の生活が長い。姿勢の悪さをよく指摘される。車の運転時間が長い。お仕事はデスクワークが中心…など。もう、とにかく毎日が疲れてツライ！目の疲れ・肩のこり・腰の痛みには、医薬品でビタミンB群の補給を！おかげさまで販売累計20万個突破の大ヒット商品、
ビタトレールEXP　売上ナンバーワン　ビタミンB1誘導体（フルスルチアミン）をはじめ、エネルギー産生にかかわるビタミンB群にさらにビタミンE・パントテン酸カルシウム・γ-オリザノールと6つの有効成分を配合した医薬品です。</div>
<div id=""gexp104""> </div>
<div class=""hdtxt"">
ビタミンB1誘導体の医薬品がスゴイ理由　簡単に言えば、オシッコに出ちゃうビタミンB1を吸収しやすくして体内に留めるようにしたスグレモノ。活性型ビタミンB1と紹介されることも。そして、今回ご紹介致しますのが、ビタトレールゴールドEXP　さらに7つめの成分としてニコチン酸アミドを追加配合したパワーUPバージョンです。このニコチン酸アミドは、（1）タンパク質（2）糖質（3）脂質の３大栄養素を
エネルギーにする、疲れが気になる人のオススメの成分。「ナイアシン」という呼び方で、ご存知の方も多いでしょう。ニコチン酸アミドもまた、吸収力にすごれているのですよ。
すでに、ビタミンB1・B6・B12のお薬をご愛用の方。もっと経済的なお値段のお薬が欲しい。でも、安くても有名品より質が劣るのは困る。</div>

<div id=""gexp201""> </div>
<div id=""gexp202""> </div>
<div id=""gexp203""> </div>
<div id=""gexp204""> </div>
<div id=""gexp205""> </div>
<div id=""gexp206""> </div>
<div id=""gexp207""> </div>
<div id=""gexp208""> </div>
<div id=""gexp209""> </div>
<a name=""pbtm""></a>
<div class=""hdtxt"">特報　目の疲れ、肩こり、腰の痛みに　販売累計200000個突破のビタトレールEXP　ビタミンB1・ビタミンB6・ビタミンB12・ビタミンE・PanCa・γ-OZRの6つの有効成分に、７つ目の有効成分、ニコチン酸アミドをプラス！　EXPパワーUP版登場！ビタトレールゴールドEXP　270錠　第3類医薬品。疲労回復にはたんぱく質・脂質・糖質をエネルギーに変えるビタミンB群が不可欠！！
（1）疲労の回復に、ビタミンB1誘導体　フルスルチアミン塩酸塩。（2）神経の疲労回復に、ビタミンB6　ピリドキシン塩酸塩。（3）しびれの緩和にビタミンB12　シアノコバラミン。摂りにくく、貯めにくいビタミンBは毎日の医薬品でサポート！！さらに、３つの成分を配合！（4）血流の促進に、ビタミンE　トコフェノールコハク酸エステルカルシウム（5）エネルギーの産生にピリドキシン塩酸塩。
（6）しびれの緩和にガンマ-オリザノール。そして、新たに追加された7つ目の有効成分！（7）疲労回復と冷えの改善　ニコチン酸アミド60mg　合計7つの有効成分が目肩腰に効く！！それでいて、経済的な価格設定。ビタトレールゴールドEXP　270錠　第3類医薬品</div>
<br>
<center>
<table bgcolor=""#cc0000"" width=""750"" border=""0"" cellpadding=""0"" cellspacing=""2""><tr><td>
<table bgcolor=""#ffffcc"" width=""100%"" border=""0"" cellpadding=""5"" cellspacing=""0"" style=""font-size:14px;line-height:1.2;""><tr><td>
<font color=""#333333"">
<div align=""center""><font color=""#ff0000"" size=6><b>【お客様へ】本商品は医薬品です。</b></font></div>
<font color=""#660000"" size=4><b>商品名に付記されてございます<a href=""http://item.rakuten.co.jp/medistock/c/0000003301/"">【リスク分類】</a>をよくご確認の上、ご購入下さい。
また、医薬品は使用上の注意をよく読んだ上で、それに従い適切に使用して下さい。</b></font>
<hr>
<font color=""#cc0000""><b>
※医薬品のご購入について(1)：医薬品をご購入できるのは“18歳以上の楽天会員さま”のみとなっております。<br>
※医薬品のご購入について(2)：医薬品ごとに購入数の制限を設けております。
</b></font>
<hr>
<font color=""#003366""><b>【医薬品による健康被害の救済に関する制度】</b></font>医薬品副作用被害救済制度に基づき、独立行政法人 医薬品医療機器総合機構（救済制度窓口 0120-149-931）へご相談ください。<br>
<hr>
<font color=""#003366""><b>【広告文責 株式会社メディスンプラス】</b></font>フリーダイヤル：０１２０－２０５－９０４（※土日・祝祭日は休業）<br>管理薬剤師：稗圃賢輔（薬剤師免許証 第124203号 長崎県） ※相談応需可能時間：営業時間内
<hr><font color=""#003366""><b>【お客様へ】</b></font>お薬に関するご相談がございましたら、<a href=""http://item.rakuten.co.jp/medistock/c/0000003301/"" target=""_blank""><b>こちら</b></a>へお問い合わせください。
</font>
</td></tr></table></td></tr></table>
</center>
<!--info_txt--><table border=0 width=380><tr><td><font style=""font-size:14px;line-height:1.2;"">
<hr color=#ccffcc size=2><font style=""font-size:22px;"">活用しよう「医療費控除制度」！</font><hr color=#ccffcc size=2>
本商品（医薬品）をご購入された金額が、
<font color=""#ff0000"">ご自分と扶養家族の分も含めて年間で「合計１０万円（税込）」を超えた場合</font>
、確定申告をすることにより、所得税が一部還付されたり、翌年の住民税が減額される制度があります。<br>
詳しくは厚生労働省か、最寄りの関係機関へお問い合わせください。
</font></td></tr></table>
<table border=0 width=380><tr><td><font style=""font-size:14px;line-height:1.2;"">
<hr color=#ccffcc size=2><font color=#0066ff>◆</font><b>特  長</b><font color=#0066ff>◆</font><hr color=#ccffcc size=2>
<font color=""#cc0000"" style=""font-size:24px;""><b>
なんと！あの超人気ビタトレールＥＸＰが、ニコチン酸アミドを追加配合してパワーＵＰ！<Br>
目・肩・腰に効く、激安医薬品です！
</b></font><br>
累計販売個数20万個突破、寄せられたレビュー数が合計3200件突破！おかげさまでメガヒット中、アリナミンＥＸプラスと有効成分同一で同一処方＆同一効能で激安医薬品「ビタトレールＥＸＰ」が、さらに多くのお客様のご要望にお応えするため、ニコチン酸アミドを追加配合してパワーＵＰして新登場！
それがビタトレールゴールドＥＸＰ！<Br>
ビタミンB1誘導体のフルスルチアミン塩酸塩、ビタミンB6、ビタミンB12のビタミン群を主剤とし、ニコチン酸アミドおよび自律神経をコントロールするγ-オリザノールが効果的に作用し、目の疲れ・肩こり・腰の痛みなどツライ症状に優れた効果を発揮します。<Br>
補酵素となってエネルギー産生に作用するパントテン酸カルシウム、体の末端の血液循環を改善するビタミンＥも配合しています。<Br>
１日１回、２～３錠。飲みやすい、黄色の糖衣錠。そういえば糖衣も、ただコーティングするのではなく、ビタミンB1の過剰摂取の予防を期待できるビタミンB2を使用。大手有名メーカーに負けないこだわりで製造しています。<Br>
<hr color=#ccffcc size=2><font color=#0066ff>◆</font><b>メーカー</b>（※製造国又は原産国：日本）<font color=#0066ff>◆</font><hr color=#ccffcc size=2>米田薬品工業株式会社<br> 大阪府大阪市天王寺区堀越町9番24号<br>お客様相談室 ： 0744-52-3720<br>受付時間 ： 午前10時から午後4時（平日のみ）<hr color=#ccffcc size=2><font color=#0066ff>◆</font><b>効果・効能</b><font color=#0066ff>◆</font><hr color=#ccffcc size=2>
(1)神経痛、筋肉痛・関節痛（腰痛、肩こり、五十肩など）、手足のしびれ、眼精疲労の緩和。<br>
(2)肉体疲労時、妊娠・授乳期、病中病後の体力低下時のビタミンＢ1・Ｂ6・Ｂ12栄養補給。
<hr color=#ccffcc size=2><font color=#0066ff>◆</font><b>用法・用量</b><font color=#0066ff>◆</font><hr color=#ccffcc size=2>
成人（15歳以上）１回２～３錠を１日１回、食後に水またはお湯で噛まずに服用してください。<br>
※15歳未満：服用しないでください。
<hr color=#ccffcc size=2><font color=#0066ff>◆</font><b>成分・分量</b><font color=#0066ff>◆</font><hr color=#ccffcc size=2>
【１日最大量３錠中】フルスルチアミン塩酸塩（ビタミンB1誘導体） 109.16mg（フルスルチアミンとして100mg）、ピリドキシン塩酸塩（ビタミンB6） 100mg、シアノコバラミン（ビタミンB12） 1500μg、トコフェノールコハク酸エステルカルシウム（ビタミンE） 103.58mg、ガンマ-オリザノール 10mg、パントテン酸カルシウム 30mg、ニコチン酸アミド 60mg<br>
※添加物として、乳糖水和物、ゼラチン、タルク、炭酸Ｃａ、リボフラビンを含有します。
<hr color=#ccffcc size=2><font color=#0066ff>◆</font><b>保管上の注意</b><font color=#0066ff>◆</font><hr color=#ccffcc size=2>
（1）直射日光の当たらない湿気の少ない涼しい所に密栓して保管してください。<br>
（2）小児の手の届かない所に保管してください。<br>
（3）他の容器に入れ替えないでください。誤用の原因になったり、品質が変わるおそれがあります。<br>
（4）使用期限をすぎた製品は、使用しないでください。 <br>
（5）容器の開封日記入欄に、開封した日付を記入してください。<br>
※その他、医薬品は使用上の注意をよく読んだ上で、それに従い適切に使用して下さい。<br>※ページ内で特に記載が無い場合、使用期限１年以上の商品をお届けしております。

<!--info_txt-->

</font></td></tr></table>
<table width=""380"" border=""0"" style=""font-size:14px;line-height:1.2;""><tr><td><hr>
※添付文書←<font color=#ff0000><b>詳細の商品情報はこちら</b></font>
<hr><font color=""#ff0000""><b>【お客様へ】</b></font>お薬に関するご相談がございましたら、<b>こちら</b>へお問い合わせください。</td></tr></table>
<table border=0 width=380 style=""font-size:12px;line-height:1.2;""><tr><td><font color=#000088><hr>※パッケージデザイン等が予告なく変更される場合もあります。<br>※商品廃番・メーカー欠品など諸事情によりお届けできない場合がございます。</font><hr></td></tr></table>
<table border=0 width=380 style=""font-size:12px;line-height:1.2;""><tr><td>商品区分：【第3類医薬品】<br>【広告文責】株式会社メディスンプラス：0120-205-904 ※休業日 土日・祝祭日<br>文責者名：稗圃 賢輔（管理薬剤師）</td></tr></table><!-- ▼左フロートバナー 表示 CSS & TAG セット -->
<link rel=""stylesheet"" href=""http://www.rakuten.ne.jp/gold/medistock/css_flt/fb_l_m.css"" type=""text/css"" />
<!--トップバナー-->
<div id=""flt_l1""></div>
<!--Ｗオマケ-->
<div id=""flt_l2""></div>
<!--セサミン-->
<div id=""flt_l3""></div>
<!--ワゴンセール-->
<div id=""flt_l4""></div>
<!--送料無料-->
<div id=""flt_l5""></div>
<!-- MPリンク -->
<div id=""flt_l6""></div>
<!-- none -->
<div id=""flt_l7""></div>
<!-- ▲左フロートバナー 表示 CSS & TAG セット -->

<!-- ▼右フロートバナー 表示 CSS & TAG セット -->
<link rel=""stylesheet"" href=""http://www.rakuten.ne.jp/gold/medistock/css_flt/fb_r_m.css"" type=""text/css"" />
<!--プレ EXP-->
<div id=""flt_r1""></div>
<!--プレ レバ-->
<div id=""flt_r2""></div>
<!--花粉特集-->
<div id=""flt_r3""></div>
<!--なし-->
<div id=""flt_r4""></div>
<!--なし-->
<div id=""flt_r5""></div>
<!--ビタ ワゴン-->
<!--ゴールドA-->
<div id=""flt_r6""></div>
<!--なし-->
<div id=""flt_r7""></div>
<!-- ▲右フロートバナー 表示 CSS & TAG セット -->


<!-- ▼スライド -->
<center>
<div style=""width:710px; border:1px solid #52aef0; padding:5px; margin-bottom:5px;"">

</div>
</center>
<!-- ▲スライド -->

<!--▼項目選択-->

<br>
<!--▲項目選択-->


<!--▼右端縦表示-->
<style type=""text/css"">
<!--
/*
body {
background-image:url(http://image.rakuten.co.jp/medistock/cabinet/medistock/tate1508md.gif);
background-repeat:repeat-y;
background-position: right top;
}
*/
-->
</style>



<table width=""730"" border=""0""><tr><td align=""center"">

	<div><img src=""http://image.rakuten.co.jp/medistock/cabinet/hd/sp.gif"" height=""20""></div>




	<div><img src=""http://image.rakuten.co.jp/medistock/cabinet/banner/170520m.gif"" width=""468"" alt=""エントリー"" border=""0""></div>
	<div><img src=""http://image.rakuten.co.jp/medistock/cabinet/hd/sp.gif"" height=""5""></div>


	<div><img src=""http://image.rakuten.co.jp/medistock/cabinet/banner/1704win.jpg"" width=""468"" alt=""エントリー"" border=""0""></div>
	<div><img src=""http://image.rakuten.co.jp/medistock/cabinet/hd/sp.gif"" height=""5""></div>




	<div><img src=""http://image.rakuten.co.jp/medistock/cabinet/banner/160801ls.gif"" width=""468"" alt=""エントリー"" border=""0""></div>
	<div><img src=""http://image.rakuten.co.jp/medistock/cabinet/hd/sp.gif"" height=""5""></div>



	<div><img src=""http://image.rakuten.co.jp/medistock/cabinet/banner/160118pt7.jpg"" width=""468"" alt=""エントリー"" border=""0""></div>
	<div><img src=""http://image.rakuten.co.jp/medistock/cabinet/hd/sp.gif"" height=""5""></div>


	<div><img src=""http://image.rakuten.co.jp/medistock/cabinet/banner/160801nua.jpg"" width=""468"" alt=""エントリー"" border=""0""></div>
	<div><img src=""http://image.rakuten.co.jp/medistock/cabinet/hd/sp.gif"" height=""5""></div>


	<div><img src=""http://image.rakuten.co.jp/medistock/cabinet/banner/160506rgw.jpg"" width=""468"" alt=""エントリー"" border=""0""></div>
	<div><img src=""http://image.rakuten.co.jp/medistock/cabinet/hd/sp.gif"" height=""5""></div>



	<div><img src=""http://image.rakuten.co.jp/medistock/cabinet/banner/161201tb05p.jpg"" width=""468"" alt=""ツールバーPt2"" border=""0""></div>
	<div><img src=""http://image.rakuten.co.jp/medistock/cabinet/hd/sp.gif"" height=""5""></div>



	<div><img src=""http://image.rakuten.co.jp/medistock/cabinet/banner/160601tb10.jpg"" width=""468"" alt=""初ツールバー"" border=""0""></div>
	<div><img src=""http://image.rakuten.co.jp/medistock/cabinet/hd/sp.gif"" height=""5""></div>





	<div><img src=""http://image.rakuten.co.jp/medistock/cabinet/banner/151101app.jpg"" width=""468"" alt=""エントリー"" border=""0""></div>
	<div><img src=""http://image.rakuten.co.jp/medistock/cabinet/hd/sp.gif"" height=""5""></div>


<div><img src=""http://image.rakuten.co.jp/medistock/cabinet/p_img/bn_ato.gif"" width=""468"" alt=""ＮＰ後払い"" border=""0""></div>
<div><img src=""http://image.rakuten.co.jp/medistock/cabinet/hd/sp.gif"" height=""5""></div>

<Br>

</td></tr></table>",【第3類医薬品】【毎日ポイント２倍★送料無料】ビタトレール ゴールドＥＸＰ　270錠（約90日分）【RCP】【HLS_DU】：メディストック,美容健康メディスンプラスメディストック健康食品サプリメントペット用品化粧品ドッグフードキャットフード日用品食料品香水医薬品【第3類医薬品】【毎日ポイント２倍★送料無料】ビタトレール ゴールドＥＸＰ　270錠（約90日分）【RCP】【HLS_DU】,【第3類医薬品】【毎日ポイント２倍★送料無料】ビタトレール ゴールドＥＸＰ　270錠（約90日分）【RCP】【HLS_DU】[rn]
28-87592,http://tshop.r10s.jp/anshin-relief/cabinet/iyakuhin/4987087039122.jpg?fitin=700:700,1412.0000,,,【第3類医薬品】【シオノギ製薬】シナールＥＸ　60包（顆粒タイプ）【RCP】【02P03Dec16】,,"<center>
<table bgcolor=""#cc0000"" width=""750"" border=""0"" cellpadding=""0"" cellspacing=""2""><tr><td>
<table bgcolor=""#ffffcc"" width=""100%"" border=""0"" cellpadding=""5"" cellspacing=""0"" style=""font-size:14px;line-height:1.2;""><tr><td>
<font color=""#333333"">
<div align=""center""><font color=""#ff0000"" size=6><b>【お客様へ】本商品は医薬品です。</b></font></div>
<font color=""#660000"" size=4><b>商品名に付記されてございます<a href=""http://item.rakuten.co.jp/anshin-relief/c/0000000111/"">【リスク分類】</a>をよくご確認の上、ご購入下さい。
また、医薬品は使用上の注意をよく読んだ上で、それに従い適切に使用して下さい。</b></font>
<hr>
<font color=""#cc0000""><b>
※医薬品のご購入について(1)：医薬品をご購入できるのは“18歳以上の楽天会員さま”のみとなっております。<br>
※医薬品のご購入について(2)：医薬品ごとに購入数の制限を設けております。
</b></font>
<hr>
<font color=""#003366""><b>【医薬品による健康被害の救済に関する制度】</b></font>医薬品副作用被害救済制度に基づき、独立行政法人 医薬品医療機器総合機構（救済制度窓口 0120-149-931）へご相談ください。<br>
<hr>
<font color=""#003366""><b>【広告文責 株式会社メディスンプラス】</b></font>フリーダイヤル：０１２０－２０５－９０４（※土日・祝祭日は休業）<br>管理薬剤師：稗圃賢輔（薬剤師免許証 第124203号 長崎県） ※相談応需可能時間：営業時間内
<hr><font color=""#ff0000""><b>【お客様へ】</b></font>お薬に関するご相談がございましたら、<a href=""http://item.rakuten.co.jp/anshin-relief/c/0000000110/"" target=""_blank""><b>こちら</b></a>へお問い合わせください。
</font>
</td></tr></table></td></tr></table>
</center><!--info_txt--><table border=0 width=380><tr><td><font style=""font-size:14px;line-height:1.2;"">
<hr color=#ccffcc size=2><font style=""font-size:22px;"">活用しよう「医療費控除制度」！</font><hr color=#ccffcc size=2>
本商品（医薬品）をご購入された金額が、
<font color=""#ff0000"">ご自分と扶養家族の分も含めて年間で「合計１０万円（税込）」を超えた場合</font>
、確定申告をすることにより、所得税が一部還付されたり、翌年の住民税が減額される制度があります。<br>
詳しくは厚生労働省か、最寄りの関係機関へお問い合わせください。
</font></td></tr></table>
<table border=0 width=380><tr><td><font style=""font-size:14px;line-height:1.2;"">
<hr color=#ccffcc size=2><font color=#0066ff>◆</font><b>特　長</b><font color=#0066ff>◆</font><hr color=#ccffcc size=2>
ビタミンＣの補給に。口の中でさっと溶ける顆粒タイプ。<br>
成人１日最大量中、ビタミンＣが2000mg。天然型ビタミンＥも配合。<br>
１才から服用いただけます（※1才未満服用させないこと）。<br>
シュガーフリー、ナトリウムフリー。
<hr color=#ccffcc size=2><font color=#0066ff>◆</font><b>メーカー</b>（※製造国又は原産国：日本）<font color=#0066ff>◆</font><hr color=#ccffcc size=2>塩野義製薬株式会社<br>〒541-0045 大阪市中央区道修町３丁目１番８号<br>医薬情報センター ： 06-6202-2161<br>受付時間 ： 9時30分から17時（土・日・祝日、休業日を除く）<hr color=#ccffcc size=2><font color=#0066ff>◆</font><b>効果・効能</b><font color=#0066ff>◆</font><hr color=#ccffcc size=2>
＊肉体疲労時、妊娠・授乳期、病中病後の体力低下時、老年期・・・のビタミンCの補給。<br>
＊しみ、そばかす、日やけ・かぶれによる色素沈着・・・の諸症状の緩和。<br>
＊歯ぐきからの出血，鼻出血の予防。<br>
※ただし，上記2および3の症状について、1ヵ月ほど使用しても改善がみられない場合は、医師・薬剤師または歯科医師にご相談下さい。
<hr color=#ccffcc size=2><font color=#0066ff>◆</font><b>用法・容量</b><font color=#0066ff>◆</font><hr color=#ccffcc size=2>
成人(15才以上)：1回1～2包<br>
7才以上15才未満：1回1包<br>
1才以上7才未満：1／2包<br>
※1日2回朝食後および夕食後に服用して下さい。<br>
<font color=""#ff0000""><b>※1才未満服用させないこと。</b></font>
<hr color=#ccffcc size=2><font color=#0066ff>◆</font><b>材　質</b><font color=#0066ff>◆</font><hr color=#ccffcc size=2>
アスコルビン酸（ビタミンC）2000mg、リボフラビン酪酸エステル（ビタミンB2誘導体）12mg、酢酸d-α-トコフェロール（天然型ビタミンE）30mg<br>
添加物として含水二酸化ケイ素、ヒドロキシプロピルセルロース、粉末還元麦芽糖水アメ、アスパルテーム（L-フェニルアラニン化合物）、スクラロース、ショ糖脂肪酸エステル、香料を含有
<hr color=#ccffcc size=2><font color=#0066ff>◆</font><b>保管上の注意</b><font color=#0066ff>◆</font><hr color=#ccffcc size=2>
（1）直射日光の当たらない湿気の少ない涼しい所に密栓して保管してください。<br>
（2）小児の手の届かない所に保管してください。<br>
（3）他の容器に入れ替えないでください。誤用の原因になったり、品質が変わるおそれがあります。<br>
（4）使用期限をすぎた製品は、使用しないでください。 <br>
（5）容器の開封日記入欄に、開封した日付を記入してください。<br>
※その他、医薬品は使用上の注意をよく読んだ上で、それに従い適切に使用して下さい。<br>※ページ内で特に記載が無い場合、使用期限１年以上の商品をお届けしております。<!--info_txt-->

</font></td></tr></table>
<table width=""380"" border=""0"" style=""font-size:14px;line-height:1.2;""><tr><td><hr>※添付文書←<font color=#ff0000><b>詳細の商品情報はこちら</b></font><hr><font color=""#ff0000""><b>【お客様へ】</b></font>お薬に関するご相談がございましたら、<b>こちら</b>へお問い合わせください。</td></tr></table><table border=0 width=380 style=""font-size:12px;line-height:1.2;""><tr><td><font color=#000088><hr>※パッケージデザイン等が予告なく変更される場合もあります。<br>※商品廃番・メーカー欠品など諸事情によりお届けできない場合がございます。<hr></font></td></tr></table>
<table border=0 width=380 style=""font-size:12px;line-height:1.2;""><tr><td>商品区分：【第3類医薬品】<br>【広告文責】株式会社メディスンプラス：0120-205-904 ※休業日 土日・祝祭日<br>文責者名：稗圃 賢輔（管理薬剤師）</td></tr></table><!-- ▼左フロートバナー 表示 CSS & TAG セット -->
<link rel=""stylesheet"" href=""http://www.rakuten.ne.jp/gold/medistock/css_flt/fb_l_r.css"" type=""text/css"" />
<div id=""flt_l1""></div>
<!--Ｗオマケ-->
<div id=""flt_l2""></div>
<!--還元 Q10-->
<div id=""flt_l3""></div>
<!--ワゴンセール-->
<div id=""flt_l4""></div>
<!--送料無料-->
<div id=""flt_l5""></div>
<!-- Mプラ -->
<div id=""flt_l6""></div>
<!-- none -->
<div id=""flt_l7""></div>
<!-- ▲左フロートバナー 表示 CSS & TAG セット -->

<!-- ▼右フロートバナー 表示 CSS & TAG セット -->
<link rel=""stylesheet"" href=""http://www.rakuten.ne.jp/gold/medistock/css_flt/fb_r_m.css"" type=""text/css"" />
<!--プレ EXP-->
<div id=""flt_r1""></div>
<!--プレ レバ-->
<div id=""flt_r2""></div>
<!--花粉特集-->
<div id=""flt_r3""></div>
<!--なし-->
<div id=""flt_r4""></div>
<!--なし-->
<div id=""flt_r5""></div>
<!--ビタ ワゴン-->
<!--ゴールドA-->
<div id=""flt_r6""></div>
<!--なし-->
<div id=""flt_r7""></div>
<!-- ▲右フロートバナー 表示 CSS & TAG セット -->


<!-- ▼スライド -->
<center>
<div style=""width:710px; border:1px solid #fbc; padding:5px; margin-bottom:5px; background:#fff;"">

</div>
</center>
<!-- ▲スライド -->

<!--▼項目選択-->

<br>
<!--▲項目選択-->

<style type=""text/css"">
<!--
/*
body {
background-image:url(http://image.rakuten.co.jp/anshin-relief/cabinet/relief/tate150501rr.gif);
background-repeat:repeat-y;
background-position: right top;
}
*/
-->
</style>


<table width=""730"" border=""0""><tr><td align=""center"">

	<div><img src=""http://image.rakuten.co.jp/medistock/cabinet/hd/sp.gif"" height=""20""></div>



	<div><img src=""http://image.rakuten.co.jp/medistock/cabinet/banner/170520m.gif"" width=""468"" alt=""エントリー"" border=""0""></div>
	<div><img src=""http://image.rakuten.co.jp/medistock/cabinet/hd/sp.gif"" height=""5""></div>




	<div><img src=""http://image.rakuten.co.jp/medistock/cabinet/banner/1704win.jpg"" width=""468"" alt=""エントリー"" border=""0""></div>
	<div><img src=""http://image.rakuten.co.jp/medistock/cabinet/hd/sp.gif"" height=""5""></div>




	<div><img src=""http://image.rakuten.co.jp/medistock/cabinet/banner/160801ls.gif"" width=""468"" alt=""エントリー"" border=""0""></div>
	<div><img src=""http://image.rakuten.co.jp/medistock/cabinet/hd/sp.gif"" height=""5""></div>


	<div><img src=""http://image.rakuten.co.jp/medistock/cabinet/banner/160118pt7.jpg"" width=""468"" alt=""エントリー"" border=""0""></div>
	<div><img src=""http://image.rakuten.co.jp/medistock/cabinet/hd/sp.gif"" height=""5""></div>



	<div><img src=""http://image.rakuten.co.jp/medistock/cabinet/banner/160801nua.jpg"" width=""468"" alt=""エントリー"" border=""0""></div>
	<div><img src=""http://image.rakuten.co.jp/medistock/cabinet/hd/sp.gif"" height=""5""></div>


	<div><img src=""http://image.rakuten.co.jp/medistock/cabinet/banner/160506rgw.jpg"" width=""468"" alt=""エントリー"" border=""0""></div>
	<div><img src=""http://image.rakuten.co.jp/medistock/cabinet/hd/sp.gif"" height=""5""></div>







	<div><img src=""http://image.rakuten.co.jp/medistock/cabinet/banner/161201tb05p.jpg"" width=""468"" alt=""ツールバーPt2"" border=""0""></div>
	<div><img src=""http://image.rakuten.co.jp/medistock/cabinet/hd/sp.gif"" height=""5""></div>



	<div><img src=""http://image.rakuten.co.jp/medistock/cabinet/banner/160601tb10.jpg"" width=""468"" alt=""初ツールバー"" border=""0""></div>
	<div><img src=""http://image.rakuten.co.jp/medistock/cabinet/hd/sp.gif"" height=""5""></div>



	<div><img src=""http://image.rakuten.co.jp/medistock/cabinet/banner/151101app.jpg"" width=""468"" alt=""エントリー"" border=""0""></div>
	<div><img src=""http://image.rakuten.co.jp/medistock/cabinet/hd/sp.gif"" height=""5""></div>






<div><img src=""http://image.rakuten.co.jp/medistock/cabinet/p_img/bn_ato.gif"" width=""468"" alt=""ＮＰ後払い"" border=""0""></div>
<div><img src=""http://image.rakuten.co.jp/medistock/cabinet/hd/sp.gif"" height=""5""></div>


</td></tr></table>",【第3類医薬品】【シオノギ製薬】シナールＥＸ　60包（顆粒タイプ）【RCP】【02P03Dec16】：あんしん通販　リリーフ,【第3類医薬品】【シオノギ製薬】シナールＥＸ　60包（顆粒タイプ）【RCP】【02P03Dec16】,【第3類医薬品】【シオノギ製薬】シナールＥＸ　60包（顆粒タイプ）【RCP】【02P03Dec16】[rn]
28-87593,http://tshop.r10s.jp/anshin-relief/cabinet/iyakuhin/4968250276216x2.jpg?fitin=700:700,11835.2000,,,【第3類医薬品】【湧永製薬】レオピンファイブw　60ml×２本入×２箱セット※お取り寄せになる場合もございます【RCP】【02P03Dec16】,,"<center>
<table bgcolor=""#cc0000"" width=""750"" border=""0"" cellpadding=""0"" cellspacing=""2""><tr><td>
<table bgcolor=""#ffffcc"" width=""100%"" border=""0"" cellpadding=""5"" cellspacing=""0"" style=""font-size:14px;line-height:1.2;""><tr><td>
<font color=""#333333"">
<div align=""center""><font color=""#ff0000"" size=6><b>【お客様へ】本商品は医薬品です。</b></font></div>
<font color=""#660000"" size=4><b>商品名に付記されてございます<a href=""http://item.rakuten.co.jp/anshin-relief/c/0000000111/"">【リスク分類】</a>をよくご確認の上、ご購入下さい。
また、医薬品は使用上の注意をよく読んだ上で、それに従い適切に使用して下さい。</b></font>
<hr>
<font color=""#cc0000""><b>
※医薬品のご購入について(1)：医薬品をご購入できるのは“18歳以上の楽天会員さま”のみとなっております。<br>
※医薬品のご購入について(2)：医薬品ごとに購入数の制限を設けております。
</b></font>
<hr>
<font color=""#003366""><b>【医薬品による健康被害の救済に関する制度】</b></font>医薬品副作用被害救済制度に基づき、独立行政法人 医薬品医療機器総合機構（救済制度窓口 0120-149-931）へご相談ください。<br>
<hr>
<font color=""#003366""><b>【広告文責 株式会社メディスンプラス】</b></font>フリーダイヤル：０１２０－２０５－９０４（※土日・祝祭日は休業）<br>管理薬剤師：稗圃賢輔（薬剤師免許証 第124203号 長崎県） ※相談応需可能時間：営業時間内
<hr><font color=""#ff0000""><b>【お客様へ】</b></font>お薬に関するご相談がございましたら、<a href=""http://item.rakuten.co.jp/anshin-relief/c/0000000110/"" target=""_blank""><b>こちら</b></a>へお問い合わせください。
</font>
</td></tr></table></td></tr></table>
</center>

<!--info_txt--><table border=0 width=380><tr><td><font style=""font-size:14px;line-height:1.2;"">
<hr color=#ccffcc size=2><font style=""font-size:22px;"">活用しよう「医療費控除制度」！</font><hr color=#ccffcc size=2>
本商品（医薬品）をご購入された金額が、
<font color=""#ff0000"">ご自分と扶養家族の分も含めて年間で「合計１０万円（税込）」を超えた場合</font>
、確定申告をすることにより、所得税が一部還付されたり、翌年の住民税が減額される制度があります。<br>
詳しくは厚生労働省か、最寄りの関係機関へお問い合わせください。
</font></td></tr></table>
<table border=0 width=380><tr><td><font style=""font-size:14px;line-height:1.2;"">
<hr color=#ccffcc size=2><font color=#0066ff>◆</font><b>特　長</b><font color=#0066ff>◆</font><hr color=#ccffcc size=2>
レオピンファイブｗは、ニンニクを長期間かけ抽出・熟成し、濃縮して得られた濃縮熟成ニンニク抽出液に、ニンジンエキス、ゴオウチンキ及びビタミンB6を配合した滋養強壮剤です。<br>
ニンニク特有の刺激や臭いが軽減されておりますので、のみやすく、また服用後の口臭や体臭はほとんど気になりません。
<hr color=#ccffcc size=2><font color=#0066ff>◆</font><b>メーカー</b>（※製造国又は原産国：日本）<font color=#0066ff>◆</font><hr color=#ccffcc size=2>湧永製薬株式会社<br>〒532-0003 大阪市淀川区宮原四丁目5番36号<br>お客様相談室 ： 0120-39-0971（フリーダイヤル）<br>受付時間 ： 9：00～12：00、13：00～17：00（土・日・祝日を除く）<hr color=#ccffcc size=2><font color=#0066ff>◆</font><b>効果・効能</b><font color=#0066ff>◆</font><hr color=#ccffcc size=2>
滋養強壮、虚弱体質、肉体疲労・病後の体力低下・胃腸障害・栄養障害・発熱性消耗性疾患・妊娠授乳期などの場合の栄養補給
<hr color=#ccffcc size=2><font color=#0066ff>◆</font><b>用法・用量</b><font color=#0066ff>◆</font><hr color=#ccffcc size=2>
大人１回１ml、１日２回服用して下さい。<br>
服用しにくい場合は添付のカプセルに入れて服用して下さい(なお、添付のスポイドは1回量を量り取るために使用し、のまないで下さい)。
<hr color=#ccffcc size=2><font color=#0066ff>◆</font><b>成分・分量</b><font color=#0066ff>◆</font><hr color=#ccffcc size=2>
【2mL中】濃縮熟成ニンニク抽出液 1.6mL、ニンジンエキス 200mg、ゴオウチンキ 0.025mL、ビタミンＢ6 20mg<br>
※添加物：Ｄ－ソルビトール、炭酸水素Ｎａ、香料、カラメル、ｐＨ調整剤<br>
※添付のカプセル本体に、ゼラチンを含有します。<br>

<hr color=#ccffcc size=2><font color=#0066ff>◆</font><b>保管上の注意</b><font color=#0066ff>◆</font><hr color=#ccffcc size=2>
（1）直射日光の当たらない湿気の少ない涼しい所に密栓して保管してください。<br>
（2）小児の手の届かない所に保管してください。<br>
（3）他の容器に入れ替えないでください。誤用の原因になったり、品質が変わるおそれがあります。<br>
（4）使用期限をすぎた製品は、使用しないでください。 <br>
（5）容器の開封日記入欄に、開封した日付を記入してください。<br>
※その他、医薬品は使用上の注意をよく読んだ上で、それに従い適切に使用して下さい。<br>※ページ内で特に記載が無い場合、使用期限１年以上の商品をお届けしております。<!--info_txt-->

</font></td></tr></table>
<table width=""350"" border=""0"" style=""font-size:14px;line-height:1.2;""><tr><td><hr><font color=""#ff0000""><b>【お客様へ】</b></font>
お薬に関するご相談がございましたら、<b>こちら</b>へお問い合わせください。</td></tr></table>
<table border=0 width=380><tr><td style=""font-size:12px;""><font color=#000088><hr>【ご注意１】この商品はお取り寄せ商品です。ご注文されてから発送されるまで約10営業日(土日・祝を除く)いただきます。<br>
なお、商品によりましては、予定が大幅に遅れることもございますので、何卒あらかじめご了承お願いいたします。</font></td></tr><tr><td style=""font-size:12px;""><font color=#000088>【ご注意２】お取り寄せ商品以外の商品と一緒にお買い上げの場合は、全ての商品が揃い次第の発送となりますので、ご了承下さい。</font></td></tr></table>
<table border=0 width=380 style=""font-size:12px;line-height:1.2;""><tr><td><font color=#000088><hr>※パッケージデザイン等が予告なく変更される場合もあります。<br>※商品廃番・メーカー欠品など諸事情によりお届けできない場合がございます。<hr></font></td></tr></table>
<table border=0 width=380 style=""font-size:12px;line-height:1.2;""><tr><td>商品区分：【第3類医薬品】<br>【広告文責】株式会社メディスンプラス：0120-205-904 ※休業日 土日・祝祭日<br>文責者名：稗圃 賢輔（管理薬剤師）</td></tr></table><!-- ▼左フロートバナー 表示 CSS & TAG セット -->
<link rel=""stylesheet"" href=""http://www.rakuten.ne.jp/gold/medistock/css_flt/fb_l_r.css"" type=""text/css"" />
<div id=""flt_l1""></div>
<!--Ｗオマケ-->
<div id=""flt_l2""></div>
<!--還元 Q10-->
<div id=""flt_l3""></div>
<!--ワゴンセール-->
<div id=""flt_l4""></div>
<!--送料無料-->
<div id=""flt_l5""></div>
<!-- Mプラ -->
<div id=""flt_l6""></div>
<!-- none -->
<div id=""flt_l7""></div>
<!-- ▲左フロートバナー 表示 CSS & TAG セット -->

<!-- ▼右フロートバナー 表示 CSS & TAG セット -->
<link rel=""stylesheet"" href=""http://www.rakuten.ne.jp/gold/medistock/css_flt/fb_r_m.css"" type=""text/css"" />
<!--プレ EXP-->
<div id=""flt_r1""></div>
<!--プレ レバ-->
<div id=""flt_r2""></div>
<!--花粉特集-->
<div id=""flt_r3""></div>
<!--なし-->
<div id=""flt_r4""></div>
<!--なし-->
<div id=""flt_r5""></div>
<!--ビタ ワゴン-->
<!--ゴールドA-->
<div id=""flt_r6""></div>
<!--なし-->
<div id=""flt_r7""></div>
<!-- ▲右フロートバナー 表示 CSS & TAG セット -->


<!-- ▼スライド -->
<center>
<div style=""width:710px; border:1px solid #fbc; padding:5px; margin-bottom:5px; background:#fff;"">

</div>
</center>
<!-- ▲スライド -->

<!--▼項目選択-->

<br>
<!--▲項目選択-->

<style type=""text/css"">
<!--
/*
body {
background-image:url(http://image.rakuten.co.jp/anshin-relief/cabinet/relief/tate150501rr.gif);
background-repeat:repeat-y;
background-position: right top;
}
*/
-->
</style>


<table width=""730"" border=""0""><tr><td align=""center"">

	<div><img src=""http://image.rakuten.co.jp/medistock/cabinet/hd/sp.gif"" height=""20""></div>



	<div><img src=""http://image.rakuten.co.jp/medistock/cabinet/banner/170520m.gif"" width=""468"" alt=""エントリー"" border=""0""></div>
	<div><img src=""http://image.rakuten.co.jp/medistock/cabinet/hd/sp.gif"" height=""5""></div>




	<div><img src=""http://image.rakuten.co.jp/medistock/cabinet/banner/1704win.jpg"" width=""468"" alt=""エントリー"" border=""0""></div>
	<div><img src=""http://image.rakuten.co.jp/medistock/cabinet/hd/sp.gif"" height=""5""></div>




	<div><img src=""http://image.rakuten.co.jp/medistock/cabinet/banner/160801ls.gif"" width=""468"" alt=""エントリー"" border=""0""></div>
	<div><img src=""http://image.rakuten.co.jp/medistock/cabinet/hd/sp.gif"" height=""5""></div>


	<div><img src=""http://image.rakuten.co.jp/medistock/cabinet/banner/160118pt7.jpg"" width=""468"" alt=""エントリー"" border=""0""></div>
	<div><img src=""http://image.rakuten.co.jp/medistock/cabinet/hd/sp.gif"" height=""5""></div>



	<div><img src=""http://image.rakuten.co.jp/medistock/cabinet/banner/160801nua.jpg"" width=""468"" alt=""エントリー"" border=""0""></div>
	<div><img src=""http://image.rakuten.co.jp/medistock/cabinet/hd/sp.gif"" height=""5""></div>


	<div><img src=""http://image.rakuten.co.jp/medistock/cabinet/banner/160506rgw.jpg"" width=""468"" alt=""エントリー"" border=""0""></div>
	<div><img src=""http://image.rakuten.co.jp/medistock/cabinet/hd/sp.gif"" height=""5""></div>







	<div><img src=""http://image.rakuten.co.jp/medistock/cabinet/banner/161201tb05p.jpg"" width=""468"" alt=""ツールバーPt2"" border=""0""></div>
	<div><img src=""http://image.rakuten.co.jp/medistock/cabinet/hd/sp.gif"" height=""5""></div>



	<div><img src=""http://image.rakuten.co.jp/medistock/cabinet/banner/160601tb10.jpg"" width=""468"" alt=""初ツールバー"" border=""0""></div>
	<div><img src=""http://image.rakuten.co.jp/medistock/cabinet/hd/sp.gif"" height=""5""></div>



	<div><img src=""http://image.rakuten.co.jp/medistock/cabinet/banner/151101app.jpg"" width=""468"" alt=""エントリー"" border=""0""></div>
	<div><img src=""http://image.rakuten.co.jp/medistock/cabinet/hd/sp.gif"" height=""5""></div>






<div><img src=""http://image.rakuten.co.jp/medistock/cabinet/p_img/bn_ato.gif"" width=""468"" alt=""ＮＰ後払い"" border=""0""></div>
<div><img src=""http://image.rakuten.co.jp/medistock/cabinet/hd/sp.gif"" height=""5""></div>


</td></tr></table>",【第3類医薬品】【湧永製薬】レオピンファイブw　60ml&times;２本入&times;２箱セット※お取り寄せになる場合もございます【RCP】【02P03Dec16】：あんしん通販　リリーフ,【第3類医薬品】【湧永製薬】レオピンファイブw　60ml&times;２本入&times;２箱セット※お取り寄せになる場合もございます【RCP】【02P03Dec16】,【第3類医薬品】【湧永製薬】レオピンファイブw　60ml&times;２本入&times;２箱セット※お取り寄せになる場合もございます【RCP】【02P03Dec16】[rn]
28-87594,http://tshop.r10s.jp/anshin-relief/cabinet/iyakuhin/4968250276216.jpg?fitin=700:700,6111.2000,,,【第3類医薬品】【湧永製薬】レオピンファイブw　60ml×２本入※お取り寄せになる場合もございます【RCP】【02P03Dec16】,,"<center>
<table bgcolor=""#cc0000"" width=""750"" border=""0"" cellpadding=""0"" cellspacing=""2""><tr><td>
<table bgcolor=""#ffffcc"" width=""100%"" border=""0"" cellpadding=""5"" cellspacing=""0"" style=""font-size:14px;line-height:1.2;""><tr><td>
<font color=""#333333"">
<div align=""center""><font color=""#ff0000"" size=6><b>【お客様へ】本商品は医薬品です。</b></font></div>
<font color=""#660000"" size=4><b>商品名に付記されてございます<a href=""http://item.rakuten.co.jp/anshin-relief/c/0000000111/"">【リスク分類】</a>をよくご確認の上、ご購入下さい。
また、医薬品は使用上の注意をよく読んだ上で、それに従い適切に使用して下さい。</b></font>
<hr>
<font color=""#cc0000""><b>
※医薬品のご購入について(1)：医薬品をご購入できるのは“18歳以上の楽天会員さま”のみとなっております。<br>
※医薬品のご購入について(2)：医薬品ごとに購入数の制限を設けております。
</b></font>
<hr>
<font color=""#003366""><b>【医薬品による健康被害の救済に関する制度】</b></font>医薬品副作用被害救済制度に基づき、独立行政法人 医薬品医療機器総合機構（救済制度窓口 0120-149-931）へご相談ください。<br>
<hr>
<font color=""#003366""><b>【広告文責 株式会社メディスンプラス】</b></font>フリーダイヤル：０１２０－２０５－９０４（※土日・祝祭日は休業）<br>管理薬剤師：稗圃賢輔（薬剤師免許証 第124203号 長崎県） ※相談応需可能時間：営業時間内
<hr><font color=""#ff0000""><b>【お客様へ】</b></font>お薬に関するご相談がございましたら、<a href=""http://item.rakuten.co.jp/anshin-relief/c/0000000110/"" target=""_blank""><b>こちら</b></a>へお問い合わせください。
</font>
</td></tr></table></td></tr></table>
</center>

<!--info_txt--><table border=0 width=380><tr><td><font style=""font-size:14px;line-height:1.2;"">
<hr color=#ccffcc size=2><font style=""font-size:22px;"">活用しよう「医療費控除制度」！</font><hr color=#ccffcc size=2>
本商品（医薬品）をご購入された金額が、
<font color=""#ff0000"">ご自分と扶養家族の分も含めて年間で「合計１０万円（税込）」を超えた場合</font>
、確定申告をすることにより、所得税が一部還付されたり、翌年の住民税が減額される制度があります。<br>
詳しくは厚生労働省か、最寄りの関係機関へお問い合わせください。
</font></td></tr></table>
<table border=0 width=380><tr><td><font style=""font-size:14px;line-height:1.2;"">
<hr color=#ccffcc size=2><font color=#0066ff>◆</font><b>特　長</b><font color=#0066ff>◆</font><hr color=#ccffcc size=2>
レオピンファイブｗは、ニンニクを長期間かけ抽出・熟成し、濃縮して得られた濃縮熟成ニンニク抽出液に、ニンジンエキス、ゴオウチンキ及びビタミンB6を配合した滋養強壮剤です。<br>
ニンニク特有の刺激や臭いが軽減されておりますので、のみやすく、また服用後の口臭や体臭はほとんど気になりません。
<hr color=#ccffcc size=2><font color=#0066ff>◆</font><b>メーカー</b>（※製造国又は原産国：日本）<font color=#0066ff>◆</font><hr color=#ccffcc size=2>湧永製薬株式会社<br>〒532-0003 大阪市淀川区宮原四丁目5番36号<br>お客様相談室 ： 0120-39-0971（フリーダイヤル）<br>受付時間 ： 9：00～12：00、13：00～17：00（土・日・祝日を除く）<hr color=#ccffcc size=2><font color=#0066ff>◆</font><b>効果・効能</b><font color=#0066ff>◆</font><hr color=#ccffcc size=2>
滋養強壮、虚弱体質、肉体疲労・病後の体力低下・胃腸障害・栄養障害・発熱性消耗性疾患・妊娠授乳期などの場合の栄養補給
<hr color=#ccffcc size=2><font color=#0066ff>◆</font><b>用法・用量</b><font color=#0066ff>◆</font><hr color=#ccffcc size=2>
大人１回１ml、１日２回服用して下さい。<br>
服用しにくい場合は添付のカプセルに入れて服用して下さい(なお、添付のスポイドは1回量を量り取るために使用し、のまないで下さい)。
<hr color=#ccffcc size=2><font color=#0066ff>◆</font><b>成分・分量</b><font color=#0066ff>◆</font><hr color=#ccffcc size=2>
【2mL中】濃縮熟成ニンニク抽出液 1.6mL、ニンジンエキス 200mg、ゴオウチンキ 0.025mL、ビタミンＢ6 20mg<br>
※添加物：Ｄ－ソルビトール、炭酸水素Ｎａ、香料、カラメル、ｐＨ調整剤<br>
※添付のカプセル本体に、ゼラチンを含有します。<br>

<hr color=#ccffcc size=2><font color=#0066ff>◆</font><b>保管上の注意</b><font color=#0066ff>◆</font><hr color=#ccffcc size=2>
（1）直射日光の当たらない湿気の少ない涼しい所に密栓して保管してください。<br>
（2）小児の手の届かない所に保管してください。<br>
（3）他の容器に入れ替えないでください。誤用の原因になったり、品質が変わるおそれがあります。<br>
（4）使用期限をすぎた製品は、使用しないでください。 <br>
（5）容器の開封日記入欄に、開封した日付を記入してください。<br>
※その他、医薬品は使用上の注意をよく読んだ上で、それに従い適切に使用して下さい。<br>※ページ内で特に記載が無い場合、使用期限１年以上の商品をお届けしております。<!--info_txt-->

</font></td></tr></table>
<table width=""350"" border=""0"" style=""font-size:14px;line-height:1.2;""><tr><td><hr><font color=""#ff0000""><b>【お客様へ】</b></font>
お薬に関するご相談がございましたら、<b>こちら</b>へお問い合わせください。</td></tr></table>
<table border=0 width=380><tr><td style=""font-size:12px;""><font color=#000088><hr>【ご注意１】この商品はお取り寄せ商品です。ご注文されてから発送されるまで約10営業日(土日・祝を除く)いただきます。<br>
なお、商品によりましては、予定が大幅に遅れることもございますので、何卒あらかじめご了承お願いいたします。</font></td></tr><tr><td style=""font-size:12px;""><font color=#000088>【ご注意２】お取り寄せ商品以外の商品と一緒にお買い上げの場合は、全ての商品が揃い次第の発送となりますので、ご了承下さい。</font></td></tr></table>
<table border=0 width=380 style=""font-size:12px;line-height:1.2;""><tr><td><font color=#000088><hr>※パッケージデザイン等が予告なく変更される場合もあります。<br>※商品廃番・メーカー欠品など諸事情によりお届けできない場合がございます。<hr></font></td></tr></table>
<table border=0 width=380 style=""font-size:12px;line-height:1.2;""><tr><td>商品区分：【第3類医薬品】<br>【広告文責】株式会社メディスンプラス：0120-205-904 ※休業日 土日・祝祭日<br>文責者名：稗圃 賢輔（管理薬剤師）</td></tr></table><!-- ▼左フロートバナー 表示 CSS & TAG セット -->
<link rel=""stylesheet"" href=""http://www.rakuten.ne.jp/gold/medistock/css_flt/fb_l_r.css"" type=""text/css"" />
<div id=""flt_l1""></div>
<!--Ｗオマケ-->
<div id=""flt_l2""></div>
<!--還元 Q10-->
<div id=""flt_l3""></div>
<!--ワゴンセール-->
<div id=""flt_l4""></div>
<!--送料無料-->
<div id=""flt_l5""></div>
<!-- Mプラ -->
<div id=""flt_l6""></div>
<!-- none -->
<div id=""flt_l7""></div>
<!-- ▲左フロートバナー 表示 CSS & TAG セット -->

<!-- ▼右フロートバナー 表示 CSS & TAG セット -->
<link rel=""stylesheet"" href=""http://www.rakuten.ne.jp/gold/medistock/css_flt/fb_r_m.css"" type=""text/css"" />
<!--プレ EXP-->
<div id=""flt_r1""></div>
<!--プレ レバ-->
<div id=""flt_r2""></div>
<!--花粉特集-->
<div id=""flt_r3""></div>
<!--なし-->
<div id=""flt_r4""></div>
<!--なし-->
<div id=""flt_r5""></div>
<!--ビタ ワゴン-->
<!--ゴールドA-->
<div id=""flt_r6""></div>
<!--なし-->
<div id=""flt_r7""></div>
<!-- ▲右フロートバナー 表示 CSS & TAG セット -->


<!-- ▼スライド -->
<center>
<div style=""width:710px; border:1px solid #fbc; padding:5px; margin-bottom:5px; background:#fff;"">

</div>
</center>
<!-- ▲スライド -->

<!--▼項目選択-->

<br>
<!--▲項目選択-->

<style type=""text/css"">
<!--
/*
body {
background-image:url(http://image.rakuten.co.jp/anshin-relief/cabinet/relief/tate150501rr.gif);
background-repeat:repeat-y;
background-position: right top;
}
*/
-->
</style>


<table width=""730"" border=""0""><tr><td align=""center"">

	<div><img src=""http://image.rakuten.co.jp/medistock/cabinet/hd/sp.gif"" height=""20""></div>



	<div><img src=""http://image.rakuten.co.jp/medistock/cabinet/banner/170520m.gif"" width=""468"" alt=""エントリー"" border=""0""></div>
	<div><img src=""http://image.rakuten.co.jp/medistock/cabinet/hd/sp.gif"" height=""5""></div>




	<div><img src=""http://image.rakuten.co.jp/medistock/cabinet/banner/1704win.jpg"" width=""468"" alt=""エントリー"" border=""0""></div>
	<div><img src=""http://image.rakuten.co.jp/medistock/cabinet/hd/sp.gif"" height=""5""></div>




	<div><img src=""http://image.rakuten.co.jp/medistock/cabinet/banner/160801ls.gif"" width=""468"" alt=""エントリー"" border=""0""></div>
	<div><img src=""http://image.rakuten.co.jp/medistock/cabinet/hd/sp.gif"" height=""5""></div>


	<div><img src=""http://image.rakuten.co.jp/medistock/cabinet/banner/160118pt7.jpg"" width=""468"" alt=""エントリー"" border=""0""></div>
	<div><img src=""http://image.rakuten.co.jp/medistock/cabinet/hd/sp.gif"" height=""5""></div>



	<div><img src=""http://image.rakuten.co.jp/medistock/cabinet/banner/160801nua.jpg"" width=""468"" alt=""エントリー"" border=""0""></div>
	<div><img src=""http://image.rakuten.co.jp/medistock/cabinet/hd/sp.gif"" height=""5""></div>


	<div><img src=""http://image.rakuten.co.jp/medistock/cabinet/banner/160506rgw.jpg"" width=""468"" alt=""エントリー"" border=""0""></div>
	<div><img src=""http://image.rakuten.co.jp/medistock/cabinet/hd/sp.gif"" height=""5""></div>







	<div><img src=""http://image.rakuten.co.jp/medistock/cabinet/banner/161201tb05p.jpg"" width=""468"" alt=""ツールバーPt2"" border=""0""></div>
	<div><img src=""http://image.rakuten.co.jp/medistock/cabinet/hd/sp.gif"" height=""5""></div>



	<div><img src=""http://image.rakuten.co.jp/medistock/cabinet/banner/160601tb10.jpg"" width=""468"" alt=""初ツールバー"" border=""0""></div>
	<div><img src=""http://image.rakuten.co.jp/medistock/cabinet/hd/sp.gif"" height=""5""></div>



	<div><img src=""http://image.rakuten.co.jp/medistock/cabinet/banner/151101app.jpg"" width=""468"" alt=""エントリー"" border=""0""></div>
	<div><img src=""http://image.rakuten.co.jp/medistock/cabinet/hd/sp.gif"" height=""5""></div>






<div><img src=""http://image.rakuten.co.jp/medistock/cabinet/p_img/bn_ato.gif"" width=""468"" alt=""ＮＰ後払い"" border=""0""></div>
<div><img src=""http://image.rakuten.co.jp/medistock/cabinet/hd/sp.gif"" height=""5""></div>


</td></tr></table>",【第3類医薬品】【湧永製薬】レオピンファイブw　60ml&times;２本入※お取り寄せになる場合もございます【RCP】【02P03Dec16】：あんしん通販　リリーフ,【第3類医薬品】【湧永製薬】レオピンファイブw　60ml&times;２本入※お取り寄せになる場合もございます【RCP】【02P03Dec16】,【第3類医薬品】【湧永製薬】レオピンファイブw　60ml&times;２本入※お取り寄せになる場合もございます【RCP】【02P03Dec16】[rn]
28-87595,http://tshop.r10s.jp/anshin-relief/cabinet/iyakuhin/4968250275318.jpg?fitin=700:700,5674.4000,,,【第3類医薬品】【湧永製薬】キヨーレオピンw 60ml×４本入 【RCP】【02P03Dec16】,,"<center>
<table bgcolor=""#cc0000"" width=""750"" border=""0"" cellpadding=""0"" cellspacing=""2""><tr><td>
<table bgcolor=""#ffffcc"" width=""100%"" border=""0"" cellpadding=""5"" cellspacing=""0"" style=""font-size:14px;line-height:1.2;""><tr><td>
<font color=""#333333"">
<div align=""center""><font color=""#ff0000"" size=6><b>【お客様へ】本商品は医薬品です。</b></font></div>
<font color=""#660000"" size=4><b>商品名に付記されてございます<a href=""http://item.rakuten.co.jp/anshin-relief/c/0000000111/"">【リスク分類】</a>をよくご確認の上、ご購入下さい。
また、医薬品は使用上の注意をよく読んだ上で、それに従い適切に使用して下さい。</b></font>
<hr>
<font color=""#cc0000""><b>
※医薬品のご購入について(1)：医薬品をご購入できるのは“18歳以上の楽天会員さま”のみとなっております。<br>
※医薬品のご購入について(2)：医薬品ごとに購入数の制限を設けております。
</b></font>
<hr>
<font color=""#003366""><b>【医薬品による健康被害の救済に関する制度】</b></font>医薬品副作用被害救済制度に基づき、独立行政法人 医薬品医療機器総合機構（救済制度窓口 0120-149-931）へご相談ください。<br>
<hr>
<font color=""#003366""><b>【広告文責 株式会社メディスンプラス】</b></font>フリーダイヤル：０１２０－２０５－９０４（※土日・祝祭日は休業）<br>管理薬剤師：稗圃賢輔（薬剤師免許証 第124203号 長崎県） ※相談応需可能時間：営業時間内
<hr><font color=""#ff0000""><b>【お客様へ】</b></font>お薬に関するご相談がございましたら、<a href=""http://item.rakuten.co.jp/anshin-relief/c/0000000110/"" target=""_blank""><b>こちら</b></a>へお問い合わせください。
</font>
</td></tr></table></td></tr></table>
</center>

<!--info_txt--><table border=0 width=380><tr><td><font style=""font-size:14px;line-height:1.2;"">
<hr color=#ccffcc size=2><font style=""font-size:22px;"">活用しよう「医療費控除制度」！</font><hr color=#ccffcc size=2>
本商品（医薬品）をご購入された金額が、
<font color=""#ff0000"">ご自分と扶養家族の分も含めて年間で「合計１０万円（税込）」を超えた場合</font>
、確定申告をすることにより、所得税が一部還付されたり、翌年の住民税が減額される制度があります。<br>
詳しくは厚生労働省か、最寄りの関係機関へお問い合わせください。
</font></td></tr></table>
<table border=0 width=380><tr><td><font style=""font-size:14px;line-height:1.2;"">
<hr color=#ccffcc size=2><font color=#0066ff>◆</font><b>特　長</b><font color=#0066ff>◆</font><hr color=#ccffcc size=2>
ニンニクを長期間かけ抽出・熟成し、濃縮して得られた濃縮熟成ニンニク抽出液に、肝臓分解エキスやビタミンＢ１及びビオチンを配合した滋養強壮剤です。<br>
ニンニク特有の刺激や臭いが軽減されておりますので、のみやすく、また服用後の口臭や体臭はほとんど気になりません。<br>
カプセル（※ゼラチン含有）１個に１mLの薬液を入れてご使用ください。
<hr color=#ccffcc size=2><font color=#0066ff>◆</font><b>メーカー</b>（※製造国又は原産国：日本）<font color=#0066ff>◆</font><hr color=#ccffcc size=2>湧永製薬株式会社<br>〒532-0003 大阪市淀川区宮原四丁目5番36号<br>お客様相談室 ： 0120-39-0971（フリーダイヤル）<br>受付時間 ： 9：00～12：00、13：00～17：00（土・日・祝日を除く）<hr color=#ccffcc size=2><font color=#0066ff>◆</font><b>効果・効能</b><font color=#0066ff>◆</font><hr color=#ccffcc size=2>
【大人(15才以上)の場合】<br>
滋養強壮、虚弱体質、肉体疲労・病後の体力低下・胃腸障害・栄養障害・発熱性消耗性疾患・妊娠授乳期などの場合の栄養補給<br>
【8才以上15才未満の場合】<br>
滋養強壮、虚弱体質、偏食児・小児の発育期・病後の体力低下・胃腸障害・栄養障害・発熱性消耗性疾患などの場合の栄養補給 
<hr color=#ccffcc size=2><font color=#0066ff>◆</font><b>用法・用量</b><font color=#0066ff>◆</font><hr color=#ccffcc size=2>
1回下記量を添付のカプセルに入れて水又はぬるま湯と一緒に服用して下さい。 <br>
＊大人(15歳以上) ：1mL 2回<br>
＊8才以上15歳未満 ：1mL 1回<br>
＊8才未満：服用しないでください<br>
※用法・用量に関する注意<br>
1.カプセル1個に1mLの薬液が入ります。<br>
　(1)カプセルをはずす<br>
　(2)カプセルに薬液を入れる<br>
　(3)カプセルをはめて服用する<br>
2.小児に服用させる場合には、保護者の指導監督のもとに服用させて下さい。<br>
3.カプセルに薬液を入れますと軟化し、しばらくすると溶けますので服用のつど入れて下さい。 
<hr color=#ccffcc size=2><font color=#0066ff>◆</font><b>成分・分量</b><font color=#0066ff>◆</font><hr color=#ccffcc size=2>
濃縮熟成ニンニク抽出液 0.9mL、肝臓分解エキス 100mg、ビタミンB1塩酸塩 20mg、ビオチン 60μg<br>
※添加物として、D-ソルビトール、果糖、炭酸水素Na、カラメル、pH調整剤を含有します。<br>
※添付のカプセル本体に、ゼラチンを含有します。

<hr color=#ccffcc size=2><font color=#0066ff>◆</font><b>保管上の注意</b><font color=#0066ff>◆</font><hr color=#ccffcc size=2>
（1）直射日光の当たらない湿気の少ない涼しい所に密栓して保管してください。<br>
（2）小児の手の届かない所に保管してください。<br>
（3）他の容器に入れ替えないでください。誤用の原因になったり、品質が変わるおそれがあります。<br>
（4）使用期限をすぎた製品は、使用しないでください。 <br>
（5）容器の開封日記入欄に、開封した日付を記入してください。<br>
※その他、医薬品は使用上の注意をよく読んだ上で、それに従い適切に使用して下さい。<br>※ページ内で特に記載が無い場合、使用期限１年以上の商品をお届けしております。<!--info_txt-->
 
</font></td></tr></table>

<table width=""350"" border=""0"" style=""font-size:14px;line-height:1.2;""><tr><td><hr><font color=""#ff0000""><b>【お客様へ】</b></font>
お薬に関するご相談がございましたら、<b>こちら</b>へお問い合わせください。</td></tr></table>
<table border=0 width=380 style=""font-size:12px;line-height:1.2;""><tr><td><font color=#000088><hr>※パッケージデザイン等が予告なく変更される場合もあります。<br>※商品廃番・メーカー欠品など諸事情によりお届けできない場合がございます。<hr></font></td></tr></table>
<table border=0 width=380 style=""font-size:12px;line-height:1.2;""><tr><td>商品区分：【第3類医薬品】<br>【広告文責】株式会社メディスンプラス：0120-205-904 ※休業日 土日・祝祭日<br>文責者名：稗圃 賢輔（管理薬剤師）</td></tr></table><!-- ▼左フロートバナー 表示 CSS & TAG セット -->
<link rel=""stylesheet"" href=""http://www.rakuten.ne.jp/gold/medistock/css_flt/fb_l_r.css"" type=""text/css"" />
<div id=""flt_l1""></div>
<!--Ｗオマケ-->
<div id=""flt_l2""></div>
<!--還元 Q10-->
<div id=""flt_l3""></div>
<!--ワゴンセール-->
<div id=""flt_l4""></div>
<!--送料無料-->
<div id=""flt_l5""></div>
<!-- Mプラ -->
<div id=""flt_l6""></div>
<!-- none -->
<div id=""flt_l7""></div>
<!-- ▲左フロートバナー 表示 CSS & TAG セット -->

<!-- ▼右フロートバナー 表示 CSS & TAG セット -->
<link rel=""stylesheet"" href=""http://www.rakuten.ne.jp/gold/medistock/css_flt/fb_r_m.css"" type=""text/css"" />
<!--プレ EXP-->
<div id=""flt_r1""></div>
<!--プレ レバ-->
<div id=""flt_r2""></div>
<!--花粉特集-->
<div id=""flt_r3""></div>
<!--なし-->
<div id=""flt_r4""></div>
<!--なし-->
<div id=""flt_r5""></div>
<!--ビタ ワゴン-->
<!--ゴールドA-->
<div id=""flt_r6""></div>
<!--なし-->
<div id=""flt_r7""></div>
<!-- ▲右フロートバナー 表示 CSS & TAG セット -->


<!-- ▼スライド -->
<center>
<div style=""width:710px; border:1px solid #fbc; padding:5px; margin-bottom:5px; background:#fff;"">

</div>
</center>
<!-- ▲スライド -->

<!--▼項目選択-->

<br>
<!--▲項目選択-->

<style type=""text/css"">
<!--
/*
body {
background-image:url(http://image.rakuten.co.jp/anshin-relief/cabinet/relief/tate150501rr.gif);
background-repeat:repeat-y;
background-position: right top;
}
*/
-->
</style>


<table width=""730"" border=""0""><tr><td align=""center"">

	<div><img src=""http://image.rakuten.co.jp/medistock/cabinet/hd/sp.gif"" height=""20""></div>



	<div><img src=""http://image.rakuten.co.jp/medistock/cabinet/banner/170520m.gif"" width=""468"" alt=""エントリー"" border=""0""></div>
	<div><img src=""http://image.rakuten.co.jp/medistock/cabinet/hd/sp.gif"" height=""5""></div>




	<div><img src=""http://image.rakuten.co.jp/medistock/cabinet/banner/1704win.jpg"" width=""468"" alt=""エントリー"" border=""0""></div>
	<div><img src=""http://image.rakuten.co.jp/medistock/cabinet/hd/sp.gif"" height=""5""></div>




	<div><img src=""http://image.rakuten.co.jp/medistock/cabinet/banner/160801ls.gif"" width=""468"" alt=""エントリー"" border=""0""></div>
	<div><img src=""http://image.rakuten.co.jp/medistock/cabinet/hd/sp.gif"" height=""5""></div>


	<div><img src=""http://image.rakuten.co.jp/medistock/cabinet/banner/160118pt7.jpg"" width=""468"" alt=""エントリー"" border=""0""></div>
	<div><img src=""http://image.rakuten.co.jp/medistock/cabinet/hd/sp.gif"" height=""5""></div>



	<div><img src=""http://image.rakuten.co.jp/medistock/cabinet/banner/160801nua.jpg"" width=""468"" alt=""エントリー"" border=""0""></div>
	<div><img src=""http://image.rakuten.co.jp/medistock/cabinet/hd/sp.gif"" height=""5""></div>


	<div><img src=""http://image.rakuten.co.jp/medistock/cabinet/banner/160506rgw.jpg"" width=""468"" alt=""エントリー"" border=""0""></div>
	<div><img src=""http://image.rakuten.co.jp/medistock/cabinet/hd/sp.gif"" height=""5""></div>







	<div><img src=""http://image.rakuten.co.jp/medistock/cabinet/banner/161201tb05p.jpg"" width=""468"" alt=""ツールバーPt2"" border=""0""></div>
	<div><img src=""http://image.rakuten.co.jp/medistock/cabinet/hd/sp.gif"" height=""5""></div>



	<div><img src=""http://image.rakuten.co.jp/medistock/cabinet/banner/160601tb10.jpg"" width=""468"" alt=""初ツールバー"" border=""0""></div>
	<div><img src=""http://image.rakuten.co.jp/medistock/cabinet/hd/sp.gif"" height=""5""></div>



	<div><img src=""http://image.rakuten.co.jp/medistock/cabinet/banner/151101app.jpg"" width=""468"" alt=""エントリー"" border=""0""></div>
	<div><img src=""http://image.rakuten.co.jp/medistock/cabinet/hd/sp.gif"" height=""5""></div>






<div><img src=""http://image.rakuten.co.jp/medistock/cabinet/p_img/bn_ato.gif"" width=""468"" alt=""ＮＰ後払い"" border=""0""></div>
<div><img src=""http://image.rakuten.co.jp/medistock/cabinet/hd/sp.gif"" height=""5""></div>


</td></tr></table>",【第3類医薬品】【湧永製薬】キヨーレオピンw 60ml&times;４本入 【RCP】【02P03Dec16】：あんしん通販　リリーフ,【第3類医薬品】【湧永製薬】キヨーレオピンw 60ml&times;４本入 【RCP】【02P03Dec16】,【第3類医薬品】【湧永製薬】キヨーレオピンw 60ml&times;４本入 【RCP】【02P03Dec16】[rn]
28-87596,http://tshop.r10s.jp/anshin-relief/cabinet/iyakuhin/4968250275318x2.jpg?fitin=700:700,10541.6000,,,【第3類医薬品】【湧永製薬】キヨーレオピンw 60ml×４本入×２箱セット 【RCP】【02P03Dec16】,,"<center>
<table bgcolor=""#cc0000"" width=""750"" border=""0"" cellpadding=""0"" cellspacing=""2""><tr><td>
<table bgcolor=""#ffffcc"" width=""100%"" border=""0"" cellpadding=""5"" cellspacing=""0"" style=""font-size:14px;line-height:1.2;""><tr><td>
<font color=""#333333"">
<div align=""center""><font color=""#ff0000"" size=6><b>【お客様へ】本商品は医薬品です。</b></font></div>
<font color=""#660000"" size=4><b>商品名に付記されてございます<a href=""http://item.rakuten.co.jp/anshin-relief/c/0000000111/"">【リスク分類】</a>をよくご確認の上、ご購入下さい。
また、医薬品は使用上の注意をよく読んだ上で、それに従い適切に使用して下さい。</b></font>
<hr>
<font color=""#cc0000""><b>
※医薬品のご購入について(1)：医薬品をご購入できるのは“18歳以上の楽天会員さま”のみとなっております。<br>
※医薬品のご購入について(2)：医薬品ごとに購入数の制限を設けております。
</b></font>
<hr>
<font color=""#003366""><b>【医薬品による健康被害の救済に関する制度】</b></font>医薬品副作用被害救済制度に基づき、独立行政法人 医薬品医療機器総合機構（救済制度窓口 0120-149-931）へご相談ください。<br>
<hr>
<font color=""#003366""><b>【広告文責 株式会社メディスンプラス】</b></font>フリーダイヤル：０１２０－２０５－９０４（※土日・祝祭日は休業）<br>管理薬剤師：稗圃賢輔（薬剤師免許証 第124203号 長崎県） ※相談応需可能時間：営業時間内
<hr><font color=""#ff0000""><b>【お客様へ】</b></font>お薬に関するご相談がございましたら、<a href=""http://item.rakuten.co.jp/anshin-relief/c/0000000110/"" target=""_blank""><b>こちら</b></a>へお問い合わせください。
</font>
</td></tr></table></td></tr></table>
</center>

<!--info_txt--><table border=0 width=380><tr><td><font style=""font-size:14px;line-height:1.2;"">
<hr color=#ccffcc size=2><font style=""font-size:22px;"">活用しよう「医療費控除制度」！</font><hr color=#ccffcc size=2>
本商品（医薬品）をご購入された金額が、
<font color=""#ff0000"">ご自分と扶養家族の分も含めて年間で「合計１０万円（税込）」を超えた場合</font>
、確定申告をすることにより、所得税が一部還付されたり、翌年の住民税が減額される制度があります。<br>
詳しくは厚生労働省か、最寄りの関係機関へお問い合わせください。
</font></td></tr></table>
<table border=0 width=380><tr><td><font style=""font-size:14px;line-height:1.2;"">
<hr color=#ccffcc size=2><font color=#0066ff>◆</font><b>特　長</b><font color=#0066ff>◆</font><hr color=#ccffcc size=2>
ニンニクを長期間かけ抽出・熟成し、濃縮して得られた濃縮熟成ニンニク抽出液に、肝臓分解エキスやビタミンＢ１及びビオチンを配合した滋養強壮剤です。<br>
ニンニク特有の刺激や臭いが軽減されておりますので、のみやすく、また服用後の口臭や体臭はほとんど気になりません。<br>
カプセル（※ゼラチン含有）１個に１mLの薬液を入れてご使用ください。
<hr color=#ccffcc size=2><font color=#0066ff>◆</font><b>メーカー</b>（※製造国又は原産国：日本）<font color=#0066ff>◆</font><hr color=#ccffcc size=2>湧永製薬株式会社<br>〒532-0003 大阪市淀川区宮原四丁目5番36号<br>お客様相談室 ： 0120-39-0971（フリーダイヤル）<br>受付時間 ： 9：00～12：00、13：00～17：00（土・日・祝日を除く）<hr color=#ccffcc size=2><font color=#0066ff>◆</font><b>効果・効能</b><font color=#0066ff>◆</font><hr color=#ccffcc size=2>
【大人(15才以上)の場合】<br>
滋養強壮、虚弱体質、肉体疲労・病後の体力低下・胃腸障害・栄養障害・発熱性消耗性疾患・妊娠授乳期などの場合の栄養補給<br>
【8才以上15才未満の場合】<br>
滋養強壮、虚弱体質、偏食児・小児の発育期・病後の体力低下・胃腸障害・栄養障害・発熱性消耗性疾患などの場合の栄養補給 
<hr color=#ccffcc size=2><font color=#0066ff>◆</font><b>用法・用量</b><font color=#0066ff>◆</font><hr color=#ccffcc size=2>
1回下記量を添付のカプセルに入れて水又はぬるま湯と一緒に服用して下さい。 <br>
＊大人(15歳以上) ：1mL 2回<br>
＊8才以上15歳未満 ：1mL 1回<br>
＊8才未満：服用しないでください<br>
※用法・用量に関する注意<br>
1.カプセル1個に1mLの薬液が入ります。<br>
　(1)カプセルをはずす<br>
　(2)カプセルに薬液を入れる<br>
　(3)カプセルをはめて服用する<br>
2.小児に服用させる場合には、保護者の指導監督のもとに服用させて下さい。<br>
3.カプセルに薬液を入れますと軟化し、しばらくすると溶けますので服用のつど入れて下さい。 
<hr color=#ccffcc size=2><font color=#0066ff>◆</font><b>成分・分量</b><font color=#0066ff>◆</font><hr color=#ccffcc size=2>
濃縮熟成ニンニク抽出液 0.9mL、肝臓分解エキス 100mg、ビタミンB1塩酸塩 20mg、ビオチン 60μg<br>
※添加物として、D-ソルビトール、果糖、炭酸水素Na、カラメル、pH調整剤を含有します。<br>
※添付のカプセル本体に、ゼラチンを含有します。

<hr color=#ccffcc size=2><font color=#0066ff>◆</font><b>保管上の注意</b><font color=#0066ff>◆</font><hr color=#ccffcc size=2>
（1）直射日光の当たらない湿気の少ない涼しい所に密栓して保管してください。<br>
（2）小児の手の届かない所に保管してください。<br>
（3）他の容器に入れ替えないでください。誤用の原因になったり、品質が変わるおそれがあります。<br>
（4）使用期限をすぎた製品は、使用しないでください。 <br>
（5）容器の開封日記入欄に、開封した日付を記入してください。<br>
※その他、医薬品は使用上の注意をよく読んだ上で、それに従い適切に使用して下さい。<br>※ページ内で特に記載が無い場合、使用期限１年以上の商品をお届けしております。<!--info_txt-->
 
</font></td></tr></table>

<table width=""350"" border=""0"" style=""font-size:14px;line-height:1.2;""><tr><td><hr><font color=""#ff0000""><b>【お客様へ】</b></font>
お薬に関するご相談がございましたら、<b>こちら</b>へお問い合わせください。</td></tr></table>
<table border=0 width=380 style=""font-size:12px;line-height:1.2;""><tr><td><font color=#000088><hr>※パッケージデザイン等が予告なく変更される場合もあります。<br>※商品廃番・メーカー欠品など諸事情によりお届けできない場合がございます。<hr></font></td></tr></table>
<table border=0 width=380 style=""font-size:12px;line-height:1.2;""><tr><td>商品区分：【第3類医薬品】<br>【広告文責】株式会社メディスンプラス：0120-205-904 ※休業日 土日・祝祭日<br>文責者名：稗圃 賢輔（管理薬剤師）</td></tr></table><!-- ▼左フロートバナー 表示 CSS & TAG セット -->
<link rel=""stylesheet"" href=""http://www.rakuten.ne.jp/gold/medistock/css_flt/fb_l_r.css"" type=""text/css"" />
<div id=""flt_l1""></div>
<!--Ｗオマケ-->
<div id=""flt_l2""></div>
<!--還元 Q10-->
<div id=""flt_l3""></div>
<!--ワゴンセール-->
<div id=""flt_l4""></div>
<!--送料無料-->
<div id=""flt_l5""></div>
<!-- Mプラ -->
<div id=""flt_l6""></div>
<!-- none -->
<div id=""flt_l7""></div>
<!-- ▲左フロートバナー 表示 CSS & TAG セット -->

<!-- ▼右フロートバナー 表示 CSS & TAG セット -->
<link rel=""stylesheet"" href=""http://www.rakuten.ne.jp/gold/medistock/css_flt/fb_r_m.css"" type=""text/css"" />
<!--プレ EXP-->
<div id=""flt_r1""></div>
<!--プレ レバ-->
<div id=""flt_r2""></div>
<!--花粉特集-->
<div id=""flt_r3""></div>
<!--なし-->
<div id=""flt_r4""></div>
<!--なし-->
<div id=""flt_r5""></div>
<!--ビタ ワゴン-->
<!--ゴールドA-->
<div id=""flt_r6""></div>
<!--なし-->
<div id=""flt_r7""></div>
<!-- ▲右フロートバナー 表示 CSS & TAG セット -->


<!-- ▼スライド -->
<center>
<div style=""width:710px; border:1px solid #fbc; padding:5px; margin-bottom:5px; background:#fff;"">

</div>
</center>
<!-- ▲スライド -->

<!--▼項目選択-->

<br>
<!--▲項目選択-->

<style type=""text/css"">
<!--
/*
body {
background-image:url(http://image.rakuten.co.jp/anshin-relief/cabinet/relief/tate150501rr.gif);
background-repeat:repeat-y;
background-position: right top;
}
*/
-->
</style>


<table width=""730"" border=""0""><tr><td align=""center"">

	<div><img src=""http://image.rakuten.co.jp/medistock/cabinet/hd/sp.gif"" height=""20""></div>



	<div><img src=""http://image.rakuten.co.jp/medistock/cabinet/banner/170520m.gif"" width=""468"" alt=""エントリー"" border=""0""></div>
	<div><img src=""http://image.rakuten.co.jp/medistock/cabinet/hd/sp.gif"" height=""5""></div>




	<div><img src=""http://image.rakuten.co.jp/medistock/cabinet/banner/1704win.jpg"" width=""468"" alt=""エントリー"" border=""0""></div>
	<div><img src=""http://image.rakuten.co.jp/medistock/cabinet/hd/sp.gif"" height=""5""></div>




	<div><img src=""http://image.rakuten.co.jp/medistock/cabinet/banner/160801ls.gif"" width=""468"" alt=""エントリー"" border=""0""></div>
	<div><img src=""http://image.rakuten.co.jp/medistock/cabinet/hd/sp.gif"" height=""5""></div>


	<div><img src=""http://image.rakuten.co.jp/medistock/cabinet/banner/160118pt7.jpg"" width=""468"" alt=""エントリー"" border=""0""></div>
	<div><img src=""http://image.rakuten.co.jp/medistock/cabinet/hd/sp.gif"" height=""5""></div>



	<div><img src=""http://image.rakuten.co.jp/medistock/cabinet/banner/160801nua.jpg"" width=""468"" alt=""エントリー"" border=""0""></div>
	<div><img src=""http://image.rakuten.co.jp/medistock/cabinet/hd/sp.gif"" height=""5""></div>


	<div><img src=""http://image.rakuten.co.jp/medistock/cabinet/banner/160506rgw.jpg"" width=""468"" alt=""エントリー"" border=""0""></div>
	<div><img src=""http://image.rakuten.co.jp/medistock/cabinet/hd/sp.gif"" height=""5""></div>







	<div><img src=""http://image.rakuten.co.jp/medistock/cabinet/banner/161201tb05p.jpg"" width=""468"" alt=""ツールバーPt2"" border=""0""></div>
	<div><img src=""http://image.rakuten.co.jp/medistock/cabinet/hd/sp.gif"" height=""5""></div>



	<div><img src=""http://image.rakuten.co.jp/medistock/cabinet/banner/160601tb10.jpg"" width=""468"" alt=""初ツールバー"" border=""0""></div>
	<div><img src=""http://image.rakuten.co.jp/medistock/cabinet/hd/sp.gif"" height=""5""></div>



	<div><img src=""http://image.rakuten.co.jp/medistock/cabinet/banner/151101app.jpg"" width=""468"" alt=""エントリー"" border=""0""></div>
	<div><img src=""http://image.rakuten.co.jp/medistock/cabinet/hd/sp.gif"" height=""5""></div>






<div><img src=""http://image.rakuten.co.jp/medistock/cabinet/p_img/bn_ato.gif"" width=""468"" alt=""ＮＰ後払い"" border=""0""></div>
<div><img src=""http://image.rakuten.co.jp/medistock/cabinet/hd/sp.gif"" height=""5""></div>


</td></tr></table>",【第3類医薬品】【湧永製薬】キヨーレオピンw 60ml&times;４本入&times;２箱セット 【RCP】【02P03Dec16】：あんしん通販　リリーフ,【第3類医薬品】【湧永製薬】キヨーレオピンw 60ml&times;４本入&times;２箱セット 【RCP】【02P03Dec16】,【第3類医薬品】【湧永製薬】キヨーレオピンw 60ml&times;４本入&times;２箱セット 【RCP】【02P03Dec16】[rn]
28-87597,http://tshop.r10s.jp/medistock/cabinet/vitamin/mc_calusium.jpg?fitin=700:700,1492.8000,,,【第3類医薬品】【ゼリア新薬】MCカルシウム　120錠【RCP】【10P03Dec16】,,"<center>
<table bgcolor=""#cc0000"" width=""750"" border=""0"" cellpadding=""0"" cellspacing=""2""><tr><td>
<table bgcolor=""#ffffcc"" width=""100%"" border=""0"" cellpadding=""5"" cellspacing=""0"" style=""font-size:14px;line-height:1.2;""><tr><td>
<font color=""#333333"">
<div align=""center""><font color=""#ff0000"" size=6><b>【お客様へ】本商品は医薬品です。</b></font></div>
<font color=""#660000"" size=4><b>商品名に付記されてございます<a href=""http://item.rakuten.co.jp/medistock/c/0000003301/"">【リスク分類】</a>をよくご確認の上、ご購入下さい。
また、医薬品は使用上の注意をよく読んだ上で、それに従い適切に使用して下さい。</b></font>
<hr>
<font color=""#cc0000""><b>
※医薬品のご購入について(1)：医薬品をご購入できるのは“18歳以上の楽天会員さま”のみとなっております。<br>
※医薬品のご購入について(2)：医薬品ごとに購入数の制限を設けております。
</b></font>
<hr>
<font color=""#003366""><b>【医薬品による健康被害の救済に関する制度】</b></font>医薬品副作用被害救済制度に基づき、独立行政法人 医薬品医療機器総合機構（救済制度窓口 0120-149-931）へご相談ください。<br>
<hr>
<font color=""#003366""><b>【広告文責 株式会社メディスンプラス】</b></font>フリーダイヤル：０１２０－２０５－９０４（※土日・祝祭日は休業）<br>管理薬剤師：稗圃賢輔（薬剤師免許証 第124203号 長崎県） ※相談応需可能時間：営業時間内
<hr><font color=""#003366""><b>【お客様へ】</b></font>お薬に関するご相談がございましたら、<a href=""http://item.rakuten.co.jp/medistock/c/0000003301/"" target=""_blank""><b>こちら</b></a>へお問い合わせください。
</font>
</td></tr></table></td></tr></table>
</center><table border=0 width=380><tr><td><font style=""font-size:14px;line-height:1.2;"">
<hr color=#ccffcc size=2><font style=""font-size:22px;"">活用しよう「医療費控除制度」！</font><hr color=#ccffcc size=2>
本商品（医薬品）をご購入された金額が、
<font color=""#ff0000"">ご自分と扶養家族の分も含めて年間で「合計１０万円（税込）」を超えた場合</font>
、確定申告をすることにより、所得税が一部還付されたり、翌年の住民税が減額される制度があります。<br>
詳しくは厚生労働省か、最寄りの関係機関へお問い合わせください。
</font></td></tr></table>
<table border=0 width=380><tr><td><font style=""font-size:14px;""><hr color=#ccffcc size=2><font color=#0066ff>◆</font><b>特　長</b><font color=#0066ff>◆</font><hr color=#ccffcc size=2>牡蠣からとりだした医薬品カルシウム剤。<br>１日１回３錠で７００ｍｇの天然カルシウム。さらにカルシウムの吸収を助けるウルソデオキシコール酸と塩酸リジンを配合。<div align=right>・・・滋養強壮保健薬／カルシウム主薬製剤</div><hr color=#ccffcc size=2><font color=#0066ff>◆</font><b>メーカー</b>（※製造国又は原産国：日本）<font color=#0066ff>◆</font><hr color=#ccffcc size=2>ゼリア新薬工業株式会社<br>〒103-8351 東京都中央区日本橋小舟町10-11<br>お客様相談室 ： 03-3661-2080 <br>受付時間 ： 9時から17時50分（土・日・祝日を除く）<hr color=#ccffcc size=2><font color=#0066ff>◆</font><b>効果・効能</b><font color=#0066ff>◆</font><hr color=#ccffcc size=2>・次の場合の骨歯の発育促進：虚弱体質、腺病質<br>・妊娠授乳婦の骨歯の脆弱防止<br>※腺病質とは、貧血などになりやすい虚弱・無力体質を指します。<hr color=#ccffcc size=2><font color=#0066ff>◆</font><b>用法・用量</b><font color=#0066ff>◆</font><hr color=#ccffcc size=2>成人（15才以上） 3錠・・・・・・・1日1回服用。 <br>11才以上　15才未満 2錠 ・・・1日1回服用。<br>5才以上　11才未満 1錠 ・・・・1日1回服用。<br>5才未満 服用しないでください。 <hr color=#ccffcc size=2><font color=#0066ff>◆</font><b>成分・分量</b><font color=#0066ff>◆</font><hr color=#ccffcc size=2>ボレイ末　1840mg、塩酸リジン　120mg、ウルソデオキシコール酸　10mg<hr color=#ccffcc size=2><font color=#0066ff>◆</font><b>保管上の注意</b><font color=#0066ff>◆</font><hr color=#ccffcc size=2>
（1）直射日光の当たらない湿気の少ない涼しい所に密栓して保管してください。<br>
（2）小児の手の届かない所に保管してください。<br>
（3）他の容器に入れ替えないでください。誤用の原因になったり、品質が変わるおそれがあります。<br>
（4）使用期限をすぎた製品は、使用しないでください。 <br>
（5）容器の開封日記入欄に、開封した日付を記入してください。<br>
※その他、医薬品は使用上の注意をよく読んだ上で、それに従い適切に使用して下さい。<br>※ページ内で特に記載が無い場合、使用期限１年以上の商品をお届けしております。</font></td></tr></table><table width=""380"" border=""0"" style=""font-size:14px;line-height:1.2;""><tr><td><hr>※添付文書←<font color=#ff0000><b>詳細の商品情報はこちら</b></font><hr><font color=""#ff0000""><b>【お客様へ】</b></font>お薬に関するご相談がございましたら、<b>こちら</b>へお問い合わせください。</td></tr></table><table border=0 width=380 style=""font-size:12px;line-height:1.2;""><tr><td><font color=#000088><hr>※パッケージデザイン等が予告なく変更される場合もあります。<br>※商品廃番・メーカー欠品など諸事情によりお届けできない場合がございます。<hr></td></tr></table><table border=0 width=380 style=""font-size:12px;line-height:1.2;""><tr><td>商品区分：【第3類医薬品】<br>【広告文責】株式会社メディスンプラス：0120-205-904 ※休業日 土日・祝祭日<br>文責者名：稗圃 賢輔（管理薬剤師）</td></tr></table><!-- ▼左フロートバナー 表示 CSS & TAG セット -->
<link rel=""stylesheet"" href=""http://www.rakuten.ne.jp/gold/medistock/css_flt/fb_l_m.css"" type=""text/css"" />
<!--トップバナー-->
<div id=""flt_l1""></div>
<!--Ｗオマケ-->
<div id=""flt_l2""></div>
<!--セサミン-->
<div id=""flt_l3""></div>
<!--ワゴンセール-->
<div id=""flt_l4""></div>
<!--送料無料-->
<div id=""flt_l5""></div>
<!-- MPリンク -->
<div id=""flt_l6""></div>
<!-- none -->
<div id=""flt_l7""></div>
<!-- ▲左フロートバナー 表示 CSS & TAG セット -->

<!-- ▼右フロートバナー 表示 CSS & TAG セット -->
<link rel=""stylesheet"" href=""http://www.rakuten.ne.jp/gold/medistock/css_flt/fb_r_m.css"" type=""text/css"" />
<!--プレ EXP-->
<div id=""flt_r1""></div>
<!--プレ レバ-->
<div id=""flt_r2""></div>
<!--花粉特集-->
<div id=""flt_r3""></div>
<!--なし-->
<div id=""flt_r4""></div>
<!--なし-->
<div id=""flt_r5""></div>
<!--ビタ ワゴン-->
<!--ゴールドA-->
<div id=""flt_r6""></div>
<!--なし-->
<div id=""flt_r7""></div>
<!-- ▲右フロートバナー 表示 CSS & TAG セット -->


<!-- ▼スライド -->
<center>
<div style=""width:710px; border:1px solid #52aef0; padding:5px; margin-bottom:5px;"">

</div>
</center>
<!-- ▲スライド -->

<!--▼項目選択-->

<br>
<!--▲項目選択-->


<!--▼右端縦表示-->
<style type=""text/css"">
<!--
/*
body {
background-image:url(http://image.rakuten.co.jp/medistock/cabinet/medistock/tate1508md.gif);
background-repeat:repeat-y;
background-position: right top;
}
*/
-->
</style>



<table width=""730"" border=""0""><tr><td align=""center"">

	<div><img src=""http://image.rakuten.co.jp/medistock/cabinet/hd/sp.gif"" height=""20""></div>




	<div><img src=""http://image.rakuten.co.jp/medistock/cabinet/banner/170520m.gif"" width=""468"" alt=""エントリー"" border=""0""></div>
	<div><img src=""http://image.rakuten.co.jp/medistock/cabinet/hd/sp.gif"" height=""5""></div>


	<div><img src=""http://image.rakuten.co.jp/medistock/cabinet/banner/1704win.jpg"" width=""468"" alt=""エントリー"" border=""0""></div>
	<div><img src=""http://image.rakuten.co.jp/medistock/cabinet/hd/sp.gif"" height=""5""></div>




	<div><img src=""http://image.rakuten.co.jp/medistock/cabinet/banner/160801ls.gif"" width=""468"" alt=""エントリー"" border=""0""></div>
	<div><img src=""http://image.rakuten.co.jp/medistock/cabinet/hd/sp.gif"" height=""5""></div>



	<div><img src=""http://image.rakuten.co.jp/medistock/cabinet/banner/160118pt7.jpg"" width=""468"" alt=""エントリー"" border=""0""></div>
	<div><img src=""http://image.rakuten.co.jp/medistock/cabinet/hd/sp.gif"" height=""5""></div>


	<div><img src=""http://image.rakuten.co.jp/medistock/cabinet/banner/160801nua.jpg"" width=""468"" alt=""エントリー"" border=""0""></div>
	<div><img src=""http://image.rakuten.co.jp/medistock/cabinet/hd/sp.gif"" height=""5""></div>


	<div><img src=""http://image.rakuten.co.jp/medistock/cabinet/banner/160506rgw.jpg"" width=""468"" alt=""エントリー"" border=""0""></div>
	<div><img src=""http://image.rakuten.co.jp/medistock/cabinet/hd/sp.gif"" height=""5""></div>



	<div><img src=""http://image.rakuten.co.jp/medistock/cabinet/banner/161201tb05p.jpg"" width=""468"" alt=""ツールバーPt2"" border=""0""></div>
	<div><img src=""http://image.rakuten.co.jp/medistock/cabinet/hd/sp.gif"" height=""5""></div>



	<div><img src=""http://image.rakuten.co.jp/medistock/cabinet/banner/160601tb10.jpg"" width=""468"" alt=""初ツールバー"" border=""0""></div>
	<div><img src=""http://image.rakuten.co.jp/medistock/cabinet/hd/sp.gif"" height=""5""></div>





	<div><img src=""http://image.rakuten.co.jp/medistock/cabinet/banner/151101app.jpg"" width=""468"" alt=""エントリー"" border=""0""></div>
	<div><img src=""http://image.rakuten.co.jp/medistock/cabinet/hd/sp.gif"" height=""5""></div>


<div><img src=""http://image.rakuten.co.jp/medistock/cabinet/p_img/bn_ato.gif"" width=""468"" alt=""ＮＰ後払い"" border=""0""></div>
<div><img src=""http://image.rakuten.co.jp/medistock/cabinet/hd/sp.gif"" height=""5""></div>

<Br>

</td></tr></table>",【第3類医薬品】【ゼリア新薬】MCカルシウム　120錠【RCP】【10P03Dec16】：メディストック,美容健康メディスンプラスメディストック健康食品サプリメントペット用品化粧品ドッグフードキャットフード日用品食料品香水医薬品【第3類医薬品】【ゼリア新薬】MCカルシウム　120錠【RCP】【10P03Dec16】,【第3類医薬品】【ゼリア新薬】MCカルシウム　120錠【RCP】【10P03Dec16】[rn]
28-87598,http://tshop.r10s.jp/anshin-relief/cabinet/iyakuhin/4968250275318x5.jpg?fitin=700:700,26296.8000,,,【第3類医薬品】【湧永製薬】キヨーレオピンw 60ml×４本入×５箱セット 【RCP】【02P03Dec16】,,"<center>
<table bgcolor=""#cc0000"" width=""750"" border=""0"" cellpadding=""0"" cellspacing=""2""><tr><td>
<table bgcolor=""#ffffcc"" width=""100%"" border=""0"" cellpadding=""5"" cellspacing=""0"" style=""font-size:14px;line-height:1.2;""><tr><td>
<font color=""#333333"">
<div align=""center""><font color=""#ff0000"" size=6><b>【お客様へ】本商品は医薬品です。</b></font></div>
<font color=""#660000"" size=4><b>商品名に付記されてございます<a href=""http://item.rakuten.co.jp/anshin-relief/c/0000000111/"">【リスク分類】</a>をよくご確認の上、ご購入下さい。
また、医薬品は使用上の注意をよく読んだ上で、それに従い適切に使用して下さい。</b></font>
<hr>
<font color=""#cc0000""><b>
※医薬品のご購入について(1)：医薬品をご購入できるのは“18歳以上の楽天会員さま”のみとなっております。<br>
※医薬品のご購入について(2)：医薬品ごとに購入数の制限を設けております。
</b></font>
<hr>
<font color=""#003366""><b>【医薬品による健康被害の救済に関する制度】</b></font>医薬品副作用被害救済制度に基づき、独立行政法人 医薬品医療機器総合機構（救済制度窓口 0120-149-931）へご相談ください。<br>
<hr>
<font color=""#003366""><b>【広告文責 株式会社メディスンプラス】</b></font>フリーダイヤル：０１２０－２０５－９０４（※土日・祝祭日は休業）<br>管理薬剤師：稗圃賢輔（薬剤師免許証 第124203号 長崎県） ※相談応需可能時間：営業時間内
<hr><font color=""#ff0000""><b>【お客様へ】</b></font>お薬に関するご相談がございましたら、<a href=""http://item.rakuten.co.jp/anshin-relief/c/0000000110/"" target=""_blank""><b>こちら</b></a>へお問い合わせください。
</font>
</td></tr></table></td></tr></table>
</center>

<!--info_txt--><table border=0 width=380><tr><td><font style=""font-size:14px;line-height:1.2;"">
<hr color=#ccffcc size=2><font style=""font-size:22px;"">活用しよう「医療費控除制度」！</font><hr color=#ccffcc size=2>
本商品（医薬品）をご購入された金額が、
<font color=""#ff0000"">ご自分と扶養家族の分も含めて年間で「合計１０万円（税込）」を超えた場合</font>
、確定申告をすることにより、所得税が一部還付されたり、翌年の住民税が減額される制度があります。<br>
詳しくは厚生労働省か、最寄りの関係機関へお問い合わせください。
</font></td></tr></table>
<table border=0 width=380><tr><td><font style=""font-size:14px;line-height:1.2;"">
<hr color=#ccffcc size=2><font color=#0066ff>◆</font><b>特　長</b><font color=#0066ff>◆</font><hr color=#ccffcc size=2>
ニンニクを長期間かけ抽出・熟成し、濃縮して得られた濃縮熟成ニンニク抽出液に、肝臓分解エキスやビタミンＢ１及びビオチンを配合した滋養強壮剤です。<br>
ニンニク特有の刺激や臭いが軽減されておりますので、のみやすく、また服用後の口臭や体臭はほとんど気になりません。<br>
カプセル（※ゼラチン含有）１個に１mLの薬液を入れてご使用ください。
<hr color=#ccffcc size=2><font color=#0066ff>◆</font><b>メーカー</b>（※製造国又は原産国：日本）<font color=#0066ff>◆</font><hr color=#ccffcc size=2>湧永製薬株式会社<br>〒532-0003 大阪市淀川区宮原四丁目5番36号<br>お客様相談室 ： 0120-39-0971（フリーダイヤル）<br>受付時間 ： 9：00～12：00、13：00～17：00（土・日・祝日を除く）<hr color=#ccffcc size=2><font color=#0066ff>◆</font><b>効果・効能</b><font color=#0066ff>◆</font><hr color=#ccffcc size=2>
【大人(15才以上)の場合】<br>
滋養強壮、虚弱体質、肉体疲労・病後の体力低下・胃腸障害・栄養障害・発熱性消耗性疾患・妊娠授乳期などの場合の栄養補給<br>
【8才以上15才未満の場合】<br>
滋養強壮、虚弱体質、偏食児・小児の発育期・病後の体力低下・胃腸障害・栄養障害・発熱性消耗性疾患などの場合の栄養補給 
<hr color=#ccffcc size=2><font color=#0066ff>◆</font><b>用法・用量</b><font color=#0066ff>◆</font><hr color=#ccffcc size=2>
1回下記量を添付のカプセルに入れて水又はぬるま湯と一緒に服用して下さい。 <br>
＊大人(15歳以上) ：1mL 2回<br>
＊8才以上15歳未満 ：1mL 1回<br>
＊8才未満：服用しないでください<br>
※用法・用量に関する注意<br>
1.カプセル1個に1mLの薬液が入ります。<br>
　(1)カプセルをはずす<br>
　(2)カプセルに薬液を入れる<br>
　(3)カプセルをはめて服用する<br>
2.小児に服用させる場合には、保護者の指導監督のもとに服用させて下さい。<br>
3.カプセルに薬液を入れますと軟化し、しばらくすると溶けますので服用のつど入れて下さい。 
<hr color=#ccffcc size=2><font color=#0066ff>◆</font><b>成分・分量</b><font color=#0066ff>◆</font><hr color=#ccffcc size=2>
濃縮熟成ニンニク抽出液 0.9mL、肝臓分解エキス 100mg、ビタミンB1塩酸塩 20mg、ビオチン 60μg<br>
※添加物として、D-ソルビトール、果糖、炭酸水素Na、カラメル、pH調整剤を含有します。<br>
※添付のカプセル本体に、ゼラチンを含有します。

<hr color=#ccffcc size=2><font color=#0066ff>◆</font><b>保管上の注意</b><font color=#0066ff>◆</font><hr color=#ccffcc size=2>
（1）直射日光の当たらない湿気の少ない涼しい所に密栓して保管してください。<br>
（2）小児の手の届かない所に保管してください。<br>
（3）他の容器に入れ替えないでください。誤用の原因になったり、品質が変わるおそれがあります。<br>
（4）使用期限をすぎた製品は、使用しないでください。 <br>
（5）容器の開封日記入欄に、開封した日付を記入してください。<br>
※その他、医薬品は使用上の注意をよく読んだ上で、それに従い適切に使用して下さい。<br>※ページ内で特に記載が無い場合、使用期限１年以上の商品をお届けしております。<!--info_txt-->
 
</font></td></tr></table>

<table width=""350"" border=""0"" style=""font-size:14px;line-height:1.2;""><tr><td><hr><font color=""#ff0000""><b>【お客様へ】</b></font>
お薬に関するご相談がございましたら、<b>こちら</b>へお問い合わせください。</td></tr></table>
<table border=0 width=380 style=""font-size:12px;line-height:1.2;""><tr><td><font color=#000088><hr>※パッケージデザイン等が予告なく変更される場合もあります。<br>※商品廃番・メーカー欠品など諸事情によりお届けできない場合がございます。<hr></font></td></tr></table>
<table border=0 width=380 style=""font-size:12px;line-height:1.2;""><tr><td>商品区分：【第3類医薬品】<br>【広告文責】株式会社メディスンプラス：0120-205-904 ※休業日 土日・祝祭日<br>文責者名：稗圃 賢輔（管理薬剤師）</td></tr></table><!-- ▼左フロートバナー 表示 CSS & TAG セット -->
<link rel=""stylesheet"" href=""http://www.rakuten.ne.jp/gold/medistock/css_flt/fb_l_r.css"" type=""text/css"" />
<div id=""flt_l1""></div>
<!--Ｗオマケ-->
<div id=""flt_l2""></div>
<!--還元 Q10-->
<div id=""flt_l3""></div>
<!--ワゴンセール-->
<div id=""flt_l4""></div>
<!--送料無料-->
<div id=""flt_l5""></div>
<!-- Mプラ -->
<div id=""flt_l6""></div>
<!-- none -->
<div id=""flt_l7""></div>
<!-- ▲左フロートバナー 表示 CSS & TAG セット -->

<!-- ▼右フロートバナー 表示 CSS & TAG セット -->
<link rel=""stylesheet"" href=""http://www.rakuten.ne.jp/gold/medistock/css_flt/fb_r_m.css"" type=""text/css"" />
<!--プレ EXP-->
<div id=""flt_r1""></div>
<!--プレ レバ-->
<div id=""flt_r2""></div>
<!--花粉特集-->
<div id=""flt_r3""></div>
<!--なし-->
<div id=""flt_r4""></div>
<!--なし-->
<div id=""flt_r5""></div>
<!--ビタ ワゴン-->
<!--ゴールドA-->
<div id=""flt_r6""></div>
<!--なし-->
<div id=""flt_r7""></div>
<!-- ▲右フロートバナー 表示 CSS & TAG セット -->


<!-- ▼スライド -->
<center>
<div style=""width:710px; border:1px solid #fbc; padding:5px; margin-bottom:5px; background:#fff;"">

</div>
</center>
<!-- ▲スライド -->

<!--▼項目選択-->

<br>
<!--▲項目選択-->

<style type=""text/css"">
<!--
/*
body {
background-image:url(http://image.rakuten.co.jp/anshin-relief/cabinet/relief/tate150501rr.gif);
background-repeat:repeat-y;
background-position: right top;
}
*/
-->
</style>


<table width=""730"" border=""0""><tr><td align=""center"">

	<div><img src=""http://image.rakuten.co.jp/medistock/cabinet/hd/sp.gif"" height=""20""></div>



	<div><img src=""http://image.rakuten.co.jp/medistock/cabinet/banner/170520m.gif"" width=""468"" alt=""エントリー"" border=""0""></div>
	<div><img src=""http://image.rakuten.co.jp/medistock/cabinet/hd/sp.gif"" height=""5""></div>




	<div><img src=""http://image.rakuten.co.jp/medistock/cabinet/banner/1704win.jpg"" width=""468"" alt=""エントリー"" border=""0""></div>
	<div><img src=""http://image.rakuten.co.jp/medistock/cabinet/hd/sp.gif"" height=""5""></div>




	<div><img src=""http://image.rakuten.co.jp/medistock/cabinet/banner/160801ls.gif"" width=""468"" alt=""エントリー"" border=""0""></div>
	<div><img src=""http://image.rakuten.co.jp/medistock/cabinet/hd/sp.gif"" height=""5""></div>


	<div><img src=""http://image.rakuten.co.jp/medistock/cabinet/banner/160118pt7.jpg"" width=""468"" alt=""エントリー"" border=""0""></div>
	<div><img src=""http://image.rakuten.co.jp/medistock/cabinet/hd/sp.gif"" height=""5""></div>



	<div><img src=""http://image.rakuten.co.jp/medistock/cabinet/banner/160801nua.jpg"" width=""468"" alt=""エントリー"" border=""0""></div>
	<div><img src=""http://image.rakuten.co.jp/medistock/cabinet/hd/sp.gif"" height=""5""></div>


	<div><img src=""http://image.rakuten.co.jp/medistock/cabinet/banner/160506rgw.jpg"" width=""468"" alt=""エントリー"" border=""0""></div>
	<div><img src=""http://image.rakuten.co.jp/medistock/cabinet/hd/sp.gif"" height=""5""></div>







	<div><img src=""http://image.rakuten.co.jp/medistock/cabinet/banner/161201tb05p.jpg"" width=""468"" alt=""ツールバーPt2"" border=""0""></div>
	<div><img src=""http://image.rakuten.co.jp/medistock/cabinet/hd/sp.gif"" height=""5""></div>



	<div><img src=""http://image.rakuten.co.jp/medistock/cabinet/banner/160601tb10.jpg"" width=""468"" alt=""初ツールバー"" border=""0""></div>
	<div><img src=""http://image.rakuten.co.jp/medistock/cabinet/hd/sp.gif"" height=""5""></div>



	<div><img src=""http://image.rakuten.co.jp/medistock/cabinet/banner/151101app.jpg"" width=""468"" alt=""エントリー"" border=""0""></div>
	<div><img src=""http://image.rakuten.co.jp/medistock/cabinet/hd/sp.gif"" height=""5""></div>






<div><img src=""http://image.rakuten.co.jp/medistock/cabinet/p_img/bn_ato.gif"" width=""468"" alt=""ＮＰ後払い"" border=""0""></div>
<div><img src=""http://image.rakuten.co.jp/medistock/cabinet/hd/sp.gif"" height=""5""></div>


</td></tr></table>",【第3類医薬品】【湧永製薬】キヨーレオピンw 60ml&times;４本入&times;５箱セット 【RCP】【02P03Dec16】：あんしん通販　リリーフ,【第3類医薬品】【湧永製薬】キヨーレオピンw 60ml&times;４本入&times;５箱セット 【RCP】【02P03Dec16】,【第3類医薬品】【湧永製薬】キヨーレオピンw 60ml&times;４本入&times;５箱セット 【RCP】【02P03Dec16】[rn]
28-87599,http://tshop.r10s.jp/medistock/cabinet/vitamin/mc_calusium.jpg?fitin=700:700,2825.6000,,,【第3類医薬品】★送料無料サービス商品【ゼリア新薬】MCカルシウム 240錠【RCP】【10P03Dec16】,,"<center>
<table bgcolor=""#cc0000"" width=""750"" border=""0"" cellpadding=""0"" cellspacing=""2""><tr><td>
<table bgcolor=""#ffffcc"" width=""100%"" border=""0"" cellpadding=""5"" cellspacing=""0"" style=""font-size:14px;line-height:1.2;""><tr><td>
<font color=""#333333"">
<div align=""center""><font color=""#ff0000"" size=6><b>【お客様へ】本商品は医薬品です。</b></font></div>
<font color=""#660000"" size=4><b>商品名に付記されてございます<a href=""http://item.rakuten.co.jp/medistock/c/0000003301/"">【リスク分類】</a>をよくご確認の上、ご購入下さい。
また、医薬品は使用上の注意をよく読んだ上で、それに従い適切に使用して下さい。</b></font>
<hr>
<font color=""#cc0000""><b>
※医薬品のご購入について(1)：医薬品をご購入できるのは“18歳以上の楽天会員さま”のみとなっております。<br>
※医薬品のご購入について(2)：医薬品ごとに購入数の制限を設けております。
</b></font>
<hr>
<font color=""#003366""><b>【医薬品による健康被害の救済に関する制度】</b></font>医薬品副作用被害救済制度に基づき、独立行政法人 医薬品医療機器総合機構（救済制度窓口 0120-149-931）へご相談ください。<br>
<hr>
<font color=""#003366""><b>【広告文責 株式会社メディスンプラス】</b></font>フリーダイヤル：０１２０－２０５－９０４（※土日・祝祭日は休業）<br>管理薬剤師：稗圃賢輔（薬剤師免許証 第124203号 長崎県） ※相談応需可能時間：営業時間内
<hr><font color=""#003366""><b>【お客様へ】</b></font>お薬に関するご相談がございましたら、<a href=""http://item.rakuten.co.jp/medistock/c/0000003301/"" target=""_blank""><b>こちら</b></a>へお問い合わせください。
</font>
</td></tr></table></td></tr></table>
</center><table border=0 width=380><tr><td><font style=""font-size:14px;line-height:1.2;"">
<hr color=#ccffcc size=2><font style=""font-size:22px;"">活用しよう「医療費控除制度」！</font><hr color=#ccffcc size=2>
本商品（医薬品）をご購入された金額が、
<font color=""#ff0000"">ご自分と扶養家族の分も含めて年間で「合計１０万円（税込）」を超えた場合</font>
、確定申告をすることにより、所得税が一部還付されたり、翌年の住民税が減額される制度があります。<br>
詳しくは厚生労働省か、最寄りの関係機関へお問い合わせください。
</font></td></tr></table>
<table border=0 width=380><tr><td><font style=""font-size:14px;""><hr color=#ccffcc size=2><font color=#0066ff>◆</font><b>特　長</b><font color=#0066ff>◆</font><hr color=#ccffcc size=2>牡蠣からとりだした医薬品カルシウム剤。<br>１日１回３錠で７００ｍｇの天然カルシウム。さらにカルシウムの吸収を助けるウルソデオキシコール酸と塩酸リジンを配合。<div align=right>・・・滋養強壮保健薬／カルシウム主薬製剤</div><hr color=#ccffcc size=2><font color=#0066ff>◆</font><b>メーカー</b>（※製造国又は原産国：日本）<font color=#0066ff>◆</font><hr color=#ccffcc size=2>ゼリア新薬工業株式会社<br>〒103-8351 東京都中央区日本橋小舟町10-11<br>お客様相談室 ： 03-3661-2080 <br>受付時間 ： 9時から17時50分（土・日・祝日を除く）<hr color=#ccffcc size=2><font color=#0066ff>◆</font><b>効果・効能</b><font color=#0066ff>◆</font><hr color=#ccffcc size=2>・次の場合の骨歯の発育促進：虚弱体質、腺病質<br>・妊娠授乳婦の骨歯の脆弱防止<br>※腺病質とは、貧血などになりやすい虚弱・無力体質を指します。<hr color=#ccffcc size=2><font color=#0066ff>◆</font><b>用法・用量</b><font color=#0066ff>◆</font><hr color=#ccffcc size=2>成人（15才以上） 3錠・・・・・・・1日1回服用。 <br>11才以上　15才未満 2錠 ・・・1日1回服用。<br>5才以上　11才未満 1錠 ・・・・1日1回服用。<br>5才未満 服用しないでください。 <hr color=#ccffcc size=2><font color=#0066ff>◆</font><b>成分・分量</b><font color=#0066ff>◆</font><hr color=#ccffcc size=2>ボレイ末　1840mg、塩酸リジン　120mg、ウルソデオキシコール酸　10mg<hr color=#ccffcc size=2><font color=#0066ff>◆</font><b>保管上の注意</b><font color=#0066ff>◆</font><hr color=#ccffcc size=2>
（1）直射日光の当たらない湿気の少ない涼しい所に密栓して保管してください。<br>
（2）小児の手の届かない所に保管してください。<br>
（3）他の容器に入れ替えないでください。誤用の原因になったり、品質が変わるおそれがあります。<br>
（4）使用期限をすぎた製品は、使用しないでください。 <br>
（5）容器の開封日記入欄に、開封した日付を記入してください。<br>
※その他、医薬品は使用上の注意をよく読んだ上で、それに従い適切に使用して下さい。<br>※ページ内で特に記載が無い場合、使用期限１年以上の商品をお届けしております。</font></td></tr></table><table width=""380"" border=""0"" style=""font-size:14px;line-height:1.2;""><tr><td><hr>※添付文書←<font color=#ff0000><b>詳細の商品情報はこちら</b></font><hr><font color=""#ff0000""><b>【お客様へ】</b></font>お薬に関するご相談がございましたら、<b>こちら</b>へお問い合わせください。</td></tr></table><table border=0 width=380 style=""font-size:12px;line-height:1.2;""><tr><td><font color=#000088><hr>※パッケージデザイン等が予告なく変更される場合もあります。<br>※商品廃番・メーカー欠品など諸事情によりお届けできない場合がございます。<hr></td></tr></table><table border=0 width=380 style=""font-size:12px;line-height:1.2;""><tr><td>商品区分：【第3類医薬品】<br>【広告文責】株式会社メディスンプラス：0120-205-904 ※休業日 土日・祝祭日<br>文責者名：稗圃 賢輔（管理薬剤師）</td></tr></table><!-- ▼左フロートバナー 表示 CSS & TAG セット -->
<link rel=""stylesheet"" href=""http://www.rakuten.ne.jp/gold/medistock/css_flt/fb_l_m.css"" type=""text/css"" />
<!--トップバナー-->
<div id=""flt_l1""></div>
<!--Ｗオマケ-->
<div id=""flt_l2""></div>
<!--セサミン-->
<div id=""flt_l3""></div>
<!--ワゴンセール-->
<div id=""flt_l4""></div>
<!--送料無料-->
<div id=""flt_l5""></div>
<!-- MPリンク -->
<div id=""flt_l6""></div>
<!-- none -->
<div id=""flt_l7""></div>
<!-- ▲左フロートバナー 表示 CSS & TAG セット -->

<!-- ▼右フロートバナー 表示 CSS & TAG セット -->
<link rel=""stylesheet"" href=""http://www.rakuten.ne.jp/gold/medistock/css_flt/fb_r_m.css"" type=""text/css"" />
<!--プレ EXP-->
<div id=""flt_r1""></div>
<!--プレ レバ-->
<div id=""flt_r2""></div>
<!--花粉特集-->
<div id=""flt_r3""></div>
<!--なし-->
<div id=""flt_r4""></div>
<!--なし-->
<div id=""flt_r5""></div>
<!--ビタ ワゴン-->
<!--ゴールドA-->
<div id=""flt_r6""></div>
<!--なし-->
<div id=""flt_r7""></div>
<!-- ▲右フロートバナー 表示 CSS & TAG セット -->


<!-- ▼スライド -->
<center>
<div style=""width:710px; border:1px solid #52aef0; padding:5px; margin-bottom:5px;"">

</div>
</center>
<!-- ▲スライド -->

<!--▼項目選択-->

<br>
<!--▲項目選択-->


<!--▼右端縦表示-->
<style type=""text/css"">
<!--
/*
body {
background-image:url(http://image.rakuten.co.jp/medistock/cabinet/medistock/tate1508md.gif);
background-repeat:repeat-y;
background-position: right top;
}
*/
-->
</style>



<table width=""730"" border=""0""><tr><td align=""center"">

	<div><img src=""http://image.rakuten.co.jp/medistock/cabinet/hd/sp.gif"" height=""20""></div>




	<div><img src=""http://image.rakuten.co.jp/medistock/cabinet/banner/170520m.gif"" width=""468"" alt=""エントリー"" border=""0""></div>
	<div><img src=""http://image.rakuten.co.jp/medistock/cabinet/hd/sp.gif"" height=""5""></div>


	<div><img src=""http://image.rakuten.co.jp/medistock/cabinet/banner/1704win.jpg"" width=""468"" alt=""エントリー"" border=""0""></div>
	<div><img src=""http://image.rakuten.co.jp/medistock/cabinet/hd/sp.gif"" height=""5""></div>




	<div><img src=""http://image.rakuten.co.jp/medistock/cabinet/banner/160801ls.gif"" width=""468"" alt=""エントリー"" border=""0""></div>
	<div><img src=""http://image.rakuten.co.jp/medistock/cabinet/hd/sp.gif"" height=""5""></div>



	<div><img src=""http://image.rakuten.co.jp/medistock/cabinet/banner/160118pt7.jpg"" width=""468"" alt=""エントリー"" border=""0""></div>
	<div><img src=""http://image.rakuten.co.jp/medistock/cabinet/hd/sp.gif"" height=""5""></div>


	<div><img src=""http://image.rakuten.co.jp/medistock/cabinet/banner/160801nua.jpg"" width=""468"" alt=""エントリー"" border=""0""></div>
	<div><img src=""http://image.rakuten.co.jp/medistock/cabinet/hd/sp.gif"" height=""5""></div>


	<div><img src=""http://image.rakuten.co.jp/medistock/cabinet/banner/160506rgw.jpg"" width=""468"" alt=""エントリー"" border=""0""></div>
	<div><img src=""http://image.rakuten.co.jp/medistock/cabinet/hd/sp.gif"" height=""5""></div>



	<div><img src=""http://image.rakuten.co.jp/medistock/cabinet/banner/161201tb05p.jpg"" width=""468"" alt=""ツールバーPt2"" border=""0""></div>
	<div><img src=""http://image.rakuten.co.jp/medistock/cabinet/hd/sp.gif"" height=""5""></div>



	<div><img src=""http://image.rakuten.co.jp/medistock/cabinet/banner/160601tb10.jpg"" width=""468"" alt=""初ツールバー"" border=""0""></div>
	<div><img src=""http://image.rakuten.co.jp/medistock/cabinet/hd/sp.gif"" height=""5""></div>





	<div><img src=""http://image.rakuten.co.jp/medistock/cabinet/banner/151101app.jpg"" width=""468"" alt=""エントリー"" border=""0""></div>
	<div><img src=""http://image.rakuten.co.jp/medistock/cabinet/hd/sp.gif"" height=""5""></div>


<div><img src=""http://image.rakuten.co.jp/medistock/cabinet/p_img/bn_ato.gif"" width=""468"" alt=""ＮＰ後払い"" border=""0""></div>
<div><img src=""http://image.rakuten.co.jp/medistock/cabinet/hd/sp.gif"" height=""5""></div>

<Br>

</td></tr></table>",【第3類医薬品】★送料無料サービス商品【ゼリア新薬】MCカルシウム 240錠【RCP】【10P03Dec16】：メディストック,美容健康メディスンプラスメディストック健康食品サプリメントペット用品化粧品ドッグフードキャットフード日用品食料品香水医薬品【第3類医薬品】★送料無料サービス商品【ゼリア新薬】MCカルシウム 240錠【RCP】【10P03Dec16】,【第3類医薬品】★送料無料サービス商品【ゼリア新薬】MCカルシウム 240錠【RCP】【10P03Dec16】[rn]
28-87600,http://tshop.r10s.jp/medistock/cabinet/a/0807160052.jpg?fitin=700:700,3154.4000,,,【第3類医薬品】【第一三共ヘルスケア】ノイビタコンドロ錠　210錠※お取り寄せになる場合もございます【RCP】【10P03Dec16】,,"<center>
<table bgcolor=""#cc0000"" width=""750"" border=""0"" cellpadding=""0"" cellspacing=""2""><tr><td>
<table bgcolor=""#ffffcc"" width=""100%"" border=""0"" cellpadding=""5"" cellspacing=""0"" style=""font-size:14px;line-height:1.2;""><tr><td>
<font color=""#333333"">
<div align=""center""><font color=""#ff0000"" size=6><b>【お客様へ】本商品は医薬品です。</b></font></div>
<font color=""#660000"" size=4><b>商品名に付記されてございます<a href=""http://item.rakuten.co.jp/medistock/c/0000003301/"">【リスク分類】</a>をよくご確認の上、ご購入下さい。
また、医薬品は使用上の注意をよく読んだ上で、それに従い適切に使用して下さい。</b></font>
<hr>
<font color=""#cc0000""><b>
※医薬品のご購入について(1)：医薬品をご購入できるのは“18歳以上の楽天会員さま”のみとなっております。<br>
※医薬品のご購入について(2)：医薬品ごとに購入数の制限を設けております。
</b></font>
<hr>
<font color=""#003366""><b>【医薬品による健康被害の救済に関する制度】</b></font>医薬品副作用被害救済制度に基づき、独立行政法人 医薬品医療機器総合機構（救済制度窓口 0120-149-931）へご相談ください。<br>
<hr>
<font color=""#003366""><b>【広告文責 株式会社メディスンプラス】</b></font>フリーダイヤル：０１２０－２０５－９０４（※土日・祝祭日は休業）<br>管理薬剤師：稗圃賢輔（薬剤師免許証 第124203号 長崎県） ※相談応需可能時間：営業時間内
<hr><font color=""#003366""><b>【お客様へ】</b></font>お薬に関するご相談がございましたら、<a href=""http://item.rakuten.co.jp/medistock/c/0000003301/"" target=""_blank""><b>こちら</b></a>へお問い合わせください。
</font>
</td></tr></table></td></tr></table>
</center><table border=0 width=380><tr><td><font style=""font-size:14px;line-height:1.2;"">
<hr color=#ccffcc size=2><font style=""font-size:22px;"">活用しよう「医療費控除制度」！</font><hr color=#ccffcc size=2>
本商品（医薬品）をご購入された金額が、
<font color=""#ff0000"">ご自分と扶養家族の分も含めて年間で「合計１０万円（税込）」を超えた場合</font>
、確定申告をすることにより、所得税が一部還付されたり、翌年の住民税が減額される制度があります。<br>
詳しくは厚生労働省か、最寄りの関係機関へお問い合わせください。
</font></td></tr></table>
<table border=0 width=380><tr><td><font style=""font-size:14px;""><hr color=#ccffcc size=2><font color=#0066ff>◆</font><b>メーカー</b>（※製造国又は原産国：日本）<font color=#0066ff>◆</font><hr color=#ccffcc size=2>第一三共ヘルスケア株式会社<br>〒103-8234 東京都中央区日本橋三丁目14番10号<br>お客様相談室 ： 0120-337-336（フリーダイヤル）<br>受付時間 ： 9時から17時（土・日・祝日、休業日を除く）<hr color=#ccffcc size=2><font color=#0066ff>◆</font><b>特徴</b><font color=#0066ff>◆</font><hr color=#ccffcc size=2>「ノイビタコンドロ錠 210錠」は、関節痛、腰痛、神経痛の緩和に優れた効果を発揮する処方。<br>コンドロイチン硫酸ナトリウムを900mg(1日量：6錠中)配合し、軟骨の弾力性や保水性を高めるとともに、軟骨成分の合成を促進し、関節を健康に保ちます。<br>ビタミンB1、B6、B12配合、3つのビタミンB群が協力しあって、神経の修復、機能維持等の働きします。<br>天然型ビタミンE配合により、過酸化脂質の生成を抑え、血流を改善。<br>そのほか、塩酸グルコサミン(緩衝剤)なども配合。<br>飲み忘れが少ない、1日2回服用型。<br>適切な用法・用量が守られることで、正しい効果が実感できます。<br>また、昼間お薬を持ち歩く煩わしさもありません。<hr color=#ccffcc size=2><font color=#0066ff>◆</font><b>効果・効能</b><font color=#0066ff>◆</font><hr color=#ccffcc size=2>1、次の諸症状の緩和：関節痛・筋肉痛(腰痛、肩こり、五十肩など)、神経痛、手足のしびれ、眼精疲労、便秘<br>2、次の場合のビタミンB1の補給：肉体疲労時、妊娠・授乳期、病中病後の体力低下時<br>3、脚気<hr color=#ccffcc size=2><font color=#0066ff>◆</font><b>用法・用量</b><font color=#0066ff>◆</font><hr color=#ccffcc size=2>次の量を、水またはお湯で服用してください。<br>15歳以上 ：1回3錠、 1日2回(朝夕)<br>15歳未満： 服用しないこと<hr color=#ccffcc size=2><font color=#0066ff>◆</font><b>成分・分量</b><font color=#0066ff>◆</font><hr color=#ccffcc size=2>6錠(1日量)中<br>ベンフォチアミン(ビタミンB1誘導体)： 138.3mg(塩酸チアミンとして100mg)<br>塩酸ピリドキシン(ビタミンB6)： 20mg,<br>シアノコバラミン(ビタミンB12) ：60μg<br>コハク酸d-α-トコフェロール(天然型ビタミンE)： 50mg<br>コンドロイチン硫酸ナトリウム： 900mg<br>添加物：塩酸グルコサミン、セルロース、クロスCMC-ナトリウム、ポリビニルアルコール(部分けん化物)、ステアリン酸マグネシウム、酸化チタン、タルク、大豆レシチン、カルナウバロウ</font></td></tr></table><table border=0 width=380><tr><td style=""font-size:12px;""><font color=#000088>※この商品はお取り寄せ商品です。ご注文されてから発送されるまで約10営業日(土日・祝を除く)いただきます。<br>
なお、商品によりましては、予定が大幅に遅れることもございますので、何卒あらかじめご了承お願いいたします。</font></td></tr><tr><td style=""font-size:12px;""><font color=#000088></font></td></tr></table>  </font></td></tr></table><table border=0 width=380><tr><td><font color=""#000088"" style=""font-size:14px;"">※在庫状況によって、【ゼファーマ】の旧パッケージが届く場合がございますが、品質等には問題ございません。<hr color=#ccffcc size=2><font color=#0066ff>◆</font><b>保管上の注意</b><font color=#0066ff>◆</font><hr color=#ccffcc size=2>
（1）直射日光の当たらない湿気の少ない涼しい所に密栓して保管してください。<br>
（2）小児の手の届かない所に保管してください。<br>
（3）他の容器に入れ替えないでください。誤用の原因になったり、品質が変わるおそれがあります。<br>
（4）使用期限をすぎた製品は、使用しないでください。 <br>
（5）容器の開封日記入欄に、開封した日付を記入してください。<br>
※その他、医薬品は使用上の注意をよく読んだ上で、それに従い適切に使用して下さい。<br>※ページ内で特に記載が無い場合、使用期限１年以上の商品をお届けしております。</font></td></tr></table><table width=""380"" border=""0"" style=""font-size:14px;line-height:1.2;""><tr><td><hr>※添付文書←<font color=#ff0000><b>詳細の商品情報はこちら</b></font><hr><font color=""#ff0000""><b>【お客様へ】</b></font>お薬に関するご相談がございましたら、<b>こちら</b>へお問い合わせください。</td></tr></table><table border=0 width=380 style=""font-size:12px;line-height:1.2;""><tr><td>商品区分：【第3類医薬品】<br>【広告文責】株式会社メディスンプラス：0120-205-904 ※休業日 土日・祝祭日<br>文責者名：稗圃 賢輔（管理薬剤師）</td></tr></table><!-- ▼左フロートバナー 表示 CSS & TAG セット -->
<link rel=""stylesheet"" href=""http://www.rakuten.ne.jp/gold/medistock/css_flt/fb_l_m.css"" type=""text/css"" />
<!--トップバナー-->
<div id=""flt_l1""></div>
<!--Ｗオマケ-->
<div id=""flt_l2""></div>
<!--セサミン-->
<div id=""flt_l3""></div>
<!--ワゴンセール-->
<div id=""flt_l4""></div>
<!--送料無料-->
<div id=""flt_l5""></div>
<!-- MPリンク -->
<div id=""flt_l6""></div>
<!-- none -->
<div id=""flt_l7""></div>
<!-- ▲左フロートバナー 表示 CSS & TAG セット -->

<!-- ▼右フロートバナー 表示 CSS & TAG セット -->
<link rel=""stylesheet"" href=""http://www.rakuten.ne.jp/gold/medistock/css_flt/fb_r_m.css"" type=""text/css"" />
<!--プレ EXP-->
<div id=""flt_r1""></div>
<!--プレ レバ-->
<div id=""flt_r2""></div>
<!--花粉特集-->
<div id=""flt_r3""></div>
<!--なし-->
<div id=""flt_r4""></div>
<!--なし-->
<div id=""flt_r5""></div>
<!--ビタ ワゴン-->
<!--ゴールドA-->
<div id=""flt_r6""></div>
<!--なし-->
<div id=""flt_r7""></div>
<!-- ▲右フロートバナー 表示 CSS & TAG セット -->


<!-- ▼スライド -->
<center>
<div style=""width:710px; border:1px solid #52aef0; padding:5px; margin-bottom:5px;"">

</div>
</center>
<!-- ▲スライド -->

<!--▼項目選択-->

<br>
<!--▲項目選択-->


<!--▼右端縦表示-->
<style type=""text/css"">
<!--
/*
body {
background-image:url(http://image.rakuten.co.jp/medistock/cabinet/medistock/tate1508md.gif);
background-repeat:repeat-y;
background-position: right top;
}
*/
-->
</style>



<table width=""730"" border=""0""><tr><td align=""center"">

	<div><img src=""http://image.rakuten.co.jp/medistock/cabinet/hd/sp.gif"" height=""20""></div>




	<div><img src=""http://image.rakuten.co.jp/medistock/cabinet/banner/170520m.gif"" width=""468"" alt=""エントリー"" border=""0""></div>
	<div><img src=""http://image.rakuten.co.jp/medistock/cabinet/hd/sp.gif"" height=""5""></div>


	<div><img src=""http://image.rakuten.co.jp/medistock/cabinet/banner/1704win.jpg"" width=""468"" alt=""エントリー"" border=""0""></div>
	<div><img src=""http://image.rakuten.co.jp/medistock/cabinet/hd/sp.gif"" height=""5""></div>




	<div><img src=""http://image.rakuten.co.jp/medistock/cabinet/banner/160801ls.gif"" width=""468"" alt=""エントリー"" border=""0""></div>
	<div><img src=""http://image.rakuten.co.jp/medistock/cabinet/hd/sp.gif"" height=""5""></div>



	<div><img src=""http://image.rakuten.co.jp/medistock/cabinet/banner/160118pt7.jpg"" width=""468"" alt=""エントリー"" border=""0""></div>
	<div><img src=""http://image.rakuten.co.jp/medistock/cabinet/hd/sp.gif"" height=""5""></div>


	<div><img src=""http://image.rakuten.co.jp/medistock/cabinet/banner/160801nua.jpg"" width=""468"" alt=""エントリー"" border=""0""></div>
	<div><img src=""http://image.rakuten.co.jp/medistock/cabinet/hd/sp.gif"" height=""5""></div>


	<div><img src=""http://image.rakuten.co.jp/medistock/cabinet/banner/160506rgw.jpg"" width=""468"" alt=""エントリー"" border=""0""></div>
	<div><img src=""http://image.rakuten.co.jp/medistock/cabinet/hd/sp.gif"" height=""5""></div>



	<div><img src=""http://image.rakuten.co.jp/medistock/cabinet/banner/161201tb05p.jpg"" width=""468"" alt=""ツールバーPt2"" border=""0""></div>
	<div><img src=""http://image.rakuten.co.jp/medistock/cabinet/hd/sp.gif"" height=""5""></div>



	<div><img src=""http://image.rakuten.co.jp/medistock/cabinet/banner/160601tb10.jpg"" width=""468"" alt=""初ツールバー"" border=""0""></div>
	<div><img src=""http://image.rakuten.co.jp/medistock/cabinet/hd/sp.gif"" height=""5""></div>





	<div><img src=""http://image.rakuten.co.jp/medistock/cabinet/banner/151101app.jpg"" width=""468"" alt=""エントリー"" border=""0""></div>
	<div><img src=""http://image.rakuten.co.jp/medistock/cabinet/hd/sp.gif"" height=""5""></div>


<div><img src=""http://image.rakuten.co.jp/medistock/cabinet/p_img/bn_ato.gif"" width=""468"" alt=""ＮＰ後払い"" border=""0""></div>
<div><img src=""http://image.rakuten.co.jp/medistock/cabinet/hd/sp.gif"" height=""5""></div>

<Br>

</td></tr></table>",【第3類医薬品】【第一三共ヘルスケア】ノイビタコンドロ錠　210錠※お取り寄せになる場合もございます【RCP】【10P03Dec16】：メディストック,美容健康メディスンプラスメディストック健康食品サプリメントペット用品化粧品ドッグフードキャットフード日用品食料品香水医薬品【第3類医薬品】【第一三共ヘルスケア】ノイビタコンドロ錠　210錠※お取り寄せになる場合もございます【RCP】【10P03Dec16】,【第3類医薬品】【第一三共ヘルスケア】ノイビタコンドロ錠　210錠※お取り寄せになる場合もございます【RCP】【10P03Dec16】[rn]
28-87601,http://tshop.r10s.jp/anshin-relief/cabinet/iyakuhin/4968250276315.jpg?fitin=700:700,10437.6000,,,【第3類医薬品】【湧永製薬】レオピンファイブw　60ml×４本入※お取り寄せになる場合もございます【RCP】【02P03Dec16】,,"<center>
<table bgcolor=""#cc0000"" width=""750"" border=""0"" cellpadding=""0"" cellspacing=""2""><tr><td>
<table bgcolor=""#ffffcc"" width=""100%"" border=""0"" cellpadding=""5"" cellspacing=""0"" style=""font-size:14px;line-height:1.2;""><tr><td>
<font color=""#333333"">
<div align=""center""><font color=""#ff0000"" size=6><b>【お客様へ】本商品は医薬品です。</b></font></div>
<font color=""#660000"" size=4><b>商品名に付記されてございます<a href=""http://item.rakuten.co.jp/anshin-relief/c/0000000111/"">【リスク分類】</a>をよくご確認の上、ご購入下さい。
また、医薬品は使用上の注意をよく読んだ上で、それに従い適切に使用して下さい。</b></font>
<hr>
<font color=""#cc0000""><b>
※医薬品のご購入について(1)：医薬品をご購入できるのは“18歳以上の楽天会員さま”のみとなっております。<br>
※医薬品のご購入について(2)：医薬品ごとに購入数の制限を設けております。
</b></font>
<hr>
<font color=""#003366""><b>【医薬品による健康被害の救済に関する制度】</b></font>医薬品副作用被害救済制度に基づき、独立行政法人 医薬品医療機器総合機構（救済制度窓口 0120-149-931）へご相談ください。<br>
<hr>
<font color=""#003366""><b>【広告文責 株式会社メディスンプラス】</b></font>フリーダイヤル：０１２０－２０５－９０４（※土日・祝祭日は休業）<br>管理薬剤師：稗圃賢輔（薬剤師免許証 第124203号 長崎県） ※相談応需可能時間：営業時間内
<hr><font color=""#ff0000""><b>【お客様へ】</b></font>お薬に関するご相談がございましたら、<a href=""http://item.rakuten.co.jp/anshin-relief/c/0000000110/"" target=""_blank""><b>こちら</b></a>へお問い合わせください。
</font>
</td></tr></table></td></tr></table>
</center>

<!--info_txt--><table border=0 width=380><tr><td><font style=""font-size:14px;line-height:1.2;"">
<hr color=#ccffcc size=2><font style=""font-size:22px;"">活用しよう「医療費控除制度」！</font><hr color=#ccffcc size=2>
本商品（医薬品）をご購入された金額が、
<font color=""#ff0000"">ご自分と扶養家族の分も含めて年間で「合計１０万円（税込）」を超えた場合</font>
、確定申告をすることにより、所得税が一部還付されたり、翌年の住民税が減額される制度があります。<br>
詳しくは厚生労働省か、最寄りの関係機関へお問い合わせください。
</font></td></tr></table>
<table border=0 width=380><tr><td><font style=""font-size:14px;line-height:1.2;"">
<hr color=#ccffcc size=2><font color=#0066ff>◆</font><b>特　長</b><font color=#0066ff>◆</font><hr color=#ccffcc size=2>
レオピンファイブｗは、ニンニクを長期間かけ抽出・熟成し、濃縮して得られた濃縮熟成ニンニク抽出液に、ニンジンエキス、ゴオウチンキ及びビタミンB6を配合した滋養強壮剤です。<br>
ニンニク特有の刺激や臭いが軽減されておりますので、のみやすく、また服用後の口臭や体臭はほとんど気になりません。
<hr color=#ccffcc size=2><font color=#0066ff>◆</font><b>メーカー</b>（※製造国又は原産国：日本）<font color=#0066ff>◆</font><hr color=#ccffcc size=2>湧永製薬株式会社<br>〒532-0003 大阪市淀川区宮原四丁目5番36号<br>お客様相談室 ： 0120-39-0971（フリーダイヤル）<br>受付時間 ： 9：00～12：00、13：00～17：00（土・日・祝日を除く）<hr color=#ccffcc size=2><font color=#0066ff>◆</font><b>効果・効能</b><font color=#0066ff>◆</font><hr color=#ccffcc size=2>
滋養強壮、虚弱体質、肉体疲労・病後の体力低下・胃腸障害・栄養障害・発熱性消耗性疾患・妊娠授乳期などの場合の栄養補給
<hr color=#ccffcc size=2><font color=#0066ff>◆</font><b>用法・用量</b><font color=#0066ff>◆</font><hr color=#ccffcc size=2>
大人１回１ml、１日２回服用して下さい。<br>
服用しにくい場合は添付のカプセルに入れて服用して下さい(なお、添付のスポイドは1回量を量り取るために使用し、のまないで下さい)。
<hr color=#ccffcc size=2><font color=#0066ff>◆</font><b>成分・分量</b><font color=#0066ff>◆</font><hr color=#ccffcc size=2>
【2mL中】濃縮熟成ニンニク抽出液 1.6mL、ニンジンエキス 200mg、ゴオウチンキ 0.025mL、ビタミンＢ6 20mg<br>
※添加物：Ｄ－ソルビトール、炭酸水素Ｎａ、香料、カラメル、ｐＨ調整剤<br>
※添付のカプセル本体に、ゼラチンを含有します。<br>

<hr color=#ccffcc size=2><font color=#0066ff>◆</font><b>保管上の注意</b><font color=#0066ff>◆</font><hr color=#ccffcc size=2>
（1）直射日光の当たらない湿気の少ない涼しい所に密栓して保管してください。<br>
（2）小児の手の届かない所に保管してください。<br>
（3）他の容器に入れ替えないでください。誤用の原因になったり、品質が変わるおそれがあります。<br>
（4）使用期限をすぎた製品は、使用しないでください。 <br>
（5）容器の開封日記入欄に、開封した日付を記入してください。<br>
※その他、医薬品は使用上の注意をよく読んだ上で、それに従い適切に使用して下さい。<br>※ページ内で特に記載が無い場合、使用期限１年以上の商品をお届けしております。<!--info_txt-->

</font></td></tr></table>
<table width=""350"" border=""0"" style=""font-size:14px;line-height:1.2;""><tr><td><hr><font color=""#ff0000""><b>【お客様へ】</b></font>
お薬に関するご相談がございましたら、<b>こちら</b>へお問い合わせください。</td></tr></table>
<table border=0 width=380><tr><td style=""font-size:12px;""><font color=#000088><hr>【ご注意１】この商品はお取り寄せ商品です。ご注文されてから発送されるまで約10営業日(土日・祝を除く)いただきます。<br>
なお、商品によりましては、予定が大幅に遅れることもございますので、何卒あらかじめご了承お願いいたします。</font></td></tr><tr><td style=""font-size:12px;""><font color=#000088>【ご注意２】お取り寄せ商品以外の商品と一緒にお買い上げの場合は、全ての商品が揃い次第の発送となりますので、ご了承下さい。</font></td></tr></table>
<table border=0 width=380 style=""font-size:12px;line-height:1.2;""><tr><td><font color=#000088><hr>※パッケージデザイン等が予告なく変更される場合もあります。<br>※商品廃番・メーカー欠品など諸事情によりお届けできない場合がございます。<hr></font></td></tr></table>
<table border=0 width=380 style=""font-size:12px;line-height:1.2;""><tr><td>商品区分：【第3類医薬品】<br>【広告文責】株式会社メディスンプラス：0120-205-904 ※休業日 土日・祝祭日<br>文責者名：稗圃 賢輔（管理薬剤師）</td></tr></table><!-- ▼左フロートバナー 表示 CSS & TAG セット -->
<link rel=""stylesheet"" href=""http://www.rakuten.ne.jp/gold/medistock/css_flt/fb_l_r.css"" type=""text/css"" />
<div id=""flt_l1""></div>
<!--Ｗオマケ-->
<div id=""flt_l2""></div>
<!--還元 Q10-->
<div id=""flt_l3""></div>
<!--ワゴンセール-->
<div id=""flt_l4""></div>
<!--送料無料-->
<div id=""flt_l5""></div>
<!-- Mプラ -->
<div id=""flt_l6""></div>
<!-- none -->
<div id=""flt_l7""></div>
<!-- ▲左フロートバナー 表示 CSS & TAG セット -->

<!-- ▼右フロートバナー 表示 CSS & TAG セット -->
<link rel=""stylesheet"" href=""http://www.rakuten.ne.jp/gold/medistock/css_flt/fb_r_m.css"" type=""text/css"" />
<!--プレ EXP-->
<div id=""flt_r1""></div>
<!--プレ レバ-->
<div id=""flt_r2""></div>
<!--花粉特集-->
<div id=""flt_r3""></div>
<!--なし-->
<div id=""flt_r4""></div>
<!--なし-->
<div id=""flt_r5""></div>
<!--ビタ ワゴン-->
<!--ゴールドA-->
<div id=""flt_r6""></div>
<!--なし-->
<div id=""flt_r7""></div>
<!-- ▲右フロートバナー 表示 CSS & TAG セット -->


<!-- ▼スライド -->
<center>
<div style=""width:710px; border:1px solid #fbc; padding:5px; margin-bottom:5px; background:#fff;"">

</div>
</center>
<!-- ▲スライド -->

<!--▼項目選択-->

<br>
<!--▲項目選択-->

<style type=""text/css"">
<!--
/*
body {
background-image:url(http://image.rakuten.co.jp/anshin-relief/cabinet/relief/tate150501rr.gif);
background-repeat:repeat-y;
background-position: right top;
}
*/
-->
</style>


<table width=""730"" border=""0""><tr><td align=""center"">

	<div><img src=""http://image.rakuten.co.jp/medistock/cabinet/hd/sp.gif"" height=""20""></div>



	<div><img src=""http://image.rakuten.co.jp/medistock/cabinet/banner/170520m.gif"" width=""468"" alt=""エントリー"" border=""0""></div>
	<div><img src=""http://image.rakuten.co.jp/medistock/cabinet/hd/sp.gif"" height=""5""></div>




	<div><img src=""http://image.rakuten.co.jp/medistock/cabinet/banner/1704win.jpg"" width=""468"" alt=""エントリー"" border=""0""></div>
	<div><img src=""http://image.rakuten.co.jp/medistock/cabinet/hd/sp.gif"" height=""5""></div>




	<div><img src=""http://image.rakuten.co.jp/medistock/cabinet/banner/160801ls.gif"" width=""468"" alt=""エントリー"" border=""0""></div>
	<div><img src=""http://image.rakuten.co.jp/medistock/cabinet/hd/sp.gif"" height=""5""></div>


	<div><img src=""http://image.rakuten.co.jp/medistock/cabinet/banner/160118pt7.jpg"" width=""468"" alt=""エントリー"" border=""0""></div>
	<div><img src=""http://image.rakuten.co.jp/medistock/cabinet/hd/sp.gif"" height=""5""></div>



	<div><img src=""http://image.rakuten.co.jp/medistock/cabinet/banner/160801nua.jpg"" width=""468"" alt=""エントリー"" border=""0""></div>
	<div><img src=""http://image.rakuten.co.jp/medistock/cabinet/hd/sp.gif"" height=""5""></div>


	<div><img src=""http://image.rakuten.co.jp/medistock/cabinet/banner/160506rgw.jpg"" width=""468"" alt=""エントリー"" border=""0""></div>
	<div><img src=""http://image.rakuten.co.jp/medistock/cabinet/hd/sp.gif"" height=""5""></div>







	<div><img src=""http://image.rakuten.co.jp/medistock/cabinet/banner/161201tb05p.jpg"" width=""468"" alt=""ツールバーPt2"" border=""0""></div>
	<div><img src=""http://image.rakuten.co.jp/medistock/cabinet/hd/sp.gif"" height=""5""></div>



	<div><img src=""http://image.rakuten.co.jp/medistock/cabinet/banner/160601tb10.jpg"" width=""468"" alt=""初ツールバー"" border=""0""></div>
	<div><img src=""http://image.rakuten.co.jp/medistock/cabinet/hd/sp.gif"" height=""5""></div>



	<div><img src=""http://image.rakuten.co.jp/medistock/cabinet/banner/151101app.jpg"" width=""468"" alt=""エントリー"" border=""0""></div>
	<div><img src=""http://image.rakuten.co.jp/medistock/cabinet/hd/sp.gif"" height=""5""></div>






<div><img src=""http://image.rakuten.co.jp/medistock/cabinet/p_img/bn_ato.gif"" width=""468"" alt=""ＮＰ後払い"" border=""0""></div>
<div><img src=""http://image.rakuten.co.jp/medistock/cabinet/hd/sp.gif"" height=""5""></div>


</td></tr></table>",【第3類医薬品】【湧永製薬】レオピンファイブw　60ml&times;４本入※お取り寄せになる場合もございます【RCP】【02P03Dec16】：あんしん通販　リリーフ,【第3類医薬品】【湧永製薬】レオピンファイブw　60ml&times;４本入※お取り寄せになる場合もございます【RCP】【02P03Dec16】,【第3類医薬品】【湧永製薬】レオピンファイブw　60ml&times;４本入※お取り寄せになる場合もございます【RCP】【02P03Dec16】[rn]
28-87602,http://tshop.r10s.jp/medistock/cabinet/vitamin/mc_calusium.jpg?fitin=700:700,2391.2000,,,【第3類医薬品】【ゼリア新薬】MCカルシウム　240錠【RCP】【10P03Dec16】,,"<center>
<table bgcolor=""#cc0000"" width=""750"" border=""0"" cellpadding=""0"" cellspacing=""2""><tr><td>
<table bgcolor=""#ffffcc"" width=""100%"" border=""0"" cellpadding=""5"" cellspacing=""0"" style=""font-size:14px;line-height:1.2;""><tr><td>
<font color=""#333333"">
<div align=""center""><font color=""#ff0000"" size=6><b>【お客様へ】本商品は医薬品です。</b></font></div>
<font color=""#660000"" size=4><b>商品名に付記されてございます<a href=""http://item.rakuten.co.jp/medistock/c/0000003301/"">【リスク分類】</a>をよくご確認の上、ご購入下さい。
また、医薬品は使用上の注意をよく読んだ上で、それに従い適切に使用して下さい。</b></font>
<hr>
<font color=""#cc0000""><b>
※医薬品のご購入について(1)：医薬品をご購入できるのは“18歳以上の楽天会員さま”のみとなっております。<br>
※医薬品のご購入について(2)：医薬品ごとに購入数の制限を設けております。
</b></font>
<hr>
<font color=""#003366""><b>【医薬品による健康被害の救済に関する制度】</b></font>医薬品副作用被害救済制度に基づき、独立行政法人 医薬品医療機器総合機構（救済制度窓口 0120-149-931）へご相談ください。<br>
<hr>
<font color=""#003366""><b>【広告文責 株式会社メディスンプラス】</b></font>フリーダイヤル：０１２０－２０５－９０４（※土日・祝祭日は休業）<br>管理薬剤師：稗圃賢輔（薬剤師免許証 第124203号 長崎県） ※相談応需可能時間：営業時間内
<hr><font color=""#003366""><b>【お客様へ】</b></font>お薬に関するご相談がございましたら、<a href=""http://item.rakuten.co.jp/medistock/c/0000003301/"" target=""_blank""><b>こちら</b></a>へお問い合わせください。
</font>
</td></tr></table></td></tr></table>
</center><table border=0 width=380><tr><td><font style=""font-size:14px;line-height:1.2;"">
<hr color=#ccffcc size=2><font style=""font-size:22px;"">活用しよう「医療費控除制度」！</font><hr color=#ccffcc size=2>
本商品（医薬品）をご購入された金額が、
<font color=""#ff0000"">ご自分と扶養家族の分も含めて年間で「合計１０万円（税込）」を超えた場合</font>
、確定申告をすることにより、所得税が一部還付されたり、翌年の住民税が減額される制度があります。<br>
詳しくは厚生労働省か、最寄りの関係機関へお問い合わせください。
</font></td></tr></table>
<table border=0 width=380><tr><td><font style=""font-size:14px;""><hr color=#ccffcc size=2><font color=#0066ff>◆</font><b>特　長</b><font color=#0066ff>◆</font><hr color=#ccffcc size=2>牡蠣からとりだした医薬品カルシウム剤。<br>１日１回３錠で７００ｍｇの天然カルシウム。さらにカルシウムの吸収を助けるウルソデオキシコール酸と塩酸リジンを配合。<div align=right>・・・滋養強壮保健薬／カルシウム主薬製剤</div><hr color=#ccffcc size=2><font color=#0066ff>◆</font><b>メーカー</b>（※製造国又は原産国：日本）<font color=#0066ff>◆</font><hr color=#ccffcc size=2>ゼリア新薬工業株式会社<br>〒103-8351 東京都中央区日本橋小舟町10-11<br>お客様相談室 ： 03-3661-2080 <br>受付時間 ： 9時から17時50分（土・日・祝日を除く）<hr color=#ccffcc size=2><font color=#0066ff>◆</font><b>効果・効能</b><font color=#0066ff>◆</font><hr color=#ccffcc size=2>・次の場合の骨歯の発育促進：虚弱体質、腺病質<br>・妊娠授乳婦の骨歯の脆弱防止<br>※腺病質とは、貧血などになりやすい虚弱・無力体質を指します。<hr color=#ccffcc size=2><font color=#0066ff>◆</font><b>用法・用量</b><font color=#0066ff>◆</font><hr color=#ccffcc size=2>成人（15才以上） 3錠・・・・・・・1日1回服用。 <br>11才以上　15才未満 2錠 ・・・1日1回服用。<br>5才以上　11才未満 1錠 ・・・・1日1回服用。<br>5才未満 服用しないでください。 <hr color=#ccffcc size=2><font color=#0066ff>◆</font><b>成分・分量</b><font color=#0066ff>◆</font><hr color=#ccffcc size=2>ボレイ末　1840mg、塩酸リジン　120mg、ウルソデオキシコール酸　10mg<hr color=#ccffcc size=2><font color=#0066ff>◆</font><b>保管上の注意</b><font color=#0066ff>◆</font><hr color=#ccffcc size=2>
（1）直射日光の当たらない湿気の少ない涼しい所に密栓して保管してください。<br>
（2）小児の手の届かない所に保管してください。<br>
（3）他の容器に入れ替えないでください。誤用の原因になったり、品質が変わるおそれがあります。<br>
（4）使用期限をすぎた製品は、使用しないでください。 <br>
（5）容器の開封日記入欄に、開封した日付を記入してください。<br>
※その他、医薬品は使用上の注意をよく読んだ上で、それに従い適切に使用して下さい。<br>※ページ内で特に記載が無い場合、使用期限１年以上の商品をお届けしております。</font></td></tr></table><table width=""380"" border=""0"" style=""font-size:14px;line-height:1.2;""><tr><td><hr>※添付文書←<font color=#ff0000><b>詳細の商品情報はこちら</b></font><hr><font color=""#ff0000""><b>【お客様へ】</b></font>お薬に関するご相談がございましたら、<b>こちら</b>へお問い合わせください。</td></tr></table><table border=0 width=380 style=""font-size:12px;line-height:1.2;""><tr><td><font color=#000088><hr>※パッケージデザイン等が予告なく変更される場合もあります。<br>※商品廃番・メーカー欠品など諸事情によりお届けできない場合がございます。<hr></td></tr></table><table border=0 width=380 style=""font-size:12px;line-height:1.2;""><tr><td>商品区分：【第3類医薬品】<br>【広告文責】株式会社メディスンプラス：0120-205-904 ※休業日 土日・祝祭日<br>文責者名：稗圃 賢輔（管理薬剤師）</td></tr></table><!-- ▼左フロートバナー 表示 CSS & TAG セット -->
<link rel=""stylesheet"" href=""http://www.rakuten.ne.jp/gold/medistock/css_flt/fb_l_m.css"" type=""text/css"" />
<!--トップバナー-->
<div id=""flt_l1""></div>
<!--Ｗオマケ-->
<div id=""flt_l2""></div>
<!--セサミン-->
<div id=""flt_l3""></div>
<!--ワゴンセール-->
<div id=""flt_l4""></div>
<!--送料無料-->
<div id=""flt_l5""></div>
<!-- MPリンク -->
<div id=""flt_l6""></div>
<!-- none -->
<div id=""flt_l7""></div>
<!-- ▲左フロートバナー 表示 CSS & TAG セット -->

<!-- ▼右フロートバナー 表示 CSS & TAG セット -->
<link rel=""stylesheet"" href=""http://www.rakuten.ne.jp/gold/medistock/css_flt/fb_r_m.css"" type=""text/css"" />
<!--プレ EXP-->
<div id=""flt_r1""></div>
<!--プレ レバ-->
<div id=""flt_r2""></div>
<!--花粉特集-->
<div id=""flt_r3""></div>
<!--なし-->
<div id=""flt_r4""></div>
<!--なし-->
<div id=""flt_r5""></div>
<!--ビタ ワゴン-->
<!--ゴールドA-->
<div id=""flt_r6""></div>
<!--なし-->
<div id=""flt_r7""></div>
<!-- ▲右フロートバナー 表示 CSS & TAG セット -->


<!-- ▼スライド -->
<center>
<div style=""width:710px; border:1px solid #52aef0; padding:5px; margin-bottom:5px;"">

</div>
</center>
<!-- ▲スライド -->

<!--▼項目選択-->

<br>
<!--▲項目選択-->


<!--▼右端縦表示-->
<style type=""text/css"">
<!--
/*
body {
background-image:url(http://image.rakuten.co.jp/medistock/cabinet/medistock/tate1508md.gif);
background-repeat:repeat-y;
background-position: right top;
}
*/
-->
</style>



<table width=""730"" border=""0""><tr><td align=""center"">

	<div><img src=""http://image.rakuten.co.jp/medistock/cabinet/hd/sp.gif"" height=""20""></div>




	<div><img src=""http://image.rakuten.co.jp/medistock/cabinet/banner/170520m.gif"" width=""468"" alt=""エントリー"" border=""0""></div>
	<div><img src=""http://image.rakuten.co.jp/medistock/cabinet/hd/sp.gif"" height=""5""></div>


	<div><img src=""http://image.rakuten.co.jp/medistock/cabinet/banner/1704win.jpg"" width=""468"" alt=""エントリー"" border=""0""></div>
	<div><img src=""http://image.rakuten.co.jp/medistock/cabinet/hd/sp.gif"" height=""5""></div>




	<div><img src=""http://image.rakuten.co.jp/medistock/cabinet/banner/160801ls.gif"" width=""468"" alt=""エントリー"" border=""0""></div>
	<div><img src=""http://image.rakuten.co.jp/medistock/cabinet/hd/sp.gif"" height=""5""></div>



	<div><img src=""http://image.rakuten.co.jp/medistock/cabinet/banner/160118pt7.jpg"" width=""468"" alt=""エントリー"" border=""0""></div>
	<div><img src=""http://image.rakuten.co.jp/medistock/cabinet/hd/sp.gif"" height=""5""></div>


	<div><img src=""http://image.rakuten.co.jp/medistock/cabinet/banner/160801nua.jpg"" width=""468"" alt=""エントリー"" border=""0""></div>
	<div><img src=""http://image.rakuten.co.jp/medistock/cabinet/hd/sp.gif"" height=""5""></div>


	<div><img src=""http://image.rakuten.co.jp/medistock/cabinet/banner/160506rgw.jpg"" width=""468"" alt=""エントリー"" border=""0""></div>
	<div><img src=""http://image.rakuten.co.jp/medistock/cabinet/hd/sp.gif"" height=""5""></div>



	<div><img src=""http://image.rakuten.co.jp/medistock/cabinet/banner/161201tb05p.jpg"" width=""468"" alt=""ツールバーPt2"" border=""0""></div>
	<div><img src=""http://image.rakuten.co.jp/medistock/cabinet/hd/sp.gif"" height=""5""></div>



	<div><img src=""http://image.rakuten.co.jp/medistock/cabinet/banner/160601tb10.jpg"" width=""468"" alt=""初ツールバー"" border=""0""></div>
	<div><img src=""http://image.rakuten.co.jp/medistock/cabinet/hd/sp.gif"" height=""5""></div>





	<div><img src=""http://image.rakuten.co.jp/medistock/cabinet/banner/151101app.jpg"" width=""468"" alt=""エントリー"" border=""0""></div>
	<div><img src=""http://image.rakuten.co.jp/medistock/cabinet/hd/sp.gif"" height=""5""></div>


<div><img src=""http://image.rakuten.co.jp/medistock/cabinet/p_img/bn_ato.gif"" width=""468"" alt=""ＮＰ後払い"" border=""0""></div>
<div><img src=""http://image.rakuten.co.jp/medistock/cabinet/hd/sp.gif"" height=""5""></div>

<Br>

</td></tr></table>",【第3類医薬品】【ゼリア新薬】MCカルシウム　240錠【RCP】【10P03Dec16】：メディストック,美容健康メディスンプラスメディストック健康食品サプリメントペット用品化粧品ドッグフードキャットフード日用品食料品香水医薬品【第3類医薬品】【ゼリア新薬】MCカルシウム　240錠【RCP】【10P03Dec16】,【第3類医薬品】【ゼリア新薬】MCカルシウム　240錠【RCP】【10P03Dec16】[rn]
28-87603,http://tshop.r10s.jp/anshin-relief/cabinet/iyakuhin/4968250276315x2.jpg?fitin=700:700,20860.0000,,,【第3類医薬品】【湧永製薬】レオピンファイブw　60ml×４本入×２箱セット※お取り寄せになる場合もございます【RCP】【02P03Dec16】,,"<center>
<table bgcolor=""#cc0000"" width=""750"" border=""0"" cellpadding=""0"" cellspacing=""2""><tr><td>
<table bgcolor=""#ffffcc"" width=""100%"" border=""0"" cellpadding=""5"" cellspacing=""0"" style=""font-size:14px;line-height:1.2;""><tr><td>
<font color=""#333333"">
<div align=""center""><font color=""#ff0000"" size=6><b>【お客様へ】本商品は医薬品です。</b></font></div>
<font color=""#660000"" size=4><b>商品名に付記されてございます<a href=""http://item.rakuten.co.jp/anshin-relief/c/0000000111/"">【リスク分類】</a>をよくご確認の上、ご購入下さい。
また、医薬品は使用上の注意をよく読んだ上で、それに従い適切に使用して下さい。</b></font>
<hr>
<font color=""#cc0000""><b>
※医薬品のご購入について(1)：医薬品をご購入できるのは“18歳以上の楽天会員さま”のみとなっております。<br>
※医薬品のご購入について(2)：医薬品ごとに購入数の制限を設けております。
</b></font>
<hr>
<font color=""#003366""><b>【医薬品による健康被害の救済に関する制度】</b></font>医薬品副作用被害救済制度に基づき、独立行政法人 医薬品医療機器総合機構（救済制度窓口 0120-149-931）へご相談ください。<br>
<hr>
<font color=""#003366""><b>【広告文責 株式会社メディスンプラス】</b></font>フリーダイヤル：０１２０－２０５－９０４（※土日・祝祭日は休業）<br>管理薬剤師：稗圃賢輔（薬剤師免許証 第124203号 長崎県） ※相談応需可能時間：営業時間内
<hr><font color=""#ff0000""><b>【お客様へ】</b></font>お薬に関するご相談がございましたら、<a href=""http://item.rakuten.co.jp/anshin-relief/c/0000000110/"" target=""_blank""><b>こちら</b></a>へお問い合わせください。
</font>
</td></tr></table></td></tr></table>
</center>

<!--info_txt--><table border=0 width=380><tr><td><font style=""font-size:14px;line-height:1.2;"">
<hr color=#ccffcc size=2><font style=""font-size:22px;"">活用しよう「医療費控除制度」！</font><hr color=#ccffcc size=2>
本商品（医薬品）をご購入された金額が、
<font color=""#ff0000"">ご自分と扶養家族の分も含めて年間で「合計１０万円（税込）」を超えた場合</font>
、確定申告をすることにより、所得税が一部還付されたり、翌年の住民税が減額される制度があります。<br>
詳しくは厚生労働省か、最寄りの関係機関へお問い合わせください。
</font></td></tr></table>
<table border=0 width=380><tr><td><font style=""font-size:14px;line-height:1.2;"">
<hr color=#ccffcc size=2><font color=#0066ff>◆</font><b>特　長</b><font color=#0066ff>◆</font><hr color=#ccffcc size=2>
レオピンファイブｗは、ニンニクを長期間かけ抽出・熟成し、濃縮して得られた濃縮熟成ニンニク抽出液に、ニンジンエキス、ゴオウチンキ及びビタミンB6を配合した滋養強壮剤です。<br>
ニンニク特有の刺激や臭いが軽減されておりますので、のみやすく、また服用後の口臭や体臭はほとんど気になりません。
<hr color=#ccffcc size=2><font color=#0066ff>◆</font><b>メーカー</b>（※製造国又は原産国：日本）<font color=#0066ff>◆</font><hr color=#ccffcc size=2>湧永製薬株式会社<br>〒532-0003 大阪市淀川区宮原四丁目5番36号<br>お客様相談室 ： 0120-39-0971（フリーダイヤル）<br>受付時間 ： 9：00～12：00、13：00～17：00（土・日・祝日を除く）<hr color=#ccffcc size=2><font color=#0066ff>◆</font><b>効果・効能</b><font color=#0066ff>◆</font><hr color=#ccffcc size=2>
滋養強壮、虚弱体質、肉体疲労・病後の体力低下・胃腸障害・栄養障害・発熱性消耗性疾患・妊娠授乳期などの場合の栄養補給
<hr color=#ccffcc size=2><font color=#0066ff>◆</font><b>用法・用量</b><font color=#0066ff>◆</font><hr color=#ccffcc size=2>
大人１回１ml、１日２回服用して下さい。<br>
服用しにくい場合は添付のカプセルに入れて服用して下さい(なお、添付のスポイドは1回量を量り取るために使用し、のまないで下さい)。
<hr color=#ccffcc size=2><font color=#0066ff>◆</font><b>成分・分量</b><font color=#0066ff>◆</font><hr color=#ccffcc size=2>
【2mL中】濃縮熟成ニンニク抽出液 1.6mL、ニンジンエキス 200mg、ゴオウチンキ 0.025mL、ビタミンＢ6 20mg<br>
※添加物：Ｄ－ソルビトール、炭酸水素Ｎａ、香料、カラメル、ｐＨ調整剤<br>
※添付のカプセル本体に、ゼラチンを含有します。<br>

<hr color=#ccffcc size=2><font color=#0066ff>◆</font><b>保管上の注意</b><font color=#0066ff>◆</font><hr color=#ccffcc size=2>
（1）直射日光の当たらない湿気の少ない涼しい所に密栓して保管してください。<br>
（2）小児の手の届かない所に保管してください。<br>
（3）他の容器に入れ替えないでください。誤用の原因になったり、品質が変わるおそれがあります。<br>
（4）使用期限をすぎた製品は、使用しないでください。 <br>
（5）容器の開封日記入欄に、開封した日付を記入してください。<br>
※その他、医薬品は使用上の注意をよく読んだ上で、それに従い適切に使用して下さい。<br>※ページ内で特に記載が無い場合、使用期限１年以上の商品をお届けしております。<!--info_txt-->

</font></td></tr></table>
<table width=""350"" border=""0"" style=""font-size:14px;line-height:1.2;""><tr><td><hr><font color=""#ff0000""><b>【お客様へ】</b></font>
お薬に関するご相談がございましたら、<b>こちら</b>へお問い合わせください。</td></tr></table>
<table border=0 width=380><tr><td style=""font-size:12px;""><font color=#000088><hr>【ご注意１】この商品はお取り寄せ商品です。ご注文されてから発送されるまで約10営業日(土日・祝を除く)いただきます。<br>
なお、商品によりましては、予定が大幅に遅れることもございますので、何卒あらかじめご了承お願いいたします。</font></td></tr><tr><td style=""font-size:12px;""><font color=#000088>【ご注意２】お取り寄せ商品以外の商品と一緒にお買い上げの場合は、全ての商品が揃い次第の発送となりますので、ご了承下さい。</font></td></tr></table>
<table border=0 width=380 style=""font-size:12px;line-height:1.2;""><tr><td><font color=#000088><hr>※パッケージデザイン等が予告なく変更される場合もあります。<br>※商品廃番・メーカー欠品など諸事情によりお届けできない場合がございます。<hr></font></td></tr></table>
<table border=0 width=380 style=""font-size:12px;line-height:1.2;""><tr><td>商品区分：【第3類医薬品】<br>【広告文責】株式会社メディスンプラス：0120-205-904 ※休業日 土日・祝祭日<br>文責者名：稗圃 賢輔（管理薬剤師）</td></tr></table><!-- ▼左フロートバナー 表示 CSS & TAG セット -->
<link rel=""stylesheet"" href=""http://www.rakuten.ne.jp/gold/medistock/css_flt/fb_l_r.css"" type=""text/css"" />
<div id=""flt_l1""></div>
<!--Ｗオマケ-->
<div id=""flt_l2""></div>
<!--還元 Q10-->
<div id=""flt_l3""></div>
<!--ワゴンセール-->
<div id=""flt_l4""></div>
<!--送料無料-->
<div id=""flt_l5""></div>
<!-- Mプラ -->
<div id=""flt_l6""></div>
<!-- none -->
<div id=""flt_l7""></div>
<!-- ▲左フロートバナー 表示 CSS & TAG セット -->

<!-- ▼右フロートバナー 表示 CSS & TAG セット -->
<link rel=""stylesheet"" href=""http://www.rakuten.ne.jp/gold/medistock/css_flt/fb_r_m.css"" type=""text/css"" />
<!--プレ EXP-->
<div id=""flt_r1""></div>
<!--プレ レバ-->
<div id=""flt_r2""></div>
<!--花粉特集-->
<div id=""flt_r3""></div>
<!--なし-->
<div id=""flt_r4""></div>
<!--なし-->
<div id=""flt_r5""></div>
<!--ビタ ワゴン-->
<!--ゴールドA-->
<div id=""flt_r6""></div>
<!--なし-->
<div id=""flt_r7""></div>
<!-- ▲右フロートバナー 表示 CSS & TAG セット -->


<!-- ▼スライド -->
<center>
<div style=""width:710px; border:1px solid #fbc; padding:5px; margin-bottom:5px; background:#fff;"">

</div>
</center>
<!-- ▲スライド -->

<!--▼項目選択-->

<br>
<!--▲項目選択-->

<style type=""text/css"">
<!--
/*
body {
background-image:url(http://image.rakuten.co.jp/anshin-relief/cabinet/relief/tate150501rr.gif);
background-repeat:repeat-y;
background-position: right top;
}
*/
-->
</style>


<table width=""730"" border=""0""><tr><td align=""center"">

	<div><img src=""http://image.rakuten.co.jp/medistock/cabinet/hd/sp.gif"" height=""20""></div>



	<div><img src=""http://image.rakuten.co.jp/medistock/cabinet/banner/170520m.gif"" width=""468"" alt=""エントリー"" border=""0""></div>
	<div><img src=""http://image.rakuten.co.jp/medistock/cabinet/hd/sp.gif"" height=""5""></div>




	<div><img src=""http://image.rakuten.co.jp/medistock/cabinet/banner/1704win.jpg"" width=""468"" alt=""エントリー"" border=""0""></div>
	<div><img src=""http://image.rakuten.co.jp/medistock/cabinet/hd/sp.gif"" height=""5""></div>




	<div><img src=""http://image.rakuten.co.jp/medistock/cabinet/banner/160801ls.gif"" width=""468"" alt=""エントリー"" border=""0""></div>
	<div><img src=""http://image.rakuten.co.jp/medistock/cabinet/hd/sp.gif"" height=""5""></div>


	<div><img src=""http://image.rakuten.co.jp/medistock/cabinet/banner/160118pt7.jpg"" width=""468"" alt=""エントリー"" border=""0""></div>
	<div><img src=""http://image.rakuten.co.jp/medistock/cabinet/hd/sp.gif"" height=""5""></div>



	<div><img src=""http://image.rakuten.co.jp/medistock/cabinet/banner/160801nua.jpg"" width=""468"" alt=""エントリー"" border=""0""></div>
	<div><img src=""http://image.rakuten.co.jp/medistock/cabinet/hd/sp.gif"" height=""5""></div>


	<div><img src=""http://image.rakuten.co.jp/medistock/cabinet/banner/160506rgw.jpg"" width=""468"" alt=""エントリー"" border=""0""></div>
	<div><img src=""http://image.rakuten.co.jp/medistock/cabinet/hd/sp.gif"" height=""5""></div>







	<div><img src=""http://image.rakuten.co.jp/medistock/cabinet/banner/161201tb05p.jpg"" width=""468"" alt=""ツールバーPt2"" border=""0""></div>
	<div><img src=""http://image.rakuten.co.jp/medistock/cabinet/hd/sp.gif"" height=""5""></div>



	<div><img src=""http://image.rakuten.co.jp/medistock/cabinet/banner/160601tb10.jpg"" width=""468"" alt=""初ツールバー"" border=""0""></div>
	<div><img src=""http://image.rakuten.co.jp/medistock/cabinet/hd/sp.gif"" height=""5""></div>



	<div><img src=""http://image.rakuten.co.jp/medistock/cabinet/banner/151101app.jpg"" width=""468"" alt=""エントリー"" border=""0""></div>
	<div><img src=""http://image.rakuten.co.jp/medistock/cabinet/hd/sp.gif"" height=""5""></div>






<div><img src=""http://image.rakuten.co.jp/medistock/cabinet/p_img/bn_ato.gif"" width=""468"" alt=""ＮＰ後払い"" border=""0""></div>
<div><img src=""http://image.rakuten.co.jp/medistock/cabinet/hd/sp.gif"" height=""5""></div>


</td></tr></table>",【第3類医薬品】【湧永製薬】レオピンファイブw　60ml&times;４本入&times;２箱セット※お取り寄せになる場合もございます【RCP】【02P03Dec16】：あんしん通販　リリーフ,【第3類医薬品】【湧永製薬】レオピンファイブw　60ml&times;４本入&times;２箱セット※お取り寄せになる場合もございます【RCP】【02P03Dec16】,【第3類医薬品】【湧永製薬】レオピンファイブw　60ml&times;４本入&times;２箱セット※お取り寄せになる場合もございます【RCP】【02P03Dec16】[rn]
28-87604,http://tshop.r10s.jp/medistock/cabinet/vitamin/mc_calusium.jpg?fitin=700:700,4644.8000,,,【第3類医薬品】★送料無料サービス商品【ゼリア新薬】MCカルシウム 500錠【RCP】【10P03Dec16】,,"<center>
<table bgcolor=""#cc0000"" width=""750"" border=""0"" cellpadding=""0"" cellspacing=""2""><tr><td>
<table bgcolor=""#ffffcc"" width=""100%"" border=""0"" cellpadding=""5"" cellspacing=""0"" style=""font-size:14px;line-height:1.2;""><tr><td>
<font color=""#333333"">
<div align=""center""><font color=""#ff0000"" size=6><b>【お客様へ】本商品は医薬品です。</b></font></div>
<font color=""#660000"" size=4><b>商品名に付記されてございます<a href=""http://item.rakuten.co.jp/medistock/c/0000003301/"">【リスク分類】</a>をよくご確認の上、ご購入下さい。
また、医薬品は使用上の注意をよく読んだ上で、それに従い適切に使用して下さい。</b></font>
<hr>
<font color=""#cc0000""><b>
※医薬品のご購入について(1)：医薬品をご購入できるのは“18歳以上の楽天会員さま”のみとなっております。<br>
※医薬品のご購入について(2)：医薬品ごとに購入数の制限を設けております。
</b></font>
<hr>
<font color=""#003366""><b>【医薬品による健康被害の救済に関する制度】</b></font>医薬品副作用被害救済制度に基づき、独立行政法人 医薬品医療機器総合機構（救済制度窓口 0120-149-931）へご相談ください。<br>
<hr>
<font color=""#003366""><b>【広告文責 株式会社メディスンプラス】</b></font>フリーダイヤル：０１２０－２０５－９０４（※土日・祝祭日は休業）<br>管理薬剤師：稗圃賢輔（薬剤師免許証 第124203号 長崎県） ※相談応需可能時間：営業時間内
<hr><font color=""#003366""><b>【お客様へ】</b></font>お薬に関するご相談がございましたら、<a href=""http://item.rakuten.co.jp/medistock/c/0000003301/"" target=""_blank""><b>こちら</b></a>へお問い合わせください。
</font>
</td></tr></table></td></tr></table>
</center><table border=0 width=380><tr><td><font style=""font-size:14px;line-height:1.2;"">
<hr color=#ccffcc size=2><font style=""font-size:22px;"">活用しよう「医療費控除制度」！</font><hr color=#ccffcc size=2>
本商品（医薬品）をご購入された金額が、
<font color=""#ff0000"">ご自分と扶養家族の分も含めて年間で「合計１０万円（税込）」を超えた場合</font>
、確定申告をすることにより、所得税が一部還付されたり、翌年の住民税が減額される制度があります。<br>
詳しくは厚生労働省か、最寄りの関係機関へお問い合わせください。
</font></td></tr></table>
<table border=0 width=380><tr><td><font style=""font-size:14px;""><hr color=#ccffcc size=2><font color=#0066ff>◆</font><b>特　長</b><font color=#0066ff>◆</font><hr color=#ccffcc size=2>牡蠣からとりだした医薬品カルシウム剤。<br>１日１回３錠で７００ｍｇの天然カルシウム。さらにカルシウムの吸収を助けるウルソデオキシコール酸と塩酸リジンを配合。<div align=right>・・・滋養強壮保健薬／カルシウム主薬製剤</div><hr color=#ccffcc size=2><font color=#0066ff>◆</font><b>メーカー</b>（※製造国又は原産国：日本）<font color=#0066ff>◆</font><hr color=#ccffcc size=2>ゼリア新薬工業株式会社<br>〒103-8351 東京都中央区日本橋小舟町10-11<br>お客様相談室 ： 03-3661-2080 <br>受付時間 ： 9時から17時50分（土・日・祝日を除く）<hr color=#ccffcc size=2><font color=#0066ff>◆</font><b>効果・効能</b><font color=#0066ff>◆</font><hr color=#ccffcc size=2>・次の場合の骨歯の発育促進：虚弱体質、腺病質<br>・妊娠授乳婦の骨歯の脆弱防止<br>※腺病質とは、貧血などになりやすい虚弱・無力体質を指します。<hr color=#ccffcc size=2><font color=#0066ff>◆</font><b>用法・用量</b><font color=#0066ff>◆</font><hr color=#ccffcc size=2>成人（15才以上） 3錠・・・・・・・1日1回服用。 <br>11才以上　15才未満 2錠 ・・・1日1回服用。<br>5才以上　11才未満 1錠 ・・・・1日1回服用。<br>5才未満 服用しないでください。 <hr color=#ccffcc size=2><font color=#0066ff>◆</font><b>成分・分量</b><font color=#0066ff>◆</font><hr color=#ccffcc size=2>ボレイ末　1840mg、塩酸リジン　120mg、ウルソデオキシコール酸　10mg<hr color=#ccffcc size=2><font color=#0066ff>◆</font><b>保管上の注意</b><font color=#0066ff>◆</font><hr color=#ccffcc size=2>
（1）直射日光の当たらない湿気の少ない涼しい所に密栓して保管してください。<br>
（2）小児の手の届かない所に保管してください。<br>
（3）他の容器に入れ替えないでください。誤用の原因になったり、品質が変わるおそれがあります。<br>
（4）使用期限をすぎた製品は、使用しないでください。 <br>
（5）容器の開封日記入欄に、開封した日付を記入してください。<br>
※その他、医薬品は使用上の注意をよく読んだ上で、それに従い適切に使用して下さい。<br>※ページ内で特に記載が無い場合、使用期限１年以上の商品をお届けしております。</font></td></tr></table><table width=""380"" border=""0"" style=""font-size:14px;line-height:1.2;""><tr><td><hr>※添付文書←<font color=#ff0000><b>詳細の商品情報はこちら</b></font><hr><font color=""#ff0000""><b>【お客様へ】</b></font>お薬に関するご相談がございましたら、<b>こちら</b>へお問い合わせください。</td></tr></table><table border=0 width=380 style=""font-size:12px;line-height:1.2;""><tr><td><font color=#000088><hr>※パッケージデザイン等が予告なく変更される場合もあります。<br>※商品廃番・メーカー欠品など諸事情によりお届けできない場合がございます。<hr></td></tr></table><table border=0 width=380 style=""font-size:12px;line-height:1.2;""><tr><td>商品区分：【第3類医薬品】<br>【広告文責】株式会社メディスンプラス：0120-205-904 ※休業日 土日・祝祭日<br>文責者名：稗圃 賢輔（管理薬剤師）</td></tr></table><!-- ▼左フロートバナー 表示 CSS & TAG セット -->
<link rel=""stylesheet"" href=""http://www.rakuten.ne.jp/gold/medistock/css_flt/fb_l_m.css"" type=""text/css"" />
<!--トップバナー-->
<div id=""flt_l1""></div>
<!--Ｗオマケ-->
<div id=""flt_l2""></div>
<!--セサミン-->
<div id=""flt_l3""></div>
<!--ワゴンセール-->
<div id=""flt_l4""></div>
<!--送料無料-->
<div id=""flt_l5""></div>
<!-- MPリンク -->
<div id=""flt_l6""></div>
<!-- none -->
<div id=""flt_l7""></div>
<!-- ▲左フロートバナー 表示 CSS & TAG セット -->

<!-- ▼右フロートバナー 表示 CSS & TAG セット -->
<link rel=""stylesheet"" href=""http://www.rakuten.ne.jp/gold/medistock/css_flt/fb_r_m.css"" type=""text/css"" />
<!--プレ EXP-->
<div id=""flt_r1""></div>
<!--プレ レバ-->
<div id=""flt_r2""></div>
<!--花粉特集-->
<div id=""flt_r3""></div>
<!--なし-->
<div id=""flt_r4""></div>
<!--なし-->
<div id=""flt_r5""></div>
<!--ビタ ワゴン-->
<!--ゴールドA-->
<div id=""flt_r6""></div>
<!--なし-->
<div id=""flt_r7""></div>
<!-- ▲右フロートバナー 表示 CSS & TAG セット -->


<!-- ▼スライド -->
<center>
<div style=""width:710px; border:1px solid #52aef0; padding:5px; margin-bottom:5px;"">

</div>
</center>
<!-- ▲スライド -->

<!--▼項目選択-->

<br>
<!--▲項目選択-->


<!--▼右端縦表示-->
<style type=""text/css"">
<!--
/*
body {
background-image:url(http://image.rakuten.co.jp/medistock/cabinet/medistock/tate1508md.gif);
background-repeat:repeat-y;
background-position: right top;
}
*/
-->
</style>



<table width=""730"" border=""0""><tr><td align=""center"">

	<div><img src=""http://image.rakuten.co.jp/medistock/cabinet/hd/sp.gif"" height=""20""></div>




	<div><img src=""http://image.rakuten.co.jp/medistock/cabinet/banner/170520m.gif"" width=""468"" alt=""エントリー"" border=""0""></div>
	<div><img src=""http://image.rakuten.co.jp/medistock/cabinet/hd/sp.gif"" height=""5""></div>


	<div><img src=""http://image.rakuten.co.jp/medistock/cabinet/banner/1704win.jpg"" width=""468"" alt=""エントリー"" border=""0""></div>
	<div><img src=""http://image.rakuten.co.jp/medistock/cabinet/hd/sp.gif"" height=""5""></div>




	<div><img src=""http://image.rakuten.co.jp/medistock/cabinet/banner/160801ls.gif"" width=""468"" alt=""エントリー"" border=""0""></div>
	<div><img src=""http://image.rakuten.co.jp/medistock/cabinet/hd/sp.gif"" height=""5""></div>



	<div><img src=""http://image.rakuten.co.jp/medistock/cabinet/banner/160118pt7.jpg"" width=""468"" alt=""エントリー"" border=""0""></div>
	<div><img src=""http://image.rakuten.co.jp/medistock/cabinet/hd/sp.gif"" height=""5""></div>


	<div><img src=""http://image.rakuten.co.jp/medistock/cabinet/banner/160801nua.jpg"" width=""468"" alt=""エントリー"" border=""0""></div>
	<div><img src=""http://image.rakuten.co.jp/medistock/cabinet/hd/sp.gif"" height=""5""></div>


	<div><img src=""http://image.rakuten.co.jp/medistock/cabinet/banner/160506rgw.jpg"" width=""468"" alt=""エントリー"" border=""0""></div>
	<div><img src=""http://image.rakuten.co.jp/medistock/cabinet/hd/sp.gif"" height=""5""></div>



	<div><img src=""http://image.rakuten.co.jp/medistock/cabinet/banner/161201tb05p.jpg"" width=""468"" alt=""ツールバーPt2"" border=""0""></div>
	<div><img src=""http://image.rakuten.co.jp/medistock/cabinet/hd/sp.gif"" height=""5""></div>



	<div><img src=""http://image.rakuten.co.jp/medistock/cabinet/banner/160601tb10.jpg"" width=""468"" alt=""初ツールバー"" border=""0""></div>
	<div><img src=""http://image.rakuten.co.jp/medistock/cabinet/hd/sp.gif"" height=""5""></div>





	<div><img src=""http://image.rakuten.co.jp/medistock/cabinet/banner/151101app.jpg"" width=""468"" alt=""エントリー"" border=""0""></div>
	<div><img src=""http://image.rakuten.co.jp/medistock/cabinet/hd/sp.gif"" height=""5""></div>


<div><img src=""http://image.rakuten.co.jp/medistock/cabinet/p_img/bn_ato.gif"" width=""468"" alt=""ＮＰ後払い"" border=""0""></div>
<div><img src=""http://image.rakuten.co.jp/medistock/cabinet/hd/sp.gif"" height=""5""></div>

<Br>

</td></tr></table>",【第3類医薬品】★送料無料サービス商品【ゼリア新薬】MCカルシウム 500錠【RCP】【10P03Dec16】：メディストック,美容健康メディスンプラスメディストック健康食品サプリメントペット用品化粧品ドッグフードキャットフード日用品食料品香水医薬品【第3類医薬品】★送料無料サービス商品【ゼリア新薬】MCカルシウム 500錠【RCP】【10P03Dec16】,【第3類医薬品】★送料無料サービス商品【ゼリア新薬】MCカルシウム 500錠【RCP】【10P03Dec16】[rn]
28-87605,http://tshop.r10s.jp/tsuruha/cabinet/shouhin19/4987072083000.jpg?fitin=700:700,972.8000,,,【第2類医薬品】小林製薬　アンメルツゴールドEX　大容量　(80mL)　無臭性　フェルビナク　【セルフメディケーション税制対象商品】　ツルハドラッグ,,"　<!--購入数制限ここから-->
<p><b>お買い上げいただける個数は5個までです</b></p><br>
<!--購入数制限ここまで-->
<p>リニューアルに伴いパッケージ・内容等予告なく変更する場合がございます。予めご了承ください。</p>
<TABLE class=item-main>
<TBODY>
<TR>
<TD>
<TABLE class=item-table>
<TBODY>
<TR class=a>
<TD class=b></TD>
<TD class=c><BR>
<TABLE class=item>
<TBODY>
<TR>
<TD class=d>名　称</TD>
<TD class=e>アンメルツゴールドEX</TD>
</TR>
<TR>
<TD class=d>内容量</TD>
<TD class=e>80ml</TD>
</TR>
<TR>
<TD class=d>特　徴</TD>
<TD class=e>1.消炎鎮痛成分フェルビナクが患部に浸透し、肩こり、筋肉の痛みを鎮めます<BR>
<BR>
2.血行促進成分ノナン酸バニリルアミドが、滞りがちな患部の血行を改善します<BR>
<BR>
3.l-メントール6％配合で、爽快な使い心地です<BR>
<BR>
4.手が汚れず使い易い、ヨコヨコボトルです<BR>
<BR>
5.ニオイが気にならない無臭性です</TD>
</TR>
<TR>
<TD class=d>効能・効果</TD>
<TD class=e>肩こりに伴う肩の痛み、筋肉痛、腰痛、関節痛、腱鞘炎(手・手首・足首の痛みと腫れ)、肘の痛み(テニス肘など)、打撲、捻挫</TD>
</TR>
<TR>
<TD class=d>用法・用量</TD>
<TD class=e>1日2～4回、適量を患部に塗布してください<BR>
<BR>
用法・用量に関連する注意<BR>
(1)目に入らないように注意すること。万一、目に入った場合には、すぐに水またはぬるま湯で洗うこと。なお、症状が重い場合には、眼科医の診療を受けること<BR>
(2)外用にのみ使用すること<BR>
●塗布部位をラップフィルムなどの通気性の悪いもので覆わないこと<BR>
●皮ふの特に弱い方は、同じところに続けて使用しないこと<BR>
●ヒリヒリとした刺激が強い場合には、石けんで洗い流すと緩和します<BR>
火気厳禁　アルコール類危険度等級2、エタノール含有物水溶性</TD>
</TR>
<TR>
<TD class=d>成分・分量</TD>
<TD class=e>100mL中<BR>
フェルビナク・・・3g<BR>
ノナン酸バニリルアミド・・・12mg<BR>
l-メントール・・・6g<BR>
クロルフェニラミンマレイン酸塩・・・100mg<BR>
添加物として、グリチルレチン酸、プロピレングリコール、ジイソプロパノールアミン、pH調整剤、BHT、エタノールを含有する</TD>
</TR>
<TR>
<TD class=d>区　分</TD>
<TD class=e>第2類医薬品/外用消炎鎮痛剤/日本製</TD>
</TR>
<TR>
<TD class=d>ご注意</TD>
<TD class=e>●してはいけないこと <BR>
(守らないと現在の症状が悪化したり、副作用が起こりやすくなる)<BR>
1.次の人は使用しないこと<BR>
(1)本剤または本剤の成分によりアレルギー症状を起こしたことがある人<BR>
(2)ぜんそくを起こしたことがある人<BR>
(3)妊婦または妊娠していると思われる人<BR>
(4)15才未満の小児<BR>
2.次の部位には使用しないこと<BR>
(1)目の周囲、粘膜など<BR>
(2)湿疹、かぶれ、傷口または化膿している患部<BR>
<BR>
●相談すること <BR>
1.次の人は使用前に医師、薬剤師または登録販売者に相談すること<BR>
(1)医師の治療を受けている人<BR>
(2)薬などによりアレルギー症状を起こしたことがある人<BR>
2.使用後、次の症状があらわれた場合は副作用の可能性があるので、直ちに使用を中止し、このパッケージを持って医師、薬剤師または登録販売者に相談すること<BR>
皮ふ・・・発疹・発赤、かゆみ、はれ、痛み、ヒリヒリ感、かぶれ<BR>
3.5～6日間使用しても症状がよくならない場合は使用を中止し、このパッケージを持って医師、薬剤師または登録販売者に相談すること、<BR>
<BR>■保管及び取扱い上の注意<BR>
(1)直射日光の当たらない湿気の少ない涼しいところ(冷暗所)にキャップをしっかりしめて立てて保管すること<BR>
(2)小児の手の届かないところに保管すること<BR>
(3)他の容器に入れ替えないこと(誤用の原因になったり品質が変わる)<BR>
●キャップをしっかりしっかりしめないと液がもれることがある<BR>
●プラスチック製品(眼鏡わく、くし、便座など)、化繊の衣類、木材(塗料塗り家具、床など)、皮革などに液がつくと損傷したり、シミになることがあるので注意すること<BR>
●衣類に付着した場合には、各衣類の洗濯表示に従ってすみやかに洗うこと<BR>
※使用に際して、説明書きを必ずお読みください。また必要なときに読めるよう大切に保管してください。使用期限(パッケージ底面および容器底面に記載)を過ぎた製品は使用しないこと<BR>
<BR>
◆その他、本品記載の使用法・使用上の注意をよくお読みの上ご使用下さい。</TD>
</TR>
<TR>
<TD class=d>発売元</TD>
<TD class=e>発売元　小林製薬株式会社　大阪市中央区道修4-4-10<BR>
製造販売元　小林製薬株式会社　大阪府茨木市豊川1-30-3</TD>
</TR>
<TR>
<TD class=d>お問合せ</TD>
<TD class=e>TEL：0120-5884-01<BR>
受付時間：9:00～17:00(土・日・祝日を除く)</TD>
</TR>
<TR>
<TD class=d>広告文責</TD>
<TD class=e>株式会社ツルハグループマーチャンダイジング<BR>
カスタマーセンター　0852-53-0680</TD>
</TR>
</TBODY>
</TABLE>
</TD>
</TR>
</TBODY>
</TABLE>
</TD>
</TR>
</TBODY>
</TABLE><BR>JANコード：4987072083000<BR><table border=""0"" width=""790"" cellpadding=""0"" cellspacing=""0"">
<!--セールここから-->
<tr valign=""top"">
<td width=""790"" valign=""top"" height=""123"">

<img src=""http://image.rakuten.co.jp/tsuruha/cabinet/sale2/0428tokubai_790120.jpg"" width=""790"" height=""120"" border=""0"" alt=""特売セール"">
</td>
</tr>
<!--セールここまで-->

<!--紫外線対策ここから-->
<tr valign=""top"">
<td width=""790"" valign=""top"" height=""133"">

<img src=""http://image.rakuten.co.jp/tsuruha/cabinet/banner3/uvtaisaku2_790120.jpg"" width=""790"" height=""120"" border=""0"" alt=""早目のUVケアで肌をダメージから守る！　紫外線・UV対策"">
</td>
</tr>
<!--紫外線対策ここまで-->

<!--風邪・ウイルス対策特集ここから-->
<!--tr valign=""top"">
<td width=""790"" valign=""top"" height=""133"">

<img src=""http://image.rakuten.co.jp/tsuruha/cabinet/banner3/kazeuirusu790120.jpg"" width=""790"" height=""120"" border=""0"" alt=""風邪・ウイルス対策特集"">
</td>
</tr-->
<!--風邪・ウイルス対策特集ここまで-->

<!--ヘアレシピここから-->
<!--tr valign=""top"">
<td width=""790"" valign=""top"" height=""133"">

<img src=""http://image.rakuten.co.jp/tsuruha/cabinet/banner3/hair_recipe_2_790130.jpg"" width=""790"" height=""130"" border=""0"" alt=""ヘアレシピ"">
</td>
</tr-->
<!--ヘアレシピここまで-->

<!--セーラームーンここから-->
<!--tr valign=""top"">
<td width=""790"" valign=""top"" height=""133"">

<img src=""http://image.rakuten.co.jp/tsuruha/cabinet/banner3/elis_korabo790120.jpg"" width=""790"" height=""120"" border=""0"" alt=""セーラームーンコラボグッズプレゼントキャンペーン"">
</td>
</tr-->
<!--セーラームーンここまで-->


</table>",【第2類医薬品】小林製薬　アンメルツゴールドEX　大容量　(80mL)　無臭性　フェルビナク　【セルフメディケーション税制対象商品】　ツルハドラッグ：ツルハドラッグ,ドラッグストアスキンケア化粧品ベビー薬健康ツルハツルハドラッグダイエット健康食品サプリハブラシヘアケアエゾエース入浴剤ナップルツルハグループ介護用品医薬品生コラーゲン【第2類医薬品】小林製薬　アンメルツゴールドEX　大容量　(80mL)　無臭性　フェルビナク　【セルフメディケーション税制対象商品】　ツルハドラッグ,【第2類医薬品】小林製薬　アンメルツゴールドEX　大容量　(80mL)　無臭性　フェルビナク　【セルフメディケーション税制対象商品】　ツルハドラッグ[rn]
28-87606,http://tshop.r10s.jp/tsuruha/cabinet/shouhin19/4987306063433.jpg?fitin=700:700,685.6000,,,【第2類医薬品】大正製薬　ジクロテクト　PROテープ　(7枚入)　ジクロフェナクNa配合　【セルフメディケーション税制対象商品】　ツルハドラッグ,,"<!--購入数制限ここから-->
<p><b>お買い上げいただける個数は5個までです</b></p><br>
<!--購入数制限ここまで-->
<p>リニューアルに伴いパッケージ・内容等予告なく変更する場合がございます。予めご了承ください。</p>
<TABLE class=item-main>
<TBODY>
<TR>
<TD>
<TABLE class=item-table>
<TBODY>
<TR class=a>
<TD class=b></TD>
<TD class=c><BR>
<TABLE class=item>
<TBODY>
<TR>
<TD class=d>名　称</TD>
<TD class=e>ジクロテクトPROテープ</TD>
</TR>
<TR>
<TD class=d>内容量</TD>
<TD class=e>7枚</TD>
</TR>
<TR>
<TD class=d>特　徴</TD>
<TD class=e>つらい腰痛・肩の痛みに<BR>
<BR>
●ジクロテクトＰＲＯテープは、鎮痛消炎成分のジクロフェナクナトリウムが痛みの原因物質（プロスタグランジン）の生成を抑え、痛みや炎症をやわらげる、1日1回貼るだけで24時間効果が持続するテープ剤（貼付剤）です。<BR>
<BR>
●貼り損じ防止機能で、くしゃくしゃになっても元に戻して貼り直せます。<BR>
<BR>
●貼っていてもにおいが気になりません。<BR>
<BR>
●伸縮性に優れ、関節などの可動部にもぴったりフィットします。</TD>
</TR>
<TR>
<TD class=d>効能・効果</TD>
<TD class=e>関節痛、肩こりに伴う肩の痛み、腱鞘炎（手・手首の痛み）、肘の痛み（テニス肘など）、筋肉痛、腰痛、打撲、捻挫</TD>
</TR>
<TR>
<TD class=d>用法・用量</TD>
<TD class=e>プラスチックフィルムをはがし、1日1回1～2枚を患部に貼ってください。ただし、1回あたり2枚を超えて使用しないでください。なお、本成分を含む他の外用剤を併用しないでください。<BR>
<BR>
【注意】<BR>(1)定められた用法・用量を厳守してください。<BR>
(2)1回あたり24時間を超えて貼り続けないでください。さらに、同じ患部に貼りかえる場合は、その貼付部に発疹・発赤、かゆみ、かぶれ等の症状が起きていないことを確かめてから使用してください。<BR>
(3)本剤は、痛みやはれ等の原因となっている病気を治療するのではなく、痛みやはれ等の症状のみを治療する薬剤ですので、症状がある場合だけ使用してください。<BR>
(4)汗をかいたり、患部がぬれている時は、よく拭きとってから使用してください。<BR>
(5)皮膚の弱い人は、使用前に腕の内側の皮膚の弱い箇所に、1～2cm角の小片を目安として半日以上貼り、発疹・発赤、かゆみ、かぶれ等の症状が起きないことを確かめてから使用してください。<BR>
(6)使用部位に他の外用剤を併用しないでください。</TD>
</TR>
<TR>
<TD class=d>成分・分量</TD>
<TD class=e>軟膏100g中<BR>
ジクロフェナクナトリウム 1g<BR>添加物：脂環族飽和炭化水素樹脂、スチレン・イソプレン・スチレンブロック共重合体、流動パラフィン、ポリイソブチレン、N-メチル-2-ピロリドン、BHT、l-メントール、その他2成分</TD>
</TR>
<TR>
<TD class=d>区　分</TD>
<TD class=e>第2類医薬品/外用鎮痛・消炎剤/日本製</TD>
</TR>
<TR>
<TD class=d>ご注意</TD>
<TD class=e>【使用上の注意】<BR>■してはいけないこと<BR>
(守らないと現在の症状が悪化したり、副作用が起こりやすくなります) <BR>
1．次の人は使用しないでください<BR>
(1)本剤又は本剤の成分によりアレルギー症状を起こしたことがある人。<BR>
(2)ぜんそくを起こしたことがある人。<BR>
(3)妊婦又は妊娠していると思われる人。<BR>
(4)15才未満の小児。<BR>
2．次の部位には使用しないでください<BR>
(1)目の周囲、粘膜等。<BR>
(2)湿疹、かぶれ、傷口。<BR>
(3)みずむし・たむし等又は化膿している患部。<BR>
3．本剤を使用している間は、他の外用鎮痛消炎剤を使用しないでください<BR>
4．連続して2週間以上使用しないでください<BR>
■相談すること <BR>1．次の人は使用前に医師、薬剤師又は登録販売者に相談してください<BR>
(1)医師の治療を受けている人。<BR>
(2)他の医薬品を使用している人。<BR>
(3)薬などによりアレルギー症状を起こしたことがある人。<BR>
(4)テープ剤でかぶれ等を起こしたことがある人。<BR>
(5)次の診断を受けた人。消化性潰瘍、血液障害、肝臓病、腎臓病、高血圧、心臓病、インフルエンザ<BR>
(6)次の医薬品の投与を受けている人。ニューキノロン系抗菌剤、トリアムテレン、リチウム、メトトレキサート、非ステロイド性消炎鎮痛剤（アスピリン等)、ステロイド剤、利尿剤、シクロスポリン、選択的セロトニン再取り込み阻害剤<BR>
(7)高齢者。<BR>
2．使用中又は使用後、次の症状があらわれた場合は副作用の可能性があるので、直ちに使用を中止し、箱を持って医師、薬剤師又は登録販売者に相談してください<BR>
<BR>
［関係部位：症状］<BR>
皮膚：発疹・発赤、かゆみ、かぶれ、はれ、痛み、刺激感、熱感、皮膚のあれ、落屑（らくせつ)（フケ、アカのような皮膚のはがれ)、水疱、色素沈着<BR>
<BR>
まれに次の重篤な症状が起こることがあります。その場合は直ちに医師の診療を受けてください。<BR>
<BR>
［症状の名称：症状］<BR>
ショック（アナフィラキシー)：使用後すぐに、皮膚のかゆみ、じんましん、声のかすれ、くしゃみ、のどのかゆみ、息苦しさ、動悸、意識の混濁等があらわれます。<BR>
接触皮膚炎、光線過敏症：貼付部に強いかゆみを伴う発疹・発赤、はれ、刺激感、水疱・ただれ等の激しい皮膚炎症状や色素沈着、白斑があらわれ、中には発疹・発赤、かゆみ等の症状が全身にひろがることがあります。また、日光があたった部位に症状があらわれたり、悪化することがあります。<BR>
3．5～6日間使用しても症状がよくならない場合は使用を中止し、箱を持って医師、薬剤師又は登録販売者に相談してください<BR>
<BR>
■保管及び取扱い上の注意<BR>(1)直射日光の当たらない湿気の少ない涼しい所に保管してください。<BR>
(2)小児の手の届かない所に保管してください。<BR>
(3)他の容器に入れ替えないでください。(誤用の原因になったり品質が変わることがあります。)<BR>
(4)品質保持のため、開封後の未使用分はもとの袋に入れ、開封口をきちんと折り曲げて保管してください。<BR>
(5)使用期限を過ぎた製品は使用しないでください。なお、使用期限内であっても、開封後はなるべくはやく使用してください。<BR>
<BR>
◆本品記載の使用法・使用上の注意をよくお読みの上ご使用下さい。</TD>
</TR>
<TR>
<TD class=d>発売元</TD>
<TD class=e>大正製薬株式会社　東京都豊島区高田3丁目24番地1号</TD>
</TR>
<TR>
<TD class=d>お問合せ</TD>
<TD class=e>お客様119番室<BR>
電話：03-3985-1800　受付時間：8：30～21：00（土、日、祝日を除く）</TD>
</TR>
<TR>
<TD class=d>製造販売元</TD>
<TD class=e>同仁医薬化工株式会社　東京都中野区弥生町5-2-2</TD>
</TR>
<TR>
<TD class=d>広告文責</TD>
<TD class=e>株式会社ツルハグループマーチャンダイジング<BR>
カスタマーセンター　0852-53-0680</TD>
</TR>
</TBODY>
</TABLE>
</TD>
</TR>
</TBODY>
</TABLE>
</TD>
</TR>
</TBODY>
</TABLE><BR>JANコード：4987306063433<BR><table border=""0"" width=""790"" cellpadding=""0"" cellspacing=""0"">
<!--セールここから-->
<tr valign=""top"">
<td width=""790"" valign=""top"" height=""123"">

<img src=""http://image.rakuten.co.jp/tsuruha/cabinet/sale2/0428tokubai_790120.jpg"" width=""790"" height=""120"" border=""0"" alt=""特売セール"">
</td>
</tr>
<!--セールここまで-->

<!--紫外線対策ここから-->
<tr valign=""top"">
<td width=""790"" valign=""top"" height=""133"">

<img src=""http://image.rakuten.co.jp/tsuruha/cabinet/banner3/uvtaisaku2_790120.jpg"" width=""790"" height=""120"" border=""0"" alt=""早目のUVケアで肌をダメージから守る！　紫外線・UV対策"">
</td>
</tr>
<!--紫外線対策ここまで-->

<!--風邪・ウイルス対策特集ここから-->
<!--tr valign=""top"">
<td width=""790"" valign=""top"" height=""133"">

<img src=""http://image.rakuten.co.jp/tsuruha/cabinet/banner3/kazeuirusu790120.jpg"" width=""790"" height=""120"" border=""0"" alt=""風邪・ウイルス対策特集"">
</td>
</tr-->
<!--風邪・ウイルス対策特集ここまで-->

<!--ヘアレシピここから-->
<!--tr valign=""top"">
<td width=""790"" valign=""top"" height=""133"">

<img src=""http://image.rakuten.co.jp/tsuruha/cabinet/banner3/hair_recipe_2_790130.jpg"" width=""790"" height=""130"" border=""0"" alt=""ヘアレシピ"">
</td>
</tr-->
<!--ヘアレシピここまで-->

<!--セーラームーンここから-->
<!--tr valign=""top"">
<td width=""790"" valign=""top"" height=""133"">

<img src=""http://image.rakuten.co.jp/tsuruha/cabinet/banner3/elis_korabo790120.jpg"" width=""790"" height=""120"" border=""0"" alt=""セーラームーンコラボグッズプレゼントキャンペーン"">
</td>
</tr-->
<!--セーラームーンここまで-->


</table>",【第2類医薬品】大正製薬　ジクロテクト　PROテープ　(7枚入)　ジクロフェナクNa配合　【セルフメディケーション税制対象商品】　ツルハドラッグ：ツルハドラッグ,ドラッグストアスキンケア化粧品ベビー薬健康ツルハツルハドラッグダイエット健康食品サプリハブラシヘアケアエゾエース入浴剤ナップルツルハグループ介護用品医薬品生コラーゲン【第2類医薬品】大正製薬　ジクロテクト　PROテープ　(7枚入)　ジクロフェナクNa配合　【セルフメディケーション税制対象商品】　ツルハドラッグ,【第2類医薬品】大正製薬　ジクロテクト　PROテープ　(7枚入)　ジクロフェナクNa配合　【セルフメディケーション税制対象商品】　ツルハドラッグ[rn]
28-87607,http://tshop.r10s.jp/tsuruha/cabinet/shouhin35/4987061045491.jpg?fitin=700:700,2516.0000,,,【第2類医薬品】【◇】　救心製薬　痛効散　(40包)　関節痛・神経痛・筋肉痛に　【送料無料】　【smtb-s】　ツルハドラッグ,,"<!--購入数制限ここから-->
<p><b>お買い上げいただける個数は5個までです</b></p><br>
<!--購入数制限ここまで-->
<p>リニューアルに伴いパッケージ・内容等予告なく変更する場合がございます。予めご了承ください。</p>
<TABLE class=item-main>
<TBODY>
<TR>
<TD>
<TABLE class=item-table>
<TBODY>
<TR class=a>
<TD class=b></TD>
<TD class=c><BR>
<TABLE class=item>
<TBODY>
<TR>
<TD class=d>名　称</TD>
<TD class=e>痛効散</TD>
</TR>
<TR>
<TD class=d>内容量</TD>
<TD class=e>40包</TD>
</TR>
<TR>
<TD class=d>特　徴</TD>
<TD class=e>痛効散はマオウ（麻黄）、キョウニン（杏仁）、ヨクイニン（よく苡仁）、カンゾウ（甘草）の4種の植物生薬をのみやすいエキス顆粒とした製剤です。<BR>
痛効散は次のような症状を目標に使用すると、筋肉の緊張を和らげ、体表に停滞している水分の代謝を改善することによって、関節痛、神経痛、筋肉痛にすぐれた効きめをあらわします。<BR>
◆関節に水がたまり、腫れて痛む・・・<BR>
◆四肢が重だるく痛い・・・<BR>
◆冷えたり、風に当たったりすると痛みが増す・・・<BR>
◆夕方や明け方になると痛みが増す・・・<BR>
◆筋肉が腫れたり、緊張があって痛む・・・</TD>
</TR>
<TR>
<TD class=d>効能・効果</TD>
<TD class=e>体力中等度なものの次の諸症：関節痛、神経痛、筋肉痛、いぼ、手足のあれ（手足の湿疹・皮膚炎）</TD>
</TR>
<TR>
<TD class=d>用法・用量</TD>
<TD class=e>食前または食間に水またはお湯で服用すること<BR>
<BR>
【年齢：1回量：服用回数】<BR>
大人（15才以上）：1包：1日3回<BR>
7～14才：2/3包：1日3回<BR>
4～6才：1/2包：1日3回<BR>
2～3才：1/3包：1日3回<BR>
2才未満：1/4包：1日3回<BR>
<BR>
食間とは・・<BR>
食後2～3時間を指します。<BR>
<BR>
●用法・用量に関連する注意<BR>（1）小児に服用させる場合には、保護者の指導監督のもとに服用させること<BR>
（2）1才未満の乳児には、医師の診療を受けさせることを優先し、やむを得ない場合にのみ服用させること</TD>
</TR>
<TR>
<TD class=d>成分・分量</TD>
<TD class=e>痛効散は、灰かっ色の顆粒で、3包（1包2g）中、下記植物生薬の抽出乾燥エキス2020mgを含有します。<BR>
（マオウ・・・4.0g<BR>
キョウニン・・・3.0g<BR>
ヨクイニン・・・10.0g<BR>
カンゾウ・・・2.0g）<BR>
添加物として乳糖、ヒドロキシプロピルセルロース、ヒドロキシプロピルスターチを含有します。</TD>
</TR>
<TR>
<TD class=d>区　分</TD>
<TD class=e>第2類医薬品/生薬製剤/日本製</TD>
</TR>
<TR>
<TD class=d>ご注意</TD>
<TD class=e>使用上の注意<BR>
●してはいけないこと<BR>
(守らないと現在の症状が悪化したり、副作用が起こりやすくなる)<BR>
次の人は服用しないこと<BR>
生後3ヵ月未満の乳児<BR>
<BR>
●相談すること<BR>
1．次の人は服用前に医師、薬剤師または登録販売者に相談すること<BR>
（1）医師の治療を受けている人<BR>
（2）妊婦または妊娠していると思われる人<BR>
（3）体の虚弱な人（体力の衰えている人、体の弱い人）<BR>
（4）胃腸の弱い人<BR>
（5）発汗傾向の著しい人<BR>
（6）高齢者<BR>
（7）次の症状のある人<BR>
むくみ、排尿困難<BR>
（8）次の診断を受けた人<BR>
高血圧、心臓病、腎臓病、甲状腺機能障害<BR>
2．服用後、次の症状があらわれた場合は副作用の可能性があるので、直ちに服用を中止し、この説明書を持って医師、薬剤師または登録販売者に相談すること<BR>
関係部位：症状<BR>
消化器：吐き気・嘔吐、食欲不振、胃部不快感<BR>
まれに次の重篤な症状が起こることがある。その場合は直ちに医師の診療を受けること<BR>
症状の名称：症状<BR>
偽アルドステロン症：手足のだるさ、しびれ、つっぱり感やこわばりに加えて、脱力感、筋肉痛があらわれ、徐々に強くなる。<BR>
ミオパチー：手足のだるさ、しびれ、つっぱり感やこわばりに加えて、脱力感、筋肉痛があらわれ、徐々に強くなる。<BR>
3．1ヵ月位服用しても症状がよくならない場合は服用を中止し、この説明書を持って医師、薬剤師または登録販売者に相談すること<BR>
4．長期連用する場合には、医師、薬剤師または登録販売者に相談すること<BR>
<BR>
●保管及び取扱い上の注意<BR>（1）直射日光の当たらない湿気の少ない涼しい所に保管すること<BR>
（2）小児の手の届かない所に保管すること<BR>
（3）他の容器に入れ替えないこと（誤用の原因になったり品質が変わる。）<BR>
（4）1包を分割した残りを服用する場合には、袋の口を折り返して保管し、2日以内に服用すること<BR>
（5）使用期限を過ぎた製品は服用しないこと<BR>
<BR>
◆その他、本品記載の使用法・使用上の注意をよくお読みの上ご使用下さい。</TD>
</TR>
<TR>
<TD class=d>製造販売元</TD>
<TD class=e>救心製薬株式会社　東京都杉並区和田1-21-7</TD>
</TR>
<TR>
<TD class=d>お問合せ</TD>
<TD class=e>救心製薬株式会社　お客様相談室　電話：03-5385-3211（代表）<BR>
受付時間：9：00～17：00（土、日、祝日、弊社休業日を除く）</TD>
</TR>
<TR>
<TD class=d>広告文責</TD>
<TD class=e>株式会社ツルハeコマース<BR>
カスタマーセンター　0852-53-0680</TD>
</TR>
</TBODY>
</TABLE>
</TD>
</TR>
</TBODY>
</TABLE>
</TD>
</TR>
</TBODY>
</TABLE>
<BR>JANコード：4987061045491<BR><table border=""0"" width=""790"" cellpadding=""0"" cellspacing=""0"">
<!--セールここから-->
<tr valign=""top"">
<td width=""790"" valign=""top"" height=""123"">

<img src=""http://image.rakuten.co.jp/tsuruha/cabinet/sale2/0428tokubai_790120.jpg"" width=""790"" height=""120"" border=""0"" alt=""特売セール"">
</td>
</tr>
<!--セールここまで-->

<!--紫外線対策ここから-->
<tr valign=""top"">
<td width=""790"" valign=""top"" height=""133"">

<img src=""http://image.rakuten.co.jp/tsuruha/cabinet/banner3/uvtaisaku2_790120.jpg"" width=""790"" height=""120"" border=""0"" alt=""早目のUVケアで肌をダメージから守る！　紫外線・UV対策"">
</td>
</tr>
<!--紫外線対策ここまで-->

<!--風邪・ウイルス対策特集ここから-->
<!--tr valign=""top"">
<td width=""790"" valign=""top"" height=""133"">

<img src=""http://image.rakuten.co.jp/tsuruha/cabinet/banner3/kazeuirusu790120.jpg"" width=""790"" height=""120"" border=""0"" alt=""風邪・ウイルス対策特集"">
</td>
</tr-->
<!--風邪・ウイルス対策特集ここまで-->

<!--ヘアレシピここから-->
<!--tr valign=""top"">
<td width=""790"" valign=""top"" height=""133"">

<img src=""http://image.rakuten.co.jp/tsuruha/cabinet/banner3/hair_recipe_2_790130.jpg"" width=""790"" height=""130"" border=""0"" alt=""ヘアレシピ"">
</td>
</tr-->
<!--ヘアレシピここまで-->

<!--セーラームーンここから-->
<!--tr valign=""top"">
<td width=""790"" valign=""top"" height=""133"">

<img src=""http://image.rakuten.co.jp/tsuruha/cabinet/banner3/elis_korabo790120.jpg"" width=""790"" height=""120"" border=""0"" alt=""セーラームーンコラボグッズプレゼントキャンペーン"">
</td>
</tr-->
<!--セーラームーンここまで-->


</table>",【第2類医薬品】【◇】　救心製薬　痛効散　(40包)　関節痛・神経痛・筋肉痛に　【送料無料】　【smtb-s】　ツルハドラッグ：ツルハドラッグ,ドラッグストアスキンケア化粧品ベビー薬健康ツルハツルハドラッグダイエット健康食品サプリハブラシヘアケアエゾエース入浴剤ナップルツルハグループ介護用品医薬品生コラーゲン【第2類医薬品】【◇】　救心製薬　痛効散　(40包)　関節痛・神経痛・筋肉痛に　【送料無料】　【smtb-s】　ツルハドラッグ,【第2類医薬品】【◇】　救心製薬　痛効散　(40包)　関節痛・神経痛・筋肉痛に　【送料無料】　【smtb-s】　ツルハドラッグ[rn]
28-87608,http://tshop.r10s.jp/tsuruha/cabinet/shouhin19/4987306063457.jpg?fitin=700:700,1173.6000,,,【第2類医薬品】大正製薬　ジクロテクト　PROテープL　(7枚入)　ジクロフェナクNa配合　【セルフメディケーション税制対象商品】　ツルハドラッグ,,"<!--購入数制限ここから-->
<p><b>お買い上げいただける個数は5個までです</b></p><br>
<!--購入数制限ここまで-->
<p>リニューアルに伴いパッケージ・内容等予告なく変更する場合がございます。予めご了承ください。</p>
<TABLE class=item-main>
<TBODY>
<TR>
<TD>
<TABLE class=item-table>
<TBODY>
<TR class=a>
<TD class=b></TD>
<TD class=c><BR>
<TABLE class=item>
<TBODY>
<TR>
<TD class=d>名　称</TD>
<TD class=e>ジクロテクトPROテープＬ</TD>
</TR>
<TR>
<TD class=d>内容量</TD>
<TD class=e>7枚</TD>
</TR>
<TR>
<TD class=d>特　徴</TD>
<TD class=e>つらい腰痛・肩の痛みに<BR>
<BR>
●ジクロテクトＰＲＯテープＬは、鎮痛消炎成分のジクロフェナクナトリウムが痛みの原因物質（プロスタグランジン）の生成を抑え、痛みや炎症をやわらげる、1日1回貼るだけで24時間効果が持続するテープ剤（貼付剤）です。<BR>
<BR>
●腰などの広い患部に適した大判サイズです。<BR>
<BR>
●貼り損じ防止機能で、くしゃくしゃになっても元に戻して貼り直せます。<BR>
<BR>
●貼っていてもにおいが気になりません。<BR>
<BR>
●伸縮性に優れ、関節などの可動部にもぴったりフィットします。</TD>
</TR>
<TR>
<TD class=d>効能・効果</TD>
<TD class=e>関節痛、肩こりに伴う肩の痛み、腱鞘炎（手・手首の痛み）、肘の痛み（テニス肘など）、筋肉痛、腰痛、打撲、捻挫</TD>
</TR>
<TR>
<TD class=d>用法・用量</TD>
<TD class=e>プラスチックフィルムをはがし、1日1回1枚を患部に貼ってください。ただし、1回あたり1枚を超えて使用しないでください。なお、本成分を含む他の外用剤を併用しないでください。<BR>
<BR>
【注意】<BR>(1)定められた用法・用量を厳守してください。<BR>
(2)1回あたり24時間を超えて貼り続けないでください。さらに、同じ患部に貼りかえる場合は、その貼付部に発疹・発赤、かゆみ、かぶれ等の症状が起きていないことを確かめてから使用してください。<BR>
(3)本剤は、痛みやはれ等の原因となっている病気を治療するのではなく、痛みやはれ等の症状のみを治療する薬剤ですので、症状がある場合だけ使用してください。<BR>
(4)汗をかいたり、患部がぬれている時は、よく拭きとってから使用してください。<BR>
(5)皮膚の弱い人は、使用前に腕の内側の皮膚の弱い箇所に、1～2cm角の小片を目安として半日以上貼り、発疹・発赤、かゆみ、かぶれ等の症状が起きないことを確かめてから使用してください。<BR>
(6)使用部位に他の外用剤を併用しないでください。</TD>
</TR>
<TR>
<TD class=d>成分・分量</TD>
<TD class=e>軟膏100g中<BR>
ジクロフェナクナトリウム 1g（痛みの原因物質（プロスタグランジン）の生成を抑え、痛みをやわらげます。）<BR>添加物：脂環族飽和炭化水素樹脂、スチレン・イソプレン・スチレンブロック共重合体、流動パラフィン、ポリイソブチレン、N-メチル-2-ピロリドン、BHT、l-メントール、その他2成分</TD>
</TR>
<TR>
<TD class=d>区　分</TD>
<TD class=e>第2類医薬品/外用鎮痛・消炎剤/日本製</TD>
</TR>
<TR>
<TD class=d>ご注意</TD>
<TD class=e>【使用上の注意】<BR>■してはいけないこと<BR>
(守らないと現在の症状が悪化したり、副作用が起こりやすくなります) <BR>
1．次の人は使用しないでください<BR>
(1)本剤又は本剤の成分によりアレルギー症状を起こしたことがある人。<BR>
(2)ぜんそくを起こしたことがある人。<BR>
(3)妊婦又は妊娠していると思われる人。<BR>
(4)15才未満の小児。<BR>
2．次の部位には使用しないでください<BR>
(1)目の周囲、粘膜等。<BR>
(2)湿疹、かぶれ、傷口。<BR>
(3)みずむし・たむし等又は化膿している患部。<BR>
3．本剤を使用している間は、他の外用鎮痛消炎剤を使用しないでください<BR>
4．連続して2週間以上使用しないでください<BR>
■相談すること <BR>1．次の人は使用前に医師、薬剤師又は登録販売者に相談してください<BR>
(1)医師の治療を受けている人。<BR>
(2)他の医薬品を使用している人。<BR>
(3)薬などによりアレルギー症状を起こしたことがある人。<BR>
(4)テープ剤でかぶれ等を起こしたことがある人。<BR>
(5)次の診断を受けた人。消化性潰瘍、血液障害、肝臓病、腎臓病、高血圧、心臓病、インフルエンザ<BR>
(6)次の医薬品の投与を受けている人。ニューキノロン系抗菌剤、トリアムテレン、リチウム、メトトレキサート、非ステロイド性消炎鎮痛剤（アスピリン等)、ステロイド剤、利尿剤、シクロスポリン、選択的セロトニン再取り込み阻害剤<BR>
(7)高齢者。<BR>
2．使用中又は使用後、次の症状があらわれた場合は副作用の可能性があるので、直ちに使用を中止し、箱を持って医師、薬剤師又は登録販売者に相談してください<BR>
<BR>
［関係部位：症状］<BR>
皮膚：発疹・発赤、かゆみ、かぶれ、はれ、痛み、刺激感、熱感、皮膚のあれ、落屑（らくせつ)（フケ、アカのような皮膚のはがれ)、水疱、色素沈着<BR>
<BR>
まれに次の重篤な症状が起こることがあります。その場合は直ちに医師の診療を受けてください。<BR>
<BR>
［症状の名称：症状］<BR>
ショック（アナフィラキシー)：使用後すぐに、皮膚のかゆみ、じんましん、声のかすれ、くしゃみ、のどのかゆみ、息苦しさ、動悸、意識の混濁等があらわれます。<BR>
接触皮膚炎、光線過敏症：貼付部に強いかゆみを伴う発疹・発赤、はれ、刺激感、水疱・ただれ等の激しい皮膚炎症状や色素沈着、白斑があらわれ、中には発疹・発赤、かゆみ等の症状が全身にひろがることがあります。また、日光があたった部位に症状があらわれたり、悪化することがあります。<BR>
3．5～6日間使用しても症状がよくならない場合は使用を中止し、箱を持って医師、薬剤師又は登録販売者に相談してください<BR>
<BR>
■保管及び取扱い上の注意<BR>(1)直射日光の当たらない湿気の少ない涼しい所に保管してください。<BR>
(2)小児の手の届かない所に保管してください。<BR>
(3)他の容器に入れ替えないでください。(誤用の原因になったり品質が変わることがあります。)<BR>
(4)品質保持のため、開封後の未使用分はもとの袋に入れ、開封口をきちんと折り曲げて保管してください。<BR>
(5)使用期限を過ぎた製品は使用しないでください。なお、使用期限内であっても、開封後はなるべくはやく使用してください。<BR>
<BR>
◆本品記載の使用法・使用上の注意をよくお読みの上ご使用下さい。</TD>
</TR>
<TR>
<TD class=d>発売元</TD>
<TD class=e>大正製薬株式会社　東京都豊島区高田3丁目24番地1号</TD>
</TR>
<TR>
<TD class=d>お問合せ</TD>
<TD class=e>お客様119番室<BR>
電話：03-3985-1800　受付時間：8：30～21：00（土、日、祝日を除く）</TD>
</TR>
<TR>
<TD class=d>製造販売元</TD>
<TD class=e>同仁医薬化工株式会社　東京都中野区弥生町5-2-2</TD>
</TR>
<TR>
<TD class=d>広告文責</TD>
<TD class=e>株式会社ツルハグループマーチャンダイジング<BR>
カスタマーセンター　0852-53-0680</TD>
</TR>
</TBODY>
</TABLE>
</TD>
</TR>
</TBODY>
</TABLE>
</TD>
</TR>
</TBODY>
</TABLE><BR>JANコード：4987306063457<BR><table border=""0"" width=""790"" cellpadding=""0"" cellspacing=""0"">
<!--セールここから-->
<tr valign=""top"">
<td width=""790"" valign=""top"" height=""123"">

<img src=""http://image.rakuten.co.jp/tsuruha/cabinet/sale2/0428tokubai_790120.jpg"" width=""790"" height=""120"" border=""0"" alt=""特売セール"">
</td>
</tr>
<!--セールここまで-->

<!--紫外線対策ここから-->
<tr valign=""top"">
<td width=""790"" valign=""top"" height=""133"">

<img src=""http://image.rakuten.co.jp/tsuruha/cabinet/banner3/uvtaisaku2_790120.jpg"" width=""790"" height=""120"" border=""0"" alt=""早目のUVケアで肌をダメージから守る！　紫外線・UV対策"">
</td>
</tr>
<!--紫外線対策ここまで-->

<!--風邪・ウイルス対策特集ここから-->
<!--tr valign=""top"">
<td width=""790"" valign=""top"" height=""133"">

<img src=""http://image.rakuten.co.jp/tsuruha/cabinet/banner3/kazeuirusu790120.jpg"" width=""790"" height=""120"" border=""0"" alt=""風邪・ウイルス対策特集"">
</td>
</tr-->
<!--風邪・ウイルス対策特集ここまで-->

<!--ヘアレシピここから-->
<!--tr valign=""top"">
<td width=""790"" valign=""top"" height=""133"">

<img src=""http://image.rakuten.co.jp/tsuruha/cabinet/banner3/hair_recipe_2_790130.jpg"" width=""790"" height=""130"" border=""0"" alt=""ヘアレシピ"">
</td>
</tr-->
<!--ヘアレシピここまで-->

<!--セーラームーンここから-->
<!--tr valign=""top"">
<td width=""790"" valign=""top"" height=""133"">

<img src=""http://image.rakuten.co.jp/tsuruha/cabinet/banner3/elis_korabo790120.jpg"" width=""790"" height=""120"" border=""0"" alt=""セーラームーンコラボグッズプレゼントキャンペーン"">
</td>
</tr-->
<!--セーラームーンここまで-->


</table>",【第2類医薬品】大正製薬　ジクロテクト　PROテープL　(7枚入)　ジクロフェナクNa配合　【セルフメディケーション税制対象商品】　ツルハドラッグ：ツルハドラッグ,ドラッグストアスキンケア化粧品ベビー薬健康ツルハツルハドラッグダイエット健康食品サプリハブラシヘアケアエゾエース入浴剤ナップルツルハグループ介護用品医薬品生コラーゲン【第2類医薬品】大正製薬　ジクロテクト　PROテープL　(7枚入)　ジクロフェナクNa配合　【セルフメディケーション税制対象商品】　ツルハドラッグ,【第2類医薬品】大正製薬　ジクロテクト　PROテープL　(7枚入)　ジクロフェナクNa配合　【セルフメディケーション税制対象商品】　ツルハドラッグ[rn]
28-87609,http://tshop.r10s.jp/tsuruha/cabinet/shouhin19/4987072077603.jpg?fitin=700:700,1217.6000,,,【第2類医薬品】小林製薬　アンメルシン1％ヨコヨコ　(80mL)　【セルフメディケーション税制対象商品】　ツルハドラッグ,,"<!--購入数制限ここから-->
<p><b>お買い上げいただける個数は5個までです</b></p><br>
<!--購入数制限ここまで-->
<p>リニューアルに伴いパッケージ・内容等予告なく変更する場合がございます。予めご了承ください。</p>
<TABLE class=item-main>
<TBODY>
<TR>
<TD>
<TABLE class=item-table>
<TBODY>
<TR class=a>
<TD class=b></TD>
<TD class=c><BR>
<TABLE class=item>
<TBODY>
<TR>
<TD class=d>名　称</TD>
<TD class=e>アンメルシン1％ヨコヨコ</TD>
</TR>
<TR>
<TD class=d>内容量</TD>
<TD class=e>80ml</TD>
</TR>
<TR>
<TD class=d>特　徴</TD>
<TD class=e>1.腰、肩、ひざの痛みに優れた効き目を発揮する塗り薬です<BR>
2.有効成分インドメタシンが、皮ふから浸透し関節の痛みを和らげます<BR>
3.患部に直接塗れるボトルタイプなので、手を汚さず手軽に使えます</TD>
</TR>
<TR>
<TD class=d>効能・効果</TD>
<TD class=e>関節痛、腰痛、打撲、捻挫、筋肉痛、腱鞘炎(手・手首の痛み)、肘の痛み(テニス肘など)、肩こりに伴う肩の痛み</TD>
</TR>
<TR>
<TD class=d>用法・用量</TD>
<TD class=e>1日4回を限度として患部に適量塗布してください<br>
<br>
【用法・用量に関連する注意】<BR>(1)11歳以上の小児に使用させる場合には、保護者の指導監督のもとに使用させること<BR>
(2)11歳未満の小児に使用させないこと<BR>
(3)目に入らないように注意すること。万一、目に入った場合には、すぐに水またはぬるま湯で洗うこと。なお、症状が重い場合には、眼科医の診療を受けること<BR>
(4)外用にのみ使用すること<BR>
(5)1週間あたり50mLを越えて使用しないこと<BR>
●塗布部位をラップフィルムなどの通気性の悪いもので覆わないこと<BR>
●皮ふの特に弱い人は、同じところに続けて使用しないこと<BR>
●同じ部位に他の外用剤を併用しないこと</TD>
</TR>
<TR>
<TD class=d>成分・分量</TD>
<TD class=e>100mL中<BR>
インドメタシン・・・1000mg<BR>
ｌ－メントール・・・3000mg<BR>
添加物として、グリチルレチン酸、ベンジルアルコール、ラウロマクロゴール、炭酸プロピレン、ｐH調節剤、BHT、ハアセチルしょ糖、エタノールを含有する</TD>
</TR>
<TR>
<TD class=d>区　分</TD>
<TD class=e>第2類医薬品/外用消炎鎮痛剤/日本製</TD>
</TR>
<TR>
<TD class=d>ご注意</TD>
<TD class=e>●使用上の注意<BR>
【してはいけないこと】<BR>
〈守らないと現在の症状が悪化したり，副作用が起こりやすくなります〉<BR>1.次の人は使用しないこと<BR>
(1)本剤または本剤の成分によりアレルギー症状を起こしたことがある人<BR>
(2)ぜんそくを起こしたことがある人<BR>
2.次の部位には使用しないこと<BR>
(1)目の周囲、粘膜など<BR>
(2)湿疹、かぶれ、傷口<BR>
(3)みずむし・たむしなど、または化膿している患部<BR>
3.長期連用しないこと<BR>
<BR>
【相談すること】<BR>1.次の人は使用前に医師、薬剤師または登録販売者に相談すること<BR>
(1)医師の治療を受けている人<BR>
(2)妊婦または妊娠していると思われる人<BR>
(3)薬などによりアレルギー症状を起こしたことがある人<BR>
2.使用後、次の症状があらわれた場合は副作用の可能性があるので、直ちに使用を中止し、このパッケージを持って医師、薬剤師または登録販売者に相談すること<BR>
皮ふ・・・発疹・発赤、かゆみ、はれ、かぶれ、ヒリヒリ感、熱感、乾燥感<BR>
3.5～6日間使用しても症状がよくならない場合は使用を中止し、このパッケージを持って医師、薬剤師または登録販売者に相談すること<BR>
<BR>
●保管および取扱い上の注意<BR>(1)直射日光の当たらない湿気の少ない涼しいところ(冷暗所)にキャップをしっかりしめて立てて保管すること<BR>
(2)小児の手の届かないところに保管すること<BR>
(3)他の容器に入れ替えないこと(誤用の原因になったり品質が変わる)<BR>
(4)火気に近づけないこと(エタノール含有物)<BR>
●キャップをしっかりしめないと液がもれることがある<BR>
●プラスチック製品(眼鏡わく、くし、便座など)、化繊の衣類、木材(塗料塗り家具、床など)、皮革などに液がつくと損耗したり、シミになることがあるので注意すること<BR>
●衣類に付着した場合には、各衣類の洗濯表示に従って、すみやかに洗うこと<BR>
火気厳禁<BR>
第二石油類　危険等級III　エタノール含有物<BR>
<BR>
◆本品記載の使用法・使用上の注意をよくお読みの上ご使用下さい。</TD>
</TR>
<TR>
<TD class=d>発売元</TD>
<TD class=e>小林製薬株式会社　大阪市中央区道修町4-4-10</TD>
</TR>
<TR>
<TD class=d>製造販売元</TD>
<TD class=e>小林製薬株式会社　大阪府茨木市豊川1-30-3</TD>
</TR>
<TR>
<TD class=d>お問合せ</TD>
<TD class=e>【お客様相談室】　フリーダイヤル：0120-5884-01<BR>受付時間9：00～17：00(土日祝日を除く)</TD>
</TR>
<TR>
<TD class=d>広告文責</TD>
<TD class=e>株式会社ツルハグループマーチャンダイジング<BR>
カスタマーセンター　0852-53-0680</TD>
</TR>
</TBODY>
</TABLE>
</TD>
</TR>
</TBODY>
</TABLE>
</TD>
</TR>
</TBODY>
</TABLE><BR>JANコード：4987072077603<BR><table border=""0"" width=""790"" cellpadding=""0"" cellspacing=""0"">
<!--セールここから-->
<tr valign=""top"">
<td width=""790"" valign=""top"" height=""123"">

<img src=""http://image.rakuten.co.jp/tsuruha/cabinet/sale2/0428tokubai_790120.jpg"" width=""790"" height=""120"" border=""0"" alt=""特売セール"">
</td>
</tr>
<!--セールここまで-->

<!--紫外線対策ここから-->
<tr valign=""top"">
<td width=""790"" valign=""top"" height=""133"">

<img src=""http://image.rakuten.co.jp/tsuruha/cabinet/banner3/uvtaisaku2_790120.jpg"" width=""790"" height=""120"" border=""0"" alt=""早目のUVケアで肌をダメージから守る！　紫外線・UV対策"">
</td>
</tr>
<!--紫外線対策ここまで-->

<!--風邪・ウイルス対策特集ここから-->
<!--tr valign=""top"">
<td width=""790"" valign=""top"" height=""133"">

<img src=""http://image.rakuten.co.jp/tsuruha/cabinet/banner3/kazeuirusu790120.jpg"" width=""790"" height=""120"" border=""0"" alt=""風邪・ウイルス対策特集"">
</td>
</tr-->
<!--風邪・ウイルス対策特集ここまで-->

<!--ヘアレシピここから-->
<!--tr valign=""top"">
<td width=""790"" valign=""top"" height=""133"">

<img src=""http://image.rakuten.co.jp/tsuruha/cabinet/banner3/hair_recipe_2_790130.jpg"" width=""790"" height=""130"" border=""0"" alt=""ヘアレシピ"">
</td>
</tr-->
<!--ヘアレシピここまで-->

<!--セーラームーンここから-->
<!--tr valign=""top"">
<td width=""790"" valign=""top"" height=""133"">

<img src=""http://image.rakuten.co.jp/tsuruha/cabinet/banner3/elis_korabo790120.jpg"" width=""790"" height=""120"" border=""0"" alt=""セーラームーンコラボグッズプレゼントキャンペーン"">
</td>
</tr-->
<!--セーラームーンここまで-->


</table>",【第2類医薬品】小林製薬　アンメルシン1％ヨコヨコ　(80mL)　【セルフメディケーション税制対象商品】　ツルハドラッグ：ツルハドラッグ,ドラッグストアスキンケア化粧品ベビー薬健康ツルハツルハドラッグダイエット健康食品サプリハブラシヘアケアエゾエース入浴剤ナップルツルハグループ介護用品医薬品生コラーゲン【第2類医薬品】小林製薬　アンメルシン1％ヨコヨコ　(80mL)　【セルフメディケーション税制対象商品】　ツルハドラッグ,【第2類医薬品】小林製薬　アンメルシン1％ヨコヨコ　(80mL)　【セルフメディケーション税制対象商品】　ツルハドラッグ[rn]
28-87610,http://tshop.r10s.jp/tsuruha/cabinet/shouhin19/4987188150894.jpg?fitin=700:700,724.0000,,,【第2類医薬品】久光製薬　サロンシップ　インドメタシンEX　(12枚入)　【セルフメディケーション税制対象商品】　ツルハドラッグ,,"<!--購入数制限ここから-->
<p><b>お買い上げいただける個数は5個までです</b></p><br>
<!--購入数制限ここまで-->
<p>リニューアルに伴いパッケージ・内容等予告なく変更する場合がございます。予めご了承ください。</p>
<TABLE class=item-main>
<TBODY>
<TR>
<TD>
<TABLE class=item-table>
<TBODY>
<TR class=a>
<TD class=b></TD>
<TD class=c><BR>
<TABLE class=item>
<TBODY>
<TR>
<TD class=d>名　称</TD>
<TD class=e>サロンシップ インドメタシンＥＸ</TD>
</TR>
<TR>
<TD class=d>内容量</TD>
<TD class=e>12枚　サイズ：10cm×14cm</TD>
</TR>
<TR>
<TD class=d>特　徴</TD>
<TD class=e>◆インドメタシン配合で優れた鎮痛消炎効果<br>
腰や関節などのしつこい痛みの元に直接作用する「インドメタシン」がジワリと浸透し、優れた鎮痛消炎効果を発揮します。<br>
<br>
◆保湿チャック付き<br>
内袋には、保管に便利な保湿チャックがついていて、シップ剤の乾燥を防ぎます。</TD>
</TR>
<TR>
<TD class=d>効能・効果</TD>
<TD class=e>関節痛、腱鞘炎（手・手首の痛み）、肘の痛み（テニス肘等）、筋肉痛、腰痛、打撲、ねんざ、肩こりに伴う肩の痛み</TD>
</TR>
<TR>
<TD class=d>用法・用量</TD>
<TD class=e>プラスチックフィルムをはがし、1日2回を限度として患部に貼ってください。<br>
<br>【用法・用量に関連する注意】<BR>(1)15歳未満の小児に使用させないでください。<BR>(2)本剤は痛みやはれ等の原因になっている病気を治療するのではなく、痛みやはれ等の症状のみを治療する薬剤ですので、症状がある場合だけ使用してください。<BR>(3)汗をかいたり、患部がぬれている時は、よく拭き取ってから使用してください。<BR>
(4)皮膚の弱い人は、使用前に腕の内側の皮膚の弱い個所に、1～2cm角の小片を目安として半日以上貼り、発疹・発赤、かゆみ、かぶれ等の症状が起きないことを確かめてから使用してください。</TD>
</TR>
<TR>
<TD class=d>成分・分量</TD>
<TD class=e>膏体100g中<br>
インドメタシン・・・0.5g<br>
添加物として、エデト酸Na、N-メチル-2-ピロリドン、L-メントール、カオリン、カルボキシビニルポリマー、カルボキシメチルセルロースNa、グリセリン、ケイ酸アルミン酸Mg、酸化チタン、D-ソルビトール、ポリアクリル酸部分中和物、ポリオキシエチレン硬化ヒマシ油、ポリビニルアルコール（部分けん化物）、水を含有します。</TD>
</TR>
<TR>
<TD class=d>区　分</TD>
<TD class=e>第2類医薬品/鎮痛消炎シップ剤/日本製</TD>
</TR>
<TR>
<TD class=d>ご注意</TD>
<TD class=e>【使用上の注意】<BR>
●してはいけないこと(守らないと現在の症状が悪化したり、副作用が起こりやすくなります)<br>1.次の人は使用しないでください。<BR>(1)本剤又は本剤の成分によりアレルギー症状を起こしたことがある人。<BR>(2)ぜんそくを起こしたことがある人。<BR>(3)15歳未満の小児。<BR>2.次の部位には使用しないでください。<BR>(1)目の周囲、粘膜等。<BR>(2)湿疹、かぶれ、傷口。<BR>(3)みずむし・たむし等又は化膿している患部。<BR>
3.連続して2週間以上使用しないでください。<br>
●相談すること<br>1.次の人は使用前に医師、薬剤師又は登録販売者にご相談ください。<BR>(1)医師の治療を受けている人。<BR>(2)妊婦又は妊娠していると思われる人。<BR>(3)薬などによりアレルギー症状を起こしたことがある人。<BR>
2.使用後、次の症状があらわれた場合は副作用の可能性がありますので、直ちに使用を中止し、箱を持って医師、薬剤師又は登録販売者にご相談ください。<BR>
［関係部位：症状］<br>
皮膚：発疹・発赤、かゆみ、はれ、ヒリヒリ感、熱感、乾燥感<BR>
3.5～6日間使用しても症状がよくならない場合は使用を中止し、箱を持って医師、薬剤師又は登録販売者にご相談ください。<br>
<br>
【保管及び取り扱い上の注意】<br>(1)直射日光の当たらない湿気の少ない涼しい所に保管してください。<BR>(2)小児の手の届かない所に保管してください。<BR>(3)他の容器に入れ替えないでください(誤用の原因になったり品質が変わることがあります)。<BR>(4)未使用分は袋に入れ、開口部のチャックを閉めるか又は開口部を折りまげて保管してください。<BR>(5)使用期限を過ぎた商品は使用しないでください。<br>
<BR>
◆本品記載の使用法・使用上の注意をよくお読みの上ご使用下さい。</TD>
</TR>
<TR>
<TD class=d>製造販売元</TD>
<TD class=e>久光製薬株式会社<br>
鳥栖市田代大官町408</TD>
</TR>
<TR>
<TD class=d>お問合せ</TD>
<TD class=e>お客様相談室<br>
電話/0120-133250<br>
受付時間/9：00～12：00、13：00～17：50（土、日、祝日を除く）</TD>
</TR>
<TR>
<TD class=d>広告文責</TD>
<TD class=e>株式会社ツルハグループマーチャンダイジング<BR>
カスタマーセンター　0852-53-0680</TD>
</TR>
</TBODY>
</TABLE>
</TD>
</TR>
</TBODY>
</TABLE>
</TD>
</TR>
</TBODY>
</TABLE><BR>JANコード：4987188150894<BR><table border=""0"" width=""790"" cellpadding=""0"" cellspacing=""0"">
<!--セールここから-->
<tr valign=""top"">
<td width=""790"" valign=""top"" height=""123"">

<img src=""http://image.rakuten.co.jp/tsuruha/cabinet/sale2/0428tokubai_790120.jpg"" width=""790"" height=""120"" border=""0"" alt=""特売セール"">
</td>
</tr>
<!--セールここまで-->

<!--紫外線対策ここから-->
<tr valign=""top"">
<td width=""790"" valign=""top"" height=""133"">

<img src=""http://image.rakuten.co.jp/tsuruha/cabinet/banner3/uvtaisaku2_790120.jpg"" width=""790"" height=""120"" border=""0"" alt=""早目のUVケアで肌をダメージから守る！　紫外線・UV対策"">
</td>
</tr>
<!--紫外線対策ここまで-->

<!--風邪・ウイルス対策特集ここから-->
<!--tr valign=""top"">
<td width=""790"" valign=""top"" height=""133"">

<img src=""http://image.rakuten.co.jp/tsuruha/cabinet/banner3/kazeuirusu790120.jpg"" width=""790"" height=""120"" border=""0"" alt=""風邪・ウイルス対策特集"">
</td>
</tr-->
<!--風邪・ウイルス対策特集ここまで-->

<!--ヘアレシピここから-->
<!--tr valign=""top"">
<td width=""790"" valign=""top"" height=""133"">

<img src=""http://image.rakuten.co.jp/tsuruha/cabinet/banner3/hair_recipe_2_790130.jpg"" width=""790"" height=""130"" border=""0"" alt=""ヘアレシピ"">
</td>
</tr-->
<!--ヘアレシピここまで-->

<!--セーラームーンここから-->
<!--tr valign=""top"">
<td width=""790"" valign=""top"" height=""133"">

<img src=""http://image.rakuten.co.jp/tsuruha/cabinet/banner3/elis_korabo790120.jpg"" width=""790"" height=""120"" border=""0"" alt=""セーラームーンコラボグッズプレゼントキャンペーン"">
</td>
</tr-->
<!--セーラームーンここまで-->


</table>",【第2類医薬品】久光製薬　サロンシップ　インドメタシンEX　(12枚入)　【セルフメディケーション税制対象商品】　ツルハドラッグ：ツルハドラッグ,ドラッグストアスキンケア化粧品ベビー薬健康ツルハツルハドラッグダイエット健康食品サプリハブラシヘアケアエゾエース入浴剤ナップルツルハグループ介護用品医薬品生コラーゲン【第2類医薬品】久光製薬　サロンシップ　インドメタシンEX　(12枚入)　【セルフメディケーション税制対象商品】　ツルハドラッグ,【第2類医薬品】久光製薬　サロンシップ　インドメタシンEX　(12枚入)　【セルフメディケーション税制対象商品】　ツルハドラッグ[rn]
28-87611,http://tshop.r10s.jp/tsuruha/cabinet/shouhin19/4987188123379.jpg?fitin=700:700,517.6000,,,【第2類医薬品】久光製薬　フェイタス　Z　ゲル　(25g)　【セルフメディケーション税制対象商品】　ツルハドラッグ,,"<!--購入数制限ここから-->
<p><b>お買い上げいただける個数は5個までです</b></p><br>
<!--購入数制限ここまで-->
<p>リニューアルに伴いパッケージ・内容等予告なく変更する場合がございます。予めご了承ください。</p>
<TABLE class=item-main>
<TBODY>
<TR>
<TD>
<TABLE class=item-table>
<TBODY>
<TR class=a>
<TD class=b></TD>
<TD class=c><BR>
<TABLE class=item>
<TBODY>
<TR>
<TD class=d>名　称</TD>
<TD class=e>フェイタスＺゲル</TD>
</TR>
<TR>
<TD class=d>内容量</TD>
<TD class=e>25g</TD>
</TR>
<TR>
<TD class=d>特　徴</TD>
<TD class=e>●鎮痛消炎成分ジクロフェナクナトリウム1.0％配合。しつこい痛みに効きます。<br>
<br>
●清涼感のあるアルコールゲルなので、なめらかに伸びて塗りやすく、すぐに乾きます。<br>
<br>
●ラミネートチューブなので、しわになりにくく、最後まで使いきれます。</TD>
</TR>
<TR>
<TD class=d>効能・効果</TD>
<TD class=e>腰痛、筋肉痛、肩こりに伴う肩の痛み、関節痛、腱鞘炎（手・手首の痛み）、肘の痛み（テニス肘など）、打撲、ねんざ</TD>
</TR>
<TR>
<TD class=d>用法・用量</TD>
<TD class=e>1日3～4回、適量を患部に塗擦してください。ただし、塗擦部位をラップフィルム等の通気性の悪いもので覆わないでください。なお、本成分を含む他の外用剤を併用しないでください。<br>
<br>
【用法・用量に関連する注意】<br>(1) 15歳未満の小児に使用させないでください。<br>
(2) 用法・用量を厳守してください。<br>
(3) 本剤は、痛みやはれ等の原因になっている病気を治療するのではなく、痛みやはれ等の症状のみを治療する薬剤なので、症状がある場合だけ使用してください。<br>
(4) 目に入らないように注意してください。万一、目に入った場合には、すぐに水又はぬるま湯で洗ってください。なお、症状が重い場合には、眼科医の診療を受けてください。<br>
(5) 外用にのみ使用してください。<br>
(6) 1週間あたり、50gを超えて使用しないでください。<br>
(7) 同じ部位に他の外用剤を併用しないでください。<br>
(8) 通気性の悪いもの（ラップフィルム、矯正ベルト等）で使用部位を覆い、密封状態にしないでください。<br>
(9) 使用後は手を洗ってください。</TD>
</TR>
<TR>
<TD class=d>成分・分量</TD>
<TD class=e>1g中<br>
ジクロフェナクナトリウム・・・10mg<br>
添加物として、アジピン酸ジイソプロピル、イソプロパノール、乳酸、ヒドロキシエチルセルロース、ヒドロキシプロピルセルロース、ピロ亜硫酸Naを含有します。</TD>
</TR>
<TR>
<TD class=d>区　分</TD>
<TD class=e>第2類医薬品/ジクロフェナクナトリウム配合ゲル剤/日本製</TD>
</TR>
<TR>
<TD class=d>ご注意</TD>
<TD class=e>【使用上の注意】<BR>
●してはいけないこと(守らないと現在の症状が悪化したり、副作用が起こりやすくなります)<br>1． 次の人は使用しないでください。<br>
　(1)本剤又は本剤の成分によりアレルギー症状を起こしたことがある人。<br>
　(2)ぜんそくを起こしたことがある人。<br>
　(3)妊婦又は妊娠していると思われる人。<br>
　(4)15歳未満の小児。<br>
2． 次の部位には使用しないでください。<br>
　(1)目の周囲、粘膜等。<br>
　(2)皮膚の弱い部位（顔、頭、わきの下等）<br>
　(3)湿疹、かぶれ、傷口。<br>
　(4)みずむし・たむし等又は化膿している患部。<br>
3． 本剤を使用している間は、他の外用鎮痛消炎薬を併用しないでください。<br>
4． 長期連用しないでください。<br>
<br>
●相談すること<br>1．次の人は使用前に医師、薬剤師又は登録販売者にご相談ください。<br>
　(1)医師の治療を受けている人。<br>
　(2)薬などによりアレルギー症状を起こしたことがある人。<br>
　(3)次の医薬品の投与を受けている人。<br>
　　ニューキノロン系抗菌剤<br>
2．使用後、次の症状があらわれた場合は副作用の可能性がありますので、直ちに使用を中止し、説明書を持って医師、薬剤師又は登録販売者にご相談ください。<br>
[関係部位：症状]<br>
皮膚：発疹・発赤、かゆみ、かぶれ、はれ、皮膚のあれ、刺激感、色素沈着、水疱、落屑（皮膚片の細かい脱落）<br>
まれに下記の重篤な症状が起こることがあります。その場合は直ちに医師の診療を受けてください。<br>
[症状の名称：症状]<br>
ショック（アナフィラキシー）：使用後すぐに、皮膚のかゆみ、じんましん、声のかすれ、くしゃみ、のどのかゆみ、息苦しさ、動悸、意識の混濁等があらわれます。<br>
接触皮膚炎・光線過敏症：塗擦部に強いかゆみを伴う発疹・発赤、はれ、刺激感、水疱・ただれ等の激しい皮膚炎症状や色素沈着、白斑があらわれ、中には発疹・発赤、かゆみ等の症状が全身に広がることがあります。また日光が当たった部位に症状があらわれたり、悪化することがあります。<br>
3．5～6日間使用しても症状がよくならない場合は使用を中止し、この説明書を持って医師、薬剤師又は登録販売者にご相談ください。<br>
<br>【保管及び取扱い上の注意】<br> (1) 直射日光の当たらない涼しい所に保管してください。<br>
(2) 小児の手の届かない所に保管してください。<br>
(3) 他の容器に入れ替えないでください（誤用の原因になったり、品質が変わることがあります）。<br>
(4) 火気に近づけないでください。<br>
(5) 使用期限を過ぎた商品は使用しないでください。 <br>
<BR>
◆本品記載の使用法・使用上の注意をよくお読みの上ご使用下さい。</TD>
</TR>
<TR>
<TD class=d>製造販売元</TD>
<TD class=e>久光製薬株式会社<br>
鳥栖市田代大官町408</TD>
</TR>
<TR>
<TD class=d>お問合せ</TD>
<TD class=e>お客様相談室<br>
電話/0120-133250<br>
受付時間/9：00～12：00、13：00～17：50（土、日、祝日を除く）</TD>
</TR>
<TR>
<TD class=d>広告文責</TD>
<TD class=e>株式会社ツルハグループマーチャンダイジング<BR>
カスタマーセンター　0852-53-0680</TD>
</TR>
</TBODY>
</TABLE>
</TD>
</TR>
</TBODY>
</TABLE>
</TD>
</TR>
</TBODY>
</TABLE><BR>JANコード：4987188123379<BR><table border=""0"" width=""790"" cellpadding=""0"" cellspacing=""0"">
<!--セールここから-->
<tr valign=""top"">
<td width=""790"" valign=""top"" height=""123"">

<img src=""http://image.rakuten.co.jp/tsuruha/cabinet/sale2/0428tokubai_790120.jpg"" width=""790"" height=""120"" border=""0"" alt=""特売セール"">
</td>
</tr>
<!--セールここまで-->

<!--紫外線対策ここから-->
<tr valign=""top"">
<td width=""790"" valign=""top"" height=""133"">

<img src=""http://image.rakuten.co.jp/tsuruha/cabinet/banner3/uvtaisaku2_790120.jpg"" width=""790"" height=""120"" border=""0"" alt=""早目のUVケアで肌をダメージから守る！　紫外線・UV対策"">
</td>
</tr>
<!--紫外線対策ここまで-->

<!--風邪・ウイルス対策特集ここから-->
<!--tr valign=""top"">
<td width=""790"" valign=""top"" height=""133"">

<img src=""http://image.rakuten.co.jp/tsuruha/cabinet/banner3/kazeuirusu790120.jpg"" width=""790"" height=""120"" border=""0"" alt=""風邪・ウイルス対策特集"">
</td>
</tr-->
<!--風邪・ウイルス対策特集ここまで-->

<!--ヘアレシピここから-->
<!--tr valign=""top"">
<td width=""790"" valign=""top"" height=""133"">

<img src=""http://image.rakuten.co.jp/tsuruha/cabinet/banner3/hair_recipe_2_790130.jpg"" width=""790"" height=""130"" border=""0"" alt=""ヘアレシピ"">
</td>
</tr-->
<!--ヘアレシピここまで-->

<!--セーラームーンここから-->
<!--tr valign=""top"">
<td width=""790"" valign=""top"" height=""133"">

<img src=""http://image.rakuten.co.jp/tsuruha/cabinet/banner3/elis_korabo790120.jpg"" width=""790"" height=""120"" border=""0"" alt=""セーラームーンコラボグッズプレゼントキャンペーン"">
</td>
</tr-->
<!--セーラームーンここまで-->


</table>",【第2類医薬品】久光製薬　フェイタス　Z　ゲル　(25g)　【セルフメディケーション税制対象商品】　ツルハドラッグ：ツルハドラッグ,ドラッグストアスキンケア化粧品ベビー薬健康ツルハツルハドラッグダイエット健康食品サプリハブラシヘアケアエゾエース入浴剤ナップルツルハグループ介護用品医薬品生コラーゲン【第2類医薬品】久光製薬　フェイタス　Z　ゲル　(25g)　【セルフメディケーション税制対象商品】　ツルハドラッグ,【第2類医薬品】久光製薬　フェイタス　Z　ゲル　(25g)　【セルフメディケーション税制対象商品】　ツルハドラッグ[rn]
28-87612,http://tshop.r10s.jp/tsuruha/cabinet/shouhin16/4987117372014.jpg?fitin=700:700,929.6000,,,【第2類医薬品】大鵬薬品工業　ゼノールエクサムSX　(43ｇ)　【セルフメディケーション税制対象商品】　ツルハドラッグ,,"<!--購入数制限ここから-->
<p><b>お買い上げいただける個数は5個までです</b></p><br>
<!--購入数制限ここまで-->
<p>リニューアルに伴いパッケージ・内容等予告なく変更する場合がございます。予めご了承ください。</p>
<TABLE class=item-main>
<TBODY>
<TR>
<TD>
<TABLE class=item-table>
<TBODY>
<TR class=a>
<TD class=b></TD>
<TD class=c><BR>
<TABLE class=item>
<TBODY>
<TR>
<TD class=d>名　称</TD>
<TD class=e>ゼノールエクサムSX</TD>
</TR>
<TR>
<TD class=d>内容量</TD>
<TD class=e>43g</TD>
</TR>
<TR>
<TD class=d>特　徴</TD>
<TD class=e>○フェルビナクが患部に浸透して、関節・筋肉・肩の痛みをとります。<BR>
○直ぬりチックタイプだから、ぬりやすく、手を汚しません。<BR>
○べたつかないので、すぐ服を着ることができます。<BR>
○使いやすい新設計容器です。</TD>
</TR>
<TR>
<TD class=d>効　能<BR>
効　果</TD>
<TD class=e>関節痛、筋肉痛、肩こりに伴う肩の痛み、腰痛、打撲、捻挫（ねんざ）、腱鞘炎（手・手首・足首の痛みとはれ）、肘の痛み（テニス肘など）</TD>
</TR>
<TR>
<TD class=d>用法・用量</TD>
<TD class=e>1日2～4回、適量を患部にすり込んでください。<BR>
<BR>
＜使い方＞<BR>
容器の底部を回し、薬剤を4～5mm出して使用してください。<BR>
<BR>
＜用法・用量に関連する注意＞<BR>
（1）用法・用量を厳守してください。 <BR>
（2）目に入らないようご注意ください。万一、目に入った場合には、すぐに水又はぬるま湯で洗ってください。なお、症状が重い場合には、眼科医の診療を受けてください。 <BR>
（3）本剤は外用にのみ使用し、内服しないでください。 <BR>
（4）本剤塗布後の患部を、ラップフィルム等の通気性の悪いものでおおわないでください。 <BR>
（5）患部の汗をふきとってから使用してください。 <BR>
（6）容器が直接患部に当たらないように、容器の中の薬剤を4～5mm出してから使用してください。 <BR>
（7）薬剤底部の受け皿が見え、皿の上面が露出するようになったら、本剤の使用をやめてください。また、受け皿に残った薬剤は無理に使用しないでください。</TD>
</TR>
<TR>
<TD class=d>成分</TD>
<TD class=e>（100g中）<BR>
フェルビナク・・・3.0g<BR>
L-メントール・・・3.0g<BR>
<BR>
添加物として、イソプロパノール、プロピレングリコール、マクロゴール、ポリオキシエチレン硬化ヒマシ油、ステアリン酸Na、1,3-ブチレングリコール、オレイルアルコール、スクワラン、pH調整剤を含有します。</TD>
</TR>
<TR>
<TD class=d>区　分</TD>
<TD class=e>第2類医薬品</TD>
</TR>
<TR>
<TD class=d>ご注意</TD>
<TD class=e>＜してはいけないこと＞<BR>
（守らないと現在の症状が悪化したり、副作用が起こりやすくなります。）<BR>
1.次の人は使用しないでください。 <BR>
（1）本剤又は本剤の成分によりアレルギー症状を起こしたことがある人 <BR>
（2）ぜんそくを起こしたことがある人 <BR>
（3）妊婦又は妊娠していると思われる人 <BR>
（4）15歳未満の小児 <BR>
2.次の部位には使用しないでください。 <BR>
（1）目の周囲、粘膜等 <BR>
（2）湿疹、かぶれ、傷口 <BR>
（3）みずむし・たむし等又は化膿している患部 <BR>
<BR>
＜相談すること＞<BR>
1.次の人は使用前に医師、薬剤師又は登録販売者に相談してください。 <BR>
（1）医師の治療を受けている人 <BR>
（2）薬などによりアレルギー症状を起こしたことがある人 <BR>
2.使用後、次の症状があらわれた場合は副作用の可能性があるので、直ちに使用を中止し、説明書きを持って医師、薬剤師又は登録販売者に相談してください。<BR>
（関係部位・・・症状）<BR>
●皮膚・・・発疹・発赤、かゆみ、はれ、ヒリヒリ感、かぶれ <BR>
3.1週間位使用しても症状がよくならない場合は使用を中止し、説明書きを持って医師、薬剤師又は登録販売者に相談してください。 <BR>
<BR>
■保管及び取扱い上の注意<BR>（1）直射日光の当たらない涼しい所に保管してください。 <BR>
（2）揮発性がありますので、使用後はキャップをきちんと閉めて、外気にふれないようにしてください。 <BR>
（3）小児の手の届かない所に保管してください。 <BR>
（4）他の容器に入れかえないでください。（誤用の原因になったり品質が変わります。） <BR>
（5）本剤を火気に近づけないでください。また、使用後は火中に投じないでください。 <BR>
（6）塗料（家具、塗装床、アクセサリー等）、化繊、絹、皮革等に付着すると変質することがありますので、ご注意ください。 <BR>
（7）使用期限が過ぎた製品は使用しないでください。また、開封後は使用期限内であっても、品質保持の点からなるべく速やかに使用してください。 <BR>
<BR>
◆本品記載の使用法・使用上の注意をよくお読みの上ご使用下さい。</TD>
</TR>
<TR>
<TD class=d>製造販売元</TD>
<TD class=e>【製造販売元】三笠製薬株式会社<BR>
東京都練馬区豊玉北2-3-1<BR>
<BR>
【販売元】大鵬薬品工業株式会社<BR>
東京都千代田区神田錦町1-27</TD>
</TR>
<TR>
<TD class=d>お問合せ</TD>
<TD class=e>【大鵬薬品工業株式会社　お客様相談室】<BR>
（電話）03-3293-4509<BR>
（受付時間）9：00～17：30（土・日・祝日を除く）<BR>
<BR>
【副作用被害救済制度】<BR>
0120-149-931</TD>
</TR>
<TR>
<TD class=d>広告文責</TD>
<TD class=e>株式会社ツルハグループマーチャンダイジング<BR>
カスタマーセンター　0852-53-0680</TD>
</TR>
</TBODY>
</TABLE>
</TD>
</TR>
</TBODY>
</TABLE>
</TD>
</TR>
</TBODY>
</TABLE><BR>JANコード：4987117372014<BR><table border=""0"" width=""790"" cellpadding=""0"" cellspacing=""0"">
<!--セールここから-->
<tr valign=""top"">
<td width=""790"" valign=""top"" height=""123"">

<img src=""http://image.rakuten.co.jp/tsuruha/cabinet/sale2/0428tokubai_790120.jpg"" width=""790"" height=""120"" border=""0"" alt=""特売セール"">
</td>
</tr>
<!--セールここまで-->

<!--紫外線対策ここから-->
<tr valign=""top"">
<td width=""790"" valign=""top"" height=""133"">

<img src=""http://image.rakuten.co.jp/tsuruha/cabinet/banner3/uvtaisaku2_790120.jpg"" width=""790"" height=""120"" border=""0"" alt=""早目のUVケアで肌をダメージから守る！　紫外線・UV対策"">
</td>
</tr>
<!--紫外線対策ここまで-->

<!--風邪・ウイルス対策特集ここから-->
<!--tr valign=""top"">
<td width=""790"" valign=""top"" height=""133"">

<img src=""http://image.rakuten.co.jp/tsuruha/cabinet/banner3/kazeuirusu790120.jpg"" width=""790"" height=""120"" border=""0"" alt=""風邪・ウイルス対策特集"">
</td>
</tr-->
<!--風邪・ウイルス対策特集ここまで-->

<!--ヘアレシピここから-->
<!--tr valign=""top"">
<td width=""790"" valign=""top"" height=""133"">

<img src=""http://image.rakuten.co.jp/tsuruha/cabinet/banner3/hair_recipe_2_790130.jpg"" width=""790"" height=""130"" border=""0"" alt=""ヘアレシピ"">
</td>
</tr-->
<!--ヘアレシピここまで-->

<!--セーラームーンここから-->
<!--tr valign=""top"">
<td width=""790"" valign=""top"" height=""133"">

<img src=""http://image.rakuten.co.jp/tsuruha/cabinet/banner3/elis_korabo790120.jpg"" width=""790"" height=""120"" border=""0"" alt=""セーラームーンコラボグッズプレゼントキャンペーン"">
</td>
</tr-->
<!--セーラームーンここまで-->


</table>",【第2類医薬品】大鵬薬品工業　ゼノールエクサムSX　(43ｇ)　【セルフメディケーション税制対象商品】　ツルハドラッグ：ツルハドラッグ,ドラッグストアスキンケア化粧品ベビー薬健康ツルハツルハドラッグダイエット健康食品サプリハブラシヘアケアエゾエース入浴剤ナップルツルハグループ介護用品医薬品生コラーゲン【第2類医薬品】大鵬薬品工業　ゼノールエクサムSX　(43ｇ)　【セルフメディケーション税制対象商品】　ツルハドラッグ,【第2類医薬品】大鵬薬品工業　ゼノールエクサムSX　(43ｇ)　【セルフメディケーション税制対象商品】　ツルハドラッグ[rn]
28-87613,http://tshop.r10s.jp/tsuruha/cabinet/shouhin16/4987107611154.jpg?fitin=700:700,2039.2000,,,【第2類医薬品】第一三共ヘルスケア　パテックス　フェルビナスターＶ　(35枚)　【セルフメディケーション税制対象商品】　ツルハドラッグ,,"<!--購入数制限ここから-->
<p><b>お買い上げいただける個数は5個までです</b></p><br>
<!--購入数制限ここまで-->
<p>リニューアルに伴いパッケージ・内容等予告なく変更する場合がございます。予めご了承ください。</p>
<TABLE class=item-main>
<TBODY>
<TR>
<TD>
<TABLE class=item-table>
<TBODY>
<TR class=a>
<TD class=b></TD>
<TD class=c><BR>
<TABLE class=item>
<TBODY>
<TR>
<TD class=d>名　称</TD>
<TD class=e>パテックス フェルビナスターＶ</TD>
</TR>
<TR>
<TD class=d>内容量</TD>
<TD class=e>35枚（7枚×5袋）・7cm×10cm </TD>
</TR>
<TR>
<TD class=d>特　徴</TD>
<TD class=e>○フェルビナクを1枚あたり35mg配合した鎮痛消炎テープ剤です。<BR>
○フェルビナクは痛みの原因物質（プロスタグランジン）の生成をおさえ、肩・腰・関節・筋肉のつらい痛みにすぐれた効き目をあらわします。<BR>
○トコフェロール酢酸エステルが末梢の血流を促進し、肩や腰の痛みを改善します。<BR>
○伸縮性にすぐれているので、関節部などの可動部にも使用しやすく、肌にピッタリとフィットします。<BR>
○基布の色がモカベージュ色なので、服の下でも目立ちません。</TD>
</TR>
<TR>
<TD class=d>効　能<BR>
効　果</TD>
<TD class=e>肩こりに伴う肩の痛み、腰痛、関節痛、筋肉痛、腱鞘炎（手・手首・足首の痛みとはれ）、肘の痛み（テニス肘など）、打撲、捻挫</TD>
</TR>
<TR>
<TD class=d>用法・用量</TD>
<TD class=e>○15歳以上・・・表面のフィルムをはがし、1日2回を限度として患部に貼付して下さい。<BR>
○15歳未満・・・使用しないで下さい。</TD>
</TR>
<TR>
<TD class=d>成分</TD>
<TD class=e>膏体100g中<BR>
フェルビナク・・・5g<BR>
（痛みの原因物質（プロスタグランジン）の生成をおさえ、痛みをやわらげます。）<BR>
L-メントール・・・3g<BR>
（清涼感を与え、痛みをやわらげます。）<BR>
トコフェロール酢酸エステル・・・2.3g<BR>
（末梢の血流を促進し、肩や腰の痛みを改善します。）<BR>
添加物：N-メチル-2-ピロリドン、ポリイソブチレン、テルペン樹脂、スチレン・イソプレン・スチレンブロック共重合体、ジブチルヒドロキシトルエン、流動パラフィン、その他3成分<BR>
［1枚あたり（7cm×10cm）膏体量0.7g］</TD>
</TR>
<TR>
<TD class=d>区　分</TD>
<TD class=e>第2類医薬品</TD>
</TR>
<TR>
<TD class=d>ご注意</TD>
<TD class=e>●してはいけないこと<BR>
(守らないと現在の症状が悪化したり、副作用が起こりやすくなります)<BR>
1.次の人は使用しないで下さい<BR>
(1)本剤によるアレルギー症状(発疹・発赤、かゆみ、かぶれ等)を起こしたことがある人<BR>
(2)ぜんそくを起こしたことがある人<BR>
(3)妊婦又は妊娠していると思われる人<BR>
(4)15歳未満の小児<BR>
2.次の部位には使用しないで下さい<BR>
(1)目の周囲、粘膜等<BR>
(2)湿疹、かぶれ、傷口<BR>
(3)みずむし・たむし等又は化膿している患部<BR>
3.連続して2週間以上使用しないで下さい<BR>
<BR>
●相談すること<BR>
1.次の人は使用前に医師、薬剤師または登録販売者に相談して下さい<BR>
(1)医師の治療を受けている人<BR>
(2)本人又は家族がアレルギー体質の人<BR>
(3)薬や化粧品等によりアレルギー症状を起こしたことがある人<BR>
2.次の場合は、直ちに使用を中止し、この説明文書を持って医師、薬剤師または登録販売者に相談してください。<BR>
(1)使用後、次の症状があらわれた場合<BR>
・皮ふ：発疹・発赤、かゆみ、はれ、ヒリヒリ感。かぶれ、水疱<BR>
(2)5-6日間使用しても症状がよくならない場合 <BR>
<BR>
<BR>
■保管及び取扱い上の注意<BR>1.直射日光の当たらない湿気の少ない涼しい所に保管して下さい<BR>
2.小児の手の届かない所に保管して下さい<BR>
3.他の容器に入れ替えないで下さい(誤用の原因になったり品質が変わります)<BR>
4.品質保持のため、開封後の未使用分は袋に入れ、チャックをきちんと閉めて保管して下さい<BR>
5.使用期限を過ぎた製品は使用しないで下さい <BR>
<BR>
◆本品記載の使用法・使用上の注意をよくお読みの上ご使用下さい。</TD>
</TR>
<TR>
<TD class=d>製造販売元</TD>
<TD class=e>第一三共ヘルスケア株式会社<BR>
東京都中央区日本橋3-14-10 </TD>
</TR>
<TR>
<TD class=d>お問合せ</TD>
<TD class=e>【第一三共ヘルスケア株式会社 お客様相談室】<BR>
電話 03(5205)8331<BR>
受付時間 9：00-17：00(土、日、祝日を除く）</TD>
</TR>
<TR>
<TD class=d>広告文責</TD>
<TD class=e>株式会社ツルハグループマーチャンダイジング<BR>
カスタマーセンター　0852-53-0680</TD>
</TR>
</TBODY>
</TABLE>
</TD>
</TR>
</TBODY>
</TABLE>
</TD>
</TR>
</TBODY>
</TABLE><BR>JANコード：4987107611154<BR><table border=""0"" width=""790"" cellpadding=""0"" cellspacing=""0"">
<!--セールここから-->
<tr valign=""top"">
<td width=""790"" valign=""top"" height=""123"">

<img src=""http://image.rakuten.co.jp/tsuruha/cabinet/sale2/0428tokubai_790120.jpg"" width=""790"" height=""120"" border=""0"" alt=""特売セール"">
</td>
</tr>
<!--セールここまで-->

<!--紫外線対策ここから-->
<tr valign=""top"">
<td width=""790"" valign=""top"" height=""133"">

<img src=""http://image.rakuten.co.jp/tsuruha/cabinet/banner3/uvtaisaku2_790120.jpg"" width=""790"" height=""120"" border=""0"" alt=""早目のUVケアで肌をダメージから守る！　紫外線・UV対策"">
</td>
</tr>
<!--紫外線対策ここまで-->

<!--風邪・ウイルス対策特集ここから-->
<!--tr valign=""top"">
<td width=""790"" valign=""top"" height=""133"">

<img src=""http://image.rakuten.co.jp/tsuruha/cabinet/banner3/kazeuirusu790120.jpg"" width=""790"" height=""120"" border=""0"" alt=""風邪・ウイルス対策特集"">
</td>
</tr-->
<!--風邪・ウイルス対策特集ここまで-->

<!--ヘアレシピここから-->
<!--tr valign=""top"">
<td width=""790"" valign=""top"" height=""133"">

<img src=""http://image.rakuten.co.jp/tsuruha/cabinet/banner3/hair_recipe_2_790130.jpg"" width=""790"" height=""130"" border=""0"" alt=""ヘアレシピ"">
</td>
</tr-->
<!--ヘアレシピここまで-->

<!--セーラームーンここから-->
<!--tr valign=""top"">
<td width=""790"" valign=""top"" height=""133"">

<img src=""http://image.rakuten.co.jp/tsuruha/cabinet/banner3/elis_korabo790120.jpg"" width=""790"" height=""120"" border=""0"" alt=""セーラームーンコラボグッズプレゼントキャンペーン"">
</td>
</tr-->
<!--セーラームーンここまで-->


</table>",【第2類医薬品】第一三共ヘルスケア　パテックス　フェルビナスターＶ　(35枚)　【セルフメディケーション税制対象商品】　ツルハドラッグ：ツルハドラッグ,ドラッグストアスキンケア化粧品ベビー薬健康ツルハツルハドラッグダイエット健康食品サプリハブラシヘアケアエゾエース入浴剤ナップルツルハグループ介護用品医薬品生コラーゲン【第2類医薬品】第一三共ヘルスケア　パテックス　フェルビナスターＶ　(35枚)　【セルフメディケーション税制対象商品】　ツルハドラッグ,【第2類医薬品】第一三共ヘルスケア　パテックス　フェルビナスターＶ　(35枚)　【セルフメディケーション税制対象商品】　ツルハドラッグ[rn]
28-87614,http://tshop.r10s.jp/tsuruha/cabinet/shouhin42/4987067236008.jpg?fitin=700:700,1950.4000,,,【第2類医薬品】興和新薬　キューピーコーワ　コシテクター　(60錠)　腰痛　筋肉痛　神経痛の緩和　ツルハドラッグ,　,"　<!--購入数制限ここから-->
<p><b>お買い上げいただける個数は5個までです</b></p><br>
<!--購入数制限ここまで-->

<p>リニューアルに伴いパッケージ・内容等予告なく変更する場合がございます。予めご了承ください。</p>

<TABLE class=item-main>
<TBODY>
<TR>
<TD>
<TABLE class=item-table>
<TBODY>
<TR class=a>
<TD class=b></TD>
<TD class=c><BR>
<TABLE class=item>
<TBODY>
<TR>
<TD class=d>名　称</TD>
<TD class=e>キューピーコーワ　コシテクター</TD>
</TR>
<TR>
<TD class=d>内容量</TD>
<TD class=e>60錠</TD>
</TR>
<TR>
<TD class=d>特　徴</TD>
<TD class=e>◆腰痛は姿勢の悪さ、運動不足、ストレスなど、様々な要因によって引き起こされる症状です。これらの要因によって腰まわりの筋肉が凝り固まり、血流が滞ることなどで痛みを生じます。<br>
<br>
◆キューピーコーワコシテクターは、筋肉・神経の働きを円滑にする活性型ビタミンB1（ベンフォチアミン）の他、ビタミンB12（シアノコバラミン）、パントテン酸カルシウム、ガンマ-オリザノールを配合。加えて、血流促進作用のあるATP（アデノシン三リン酸二ナトリウム水和物）、ビタミンE（トコフェロールコハク酸エステルカルシウム）、オキソアミヂン末を同時配合しています。<br>
<br>
◆これらの有効成分が協調して働くことで、血流が改善され、エネルギー代謝や神経の機能を正常化し、腰痛・筋肉痛などをラクにしていきます。</TD>
</TR>
<TR>
<TD class=d>効能・効果</TD>
<TD class=e>1．次の諸症状の緩和：筋肉痛・関節痛（腰痛、肩こり、五十肩など）、神経痛、手足のしびれ、便秘、眼精疲労<br>
2．脚気<br>
「ただし、これら1・2の症状について、1ヵ月ほど使用しても改善がみられない場合は、医師又は薬剤師に相談してください。」<br>
3．次の場合のビタミンB1の補給：肉体疲労時、病中病後の体力低下時</TD>
</TR>
<TR>
<TD class=d>用法・用量</TD>
<TD class=e>下記の量を水又は温湯で服用してください。<br>
成人（15歳以上）・・・1回量1錠、1日服用回数3回<br>
15歳未満の小児・・・服用しないこと<br>
<br>
【用法・用量に関連する注意】<BR>（1）用法・用量を厳守してください。<br>
（2）錠剤をかんだり、つぶしたりせずにそのまま服用してください。<br>
（3）制酸剤や牛乳をのむ前後1時間位は服用しないでください。</TD>
</TR>
<TR>
<TD class=d>成分・分量</TD>
<TD class=e>3錠中<br>
アデノシン三リン酸二ナトリウム水和物（ATP）・・・60.0mg<br>
（すぐれた血流促進作用と代謝活性化作用で、腰痛、筋肉痛などに効果を発揮します。）<br>
トコフェロールコハク酸エステルカルシウム・・・51.79mg<br>
【dl-α-トコフェロールコハク酸エステル（V．E）として50.0mg】<br>
（血流促進作用のあるビタミンで、筋肉・神経の働きを助けます。）<br>
オキソアミヂン末・・・60.0mg<br>
（ニンニクから抽出した成分で、ニンニク特有のニオイが抑えてあります。ビタミン類の吸収促進作用や血流促進作用によって、腰痛などに効果を発揮します。）<br>
ベンフォチアミン・・・138.3mg<br>
【チアミン塩化物塩酸塩（V．B1）として100.0mg】<br>
（からだに取り込まれやすくした活性型ビタミンB1で、筋肉・神経の働きを円滑にし、腰痛、筋肉痛などを改善します。）<br>
シアノコバラミン（V．B12）・・・60.0μg<br>
（有効成分が協調して働くことで、筋肉・神経の働きを円滑にし、腰痛、筋肉痛などを改善します。）<br>
パントテン酸カルシウム・・・30.0mg<br>
（有効成分が協調して働くことで、筋肉・神経の働きを円滑にし、腰痛、筋肉痛などを改善します。）<br>
ガンマ-オリザノール・・・10.0mg<br>
（有効成分が協調して働くことで、筋肉・神経の働きを円滑にし、腰痛、筋肉痛などを改善します。）<br>
<br>
添加物：L-アスパラギン酸Mg、ヒドロキシプロピルセルロース、セルロース、ケイ酸Ca、クロスポビドン、ステアリン酸Mg、メタクリル酸共重合体LD、ラウリル硫酸Na、ポリソルベート80、クエン酸トリエチル、クエン酸、ヒプロメロース、白糖、アクリル酸エチル・メタクリル酸メチル共重合体、ポリオキシエチレンノニルフェニルエーテル、ポリオキシエチレンポリオキシプロピレングリコール、タルク、アラビアゴム、炭酸Ca、ゼラチン、酸化チタン、カルナウバロウ</TD>
</TR>
<TR>
<TD class=d>区　分</TD>
<TD class=e>第2類医薬品/ビタミンB1主薬製剤/日本製</TD>
</TR>
<TR>
<TD class=d>ご注意</TD>
<TD class=e>●相談すること<br>
1．次の人は服用前に医師、薬剤師又は登録販売者に相談してください<br>
（1）医師の治療を受けている人。<br>
（2）妊婦又は妊娠していると思われる人。<br>
（3）高齢者。<br>
（4）薬などによりアレルギー症状を起こしたことがある人。<br>
<br>
2．服用後、次の症状があらわれた場合は副作用の可能性がありますので、直ちに服用を中止し、添付文書を持って医師、薬剤師又は登録販売者に相談してください<br>
<br>
【関係部位：症状】<br>
皮膚：発疹・発赤、かゆみ<br>
消化器：吐き気・嘔吐、口内炎、食欲不振、胃腸障害<br>
精神神経系：頭痛、眠気、気分が落ち着かない<br>
その他：全身拍動感、耳なり、脱力感<br>
<br>
3．服用後、次の症状があらわれることがありますので、このような症状の持続又は増強が見られた場合には、服用を中止し、添付文書を持って医師、薬剤師又は登録販売者に相談してください<br>
軟便、下痢、便秘<br>
<br>
4．1ヵ月位服用しても症状がよくならない場合は服用を中止し、添付文書を持って医師、薬剤師又は登録販売者に相談してください<BR>
<BR>
●保管および取扱い上の注意<BR>（1）高温をさけ、直射日光の当たらない湿気の少ない涼しい所に密栓して保管してください。<br>
（2）小児の手の届かない所に保管してください。<br>
（3）他の容器に入れ替えないでください。（誤用の原因になったり品質が変わります。）<br>
（4）水分が錠剤につくと、錠剤表面が変色したり、亀裂を生じたりすることがありますので、水滴を落としたり、ぬれた手で触れないでください。誤って錠剤をぬらした場合は、ぬれた錠剤を廃棄してください。<br>
（5）容器の中の詰め物（ビニール）は、輸送中に錠剤が破損するのを防止するために入れてあるもので、キャップをあけた後は、必ず捨ててください。<br>
（6）容器のキャップのしめ方が不十分な場合、湿気などにより、品質に影響を与える場合がありますので、服用のつどキャップをよくしめてください。<br>
（7）容器の落下等の衝撃により錠剤に亀裂が入り、品質に影響を与える場合がありますので、外箱に入れて保管するなど、取扱いに注意してください。<br>
（8）外箱及びラベルの「開封年月日」記入欄に、キャップをあけた日付を記入してください。<br>
（9）使用期限（外箱及びラベルに記載）をすぎた製品は服用しないでください。また、一度キャップをあけた後は、品質保持の点から開封日より6ヵ月以内を目安に服用してください。<BR>
<BR>
◆本品記載の使用法・使用上の注意をよくお読みの上ご使用下さい。</TD>
</TR>
<TR>
<TD class=d>製造販売元</TD>
<TD class=e>興和株式会社　東京都中央区日本橋本町三丁目4-14</TD>
</TR>
<TR>
<TD class=d>お問合せ</TD>
<TD class=e>興和株式会社　医薬事業部　お客様相談センター<BR>
電話：03-3279-7755　受付時間：月～金（祝日を除く）9：00～17：00</TD>
</TR>
<TR>
<TD class=d>広告文責</TD>
<TD class=e>株式会社ツルハeコマース<BR>
カスタマーセンター　0852-53-0680</TD>
</TR>
</TBODY>
</TABLE>
</TD>
</TR>
</TBODY>
</TABLE>
</TD>
</TR>
</TBODY>
</TABLE>

<BR>JANコード：4987067236008<BR><table border=""0"" width=""790"" cellpadding=""0"" cellspacing=""0"">
<!--セールここから-->
<tr valign=""top"">
<td width=""790"" valign=""top"" height=""123"">

<img src=""http://image.rakuten.co.jp/tsuruha/cabinet/sale2/0428tokubai_790120.jpg"" width=""790"" height=""120"" border=""0"" alt=""特売セール"">
</td>
</tr>
<!--セールここまで-->

<!--紫外線対策ここから-->
<tr valign=""top"">
<td width=""790"" valign=""top"" height=""133"">

<img src=""http://image.rakuten.co.jp/tsuruha/cabinet/banner3/uvtaisaku2_790120.jpg"" width=""790"" height=""120"" border=""0"" alt=""早目のUVケアで肌をダメージから守る！　紫外線・UV対策"">
</td>
</tr>
<!--紫外線対策ここまで-->

<!--風邪・ウイルス対策特集ここから-->
<!--tr valign=""top"">
<td width=""790"" valign=""top"" height=""133"">

<img src=""http://image.rakuten.co.jp/tsuruha/cabinet/banner3/kazeuirusu790120.jpg"" width=""790"" height=""120"" border=""0"" alt=""風邪・ウイルス対策特集"">
</td>
</tr-->
<!--風邪・ウイルス対策特集ここまで-->

<!--ヘアレシピここから-->
<!--tr valign=""top"">
<td width=""790"" valign=""top"" height=""133"">

<img src=""http://image.rakuten.co.jp/tsuruha/cabinet/banner3/hair_recipe_2_790130.jpg"" width=""790"" height=""130"" border=""0"" alt=""ヘアレシピ"">
</td>
</tr-->
<!--ヘアレシピここまで-->

<!--セーラームーンここから-->
<!--tr valign=""top"">
<td width=""790"" valign=""top"" height=""133"">

<img src=""http://image.rakuten.co.jp/tsuruha/cabinet/banner3/elis_korabo790120.jpg"" width=""790"" height=""120"" border=""0"" alt=""セーラームーンコラボグッズプレゼントキャンペーン"">
</td>
</tr-->
<!--セーラームーンここまで-->


</table>",【第2類医薬品】興和新薬　キューピーコーワ　コシテクター　(60錠)　腰痛　筋肉痛　神経痛の緩和　ツルハドラッグ：ツルハドラッグ,ドラッグストアスキンケア化粧品ベビー薬健康ツルハツルハドラッグダイエット健康食品サプリハブラシヘアケアエゾエース入浴剤ナップルツルハグループ介護用品医薬品生コラーゲン【第2類医薬品】興和新薬　キューピーコーワ　コシテクター　(60錠)　腰痛　筋肉痛　神経痛の緩和　ツルハドラッグ,　。【第2類医薬品】興和新薬　キューピーコーワ　コシテクター　(60錠)　腰痛　筋肉痛　神経痛の緩和　ツルハドラッグ[rn]
28-87615,http://tshop.r10s.jp/tsuruha/cabinet/shouhin17/4987487102419.jpg?fitin=700:700,1052.8000,,,【第2類医薬品】【ポイント10倍】　ハピコム　リフェンダフェルビナク　(28枚)　【セルフメディケーション税制対象商品】　ツルハドラッグ,,"<!--購入数制限ここから-->
<p><b>お買い上げいただける個数は5個までです</b></p><br>
<!--購入数制限ここまで-->
<p>リニューアルに伴いパッケージ・内容等予告なく変更する場合がございます。予めご了承ください。</p>
<TABLE class=item-main>
<TBODY>
<TR>
<TD>
<TABLE class=item-table>
<TBODY>
<TR class=a>
<TD class=b></TD>
<TD class=c><BR>
<TABLE class=item>
<TBODY>
<TR>
<TD class=d>名　称</TD>
<TD class=e>ハピコム　リフェンダフェルビナク　(28枚)</TD>
</TR>
<TR>
<TD class=d>内容量</TD>
<TD class=e>28枚（7枚×4袋）　※14cm×10cm</TD>
</TR>
<TR>
<TD class=d>特　徴</TD>
<TD class=e>○1枚あたりフェルビナクを70mg含有しています。<BR>○肩・腰・関節などの痛みにすぐれた効果を発揮する鎮痛・消炎パップ剤です。<BR>○フェルビナクが患部に直接浸透し、痛みの原因プロスタグランジンの発生を抑えます。<BR>○伸縮性に富んだ不織布を使用しているため、フィット感にすぐれています。</TD>
</TR>
<TR>
<TD class=d>効能・効果</TD>
<TD class=e>肩こりに伴う肩の痛み、腰痛、関節痛、筋肉痛、腱鞘炎（手・手首・足首の痛みとはれ）、肘の痛み（テニス肘など）、打撲、捻挫</TD>
</TR>
<TR>
<TD class=d>用法・用量</TD>
<TD class=e>［年齢：使用方法］<BR>15歳以上：表面のライナー（フィルム）をはがし，1日2回を限度として患部に貼付して下さい<BR>
15歳未満：使用しないで下さい<br>
<br>
【用法・用量に関連する注意】<BR>1．用法・用量を厳守して下さい<BR>2．本剤は，痛みやはれ等の原因になっている病気を治療するのではなく，痛みやはれ等の症状のみを治療する薬剤なので，症状がある場合だけ使用して下さい<BR>3．汗をかいたり，患部がぬれている時は，よく拭きとってから使用して下さい<BR>4．皮ふの弱い人は，使用前に腕の内側の皮ふの弱い箇所に，1～2cm角の小片を目安として半日以上貼り，発疹・発赤，かゆみ，かぶれ等の症状が起きないことを確かめてから使用して下さい</TD>
</TR>
<TR>
<TD class=d>成分・分量</TD>
<TD class=e>膏体100g中<BR>フェルビナク・・・0.5g<BR>（炎症を抑え痛みをやわらげます）<BR> 添加物：ポリアクリル酸部分中和物、ポリアクリル酸Na、ポリビニルアルコール、CMC-Na、グリセリン、D-ソルビトール、カルボキシビニルポリマー、酒石酸、ヒマシ油、エデト酸Na水和物、酸化チタン、ジヒドロキシアルミニウムアミノアセテート、ポリソルベート80、L-メントール、カオリン、香料<BR> ［1枚あたり（10cm×14cm）膏体量14g］</TD>
</TR>
<TR>
<TD class=d>区　分</TD>
<TD class=e>第2類医薬品/外用消炎鎮痛薬（冷感パップ）/日本製</TD>
</TR>
<TR>
<TD class=d>ご注意</TD>
<TD class=e>●使用上の注意<BR>
【してはいけないこと】<BR>
(守らないと現在の症状が悪化したり、副作用がおこりやすくなります)<BR>1.次の方は服用しないでください。<BR>(1)本剤又は本剤の成分によりアレルギー症状を起こしたことがある人。<BR>(2)ぜんそくを起こしたことがある人。<BR>(3)妊婦又は妊娠していると思われる人。<BR>(4)15歳未満の小児。<BR>2.次の部位には使用しないで下さい。<BR>(1)目の周囲、粘膜等。<BR>(2)湿疹、かぶれ、傷口。<BR>(3)みずむし・たむし等又は化膿している患部。<BR>3.連続して2週間以上使用しないでください。<BR>
<BR>
【相談すること】<BR>1.次の方は使用前に医師、薬剤師又は登録販売者に相談してください。<BR>(1)医師の治療を受けておられる方<BR>(2)本人又は家族がアレルギー体質の人<BR>(3)薬などによりアレルギー症状を起こしたことがある人<BR>2.使用後、次の症状があらわれた場合は副作用の可能性がありますので、直ちに使用を中止し、外箱を持って医師、薬剤師又は登録販売者に相談してください。<BR>・皮膚・・・発疹・発赤、かゆみ、はれ、かぶれ、ヒリヒリ感<BR>
3．5～6日間使用しても症状がよくならない場合は使用を中止し、外箱を持って医師、薬剤師又は登録販売者に相談してください。<BR>
<BR>
●保管および取扱い上の注意<BR>1．直射日光の当たらない湿気の少ない涼しい所に保管して下さい<BR>2．小児の手の届かない所に保管して下さい<BR>3．他の容器に入れ替えないで下さい（誤用の原因になったり品質が変わります）<BR>4．品質保持のため，未使用分は袋に入れ，開封口のチャックをきちんと閉め外気にふれないようにして下さい<BR>5．使用期限を過ぎた製品は使用しないで下さい<BR>
<BR>
◆本品記載の使用法・使用上の注意をよくお読みの上ご使用下さい。</TD>
</TR>
<TR>
<TD class=d>製造販売元</TD>
<TD class=e>株式会社タカミツ<BR>名古屋市北区上飯田東町4-68-1</TD>
</TR>
<TR>
<TD class=d>お問合せ</TD>
<TD class=e>お客様相談窓口<BR>0120-459533</TD>
</TR>
<TR>
<TD class=d>広告文責</TD>
<TD class=e>株式会社ツルハグループマーチャンダイジング<BR>
カスタマーセンター　0852-53-0680</TD>
</TR>
</TBODY>
</TABLE>
</TD>
</TR>
</TBODY>
</TABLE>
</TD>
</TR>
</TBODY>
</TABLE><BR>JANコード：4987487102419<BR><table border=""0"" width=""790"" cellpadding=""0"" cellspacing=""0"">
<!--セールここから-->
<tr valign=""top"">
<td width=""790"" valign=""top"" height=""123"">

<img src=""http://image.rakuten.co.jp/tsuruha/cabinet/sale2/0428tokubai_790120.jpg"" width=""790"" height=""120"" border=""0"" alt=""特売セール"">
</td>
</tr>
<!--セールここまで-->

<!--紫外線対策ここから-->
<tr valign=""top"">
<td width=""790"" valign=""top"" height=""133"">

<img src=""http://image.rakuten.co.jp/tsuruha/cabinet/banner3/uvtaisaku2_790120.jpg"" width=""790"" height=""120"" border=""0"" alt=""早目のUVケアで肌をダメージから守る！　紫外線・UV対策"">
</td>
</tr>
<!--紫外線対策ここまで-->

<!--風邪・ウイルス対策特集ここから-->
<!--tr valign=""top"">
<td width=""790"" valign=""top"" height=""133"">

<img src=""http://image.rakuten.co.jp/tsuruha/cabinet/banner3/kazeuirusu790120.jpg"" width=""790"" height=""120"" border=""0"" alt=""風邪・ウイルス対策特集"">
</td>
</tr-->
<!--風邪・ウイルス対策特集ここまで-->

<!--ヘアレシピここから-->
<!--tr valign=""top"">
<td width=""790"" valign=""top"" height=""133"">

<img src=""http://image.rakuten.co.jp/tsuruha/cabinet/banner3/hair_recipe_2_790130.jpg"" width=""790"" height=""130"" border=""0"" alt=""ヘアレシピ"">
</td>
</tr-->
<!--ヘアレシピここまで-->

<!--セーラームーンここから-->
<!--tr valign=""top"">
<td width=""790"" valign=""top"" height=""133"">

<img src=""http://image.rakuten.co.jp/tsuruha/cabinet/banner3/elis_korabo790120.jpg"" width=""790"" height=""120"" border=""0"" alt=""セーラームーンコラボグッズプレゼントキャンペーン"">
</td>
</tr-->
<!--セーラームーンここまで-->


</table>",【第2類医薬品】【ポイント10倍】　ハピコム　リフェンダフェルビナク　(28枚)　【セルフメディケーション税制対象商品】　ツルハドラッグ：ツルハドラッグ,ドラッグストアスキンケア化粧品ベビー薬健康ツルハツルハドラッグダイエット健康食品サプリハブラシヘアケアエゾエース入浴剤ナップルツルハグループ介護用品医薬品生コラーゲン【第2類医薬品】【ポイント10倍】　ハピコム　リフェンダフェルビナク　(28枚)　【セルフメディケーション税制対象商品】　ツルハドラッグ,【第2類医薬品】【ポイント10倍】　ハピコム　リフェンダフェルビナク　(28枚)　【セルフメディケーション税制対象商品】　ツルハドラッグ[rn]
28-87616,http://tshop.r10s.jp/tsuruha/cabinet/shouhin16/4987475116473.jpg?fitin=700:700,1628.0000,,,【第2類医薬品】【ポイント10倍】　【★】　ハピコム　ホームパスＦＲテープＶ　7cm×10cm　(40枚)　【セルフメディケーション税制対象商品】　ツルハドラッグ,,"　<!--ここから楽天フレーム【配送日数1-5日】-->

<img src=""http://www.rakuten.ne.jp/gold/tsuruha/images/space.gif"" width=""1"" height=""5"" border=""0""><br>
<!--ここまで楽天フレーム-->
<!--購入数制限ここから-->
<p><b>お買い上げいただける個数は5個までです</b></p><br>
<!--購入数制限ここまで-->
<p>リニューアルに伴いパッケージ・内容等予告なく変更する場合がございます。予めご了承ください。</p>
<TABLE class=item-main>
<TBODY>
<TR>
<TD>
<TABLE class=item-table>
<TBODY>
<TR class=a>
<TD class=b></TD>
<TD class=c><BR>
<TABLE class=item>
<TBODY>
<TR>
<TD class=d>名　称</TD>
<TD class=e>ホームパスＦＲテープＶ</TD>
</TR>
<TR>
<TD class=d>内容量</TD>
<TD class=e>40枚・7cm×10cm</TD>
</TR>
<TR>
<TD class=d>特　徴</TD>
<TD class=e>○ホームパスFRテープVは痛みの原因物質の生成を抑えることにより、肩の痛み、腰痛、関節痛などに効果をあらわすフェルビナクを1枚あたり35mg配合しています。<BR>
○ホームパスFRテープVは柔軟性のある基布を使用していますので、粘着性にすぐれ関節部にもよくフィットします。</TD>
</TR>
<TR>
<TD class=d>効　能<BR>
効　果</TD>
<TD class=e>腰痛、肩こりに伴う肩の痛み、関節痛、筋肉痛、腱鞘炎（手・手首・足首の痛みとはれ）、肘の痛み（テニス肘など）、打撲、捻挫</TD>
</TR>
<TR>
<TD class=d>用法・用量</TD>
<TD class=e>表面のライナーをはがし、1日2回を限度として患部に貼付してください。</TD>
</TR>
<TR>
<TD class=d>成分</TD>
<TD class=e>膏体100g中に次の成分を含んでいます。<BR>
フェルビナク・・・5.0g<BR>
L-メントール・・・4.2g<BR>
トコフェロール酢酸エステル・・・2.3g<BR>
添加物としてジイソプロパノールアミン、ポリイソブチレン、流動パラフィン、脂環族飽和炭化水素樹脂、その他2成分を含有します。</TD>
</TR>
<TR>
<TD class=d>区　分</TD>
<TD class=e>第2類医薬品</TD>
</TR>
<TR>
<TD class=d>ご注意</TD>
<TD class=e>●してはいけないこと<BR>
1.次の人は使用しないでください。<BR>
(1)本剤または本剤の成分にアレルギー症状（発疹・発赤かゆみ、かぶれ等）を起こしたことがある人。<BR>
(2)ぜんそくを起こしたことがある人。<BR>
(3)妊娠または妊娠していると思われる人。<BR>
(4)15歳未満の小児<BR>
<BR>
2.次の部位には使用しないでください。<BR>
(1)目の周囲、粘膜等<BR>
(2)湿疹、かぶれ、傷口<BR>
(3)みずむし・たむし等または化膿している患部。<BR>
<BR>
3.連続して2週間以上使用しないでください。<BR>
<BR>
相談すること<BR>
1.次の人は使用前に医師、薬剤師または登録販売者に相談してください。<BR>
(1)医師の治療を受けている人。<BR>
(2)薬などによりアレルギー症状を起こしたことがある人。。<BR>
2.使用後、次の症状が現れた場合は、副作用の可能性があるので、直ちに使用を中止し、この説明書を持って医師、薬剤師または登録販売者に相談してください。<BR>
関係部位　　　　症状<BR>
皮膚　　　　　　発疹・発赤、かゆみ、はれ、ヒリヒリ感、かぶれ、水泡<BR>
3.5～6日間使用しても症状がよくならない場合は使用を中止し、この説明書を持って医師、薬剤師または登録販売者に相談してください。<BR>
<BR>
<BR>
■保管及び取扱い上の注意<BR>(1)直射日光の当たらない湿気の少ない涼しい所に保管してください。<BR>
(2)小児の手の届かないところに保管すること。<BR>
(3)他の容器に入れかえないでください。(誤用の原因になったり品質が変わります)<BR>
(4)品質保持のため、未使用分は袋に入れ、開封口のチャックを閉めて保管してください。<BR>
(5)使用期限を過ぎた製品は使用しないでください。<BR>
<BR>
◆本品記載の使用法・使用上の注意をよくお読みの上ご使用下さい。</TD>
</TR>
<TR>
<TD class=d>製造販売元</TD>
<TD class=e>【発売元】株式会社　大石膏盛堂<BR>
佐賀県鳥栖市本町1丁目933番地<BR>
<BR>【製造販売元】株式会社　大石膏盛堂<BR>
佐賀県鳥栖市本町1丁目933番地</TD>
</TR>
<TR>
<TD class=d>お問合せ</TD>
<TD class=e>株式会社 大石膏盛堂<BR>
電話：0942(83)2112 <BR>
電話受付時間<BR>
午前9：00～午後5：00（土、日、祝日を除く） </TD>
</TR>
<TR>
<TD class=d>広告文責</TD>
<TD class=e>株式会社ツルハeコマース<BR>
カスタマーセンター　0852-53-0680</TD>
</TR>
</TBODY>
</TABLE>
</TD>
</TR>
</TBODY>
</TABLE>
</TD>
</TR>
</TBODY>
</TABLE><BR>JANコード：4987475116473<BR><table border=""0"" width=""790"" cellpadding=""0"" cellspacing=""0"">
<!--セールここから-->
<tr valign=""top"">
<td width=""790"" valign=""top"" height=""123"">

<img src=""http://image.rakuten.co.jp/tsuruha/cabinet/sale2/0428tokubai_790120.jpg"" width=""790"" height=""120"" border=""0"" alt=""特売セール"">
</td>
</tr>
<!--セールここまで-->

<!--紫外線対策ここから-->
<tr valign=""top"">
<td width=""790"" valign=""top"" height=""133"">

<img src=""http://image.rakuten.co.jp/tsuruha/cabinet/banner3/uvtaisaku2_790120.jpg"" width=""790"" height=""120"" border=""0"" alt=""早目のUVケアで肌をダメージから守る！　紫外線・UV対策"">
</td>
</tr>
<!--紫外線対策ここまで-->

<!--風邪・ウイルス対策特集ここから-->
<!--tr valign=""top"">
<td width=""790"" valign=""top"" height=""133"">

<img src=""http://image.rakuten.co.jp/tsuruha/cabinet/banner3/kazeuirusu790120.jpg"" width=""790"" height=""120"" border=""0"" alt=""風邪・ウイルス対策特集"">
</td>
</tr-->
<!--風邪・ウイルス対策特集ここまで-->

<!--ヘアレシピここから-->
<!--tr valign=""top"">
<td width=""790"" valign=""top"" height=""133"">

<img src=""http://image.rakuten.co.jp/tsuruha/cabinet/banner3/hair_recipe_2_790130.jpg"" width=""790"" height=""130"" border=""0"" alt=""ヘアレシピ"">
</td>
</tr-->
<!--ヘアレシピここまで-->

<!--セーラームーンここから-->
<!--tr valign=""top"">
<td width=""790"" valign=""top"" height=""133"">

<img src=""http://image.rakuten.co.jp/tsuruha/cabinet/banner3/elis_korabo790120.jpg"" width=""790"" height=""120"" border=""0"" alt=""セーラームーンコラボグッズプレゼントキャンペーン"">
</td>
</tr-->
<!--セーラームーンここまで-->


</table>",【第2類医薬品】【ポイント10倍】　【★】　ハピコム　ホームパスＦＲテープＶ　7cm&times;10cm　(40枚)　【セルフメディケーション税制対象商品】　ツルハドラッグ：ツルハドラッグ,ドラッグストアスキンケア化粧品ベビー薬健康ツルハツルハドラッグダイエット健康食品サプリハブラシヘアケアエゾエース入浴剤ナップルツルハグループ介護用品医薬品生コラーゲン【第2類医薬品】【ポイント10倍】　【★】　ハピコム　ホームパスＦＲテープＶ　7cm&times;10cm　(40枚)　【セルフメディケーション税制対象商品】　ツルハドラッグ,【第2類医薬品】【ポイント10倍】　【★】　ハピコム　ホームパスＦＲテープＶ　7cm&times;10cm　(40枚)　【セルフメディケーション税制対象商品】　ツルハドラッグ[rn]
28-87617,http://tshop.r10s.jp/tsuruha/cabinet/shouhin44/4987443356085.jpg?fitin=700:700,1119.2000,,,【第2類医薬品】グラクソ・スミスクライン　ボルタレンEXスプレー　(90g)　【セルフメディケーション税制対象商品】,　,"　<!--購入数制限ここから-->
<p><b>お買い上げいただける個数は5個までです</b></p><br>
<!--購入数制限ここまで-->

<p>リニューアルに伴いパッケージ・内容等予告なく変更する場合がございます。予めご了承ください。</p>

<TABLE class=item-main>
<TBODY>
<TR>
<TD>
<TABLE class=item-table>
<TBODY>
<TR class=a>
<TD class=b></TD>
<TD class=c><BR>
<TABLE class=item>
<TBODY>
<TR>
<TD class=d>名　称</TD>
<TD class=e>ボルタレンEXスプレー</TD>
</TR>
<TR>
<TD class=d>内容量</TD>
<TD class=e>90g</TD>
</TR>
<TR>
<TD class=d>特　徴</TD>
<TD class=e>◆l-メントール配合によりクールな使い心地で、効果感と清涼感のあるクールタイプ<br>
<br>
◆手を汚さず、使いやすいスプレータイプ<br>
<br>
◆筋肉痛や打撲を生じやすい広い患部に素早く噴射できる</TD>
</TR>
<TR>
<TD class=d>効能・効果</TD>
<TD class=e>腰痛、肩こりに伴う肩の痛み、関節痛、筋肉痛、腱鞘炎（手・手首の痛み）、肘の痛み（テニス肘など）、打撲、捻挫</TD>
</TR>
<TR>
<TD class=d>用法・用量</TD>
<TD class=e>1日3～4回適量を患部に噴射塗布してください。ただし、塗布部位をラップフィルム等の通気性の悪いもので覆わないでください。なお、本成分を含む他の外用剤を併用しないでください。<br>
<br>
●用法・用量に関連する注意<br>（1）定められた用法・用量を厳守してください。<br>
（2）本剤は、痛みやはれなどの原因となっている病気を治療するのではなく、痛みやはれなどの症状のみを治療する薬剤ですので、症状がある場合だけ使用してください。<br>
（3）1週間あたり原液として50g（8日間で本剤1本）を超えて使用しないでください。<br>
（4）目に入らないよう注意してください。万一、目に入った場合には、すぐに水又はぬるま湯で洗ってください。なお、症状が重い場合には、眼科医の診療を受けてください。<br>
（5）使用部位に他の外用剤を併用しないでください。<br>
（6）顔に向けて噴射しないでください。<br>
（7）大量・広範囲には使用しないでください。<br>
（8）外用にのみ使用し、吸入しないでください。吸入によりめまい、吐き気等の症状を起こすことがあるので、できるだけ吸入しないよう、また周囲の人にも十分注意して使用してください。<br>
（9）使用前によく振とうし、真下に向けて噴射してください。<br>
（10）患部まで約10cmの距離で噴射してください。<br>
（11）同じ箇所に連続して3秒以上噴射しないでください。<br>
（12）通気性の悪いもの（ラップフィルム、矯正ベルト等）で使用部位を覆い、密封状態にしないでください。</TD>
</TR>
<TR>
<TD class=d>成分・分量</TD>
<TD class=e>原液100g中<br>
ジクロフェナクナトリウム・・・1g<br>
l-メントール・・・3g<br>
添加物：アジピン酸ジイソプロピル、乳酸、プロピレングリコール、ポリソルベート80、エタノール、DME、LPG</TD>
</TR>
<TR>
<TD class=d>区　分</TD>
<TD class=e>第2類医薬品/経皮鎮痛消炎剤/日本製</TD>
</TR>
<TR>
<TD class=d>ご注意</TD>
<TD class=e>使用上の注意<BR>
●してはいけないこと<br>
（守らないと現在の症状が悪化したり、副作用が起こりやすくなります。）<br>
1．次の人は使用しないでください。<br>
（1）本剤又は本剤の成分によりアレルギー症状を起こしたことがある人<br>
（2）ぜんそくを起こしたことがある人<br>
（3）妊婦又は妊娠していると思われる人<br>
（4）15才未満の小児<br>
<br>
2．次の部位には使用しないでください。<br>
（1）目の周囲、粘膜等<br>
（2）皮ふの弱い部位（顔、頭、わきの下等）<br>
（3）湿疹、かぶれ、傷口<br>
（4）みずむし・たむし等又は化膿している患部<br>
<br>
3．本剤を使用している間は、他の外用鎮痛消炎剤を使用しないでください。<br>
<br>
4．長期連用しないでください。<br>
<br>
●相談すること<br>
1．次の人は使用前に医師、薬剤師又は登録販売者に相談してください。<br>
（1）医師の治療を受けている人<br>
（2）薬などによりアレルギー症状を起こしたことがある人<br>
（3）次の医薬品の投与を受けている人・・・ニューキノロン系抗菌剤<br>
<br>
2．使用中又は使用後、次の症状があらわれた場合は副作用の可能性があるので、直ちに使用を中止し、容器を持って医師、薬剤師又は登録販売者に相談してください。<br>
【関係部位：症状】<br>
皮ふ：発疹・発赤、かゆみ、かぶれ、はれ、痛み、刺激感、熱感、皮ふのあれ、落屑（フケ、アカのような皮ふのはがれ）、水疱、色素沈着<br>
<br>
まれに次の重篤な症状が起こることがあります。その場合は直ちに医師の診療を受けてください。<br>
【症状の名称：症状】<br>
ショック（アナフィラキシー）：使用後すぐに、皮ふのかゆみ、じんましん、声のかすれ、くしゃみ、のどのかゆみ、息苦しさ、動悸、意識の混濁等があらわれます。<br>
接触皮ふ炎：塗布部に強いかゆみを伴う発疹・発赤、はれ、刺激感、水疱・ただれ等の激しい皮ふ炎症状や色素沈着、白斑があらわれ、中には発疹・発赤、かゆみ等の症状が全身にひろがることがあります。また、日光があたった部位に症状があらわれたり、悪化することがあります。<br>
光線過敏症：塗布部に強いかゆみを伴う発疹・発赤、はれ、刺激感、水疱・ただれ等の激しい皮ふ炎症状や色素沈着、白斑があらわれ、中には発疹・発赤、かゆみ等の症状が全身にひろがることがあります。また、日光があたった部位に症状があらわれたり、悪化することがあります。<br>
<br>
3．5～6日間使用しても症状がよくならない場合は使用を中止し、容器を持って医師、薬剤師又は登録販売者に相談してください。<br>
<br>
●保管及び取扱い上の注意<br>（1）高温を避け、直射日光の当たらない涼しいところに保管してください。<br>
（2）火気に近づけないでください。<br>
（3）小児の手の届かないところに保管してください。<br>
（4）合成樹脂を軟化させたり、塗料を溶かしたり、金属を変色させるおそれがあるので付着しないように注意してください。<br>
（5）他の容器に入れ替えないでください。（誤用の原因になったり品質が変わることがあります。）<br>
（6）使用期限をすぎた製品は使用しないでください。<br>
<br>
●火気と高温に注意<br>
高圧ガスを使用した可燃性の製品であり、危険なため、下記の注意を守ること。<br>
1.炎や火気の近くで使用しないこと。<br>
2.火気を使用している室内で大量に使用しないこと。<br>
3.高温にすると破裂の危険があるため、直射日光の当たる所やストーブ、ファンヒーター等の近くなど温度が40度以上となる所に置かないこと。<br>
4.火の中に入れないこと。<br>
5.使い切って捨てること。<br>
高圧ガス：LPG/DME<br>捨てる時は、火気のない屋外で噴射音が消えるまでガスを抜いてください。<br>
火気厳禁　第一石油類<br>
エタノール65.0mL<br>
<BR>
◆本品記載の使用法・使用上の注意をよくお読みの上ご使用下さい。</TD>
</TR>
<TR>
<TD class=d>製造販売元</TD>
<TD class=e>同仁医薬化工株式会社　東京都中野区弥生町5-2-2</TD>
</TR>
<TR>
<TD class=d>発売元</TD>
<TD class=e>グラクソ・スミスクライン・コンシューマー・ヘルスケア・ジャパン株式会社<br>
東京都渋谷区千駄ヶ谷4丁目6番15号 </TD>
</TR>
<TR>
<TD class=d>お問合せ</TD>
<TD class=e>グラクソ・スミスクライン・コンシューマー・ヘルスケア・ジャパン株式会社　お客様相談室<BR> 電話：03-5786-6315<BR>受付時間：9：00～17：00（土、日、祝日を除く）</TD>
</TR>
<TR>
<TD class=d>広告文責</TD>
<TD class=e>株式会社ツルハグループマーチャンダイジング<br>
カスタマーセンター　0852-53-0680</TD>
</TR>
</TBODY>
</TABLE>
</TD>
</TR>
</TBODY>
</TABLE>
</TD>
</TR>
</TBODY>
</TABLE>

<BR>JANコード：4987443356085<BR><table border=""0"" width=""790"" cellpadding=""0"" cellspacing=""0"">
<!--セールここから-->
<tr valign=""top"">
<td width=""790"" valign=""top"" height=""123"">

<img src=""http://image.rakuten.co.jp/tsuruha/cabinet/sale2/0428tokubai_790120.jpg"" width=""790"" height=""120"" border=""0"" alt=""特売セール"">
</td>
</tr>
<!--セールここまで-->

<!--紫外線対策ここから-->
<tr valign=""top"">
<td width=""790"" valign=""top"" height=""133"">

<img src=""http://image.rakuten.co.jp/tsuruha/cabinet/banner3/uvtaisaku2_790120.jpg"" width=""790"" height=""120"" border=""0"" alt=""早目のUVケアで肌をダメージから守る！　紫外線・UV対策"">
</td>
</tr>
<!--紫外線対策ここまで-->

<!--風邪・ウイルス対策特集ここから-->
<!--tr valign=""top"">
<td width=""790"" valign=""top"" height=""133"">

<img src=""http://image.rakuten.co.jp/tsuruha/cabinet/banner3/kazeuirusu790120.jpg"" width=""790"" height=""120"" border=""0"" alt=""風邪・ウイルス対策特集"">
</td>
</tr-->
<!--風邪・ウイルス対策特集ここまで-->

<!--ヘアレシピここから-->
<!--tr valign=""top"">
<td width=""790"" valign=""top"" height=""133"">

<img src=""http://image.rakuten.co.jp/tsuruha/cabinet/banner3/hair_recipe_2_790130.jpg"" width=""790"" height=""130"" border=""0"" alt=""ヘアレシピ"">
</td>
</tr-->
<!--ヘアレシピここまで-->

<!--セーラームーンここから-->
<!--tr valign=""top"">
<td width=""790"" valign=""top"" height=""133"">

<img src=""http://image.rakuten.co.jp/tsuruha/cabinet/banner3/elis_korabo790120.jpg"" width=""790"" height=""120"" border=""0"" alt=""セーラームーンコラボグッズプレゼントキャンペーン"">
</td>
</tr-->
<!--セーラームーンここまで-->


</table>",【第2類医薬品】グラクソ・スミスクライン　ボルタレンEXスプレー　(90g)　【セルフメディケーション税制対象商品】：ツルハドラッグ,ドラッグストアスキンケア化粧品ベビー薬健康ツルハツルハドラッグダイエット健康食品サプリハブラシヘアケアエゾエース入浴剤ナップルツルハグループ介護用品医薬品生コラーゲン【第2類医薬品】グラクソ・スミスクライン　ボルタレンEXスプレー　(90g)　【セルフメディケーション税制対象商品】,　。【第2類医薬品】グラクソ・スミスクライン　ボルタレンEXスプレー　(90g)　【セルフメディケーション税制対象商品】[rn]
28-87618,http://tshop.r10s.jp/tsuruha/cabinet/shouhin44/4987443351745.jpg?fitin=700:700,1077.6000,,,【第2類医薬品】グラクソ・スミスクライン　ボルタレンEXローション　(50g)　【セルフメディケーション税制対象商品】,　,"　<!--購入数制限ここから-->
<p><b>お買い上げいただける個数は5個までです</b></p><br>
<!--購入数制限ここまで-->

<p>リニューアルに伴いパッケージ・内容等予告なく変更する場合がございます。予めご了承ください。</p>

<TABLE class=item-main>
<TBODY>
<TR>
<TD>
<TABLE class=item-table>
<TBODY>
<TR class=a>
<TD class=b></TD>
<TD class=c><BR>
<TABLE class=item>
<TBODY>
<TR>
<TD class=d>名　称</TD>
<TD class=e>ボルタレンEXローション</TD>
</TR>
<TR>
<TD class=d>内容量</TD>
<TD class=e>50g</TD>
</TR>
<TR>
<TD class=d>特　徴</TD>
<TD class=e>◆ボルタレンEXローションは、ジクロフェナクナトリウムを配合した鎮痛消炎ローション剤で、優れた経皮吸収性があります。<br>
<br>
◆l-メントール配合でさわやかな清涼感があります。<br>
<br>
◆広い範囲に一気に簡単に塗れ、乾きやすいローションです。<br>
<br>
◆首筋などの有毛部位への使用にも適しています。</TD>
</TR>
<TR>
<TD class=d>効能・効果</TD>
<TD class=e>腰痛、肩こりに伴う肩の痛み、関節痛、筋肉痛、腱鞘炎（手・手首の痛み）、肘の痛み（テニス肘など）、打撲、捻挫</TD>
</TR>
<TR>
<TD class=d>用法・用量</TD>
<TD class=e>1日3～4回適量を患部に塗布してください。ただし、塗布部位をラップフィルム等の通気性の悪いもので覆わないでください。なお、本成分を含む他の外用剤を併用しないでください。<br>
<br>
●用法・用量に関連する注意<br>（1）定められた用法・用量を厳守してください。<br>
（2）本剤は、痛みやはれなどの原因となっている病気を治療するのではなく、痛みやはれなどの症状のみを治療する薬剤ですので、症状がある場合だけ使用してください。<br>
（3）本剤は外用にのみ使用し、内服しないでください。<br>
（4）1週間あたり50gを超えて使用しないでください。<br>
（5）目に入らないよう注意してください。万一、目に入った場合には、すぐに水又はぬるま湯で洗ってください。なお、症状が重い場合には、眼科医の診療を受けてください。<br>
（6）使用部位に他の外用剤を併用しないでください。<br>
（7）通気性の悪いもの（ラップフィルム、矯正ベルト等）で使用部位を覆い、密封状態にしないでください。<br>
※スポンジを軽く押すようにしてスポンジ面に薬液を十分しみ込ませてからご使用ください。</TD>
</TR>
<TR>
<TD class=d>成分・分量</TD>
<TD class=e>1g中<br>
ジクロフェナクナトリウム・・・10mg<br>
（痛みのもととなるプロスタグランジンの生成をおさえて、痛みをやわらげます。）<br>
l-メントール・・・30mg<br>
添加物：アジピン酸ジイソプロピル、乳酸、イソプロパノール、ピロ亜硫酸ナトリウム、ヒドロキシプロピルセルロース</TD>
</TR>
<TR>
<TD class=d>区　分</TD>
<TD class=e>第2類医薬品/経皮鎮痛消炎剤/日本製</TD>
</TR>
<TR>
<TD class=d>ご注意</TD>
<TD class=e>使用上の注意<BR>
●してはいけないこと<br>
（守らないと現在の症状が悪化したり、副作用が起こりやすくなります。）<br>
1．次の人は使用しないでください。<br>
（1）本剤又は本剤の成分によりアレルギー症状を起こしたことがある人<br>
（2）ぜんそくを起こしたことがある人<br>
（3）妊婦又は妊娠していると思われる人<br>
（4）15才未満の小児<br>
<br>
2．次の部位には使用しないでください。<br>
（1）目の周囲、粘膜等<br>
（2）皮ふの弱い部位（顔、頭、わきの下等）<br>
（3）湿疹、かぶれ、傷口<br>
（4）みずむし・たむし等又は化膿している患部<br>
<br>
3．本剤を使用している間は、他の外用鎮痛消炎剤を使用しないでください。<br>
<br>
4．長期連用しないでください。<br>
<br>
●相談すること<br>
1．次の人は使用前に医師、薬剤師又は登録販売者に相談してください。<br>
（1）医師の治療を受けている人<br>
（2）薬などによりアレルギー症状を起こしたことがある人<br>
（3）次の医薬品の投与を受けている人・・・ニューキノロン系抗菌剤<br>
<br>
2．使用中又は使用後、次の症状があらわれた場合は副作用の可能性があるので、直ちに使用を中止し、説明文書を持って医師、薬剤師又は登録販売者に相談してください。<br>
<br>
【関係部位：症状】<br>
皮ふ：発疹・発赤、かゆみ、かぶれ、はれ、痛み、刺激感、熱感、皮ふのあれ、落屑（フケ、アカのような皮ふのはがれ）、水疱、色素沈着<br>
<br>
まれに次の重篤な症状が起こることがあります。その場合は直ちに医師の診療を受けてください。<br>
【症状の名称：症状】<br>
ショック（アナフィラキシー）：使用後すぐに、皮ふのかゆみ、じんましん、声のかすれ、くしゃみ、のどのかゆみ、息苦しさ、動悸、意識の混濁等があらわれます。<br>
接触皮ふ炎：塗布部に強いかゆみを伴う発疹・発赤、はれ、刺激感、水疱・ただれ等の激しい皮ふ炎症状や色素沈着、白斑があらわれ、中には発疹・発赤、かゆみ等の症状が全身にひろがることがあります。また、日光があたった部位に症状があらわれたり、悪化することがあります。<br>
光線過敏症：塗布部に強いかゆみを伴う発疹・発赤、はれ、刺激感、水疱・ただれ等の激しい皮ふ炎症状や色素沈着、白斑があらわれ、中には発疹・発赤、かゆみ等の症状が全身にひろがることがあります。また、日光があたった部位に症状があらわれたり、悪化することがあります。<br>
<br>
3．5～6日間使用しても症状がよくならない場合は使用を中止し、説明文書を持って医師、薬剤師又は登録販売者に相談してください。<br>
<br>
●保管及び取扱い上の注意<br>（1）直射日光の当たらない涼しいところに密栓して保管してください。<br>
（2）火気に近づけないでください。<br>
（3）小児の手の届かないところに保管してください。<br>
（4）合成樹脂を軟化させたり、塗料を溶かしたり、金属を変色させるおそれがあるので付着しないように注意してください。<br>
（5）他の容器に入れ替えないでください。（誤用の原因になったり品質が変わることがあります。）<br>
（6）使用期限をすぎた製品は使用しないでください。なお、使用期限内であっても、開封後はなるべく速やかに使用してください。<br>
<BR>
◆本品記載の使用法・使用上の注意をよくお読みの上ご使用下さい。</TD>
</TR>
<TR>
<TD class=d>製造販売元</TD>
<TD class=e>同仁医薬化工株式会社　東京都中野区弥生町5-2-2</TD>
</TR>
<TR>
<TD class=d>発売元</TD>
<TD class=e>グラクソ・スミスクライン・コンシューマー・ヘルスケア・ジャパン株式会社<br>
東京都渋谷区千駄ヶ谷4丁目6番15号 </TD>
</TR>
<TR>
<TD class=d>お問合せ</TD>
<TD class=e>グラクソ・スミスクライン・コンシューマー・ヘルスケア・ジャパン株式会社　お客様相談室<BR> 電話：03-5786-6315<BR>受付時間：9：00～17：00（土、日、祝日を除く）</TD>
</TR>
<TR>
<TD class=d>広告文責</TD>
<TD class=e>株式会社ツルハグループマーチャンダイジング<br>
カスタマーセンター　0852-53-0680</TD>
</TR>
</TBODY>
</TABLE>
</TD>
</TR>
</TBODY>
</TABLE>
</TD>
</TR>
</TBODY>
</TABLE>

<BR>JANコード：4987443351745<BR><table border=""0"" width=""790"" cellpadding=""0"" cellspacing=""0"">
<!--セールここから-->
<tr valign=""top"">
<td width=""790"" valign=""top"" height=""123"">

<img src=""http://image.rakuten.co.jp/tsuruha/cabinet/sale2/0428tokubai_790120.jpg"" width=""790"" height=""120"" border=""0"" alt=""特売セール"">
</td>
</tr>
<!--セールここまで-->

<!--紫外線対策ここから-->
<tr valign=""top"">
<td width=""790"" valign=""top"" height=""133"">

<img src=""http://image.rakuten.co.jp/tsuruha/cabinet/banner3/uvtaisaku2_790120.jpg"" width=""790"" height=""120"" border=""0"" alt=""早目のUVケアで肌をダメージから守る！　紫外線・UV対策"">
</td>
</tr>
<!--紫外線対策ここまで-->

<!--風邪・ウイルス対策特集ここから-->
<!--tr valign=""top"">
<td width=""790"" valign=""top"" height=""133"">

<img src=""http://image.rakuten.co.jp/tsuruha/cabinet/banner3/kazeuirusu790120.jpg"" width=""790"" height=""120"" border=""0"" alt=""風邪・ウイルス対策特集"">
</td>
</tr-->
<!--風邪・ウイルス対策特集ここまで-->

<!--ヘアレシピここから-->
<!--tr valign=""top"">
<td width=""790"" valign=""top"" height=""133"">

<img src=""http://image.rakuten.co.jp/tsuruha/cabinet/banner3/hair_recipe_2_790130.jpg"" width=""790"" height=""130"" border=""0"" alt=""ヘアレシピ"">
</td>
</tr-->
<!--ヘアレシピここまで-->

<!--セーラームーンここから-->
<!--tr valign=""top"">
<td width=""790"" valign=""top"" height=""133"">

<img src=""http://image.rakuten.co.jp/tsuruha/cabinet/banner3/elis_korabo790120.jpg"" width=""790"" height=""120"" border=""0"" alt=""セーラームーンコラボグッズプレゼントキャンペーン"">
</td>
</tr-->
<!--セーラームーンここまで-->


</table>",【第2類医薬品】グラクソ・スミスクライン　ボルタレンEXローション　(50g)　【セルフメディケーション税制対象商品】：ツルハドラッグ,ドラッグストアスキンケア化粧品ベビー薬健康ツルハツルハドラッグダイエット健康食品サプリハブラシヘアケアエゾエース入浴剤ナップルツルハグループ介護用品医薬品生コラーゲン【第2類医薬品】グラクソ・スミスクライン　ボルタレンEXローション　(50g)　【セルフメディケーション税制対象商品】,　。【第2類医薬品】グラクソ・スミスクライン　ボルタレンEXローション　(50g)　【セルフメディケーション税制対象商品】[rn]
28-87619,http://tshop.r10s.jp/medistock/cabinet/nurigusuri/oronineh100g.jpg?fitin=700:700,526.4000,,,【第2類医薬品】【大塚製薬】オロナインＨ軟膏　100g【RCP】【10P03Dec16】,,"<center>
<table bgcolor=""#cc0000"" width=""750"" border=""0"" cellpadding=""0"" cellspacing=""2""><tr><td>
<table bgcolor=""#ffffcc"" width=""100%"" border=""0"" cellpadding=""5"" cellspacing=""0"" style=""font-size:14px;line-height:1.2;""><tr><td>
<font color=""#333333"">
<div align=""center""><font color=""#ff0000"" size=6><b>【お客様へ】本商品は医薬品です。</b></font></div>
<font color=""#660000"" size=4><b>商品名に付記されてございます<a href=""http://item.rakuten.co.jp/medistock/c/0000003301/"">【リスク分類】</a>をよくご確認の上、ご購入下さい。
また、医薬品は使用上の注意をよく読んだ上で、それに従い適切に使用して下さい。</b></font>
<hr>
<font color=""#cc0000""><b>
※医薬品のご購入について(1)：医薬品をご購入できるのは“18歳以上の楽天会員さま”のみとなっております。<br>
※医薬品のご購入について(2)：医薬品ごとに購入数の制限を設けております。
</b></font>
<hr>
<font color=""#003366""><b>【医薬品による健康被害の救済に関する制度】</b></font>医薬品副作用被害救済制度に基づき、独立行政法人 医薬品医療機器総合機構（救済制度窓口 0120-149-931）へご相談ください。<br>
<hr>
<font color=""#003366""><b>【広告文責 株式会社メディスンプラス】</b></font>フリーダイヤル：０１２０－２０５－９０４（※土日・祝祭日は休業）<br>管理薬剤師：稗圃賢輔（薬剤師免許証 第124203号 長崎県） ※相談応需可能時間：営業時間内
<hr><font color=""#003366""><b>【お客様へ】</b></font>お薬に関するご相談がございましたら、<a href=""http://item.rakuten.co.jp/medistock/c/0000003301/"" target=""_blank""><b>こちら</b></a>へお問い合わせください。
</font>
</td></tr></table></td></tr></table>
</center><table border=0 width=380><tr><td><font style=""font-size:14px;line-height:1.2;"">
<hr color=#ccffcc size=2><font style=""font-size:22px;"">活用しよう「医療費控除制度」！</font><hr color=#ccffcc size=2>
本商品（医薬品）をご購入された金額が、
<font color=""#ff0000"">ご自分と扶養家族の分も含めて年間で「合計１０万円（税込）」を超えた場合</font>
、確定申告をすることにより、所得税が一部還付されたり、翌年の住民税が減額される制度があります。<br>
詳しくは厚生労働省か、最寄りの関係機関へお問い合わせください。
</font></td></tr></table>
<table border=0 width=380><tr><td><font style=""font-size:14px;""><hr color=#ccffcc size=2><font color=#0066ff>◆</font><b>特長・キャッチフレーズ</b><font color=#0066ff>◆</font><hr color=#ccffcc size=2>皮ふ疾患・外傷治療薬<div align=right>・・・外皮用薬／鎮痛・鎮痒・収れん・消炎薬</div><hr color=#ccffcc size=2><font color=#0066ff>◆</font><b>メーカー</b>（※製造国又は原産国：日本）<font color=#0066ff>◆</font><hr color=#ccffcc size=2>大塚製薬株式会社<br>〒101-8535 東京都千代田区神田司町2-9<br>お客様相談窓口 ： 03-3293-3212<br>受付時間 ： 9時から17時（土・日・祝日、休業日を除く）<hr color=#ccffcc size=2><font color=#0066ff>◆</font><b>効果・効能</b><font color=#0066ff>◆</font><hr color=#ccffcc size=2>にきび、吹出物、はたけ、やけど(かるいもの)、ひび、しもやけ、あかぎれ、きず、水虫(ジュクジュクしていないもの)、たむし、いんきん、しらくも<hr color=#ccffcc size=2><font color=#0066ff>◆</font><b>用法・用量</b><font color=#0066ff>◆</font><hr color=#ccffcc size=2>患部の状態に応じて適宜ガーゼ・脱脂綿等に塗布して使用するか又は清潔な手指にて直接患部に応用します。<hr color=#ccffcc size=2><font color=#0066ff>◆</font><b>成分・分量</b><font color=#0066ff>◆</font><hr color=#ccffcc size=2>1g中にグルコン酸クロルヘキシジン液(20%)を10mg含有します。添加物として、ラウロマクロゴール、ポリソルベート80、硫酸AI/K、マクロゴール、グリセリン、オリブ油、ステアリルアルコール、サラシミツロウ、ワセリン、自己乳化型ステアリン酸グリセリン、香料、精製水を含有します。<hr color=#ccffcc size=2><font color=#0066ff>◆</font><b>保管上の注意</b><font color=#0066ff>◆</font><hr color=#ccffcc size=2>
（1）直射日光の当たらない湿気の少ない涼しい所に密栓して保管してください。<br>
（2）小児の手の届かない所に保管してください。<br>
（3）他の容器に入れ替えないでください。誤用の原因になったり、品質が変わるおそれがあります。<br>
（4）使用期限をすぎた製品は、使用しないでください。 <br>
（5）容器の開封日記入欄に、開封した日付を記入してください。<br>
※その他、医薬品は使用上の注意をよく読んだ上で、それに従い適切に使用して下さい。<br>※ページ内で特に記載が無い場合、使用期限１年以上の商品をお届けしております。</font></td></tr></table><table width=""380"" border=""0"" style=""font-size:14px;line-height:1.2;""><tr><td><hr>※添付文書←<font color=#ff0000><b>詳細の商品情報はこちら</b></font><hr><font color=""#ff0000""><b>【お客様へ】</b></font>お薬に関するご相談がございましたら、<b>こちら</b>へお問い合わせください。</td></tr></table><table border=0 width=380 style=""font-size:12px;line-height:1.2;""><tr><td><font color=#000088><hr>※パッケージデザイン等が予告なく変更される場合もあります。<br>※商品廃番・メーカー欠品など諸事情によりお届けできない場合がございます。<hr></font></td></tr></table><table border=0 width=380 style=""font-size:12px;line-height:1.2;""><tr><td>商品区分：【第2類医薬品】<br>【広告文責】株式会社メディスンプラス：0120-205-904 ※休業日 土日・祝祭日<br>文責者名：稗圃 賢輔（管理薬剤師）</td></tr></table><!-- ▼左フロートバナー 表示 CSS & TAG セット -->
<link rel=""stylesheet"" href=""http://www.rakuten.ne.jp/gold/medistock/css_flt/fb_l_m.css"" type=""text/css"" />
<!--トップバナー-->
<div id=""flt_l1""></div>
<!--Ｗオマケ-->
<div id=""flt_l2""></div>
<!--セサミン-->
<div id=""flt_l3""></div>
<!--ワゴンセール-->
<div id=""flt_l4""></div>
<!--送料無料-->
<div id=""flt_l5""></div>
<!-- MPリンク -->
<div id=""flt_l6""></div>
<!-- none -->
<div id=""flt_l7""></div>
<!-- ▲左フロートバナー 表示 CSS & TAG セット -->

<!-- ▼右フロートバナー 表示 CSS & TAG セット -->
<link rel=""stylesheet"" href=""http://www.rakuten.ne.jp/gold/medistock/css_flt/fb_r_m.css"" type=""text/css"" />
<!--プレ EXP-->
<div id=""flt_r1""></div>
<!--プレ レバ-->
<div id=""flt_r2""></div>
<!--花粉特集-->
<div id=""flt_r3""></div>
<!--なし-->
<div id=""flt_r4""></div>
<!--なし-->
<div id=""flt_r5""></div>
<!--ビタ ワゴン-->
<!--ゴールドA-->
<div id=""flt_r6""></div>
<!--なし-->
<div id=""flt_r7""></div>
<!-- ▲右フロートバナー 表示 CSS & TAG セット -->


<!-- ▼スライド -->
<center>
<div style=""width:710px; border:1px solid #52aef0; padding:5px; margin-bottom:5px;"">

</div>
</center>
<!-- ▲スライド -->

<!--▼項目選択-->

<br>
<!--▲項目選択-->


<!--▼右端縦表示-->
<style type=""text/css"">
<!--
/*
body {
background-image:url(http://image.rakuten.co.jp/medistock/cabinet/medistock/tate1508md.gif);
background-repeat:repeat-y;
background-position: right top;
}
*/
-->
</style>



<table width=""730"" border=""0""><tr><td align=""center"">

	<div><img src=""http://image.rakuten.co.jp/medistock/cabinet/hd/sp.gif"" height=""20""></div>




	<div><img src=""http://image.rakuten.co.jp/medistock/cabinet/banner/170520m.gif"" width=""468"" alt=""エントリー"" border=""0""></div>
	<div><img src=""http://image.rakuten.co.jp/medistock/cabinet/hd/sp.gif"" height=""5""></div>


	<div><img src=""http://image.rakuten.co.jp/medistock/cabinet/banner/1704win.jpg"" width=""468"" alt=""エントリー"" border=""0""></div>
	<div><img src=""http://image.rakuten.co.jp/medistock/cabinet/hd/sp.gif"" height=""5""></div>




	<div><img src=""http://image.rakuten.co.jp/medistock/cabinet/banner/160801ls.gif"" width=""468"" alt=""エントリー"" border=""0""></div>
	<div><img src=""http://image.rakuten.co.jp/medistock/cabinet/hd/sp.gif"" height=""5""></div>



	<div><img src=""http://image.rakuten.co.jp/medistock/cabinet/banner/160118pt7.jpg"" width=""468"" alt=""エントリー"" border=""0""></div>
	<div><img src=""http://image.rakuten.co.jp/medistock/cabinet/hd/sp.gif"" height=""5""></div>


	<div><img src=""http://image.rakuten.co.jp/medistock/cabinet/banner/160801nua.jpg"" width=""468"" alt=""エントリー"" border=""0""></div>
	<div><img src=""http://image.rakuten.co.jp/medistock/cabinet/hd/sp.gif"" height=""5""></div>


	<div><img src=""http://image.rakuten.co.jp/medistock/cabinet/banner/160506rgw.jpg"" width=""468"" alt=""エントリー"" border=""0""></div>
	<div><img src=""http://image.rakuten.co.jp/medistock/cabinet/hd/sp.gif"" height=""5""></div>



	<div><img src=""http://image.rakuten.co.jp/medistock/cabinet/banner/161201tb05p.jpg"" width=""468"" alt=""ツールバーPt2"" border=""0""></div>
	<div><img src=""http://image.rakuten.co.jp/medistock/cabinet/hd/sp.gif"" height=""5""></div>



	<div><img src=""http://image.rakuten.co.jp/medistock/cabinet/banner/160601tb10.jpg"" width=""468"" alt=""初ツールバー"" border=""0""></div>
	<div><img src=""http://image.rakuten.co.jp/medistock/cabinet/hd/sp.gif"" height=""5""></div>





	<div><img src=""http://image.rakuten.co.jp/medistock/cabinet/banner/151101app.jpg"" width=""468"" alt=""エントリー"" border=""0""></div>
	<div><img src=""http://image.rakuten.co.jp/medistock/cabinet/hd/sp.gif"" height=""5""></div>


<div><img src=""http://image.rakuten.co.jp/medistock/cabinet/p_img/bn_ato.gif"" width=""468"" alt=""ＮＰ後払い"" border=""0""></div>
<div><img src=""http://image.rakuten.co.jp/medistock/cabinet/hd/sp.gif"" height=""5""></div>

<Br>

</td></tr></table>",【第2類医薬品】【大塚製薬】オロナインＨ軟膏　100g【RCP】【10P03Dec16】：メディストック,美容健康メディスンプラスメディストック健康食品サプリメントペット用品化粧品ドッグフードキャットフード日用品食料品香水医薬品【第2類医薬品】【大塚製薬】オロナインＨ軟膏　100g【RCP】【10P03Dec16】,【第2類医薬品】【大塚製薬】オロナインＨ軟膏　100g【RCP】【10P03Dec16】[rn]
28-87620,http://tshop.r10s.jp/medistock/cabinet/nurigusuri/img10262288310.jpg?fitin=700:700,147.2000,,,【第2類医薬品】【大塚製薬】オロナインＨ軟膏　10g【RCP】【10P03Dec16】,,"<center>
<table bgcolor=""#cc0000"" width=""750"" border=""0"" cellpadding=""0"" cellspacing=""2""><tr><td>
<table bgcolor=""#ffffcc"" width=""100%"" border=""0"" cellpadding=""5"" cellspacing=""0"" style=""font-size:14px;line-height:1.2;""><tr><td>
<font color=""#333333"">
<div align=""center""><font color=""#ff0000"" size=6><b>【お客様へ】本商品は医薬品です。</b></font></div>
<font color=""#660000"" size=4><b>商品名に付記されてございます<a href=""http://item.rakuten.co.jp/medistock/c/0000003301/"">【リスク分類】</a>をよくご確認の上、ご購入下さい。
また、医薬品は使用上の注意をよく読んだ上で、それに従い適切に使用して下さい。</b></font>
<hr>
<font color=""#cc0000""><b>
※医薬品のご購入について(1)：医薬品をご購入できるのは“18歳以上の楽天会員さま”のみとなっております。<br>
※医薬品のご購入について(2)：医薬品ごとに購入数の制限を設けております。
</b></font>
<hr>
<font color=""#003366""><b>【医薬品による健康被害の救済に関する制度】</b></font>医薬品副作用被害救済制度に基づき、独立行政法人 医薬品医療機器総合機構（救済制度窓口 0120-149-931）へご相談ください。<br>
<hr>
<font color=""#003366""><b>【広告文責 株式会社メディスンプラス】</b></font>フリーダイヤル：０１２０－２０５－９０４（※土日・祝祭日は休業）<br>管理薬剤師：稗圃賢輔（薬剤師免許証 第124203号 長崎県） ※相談応需可能時間：営業時間内
<hr><font color=""#003366""><b>【お客様へ】</b></font>お薬に関するご相談がございましたら、<a href=""http://item.rakuten.co.jp/medistock/c/0000003301/"" target=""_blank""><b>こちら</b></a>へお問い合わせください。
</font>
</td></tr></table></td></tr></table>
</center><table border=0 width=380><tr><td><font style=""font-size:14px;line-height:1.2;"">
<hr color=#ccffcc size=2><font style=""font-size:22px;"">活用しよう「医療費控除制度」！</font><hr color=#ccffcc size=2>
本商品（医薬品）をご購入された金額が、
<font color=""#ff0000"">ご自分と扶養家族の分も含めて年間で「合計１０万円（税込）」を超えた場合</font>
、確定申告をすることにより、所得税が一部還付されたり、翌年の住民税が減額される制度があります。<br>
詳しくは厚生労働省か、最寄りの関係機関へお問い合わせください。
</font></td></tr></table>
<table border=0 width=380><tr><td><font style=""font-size:14px;""><hr color=#ccffcc size=2><font color=#0066ff>◆</font><b>特長・キャッチフレーズ</b><font color=#0066ff>◆</font><hr color=#ccffcc size=2>皮ふ疾患・外傷治療薬<div align=right>・・・外皮用薬／鎮痛・鎮痒・収れん・消炎薬</div><hr color=#ccffcc size=2><font color=#0066ff>◆</font><b>メーカー</b>（※製造国又は原産国：日本）<font color=#0066ff>◆</font><hr color=#ccffcc size=2>大塚製薬株式会社<br>〒101-8535 東京都千代田区神田司町2-9<br>お客様相談窓口 ： 03-3293-3212<br>受付時間 ： 9時から17時（土・日・祝日、休業日を除く）<hr color=#ccffcc size=2><font color=#0066ff>◆</font><b>効果・効能</b><font color=#0066ff>◆</font><hr color=#ccffcc size=2>にきび、吹出物、はたけ、やけど(かるいもの)、ひび、しもやけ、あかぎれ、きず、水虫(ジュクジュクしていないもの)、たむし、いんきん、しらくも<hr color=#ccffcc size=2><font color=#0066ff>◆</font><b>用法・用量</b><font color=#0066ff>◆</font><hr color=#ccffcc size=2>患部の状態に応じて適宜ガーゼ・脱脂綿等に塗布して使用するか又は清潔な手指にて直接患部に応用します。<hr color=#ccffcc size=2><font color=#0066ff>◆</font><b>成分・分量</b><font color=#0066ff>◆</font><hr color=#ccffcc size=2>1g中にグルコン酸クロルヘキシジン液(20%)を10mg含有します。添加物として、ラウロマクロゴール、ポリソルベート80、硫酸AI/K、マクロゴール、グリセリン、オリブ油、ステアリルアルコール、サラシミツロウ、ワセリン、自己乳化型ステアリン酸グリセリン、香料、精製水を含有します。<hr color=#ccffcc size=2><font color=#0066ff>◆</font><b>保管上の注意</b><font color=#0066ff>◆</font><hr color=#ccffcc size=2>
（1）直射日光の当たらない湿気の少ない涼しい所に密栓して保管してください。<br>
（2）小児の手の届かない所に保管してください。<br>
（3）他の容器に入れ替えないでください。誤用の原因になったり、品質が変わるおそれがあります。<br>
（4）使用期限をすぎた製品は、使用しないでください。 <br>
（5）容器の開封日記入欄に、開封した日付を記入してください。<br>
※その他、医薬品は使用上の注意をよく読んだ上で、それに従い適切に使用して下さい。<br>※ページ内で特に記載が無い場合、使用期限１年以上の商品をお届けしております。</font></td></tr></table><table width=""380"" border=""0"" style=""font-size:14px;line-height:1.2;""><tr><td><hr>※添付文書←<font color=#ff0000><b>詳細の商品情報はこちら</b></font><hr><font color=""#ff0000""><b>【お客様へ】</b></font>お薬に関するご相談がございましたら、<b>こちら</b>へお問い合わせください。</td></tr></table><table border=0 width=380 style=""font-size:12px;line-height:1.2;""><tr><td><font color=#000088><hr>※パッケージデザイン等が予告なく変更される場合もあります。<br>※商品廃番・メーカー欠品など諸事情によりお届けできない場合がございます。<hr></font></td></tr></table><table border=0 width=380 style=""font-size:12px;line-height:1.2;""><tr><td>商品区分：【第2類医薬品】<br>【広告文責】株式会社メディスンプラス：0120-205-904 ※休業日 土日・祝祭日<br>文責者名：稗圃 賢輔（管理薬剤師）</td></tr></table><!-- ▼左フロートバナー 表示 CSS & TAG セット -->
<link rel=""stylesheet"" href=""http://www.rakuten.ne.jp/gold/medistock/css_flt/fb_l_m.css"" type=""text/css"" />
<!--トップバナー-->
<div id=""flt_l1""></div>
<!--Ｗオマケ-->
<div id=""flt_l2""></div>
<!--セサミン-->
<div id=""flt_l3""></div>
<!--ワゴンセール-->
<div id=""flt_l4""></div>
<!--送料無料-->
<div id=""flt_l5""></div>
<!-- MPリンク -->
<div id=""flt_l6""></div>
<!-- none -->
<div id=""flt_l7""></div>
<!-- ▲左フロートバナー 表示 CSS & TAG セット -->

<!-- ▼右フロートバナー 表示 CSS & TAG セット -->
<link rel=""stylesheet"" href=""http://www.rakuten.ne.jp/gold/medistock/css_flt/fb_r_m.css"" type=""text/css"" />
<!--プレ EXP-->
<div id=""flt_r1""></div>
<!--プレ レバ-->
<div id=""flt_r2""></div>
<!--花粉特集-->
<div id=""flt_r3""></div>
<!--なし-->
<div id=""flt_r4""></div>
<!--なし-->
<div id=""flt_r5""></div>
<!--ビタ ワゴン-->
<!--ゴールドA-->
<div id=""flt_r6""></div>
<!--なし-->
<div id=""flt_r7""></div>
<!-- ▲右フロートバナー 表示 CSS & TAG セット -->


<!-- ▼スライド -->
<center>
<div style=""width:710px; border:1px solid #52aef0; padding:5px; margin-bottom:5px;"">

</div>
</center>
<!-- ▲スライド -->

<!--▼項目選択-->

<br>
<!--▲項目選択-->


<!--▼右端縦表示-->
<style type=""text/css"">
<!--
/*
body {
background-image:url(http://image.rakuten.co.jp/medistock/cabinet/medistock/tate1508md.gif);
background-repeat:repeat-y;
background-position: right top;
}
*/
-->
</style>



<table width=""730"" border=""0""><tr><td align=""center"">

	<div><img src=""http://image.rakuten.co.jp/medistock/cabinet/hd/sp.gif"" height=""20""></div>




	<div><img src=""http://image.rakuten.co.jp/medistock/cabinet/banner/170520m.gif"" width=""468"" alt=""エントリー"" border=""0""></div>
	<div><img src=""http://image.rakuten.co.jp/medistock/cabinet/hd/sp.gif"" height=""5""></div>


	<div><img src=""http://image.rakuten.co.jp/medistock/cabinet/banner/1704win.jpg"" width=""468"" alt=""エントリー"" border=""0""></div>
	<div><img src=""http://image.rakuten.co.jp/medistock/cabinet/hd/sp.gif"" height=""5""></div>




	<div><img src=""http://image.rakuten.co.jp/medistock/cabinet/banner/160801ls.gif"" width=""468"" alt=""エントリー"" border=""0""></div>
	<div><img src=""http://image.rakuten.co.jp/medistock/cabinet/hd/sp.gif"" height=""5""></div>



	<div><img src=""http://image.rakuten.co.jp/medistock/cabinet/banner/160118pt7.jpg"" width=""468"" alt=""エントリー"" border=""0""></div>
	<div><img src=""http://image.rakuten.co.jp/medistock/cabinet/hd/sp.gif"" height=""5""></div>


	<div><img src=""http://image.rakuten.co.jp/medistock/cabinet/banner/160801nua.jpg"" width=""468"" alt=""エントリー"" border=""0""></div>
	<div><img src=""http://image.rakuten.co.jp/medistock/cabinet/hd/sp.gif"" height=""5""></div>


	<div><img src=""http://image.rakuten.co.jp/medistock/cabinet/banner/160506rgw.jpg"" width=""468"" alt=""エントリー"" border=""0""></div>
	<div><img src=""http://image.rakuten.co.jp/medistock/cabinet/hd/sp.gif"" height=""5""></div>



	<div><img src=""http://image.rakuten.co.jp/medistock/cabinet/banner/161201tb05p.jpg"" width=""468"" alt=""ツールバーPt2"" border=""0""></div>
	<div><img src=""http://image.rakuten.co.jp/medistock/cabinet/hd/sp.gif"" height=""5""></div>



	<div><img src=""http://image.rakuten.co.jp/medistock/cabinet/banner/160601tb10.jpg"" width=""468"" alt=""初ツールバー"" border=""0""></div>
	<div><img src=""http://image.rakuten.co.jp/medistock/cabinet/hd/sp.gif"" height=""5""></div>





	<div><img src=""http://image.rakuten.co.jp/medistock/cabinet/banner/151101app.jpg"" width=""468"" alt=""エントリー"" border=""0""></div>
	<div><img src=""http://image.rakuten.co.jp/medistock/cabinet/hd/sp.gif"" height=""5""></div>


<div><img src=""http://image.rakuten.co.jp/medistock/cabinet/p_img/bn_ato.gif"" width=""468"" alt=""ＮＰ後払い"" border=""0""></div>
<div><img src=""http://image.rakuten.co.jp/medistock/cabinet/hd/sp.gif"" height=""5""></div>

<Br>

</td></tr></table>",【第2類医薬品】【大塚製薬】オロナインＨ軟膏　10g【RCP】【10P03Dec16】：メディストック,美容健康メディスンプラスメディストック健康食品サプリメントペット用品化粧品ドッグフードキャットフード日用品食料品香水医薬品【第2類医薬品】【大塚製薬】オロナインＨ軟膏　10g【RCP】【10P03Dec16】,【第2類医薬品】【大塚製薬】オロナインＨ軟膏　10g【RCP】【10P03Dec16】[rn]
28-87621,http://tshop.r10s.jp/medistock/cabinet/nurigusuri/img10262288313.jpg?fitin=700:700,270.4000,,,【第2類医薬品】【大塚製薬】オロナインＨ軟膏　30g【RCP】【10P03Dec16】,,"<center>
<table bgcolor=""#cc0000"" width=""750"" border=""0"" cellpadding=""0"" cellspacing=""2""><tr><td>
<table bgcolor=""#ffffcc"" width=""100%"" border=""0"" cellpadding=""5"" cellspacing=""0"" style=""font-size:14px;line-height:1.2;""><tr><td>
<font color=""#333333"">
<div align=""center""><font color=""#ff0000"" size=6><b>【お客様へ】本商品は医薬品です。</b></font></div>
<font color=""#660000"" size=4><b>商品名に付記されてございます<a href=""http://item.rakuten.co.jp/medistock/c/0000003301/"">【リスク分類】</a>をよくご確認の上、ご購入下さい。
また、医薬品は使用上の注意をよく読んだ上で、それに従い適切に使用して下さい。</b></font>
<hr>
<font color=""#cc0000""><b>
※医薬品のご購入について(1)：医薬品をご購入できるのは“18歳以上の楽天会員さま”のみとなっております。<br>
※医薬品のご購入について(2)：医薬品ごとに購入数の制限を設けております。
</b></font>
<hr>
<font color=""#003366""><b>【医薬品による健康被害の救済に関する制度】</b></font>医薬品副作用被害救済制度に基づき、独立行政法人 医薬品医療機器総合機構（救済制度窓口 0120-149-931）へご相談ください。<br>
<hr>
<font color=""#003366""><b>【広告文責 株式会社メディスンプラス】</b></font>フリーダイヤル：０１２０－２０５－９０４（※土日・祝祭日は休業）<br>管理薬剤師：稗圃賢輔（薬剤師免許証 第124203号 長崎県） ※相談応需可能時間：営業時間内
<hr><font color=""#003366""><b>【お客様へ】</b></font>お薬に関するご相談がございましたら、<a href=""http://item.rakuten.co.jp/medistock/c/0000003301/"" target=""_blank""><b>こちら</b></a>へお問い合わせください。
</font>
</td></tr></table></td></tr></table>
</center><table border=0 width=380><tr><td><font style=""font-size:14px;line-height:1.2;"">
<hr color=#ccffcc size=2><font style=""font-size:22px;"">活用しよう「医療費控除制度」！</font><hr color=#ccffcc size=2>
本商品（医薬品）をご購入された金額が、
<font color=""#ff0000"">ご自分と扶養家族の分も含めて年間で「合計１０万円（税込）」を超えた場合</font>
、確定申告をすることにより、所得税が一部還付されたり、翌年の住民税が減額される制度があります。<br>
詳しくは厚生労働省か、最寄りの関係機関へお問い合わせください。
</font></td></tr></table>
<table border=0 width=380><tr><td><font style=""font-size:14px;""><hr color=#ccffcc size=2><font color=#0066ff>◆</font><b>特長・キャッチフレーズ</b><font color=#0066ff>◆</font><hr color=#ccffcc size=2>皮ふ疾患・外傷治療薬<div align=right>・・・外皮用薬／鎮痛・鎮痒・収れん・消炎薬</div><hr color=#ccffcc size=2><font color=#0066ff>◆</font><b>メーカー</b>（※製造国又は原産国：日本）<font color=#0066ff>◆</font><hr color=#ccffcc size=2>大塚製薬株式会社<br>〒101-8535 東京都千代田区神田司町2-9<br>お客様相談窓口 ： 03-3293-3212<br>受付時間 ： 9時から17時（土・日・祝日、休業日を除く）<hr color=#ccffcc size=2><font color=#0066ff>◆</font><b>効果・効能</b><font color=#0066ff>◆</font><hr color=#ccffcc size=2>にきび、吹出物、はたけ、やけど(かるいもの)、ひび、しもやけ、あかぎれ、きず、水虫(ジュクジュクしていないもの)、たむし、いんきん、しらくも<hr color=#ccffcc size=2><font color=#0066ff>◆</font><b>用法・用量</b><font color=#0066ff>◆</font><hr color=#ccffcc size=2>患部の状態に応じて適宜ガーゼ・脱脂綿等に塗布して使用するか又は清潔な手指にて直接患部に応用します。<hr color=#ccffcc size=2><font color=#0066ff>◆</font><b>成分・分量</b><font color=#0066ff>◆</font><hr color=#ccffcc size=2>1g中にグルコン酸クロルヘキシジン液(20%)を10mg含有します。添加物として、ラウロマクロゴール、ポリソルベート80、硫酸AI/K、マクロゴール、グリセリン、オリブ油、ステアリルアルコール、サラシミツロウ、ワセリン、自己乳化型ステアリン酸グリセリン、香料、精製水を含有します。<hr color=#ccffcc size=2><font color=#0066ff>◆</font><b>保管上の注意</b><font color=#0066ff>◆</font><hr color=#ccffcc size=2>
（1）直射日光の当たらない湿気の少ない涼しい所に密栓して保管してください。<br>
（2）小児の手の届かない所に保管してください。<br>
（3）他の容器に入れ替えないでください。誤用の原因になったり、品質が変わるおそれがあります。<br>
（4）使用期限をすぎた製品は、使用しないでください。 <br>
（5）容器の開封日記入欄に、開封した日付を記入してください。<br>
※その他、医薬品は使用上の注意をよく読んだ上で、それに従い適切に使用して下さい。<br>※ページ内で特に記載が無い場合、使用期限１年以上の商品をお届けしております。</font></td></tr></table><table width=""380"" border=""0"" style=""font-size:14px;line-height:1.2;""><tr><td><hr>※添付文書←<font color=#ff0000><b>詳細の商品情報はこちら</b></font><hr><font color=""#ff0000""><b>【お客様へ】</b></font>お薬に関するご相談がございましたら、<b>こちら</b>へお問い合わせください。</td></tr></table><table border=0 width=380 style=""font-size:12px;line-height:1.2;""><tr><td><font color=#000088><hr>※パッケージデザイン等が予告なく変更される場合もあります。<br>※商品廃番・メーカー欠品など諸事情によりお届けできない場合がございます。<hr></font></td></tr></table><table border=0 width=380 style=""font-size:12px;line-height:1.2;""><tr><td>商品区分：【第2類医薬品】<br>【広告文責】株式会社メディスンプラス：0120-205-904 ※休業日 土日・祝祭日<br>文責者名：稗圃 賢輔（管理薬剤師）</td></tr></table><!-- ▼左フロートバナー 表示 CSS & TAG セット -->
<link rel=""stylesheet"" href=""http://www.rakuten.ne.jp/gold/medistock/css_flt/fb_l_m.css"" type=""text/css"" />
<!--トップバナー-->
<div id=""flt_l1""></div>
<!--Ｗオマケ-->
<div id=""flt_l2""></div>
<!--セサミン-->
<div id=""flt_l3""></div>
<!--ワゴンセール-->
<div id=""flt_l4""></div>
<!--送料無料-->
<div id=""flt_l5""></div>
<!-- MPリンク -->
<div id=""flt_l6""></div>
<!-- none -->
<div id=""flt_l7""></div>
<!-- ▲左フロートバナー 表示 CSS & TAG セット -->

<!-- ▼右フロートバナー 表示 CSS & TAG セット -->
<link rel=""stylesheet"" href=""http://www.rakuten.ne.jp/gold/medistock/css_flt/fb_r_m.css"" type=""text/css"" />
<!--プレ EXP-->
<div id=""flt_r1""></div>
<!--プレ レバ-->
<div id=""flt_r2""></div>
<!--花粉特集-->
<div id=""flt_r3""></div>
<!--なし-->
<div id=""flt_r4""></div>
<!--なし-->
<div id=""flt_r5""></div>
<!--ビタ ワゴン-->
<!--ゴールドA-->
<div id=""flt_r6""></div>
<!--なし-->
<div id=""flt_r7""></div>
<!-- ▲右フロートバナー 表示 CSS & TAG セット -->


<!-- ▼スライド -->
<center>
<div style=""width:710px; border:1px solid #52aef0; padding:5px; margin-bottom:5px;"">

</div>
</center>
<!-- ▲スライド -->

<!--▼項目選択-->

<br>
<!--▲項目選択-->


<!--▼右端縦表示-->
<style type=""text/css"">
<!--
/*
body {
background-image:url(http://image.rakuten.co.jp/medistock/cabinet/medistock/tate1508md.gif);
background-repeat:repeat-y;
background-position: right top;
}
*/
-->
</style>



<table width=""730"" border=""0""><tr><td align=""center"">

	<div><img src=""http://image.rakuten.co.jp/medistock/cabinet/hd/sp.gif"" height=""20""></div>




	<div><img src=""http://image.rakuten.co.jp/medistock/cabinet/banner/170520m.gif"" width=""468"" alt=""エントリー"" border=""0""></div>
	<div><img src=""http://image.rakuten.co.jp/medistock/cabinet/hd/sp.gif"" height=""5""></div>


	<div><img src=""http://image.rakuten.co.jp/medistock/cabinet/banner/1704win.jpg"" width=""468"" alt=""エントリー"" border=""0""></div>
	<div><img src=""http://image.rakuten.co.jp/medistock/cabinet/hd/sp.gif"" height=""5""></div>




	<div><img src=""http://image.rakuten.co.jp/medistock/cabinet/banner/160801ls.gif"" width=""468"" alt=""エントリー"" border=""0""></div>
	<div><img src=""http://image.rakuten.co.jp/medistock/cabinet/hd/sp.gif"" height=""5""></div>



	<div><img src=""http://image.rakuten.co.jp/medistock/cabinet/banner/160118pt7.jpg"" width=""468"" alt=""エントリー"" border=""0""></div>
	<div><img src=""http://image.rakuten.co.jp/medistock/cabinet/hd/sp.gif"" height=""5""></div>


	<div><img src=""http://image.rakuten.co.jp/medistock/cabinet/banner/160801nua.jpg"" width=""468"" alt=""エントリー"" border=""0""></div>
	<div><img src=""http://image.rakuten.co.jp/medistock/cabinet/hd/sp.gif"" height=""5""></div>


	<div><img src=""http://image.rakuten.co.jp/medistock/cabinet/banner/160506rgw.jpg"" width=""468"" alt=""エントリー"" border=""0""></div>
	<div><img src=""http://image.rakuten.co.jp/medistock/cabinet/hd/sp.gif"" height=""5""></div>



	<div><img src=""http://image.rakuten.co.jp/medistock/cabinet/banner/161201tb05p.jpg"" width=""468"" alt=""ツールバーPt2"" border=""0""></div>
	<div><img src=""http://image.rakuten.co.jp/medistock/cabinet/hd/sp.gif"" height=""5""></div>



	<div><img src=""http://image.rakuten.co.jp/medistock/cabinet/banner/160601tb10.jpg"" width=""468"" alt=""初ツールバー"" border=""0""></div>
	<div><img src=""http://image.rakuten.co.jp/medistock/cabinet/hd/sp.gif"" height=""5""></div>





	<div><img src=""http://image.rakuten.co.jp/medistock/cabinet/banner/151101app.jpg"" width=""468"" alt=""エントリー"" border=""0""></div>
	<div><img src=""http://image.rakuten.co.jp/medistock/cabinet/hd/sp.gif"" height=""5""></div>


<div><img src=""http://image.rakuten.co.jp/medistock/cabinet/p_img/bn_ato.gif"" width=""468"" alt=""ＮＰ後払い"" border=""0""></div>
<div><img src=""http://image.rakuten.co.jp/medistock/cabinet/hd/sp.gif"" height=""5""></div>

<Br>

</td></tr></table>",【第2類医薬品】【大塚製薬】オロナインＨ軟膏　30g【RCP】【10P03Dec16】：メディストック,美容健康メディスンプラスメディストック健康食品サプリメントペット用品化粧品ドッグフードキャットフード日用品食料品香水医薬品【第2類医薬品】【大塚製薬】オロナインＨ軟膏　30g【RCP】【10P03Dec16】,【第2類医薬品】【大塚製薬】オロナインＨ軟膏　30g【RCP】【10P03Dec16】[rn]
28-87622,http://tshop.r10s.jp/medistock/cabinet/rsv/4987487103201b616.jpg?fitin=700:700,409.6000,,,【第2類医薬品】【ビタトレール☆毎日ポイント２倍】なんと！あのビタトレール リフェンダローション ８０ml（フェルビナク 3.0％配合）が～今だけ“１個につきもう１個オマケ”！ 【RCP】【セルフメディケーション税制 対象品】,,"<a name=""ptop""></a>
<div class=""hdtxt"">続けることが大切だからいつも得々価格</div>
<div id=""rfd001""> </div>
<div id=""rfd101""> </div>

<div id=""flb201""> </div>
<div id=""flb202""> </div>
<div id=""flb203""> </div>
<div id=""flb204""> </div>
<div id=""flb205""> </div>
<div id=""flb206""> </div>
<div id=""flb207""> </div>

<div id=""rfd301""> </div>
<div id=""rfd302""> </div>
<div id=""rfd303""> </div>
<div id=""rfd304""> </div>
<div id=""rfd305""> </div>
<div id=""rfd306""> </div>
<div id=""rfd307""> </div>
<div id=""rfd308""> </div>
<div id=""rfd309""> </div>


<div id=""rfd401""> </div>
<div id=""rfd402""> </div>
<div id=""rfd403""> </div>
<div id=""rfd404""> </div>
<div id=""rfd405""> </div>

<div class=""hdtxt"">
慢性肩こり・腰痛に！慢性的な痛みにオススメ！乳酸は疲労物質ではない。発痛物質プロスタグランジンの発生を抑える、鎮痛消炎成分フェルビナク＝非ステロイド系消炎鎮痛剤（NSAIDs）“第２世代”の鎮痛成分。お手軽重視、関節部分など湿布薬では貼りにくい・剥がれやすい部位にも素早く広範囲を塗れるボトルタイプで、塗って使う液タイプ。同じ塗るタイプでも、手を汚しにくい。ネック部分がカーブしているから、一人では塗りにくい背中にも便利。割安お得な、たっぷり使える大容量！3％配合、メントール（冷感成分）の爽快な使用感。クールでな使用感でも、鎮痛効果と局所血管拡張作用による血流改善・血行促進の効果もあるよ。これなら続けられる！



</div>
<a name=""pbtm""></a><table border=0 width=380><tr><td><font style=""font-size:14px;line-height:1.2;"">
<hr color=#ccffcc size=2><font color=#0066ff>◆</font><b>特  長</b><font color=#0066ff>◆</font><hr color=#ccffcc size=2>
ビタトレール医薬品シリーズから登場、フェルビナク配合塗り薬。優れた鎮痛・消炎効果をあらわす「フェルビナク」を主成分として３％配合！<br>
肩・腰・関節などの痛みに優れた効き目を発揮する、鎮痛・消炎ローションです。<br>
有効成分フェルビナクが患部に直接浸透し、痛みに関係する物質（プラスタグランジン）の発生を抑えます。<br>
l-メントール、３％配合。スッキリとした爽快感です。<br>
首の曲がっているボトル使用で、塗りにくかった患部にも塗布できます。<br>

<hr><font color=""#cc0000"" style=""font-size:18px;line-height:1.2;""><b>

【只今キャンペーン中】このキャンペーン対象品を１個お買い上げ毎に、もう１つオマケでプレゼント...つまり１つのお値段で２個ゲット！やったー！<br>
ちなみに、２つご購入された場合は、それぞれ１個ずつオマケで、合計４個になりますよ！ <br>
※数量限定の企画につき、予定数に達した時点で、予告なく終了または賞品変更する場合がございます。<br>
※同じ【ビタトレール リフェンダローション 80ml】でありましても、「別のプレゼントキャンペーン対象品」は“本キャンペーン対象外”です（まとめ買い特典は有効）。 


</b></font>

<hr color=#ccffcc size=2><font color=#0066ff>◆</font><b>メーカー</b>（※製造国又は原産国：日本）<font color=#0066ff>◆</font><hr color=#ccffcc size=2>株式会社タカミツ<br>〒462-0803 愛知県名古屋市北区上飯田東町四丁目68番地の1<br>お問い合わせ先 ： 0120-459533（フリーダイヤル）<br>受付時間 ： 9時から17時（土・日・祝日を除く）<hr color=#ccffcc size=2><font color=#0066ff>◆</font><b>効果・効能</b><font color=#0066ff>◆</font><hr color=#ccffcc size=2>肩こりに伴う肩の痛み、腰痛、関節痛、筋肉痛、打撲、捻挫、腱鞘炎（手・手首・足首の痛みと腫れ）、肘の痛み（テニス肘など）<hr color=#ccffcc size=2><font color=#0066ff>◆</font><b>用法・用量</b><font color=#0066ff>◆</font><hr color=#ccffcc size=2>１日２～４回、適量を患部に塗布してください。<br>１、次の人は使用しないでください。<br>（１）本剤又は本剤の成分によりアレルギー症状（発疹・発赤、かゆみ、かぶれなど）を起こしたことがある人。<br>（２）ぜんそくを起こしたことがある人。<br>（３）妊婦又は妊娠していると思われる人。<br>（４）１５歳未満の小児。　<br>２、次の部位には使用しないでください。<br>（１）目の周囲、粘膜等。<br>（２）湿疹、かぶれ、傷口。<br>（３）化膿している患部。<hr color=#ccffcc size=2><font color=#0066ff>◆</font><b>成　分</b><font color=#0066ff>◆</font><hr color=#ccffcc size=2>（100ｇ中）フェルビナク・・・3.0ｇ　lーメントール・・・3.0ｇ　※添加物として、トリエタノールアミン、ベンジルアルコール、１，３－ブチレングリコール、アルコール、エデト酸Ｎａ、グリセリン<hr color=#ccffcc size=2><font color=#0066ff>◆</font><b>保管上の注意</b><font color=#0066ff>◆</font><hr color=#ccffcc size=2>
（1）直射日光の当たらない湿気の少ない涼しい所に密栓して保管してください。<br>
（2）小児の手の届かない所に保管してください。<br>
（3）他の容器に入れ替えないでください。誤用の原因になったり、品質が変わるおそれがあります。<br>
（4）使用期限をすぎた製品は、使用しないでください。 <br>
（5）容器の開封日記入欄に、開封した日付を記入してください。<br>
※その他、医薬品は使用上の注意をよく読んだ上で、それに従い適切に使用して下さい。<br>※ページ内で特に記載が無い場合、使用期限１年以上の商品をお届けしております。
<!--info_txt-->

</font></td></tr></table>
<table width=""380"" border=""0"" style=""font-size:14px;line-height:1.2;""><tr><td><hr>※添付文書←<font color=#ff0000><b>詳細の商品情報はこちら</b></font>

<hr><font color=""#ff0000""><b>【お客様へ】</b></font>お薬に関するご相談がございましたら、<b>こちら</b>へお問い合わせください。</td></tr></table>
<table border=0 width=380 style=""font-size:12px;line-height:1.2;""><tr><td><font color=#000088><hr>※パッケージデザイン等が予告なく変更される場合もあります。<br>※商品廃番・メーカー欠品など諸事情によりお届けできない場合がございます。<hr></font></td></tr></table>
<table border=0 width=380 style=""font-size:12px;line-height:1.2;""><tr><td>商品区分：【第2類医薬品】<br>【広告文責】株式会社メディスンプラス：0120-205-904 ※休業日 土日・祝祭日<br>文責者名：稗圃 賢輔（管理薬剤師）</td></tr></table><!-- ▼左フロートバナー 表示 CSS & TAG セット -->
<link rel=""stylesheet"" href=""http://www.rakuten.ne.jp/gold/medistock/css_flt/fb_l_m.css"" type=""text/css"" />
<!--トップバナー-->
<div id=""flt_l1""></div>
<!--Ｗオマケ-->
<div id=""flt_l2""></div>
<!--セサミン-->
<div id=""flt_l3""></div>
<!--ワゴンセール-->
<div id=""flt_l4""></div>
<!--送料無料-->
<div id=""flt_l5""></div>
<!-- MPリンク -->
<div id=""flt_l6""></div>
<!-- none -->
<div id=""flt_l7""></div>
<!-- ▲左フロートバナー 表示 CSS & TAG セット -->

<!-- ▼右フロートバナー 表示 CSS & TAG セット -->
<link rel=""stylesheet"" href=""http://www.rakuten.ne.jp/gold/medistock/css_flt/fb_r_m.css"" type=""text/css"" />
<!--プレ EXP-->
<div id=""flt_r1""></div>
<!--プレ レバ-->
<div id=""flt_r2""></div>
<!--花粉特集-->
<div id=""flt_r3""></div>
<!--なし-->
<div id=""flt_r4""></div>
<!--なし-->
<div id=""flt_r5""></div>
<!--ビタ ワゴン-->
<!--ゴールドA-->
<div id=""flt_r6""></div>
<!--なし-->
<div id=""flt_r7""></div>
<!-- ▲右フロートバナー 表示 CSS & TAG セット -->


<!-- ▼スライド -->
<center>
<div style=""width:710px; border:1px solid #52aef0; padding:5px; margin-bottom:5px;"">

</div>
</center>
<!-- ▲スライド -->

<!--▼項目選択-->

<br>
<!--▲項目選択-->


<!--▼右端縦表示-->
<style type=""text/css"">
<!--
/*
body {
background-image:url(http://image.rakuten.co.jp/medistock/cabinet/medistock/tate1508md.gif);
background-repeat:repeat-y;
background-position: right top;
}
*/
-->
</style>



<table width=""730"" border=""0""><tr><td align=""center"">

	<div><img src=""http://image.rakuten.co.jp/medistock/cabinet/hd/sp.gif"" height=""20""></div>




	<div><img src=""http://image.rakuten.co.jp/medistock/cabinet/banner/170520m.gif"" width=""468"" alt=""エントリー"" border=""0""></div>
	<div><img src=""http://image.rakuten.co.jp/medistock/cabinet/hd/sp.gif"" height=""5""></div>


	<div><img src=""http://image.rakuten.co.jp/medistock/cabinet/banner/1704win.jpg"" width=""468"" alt=""エントリー"" border=""0""></div>
	<div><img src=""http://image.rakuten.co.jp/medistock/cabinet/hd/sp.gif"" height=""5""></div>




	<div><img src=""http://image.rakuten.co.jp/medistock/cabinet/banner/160801ls.gif"" width=""468"" alt=""エントリー"" border=""0""></div>
	<div><img src=""http://image.rakuten.co.jp/medistock/cabinet/hd/sp.gif"" height=""5""></div>



	<div><img src=""http://image.rakuten.co.jp/medistock/cabinet/banner/160118pt7.jpg"" width=""468"" alt=""エントリー"" border=""0""></div>
	<div><img src=""http://image.rakuten.co.jp/medistock/cabinet/hd/sp.gif"" height=""5""></div>


	<div><img src=""http://image.rakuten.co.jp/medistock/cabinet/banner/160801nua.jpg"" width=""468"" alt=""エントリー"" border=""0""></div>
	<div><img src=""http://image.rakuten.co.jp/medistock/cabinet/hd/sp.gif"" height=""5""></div>


	<div><img src=""http://image.rakuten.co.jp/medistock/cabinet/banner/160506rgw.jpg"" width=""468"" alt=""エントリー"" border=""0""></div>
	<div><img src=""http://image.rakuten.co.jp/medistock/cabinet/hd/sp.gif"" height=""5""></div>



	<div><img src=""http://image.rakuten.co.jp/medistock/cabinet/banner/161201tb05p.jpg"" width=""468"" alt=""ツールバーPt2"" border=""0""></div>
	<div><img src=""http://image.rakuten.co.jp/medistock/cabinet/hd/sp.gif"" height=""5""></div>



	<div><img src=""http://image.rakuten.co.jp/medistock/cabinet/banner/160601tb10.jpg"" width=""468"" alt=""初ツールバー"" border=""0""></div>
	<div><img src=""http://image.rakuten.co.jp/medistock/cabinet/hd/sp.gif"" height=""5""></div>





	<div><img src=""http://image.rakuten.co.jp/medistock/cabinet/banner/151101app.jpg"" width=""468"" alt=""エントリー"" border=""0""></div>
	<div><img src=""http://image.rakuten.co.jp/medistock/cabinet/hd/sp.gif"" height=""5""></div>


<div><img src=""http://image.rakuten.co.jp/medistock/cabinet/p_img/bn_ato.gif"" width=""468"" alt=""ＮＰ後払い"" border=""0""></div>
<div><img src=""http://image.rakuten.co.jp/medistock/cabinet/hd/sp.gif"" height=""5""></div>

<Br>

</td></tr></table>",【第2類医薬品】【ビタトレール☆毎日ポイント２倍】なんと！あのビタトレール リフェンダローション ８０ml（フェルビナク 3.0％配合）が～今だけ&ldquo;１個につきもう１個オマケ&rdquo;！ 【RCP】【セルフメディケーション税制 対象品】：メディストック,美容健康メディスンプラスメディストック健康食品サプリメントペット用品化粧品ドッグフードキャットフード日用品食料品香水医薬品【第2類医薬品】【ビタトレール☆毎日ポイント２倍】なんと！あのビタトレール リフェンダローション ８０ml（フェルビナク 3.0％配合）が～今だけ&ldquo;１個につきもう１個オマケ&rdquo;！ 【RCP】【セルフメディケーション税制 対象品】,【第2類医薬品】【ビタトレール☆毎日ポイント２倍】なんと！あのビタトレール リフェンダローション ８０ml（フェルビナク 3.0％配合）が～今だけ&ldquo;１個につきもう１個オマケ&rdquo;！ 【RCP】【セルフメディケーション税制 対象品】[rn]
28-87623,http://tshop.r10s.jp/fujiyaku/cabinet/item01/4987450002586.jpg?fitin=700:700,638.4000,,,★【第2類医薬品】 サンツールＩＤ液　（100mL）,インドメタシン1.0％配合。肩こり・腰痛・関節痛に,"<table style=""font-size:13px;"" cellpadding=""5"" border=0 bgcolor=""red""width=""670"">
<tr><th><font color=""white"">医薬品をご購入のお客様へ重要なお知らせ</font></th></tr>
<tr bgcolor=""white""><td>
<b>楽天市場の規則により医薬品の購入は、楽天会員にご登録いただいているお客様のみとさせていただいております。<br>
また、18歳未満のお客様へ販売も禁止となっております。ご了承いただきますようお願いいたします。</b>
<br>

</td></tr>
</table>
<br><br>
<font size=3>
サンツールID液は、痛みやはれのもとに直接作用するインドメタシンを1.0％配合した非ステロイド系の鎮痛消炎薬です。<br>
●主成分のインドメタシンが、塗った所から直接患部に働き、肩・腰・関節のつらい痛みに優れた効き目を発揮します。<br>
●l-メントール配合により、塗布後心地よい清涼感があります。<br>
<br>
</font><table style=""font-size:13px;"" cellpadding=""5"" border=0 bgcolor=""darkblue""width=""600"">
<tr><th><font color=""white"">この商品はセルフメディケーション税制対象商品です</font></th></tr>
<tr bgcolor=""white""><td>
<br>
　　<b>・2017年1月から始まる「セルフメディケーション税制（医療費控除の特例）」において、<br>
　　　医療費控除の対象となるOTC医薬品です。<br>
<br>
　　・商品発送時に同梱しております<font color=""red""> 「お買い上げ明細書」</font>（レシート）が申告時に必要となります。<br>
　　　大切に保管してください。</b><br>
<br>
    　 ■セルフメディケーション税制についてはこちら<br>
<br>
</td></tr>
</table><br><br><table  style=""font-size:13px;"" width=""700"" border=""0"">
<tr><td>
<b>■ 使用上の注意 ■</b>
<br><br>
<b>【してはいけないこと】</b>
<br>
(守らないと現在の症状が悪化したり、副作用が起こりやすくなります。)
<br>
<b>1.次の人は使用しないで下さい。</b>
<br>
(1)本剤又は本剤の成分によりアレルギー症状を起こしたことがある人。<br>
(2)ぜんそくを起こしたことがある人。<br>
(3)11歳未満の小児。<br>
<b>2.次の部位には使用しないで下さい。</b>
<br>
(1)目の周囲、粘膜等。<br>
(2)湿疹、かぶれ、傷口。<br>
(3)みずむし・たむし等又は化膿している患部。<br>
<b>3.長期連用しないで下さい。</b>
<br>
<br>
<b>【相談すること】</b>
<br>
<b>1.次の人は使用前に医師、薬剤師又は登録販売者に相談して下さい。</b><br>
(1)医師の治療を受けている人。<br>
(2)妊婦又は妊娠していると思われる人。<br>
(3)薬などによりアレルギー症状を起こしたことがある人。<br>
<b>
2. 使用後、次の症状があらわれた場合は副作用の可能性があるので、直ちに使用を中止し、この説明文書を持って医師、薬剤師又は登録販売者に相談して下さい。
</b>
<br>
</td></tr>


<tr><td>
<!--大きいテーブルの中にもう1つテーブル-->
<table style=""font-size:13px;"" cellspacing=""0"" cellpadding=""2"" border=""1"" width=""400"">
<tr align=""center"">
<td nowrap>関係部位</td><td>症状</td>
</tr>
<tr>
<td nowrap align=""center"">皮膚</td><td>発疹・発赤、かゆみ、はれ、ヒリヒリ感、熱感、乾燥感</td>
</tr>
</table>
<!--ここでテーブル1つ終了-->
</td></tr>
<tr><td>
<b>
3. 5～6日間使用しても症状がよくならない場合は使用を中止し、この説明文書を持って医師、薬剤師又は登録販売者に相談して下さい。<br>
</b>
<br>
<br><br>

<b>■ 効能・効果 ■</b>
<br><br>
筋肉痛、肩こりに伴う肩の痛み、腰痛、関節痛、腱鞘炎(手・手首の痛み)、肘の痛み(テニス肘など)、打撲、捻挫
<br>
<br>
<b>■ 用法・用量 ■</b>
<br><br>
1日4回を限度として適量を患部に塗布して下さい。<br>
<br>
<b>〈用法・用量に関連する注意〉</b>
<br>
(1)用法・用量を守って下さい。<br>
(2)11歳以上の小児に使用させる場合には、保護者の指導監督のもとに使用させて下さい。<br>
(3)11歳未満の小児に使用させないで下さい。<br>
(4)目に入らないよう注意して下さい。万一、目に入った場合には、すぐに水又はぬるま湯で洗って下さい。<br>　なお、症状が重い場合には、眼科医の診療を受けて下さい。<br>
(5)外用にのみ使用して下さい。<br>
(6)1週間あたり50mLを超えて使用しないで下さい。<br>
(7)薬剤塗布後の患部をラップフィルム等の通気性の悪いもので覆わないで下さい。<br>
(8)皮膚の特に弱い方は、同じ所に続けて塗布しないで下さい。<br>
(9)同じ部位に他の外用剤との併用は避けて下さい。<br>
(10)使用後は手を洗って下さい。

<br><br>
<b>■ 成分・分量 ■　</b>(100mL中)<br>
</td></tr>
<tr><td>
<!--大きいテーブルの中にもう1つテーブル2-->
<table style=""font-size:13px;"" cellspacing=""0"" cellpadding=""2"" border=""1"" width=""400"">
<tr align=""center"">
<td nowrap>成分</td><td>分量</td><td>はたらき</td>
</tr>
<tr>
<td nowrap>インドメタシン</td><td align=""right"" style=""padding: 0px 10px 0px 0px;"" >1000mg</td><td>鎮痛作用・消炎作用が患部にはたらき、痛みやはれを鎮めます。</td>
</tr>
<tr>
<td nowrap>l-メントール</td><td align=""right"" style=""padding: 0px 10px 0px 0px;"" >3000mg</td><td>清涼感を与え、痛みをやわらげます。</td>
</tr>
</table>
<!--ここでテーブル2終了-->
</td></tr>

<tr><td>
<br>
添加剤として、エデト酸ナトリウム水和物、ヒプロメロース、マクロゴール、ベンジルアルコール、エタノールを含有する
<br>
<br><br>
<b>■ 保管及び取扱い上の注意 ■</b>
<br>
(1)直射日光の当たらない涼しい所にキャップをしっかり閉めて保管して下さい。<br>
(2)小児の手の届かない所に保管して下さい。<br>
(3)他の容器に入れ替えないで下さい。(誤用の原因になったり、品質が変わることがあります。)<br>
(4)火気に近づけないで下さい。<br>
(5)火の中に投じないで下さい。<br>
(6)本剤のついた手で、目等の粘膜に触れないで下さい。<br>
(7)メガネ、時計、アクセサリー等の金属類、化繊の衣類、プラスチック類、床や家具等の塗装面等に<br>
　付着すると変質又は変色することがあるので、付着しないように注意して下さい。<br>
(8)本剤が衣類や寝具等に付着し、汚れた場合にはなるべく早く水か洗剤で洗い落として下さい。<br>
(9)使用期限を過ぎた製品は使用しないで下さい。<br>
　なお、使用期限内であっても、開封後はなるべく早く使用して下さい。<br>
<br><br>

</td></tr><style type=""text/css"">
div#caution{border:solid 1px #ff0000;padding:10px;margin:20px 0px;}
div#caution p{font-size:18px;margin:0px;line-height:1.5em;}
div#caution p.red{color:#ff0000;}
div#iteminst{font-size:16px;line-height:1.5em;margin:10px 0px;}
div#iteminst p{margin:0px 0px 20px 0px;}
div#iteminst p.title{font-weight:bold;margin:0px;}
div#iteminst p span{color:#ff0000;}
</style>
<!--<table border=0 width=700 height=491
background=""http://image.rakuten.co.jp/fujiyaku/cabinet/left/guide4.jpg"">
<tr>
<td width=70>　</td>
<td width=70>　</td>
<td width=70>　</td>
<td width=70>　</td>
<td width=70>　</td>
<td width=70>　</td>
<td width=70>　</td>
<td width=70>　</td>
<td width=70>　</td>
<td width=70>　</td>
</tr>
<tr>
<td width=70>　</td>
<td width=70>　</td>
<td width=70>　</td>
<td width=70>　</td>
<td width=70>　</td>
<td width=70>　</td>
<td width=70>　</td>
<td width=70>　</td>
<td width=70>　</td>
<td width=70>　</td>
</tr>
<tr>
<td width=70>　</td>
<td width=70>　</td>
<td width=70>　</td>
<td width=70>　</td>
<td width=70>　</td>
<td width=70>　</td>
<td width=70>　</td>
<td width=70>　</td>
<td width=70>　</td>
<td width=70>　</td>
</tr>
<tr>
<td width=70>　</td>
<td width=70>　</td>
<td width=70>　</td>
<td width=70>　</td>
<td width=70>　</td>
<td width=70>　</td>
<td width=70>　</td>
<td width=70>　</td>
<td width=70>　</td>
<td width=70>　</td>
</tr>
<tr>
<td width=70>　</td>
<td width=70>　</td>
<td width=70>　</td>
<td width=70>　</td>
<td width=70>　</td>
<td width=70>　</td>
<td width=70>　</td>
<td width=70>　</td>
<td width=70>　</td>
<td width=70>　</td>
</tr>
<tr>
<td width=70>　</td>
<td width=70>　</td>
<td width=70>　</td>
<td width=70>　</td>
<td width=70>　</td>
<td width=70>　</td>
<td width=70>　</td>
<td width=70>　</td>
<td width=70>　</td>
<td width=70>　</td>
</tr>
<tr>
<td width=70>　</td>
<td valign=""middle"" width=70 colspan=4>

<img src=""http://image.rakuten.co.jp/fujiyaku/cabinet/left/moreinfo-to.gif"" border=0>
</td>
<td width=70>　</td>
<td width=70>　</td>
<td width=70>　</td>
<td width=70>　</td>
<td width=70>　</td>
</tr>
<tr>
<td width=70>　</td>
<td width=70>　</td>
<td width=70>　</td>
<td width=70>　</td>
<td width=70>　</td>
<td width=70>　</td>
<td width=70>　</td>
<td width=70>　</td>
<td width=70>　</td>
<td width=70>　</td>
</tr>
<tr>
<td width=70>　</td>
<td width=70>　</td>
<td width=70>　</td>
<td width=70>　</td>
<td width=70>　</td>
<td width=70>　</td>
<td valign=""bottom"" width=70 colspan=4>

<img src=""http://image.rakuten.co.jp/fujiyaku/cabinet/left/moreinfo-to.gif"" border=0>
</td>
</tr>
<tr>
<td width=70>　</td>
<td width=70>　</td>
<td width=70>　</td>
<td width=70>　</td>
<td width=70>　</td>
<td width=70>　</td>
<td width=70>　</td>
<td width=70>　</td>
<td width=70>　</td>
<td width=70>　</td>
</tr>
<tr>
<td width=70>　</td>
<td width=70 colspan=4>

<img src=""http://image.rakuten.co.jp/fujiyaku/cabinet/left/moreinfo-to.gif"" border=0>
</td>
<td width=70>　</td>
<td nowrap width=70 colspan=4>

<img src=""http://image.rakuten.co.jp/fujiyaku/cabinet/left/moreinfo-to.gif"" border=0>
</td></tr>
</table>
<table border=0 width=700 height=300 background=""http://image.rakuten.co.jp/fujiyaku/cabinet/left/info-iyaku.jpg"">
<tr>
<td>
<br><br><br><br><br>　　　　　　　　　　　

<font size=2><b>『お問合せフォーム』はこちら！</b></font>
</td>
</tr></table>

-->",★【第2類医薬品】 サンツールＩＤ液　（100mL）：Ｔ-富士薬品,健康りんご酢青汁コラーゲン関節痛夏バテコンドロイチングルコサミン美容医薬品ランキング効果プラセンタローヤルゼリー飲む酢タウリンコエンザイムQ10CoQ10おむつ尿パッド★【第2類医薬品】 サンツールＩＤ液　（100mL）,インドメタシン1.0％配合。肩こり・腰痛・関節痛に。★【第2類医薬品】 サンツールＩＤ液　（100mL）[rn]
28-87624,http://tshop.r10s.jp/fujiyaku/cabinet/iyakuhin/4987450002432.jpg?fitin=700:700,1024.0000,,,★【第2類医薬品】 サンツールDF液α（100ml）,ジクロフェナクナトリウム配合,"<table style=""font-size:13px;"" cellpadding=""5"" border=0 bgcolor=""red""width=""670"">
<tr><th><font color=""white"">医薬品をご購入のお客様へ重要なお知らせ</font></th></tr>
<tr bgcolor=""white""><td>
<b>楽天市場の規則により医薬品の購入は、楽天会員にご登録いただいているお客様のみとさせていただいております。<br>
また、18歳未満のお客様へ販売も禁止となっております。ご了承いただきますようお願いいたします。</b>
<br>
</td></tr>
</table>
<br><br>
<font size=3>
ジクロフェナクナトリウム配合<br>
肩の痛み・腰痛・筋肉痛・関節痛<br>
<br>
●医療用にも使われている成分ジクロフェナクナトリウムを1. 0％配合した非ステロイド系の鎮痛消炎剤です。<br>
●主成分のジクロフェナクナトリウムが、肩・腰・関節等のつらい痛みに優れた効き目をあらわします。<br>
●l‐メントールを3. 0％配合しており、微香性で、さわやかな使用感です。<br>
<br>
</font><table style=""font-size:13px;"" cellpadding=""5"" border=0 bgcolor=""darkblue""width=""600"">
<tr><th><font color=""white"">この商品はセルフメディケーション税制対象商品です</font></th></tr>
<tr bgcolor=""white""><td>
<br>
　　<b>・2017年1月から始まる「セルフメディケーション税制（医療費控除の特例）」において、<br>
　　　医療費控除の対象となるOTC医薬品です。<br>
<br>
　　・商品発送時に同梱しております<font color=""red""> 「お買い上げ明細書」</font>（レシート）が申告時に必要となります。<br>
　　　大切に保管してください。</b><br>
<br>
    　 ■セルフメディケーション税制についてはこちら<br>
<br>
</td></tr>
</table><br><br><table  style=""font-size:13px;"" width=""700"" border=""0"">
<tr><td>
<b>■ 使用上の注意 ■</b>
<br><br>
<b>【してはいけないこと】</b>
<br>
(守らないと現在の症状が悪化したり、副作用が起こりやすくなります。)
<br>
<b>1.次の人は使用しないで下さい。</b>
<br>
(1)本剤又は本剤の成分によりアレルギー症状を起こしたことがある人。<br>
(2)ぜんそくを起こしたことがある人。<br>
(3) 妊婦または妊娠していると思われる人。<br>
(4) 15歳未満の小児。<br>
<b>2.次の部位には使用しないで下さい。</b>
<br>
(1)目の周囲、粘膜等。<br>
(2)湿疹、かぶれ、傷口。<br>
(3)みずむし・たむし等又は化膿している患部。<br>
<b>3.本剤を使用している間は、他の外用鎮痛消炎薬を併用しないでください。</b><br>
<b>4.長期連用しないでください。</b>
<br>
<br>
<b>【相談すること】</b>
<br>
<b>1.次の人は使用前に医師、薬剤師又は登録販売者に相談して下さい。</b><br>
(1)医師の治療を受けている人。<br>
(2)薬などによりアレルギー症状を起こしたことがある人。<br>
(3)次の医薬品の投与を受けている人。<br>
ニューキノロン系抗菌剤<br>

<b>
<b>2. 使用中または使用後、次の症状があらわれた場合は副作用の可能性があるので、直ちに使用を中止し、この説明文書を持って医師、薬剤師または登録販売者に相談してください。</b>
</b>
<br>
</td></tr>


<tr><td>
<!--大きいテーブルの中にもう1つテーブル-->
<table style=""font-size:13px;"" cellspacing=""0"" cellpadding=""2"" border=""1"" width=""400"">
<tr align=""center"">
<td nowrap>関係部位</td><td>症状</td>
</tr>
<tr>
<td nowrap align=""center"">皮膚</td><td>発疹・発赤、かゆみ、かぶれ、はれ、痛み、刺激感、熱感、皮膚の荒れ、落屑(フケ、アカのような皮膚のはがれ)、水疱、色素沈着</td>
</tr>
</table>
<!--ここでテーブル1つ終了-->
</td></tr>
<tr><td>
<b>まれに下記の重篤な症状が起こることがあります。その場合は、直ちに医師の診療を受けてください</b><br>
</td></tr>
<tr><td>
<!--大きいテーブルの中にもう1つテーブル-->
<table style=""font-size:13px;"" cellspacing=""0"" cellpadding=""2"" border=""1"" width=""400"">
<tr align=""center"">
<td nowrap>症状の名称</td><td>症状</td>
</tr>
<tr>
<td nowrap align=""center"">ショック（アナフィラキシー）</td><td>使用後すぐに、皮膚のかゆみ、じんましん、声のかすれ、くしゃみ、のどのかゆみ、息苦しさ、動悸、意識の混濁等があらわれます。</td>
</tr>
<tr>
<td nowrap align=""center"">接触皮膚炎、光線過敏症</td><td>貼付部に強いかゆみを伴う発疹・発赤、はれ、刺激感、水疱、ただれ等の激しい皮膚炎症状や色素沈着、白斑があらわれ、中には発疹・発赤、かゆみ等の症状が全身に広がることがあります。また、日光が当たった部位に症状があらわれたり、悪化することがあります。
</td></tr>
</table>
<!--ここでテーブル1つ終了-->
</td></tr>
<tr><td>
<b>
3. 5-6日間使用しても症状がよくならない場合は使用を中止し、この説明文を持って医師、薬剤師又は登録販売者に相談して下さい。<br>
</b>
<br>
<br><br>

<b>■ 効能・効果 ■</b>
<br><br>
関節痛、肩こりに伴う肩の痛み、腱鞘炎(手・手首の痛み)、肘の痛み(テニス肘など)、筋肉痛、腰痛、打撲、捻挫
<br>
<br>
<b>■ 用法・用量 ■</b>
<br><br>
<b>
1日3～4回適量を患部に塗布して下さい。<br>
ただし，塗布部位をラップフィルム等の通気性の悪いもので覆わないで下さい。なお，本成分を含む他の外用剤を併用しないで下さい。</b><br>
<br>
〈用法・用量に関連する注意〉
<br>
(1) 定められた用法・用量をお守り下さい。<br>
(2) 本剤は、痛みやはれ等の原因になっている病気を治療するのではなく、痛みやはれ等の症状のみを治療する薬剤ですので、症状がある場合だけ使用して下さい。<br>
(3) 本剤は外用にのみ使用し，内服しないで下さい。<br>
(4) 1週間あたり50gを超えて使用しないで下さい。<br>
(5) 目に入らないよう注意して下さい。<br>万一、目に入った場合には，すぐに水又はぬるま湯で洗って下さい。なお、症状が重い場合には，眼科医の診療を受けて下さい。<br>
(6) 使用部位に他の外用剤を併用しないで下さい。<br>
(7) 通気性の悪いもの(ラップフィルム，矯正ベルト等)で使用部位を覆い、密封状態にしないで下さい。<br>

<br>
<b>■ 成分・分量 ■　(膏体100g中)1枚7cm×10cm、膏体量1.5g</b><br>
[成分]：[分量]
ジクロフェナクナトリウム ： 1g<br>
l-メントール　：　3.0g<br>
添加物：ジブチルヒドロキシトルエン、アジピン酸ジイソプロピル、ベンジルアルコール、マクロゴール、クエン酸水和物、エタノール
<br><br>
<b>■ 保管及び取扱い上の注意 ■</b>
<br>
(1) 直射日光の当たらない涼しい所に密栓して保管して下さい。<br>
(2) 小児の手の届かない所に保管して下さい。<br>
(3) 火気に近づけないで下さい。<br>
(4) メガネ、時計、アクセサリー等の金属類、化繊の衣類、プラスチック類、床や家具などの塗装面等に付着すると変質することがありますので、付着しないよう注意して下さい。<br>
(5) 他の容器に入れかえないで下さい。(誤用の原因になったり品質が変わることがあります。)<br>
(6) 使用期限を過ぎた製品は使用しないで下さい。<br>なお、使用期限内であっても、開封後はなるべく早く使用して下さい。<br>
</td></tr><style type=""text/css"">
div#caution{border:solid 1px #ff0000;padding:10px;margin:20px 0px;}
div#caution p{font-size:18px;margin:0px;line-height:1.5em;}
div#caution p.red{color:#ff0000;}
div#iteminst{font-size:16px;line-height:1.5em;margin:10px 0px;}
div#iteminst p{margin:0px 0px 20px 0px;}
div#iteminst p.title{font-weight:bold;margin:0px;}
div#iteminst p span{color:#ff0000;}
</style>
<!--<table border=0 width=700 height=491
background=""http://image.rakuten.co.jp/fujiyaku/cabinet/left/guide4.jpg"">
<tr>
<td width=70>　</td>
<td width=70>　</td>
<td width=70>　</td>
<td width=70>　</td>
<td width=70>　</td>
<td width=70>　</td>
<td width=70>　</td>
<td width=70>　</td>
<td width=70>　</td>
<td width=70>　</td>
</tr>
<tr>
<td width=70>　</td>
<td width=70>　</td>
<td width=70>　</td>
<td width=70>　</td>
<td width=70>　</td>
<td width=70>　</td>
<td width=70>　</td>
<td width=70>　</td>
<td width=70>　</td>
<td width=70>　</td>
</tr>
<tr>
<td width=70>　</td>
<td width=70>　</td>
<td width=70>　</td>
<td width=70>　</td>
<td width=70>　</td>
<td width=70>　</td>
<td width=70>　</td>
<td width=70>　</td>
<td width=70>　</td>
<td width=70>　</td>
</tr>
<tr>
<td width=70>　</td>
<td width=70>　</td>
<td width=70>　</td>
<td width=70>　</td>
<td width=70>　</td>
<td width=70>　</td>
<td width=70>　</td>
<td width=70>　</td>
<td width=70>　</td>
<td width=70>　</td>
</tr>
<tr>
<td width=70>　</td>
<td width=70>　</td>
<td width=70>　</td>
<td width=70>　</td>
<td width=70>　</td>
<td width=70>　</td>
<td width=70>　</td>
<td width=70>　</td>
<td width=70>　</td>
<td width=70>　</td>
</tr>
<tr>
<td width=70>　</td>
<td width=70>　</td>
<td width=70>　</td>
<td width=70>　</td>
<td width=70>　</td>
<td width=70>　</td>
<td width=70>　</td>
<td width=70>　</td>
<td width=70>　</td>
<td width=70>　</td>
</tr>
<tr>
<td width=70>　</td>
<td valign=""middle"" width=70 colspan=4>

<img src=""http://image.rakuten.co.jp/fujiyaku/cabinet/left/moreinfo-to.gif"" border=0>
</td>
<td width=70>　</td>
<td width=70>　</td>
<td width=70>　</td>
<td width=70>　</td>
<td width=70>　</td>
</tr>
<tr>
<td width=70>　</td>
<td width=70>　</td>
<td width=70>　</td>
<td width=70>　</td>
<td width=70>　</td>
<td width=70>　</td>
<td width=70>　</td>
<td width=70>　</td>
<td width=70>　</td>
<td width=70>　</td>
</tr>
<tr>
<td width=70>　</td>
<td width=70>　</td>
<td width=70>　</td>
<td width=70>　</td>
<td width=70>　</td>
<td width=70>　</td>
<td valign=""bottom"" width=70 colspan=4>

<img src=""http://image.rakuten.co.jp/fujiyaku/cabinet/left/moreinfo-to.gif"" border=0>
</td>
</tr>
<tr>
<td width=70>　</td>
<td width=70>　</td>
<td width=70>　</td>
<td width=70>　</td>
<td width=70>　</td>
<td width=70>　</td>
<td width=70>　</td>
<td width=70>　</td>
<td width=70>　</td>
<td width=70>　</td>
</tr>
<tr>
<td width=70>　</td>
<td width=70 colspan=4>

<img src=""http://image.rakuten.co.jp/fujiyaku/cabinet/left/moreinfo-to.gif"" border=0>
</td>
<td width=70>　</td>
<td nowrap width=70 colspan=4>

<img src=""http://image.rakuten.co.jp/fujiyaku/cabinet/left/moreinfo-to.gif"" border=0>
</td></tr>
</table>
<table border=0 width=700 height=300 background=""http://image.rakuten.co.jp/fujiyaku/cabinet/left/info-iyaku.jpg"">
<tr>
<td>
<br><br><br><br><br>　　　　　　　　　　　

<font size=2><b>『お問合せフォーム』はこちら！</b></font>
</td>
</tr></table>

-->",★【第2類医薬品】 サンツールDF液α（100ml）：Ｔ-富士薬品,健康りんご酢青汁コラーゲン関節痛夏バテコンドロイチングルコサミン美容医薬品ランキング効果プラセンタローヤルゼリー飲む酢タウリンコエンザイムQ10CoQ10おむつ尿パッド★【第2類医薬品】 サンツールDF液α（100ml）,ジクロフェナクナトリウム配合。★【第2類医薬品】 サンツールDF液α（100ml）[rn]
28-87625,http://tshop.r10s.jp/fujiyaku/cabinet/item01/4987450002494.jpg?fitin=700:700,638.4000,,,★【第2類医薬品】 サンツールＩＤゲル　（50g）,インドメタシン1.0％配合。肩こり・腰痛・関節痛に,"<table style=""font-size:13px;"" cellpadding=""5"" border=0 bgcolor=""red""width=""670"">
<tr><th><font color=""white"">医薬品をご購入のお客様へ重要なお知らせ</font></th></tr>
<tr bgcolor=""white""><td>
<b>楽天市場の規則により医薬品の購入は、楽天会員にご登録いただいているお客様のみとさせていただいております。<br>
また、18歳未満のお客様へ販売も禁止となっております。ご了承いただきますようお願いいたします。</b>
<br>
</td></tr>
</table>
<br><br>
<font size=3>
サンツールIDゲルは、痛みやはれのもとに直接作用するインドメタシンを1.0％配合した非ステロイド系の鎮痛消炎薬です。<br>
●主成分のインドメタシンが、塗った所から直接患部に働き、肩・腰・関節のつらい痛みに優れた効き目を発揮します。<br>
●l-メントール配合により、塗擦後心地よい清涼感があります。<br>
<br>
</font><table style=""font-size:13px;"" cellpadding=""5"" border=0 bgcolor=""darkblue""width=""600"">
<tr><th><font color=""white"">この商品はセルフメディケーション税制対象商品です</font></th></tr>
<tr bgcolor=""white""><td>
<br>
　　<b>・2017年1月から始まる「セルフメディケーション税制（医療費控除の特例）」において、<br>
　　　医療費控除の対象となるOTC医薬品です。<br>
<br>
　　・商品発送時に同梱しております<font color=""red""> 「お買い上げ明細書」</font>（レシート）が申告時に必要となります。<br>
　　　大切に保管してください。</b><br>
<br>
    　 ■セルフメディケーション税制についてはこちら<br>
<br>
</td></tr>
</table><br><br><table  style=""font-size:13px;"" width=""700"" border=""0"">
<tr><td>
<b>■ 使用上の注意 ■</b>
<br><br>
<b>【してはいけないこと】</b>
<br>
(守らないと現在の症状が悪化したり、副作用が起こりやすくなります。)
<br>
<b>1.次の人は使用しないで下さい。</b>
<br>
(1)本剤又は本剤の成分によりアレルギー症状を起こしたことがある人。<br>
(2)ぜんそくを起こしたことがある人。<br>
(3)11歳未満の小児<br>
<br>
<b>2.次の部位には使用しないで下さい。</b>
<br>
(1)目の周囲、粘膜等。<br>
(2)湿疹、かぶれ、傷口。<br>
(3)みずむし・たむし等又は化膿している患部。<br>
<br>
<b>3.長期連用しないで下さい。</b>
<br>
<br>
<b>【相談すること】</b>
<br>
<b>1.次の人は使用前に医師、薬剤師又は登録販売者に相談して下さい。</b><br>
(1)医師の治療を受けている人。<br>
(2)妊婦又は妊娠していると思われる人。<br>
(3)薬などによりアレルギー症状を起こしたことがある人。<br>
<b>
<b>2. 使用後、次の症状があらわれた場合は副作用の可能性があるので、直ちに使用を中止し、この説明文書を持って医師、薬剤師又は登録販売者に相談して下さい。</b>
<br>
</td></tr>


<tr><td>
<!--大きいテーブルの中にもう1つテーブル-->
<table style=""font-size:13px;"" cellspacing=""0"" cellpadding=""2"" border=""1"" width=""400"">
<tr align=""center"">
<td nowrap>関係部位</td><td>症状</td>
</tr>
<tr>
<td nowrap align=""center"">皮膚</td><td>発疹・発赤、かゆみ、はれ、ヒリヒリ感、熱感、乾燥感</td>
</tr>
</table>
<!--ここでテーブル1つ終了-->
</td></tr>
<tr><td>
<b>3．5～6日間使用しても症状がよくならない場合は使用を中止し、この説明文書を持って医師、薬剤師又は登録販売者に相談して下さい。</b><br>
<br>
<br><br>

<b>■ 効能・効果 ■</b>
<br><br>
筋肉痛、肩こりに伴う肩の痛み、腰痛、関節痛、腱鞘炎(手・手首の痛み)、肘の痛み(テニス肘など)、打撲、捻挫
<br>
<br>
<b>■ 用法・用量 ■</b>
<br><br>
1日4回を限度として適量を患部に塗擦して下さい。<br>
<br>
<b>〈用法・用量に関連する注意〉</b>
<br>
(1)用法・用量を守って下さい。<br>
(2)11歳以上の小児に使用させる場合には、保護者の指導監督のもとに使用させて下さい。<br>
(3)11歳未満の小児に使用させないで下さい。<br>
(4)目に入らないよう注意して下さい。万一、目に入った場合には、すぐに水又はぬるま湯で洗って下さい。<br>
　なお、症状が重い場合には、眼科医の診療を受けて下さい。<br>
(5)外用にのみ使用して下さい。<br>
(6)1週間あたり50gを超えて使用しないで下さい。<br>
(7)薬剤塗擦後の患部をラップフィルム等の通気性の悪いもので覆わないで下さい。<br>
(8)皮膚の特に弱い方は、同じ所に続けて塗擦しないで下さい。<br>
(9)同じ部位に他の外用剤との併用は避けて下さい。<br>
(10)使用後は手を洗って下さい。
<br>

<br><br>
<b>■ 成分・分量 ■　</b>（100g中）<br><br>
</td></tr>
<tr><td>
<!--大きいテーブルの中にもう1つテーブル-->
<table style=""font-size:13px;"" cellspacing=""0"" cellpadding=""2"" border=""1"" width=""500"">
<tr align=""center"">
<td nowrap>成分</td><td nowrap>分量</td><td>はたらき</td>
</tr>
<tr>
<td nowrap>インドメタシン</td><td align=""center"">1.0g</td><td nowrap>鎮痛作用・消炎作用が患部にはたらき、痛みやはれを鎮めます。</td>
</tr>
<tr>
<td nowrap>l-メントール</td><td align=""center"">3.0g</td><td nowrap>清涼感を与え、痛みをやわらげます。</td>
</tr>
</table>
<!--ここでテーブル1つ終了-->
</td></tr>

<tr><td>
添加物としてエデト酸ナトリウム水和物、ヒプロメロース、マクロゴール、ジイソプロパノールアミン、アジピン酸ジイソプロピル、カルボキシビニルポリマー、ベンジルアルコール、エタノールを含有する
<br>
<br><br>
<b>■ 保管及び取扱い上の注意 ■</b>
<br>
(1)直射日光の当たらない涼しい所にキャップをしっかり閉めて保管して下さい。<br>
(2)小児の手の届かない所に保管して下さい。<br>
(3)他の容器に入れ替えないで下さい。(誤用の原因になったり、品質が変わることがあります。)<br>
(4)火気に近づけないで下さい。<br>
(5)火の中に投じないで下さい。<br>
(6)本剤のついた手で、目等の粘膜に触れないで下さい。<br>
(7)メガネ、時計、アクセサリー等の金属類、化繊の衣類、プラスチック類、床や家具等の塗装面等に<br>　付着すると変質又は変色することがあるので、付着しないように注意して下さい。<br>
(8)本剤が衣類や寝具等に付着し、汚れた場合にはなるべく早く水か洗剤で洗い落として下さい。<br>
(9)使用期限を過ぎた製品は使用しないで下さい。なお使用期限内であっても、開封後はなるべく早く使用してください。<br>

<br><br>

</td></tr><style type=""text/css"">
div#caution{border:solid 1px #ff0000;padding:10px;margin:20px 0px;}
div#caution p{font-size:18px;margin:0px;line-height:1.5em;}
div#caution p.red{color:#ff0000;}
div#iteminst{font-size:16px;line-height:1.5em;margin:10px 0px;}
div#iteminst p{margin:0px 0px 20px 0px;}
div#iteminst p.title{font-weight:bold;margin:0px;}
div#iteminst p span{color:#ff0000;}
</style>
<!--<table border=0 width=700 height=491
background=""http://image.rakuten.co.jp/fujiyaku/cabinet/left/guide4.jpg"">
<tr>
<td width=70>　</td>
<td width=70>　</td>
<td width=70>　</td>
<td width=70>　</td>
<td width=70>　</td>
<td width=70>　</td>
<td width=70>　</td>
<td width=70>　</td>
<td width=70>　</td>
<td width=70>　</td>
</tr>
<tr>
<td width=70>　</td>
<td width=70>　</td>
<td width=70>　</td>
<td width=70>　</td>
<td width=70>　</td>
<td width=70>　</td>
<td width=70>　</td>
<td width=70>　</td>
<td width=70>　</td>
<td width=70>　</td>
</tr>
<tr>
<td width=70>　</td>
<td width=70>　</td>
<td width=70>　</td>
<td width=70>　</td>
<td width=70>　</td>
<td width=70>　</td>
<td width=70>　</td>
<td width=70>　</td>
<td width=70>　</td>
<td width=70>　</td>
</tr>
<tr>
<td width=70>　</td>
<td width=70>　</td>
<td width=70>　</td>
<td width=70>　</td>
<td width=70>　</td>
<td width=70>　</td>
<td width=70>　</td>
<td width=70>　</td>
<td width=70>　</td>
<td width=70>　</td>
</tr>
<tr>
<td width=70>　</td>
<td width=70>　</td>
<td width=70>　</td>
<td width=70>　</td>
<td width=70>　</td>
<td width=70>　</td>
<td width=70>　</td>
<td width=70>　</td>
<td width=70>　</td>
<td width=70>　</td>
</tr>
<tr>
<td width=70>　</td>
<td width=70>　</td>
<td width=70>　</td>
<td width=70>　</td>
<td width=70>　</td>
<td width=70>　</td>
<td width=70>　</td>
<td width=70>　</td>
<td width=70>　</td>
<td width=70>　</td>
</tr>
<tr>
<td width=70>　</td>
<td valign=""middle"" width=70 colspan=4>

<img src=""http://image.rakuten.co.jp/fujiyaku/cabinet/left/moreinfo-to.gif"" border=0>
</td>
<td width=70>　</td>
<td width=70>　</td>
<td width=70>　</td>
<td width=70>　</td>
<td width=70>　</td>
</tr>
<tr>
<td width=70>　</td>
<td width=70>　</td>
<td width=70>　</td>
<td width=70>　</td>
<td width=70>　</td>
<td width=70>　</td>
<td width=70>　</td>
<td width=70>　</td>
<td width=70>　</td>
<td width=70>　</td>
</tr>
<tr>
<td width=70>　</td>
<td width=70>　</td>
<td width=70>　</td>
<td width=70>　</td>
<td width=70>　</td>
<td width=70>　</td>
<td valign=""bottom"" width=70 colspan=4>

<img src=""http://image.rakuten.co.jp/fujiyaku/cabinet/left/moreinfo-to.gif"" border=0>
</td>
</tr>
<tr>
<td width=70>　</td>
<td width=70>　</td>
<td width=70>　</td>
<td width=70>　</td>
<td width=70>　</td>
<td width=70>　</td>
<td width=70>　</td>
<td width=70>　</td>
<td width=70>　</td>
<td width=70>　</td>
</tr>
<tr>
<td width=70>　</td>
<td width=70 colspan=4>

<img src=""http://image.rakuten.co.jp/fujiyaku/cabinet/left/moreinfo-to.gif"" border=0>
</td>
<td width=70>　</td>
<td nowrap width=70 colspan=4>

<img src=""http://image.rakuten.co.jp/fujiyaku/cabinet/left/moreinfo-to.gif"" border=0>
</td></tr>
</table>
<table border=0 width=700 height=300 background=""http://image.rakuten.co.jp/fujiyaku/cabinet/left/info-iyaku.jpg"">
<tr>
<td>
<br><br><br><br><br>　　　　　　　　　　　

<font size=2><b>『お問合せフォーム』はこちら！</b></font>
</td>
</tr></table>

-->",★【第2類医薬品】 サンツールＩＤゲル　（50g）：Ｔ-富士薬品,健康りんご酢青汁コラーゲン関節痛夏バテコンドロイチングルコサミン美容医薬品ランキング効果プラセンタローヤルゼリー飲む酢タウリンコエンザイムQ10CoQ10おむつ尿パッド★【第2類医薬品】 サンツールＩＤゲル　（50g）,インドメタシン1.0％配合。肩こり・腰痛・関節痛に。★【第2類医薬品】 サンツールＩＤゲル　（50g）[rn]
28-87626,http://tshop.r10s.jp/fujiyaku/cabinet/iyakuhin/4987450002340.jpg?fitin=700:700,1204.0000,,,★【第2類医薬品】  サンツールFBテープL[10cm×14cm] 16枚入り,肩の痛み・腰痛・筋肉痛・関節痛に　フェルビナク配合,"<table style=""font-size:13px;"" cellpadding=""5"" border=0 bgcolor=""red""width=""670"">
<tr><th><font color=""white"">医薬品をご購入のお客様へ重要なお知らせ</font></th></tr>
<tr bgcolor=""white""><td>
<b>楽天市場の規則により医薬品の購入は、楽天会員にご登録いただいているお客様のみとさせていただいております。<br>
また、18歳未満のお客様へ販売も禁止となっております。ご了承いただきますようお願いいたします。</b>
<br>
</td></tr>
</table>
<br><br>
<font size=3>
肩の痛み・腰痛・筋肉痛・関節痛に　フェルビナク配合<br>
●爽快な貼りごこち<br>
　フェルビナク＋l-メントール配合<br> 
●患部に貼りやすいスリーピースライナー<br>
　関節部の動きにもピッタリフィット、<br>
<br>
</font><table style=""font-size:13px;"" cellpadding=""5"" border=0 bgcolor=""darkblue""width=""600"">
<tr><th><font color=""white"">この商品はセルフメディケーション税制対象商品です</font></th></tr>
<tr bgcolor=""white""><td>
<br>
　　<b>・2017年1月から始まる「セルフメディケーション税制（医療費控除の特例）」において、<br>
　　　医療費控除の対象となるOTC医薬品です。<br>
<br>
　　・商品発送時に同梱しております<font color=""red""> 「お買い上げ明細書」</font>（レシート）が申告時に必要となります。<br>
　　　大切に保管してください。</b><br>
<br>
    　 ■セルフメディケーション税制についてはこちら<br>
<br>
</td></tr>
</table><br><br><table  style=""font-size:13px;"" width=""700"" border=""0"">
<tr><td>
<b>■ 使用上の注意 ■</b>
<br><br>
<b>【してはいけないこと】</b>
<br>
(守らないと現在の症状が悪化したり、副作用が起こりやすくなります。)
<br>
<b>1.次の人は使用しないで下さい。</b>
<br>
(1)本剤又は本剤の成分によりアレルギー症状(発疹・発赤、かゆみ、かぶれ等)を起こしたことがある人。
<br>
(2)ぜんそくを起こしたことがある人<br>
(3)妊婦または妊娠していると思われる人。<br>
(4)15歳未満の小児。<br>
<b>2.次の部位には使用しないで下さい。</b>
<br>
(1)目の周囲、粘膜等<br>
(2)湿疹、かぶれ、傷口<br>
(3)みずむし・たむし等又は化膿している患部<br>
<b>3.連続して2週間以上使用しないで下さい。</b>
<br>
<br>
<b>【相談すること】</b>
<br>
<b>1.次の人は使用前に医師、薬剤師又は登録販売者に相談して下さい。</b><br>
(1)医師の治療を受けている人<br>
(2)薬などによりアレルギー症状を起こしたことがある人<br>
<b>
<b>2. 使用後、次の症状があらわれた場合は副作用の可能性があるので、直ちに使用を中止し、この説明文を持って医師、薬剤師又は登録販売者に相談して下さい。</b>
</b>
<br>
</td></tr>


<tr><td>
<!--大きいテーブルの中にもう1つテーブル-->
<table style=""font-size:13px;"" cellspacing=""0"" cellpadding=""2"" border=""1"" width=""400"">
<tr align=""center"">
<td nowrap>関係部位</td><td>症状</td>
</tr>
<tr>
<td nowrap align=""center"">皮膚</td><td>発疹・発赤、かゆみ、はれ、ヒリヒリ感、かぶれ、水疱</td>
</tr>
</table>
<!--ここでテーブル1つ終了-->
</td></tr>
<tr><td>
<b>
3. 5&#12316;6日間使用しても症状がよくならない場合は使用を中止し、この説明文を持って医師、薬剤師又は登録販売者に相談して下さい。<br>
</b>
<br>
<br><br>

<b>■ 効能・効果 ■</b>
<br><br>
肩こりに伴う肩の痛み、腰痛、関節痛、筋肉痛、打撲、捻挫、腱鞘炎(手・手首の痛み)、肘の痛み(テニス肘など)
<br>
<br>
<b>■ 用法・用量 ■</b>
<br><br>
○表面のフィルムをはがし、1日2回を限度として患部に貼付して下さい。<br>
○15歳未満の小児は使用しないでください。<br>
<br>
〈用法・用量に関連する注意〉
<br>
(1)定められた用法・用量を守って下さい。<br>
(2)本剤は痛みやはれ等の原因になっている病気を治療するのではなく、痛みやはれ等の症状のみを治療する薬剤なので、症状がある場合だけ使用してください。
<br>
(3)汗をかいたり、患部がぬれている時は、よくふきとってから使用してください。<br>
(4)皮膚の弱い人は、使用前に腕の内側の皮膚の弱い個所に、1&#12316;2角の小片を目安として半日以上貼り、
発疹・発赤、かゆみ、かぶれ等の症状が起きないことを確かめてから使用して下さい。<br>

<br><br>
<b>■ 成分・分量 ■　</b>(膏体100g中)<br>
<tr><td>
<!--大きいテーブルの中にもう1つテーブル2-->
<table style=""font-size:13px;"" cellspacing=""0"" cellpadding=""2"" border=""1"" width=""400"">
<tr align=""center"">
<td nowrap>成分</td><td>含量</td></tr>
<tr><td nowrap>フェルビナク</td><td align=""right"" style=""padding: 0px 10px 0px 0px;"" nowrap> 5.0g</td></tr>
<tr><td nowrap>lメントール</td><td align=""right"" style=""padding: 0px 10px 0px 0px;"" nowrap> 3.0g</td>
</tr>
</table>
<!--ここでテーブル2終了-->
</td></tr>
<tr><td>
<br>
添加剤:BHT、タルク、スチレン・イソプレン・スチレンブロックコポリマー、テルペン樹脂、流動パラフィン
<br>
<br><br>
<b>■ 保管及び取扱い上の注意 ■</b>
<br>
(1)直射日光の当たらない涼しい所に保管して下さい。<br>
(2)小児の手の届かない所に保管して下さい。<br>
(3)他の容器に入れ替えないで下さい。(誤用の原因になったり、品質が変わることがあります。)<br>
(4)品質保持のため、未使用分は袋に入れ、開口部のファスナーを閉めて保管してください。
<br>
(5)使用期限を過ぎた製品は使用しないでください。なお、使用期限内であっても、開封後はなるべく早く使用してください。<br>
<br>
<b>16枚入り(10×14cm)</b><br>
<br><br>

</td></tr>
<!--ここから医薬品情報へ-->
<!--<tr><td>
<b>【リスク区分】第2類医薬品</b><br>
<b>【製造販売元】東和製薬株式会社</b><br>
<b>【使用期限】使用期限まで1年以上あるものをお送りいたします。</b>
</td></tr>
<tr><td>
一般用医薬品の販売制度・管理および運営に関する事項</td></tr>-->
</table><style type=""text/css"">
div#caution{border:solid 1px #ff0000;padding:10px;margin:20px 0px;}
div#caution p{font-size:18px;margin:0px;line-height:1.5em;}
div#caution p.red{color:#ff0000;}
div#iteminst{font-size:16px;line-height:1.5em;margin:10px 0px;}
div#iteminst p{margin:0px 0px 20px 0px;}
div#iteminst p.title{font-weight:bold;margin:0px;}
div#iteminst p span{color:#ff0000;}
</style>
<!--<table border=0 width=700 height=491
background=""http://image.rakuten.co.jp/fujiyaku/cabinet/left/guide4.jpg"">
<tr>
<td width=70>　</td>
<td width=70>　</td>
<td width=70>　</td>
<td width=70>　</td>
<td width=70>　</td>
<td width=70>　</td>
<td width=70>　</td>
<td width=70>　</td>
<td width=70>　</td>
<td width=70>　</td>
</tr>
<tr>
<td width=70>　</td>
<td width=70>　</td>
<td width=70>　</td>
<td width=70>　</td>
<td width=70>　</td>
<td width=70>　</td>
<td width=70>　</td>
<td width=70>　</td>
<td width=70>　</td>
<td width=70>　</td>
</tr>
<tr>
<td width=70>　</td>
<td width=70>　</td>
<td width=70>　</td>
<td width=70>　</td>
<td width=70>　</td>
<td width=70>　</td>
<td width=70>　</td>
<td width=70>　</td>
<td width=70>　</td>
<td width=70>　</td>
</tr>
<tr>
<td width=70>　</td>
<td width=70>　</td>
<td width=70>　</td>
<td width=70>　</td>
<td width=70>　</td>
<td width=70>　</td>
<td width=70>　</td>
<td width=70>　</td>
<td width=70>　</td>
<td width=70>　</td>
</tr>
<tr>
<td width=70>　</td>
<td width=70>　</td>
<td width=70>　</td>
<td width=70>　</td>
<td width=70>　</td>
<td width=70>　</td>
<td width=70>　</td>
<td width=70>　</td>
<td width=70>　</td>
<td width=70>　</td>
</tr>
<tr>
<td width=70>　</td>
<td width=70>　</td>
<td width=70>　</td>
<td width=70>　</td>
<td width=70>　</td>
<td width=70>　</td>
<td width=70>　</td>
<td width=70>　</td>
<td width=70>　</td>
<td width=70>　</td>
</tr>
<tr>
<td width=70>　</td>
<td valign=""middle"" width=70 colspan=4>

<img src=""http://image.rakuten.co.jp/fujiyaku/cabinet/left/moreinfo-to.gif"" border=0>
</td>
<td width=70>　</td>
<td width=70>　</td>
<td width=70>　</td>
<td width=70>　</td>
<td width=70>　</td>
</tr>
<tr>
<td width=70>　</td>
<td width=70>　</td>
<td width=70>　</td>
<td width=70>　</td>
<td width=70>　</td>
<td width=70>　</td>
<td width=70>　</td>
<td width=70>　</td>
<td width=70>　</td>
<td width=70>　</td>
</tr>
<tr>
<td width=70>　</td>
<td width=70>　</td>
<td width=70>　</td>
<td width=70>　</td>
<td width=70>　</td>
<td width=70>　</td>
<td valign=""bottom"" width=70 colspan=4>

<img src=""http://image.rakuten.co.jp/fujiyaku/cabinet/left/moreinfo-to.gif"" border=0>
</td>
</tr>
<tr>
<td width=70>　</td>
<td width=70>　</td>
<td width=70>　</td>
<td width=70>　</td>
<td width=70>　</td>
<td width=70>　</td>
<td width=70>　</td>
<td width=70>　</td>
<td width=70>　</td>
<td width=70>　</td>
</tr>
<tr>
<td width=70>　</td>
<td width=70 colspan=4>

<img src=""http://image.rakuten.co.jp/fujiyaku/cabinet/left/moreinfo-to.gif"" border=0>
</td>
<td width=70>　</td>
<td nowrap width=70 colspan=4>

<img src=""http://image.rakuten.co.jp/fujiyaku/cabinet/left/moreinfo-to.gif"" border=0>
</td></tr>
</table>
<table border=0 width=700 height=300 background=""http://image.rakuten.co.jp/fujiyaku/cabinet/left/info-iyaku.jpg"">
<tr>
<td>
<br><br><br><br><br>　　　　　　　　　　　

<font size=2><b>『お問合せフォーム』はこちら！</b></font>
</td>
</tr></table>

-->",★【第2類医薬品】  サンツールFBテープL[10cm&times;14cm] 16枚入り：Ｔ-富士薬品,健康りんご酢青汁コラーゲン関節痛夏バテコンドロイチングルコサミン美容医薬品ランキング効果プラセンタローヤルゼリー飲む酢タウリンコエンザイムQ10CoQ10おむつ尿パッド★【第2類医薬品】  サンツールFBテープL[10cm&times;14cm] 16枚入り,肩の痛み・腰痛・筋肉痛・関節痛に　フェルビナク配合。★【第2類医薬品】  サンツールFBテープL[10cm&times;14cm] 16枚入り[rn]
28-87627,http://tshop.r10s.jp/fujiyaku/cabinet/item01/4987450002593.jpg?fitin=700:700,704.0000,,,★【第2類医薬品】 サンツールＩＤパップDX 30枚入り　6枚入り×5袋,インドメタシンとグリチルリチン酸Wの効果プラスビタミンE,"<table style=""font-size:13px;"" cellpadding=""5"" border=0 bgcolor=""red""width=""670"">
<tr><th><font color=""white"">医薬品をご購入のお客様へ重要なお知らせ</font></th></tr>
<tr bgcolor=""white""><td>
<b>楽天市場の規則により医薬品の購入は、楽天会員にご登録いただいているお客様のみとさせていただいております。<br>
また、18歳未満のお客様へ販売も禁止となっております。ご了承いただきますようお願いいたします。</b>
<br>
</td></tr>
</table>
<br><br>
<font size=3>
○鎮痛消炎成分のインドメタシンに消炎効果のあるグリチルレチン酸と患部の血行をよくするトコフェロール酢酸エステルの2成分を配合したパップ剤です。<br>
○インドメタシンとグリチルレチン酸が痛みの原因物質を鎮め、トコフェロール酢酸エステルの血行促進作用により腰痛、関節痛などの痛みを伴う症状に優れた効果を発揮します。<br><br>
<br>
</font><table style=""font-size:13px;"" cellpadding=""5"" border=0 bgcolor=""darkblue""width=""600"">
<tr><th><font color=""white"">この商品はセルフメディケーション税制対象商品です</font></th></tr>
<tr bgcolor=""white""><td>
<br>
　　<b>・2017年1月から始まる「セルフメディケーション税制（医療費控除の特例）」において、<br>
　　　医療費控除の対象となるOTC医薬品です。<br>
<br>
　　・商品発送時に同梱しております<font color=""red""> 「お買い上げ明細書」</font>（レシート）が申告時に必要となります。<br>
　　　大切に保管してください。</b><br>
<br>
    　 ■セルフメディケーション税制についてはこちら<br>
<br>
</td></tr>
</table><br><br><table  style=""font-size:13px;"" width=""700"" border=""0"">
<tr><td>
<b>■製品特長■</b><br>
○鎮痛消炎成分のインドメタシンに消炎効果のあるグリチルレチン酸と患部の血行をよくするトコフェロール酢酸エステルの2成分を配合したパップ剤です。<br>
○インドメタシンとグリチルレチン酸が痛みの原因物質を鎮め、トコフェロール酢酸エステルの血行促進作用により腰痛、関節痛などの痛みを伴う症状に優れた効果を発揮します。<br><br>

<b>■ 使用上の注意 ■</b>
<br><br>
<b>【してはいけないこと】</b>
<br>
(守らないと現在の症状が悪化したり副作用が起こりやすくなります。)
<br>
<b>1.次の人は使用しないで下さい。</b>
<br>
(1)本剤又は本剤の成分によりアレルギー症状（発疹・発赤、かゆみ、かぶれ等）を起こしたことがある人<br>　<br>
(2)ぜんそくを起こしたことがある人<br>　（ぜんそくを起こしたことがある人はインドメタシン等の抗炎症剤を使用するとぜんそく発作を誘発することがあります。）<br>
(3)15歳未満の小児<br>
<b>2.次の部位には使用しないで下さい。</b>
<br>
(1)目の周囲、粘膜等<br>
(2)湿疹、かぶれ、傷口<br>
(3)みずむし・たむし等又は化膿している患部<br>
<b>3.連続して2週間以上使用しないで下さい。</b>
<br>
<br>
<b>【相談すること】</b>
<br>
<b>1.次の人は使用前に医師、薬剤師又は登録販売者に相談して下さい。</b><br>
(1)医師の治療を受けている人<br>
(2)妊婦又は妊娠していると思われる人<br>
(3)薬などによりアレルギー症状を起こしたことがある人<br>
<b>2. 使用後、次の症状があらわれた場合は副作用の可能性があるので、直ちに使用を中止し、この説明文書を持って医師又は薬剤師又は登録販売者に相談して下さい。</b>
<br>
</td></tr>
<tr><td>
<!--大きいテーブルの中にもう1つテーブル-->
<table style=""font-size:13px;"" cellspacing=""0"" cellpadding=""2"" border=""1"" width=""400"">
<tr align=""center"">
<td nowrap>関係部位</td><td>症状</td>
</tr>
<tr>
<td nowrap align=""center"">皮膚</td><td>発疹・発赤、かゆみ、はれ、ヒリヒリ感、熱感、乾燥感、</td>
</tr>
</table>
<!--ここでテーブル1つ終了-->
</td></tr>
<b>3. 5～6日間使用しても症状がよくならない場合は使用を中止し、この説明文書を持って医師、薬剤師又は登録販売者に相談して下さい。</b><br>
<br><br>

<b>■ 効能・効果 ■</b>
<br><br>
肩こりに伴う肩の痛み、腰痛、関節痛、筋肉痛、腱鞘炎(手・手首の痛み)、肘の痛み(テニス肘など)、打撲、捻挫
<br>
<br>
<b>■ 用法・用量 ■</b>
<br><br>
表面のプラスチックフィルムをはがし、1日2回を限度として患部に貼付して下さい。<br>
<br>
〈用法・用量に関連する注意〉
<br>
(1)定められた用法・用量を守って下さい。<br>
(2)本剤は、痛みやはれ等の原因になっている病気を治療するのではなく、痛みやはれ等の症状のみを<br>　治療する薬剤ですので、症状がある場合だけ使用して下さい。<br>
(3)患部が汗等で濡れている時は、よく拭いて下さい。<br>
(4)皮膚の弱い人は、使用前に腕の内側の皮膚の弱い箇所に1～2cm角の小片を目安として半日以上貼り、<br>　発疹・発赤、かゆみ、かぶれ等の症状が起きないことを確かめてから使用して下さい。<br>

<br><br>
<b>■ 成分・分量 ■　</b>膏体100g(1000平方センチメートル)中<br>
○成分（含量）：はたらき<br><br>
○インドメタシン（0.5g）：炎症を鎮め、痛みをやわらげます。<br>
○トコフェロール酢酸エステル（0.3g）：患部の血行をよくします<br>
○グリチルレチン酸（0.05g）：炎症を抑えます<br><br>
<tr><td>
<br>
添加剤:ゼラチン、エデト酸ナトリウム水和物、マクロゴール、ポリソルベート80、l-メントール、カオリン、
酸化チタン、濃グリセリン、D-ソルビトール、ヒマシ油、ポリアクリル酸部分中和物、カルメロースナトリウム、pH調節剤、
その他2成分含有
<br>
<br><br>
<b>■ 保管及び取扱い上の注意 ■</b>
<br>
(1)直射日光の当たらない涼しい所に保管して下さい。<br>
(2)小児の手の届かない所に保管して下さい。<br>
(3)他の容器に入れ替えないで下さい。(誤用の原因になったり、品質が変わる恐れがあります。)<br>
(4)未使用分はもとの袋に入れ、チャックをきちんと閉めて下さい。使用期限内であっても開封後はなるべく早く使用して下さい。<br>
(5)使用期限を過ぎた製品は使用しないで下さい。<br>
<br>
<br>
<b>10cm×14cm</b>
<br><br>

</td></tr>
<!--ここから医薬品情報へ-->
<!--<tr><td>
<b>【リスク区分】第2類医薬品</b><br>
<b>【製造販売元】東和製薬株式会社</b><br>
<b>【使用期限】使用期限まで1年以上あるものをお送りいたします。</b>
</td></tr>
<tr><td>
一般用医薬品の販売制度・管理および運営に関する事項</td></tr>-->
</table><style type=""text/css"">
div#caution{border:solid 1px #ff0000;padding:10px;margin:20px 0px;}
div#caution p{font-size:18px;margin:0px;line-height:1.5em;}
div#caution p.red{color:#ff0000;}
div#iteminst{font-size:16px;line-height:1.5em;margin:10px 0px;}
div#iteminst p{margin:0px 0px 20px 0px;}
div#iteminst p.title{font-weight:bold;margin:0px;}
div#iteminst p span{color:#ff0000;}
</style>
<!--<table border=0 width=700 height=491
background=""http://image.rakuten.co.jp/fujiyaku/cabinet/left/guide4.jpg"">
<tr>
<td width=70>　</td>
<td width=70>　</td>
<td width=70>　</td>
<td width=70>　</td>
<td width=70>　</td>
<td width=70>　</td>
<td width=70>　</td>
<td width=70>　</td>
<td width=70>　</td>
<td width=70>　</td>
</tr>
<tr>
<td width=70>　</td>
<td width=70>　</td>
<td width=70>　</td>
<td width=70>　</td>
<td width=70>　</td>
<td width=70>　</td>
<td width=70>　</td>
<td width=70>　</td>
<td width=70>　</td>
<td width=70>　</td>
</tr>
<tr>
<td width=70>　</td>
<td width=70>　</td>
<td width=70>　</td>
<td width=70>　</td>
<td width=70>　</td>
<td width=70>　</td>
<td width=70>　</td>
<td width=70>　</td>
<td width=70>　</td>
<td width=70>　</td>
</tr>
<tr>
<td width=70>　</td>
<td width=70>　</td>
<td width=70>　</td>
<td width=70>　</td>
<td width=70>　</td>
<td width=70>　</td>
<td width=70>　</td>
<td width=70>　</td>
<td width=70>　</td>
<td width=70>　</td>
</tr>
<tr>
<td width=70>　</td>
<td width=70>　</td>
<td width=70>　</td>
<td width=70>　</td>
<td width=70>　</td>
<td width=70>　</td>
<td width=70>　</td>
<td width=70>　</td>
<td width=70>　</td>
<td width=70>　</td>
</tr>
<tr>
<td width=70>　</td>
<td width=70>　</td>
<td width=70>　</td>
<td width=70>　</td>
<td width=70>　</td>
<td width=70>　</td>
<td width=70>　</td>
<td width=70>　</td>
<td width=70>　</td>
<td width=70>　</td>
</tr>
<tr>
<td width=70>　</td>
<td valign=""middle"" width=70 colspan=4>

<img src=""http://image.rakuten.co.jp/fujiyaku/cabinet/left/moreinfo-to.gif"" border=0>
</td>
<td width=70>　</td>
<td width=70>　</td>
<td width=70>　</td>
<td width=70>　</td>
<td width=70>　</td>
</tr>
<tr>
<td width=70>　</td>
<td width=70>　</td>
<td width=70>　</td>
<td width=70>　</td>
<td width=70>　</td>
<td width=70>　</td>
<td width=70>　</td>
<td width=70>　</td>
<td width=70>　</td>
<td width=70>　</td>
</tr>
<tr>
<td width=70>　</td>
<td width=70>　</td>
<td width=70>　</td>
<td width=70>　</td>
<td width=70>　</td>
<td width=70>　</td>
<td valign=""bottom"" width=70 colspan=4>

<img src=""http://image.rakuten.co.jp/fujiyaku/cabinet/left/moreinfo-to.gif"" border=0>
</td>
</tr>
<tr>
<td width=70>　</td>
<td width=70>　</td>
<td width=70>　</td>
<td width=70>　</td>
<td width=70>　</td>
<td width=70>　</td>
<td width=70>　</td>
<td width=70>　</td>
<td width=70>　</td>
<td width=70>　</td>
</tr>
<tr>
<td width=70>　</td>
<td width=70 colspan=4>

<img src=""http://image.rakuten.co.jp/fujiyaku/cabinet/left/moreinfo-to.gif"" border=0>
</td>
<td width=70>　</td>
<td nowrap width=70 colspan=4>

<img src=""http://image.rakuten.co.jp/fujiyaku/cabinet/left/moreinfo-to.gif"" border=0>
</td></tr>
</table>
<table border=0 width=700 height=300 background=""http://image.rakuten.co.jp/fujiyaku/cabinet/left/info-iyaku.jpg"">
<tr>
<td>
<br><br><br><br><br>　　　　　　　　　　　

<font size=2><b>『お問合せフォーム』はこちら！</b></font>
</td>
</tr></table>

-->",★【第2類医薬品】 サンツールＩＤパップDX 30枚入り　6枚入り&times;5袋：Ｔ-富士薬品,健康りんご酢青汁コラーゲン関節痛夏バテコンドロイチングルコサミン美容医薬品ランキング効果プラセンタローヤルゼリー飲む酢タウリンコエンザイムQ10CoQ10おむつ尿パッド★【第2類医薬品】 サンツールＩＤパップDX 30枚入り　6枚入り&times;5袋,インドメタシンとグリチルリチン酸Wの効果プラスビタミンE。★【第2類医薬品】 サンツールＩＤパップDX 30枚入り　6枚入り&times;5袋[rn]
28-87628,http://tshop.r10s.jp/fujiyaku/cabinet/iyakuhin/4987450002364.jpg?fitin=700:700,1424.0000,,,★【第2類医薬品】 サンツールDFテープ　[7×10cm] （21枚）,ジクロフェナクナトリウム配合1日1回24時間効果が持続！,"<table style=""font-size:13px;"" cellpadding=""5"" border=0 bgcolor=""red""width=""670"">
<tr><th><font color=""white"">医薬品をご購入のお客様へ重要なお知らせ</font></th></tr>
<tr bgcolor=""white""><td>
<b>楽天市場の規則により医薬品の購入は、楽天会員にご登録いただいているお客様のみとさせていただいております。<br>
また、18歳未満のお客様へ販売も禁止となっております。ご了承いただきますようお願いいたします。</b>
<br>
</td></tr>
</table>
<br><br>
<font size=3>
ジクロフェナクナトリウム配合<br>
肩の痛み・腰痛・筋肉痛・関節痛<br>
1日1回24時間効果が持続！<br>
●医療用にも使われている成分のジクロフェナクが、痛みの元となる物質の生成を抑え、<br>　腰痛、関節痛に優れた効果を発揮します。<br>
●伸縮性のよい基布で関節にもピッタリフィットします。<br>
<br>
</font>

<font size=3>
<font color=""red""><b>この商品は21枚入りです。</b></font><br>
<table style=""font-size:13px;"" cellpadding=""5"" border=0 bgcolor=""darkblue""width=""600"">
<tr><th><font color=""white"">この商品はセルフメディケーション税制対象商品です</font></th></tr>
<tr bgcolor=""white""><td>
<br>
　　<b>・2017年1月から始まる「セルフメディケーション税制（医療費控除の特例）」において、<br>
　　　医療費控除の対象となるOTC医薬品です。<br>
<br>
　　・商品発送時に同梱しております<font color=""red""> 「お買い上げ明細書」</font>（レシート）が申告時に必要となります。<br>
　　　大切に保管してください。</b><br>
<br>
    　 ■セルフメディケーション税制についてはこちら<br>
<br>
</td></tr>
</table><br><br><font size=3>
<font color=""red""><b>この商品は21枚入りです。</b></font><br>


<table  style=""font-size:13px;"" width=""700"" border=""0"">
<tr><td>
<b>■ 使用上の注意 ■</b>
<br><br>
<b>【してはいけないこと】</b>
<br>
(守らないと現在の症状が悪化したり、副作用が起こりやすくなります。)
<br>
<b>1.次の人は使用しないで下さい。</b>
<br>
(1)本剤又は本剤の成分によりアレルギー症状を起こしたことがある人。<br>
(2)ぜんそくを起こしたことがある人。<br>
(3) 妊婦または妊娠していると思われる人。<br>
(4) 15歳未満の小児。<br>
<b>2.次の部位には使用しないで下さい。</b>
<br>
(1)目の周囲、粘膜等。<br>
(2)湿疹、かぶれ、傷口。<br>
(3)みずむし・たむし等又は化膿している患部。<br>
<b>3.本剤を使用している間は、他の外用鎮痛消炎薬を併用しないでください。</b><br>
<b>4.連続して2週間以上使用しないでください。</b>
<br>
<br>
<b>【相談すること】</b>
<br>
<b>1.次の人は使用前に医師、薬剤師又は登録販売者に相談して下さい。</b><br>
(1)医師の治療を受けている人。<br>
(2)他の医薬品を使用している人。<br>
(3)薬などによりアレルギー症状を起こしたことがある人。<br>
(4)テープ剤でかぶれ等を起こしたことがある人。<br>
(5)次の診断を受けた人。<br>
消化性潰瘍、血液障害、肝臓病、腎臓病、高血圧、心臓病、インフルエンザ<br>
(6)次の医薬品の投与を受けている人。<br>
ニューキノロン系抗菌剤、トリアムテレン、リチウム、メトトレキサート、非ステロイド性消炎鎮痛剤、ステロイド剤、利尿剤、シクロスポリン、選択的セロトニン再取り込み阻害剤<br>
(7)高齢者<br>

<b>
<b>2. 使用中または使用後、次の症状があらわれた場合は副作用の可能性があるので、直ちに使用を中止し、この説明文書を持って医師、薬剤師または登録販売者に相談してください。</b>
</b>
<br>
</td></tr>


<tr><td>
<!--大きいテーブルの中にもう1つテーブル-->
<table style=""font-size:13px;"" cellspacing=""0"" cellpadding=""2"" border=""1"" width=""400"">
<tr align=""center"">
<td nowrap>関係部位</td><td>症状</td>
</tr>
<tr>
<td nowrap align=""center"">皮膚</td><td>発疹・発赤、かゆみ、かぶれ、はれ、痛み、刺激感、熱感、皮膚の荒れ、落屑(フケ、アカのような皮膚のはがれ)、水疱、色素沈着</td>
</tr>
</table>
<!--ここでテーブル1つ終了-->
</td></tr>
<tr><td>
<b>まれに下記の重篤な症状が起こることがあります。その場合は、直ちに医師の診療を受けてください</b><br>
</td></tr>
<tr><td>
<!--大きいテーブルの中にもう1つテーブル-->
<table style=""font-size:13px;"" cellspacing=""0"" cellpadding=""2"" border=""1"" width=""400"">
<tr align=""center"">
<td nowrap>症状の名称</td><td>症状</td>
</tr>
<tr>
<td nowrap align=""center"">ショック（アナフィラキシー）</td><td>使用後すぐに、皮膚のかゆみ、じんましん、声のかすれ、くしゃみ、のどのかゆみ、息苦しさ、動悸、意識の混濁等があらわれます。</td>
</tr>
<tr>
<td nowrap align=""center"">接触皮膚炎、光線過敏症</td><td>貼付部に強いかゆみを伴う発疹・発赤、はれ、刺激感、水疱、ただれ等の激しい皮膚炎症状や色素沈着、白斑があらわれ、中には発疹・発赤、かゆみ等の症状が全身に広がることがあります。また、日光が当たった部位に症状があらわれたり、悪化することがあります。
</td></tr>
</table>
<!--ここでテーブル1つ終了-->
</td></tr>
<tr><td>
<b>
3. 5-6日間使用しても症状がよくならない場合は使用を中止し、この説明文を持って医師、薬剤師又は登録販売者に相談して下さい。<br>
</b>
<br>
<br><br>

<b>■ 効能・効果 ■</b>
<br><br>
関節痛、肩こりに伴う肩の痛み、腱鞘炎(手・手首の痛み)、肘の痛み(テニス肘など)、筋肉痛、腰痛、打撲、捻挫
<br>
<br>
<b>■ 用法・用量 ■</b>
<br><br>
<b>
プラスチックフィルムをはがし、1日1回1-2枚を患部に貼付してください。ただし、1回あたり2枚を超えて使用しないでください。なお、本成分を含む他の外用剤を使用しないでください。</b><br>
<br>
〈用法・用量に関連する注意〉
<br>
(1)定められた用法・用量をお守りください。<br>
(2)1回あたり24時間を超えて貼り続けないでください。さらに同じ患部に貼りかえる場合は、その貼付部に発疹・発赤、かゆみ、かぶれ等の症状が起きていないことを確かめてから使用してください。<br>
(3)本剤は痛みやはれ等の原因になっている病気を治療するのではなく、痛みやはれ等の症状のみを治療する薬剤なので、症状がある場合だけ使用してください。<br>
(4)汗をかいたり、患部がぬれている時は、よく拭き取っててから使用してください。<br>
(5)皮膚の弱い人は、使用前に腕の内側の皮膚の弱い箇所に、1-2cm角の小片を目安として半日以上貼り、発疹・発赤、かゆみ、かぶれ等の症状が起きないことを確かめてから使用してください。<br>
(6)同じ部位に他の外用剤を使用しないでください。<br><br>

<br>
<b>■ 成分・分量 ■　(膏体100g中)1枚7cm×10cm、膏体量1.5g</b><br>
[成分]：[分量]
ジクロフェナクナトリウム ： 1g<br>
添加物：スチレン・イソプレン・スチレンブロックコポリマー、テルペン樹脂、合成スクワラン、流動パラフィン、イソステアリン酸、タルク、l-メントール、BHT
<br><br>
<b>■ 保管及び取扱い上の注意 ■</b>
<br>
(1)直射日光の当たらない湿気の少ない涼しい所に保管してください。<br>
(2)小児の手の届かない所に保管してください。<br>
(3)他の容器に入れかえないでください。(誤用の原因になったり品質が変わることがあります)<br>
(4)品質保持のため、未使用分は袋に入れ、開口部のファスナーを閉めて保管してください。<br>
(5)使用期限を過ぎた製品は使用しないでください。<br><br>

</td></tr><style type=""text/css"">
div#caution{border:solid 1px #ff0000;padding:10px;margin:20px 0px;}
div#caution p{font-size:18px;margin:0px;line-height:1.5em;}
div#caution p.red{color:#ff0000;}
div#iteminst{font-size:16px;line-height:1.5em;margin:10px 0px;}
div#iteminst p{margin:0px 0px 20px 0px;}
div#iteminst p.title{font-weight:bold;margin:0px;}
div#iteminst p span{color:#ff0000;}
</style>
<!--<table border=0 width=700 height=491
background=""http://image.rakuten.co.jp/fujiyaku/cabinet/left/guide4.jpg"">
<tr>
<td width=70>　</td>
<td width=70>　</td>
<td width=70>　</td>
<td width=70>　</td>
<td width=70>　</td>
<td width=70>　</td>
<td width=70>　</td>
<td width=70>　</td>
<td width=70>　</td>
<td width=70>　</td>
</tr>
<tr>
<td width=70>　</td>
<td width=70>　</td>
<td width=70>　</td>
<td width=70>　</td>
<td width=70>　</td>
<td width=70>　</td>
<td width=70>　</td>
<td width=70>　</td>
<td width=70>　</td>
<td width=70>　</td>
</tr>
<tr>
<td width=70>　</td>
<td width=70>　</td>
<td width=70>　</td>
<td width=70>　</td>
<td width=70>　</td>
<td width=70>　</td>
<td width=70>　</td>
<td width=70>　</td>
<td width=70>　</td>
<td width=70>　</td>
</tr>
<tr>
<td width=70>　</td>
<td width=70>　</td>
<td width=70>　</td>
<td width=70>　</td>
<td width=70>　</td>
<td width=70>　</td>
<td width=70>　</td>
<td width=70>　</td>
<td width=70>　</td>
<td width=70>　</td>
</tr>
<tr>
<td width=70>　</td>
<td width=70>　</td>
<td width=70>　</td>
<td width=70>　</td>
<td width=70>　</td>
<td width=70>　</td>
<td width=70>　</td>
<td width=70>　</td>
<td width=70>　</td>
<td width=70>　</td>
</tr>
<tr>
<td width=70>　</td>
<td width=70>　</td>
<td width=70>　</td>
<td width=70>　</td>
<td width=70>　</td>
<td width=70>　</td>
<td width=70>　</td>
<td width=70>　</td>
<td width=70>　</td>
<td width=70>　</td>
</tr>
<tr>
<td width=70>　</td>
<td valign=""middle"" width=70 colspan=4>

<img src=""http://image.rakuten.co.jp/fujiyaku/cabinet/left/moreinfo-to.gif"" border=0>
</td>
<td width=70>　</td>
<td width=70>　</td>
<td width=70>　</td>
<td width=70>　</td>
<td width=70>　</td>
</tr>
<tr>
<td width=70>　</td>
<td width=70>　</td>
<td width=70>　</td>
<td width=70>　</td>
<td width=70>　</td>
<td width=70>　</td>
<td width=70>　</td>
<td width=70>　</td>
<td width=70>　</td>
<td width=70>　</td>
</tr>
<tr>
<td width=70>　</td>
<td width=70>　</td>
<td width=70>　</td>
<td width=70>　</td>
<td width=70>　</td>
<td width=70>　</td>
<td valign=""bottom"" width=70 colspan=4>

<img src=""http://image.rakuten.co.jp/fujiyaku/cabinet/left/moreinfo-to.gif"" border=0>
</td>
</tr>
<tr>
<td width=70>　</td>
<td width=70>　</td>
<td width=70>　</td>
<td width=70>　</td>
<td width=70>　</td>
<td width=70>　</td>
<td width=70>　</td>
<td width=70>　</td>
<td width=70>　</td>
<td width=70>　</td>
</tr>
<tr>
<td width=70>　</td>
<td width=70 colspan=4>

<img src=""http://image.rakuten.co.jp/fujiyaku/cabinet/left/moreinfo-to.gif"" border=0>
</td>
<td width=70>　</td>
<td nowrap width=70 colspan=4>

<img src=""http://image.rakuten.co.jp/fujiyaku/cabinet/left/moreinfo-to.gif"" border=0>
</td></tr>
</table>
<table border=0 width=700 height=300 background=""http://image.rakuten.co.jp/fujiyaku/cabinet/left/info-iyaku.jpg"">
<tr>
<td>
<br><br><br><br><br>　　　　　　　　　　　

<font size=2><b>『お問合せフォーム』はこちら！</b></font>
</td>
</tr></table>

-->",★【第2類医薬品】 サンツールDFテープ　[7&times;10cm] （21枚）：Ｔ-富士薬品,健康りんご酢青汁コラーゲン関節痛夏バテコンドロイチングルコサミン美容医薬品ランキング効果プラセンタローヤルゼリー飲む酢タウリンコエンザイムQ10CoQ10おむつ尿パッド★【第2類医薬品】 サンツールDFテープ　[7&times;10cm] （21枚）,ジクロフェナクナトリウム配合1日1回24時間効果が持続！。★【第2類医薬品】 サンツールDFテープ　[7&times;10cm] （21枚）[rn]
28-87629,http://tshop.r10s.jp/fujiyaku/cabinet/iyakuhin/4987450002302.jpg?fitin=700:700,899.2000,,,★【第2類医薬品】 サンツールFBテープ[7cm×10cm] 20枚入り（10枚×2袋）,肩の痛み・腰痛・筋肉痛・関節痛に　フェルビナク配合,"<table style=""font-size:13px;"" cellpadding=""5"" border=0 bgcolor=""red""width=""670"">
<tr><th><font color=""white"">医薬品をご購入のお客様へ重要なお知らせ</font></th></tr>
<tr bgcolor=""white""><td>
<b>楽天市場の規則により医薬品の購入は、楽天会員にご登録いただいているお客様のみとさせていただいております。<br>
また、18歳未満のお客様へ販売も禁止となっております。ご了承いただきますようお願いいたします。</b>
<br>
</td></tr>
</table>
<br><br>
<font size=3>
肩の痛み・腰痛・筋肉痛・関節痛に　フェルビナク配合<br>
●医療用にも使われている成分のフェルビナクが、痛みの元となる物質の生成を抑え、<br>　腰痛、関節痛に優れた効果を発揮します。<br>
●伸縮性のよい基布で関節にもピッタリフィットします。<br>
<br>
</font><table style=""font-size:13px;"" cellpadding=""5"" border=0 bgcolor=""darkblue""width=""600"">
<tr><th><font color=""white"">この商品はセルフメディケーション税制対象商品です</font></th></tr>
<tr bgcolor=""white""><td>
<br>
　　<b>・2017年1月から始まる「セルフメディケーション税制（医療費控除の特例）」において、<br>
　　　医療費控除の対象となるOTC医薬品です。<br>
<br>
　　・商品発送時に同梱しております<font color=""red""> 「お買い上げ明細書」</font>（レシート）が申告時に必要となります。<br>
　　　大切に保管してください。</b><br>
<br>
    　 ■セルフメディケーション税制についてはこちら<br>
<br>
</td></tr>
</table><br><br><table  style=""font-size:13px;"" width=""700"" border=""0"">
<tr><td>
<b>■ 使用上の注意 ■</b>
<br><br>
<b>【してはいけないこと】</b>
<br>
(守らないと現在の症状が悪化したり、副作用が起こりやすくなります。)
<br>
<b>1.次の人は使用しないで下さい。</b>
<br>
(1)本剤又は本剤の成分によりアレルギー症状(発疹・発赤、かゆみ、かぶれ等)を起こしたことがある人。
<br>
(2)ぜんそくを起こしたことがある人<br>
(3)妊婦または妊娠していると思われる人。<br>
(4)15歳未満の小児。<br>
<b>2.次の部位には使用しないで下さい。</b>
<br>
(1)目の周囲、粘膜等<br>
(2)湿疹、かぶれ、傷口<br>
(3)みずむし・たむし等又は化膿している患部<br>
<b>3.連続して2週間以上使用しないで下さい。</b>
<br>
<br>
<b>【相談すること】</b>
<br>
<b>1.次の人は使用前に医師、薬剤師又は登録販売者に相談して下さい。</b><br>
(1)医師の治療を受けている人<br>
(2)薬などによりアレルギー症状を起こしたことがある人<br>
<b>
<b>2. 使用後、次の症状があらわれた場合は副作用の可能性があるので、直ちに使用を中止し、この説明文を持って医師、薬剤師又は登録販売者に相談して下さい。</b>
</b>
<br>
</td></tr>


<tr><td>
<!--大きいテーブルの中にもう1つテーブル-->
<table style=""font-size:13px;"" cellspacing=""0"" cellpadding=""2"" border=""1"" width=""400"">
<tr align=""center"">
<td nowrap>関係部位</td><td>症状</td>
</tr>
<tr>
<td nowrap align=""center"">皮膚</td><td>発疹・発赤、かゆみ、はれ、ヒリヒリ感、かぶれ、水疱</td>
</tr>
</table>
<!--ここでテーブル1つ終了-->
</td></tr>
<tr><td>
<b>
3. 5&#12316;6日間使用しても症状がよくならない場合は使用を中止し、この説明文を持って医師、薬剤師又は登録販売者に相談して下さい。<br>
</b>
<br>
<br><br>

<b>■ 効能・効果 ■</b>
<br><br>
肩こりに伴う肩の痛み、腰痛、関節痛、筋肉痛、打撲、捻挫、腱鞘炎(手・手首の痛み)、肘の痛み(テニス肘など)
<br>
<br>
<b>■ 用法・用量 ■</b>
<br><br>
○表面のフィルムをはがし、1日2回を限度として患部に貼付して下さい。<br>
○15歳未満の小児は使用しないでください。<br>
<br>
〈用法・用量に関連する注意〉
<br>
(1)定められた用法・用量を守って下さい。<br>
(2)本剤は痛みやはれ等の原因になっている病気を治療するのではなく、痛みやはれ等の症状のみを治療する薬剤なので、症状がある場合だけ使用してください。
<br>
(3)汗をかいたり、患部がぬれている時は、よくふきとってから使用してください。<br>
(4)皮膚の弱い人は、使用前に腕の内側の皮膚の弱い個所に、1&#12316;2角の小片を目安として半日以上貼り、
発疹・発赤、かゆみ、かぶれ等の症状が起きないことを確かめてから使用して下さい。<br>

<br><br>
<b>■ 成分・分量 ■　</b>(膏体100g中)<br>
<tr><td>
<!--大きいテーブルの中にもう1つテーブル2-->
<table style=""font-size:13px;"" cellspacing=""0"" cellpadding=""2"" border=""1"" width=""400"">
<tr align=""center"">
<td nowrap>成分</td><td>含量</td></tr>
<tr><td nowrap>フェルビナク</td><td align=""right"" style=""padding: 0px 10px 0px 0px;"" nowrap> 5.0g</td></tr>
<tr><td nowrap>lメントール</td><td align=""right"" style=""padding: 0px 10px 0px 0px;"" nowrap> 3.0g</td>
</tr>
</table>
<!--ここでテーブル2終了-->
</td></tr>
<tr><td>
<br>
添加剤:BHT、タルク、スチレン・イソプレン・スチレンブロックコポリマー、テルペン樹脂、流動パラフィン
<br>
<br><br>
<b>■ 保管及び取扱い上の注意 ■</b>
<br>
(1)直射日光の当たらない涼しい所に保管して下さい。<br>
(2)小児の手の届かない所に保管して下さい。<br>
(3)他の容器に入れ替えないで下さい。(誤用の原因になったり、品質が変わることがあります。)<br>
(4)品質保持のため、未使用分は袋に入れ、開口部のファスナーを閉めて保管してください。
<br>
(5)使用期限を過ぎた製品は使用しないでください。なお、使用期限内であっても、開封後はなるべく早く使用してください。<br>
<br>
<b>20枚入り(7 ×10 cm)</b><br>
<br><br>

</td></tr>
<!--ここから医薬品情報へ-->
<tr><td>
<b>【リスク区分】第2類医薬品</b><br>
<b>【製造販売元】東和製薬株式会社</b><br>
<b>【使用期限】使用期限まで1年以上あるものをお送りいたします。</b>
</td></tr>
<tr><td>
一般用医薬品の販売制度・管理および運営に関する事項</td></tr>
</table><style type=""text/css"">
div#caution{border:solid 1px #ff0000;padding:10px;margin:20px 0px;}
div#caution p{font-size:18px;margin:0px;line-height:1.5em;}
div#caution p.red{color:#ff0000;}
div#iteminst{font-size:16px;line-height:1.5em;margin:10px 0px;}
div#iteminst p{margin:0px 0px 20px 0px;}
div#iteminst p.title{font-weight:bold;margin:0px;}
div#iteminst p span{color:#ff0000;}
</style>
<!--<table border=0 width=700 height=491
background=""http://image.rakuten.co.jp/fujiyaku/cabinet/left/guide4.jpg"">
<tr>
<td width=70>　</td>
<td width=70>　</td>
<td width=70>　</td>
<td width=70>　</td>
<td width=70>　</td>
<td width=70>　</td>
<td width=70>　</td>
<td width=70>　</td>
<td width=70>　</td>
<td width=70>　</td>
</tr>
<tr>
<td width=70>　</td>
<td width=70>　</td>
<td width=70>　</td>
<td width=70>　</td>
<td width=70>　</td>
<td width=70>　</td>
<td width=70>　</td>
<td width=70>　</td>
<td width=70>　</td>
<td width=70>　</td>
</tr>
<tr>
<td width=70>　</td>
<td width=70>　</td>
<td width=70>　</td>
<td width=70>　</td>
<td width=70>　</td>
<td width=70>　</td>
<td width=70>　</td>
<td width=70>　</td>
<td width=70>　</td>
<td width=70>　</td>
</tr>
<tr>
<td width=70>　</td>
<td width=70>　</td>
<td width=70>　</td>
<td width=70>　</td>
<td width=70>　</td>
<td width=70>　</td>
<td width=70>　</td>
<td width=70>　</td>
<td width=70>　</td>
<td width=70>　</td>
</tr>
<tr>
<td width=70>　</td>
<td width=70>　</td>
<td width=70>　</td>
<td width=70>　</td>
<td width=70>　</td>
<td width=70>　</td>
<td width=70>　</td>
<td width=70>　</td>
<td width=70>　</td>
<td width=70>　</td>
</tr>
<tr>
<td width=70>　</td>
<td width=70>　</td>
<td width=70>　</td>
<td width=70>　</td>
<td width=70>　</td>
<td width=70>　</td>
<td width=70>　</td>
<td width=70>　</td>
<td width=70>　</td>
<td width=70>　</td>
</tr>
<tr>
<td width=70>　</td>
<td valign=""middle"" width=70 colspan=4>

<img src=""http://image.rakuten.co.jp/fujiyaku/cabinet/left/moreinfo-to.gif"" border=0>
</td>
<td width=70>　</td>
<td width=70>　</td>
<td width=70>　</td>
<td width=70>　</td>
<td width=70>　</td>
</tr>
<tr>
<td width=70>　</td>
<td width=70>　</td>
<td width=70>　</td>
<td width=70>　</td>
<td width=70>　</td>
<td width=70>　</td>
<td width=70>　</td>
<td width=70>　</td>
<td width=70>　</td>
<td width=70>　</td>
</tr>
<tr>
<td width=70>　</td>
<td width=70>　</td>
<td width=70>　</td>
<td width=70>　</td>
<td width=70>　</td>
<td width=70>　</td>
<td valign=""bottom"" width=70 colspan=4>

<img src=""http://image.rakuten.co.jp/fujiyaku/cabinet/left/moreinfo-to.gif"" border=0>
</td>
</tr>
<tr>
<td width=70>　</td>
<td width=70>　</td>
<td width=70>　</td>
<td width=70>　</td>
<td width=70>　</td>
<td width=70>　</td>
<td width=70>　</td>
<td width=70>　</td>
<td width=70>　</td>
<td width=70>　</td>
</tr>
<tr>
<td width=70>　</td>
<td width=70 colspan=4>

<img src=""http://image.rakuten.co.jp/fujiyaku/cabinet/left/moreinfo-to.gif"" border=0>
</td>
<td width=70>　</td>
<td nowrap width=70 colspan=4>

<img src=""http://image.rakuten.co.jp/fujiyaku/cabinet/left/moreinfo-to.gif"" border=0>
</td></tr>
</table>
<table border=0 width=700 height=300 background=""http://image.rakuten.co.jp/fujiyaku/cabinet/left/info-iyaku.jpg"">
<tr>
<td>
<br><br><br><br><br>　　　　　　　　　　　

<font size=2><b>『お問合せフォーム』はこちら！</b></font>
</td>
</tr></table>

-->",★【第2類医薬品】 サンツールFBテープ[7cm&times;10cm] 20枚入り（10枚&times;2袋）：Ｔ-富士薬品,健康りんご酢青汁コラーゲン関節痛夏バテコンドロイチングルコサミン美容医薬品ランキング効果プラセンタローヤルゼリー飲む酢タウリンコエンザイムQ10CoQ10おむつ尿パッド★【第2類医薬品】 サンツールFBテープ[7cm&times;10cm] 20枚入り（10枚&times;2袋）,肩の痛み・腰痛・筋肉痛・関節痛に　フェルビナク配合。★【第2類医薬品】 サンツールFBテープ[7cm&times;10cm] 20枚入り（10枚&times;2袋）[rn]
28-87630,http://tshop.r10s.jp/fujiyaku/cabinet/iyakuhin/4987450000537.jpg?fitin=700:700,608.0000,,,★【第2類医薬品】 サンツールＩＤ液　（100mL）,インドメタシン1.0％配合。肩こり・腰痛・関節痛に,"<table style=""font-size:13px;"" cellpadding=""5"" border=0 bgcolor=""red""width=""670"">
<tr><th><font color=""white"">医薬品をご購入のお客様へ重要なお知らせ</font></th></tr>
<tr bgcolor=""white""><td>
<b>楽天市場の規則により医薬品の購入は、楽天会員にご登録いただいているお客様のみとさせていただいております。<br>
また、18歳未満のお客様へ販売も禁止となっております。ご了承いただきますようお願いいたします。</b>
<br>

</td></tr>
</table>
<br><br>
<font size=3>
サンツールID液は、痛みやはれのもとに直接作用するインドメタシンを1.0％配合した非ステロイド系の鎮痛消炎薬です。<br>
●主成分のインドメタシンが、塗った所から直接患部に働き、肩・腰・関節のつらい痛みに優れた効き目を発揮します。<br>
●l-メントール配合により、塗布後心地よい清涼感があります。<br>
<br>
</font><table style=""font-size:13px;"" cellpadding=""5"" border=0 bgcolor=""darkblue""width=""600"">
<tr><th><font color=""white"">この商品はセルフメディケーション税制対象商品です</font></th></tr>
<tr bgcolor=""white""><td>
<br>
　　<b>・2017年1月から始まる「セルフメディケーション税制（医療費控除の特例）」において、<br>
　　　医療費控除の対象となるOTC医薬品です。<br>
<br>
　　・商品発送時に同梱しております<font color=""red""> 「お買い上げ明細書」</font>（レシート）が申告時に必要となります。<br>
　　　大切に保管してください。</b><br>
<br>
    　 ■セルフメディケーション税制についてはこちら<br>
<br>
</td></tr>
</table><br><br><table  style=""font-size:13px;"" width=""700"" border=""0"">
<tr><td>
<b>■ 使用上の注意 ■</b>
<br><br>
<b>【してはいけないこと】</b>
<br>
(守らないと現在の症状が悪化したり、副作用が起こりやすくなります。)
<br>
<b>1.次の人は使用しないで下さい。</b>
<br>
(1)本剤又は本剤の成分によりアレルギー症状を起こしたことがある人。<br>
(2)ぜんそくを起こしたことがある人。<br>
(3)11歳未満の小児。<br>
<b>2.次の部位には使用しないで下さい。</b>
<br>
(1)目の周囲、粘膜等。<br>
(2)湿疹、かぶれ、傷口。<br>
(3)みずむし・たむし等又は化膿している患部。<br>
<b>3.長期連用しないで下さい。</b>
<br>
<br>
<b>【相談すること】</b>
<br>
<b>1.次の人は使用前に医師、薬剤師又は登録販売者に相談して下さい。</b><br>
(1)医師の治療を受けている人。<br>
(2)妊婦又は妊娠していると思われる人。<br>
(3)薬などによりアレルギー症状を起こしたことがある人。<br>
<b>
2. 使用後、次の症状があらわれた場合は副作用の可能性があるので、直ちに使用を中止し、この説明文書を持って医師、薬剤師又は登録販売者に相談して下さい。
</b>
<br>
</td></tr>


<tr><td>
<!--大きいテーブルの中にもう1つテーブル-->
<table style=""font-size:13px;"" cellspacing=""0"" cellpadding=""2"" border=""1"" width=""400"">
<tr align=""center"">
<td nowrap>関係部位</td><td>症状</td>
</tr>
<tr>
<td nowrap align=""center"">皮膚</td><td>発疹・発赤、かゆみ、はれ、ヒリヒリ感、熱感、乾燥感</td>
</tr>
</table>
<!--ここでテーブル1つ終了-->
</td></tr>
<tr><td>
<b>
3. 5～6日間使用しても症状がよくならない場合は使用を中止し、この説明文書を持って医師、薬剤師又は登録販売者に相談して下さい。<br>
</b>
<br>
<br><br>

<b>■ 効能・効果 ■</b>
<br><br>
筋肉痛、肩こりに伴う肩の痛み、腰痛、関節痛、腱鞘炎(手・手首の痛み)、肘の痛み(テニス肘など)、打撲、捻挫
<br>
<br>
<b>■ 用法・用量 ■</b>
<br><br>
1日4回を限度として適量を患部に塗布して下さい。<br>
<br>
<b>〈用法・用量に関連する注意〉</b>
<br>
(1)用法・用量を守って下さい。<br>
(2)11歳以上の小児に使用させる場合には、保護者の指導監督のもとに使用させて下さい。<br>
(3)11歳未満の小児に使用させないで下さい。<br>
(4)目に入らないよう注意して下さい。万一、目に入った場合には、すぐに水又はぬるま湯で洗って下さい。<br>　なお、症状が重い場合には、眼科医の診療を受けて下さい。<br>
(5)外用にのみ使用して下さい。<br>
(6)1週間あたり50mLを超えて使用しないで下さい。<br>
(7)薬剤塗布後の患部をラップフィルム等の通気性の悪いもので覆わないで下さい。<br>
(8)皮膚の特に弱い方は、同じ所に続けて塗布しないで下さい。<br>
(9)同じ部位に他の外用剤との併用は避けて下さい。<br>
(10)使用後は手を洗って下さい。

<br><br>
<b>■ 成分・分量 ■　</b>(100mL中)<br>
</td></tr>
<tr><td>
<!--大きいテーブルの中にもう1つテーブル2-->
<table style=""font-size:13px;"" cellspacing=""0"" cellpadding=""2"" border=""1"" width=""400"">
<tr align=""center"">
<td nowrap>成分</td><td>分量</td><td>はたらき</td>
</tr>
<tr>
<td nowrap>インドメタシン</td><td align=""right"" style=""padding: 0px 10px 0px 0px;"" >1000mg</td><td>鎮痛作用・消炎作用が患部にはたらき、痛みやはれを鎮めます。</td>
</tr>
<tr>
<td nowrap>l-メントール</td><td align=""right"" style=""padding: 0px 10px 0px 0px;"" >3000mg</td><td>清涼感を与え、痛みをやわらげます。</td>
</tr>
</table>
<!--ここでテーブル2終了-->
</td></tr>

<tr><td>
<br>
添加剤として、エデト酸ナトリウム水和物、ヒプロメロース、マクロゴール、ベンジルアルコール、エタノールを含有する
<br>
<br><br>
<b>■ 保管及び取扱い上の注意 ■</b>
<br>
(1)直射日光の当たらない涼しい所にキャップをしっかり閉めて保管して下さい。<br>
(2)小児の手の届かない所に保管して下さい。<br>
(3)他の容器に入れ替えないで下さい。(誤用の原因になったり、品質が変わることがあります。)<br>
(4)火気に近づけないで下さい。<br>
(5)火の中に投じないで下さい。<br>
(6)本剤のついた手で、目等の粘膜に触れないで下さい。<br>
(7)メガネ、時計、アクセサリー等の金属類、化繊の衣類、プラスチック類、床や家具等の塗装面等に<br>
　付着すると変質又は変色することがあるので、付着しないように注意して下さい。<br>
(8)本剤が衣類や寝具等に付着し、汚れた場合にはなるべく早く水か洗剤で洗い落として下さい。<br>
(9)使用期限を過ぎた製品は使用しないで下さい。<br>
　なお、使用期限内であっても、開封後はなるべく早く使用して下さい。<br>
<br><br>

</td></tr><style type=""text/css"">
div#caution{border:solid 1px #ff0000;padding:10px;margin:20px 0px;}
div#caution p{font-size:18px;margin:0px;line-height:1.5em;}
div#caution p.red{color:#ff0000;}
div#iteminst{font-size:16px;line-height:1.5em;margin:10px 0px;}
div#iteminst p{margin:0px 0px 20px 0px;}
div#iteminst p.title{font-weight:bold;margin:0px;}
div#iteminst p span{color:#ff0000;}
</style>
<!--<table border=0 width=700 height=491
background=""http://image.rakuten.co.jp/fujiyaku/cabinet/left/guide4.jpg"">
<tr>
<td width=70>　</td>
<td width=70>　</td>
<td width=70>　</td>
<td width=70>　</td>
<td width=70>　</td>
<td width=70>　</td>
<td width=70>　</td>
<td width=70>　</td>
<td width=70>　</td>
<td width=70>　</td>
</tr>
<tr>
<td width=70>　</td>
<td width=70>　</td>
<td width=70>　</td>
<td width=70>　</td>
<td width=70>　</td>
<td width=70>　</td>
<td width=70>　</td>
<td width=70>　</td>
<td width=70>　</td>
<td width=70>　</td>
</tr>
<tr>
<td width=70>　</td>
<td width=70>　</td>
<td width=70>　</td>
<td width=70>　</td>
<td width=70>　</td>
<td width=70>　</td>
<td width=70>　</td>
<td width=70>　</td>
<td width=70>　</td>
<td width=70>　</td>
</tr>
<tr>
<td width=70>　</td>
<td width=70>　</td>
<td width=70>　</td>
<td width=70>　</td>
<td width=70>　</td>
<td width=70>　</td>
<td width=70>　</td>
<td width=70>　</td>
<td width=70>　</td>
<td width=70>　</td>
</tr>
<tr>
<td width=70>　</td>
<td width=70>　</td>
<td width=70>　</td>
<td width=70>　</td>
<td width=70>　</td>
<td width=70>　</td>
<td width=70>　</td>
<td width=70>　</td>
<td width=70>　</td>
<td width=70>　</td>
</tr>
<tr>
<td width=70>　</td>
<td width=70>　</td>
<td width=70>　</td>
<td width=70>　</td>
<td width=70>　</td>
<td width=70>　</td>
<td width=70>　</td>
<td width=70>　</td>
<td width=70>　</td>
<td width=70>　</td>
</tr>
<tr>
<td width=70>　</td>
<td valign=""middle"" width=70 colspan=4>

<img src=""http://image.rakuten.co.jp/fujiyaku/cabinet/left/moreinfo-to.gif"" border=0>
</td>
<td width=70>　</td>
<td width=70>　</td>
<td width=70>　</td>
<td width=70>　</td>
<td width=70>　</td>
</tr>
<tr>
<td width=70>　</td>
<td width=70>　</td>
<td width=70>　</td>
<td width=70>　</td>
<td width=70>　</td>
<td width=70>　</td>
<td width=70>　</td>
<td width=70>　</td>
<td width=70>　</td>
<td width=70>　</td>
</tr>
<tr>
<td width=70>　</td>
<td width=70>　</td>
<td width=70>　</td>
<td width=70>　</td>
<td width=70>　</td>
<td width=70>　</td>
<td valign=""bottom"" width=70 colspan=4>

<img src=""http://image.rakuten.co.jp/fujiyaku/cabinet/left/moreinfo-to.gif"" border=0>
</td>
</tr>
<tr>
<td width=70>　</td>
<td width=70>　</td>
<td width=70>　</td>
<td width=70>　</td>
<td width=70>　</td>
<td width=70>　</td>
<td width=70>　</td>
<td width=70>　</td>
<td width=70>　</td>
<td width=70>　</td>
</tr>
<tr>
<td width=70>　</td>
<td width=70 colspan=4>

<img src=""http://image.rakuten.co.jp/fujiyaku/cabinet/left/moreinfo-to.gif"" border=0>
</td>
<td width=70>　</td>
<td nowrap width=70 colspan=4>

<img src=""http://image.rakuten.co.jp/fujiyaku/cabinet/left/moreinfo-to.gif"" border=0>
</td></tr>
</table>
<table border=0 width=700 height=300 background=""http://image.rakuten.co.jp/fujiyaku/cabinet/left/info-iyaku.jpg"">
<tr>
<td>
<br><br><br><br><br>　　　　　　　　　　　

<font size=2><b>『お問合せフォーム』はこちら！</b></font>
</td>
</tr></table>

-->",★【第2類医薬品】 サンツールＩＤ液　（100mL）：Ｔ-富士薬品,健康りんご酢青汁コラーゲン関節痛夏バテコンドロイチングルコサミン美容医薬品ランキング効果プラセンタローヤルゼリー飲む酢タウリンコエンザイムQ10CoQ10おむつ尿パッド★【第2類医薬品】 サンツールＩＤ液　（100mL）,インドメタシン1.0％配合。肩こり・腰痛・関節痛に。★【第2類医薬品】 サンツールＩＤ液　（100mL）[rn]
28-87631,http://tshop.r10s.jp/fujiyaku/cabinet/iyakuhin/4987450001794.jpg?fitin=700:700,747.2000,,,★【第2類医薬品】 サンツールFB液　（100mL）,フェルビナク3.0％配合。肩こり・腰痛・関節痛に,"<table style=""font-size:13px;"" cellpadding=""5"" border=0 bgcolor=""red""width=""670"">
<tr><th><font color=""white"">医薬品をご購入のお客様へ重要なお知らせ</font></th></tr>
<tr bgcolor=""white""><td>
<b>楽天市場の規則により医薬品の購入は、楽天会員にご登録いただいているお客様のみとさせていただいております。<br>
また、18歳未満のお客様へ販売も禁止となっております。ご了承いただきますようお願いいたします。</b>
<br>
</td></tr>
</table>
<br><br>
<font size=3>
フェルビナク3.0％配合。肩こり・腰痛・関節痛に<br>
●サンツールFB液は、痛みやはれのもとに直接作用するフェルビナクを3．0％配合した非ステロイド系の鎮痛消炎剤です。<br>
●主成分のフェルビナクが、塗った所から直接患部に働き、肩・腰・関節のつらい痛みに優れた効き目を発揮します。<br>
●l-メントールを6.0％配合しており、清涼感たっぷりの使い心地です。
<br>
</font><table style=""font-size:13px;"" cellpadding=""5"" border=0 bgcolor=""darkblue""width=""600"">
<tr><th><font color=""white"">この商品はセルフメディケーション税制対象商品です</font></th></tr>
<tr bgcolor=""white""><td>
<br>
　　<b>・2017年1月から始まる「セルフメディケーション税制（医療費控除の特例）」において、<br>
　　　医療費控除の対象となるOTC医薬品です。<br>
<br>
　　・商品発送時に同梱しております<font color=""red""> 「お買い上げ明細書」</font>（レシート）が申告時に必要となります。<br>
　　　大切に保管してください。</b><br>
<br>
    　 ■セルフメディケーション税制についてはこちら<br>
<br>
</td></tr>
</table><br><br><table  style=""font-size:13px;"" width=""700"" border=""0"">
<tr><td>
<b>■ 使用上の注意 ■</b>
<br><br>
<b>【してはいけないこと】</b>
<br>
(守らないと現在の症状が悪化したり、副作用が起こりやすくなります。)
<br>
<b>1.次の人は使用しないで下さい。</b>
<br>
(1)本剤又は本剤の成分によりアレルギー症状（発疹・発赤、かゆみ、かぶれ等）を起こしたことがある人<br>
(2)ぜんそくを起こしたことがある人<br>
(3)妊婦または妊娠していると思われる人。<br>
(4)15歳未満の小児<br>
<b>2.次の部位には使用しないで下さい。</b>
<br>
(1)目の周囲、粘膜等。<br>
(2)湿疹、かぶれ、傷口。<br>
(3)化膿している患部。
<br>
<br>
<b>【相談すること】</b>
<br>
<b>1.次の人は使用前に医師、薬剤師又は登録販売者に相談して下さい。</b><br>
(1)医師の治療を受けている人。<br>
(2)薬などによりアレルギー症状（発疹・発赤、かゆみ、かぶれ等）を起こしたことがある人。<br>
<b>
<b>2. 使用後、次の症状があらわれた場合は副作用の可能性があるので、直ちに使用を中止し、この説明文書を持って医師、薬剤師又は登録販売者に相談して下さい。</b>
</b>
<br>
</td></tr>


<tr><td>
<!--大きいテーブルの中にもう1つテーブル-->
<table style=""font-size:13px;"" cellspacing=""0"" cellpadding=""2"" border=""1"" width=""400"">
<tr align=""center"">
<td nowrap>関係部位</td><td>症状</td>
</tr>
<tr>
<td nowrap align=""center"">皮膚</td><td>発疹・発赤、かゆみ、はれ、ヒリヒリ感、かぶれ</td>
</tr>
</table>
<!--ここでテーブル1つ終了-->
</td></tr>
<tr><td>
<b>
3. 5～6日間使用しても症状がよくならない場合は使用を中止し、この説明文書を持って医師、薬剤師又は登録販売者に相談して下さい。<br>
</b>
<br>
<br><br>

<b>■ 効能・効果 ■</b>
<br><br>
肩こりに伴う肩の痛み、筋肉痛、関節痛、腰痛、腱鞘炎(手・手首・足首の痛みと腫れ)、肘の痛み(テニス肘など)、打撲、捻挫
<br>
<br>
<b>■ 用法・用量 ■</b>
<br><br>
1日2回～4回、適量を患部に塗布して下さい。<br>
<br>
〈用法・用量に関連する注意〉
<br>
(1)定められた用法・用量を守って下さい。<br>
(2)目に入らないよう注意して下さい。万一、目に入った場合には、すぐに水又はぬるま湯で洗って下さい。<br>　なお、症状が重い場合には、眼科医の診療を受けて下さい。<br>
(3)外用にのみ使用して下さい。<br>
(4)薬剤塗布後の患部をラップフィルム等の通気性の悪いもので覆わないで下さい。<br>
(5)皮膚の特に弱い方は、同じ所に続けて塗布しないで下さい。<br>
(6)同じ部位に他の外用剤との併用は避けて下さい。<br>
(7)使用後は手を洗って下さい。
<br><br>
<b>■ 成分・分量 ■　</b>(100ml中)<br>
</td></tr>
<tr><td>
<!--大きいテーブルの中にもう1つテーブル2-->
<table style=""font-size:13px;"" cellspacing=""0"" cellpadding=""2"" border=""1"" width=""400"">
<tr align=""center"">
<td nowrap>成分</td><td>分量</td><td>はたらき</td>
</tr>
<tr>
<td nowrap>フェルビナク</td><td align=""right"" style=""padding: 0px 10px 0px 0px;"" >3.0g</td><td>炎症を抑え、痛みをやわらげます。</td>
</tr>
<tr>
<td nowrap>l-メントール</td><td align=""right"" style=""padding: 0px 10px 0px 0px;"" >6.0g</td><td>清涼感を与え、痛みをやわらげます。</td>
</tr>
<tr>
<td nowrap>クロルフェニラミンマレイン酸塩</td><td align=""right"" style=""padding: 0px 10px 0px 0px;"" >0.1g</td><td>皮膚刺激によるかぶれ、かゆみ等を抑えます。</td>
</tr>

</table>
<!--ここでテーブル2終了-->
</td></tr>

<tr><td>
<br>
添加剤:ジブチルヒドロキシトルエン、ベンジルアルコール、マクロゴール、トリエタノールアミン、ハアセチルしょ糖、エタノール　含有
<br>
<br><br>
<b>■ 保管及び取扱い上の注意 ■</b>
<br>
(1)直射日光の当たらない涼しい所にキャップをしっかり閉めて保管して下さい。<br>
(2)小児の手の届かない所に保管して下さい。<br>
(3)他の容器に入れ替えないで下さい。(誤用の原因になったり、品質が変わることがあります。)<br>
(4)火気に近づけないで下さい（エタノール含有物）。<br>
(5)火の中に投じないで下さい。<br>
(6)揮発性がありますので、使用後はキャップをしっかり締めてください。<br>
(7)本剤のついた手で、目等の粘膜に触れないで下さい。<br>
(8)メガネ、時計、アクセサリー等の金属類、化繊の衣類、プラスチック類、床や家具等の塗装面等に付着すると変質又は変色することがあるので、付着しないように注意して下さい。<br>
(9)本剤が衣類や寝具等に付着した場合には、洗濯表示に従って、速やかに洗い落として下さい。<br>
(10)使用期限を過ぎた製品は使用しないで下さい。<br>　なお、使用期限内であっても、開封後はなるべく早く使用して下さい。<br>
<br>
<br><br>

</td></tr><style type=""text/css"">
div#caution{border:solid 1px #ff0000;padding:10px;margin:20px 0px;}
div#caution p{font-size:18px;margin:0px;line-height:1.5em;}
div#caution p.red{color:#ff0000;}
div#iteminst{font-size:16px;line-height:1.5em;margin:10px 0px;}
div#iteminst p{margin:0px 0px 20px 0px;}
div#iteminst p.title{font-weight:bold;margin:0px;}
div#iteminst p span{color:#ff0000;}
</style>
<!--<table border=0 width=700 height=491
background=""http://image.rakuten.co.jp/fujiyaku/cabinet/left/guide4.jpg"">
<tr>
<td width=70>　</td>
<td width=70>　</td>
<td width=70>　</td>
<td width=70>　</td>
<td width=70>　</td>
<td width=70>　</td>
<td width=70>　</td>
<td width=70>　</td>
<td width=70>　</td>
<td width=70>　</td>
</tr>
<tr>
<td width=70>　</td>
<td width=70>　</td>
<td width=70>　</td>
<td width=70>　</td>
<td width=70>　</td>
<td width=70>　</td>
<td width=70>　</td>
<td width=70>　</td>
<td width=70>　</td>
<td width=70>　</td>
</tr>
<tr>
<td width=70>　</td>
<td width=70>　</td>
<td width=70>　</td>
<td width=70>　</td>
<td width=70>　</td>
<td width=70>　</td>
<td width=70>　</td>
<td width=70>　</td>
<td width=70>　</td>
<td width=70>　</td>
</tr>
<tr>
<td width=70>　</td>
<td width=70>　</td>
<td width=70>　</td>
<td width=70>　</td>
<td width=70>　</td>
<td width=70>　</td>
<td width=70>　</td>
<td width=70>　</td>
<td width=70>　</td>
<td width=70>　</td>
</tr>
<tr>
<td width=70>　</td>
<td width=70>　</td>
<td width=70>　</td>
<td width=70>　</td>
<td width=70>　</td>
<td width=70>　</td>
<td width=70>　</td>
<td width=70>　</td>
<td width=70>　</td>
<td width=70>　</td>
</tr>
<tr>
<td width=70>　</td>
<td width=70>　</td>
<td width=70>　</td>
<td width=70>　</td>
<td width=70>　</td>
<td width=70>　</td>
<td width=70>　</td>
<td width=70>　</td>
<td width=70>　</td>
<td width=70>　</td>
</tr>
<tr>
<td width=70>　</td>
<td valign=""middle"" width=70 colspan=4>

<img src=""http://image.rakuten.co.jp/fujiyaku/cabinet/left/moreinfo-to.gif"" border=0>
</td>
<td width=70>　</td>
<td width=70>　</td>
<td width=70>　</td>
<td width=70>　</td>
<td width=70>　</td>
</tr>
<tr>
<td width=70>　</td>
<td width=70>　</td>
<td width=70>　</td>
<td width=70>　</td>
<td width=70>　</td>
<td width=70>　</td>
<td width=70>　</td>
<td width=70>　</td>
<td width=70>　</td>
<td width=70>　</td>
</tr>
<tr>
<td width=70>　</td>
<td width=70>　</td>
<td width=70>　</td>
<td width=70>　</td>
<td width=70>　</td>
<td width=70>　</td>
<td valign=""bottom"" width=70 colspan=4>

<img src=""http://image.rakuten.co.jp/fujiyaku/cabinet/left/moreinfo-to.gif"" border=0>
</td>
</tr>
<tr>
<td width=70>　</td>
<td width=70>　</td>
<td width=70>　</td>
<td width=70>　</td>
<td width=70>　</td>
<td width=70>　</td>
<td width=70>　</td>
<td width=70>　</td>
<td width=70>　</td>
<td width=70>　</td>
</tr>
<tr>
<td width=70>　</td>
<td width=70 colspan=4>

<img src=""http://image.rakuten.co.jp/fujiyaku/cabinet/left/moreinfo-to.gif"" border=0>
</td>
<td width=70>　</td>
<td nowrap width=70 colspan=4>

<img src=""http://image.rakuten.co.jp/fujiyaku/cabinet/left/moreinfo-to.gif"" border=0>
</td></tr>
</table>
<table border=0 width=700 height=300 background=""http://image.rakuten.co.jp/fujiyaku/cabinet/left/info-iyaku.jpg"">
<tr>
<td>
<br><br><br><br><br>　　　　　　　　　　　

<font size=2><b>『お問合せフォーム』はこちら！</b></font>
</td>
</tr></table>

-->",★【第2類医薬品】 サンツールFB液　（100mL）：Ｔ-富士薬品,健康りんご酢青汁コラーゲン関節痛夏バテコンドロイチングルコサミン美容医薬品ランキング効果プラセンタローヤルゼリー飲む酢タウリンコエンザイムQ10CoQ10おむつ尿パッド★【第2類医薬品】 サンツールFB液　（100mL）,フェルビナク3.0％配合。肩こり・腰痛・関節痛に。★【第2類医薬品】 サンツールFB液　（100mL）[rn]
28-87632,http://tshop.r10s.jp/fujiyaku/cabinet/iyakuhin/4987450001824.jpg?fitin=700:700,608.0000,,,★【第2類医薬品】 サンツールパップVH　（18枚）,インドメタシン0.5％配合の温感パップ剤。肩こり・腰痛・関節痛,"<table style=""font-size:13px;"" cellpadding=""5"" border=0 bgcolor=""red""width=""670"">
<tr><th><font color=""white"">医薬品をご購入のお客様へ重要なお知らせ</font></th></tr>
<tr bgcolor=""white""><td>
<b>楽天市場の規則により医薬品の購入は、楽天会員にご登録いただいているお客様のみとさせていただいております。<br>
また、18歳未満のお客様へ販売も禁止となっております。ご了承いただきますようお願いいたします。</b>
<br>
</td></tr>
</table>
<br><br>
<font size=3>
インドメタシン0.5％配合の温感パップ剤。肩こり・腰痛・関節痛<br>
●医療用に使われている鎮痛消炎成分のインドメタシンが、痛みの原因となる物質の生成を抑え、<br>　腰痛、関節痛などの痛みを伴う症状に優れた効果を発揮します。<br>
●トウガラシエキスの働きで、患部の血行を促進し日々の痛みやこりをやわらげます。<br>
<br>
</font><table style=""font-size:13px;"" cellpadding=""5"" border=0 bgcolor=""darkblue""width=""600"">
<tr><th><font color=""white"">この商品はセルフメディケーション税制対象商品です</font></th></tr>
<tr bgcolor=""white""><td>
<br>
　　<b>・2017年1月から始まる「セルフメディケーション税制（医療費控除の特例）」において、<br>
　　　医療費控除の対象となるOTC医薬品です。<br>
<br>
　　・商品発送時に同梱しております<font color=""red""> 「お買い上げ明細書」</font>（レシート）が申告時に必要となります。<br>
　　　大切に保管してください。</b><br>
<br>
    　 ■セルフメディケーション税制についてはこちら<br>
<br>
</td></tr>
</table><br><br><table  style=""font-size:13px;"" width=""700"" border=""0"">
<tr><td>
<b>■ 使用上の注意 ■</b>
<br><br>
<b>【してはいけないこと】</b>
<br>
(守らないと現在の症状が悪化したり副作用が起こりやすくなります。)
<br>
<b>1.次の人は使用しないで下さい。</b>
<br>
(1)本剤又は本剤の成分によりアレルギー症状（発疹・発赤、かゆみ、かぶれ等）を起こしたことがある人。<br>
(2)ぜんそくを起こしたことがある人。<br>　（ぜんそくを起こしたことがある人はインドメタシン等の抗炎症剤を使用するとぜんそく発作を誘発することがあります。）<br>
(3)15歳未満の小児<br>
<b>2.次の部位には使用しないで下さい。</b>
<br>
(1)目の周囲、粘膜等。<br>
(2)湿疹、かぶれ、傷口。<br>
(3)みずむし・たむし等又は化膿している患部。<br>
<b>3.連続して2週間以上使用しないで下さい。</b>
<br>
<br>
<b>【相談すること】</b>
<br>
<b>1.次の人は使用前に医師、薬剤師又は登録販売者に相談して下さい。</b><br>
(1)医師の治療を受けている人。<br>
(2)妊婦又は妊娠していると思われる人。<br>
(3)薬などによりアレルギー症状を起こしたことがある人。<br><br>

<b>2. 使用後、次の症状があらわれた場合は副作用の可能性があるので、直ちに使用を中止し、この説明文書を持って医師、薬剤師又は登録販売者に相談して下さい。</b>

<br>
</td></tr>


<tr><td>
<!--大きいテーブルの中にもう1つテーブル-->
<table style=""font-size:13px;"" cellspacing=""0"" cellpadding=""2"" border=""1"" width=""400"">
<tr align=""center"">
<td nowrap>関係部位</td><td>症状</td>
</tr>
<tr>
<td nowrap align=""center"">皮膚</td><td>発疹・発赤、かゆみ、はれ、痛み、ヒリヒリ感、熱感、乾燥感</td>
</tr>
</table>
<!--ここでテーブル1つ終了-->
</td></tr>
<tr><td>
<b>3．5～6日間使用しても症状がよくならない場合は使用を中止し、この説明文書を持って医師、薬剤師又は登録販売者に相談して下さい。</b>
<br>
<br><br>

<b>■ 効能・効果 ■</b>
<br><br>
肩こりに伴う肩の痛み、腰痛、関節痛、筋肉痛、腱鞘炎(手・手首の痛み)、肘の痛み(テニス肘など)、打撲、捻挫
<br>
<br>
<b>■ 用法・用量 ■</b>
<br><br>
[15歳以上]:表面のプラスチックフィルムをはがし、1日2回を限度として患部に貼付して下さい。<br>
[15歳未満]:使用しないで下さい。
<br>
<br>
〈用法・用量に関連する注意〉
<br>
(1)用法・用量を厳守して下さい。<br>
(2)本剤は、痛みやはれ等の原因になっている病気を治療するのではなく、痛みやはれ等の症状のみを<br>　治療する薬剤ですので、症状がある場合だけ使用して下さい。<br>
(3)汗をかいたり、患部がぬれている時は、よく拭き取ってから使用して下さい。<br>
(4)皮膚の弱い人は、使用前に腕の内側の皮膚の弱い個所に、1～2cm角の小片を目安として半日以上貼り、<br>　発疹・発赤、かゆみ、かぶれ等の症状が起きないことを確かめてから使用して下さい。<br>
(5)打撲（うちみ）、捻挫に使用する場合には、患部の熱感等の症状がおさまってから使用して下さい。<br>
(6)本剤を使用してから汗をかくと刺激を感じることがあります。<br>
(7)本剤に触れた手で、目の周囲、口唇、鼻孔、その他の粘膜にさわらないで下さい。<br>
(8)本剤を貼った患部をコタツや電気毛布等で温めないで下さい。<br>
(9)本剤を貼ったまま、あるいは剥した直後に入浴しないで下さい。<br>　（強い刺激を感じることがありますので、少なくとも入浴の1時間前には剥がし、入浴後は30分程してから使用して下さい。）<br>
<br><br>
<b>■ 成分・分量 ■　</b>膏体100g(1000平方センチメートル)中<br>
</td></tr>
<tr><td>
<!--大きいテーブルの中にもう1つテーブル2-->
<table style=""font-size:13px;"" cellspacing=""0"" cellpadding=""2"" border=""1"" width=""400"">
<tr align=""center"">
<td nowrap>成分</td><td>分量</td>
</tr>
<tr>
<td nowrap>インドメタシン</td><td align=""right"" style=""padding: 0px 10px 0px 0px;"" >0.5g</td>
</tr>
<tr>
<td nowrap>トウガラシエキス</td><td align=""right"" style=""padding: 0px 10px 0px 0px;"" >0.075g（日局トウガラシ3.75g相当量）</td>
</tr>
</table>
<!--ここでテーブル2終了-->
</td></tr>

<tr><td>
<br>
添加剤:ゼラチン、エデト酸ナトリウム水和物、マクロゴール、ポリソルベート80、l-メントール、カオリン、
酸化チタン、濃グリセリン、D-ソルビトール、ヒマシ油、ポリアクリル酸部分中和物、カルメロースナトリウム、pH調節剤、赤色106号、
その他2成分含有
<br>
<br><br>
<b>■ 保管及び取扱い上の注意 ■</b>
<br>
(1)直射日光の当たらない涼しい所に保管して下さい。<br>
(2)小児の手の届かない所に保管して下さい。<br>
(3)他の容器に入れ替えないで下さい。(誤用の原因になったり、品質が変わることがあります。)<br>
(4)未使用分はもとの袋に入れ、チャックをきちんと閉めて下さい。使用期限内であっても開封後はなるべく早く使用して下さい。<br>
(5)使用期限を過ぎた製品は使用しないで下さい。<br>
<br>
<br>
<b>10cm×14cm</b>
<br><br>

</td></tr><style type=""text/css"">
div#caution{border:solid 1px #ff0000;padding:10px;margin:20px 0px;}
div#caution p{font-size:18px;margin:0px;line-height:1.5em;}
div#caution p.red{color:#ff0000;}
div#iteminst{font-size:16px;line-height:1.5em;margin:10px 0px;}
div#iteminst p{margin:0px 0px 20px 0px;}
div#iteminst p.title{font-weight:bold;margin:0px;}
div#iteminst p span{color:#ff0000;}
</style>
<!--<table border=0 width=700 height=491
background=""http://image.rakuten.co.jp/fujiyaku/cabinet/left/guide4.jpg"">
<tr>
<td width=70>　</td>
<td width=70>　</td>
<td width=70>　</td>
<td width=70>　</td>
<td width=70>　</td>
<td width=70>　</td>
<td width=70>　</td>
<td width=70>　</td>
<td width=70>　</td>
<td width=70>　</td>
</tr>
<tr>
<td width=70>　</td>
<td width=70>　</td>
<td width=70>　</td>
<td width=70>　</td>
<td width=70>　</td>
<td width=70>　</td>
<td width=70>　</td>
<td width=70>　</td>
<td width=70>　</td>
<td width=70>　</td>
</tr>
<tr>
<td width=70>　</td>
<td width=70>　</td>
<td width=70>　</td>
<td width=70>　</td>
<td width=70>　</td>
<td width=70>　</td>
<td width=70>　</td>
<td width=70>　</td>
<td width=70>　</td>
<td width=70>　</td>
</tr>
<tr>
<td width=70>　</td>
<td width=70>　</td>
<td width=70>　</td>
<td width=70>　</td>
<td width=70>　</td>
<td width=70>　</td>
<td width=70>　</td>
<td width=70>　</td>
<td width=70>　</td>
<td width=70>　</td>
</tr>
<tr>
<td width=70>　</td>
<td width=70>　</td>
<td width=70>　</td>
<td width=70>　</td>
<td width=70>　</td>
<td width=70>　</td>
<td width=70>　</td>
<td width=70>　</td>
<td width=70>　</td>
<td width=70>　</td>
</tr>
<tr>
<td width=70>　</td>
<td width=70>　</td>
<td width=70>　</td>
<td width=70>　</td>
<td width=70>　</td>
<td width=70>　</td>
<td width=70>　</td>
<td width=70>　</td>
<td width=70>　</td>
<td width=70>　</td>
</tr>
<tr>
<td width=70>　</td>
<td valign=""middle"" width=70 colspan=4>

<img src=""http://image.rakuten.co.jp/fujiyaku/cabinet/left/moreinfo-to.gif"" border=0>
</td>
<td width=70>　</td>
<td width=70>　</td>
<td width=70>　</td>
<td width=70>　</td>
<td width=70>　</td>
</tr>
<tr>
<td width=70>　</td>
<td width=70>　</td>
<td width=70>　</td>
<td width=70>　</td>
<td width=70>　</td>
<td width=70>　</td>
<td width=70>　</td>
<td width=70>　</td>
<td width=70>　</td>
<td width=70>　</td>
</tr>
<tr>
<td width=70>　</td>
<td width=70>　</td>
<td width=70>　</td>
<td width=70>　</td>
<td width=70>　</td>
<td width=70>　</td>
<td valign=""bottom"" width=70 colspan=4>

<img src=""http://image.rakuten.co.jp/fujiyaku/cabinet/left/moreinfo-to.gif"" border=0>
</td>
</tr>
<tr>
<td width=70>　</td>
<td width=70>　</td>
<td width=70>　</td>
<td width=70>　</td>
<td width=70>　</td>
<td width=70>　</td>
<td width=70>　</td>
<td width=70>　</td>
<td width=70>　</td>
<td width=70>　</td>
</tr>
<tr>
<td width=70>　</td>
<td width=70 colspan=4>

<img src=""http://image.rakuten.co.jp/fujiyaku/cabinet/left/moreinfo-to.gif"" border=0>
</td>
<td width=70>　</td>
<td nowrap width=70 colspan=4>

<img src=""http://image.rakuten.co.jp/fujiyaku/cabinet/left/moreinfo-to.gif"" border=0>
</td></tr>
</table>
<table border=0 width=700 height=300 background=""http://image.rakuten.co.jp/fujiyaku/cabinet/left/info-iyaku.jpg"">
<tr>
<td>
<br><br><br><br><br>　　　　　　　　　　　

<font size=2><b>『お問合せフォーム』はこちら！</b></font>
</td>
</tr></table>

-->",★【第2類医薬品】 サンツールパップVH　（18枚）：Ｔ-富士薬品,健康りんご酢青汁コラーゲン関節痛夏バテコンドロイチングルコサミン美容医薬品ランキング効果プラセンタローヤルゼリー飲む酢タウリンコエンザイムQ10CoQ10おむつ尿パッド★【第2類医薬品】 サンツールパップVH　（18枚）,インドメタシン0.5％配合の温感パップ剤。肩こり・腰痛・関節痛。★【第2類医薬品】 サンツールパップVH　（18枚）[rn]
28-87633,http://tshop.r10s.jp/fujiyaku/cabinet/item01/4987450002531.jpg?fitin=700:700,704.0000,,,★【第2類医薬品】 サンツールパップVH　（24枚）8枚入り×3袋,インドメタシン0.5％配合の温感パップ剤。肩こり・腰痛・関節痛,"<table style=""font-size:13px;"" cellpadding=""5"" border=0 bgcolor=""red""width=""670"">
<tr><th><font color=""white"">医薬品をご購入のお客様へ重要なお知らせ</font></th></tr>
<tr bgcolor=""white""><td>
<b>楽天市場の規則により医薬品の購入は、楽天会員にご登録いただいているお客様のみとさせていただいております。<br>
また、18歳未満のお客様へ販売も禁止となっております。ご了承いただきますようお願いいたします。</b>
<br>
</td></tr>
</table>
<br><br>
<font size=3>
インドメタシン0.5％配合の温感パップ剤。肩こり・腰痛・関節痛<br>
●医療用に使われている鎮痛消炎成分のインドメタシンが、痛みの原因となる物質の生成を抑え、<br>　腰痛、関節痛などの痛みを伴う症状に優れた効果を発揮します。<br>
●トウガラシエキスの働きで、患部の血行を促進し日々の痛みやこりをやわらげます。<br>
<br>
</font><table style=""font-size:13px;"" cellpadding=""5"" border=0 bgcolor=""darkblue""width=""600"">
<tr><th><font color=""white"">この商品はセルフメディケーション税制対象商品です</font></th></tr>
<tr bgcolor=""white""><td>
<br>
　　<b>・2017年1月から始まる「セルフメディケーション税制（医療費控除の特例）」において、<br>
　　　医療費控除の対象となるOTC医薬品です。<br>
<br>
　　・商品発送時に同梱しております<font color=""red""> 「お買い上げ明細書」</font>（レシート）が申告時に必要となります。<br>
　　　大切に保管してください。</b><br>
<br>
    　 ■セルフメディケーション税制についてはこちら<br>
<br>
</td></tr>
</table><br><br><table  style=""font-size:13px;"" width=""700"" border=""0"">
<tr><td>
<b>■ 使用上の注意 ■</b>
<br><br>
<b>【してはいけないこと】</b>
<br>
(守らないと現在の症状が悪化したり副作用が起こりやすくなります。)
<br>
<b>1.次の人は使用しないで下さい。</b>
<br>
(1)本剤又は本剤の成分によりアレルギー症状（発疹・発赤、かゆみ、かぶれ等）を起こしたことがある人。<br>
(2)ぜんそくを起こしたことがある人。<br>　（ぜんそくを起こしたことがある人はインドメタシン等の抗炎症剤を使用するとぜんそく発作を誘発することがあります。）<br>
(3)15歳未満の小児<br>
<b>2.次の部位には使用しないで下さい。</b>
<br>
(1)目の周囲、粘膜等。<br>
(2)湿疹、かぶれ、傷口。<br>
(3)みずむし・たむし等又は化膿している患部。<br>
<b>3.連続して2週間以上使用しないで下さい。</b>
<br>
<br>
<b>【相談すること】</b>
<br>
<b>1.次の人は使用前に医師、薬剤師又は登録販売者に相談して下さい。</b><br>
(1)医師の治療を受けている人。<br>
(2)妊婦又は妊娠していると思われる人。<br>
(3)薬などによりアレルギー症状を起こしたことがある人。<br><br>

<b>2. 使用後、次の症状があらわれた場合は副作用の可能性があるので、直ちに使用を中止し、この説明文書を持って医師、薬剤師又は登録販売者に相談して下さい。</b>

<br>
</td></tr>


<tr><td>
<!--大きいテーブルの中にもう1つテーブル-->
<table style=""font-size:13px;"" cellspacing=""0"" cellpadding=""2"" border=""1"" width=""400"">
<tr align=""center"">
<td nowrap>関係部位</td><td>症状</td>
</tr>
<tr>
<td nowrap align=""center"">皮膚</td><td>発疹・発赤、かゆみ、はれ、痛み、ヒリヒリ感、熱感、乾燥感</td>
</tr>
</table>
<!--ここでテーブル1つ終了-->
</td></tr>
<tr><td>
<b>3．5～6日間使用しても症状がよくならない場合は使用を中止し、この説明文書を持って医師、薬剤師又は登録販売者に相談して下さい。</b>
<br>
<br><br>

<b>■ 効能・効果 ■</b>
<br><br>
肩こりに伴う肩の痛み、腰痛、関節痛、筋肉痛、腱鞘炎(手・手首の痛み)、肘の痛み(テニス肘など)、打撲、捻挫
<br>
<br>
<b>■ 用法・用量 ■</b>
<br><br>
[15歳以上]:表面のプラスチックフィルムをはがし、1日2回を限度として患部に貼付して下さい。<br>
[15歳未満]:使用しないで下さい。
<br>
<br>
〈用法・用量に関連する注意〉
<br>
(1)用法・用量を厳守して下さい。<br>
(2)本剤は、痛みやはれ等の原因になっている病気を治療するのではなく、痛みやはれ等の症状のみを<br>　治療する薬剤ですので、症状がある場合だけ使用して下さい。<br>
(3)患部が汗等で濡れている時は、よく拭いて下さい。<br>
(4)皮膚の弱い人は、使用前に腕の内側の皮膚の弱い個所に、1～2cm角の小片を目安として半日以上貼り、<br>　発疹・発赤、かゆみ、かぶれ等の症状が起きないことを確かめてから使用して下さい。<br>
(5)打撲（うちみ）、捻挫に使用する場合には、患部の熱感等の症状がおさまってから使用して下さい。<br>
(6)本剤を使用してから汗をかくと刺激を感じることがあります。<br>
(7)本剤に触れた手で、目の周囲、口唇、鼻孔、その他の粘膜にさわらないで下さい。<br>
(8)本剤を貼った患部をコタツや電気毛布等で温めないで下さい。<br>
(9)本剤を貼ったまま、あるいは剥した直後に入浴しないで下さい。<br>　（強い刺激を感じることがありますので、少なくとも入浴の1時間前には剥がし、入浴後は30分程してから使用して下さい。）<br>
<br><br>
<b>■ 成分・分量 ■　</b>膏体100g(1000平方センチメートル)中<br>
</td></tr>
<tr><td>
成分：分量：はたらき<br>
インドメタシン：0.5g：炎症を鎮め、痛みを和らげます<br>
トウガラシエキス：0.075g（日局トウガラシ3.75g相当量）：局所の血管を拡げ、血行をよくします<br><br>
</tr></td>
<tr><td>
<br>
添加剤:ゼラチン、エデト酸ナトリウム水和物、マクロゴール、ポリソルベート80、l-メントール、カオリン、
酸化チタン、濃グリセリン、D-ソルビトール、ヒマシ油、ポリアクリル酸部分中和物、カルメロースナトリウム、pH調節剤、赤色106号、
その他2成分含有
<br>
<br><br>
<b>■ 保管及び取扱い上の注意 ■</b>
<br>
(1)直射日光の当たらない涼しい所に保管して下さい。<br>
(2)小児の手の届かない所に保管して下さい。<br>
(3)他の容器に入れ替えないで下さい。(誤用の原因になったり、品質が変わることがあります。)<br>
(4)未使用分はもとの袋に入れ、チャックをきちんと閉めて下さい。使用期限内であっても開封後はなるべく早く使用して下さい。<br>
(5)使用期限を過ぎた製品は使用しないで下さい。<br>
<br>
<br>
<b>10cm×14cm</b>
<br><br>

</td></tr><style type=""text/css"">
div#caution{border:solid 1px #ff0000;padding:10px;margin:20px 0px;}
div#caution p{font-size:18px;margin:0px;line-height:1.5em;}
div#caution p.red{color:#ff0000;}
div#iteminst{font-size:16px;line-height:1.5em;margin:10px 0px;}
div#iteminst p{margin:0px 0px 20px 0px;}
div#iteminst p.title{font-weight:bold;margin:0px;}
div#iteminst p span{color:#ff0000;}
</style>
<!--<table border=0 width=700 height=491
background=""http://image.rakuten.co.jp/fujiyaku/cabinet/left/guide4.jpg"">
<tr>
<td width=70>　</td>
<td width=70>　</td>
<td width=70>　</td>
<td width=70>　</td>
<td width=70>　</td>
<td width=70>　</td>
<td width=70>　</td>
<td width=70>　</td>
<td width=70>　</td>
<td width=70>　</td>
</tr>
<tr>
<td width=70>　</td>
<td width=70>　</td>
<td width=70>　</td>
<td width=70>　</td>
<td width=70>　</td>
<td width=70>　</td>
<td width=70>　</td>
<td width=70>　</td>
<td width=70>　</td>
<td width=70>　</td>
</tr>
<tr>
<td width=70>　</td>
<td width=70>　</td>
<td width=70>　</td>
<td width=70>　</td>
<td width=70>　</td>
<td width=70>　</td>
<td width=70>　</td>
<td width=70>　</td>
<td width=70>　</td>
<td width=70>　</td>
</tr>
<tr>
<td width=70>　</td>
<td width=70>　</td>
<td width=70>　</td>
<td width=70>　</td>
<td width=70>　</td>
<td width=70>　</td>
<td width=70>　</td>
<td width=70>　</td>
<td width=70>　</td>
<td width=70>　</td>
</tr>
<tr>
<td width=70>　</td>
<td width=70>　</td>
<td width=70>　</td>
<td width=70>　</td>
<td width=70>　</td>
<td width=70>　</td>
<td width=70>　</td>
<td width=70>　</td>
<td width=70>　</td>
<td width=70>　</td>
</tr>
<tr>
<td width=70>　</td>
<td width=70>　</td>
<td width=70>　</td>
<td width=70>　</td>
<td width=70>　</td>
<td width=70>　</td>
<td width=70>　</td>
<td width=70>　</td>
<td width=70>　</td>
<td width=70>　</td>
</tr>
<tr>
<td width=70>　</td>
<td valign=""middle"" width=70 colspan=4>

<img src=""http://image.rakuten.co.jp/fujiyaku/cabinet/left/moreinfo-to.gif"" border=0>
</td>
<td width=70>　</td>
<td width=70>　</td>
<td width=70>　</td>
<td width=70>　</td>
<td width=70>　</td>
</tr>
<tr>
<td width=70>　</td>
<td width=70>　</td>
<td width=70>　</td>
<td width=70>　</td>
<td width=70>　</td>
<td width=70>　</td>
<td width=70>　</td>
<td width=70>　</td>
<td width=70>　</td>
<td width=70>　</td>
</tr>
<tr>
<td width=70>　</td>
<td width=70>　</td>
<td width=70>　</td>
<td width=70>　</td>
<td width=70>　</td>
<td width=70>　</td>
<td valign=""bottom"" width=70 colspan=4>

<img src=""http://image.rakuten.co.jp/fujiyaku/cabinet/left/moreinfo-to.gif"" border=0>
</td>
</tr>
<tr>
<td width=70>　</td>
<td width=70>　</td>
<td width=70>　</td>
<td width=70>　</td>
<td width=70>　</td>
<td width=70>　</td>
<td width=70>　</td>
<td width=70>　</td>
<td width=70>　</td>
<td width=70>　</td>
</tr>
<tr>
<td width=70>　</td>
<td width=70 colspan=4>

<img src=""http://image.rakuten.co.jp/fujiyaku/cabinet/left/moreinfo-to.gif"" border=0>
</td>
<td width=70>　</td>
<td nowrap width=70 colspan=4>

<img src=""http://image.rakuten.co.jp/fujiyaku/cabinet/left/moreinfo-to.gif"" border=0>
</td></tr>
</table>
<table border=0 width=700 height=300 background=""http://image.rakuten.co.jp/fujiyaku/cabinet/left/info-iyaku.jpg"">
<tr>
<td>
<br><br><br><br><br>　　　　　　　　　　　

<font size=2><b>『お問合せフォーム』はこちら！</b></font>
</td>
</tr></table>

-->",★【第2類医薬品】 サンツールパップVH　（24枚）8枚入り&times;3袋：Ｔ-富士薬品,健康りんご酢青汁コラーゲン関節痛夏バテコンドロイチングルコサミン美容医薬品ランキング効果プラセンタローヤルゼリー飲む酢タウリンコエンザイムQ10CoQ10おむつ尿パッド★【第2類医薬品】 サンツールパップVH　（24枚）8枚入り&times;3袋,インドメタシン0.5％配合の温感パップ剤。肩こり・腰痛・関節痛。★【第2類医薬品】 サンツールパップVH　（24枚）8枚入り&times;3袋[rn]
28-87634,http://tshop.r10s.jp/fujiyaku/cabinet/iyakuhin/4987450002319.jpg?fitin=700:700,1508.8000,,,★【第2類医薬品】 サンツールFBテープ[7cm×10cm] 40枚入り（10枚×4袋）,肩の痛み・腰痛・筋肉痛・関節痛　フェルビナク配合,"<table style=""font-size:13px;"" cellpadding=""5"" border=0 bgcolor=""red""width=""670"">
<tr><th><font color=""white"">医薬品をご購入のお客様へ重要なお知らせ</font></th></tr>
<tr bgcolor=""white""><td>
<b>楽天市場の規則により医薬品の購入は、楽天会員にご登録いただいているお客様のみとさせていただいております。<br>
また、18歳未満のお客様へ販売も禁止となっております。ご了承いただきますようお願いいたします。</b>
<br>
</td></tr>
</table>
<br><br>
<font size=3>
肩の痛み・腰痛・筋肉痛・関節痛<br>
●爽快な貼りごこち<br>
　フェルビナク＋l-メントール配合
<br>
●患部に貼りやすいスリーピースライナー<br>
　関節部の動きにもピッタリフィット
</font><table style=""font-size:13px;"" cellpadding=""5"" border=0 bgcolor=""darkblue""width=""600"">
<tr><th><font color=""white"">この商品はセルフメディケーション税制対象商品です</font></th></tr>
<tr bgcolor=""white""><td>
<br>
　　<b>・2017年1月から始まる「セルフメディケーション税制（医療費控除の特例）」において、<br>
　　　医療費控除の対象となるOTC医薬品です。<br>
<br>
　　・商品発送時に同梱しております<font color=""red""> 「お買い上げ明細書」</font>（レシート）が申告時に必要となります。<br>
　　　大切に保管してください。</b><br>
<br>
    　 ■セルフメディケーション税制についてはこちら<br>
<br>
</td></tr>
</table><br><br><table  style=""font-size:13px;"" width=""700"" border=""0"">
<tr><td>
<b>■ 使用上の注意 ■</b>
<br><br>
<b>【してはいけないこと】</b>
<br>
(守らないと現在の症状が悪化したり、副作用が起こりやすくなります。)
<br>
<b>1.次の人は使用しないで下さい。</b>
<br>
(1)本剤又は本剤の成分によりアレルギー症状(発疹・発赤、かゆみ、かぶれ等)を起こしたことがある人。
<br>
(2)ぜんそくを起こしたことがある人<br>
(3)妊婦または妊娠していると思われる人。<br>
(4)15歳未満の小児。<br>
<b>2.次の部位には使用しないで下さい。</b>
<br>
(1)目の周囲、粘膜等<br>
(2)湿疹、かぶれ、傷口<br>
(3)みずむし・たむし等又は化膿している患部<br>
<b>3.連続して2週間以上使用しないで下さい。</b>
<br>
<br>
<b>【相談すること】</b>
<br>
<b>1.次の人は使用前に医師、薬剤師又は登録販売者に相談して下さい。</b><br>
(1)医師の治療を受けている人<br>
(2)薬などによりアレルギー症状を起こしたことがある人<br>
<b>
<b>2. 使用後、次の症状があらわれた場合は副作用の可能性があるので、直ちに使用を中止し、この説明文を持って医師、薬剤師又は登録販売者に相談して下さい。</b>
</b>
<br>
</td></tr>


<tr><td>
<!--大きいテーブルの中にもう1つテーブル-->
<table style=""font-size:13px;"" cellspacing=""0"" cellpadding=""2"" border=""1"" width=""400"">
<tr align=""center"">
<td nowrap>関係部位</td><td>症状</td>
</tr>
<tr>
<td nowrap align=""center"">皮膚</td><td>発疹・発赤、かゆみ、はれ、ヒリヒリ感、かぶれ、水疱</td>
</tr>
</table>
<!--ここでテーブル1つ終了-->
</td></tr>
<tr><td>
<b>
3. 5&#12316;6日間使用しても症状がよくならない場合は使用を中止し、この説明文を持って医師、薬剤師又は登録販売者に相談して下さい。<br>
</b>
<br>
<br><br>

<b>■ 効能・効果 ■</b>
<br><br>
肩こりに伴う肩の痛み、腰痛、関節痛、筋肉痛、打撲、捻挫、腱鞘炎(手・手首の痛み)、肘の痛み(テニス肘など)
<br>
<br>
<b>■ 用法・用量 ■</b>
<br><br>
○表面のフィルムをはがし、1日2回を限度として患部に貼付して下さい。<br>
○15歳未満の小児は使用しないでください。<br>
<br>
〈用法・用量に関連する注意〉
<br>
(1)定められた用法・用量を守って下さい。<br>
(2)本剤は痛みやはれ等の原因になっている病気を治療するのではなく、痛みやはれ等の症状のみを治療する薬剤なので、症状がある場合だけ使用してください。
<br>
(3)汗をかいたり、患部がぬれている時は、よくふきとってから使用してください。<br>
(4)皮膚の弱い人は、使用前に腕の内側の皮膚の弱い個所に、1&#12316;2角の小片を目安として半日以上貼り、
発疹・発赤、かゆみ、かぶれ等の症状が起きないことを確かめてから使用して下さい。<br>

<br><br>
<b>■ 成分・分量 ■　</b>(膏体100g中)<br>
<tr><td>
<!--大きいテーブルの中にもう1つテーブル2-->
<table style=""font-size:13px;"" cellspacing=""0"" cellpadding=""2"" border=""1"" width=""400"">
<tr align=""center"">
<td nowrap>成分</td><td>含量</td></tr>
<tr><td nowrap>フェルビナク</td><td align=""right"" style=""padding: 0px 10px 0px 0px;"" nowrap> 5.0g</td></tr>
<tr><td nowrap>lメントール</td><td align=""right"" style=""padding: 0px 10px 0px 0px;"" nowrap> 3.0g</td>
</tr>
</table>
<!--ここでテーブル2終了-->
</td></tr>
<tr><td>
<br>
添加剤:BHT、タルク、スチレン・イソプレン・スチレンブロックコポリマー、テルペン樹脂、流動パラフィン
<br>
<br><br>
<b>■ 保管及び取扱い上の注意 ■</b>
<br>
(1)直射日光の当たらない涼しい所に保管して下さい。<br>
(2)小児の手の届かない所に保管して下さい。<br>
(3)他の容器に入れ替えないで下さい。(誤用の原因になったり、品質が変わることがあります。)<br>
(4)品質保持のため、未使用分は袋に入れ、開口部のファスナーを閉めて保管してください。
<br>
(5)使用期限を過ぎた製品は使用しないでください。なお、使用期限内であっても、開封後はなるべく早く使用してください。<br>
<br>
<b>40枚入り(7 ×10 cm)</b><br>
<br><br>

</td></tr>
<!--ここから医薬品情報へ-->
<tr><td>
<b>【リスク区分】第2類医薬品</b><br>
<b>【製造販売元】東和製薬株式会社</b><br>
<b>【使用期限】使用期限まで1年以上あるものをお送りいたします。</b>
</td></tr>
<tr><td>
一般用医薬品の販売制度・管理および運営に関する事項</td></tr>
</table><style type=""text/css"">
div#caution{border:solid 1px #ff0000;padding:10px;margin:20px 0px;}
div#caution p{font-size:18px;margin:0px;line-height:1.5em;}
div#caution p.red{color:#ff0000;}
div#iteminst{font-size:16px;line-height:1.5em;margin:10px 0px;}
div#iteminst p{margin:0px 0px 20px 0px;}
div#iteminst p.title{font-weight:bold;margin:0px;}
div#iteminst p span{color:#ff0000;}
</style>
<!--<table border=0 width=700 height=491
background=""http://image.rakuten.co.jp/fujiyaku/cabinet/left/guide4.jpg"">
<tr>
<td width=70>　</td>
<td width=70>　</td>
<td width=70>　</td>
<td width=70>　</td>
<td width=70>　</td>
<td width=70>　</td>
<td width=70>　</td>
<td width=70>　</td>
<td width=70>　</td>
<td width=70>　</td>
</tr>
<tr>
<td width=70>　</td>
<td width=70>　</td>
<td width=70>　</td>
<td width=70>　</td>
<td width=70>　</td>
<td width=70>　</td>
<td width=70>　</td>
<td width=70>　</td>
<td width=70>　</td>
<td width=70>　</td>
</tr>
<tr>
<td width=70>　</td>
<td width=70>　</td>
<td width=70>　</td>
<td width=70>　</td>
<td width=70>　</td>
<td width=70>　</td>
<td width=70>　</td>
<td width=70>　</td>
<td width=70>　</td>
<td width=70>　</td>
</tr>
<tr>
<td width=70>　</td>
<td width=70>　</td>
<td width=70>　</td>
<td width=70>　</td>
<td width=70>　</td>
<td width=70>　</td>
<td width=70>　</td>
<td width=70>　</td>
<td width=70>　</td>
<td width=70>　</td>
</tr>
<tr>
<td width=70>　</td>
<td width=70>　</td>
<td width=70>　</td>
<td width=70>　</td>
<td width=70>　</td>
<td width=70>　</td>
<td width=70>　</td>
<td width=70>　</td>
<td width=70>　</td>
<td width=70>　</td>
</tr>
<tr>
<td width=70>　</td>
<td width=70>　</td>
<td width=70>　</td>
<td width=70>　</td>
<td width=70>　</td>
<td width=70>　</td>
<td width=70>　</td>
<td width=70>　</td>
<td width=70>　</td>
<td width=70>　</td>
</tr>
<tr>
<td width=70>　</td>
<td valign=""middle"" width=70 colspan=4>

<img src=""http://image.rakuten.co.jp/fujiyaku/cabinet/left/moreinfo-to.gif"" border=0>
</td>
<td width=70>　</td>
<td width=70>　</td>
<td width=70>　</td>
<td width=70>　</td>
<td width=70>　</td>
</tr>
<tr>
<td width=70>　</td>
<td width=70>　</td>
<td width=70>　</td>
<td width=70>　</td>
<td width=70>　</td>
<td width=70>　</td>
<td width=70>　</td>
<td width=70>　</td>
<td width=70>　</td>
<td width=70>　</td>
</tr>
<tr>
<td width=70>　</td>
<td width=70>　</td>
<td width=70>　</td>
<td width=70>　</td>
<td width=70>　</td>
<td width=70>　</td>
<td valign=""bottom"" width=70 colspan=4>

<img src=""http://image.rakuten.co.jp/fujiyaku/cabinet/left/moreinfo-to.gif"" border=0>
</td>
</tr>
<tr>
<td width=70>　</td>
<td width=70>　</td>
<td width=70>　</td>
<td width=70>　</td>
<td width=70>　</td>
<td width=70>　</td>
<td width=70>　</td>
<td width=70>　</td>
<td width=70>　</td>
<td width=70>　</td>
</tr>
<tr>
<td width=70>　</td>
<td width=70 colspan=4>

<img src=""http://image.rakuten.co.jp/fujiyaku/cabinet/left/moreinfo-to.gif"" border=0>
</td>
<td width=70>　</td>
<td nowrap width=70 colspan=4>

<img src=""http://image.rakuten.co.jp/fujiyaku/cabinet/left/moreinfo-to.gif"" border=0>
</td></tr>
</table>
<table border=0 width=700 height=300 background=""http://image.rakuten.co.jp/fujiyaku/cabinet/left/info-iyaku.jpg"">
<tr>
<td>
<br><br><br><br><br>　　　　　　　　　　　

<font size=2><b>『お問合せフォーム』はこちら！</b></font>
</td>
</tr></table>

-->",★【第2類医薬品】 サンツールFBテープ[7cm&times;10cm] 40枚入り（10枚&times;4袋）：Ｔ-富士薬品,健康りんご酢青汁コラーゲン関節痛夏バテコンドロイチングルコサミン美容医薬品ランキング効果プラセンタローヤルゼリー飲む酢タウリンコエンザイムQ10CoQ10おむつ尿パッド★【第2類医薬品】 サンツールFBテープ[7cm&times;10cm] 40枚入り（10枚&times;4袋）,肩の痛み・腰痛・筋肉痛・関節痛　フェルビナク配合。★【第2類医薬品】 サンツールFBテープ[7cm&times;10cm] 40枚入り（10枚&times;4袋）[rn]
28-87635,http://tshop.r10s.jp/fujiyaku/cabinet/iyakuhin/4987450001244.jpg?fitin=700:700,747.2000,,,★【第2類医薬品】 サンツールＩＤパップ [10cm×14cm]　（25枚）,インドメタシン0.5％配合。肩こり・腰痛・関節痛に,"<table style=""font-size:13px;"" cellpadding=""5"" border=0 bgcolor=""red""width=""670"">
<tr><th><font color=""white"">医薬品をご購入のお客様へ重要なお知らせ</font></th></tr>
<tr bgcolor=""white""><td>
<b>楽天市場の規則により医薬品の購入は、楽天会員にご登録いただいているお客様のみとさせていただいております。<br>
また、18歳未満のお客様へ販売も禁止となっております。ご了承いただきますようお願いいたします。</b>
<br>
</td></tr>
</table>
<br><br>
<font size=3>
インドメタシン0.5％配合。肩こり・腰痛・関節痛に<br>
●医療用に使われている鎮痛消炎成分のインドメタシンが、痛みの原因となる物質の生成を抑え、<br>　腰痛、関節痛などの痛みを伴う症状に優れた効果を発揮します。<br>
●粘着性に優れ、伸縮性のある基布を使用していますので、肌にピッタリとフィットし、長時間薬効が持続します。<br>
<br>
</font><table style=""font-size:13px;"" cellpadding=""5"" border=0 bgcolor=""darkblue""width=""600"">
<tr><th><font color=""white"">この商品はセルフメディケーション税制対象商品です</font></th></tr>
<tr bgcolor=""white""><td>
<br>
　　<b>・2017年1月から始まる「セルフメディケーション税制（医療費控除の特例）」において、<br>
　　　医療費控除の対象となるOTC医薬品です。<br>
<br>
　　・商品発送時に同梱しております<font color=""red""> 「お買い上げ明細書」</font>（レシート）が申告時に必要となります。<br>
　　　大切に保管してください。</b><br>
<br>
    　 ■セルフメディケーション税制についてはこちら<br>
<br>
</td></tr>
</table><br><br><table  style=""font-size:13px;"" width=""700"" border=""0"">
<tr><td>
<b>■ 使用上の注意 ■</b>
<br><br>
<b>【してはいけないこと】</b>
<br>
(守らないと現在の症状が悪化したり副作用が起こりやすくなります。)
<br>
<b>1.次の人は使用しないで下さい。</b>
<br>
(1)本剤又は本剤の成分によりアレルギー症状（発疹・発赤、かゆみ、かぶれ等）を起こしたことがある人。<br>　（以前本剤に配合されているインドメタシンを使用してアレルギー症状を起こしたことがある人は、<br>　再び同じお薬を使用すると更に強い症状を起こす可能性があります。）<br>
(2)ぜんそくを起こしたことがある人。<br>　（ぜんそくを起こしたことがある人はインドメタシン等の抗炎症剤を使用するとぜんそく発作を誘発することがあります。）<br>
(3)15歳未満の小児<br>
<b>2.次の部位には使用しないで下さい。</b>
<br>
(1)目の周囲、粘膜等。<br>
(2)湿疹、かぶれ、傷口。<br>
(3)みずむし・たむし等又は化膿している患部。<br>
<b>3.連続して2週間以上使用しないで下さい。</b>
<br>
<br>
<b>【相談すること】</b>
<br>
<b>1.次の人は使用前に医師又は薬剤師に相談して下さい。</b><br>
(1)医師の治療を受けている人。<br>
(2)妊婦又は妊娠していると思われる人。<br>
(3)本人又は家族がアレルギー体質の人。<br>
(4)薬によりアレルギーを起こしたことがある人。<br>

<b>2. 次の場合は、直ちに使用を中止し、この文書を持って医師又は薬剤師に相談して下さい。</b>

<br>
(1)使用後、次の症状があらわれた場合。<br>
</td></tr>


<tr><td>
<!--大きいテーブルの中にもう1つテーブル-->
<table style=""font-size:13px;"" cellspacing=""0"" cellpadding=""2"" border=""1"" width=""400"">
<tr align=""center"">
<td nowrap>関係部位</td><td>症状</td>
</tr>
<tr>
<td nowrap align=""center"">皮ふ</td><td>発疹・発赤、かゆみ、はれ、ヒリヒリ感、熱感、乾燥感、皮下出血</td>
</tr>
</table>
<!--ここでテーブル1つ終了-->
</td></tr>
<tr><td>
(2)5～6日間使用しても症状が改善されない場合。<br>
</b>
<br>
<br><br>

<b>■ 効能・効果 ■</b>
<br><br>
肩こりに伴う肩の痛み、腰痛、関節痛、筋肉痛、打撲、捻挫、腱鞘炎(手・手首の痛み)、肘の痛み(テニス肘など)
<br>
<br>
<b>■ 用法・用量 ■</b>
<br><br>
表面のプラスチックフィルムをはがし、1日2回を限度として患部に貼付して下さい。<br>
<br>
〈用法・用量に関連する注意〉
<br>
(1)定められた用法・用量を守って下さい。<br>
(2)本剤は、痛みやはれ等の原因になっている病気を治療するのではなく、痛みやはれ等の症状のみを<br>　治療する薬剤ですので、症状がある場合だけ使用して下さい。<br>
(3)患部が汗等で濡れている時は、よく拭いて下さい。<br>
(4)皮ふの弱い人は、使用前に腕の内側の皮ふの弱い個所に1～2cm角の小片を目安として半日以上貼り、<br>　発疹・発赤、かゆみ、かぶれ等の症状が起きないことを確かめてから使用して下さい。<br>

<br><br>
<b>■ 成分・分量 ■　</b>膏体100g(1000平方センチメートル)中<br>
</td></tr>
<tr><td>
<!--大きいテーブルの中にもう1つテーブル2-->
<table style=""font-size:13px;"" cellspacing=""0"" cellpadding=""2"" border=""1"" width=""400"">
<tr align=""center"">
<td nowrap>成分</td><td>含量</td><td>はたらき</td>
</tr>
<tr>
<td nowrap>インドメタシン</td><td align=""right"" style=""padding: 0px 10px 0px 0px;"" >500mg</td><td>炎症を鎮め、痛みをやわらげます。</td>
</tr>
</table>
<!--ここでテーブル2終了-->
</td></tr>

<tr><td>
<br>
添加剤:ゼラチン、エデト酸ナトリウム水和物、マクロゴール、ポリソルベート80、l-メントール、カオリン、
酸化チタン、濃グリセリン、D-ソルビトール、ヒマシ油、ポリアクリル酸部分中和物、カルメロースナトリウム、pH調節剤、
その他3成分含有
<br>
<br><br>
<b>■ 保管及び取扱い上の注意 ■</b>
<br>
(1)小児の手の届かない所に保管して下さい。<br>
(2)直射日光の当たらない涼しい所に保管して下さい。<br>
(3)他の容器に入れ替えないで下さい。(誤用の原因になったり、品質が変わる恐れがあります。)<br>
(4)未使用分はもとの袋に入れ、開封口のチャックをきちんと閉めて、外気に触れないようにして保管して下さい。<br>
(5)使用期限を過ぎた製品は使用しないで下さい。<br>
<br>
<br>
<b>10cm×14cm</b>
<br><br>

</td></tr>
<!--ここから医薬品情報へ-->
<!--<tr><td>
<b>【リスク区分】第2類医薬品</b><br>
<b>【製造販売元】東和製薬株式会社</b><br>
<b>【使用期限】使用期限まで1年以上あるものをお送りいたします。</b>
</td></tr>
<tr><td>
一般用医薬品の販売制度・管理および運営に関する事項</td></tr>-->
</table><style type=""text/css"">
div#caution{border:solid 1px #ff0000;padding:10px;margin:20px 0px;}
div#caution p{font-size:18px;margin:0px;line-height:1.5em;}
div#caution p.red{color:#ff0000;}
div#iteminst{font-size:16px;line-height:1.5em;margin:10px 0px;}
div#iteminst p{margin:0px 0px 20px 0px;}
div#iteminst p.title{font-weight:bold;margin:0px;}
div#iteminst p span{color:#ff0000;}
</style>
<!--<table border=0 width=700 height=491
background=""http://image.rakuten.co.jp/fujiyaku/cabinet/left/guide4.jpg"">
<tr>
<td width=70>　</td>
<td width=70>　</td>
<td width=70>　</td>
<td width=70>　</td>
<td width=70>　</td>
<td width=70>　</td>
<td width=70>　</td>
<td width=70>　</td>
<td width=70>　</td>
<td width=70>　</td>
</tr>
<tr>
<td width=70>　</td>
<td width=70>　</td>
<td width=70>　</td>
<td width=70>　</td>
<td width=70>　</td>
<td width=70>　</td>
<td width=70>　</td>
<td width=70>　</td>
<td width=70>　</td>
<td width=70>　</td>
</tr>
<tr>
<td width=70>　</td>
<td width=70>　</td>
<td width=70>　</td>
<td width=70>　</td>
<td width=70>　</td>
<td width=70>　</td>
<td width=70>　</td>
<td width=70>　</td>
<td width=70>　</td>
<td width=70>　</td>
</tr>
<tr>
<td width=70>　</td>
<td width=70>　</td>
<td width=70>　</td>
<td width=70>　</td>
<td width=70>　</td>
<td width=70>　</td>
<td width=70>　</td>
<td width=70>　</td>
<td width=70>　</td>
<td width=70>　</td>
</tr>
<tr>
<td width=70>　</td>
<td width=70>　</td>
<td width=70>　</td>
<td width=70>　</td>
<td width=70>　</td>
<td width=70>　</td>
<td width=70>　</td>
<td width=70>　</td>
<td width=70>　</td>
<td width=70>　</td>
</tr>
<tr>
<td width=70>　</td>
<td width=70>　</td>
<td width=70>　</td>
<td width=70>　</td>
<td width=70>　</td>
<td width=70>　</td>
<td width=70>　</td>
<td width=70>　</td>
<td width=70>　</td>
<td width=70>　</td>
</tr>
<tr>
<td width=70>　</td>
<td valign=""middle"" width=70 colspan=4>

<img src=""http://image.rakuten.co.jp/fujiyaku/cabinet/left/moreinfo-to.gif"" border=0>
</td>
<td width=70>　</td>
<td width=70>　</td>
<td width=70>　</td>
<td width=70>　</td>
<td width=70>　</td>
</tr>
<tr>
<td width=70>　</td>
<td width=70>　</td>
<td width=70>　</td>
<td width=70>　</td>
<td width=70>　</td>
<td width=70>　</td>
<td width=70>　</td>
<td width=70>　</td>
<td width=70>　</td>
<td width=70>　</td>
</tr>
<tr>
<td width=70>　</td>
<td width=70>　</td>
<td width=70>　</td>
<td width=70>　</td>
<td width=70>　</td>
<td width=70>　</td>
<td valign=""bottom"" width=70 colspan=4>

<img src=""http://image.rakuten.co.jp/fujiyaku/cabinet/left/moreinfo-to.gif"" border=0>
</td>
</tr>
<tr>
<td width=70>　</td>
<td width=70>　</td>
<td width=70>　</td>
<td width=70>　</td>
<td width=70>　</td>
<td width=70>　</td>
<td width=70>　</td>
<td width=70>　</td>
<td width=70>　</td>
<td width=70>　</td>
</tr>
<tr>
<td width=70>　</td>
<td width=70 colspan=4>

<img src=""http://image.rakuten.co.jp/fujiyaku/cabinet/left/moreinfo-to.gif"" border=0>
</td>
<td width=70>　</td>
<td nowrap width=70 colspan=4>

<img src=""http://image.rakuten.co.jp/fujiyaku/cabinet/left/moreinfo-to.gif"" border=0>
</td></tr>
</table>
<table border=0 width=700 height=300 background=""http://image.rakuten.co.jp/fujiyaku/cabinet/left/info-iyaku.jpg"">
<tr>
<td>
<br><br><br><br><br>　　　　　　　　　　　

<font size=2><b>『お問合せフォーム』はこちら！</b></font>
</td>
</tr></table>

-->",★【第2類医薬品】 サンツールＩＤパップ [10cm&times;14cm]　（25枚）：Ｔ-富士薬品,健康りんご酢青汁コラーゲン関節痛夏バテコンドロイチングルコサミン美容医薬品ランキング効果プラセンタローヤルゼリー飲む酢タウリンコエンザイムQ10CoQ10おむつ尿パッド★【第2類医薬品】 サンツールＩＤパップ [10cm&times;14cm]　（25枚）,インドメタシン0.5％配合。肩こり・腰痛・関節痛に。★【第2類医薬品】 サンツールＩＤパップ [10cm&times;14cm]　（25枚）[rn]
28-87636,http://tshop.r10s.jp/fujiyaku/cabinet/iyakuhin/4987450002388.jpg?fitin=700:700,1024.0000,,,★【第2類医薬品】 サンツールDFテープL　[10×14cm] （7枚）,肩の痛み・腰痛・筋肉痛・関節痛,"<table style=""font-size:13px;"" cellpadding=""5"" border=0 bgcolor=""red""width=""670"">
<tr><th><font color=""white"">医薬品をご購入のお客様へ重要なお知らせ</font></th></tr>
<tr bgcolor=""white""><td>
<b>楽天市場の規則により医薬品の購入は、楽天会員にご登録いただいているお客様のみとさせていただいております。<br>
また、18歳未満のお客様へ販売も禁止となっております。ご了承いただきますようお願いいたします。</b>
<br>
</td></tr>
</table>
<br><br>
<font size=3>
ジクロフェナクナトリウム配合<br>
肩の痛み・腰痛・筋肉痛・関節痛<br>
1日1回24時間効果が持続！<br>
●医療用にも使われている成分のジクロフェナクが、痛みの元となる物質の生成を抑え、<br>　腰痛、関節痛に優れた効果を発揮します。<br>
●伸縮性のよい基布で関節にもピッタリフィットします。<br>
<br>
</font><table style=""font-size:13px;"" cellpadding=""5"" border=0 bgcolor=""darkblue""width=""600"">
<tr><th><font color=""white"">この商品はセルフメディケーション税制対象商品です</font></th></tr>
<tr bgcolor=""white""><td>
<br>
　　<b>・2017年1月から始まる「セルフメディケーション税制（医療費控除の特例）」において、<br>
　　　医療費控除の対象となるOTC医薬品です。<br>
<br>
　　・商品発送時に同梱しております<font color=""red""> 「お買い上げ明細書」</font>（レシート）が申告時に必要となります。<br>
　　　大切に保管してください。</b><br>
<br>
    　 ■セルフメディケーション税制についてはこちら<br>
<br>
</td></tr>
</table><br><br><table  style=""font-size:13px;"" width=""700"" border=""0"">
<tr><td>
<br><br>
<b>■ 使用上の注意 ■</b>
<br><br>
<b>【してはいけないこと】</b>
<br>
(守らないと現在の症状が悪化したり、副作用が起こりやすくなります。)
<br>
<b>1.次の人は使用しないで下さい。</b>
<br>
(1)本剤又は本剤の成分によりアレルギー症状を起こしたことがある人。<br>
(2)ぜんそくを起こしたことがある人。<br>
(3) 妊婦または妊娠していると思われる人。<br>
(4) 15歳未満の小児。<br>
<b>2.次の部位には使用しないで下さい。</b>
<br>
(1)目の周囲、粘膜等。<br>
(2)湿疹、かぶれ、傷口。<br>
(3)みずむし・たむし等又は化膿している患部。<br>
<b>3.本剤を使用している間は、他の外用鎮痛消炎薬を併用しないでください。</b><br>
<b>4.連続して2週間以上使用しないでください。</b>
<br>
<br>
<b>【相談すること】</b>
<br>
<b>1.次の人は使用前に医師、薬剤師又は登録販売者に相談して下さい。</b><br>
(1)医師の治療を受けている人。<br>
(2)他の医薬品を使用している人。<br>
(3)薬などによりアレルギー症状を起こしたことがある人。<br>
(4)テープ剤でかぶれ等を起こしたことがある人。<br>
(5)次の診断を受けた人。<br>
消化性潰瘍、血液障害、肝臓病、腎臓病、高血圧、心臓病、インフルエンザ<br>
(6)次の医薬品の投与を受けている人。<br>
ニューキノロン系抗菌剤、トリアムテレン、リチウム、メトトレキサート、非ステロイド性消炎鎮痛剤、ステロイド剤、利尿剤、シクロスポリン、選択的セロトニン再取り込み阻害剤<br>
(7)高齢者<br>

<b>
<b>2. 使用中または使用後、次の症状があらわれた場合は副作用の可能性があるので、直ちに使用を中止し、この説明文書を持って医師、薬剤師または登録販売者に相談してください。</b>
</b>
<br>
</td></tr>


<tr><td>
<!--大きいテーブルの中にもう1つテーブル-->
<table style=""font-size:13px;"" cellspacing=""0"" cellpadding=""2"" border=""1"" width=""400"">
<tr align=""center"">
<td nowrap>関係部位</td><td>症状</td>
</tr>
<tr>
<td nowrap align=""center"">皮膚</td><td>発疹・発赤、かゆみ、かぶれ、はれ、痛み、刺激感、熱感、皮膚の荒れ、落屑(フケ、アカのような皮膚のはがれ)、水疱、色素沈着</td>
</tr>
</table>
<!--ここでテーブル1つ終了-->
</td></tr>
<tr><td>
<b>まれに下記の重篤な症状が起こることがあります。その場合は、直ちに医師の診療を受けてください</b><br>
</td></tr>
<tr><td>
<!--大きいテーブルの中にもう1つテーブル-->
<table style=""font-size:13px;"" cellspacing=""0"" cellpadding=""2"" border=""1"" width=""400"">
<tr align=""center"">
<td nowrap>症状の名称</td><td>症状</td>
</tr>
<tr>
<td nowrap align=""center"">ショック（アナフィラキシー）</td><td>使用後すぐに、皮膚のかゆみ、じんましん、声のかすれ、くしゃみ、のどのかゆみ、息苦しさ、動悸、意識の混濁等があらわれます。</td>
</tr>
<tr>
<td nowrap align=""center"">接触皮膚炎、光線過敏症</td><td>貼付部に強いかゆみを伴う発疹・発赤、はれ、刺激感、水疱、ただれ等の激しい皮膚炎症状や色素沈着、白斑があらわれ、中には発疹・発赤、かゆみ等の症状が全身に広がることがあります。また、日光が当たった部位に症状があらわれたり、悪化することがあります。
</td></tr>
</table>
<!--ここでテーブル1つ終了-->
</td></tr>
<tr><td>
<b>
3. 5-6日間使用しても症状がよくならない場合は使用を中止し、この説明文を持って医師、薬剤師又は登録販売者に相談して下さい。<br>
</b>
<br>
<br><br>

<b>■ 効能・効果 ■</b>
<br><br>
関節痛、肩こりに伴う肩の痛み、腱鞘炎(手・手首の痛み)、肘の痛み(テニス肘など)、筋肉痛、腰痛、打撲、捻挫
<br>
<br>
<b>■ 用法・用量 ■</b>
<br><br>
<b>
プラスチックフィルムをはがし、1日1回1枚を患部に貼付してください。ただし、1回あたり1枚を超えて使用しないでください。なお、本成分を含む他の外用剤を使用しないでください。</b><br>
<br>
〈用法・用量に関連する注意〉
<br>
(1)定められた用法・用量をお守りください。<br>
(2)1回あたり24時間を超えて貼り続けないでください。さらに同じ患部に貼りかえる場合は、その貼付部に発疹・発赤、かゆみ、かぶれ等の症状が起きていないことを確かめてから使用してください。<br>
(3)本剤は痛みやはれ等の原因になっている病気を治療するのではなく、痛みやはれ等の症状のみを治療する薬剤なので、症状がある場合だけ使用してください。<br>
(4)汗をかいたり、患部がぬれている時は、よく拭き取っててから使用してください。<br>
(5)皮膚の弱い人は、使用前に腕の内側の皮膚の弱い箇所に、1-2cm角の小片を目安として半日以上貼り、発疹・発赤、かゆみ、かぶれ等の症状が起きないことを確かめてから使用してください。<br>
(6)同じ部位に他の外用剤を使用しないでください。<br><br>

<br>
<b>■ 成分・分量 ■　(膏体100g中)1枚10cm×14cm、膏体量1.5g</b><br>
[成分]：[分量]
ジクロフェナクナトリウム ： 1g<br>
添加物：スチレン・イソプレン・スチレンブロックコポリマー、テルペン樹脂、合成スクワラン、流動パラフィン、イソステアリン酸、タルク、l-メントール、BHT
<br><br>
<b>■ 保管及び取扱い上の注意 ■</b>
<br>
(1)直射日光の当たらない湿気の少ない涼しい所に保管してください。<br>
(2)小児の手の届かない所に保管してください。<br>
(3)他の容器に入れかえないでください。(誤用の原因になったり品質が変わることがあります)<br>
(4)品質保持のため、未使用分は袋に入れ、開口部のファスナーを閉めて保管してください。<br>
(5)使用期限を過ぎた製品は使用しないでください。<br><br>

</td></tr><style type=""text/css"">
div#caution{border:solid 1px #ff0000;padding:10px;margin:20px 0px;}
div#caution p{font-size:18px;margin:0px;line-height:1.5em;}
div#caution p.red{color:#ff0000;}
div#iteminst{font-size:16px;line-height:1.5em;margin:10px 0px;}
div#iteminst p{margin:0px 0px 20px 0px;}
div#iteminst p.title{font-weight:bold;margin:0px;}
div#iteminst p span{color:#ff0000;}
</style>
<!--<table border=0 width=700 height=491
background=""http://image.rakuten.co.jp/fujiyaku/cabinet/left/guide4.jpg"">
<tr>
<td width=70>　</td>
<td width=70>　</td>
<td width=70>　</td>
<td width=70>　</td>
<td width=70>　</td>
<td width=70>　</td>
<td width=70>　</td>
<td width=70>　</td>
<td width=70>　</td>
<td width=70>　</td>
</tr>
<tr>
<td width=70>　</td>
<td width=70>　</td>
<td width=70>　</td>
<td width=70>　</td>
<td width=70>　</td>
<td width=70>　</td>
<td width=70>　</td>
<td width=70>　</td>
<td width=70>　</td>
<td width=70>　</td>
</tr>
<tr>
<td width=70>　</td>
<td width=70>　</td>
<td width=70>　</td>
<td width=70>　</td>
<td width=70>　</td>
<td width=70>　</td>
<td width=70>　</td>
<td width=70>　</td>
<td width=70>　</td>
<td width=70>　</td>
</tr>
<tr>
<td width=70>　</td>
<td width=70>　</td>
<td width=70>　</td>
<td width=70>　</td>
<td width=70>　</td>
<td width=70>　</td>
<td width=70>　</td>
<td width=70>　</td>
<td width=70>　</td>
<td width=70>　</td>
</tr>
<tr>
<td width=70>　</td>
<td width=70>　</td>
<td width=70>　</td>
<td width=70>　</td>
<td width=70>　</td>
<td width=70>　</td>
<td width=70>　</td>
<td width=70>　</td>
<td width=70>　</td>
<td width=70>　</td>
</tr>
<tr>
<td width=70>　</td>
<td width=70>　</td>
<td width=70>　</td>
<td width=70>　</td>
<td width=70>　</td>
<td width=70>　</td>
<td width=70>　</td>
<td width=70>　</td>
<td width=70>　</td>
<td width=70>　</td>
</tr>
<tr>
<td width=70>　</td>
<td valign=""middle"" width=70 colspan=4>

<img src=""http://image.rakuten.co.jp/fujiyaku/cabinet/left/moreinfo-to.gif"" border=0>
</td>
<td width=70>　</td>
<td width=70>　</td>
<td width=70>　</td>
<td width=70>　</td>
<td width=70>　</td>
</tr>
<tr>
<td width=70>　</td>
<td width=70>　</td>
<td width=70>　</td>
<td width=70>　</td>
<td width=70>　</td>
<td width=70>　</td>
<td width=70>　</td>
<td width=70>　</td>
<td width=70>　</td>
<td width=70>　</td>
</tr>
<tr>
<td width=70>　</td>
<td width=70>　</td>
<td width=70>　</td>
<td width=70>　</td>
<td width=70>　</td>
<td width=70>　</td>
<td valign=""bottom"" width=70 colspan=4>

<img src=""http://image.rakuten.co.jp/fujiyaku/cabinet/left/moreinfo-to.gif"" border=0>
</td>
</tr>
<tr>
<td width=70>　</td>
<td width=70>　</td>
<td width=70>　</td>
<td width=70>　</td>
<td width=70>　</td>
<td width=70>　</td>
<td width=70>　</td>
<td width=70>　</td>
<td width=70>　</td>
<td width=70>　</td>
</tr>
<tr>
<td width=70>　</td>
<td width=70 colspan=4>

<img src=""http://image.rakuten.co.jp/fujiyaku/cabinet/left/moreinfo-to.gif"" border=0>
</td>
<td width=70>　</td>
<td nowrap width=70 colspan=4>

<img src=""http://image.rakuten.co.jp/fujiyaku/cabinet/left/moreinfo-to.gif"" border=0>
</td></tr>
</table>
<table border=0 width=700 height=300 background=""http://image.rakuten.co.jp/fujiyaku/cabinet/left/info-iyaku.jpg"">
<tr>
<td>
<br><br><br><br><br>　　　　　　　　　　　

<font size=2><b>『お問合せフォーム』はこちら！</b></font>
</td>
</tr></table>

-->",★【第2類医薬品】 サンツールDFテープL　[10&times;14cm] （7枚）：Ｔ-富士薬品,健康りんご酢青汁コラーゲン関節痛夏バテコンドロイチングルコサミン美容医薬品ランキング効果プラセンタローヤルゼリー飲む酢タウリンコエンザイムQ10CoQ10おむつ尿パッド★【第2類医薬品】 サンツールDFテープL　[10&times;14cm] （7枚）,肩の痛み・腰痛・筋肉痛・関節痛。★【第2類医薬品】 サンツールDFテープL　[10&times;14cm] （7枚）[rn]
28-87637,http://tshop.r10s.jp/fujiyaku/cabinet/iyakuhin/4987450002364.jpg?fitin=700:700,1024.0000,,,★【第2類医薬品】 サンツールDFテープ　[7×10cm] （14枚）,ジクロフェナクナトリウム配合1日1回24時間効果が持続！,"<table style=""font-size:13px;"" cellpadding=""5"" border=0 bgcolor=""red""width=""670"">
<tr><th><font color=""white"">医薬品をご購入のお客様へ重要なお知らせ</font></th></tr>
<tr bgcolor=""white""><td>
<b>楽天市場の規則により医薬品の購入は、楽天会員にご登録いただいているお客様のみとさせていただいております。<br>
また、18歳未満のお客様へ販売も禁止となっております。ご了承いただきますようお願いいたします。</b>
<br>
</td></tr>
</table>
<br><br>
<font size=3>
ジクロフェナクナトリウム配合<br>
肩の痛み・腰痛・筋肉痛・関節痛<br>
1日1回24時間効果が持続！<br>
●医療用にも使われている成分のジクロフェナクが、痛みの元となる物質の生成を抑え、<br>　腰痛、関節痛に優れた効果を発揮します。<br>
●伸縮性のよい基布で関節にもピッタリフィットします。<br>
<br>
</font><table style=""font-size:13px;"" cellpadding=""5"" border=0 bgcolor=""darkblue""width=""600"">
<tr><th><font color=""white"">この商品はセルフメディケーション税制対象商品です</font></th></tr>
<tr bgcolor=""white""><td>
<br>
　　<b>・2017年1月から始まる「セルフメディケーション税制（医療費控除の特例）」において、<br>
　　　医療費控除の対象となるOTC医薬品です。<br>
<br>
　　・商品発送時に同梱しております<font color=""red""> 「お買い上げ明細書」</font>（レシート）が申告時に必要となります。<br>
　　　大切に保管してください。</b><br>
<br>
    　 ■セルフメディケーション税制についてはこちら<br>
<br>
</td></tr>
</table><br><br><table  style=""font-size:13px;"" width=""700"" border=""0"">
<tr><td>
<b>■ 使用上の注意 ■</b>
<br><br>
<b>【してはいけないこと】</b>
<br>
(守らないと現在の症状が悪化したり、副作用が起こりやすくなります。)
<br>
<b>1.次の人は使用しないで下さい。</b>
<br>
(1)本剤又は本剤の成分によりアレルギー症状を起こしたことがある人。<br>
(2)ぜんそくを起こしたことがある人。<br>
(3) 妊婦または妊娠していると思われる人。<br>
(4) 15歳未満の小児。<br>
<b>2.次の部位には使用しないで下さい。</b>
<br>
(1)目の周囲、粘膜等。<br>
(2)湿疹、かぶれ、傷口。<br>
(3)みずむし・たむし等又は化膿している患部。<br>
<b>3.本剤を使用している間は、他の外用鎮痛消炎薬を併用しないでください。</b><br>
<b>4.連続して2週間以上使用しないでください。</b>
<br>
<br>
<b>【相談すること】</b>
<br>
<b>1.次の人は使用前に医師、薬剤師又は登録販売者に相談して下さい。</b><br>
(1)医師の治療を受けている人。<br>
(2)他の医薬品を使用している人。<br>
(3)薬などによりアレルギー症状を起こしたことがある人。<br>
(4)テープ剤でかぶれ等を起こしたことがある人。<br>
(5)次の診断を受けた人。<br>
消化性潰瘍、血液障害、肝臓病、腎臓病、高血圧、心臓病、インフルエンザ<br>
(6)次の医薬品の投与を受けている人。<br>
ニューキノロン系抗菌剤、トリアムテレン、リチウム、メトトレキサート、非ステロイド性消炎鎮痛剤、ステロイド剤、利尿剤、シクロスポリン、選択的セロトニン再取り込み阻害剤<br>
(7)高齢者<br>

<b>
<b>2. 使用中または使用後、次の症状があらわれた場合は副作用の可能性があるので、直ちに使用を中止し、この説明文書を持って医師、薬剤師または登録販売者に相談してください。</b>
</b>
<br>
</td></tr>


<tr><td>
<!--大きいテーブルの中にもう1つテーブル-->
<table style=""font-size:13px;"" cellspacing=""0"" cellpadding=""2"" border=""1"" width=""400"">
<tr align=""center"">
<td nowrap>関係部位</td><td>症状</td>
</tr>
<tr>
<td nowrap align=""center"">皮膚</td><td>発疹・発赤、かゆみ、かぶれ、はれ、痛み、刺激感、熱感、皮膚の荒れ、落屑(フケ、アカのような皮膚のはがれ)、水疱、色素沈着</td>
</tr>
</table>
<!--ここでテーブル1つ終了-->
</td></tr>
<tr><td>
<b>まれに下記の重篤な症状が起こることがあります。その場合は、直ちに医師の診療を受けてください</b><br>
</td></tr>
<tr><td>
<!--大きいテーブルの中にもう1つテーブル-->
<table style=""font-size:13px;"" cellspacing=""0"" cellpadding=""2"" border=""1"" width=""400"">
<tr align=""center"">
<td nowrap>症状の名称</td><td>症状</td>
</tr>
<tr>
<td nowrap align=""center"">ショック（アナフィラキシー）</td><td>使用後すぐに、皮膚のかゆみ、じんましん、声のかすれ、くしゃみ、のどのかゆみ、息苦しさ、動悸、意識の混濁等があらわれます。</td>
</tr>
<tr>
<td nowrap align=""center"">接触皮膚炎、光線過敏症</td><td>貼付部に強いかゆみを伴う発疹・発赤、はれ、刺激感、水疱、ただれ等の激しい皮膚炎症状や色素沈着、白斑があらわれ、中には発疹・発赤、かゆみ等の症状が全身に広がることがあります。また、日光が当たった部位に症状があらわれたり、悪化することがあります。
</td></tr>
</table>
<!--ここでテーブル1つ終了-->
</td></tr>
<tr><td>
<b>
3. 5-6日間使用しても症状がよくならない場合は使用を中止し、この説明文を持って医師、薬剤師又は登録販売者に相談して下さい。<br>
</b>
<br>
<br><br>

<b>■ 効能・効果 ■</b>
<br><br>
関節痛、肩こりに伴う肩の痛み、腱鞘炎(手・手首の痛み)、肘の痛み(テニス肘など)、筋肉痛、腰痛、打撲、捻挫
<br>
<br>
<b>■ 用法・用量 ■</b>
<br><br>
<b>
プラスチックフィルムをはがし、1日1回1-2枚を患部に貼付してください。ただし、1回あたり2枚を超えて使用しないでください。なお、本成分を含む他の外用剤を使用しないでください。</b><br>
<br>
〈用法・用量に関連する注意〉
<br>
(1)定められた用法・用量をお守りください。<br>
(2)1回あたり24時間を超えて貼り続けないでください。さらに同じ患部に貼りかえる場合は、その貼付部に発疹・発赤、かゆみ、かぶれ等の症状が起きていないことを確かめてから使用してください。<br>
(3)本剤は痛みやはれ等の原因になっている病気を治療するのではなく、痛みやはれ等の症状のみを治療する薬剤なので、症状がある場合だけ使用してください。<br>
(4)汗をかいたり、患部がぬれている時は、よく拭き取っててから使用してください。<br>
(5)皮膚の弱い人は、使用前に腕の内側の皮膚の弱い箇所に、1-2cm角の小片を目安として半日以上貼り、発疹・発赤、かゆみ、かぶれ等の症状が起きないことを確かめてから使用してください。<br>
(6)同じ部位に他の外用剤を使用しないでください。<br><br>

<br>
<b>■ 成分・分量 ■　(膏体100g中)1枚7cm×10cm、膏体量1.5g</b><br>
[成分]：[分量]
ジクロフェナクナトリウム ： 1g<br>
添加物：スチレン・イソプレン・スチレンブロックコポリマー、テルペン樹脂、合成スクワラン、流動パラフィン、イソステアリン酸、タルク、l-メントール、BHT
<br><br>
<b>■ 保管及び取扱い上の注意 ■</b>
<br>
(1)直射日光の当たらない湿気の少ない涼しい所に保管してください。<br>
(2)小児の手の届かない所に保管してください。<br>
(3)他の容器に入れかえないでください。(誤用の原因になったり品質が変わることがあります)<br>
(4)品質保持のため、未使用分は袋に入れ、開口部のファスナーを閉めて保管してください。<br>
(5)使用期限を過ぎた製品は使用しないでください。<br><br>

</td></tr><style type=""text/css"">
div#caution{border:solid 1px #ff0000;padding:10px;margin:20px 0px;}
div#caution p{font-size:18px;margin:0px;line-height:1.5em;}
div#caution p.red{color:#ff0000;}
div#iteminst{font-size:16px;line-height:1.5em;margin:10px 0px;}
div#iteminst p{margin:0px 0px 20px 0px;}
div#iteminst p.title{font-weight:bold;margin:0px;}
div#iteminst p span{color:#ff0000;}
</style>
<!--<table border=0 width=700 height=491
background=""http://image.rakuten.co.jp/fujiyaku/cabinet/left/guide4.jpg"">
<tr>
<td width=70>　</td>
<td width=70>　</td>
<td width=70>　</td>
<td width=70>　</td>
<td width=70>　</td>
<td width=70>　</td>
<td width=70>　</td>
<td width=70>　</td>
<td width=70>　</td>
<td width=70>　</td>
</tr>
<tr>
<td width=70>　</td>
<td width=70>　</td>
<td width=70>　</td>
<td width=70>　</td>
<td width=70>　</td>
<td width=70>　</td>
<td width=70>　</td>
<td width=70>　</td>
<td width=70>　</td>
<td width=70>　</td>
</tr>
<tr>
<td width=70>　</td>
<td width=70>　</td>
<td width=70>　</td>
<td width=70>　</td>
<td width=70>　</td>
<td width=70>　</td>
<td width=70>　</td>
<td width=70>　</td>
<td width=70>　</td>
<td width=70>　</td>
</tr>
<tr>
<td width=70>　</td>
<td width=70>　</td>
<td width=70>　</td>
<td width=70>　</td>
<td width=70>　</td>
<td width=70>　</td>
<td width=70>　</td>
<td width=70>　</td>
<td width=70>　</td>
<td width=70>　</td>
</tr>
<tr>
<td width=70>　</td>
<td width=70>　</td>
<td width=70>　</td>
<td width=70>　</td>
<td width=70>　</td>
<td width=70>　</td>
<td width=70>　</td>
<td width=70>　</td>
<td width=70>　</td>
<td width=70>　</td>
</tr>
<tr>
<td width=70>　</td>
<td width=70>　</td>
<td width=70>　</td>
<td width=70>　</td>
<td width=70>　</td>
<td width=70>　</td>
<td width=70>　</td>
<td width=70>　</td>
<td width=70>　</td>
<td width=70>　</td>
</tr>
<tr>
<td width=70>　</td>
<td valign=""middle"" width=70 colspan=4>

<img src=""http://image.rakuten.co.jp/fujiyaku/cabinet/left/moreinfo-to.gif"" border=0>
</td>
<td width=70>　</td>
<td width=70>　</td>
<td width=70>　</td>
<td width=70>　</td>
<td width=70>　</td>
</tr>
<tr>
<td width=70>　</td>
<td width=70>　</td>
<td width=70>　</td>
<td width=70>　</td>
<td width=70>　</td>
<td width=70>　</td>
<td width=70>　</td>
<td width=70>　</td>
<td width=70>　</td>
<td width=70>　</td>
</tr>
<tr>
<td width=70>　</td>
<td width=70>　</td>
<td width=70>　</td>
<td width=70>　</td>
<td width=70>　</td>
<td width=70>　</td>
<td valign=""bottom"" width=70 colspan=4>

<img src=""http://image.rakuten.co.jp/fujiyaku/cabinet/left/moreinfo-to.gif"" border=0>
</td>
</tr>
<tr>
<td width=70>　</td>
<td width=70>　</td>
<td width=70>　</td>
<td width=70>　</td>
<td width=70>　</td>
<td width=70>　</td>
<td width=70>　</td>
<td width=70>　</td>
<td width=70>　</td>
<td width=70>　</td>
</tr>
<tr>
<td width=70>　</td>
<td width=70 colspan=4>

<img src=""http://image.rakuten.co.jp/fujiyaku/cabinet/left/moreinfo-to.gif"" border=0>
</td>
<td width=70>　</td>
<td nowrap width=70 colspan=4>

<img src=""http://image.rakuten.co.jp/fujiyaku/cabinet/left/moreinfo-to.gif"" border=0>
</td></tr>
</table>
<table border=0 width=700 height=300 background=""http://image.rakuten.co.jp/fujiyaku/cabinet/left/info-iyaku.jpg"">
<tr>
<td>
<br><br><br><br><br>　　　　　　　　　　　

<font size=2><b>『お問合せフォーム』はこちら！</b></font>
</td>
</tr></table>

-->",★【第2類医薬品】 サンツールDFテープ　[7&times;10cm] （14枚）：Ｔ-富士薬品,健康りんご酢青汁コラーゲン関節痛夏バテコンドロイチングルコサミン美容医薬品ランキング効果プラセンタローヤルゼリー飲む酢タウリンコエンザイムQ10CoQ10おむつ尿パッド★【第2類医薬品】 サンツールDFテープ　[7&times;10cm] （14枚）,ジクロフェナクナトリウム配合1日1回24時間効果が持続！。★【第2類医薬品】 サンツールDFテープ　[7&times;10cm] （14枚）[rn]
28-87638,http://tshop.r10s.jp/amedora/cabinet/medicin02/4987450002319x2.jpg?fitin=700:700,3017.6000,,,【まとめ買い】▼【第2類医薬品】サンツールFBテープ (40枚)[2個] 【送料無料】【セルフメディケーション税制対象】,送料無料★爽快な貼りごこち！フェルビナク＋l-メントール,"<br><br>
<a href=""http://item.rakuten.co.jp/amedora/c/0000004505/"" target=""_blank"">
<img src=""http://image.rakuten.co.jp/amedora/cabinet/other/self_logo_600.jpg"" width=""600"" height=""110"" alt=""セルフメディケーション税制"">
</a><br><br><img src=""http://image.rakuten.co.jp/amedora/cabinet/pb01/imgrc0090442799.jpg"" width=""600"" height=""858""><br>
<img src=""http://image.rakuten.co.jp/amedora/cabinet/pb01/fbtape02.jpg"" width=""600"" height=""274""><hr>【製品名】サンツールFBテープ<br><br>

【薬効分類】鎮痛消炎<br><br>

<hr>
【製品の特徴】<br><br>

肩の痛み・腰痛<br>
筋肉痛・関節痛<br><br>

痛みに<br><br>

爽快な貼りごこち<br>
フェルビナク＋l-メントール<br><br>

患部に貼りやすいスリーピースライナー<br><br>

※[1枚あたり(7cm×10cm)膏体量0.7g]<br>
<hr>
【使用上の注意】<br>
<br>
■してはいけないこと<br><br>

(守らないと現在の症状が悪化したり、副作用が起こりやすくなります)<br>
<br>
1. 次の人は使用しないでください<br>
<br>
　(1) 本剤または本剤の成分によりアレルギー症状(発疹・発赤、かゆみ、かぶれ等)を起こしたことがある人。<br>
　(2) ぜんそくを起こしたことがある人。<br>
　(3) 妊婦または妊娠していると思われる人。<br>
　(4) 15歳未満の小児。<br>
<br>
2. 次の部位には使用しないでください<br>
<br>
　(1) 目の周囲、粘膜等。<br>
　(2) 湿疹、かぶれ、傷口。<br>
　(3) みずむし・たむし等または化膿している患部。<br>
<br>
3. 連続して2週間以上使用しないでください<br>
<br>
■相談すること<br>
<br>
1. 次の人は使用前に医師、薬剤師または登録販売者に相談してください<br>
<br>
　(1) 医師の治療を受けている人。<br>
　(2) 薬などによりアレルギー症状を起こしたことがある人。<br>
<br>
2. 使用後、次の症状があらわれた場合は副作用の可能性があるので、直ちに使用を中止し、この説明文書を持って医師、薬剤師または登録販売者に相談してください<br>
<br>
　　[関係部位] ： [症状]<br>
　　皮膚 ： 発疹・発赤、かゆみ、はれ、ピリピリ感、かぶれ、水庖<br>
<br>
3. 5～6日間使用しても症状がよくならない場合は使用を中止し、この説明文書を持って医師、薬剤師または登録販売者に相談してください<br>
<hr>
【効能・効果】<br>
肩こりに伴う肩の痛み、腰痛、関節痛、筋肉痛、腱鞘炎(手・手首・足首の痛みとはれ)、肘の痛み(テニス肘など)、打撲、捻挫<br>
<br>
【用法・用量】<br>
○表面のフィルムをはがし、1日2回を限度として患部に貼付してください。<br>
○15歳未満の小児は使用しないでください。<br>
<br>
【用法・用量に関連する注意】 <br>
(1) 定められた用法・用量をお守りください。<br>
(2) 本剤は痛みやはれ等の原因になっている病気を治療するのではなく、痛みやはれ等の症状のみを治療する薬剤なので、症状がある場合だけ使用してください。<br>
(3) 汗をかいたり、患部がぬれている時は、よくふきとってから使用してください。<br>
(4) 皮膚の弱い人は、使用前に腕の内側の皮膚の弱い箇所に、T～2Cm角の小片を目安として半日以上貼り、発疹・発赤、かゆみ、かぶれ等の症状が起きないことを確かめてから使用してください。<br>
<br>
【成分・分量】(膏体100g中)<br>
フェルビナク ： 5.0g<br>
g-メントール ： 3.0g<br>
添加物：BHT、タルク、スチレン・イソプレン・スチレンブロックコポリマー、テルペン樹脂、流動パラフィン<br><br>

【保管及び取扱い上の注意】<br>
(1) 直射日光の当たらない湿気の少ない涼しい所に保管してください。<br>
(2) 小児の手の届かない所に保管してください。<br>
(3) 他の容器に入れかえないでください。(誤用の原因になったり品質が変わることがあります)<br>
(4) 品質保持のため、未使用分は袋に入れ、開口部のファスナーを閉めて保管してください。<br>
(5) 使用期限を過ぎた製品は使用しないでください。なお、使用期限内であっても、開封後はなるべく早く使用してください。<br>
<br>
【製造販売元】<br>
東和製薬株式会社<br>
和歌山県紀の川市貴志川町丸栖1229番地<br>
<br>
【ご相談窓口】<br>
東和製薬株式会社<br>
電話(0736)64-2567<br>
時間 9:O0～17:00(土、日、祝日)<br>
<br>
【製造国】日本<br><br>【リスク区分】 第2類医薬品<br><br>

【剤形】プラスター剤<br>
<hr>◆使用期限：出荷時における使用期限が180日以上あるものをお送りします。<br><br>広告文責:株式会社モリキ<br>電話:090-5580-4439 (0269-67-0235)<br>文責：薬剤師 森浩晴<br><br>【医薬品販売に関する記載事項】（必須記載事項）はこちら<br><!--
<div class=""reading-03"">

</div>
-->

<style type=""text/css"">
<!--
.reading-03 {
margin-top: 10px;
margin-bottom: 30px;
}

#rnkInShopTitleArea {
visibility: hidden;
}

#rnkInShopMainContents {
visibility: hidden;
}

/* ↓医薬品販売に関する注意のCSS↓ */

.drug01 {
	margin: 0px;
	width: 580px;
	box-sizing: border-box;
}

.drug01 .attention01 {
	color: #FF0000;
	font-weight: bold;
	font-size: 110%;	
}

/* ↑医薬品販売に関する注意のCSS↑ */


-->
</style>

<!-- ↓医薬品販売に関する注意↓ -->

<div class=""drug01"" >
<p class=""attention01"">※医薬品は、飯山駅前モリキ薬局より出荷されます。</p>
</div>

<!-- ↑医薬品販売に関する注意↑ -->",【まとめ買い】▼【第2類医薬品】サンツールFBテープ (40枚)[2個] 【送料無料】【セルフメディケーション税制対象】：健美康房アメドラエール,健美康房アメドラエール送料無料第1類医薬品リアップリアップx5プラス トランシーノダヤン 猫のダヤン ネコ雑貨猫グッズわちふぃーるどスタジオmスタジオM 食器オイルポットアカランアップリノミヤリサンデコレ コンコンブル【まとめ買い】▼【第2類医薬品】サンツールFBテープ (40枚)[2個] 【送料無料】【セルフメディケーション税制対象】,送料無料★爽快な貼りごこち！フェルビナク＋l-メントール。【まとめ買い】▼【第2類医薬品】サンツールFBテープ (40枚)[2個] 【送料無料】【セルフメディケーション税制対象】[rn]
28-87639,http://tshop.r10s.jp/amedora/cabinet/medicin02/4987450002340x2.jpg?fitin=700:700,2408.0000,,,【まとめ買い】▼【第2類医薬品】サンツールFBテープL 10cm×14cm (16枚入)[2個]【送料無料】【セルフメディケーション税制対象】,★爽快な貼りごこち！フェルビナク＋l-メントール,"<br><br>
<a href=""http://item.rakuten.co.jp/amedora/c/0000004505/"" target=""_blank"">
<img src=""http://image.rakuten.co.jp/amedora/cabinet/other/self_logo_600.jpg"" width=""600"" height=""110"" alt=""セルフメディケーション税制"">
</a><br><br><img src=""http://image.rakuten.co.jp/amedora/cabinet/pb01/fbtape01.jpg"" width=""600"" height=""794""><br>
<img src=""http://image.rakuten.co.jp/amedora/cabinet/pb01/fbtape02.jpg"" width=""600"" height=""274""><hr>【製品名】サンツールFBテープ<br><br>

【薬効分類】鎮痛消炎<br><br>

<hr>
【製品の特徴】<br><br>

肩の痛み・腰痛<br>
筋肉痛・関節痛<br><br>

痛みに<br><br>

爽快な貼りごこち<br>
フェルビナク＋l-メントール<br><br>

患部に貼りやすいスリーピースライナー<br><br>

※[1枚あたり(7cm×10cm)膏体量0.7g]<br>
<hr>
【使用上の注意】<br>
<br>
■してはいけないこと<br><br>

(守らないと現在の症状が悪化したり、副作用が起こりやすくなります)<br>
<br>
1. 次の人は使用しないでください<br>
<br>
　(1) 本剤または本剤の成分によりアレルギー症状(発疹・発赤、かゆみ、かぶれ等)を起こしたことがある人。<br>
　(2) ぜんそくを起こしたことがある人。<br>
　(3) 妊婦または妊娠していると思われる人。<br>
　(4) 15歳未満の小児。<br>
<br>
2. 次の部位には使用しないでください<br>
<br>
　(1) 目の周囲、粘膜等。<br>
　(2) 湿疹、かぶれ、傷口。<br>
　(3) みずむし・たむし等または化膿している患部。<br>
<br>
3. 連続して2週間以上使用しないでください<br>
<br>
■相談すること<br>
<br>
1. 次の人は使用前に医師、薬剤師または登録販売者に相談してください<br>
<br>
　(1) 医師の治療を受けている人。<br>
　(2) 薬などによりアレルギー症状を起こしたことがある人。<br>
<br>
2. 使用後、次の症状があらわれた場合は副作用の可能性があるので、直ちに使用を中止し、この説明文書を持って医師、薬剤師または登録販売者に相談してください<br>
<br>
　　[関係部位] ： [症状]<br>
　　皮膚 ： 発疹・発赤、かゆみ、はれ、ピリピリ感、かぶれ、水庖<br>
<br>
3. 5～6日間使用しても症状がよくならない場合は使用を中止し、この説明文書を持って医師、薬剤師または登録販売者に相談してください<br>
<hr>
【効能・効果】<br>
肩こりに伴う肩の痛み、腰痛、関節痛、筋肉痛、腱鞘炎(手・手首・足首の痛みとはれ)、肘の痛み(テニス肘など)、打撲、捻挫<br>
<br>
【用法・用量】<br>
○表面のフィルムをはがし、1日2回を限度として患部に貼付してください。<br>
○15歳未満の小児は使用しないでください。<br>
<br>
【用法・用量に関連する注意】 <br>
(1) 定められた用法・用量をお守りください。<br>
(2) 本剤は痛みやはれ等の原因になっている病気を治療するのではなく、痛みやはれ等の症状のみを治療する薬剤なので、症状がある場合だけ使用してください。<br>
(3) 汗をかいたり、患部がぬれている時は、よくふきとってから使用してください。<br>
(4) 皮膚の弱い人は、使用前に腕の内側の皮膚の弱い箇所に、T～2Cm角の小片を目安として半日以上貼り、発疹・発赤、かゆみ、かぶれ等の症状が起きないことを確かめてから使用してください。<br>
<br>
【成分・分量】(膏体100g中)<br>
フェルビナク ： 5.0g<br>
g-メントール ： 3.0g<br>
添加物：BHT、タルク、スチレン・イソプレン・スチレンブロックコポリマー、テルペン樹脂、流動パラフィン<br><br>

【保管及び取扱い上の注意】<br>
(1) 直射日光の当たらない湿気の少ない涼しい所に保管してください。<br>
(2) 小児の手の届かない所に保管してください。<br>
(3) 他の容器に入れかえないでください。(誤用の原因になったり品質が変わることがあります)<br>
(4) 品質保持のため、未使用分は袋に入れ、開口部のファスナーを閉めて保管してください。<br>
(5) 使用期限を過ぎた製品は使用しないでください。なお、使用期限内であっても、開封後はなるべく早く使用してください。<br>
<br>
【製造販売元】<br>
東和製薬株式会社<br>
和歌山県紀の川市貴志川町丸栖1229番地<br>
<br>
【ご相談窓口】<br>
東和製薬株式会社<br>
電話(0736)64-2567<br>
時間 9:O0～17:00(土、日、祝日)<br>
<br>
【製造国】日本<br><br>【リスク区分】 第2類医薬品<br><br>

【剤形】プラスター剤<br>
<hr>◆使用期限：出荷時における使用期限が180日以上あるものをお送りします。<br><br>広告文責:株式会社モリキ<br>電話:090-5580-4439 (0269-67-0235)<br>文責：薬剤師 森浩晴<br><br>【医薬品販売に関する記載事項】（必須記載事項）はこちら<br><!--
<div class=""reading-03"">

</div>
-->

<style type=""text/css"">
<!--
.reading-03 {
margin-top: 10px;
margin-bottom: 30px;
}

#rnkInShopTitleArea {
visibility: hidden;
}

#rnkInShopMainContents {
visibility: hidden;
}

/* ↓医薬品販売に関する注意のCSS↓ */

.drug01 {
	margin: 0px;
	width: 580px;
	box-sizing: border-box;
}

.drug01 .attention01 {
	color: #FF0000;
	font-weight: bold;
	font-size: 110%;	
}

/* ↑医薬品販売に関する注意のCSS↑ */


-->
</style>

<!-- ↓医薬品販売に関する注意↓ -->

<div class=""drug01"" >
<p class=""attention01"">※医薬品は、飯山駅前モリキ薬局より出荷されます。</p>
</div>

<!-- ↑医薬品販売に関する注意↑ -->",【まとめ買い】▼【第2類医薬品】サンツールFBテープL 10cm&times;14cm (16枚入)[2個]【送料無料】【セルフメディケーション税制対象】：健美康房アメドラエール,健美康房アメドラエール送料無料第1類医薬品リアップリアップx5プラス トランシーノダヤン 猫のダヤン ネコ雑貨猫グッズわちふぃーるどスタジオmスタジオM 食器オイルポットアカランアップリノミヤリサンデコレ コンコンブル【まとめ買い】▼【第2類医薬品】サンツールFBテープL 10cm&times;14cm (16枚入)[2個]【送料無料】【セルフメディケーション税制対象】,★爽快な貼りごこち！フェルビナク＋l-メントール。【まとめ買い】▼【第2類医薬品】サンツールFBテープL 10cm&times;14cm (16枚入)[2個]【送料無料】【セルフメディケーション税制対象】[rn]
28-87640,http://tshop.r10s.jp/amedora/cabinet/p0005/4987450002494.jpg?fitin=700:700,638.4000,,,【第2類医薬品】サンツールIDゲル (50g),★税抜3000円以上送料無料★患部に直接浸透し、痛みを取る。,"【製品名】サンツールIDゲル<br><br>
【薬効分類】鎮痛・鎮痒・収れん・消炎薬(パップ剤を含む)<br><br>
<hr>【製品の特徴】<br><br>

●サンツールIDゲルは、痛みやはれのもとに直接作用するインドメタシンを1.0％配合した非ステロイド系の鎮痛消炎薬です。<br><br>
●主成分のインドメタシンが、塗ったところから直接患部に働き、肩･腰･関節のつらい痛みに優れた効き目を発揮します。<br><br>
●l-メントール配合により、塗擦後心地よい清涼感があります。<br>
<hr>
【使用上の注意】<br><br>その他の注意<br><br>
1. 次の人は使用しないこと<br><br>
　(1) 本剤又は本剤の成分によりアレルギー症状を起こしたことがある人<br>
　(2) ぜんそくを起こしたことがある人<br>
　(3) 11歳未満の小児<br><br>
2. 次の部位には使用しないこと<br><br>
　(1) 目の周囲，粘膜等<br>
　(2) 湿疹，かぶれ，傷口<br>
　(3) みずむし・たむし等又は化膿している患部<br><br>
3. 使用が適さない場合があるので，使用前に医師，薬剤師又は登録販売者に相談すること<br><br>
4. 使用に際しては，説明文書をよく読むこと<br><br>
5. 直射日光の当たらない涼しい所にキャップをしっかり閉めて保管すること<br><br>
6. 火気に近づけないこと<br><br>
7. 小児の手の届かないところに保管すること<br><br>
8. 他の容器に入れ替えないこと<br><br>
9. 使用期限を過ぎた製品は使用しないこと<br><br>
<hr>【効能・効果】<br>筋肉痛，肩こりに伴う肩の痛み，腰痛，関節痛，腱鞘炎(手・手首の痛み)，肘の痛み(テニス肘など)，打撲，捻挫<br><br>
【効能関連注意】<br><br>
【用法・用量】<br>1日4回を限度として適量を患部に塗擦して下さい。(11歳未満の小児に使用させないで下さい。)<br><br>
【用法関連注意】<br>
(1) 用法・用量を守って下さい。<br>
(2) 11歳未満の小児に使用させないで下さい。<br>
(3) 目に入らないよう注意して下さい。万一、目に入った場合には、すぐに水又はぬるま湯で洗って下さい。<br>
　  なお、症状が重い場合には、眼科医の診療を受けて下さい。<br>
(4) 外用にのみ使用して下さい。<br>
(5) 1週間あたり50gを超えて使用しないで下さい。<br>
(6) 薬剤塗擦後の患部をラップフィルム等の通気性の悪いもので覆わないで下さい。<br>
(7) 皮膚の特に弱い方は、同じ所に続けて塗擦しないで下さい。<br>
(8) 同じ部位に他の外用剤との併用は避けて下さい。<br>
(9) 使用後は手を洗って下さい。<br>
<br>
【成分分量】100g中<br>
〔成分〕　：　〔分量〕<br>
インドメタシン　：　1g<br>
l-メントール　：　3g<br>
※添加物・・・エデト酸ナトリウム水和物，ヒプロメロース(ヒドロキシプロピルメチルセルロース)，マクロゴール，ジイソプロパノールアミン，アジピン酸ジイソプロピル，カルボキシビニルポリマー，ベンジルアルコール，エタノール<br><br>
【保管及び取扱い上の注意】<br>
(1) 直射日光の当たらない涼しい所にキャップをしっかり閉めて保管して下さい。<br>
(2) 小児の手の届かない所に保管して下さい。<br>
(3) 他の容器に入れ替えないで下さい。(誤用の原因になったり、品質が変わることがあります。)<br>
(4) 火気に近づけないで下さい。<br>
(5) 火の中に投じないで下さい。<br>
(6) 本剤のついた手で、目等の粘膜に触れないで下さい。<br>
(7) メガネ、時計、アクセサリー等の金属類、化繊の衣類、プラスチック類、床や家具等の塗装面等に付着すると変質又は変色することがあるので、付着しないように注意して下さい。<br>
(8) 本剤が衣類や寝具等に付着し、汚れた場合にはなるべく早く水か洗剤で洗い落として下さい。<br>
(9) 使用期限を過ぎた製品は使用しないで下さい。なお使用期限内であっても、開封後はなるべく早く使用してください。<br>
<br>
【消費者相談窓口】<br>東和製薬株式会社<br>
問い合わせ先：お客様相談窓口<br>
電話：0120-108-871<br>
受付時間：9：00～17：30(土・日・祝日を除く)<br><br>
【製造販売会社】<br>
東和製薬株式会社<br>
住所：和歌山県紀の川市貴志川町丸栖1229番地<br><br>
【販売会社】<br><br>
【剤形】塗布剤<br>
<br>
【製造国】日本<br><br>【リスク区分】<br>第2類医薬品<hr>◆使用期限：使用期限まで180日以上あるものをお送りします。<br><br>広告文責:株式会社モリキ<br>電話:090-5580-4439 (0269-67-0235)<br>文責：薬剤師 森浩晴<br><br>【医薬品販売に関する記載事項】（必須記載事項）はこちら<br><!--
<div class=""reading-03"">

</div>
-->

<style type=""text/css"">
<!--
.reading-03 {
margin-top: 10px;
margin-bottom: 30px;
}

#rnkInShopTitleArea {
visibility: hidden;
}

#rnkInShopMainContents {
visibility: hidden;
}

/* ↓医薬品販売に関する注意のCSS↓ */

.drug01 {
	margin: 0px;
	width: 580px;
	box-sizing: border-box;
}

.drug01 .attention01 {
	color: #FF0000;
	font-weight: bold;
	font-size: 110%;	
}

/* ↑医薬品販売に関する注意のCSS↑ */


-->
</style>

<!-- ↓医薬品販売に関する注意↓ -->

<div class=""drug01"" >
<p class=""attention01"">※医薬品は、飯山駅前モリキ薬局より出荷されます。</p>
</div>

<!-- ↑医薬品販売に関する注意↑ -->",【第2類医薬品】サンツールIDゲル (50g)：健美康房アメドラエール,健美康房アメドラエール送料無料第1類医薬品リアップリアップx5プラス トランシーノダヤン 猫のダヤン ネコ雑貨猫グッズわちふぃーるどスタジオmスタジオM 食器オイルポットアカランアップリノミヤリサンデコレ コンコンブル【第2類医薬品】サンツールIDゲル (50g),★税抜3000円以上送料無料★患部に直接浸透し、痛みを取る。。【第2類医薬品】サンツールIDゲル (50g)[rn]
28-87641,http://tshop.r10s.jp/amedora/cabinet/p0005/4987450002593.jpg?fitin=700:700,704.0000,,,【第2類医薬品】サンツールIDパップDX (30枚),★税抜3000円以上送料無料★患部に直接浸透し、痛みを取る。,"【製品名】サンツールIDパップDX<br><br>
【薬効分類】鎮痛・鎮痒・収れん・消炎薬(パップ剤を含む)<br><br>
<hr>【製品の特徴】<br><br>●サンツールIDパップDXは、鎮痛消炎成分のインドメタシンに消炎効果のあるグリチルレチン酸と患部の血行をよくするトコフェロール酢酸エステルの2成分を配合したパップ剤です。<br><br>
●インドメタシンとグリチルレチンが、痛みの原因物質を鎮め、トコフェロール酢酸エステルの血行促進作用により腰痛、関節痛などの痛みを伴う症状に優れた効果を発揮します。<br><br>
<hr>【使用上の注意】<br><br>
(守らないと現在の症状が悪化したり、副作用が起こりやすくなります。)<br><br>
■してはいけないこと<br><br>
1. 次の人は使用しないで下さい。<br><br>
　(1) 本剤又は本剤の成分によりアレルギー症状(発疹・発赤、かゆみ、かぶれ等)を起こしたことがある人。<br>
　(2) ぜんそくを起こしたことがある人(ぜんそくを起こしたことがある人はインドメタシン等の抗炎症剤を使用するとぜんそく発作を誘発することがあります。)<br>
　(3) 15歳未満の小児。<br><br>
2. 次の部位には使用しないで下さい。<br><br>
　(1) 目の周囲、粘膜等。<br>
　(2) 湿疹、かぶれ、傷口。<br>
　(3) みずむし・たむし等又は化膿している患部。<br><br>
3. 連続して2週間以上使用しないで下さい。<br><br>
■相談すること<br>
<br>
1. 次の人は使用前に医師、薬剤師又は登録販売者に相談して下さい。<br><br>
　(1) 医師の治療を受けている人。<br>
　(2) 妊婦又は妊娠していると思われる人。<br>
　(3) 薬などによりアレルギー症状を起こしたことがある人。<br><br>
2. 使用後、次の症状があらわれた場合は副作用の可能性があるので、直ちに使用を中止し、この説明文書を持って医師、薬剤師又は登録販売者に相談して下さい。<br><br>
　　関係部位：症 状<br>
　　皮 膚 ：発疹・発赤、かゆみ、はれ、ヒリヒリ感、熱感、乾燥感<br>
<br>
3. 5～6日間使用しても症状がよくならない場合は使用を中止し、この説明文書を持って医師、薬剤師または登録販売者に相談して下さい。<br><br>
<hr>【効能・効果】<br>
肩こりに伴う肩の痛み、腰痛、関節痛、筋肉痛、腱鞘炎(手・手首の痛み)、肘の痛み(テニス肘等)、打撲、捻挫<br>
<br>
【効能関連注意】<br><br>
【用法・用量】<br>表面のプラスチックフィルムをはがし、1日2回を限度として患部に貼付して下さい。<br><br>
【用法関連注意】<br>
<br>
【成分分量】膏体100g(1000cm2)中<br>
〔成分〕　：　〔分量〕<br>
インドメタシン　：　0.5ｇ<br>
トコフェロール酢酸エステル　：　0.3ｇ<br>
グリチルレチン酸　：　0.05ｇ<br>
※添加物・・・ゼラチン、エデト酸ナトリウム水和物、マクロゴール、ポリソルベート80、l-メントール、カオリン、酸化チタン、濃グリセリン、D-ソルビトール、ヒマシ油、ポリアクリル酸部分中和物、カルメロースナトリウム、pH調節剤、その他2成分含有<br><br>
【保管及び取扱い上の注意】<br>
(1) 直射日光の当たらない湿気の少ない涼しい所に保管して下さい。<br>
(2) 小児の手の届かない所に保管して下さい。<br>
(3) 他の容器に入れ替えないで下さい。<br>
　　(誤用の原因になったり、品質が変わることがあります。)<br>
(4) 未使用分はもとの袋に入れ、チャックをきちんと閉めて下さい。<br>
　　使用期限内であっても開封後はなるべく早く使用して下さい。<br>
(5) 使用期限を過ぎた製品は使用しないで下さい。<br>
<br>
【消費者相談窓口】<br>問合せ先名：東和製薬株式会社<br>
問合せ先住所：和歌山県紀の川市貴志川町丸栖1229番地<br>
問合せ先TEL：0120-108-871<br>
問合せ先受付時間：9：00～17：30<br><br>
【製造販売会社】<br>東和製薬株式会社??<br>
640-0401 和歌山県紀の川市貴志川町丸栖1229<br><br>
【販売会社】<br><br>
【剤形】貼付剤<br>
<br>
【製造国】日本<br><br>【リスク区分】<br>第2類医薬品<hr>◆使用期限：使用期限まで180日以上あるものをお送りします。<br><br>広告文責:株式会社モリキ<br>電話:090-5580-4439 (0269-67-0235)<br>文責：薬剤師 森浩晴<br><br>【医薬品販売に関する記載事項】（必須記載事項）はこちら<br><!--
<div class=""reading-03"">

</div>
-->

<style type=""text/css"">
<!--
.reading-03 {
margin-top: 10px;
margin-bottom: 30px;
}

#rnkInShopTitleArea {
visibility: hidden;
}

#rnkInShopMainContents {
visibility: hidden;
}

/* ↓医薬品販売に関する注意のCSS↓ */

.drug01 {
	margin: 0px;
	width: 580px;
	box-sizing: border-box;
}

.drug01 .attention01 {
	color: #FF0000;
	font-weight: bold;
	font-size: 110%;	
}

/* ↑医薬品販売に関する注意のCSS↑ */


-->
</style>

<!-- ↓医薬品販売に関する注意↓ -->

<div class=""drug01"" >
<p class=""attention01"">※医薬品は、飯山駅前モリキ薬局より出荷されます。</p>
</div>

<!-- ↑医薬品販売に関する注意↑ -->",【第2類医薬品】サンツールIDパップDX (30枚)：健美康房アメドラエール,健美康房アメドラエール送料無料第1類医薬品リアップリアップx5プラス トランシーノダヤン 猫のダヤン ネコ雑貨猫グッズわちふぃーるどスタジオmスタジオM 食器オイルポットアカランアップリノミヤリサンデコレ コンコンブル【第2類医薬品】サンツールIDパップDX (30枚),★税抜3000円以上送料無料★患部に直接浸透し、痛みを取る。。【第2類医薬品】サンツールIDパップDX (30枚)[rn]
28-87642,http://tshop.r10s.jp/amedora/cabinet/p0005/4987450002586.jpg?fitin=700:700,638.4000,,,【第2類医薬品】サンツールID液 (100ml),★税抜3000円以上送料無料★患部に直接浸透し、痛みを取る。,"【製品名】サンツールID液<br><br>
【薬効分類】鎮痛・鎮痒・収れん・消炎薬(パップ剤を含む)<br><br>
<hr>【製品の特徴】<br><br>●サンツールID液は，痛みやはれのもとに直接作用するインドメタシンを1. 0％配合した非ステロイド系の鎮痛消炎薬です。<br><br>
●主成分のインドメタシンが，塗った所から直接患部に働き，肩・腰・関節のつらい痛みに優れた効き目を発揮します。<br><br>
●l-メントール配合により，塗布後心地よい清涼感があります。<br><br>
<hr>【使用上の注意】<br><br>■してはいけないこと<br><br>
(守らないと現在の症状が悪化したり，副作用が起こりやすくなります。)<br><br>
1. 次の人は使用しないで下さい。<br><br>
　(1) 本剤又は本剤の成分によりアレルギー症状を起こしたことがある人。<br>
　(2) ぜんそくを起こしたことがある人。<br>
　(3) 11歳未満の小児。<br><br>
2. 次の部位には使用しないで下さい。<br><br>
　(1) 目の周囲，粘膜等。<br>
　(2) 湿疹，かぶれ，傷口。<br>
　(3) みずむし・たむし等又は化膿している患部。<br><br>
3. 長期連用しないで下さい。<br><br>
■相談すること<br><br>
1. 次の人は使用前に医師，薬剤師又は登録販売者に相談して下さい。<br><br>
　(1) 医師の治療を受けている人。<br>
　(2) 妊婦又は妊娠していると思われる人。<br>
　(3) 薬などによりアレルギー症状を起こしたことがある人。<br><br>
2. 使用後，次の症状があらわれた場合は副作用の可能性があるので，直ちに使用を中止し，この説明文書を持って医師，薬剤師又は登録販売者に相談して下さい。<br><br>
　　［関係部位：症状］<br>
　　皮膚：発疹・発赤，かゆみ，はれ，ヒリヒリ感，熱感，乾燥感<br><br>
3. 5～6日間使用しても症状がよくならない場合は使用を中止し，この説明文書を持って医師，薬剤師又は登録販売者に相談して下さい。<br><br>
<hr>【効能・効果】<br>筋肉痛，肩こりに伴う肩の痛み，腰痛，関節痛，腱鞘炎(手・手首の痛み)，肘の痛み(テニス肘など)，打撲，捻挫<br><br>
【効能関連注意】<br><br><br>
【用法・用量】<br>1日4回を限度として適量を患部に塗布して下さい。<br><br>
【用法関連注意】<br>
(1) 用法・用量を守って下さい。<br>
(2) 11歳以上の小児に使用させる場合には，保護者の指導監督のもとに使用させて下さい。<br>
(3) 11歳未満の小児に使用させないで下さい。<br>
(4) 目に入らないよう注意して下さい。万一，目に入った場合には，すぐに水又はぬるま湯で洗って下さい。なお，症状が重い場合には，眼科医の診療を受けて下さい。<br>
(5) 外用にのみ使用して下さい。<br>
(6) 1週間あたり50mLを超えて使用しないで下さい。<br>
(7) 薬剤塗布後の患部をラップフィルム等の通気性の悪いもので覆わないで下さい。<br>
(8) 皮膚の特に弱い方は，同じ所に続けて塗布しないで下さい。<br>
(9) 同じ部位に他の外用剤との併用は避けて下さい。<br>
(10)使用後は手を洗って下さい。<br><br>
【成分分量】100mL中<br>
〔成分〕　：　〔分量〕<br>
インドメタシン　：　1000mg<br>
l-メントール　：　3000mg<br>
※添加物・・・エデト酸ナトリウム水和物，ヒプロメロース(ヒドロキシプロピルメチルセルロース)，マクロゴール，ベンジルアルコール，エタノール<br><br>
【保管及び取扱い上の注意】<br>
(1) 直射日光の当たらない涼しい所にキャップをしっかり閉めて保管して下さい。<br>
(2) 小児の手の届かない所に保管して下さい。<br>
(3) 他の容器に入れ替えないで下さい。(誤用の原因になったり，品質が変わることがあります。)<br>
(4) 火気に近づけないで下さい。<br>
(5) 火の中に投じないで下さい。<br>
(6) 本剤のついた手で，目等の粘膜に触れないで下さい。<br>
(7) メガネ，時計，アクセサリー等の金属類，化繊の衣類，プラスチック類，床や家具等の塗装面等に付着すると変質又は変色することがあるので，付着しないように注意して下さい。<br>
(8) 本剤が衣類や寝具等に付着し，汚れた場合にはなるべく早く水か洗剤で洗い落として下さい。<br>
(9) 使用期限を過ぎた製品は使用しないで下さい。なお，使用期限内であっても，開封後はなるべく早く使用して下さい。<br><br>
【消費者相談窓口】<br>東和製薬株式会社<br>
問い合わせ先：お客様相談窓口<br>
電話：0120-108-871<br>
受付時間：9：00～17：30(土・日・祝日を除く)<br><br>
【製造販売会社】<br>
東和製薬株式会社<br>
住所：和歌山県紀の川市貴志川町丸栖1229番地<br><br>
【販売会社】<br><br>
【剤形】液剤<br>
<br>【製造国】日本<br><br>【リスク区分】<br>第2類医薬品<hr>◆使用期限：使用期限まで180日以上あるものをお送りします。<br><br>広告文責:株式会社モリキ<br>電話:090-5580-4439 (0269-67-0235)<br>文責：薬剤師 森浩晴<br><br>【医薬品販売に関する記載事項】（必須記載事項）はこちら<br><!--
<div class=""reading-03"">

</div>
-->

<style type=""text/css"">
<!--
.reading-03 {
margin-top: 10px;
margin-bottom: 30px;
}

#rnkInShopTitleArea {
visibility: hidden;
}

#rnkInShopMainContents {
visibility: hidden;
}

/* ↓医薬品販売に関する注意のCSS↓ */

.drug01 {
	margin: 0px;
	width: 580px;
	box-sizing: border-box;
}

.drug01 .attention01 {
	color: #FF0000;
	font-weight: bold;
	font-size: 110%;	
}

/* ↑医薬品販売に関する注意のCSS↑ */


-->
</style>

<!-- ↓医薬品販売に関する注意↓ -->

<div class=""drug01"" >
<p class=""attention01"">※医薬品は、飯山駅前モリキ薬局より出荷されます。</p>
</div>

<!-- ↑医薬品販売に関する注意↑ -->",【第2類医薬品】サンツールID液 (100ml)：健美康房アメドラエール,健美康房アメドラエール送料無料第1類医薬品リアップリアップx5プラス トランシーノダヤン 猫のダヤン ネコ雑貨猫グッズわちふぃーるどスタジオmスタジオM 食器オイルポットアカランアップリノミヤリサンデコレ コンコンブル【第2類医薬品】サンツールID液 (100ml),★税抜3000円以上送料無料★患部に直接浸透し、痛みを取る。。【第2類医薬品】サンツールID液 (100ml)[rn]
28-87643,http://tshop.r10s.jp/amedora/cabinet/p0005/4987450002531.jpg?fitin=700:700,704.0000,,,【第2類医薬品】サンツールパップVH (24枚),★税抜3000円以上送料無料★患部に直接浸透し、痛みを取る。,"【製品名】サンツールパップVH<br><br>
【薬効分類】鎮痛・鎮痒・収れん・消炎薬(パップ剤を含む)<br><br>
<hr>【製品の特徴】<br><br>●医療用に使われている鎮痛消炎成分のインドメタシンが、痛みの原因となる物質の生成を抑え、腰痛、関節痛などの痛みを伴う症状に優れた効果を発揮します。<br><br>
●トウガラシエキスの働きで、患部の血行を促進し日々の痛みやこりをやわらげます。<br><br>
<hr>【使用上の注意】<br><br>
■してはいけないこと<br>
<br>
[守らないと現在の症状が悪化したり、副作用が起こりやすくなります。]<br><br>
1. 次の人は使用しないで下さい。<br><br>
　(1) 本剤又は本剤の成分によりアレルギー症状(発疹・発赤、かゆみ、かぶれ等)を起こしたことがある人。<br>
　(2) ぜんそくを起こしたことがある人。(ぜんそくを起こしたことがある人はインドメタシン等の抗炎症剤を使用するとぜんそく発作を誘発することがあります。)<br>
　(3) 15歳未満の小児。<br><br>
2. 次の部位には使用しないで下さい。<br><br>
　(1) 目の周囲、粘膜等。<br>
　(2) 湿疹、かぶれ、傷口。<br>
　(3) みずむし・たむし等又は化膿している患部。<br><br>
3. 連続して2週間以上使用しないで下さい。?<br><br>
■相談すること<br>
<br>
1. 次の人は使用前に医師、薬剤師又は登録販売者に相談して下さい。<br><br>
　(1) 医師の治療を受けている人。<br>
　(2) 妊婦又は妊娠していると思われる人。<br>
　(3) 薬などによりアレルギー症状を起こしたことがある人。<br><br>
2. 使用後、次の症状があらわれた場合は副作用の可能性があるので、直ちに使用を中止し、この箱を持って医師、薬剤師又は登録販売者に相談して下さい。<br><br>
　　[関係部位 ： 症状]<br>
  　　皮膚 ： 発疹・発赤、かゆみ、はれ、ヒリヒリ感、熱感、乾燥感<br><br>
3. 5～6日間使用しても症状がよくならない場合は使用を中止し、この説明文書を持って医師、薬剤師または登録販売者に相談して下さい。<br><br>
<hr>【効能・効果】<br>肩こりに伴う肩の痛み、腰痛、関節痛、筋肉痛、腱鞘炎(手・手首の痛み)、肘の痛み(テニス肘など)、打撲、捻挫<br><br>
【効能関連注意】<br><br>
【用法・用量】<br>15歳以上：表面のプラスチックフィルムをはがし、1日2回を限度として患部に貼付して下さい。<br>
15歳未満：使用しないで下さい。<br><br>
【用法関連注意】<br>
(1) 用法・用量を厳守して下さい。<br>
(2) 本剤は、痛みやはれ等の原因になっている病気を治療するのではなく、痛みやはれ等の症状のみを治療する薬剤ですので、症状がある場合だけ使用して下さい。<br>
(3) 汗をかいたり、患部がぬれれている時は、よく拭きとってから使用して下さい。<br>
(4) 皮膚の弱い人は、使用前に腕の内側の皮膚の弱い箇所に、1～2cm角の小片を目安として半日以上貼り、発疹・発赤、かゆみ、かぶれ等の症状が起きないことを確かめてから使用して下さい。<br>
(5) 打撲(打ち身)、捻挫に使用する場合には、患部の熱感等の症状がおさまってから使用して下さい。<br>
(6) 本剤を使用してから汗をかくと刺激を感じることがあります。<br>
(7) 本剤に触れた手で、目の周囲、口唇、鼻孔、その他の粘膜に触らないで下さい。<br>
(8) 本剤を貼った患部をコタツや電気毛布で温めないで下さい。<br>
(9) 本剤を貼ったまま、あるいは剥がした直後に入浴しないで下さい。(強い刺激を)感じることがありますので、少なくとも入浴の1時間前には剥がし、入浴後は30分程してから使用して下さい。<br>
<br>
【成分分量】膏体100g(1000cm2)中<br>
〔成分〕　：　〔分量〕<br>
インドメタシン　：　0.5g<br>
トウガラシエキス　：　0.075g<br>
※添加物・・・ゼラチン、エデト酸ナトリウム水和物、マクロゴール、ポリソルベート80、l-メントール、カオリン、酸化チタン、濃グリセリン、D-ソルビトール、ヒマシ油、ポリアクリル酸部分中和物、カルメロースナトリウム、PH調節剤、赤色106号、その他2成分含有<br><br>
【保管及び取扱い上の注意】<br>
(1) 直射日光の当たらない涼しい所に保管して下さい。<br>
(2) 小児の手の届かない所に保管して下さい。<br>
(3) 他の容器に入れ替えないで下さい。<br>
　　(誤用の原因になったり、品質が変わることがあります)<br>
(4) 未使用分はもとの袋に入れ、チャックをきちんと閉めて下さい。使用期限内であっても開封後はなるべく早く使用して下さい。<br>
(5) 使用期限を過ぎた製品は使用しないで下さい。<br>
<br>
【消費者相談窓口】<br>問合せ先名：東和製薬株式会社<br>
問合せ先住所：和歌山県紀の川市貴志川町丸栖1229番地<br>
問合せ先TEL：0120-108-871<br>
問合せ先受付時間：9：00～17：30(土、日、祝日を除く)<br><br>
【製造販売会社】<br>
東和製薬株式会社?<br>
640-0401 和歌山県紀の川市貴志川町丸栖1229<br><br>
【販売会社】<br><br>
【剤形】貼付剤<br>
<br>
【製造国】日本<br><br>【リスク区分】<br>第2類医薬品<hr>◆使用期限：使用期限まで180日以上あるものをお送りします。<br><br>広告文責:株式会社モリキ<br>電話:090-5580-4439 (0269-67-0235)<br>文責：薬剤師 森浩晴<br><br>【医薬品販売に関する記載事項】（必須記載事項）はこちら<br><!--
<div class=""reading-03"">

</div>
-->

<style type=""text/css"">
<!--
.reading-03 {
margin-top: 10px;
margin-bottom: 30px;
}

#rnkInShopTitleArea {
visibility: hidden;
}

#rnkInShopMainContents {
visibility: hidden;
}

/* ↓医薬品販売に関する注意のCSS↓ */

.drug01 {
	margin: 0px;
	width: 580px;
	box-sizing: border-box;
}

.drug01 .attention01 {
	color: #FF0000;
	font-weight: bold;
	font-size: 110%;	
}

/* ↑医薬品販売に関する注意のCSS↑ */


-->
</style>

<!-- ↓医薬品販売に関する注意↓ -->

<div class=""drug01"" >
<p class=""attention01"">※医薬品は、飯山駅前モリキ薬局より出荷されます。</p>
</div>

<!-- ↑医薬品販売に関する注意↑ -->",【第2類医薬品】サンツールパップVH (24枚)：健美康房アメドラエール,健美康房アメドラエール送料無料第1類医薬品リアップリアップx5プラス トランシーノダヤン 猫のダヤン ネコ雑貨猫グッズわちふぃーるどスタジオmスタジオM 食器オイルポットアカランアップリノミヤリサンデコレ コンコンブル【第2類医薬品】サンツールパップVH (24枚),★税抜3000円以上送料無料★患部に直接浸透し、痛みを取る。。【第2類医薬品】サンツールパップVH (24枚)[rn]
28-87644,http://tshop.r10s.jp/jism/cabinet/0417/4987123143110.jpg?fitin=700:700,2504.0000,,,【第3類医薬品】アクテージAN錠 100錠 【税込】 武田薬品工業 アクテ-ジANジヨウ100T [アクテジANジヨウ100T]【返品種別B】【RCP】,楽天Shop of the Year 2016 総合グランプリ受賞★,"在庫状況：入荷次第出荷<br>お届け：1週間～10日<br><br><br><font color=blue>□「返品種別」について詳しくはこちら□</font><br><br><br>この商品の説明書(PDF)はこちら<br><br><table border='0' cellpadding='4' cellspacing='2' bgcolor='red'><tr><td bgcolor='white' align='center'><table border='0'><tr><td align='right'><img border='0' hspace='0' vspace='0' width='32' height='32' src='http://www.rakuten.ne.jp/gold/jism/medical/cautionmark.gif' alt='使用上の注意'/></td><td><b>使用上の注意</b></td></tr></table></td></tr><tr><td bgcolor='white'><table border='0' width='100%'><tr><td><table border='0'><tr><td align='right'><img border='0' hspace='0' vspace='0' width='32' height='32' src='http://www.rakuten.ne.jp/gold/jism/medical/consultingmark.gif' alt='してひけないこと'/></td><td><b>相談すること</b></td></tr></table></td></tr><tr><td>１．次の人は服用前に医師、薬剤師または登録販売者に相談すること<br>　　薬などによりアレルギー症状を起こしたことがある人。<br>２．服用後、次の症状があらわれた場合は副作用の可能性があるので、直ちに服用を中止し、この文書を持って医師、薬剤師または登録販売者に相談すること<br>　　　〔関係部位〕　　　〔症　　状〕<br>　　　　皮　膚　　　：　発疹・発赤、かゆみ<br>　　　　消化器　　　：　吐き気・嘔吐、口内炎、食欲不振、胃部不快感<br>３．服用後、次の症状があらわれることがあるので、このような症状の持続または増強が見られた場合には、服用を中止し、この文書を持って医師、薬剤師または登録販売者に相談すること<br>　　軟便、下痢<br>４．１ヵ月位服用しても症状がよくならない場合は服用を中止し、この文書を持って医師、薬剤師または登録販売者に相談すること</td></tr></table></td></tr></table><br><table border='0' width='100%'><tr><td>■効能・効果</td></tr><tr><td>１．次の諸症状の緩和<br>　　関節痛・筋肉痛（腰痛、肩こり、五十肩など）、神経痛、手足のしびれ、眼精疲労、便秘<br>２．次の場合のビタミンＢ１の補給<br>　　肉体疲労時、妊娠・授乳期、病中病後の体力低下時<br>３．脚気<br>「ただし、上記１および３の症状について、１ヵ月ほど使用しても改善がみられない場合は、医師または薬剤師に相談すること。」</td></tr><tr><td><img hspace='0' border='0' vspace='4' width='100%' height='1' src='http://www.rakuten.ne.jp/gold/jism/medical/detail_tab_line.gif' /></td></tr><tr><td>■用法・用量</td></tr><tr><td>次の量を、食後すぐに水またはお湯で、かまずに服用すること。<br>　〔　年　　齢　〕　１５歳以上<br>　〔１　回　量　〕　２錠<br>　〔１日服用回数〕　３回<br><br>　〔　年　　齢　〕　１５歳未満<br>　〔１　回　量　〕　服用しないこと<br>　〔１日服用回数〕　服用しないこと<br><br>＜用法・用量に関連する注意＞<br>用法・用量を厳守すること。</td></tr><tr><td><img hspace='0' border='0' vspace='4' width='100%' height='1' src='http://www.rakuten.ne.jp/gold/jism/medical/detail_tab_line.gif' /></td></tr><tr><td>■成分・分量</td></tr><tr><td>６錠（１日服用量）中<br>　　　　　　　　〔成　　分〕　　　　　　　　　　　　　〔含　　量〕<br>フルスルチアミン（ビタミンＢ１誘導体）として　　　　　　１００ｍｇ<br>（フルスルチアミン塩酸塩　　　　　　　　　　　　　１０９．１６ｍｇ）<br>ピリドキシン塩酸塩（ビタミンＢ６）　　　　　　　　　　　　２０ｍｇ<br>シアノコバラミン（ビタミンＢ１２）　　　　　　　　　　　　６０μｇ<br>コンドロイチン硫酸エステルナトリウム　　　　　　　　　　８００ｍｇ<br><br>添加物：塩酸グルコサミン、クロスカルメロースＮａ、ヒドロキシプロピルセルロース、ステアリン酸Ｍｇ、ヒプロメロース、酸化チタン、タルク、三二酸化鉄、還元麦芽糖水アメ</td></tr><tr><td><img hspace='0' border='0' vspace='4' width='100%' height='1' src='http://www.rakuten.ne.jp/gold/jism/medical/detail_tab_line.gif' /></td></tr><tr><td>■保管及び取り扱い上の注意</td></tr><tr><td>（１）直射日光の当たらない湿気の少ない涼しい所に密栓して保管すること。<br>（２）小児の手の届かない所に保管すること。<br>（３）他の容器に入れ替えないこと（誤用の原因になったり品質が変わる）。<br>（４）ビンの中の詰め物は、フタをあけた後はすてること（詰め物を再びビンに入れると湿気を含み品質が変わるもとになる。詰め物は、輸送中に錠剤が破損するのを防止するためのものである）。<br>（５）服用のつどビンのフタをしっかりしめること（吸湿し品質が変わる）。<br>（６）使用期限を過ぎた製品は服用しないこと。<br>（７）箱とビンの「開封年月日」記入欄に、ビンを開封した日付を記入すること。<br>（８）一度開封した後は、品質保持の点から開封日より６ヵ月以内を目安になるべくすみやかに服用すること。</td></tr><tr><td>■問合せ先</td></tr><tr><td>本製品内容についてのお問い合わせは、お買い求めのお店、または下記にお願い申しあげます。<br>武田コンシューマーヘルスケア株式会社「お客様相談室」<br>〒５４１－００４５　大阪市中央区道修町四丁目１番１号<br>フリーダイヤル　０１２０－５６７－０８７<br>受付時間　９：００～１７：００（土、日、祝日を除く）<br></td></tr></table><br><br>リスク区分：第三類医薬品<br><br>医薬品の使用期限：使用期限まで10ヵ月以上あるものをお送り致します。<br><br>医薬品販売に関する記載事項（必須記載事項）は当店PCページをご覧下さい<br><br>広告文責：上新電機株式会社(06-6633-1111)<br><br><br>(※この説明文は楽天市場店の記載内容です。URLはhttp://item.rakuten.co.jp/jism/で始まります。URLが異なる際はサイトを利用することのないよう十分ご注意ください。)<table width=""600"" border=0 cellpadding=5 cellspacing=0 bgcolor=""#F0EDE4""><tr><td align=""center"" bgcolor=""#BBA04E"">
<table width=""590"" border=0 cellpadding=2 cellspacing=1 bgcolor=""#F0EDE4"" summary="""" style=""font-size:12px;""><tr><td>おすすめカテゴリー　：　エアコン　・　加湿器　・　冷蔵庫　・　ホットカーペット　・　布団乾燥機</td></tr><tr><td align=""center"">ゴルフボール　・　掃除機・クリーナー　・　ＴＶゲーム　・　電池　・　充電池・充電器　・　ラッピング袋
</td></tr></table>
</td></tr></table><br>",【第3類医薬品】アクテージAN錠 100錠 【税込】 武田薬品工業 アクテ-ジANジヨウ100T [アクテジANジヨウ100T]【返品種別B】【RCP】：Joshin web 家電とPCの大型専門店,家電パソコンAV機器高級オーディオホビーおもちゃゲーム鉄道模型時計PCテレビレコーダー雑貨模型冷蔵庫洗濯機エアコンgamehobbycomputer【第3類医薬品】アクテージAN錠 100錠 【税込】 武田薬品工業 アクテ-ジANジヨウ100T [アクテジANジヨウ100T]【返品種別B】【RCP】,楽天Shop of the Year 2016 総合グランプリ受賞★。【第3類医薬品】アクテージAN錠 100錠 【税込】 武田薬品工業 アクテ-ジANジヨウ100T [アクテジANジヨウ100T]【返品種別B】【RCP】[rn]
28-87645,http://tshop.r10s.jp/jism/cabinet/0416/4987067201303.jpg?fitin=700:700,3380.0000,,,【第2類医薬品】キューピーコーワコンドロイザー 160錠 【税込】 興和 キユ-ピ-コンドロイザ-160G [キユピコンドロイザ160G]【返品種別B】【送料無料】【RCP】,楽天Shop of the Year 2016 総合グランプリ受賞★,"在庫状況：入荷次第出荷<br>お届け：1週間～10日<br><br><br><font color=blue>□「返品種別」について詳しくはこちら□</font><br><br><br>この商品の説明書(PDF)はこちら<br><br><table border='0' cellpadding='4' cellspacing='2' bgcolor='red'><tr><td bgcolor='white' align='center'><table border='0'><tr><td align='right'><img border='0' hspace='0' vspace='0' width='32' height='32' src='http://www.rakuten.ne.jp/gold/jism/medical/cautionmark.gif' alt='使用上の注意'/></td><td><b>使用上の注意</b></td></tr></table></td></tr><tr><td bgcolor='white'><table border='0' width='100%'><tr><td><table border='0'><tr><td align='right'><img border='0' hspace='0' vspace='0' width='32' height='32' src='http://www.rakuten.ne.jp/gold/jism/medical/consultingmark.gif' alt='してひけないこと'/></td><td><b>相談すること</b></td></tr></table></td></tr><tr><td>１．次の人は服用前に医師、薬剤師又は登録販売者に相談してください<br>　（１）妊婦又は妊娠していると思われる人。<br>　（２）薬などによりアレルギー症状を起こしたことがある人。<br>２．服用後、次の症状があらわれた場合は副作用の可能性がありますので、直ちに服用を中止し、この添付文書を持って医師、薬剤師又は登録販売者に相談してください<br>　　　〔関係部位〕　　　〔症　状〕<br>　　　　皮　膚　　　：　発疹・発赤、かゆみ<br>　　　　消化器　　　：　吐き気・嘔吐<br>３．服用後、次の症状があらわれることがありますので、このような症状の持続又は増強が見られた場合には、服用を中止し、この添付文書を持って医師、薬剤師又は登録販売者に相談してください<br>　　軟便、下痢<br>４．１ヵ月位服用しても症状がよくならない場合は服用を中止し、この添付文書を持って医師、薬剤師又は登録販売者に相談してください</td></tr></table></td></tr></table><br><table border='0' width='100%'><tr><td>■効能・効果</td></tr><tr><td>１．次の諸症状の緩和：<br>　　関節痛・筋肉痛（腰痛、肩こり、五十肩など）、神経痛、手足のしびれ、便秘、眼精疲労<br>２．脚気<br>「ただし、これら１・２の症状について、１ヵ月ほど使用しても改善がみられない場合は、医師又は薬剤師に相談してください。」<br>３．次の場合のビタミンＢ１の補給：<br>　　肉体疲労時、病中病後の体力低下時</td></tr><tr><td><img hspace='0' border='0' vspace='4' width='100%' height='1' src='http://www.rakuten.ne.jp/gold/jism/medical/detail_tab_line.gif' /></td></tr><tr><td>■用法・用量</td></tr><tr><td>下記の量を朝夕食後に水又は温湯で服用してください。<br>　〔　年　　齢　〕　成人（１５歳以上）<br>　〔１　回　量　〕　３錠<br>　〔１日服用回数〕　２回<br><br>　〔　年　　齢　〕　１５歳未満の小児<br>　〔１　回　量　〕　服用しないこと<br>　〔１日服用回数〕　服用しないこと<br><br>＜用法・用量に関連する注意＞<br>用法・用量を厳守してください。</td></tr><tr><td><img hspace='0' border='0' vspace='4' width='100%' height='1' src='http://www.rakuten.ne.jp/gold/jism/medical/detail_tab_line.gif' /></td></tr><tr><td>■成分・分量</td></tr><tr><td>６錠中<br>　〔成　　分〕　ボウイ乾燥エキス<br>　〔分　　量〕　２４０．０ｍｇ<br>　　　　　　　　　　　　　　　　　　　　　　　　〔防已として　３０００ｍｇ〕<br>　〔働　　き〕　大葛藤（オオツヅラフジ）の茎及び根茎から抽出された成分で、痛<br>　　　　　　　　みや炎症を抑える作用があり、関節痛・神経痛などを改善します。<br><br>　〔成　　分〕　コンドロイチン硫酸エステルナトリウム<br>　〔分　　量〕　８００．０ｍｇ<br>　〔働　　き〕　関節軟骨内の弾力性や保水性を高める働きがあり、軟骨成分の合成<br>　　　　　　　　を促進する作用などによって、関節を正常に保ちます。<br><br>　〔成　　分〕　ベンフォチアミン<br>　〔分　　量〕　４１．４９ｍｇ<br>　　　　　　　　　　〔チアミン塩化物塩酸塩（Ｖ．Ｂ１）として　３０．０ｍｇ〕<br>　〔働　　き〕　からだに取り込まれやすくした活性型ビタミンＢ１で、関節痛・神<br>　　　　　　　　経痛などを改善します。<br><br>　〔成　　分〕　シアノコバラミン（Ｖ．Ｂ１２）<br>　〔分　　量〕　６０．０μｇ<br>　〔働　　き〕　傷ついた末梢神経の修復に関与し、関節痛・神経痛などを改善しま<br>　　　　　　　　す。<br><br>　〔成　　分〕　トコフェロールコハク酸エステルカルシウム<br>　〔分　　量〕　５１．７９ｍｇ<br>　〔ｄｌ－α－トコフェロールコハク酸エステル（Ｖ．Ｅ）として　５０．０ｍｇ〕<br>　〔働　　き〕　血流促進作用のあるビタミンで、関節・神経の働きを助けます。<br><br>〔添加物〕グルコサミン塩酸塩、ヒドロキシプロピルセルロース、セルロース、クロスポビドン、ステアリン酸Ｍｇ、ポリビニルアルコール・アクリル酸・メタクリル酸メチル共重合体、タルク、酸化チタン、クエン酸トリエチル、ステアリン酸グリセリン、ラウリル硫酸Ｎａ、カルナウバロウ</td></tr><tr><td><img hspace='0' border='0' vspace='4' width='100%' height='1' src='http://www.rakuten.ne.jp/gold/jism/medical/detail_tab_line.gif' /></td></tr><tr><td>■保管及び取り扱い上の注意</td></tr><tr><td>（１）高温をさけ、直射日光の当たらない湿気の少ない涼しい所に密栓して保管してください。<br>（２）小児の手の届かない所に保管してください。<br>（３）他の容器に入れ替えないでください。（誤用の原因になったり品質が変わります。）<br>（４）水分が錠剤につくと、内容成分の変化のもととなりますので、水滴を落としたり、ぬれた手で触れないでください。誤って錠剤をぬらした場合は、ぬれた錠剤を廃棄してください。<br>（５）容器の中の詰め物は、輸送中に錠剤が破損するのを防止するために入れてあるもので、キャップをあけた後は、必ず捨ててください。<br>（６）容器のキャップのしめ方が不十分な場合、湿気などにより、品質に影響を与える場合がありますので、服用のつどキャップをよくしめてください。<br>（７）外箱及びラベルの「開封年月日」記入欄に、キャップをあけた日付を記入してください。<br>（８）使用期限（外箱及びラベルに記載）をすぎた製品は服用しないでください。また、一度キャップをあけた後は、品質保持の点から開封日より６ヵ月以内を目安に服用してください。</td></tr><tr><td>■問合せ先</td></tr><tr><td>本製品に関するお問い合わせは、お買い求めのお店又は興和株式会社　医薬事業部　お客様相談センターへお願いします。<br>興和株式会社　医薬事業部　お客様相談センター<br>〒１０３－８４３３　東京都中央区日本橋本町三丁目４－１４<br>０３－３２７９－７７５５<br>受付時間　月～金（祝日を除く）９：００～１７：００<br></td></tr></table><br><br>リスク区分：第二類医薬品<br><br>医薬品の使用期限：使用期限まで10ヵ月以上あるものをお送り致します。<br><br>医薬品販売に関する記載事項（必須記載事項）は当店PCページをご覧下さい<br><br>広告文責：上新電機株式会社(06-6633-1111)<br><br><br>(※この説明文は楽天市場店の記載内容です。URLはhttp://item.rakuten.co.jp/jism/で始まります。URLが異なる際はサイトを利用することのないよう十分ご注意ください。)<table width=""600"" border=0 cellpadding=5 cellspacing=0 bgcolor=""#F0EDE4""><tr><td align=""center"" bgcolor=""#BBA04E"">
<table width=""590"" border=0 cellpadding=2 cellspacing=1 bgcolor=""#F0EDE4"" summary="""" style=""font-size:12px;""><tr><td>おすすめカテゴリー　：　エアコン　・　加湿器　・　冷蔵庫　・　ホットカーペット　・　布団乾燥機</td></tr><tr><td align=""center"">ゴルフボール　・　掃除機・クリーナー　・　ＴＶゲーム　・　電池　・　充電池・充電器　・　ラッピング袋
</td></tr></table>
</td></tr></table><br>",【第2類医薬品】キューピーコーワコンドロイザー 160錠 【税込】 興和 キユ-ピ-コンドロイザ-160G [キユピコンドロイザ160G]【返品種別B】【送料無料】【RCP】：Joshin web 家電とPCの大型専門店,家電パソコンAV機器高級オーディオホビーおもちゃゲーム鉄道模型時計PCテレビレコーダー雑貨模型冷蔵庫洗濯機エアコンgamehobbycomputer【第2類医薬品】キューピーコーワコンドロイザー 160錠 【税込】 興和 キユ-ピ-コンドロイザ-160G [キユピコンドロイザ160G]【返品種別B】【送料無料】【RCP】,楽天Shop of the Year 2016 総合グランプリ受賞★。【第2類医薬品】キューピーコーワコンドロイザー 160錠 【税込】 興和 キユ-ピ-コンドロイザ-160G [キユピコンドロイザ160G]【返品種別B】【送料無料】【RCP】[rn]
28-87646,http://tshop.r10s.jp/jism/cabinet/0418/4987316028996.jpg?fitin=700:700,2560.0000,,,【第3類医薬品】ユンケル1・6・12EX 150錠 【税込】 佐藤製薬 ユンケル1･6･12EX 150T [ユンケル1612EX150T]【返品種別B】【RCP】,楽天Shop of the Year 2016 総合グランプリ受賞★,"在庫状況：入荷次第出荷<br>お届け：1週間～10日<br><br><br><font color=blue>□「返品種別」について詳しくはこちら□</font><br><br><br>この商品の説明書(PDF)はこちら<br><br><table border='0' cellpadding='4' cellspacing='2' bgcolor='red'><tr><td bgcolor='white' align='center'><table border='0'><tr><td align='right'><img border='0' hspace='0' vspace='0' width='32' height='32' src='http://www.rakuten.ne.jp/gold/jism/medical/cautionmark.gif' alt='使用上の注意'/></td><td><b>使用上の注意</b></td></tr></table></td></tr><tr><td bgcolor='white'><table border='0' width='100%'><tr><td><table border='0'><tr><td align='right'><img border='0' hspace='0' vspace='0' width='32' height='32' src='http://www.rakuten.ne.jp/gold/jism/medical/consultingmark.gif' alt='してひけないこと'/></td><td><b>相談すること</b></td></tr></table></td></tr><tr><td>１．服用後、次の症状があらわれた場合は副作用の可能性がありますので、直ちに服用を中止し、この文書を持って医師、薬剤師又は登録販売者にご相談ください<br>　　　〔関係部位〕　　　〔症　　状〕<br>　　　　消　化　器　：　吐き気・嘔吐、口内炎<br>２．服用後、次の症状があらわれることがありますので、このような症状の持続又は増強が見られた場合には、服用を中止し、医師、薬剤師又は登録販売者にご相談ください<br>　　　軟便、下痢<br>３．１ヵ月位服用しても症状がよくならない場合は服用を中止し、この文書を持って医師、薬剤師又は登録販売者にご相談ください</td></tr></table></td></tr></table><br><table border='0' width='100%'><tr><td>■効能・効果</td></tr><tr><td>●次の諸症状の緩和：<br>　神経痛、筋肉痛・関節痛（腰痛、肩こり、五十肩など）、手足のしびれ、眼精疲労「ただし、これらの症状について、１ヵ月ほど使用しても改善がみられない場合は、医師又は薬剤師に相談すること。」<br>●次の場合のビタミンＢ１Ｂ６Ｂ１２の補給：<br>　肉体疲労時、妊娠・授乳期、病中病後の体力低下時</td></tr><tr><td><img hspace='0' border='0' vspace='4' width='100%' height='1' src='http://www.rakuten.ne.jp/gold/jism/medical/detail_tab_line.gif' /></td></tr><tr><td>■用法・用量</td></tr><tr><td>〔　年　　齢　〕　成人（１５才以上）<br>　〔１回服用量　〕　１～２錠<br>　〔１日服用回数〕　１回<br><br>　〔　年　　齢　〕　１５才未満<br>　〔１回服用量　〕　服用しないでください<br>　〔１日服用回数〕　服用しないでください<br><br>＜用法・用量に関連する注意＞<br>定められた用法・用量を厳守してください。</td></tr><tr><td><img hspace='0' border='0' vspace='4' width='100%' height='1' src='http://www.rakuten.ne.jp/gold/jism/medical/detail_tab_line.gif' /></td></tr><tr><td>■成分・分量</td></tr><tr><td>２錠中<br>　〔成　　分〕　フルスルチアミン塩酸塩（ビタミンＢ１誘導体）<br>　〔分　　量〕　１０９．１４ｍｇ<br>　〔働　　き〕　神経細胞の機能を維持して神経を円滑に働かせることで、肩こり・<br>　　　　　　　　腰痛・目の疲れに効果をあらわします。<br><br>　〔成　　分〕　ビタミンＢ６<br>　〔分　　量〕　１００ｍｇ<br>　〔働　　き〕　神経細胞の機能を維持して神経を円滑に働かせることで、肩こり・<br>　　　　　　　　腰痛・目の疲れに効果をあらわします。<br><br>　〔成　　分〕　ビタミンＢ１２<br>　〔分　　量〕　１，５００μｇ<br>　〔働　　き〕　神経細胞の機能を維持して神経を円滑に働かせることで、肩こり・<br>　　　　　　　　腰痛・目の疲れに効果をあらわします。<br><br>　〔成　　分〕　ガンマ－オリザノール<br>　〔分　　量〕　１０ｍｇ<br>　〔働　　き〕　手足のしびれに効果をあらわします。<br><br>　〔成　　分〕　ビタミンＥコハク酸エステルカルシウム（ビタミンＥ誘導体）<br>　〔分　　量〕　１０３．５８ｍｇ<br>　〔働　　き〕　末梢の血行を改善し、肩こりや腰痛などに効果をあらわします。<br><br>　〔成　　分〕　ニコチン酸アミド<br>　〔分　　量〕　６０ｍｇ<br>　〔働　　き〕　末梢の血行を改善し、肩こりや腰痛などに効果をあらわします。<br><br>　〔成　　分〕　パントテン酸カルシウム<br>　〔分　　量〕　３０ｍｇ<br>　〔働　　き〕　体の働きに役立つビタミンの一種です。<br><br>添加物として、ポリオキシエチレンポリオキシプロピレングリコール、セルロース、ヒドロキシプロピルセルロース、乳酸Ｃａ、ステアリン酸Ｍｇ、ヒプロメロース、マクロゴール、酸化チタン、三二酸化鉄、リボフラビンリン酸エステルＮａを含有します。</td></tr><tr><td><img hspace='0' border='0' vspace='4' width='100%' height='1' src='http://www.rakuten.ne.jp/gold/jism/medical/detail_tab_line.gif' /></td></tr><tr><td>■保管及び取り扱い上の注意</td></tr><tr><td>（１）直射日光の当たらない湿気の少ない涼しい所に密栓して保管してください。<br>（２）小児の手の届かない所に保管してください。<br>（３）他の容器に入れ替えないでください。<br>　　（誤用の原因になったり品質が変わるおそれがあります。）<br>（４）使用期限をすぎた製品は、服用しないでください。</td></tr><tr><td>■問合せ先</td></tr><tr><td>本製品についてのお問い合わせは、お買い求めのお店又は下記にお願い申し上げます。<br>佐藤製薬株式会社　お客様相談窓口<br>東京都港区元赤坂１丁目５番２７号<br>０３（５４１２）７３９３<br>受付時間　９：００～１７：００（土、日、祝日を除く）<br></td></tr></table><br><br>リスク区分：第三類医薬品<br><br>医薬品の使用期限：使用期限まで10ヵ月以上あるものをお送り致します。<br><br>医薬品販売に関する記載事項（必須記載事項）は当店PCページをご覧下さい<br><br>広告文責：上新電機株式会社(06-6633-1111)<br><br><br>(※この説明文は楽天市場店の記載内容です。URLはhttp://item.rakuten.co.jp/jism/で始まります。URLが異なる際はサイトを利用することのないよう十分ご注意ください。)<table width=""600"" border=0 cellpadding=5 cellspacing=0 bgcolor=""#F0EDE4""><tr><td align=""center"" bgcolor=""#BBA04E"">
<table width=""590"" border=0 cellpadding=2 cellspacing=1 bgcolor=""#F0EDE4"" summary="""" style=""font-size:12px;""><tr><td>おすすめカテゴリー　：　エアコン　・　加湿器　・　冷蔵庫　・　ホットカーペット　・　布団乾燥機</td></tr><tr><td align=""center"">ゴルフボール　・　掃除機・クリーナー　・　ＴＶゲーム　・　電池　・　充電池・充電器　・　ラッピング袋
</td></tr></table>
</td></tr></table><br>",【第3類医薬品】ユンケル1・6・12EX 150錠 【税込】 佐藤製薬 ユンケル1･6･12EX 150T [ユンケル1612EX150T]【返品種別B】【RCP】：Joshin web 家電とPCの大型専門店,家電パソコンAV機器高級オーディオホビーおもちゃゲーム鉄道模型時計PCテレビレコーダー雑貨模型冷蔵庫洗濯機エアコンgamehobbycomputer【第3類医薬品】ユンケル1・6・12EX 150錠 【税込】 佐藤製薬 ユンケル1･6･12EX 150T [ユンケル1612EX150T]【返品種別B】【RCP】,楽天Shop of the Year 2016 総合グランプリ受賞★。【第3類医薬品】ユンケル1・6・12EX 150錠 【税込】 佐藤製薬 ユンケル1･6･12EX 150T [ユンケル1612EX150T]【返品種別B】【RCP】[rn]
28-87647,http://tshop.r10s.jp/jism/cabinet/0622/4987316031668.jpg?fitin=700:700,3800.0000,,,【第3類医薬品】ユンケルB12アクティブα 120錠 【税込】 佐藤製薬 ユンケルアクテイブアルフア120T [ユンケルアクテイブアルフア120T]【返品種別B】◆セルフメディケーション税制対象商品【送料無料】【RCP】,楽天Shop of the Year 2016 総合グランプリ受賞★,"在庫状況：入荷次第出荷<br>お届け：1週間～10日<br><br><br><font color=blue>□「返品種別」について詳しくはこちら□</font><br><br><br>この商品の説明書(PDF)はこちら<br><br><br><img src=http://image.rakuten.co.jp/jism/cabinet/banner01/self_m.gif border=0><br>こちらの商品は<font color=red>【セルフメディケーション税制対象商品】</font>です。<br><br><table border='0' cellpadding='4' cellspacing='2' bgcolor='red'><tr><td bgcolor='white' align='center'><table border='0'><tr><td align='right'><img border='0' hspace='0' vspace='0' width='32' height='32' src='http://www.rakuten.ne.jp/gold/jism/medical/cautionmark.gif' alt='使用上の注意'/></td><td><b>使用上の注意</b></td></tr></table></td></tr><tr><td bgcolor='white'><table border='0' width='100%'><tr><td><table border='0'><tr><td align='right'><img border='0' hspace='0' vspace='0' width='32' height='32' src='http://www.rakuten.ne.jp/gold/jism/medical/consultingmark.gif' alt='してひけないこと'/></td><td><b>相談すること</b></td></tr></table></td></tr><tr><td>１．服用後、次の症状があらわれた場合は副作用の可能性がありますので、直ちに服用を中止し、この文書を持って医師、薬剤師又は登録販売者にご相談ください<br>　　　〔関係部位〕　　　〔症　　状〕<br>　　　　皮膚　　　　：　発疹<br>　　　　消化器　　　：　食欲不振、吐き気、胃部不快感<br>２．服用後、次の症状があらわれることがありますので、このような症状の持続又は増強が見られた場合には、服用を中止し、この文書を持って医師、薬剤師又は登録販売者にご相談ください<br>　　　下痢、便秘<br>３．１ヵ月位服用しても症状がよくならない場合は服用を中止し、この文書を持って医師、薬剤師又は登録販売者にご相談ください</td></tr></table></td></tr></table><br><table border='0' width='100%'><tr><td>■効能・効果</td></tr><tr><td>次の諸症状の緩和：<br>　腰痛、手足のしびれ（しびれ感）、神経痛、肩・首すじのこり<br>　「ただし、これらの症状について、１ヵ月ほど使用しても改善がみられない場合は、医師又は薬剤師に相談すること。」</td></tr><tr><td><img hspace='0' border='0' vspace='4' width='100%' height='1' src='http://www.rakuten.ne.jp/gold/jism/medical/detail_tab_line.gif' /></td></tr><tr><td>■用法・用量</td></tr><tr><td>下記の１回服用量を食後に服用します。<br>　〔　年　　齢　〕　成人（１５才以上）<br>　〔１回服用量　〕　２錠<br>　〔１日服用回数〕　３回<br><br>　〔　年　　齢　〕　１５才未満<br>　〔１回服用量　〕　服用しないでください<br>　〔１日服用回数〕　服用しないでください<br><br>＜用法・用量に関連する注意＞<br>定められた用法・用量を厳守してください。</td></tr><tr><td><img hspace='0' border='0' vspace='4' width='100%' height='1' src='http://www.rakuten.ne.jp/gold/jism/medical/detail_tab_line.gif' /></td></tr><tr><td>■成分・分量</td></tr><tr><td>６錠中<br>　〔成　　分〕　メコバラミン（活性型ビタミンＢ１２）<br>　〔分　　量〕　１．５ｍｇ<br>　〔働　　き〕　末梢神経の機能を整えて、神経痛、腰痛、手足のしびれに効果をあ<br>　　　　　　　　らわします。<br><br>　〔成　　分〕　コンドロイチン硫酸エステルナトリウム<br>　〔分　　量〕　９００ｍｇ<br>　〔働　　き〕　軟骨組織中に存在し、弾力性や保水性を与える役割をしています。<br><br>　〔成　　分〕　Ｌ－アスパラギン酸マグネシウム・カリウム<br>　〔分　　量〕　２００ｍｇ<br>　〔働　　き〕　神経・筋肉の機能を高め、代謝を活発にします。<br><br>　〔成　　分〕　酢酸ｄ－α－トコフェロール（天然型ビタミンＥ）<br>　〔分　　量〕　１０ｍｇ<br>　〔働　　き〕　末梢の血行を促進することにより、肩こり、腰痛、手足のしびれに<br>　　　　　　　　効果をあらわします。<br><br>添加物として、二酸化ケイ素、ヒドロキシプロピルセルロース、Ｄ－マンニトール、ステアリン酸Ｍｇ、グルコサミン塩酸塩、ヒプロメロース、タルク、酸化チタン、三二酸化鉄を含有します。</td></tr><tr><td><img hspace='0' border='0' vspace='4' width='100%' height='1' src='http://www.rakuten.ne.jp/gold/jism/medical/detail_tab_line.gif' /></td></tr><tr><td>■保管及び取り扱い上の注意</td></tr><tr><td>（１）直射日光の当たらない湿気の少ない涼しい所に密栓して保管してください。<br>　　　（本剤は光に対して不安定です。）<br>（２）小児の手の届かない所に保管してください。<br>（３）他の容器に入れ替えないでください。<br>　　　（誤用の原因になったり品質が変わるおそれがあります。）<br>（４）使用期限をすぎた製品は、服用しないでください。<br>（５）湿気により、変色や亀裂など品質に影響を与える場合がありますので、下記の<br>　　　ことにご注意ください。<br>　　　○服用のつどキャップをよくしめてください。<br>　　　○ぬれた手で触れないでください。<br>　　　○開封後は、湿気を含むおそれがありますので、ビンの中の詰め物を捨ててく<br>　　　　ださい。（詰め物は輸送時、錠剤の破損を防ぐために入れてあります）</td></tr><tr><td>■問合せ先</td></tr><tr><td>本製品についてのお問い合わせは、お買い求めのお店又は下記にお願い申し上げます。<br>佐藤製薬株式会社　お客様相談窓口<br>東京都港区元赤坂１丁目５番２７号<br>０３（５４１２）７３９３<br>受付時間　９：００～１７：００（土、日、祝日を除く）<br></td></tr></table><br><br>リスク区分：第三類医薬品<br><br>医薬品の使用期限：使用期限まで10ヵ月以上あるものをお送り致します。<br><br>医薬品販売に関する記載事項（必須記載事項）は当店PCページをご覧下さい<br><br>広告文責：上新電機株式会社(06-6633-1111)<br><br><br>(※この説明文は楽天市場店の記載内容です。URLはhttp://item.rakuten.co.jp/jism/で始まります。URLが異なる際はサイトを利用することのないよう十分ご注意ください。)<table width=""600"" border=0 cellpadding=5 cellspacing=0 bgcolor=""#F0EDE4""><tr><td align=""center"" bgcolor=""#BBA04E"">
<table width=""590"" border=0 cellpadding=2 cellspacing=1 bgcolor=""#F0EDE4"" summary="""" style=""font-size:12px;""><tr><td>おすすめカテゴリー　：　エアコン　・　加湿器　・　冷蔵庫　・　ホットカーペット　・　布団乾燥機</td></tr><tr><td align=""center"">ゴルフボール　・　掃除機・クリーナー　・　ＴＶゲーム　・　電池　・　充電池・充電器　・　ラッピング袋
</td></tr></table>
</td></tr></table><br>",【第3類医薬品】ユンケルB12アクティブα 120錠 【税込】 佐藤製薬 ユンケルアクテイブアルフア120T [ユンケルアクテイブアルフア120T]【返品種別B】◆セルフメディケーション税制対象商品【送料無料】【RCP】：Joshin web 家電とPCの大型専門店,家電パソコンAV機器高級オーディオホビーおもちゃゲーム鉄道模型時計PCテレビレコーダー雑貨模型冷蔵庫洗濯機エアコンgamehobbycomputer【第3類医薬品】ユンケルB12アクティブα 120錠 【税込】 佐藤製薬 ユンケルアクテイブアルフア120T [ユンケルアクテイブアルフア120T]【返品種別B】◆セルフメディケーション税制対象商品【送料無料】【RCP】,楽天Shop of the Year 2016 総合グランプリ受賞★。【第3類医薬品】ユンケルB12アクティブα 120錠 【税込】 佐藤製薬 ユンケルアクテイブアルフア120T [ユンケルアクテイブアルフア120T]【返品種別B】◆セルフメディケーション税制対象商品【送料無料】【RCP】[rn]
28-87648,http://tshop.r10s.jp/jism/cabinet/0416/4987028146605.jpg?fitin=700:700,2056.0000,,,【第3類医薬品】ナボリンS 40錠 【税込】 エーザイ ナボリンS40T [ナボリンS40T]【返品種別B】◆セルフメディケーション税制対象商品【RCP】,楽天Shop of the Year 2016 総合グランプリ受賞★,"在庫状況：入荷次第出荷<br>お届け：1週間～10日<br><br><br><font color=blue>□「返品種別」について詳しくはこちら□</font><br><br><br>この商品の説明書(PDF)はこちら<br><br><br><img src=http://image.rakuten.co.jp/jism/cabinet/banner01/self_m.gif border=0><br>こちらの商品は<font color=red>【セルフメディケーション税制対象商品】</font>です。<br><br><table border='0' cellpadding='4' cellspacing='2' bgcolor='red'><tr><td bgcolor='white' align='center'><table border='0'><tr><td align='right'><img border='0' hspace='0' vspace='0' width='32' height='32' src='http://www.rakuten.ne.jp/gold/jism/medical/cautionmark.gif' alt='使用上の注意'/></td><td><b>使用上の注意</b></td></tr></table></td></tr><tr><td bgcolor='white'><table border='0' width='100%'><tr><td><table border='0'><tr><td align='right'><img border='0' hspace='0' vspace='0' width='32' height='32' src='http://www.rakuten.ne.jp/gold/jism/medical/mustnotmark.gif' alt='してひけないこと'/></td><td><b>してはいけないこと</b></td></tr></table></td></tr><tr><td>［守らないと現在の症状が悪化したり、副作用が起こりやすくなる］<br><br>次の人は服用しないでください。<br>　本剤又は本剤の成分によりアレルギー症状を起こしたことがある人</td></tr><tr><td><table border='0'><tr><td align='right'><img border='0' hspace='0' vspace='0' width='32' height='32' src='http://www.rakuten.ne.jp/gold/jism/medical/consultingmark.gif' alt='してひけないこと'/></td><td><b>相談すること</b></td></tr></table></td></tr><tr><td>次の人は服用前に医師、薬剤師又は登録販売者に相談してください。<br>　医師の治療を受けている人<br>　服用後、次の症状があらわれた場合は副作用の可能性があるので、直ちに服用を中止し、この説明書を持って医師、薬剤師又は登録販売者に相談してください。<br>　　　〔関係部位〕　　　〔症　　状〕<br>　　　　皮　　　膚　：　発疹、かゆみ<br>　　　　消　化　器　：　吐き気・嘔吐、口内炎、食欲不振、胃部不快感<br>　　　　精神神経系　：　めまい<br>　まれに下記の重篤な症状が起こることがあります。その場合は直ちに医師の診療を受けてください。<br>　〔症状の名称〕ショック（アナフィラキシー）<br>　〔症　　　状〕服用後すぐに、皮膚のかゆみ、じんましん、声のかすれ、くしゃみ、<br>　　　　　　　　のどのかゆみ、息苦しさ、動悸、意識の混濁等があらわれます。<br>　服用後、次の症状があらわれることがあるので、このような症状の持続又は増強が見られた場合には、服用を中止し、この説明書を持って医師、薬剤師又は登録販売者に相談してください。<br>　便秘、下痢、軟便<br>　１ヵ月位服用しても症状がよくならない場合は服用を中止し、この説明書を持って医師、薬剤師又は登録販売者に相談してください。<br>　服用後、生理が予定より早くきたり、経血量がやや多くなったりすることがあります。出血が長く続く場合は、この説明書を持って医師、薬剤師又は登録販売者に相談してください。</td></tr></table></td></tr></table><br><table border='0' width='100%'><tr><td>■効能・効果</td></tr><tr><td>次の諸症状の緩和：<br>　筋肉痛・関節痛（腰痛、肩こり、五十肩など）、神経痛、手足のしびれ、眼精疲労<br>　「ただし、これらの症状について、１ヵ月ほど使用しても改善がみられない場合は、医師又は薬剤師に相談すること。」</td></tr><tr><td><img hspace='0' border='0' vspace='4' width='100%' height='1' src='http://www.rakuten.ne.jp/gold/jism/medical/detail_tab_line.gif' /></td></tr><tr><td>■用法・用量</td></tr><tr><td>次の量を食後に水またはお湯で服用してください。<br>　〔　年　　齢　〕　成人（１５歳以上）<br>　〔１　回　量　〕　１錠<br>　〔　服用回数　〕　１日３回<br><br>　〔　年　　齢　〕　小児（１５歳未満）<br>　〔１　回　量　〕　服用しないこと<br>　〔　服用回数　〕　服用しないこと</td></tr><tr><td><img hspace='0' border='0' vspace='4' width='100%' height='1' src='http://www.rakuten.ne.jp/gold/jism/medical/detail_tab_line.gif' /></td></tr><tr><td>■成分・分量</td></tr><tr><td>成人１日量３錠中に次の成分を含みます。<br>　〔成　　分〕　メコバラミン（活性型ビタミンＢ１２）<br>　〔含　　量〕　１，５００μｇ<br>　〔働　　き〕　末梢神経の構成成分（タンパク質やリン脂質など）の体内での生成<br>　　　　　　　　を促進し、傷ついた末梢神経を修復します。<br><br>　〔成　　分〕　葉酸<br>　〔含　　量〕　５ｍｇ<br>　〔働　　き〕　メコバラミンと協力して末梢神経の構成成分（タンパク質）の合成<br>　　　　　　　　を促進し、傷ついた末梢神経の修復作用を高めます。<br><br>　〔成　　分〕　酢酸ｄ－α－トコフェロール（天然型ビタミンＥ）<br>　〔含　　量〕　１００ｍｇ<br>　〔働　　き〕　血液の成分である赤血球や血管などを柔らかく保つ働きにより、血<br>　　　　　　　　行を改善します。<br><br>　〔成　　分〕　フルスルチアミン塩酸塩（ビタミンＢ１誘導体）<br>　〔含　　量〕　１０９．１６ｍｇ<br>　〔働　　き〕　食事で摂取した糖質を筋肉などで必要なエネルギーに変える働きが<br>　　　　　　　　あり、筋肉の疲労を改善します。<br><br>　〔成　　分〕　ピリドキシン塩酸塩（ビタミンＢ６）<br>　〔含　　量〕　１００ｍｇ<br>　〔働　　き〕　アミノ酸の代謝に関わり、体内での神経活動をサポートします。<br><br>［添加物］<br>タルク、炭酸Ｃａ、トウモロコシデンプン、乳糖、ヒドロキシプロピルセルロース、カルナウバロウ、ケイ酸Ｃａ、酸化チタン、ステアリン酸、ステアリン酸Ｍｇ、セラック、セルロース、二酸化ケイ素、白糖、ヒプロメロース、プルラン、ポビドン、マクロゴール、リン酸水素Ｃａ</td></tr><tr><td><img hspace='0' border='0' vspace='4' width='100%' height='1' src='http://www.rakuten.ne.jp/gold/jism/medical/detail_tab_line.gif' /></td></tr><tr><td>■保管及び取り扱い上の注意</td></tr><tr><td>箱に入れ、直射日光の当たらない湿気の少ない涼しい所に密栓して保管してください。（本剤は光に対して不安定です。）<br>　小児の手の届かない所に保管してください。<br>　他の容器に入れ替えないでください。また、本容器内に他の薬剤等を入れないでください。（誤用の原因になったり品質が変わります。）<br>　容器内に乾燥剤が入っています。服用しないでください。<br>　使用期限をすぎた製品は使用しないでください。<br>　使用期限内であっても容器のキャップを一度開けた後は、品質保持の点から６ヵ月以内を目安に使用してください。箱の内ブタの「開封年月日」欄に、開封日を記入してください。<br>　キャップの上ブタを閉める時は、カチッと音がするまで押し込んでください。<br>　錠数が残り少なくなると出にくい場合があります。キャップ本体を外して取り出してください。</td></tr><tr><td>【ひとくちメモ　末梢神経とは・・・】<br>末梢神経は、肩や腰をはじめ全身に張りめぐらされており、体に受ける刺激を脳に伝えたり、脳からの命令を体の各部に伝える働きをしています。<br>末梢神経に負担がかかり、末梢神経が圧迫されたり傷ついたりすると、そこから痛み・しびれなどの症状が起こります。</td></tr><tr><td><img hspace='0' border='0' vspace='4' width='100%' height='1' src='http://www.rakuten.ne.jp/gold/jism/medical/detail_tab_line.gif' /></td></tr><tr><td>■問合せ先</td></tr><tr><td>●お買い求めのお店<br>●エーザイ「ｈｈｃホットライン」<br>東京都文京区小石川４－６－１０<br>フリーダイヤル　０１２０－１６１－４５４<br>受付時間　平日９：００～１８：００（土・日・祝日９：００～１７：００）<br></td></tr></table><br><br>リスク区分：第三類医薬品<br><br>医薬品の使用期限：使用期限まで10ヵ月以上あるものをお送り致します。<br><br>医薬品販売に関する記載事項（必須記載事項）は当店PCページをご覧下さい<br><br>広告文責：上新電機株式会社(06-6633-1111)<br><br><br>(※この説明文は楽天市場店の記載内容です。URLはhttp://item.rakuten.co.jp/jism/で始まります。URLが異なる際はサイトを利用することのないよう十分ご注意ください。)<table width=""600"" border=0 cellpadding=5 cellspacing=0 bgcolor=""#F0EDE4""><tr><td align=""center"" bgcolor=""#BBA04E"">
<table width=""590"" border=0 cellpadding=2 cellspacing=1 bgcolor=""#F0EDE4"" summary="""" style=""font-size:12px;""><tr><td>おすすめカテゴリー　：　エアコン　・　加湿器　・　冷蔵庫　・　ホットカーペット　・　布団乾燥機</td></tr><tr><td align=""center"">ゴルフボール　・　掃除機・クリーナー　・　ＴＶゲーム　・　電池　・　充電池・充電器　・　ラッピング袋
</td></tr></table>
</td></tr></table><br>",【第3類医薬品】ナボリンS 40錠 【税込】 エーザイ ナボリンS40T [ナボリンS40T]【返品種別B】◆セルフメディケーション税制対象商品【RCP】：Joshin web 家電とPCの大型専門店,家電パソコンAV機器高級オーディオホビーおもちゃゲーム鉄道模型時計PCテレビレコーダー雑貨模型冷蔵庫洗濯機エアコンgamehobbycomputer【第3類医薬品】ナボリンS 40錠 【税込】 エーザイ ナボリンS40T [ナボリンS40T]【返品種別B】◆セルフメディケーション税制対象商品【RCP】,楽天Shop of the Year 2016 総合グランプリ受賞★。【第3類医薬品】ナボリンS 40錠 【税込】 エーザイ ナボリンS40T [ナボリンS40T]【返品種別B】◆セルフメディケーション税制対象商品【RCP】[rn]
