19-48101,http://tshop.r10s.jp/akibamac/cabinet/04987410/4901080287915.jpg?fitin=700:700,408.0000,,日用品雑貨・文房具・手芸 > その他,アース製薬アースガーデン ハエとり棒園芸用 8本〔忌避剤・殺虫剤〕 (ﾊｴﾄﾘﾎﾞｳｴﾝｹﾞｲﾖｳ),,緑色の粘着棒がコバエ（キノコバエ）などを誘引し捕獲します。,アース製薬アースガーデン ハエとり棒園芸用 8本〔忌避剤・殺虫剤〕 (ﾊｴﾄﾘﾎﾞｳｴﾝｹﾞｲﾖｳ)：ソフマップ　デジタルコレクション,ソフマップ デジタルコレクションSofmap Digital CollectionパソコンタブレットPCHDDアセンブリパーツパソコンパーツテレビゲームブルーレイソフトDVDソフト液晶テレビブルーレイディスクレコーダーデジタル一眼レフカメラデジタルカメラ家電時計中古　ソフトアウトレット中古ノートパソコン中古パソコンアース製薬アースガーデン ハエとり棒園芸用 8本〔忌避剤・殺虫剤〕 (ﾊｴﾄﾘﾎﾞｳｴﾝｹﾞｲﾖｳ),アース製薬アースガーデン ハエとり棒園芸用 8本〔忌避剤・殺虫剤〕 (ﾊｴﾄﾘﾎﾞｳｴﾝｹﾞｲﾖｳ)[rn]
19-48102,http://tshop.r10s.jp/akibamac/cabinet/04987410/4901080297211.jpg?fitin=700:700,452.0000,,日用品雑貨・文房具・手芸 > その他,アース製薬アースガーデン ハイパーお庭の虫コロリ 300g〔忌避剤・殺虫剤〕 (ｱｰｽﾊｲﾊﾟｰｵﾆﾜﾉﾑｼｺ),,アースガーデン ハイパーお庭の虫コロリ 300g,アース製薬アースガーデン ハイパーお庭の虫コロリ 300g〔忌避剤・殺虫剤〕 (ｱｰｽﾊｲﾊﾟｰｵﾆﾜﾉﾑｼｺ)：ソフマップ　デジタルコレクション,ソフマップ デジタルコレクションSofmap Digital CollectionパソコンタブレットPCHDDアセンブリパーツパソコンパーツテレビゲームブルーレイソフトDVDソフト液晶テレビブルーレイディスクレコーダーデジタル一眼レフカメラデジタルカメラ家電時計中古　ソフトアウトレット中古ノートパソコン中古パソコンアース製薬アースガーデン ハイパーお庭の虫コロリ 300g〔忌避剤・殺虫剤〕 (ｱｰｽﾊｲﾊﾟｰｵﾆﾜﾉﾑｼｺ),アース製薬アースガーデン ハイパーお庭の虫コロリ 300g〔忌避剤・殺虫剤〕 (ｱｰｽﾊｲﾊﾟｰｵﾆﾜﾉﾑｼｺ)[rn]
19-48103,http://tshop.r10s.jp/akibamac/cabinet/04987410/4901070301539.jpg?fitin=700:700,103.2000,,日用品雑貨・文房具・手芸 > その他,エステーエスパラ洋服ダンス用詰 替2コ組 (ｴｽﾊﾟﾗﾂﾒｶｴ),,【消臭剤】エスパラ洋服ダンス用詰 替2コ組,エステーエスパラ洋服ダンス用詰 替2コ組 (ｴｽﾊﾟﾗﾂﾒｶｴ)：ソフマップ　デジタルコレクション,ソフマップ デジタルコレクションSofmap Digital CollectionパソコンタブレットPCHDDアセンブリパーツパソコンパーツテレビゲームブルーレイソフトDVDソフト液晶テレビブルーレイディスクレコーダーデジタル一眼レフカメラデジタルカメラ家電時計中古　ソフトアウトレット中古ノートパソコン中古パソコンエステーエスパラ洋服ダンス用詰 替2コ組 (ｴｽﾊﾟﾗﾂﾒｶｴ),エステーエスパラ洋服ダンス用詰 替2コ組 (ｴｽﾊﾟﾗﾂﾒｶｴ)[rn]
19-48104,http://tshop.r10s.jp/akibamac/cabinet/04987410/4901080107619.jpg?fitin=700:700,381.6000,,日用品雑貨・文房具・手芸 > その他,アース製薬蚊に効くおそとでノーマットつめかえ 2枚入 (ｵｿﾄﾃﾞﾉｰﾏﾂﾄｹｲﾀｲﾖ),,小さくて軽い、携帯に便利な蚊に効く携帯用蚊とり。蚊に刺されやすい首筋や足元まで全身をしっかりカバーします。,アース製薬蚊に効くおそとでノーマットつめかえ 2枚入 (ｵｿﾄﾃﾞﾉｰﾏﾂﾄｹｲﾀｲﾖ)：ソフマップ　デジタルコレクション,ソフマップ デジタルコレクションSofmap Digital CollectionパソコンタブレットPCHDDアセンブリパーツパソコンパーツテレビゲームブルーレイソフトDVDソフト液晶テレビブルーレイディスクレコーダーデジタル一眼レフカメラデジタルカメラ家電時計中古　ソフトアウトレット中古ノートパソコン中古パソコンアース製薬蚊に効くおそとでノーマットつめかえ 2枚入 (ｵｿﾄﾃﾞﾉｰﾏﾂﾄｹｲﾀｲﾖ),アース製薬蚊に効くおそとでノーマットつめかえ 2枚入 (ｵｿﾄﾃﾞﾉｰﾏﾂﾄｹｲﾀｲﾖ)[rn]
19-48105,http://tshop.r10s.jp/akibamac/cabinet/04991433/4902424427592.jpg?fitin=700:700,585.6000,,日用品雑貨・文房具・手芸 > その他,フマキラーどこでもベープ蚊取り 60日 替 (ﾄﾞｺﾃﾞﾓﾍﾞｰﾌﾟｶﾄﾘ6),,「どこでもベープ蚊取り」用の薬剤カートリッジです。,フマキラーどこでもベープ蚊取り 60日 替 (ﾄﾞｺﾃﾞﾓﾍﾞｰﾌﾟｶﾄﾘ6)：ソフマップ　デジタルコレクション,ソフマップ デジタルコレクションSofmap Digital CollectionパソコンタブレットPCHDDアセンブリパーツパソコンパーツテレビゲームブルーレイソフトDVDソフト液晶テレビブルーレイディスクレコーダーデジタル一眼レフカメラデジタルカメラ家電時計中古　ソフトアウトレット中古ノートパソコン中古パソコンフマキラーどこでもベープ蚊取り 60日 替 (ﾄﾞｺﾃﾞﾓﾍﾞｰﾌﾟｶﾄﾘ6),フマキラーどこでもベープ蚊取り 60日 替 (ﾄﾞｺﾃﾞﾓﾍﾞｰﾌﾟｶﾄﾘ6)[rn]
19-48106,http://tshop.r10s.jp/akibamac/cabinet/04987410/4901080258311.jpg?fitin=700:700,400.0000,,日用品雑貨・文房具・手芸 > その他,アース製薬バポナ 虫よけネットW 160日用 1個入 (ﾊﾞﾎﾟﾅﾑｼﾖｹﾈﾂﾄW16),,ﾊﾞﾎﾟﾅ 虫よけﾈｯﾄw160日用,アース製薬バポナ 虫よけネットW 160日用 1個入 (ﾊﾞﾎﾟﾅﾑｼﾖｹﾈﾂﾄW16)：ソフマップ　デジタルコレクション,ソフマップ デジタルコレクションSofmap Digital CollectionパソコンタブレットPCHDDアセンブリパーツパソコンパーツテレビゲームブルーレイソフトDVDソフト液晶テレビブルーレイディスクレコーダーデジタル一眼レフカメラデジタルカメラ家電時計中古　ソフトアウトレット中古ノートパソコン中古パソコンアース製薬バポナ 虫よけネットW 160日用 1個入 (ﾊﾞﾎﾟﾅﾑｼﾖｹﾈﾂﾄW16),アース製薬バポナ 虫よけネットW 160日用 1個入 (ﾊﾞﾎﾟﾅﾑｼﾖｹﾈﾂﾄW16)[rn]
19-48107,http://tshop.r10s.jp/akibamac/cabinet/04991433/4902424437409.jpg?fitin=700:700,358.4000,,日用品雑貨・文房具・手芸 > その他,フマキラーＫａｗａｉｉ Ｓｅｌｅｃｔ 虫よけバリアクルマ用無香 (KAWAIISELECTﾑｼﾖ),,●助手席側のサンバイザーに挟むだけで車内への虫の侵入を防ぐ。●フラワーモチーフを採用した女性らしいデザイン。,フマキラーＫａｗａｉｉ Ｓｅｌｅｃｔ 虫よけバリアクルマ用無香 (KAWAIISELECTﾑｼﾖ)：ソフマップ　デジタルコレクション,ソフマップ デジタルコレクションSofmap Digital CollectionパソコンタブレットPCHDDアセンブリパーツパソコンパーツテレビゲームブルーレイソフトDVDソフト液晶テレビブルーレイディスクレコーダーデジタル一眼レフカメラデジタルカメラ家電時計中古　ソフトアウトレット中古ノートパソコン中古パソコンフマキラーＫａｗａｉｉ Ｓｅｌｅｃｔ 虫よけバリアクルマ用無香 (KAWAIISELECTﾑｼﾖ),フマキラーＫａｗａｉｉ Ｓｅｌｅｃｔ 虫よけバリアクルマ用無香 (KAWAIISELECTﾑｼﾖ)[rn]
19-48108,http://tshop.r10s.jp/akibamac/cabinet/04991433/4902407267313.jpg?fitin=700:700,747.2000,,日用品雑貨・文房具・手芸 > その他,白元ヨケリーナ 虫よけプレート 1年用 屋外用 無香タイプ(1コ入) (ﾖｹﾘｰﾅﾑｼﾖｹﾌﾟﾚｰﾄ1),,ﾖｹﾘｰﾅ虫よけﾌﾟﾚｰﾄ 1年用,白元ヨケリーナ 虫よけプレート 1年用 屋外用 無香タイプ(1コ入) (ﾖｹﾘｰﾅﾑｼﾖｹﾌﾟﾚｰﾄ1)：ソフマップ　デジタルコレクション,ソフマップ デジタルコレクションSofmap Digital CollectionパソコンタブレットPCHDDアセンブリパーツパソコンパーツテレビゲームブルーレイソフトDVDソフト液晶テレビブルーレイディスクレコーダーデジタル一眼レフカメラデジタルカメラ家電時計中古　ソフトアウトレット中古ノートパソコン中古パソコン白元ヨケリーナ 虫よけプレート 1年用 屋外用 無香タイプ(1コ入) (ﾖｹﾘｰﾅﾑｼﾖｹﾌﾟﾚｰﾄ1),白元ヨケリーナ 虫よけプレート 1年用 屋外用 無香タイプ(1コ入) (ﾖｹﾘｰﾅﾑｼﾖｹﾌﾟﾚｰﾄ1)[rn]
19-48109,http://tshop.r10s.jp/akibamac/cabinet/04987410/4901080277015.jpg?fitin=700:700,704.0000,,日用品雑貨・文房具・手芸 > その他,アース製薬バポナ あみ戸に貼るだけ 160日用 2個入 (ﾊﾞﾎﾟﾅｱﾐﾄﾞﾆﾊﾙﾀﾞｹ),,ﾊﾞﾎﾟﾅ あみ戸に貼るだけ160日用,アース製薬バポナ あみ戸に貼るだけ 160日用 2個入 (ﾊﾞﾎﾟﾅｱﾐﾄﾞﾆﾊﾙﾀﾞｹ)：ソフマップ　デジタルコレクション,ソフマップ デジタルコレクションSofmap Digital CollectionパソコンタブレットPCHDDアセンブリパーツパソコンパーツテレビゲームブルーレイソフトDVDソフト液晶テレビブルーレイディスクレコーダーデジタル一眼レフカメラデジタルカメラ家電時計中古　ソフトアウトレット中古ノートパソコン中古パソコンアース製薬バポナ あみ戸に貼るだけ 160日用 2個入 (ﾊﾞﾎﾟﾅｱﾐﾄﾞﾆﾊﾙﾀﾞｹ),アース製薬バポナ あみ戸に貼るだけ 160日用 2個入 (ﾊﾞﾎﾟﾅｱﾐﾄﾞﾆﾊﾙﾀﾞｹ)[rn]
19-48110,http://tshop.r10s.jp/akibamac/cabinet/04991433/4902407267238.jpg?fitin=700:700,638.4000,,日用品雑貨・文房具・手芸 > その他,白元コリラックマ 虫よけプレート260日用 (ｺﾘﾗｯｸﾏﾑｼﾖｹﾌﾟﾚｰﾄ),,かわいらしいコリラックマデザインの虫よけプレートです。火や電池を使わない簡単・手軽な虫よけです。約260日間使用できます。（使用環境により異なります）,白元コリラックマ 虫よけプレート260日用 (ｺﾘﾗｯｸﾏﾑｼﾖｹﾌﾟﾚｰﾄ)：ソフマップ　デジタルコレクション,ソフマップ デジタルコレクションSofmap Digital CollectionパソコンタブレットPCHDDアセンブリパーツパソコンパーツテレビゲームブルーレイソフトDVDソフト液晶テレビブルーレイディスクレコーダーデジタル一眼レフカメラデジタルカメラ家電時計中古　ソフトアウトレット中古ノートパソコン中古パソコン白元コリラックマ 虫よけプレート260日用 (ｺﾘﾗｯｸﾏﾑｼﾖｹﾌﾟﾚｰﾄ),白元コリラックマ 虫よけプレート260日用 (ｺﾘﾗｯｸﾏﾑｼﾖｹﾌﾟﾚｰﾄ)[rn]
19-48111,http://tshop.r10s.jp/akibamac/cabinet/04991433/4902424434026.jpg?fitin=700:700,864.0000,,日用品雑貨・文房具・手芸 > その他,フマキラーケムシカダンHS 1000ml,,近接噴霧とジェット噴霧の2種類の切り替えが可能。,フマキラーケムシカダンHS 1000ml：ソフマップ　デジタルコレクション,ソフマップ デジタルコレクションSofmap Digital CollectionパソコンタブレットPCHDDアセンブリパーツパソコンパーツテレビゲームブルーレイソフトDVDソフト液晶テレビブルーレイディスクレコーダーデジタル一眼レフカメラデジタルカメラ家電時計中古　ソフトアウトレット中古ノートパソコン中古パソコンフマキラーケムシカダンHS 1000ml,フマキラーケムシカダンHS 1000ml[rn]
19-48112,http://tshop.r10s.jp/akibamac/cabinet/04991433/4902424426885.jpg?fitin=700:700,526.4000,,日用品雑貨・文房具・手芸 > その他,フマキラーナメクジカダン誘引殺虫粒剤 250g〔忌避剤・殺虫剤〕 (ﾅﾒｸｼﾞｶﾀﾞﾝﾕｳｲﾝR),,広い庭にも簡単にバラまける粒タイプ。接触チャンスが増え、駆除効率もアップします。,フマキラーナメクジカダン誘引殺虫粒剤 250g〔忌避剤・殺虫剤〕 (ﾅﾒｸｼﾞｶﾀﾞﾝﾕｳｲﾝR)：ソフマップ　デジタルコレクション,ソフマップ デジタルコレクションSofmap Digital CollectionパソコンタブレットPCHDDアセンブリパーツパソコンパーツテレビゲームブルーレイソフトDVDソフト液晶テレビブルーレイディスクレコーダーデジタル一眼レフカメラデジタルカメラ家電時計中古　ソフトアウトレット中古ノートパソコン中古パソコンフマキラーナメクジカダン誘引殺虫粒剤 250g〔忌避剤・殺虫剤〕 (ﾅﾒｸｼﾞｶﾀﾞﾝﾕｳｲﾝR),フマキラーナメクジカダン誘引殺虫粒剤 250g〔忌避剤・殺虫剤〕 (ﾅﾒｸｼﾞｶﾀﾞﾝﾕｳｲﾝR)[rn]
19-48113,http://tshop.r10s.jp/akibamac/cabinet/04991433/4902125955011.jpg?fitin=700:700,214.4000,,日用品雑貨・文房具・手芸 > その他,日本香堂毎日ローソク 小粒 170本入〔ろうそく・線香〕 (マイニチローソクコツブ170),,燃料時間約5分の「小粒ローソク」から、燃焼時間約40時間の「100号ローソク」まで、用途に応じ、幅広いラインナップの「毎日ローソク」です。,日本香堂毎日ローソク 小粒 170本入〔ろうそく・線香〕 (マイニチローソクコツブ170)：ソフマップ　デジタルコレクション,ソフマップ デジタルコレクションSofmap Digital CollectionパソコンタブレットPCHDDアセンブリパーツパソコンパーツテレビゲームブルーレイソフトDVDソフト液晶テレビブルーレイディスクレコーダーデジタル一眼レフカメラデジタルカメラ家電時計中古　ソフトアウトレット中古ノートパソコン中古パソコン日本香堂毎日ローソク 小粒 170本入〔ろうそく・線香〕 (マイニチローソクコツブ170),日本香堂毎日ローソク 小粒 170本入〔ろうそく・線香〕 (マイニチローソクコツブ170)[rn]
19-48114,http://tshop.r10s.jp/akibamac/cabinet/04987901/4901670111941.jpg?fitin=700:700,243.2000,,日用品雑貨・文房具・手芸 > その他,旭化成ジップロックコンテナー長方形510ml2個入 (ジップロックチヨウホウ51),,軽くて丈夫なプラスチック製保存容器です。耐熱温度140℃耐冷温度－20℃で、冷凍保存からフタごと電子レンジ加熱までできます。異なるサイズ同士でも積み重ねて保存でき、使わない時は重ねて収納できます。底面とフタの凹凸で重ねた時にずれにくくなっています。フタの中央部分を押すとパチンと閉まって、しっかり密閉します。中身がひと目でわかる半透明の容器です。容器側面に目盛りが付き内容量が確認できます。,旭化成ジップロックコンテナー長方形510ml2個入 (ジップロックチヨウホウ51)：ソフマップ　デジタルコレクション,ソフマップ デジタルコレクションSofmap Digital CollectionパソコンタブレットPCHDDアセンブリパーツパソコンパーツテレビゲームブルーレイソフトDVDソフト液晶テレビブルーレイディスクレコーダーデジタル一眼レフカメラデジタルカメラ家電時計中古　ソフトアウトレット中古ノートパソコン中古パソコン旭化成ジップロックコンテナー長方形510ml2個入 (ジップロックチヨウホウ51),旭化成ジップロックコンテナー長方形510ml2個入 (ジップロックチヨウホウ51)[rn]
19-48115,http://tshop.r10s.jp/akibamac/cabinet/04987901/4901670111989.jpg?fitin=700:700,292.8000,,日用品雑貨・文房具・手芸 > その他,旭化成ジップロックコンテナー長方形1900ml1個入,,軽くて丈夫なプラスチック製保存容器です。耐熱温度140℃耐冷温度－20℃で、冷凍保存からフタごと電子レンジ加熱までできます。異なるサイズ同士でも積み重ねて保存でき、使わない時は重ねて収納できます。底面とフタの凹凸で重ねた時にずれにくくなっています。フタの中央部分を押すとパチンと閉まって、しっかり密閉します。中身がひと目でわかる半透明の容器です。容器側面に目盛りが付き内容量が確認できます。,旭化成ジップロックコンテナー長方形1900ml1個入：ソフマップ　デジタルコレクション,ソフマップ デジタルコレクションSofmap Digital CollectionパソコンタブレットPCHDDアセンブリパーツパソコンパーツテレビゲームブルーレイソフトDVDソフト液晶テレビブルーレイディスクレコーダーデジタル一眼レフカメラデジタルカメラ家電時計中古　ソフトアウトレット中古ノートパソコン中古パソコン旭化成ジップロックコンテナー長方形1900ml1個入,旭化成ジップロックコンテナー長方形1900ml1個入[rn]
19-48116,http://tshop.r10s.jp/akibamac/cabinet/04991433/4902125249110.jpg?fitin=700:700,648.0000,,日用品雑貨・文房具・手芸 > その他,日本香堂青雲バイオレット小型バラ125G〔ろうそく・線香〕 (ｾｲｳﾝﾊﾞｲｵﾚｯﾄｺｶﾞﾀ),,ソフトで上品なフローラルの香りです。,日本香堂青雲バイオレット小型バラ125G〔ろうそく・線香〕 (ｾｲｳﾝﾊﾞｲｵﾚｯﾄｺｶﾞﾀ)：ソフマップ　デジタルコレクション,ソフマップ デジタルコレクションSofmap Digital CollectionパソコンタブレットPCHDDアセンブリパーツパソコンパーツテレビゲームブルーレイソフトDVDソフト液晶テレビブルーレイディスクレコーダーデジタル一眼レフカメラデジタルカメラ家電時計中古　ソフトアウトレット中古ノートパソコン中古パソコン日本香堂青雲バイオレット小型バラ125G〔ろうそく・線香〕 (ｾｲｳﾝﾊﾞｲｵﾚｯﾄｺｶﾞﾀ),日本香堂青雲バイオレット小型バラ125G〔ろうそく・線香〕 (ｾｲｳﾝﾊﾞｲｵﾚｯﾄｺｶﾞﾀ)[rn]
19-48117,http://tshop.r10s.jp/akibamac/cabinet/04991433/4902125206007.jpg?fitin=700:700,390.4000,,日用品雑貨・文房具・手芸 > その他,日本香堂青雲 新 徳用 #206〔ろうそく・線香〕 (ｾｲｳﾝｼﾝﾄｸﾖｳ#206),,青雲新徳用型,日本香堂青雲 新 徳用 #206〔ろうそく・線香〕 (ｾｲｳﾝｼﾝﾄｸﾖｳ#206)：ソフマップ　デジタルコレクション,ソフマップ デジタルコレクションSofmap Digital CollectionパソコンタブレットPCHDDアセンブリパーツパソコンパーツテレビゲームブルーレイソフトDVDソフト液晶テレビブルーレイディスクレコーダーデジタル一眼レフカメラデジタルカメラ家電時計中古　ソフトアウトレット中古ノートパソコン中古パソコン日本香堂青雲 新 徳用 #206〔ろうそく・線香〕 (ｾｲｳﾝｼﾝﾄｸﾖｳ#206),日本香堂青雲 新 徳用 #206〔ろうそく・線香〕 (ｾｲｳﾝｼﾝﾄｸﾖｳ#206)[rn]
19-48118,http://tshop.r10s.jp/akibamac/cabinet/04991433/4902125955097.jpg?fitin=700:700,270.4000,,日用品雑貨・文房具・手芸 > その他,日本香堂毎日ローソク 豆ダルマ 225G〔ろうそく・線香〕 (ﾏｲﾆﾁﾛｰｿｸﾏﾒﾀﾞﾙﾏ2),,燃料時間約5分の「小粒ローソク」から、燃焼時間約40時間の「100号ローソク」まで、用途に応じ、幅広いラインナップの「毎日ローソク」です。,日本香堂毎日ローソク 豆ダルマ 225G〔ろうそく・線香〕 (ﾏｲﾆﾁﾛｰｿｸﾏﾒﾀﾞﾙﾏ2)：ソフマップ　デジタルコレクション,ソフマップ デジタルコレクションSofmap Digital CollectionパソコンタブレットPCHDDアセンブリパーツパソコンパーツテレビゲームブルーレイソフトDVDソフト液晶テレビブルーレイディスクレコーダーデジタル一眼レフカメラデジタルカメラ家電時計中古　ソフトアウトレット中古ノートパソコン中古パソコン日本香堂毎日ローソク 豆ダルマ 225G〔ろうそく・線香〕 (ﾏｲﾆﾁﾛｰｿｸﾏﾒﾀﾞﾙﾏ2),日本香堂毎日ローソク 豆ダルマ 225G〔ろうそく・線香〕 (ﾏｲﾆﾁﾛｰｿｸﾏﾒﾀﾞﾙﾏ2)[rn]
19-48119,http://tshop.r10s.jp/akibamac/cabinet/04991433/4902125247000.jpg?fitin=700:700,1344.0000,,日用品雑貨・文房具・手芸 > その他,日本香堂青雲 バイオレット 大型〔ろうそく・線香〕 (ｾｲｳﾝﾊﾞｲｵﾚｯﾄｵｵｶﾞ),,青雲バイオレット大型バラ詰,日本香堂青雲 バイオレット 大型〔ろうそく・線香〕 (ｾｲｳﾝﾊﾞｲｵﾚｯﾄｵｵｶﾞ)：ソフマップ　デジタルコレクション,ソフマップ デジタルコレクションSofmap Digital CollectionパソコンタブレットPCHDDアセンブリパーツパソコンパーツテレビゲームブルーレイソフトDVDソフト液晶テレビブルーレイディスクレコーダーデジタル一眼レフカメラデジタルカメラ家電時計中古　ソフトアウトレット中古ノートパソコン中古パソコン日本香堂青雲 バイオレット 大型〔ろうそく・線香〕 (ｾｲｳﾝﾊﾞｲｵﾚｯﾄｵｵｶﾞ),日本香堂青雲 バイオレット 大型〔ろうそく・線香〕 (ｾｲｳﾝﾊﾞｲｵﾚｯﾄｵｵｶﾞ)[rn]
19-48120,http://tshop.r10s.jp/akibamac/cabinet/04785997/4973381163113.jpg?fitin=700:700,928.0000,,日用品雑貨・文房具・手芸 > その他,サンコーバリアフリータイルマット 30×30cm 8枚入 KD-33（無地グリーン） (KD33),,薄くて、ズレなく、つまずかいない！,サンコーバリアフリータイルマット 30&times;30cm 8枚入 KD-33（無地グリーン） (KD33)：ソフマップ　デジタルコレクション,ソフマップ デジタルコレクションSofmap Digital CollectionパソコンタブレットPCHDDアセンブリパーツパソコンパーツテレビゲームブルーレイソフトDVDソフト液晶テレビブルーレイディスクレコーダーデジタル一眼レフカメラデジタルカメラ家電時計中古　ソフトアウトレット中古ノートパソコン中古パソコンサンコーバリアフリータイルマット 30&times;30cm 8枚入 KD-33（無地グリーン） (KD33),サンコーバリアフリータイルマット 30&times;30cm 8枚入 KD-33（無地グリーン） (KD33)[rn]
19-48121,http://tshop.r10s.jp/akibamac/cabinet/04987901/4901670111965.jpg?fitin=700:700,292.8000,,日用品雑貨・文房具・手芸 > その他,旭化成ジップロックコンテナー正方形1100ml2個入 (ｼﾞｯﾌﾟﾛｯｸｾｲﾎｳ110),,軽くて丈夫なプラスチック製保存容器です。耐熱温度140℃耐冷温度－20℃で、冷凍保存からフタごと電子レンジ加熱までできます。異なるサイズ同士でも積み重ねて保存でき、使わない時は重ねて収納できます。底面とフタの凹凸で重ねた時にずれにくくなっています。フタの中央部分を押すとパチンと閉まって、しっかり密閉します。中身がひと目でわかる半透明の容器です。容器側面に目盛りが付き内容量が確認できます。,旭化成ジップロックコンテナー正方形1100ml2個入 (ｼﾞｯﾌﾟﾛｯｸｾｲﾎｳ110)：ソフマップ　デジタルコレクション,ソフマップ デジタルコレクションSofmap Digital CollectionパソコンタブレットPCHDDアセンブリパーツパソコンパーツテレビゲームブルーレイソフトDVDソフト液晶テレビブルーレイディスクレコーダーデジタル一眼レフカメラデジタルカメラ家電時計中古　ソフトアウトレット中古ノートパソコン中古パソコン旭化成ジップロックコンテナー正方形1100ml2個入 (ｼﾞｯﾌﾟﾛｯｸｾｲﾎｳ110),旭化成ジップロックコンテナー正方形1100ml2個入 (ｼﾞｯﾌﾟﾛｯｸｾｲﾎｳ110)[rn]
19-48122,http://tshop.r10s.jp/akibamac/cabinet/04987901/4901670111972.jpg?fitin=700:700,292.8000,,日用品雑貨・文房具・手芸 > その他,旭化成ジップロックコンテナー長方形1100ml1個入 (ｼﾞｯﾌﾟﾛｯｸﾁﾖｳﾎｳ11),,軽くて丈夫なプラスチック製保存容器です。耐熱温度140℃耐冷温度－20℃で、冷凍保存からフタごと電子レンジ加熱までできます。異なるサイズ同士でも積み重ねて保存でき、使わない時は重ねて収納できます。底面とフタの凹凸で重ねた時にずれにくくなっています。フタの中央部分を押すとパチンと閉まって、しっかり密閉します。中身がひと目でわかる半透明の容器です。容器側面に目盛りが付き内容量が確認できます。,旭化成ジップロックコンテナー長方形1100ml1個入 (ｼﾞｯﾌﾟﾛｯｸﾁﾖｳﾎｳ11)：ソフマップ　デジタルコレクション,ソフマップ デジタルコレクションSofmap Digital CollectionパソコンタブレットPCHDDアセンブリパーツパソコンパーツテレビゲームブルーレイソフトDVDソフト液晶テレビブルーレイディスクレコーダーデジタル一眼レフカメラデジタルカメラ家電時計中古　ソフトアウトレット中古ノートパソコン中古パソコン旭化成ジップロックコンテナー長方形1100ml1個入 (ｼﾞｯﾌﾟﾛｯｸﾁﾖｳﾎｳ11),旭化成ジップロックコンテナー長方形1100ml1個入 (ｼﾞｯﾌﾟﾛｯｸﾁﾖｳﾎｳ11)[rn]
19-48123,http://tshop.r10s.jp/akibamac/cabinet/04987901/4901670111927.jpg?fitin=700:700,212.8000,,日用品雑貨・文房具・手芸 > その他,旭化成ジップロックコンテナー正方形130ml4個入 (ジップロックセイホウ130),,軽くて丈夫なプラスチック製保存容器です。耐熱温度140℃耐冷温度－20℃で、冷凍保存からフタごと電子レンジ加熱までできます。異なるサイズ同士でも積み重ねて保存でき、使わない時は重ねて収納できます。底面とフタの凹凸で重ねた時にずれにくくなっています。フタの中央部分を押すとパチンと閉まって、しっかり密閉します。中身がひと目でわかる半透明の容器です。容器側面に目盛りが付き内容量が確認できます。,旭化成ジップロックコンテナー正方形130ml4個入 (ジップロックセイホウ130)：ソフマップ　デジタルコレクション,ソフマップ デジタルコレクションSofmap Digital CollectionパソコンタブレットPCHDDアセンブリパーツパソコンパーツテレビゲームブルーレイソフトDVDソフト液晶テレビブルーレイディスクレコーダーデジタル一眼レフカメラデジタルカメラ家電時計中古　ソフトアウトレット中古ノートパソコン中古パソコン旭化成ジップロックコンテナー正方形130ml4個入 (ジップロックセイホウ130),旭化成ジップロックコンテナー正方形130ml4個入 (ジップロックセイホウ130)[rn]
19-48124,http://tshop.r10s.jp/akibamac/cabinet/04987901/4901601237320.jpg?fitin=700:700,214.4000,,日用品雑貨・文房具・手芸 > その他,貝印ケショウボトルクリアキャップ30ml,,ケショウボトルクリアキャップ30ml,貝印ケショウボトルクリアキャップ30ml：ソフマップ　デジタルコレクション,ソフマップ デジタルコレクションSofmap Digital CollectionパソコンタブレットPCHDDアセンブリパーツパソコンパーツテレビゲームブルーレイソフトDVDソフト液晶テレビブルーレイディスクレコーダーデジタル一眼レフカメラデジタルカメラ家電時計中古　ソフトアウトレット中古ノートパソコン中古パソコン貝印ケショウボトルクリアキャップ30ml,貝印ケショウボトルクリアキャップ30ml[rn]
19-48125,http://tshop.r10s.jp/akibamac/cabinet/04987901/4901670111996.jpg?fitin=700:700,292.8000,,日用品雑貨・文房具・手芸 > その他,旭化成ジップロックコンテナーベーシックアソート (ｼﾞｯﾌﾟﾛｯｸﾍﾞｼｯｸｱｿ),,軽くて丈夫なプラスチック製保存容器です。耐熱温度140℃耐冷温度－20℃で、冷凍保存からフタごと電子レンジ加熱までできます。異なるサイズ同士でも積み重ねて保存でき、使わない時は重ねて収納できます。底面とフタの凹凸で重ねた時にずれにくくなっています。フタの中央部分を押すとパチンと閉まって、しっかり密閉します。中身がひと目でわかる半透明の容器です。容器側面に目盛りが付き内容量が確認できます。,旭化成ジップロックコンテナーベーシックアソート (ｼﾞｯﾌﾟﾛｯｸﾍﾞｼｯｸｱｿ)：ソフマップ　デジタルコレクション,ソフマップ デジタルコレクションSofmap Digital CollectionパソコンタブレットPCHDDアセンブリパーツパソコンパーツテレビゲームブルーレイソフトDVDソフト液晶テレビブルーレイディスクレコーダーデジタル一眼レフカメラデジタルカメラ家電時計中古　ソフトアウトレット中古ノートパソコン中古パソコン旭化成ジップロックコンテナーベーシックアソート (ｼﾞｯﾌﾟﾛｯｸﾍﾞｼｯｸｱｿ),旭化成ジップロックコンテナーベーシックアソート (ｼﾞｯﾌﾟﾛｯｸﾍﾞｼｯｸｱｿ)[rn]
19-48126,http://tshop.r10s.jp/akibamac/cabinet/04987901/4901670111958.jpg?fitin=700:700,292.8000,,日用品雑貨・文房具・手芸 > その他,旭化成ジップロックコンテナー正方形700ml2個入 (ｼﾞｯﾌﾟﾛｯｸｾｲﾎｳ700),,軽くて丈夫なプラスチック製保存容器です。耐熱温度140℃耐冷温度－20℃で、冷凍保存からフタごと電子レンジ加熱までできます。異なるサイズ同士でも積み重ねて保存でき、使わない時は重ねて収納できます。底面とフタの凹凸で重ねた時にずれにくくなっています。フタの中央部分を押すとパチンと閉まって、しっかり密閉します。中身がひと目でわかる半透明の容器です。容器側面に目盛りが付き内容量が確認できます。,旭化成ジップロックコンテナー正方形700ml2個入 (ｼﾞｯﾌﾟﾛｯｸｾｲﾎｳ700)：ソフマップ　デジタルコレクション,ソフマップ デジタルコレクションSofmap Digital CollectionパソコンタブレットPCHDDアセンブリパーツパソコンパーツテレビゲームブルーレイソフトDVDソフト液晶テレビブルーレイディスクレコーダーデジタル一眼レフカメラデジタルカメラ家電時計中古　ソフトアウトレット中古ノートパソコン中古パソコン旭化成ジップロックコンテナー正方形700ml2個入 (ｼﾞｯﾌﾟﾛｯｸｾｲﾎｳ700),旭化成ジップロックコンテナー正方形700ml2個入 (ｼﾞｯﾌﾟﾛｯｸｾｲﾎｳ700)[rn]
19-48127,http://tshop.r10s.jp/akibamac/cabinet/04987410/4901121626376.jpg?fitin=700:700,250.4000,,日用品雑貨・文房具・手芸 > その他,王子ネピアネピア 鼻セレブポケットティシュ 16個パック〔ポケットティッシュ〕 (ネピアハナセレブポケット),,ネピア ハナセレブポケット,王子ネピアネピア 鼻セレブポケットティシュ 16個パック〔ポケットティッシュ〕 (ネピアハナセレブポケット)：ソフマップ　デジタルコレクション,ソフマップ デジタルコレクションSofmap Digital CollectionパソコンタブレットPCHDDアセンブリパーツパソコンパーツテレビゲームブルーレイソフトDVDソフト液晶テレビブルーレイディスクレコーダーデジタル一眼レフカメラデジタルカメラ家電時計中古　ソフトアウトレット中古ノートパソコン中古パソコン王子ネピアネピア 鼻セレブポケットティシュ 16個パック〔ポケットティッシュ〕 (ネピアハナセレブポケット),王子ネピアネピア 鼻セレブポケットティシュ 16個パック〔ポケットティッシュ〕 (ネピアハナセレブポケット)[rn]
19-48128,http://tshop.r10s.jp/akibamac/cabinet/04987410/4901121626505.jpg?fitin=700:700,480.0000,,日用品雑貨・文房具・手芸 > その他,王子ネピアネピア アンパンマン 鼻セレブティシュ 180組×3個パック〔ティッシュペーパー〕 (アンパンマンハナセレブティ),,アンパンマン 鼻セレブティシュ 180W,王子ネピアネピア アンパンマン 鼻セレブティシュ 180組&times;3個パック〔ティッシュペーパー〕 (アンパンマンハナセレブティ)：ソフマップ　デジタルコレクション,ソフマップ デジタルコレクションSofmap Digital CollectionパソコンタブレットPCHDDアセンブリパーツパソコンパーツテレビゲームブルーレイソフトDVDソフト液晶テレビブルーレイディスクレコーダーデジタル一眼レフカメラデジタルカメラ家電時計中古　ソフトアウトレット中古ノートパソコン中古パソコン王子ネピアネピア アンパンマン 鼻セレブティシュ 180組&times;3個パック〔ティッシュペーパー〕 (アンパンマンハナセレブティ),王子ネピアネピア アンパンマン 鼻セレブティシュ 180組&times;3個パック〔ティッシュペーパー〕 (アンパンマンハナセレブティ)[rn]
19-48129,http://tshop.r10s.jp/akibamac/cabinet/04987901/4901655474405.jpg?fitin=700:700,101.6000,,日用品雑貨・文房具・手芸 > その他,日本製紙クレシアスコッティ カシミヤ ポケット 20枚×6パック〔ポケットティッシュ〕 (スコッティカシミヤポケット6),,スコッティカシミヤポケット6P,日本製紙クレシアスコッティ カシミヤ ポケット 20枚&times;6パック〔ポケットティッシュ〕 (スコッティカシミヤポケット6)：ソフマップ　デジタルコレクション,ソフマップ デジタルコレクションSofmap Digital CollectionパソコンタブレットPCHDDアセンブリパーツパソコンパーツテレビゲームブルーレイソフトDVDソフト液晶テレビブルーレイディスクレコーダーデジタル一眼レフカメラデジタルカメラ家電時計中古　ソフトアウトレット中古ノートパソコン中古パソコン日本製紙クレシアスコッティ カシミヤ ポケット 20枚&times;6パック〔ポケットティッシュ〕 (スコッティカシミヤポケット6),日本製紙クレシアスコッティ カシミヤ ポケット 20枚&times;6パック〔ポケットティッシュ〕 (スコッティカシミヤポケット6)[rn]
19-48130,http://tshop.r10s.jp/akibamac/cabinet/04987410/4901121626369.jpg?fitin=700:700,105.6000,,日用品雑貨・文房具・手芸 > その他,王子ネピアネピア 鼻セレブポケットティシュ 4個パック〔ポケットティッシュ〕 (ﾊﾅｾﾚﾌﾞﾎﾟｹｯﾄ),,鼻セレブ ポケット 4P,王子ネピアネピア 鼻セレブポケットティシュ 4個パック〔ポケットティッシュ〕 (ﾊﾅｾﾚﾌﾞﾎﾟｹｯﾄ)：ソフマップ　デジタルコレクション,ソフマップ デジタルコレクションSofmap Digital CollectionパソコンタブレットPCHDDアセンブリパーツパソコンパーツテレビゲームブルーレイソフトDVDソフト液晶テレビブルーレイディスクレコーダーデジタル一眼レフカメラデジタルカメラ家電時計中古　ソフトアウトレット中古ノートパソコン中古パソコン王子ネピアネピア 鼻セレブポケットティシュ 4個パック〔ポケットティッシュ〕 (ﾊﾅｾﾚﾌﾞﾎﾟｹｯﾄ),王子ネピアネピア 鼻セレブポケットティシュ 4個パック〔ポケットティッシュ〕 (ﾊﾅｾﾚﾌﾞﾎﾟｹｯﾄ)[rn]
19-48131,http://tshop.r10s.jp/akibamac/cabinet/04987410/4901121614243.jpg?fitin=700:700,120.8000,,日用品雑貨・文房具・手芸 > その他,王子ネピアネピア 鼻セレブポケットティシュ ITSUMO 50組〔ポケットティッシュ〕 (ﾈﾋﾟｱﾊﾅｾﾚﾌﾞITSUM),,ネピア ハナセレブITSUMO,王子ネピアネピア 鼻セレブポケットティシュ ITSUMO 50組〔ポケットティッシュ〕 (ﾈﾋﾟｱﾊﾅｾﾚﾌﾞITSUM)：ソフマップ　デジタルコレクション,ソフマップ デジタルコレクションSofmap Digital CollectionパソコンタブレットPCHDDアセンブリパーツパソコンパーツテレビゲームブルーレイソフトDVDソフト液晶テレビブルーレイディスクレコーダーデジタル一眼レフカメラデジタルカメラ家電時計中古　ソフトアウトレット中古ノートパソコン中古パソコン王子ネピアネピア 鼻セレブポケットティシュ ITSUMO 50組〔ポケットティッシュ〕 (ﾈﾋﾟｱﾊﾅｾﾚﾌﾞITSUM),王子ネピアネピア 鼻セレブポケットティシュ ITSUMO 50組〔ポケットティッシュ〕 (ﾈﾋﾟｱﾊﾅｾﾚﾌﾞITSUM)[rn]
19-48132,http://tshop.r10s.jp/akibamac/cabinet/04987901/4901655440509.jpg?fitin=700:700,153.6000,,日用品雑貨・文房具・手芸 > その他,日本製紙クレシアスコッティ カシミヤ 440枚(220組)〔ティッシュペーパー〕 (スコッティカシミヤ220W),,スコッティ カシミヤ,日本製紙クレシアスコッティ カシミヤ 440枚(220組)〔ティッシュペーパー〕 (スコッティカシミヤ220W)：ソフマップ　デジタルコレクション,ソフマップ デジタルコレクションSofmap Digital CollectionパソコンタブレットPCHDDアセンブリパーツパソコンパーツテレビゲームブルーレイソフトDVDソフト液晶テレビブルーレイディスクレコーダーデジタル一眼レフカメラデジタルカメラ家電時計中古　ソフトアウトレット中古ノートパソコン中古パソコン日本製紙クレシアスコッティ カシミヤ 440枚(220組)〔ティッシュペーパー〕 (スコッティカシミヤ220W),日本製紙クレシアスコッティ カシミヤ 440枚(220組)〔ティッシュペーパー〕 (スコッティカシミヤ220W)[rn]
19-48133,http://tshop.r10s.jp/akibamac/cabinet/04987901/4901301313195.jpg?fitin=700:700,80.0000,,日用品雑貨・文房具・手芸 > その他,花王ビオレu 除菌やわらかウェットシート ノンアルコールタイプ 10枚入〔ウェットティッシュ〕,,厚手でやぶれにくい凸凹シートが身のまわりのものの泥・油汚れ・バイ菌もしっかりふきとる！お子さまの口もとまでやさしくふけるノンアルコールタイプ。やわらかシートだから、やさしいふき心地です。素肌と同じ弱酸性、無香料。持ち運びしやすい10枚入り。,花王ビオレu 除菌やわらかウェットシート ノンアルコールタイプ 10枚入〔ウェットティッシュ〕：ソフマップ　デジタルコレクション,ソフマップ デジタルコレクションSofmap Digital CollectionパソコンタブレットPCHDDアセンブリパーツパソコンパーツテレビゲームブルーレイソフトDVDソフト液晶テレビブルーレイディスクレコーダーデジタル一眼レフカメラデジタルカメラ家電時計中古　ソフトアウトレット中古ノートパソコン中古パソコン花王ビオレu 除菌やわらかウェットシート ノンアルコールタイプ 10枚入〔ウェットティッシュ〕,花王ビオレu 除菌やわらかウェットシート ノンアルコールタイプ 10枚入〔ウェットティッシュ〕[rn]
19-48134,http://tshop.r10s.jp/akibamac/cabinet/04987901/4901301313201.jpg?fitin=700:700,80.0000,,日用品雑貨・文房具・手芸 > その他,花王ビオレu 除菌やわらかウェットシート アルコールタイプ 10枚入〔ウェットティッシュ〕 (ﾋﾞｵﾚUｼﾞｮｷﾝｼｰﾄAL),,厚手でやぶれにくい凸凹シートが身のまわりのものの泥・油汚れ・バイ菌もしっかりふきとる！外出先でのしつこい汚れまでしっかりふけるアルコールタイプ。やわらかシートだから、やさしいふき心地です。素肌と同じ弱酸性、無香料。持ち運びしやすい10枚入り。,花王ビオレu 除菌やわらかウェットシート アルコールタイプ 10枚入〔ウェットティッシュ〕 (ﾋﾞｵﾚUｼﾞｮｷﾝｼｰﾄAL)：ソフマップ　デジタルコレクション,ソフマップ デジタルコレクションSofmap Digital CollectionパソコンタブレットPCHDDアセンブリパーツパソコンパーツテレビゲームブルーレイソフトDVDソフト液晶テレビブルーレイディスクレコーダーデジタル一眼レフカメラデジタルカメラ家電時計中古　ソフトアウトレット中古ノートパソコン中古パソコン花王ビオレu 除菌やわらかウェットシート アルコールタイプ 10枚入〔ウェットティッシュ〕 (ﾋﾞｵﾚUｼﾞｮｷﾝｼｰﾄAL),花王ビオレu 除菌やわらかウェットシート アルコールタイプ 10枚入〔ウェットティッシュ〕 (ﾋﾞｵﾚUｼﾞｮｷﾝｼｰﾄAL)[rn]
19-48135,http://tshop.r10s.jp/akibamac/cabinet/04991433/4902011711547.jpg?fitin=700:700,76.8000,,日用品雑貨・文房具・手芸 > その他,大王製紙エリエール プラスウォーター ポケットティッシュー 4P〔ポケットティッシュ〕 (エリエールプラスウォーターホ),,「買いやすさ」も、品質です。新・潤いティシュー,大王製紙エリエール プラスウォーター ポケットティッシュー 4P〔ポケットティッシュ〕 (エリエールプラスウォーターホ)：ソフマップ　デジタルコレクション,ソフマップ デジタルコレクションSofmap Digital CollectionパソコンタブレットPCHDDアセンブリパーツパソコンパーツテレビゲームブルーレイソフトDVDソフト液晶テレビブルーレイディスクレコーダーデジタル一眼レフカメラデジタルカメラ家電時計中古　ソフトアウトレット中古ノートパソコン中古パソコン大王製紙エリエール プラスウォーター ポケットティッシュー 4P〔ポケットティッシュ〕 (エリエールプラスウォーターホ),大王製紙エリエール プラスウォーター ポケットティッシュー 4P〔ポケットティッシュ〕 (エリエールプラスウォーターホ)[rn]
19-48136,http://tshop.r10s.jp/akibamac/cabinet/04991433/4902011733167.jpg?fitin=700:700,228.0000,,日用品雑貨・文房具・手芸 > その他,大王製紙エリエール 薬用消毒できるアルコールタオル つめかえ用 70枚〔ウェットティッシュ〕 (ｴﾘｴｰﾙｼｮｳﾄﾞｸｱﾙｺｰ),,●エリエール消毒ウェットは手指に付着した菌の無害化をアピールできる、指定医薬部外品です！,大王製紙エリエール 薬用消毒できるアルコールタオル つめかえ用 70枚〔ウェットティッシュ〕 (ｴﾘｴｰﾙｼｮｳﾄﾞｸｱﾙｺｰ)：ソフマップ　デジタルコレクション,ソフマップ デジタルコレクションSofmap Digital CollectionパソコンタブレットPCHDDアセンブリパーツパソコンパーツテレビゲームブルーレイソフトDVDソフト液晶テレビブルーレイディスクレコーダーデジタル一眼レフカメラデジタルカメラ家電時計中古　ソフトアウトレット中古ノートパソコン中古パソコン大王製紙エリエール 薬用消毒できるアルコールタオル つめかえ用 70枚〔ウェットティッシュ〕 (ｴﾘｴｰﾙｼｮｳﾄﾞｸｱﾙｺｰ),大王製紙エリエール 薬用消毒できるアルコールタオル つめかえ用 70枚〔ウェットティッシュ〕 (ｴﾘｴｰﾙｼｮｳﾄﾞｸｱﾙｺｰ)[rn]
19-48137,http://tshop.r10s.jp/akibamac/cabinet/04991433/4902011731125.jpg?fitin=700:700,228.0000,,日用品雑貨・文房具・手芸 > その他,大王製紙エリエール 除菌できるアルコールタオル 詰替用 80枚入〔ウェットティッシュ〕 (ｼﾞｮｷﾝﾃﾞｷﾙｱﾙｺｰﾙﾀ),,お掃除、お手ふきに。高濃度アルコール配合+手にやさしいアロエエキス配合。,大王製紙エリエール 除菌できるアルコールタオル 詰替用 80枚入〔ウェットティッシュ〕 (ｼﾞｮｷﾝﾃﾞｷﾙｱﾙｺｰﾙﾀ)：ソフマップ　デジタルコレクション,ソフマップ デジタルコレクションSofmap Digital CollectionパソコンタブレットPCHDDアセンブリパーツパソコンパーツテレビゲームブルーレイソフトDVDソフト液晶テレビブルーレイディスクレコーダーデジタル一眼レフカメラデジタルカメラ家電時計中古　ソフトアウトレット中古ノートパソコン中古パソコン大王製紙エリエール 除菌できるアルコールタオル 詰替用 80枚入〔ウェットティッシュ〕 (ｼﾞｮｷﾝﾃﾞｷﾙｱﾙｺｰﾙﾀ),大王製紙エリエール 除菌できるアルコールタオル 詰替用 80枚入〔ウェットティッシュ〕 (ｼﾞｮｷﾝﾃﾞｷﾙｱﾙｺｰﾙﾀ)[rn]
19-48138,http://tshop.r10s.jp/akibamac/cabinet/04991433/4902011732078.jpg?fitin=700:700,149.6000,,日用品雑貨・文房具・手芸 > その他,大王製紙エリエール 除菌できるアルコールタオル携帯32枚入〔ウェットティッシュ〕 (ｴﾘｴｰﾙｼﾞｮｷﾝｹｲﾀｲ),,お掃除、お手ふきに。高濃度アルコール配合+手にやさしいアロエエキス配合。,大王製紙エリエール 除菌できるアルコールタオル携帯32枚入〔ウェットティッシュ〕 (ｴﾘｴｰﾙｼﾞｮｷﾝｹｲﾀｲ)：ソフマップ　デジタルコレクション,ソフマップ デジタルコレクションSofmap Digital CollectionパソコンタブレットPCHDDアセンブリパーツパソコンパーツテレビゲームブルーレイソフトDVDソフト液晶テレビブルーレイディスクレコーダーデジタル一眼レフカメラデジタルカメラ家電時計中古　ソフトアウトレット中古ノートパソコン中古パソコン大王製紙エリエール 除菌できるアルコールタオル携帯32枚入〔ウェットティッシュ〕 (ｴﾘｴｰﾙｼﾞｮｷﾝｹｲﾀｲ),大王製紙エリエール 除菌できるアルコールタオル携帯32枚入〔ウェットティッシュ〕 (ｴﾘｴｰﾙｼﾞｮｷﾝｹｲﾀｲ)[rn]
19-48139,http://tshop.r10s.jp/akibamac/cabinet/04991433/4902011731118.jpg?fitin=700:700,342.4000,,日用品雑貨・文房具・手芸 > その他,大王製紙エリエール 除菌できるアルコールタオル 100枚入〔ウェットティッシュ〕,,お掃除、お手ふきに。高濃度アルコール配合+手にやさしいアロエエキス配合。,大王製紙エリエール 除菌できるアルコールタオル 100枚入〔ウェットティッシュ〕：ソフマップ　デジタルコレクション,ソフマップ デジタルコレクションSofmap Digital CollectionパソコンタブレットPCHDDアセンブリパーツパソコンパーツテレビゲームブルーレイソフトDVDソフト液晶テレビブルーレイディスクレコーダーデジタル一眼レフカメラデジタルカメラ家電時計中古　ソフトアウトレット中古ノートパソコン中古パソコン大王製紙エリエール 除菌できるアルコールタオル 100枚入〔ウェットティッシュ〕,大王製紙エリエール 除菌できるアルコールタオル 100枚入〔ウェットティッシュ〕[rn]
19-48140,http://tshop.r10s.jp/akibamac/cabinet/04987410/4901121696331.jpg?fitin=700:700,160.0000,,日用品雑貨・文房具・手芸 > その他,王子ネピア【nepia（ネピア）】 ウエットントン 除菌ウエットティシュポケット ノンアルコール オレンジの香り 30枚入〔ウェットティッシュ〕 (ｳｴｯﾄﾝﾄﾝﾉﾝｱﾙ30),,ほのかなオレンジの香り付き「ウエットントン」ノンアルコールタイプは、いま人気の「ほのかなオレンジの香り」を加えました。,王子ネピア【nepia（ネピア）】 ウエットントン 除菌ウエットティシュポケット ノンアルコール オレンジの香り 30枚入〔ウェットティッシュ〕 (ｳｴｯﾄﾝﾄﾝﾉﾝｱﾙ30)：ソフマップ　デジタルコレクション,ソフマップ デジタルコレクションSofmap Digital CollectionパソコンタブレットPCHDDアセンブリパーツパソコンパーツテレビゲームブルーレイソフトDVDソフト液晶テレビブルーレイディスクレコーダーデジタル一眼レフカメラデジタルカメラ家電時計中古　ソフトアウトレット中古ノートパソコン中古パソコン王子ネピア【nepia（ネピア）】 ウエットントン 除菌ウエットティシュポケット ノンアルコール オレンジの香り 30枚入〔ウェットティッシュ〕 (ｳｴｯﾄﾝﾄﾝﾉﾝｱﾙ30),王子ネピア【nepia（ネピア）】 ウエットントン 除菌ウエットティシュポケット ノンアルコール オレンジの香り 30枚入〔ウェットティッシュ〕 (ｳｴｯﾄﾝﾄﾝﾉﾝｱﾙ30)[rn]
19-48141,http://tshop.r10s.jp/akibamac/cabinet/04991433/4902011733150.jpg?fitin=700:700,380.0000,,日用品雑貨・文房具・手芸 > その他,大王製紙エリエール 薬用消毒できるアルコールタオル 80枚〔ウェットティッシュ〕 (ｴﾘｴｰﾙｼｮｳﾄﾞｸｱﾙｺｰ),,●エリエール消毒ウェットは手指に付着した菌の無害化をアピールできる。,大王製紙エリエール 薬用消毒できるアルコールタオル 80枚〔ウェットティッシュ〕 (ｴﾘｴｰﾙｼｮｳﾄﾞｸｱﾙｺｰ)：ソフマップ　デジタルコレクション,ソフマップ デジタルコレクションSofmap Digital CollectionパソコンタブレットPCHDDアセンブリパーツパソコンパーツテレビゲームブルーレイソフトDVDソフト液晶テレビブルーレイディスクレコーダーデジタル一眼レフカメラデジタルカメラ家電時計中古　ソフトアウトレット中古ノートパソコン中古パソコン大王製紙エリエール 薬用消毒できるアルコールタオル 80枚〔ウェットティッシュ〕 (ｴﾘｴｰﾙｼｮｳﾄﾞｸｱﾙｺｰ),大王製紙エリエール 薬用消毒できるアルコールタオル 80枚〔ウェットティッシュ〕 (ｴﾘｴｰﾙｼｮｳﾄﾞｸｱﾙｺｰ)[rn]
19-48142,http://tshop.r10s.jp/akibamac/cabinet/04987901/4901301005731.jpg?fitin=700:700,76.0000,,日用品雑貨・文房具・手芸 > その他,花王サニーナ ティッシュ 20枚入 (ｻﾆｰﾅﾃｨｯｼｭ),,ふきと用りオイル含ませた携帯用ティッシュ,花王サニーナ ティッシュ 20枚入 (ｻﾆｰﾅﾃｨｯｼｭ)：ソフマップ　デジタルコレクション,ソフマップ デジタルコレクションSofmap Digital CollectionパソコンタブレットPCHDDアセンブリパーツパソコンパーツテレビゲームブルーレイソフトDVDソフト液晶テレビブルーレイディスクレコーダーデジタル一眼レフカメラデジタルカメラ家電時計中古　ソフトアウトレット中古ノートパソコン中古パソコン花王サニーナ ティッシュ 20枚入 (ｻﾆｰﾅﾃｨｯｼｭ),花王サニーナ ティッシュ 20枚入 (ｻﾆｰﾅﾃｨｯｼｭ)[rn]
19-48143,http://tshop.r10s.jp/akibamac/cabinet/04987410/4544634000655.jpg?fitin=700:700,4384.0000,,日用品雑貨・文房具・手芸 > その他,【送料無料】ケイホスピアOS-14 オッセンベルグ 杖伸縮タイプ (OS14),,ヨーロッパを代表する杖メーカー。  リハビリ用の杖は高い機能性と品質で、世界に認められています。,【送料無料】ケイホスピアOS-14 オッセンベルグ 杖伸縮タイプ (OS14)：ソフマップ　デジタルコレクション,ソフマップ デジタルコレクションSofmap Digital CollectionパソコンタブレットPCHDDアセンブリパーツパソコンパーツテレビゲームブルーレイソフトDVDソフト液晶テレビブルーレイディスクレコーダーデジタル一眼レフカメラデジタルカメラ家電時計中古　ソフトアウトレット中古ノートパソコン中古パソコン【送料無料】ケイホスピアOS-14 オッセンベルグ 杖伸縮タイプ (OS14),【送料無料】ケイホスピアOS-14 オッセンベルグ 杖伸縮タイプ (OS14)[rn]
19-48144,http://tshop.r10s.jp/akibamac/cabinet/04991433/4901750802776.jpg?fitin=700:700,1206.4000,,日用品雑貨・文房具・手芸 > その他,日本製紙クレシアアクティ Wで消臭パンツ 長時間タイプ L－LL 16枚 (ACWﾃﾞｼｮｳｼｭｳｳｽﾁｮ),,●吸収体改良でより「ふっくら」、さらに「フィット」。,日本製紙クレシアアクティ Wで消臭パンツ 長時間タイプ L&minus;LL 16枚 (ACWﾃﾞｼｮｳｼｭｳｳｽﾁｮ)：ソフマップ　デジタルコレクション,ソフマップ デジタルコレクションSofmap Digital CollectionパソコンタブレットPCHDDアセンブリパーツパソコンパーツテレビゲームブルーレイソフトDVDソフト液晶テレビブルーレイディスクレコーダーデジタル一眼レフカメラデジタルカメラ家電時計中古　ソフトアウトレット中古ノートパソコン中古パソコン日本製紙クレシアアクティ Wで消臭パンツ 長時間タイプ L&minus;LL 16枚 (ACWﾃﾞｼｮｳｼｭｳｳｽﾁｮ),日本製紙クレシアアクティ Wで消臭パンツ 長時間タイプ L&minus;LL 16枚 (ACWﾃﾞｼｮｳｼｭｳｳｽﾁｮ)[rn]
19-48145,http://tshop.r10s.jp/akibamac/cabinet/04987410/4544634000853.jpg?fitin=700:700,4384.0000,,日用品雑貨・文房具・手芸 > その他,【送料無料】ケイホスピアAG-1L  オッセンベルグ 左手杖伸縮タイプ (AG1L),,ヨーロッパを代表する杖メーカー。  リハビリ用の杖は高い機能性と品質で、世界に認められています。,【送料無料】ケイホスピアAG-1L  オッセンベルグ 左手杖伸縮タイプ (AG1L)：ソフマップ　デジタルコレクション,ソフマップ デジタルコレクションSofmap Digital CollectionパソコンタブレットPCHDDアセンブリパーツパソコンパーツテレビゲームブルーレイソフトDVDソフト液晶テレビブルーレイディスクレコーダーデジタル一眼レフカメラデジタルカメラ家電時計中古　ソフトアウトレット中古ノートパソコン中古パソコン【送料無料】ケイホスピアAG-1L  オッセンベルグ 左手杖伸縮タイプ (AG1L),【送料無料】ケイホスピアAG-1L  オッセンベルグ 左手杖伸縮タイプ (AG1L)[rn]
19-48146,http://tshop.r10s.jp/akibamac/cabinet/04991433/4901750802790.jpg?fitin=700:700,730.4000,,日用品雑貨・文房具・手芸 > その他,日本製紙クレシアアクティ Wで消臭パンツ 長時間タイプ L－LL 8枚 (ACWﾃﾞｼｮｳｼｭｳｳｽﾁｮ),,●股下ぴったりフィットでパッド併用時もヨレずにすっきり。,日本製紙クレシアアクティ Wで消臭パンツ 長時間タイプ L&minus;LL 8枚 (ACWﾃﾞｼｮｳｼｭｳｳｽﾁｮ)：ソフマップ　デジタルコレクション,ソフマップ デジタルコレクションSofmap Digital CollectionパソコンタブレットPCHDDアセンブリパーツパソコンパーツテレビゲームブルーレイソフトDVDソフト液晶テレビブルーレイディスクレコーダーデジタル一眼レフカメラデジタルカメラ家電時計中古　ソフトアウトレット中古ノートパソコン中古パソコン日本製紙クレシアアクティ Wで消臭パンツ 長時間タイプ L&minus;LL 8枚 (ACWﾃﾞｼｮｳｼｭｳｳｽﾁｮ),日本製紙クレシアアクティ Wで消臭パンツ 長時間タイプ L&minus;LL 8枚 (ACWﾃﾞｼｮｳｼｭｳｳｽﾁｮ)[rn]
19-48147,http://tshop.r10s.jp/akibamac/cabinet/04987410/4544634300434.jpg?fitin=700:700,6384.0000,,日用品雑貨・文房具・手芸 > その他,【送料無料】ケイホスピアＧ-２ 愛杖 折りたたみタイプ (G2),,愛杖シリーズ,【送料無料】ケイホスピアＧ-２ 愛杖 折りたたみタイプ (G2)：ソフマップ　デジタルコレクション,ソフマップ デジタルコレクションSofmap Digital CollectionパソコンタブレットPCHDDアセンブリパーツパソコンパーツテレビゲームブルーレイソフトDVDソフト液晶テレビブルーレイディスクレコーダーデジタル一眼レフカメラデジタルカメラ家電時計中古　ソフトアウトレット中古ノートパソコン中古パソコン【送料無料】ケイホスピアＧ-２ 愛杖 折りたたみタイプ (G2),【送料無料】ケイホスピアＧ-２ 愛杖 折りたたみタイプ (G2)[rn]
19-48148,http://tshop.r10s.jp/akibamac/cabinet/04991433/4902508106726.jpg?fitin=700:700,528.0000,,日用品雑貨・文房具・手芸 > その他,ピジョンハビナース 清拭料（さっぱりタイプ） (ﾊﾋﾞﾅｰｽｾｲｼｷｻﾞｲｻｯ),,病気やケガなどで入浴できない時に、お湯にとかして拭くだけでお肌の汚れを落とします。清拭後お肌をさっぱりとさせたい方や、お肌がベトつきがちな夏場の清拭におすすめ,ピジョンハビナース 清拭料（さっぱりタイプ） (ﾊﾋﾞﾅｰｽｾｲｼｷｻﾞｲｻｯ)：ソフマップ　デジタルコレクション,ソフマップ デジタルコレクションSofmap Digital CollectionパソコンタブレットPCHDDアセンブリパーツパソコンパーツテレビゲームブルーレイソフトDVDソフト液晶テレビブルーレイディスクレコーダーデジタル一眼レフカメラデジタルカメラ家電時計中古　ソフトアウトレット中古ノートパソコン中古パソコンピジョンハビナース 清拭料（さっぱりタイプ） (ﾊﾋﾞﾅｰｽｾｲｼｷｻﾞｲｻｯ),ピジョンハビナース 清拭料（さっぱりタイプ） (ﾊﾋﾞﾅｰｽｾｲｼｷｻﾞｲｻｯ)[rn]
19-48149,http://tshop.r10s.jp/akibamac/cabinet/04991433/4902508119092.jpg?fitin=700:700,526.4000,,日用品雑貨・文房具・手芸 > その他,ピジョンハビナース リンスインドライシャンプー,,使用後の髪は指通りがよくサラサラに。,ピジョンハビナース リンスインドライシャンプー：ソフマップ　デジタルコレクション,ソフマップ デジタルコレクションSofmap Digital CollectionパソコンタブレットPCHDDアセンブリパーツパソコンパーツテレビゲームブルーレイソフトDVDソフト液晶テレビブルーレイディスクレコーダーデジタル一眼レフカメラデジタルカメラ家電時計中古　ソフトアウトレット中古ノートパソコン中古パソコンピジョンハビナース リンスインドライシャンプー,ピジョンハビナース リンスインドライシャンプー[rn]
19-48150,http://tshop.r10s.jp/akibamac/cabinet/04987901/4901301751089.jpg?fitin=700:700,489.6000,,日用品雑貨・文房具・手芸 > その他,花王薬用 泡サニーナ (ﾔｸﾖｳｱﾜｻﾆｰﾅ),,おしりの薬用清浄剤。やさしくふけるフォームタイプ,花王薬用 泡サニーナ (ﾔｸﾖｳｱﾜｻﾆｰﾅ)：ソフマップ　デジタルコレクション,ソフマップ デジタルコレクションSofmap Digital CollectionパソコンタブレットPCHDDアセンブリパーツパソコンパーツテレビゲームブルーレイソフトDVDソフト液晶テレビブルーレイディスクレコーダーデジタル一眼レフカメラデジタルカメラ家電時計中古　ソフトアウトレット中古ノートパソコン中古パソコン花王薬用 泡サニーナ (ﾔｸﾖｳｱﾜｻﾆｰﾅ),花王薬用 泡サニーナ (ﾔｸﾖｳｱﾜｻﾆｰﾅ)[rn]
19-48151,http://tshop.r10s.jp/akibamac/cabinet/04991433/4902508106580.jpg?fitin=700:700,326.4000,,日用品雑貨・文房具・手芸 > その他,ピジョンふくだけ簡単シャンプーナップ,,髪の汚れも拭くだけでok。髪と地肌を健やかに保つシャンプー用ウエットティシュ。入浴・洗髪できない時に手軽に汚れを落とせます。水を使わず、拭きとりも不要なシャンプー用ウェットティシュです。,ピジョンふくだけ簡単シャンプーナップ：ソフマップ　デジタルコレクション,ソフマップ デジタルコレクションSofmap Digital CollectionパソコンタブレットPCHDDアセンブリパーツパソコンパーツテレビゲームブルーレイソフトDVDソフト液晶テレビブルーレイディスクレコーダーデジタル一眼レフカメラデジタルカメラ家電時計中古　ソフトアウトレット中古ノートパソコン中古パソコンピジョンふくだけ簡単シャンプーナップ,ピジョンふくだけ簡単シャンプーナップ[rn]
19-48152,http://tshop.r10s.jp/akibamac/cabinet/04991433/4902508106733.jpg?fitin=700:700,712.0000,,日用品雑貨・文房具・手芸 > その他,ピジョンハビナース 清拭料（しっとりタイプ） (ﾊﾋﾞﾅｰｽｾｲｼｮｸｻﾞｲｼ),,乾燥しやすいお肌、かさつきがちなお肌に。病気やケガなどで入浴できない時に、お湯にとかして拭くだけでお肌の汚れをおとします。乾燥しやすい肌やかさかさしがちなお肌にやさしいしっとりタイプ。肌あれしやすい冬場の清拭におすすめ。,ピジョンハビナース 清拭料（しっとりタイプ） (ﾊﾋﾞﾅｰｽｾｲｼｮｸｻﾞｲｼ)：ソフマップ　デジタルコレクション,ソフマップ デジタルコレクションSofmap Digital CollectionパソコンタブレットPCHDDアセンブリパーツパソコンパーツテレビゲームブルーレイソフトDVDソフト液晶テレビブルーレイディスクレコーダーデジタル一眼レフカメラデジタルカメラ家電時計中古　ソフトアウトレット中古ノートパソコン中古パソコンピジョンハビナース 清拭料（しっとりタイプ） (ﾊﾋﾞﾅｰｽｾｲｼｮｸｻﾞｲｼ),ピジョンハビナース 清拭料（しっとりタイプ） (ﾊﾋﾞﾅｰｽｾｲｼｮｸｻﾞｲｼ)[rn]
19-48153,http://tshop.r10s.jp/akibamac/cabinet/04991433/4902508112307.jpg?fitin=700:700,438.4000,,日用品雑貨・文房具・手芸 > その他,ピジョンハンビーナ 歯みがきティシュ 90枚入り (ﾊﾐｶﾞｷﾃｨｯｼｭ),,水を使わなくても大丈夫。とても簡単にお口の汚れがふき取れます。,ピジョンハンビーナ 歯みがきティシュ 90枚入り (ﾊﾐｶﾞｷﾃｨｯｼｭ)：ソフマップ　デジタルコレクション,ソフマップ デジタルコレクションSofmap Digital CollectionパソコンタブレットPCHDDアセンブリパーツパソコンパーツテレビゲームブルーレイソフトDVDソフト液晶テレビブルーレイディスクレコーダーデジタル一眼レフカメラデジタルカメラ家電時計中古　ソフトアウトレット中古ノートパソコン中古パソコンピジョンハンビーナ 歯みがきティシュ 90枚入り (ﾊﾐｶﾞｷﾃｨｯｼｭ),ピジョンハンビーナ 歯みがきティシュ 90枚入り (ﾊﾐｶﾞｷﾃｨｯｼｭ)[rn]
19-48154,http://tshop.r10s.jp/akibamac/cabinet/04987410/4544634000860.jpg?fitin=700:700,4384.0000,,日用品雑貨・文房具・手芸 > その他,【送料無料】ケイホスピアAG-2L  オッセンベルグ 左手杖伸縮タイプ (AG2L),,ヨーロッパを代表する杖メーカー。  リハビリ用の杖は高い機能性と品質で、世界に認められています。,【送料無料】ケイホスピアAG-2L  オッセンベルグ 左手杖伸縮タイプ (AG2L)：ソフマップ　デジタルコレクション,ソフマップ デジタルコレクションSofmap Digital CollectionパソコンタブレットPCHDDアセンブリパーツパソコンパーツテレビゲームブルーレイソフトDVDソフト液晶テレビブルーレイディスクレコーダーデジタル一眼レフカメラデジタルカメラ家電時計中古　ソフトアウトレット中古ノートパソコン中古パソコン【送料無料】ケイホスピアAG-2L  オッセンベルグ 左手杖伸縮タイプ (AG2L),【送料無料】ケイホスピアAG-2L  オッセンベルグ 左手杖伸縮タイプ (AG2L)[rn]
19-48155,http://tshop.r10s.jp/akibamac/cabinet/04987410/4544634700005.jpg?fitin=700:700,624.0000,,日用品雑貨・文房具・手芸 > その他,ケイホスピアたっちゃん,,自立する三点式杖先ゴム,ケイホスピアたっちゃん：ソフマップ　デジタルコレクション,ソフマップ デジタルコレクションSofmap Digital CollectionパソコンタブレットPCHDDアセンブリパーツパソコンパーツテレビゲームブルーレイソフトDVDソフト液晶テレビブルーレイディスクレコーダーデジタル一眼レフカメラデジタルカメラ家電時計中古　ソフトアウトレット中古ノートパソコン中古パソコンケイホスピアたっちゃん,ケイホスピアたっちゃん[rn]
19-48156,http://tshop.r10s.jp/akibamac/cabinet/04987410/4544634301172.jpg?fitin=700:700,11040.0000,,日用品雑貨・文房具・手芸 > その他,【送料無料】ケイホスピアＧＡ-７０ １本杖 (GA70),,ドイツ・ガストロック社製,【送料無料】ケイホスピアＧＡ-７０ １本杖 (GA70)：ソフマップ　デジタルコレクション,ソフマップ デジタルコレクションSofmap Digital CollectionパソコンタブレットPCHDDアセンブリパーツパソコンパーツテレビゲームブルーレイソフトDVDソフト液晶テレビブルーレイディスクレコーダーデジタル一眼レフカメラデジタルカメラ家電時計中古　ソフトアウトレット中古ノートパソコン中古パソコン【送料無料】ケイホスピアＧＡ-７０ １本杖 (GA70),【送料無料】ケイホスピアＧＡ-７０ １本杖 (GA70)[rn]
19-48157,http://tshop.r10s.jp/akibamac/cabinet/04991433/4901750804657.jpg?fitin=700:700,800.0000,,日用品雑貨・文房具・手芸 > その他,日本製紙クレシアアクティ 尿とりパッド 夜用7回分吸収 20枚 (ACﾆｮｳﾄﾘPﾖﾙ7ｶｲｷｭ),,●「全面通気性」長時間使用でもムレずに快適,日本製紙クレシアアクティ 尿とりパッド 夜用7回分吸収 20枚 (ACﾆｮｳﾄﾘPﾖﾙ7ｶｲｷｭ)：ソフマップ　デジタルコレクション,ソフマップ デジタルコレクションSofmap Digital CollectionパソコンタブレットPCHDDアセンブリパーツパソコンパーツテレビゲームブルーレイソフトDVDソフト液晶テレビブルーレイディスクレコーダーデジタル一眼レフカメラデジタルカメラ家電時計中古　ソフトアウトレット中古ノートパソコン中古パソコン日本製紙クレシアアクティ 尿とりパッド 夜用7回分吸収 20枚 (ACﾆｮｳﾄﾘPﾖﾙ7ｶｲｷｭ),日本製紙クレシアアクティ 尿とりパッド 夜用7回分吸収 20枚 (ACﾆｮｳﾄﾘPﾖﾙ7ｶｲｷｭ)[rn]
19-48158,http://tshop.r10s.jp/akibamac/cabinet/04987410/4544634000709.jpg?fitin=700:700,4384.0000,,日用品雑貨・文房具・手芸 > その他,【送料無料】ケイホスピアAG-1R  オッセンベルグ 右手杖伸縮タイプ (AG1R),,ヨーロッパを代表する杖メーカー。  リハビリ用の杖は高い機能性と品質で、世界に認められています。,【送料無料】ケイホスピアAG-1R  オッセンベルグ 右手杖伸縮タイプ (AG1R)：ソフマップ　デジタルコレクション,ソフマップ デジタルコレクションSofmap Digital CollectionパソコンタブレットPCHDDアセンブリパーツパソコンパーツテレビゲームブルーレイソフトDVDソフト液晶テレビブルーレイディスクレコーダーデジタル一眼レフカメラデジタルカメラ家電時計中古　ソフトアウトレット中古ノートパソコン中古パソコン【送料無料】ケイホスピアAG-1R  オッセンベルグ 右手杖伸縮タイプ (AG1R),【送料無料】ケイホスピアAG-1R  オッセンベルグ 右手杖伸縮タイプ (AG1R)[rn]
19-48159,http://tshop.r10s.jp/akibamac/cabinet/04987410/4544634300465.jpg?fitin=700:700,6384.0000,,日用品雑貨・文房具・手芸 > その他,【送料無料】ケイホスピアＧ-５ 愛杖 折りたたみタイプ (G5),,愛杖シリーズ,【送料無料】ケイホスピアＧ-５ 愛杖 折りたたみタイプ (G5)：ソフマップ　デジタルコレクション,ソフマップ デジタルコレクションSofmap Digital CollectionパソコンタブレットPCHDDアセンブリパーツパソコンパーツテレビゲームブルーレイソフトDVDソフト液晶テレビブルーレイディスクレコーダーデジタル一眼レフカメラデジタルカメラ家電時計中古　ソフトアウトレット中古ノートパソコン中古パソコン【送料無料】ケイホスピアＧ-５ 愛杖 折りたたみタイプ (G5),【送料無料】ケイホスピアＧ-５ 愛杖 折りたたみタイプ (G5)[rn]
19-48160,http://tshop.r10s.jp/akibamac/cabinet/04991433/4901750800314.jpg?fitin=700:700,526.4000,,日用品雑貨・文房具・手芸 > その他,日本製紙クレシアポイズパッド 男性用 200cc (ﾎﾟｲｽﾞﾊﾟｯﾄﾀﾞﾝｾｲﾖ),,すっきりスリムタイプで目立たず安心・快適フィット。,日本製紙クレシアポイズパッド 男性用 200cc (ﾎﾟｲｽﾞﾊﾟｯﾄﾀﾞﾝｾｲﾖ)：ソフマップ　デジタルコレクション,ソフマップ デジタルコレクションSofmap Digital CollectionパソコンタブレットPCHDDアセンブリパーツパソコンパーツテレビゲームブルーレイソフトDVDソフト液晶テレビブルーレイディスクレコーダーデジタル一眼レフカメラデジタルカメラ家電時計中古　ソフトアウトレット中古ノートパソコン中古パソコン日本製紙クレシアポイズパッド 男性用 200cc (ﾎﾟｲｽﾞﾊﾟｯﾄﾀﾞﾝｾｲﾖ),日本製紙クレシアポイズパッド 男性用 200cc (ﾎﾟｲｽﾞﾊﾟｯﾄﾀﾞﾝｾｲﾖ)[rn]
19-48161,http://tshop.r10s.jp/akibamac/cabinet/04987410/4544634300571.jpg?fitin=700:700,4384.0000,,日用品雑貨・文房具・手芸 > その他,【送料無料】ケイホスピアＧＡ-１１ １本杖 (GA11),,ガストロック社製 高級杖,【送料無料】ケイホスピアＧＡ-１１ １本杖 (GA11)：ソフマップ　デジタルコレクション,ソフマップ デジタルコレクションSofmap Digital CollectionパソコンタブレットPCHDDアセンブリパーツパソコンパーツテレビゲームブルーレイソフトDVDソフト液晶テレビブルーレイディスクレコーダーデジタル一眼レフカメラデジタルカメラ家電時計中古　ソフトアウトレット中古ノートパソコン中古パソコン【送料無料】ケイホスピアＧＡ-１１ １本杖 (GA11),【送料無料】ケイホスピアＧＡ-１１ １本杖 (GA11)[rn]
19-48162,http://tshop.r10s.jp/akibamac/cabinet/04991433/4901750808051.jpg?fitin=700:700,302.4000,,日用品雑貨・文房具・手芸 > その他,日本製紙クレシアアクティ 温めても使えるからだふきタオル 超大判・個包装20本 (ACｱﾀﾀﾒﾃﾂｶｴﾙﾀｵﾙｵ),,●電子レンジやタオルウォーマーで温めて使用できる,日本製紙クレシアアクティ 温めても使えるからだふきタオル 超大判・個包装20本 (ACｱﾀﾀﾒﾃﾂｶｴﾙﾀｵﾙｵ)：ソフマップ　デジタルコレクション,ソフマップ デジタルコレクションSofmap Digital CollectionパソコンタブレットPCHDDアセンブリパーツパソコンパーツテレビゲームブルーレイソフトDVDソフト液晶テレビブルーレイディスクレコーダーデジタル一眼レフカメラデジタルカメラ家電時計中古　ソフトアウトレット中古ノートパソコン中古パソコン日本製紙クレシアアクティ 温めても使えるからだふきタオル 超大判・個包装20本 (ACｱﾀﾀﾒﾃﾂｶｴﾙﾀｵﾙｵ),日本製紙クレシアアクティ 温めても使えるからだふきタオル 超大判・個包装20本 (ACｱﾀﾀﾒﾃﾂｶｴﾙﾀｵﾙｵ)[rn]
19-48163,http://tshop.r10s.jp/akibamac/cabinet/04991433/4901750803407.jpg?fitin=700:700,1224.0000,,日用品雑貨・文房具・手芸 > その他,日本製紙クレシアアクティ 寝たまま交換テープ止め S－M 22枚 (ACﾈﾀﾏﾏｺｳｶﾝﾃｰﾌﾟﾄ),,○『幅広テープ』何度でもしっかり装着,日本製紙クレシアアクティ 寝たまま交換テープ止め S&minus;M 22枚 (ACﾈﾀﾏﾏｺｳｶﾝﾃｰﾌﾟﾄ)：ソフマップ　デジタルコレクション,ソフマップ デジタルコレクションSofmap Digital CollectionパソコンタブレットPCHDDアセンブリパーツパソコンパーツテレビゲームブルーレイソフトDVDソフト液晶テレビブルーレイディスクレコーダーデジタル一眼レフカメラデジタルカメラ家電時計中古　ソフトアウトレット中古ノートパソコン中古パソコン日本製紙クレシアアクティ 寝たまま交換テープ止め S&minus;M 22枚 (ACﾈﾀﾏﾏｺｳｶﾝﾃｰﾌﾟﾄ),日本製紙クレシアアクティ 寝たまま交換テープ止め S&minus;M 22枚 (ACﾈﾀﾏﾏｺｳｶﾝﾃｰﾌﾟﾄ)[rn]
19-48164,http://tshop.r10s.jp/akibamac/cabinet/04987901/4901301272669.jpg?fitin=700:700,960.0000,,日用品雑貨・文房具・手芸 > その他,花王リリーフ 紙パンツ専用安心フィット 57枚 (ﾘﾘｰﾌｱﾝｼﾝﾌｲｯﾄ57),,紙パンツと一緒に使う、経済的な尿とりパッドです。前後のテープで、ズレずにピタッ！紙パンツに安心フィット。紙パンツにそのまま貼れるので取換えも簡単です。,花王リリーフ 紙パンツ専用安心フィット 57枚 (ﾘﾘｰﾌｱﾝｼﾝﾌｲｯﾄ57)：ソフマップ　デジタルコレクション,ソフマップ デジタルコレクションSofmap Digital CollectionパソコンタブレットPCHDDアセンブリパーツパソコンパーツテレビゲームブルーレイソフトDVDソフト液晶テレビブルーレイディスクレコーダーデジタル一眼レフカメラデジタルカメラ家電時計中古　ソフトアウトレット中古ノートパソコン中古パソコン花王リリーフ 紙パンツ専用安心フィット 57枚 (ﾘﾘｰﾌｱﾝｼﾝﾌｲｯﾄ57),花王リリーフ 紙パンツ専用安心フィット 57枚 (ﾘﾘｰﾌｱﾝｼﾝﾌｲｯﾄ57)[rn]
19-48165,http://tshop.r10s.jp/akibamac/cabinet/04991433/4901750804695.jpg?fitin=700:700,374.4000,,日用品雑貨・文房具・手芸 > その他,日本製紙クレシアアクティ 尿とりパッド 昼用2回分吸収 30枚 (ACﾆｮｳﾄﾘﾊﾟｯﾄﾞﾋﾙﾖ),,●『ふっくらやわらか』吸収体を1層から2層へ,日本製紙クレシアアクティ 尿とりパッド 昼用2回分吸収 30枚 (ACﾆｮｳﾄﾘﾊﾟｯﾄﾞﾋﾙﾖ)：ソフマップ　デジタルコレクション,ソフマップ デジタルコレクションSofmap Digital CollectionパソコンタブレットPCHDDアセンブリパーツパソコンパーツテレビゲームブルーレイソフトDVDソフト液晶テレビブルーレイディスクレコーダーデジタル一眼レフカメラデジタルカメラ家電時計中古　ソフトアウトレット中古ノートパソコン中古パソコン日本製紙クレシアアクティ 尿とりパッド 昼用2回分吸収 30枚 (ACﾆｮｳﾄﾘﾊﾟｯﾄﾞﾋﾙﾖ),日本製紙クレシアアクティ 尿とりパッド 昼用2回分吸収 30枚 (ACﾆｮｳﾄﾘﾊﾟｯﾄﾞﾋﾙﾖ)[rn]
19-48166,http://tshop.r10s.jp/akibamac/cabinet/04987901/4901301316370.jpg?fitin=700:700,389.6000,,日用品雑貨・文房具・手芸 > その他,花王リリーフ ふんわり吸水ナプキン多い時用16枚 (ﾘﾘｰﾌﾌﾝﾜﾅﾌﾟｵｵｲ16),,下着のようなやわらかいつけ心地で、ふんわりやさしい吸水ナプキン。,花王リリーフ ふんわり吸水ナプキン多い時用16枚 (ﾘﾘｰﾌﾌﾝﾜﾅﾌﾟｵｵｲ16)：ソフマップ　デジタルコレクション,ソフマップ デジタルコレクションSofmap Digital CollectionパソコンタブレットPCHDDアセンブリパーツパソコンパーツテレビゲームブルーレイソフトDVDソフト液晶テレビブルーレイディスクレコーダーデジタル一眼レフカメラデジタルカメラ家電時計中古　ソフトアウトレット中古ノートパソコン中古パソコン花王リリーフ ふんわり吸水ナプキン多い時用16枚 (ﾘﾘｰﾌﾌﾝﾜﾅﾌﾟｵｵｲ16),花王リリーフ ふんわり吸水ナプキン多い時用16枚 (ﾘﾘｰﾌﾌﾝﾜﾅﾌﾟｵｵｲ16)[rn]
19-48167,http://tshop.r10s.jp/akibamac/cabinet/04991433/4901750802653.jpg?fitin=700:700,792.8000,,日用品雑貨・文房具・手芸 > その他,日本製紙クレシアアクティ Wで消臭パンツ うす型タイプ L－LL 14枚 (ACWﾃﾞｼｮｳｼｭｳｳｽLL),,●銀イオンシートと消臭ポリマーのw消臭がさらにアップ。,日本製紙クレシアアクティ Wで消臭パンツ うす型タイプ L&minus;LL 14枚 (ACWﾃﾞｼｮｳｼｭｳｳｽLL)：ソフマップ　デジタルコレクション,ソフマップ デジタルコレクションSofmap Digital CollectionパソコンタブレットPCHDDアセンブリパーツパソコンパーツテレビゲームブルーレイソフトDVDソフト液晶テレビブルーレイディスクレコーダーデジタル一眼レフカメラデジタルカメラ家電時計中古　ソフトアウトレット中古ノートパソコン中古パソコン日本製紙クレシアアクティ Wで消臭パンツ うす型タイプ L&minus;LL 14枚 (ACWﾃﾞｼｮｳｼｭｳｳｽLL),日本製紙クレシアアクティ Wで消臭パンツ うす型タイプ L&minus;LL 14枚 (ACWﾃﾞｼｮｳｼｭｳｳｽLL)[rn]
19-48168,http://tshop.r10s.jp/akibamac/cabinet/04987410/4544634000396.jpg?fitin=700:700,4384.0000,,日用品雑貨・文房具・手芸 > その他,【送料無料】ケイホスピアOS-2 オッセンベルグ 杖伸縮タイプ (OS2),,ヨーロッパを代表する杖メーカー。  リハビリ用の杖は高い機能性と品質で、世界に認められています。,【送料無料】ケイホスピアOS-2 オッセンベルグ 杖伸縮タイプ (OS2)：ソフマップ　デジタルコレクション,ソフマップ デジタルコレクションSofmap Digital CollectionパソコンタブレットPCHDDアセンブリパーツパソコンパーツテレビゲームブルーレイソフトDVDソフト液晶テレビブルーレイディスクレコーダーデジタル一眼レフカメラデジタルカメラ家電時計中古　ソフトアウトレット中古ノートパソコン中古パソコン【送料無料】ケイホスピアOS-2 オッセンベルグ 杖伸縮タイプ (OS2),【送料無料】ケイホスピアOS-2 オッセンベルグ 杖伸縮タイプ (OS2)[rn]
19-48169,http://tshop.r10s.jp/akibamac/cabinet/04987901/4901301747280.jpg?fitin=700:700,532.0000,,日用品雑貨・文房具・手芸 > その他,花王リリーフ おむつ取換え手袋 (ﾘﾘｰﾌﾃﾌﾞｸﾛ),,指先までフィットする極薄タイプ。ぴったりなじんで素手のような感覚で使えます。,花王リリーフ おむつ取換え手袋 (ﾘﾘｰﾌﾃﾌﾞｸﾛ)：ソフマップ　デジタルコレクション,ソフマップ デジタルコレクションSofmap Digital CollectionパソコンタブレットPCHDDアセンブリパーツパソコンパーツテレビゲームブルーレイソフトDVDソフト液晶テレビブルーレイディスクレコーダーデジタル一眼レフカメラデジタルカメラ家電時計中古　ソフトアウトレット中古ノートパソコン中古パソコン花王リリーフ おむつ取換え手袋 (ﾘﾘｰﾌﾃﾌﾞｸﾛ),花王リリーフ おむつ取換え手袋 (ﾘﾘｰﾌﾃﾌﾞｸﾛ)[rn]
19-48170,http://tshop.r10s.jp/akibamac/cabinet/04991433/4902508106184.jpg?fitin=700:700,784.0000,,日用品雑貨・文房具・手芸 > その他,ピジョンハビナース ストロー付カップ (ﾊﾋﾞﾅｰｽｽﾄﾛｰﾂｷｶｯﾌ),,「ハビナース ストロー付カップ」は、モダンでシンプルなデザインの介護用カップです。たった5つのパーツなので、洗浄も組み立てもとても簡単。持ち方も、お好みあわせて片手持ち、両手持ち、どちらでも可能です。ストロー付き。,ピジョンハビナース ストロー付カップ (ﾊﾋﾞﾅｰｽｽﾄﾛｰﾂｷｶｯﾌ)：ソフマップ　デジタルコレクション,ソフマップ デジタルコレクションSofmap Digital CollectionパソコンタブレットPCHDDアセンブリパーツパソコンパーツテレビゲームブルーレイソフトDVDソフト液晶テレビブルーレイディスクレコーダーデジタル一眼レフカメラデジタルカメラ家電時計中古　ソフトアウトレット中古ノートパソコン中古パソコンピジョンハビナース ストロー付カップ (ﾊﾋﾞﾅｰｽｽﾄﾛｰﾂｷｶｯﾌ),ピジョンハビナース ストロー付カップ (ﾊﾋﾞﾅｰｽｽﾄﾛｰﾂｷｶｯﾌ)[rn]
19-48171,http://tshop.r10s.jp/akibamac/cabinet/04991433/4902705092174.jpg?fitin=700:700,2728.0000,,日用品雑貨・文房具・手芸 > その他,明治トロメイクSP,,ﾄﾛﾒｲｸsp,明治トロメイクSP：ソフマップ　デジタルコレクション,ソフマップ デジタルコレクションSofmap Digital CollectionパソコンタブレットPCHDDアセンブリパーツパソコンパーツテレビゲームブルーレイソフトDVDソフト液晶テレビブルーレイディスクレコーダーデジタル一眼レフカメラデジタルカメラ家電時計中古　ソフトアウトレット中古ノートパソコン中古パソコン明治トロメイクSP,明治トロメイクSP[rn]
19-48172,http://tshop.r10s.jp/akibamac/cabinet/04991433/4901750804749.jpg?fitin=700:700,454.4000,,日用品雑貨・文房具・手芸 > その他,日本製紙クレシアアクティ 尿とりパッド 昼用・長時間3回分吸収 24枚 (ACﾆｮｳﾄﾘPﾋﾙﾖｳﾁｮｳ),,○『立体ギャザー』しっかり立上がり横からのモレをガード,日本製紙クレシアアクティ 尿とりパッド 昼用・長時間3回分吸収 24枚 (ACﾆｮｳﾄﾘPﾋﾙﾖｳﾁｮｳ)：ソフマップ　デジタルコレクション,ソフマップ デジタルコレクションSofmap Digital CollectionパソコンタブレットPCHDDアセンブリパーツパソコンパーツテレビゲームブルーレイソフトDVDソフト液晶テレビブルーレイディスクレコーダーデジタル一眼レフカメラデジタルカメラ家電時計中古　ソフトアウトレット中古ノートパソコン中古パソコン日本製紙クレシアアクティ 尿とりパッド 昼用・長時間3回分吸収 24枚 (ACﾆｮｳﾄﾘPﾋﾙﾖｳﾁｮｳ),日本製紙クレシアアクティ 尿とりパッド 昼用・長時間3回分吸収 24枚 (ACﾆｮｳﾄﾘPﾋﾙﾖｳﾁｮｳ)[rn]
19-48173,http://tshop.r10s.jp/akibamac/cabinet/04987410/4544634000426.jpg?fitin=700:700,4384.0000,,日用品雑貨・文房具・手芸 > その他,【送料無料】ケイホスピアOS-5 オッセンベルグ 杖伸縮タイプ (OS5),,ヨーロッパを代表する杖メーカー。  リハビリ用の杖は高い機能性と品質で、世界に認められています。,【送料無料】ケイホスピアOS-5 オッセンベルグ 杖伸縮タイプ (OS5)：ソフマップ　デジタルコレクション,ソフマップ デジタルコレクションSofmap Digital CollectionパソコンタブレットPCHDDアセンブリパーツパソコンパーツテレビゲームブルーレイソフトDVDソフト液晶テレビブルーレイディスクレコーダーデジタル一眼レフカメラデジタルカメラ家電時計中古　ソフトアウトレット中古ノートパソコン中古パソコン【送料無料】ケイホスピアOS-5 オッセンベルグ 杖伸縮タイプ (OS5),【送料無料】ケイホスピアOS-5 オッセンベルグ 杖伸縮タイプ (OS5)[rn]
19-48174,http://tshop.r10s.jp/akibamac/cabinet/04987901/4901301290441.jpg?fitin=700:700,928.0000,,日用品雑貨・文房具・手芸 > その他,花王リリーフ 股モレ安心 テープ式 男女共用 Mサイズ 5回吸収 15枚入 (ﾘﾘｰﾌﾏﾀﾓﾚｱﾝｼﾝM15),,不安な股モレを防ぐ徹底ガード構造！股モレ安心テープ式,花王リリーフ 股モレ安心 テープ式 男女共用 Mサイズ 5回吸収 15枚入 (ﾘﾘｰﾌﾏﾀﾓﾚｱﾝｼﾝM15)：ソフマップ　デジタルコレクション,ソフマップ デジタルコレクションSofmap Digital CollectionパソコンタブレットPCHDDアセンブリパーツパソコンパーツテレビゲームブルーレイソフトDVDソフト液晶テレビブルーレイディスクレコーダーデジタル一眼レフカメラデジタルカメラ家電時計中古　ソフトアウトレット中古ノートパソコン中古パソコン花王リリーフ 股モレ安心 テープ式 男女共用 Mサイズ 5回吸収 15枚入 (ﾘﾘｰﾌﾏﾀﾓﾚｱﾝｼﾝM15),花王リリーフ 股モレ安心 テープ式 男女共用 Mサイズ 5回吸収 15枚入 (ﾘﾘｰﾌﾏﾀﾓﾚｱﾝｼﾝM15)[rn]
19-48175,http://tshop.r10s.jp/akibamac/cabinet/04987410/4544634301554.jpg?fitin=700:700,11040.0000,,日用品雑貨・文房具・手芸 > その他,【送料無料】ケイホスピアＣ-７８ 愛杖 折りたたみタイプ (C78),,愛杖シリーズ,【送料無料】ケイホスピアＣ-７８ 愛杖 折りたたみタイプ (C78)：ソフマップ　デジタルコレクション,ソフマップ デジタルコレクションSofmap Digital CollectionパソコンタブレットPCHDDアセンブリパーツパソコンパーツテレビゲームブルーレイソフトDVDソフト液晶テレビブルーレイディスクレコーダーデジタル一眼レフカメラデジタルカメラ家電時計中古　ソフトアウトレット中古ノートパソコン中古パソコン【送料無料】ケイホスピアＣ-７８ 愛杖 折りたたみタイプ (C78),【送料無料】ケイホスピアＣ-７８ 愛杖 折りたたみタイプ (C78)[rn]
19-48176,http://tshop.r10s.jp/akibamac/cabinet/04991433/4901750801014.jpg?fitin=700:700,160.8000,,日用品雑貨・文房具・手芸 > その他,日本製紙クレシアポイズライナー”さらさら吸水”パンティライナー消臭無香料 48枚 (PﾗｲﾅｰｷｭｳｽｲPｰﾗｲﾅ),,スピード吸収ポリマーでさらっとおりもの＆水分ケア,日本製紙クレシアポイズライナー&rdquo;さらさら吸水&rdquo;パンティライナー消臭無香料 48枚 (PﾗｲﾅｰｷｭｳｽｲPｰﾗｲﾅ)：ソフマップ　デジタルコレクション,ソフマップ デジタルコレクションSofmap Digital CollectionパソコンタブレットPCHDDアセンブリパーツパソコンパーツテレビゲームブルーレイソフトDVDソフト液晶テレビブルーレイディスクレコーダーデジタル一眼レフカメラデジタルカメラ家電時計中古　ソフトアウトレット中古ノートパソコン中古パソコン日本製紙クレシアポイズライナー&rdquo;さらさら吸水&rdquo;パンティライナー消臭無香料 48枚 (PﾗｲﾅｰｷｭｳｽｲPｰﾗｲﾅ),日本製紙クレシアポイズライナー&rdquo;さらさら吸水&rdquo;パンティライナー消臭無香料 48枚 (PﾗｲﾅｰｷｭｳｽｲPｰﾗｲﾅ)[rn]
19-48177,http://tshop.r10s.jp/akibamac/cabinet/04991433/4901750801960.jpg?fitin=700:700,295.2000,,日用品雑貨・文房具・手芸 > その他,日本製紙クレシアポイズライナー アタッチガード 男性用 10枚 (PPﾗｲﾅｰｱﾀｯﾁｶﾞｰﾄﾞ),,薄くて目立たない快適なつけ心地,日本製紙クレシアポイズライナー アタッチガード 男性用 10枚 (PPﾗｲﾅｰｱﾀｯﾁｶﾞｰﾄﾞ)：ソフマップ　デジタルコレクション,ソフマップ デジタルコレクションSofmap Digital CollectionパソコンタブレットPCHDDアセンブリパーツパソコンパーツテレビゲームブルーレイソフトDVDソフト液晶テレビブルーレイディスクレコーダーデジタル一眼レフカメラデジタルカメラ家電時計中古　ソフトアウトレット中古ノートパソコン中古パソコン日本製紙クレシアポイズライナー アタッチガード 男性用 10枚 (PPﾗｲﾅｰｱﾀｯﾁｶﾞｰﾄﾞ),日本製紙クレシアポイズライナー アタッチガード 男性用 10枚 (PPﾗｲﾅｰｱﾀｯﾁｶﾞｰﾄﾞ)[rn]
19-48178,http://tshop.r10s.jp/akibamac/cabinet/04991433/4901750808105.jpg?fitin=700:700,302.4000,,日用品雑貨・文房具・手芸 > その他,日本製紙クレシアアクティ トイレに流せるぬれタオル 74枚 (ACﾄｲﾚﾆﾅｶﾞｾﾙﾇﾚﾀｵ),,●大判、厚手で使いやすい,日本製紙クレシアアクティ トイレに流せるぬれタオル 74枚 (ACﾄｲﾚﾆﾅｶﾞｾﾙﾇﾚﾀｵ)：ソフマップ　デジタルコレクション,ソフマップ デジタルコレクションSofmap Digital CollectionパソコンタブレットPCHDDアセンブリパーツパソコンパーツテレビゲームブルーレイソフトDVDソフト液晶テレビブルーレイディスクレコーダーデジタル一眼レフカメラデジタルカメラ家電時計中古　ソフトアウトレット中古ノートパソコン中古パソコン日本製紙クレシアアクティ トイレに流せるぬれタオル 74枚 (ACﾄｲﾚﾆﾅｶﾞｾﾙﾇﾚﾀｵ),日本製紙クレシアアクティ トイレに流せるぬれタオル 74枚 (ACﾄｲﾚﾆﾅｶﾞｾﾙﾇﾚﾀｵ)[rn]
19-48179,http://tshop.r10s.jp/akibamac/cabinet/04987901/4901301008626.jpg?fitin=700:700,356.0000,,日用品雑貨・文房具・手芸 > その他,花王サニーナ トイレットロール(2枚重ね) つめかえ用 2本入〔トイレットペーパー〕 (ｻﾆｰﾅﾄｲﾚｯﾄｶｴ),,ふきとり用オイルを含ませた仕上げ用トイレットロール,花王サニーナ トイレットロール(2枚重ね) つめかえ用 2本入〔トイレットペーパー〕 (ｻﾆｰﾅﾄｲﾚｯﾄｶｴ)：ソフマップ　デジタルコレクション,ソフマップ デジタルコレクションSofmap Digital CollectionパソコンタブレットPCHDDアセンブリパーツパソコンパーツテレビゲームブルーレイソフトDVDソフト液晶テレビブルーレイディスクレコーダーデジタル一眼レフカメラデジタルカメラ家電時計中古　ソフトアウトレット中古ノートパソコン中古パソコン花王サニーナ トイレットロール(2枚重ね) つめかえ用 2本入〔トイレットペーパー〕 (ｻﾆｰﾅﾄｲﾚｯﾄｶｴ),花王サニーナ トイレットロール(2枚重ね) つめかえ用 2本入〔トイレットペーパー〕 (ｻﾆｰﾅﾄｲﾚｯﾄｶｴ)[rn]
19-48180,http://tshop.r10s.jp/akibamac/cabinet/04991433/4901750803421.jpg?fitin=700:700,1224.0000,,日用品雑貨・文房具・手芸 > その他,日本製紙クレシアアクティ 寝たまま交換テープ止め L－LL 17枚 (ACﾈﾀﾏﾏｺｳｶﾝﾃｰﾌﾟﾄ),,○『吸収ポリマー』ポリマーの効果で気になるニオイを抑制,日本製紙クレシアアクティ 寝たまま交換テープ止め L&minus;LL 17枚 (ACﾈﾀﾏﾏｺｳｶﾝﾃｰﾌﾟﾄ)：ソフマップ　デジタルコレクション,ソフマップ デジタルコレクションSofmap Digital CollectionパソコンタブレットPCHDDアセンブリパーツパソコンパーツテレビゲームブルーレイソフトDVDソフト液晶テレビブルーレイディスクレコーダーデジタル一眼レフカメラデジタルカメラ家電時計中古　ソフトアウトレット中古ノートパソコン中古パソコン日本製紙クレシアアクティ 寝たまま交換テープ止め L&minus;LL 17枚 (ACﾈﾀﾏﾏｺｳｶﾝﾃｰﾌﾟﾄ),日本製紙クレシアアクティ 寝たまま交換テープ止め L&minus;LL 17枚 (ACﾈﾀﾏﾏｺｳｶﾝﾃｰﾌﾟﾄ)[rn]
19-48181,http://tshop.r10s.jp/akibamac/cabinet/04991433/4901750806217.jpg?fitin=700:700,200.0000,,日用品雑貨・文房具・手芸 > その他,日本製紙クレシアアクティ トイレに流せるたっぷり使えるおしりふき 100枚 (ACﾄｲﾚﾆﾅｶﾞｾﾙｵｼﾘﾌ),,●たっぷり使える大容量100枚入,日本製紙クレシアアクティ トイレに流せるたっぷり使えるおしりふき 100枚 (ACﾄｲﾚﾆﾅｶﾞｾﾙｵｼﾘﾌ)：ソフマップ　デジタルコレクション,ソフマップ デジタルコレクションSofmap Digital CollectionパソコンタブレットPCHDDアセンブリパーツパソコンパーツテレビゲームブルーレイソフトDVDソフト液晶テレビブルーレイディスクレコーダーデジタル一眼レフカメラデジタルカメラ家電時計中古　ソフトアウトレット中古ノートパソコン中古パソコン日本製紙クレシアアクティ トイレに流せるたっぷり使えるおしりふき 100枚 (ACﾄｲﾚﾆﾅｶﾞｾﾙｵｼﾘﾌ),日本製紙クレシアアクティ トイレに流せるたっぷり使えるおしりふき 100枚 (ACﾄｲﾚﾆﾅｶﾞｾﾙｵｼﾘﾌ)[rn]
19-48182,http://tshop.r10s.jp/akibamac/cabinet/04987901/4901301005755.jpg?fitin=700:700,237.6000,,日用品雑貨・文房具・手芸 > その他,花王サニーナ トイレットロール(2枚重ね) 本体 25m〔トイレットペーパー〕 (ｻﾆｰﾅﾛｰﾙ),,ふきとり用オイル（スクワラン）を含ませた、仕上げ用のトイレットロールです。水洗トイレに流せます。,花王サニーナ トイレットロール(2枚重ね) 本体 25m〔トイレットペーパー〕 (ｻﾆｰﾅﾛｰﾙ)：ソフマップ　デジタルコレクション,ソフマップ デジタルコレクションSofmap Digital CollectionパソコンタブレットPCHDDアセンブリパーツパソコンパーツテレビゲームブルーレイソフトDVDソフト液晶テレビブルーレイディスクレコーダーデジタル一眼レフカメラデジタルカメラ家電時計中古　ソフトアウトレット中古ノートパソコン中古パソコン花王サニーナ トイレットロール(2枚重ね) 本体 25m〔トイレットペーパー〕 (ｻﾆｰﾅﾛｰﾙ),花王サニーナ トイレットロール(2枚重ね) 本体 25m〔トイレットペーパー〕 (ｻﾆｰﾅﾛｰﾙ)[rn]
19-48183,http://tshop.r10s.jp/akibamac/cabinet/04991433/4902508107266.jpg?fitin=700:700,1904.0000,,日用品雑貨・文房具・手芸 > その他,ピジョンハビナース 防水シーツ (ﾊﾋﾞﾅｰｽﾎﾞｳｽｲｼｰﾂ),,防水シーツ/すぐれた防水効果！くり返し洗えて、乾きも早い！,ピジョンハビナース 防水シーツ (ﾊﾋﾞﾅｰｽﾎﾞｳｽｲｼｰﾂ)：ソフマップ　デジタルコレクション,ソフマップ デジタルコレクションSofmap Digital CollectionパソコンタブレットPCHDDアセンブリパーツパソコンパーツテレビゲームブルーレイソフトDVDソフト液晶テレビブルーレイディスクレコーダーデジタル一眼レフカメラデジタルカメラ家電時計中古　ソフトアウトレット中古ノートパソコン中古パソコンピジョンハビナース 防水シーツ (ﾊﾋﾞﾅｰｽﾎﾞｳｽｲｼｰﾂ),ピジョンハビナース 防水シーツ (ﾊﾋﾞﾅｰｽﾎﾞｳｽｲｼｰﾂ)[rn]
19-48184,http://tshop.r10s.jp/akibamac/cabinet/04991433/4902705092143.jpg?fitin=700:700,1356.8000,,日用品雑貨・文房具・手芸 > その他,明治トロメイクSP,,ﾄﾛﾒｲｸsp,明治トロメイクSP：ソフマップ　デジタルコレクション,ソフマップ デジタルコレクションSofmap Digital CollectionパソコンタブレットPCHDDアセンブリパーツパソコンパーツテレビゲームブルーレイソフトDVDソフト液晶テレビブルーレイディスクレコーダーデジタル一眼レフカメラデジタルカメラ家電時計中古　ソフトアウトレット中古ノートパソコン中古パソコン明治トロメイクSP,明治トロメイクSP[rn]
19-48185,http://tshop.r10s.jp/akibamac/cabinet/04991433/4902508107488.jpg?fitin=700:700,944.0000,,日用品雑貨・文房具・手芸 > その他,ピジョンテーブルからすべらない食事エプロン ひまわり (ｽﾍﾞﾗﾅｲｼｮｸｼﾞｴﾌﾟﾛ),,食器が安心して置ける。テーブルにも敷くことができるロングタイプ。表地は汚れがつきにくく、落としやすい強撥水加工、裏面は安心の防水加工です。,ピジョンテーブルからすべらない食事エプロン ひまわり (ｽﾍﾞﾗﾅｲｼｮｸｼﾞｴﾌﾟﾛ)：ソフマップ　デジタルコレクション,ソフマップ デジタルコレクションSofmap Digital CollectionパソコンタブレットPCHDDアセンブリパーツパソコンパーツテレビゲームブルーレイソフトDVDソフト液晶テレビブルーレイディスクレコーダーデジタル一眼レフカメラデジタルカメラ家電時計中古　ソフトアウトレット中古ノートパソコン中古パソコンピジョンテーブルからすべらない食事エプロン ひまわり (ｽﾍﾞﾗﾅｲｼｮｸｼﾞｴﾌﾟﾛ),ピジョンテーブルからすべらない食事エプロン ひまわり (ｽﾍﾞﾗﾅｲｼｮｸｼﾞｴﾌﾟﾛ)[rn]
19-48186,http://tshop.r10s.jp/akibamac/cabinet/04991433/4901750801212.jpg?fitin=700:700,145.6000,,日用品雑貨・文房具・手芸 > その他,日本製紙クレシアポイズライナー”さらさら吸水”パンティライナーココロやすらぐスウィートフローラルの香り 48枚 (PﾗｲﾅｰｷｭｳｽｲPﾗｲﾅｰ),,スピード吸収ポリマーでさらっとおりもの＆水分ケア,日本製紙クレシアポイズライナー&rdquo;さらさら吸水&rdquo;パンティライナーココロやすらぐスウィートフローラルの香り 48枚 (PﾗｲﾅｰｷｭｳｽｲPﾗｲﾅｰ)：ソフマップ　デジタルコレクション,ソフマップ デジタルコレクションSofmap Digital CollectionパソコンタブレットPCHDDアセンブリパーツパソコンパーツテレビゲームブルーレイソフトDVDソフト液晶テレビブルーレイディスクレコーダーデジタル一眼レフカメラデジタルカメラ家電時計中古　ソフトアウトレット中古ノートパソコン中古パソコン日本製紙クレシアポイズライナー&rdquo;さらさら吸水&rdquo;パンティライナーココロやすらぐスウィートフローラルの香り 48枚 (PﾗｲﾅｰｷｭｳｽｲPﾗｲﾅｰ),日本製紙クレシアポイズライナー&rdquo;さらさら吸水&rdquo;パンティライナーココロやすらぐスウィートフローラルの香り 48枚 (PﾗｲﾅｰｷｭｳｽｲPﾗｲﾅｰ)[rn]
19-48187,http://tshop.r10s.jp/akibamac/cabinet/04987901/4901301289094.jpg?fitin=700:700,134.4000,,日用品雑貨・文房具・手芸 > その他,花王【キュキュット】ホワイトピーチの香り 本体(240ml) (ｷｭｷｭｯﾄﾋﾟｰﾁﾎﾝ),,濃密泡とすすぎの早さを両立した、独自のハイブリッドウォッシュ処方で、固まった油汚れまで細かく分解し、パッと洗えます！,花王【キュキュット】ホワイトピーチの香り 本体(240ml) (ｷｭｷｭｯﾄﾋﾟｰﾁﾎﾝ)：ソフマップ　デジタルコレクション,ソフマップ デジタルコレクションSofmap Digital CollectionパソコンタブレットPCHDDアセンブリパーツパソコンパーツテレビゲームブルーレイソフトDVDソフト液晶テレビブルーレイディスクレコーダーデジタル一眼レフカメラデジタルカメラ家電時計中古　ソフトアウトレット中古ノートパソコン中古パソコン花王【キュキュット】ホワイトピーチの香り 本体(240ml) (ｷｭｷｭｯﾄﾋﾟｰﾁﾎﾝ),花王【キュキュット】ホワイトピーチの香り 本体(240ml) (ｷｭｷｭｯﾄﾋﾟｰﾁﾎﾝ)[rn]
19-48188,http://tshop.r10s.jp/akibamac/cabinet/04987901/4901670106558.jpg?fitin=700:700,127.2000,,日用品雑貨・文房具・手芸 > その他,旭化成ズビズバアクリルスポンジブラシ機能付き (ズビズバブラシ),,旭化成独自のアクリル不織布が、水だけで食器などの汚れをズバッと落とします。研磨剤なしだから、フッ素加工品などにも安心です。脱膜スポンジを使用し、水切れを良くしています（水の透過率は脱膜していないウレタンスポンジの100倍以上）。抗菌アクリル繊維を使用しています（凸凹のある面）。「ブラシ機能付き」は裏面にかき落としブラシを付け、まな板やザルの汚れ落とし性能をアップしています。,旭化成ズビズバアクリルスポンジブラシ機能付き (ズビズバブラシ)：ソフマップ　デジタルコレクション,ソフマップ デジタルコレクションSofmap Digital CollectionパソコンタブレットPCHDDアセンブリパーツパソコンパーツテレビゲームブルーレイソフトDVDソフト液晶テレビブルーレイディスクレコーダーデジタル一眼レフカメラデジタルカメラ家電時計中古　ソフトアウトレット中古ノートパソコン中古パソコン旭化成ズビズバアクリルスポンジブラシ機能付き (ズビズバブラシ),旭化成ズビズバアクリルスポンジブラシ機能付き (ズビズバブラシ)[rn]
19-48189,http://tshop.r10s.jp/akibamac/cabinet/04987901/4901670106541.jpg?fitin=700:700,113.6000,,日用品雑貨・文房具・手芸 > その他,旭化成ズビズバ水だけでOK!アクリルスポンジ とんがり (ｽﾞﾋﾞｽﾞﾊﾞﾄﾝｶﾞﾘ),,旭化成独自のアクリル不織布が、水だけで食器などの汚れをズバッと落とします。研磨剤なしだから、フッ素加工品などにも安心です。脱膜スポンジを使用し、水切れを良くしています（水の透過率は脱膜していないウレタンスポンジの100倍以上）。抗菌アクリル繊維を使用しています（凸凹のある面）。「とんがり」はレギュラーに比べて脱膜スポンジ部分の厚さを約20％アップしています。,旭化成ズビズバ水だけでOK!アクリルスポンジ とんがり (ｽﾞﾋﾞｽﾞﾊﾞﾄﾝｶﾞﾘ)：ソフマップ　デジタルコレクション,ソフマップ デジタルコレクションSofmap Digital CollectionパソコンタブレットPCHDDアセンブリパーツパソコンパーツテレビゲームブルーレイソフトDVDソフト液晶テレビブルーレイディスクレコーダーデジタル一眼レフカメラデジタルカメラ家電時計中古　ソフトアウトレット中古ノートパソコン中古パソコン旭化成ズビズバ水だけでOK!アクリルスポンジ とんがり (ｽﾞﾋﾞｽﾞﾊﾞﾄﾝｶﾞﾘ),旭化成ズビズバ水だけでOK!アクリルスポンジ とんがり (ｽﾞﾋﾞｽﾞﾊﾞﾄﾝｶﾞﾘ)[rn]
19-48190,http://tshop.r10s.jp/akibamac/cabinet/04991433/4902111535647.jpg?fitin=700:700,136.8000,,日用品雑貨・文房具・手芸 > その他,ユニリーバJCMジフ バスクリーナー 270ml (ｼﾞﾌﾊﾞｽｸﾘｰﾅｰ),,浴そうに残った汚れや蛇口の白い水あか・湯あかにもジフがオススメ,ユニリーバJCMジフ バスクリーナー 270ml (ｼﾞﾌﾊﾞｽｸﾘｰﾅｰ)：ソフマップ　デジタルコレクション,ソフマップ デジタルコレクションSofmap Digital CollectionパソコンタブレットPCHDDアセンブリパーツパソコンパーツテレビゲームブルーレイソフトDVDソフト液晶テレビブルーレイディスクレコーダーデジタル一眼レフカメラデジタルカメラ家電時計中古　ソフトアウトレット中古ノートパソコン中古パソコンユニリーバJCMジフ バスクリーナー 270ml (ｼﾞﾌﾊﾞｽｸﾘｰﾅｰ),ユニリーバJCMジフ バスクリーナー 270ml (ｼﾞﾌﾊﾞｽｸﾘｰﾅｰ)[rn]
19-48191,http://tshop.r10s.jp/akibamac/cabinet/04987901/4901609000155.jpg?fitin=700:700,417.6000,,日用品雑貨・文房具・手芸 > その他,ジョンソンカビキラー 特大サイズ つけかえ用 1kg (ｶﾋﾞｷﾗｰﾄｸﾀﾞｲｶｴ),,「強力浸透成分」配合で、カビの根の奥の奥まで強力に浸透します。,ジョンソンカビキラー 特大サイズ つけかえ用 1kg (ｶﾋﾞｷﾗｰﾄｸﾀﾞｲｶｴ)：ソフマップ　デジタルコレクション,ソフマップ デジタルコレクションSofmap Digital CollectionパソコンタブレットPCHDDアセンブリパーツパソコンパーツテレビゲームブルーレイソフトDVDソフト液晶テレビブルーレイディスクレコーダーデジタル一眼レフカメラデジタルカメラ家電時計中古　ソフトアウトレット中古ノートパソコン中古パソコンジョンソンカビキラー 特大サイズ つけかえ用 1kg (ｶﾋﾞｷﾗｰﾄｸﾀﾞｲｶｴ),ジョンソンカビキラー 特大サイズ つけかえ用 1kg (ｶﾋﾞｷﾗｰﾄｸﾀﾞｲｶｴ)[rn]
19-48192,http://tshop.r10s.jp/akibamac/cabinet/04992409/3383482293342.jpg?fitin=700:700,784.0000,,日用品雑貨・文房具・手芸 > その他,BRIOCHIN【Briochin(ブリオシャン)】ライムスケールリムーバー 750ml〔お風呂用洗剤〕 (BOLSﾘﾑｰﾊﾞ),,100年前から、ずっとMADEINFRANCE<br>『Briochin-ブリオシャン-』<br>オーガニック製品の世界基準と言われる【ECOCERT：エコサート】取得、安心・安全な自然派製品です<br>◯ライムスケール＝水あか<br>◯石鹸、石灰質等の湯あか、水あかの汚れを簡単に取り除く強力なクリーナーです。<br>◯毎日の掃除では落としきれない汚れに効果的です,BRIOCHIN【Briochin(ブリオシャン)】ライムスケールリムーバー 750ml〔お風呂用洗剤〕 (BOLSﾘﾑｰﾊﾞ)：ソフマップ　デジタルコレクション,ソフマップ デジタルコレクションSofmap Digital CollectionパソコンタブレットPCHDDアセンブリパーツパソコンパーツテレビゲームブルーレイソフトDVDソフト液晶テレビブルーレイディスクレコーダーデジタル一眼レフカメラデジタルカメラ家電時計中古　ソフトアウトレット中古ノートパソコン中古パソコンBRIOCHIN【Briochin(ブリオシャン)】ライムスケールリムーバー 750ml〔お風呂用洗剤〕 (BOLSﾘﾑｰﾊﾞ),BRIOCHIN【Briochin(ブリオシャン)】ライムスケールリムーバー 750ml〔お風呂用洗剤〕 (BOLSﾘﾑｰﾊﾞ)[rn]
19-48193,http://tshop.r10s.jp/akibamac/cabinet/04987901/4901301222824.jpg?fitin=700:700,238.4000,,日用品雑貨・文房具・手芸 > その他,花王強力カビハイター ハンディスプレー 400ml (ｷｮｳﾘｮｸｶﾋﾞﾊｲﾀｰSP),,泡がとどまって効く！,花王強力カビハイター ハンディスプレー 400ml (ｷｮｳﾘｮｸｶﾋﾞﾊｲﾀｰSP)：ソフマップ　デジタルコレクション,ソフマップ デジタルコレクションSofmap Digital CollectionパソコンタブレットPCHDDアセンブリパーツパソコンパーツテレビゲームブルーレイソフトDVDソフト液晶テレビブルーレイディスクレコーダーデジタル一眼レフカメラデジタルカメラ家電時計中古　ソフトアウトレット中古ノートパソコン中古パソコン花王強力カビハイター ハンディスプレー 400ml (ｷｮｳﾘｮｸｶﾋﾞﾊｲﾀｰSP),花王強力カビハイター ハンディスプレー 400ml (ｷｮｳﾘｮｸｶﾋﾞﾊｲﾀｰSP)[rn]
19-48194,http://tshop.r10s.jp/akibamac/cabinet/04987901/4901609000148.jpg?fitin=700:700,550.4000,,日用品雑貨・文房具・手芸 > その他,ジョンソンカビキラー 特大サイズ 本体 1kg (ｶﾋﾞｷﾗｰﾄｸﾀﾞｲ),,「強力浸透成分」配合で、カビの根の奥の奥まで強力に浸透します。,ジョンソンカビキラー 特大サイズ 本体 1kg (ｶﾋﾞｷﾗｰﾄｸﾀﾞｲ)：ソフマップ　デジタルコレクション,ソフマップ デジタルコレクションSofmap Digital CollectionパソコンタブレットPCHDDアセンブリパーツパソコンパーツテレビゲームブルーレイソフトDVDソフト液晶テレビブルーレイディスクレコーダーデジタル一眼レフカメラデジタルカメラ家電時計中古　ソフトアウトレット中古ノートパソコン中古パソコンジョンソンカビキラー 特大サイズ 本体 1kg (ｶﾋﾞｷﾗｰﾄｸﾀﾞｲ),ジョンソンカビキラー 特大サイズ 本体 1kg (ｶﾋﾞｷﾗｰﾄｸﾀﾞｲ)[rn]
19-48195,http://tshop.r10s.jp/akibamac/cabinet/04987901/4901609003293.jpg?fitin=700:700,264.8000,,日用品雑貨・文房具・手芸 > その他,ジョンソン【スクラビングバブル】 フロ釜洗い ジャバ 1つ穴用 160g〔お風呂用洗剤〕 (SBジャバヒトツアナ),,パイプユニッシュ共同開発の除菌アクチベータ配合により、雑菌を99％除菌！,ジョンソン【スクラビングバブル】 フロ釜洗い ジャバ 1つ穴用 160g〔お風呂用洗剤〕 (SBジャバヒトツアナ)：ソフマップ　デジタルコレクション,ソフマップ デジタルコレクションSofmap Digital CollectionパソコンタブレットPCHDDアセンブリパーツパソコンパーツテレビゲームブルーレイソフトDVDソフト液晶テレビブルーレイディスクレコーダーデジタル一眼レフカメラデジタルカメラ家電時計中古　ソフトアウトレット中古ノートパソコン中古パソコンジョンソン【スクラビングバブル】 フロ釜洗い ジャバ 1つ穴用 160g〔お風呂用洗剤〕 (SBジャバヒトツアナ),ジョンソン【スクラビングバブル】 フロ釜洗い ジャバ 1つ穴用 160g〔お風呂用洗剤〕 (SBジャバヒトツアナ)[rn]
19-48196,http://tshop.r10s.jp/akibamac/cabinet/04987901/4901301288455.jpg?fitin=700:700,134.4000,,日用品雑貨・文房具・手芸 > その他,花王【キュキュット】ピンクグレープフルーツの香り 本体(240ml) (ｷｭｷｭｯﾄﾋﾟﾝｸﾞﾚﾎﾝ),,濃密泡とすすぎの早さを両立した、独自のハイブリッドウォッシュ処方で、固まった油汚れまで細かく分解し、パッと洗えます！,花王【キュキュット】ピンクグレープフルーツの香り 本体(240ml) (ｷｭｷｭｯﾄﾋﾟﾝｸﾞﾚﾎﾝ)：ソフマップ　デジタルコレクション,ソフマップ デジタルコレクションSofmap Digital CollectionパソコンタブレットPCHDDアセンブリパーツパソコンパーツテレビゲームブルーレイソフトDVDソフト液晶テレビブルーレイディスクレコーダーデジタル一眼レフカメラデジタルカメラ家電時計中古　ソフトアウトレット中古ノートパソコン中古パソコン花王【キュキュット】ピンクグレープフルーツの香り 本体(240ml) (ｷｭｷｭｯﾄﾋﾟﾝｸﾞﾚﾎﾝ),花王【キュキュット】ピンクグレープフルーツの香り 本体(240ml) (ｷｭｷｭｯﾄﾋﾟﾝｸﾞﾚﾎﾝ)[rn]
19-48197,http://tshop.r10s.jp/akibamac/cabinet/04987901/4901609005785.jpg?fitin=700:700,382.4000,,日用品雑貨・文房具・手芸 > その他,ジョンソンカビキラー アルコール除菌 食卓用 240回分 (KBアルコルシヨクタク),,カビキラーならではの高濃度アルコールで強力除菌！,ジョンソンカビキラー アルコール除菌 食卓用 240回分 (KBアルコルシヨクタク)：ソフマップ　デジタルコレクション,ソフマップ デジタルコレクションSofmap Digital CollectionパソコンタブレットPCHDDアセンブリパーツパソコンパーツテレビゲームブルーレイソフトDVDソフト液晶テレビブルーレイディスクレコーダーデジタル一眼レフカメラデジタルカメラ家電時計中古　ソフトアウトレット中古ノートパソコン中古パソコンジョンソンカビキラー アルコール除菌 食卓用 240回分 (KBアルコルシヨクタク),ジョンソンカビキラー アルコール除菌 食卓用 240回分 (KBアルコルシヨクタク)[rn]
19-48198,http://tshop.r10s.jp/akibamac/cabinet/04987901/4901301306173.jpg?fitin=700:700,238.4000,,日用品雑貨・文房具・手芸 > その他,花王食卓クイックル ウェットクロス レモンの香り 20枚入 (ｼｮｸﾀｸQｸﾛｽ20ﾚﾓﾝ),,食卓クイックル ウェットクロス レモンの香り 20枚入,花王食卓クイックル ウェットクロス レモンの香り 20枚入 (ｼｮｸﾀｸQｸﾛｽ20ﾚﾓﾝ)：ソフマップ　デジタルコレクション,ソフマップ デジタルコレクションSofmap Digital CollectionパソコンタブレットPCHDDアセンブリパーツパソコンパーツテレビゲームブルーレイソフトDVDソフト液晶テレビブルーレイディスクレコーダーデジタル一眼レフカメラデジタルカメラ家電時計中古　ソフトアウトレット中古ノートパソコン中古パソコン花王食卓クイックル ウェットクロス レモンの香り 20枚入 (ｼｮｸﾀｸQｸﾛｽ20ﾚﾓﾝ),花王食卓クイックル ウェットクロス レモンの香り 20枚入 (ｼｮｸﾀｸQｸﾛｽ20ﾚﾓﾝ)[rn]
19-48199,http://tshop.r10s.jp/akibamac/cabinet/04987901/4901301306166.jpg?fitin=700:700,160.8000,,日用品雑貨・文房具・手芸 > その他,花王食卓クイックル スプレー レモンの香り つめかえ用 250ml (ｼｮｸﾀｸQSPｶｴﾚﾓﾝ),,【キッチン用洗剤】食卓クイックル スプレー レモンの香り つめかえ用 250ml,花王食卓クイックル スプレー レモンの香り つめかえ用 250ml (ｼｮｸﾀｸQSPｶｴﾚﾓﾝ)：ソフマップ　デジタルコレクション,ソフマップ デジタルコレクションSofmap Digital CollectionパソコンタブレットPCHDDアセンブリパーツパソコンパーツテレビゲームブルーレイソフトDVDソフト液晶テレビブルーレイディスクレコーダーデジタル一眼レフカメラデジタルカメラ家電時計中古　ソフトアウトレット中古ノートパソコン中古パソコン花王食卓クイックル スプレー レモンの香り つめかえ用 250ml (ｼｮｸﾀｸQSPｶｴﾚﾓﾝ),花王食卓クイックル スプレー レモンの香り つめかえ用 250ml (ｼｮｸﾀｸQSPｶｴﾚﾓﾝ)[rn]
19-48200,http://tshop.r10s.jp/akibamac/cabinet/04991433/4902424433739.jpg?fitin=700:700,300.0000,,日用品雑貨・文房具・手芸 > その他,フマキラーフマキラー アルコール除菌タオル 100枚入〔ウェットティッシュ〕 (アルコールジョキンタオル),,フマキラー アルコール除菌タオル 100枚入,フマキラーフマキラー アルコール除菌タオル 100枚入〔ウェットティッシュ〕 (アルコールジョキンタオル)：ソフマップ　デジタルコレクション,ソフマップ デジタルコレクションSofmap Digital CollectionパソコンタブレットPCHDDアセンブリパーツパソコンパーツテレビゲームブルーレイソフトDVDソフト液晶テレビブルーレイディスクレコーダーデジタル一眼レフカメラデジタルカメラ家電時計中古　ソフトアウトレット中古ノートパソコン中古パソコンフマキラーフマキラー アルコール除菌タオル 100枚入〔ウェットティッシュ〕 (アルコールジョキンタオル),フマキラーフマキラー アルコール除菌タオル 100枚入〔ウェットティッシュ〕 (アルコールジョキンタオル)[rn]
