19-62001,http://tshop.r10s.jp/car-fuji/cabinet/01209142/01209213/img60162609.jpg?fitin=700:700,12384.0000,,車用品・バイク用品 > カー用品 > 内装パーツ > ステアリング > ステアリング,｜ステアリング■エルグランド　51系　専用■コブ付　パンチングレザー仕様｜ピアノブラック／126／OP｜ハンドル｜FJ0053,宅配便【本州・四国・九州送料無料】,"<center>
<IMG SRC=""http://image.rakuten.co.jp/car-fuji/cabinet/01209142/01209213/img60162609.jpg""width=""100%""><br>
<IMG SRC=""http://image.rakuten.co.jp/car-fuji/cabinet/01209142/01209213/img60162610.jpg""width=""100%""><br>
<IMG SRC=""http://image.rakuten.co.jp/car-fuji/cabinet/01209142/01209213/img60162611.jpg""width=""100%""><br>
</center>
<center>
<table width=""100%"" bgcolor=""#999999"" cellpadding=""5"" cellspacing=""2"">
<tr>
<td bgcolor=""#666666"" colspan=""2""><b><font color=""white"" >
<center>
商品概要
</center>
</font></b></td>
</tr>
<tr>
<td bgcolor=""white"">

<font color=#333333 size=2>
■新品<br>
<br>
■社外品<br>
<br>
■カラー：ピアノブラック<br>
<br>
■適合車：エルグランドE51系<br>
<br>
■製品仕様<br>
　・純正エアバッグ使用設計<br>
　・コブ付き<br>
　・パンチングレザー<br>
<br>
※こちらの商品は同梱不可になります。
</font>

</td>
</tr>
<tr>
<td bgcolor=""#666666"" colspan=""2""><b><font color=""white"">
<center>
発送詳細
</center>
</font></b></td>
</tr>
<tr>
<td bgcolor=""#FFFFFF"" colspan=""2""><font size=""2""><font color=""blue"">■宅配便(佐川急便・西濃運輸)</font><br>
<font color=#FF0000>
本州・四国・九州への宅配便送料無料</font><br>
<br>
※北海道300円、離島・沖縄800円の別途宅配便送料が掛かりますのでご注意下さい。<br><br>

※送料無料の場合でも配達場所により別途中継料が掛かる場合が御座います。 <br>
<br>
※バッテリー(電池)を含む商品に関しましては、沖縄、離島地域に関しましては、<br>
航空便発送が不可となりますので、船便での発送となります。<br>
その際、別途送料が発生致しますのでご注意下さい。
<br>
<hr>
<font color=""red"">【宅配便特記事項】</font><br>
※配送方法に【メール便】をご選択の場合、弊社にて【宅配便】にご変更させて頂きます。<br>
配送方法をご変更させて頂く際、宅配便の送料を適用させて頂きます。<br>
<br>

※配達業者の指定は出来かねます。</font></td>
</tr>
<tr>
<td bgcolor=""#000000"" colspan=""2""><b><font color=""white"">
<center>
必ずお読み下さい
</center>
</font></b></td>
</tr>
<tr>
<td bgcolor=""#FFFFFF"" colspan=""2""><font color=""#333333"" size=2>・必ず会社概要とご利用規約を確認の上、ご購入をお願い致します。<br>
<br>
・初期不良は商品到着後、1ヶ月以内になりますのでご注意下さい。<br>
<br>
・商品説明欄の記載に説明書/保証書の記載がない場合は、付属しておりません。<br>
<br>
・商品誤送の場合はお手数をお掛け致しますが、商品到着後2週間以内に弊社迄ご連絡下さい。<br>
※商品誤送の場合でも加工等を施された場合、返品規定期間を超えた場合、<br>
商品の箱等をご処分されている場合は、交換対応は出来かねます。<br>
<br>
・取付は専門業者にご依頼下さい。当店は販売のみになりますので、御取付等のサポートは行っておりません。<br>
<br>
・オプションやグレードや年式等により形状が異なる場合も御座いますので、必ずお車と商品画像を御比較の上、ご注文下さい。<br>
<br>
・当商品は輸入品(非純正部品)の為、多少の汚れ、傷がある場合が御座います。<br>
<br>
・商品の入荷状況により、色合いなどが異なる場合が御座います。複数購入された方や、前回購入された方で仕様や色合いが違うと言うクレームは、ご対応出来かねる場合が御座います。<br>
<br>
・仕様は予告無く変更になる場合が御座います。<br>
<br>
・取付前に必ず商品チェックをお願いします。商品取付け後や商品加工後の交換または返品・保障等は初期不良問わず、一切ご対応出来かねます。<br>
<br>
・保証の範囲は商品のみの保証とさせて頂き、取付工賃や商品を使用する事により発生した商品以外への損害については、いかなる理由でも保証対象外になります。</font></td>
</tr>
</table>
</center>

<font color=""#000066"" size=2>【参考車種や商品仕様等一覧です。 適合車種では御座いませんので、 必ず商品ページの商品詳細や商品画像をご確認下さい。】<br>日産 エルグランド E51 エルグラ ニッサン ステアリング 専用 コブ付 パンチングレザー仕様 ピアノブラック 126 OP ハンドル ウッドハンドル</font>",｜ステアリング■エルグランド　51系　専用■コブ付　パンチングレザー仕様｜ピアノブラック／126／OP｜ハンドル｜FJ0053：アンサーフィールド,OBDHIDLEDヴェルファイアハイエースプリウスＮＢＯＸラバースプレーウェッジ球カー用品激安インテリアパネルルームランプＤ2ＣヘッドライトＤ4ＣドアロックスマートキーケースＴ10キーケース｜ステアリング■エルグランド　51系　専用■コブ付　パンチングレザー仕様｜ピアノブラック／126／OP｜ハンドル｜FJ0053,宅配便【本州・四国・九州送料無料】。｜ステアリング■エルグランド　51系　専用■コブ付　パンチングレザー仕様｜ピアノブラック／126／OP｜ハンドル｜FJ0053[rn]
19-62002,http://tshop.r10s.jp/car-fuji/cabinet/01209142/01209175/img62246158.jpg?fitin=700:700,12384.0000,,車用品・バイク用品 > カー用品 > 内装パーツ > ステアリング > ステアリング,ステアリング【NV350 キャラバン　E26　専用】コブ付　パンチングレザー仕様〔黒木目／075／OP〕ブラックウッドハンドル/黒｜FJ2531,宅配便【本州・四国・九州送料無料】,"<center>
<IMG SRC=""http://image.rakuten.co.jp/car-fuji/cabinet/01209142/01209175/img62246158.jpg""width=""100%""><br>
<IMG SRC=""http://image.rakuten.co.jp/car-fuji/cabinet/01209142/01209175/img62246159.jpg""width=""100%""><br>
<IMG SRC=""http://image.rakuten.co.jp/car-fuji/cabinet/01209142/01209175/img62246160.jpg""width=""100%""><br>
</center>
<center>
<table width=""100%"" bgcolor=""#999999"" cellpadding=""5"" cellspacing=""2"">
<tr>
<td bgcolor=""#666666"" colspan=""2""><b><font color=""white"" >
<center>
商品概要
</center>
</font></b></td>
</tr>
<tr>
<td bgcolor=""white"">

<font color=#333333 size=2>
■新品<BR>
<br>
■社外品<BR>
<br>
■カラー：黒木目<BR>
<br>
■適合車：NV350 キャラバン　E26　専用<BR>
<br>
■製品仕様<BR>
　・純正エアバッグ使用設計<BR>
　・コブ付き<BR>
　・パンチングレザー <br>
<br>
※こちらの商品は同梱不可になります。
</font>

</td>
</tr>
<tr>
<td bgcolor=""#666666"" colspan=""2""><b><font color=""white"">
<center>
発送詳細
</center>
</font></b></td>
</tr>
<tr>
<td bgcolor=""#FFFFFF"" colspan=""2""><font size=""2""><font color=""blue"">■宅配便(佐川急便・西濃運輸)</font><br>
<font color=#FF0000>
本州・四国・九州への宅配便送料無料</font><br>
<br>
※北海道300円、離島・沖縄800円の別途宅配便送料が掛かりますのでご注意下さい。<br><br>

※送料無料の場合でも配達場所により別途中継料が掛かる場合が御座います。 <br>
<br>
※バッテリー(電池)を含む商品に関しましては、沖縄、離島地域に関しましては、<br>
航空便発送が不可となりますので、船便での発送となります。<br>
その際、別途送料が発生致しますのでご注意下さい。
<br>
<hr>
<font color=""red"">【宅配便特記事項】</font><br>
※配送方法に【メール便】をご選択の場合、弊社にて【宅配便】にご変更させて頂きます。<br>
配送方法をご変更させて頂く際、宅配便の送料を適用させて頂きます。<br>
<br>

※配達業者の指定は出来かねます。</font></td>
</tr>
<tr>
<td bgcolor=""#000000"" colspan=""2""><b><font color=""white"">
<center>
必ずお読み下さい
</center>
</font></b></td>
</tr>
<tr>
<td bgcolor=""#FFFFFF"" colspan=""2""><font color=""#333333"" size=2>・必ず会社概要とご利用規約を確認の上、ご購入をお願い致します。<br>
<br>
・初期不良は商品到着後、1ヶ月以内になりますのでご注意下さい。<br>
<br>
・商品説明欄の記載に説明書/保証書の記載がない場合は、付属しておりません。<br>
<br>
・商品誤送の場合はお手数をお掛け致しますが、商品到着後2週間以内に弊社迄ご連絡下さい。<br>
※商品誤送の場合でも加工等を施された場合、返品規定期間を超えた場合、<br>
商品の箱等をご処分されている場合は、交換対応は出来かねます。<br>
<br>
・取付は専門業者にご依頼下さい。当店は販売のみになりますので、御取付等のサポートは行っておりません。<br>
<br>
・オプションやグレードや年式等により形状が異なる場合も御座いますので、必ずお車と商品画像を御比較の上、ご注文下さい。<br>
<br>
・当商品は輸入品(非純正部品)の為、多少の汚れ、傷がある場合が御座います。<br>
<br>
・商品の入荷状況により、色合いなどが異なる場合が御座います。複数購入された方や、前回購入された方で仕様や色合いが違うと言うクレームは、ご対応出来かねる場合が御座います。<br>
<br>
・仕様は予告無く変更になる場合が御座います。<br>
<br>
・取付前に必ず商品チェックをお願いします。商品取付け後や商品加工後の交換または返品・保障等は初期不良問わず、一切ご対応出来かねます。<br>
<br>
・保証の範囲は商品のみの保証とさせて頂き、取付工賃や商品を使用する事により発生した商品以外への損害については、いかなる理由でも保証対象外になります。</font></td>
</tr>
</table>
</center>

<font color=""#000066"" size=2>【参考車種や商品仕様等一覧です。 適合車種では御座いませんので、 必ず商品ページの商品詳細や商品画像をご確認下さい。】<br>ステアリング NV350 キャラバン E26 専用 コブ付 パンチングレザー仕様 黒木目 075 OP ブラックウッドハンドル 黒</font>",ステアリング【NV350 キャラバン　E26　専用】コブ付　パンチングレザー仕様〔黒木目／075／OP〕ブラックウッドハンドル/黒｜FJ2531：アンサーフィールド,OBDHIDLEDヴェルファイアハイエースプリウスＮＢＯＸラバースプレーウェッジ球カー用品激安インテリアパネルルームランプＤ2ＣヘッドライトＤ4ＣドアロックスマートキーケースＴ10キーケースステアリング【NV350 キャラバン　E26　専用】コブ付　パンチングレザー仕様〔黒木目／075／OP〕ブラックウッドハンドル/黒｜FJ2531,宅配便【本州・四国・九州送料無料】。ステアリング【NV350 キャラバン　E26　専用】コブ付　パンチングレザー仕様〔黒木目／075／OP〕ブラックウッドハンドル/黒｜FJ2531[rn]
19-62003,http://tshop.r10s.jp/car-fuji/cabinet/01209142/fj4333.jpg?fitin=700:700,12384.0000,,車用品・バイク用品 > カー用品 > 内装パーツ > ステアリング > ステアリング,プリウス30 プリウスα アクア 専用 コブ付きガングリップ×パンチングレザー仕様　ステアリング 焦茶木目/156/SP ウッドハンドル FJ4333,宅配便【本州・四国・九州送料無料】☆,"<center>
<img src=""http://image.rakuten.co.jp/car-fuji/cabinet/01209142/fj4333.jpg""width=""100%""><br>
<img src=""http://image.rakuten.co.jp/car-fuji/cabinet/01209142/fj4333_1.jpg""width=""100%""><br>
<img src=""http://image.rakuten.co.jp/car-fuji/cabinet/01209142/fj4333_2.jpg""width=""100%""><br>
</center><br><br><br>
<center>
<table width=""100%"" bgcolor=""#999999"" cellpadding=""5"" cellspacing=""2"">
<tr>
<td bgcolor=""#666666"" colspan=""2""><b><font color=""white"" >
<center>
商品概要
</center>
</font></b></td>
</tr>
<tr>
<td bgcolor=""white"">

<font color=#333333 size=2>
■社外品<br><br>
■カラー：焦茶木目<br><br>
■適合車<br>
・プリウス ZVW30系<br>
・プリウスα ZVW40系<br>
・アクア NHP10系<br><br>
■製品仕様<br>
・純正エアバッグ使用設計<br>
・コブ付き<br>
・ガングリップタイプ<br>
・パンチングレザー<br>
<br>
※サイズ違い等の理由での返品や交換は一切致しませんので予めご了承ください 。
</font>

</td>
</tr>
<tr>
<td bgcolor=""#666666"" colspan=""2""><b><font color=""white"">
<center>
発送詳細
</center>
</font></b></td>
</tr>
<tr>
<td bgcolor=""#FFFFFF"" colspan=""2""><font size=""2""><font color=""blue"">■宅配便(佐川急便・西濃運輸)</font><br>
<font color=#FF0000>
本州・四国・九州への宅配便送料無料</font><br>
<br>
※北海道300円、離島・沖縄800円の別途宅配便送料が掛かりますのでご注意下さい。<br><br>

※送料無料の場合でも配達場所により別途中継料が掛かる場合が御座います。 <br>
<br>
※バッテリー(電池)を含む商品に関しましては、沖縄、離島地域に関しましては、<br>
航空便発送が不可となりますので、船便での発送となります。<br>
その際、別途送料が発生致しますのでご注意下さい。
<br>
<hr>
<font color=""red"">【宅配便特記事項】</font><br>
※配送方法に【メール便】をご選択の場合、弊社にて【宅配便】にご変更させて頂きます。<br>
配送方法をご変更させて頂く際、宅配便の送料を適用させて頂きます。<br>
<br>

※配達業者の指定は出来かねます。</font></td>
</tr>
<tr>
<td height=""28"" colspan=""2"" bgcolor=""#000000""><b><font color=""white"">
<center>
必ずお読み下さい
</center>
</font></b></td>
</tr>
<tr>
<td bgcolor=""#FFFFFF"" colspan=""2""><font color=""#333333"" size=2>・必ず会社概要とご利用規約を確認の上、ご購入をお願い致します。<br>
<br>
・初期不良は商品到着後、1ヶ月以内になりますのでご注意下さい。<br>
<br>
・商品説明欄の記載に説明書/保証書の記載がない場合は、付属しておりません。<br>
<br>
・商品誤送の場合はお手数をお掛け致しますが、商品到着後2週間以内に弊社迄ご連絡下さい。<br>
※商品誤送の場合でも加工等を施された場合、返品規定期間を超えた場合、<br>
商品の箱等をご処分されている場合は、交換対応は出来かねます。<br>
<br>
・取付は専門業者にご依頼下さい。当店は販売のみになりますので、御取付等のサポートは行っておりません。<br>
<br>
・オプションやグレードや年式等により形状が異なる場合も御座いますので、必ずお車と商品画像を御比較の上、ご注文下さい。<br>
<br>
・当商品は輸入品(非純正部品)の為、多少の汚れ、傷がある場合が御座います。<br>
<br>
・商品の入荷状況により、色合いなどが異なる場合が御座います。複数購入された方や、前回購入された方で仕様や色合いが違うと言うクレームは、ご対応出来かねる場合が御座います。<br>
<br>
・仕様は予告無く変更になる場合が御座います。<br>
<br>
・取付前に必ず商品チェックをお願いします。商品取付け後や商品加工後の交換または返品・保障等は初期不良問わず、一切ご対応出来かねます。<br>
<br>
・保証の範囲は商品のみの保証とさせて頂き、取付工賃や商品を使用する事により発生した商品以外への損害については、いかなる理由でも保証対象外になります。</font></td>
</tr>
</table>
</center>

<font color=""#000066"" size=2>【参考車種や商品仕様等一覧です。 適合車種では御座いませんので、 必ず商品ページの商品詳細や商品画像をご確認下さい。】<br>ガングリップ パーツ ハンドルカバー 内装 パンチングレザー スポーツ ハンドル ステアリング ドレスアップ 車種専用 茶木目 カー用品 ブラウンウッド アクセサリー プリウス30系 PRIUS プリウス zvw zvw30 30 前期 後期 L S G ツーリングセレクション アクア AQUA NHP10 L S G プリウスa アルファ ZVW41W ZVW40W</font>",プリウス30 プリウスα アクア 専用 コブ付きガングリップ&times;パンチングレザー仕様　ステアリング 焦茶木目/156/SP ウッドハンドル FJ4333：アンサーフィールド,OBDHIDLEDヴェルファイアハイエースプリウスＮＢＯＸラバースプレーウェッジ球カー用品激安インテリアパネルルームランプＤ2ＣヘッドライトＤ4ＣドアロックスマートキーケースＴ10キーケースプリウス30 プリウスα アクア 専用 コブ付きガングリップ&times;パンチングレザー仕様　ステアリング 焦茶木目/156/SP ウッドハンドル FJ4333,宅配便【本州・四国・九州送料無料】☆。プリウス30 プリウスα アクア 専用 コブ付きガングリップ&times;パンチングレザー仕様　ステアリング 焦茶木目/156/SP ウッドハンドル FJ4333[rn]
19-62004,http://tshop.r10s.jp/car-fuji/cabinet/01209142/01209175/img60033505.jpg?fitin=700:700,12384.0000,,車用品・バイク用品 > カー用品 > 内装パーツ > ステアリング > ステアリング,ステアリング■エルグランド　E52系　専用■コブ付　パンチングレザー仕様｜アフリカンウッド／156／SP｜ハンドル｜FJ0056,宅配便【本州・四国・九州送料無料】,"<center>
<IMG SRC=""http://image.rakuten.co.jp/car-fuji/cabinet/01209142/01209175/img60033505.jpg""width=""100%""><br>
<IMG SRC=""http://image.rakuten.co.jp/car-fuji/cabinet/01209142/01209175/img60033506.jpg""width=""100%""><br>
<IMG SRC=""http://image.rakuten.co.jp/car-fuji/cabinet/01209142/01209175/img60033507.jpg""width=""100%""><br>
</center>
<center>
<table width=""100%"" bgcolor=""#999999"" cellpadding=""5"" cellspacing=""2"">
<tr>
<td bgcolor=""#666666"" colspan=""2""><b><font color=""white"" >
<center>
商品概要
</center>
</font></b></td>
</tr>
<tr>
<td bgcolor=""white"">

<font color=#333333 size=2>
■新品<br>
<br>
■社外品<br>
<br>
■カラー：アフリカンウッド<br>
<br>
■適合車：エルグランドE52系<br>
<br>
■製品仕様<br>
　・純正エアバッグ使用設計<br>
　・コブ付き<br>
　・パンチングレザー<br>
<br>
※こちらの商品は同梱不可になります。
</font>

</td>
</tr>
<tr>
<td bgcolor=""#666666"" colspan=""2""><b><font color=""white"">
<center>
発送詳細
</center>
</font></b></td>
</tr>
<tr>
<td bgcolor=""#FFFFFF"" colspan=""2""><font size=""2""><font color=""blue"">■宅配便(佐川急便・西濃運輸)</font><br>
<font color=#FF0000>
本州・四国・九州への宅配便送料無料</font><br>
<br>
※北海道300円、離島・沖縄800円の別途宅配便送料が掛かりますのでご注意下さい。<br><br>

※送料無料の場合でも配達場所により別途中継料が掛かる場合が御座います。 <br>
<br>
※バッテリー(電池)を含む商品に関しましては、沖縄、離島地域に関しましては、<br>
航空便発送が不可となりますので、船便での発送となります。<br>
その際、別途送料が発生致しますのでご注意下さい。
<br>
<hr>
<font color=""red"">【宅配便特記事項】</font><br>
※配送方法に【メール便】をご選択の場合、弊社にて【宅配便】にご変更させて頂きます。<br>
配送方法をご変更させて頂く際、宅配便の送料を適用させて頂きます。<br>
<br>

※配達業者の指定は出来かねます。</font></td>
</tr>
<tr>
<td bgcolor=""#000000"" colspan=""2""><b><font color=""white"">
<center>
必ずお読み下さい
</center>
</font></b></td>
</tr>
<tr>
<td bgcolor=""#FFFFFF"" colspan=""2""><font color=""#333333"" size=2>・必ず会社概要とご利用規約を確認の上、ご購入をお願い致します。<br>
<br>
・初期不良は商品到着後、1ヶ月以内になりますのでご注意下さい。<br>
<br>
・商品説明欄の記載に説明書/保証書の記載がない場合は、付属しておりません。<br>
<br>
・商品誤送の場合はお手数をお掛け致しますが、商品到着後2週間以内に弊社迄ご連絡下さい。<br>
※商品誤送の場合でも加工等を施された場合、返品規定期間を超えた場合、<br>
商品の箱等をご処分されている場合は、交換対応は出来かねます。<br>
<br>
・取付は専門業者にご依頼下さい。当店は販売のみになりますので、御取付等のサポートは行っておりません。<br>
<br>
・オプションやグレードや年式等により形状が異なる場合も御座いますので、必ずお車と商品画像を御比較の上、ご注文下さい。<br>
<br>
・当商品は輸入品(非純正部品)の為、多少の汚れ、傷がある場合が御座います。<br>
<br>
・商品の入荷状況により、色合いなどが異なる場合が御座います。複数購入された方や、前回購入された方で仕様や色合いが違うと言うクレームは、ご対応出来かねる場合が御座います。<br>
<br>
・仕様は予告無く変更になる場合が御座います。<br>
<br>
・取付前に必ず商品チェックをお願いします。商品取付け後や商品加工後の交換または返品・保障等は初期不良問わず、一切ご対応出来かねます。<br>
<br>
・保証の範囲は商品のみの保証とさせて頂き、取付工賃や商品を使用する事により発生した商品以外への損害については、いかなる理由でも保証対象外になります。</font></td>
</tr>
</table>
</center>

<font color=""#000066"" size=2>【参考車種や商品仕様等一覧です。 適合車種では御座いませんので、 必ず商品ページの商品詳細や商品画像をご確認下さい。】<br>日産 エルグランド E52 エルグラ ニッサン ステアリング エルグランド E52系 専用 コブ付 パンチングレザー仕様 アフリカンウッド 156 SP ハンドル ウッドハンドル</font>",ステアリング■エルグランド　E52系　専用■コブ付　パンチングレザー仕様｜アフリカンウッド／156／SP｜ハンドル｜FJ0056：アンサーフィールド,OBDHIDLEDヴェルファイアハイエースプリウスＮＢＯＸラバースプレーウェッジ球カー用品激安インテリアパネルルームランプＤ2ＣヘッドライトＤ4ＣドアロックスマートキーケースＴ10キーケースステアリング■エルグランド　E52系　専用■コブ付　パンチングレザー仕様｜アフリカンウッド／156／SP｜ハンドル｜FJ0056,宅配便【本州・四国・九州送料無料】。ステアリング■エルグランド　E52系　専用■コブ付　パンチングレザー仕様｜アフリカンウッド／156／SP｜ハンドル｜FJ0056[rn]
19-62005,http://tshop.r10s.jp/car-fuji/cabinet/01209142/01209175/img58950944.jpg?fitin=700:700,12384.0000,,車用品・バイク用品 > カー用品 > 内装パーツ > ステアリング > ステアリング,ステアリング■エスティマ50系　専用■コブ付　ガングリップ×パンチングレザー仕様■ピアノホワイト／138／SP■パール｜ハンドル｜FJ0060,宅配便【本州・四国・九州送料無料】,"<center>
<IMG SRC=""http://image.rakuten.co.jp/car-fuji/cabinet/01209142/01209175/img58950944.jpg""width=""100%""><br>
<IMG SRC=""http://image.rakuten.co.jp/car-fuji/cabinet/01209142/01209175/img58950945.jpg""width=""100%""><br>
<IMG SRC=""http://image.rakuten.co.jp/car-fuji/cabinet/01209142/01209175/img58950946.jpg""width=""100%""><br>
</center>
<center>
<table width=""100%"" bgcolor=""#999999"" cellpadding=""5"" cellspacing=""2"">
<tr>
<td bgcolor=""#666666"" colspan=""2""><b><font color=""white"" >
<center>
商品概要
</center>
</font></b></td>
</tr>
<tr>
<td bgcolor=""white"">

<font color=#333333 size=2>
■新品<br>
<br>
■社外品<br>
<br>
■カラー：ピアノホワイト<br>
　※パールがかった光沢のあるホワイトになります。<br>
<br>
■適合車：エスティマ50系<br>
<br>
■製品仕様<br>
・純正エアバッグ使用設計<br>
・コブ付き<br>
・ガングリップタイプ<br>
・パンチングレザー<br>
<br>
※こちらの商品は同梱不可になります。
</font>

</td>
</tr>
<tr>
<td bgcolor=""#666666"" colspan=""2""><b><font color=""white"">
<center>
発送詳細
</center>
</font></b></td>
</tr>
<tr>
<td bgcolor=""#FFFFFF"" colspan=""2""><font size=""2""><font color=""blue"">■宅配便(佐川急便・西濃運輸)</font><br>
<font color=#FF0000>
本州・四国・九州への宅配便送料無料</font><br>
<br>
※北海道300円、離島・沖縄800円の別途宅配便送料が掛かりますのでご注意下さい。<br><br>

※送料無料の場合でも配達場所により別途中継料が掛かる場合が御座います。 <br>
<br>
※バッテリー(電池)を含む商品に関しましては、沖縄、離島地域に関しましては、<br>
航空便発送が不可となりますので、船便での発送となります。<br>
その際、別途送料が発生致しますのでご注意下さい。
<br>
<hr>
<font color=""red"">【宅配便特記事項】</font><br>
※配送方法に【メール便】をご選択の場合、弊社にて【宅配便】にご変更させて頂きます。<br>
配送方法をご変更させて頂く際、宅配便の送料を適用させて頂きます。<br>
<br>

※配達業者の指定は出来かねます。</font></td>
</tr>
<tr>
<td bgcolor=""#000000"" colspan=""2""><b><font color=""white"">
<center>
必ずお読み下さい
</center>
</font></b></td>
</tr>
<tr>
<td bgcolor=""#FFFFFF"" colspan=""2""><font color=""#333333"" size=2>・必ず会社概要とご利用規約を確認の上、ご購入をお願い致します。<br>
<br>
・初期不良は商品到着後、1ヶ月以内になりますのでご注意下さい。<br>
<br>
・商品説明欄の記載に説明書/保証書の記載がない場合は、付属しておりません。<br>
<br>
・商品誤送の場合はお手数をお掛け致しますが、商品到着後2週間以内に弊社迄ご連絡下さい。<br>
※商品誤送の場合でも加工等を施された場合、返品規定期間を超えた場合、<br>
商品の箱等をご処分されている場合は、交換対応は出来かねます。<br>
<br>
・取付は専門業者にご依頼下さい。当店は販売のみになりますので、御取付等のサポートは行っておりません。<br>
<br>
・オプションやグレードや年式等により形状が異なる場合も御座いますので、必ずお車と商品画像を御比較の上、ご注文下さい。<br>
<br>
・当商品は輸入品(非純正部品)の為、多少の汚れ、傷がある場合が御座います。<br>
<br>
・商品の入荷状況により、色合いなどが異なる場合が御座います。複数購入された方や、前回購入された方で仕様や色合いが違うと言うクレームは、ご対応出来かねる場合が御座います。<br>
<br>
・仕様は予告無く変更になる場合が御座います。<br>
<br>
・取付前に必ず商品チェックをお願いします。商品取付け後や商品加工後の交換または返品・保障等は初期不良問わず、一切ご対応出来かねます。<br>
<br>
・保証の範囲は商品のみの保証とさせて頂き、取付工賃や商品を使用する事により発生した商品以外への損害については、いかなる理由でも保証対象外になります。</font></td>
</tr>
</table>
</center>

<font color=""#000066"" size=2>【参考車種や商品仕様等一覧です。 適合車種では御座いませんので、 必ず商品ページの商品詳細や商品画像をご確認下さい。】<br>トヨタ エスティマ50 ステアリング ガングリップ パンチングレザー ハンドル ピアノホワイト パール</font>",ステアリング■エスティマ50系　専用■コブ付　ガングリップ&times;パンチングレザー仕様■ピアノホワイト／138／SP■パール｜ハンドル｜FJ0060：アンサーフィールド,OBDHIDLEDヴェルファイアハイエースプリウスＮＢＯＸラバースプレーウェッジ球カー用品激安インテリアパネルルームランプＤ2ＣヘッドライトＤ4ＣドアロックスマートキーケースＴ10キーケースステアリング■エスティマ50系　専用■コブ付　ガングリップ&times;パンチングレザー仕様■ピアノホワイト／138／SP■パール｜ハンドル｜FJ0060,宅配便【本州・四国・九州送料無料】。ステアリング■エスティマ50系　専用■コブ付　ガングリップ&times;パンチングレザー仕様■ピアノホワイト／138／SP■パール｜ハンドル｜FJ0060[rn]
19-62006,http://tshop.r10s.jp/car-fuji/cabinet/01209142/fj4476.jpg?fitin=700:700,12384.0000,,車用品・バイク用品 > カー用品 > 内装パーツ > ステアリング > ステアリング,ヴェゼル RU1/RU2/RU3/RU4 コブ付×パンチングレザー仕様　ガングリップステアリング ピアノブラック ｜ FJ4494,宅配便【本州・四国・九州送料無料】,"<center>
<img src=""http://image.rakuten.co.jp/car-fuji/cabinet/01209142/fj4494.jpg"" width=""100%"">
<img src=""http://image.rakuten.co.jp/car-fuji/cabinet/01209142/fj4494_1.jpg"" width=""100%"">
<img src=""http://image.rakuten.co.jp/car-fuji/cabinet/01209142/fj4494_2.jpg"" width=""100%"">
</center><br><br><br>
<center>
<table width=""100%"" bgcolor=""#999999"" cellpadding=""5"" cellspacing=""2"">
<tr>
<td bgcolor=""#666666"" colspan=""2""><b><font color=""white"" >
<center>
商品概要
</center>
</font></b></td>
</tr>
<tr>
<td bgcolor=""white"">
<font size=""2"">
■新品<br><br>
■社外品<br><br>
■適合車：ヴェゼル/ヴェゼル ハイブリッド RU1/RU2/RU3/RU4<br><br>
■年式：H25/12～<br><br>
■カラー：ピアノブラック<br><br>
■製品仕様<br>
・純正エアバッグ使用設計<br>
・コブ付き<br>
・本革レザー<br>
・パンチングレザー＆ガングリップタイプ
</font></td>
</tr>
<tr>
<td bgcolor=""#666666"" colspan=""2""><b><font color=""white"">
<center>
発送詳細
</center>
</font></b></td>
</tr>
<tr>
<td bgcolor=""#FFFFFF"" colspan=""2""><font size=""2""><font color=""blue"">■宅配便(佐川急便・西濃運輸)</font><br>
<font color=#FF0000>
本州・四国・九州への宅配便送料無料</font><br>
<br>
※北海道300円、離島・沖縄800円の別途宅配便送料が掛かりますのでご注意下さい。<br><br>

※送料無料の場合でも配達場所により別途中継料が掛かる場合が御座います。 <br>
<br>
※バッテリー(電池)を含む商品に関しましては、沖縄、離島地域に関しましては、<br>
航空便発送が不可となりますので、船便での発送となります。<br>
その際、別途送料が発生致しますのでご注意下さい。
<br>
<hr>
<font color=""red"">【宅配便特記事項】</font><br>
※配送方法に【メール便】をご選択の場合、弊社にて【宅配便】にご変更させて頂きます。<br>
配送方法をご変更させて頂く際、宅配便の送料を適用させて頂きます。<br>
<br>

※配達業者の指定は出来かねます。</font></td>
</tr>
<tr>
<td bgcolor=""#000000"" colspan=""2""><b><font color=""white"">
<center>
必ずお読み下さい
</center>
</font></b></td>
</tr>
<tr>
<td bgcolor=""#FFFFFF"" colspan=""2""><font color=""#333333"" size=2>・必ず会社概要とご利用規約を確認の上、ご購入をお願い致します。<br>
<br>
・初期不良は商品到着後、1ヶ月以内になりますのでご注意下さい。<br>
<br>
・商品説明欄の記載に説明書/保証書の記載がない場合は、付属しておりません。<br>
<br>
・商品誤送の場合はお手数をお掛け致しますが、商品到着後2週間以内に弊社迄ご連絡下さい。<br>
※商品誤送の場合でも加工等を施された場合、返品規定期間を超えた場合、<br>
商品の箱等をご処分されている場合は、交換対応は出来かねます。<br>
<br>
・取付は専門業者にご依頼下さい。当店は販売のみになりますので、御取付等のサポートは行っておりません。<br>
<br>
・オプションやグレードや年式等により形状が異なる場合も御座いますので、必ずお車と商品画像を御比較の上、ご注文下さい。<br>
<br>
・当商品は輸入品(非純正部品)の為、多少の汚れ、傷がある場合が御座います。<br>
<br>
・商品の入荷状況により、色合いなどが異なる場合が御座います。複数購入された方や、前回購入された方で仕様や色合いが違うと言うクレームは、ご対応出来かねる場合が御座います。<br>
<br>
・仕様は予告無く変更になる場合が御座います。<br>
<br>
・取付前に必ず商品チェックをお願いします。商品取付け後や商品加工後の交換または返品・保障等は初期不良問わず、一切ご対応出来かねます。<br>
<br>
・保証の範囲は商品のみの保証とさせて頂き、取付工賃や商品を使用する事により発生した商品以外への損害については、いかなる理由でも保証対象外になります。</font></td>
</tr>
</table>
</center>
<font color=""#000066"" size=2>【参考車種や商品仕様等一覧です。 適合車種では御座いませんので、 必ず商品ページの商品詳細や商品画像をご確認下さい。】<br>
ハンドル レザー パーツ 内装 ベゼル 革 ドレスアップ 126 ピアノブラック ガングリップ 純正交換 ステアリング パンチング DIY カー用品 スポーツ オプション 専用設計 カスタム ドレスアップ アクセサリー ハイブリッド ハイブリット ホンダ honda ヴェゼルRU RU系 RU RU1 RU2 RU3 RU4 ヴェゼル VEZEL DAA DIY G X S Lパッケージ ハイブリッドX ハイブリッドZ</font>",ヴェゼル RU1/RU2/RU3/RU4 コブ付&times;パンチングレザー仕様　ガングリップステアリング ピアノブラック ｜ FJ4494：アンサーフィールド,OBDHIDLEDヴェルファイアハイエースプリウスＮＢＯＸラバースプレーウェッジ球カー用品激安インテリアパネルルームランプＤ2ＣヘッドライトＤ4ＣドアロックスマートキーケースＴ10キーケースヴェゼル RU1/RU2/RU3/RU4 コブ付&times;パンチングレザー仕様　ガングリップステアリング ピアノブラック ｜ FJ4494,宅配便【本州・四国・九州送料無料】。ヴェゼル RU1/RU2/RU3/RU4 コブ付&times;パンチングレザー仕様　ガングリップステアリング ピアノブラック ｜ FJ4494[rn]
19-62007,http://tshop.r10s.jp/car-fuji/cabinet/01209142/fj4476.jpg?fitin=700:700,12384.0000,,車用品・バイク用品 > カー用品 > 内装パーツ > ステアリング > ステアリング,ヴェゼル RU1/RU2/RU3/RU4 コブ付×パンチングレザー仕様　ガングリップステアリング 黒木目 ｜ FJ4476,宅配便【本州・四国・九州送料無料】,"<center>
<img src=""http://image.rakuten.co.jp/car-fuji/cabinet/01209142/fj4476.jpg"" width=""100%"">
<img src=""http://image.rakuten.co.jp/car-fuji/cabinet/01209142/fj4476_1.jpg"" width=""100%"">
<img src=""http://image.rakuten.co.jp/car-fuji/cabinet/01209142/fj4476_2.jpg"" width=""100%"">
</center><br><br><br>
<center>
<table width=""100%"" bgcolor=""#999999"" cellpadding=""5"" cellspacing=""2"">
<tr>
<td bgcolor=""#666666"" colspan=""2""><b><font color=""white"" >
<center>
商品概要
</center>
</font></b></td>
</tr>
<tr>
<td bgcolor=""white"">
<font size=""2"">
■新品<br><br>
■社外品<br><br>
■適合車：ヴェゼル/ヴェゼル ハイブリッド RU1/RU2/RU3/RU4<br><br>
■年式：H25/12～<br><br>
■カラー：黒木目<br><br>
■製品仕様<br>
・純正エアバッグ使用設計<br>
・コブ付き<br>
・本革レザー<br>
・パンチングレザー＆ガングリップタイプ
</font></td>
</tr>
<tr>
<td bgcolor=""#666666"" colspan=""2""><b><font color=""white"">
<center>
発送詳細
</center>
</font></b></td>
</tr>
<tr>
<td bgcolor=""#FFFFFF"" colspan=""2""><font size=""2""><font color=""blue"">■宅配便(佐川急便・西濃運輸)</font><br>
<font color=#FF0000>
本州・四国・九州への宅配便送料無料</font><br>
<br>
※北海道300円、離島・沖縄800円の別途宅配便送料が掛かりますのでご注意下さい。<br><br>

※送料無料の場合でも配達場所により別途中継料が掛かる場合が御座います。 <br>
<br>
※バッテリー(電池)を含む商品に関しましては、沖縄、離島地域に関しましては、<br>
航空便発送が不可となりますので、船便での発送となります。<br>
その際、別途送料が発生致しますのでご注意下さい。
<br>
<hr>
<font color=""red"">【宅配便特記事項】</font><br>
※配送方法に【メール便】をご選択の場合、弊社にて【宅配便】にご変更させて頂きます。<br>
配送方法をご変更させて頂く際、宅配便の送料を適用させて頂きます。<br>
<br>

※配達業者の指定は出来かねます。</font></td>
</tr>
<tr>
<td bgcolor=""#000000"" colspan=""2""><b><font color=""white"">
<center>
必ずお読み下さい
</center>
</font></b></td>
</tr>
<tr>
<td bgcolor=""#FFFFFF"" colspan=""2""><font color=""#333333"" size=2>・必ず会社概要とご利用規約を確認の上、ご購入をお願い致します。<br>
<br>
・初期不良は商品到着後、1ヶ月以内になりますのでご注意下さい。<br>
<br>
・商品説明欄の記載に説明書/保証書の記載がない場合は、付属しておりません。<br>
<br>
・商品誤送の場合はお手数をお掛け致しますが、商品到着後2週間以内に弊社迄ご連絡下さい。<br>
※商品誤送の場合でも加工等を施された場合、返品規定期間を超えた場合、<br>
商品の箱等をご処分されている場合は、交換対応は出来かねます。<br>
<br>
・取付は専門業者にご依頼下さい。当店は販売のみになりますので、御取付等のサポートは行っておりません。<br>
<br>
・オプションやグレードや年式等により形状が異なる場合も御座いますので、必ずお車と商品画像を御比較の上、ご注文下さい。<br>
<br>
・当商品は輸入品(非純正部品)の為、多少の汚れ、傷がある場合が御座います。<br>
<br>
・商品の入荷状況により、色合いなどが異なる場合が御座います。複数購入された方や、前回購入された方で仕様や色合いが違うと言うクレームは、ご対応出来かねる場合が御座います。<br>
<br>
・仕様は予告無く変更になる場合が御座います。<br>
<br>
・取付前に必ず商品チェックをお願いします。商品取付け後や商品加工後の交換または返品・保障等は初期不良問わず、一切ご対応出来かねます。<br>
<br>
・保証の範囲は商品のみの保証とさせて頂き、取付工賃や商品を使用する事により発生した商品以外への損害については、いかなる理由でも保証対象外になります。</font></td>
</tr>
</table>
</center>
<font color=""#000066"" size=2>【参考車種や商品仕様等一覧です。 適合車種では御座いませんので、 必ず商品ページの商品詳細や商品画像をご確認下さい。】<br>
ハンドル レザー パーツ 内装 ベゼル 革 ドレスアップ 075 ガングリップ 純正交換 ステアリング パンチング DIY カー用品 スポーツ オプション 専用設計 カスタム ドレスアップ アクセサリー ハイブリッド ハイブリット ホンダ honda RU系 RU RU1 RU2 RU3 RU4 ヴェゼル VEZEL DAA DIY G X S Lパッケージ ハイブリッドX ハイブリッドZ
</font>",ヴェゼル RU1/RU2/RU3/RU4 コブ付&times;パンチングレザー仕様　ガングリップステアリング 黒木目 ｜ FJ4476：アンサーフィールド,OBDHIDLEDヴェルファイアハイエースプリウスＮＢＯＸラバースプレーウェッジ球カー用品激安インテリアパネルルームランプＤ2ＣヘッドライトＤ4ＣドアロックスマートキーケースＴ10キーケースヴェゼル RU1/RU2/RU3/RU4 コブ付&times;パンチングレザー仕様　ガングリップステアリング 黒木目 ｜ FJ4476,宅配便【本州・四国・九州送料無料】。ヴェゼル RU1/RU2/RU3/RU4 コブ付&times;パンチングレザー仕様　ガングリップステアリング 黒木目 ｜ FJ4476[rn]
19-62008,http://tshop.r10s.jp/car-fuji/cabinet/01209142/01209175/img62246161.jpg?fitin=700:700,12384.0000,,車用品・バイク用品 > カー用品 > 内装パーツ > ステアリング > ステアリング,ステアリング【NV350 キャラバン　E26　専用】コブ付　パンチングレザー仕様〔ピアノブラック／126／OP〕ブラック ハンドル 光沢黒｜FJ2532,宅配便【本州・四国・九州送料無料】,"<center>
<IMG SRC=""http://image.rakuten.co.jp/car-fuji/cabinet/01209142/01209175/img62246161.jpg""width=""100%""><br>
<IMG SRC=""http://image.rakuten.co.jp/car-fuji/cabinet/01209142/01209175/img62246162.jpg""width=""100%""><br>
<IMG SRC=""http://image.rakuten.co.jp/car-fuji/cabinet/01209142/01209175/img62246163.jpg""width=""100%""><br>
</center>
<center>
<table width=""100%"" bgcolor=""#999999"" cellpadding=""5"" cellspacing=""2"">
<tr>
<td bgcolor=""#666666"" colspan=""2""><b><font color=""white"" >
<center>
商品概要
</center>
</font></b></td>
</tr>
<tr>
<td bgcolor=""white"">

<font color=#333333 size=2>
■新品<BR>
<br>
■社外品<BR>
<br>
■カラー：ピアノブラック<BR>
<br>
■適合車：NV350 キャラバン　E26　専用<BR>
<br>
■製品仕様<BR>
　・純正エアバッグ使用設計<BR>
　・コブ付き<BR>
　・パンチングレザー <br>
<br>
※こちらの商品は同梱不可になります。
</font>

</td>
</tr>
<tr>
<td bgcolor=""#666666"" colspan=""2""><b><font color=""white"">
<center>
発送詳細
</center>
</font></b></td>
</tr>
<tr>
<td bgcolor=""#FFFFFF"" colspan=""2""><font size=""2""><font color=""blue"">■宅配便(佐川急便・西濃運輸)</font><br>
<font color=#FF0000>
本州・四国・九州への宅配便送料無料</font><br>
<br>
※北海道300円、離島・沖縄800円の別途宅配便送料が掛かりますのでご注意下さい。<br><br>

※送料無料の場合でも配達場所により別途中継料が掛かる場合が御座います。 <br>
<br>
※バッテリー(電池)を含む商品に関しましては、沖縄、離島地域に関しましては、<br>
航空便発送が不可となりますので、船便での発送となります。<br>
その際、別途送料が発生致しますのでご注意下さい。
<br>
<hr>
<font color=""red"">【宅配便特記事項】</font><br>
※配送方法に【メール便】をご選択の場合、弊社にて【宅配便】にご変更させて頂きます。<br>
配送方法をご変更させて頂く際、宅配便の送料を適用させて頂きます。<br>
<br>

※配達業者の指定は出来かねます。</font></td>
</tr>
<tr>
<td bgcolor=""#000000"" colspan=""2""><b><font color=""white"">
<center>
必ずお読み下さい
</center>
</font></b></td>
</tr>
<tr>
<td bgcolor=""#FFFFFF"" colspan=""2""><font color=""#333333"" size=2>・必ず会社概要とご利用規約を確認の上、ご購入をお願い致します。<br>
<br>
・初期不良は商品到着後、1ヶ月以内になりますのでご注意下さい。<br>
<br>
・商品説明欄の記載に説明書/保証書の記載がない場合は、付属しておりません。<br>
<br>
・商品誤送の場合はお手数をお掛け致しますが、商品到着後2週間以内に弊社迄ご連絡下さい。<br>
※商品誤送の場合でも加工等を施された場合、返品規定期間を超えた場合、<br>
商品の箱等をご処分されている場合は、交換対応は出来かねます。<br>
<br>
・取付は専門業者にご依頼下さい。当店は販売のみになりますので、御取付等のサポートは行っておりません。<br>
<br>
・オプションやグレードや年式等により形状が異なる場合も御座いますので、必ずお車と商品画像を御比較の上、ご注文下さい。<br>
<br>
・当商品は輸入品(非純正部品)の為、多少の汚れ、傷がある場合が御座います。<br>
<br>
・商品の入荷状況により、色合いなどが異なる場合が御座います。複数購入された方や、前回購入された方で仕様や色合いが違うと言うクレームは、ご対応出来かねる場合が御座います。<br>
<br>
・仕様は予告無く変更になる場合が御座います。<br>
<br>
・取付前に必ず商品チェックをお願いします。商品取付け後や商品加工後の交換または返品・保障等は初期不良問わず、一切ご対応出来かねます。<br>
<br>
・保証の範囲は商品のみの保証とさせて頂き、取付工賃や商品を使用する事により発生した商品以外への損害については、いかなる理由でも保証対象外になります。</font></td>
</tr>
</table>
</center>

<font color=""#000066"" size=2>【参考車種や商品仕様等一覧です。 適合車種では御座いませんので、 必ず商品ページの商品詳細や商品画像をご確認下さい。】<br>ステアリング NV350 キャラバン E26 専用 コブ付 パンチングレザー仕様 ピアノブラック 126 OP ブラック ハンドル 光沢黒</font>",ステアリング【NV350 キャラバン　E26　専用】コブ付　パンチングレザー仕様〔ピアノブラック／126／OP〕ブラック ハンドル 光沢黒｜FJ2532：アンサーフィールド,OBDHIDLEDヴェルファイアハイエースプリウスＮＢＯＸラバースプレーウェッジ球カー用品激安インテリアパネルルームランプＤ2ＣヘッドライトＤ4ＣドアロックスマートキーケースＴ10キーケースステアリング【NV350 キャラバン　E26　専用】コブ付　パンチングレザー仕様〔ピアノブラック／126／OP〕ブラック ハンドル 光沢黒｜FJ2532,宅配便【本州・四国・九州送料無料】。ステアリング【NV350 キャラバン　E26　専用】コブ付　パンチングレザー仕様〔ピアノブラック／126／OP〕ブラック ハンドル 光沢黒｜FJ2532[rn]
19-62009,http://tshop.r10s.jp/car-fuji/cabinet/01209142/01209175/img56649641.jpg?fitin=700:700,12384.0000,,車用品・バイク用品 > カー用品 > 内装パーツ > ステアリング > ステアリング,ステアリング【エブリィDA64系　専用】コブ付　ガングリップ×パンチングレザー仕様｜黒木目075／SP｜ハンドル｜エブリー｜FJ0006,宅配便【本州・四国・九州送料無料】,"<center>
<IMG SRC=""http://image.rakuten.co.jp/car-fuji/cabinet/01209142/01209175/img56649641.jpg""width=""100%""><br>
<IMG SRC=""http://image.rakuten.co.jp/car-fuji/cabinet/01209142/01209175/img56649655.jpg""width=""100%""><br>
<IMG SRC=""http://image.rakuten.co.jp/car-fuji/cabinet/01209142/01209175/img63369202.jpg""width=""100%""><br>
</center>
<center>
<table width=""100%"" bgcolor=""#999999"" cellpadding=""5"" cellspacing=""2"">
<tr>
<td bgcolor=""#666666"" colspan=""2""><b><font color=""white"" >
<center>
商品概要
</center>
</font></b></td>
</tr>
<tr>
<td bgcolor=""white"">

<font color=#333333 size=2>
■新品<br>
<br>
■社外品<br>
<br>
■カラー：黒木目<br>
<br>
■適合車：エブリィDA64系<br>
<br>
■製品仕様<br>
・純正エアバッグ使用設計<br>
・コブ付き<br>
・ガングリップタイプ<br>
・パンチングレザー<br>
<br>
※こちらの商品は同梱不可になります。
</font>

</td>
</tr>
<tr>
<td bgcolor=""#666666"" colspan=""2""><b><font color=""white"">
<center>
発送詳細
</center>
</font></b></td>
</tr>
<tr>
<td bgcolor=""#FFFFFF"" colspan=""2""><font size=""2""><font color=""blue"">■宅配便(佐川急便・西濃運輸)</font><br>
<font color=#FF0000>
本州・四国・九州への宅配便送料無料</font><br>
<br>
※北海道300円、離島・沖縄800円の別途宅配便送料が掛かりますのでご注意下さい。<br><br>

※送料無料の場合でも配達場所により別途中継料が掛かる場合が御座います。 <br>
<br>
※バッテリー(電池)を含む商品に関しましては、沖縄、離島地域に関しましては、<br>
航空便発送が不可となりますので、船便での発送となります。<br>
その際、別途送料が発生致しますのでご注意下さい。
<br>
<hr>
<font color=""red"">【宅配便特記事項】</font><br>
※配送方法に【メール便】をご選択の場合、弊社にて【宅配便】にご変更させて頂きます。<br>
配送方法をご変更させて頂く際、宅配便の送料を適用させて頂きます。<br>
<br>

※配達業者の指定は出来かねます。</font></td>
</tr>
<tr>
<td bgcolor=""#000000"" colspan=""2""><b><font color=""white"">
<center>
必ずお読み下さい
</center>
</font></b></td>
</tr>
<tr>
<td bgcolor=""#FFFFFF"" colspan=""2""><font color=""#333333"" size=2>・必ず会社概要とご利用規約を確認の上、ご購入をお願い致します。<br>
<br>
・初期不良は商品到着後、1ヶ月以内になりますのでご注意下さい。<br>
<br>
・商品説明欄の記載に説明書/保証書の記載がない場合は、付属しておりません。<br>
<br>
・商品誤送の場合はお手数をお掛け致しますが、商品到着後2週間以内に弊社迄ご連絡下さい。<br>
※商品誤送の場合でも加工等を施された場合、返品規定期間を超えた場合、<br>
商品の箱等をご処分されている場合は、交換対応は出来かねます。<br>
<br>
・取付は専門業者にご依頼下さい。当店は販売のみになりますので、御取付等のサポートは行っておりません。<br>
<br>
・オプションやグレードや年式等により形状が異なる場合も御座いますので、必ずお車と商品画像を御比較の上、ご注文下さい。<br>
<br>
・当商品は輸入品(非純正部品)の為、多少の汚れ、傷がある場合が御座います。<br>
<br>
・商品の入荷状況により、色合いなどが異なる場合が御座います。複数購入された方や、前回購入された方で仕様や色合いが違うと言うクレームは、ご対応出来かねる場合が御座います。<br>
<br>
・仕様は予告無く変更になる場合が御座います。<br>
<br>
・取付前に必ず商品チェックをお願いします。商品取付け後や商品加工後の交換または返品・保障等は初期不良問わず、一切ご対応出来かねます。<br>
<br>
・保証の範囲は商品のみの保証とさせて頂き、取付工賃や商品を使用する事により発生した商品以外への損害については、いかなる理由でも保証対象外になります。</font></td>
</tr>
</table>
</center>

<font color=""#000066"" size=2>【参考車種や商品仕様等一覧です。 適合車種では御座いませんので、 必ず商品ページの商品詳細や商品画像をご確認下さい。】<br>ステアリング エブリィDA64系 専用 コブ付 ガングリップ パンチングレザー仕様 黒木目 075 SP ハンドル エブリー</font>",ステアリング【エブリィDA64系　専用】コブ付　ガングリップ&times;パンチングレザー仕様｜黒木目075／SP｜ハンドル｜エブリー｜FJ0006：アンサーフィールド,OBDHIDLEDヴェルファイアハイエースプリウスＮＢＯＸラバースプレーウェッジ球カー用品激安インテリアパネルルームランプＤ2ＣヘッドライトＤ4ＣドアロックスマートキーケースＴ10キーケースステアリング【エブリィDA64系　専用】コブ付　ガングリップ&times;パンチングレザー仕様｜黒木目075／SP｜ハンドル｜エブリー｜FJ0006,宅配便【本州・四国・九州送料無料】。ステアリング【エブリィDA64系　専用】コブ付　ガングリップ&times;パンチングレザー仕様｜黒木目075／SP｜ハンドル｜エブリー｜FJ0006[rn]
19-62010,http://tshop.r10s.jp/car-fuji/cabinet/01209142/01209175/img58943828.jpg?fitin=700:700,12384.0000,,車用品・バイク用品 > カー用品 > 内装パーツ > ステアリング > ステアリング,∥ステアリング∥■エブリィDA64系　専用■コブ付　ガングリップ×パンチングレザー仕様｜ピアノブラック126／SP｜ハンドル｜エブリー｜FJ0008,宅配便【本州・四国・九州送料無料】,"<center>
<IMG SRC=""http://image.rakuten.co.jp/car-fuji/cabinet/01209142/01209175/img58943828.jpg""width=""100%""><br>
<IMG SRC=""http://image.rakuten.co.jp/car-fuji/cabinet/01209142/01209175/img58943829.jpg""width=""100%""><br>
</center>
<center>
<table width=""100%"" bgcolor=""#999999"" cellpadding=""5"" cellspacing=""2"">
<tr>
<td bgcolor=""#666666"" colspan=""2""><b><font color=""white"" >
<center>
商品概要
</center>
</font></b></td>
</tr>
<tr>
<td bgcolor=""white"">

<font color=#333333 size=2>
■新品<br>
<br>
■社外品<br>
<br>
■カラー：ピアノブラック<br>
　※ピアノのような光沢のある黒になります。<br>
<br>
■適合車：エブリィ DA64系<br>
<br>
■製品仕様<br>
・純正エアバッグ使用設計<br>
・コブ付き<br>
・ガングリップタイプ<br>
・パンチングレザー<br>
<br>
※こちらの商品は同梱不可になります。
</font>

</td>
</tr>
<tr>
<td bgcolor=""#666666"" colspan=""2""><b><font color=""white"">
<center>
発送詳細
</center>
</font></b></td>
</tr>
<tr>
<td bgcolor=""#FFFFFF"" colspan=""2""><font size=""2""><font color=""blue"">■宅配便(佐川急便・西濃運輸)</font><br>
<font color=#FF0000>
本州・四国・九州への宅配便送料無料</font><br>
<br>
※北海道300円、離島・沖縄800円の別途宅配便送料が掛かりますのでご注意下さい。<br><br>

※送料無料の場合でも配達場所により別途中継料が掛かる場合が御座います。 <br>
<br>
※バッテリー(電池)を含む商品に関しましては、沖縄、離島地域に関しましては、<br>
航空便発送が不可となりますので、船便での発送となります。<br>
その際、別途送料が発生致しますのでご注意下さい。
<br>
<hr>
<font color=""red"">【宅配便特記事項】</font><br>
※配送方法に【メール便】をご選択の場合、弊社にて【宅配便】にご変更させて頂きます。<br>
配送方法をご変更させて頂く際、宅配便の送料を適用させて頂きます。<br>
<br>

※配達業者の指定は出来かねます。</font></td>
</tr>
<tr>
<td bgcolor=""#000000"" colspan=""2""><b><font color=""white"">
<center>
必ずお読み下さい
</center>
</font></b></td>
</tr>
<tr>
<td bgcolor=""#FFFFFF"" colspan=""2""><font color=""#333333"" size=2>・必ず会社概要とご利用規約を確認の上、ご購入をお願い致します。<br>
<br>
・初期不良は商品到着後、1ヶ月以内になりますのでご注意下さい。<br>
<br>
・商品説明欄の記載に説明書/保証書の記載がない場合は、付属しておりません。<br>
<br>
・商品誤送の場合はお手数をお掛け致しますが、商品到着後2週間以内に弊社迄ご連絡下さい。<br>
※商品誤送の場合でも加工等を施された場合、返品規定期間を超えた場合、<br>
商品の箱等をご処分されている場合は、交換対応は出来かねます。<br>
<br>
・取付は専門業者にご依頼下さい。当店は販売のみになりますので、御取付等のサポートは行っておりません。<br>
<br>
・オプションやグレードや年式等により形状が異なる場合も御座いますので、必ずお車と商品画像を御比較の上、ご注文下さい。<br>
<br>
・当商品は輸入品(非純正部品)の為、多少の汚れ、傷がある場合が御座います。<br>
<br>
・商品の入荷状況により、色合いなどが異なる場合が御座います。複数購入された方や、前回購入された方で仕様や色合いが違うと言うクレームは、ご対応出来かねる場合が御座います。<br>
<br>
・仕様は予告無く変更になる場合が御座います。<br>
<br>
・取付前に必ず商品チェックをお願いします。商品取付け後や商品加工後の交換または返品・保障等は初期不良問わず、一切ご対応出来かねます。<br>
<br>
・保証の範囲は商品のみの保証とさせて頂き、取付工賃や商品を使用する事により発生した商品以外への損害については、いかなる理由でも保証対象外になります。</font></td>
</tr>
</table>
</center>

<font color=""#000066"" size=2>【参考車種や商品仕様等一覧です。 適合車種では御座いませんので、 必ず商品ページの商品詳細や商品画像をご確認下さい。】<br>ステアリング エブリィDA64系 コブ付 ガングリップ パンチングレザー仕様 ピアノブラック SP ハンドル エブリー</font>",∥ステアリング∥■エブリィDA64系　専用■コブ付　ガングリップ&times;パンチングレザー仕様｜ピアノブラック126／SP｜ハンドル｜エブリー｜FJ0008：アンサーフィールド,OBDHIDLEDヴェルファイアハイエースプリウスＮＢＯＸラバースプレーウェッジ球カー用品激安インテリアパネルルームランプＤ2ＣヘッドライトＤ4ＣドアロックスマートキーケースＴ10キーケース∥ステアリング∥■エブリィDA64系　専用■コブ付　ガングリップ&times;パンチングレザー仕様｜ピアノブラック126／SP｜ハンドル｜エブリー｜FJ0008,宅配便【本州・四国・九州送料無料】。∥ステアリング∥■エブリィDA64系　専用■コブ付　ガングリップ&times;パンチングレザー仕様｜ピアノブラック126／SP｜ハンドル｜エブリー｜FJ0008[rn]
19-62011,http://tshop.r10s.jp/car-fuji/cabinet/01209142/01209175/img56844524.jpg?fitin=700:700,12384.0000,,車用品・バイク用品 > カー用品 > 内装パーツ > ステアリング > ステアリング,∥ステアリング∥■ワゴンＲ　MH23S系　専用■コブ付　ガングリップ×パンチングレザー仕様■ピアノブラック／126／SP■ハンドル/光沢黒｜FJ0040,宅配便【本州・四国・九州送料無料】,"<center>
<IMG SRC=""http://image.rakuten.co.jp/car-fuji/cabinet/01209142/01209175/img56844524.jpg""width=""100%""><br>
<IMG SRC=""http://image.rakuten.co.jp/car-fuji/cabinet/01209142/01209175/img56844539.jpg""width=""100%""><br>
<IMG SRC=""http://image.rakuten.co.jp/car-fuji/cabinet/01209142/01209175/img63369205.jpg""width=""100%""><br>
</center>
<center>
<table width=""100%"" bgcolor=""#999999"" cellpadding=""5"" cellspacing=""2"">
<tr>
<td bgcolor=""#666666"" colspan=""2""><b><font color=""white"" >
<center>
商品概要
</center>
</font></b></td>
</tr>
<tr>
<td bgcolor=""white"">

<font color=#333333 size=2>
■新品<br>
<br>
■社外品<br>
<br>
■カラー：ピアノブラック<br>
　※ピアノのような光沢のある黒になります。<br>
<br>
■適合車：ワゴンＲ　MH23S系<br>
<br>
■製品仕様<br>
・純正エアバッグ使用設計<br>
・コブ付き<br>
・ガングリップタイプ<br>
・パンチングレザー<br>
<br>
※こちらの商品は同梱不可になります。
</font>

</td>
</tr>
<tr>
<td bgcolor=""#666666"" colspan=""2""><b><font color=""white"">
<center>
発送詳細
</center>
</font></b></td>
</tr>
<tr>
<td bgcolor=""#FFFFFF"" colspan=""2""><font size=""2""><font color=""blue"">■宅配便(佐川急便・西濃運輸)</font><br>
<font color=#FF0000>
本州・四国・九州への宅配便送料無料</font><br>
<br>
※北海道300円、離島・沖縄800円の別途宅配便送料が掛かりますのでご注意下さい。<br><br>

※送料無料の場合でも配達場所により別途中継料が掛かる場合が御座います。 <br>
<br>
※バッテリー(電池)を含む商品に関しましては、沖縄、離島地域に関しましては、<br>
航空便発送が不可となりますので、船便での発送となります。<br>
その際、別途送料が発生致しますのでご注意下さい。
<br>
<hr>
<font color=""red"">【宅配便特記事項】</font><br>
※配送方法に【メール便】をご選択の場合、弊社にて【宅配便】にご変更させて頂きます。<br>
配送方法をご変更させて頂く際、宅配便の送料を適用させて頂きます。<br>
<br>

※配達業者の指定は出来かねます。</font></td>
</tr>
<tr>
<td bgcolor=""#000000"" colspan=""2""><b><font color=""white"">
<center>
必ずお読み下さい
</center>
</font></b></td>
</tr>
<tr>
<td bgcolor=""#FFFFFF"" colspan=""2""><font color=""#333333"" size=2>・必ず会社概要とご利用規約を確認の上、ご購入をお願い致します。<br>
<br>
・初期不良は商品到着後、1ヶ月以内になりますのでご注意下さい。<br>
<br>
・商品説明欄の記載に説明書/保証書の記載がない場合は、付属しておりません。<br>
<br>
・商品誤送の場合はお手数をお掛け致しますが、商品到着後2週間以内に弊社迄ご連絡下さい。<br>
※商品誤送の場合でも加工等を施された場合、返品規定期間を超えた場合、<br>
商品の箱等をご処分されている場合は、交換対応は出来かねます。<br>
<br>
・取付は専門業者にご依頼下さい。当店は販売のみになりますので、御取付等のサポートは行っておりません。<br>
<br>
・オプションやグレードや年式等により形状が異なる場合も御座いますので、必ずお車と商品画像を御比較の上、ご注文下さい。<br>
<br>
・当商品は輸入品(非純正部品)の為、多少の汚れ、傷がある場合が御座います。<br>
<br>
・商品の入荷状況により、色合いなどが異なる場合が御座います。複数購入された方や、前回購入された方で仕様や色合いが違うと言うクレームは、ご対応出来かねる場合が御座います。<br>
<br>
・仕様は予告無く変更になる場合が御座います。<br>
<br>
・取付前に必ず商品チェックをお願いします。商品取付け後や商品加工後の交換または返品・保障等は初期不良問わず、一切ご対応出来かねます。<br>
<br>
・保証の範囲は商品のみの保証とさせて頂き、取付工賃や商品を使用する事により発生した商品以外への損害については、いかなる理由でも保証対象外になります。</font></td>
</tr>
</table>
</center>

<font color=""#000066"" size=2>【参考車種や商品仕様等一覧です。 適合車種では御座いませんので、 必ず商品ページの商品詳細や商品画像をご確認下さい。】<br>ステアリング ワゴンＲ MH23S系 専用 コブ付 ガングリップ パンチングレザー仕様 ピアノブラック 126 SP ハンドル 光沢黒</font>",∥ステアリング∥■ワゴンＲ　MH23S系　専用■コブ付　ガングリップ&times;パンチングレザー仕様■ピアノブラック／126／SP■ハンドル/光沢黒｜FJ0040：アンサーフィールド,OBDHIDLEDヴェルファイアハイエースプリウスＮＢＯＸラバースプレーウェッジ球カー用品激安インテリアパネルルームランプＤ2ＣヘッドライトＤ4ＣドアロックスマートキーケースＴ10キーケース∥ステアリング∥■ワゴンＲ　MH23S系　専用■コブ付　ガングリップ&times;パンチングレザー仕様■ピアノブラック／126／SP■ハンドル/光沢黒｜FJ0040,宅配便【本州・四国・九州送料無料】。∥ステアリング∥■ワゴンＲ　MH23S系　専用■コブ付　ガングリップ&times;パンチングレザー仕様■ピアノブラック／126／SP■ハンドル/光沢黒｜FJ0040[rn]
19-62012,http://tshop.r10s.jp/car-fuji/cabinet/car/naisou/nbox_jf1_op_075_01.jpg?fitin=700:700,12384.0000,,車用品・バイク用品 > カー用品 > 内装パーツ > ステアリング > ステアリング,NBOX NBOXカスタム JF1/2系　専用 ステアリング コブ付 高級レザー仕様 黒木目／075／OP ブラックウッドハンドル ｜FJ1989,宅配便【本州・四国・九州送料無料】,"<center>
<img src=""http://image.rakuten.co.jp/car-fuji/cabinet/car/naisou/nbox_jf1_op_075_01.jpg""width=""100%""><BR>
<img src=""http://image.rakuten.co.jp/car-fuji/cabinet/car/naisou/nbox_jf1_op_075_2.jpg""width=""100%""><BR>
<img src=""http://image.rakuten.co.jp/car-fuji/cabinet/car/naisou/nbox_jf1_op_075_3.jpg""width=""100%""><br>
</center>
<center>
<table width=""100%"" bgcolor=""#999999"" cellpadding=""5"" cellspacing=""2"">
<tr>
<td bgcolor=""#666666"" colspan=""2""><b><font color=""white"" >
<center>
商品概要
</center>
</font></b></td>
</tr>
<tr>
<td bgcolor=""white"">

<font color=#333333 size=2>
■新品<BR>
<br>
■社外品<BR>
<br>
■カラー：黒木目<BR>
<br>
■適合車：NBOX JF1/2系<BR>
<br>
■製品仕様<BR>
　・純正エアバッグ使用設計<BR>
　・コブ付き<BR>
　・高級レザー使用<br>
<br>
・こちらの商品は同梱不可になります。
</font>

</td>
</tr>
<tr>
<td bgcolor=""#666666"" colspan=""2""><b><font color=""white"">
<center>
発送詳細
</center>
</font></b></td>
</tr>
<tr>
<td bgcolor=""#FFFFFF"" colspan=""2""><font size=""2""><font color=""blue"">■宅配便(佐川急便・西濃運輸)</font><br>
<font color=#FF0000>
本州・四国・九州への宅配便送料無料</font><br>
<br>
※北海道300円、離島・沖縄800円の別途宅配便送料が掛かりますのでご注意下さい。<br><br>

※送料無料の場合でも配達場所により別途中継料が掛かる場合が御座います。 <br>
<br>
※バッテリー(電池)を含む商品に関しましては、沖縄、離島地域に関しましては、<br>
航空便発送が不可となりますので、船便での発送となります。<br>
その際、別途送料が発生致しますのでご注意下さい。
<br>
<hr>
<font color=""red"">【宅配便特記事項】</font><br>
※配送方法に【メール便】をご選択の場合、弊社にて【宅配便】にご変更させて頂きます。<br>
配送方法をご変更させて頂く際、宅配便の送料を適用させて頂きます。<br>
<br>

※配達業者の指定は出来かねます。</font></td>
</tr>
<tr>
<td bgcolor=""#000000"" colspan=""2""><b><font color=""white"">
<center>
必ずお読み下さい
</center>
</font></b></td>
</tr>
<tr>
<td bgcolor=""#FFFFFF"" colspan=""2""><font color=""#333333"" size=2>・必ず会社概要とご利用規約を確認の上、ご購入をお願い致します。<br>
<br>
・初期不良は商品到着後、1ヶ月以内になりますのでご注意下さい。<br>
<br>
・商品説明欄の記載に説明書/保証書の記載がない場合は、付属しておりません。<br>
<br>
・商品誤送の場合はお手数をお掛け致しますが、商品到着後2週間以内に弊社迄ご連絡下さい。<br>
※商品誤送の場合でも加工等を施された場合、返品規定期間を超えた場合、<br>
商品の箱等をご処分されている場合は、交換対応は出来かねます。<br>
<br>
・取付は専門業者にご依頼下さい。当店は販売のみになりますので、御取付等のサポートは行っておりません。<br>
<br>
・オプションやグレードや年式等により形状が異なる場合も御座いますので、必ずお車と商品画像を御比較の上、ご注文下さい。<br>
<br>
・当商品は輸入品(非純正部品)の為、多少の汚れ、傷がある場合が御座います。<br>
<br>
・商品の入荷状況により、色合いなどが異なる場合が御座います。複数購入された方や、前回購入された方で仕様や色合いが違うと言うクレームは、ご対応出来かねる場合が御座います。<br>
<br>
・仕様は予告無く変更になる場合が御座います。<br>
<br>
・取付前に必ず商品チェックをお願いします。商品取付け後や商品加工後の交換または返品・保障等は初期不良問わず、一切ご対応出来かねます。<br>
<br>
・保証の範囲は商品のみの保証とさせて頂き、取付工賃や商品を使用する事により発生した商品以外への損害については、いかなる理由でも保証対象外になります。</font></td>
</tr>
</table>
</center>

<font color=""#000066"" size=2>【参考車種や商品仕様等一覧です。 適合車種では御座いませんので、 必ず商品ページの商品詳細や商品画像をご確認下さい。】<br>ステアリング NBOX JF1 2系 専用 コブ付 高級レザー仕様 黒木目 075 OP ブラックウッドハンドル N BOX N-BOX NBOXカスタム N-BOXカスタム ガングリップステアリング パーツ カー用品 車 車種専用 内装パーツ</font>",NBOX NBOXカスタム JF1/2系　専用 ステアリング コブ付 高級レザー仕様 黒木目／075／OP ブラックウッドハンドル ｜FJ1989：アンサーフィールド,OBDHIDLEDヴェルファイアハイエースプリウスＮＢＯＸラバースプレーウェッジ球カー用品激安インテリアパネルルームランプＤ2ＣヘッドライトＤ4ＣドアロックスマートキーケースＴ10キーケースNBOX NBOXカスタム JF1/2系　専用 ステアリング コブ付 高級レザー仕様 黒木目／075／OP ブラックウッドハンドル ｜FJ1989,宅配便【本州・四国・九州送料無料】。NBOX NBOXカスタム JF1/2系　専用 ステアリング コブ付 高級レザー仕様 黒木目／075／OP ブラックウッドハンドル ｜FJ1989[rn]
19-62013,http://tshop.r10s.jp/car-fuji/cabinet/car/naisou/sutearing/nbox_jf1_op_039_1.jpg?fitin=700:700,12384.0000,,車用品・バイク用品 > カー用品 > 内装パーツ > ステアリング > ステアリング,NBOX NBOXカスタム JF1/2系　専用 ステアリング コブ付 高級レザー仕様 ブラックカーボン／039／OP ブラックカーボンハンドル ｜FJ1991,宅配便【本州・四国・九州送料無料】,"<center>
<img src=""http://image.rakuten.co.jp/car-fuji/cabinet/car/naisou/sutearing/nbox_jf1_op_039_1.jpg""width=""100%""><br>
<img src=""http://image.rakuten.co.jp/car-fuji/cabinet/car/naisou/sutearing/nbox_jf1_op_039_2.jpg""width=""100%""><br>
<img src=""http://image.rakuten.co.jp/car-fuji/cabinet/car/naisou/sutearing/nbox_jf1_op_039_3.jpg""width=""100%""><br>
</center>
<center>
<table width=""100%"" bgcolor=""#999999"" cellpadding=""5"" cellspacing=""2"">
<tr>
<td bgcolor=""#666666"" colspan=""2""><b><font color=""white"" >
<center>
商品概要
</center>
</font></b></td>
</tr>
<tr>
<td bgcolor=""white"">

<font color=#333333 size=2>
■新品<BR>
<br>
■社外品<BR>
<br>
■カラー：ブラックカーボン<BR>
<br>
■適合車：NBOX JF1/2系<BR>
<br>
■製品仕様<BR>
　・純正エアバッグ使用設計<BR>
　・コブ付き<BR>
　・高級レザー仕様 <br>
<br>
※こちらの商品は同梱不可になります。
</font>

</td>
</tr>
<tr>
<td bgcolor=""#666666"" colspan=""2""><b><font color=""white"">
<center>
発送詳細
</center>
</font></b></td>
</tr>
<tr>
<td bgcolor=""#FFFFFF"" colspan=""2""><font size=""2""><font color=""blue"">■宅配便(佐川急便・西濃運輸)</font><br>
<font color=#FF0000>
本州・四国・九州への宅配便送料無料</font><br>
<br>
※北海道300円、離島・沖縄800円の別途宅配便送料が掛かりますのでご注意下さい。<br><br>

※送料無料の場合でも配達場所により別途中継料が掛かる場合が御座います。 <br>
<br>
※バッテリー(電池)を含む商品に関しましては、沖縄、離島地域に関しましては、<br>
航空便発送が不可となりますので、船便での発送となります。<br>
その際、別途送料が発生致しますのでご注意下さい。
<br>
<hr>
<font color=""red"">【宅配便特記事項】</font><br>
※配送方法に【メール便】をご選択の場合、弊社にて【宅配便】にご変更させて頂きます。<br>
配送方法をご変更させて頂く際、宅配便の送料を適用させて頂きます。<br>
<br>

※配達業者の指定は出来かねます。</font></td>
</tr>
<tr>
<td bgcolor=""#000000"" colspan=""2""><b><font color=""white"">
<center>
必ずお読み下さい
</center>
</font></b></td>
</tr>
<tr>
<td bgcolor=""#FFFFFF"" colspan=""2""><font color=""#333333"" size=2>・必ず会社概要とご利用規約を確認の上、ご購入をお願い致します。<br>
<br>
・初期不良は商品到着後、1ヶ月以内になりますのでご注意下さい。<br>
<br>
・商品説明欄の記載に説明書/保証書の記載がない場合は、付属しておりません。<br>
<br>
・商品誤送の場合はお手数をお掛け致しますが、商品到着後2週間以内に弊社迄ご連絡下さい。<br>
※商品誤送の場合でも加工等を施された場合、返品規定期間を超えた場合、<br>
商品の箱等をご処分されている場合は、交換対応は出来かねます。<br>
<br>
・取付は専門業者にご依頼下さい。当店は販売のみになりますので、御取付等のサポートは行っておりません。<br>
<br>
・オプションやグレードや年式等により形状が異なる場合も御座いますので、必ずお車と商品画像を御比較の上、ご注文下さい。<br>
<br>
・当商品は輸入品(非純正部品)の為、多少の汚れ、傷がある場合が御座います。<br>
<br>
・商品の入荷状況により、色合いなどが異なる場合が御座います。複数購入された方や、前回購入された方で仕様や色合いが違うと言うクレームは、ご対応出来かねる場合が御座います。<br>
<br>
・仕様は予告無く変更になる場合が御座います。<br>
<br>
・取付前に必ず商品チェックをお願いします。商品取付け後や商品加工後の交換または返品・保障等は初期不良問わず、一切ご対応出来かねます。<br>
<br>
・保証の範囲は商品のみの保証とさせて頂き、取付工賃や商品を使用する事により発生した商品以外への損害については、いかなる理由でも保証対象外になります。</font></td>
</tr>
</table>
</center>

<font color=""#000066"" size=2>【参考車種や商品仕様等一覧です。 適合車種では御座いませんので、 必ず商品ページの商品詳細や商品画像をご確認下さい。】<br>ステアリング NBOX JF1 2系 専用 コブ付 高級レザー仕様 ブラックカーボン 039 OP ハンドル</font>",NBOX NBOXカスタム JF1/2系　専用 ステアリング コブ付 高級レザー仕様 ブラックカーボン／039／OP ブラックカーボンハンドル ｜FJ1991：アンサーフィールド,OBDHIDLEDヴェルファイアハイエースプリウスＮＢＯＸラバースプレーウェッジ球カー用品激安インテリアパネルルームランプＤ2ＣヘッドライトＤ4ＣドアロックスマートキーケースＴ10キーケースNBOX NBOXカスタム JF1/2系　専用 ステアリング コブ付 高級レザー仕様 ブラックカーボン／039／OP ブラックカーボンハンドル ｜FJ1991,宅配便【本州・四国・九州送料無料】。NBOX NBOXカスタム JF1/2系　専用 ステアリング コブ付 高級レザー仕様 ブラックカーボン／039／OP ブラックカーボンハンドル ｜FJ1991[rn]
19-62014,http://tshop.r10s.jp/car-fuji/cabinet/01209142/01209175/img59618162.jpg?fitin=700:700,12384.0000,,車用品・バイク用品 > カー用品 > 内装パーツ > ステアリング > ステアリング,｜ステアリング■エルグランド　E51系　専用■コブ付　ガングリップ×パンチングレザー仕様｜ピアノブラック／126／SP｜ハンドル｜FJ0052,宅配便【本州・四国・九州送料無料】,"<center>
<IMG SRC=""http://image.rakuten.co.jp/car-fuji/cabinet/01209142/01209175/img59618162.jpg""width=""100%""><br>
<IMG SRC=""http://image.rakuten.co.jp/car-fuji/cabinet/01209142/01209175/img59618163.jpg""width=""100%""><br>
<IMG SRC=""http://image.rakuten.co.jp/car-fuji/cabinet/01209142/01209175/img59618164.jpg""width=""100%""><br>
</center>
<center>
<table width=""100%"" bgcolor=""#999999"" cellpadding=""5"" cellspacing=""2"">
<tr>
<td bgcolor=""#666666"" colspan=""2""><b><font color=""white"" >
<center>
商品概要
</center>
</font></b></td>
</tr>
<tr>
<td bgcolor=""white"">

<font color=#333333 size=2>
■新品<br>
<br>
■社外品<br>
<br>
■カラー：ピアノブラック<br>
<br>
■適合車：エルグランドE51系<br>
<br>
■製品仕様<br>
・純正エアバッグ使用設計<br>
・コブ付き<br>
・ガングリップ<br>
・パンチングレザー<br>
<br>
※こちらの商品は同梱不可になります。
</font>

</td>
</tr>
<tr>
<td bgcolor=""#666666"" colspan=""2""><b><font color=""white"">
<center>
発送詳細
</center>
</font></b></td>
</tr>
<tr>
<td bgcolor=""#FFFFFF"" colspan=""2""><font size=""2""><font color=""blue"">■宅配便(佐川急便・西濃運輸)</font><br>
<font color=#FF0000>
本州・四国・九州への宅配便送料無料</font><br>
<br>
※北海道300円、離島・沖縄800円の別途宅配便送料が掛かりますのでご注意下さい。<br><br>

※送料無料の場合でも配達場所により別途中継料が掛かる場合が御座います。 <br>
<br>
※バッテリー(電池)を含む商品に関しましては、沖縄、離島地域に関しましては、<br>
航空便発送が不可となりますので、船便での発送となります。<br>
その際、別途送料が発生致しますのでご注意下さい。
<br>
<hr>
<font color=""red"">【宅配便特記事項】</font><br>
※配送方法に【メール便】をご選択の場合、弊社にて【宅配便】にご変更させて頂きます。<br>
配送方法をご変更させて頂く際、宅配便の送料を適用させて頂きます。<br>
<br>

※配達業者の指定は出来かねます。</font></td>
</tr>
<tr>
<td bgcolor=""#000000"" colspan=""2""><b><font color=""white"">
<center>
必ずお読み下さい
</center>
</font></b></td>
</tr>
<tr>
<td bgcolor=""#FFFFFF"" colspan=""2""><font color=""#333333"" size=2>・必ず会社概要とご利用規約を確認の上、ご購入をお願い致します。<br>
<br>
・初期不良は商品到着後、1ヶ月以内になりますのでご注意下さい。<br>
<br>
・商品説明欄の記載に説明書/保証書の記載がない場合は、付属しておりません。<br>
<br>
・商品誤送の場合はお手数をお掛け致しますが、商品到着後2週間以内に弊社迄ご連絡下さい。<br>
※商品誤送の場合でも加工等を施された場合、返品規定期間を超えた場合、<br>
商品の箱等をご処分されている場合は、交換対応は出来かねます。<br>
<br>
・取付は専門業者にご依頼下さい。当店は販売のみになりますので、御取付等のサポートは行っておりません。<br>
<br>
・オプションやグレードや年式等により形状が異なる場合も御座いますので、必ずお車と商品画像を御比較の上、ご注文下さい。<br>
<br>
・当商品は輸入品(非純正部品)の為、多少の汚れ、傷がある場合が御座います。<br>
<br>
・商品の入荷状況により、色合いなどが異なる場合が御座います。複数購入された方や、前回購入された方で仕様や色合いが違うと言うクレームは、ご対応出来かねる場合が御座います。<br>
<br>
・仕様は予告無く変更になる場合が御座います。<br>
<br>
・取付前に必ず商品チェックをお願いします。商品取付け後や商品加工後の交換または返品・保障等は初期不良問わず、一切ご対応出来かねます。<br>
<br>
・保証の範囲は商品のみの保証とさせて頂き、取付工賃や商品を使用する事により発生した商品以外への損害については、いかなる理由でも保証対象外になります。</font></td>
</tr>
</table>
</center>

<font color=""#000066"" size=2>【参考車種や商品仕様等一覧です。 適合車種では御座いませんので、 必ず商品ページの商品詳細や商品画像をご確認下さい。】<br>日産 エルグランド E51 エルグラ ニッサン ステアリング ガングリップ パンチングレザー ウッドハンドル ピアノブラック 126 SP</font>",｜ステアリング■エルグランド　E51系　専用■コブ付　ガングリップ&times;パンチングレザー仕様｜ピアノブラック／126／SP｜ハンドル｜FJ0052：アンサーフィールド,OBDHIDLEDヴェルファイアハイエースプリウスＮＢＯＸラバースプレーウェッジ球カー用品激安インテリアパネルルームランプＤ2ＣヘッドライトＤ4ＣドアロックスマートキーケースＴ10キーケース｜ステアリング■エルグランド　E51系　専用■コブ付　ガングリップ&times;パンチングレザー仕様｜ピアノブラック／126／SP｜ハンドル｜FJ0052,宅配便【本州・四国・九州送料無料】。｜ステアリング■エルグランド　E51系　専用■コブ付　ガングリップ&times;パンチングレザー仕様｜ピアノブラック／126／SP｜ハンドル｜FJ0052[rn]
19-62015,http://tshop.r10s.jp/car-fuji/cabinet/01209142/01209175/img62750087.jpg?fitin=700:700,12384.0000,,車用品・バイク用品 > カー用品 > 内装パーツ > ステアリング > ステアリング,■エルグランドE51系専用■コブ付×パンチングレザー仕様　ステアリング【前期近似色/022/OP】ウッドハンドル｜FJ2990,宅配便【本州・四国・九州送料無料】,"<center>
<IMG SRC=""http://image.rakuten.co.jp/car-fuji/cabinet/01209142/01209175/img62750087.jpg""width=""100%""><br>
<IMG SRC=""http://image.rakuten.co.jp/car-fuji/cabinet/01209142/01209175/img62750088.jpg""width=""100%""><br>
<IMG SRC=""http://image.rakuten.co.jp/car-fuji/cabinet/01209142/01209175/img62750089.jpg""width=""100%""><br>
</center>
<center>
<table width=""100%"" bgcolor=""#999999"" cellpadding=""5"" cellspacing=""2"">
<tr>
<td bgcolor=""#666666"" colspan=""2""><b><font color=""white"" >
<center>
商品概要
</center>
</font></b></td>
</tr>
<tr>
<td bgcolor=""white"">

<font color=#333333 size=2>
■新品<br>
<br>
■社外品<br>
<br>
■カラー：前期近似色<br>
<br>
■適合車：エルグランドE51系<br>
<br>
■製品仕様<br>
　・純正エアバッグ使用設計<br>
　・コブ付き<br>
　・ガングリップ<br>
　・パンチングレザー<br>
<br>
※こちらの商品は同梱不可になります。
</font>

</td>
</tr>
<tr>
<td bgcolor=""#666666"" colspan=""2""><b><font color=""white"">
<center>
発送詳細
</center>
</font></b></td>
</tr>
<tr>
<td bgcolor=""#FFFFFF"" colspan=""2""><font size=""2""><font color=""blue"">■宅配便(佐川急便・西濃運輸)</font><br>
<font color=#FF0000>
本州・四国・九州への宅配便送料無料</font><br>
<br>
※北海道300円、離島・沖縄800円の別途宅配便送料が掛かりますのでご注意下さい。<br><br>

※送料無料の場合でも配達場所により別途中継料が掛かる場合が御座います。 <br>
<br>
※バッテリー(電池)を含む商品に関しましては、沖縄、離島地域に関しましては、<br>
航空便発送が不可となりますので、船便での発送となります。<br>
その際、別途送料が発生致しますのでご注意下さい。
<br>
<hr>
<font color=""red"">【宅配便特記事項】</font><br>
※配送方法に【メール便】をご選択の場合、弊社にて【宅配便】にご変更させて頂きます。<br>
配送方法をご変更させて頂く際、宅配便の送料を適用させて頂きます。<br>
<br>

※配達業者の指定は出来かねます。</font></td>
</tr>
<tr>
<td bgcolor=""#000000"" colspan=""2""><b><font color=""white"">
<center>
必ずお読み下さい
</center>
</font></b></td>
</tr>
<tr>
<td bgcolor=""#FFFFFF"" colspan=""2""><font color=""#333333"" size=2>・必ず会社概要とご利用規約を確認の上、ご購入をお願い致します。<br>
<br>
・初期不良は商品到着後、1ヶ月以内になりますのでご注意下さい。<br>
<br>
・商品説明欄の記載に説明書/保証書の記載がない場合は、付属しておりません。<br>
<br>
・商品誤送の場合はお手数をお掛け致しますが、商品到着後2週間以内に弊社迄ご連絡下さい。<br>
※商品誤送の場合でも加工等を施された場合、返品規定期間を超えた場合、<br>
商品の箱等をご処分されている場合は、交換対応は出来かねます。<br>
<br>
・取付は専門業者にご依頼下さい。当店は販売のみになりますので、御取付等のサポートは行っておりません。<br>
<br>
・オプションやグレードや年式等により形状が異なる場合も御座いますので、必ずお車と商品画像を御比較の上、ご注文下さい。<br>
<br>
・当商品は輸入品(非純正部品)の為、多少の汚れ、傷がある場合が御座います。<br>
<br>
・商品の入荷状況により、色合いなどが異なる場合が御座います。複数購入された方や、前回購入された方で仕様や色合いが違うと言うクレームは、ご対応出来かねる場合が御座います。<br>
<br>
・仕様は予告無く変更になる場合が御座います。<br>
<br>
・取付前に必ず商品チェックをお願いします。商品取付け後や商品加工後の交換または返品・保障等は初期不良問わず、一切ご対応出来かねます。<br>
<br>
・保証の範囲は商品のみの保証とさせて頂き、取付工賃や商品を使用する事により発生した商品以外への損害については、いかなる理由でも保証対象外になります。</font></td>
</tr>
</table>
</center>

<font color=""#000066"" size=2>【参考車種や商品仕様等一覧です。 適合車種では御座いませんので、 必ず商品ページの商品詳細や商品画像をご確認下さい。】<br>エルグランドE51系専用 コブ付 パンチングレザー仕様 ステアリング 前期近似色 022 OP ウッドハンドル</font>",■エルグランドE51系専用■コブ付&times;パンチングレザー仕様　ステアリング【前期近似色/022/OP】ウッドハンドル｜FJ2990：アンサーフィールド,OBDHIDLEDヴェルファイアハイエースプリウスＮＢＯＸラバースプレーウェッジ球カー用品激安インテリアパネルルームランプＤ2ＣヘッドライトＤ4ＣドアロックスマートキーケースＴ10キーケース■エルグランドE51系専用■コブ付&times;パンチングレザー仕様　ステアリング【前期近似色/022/OP】ウッドハンドル｜FJ2990,宅配便【本州・四国・九州送料無料】。■エルグランドE51系専用■コブ付&times;パンチングレザー仕様　ステアリング【前期近似色/022/OP】ウッドハンドル｜FJ2990[rn]
19-62016,http://tshop.r10s.jp/car-fuji/cabinet/01209142/01209175/img59618190.jpg?fitin=700:700,12384.0000,,車用品・バイク用品 > カー用品 > 内装パーツ > ステアリング > ステアリング,■エルグランドE51系専用■コブ付ガングリップ×パンチングレザー仕様　ステアリング【柾木目/072/SP】ウッドハンドル｜FJ0050,宅配便【本州・四国・九州送料無料】,"<center>
<IMG SRC=""http://image.rakuten.co.jp/car-fuji/cabinet/01209142/01209175/img59618190.jpg""width=""100%""><br>
<IMG SRC=""http://image.rakuten.co.jp/car-fuji/cabinet/01209142/01209175/img59618191.jpg""width=""100%""><br>
<IMG SRC=""http://image.rakuten.co.jp/car-fuji/cabinet/01209142/01209175/img59618192.jpg""width=""100%""><br>
</center>
<center>
<table width=""100%"" bgcolor=""#999999"" cellpadding=""5"" cellspacing=""2"">
<tr>
<td bgcolor=""#666666"" colspan=""2""><b><font color=""white"" >
<center>
商品概要
</center>
</font></b></td>
</tr>
<tr>
<td bgcolor=""white"">

<font color=#333333 size=2>
■新品<br>
<br>
■社外品<br>
<br>
■カラー：柾木目<br>
<br>
■適合車：エルグランドE51系<br>
<br>
■製品仕様<br>
・純正エアバッグ使用設計<br>
・コブ付き<br>
・ガングリップ<br>
・パンチングレザー<br>
<br>
※こちらの商品は同梱不可になります。
</font>

</td>
</tr>
<tr>
<td bgcolor=""#666666"" colspan=""2""><b><font color=""white"">
<center>
発送詳細
</center>
</font></b></td>
</tr>
<tr>
<td bgcolor=""#FFFFFF"" colspan=""2""><font size=""2""><font color=""blue"">■宅配便(佐川急便・西濃運輸)</font><br>
<font color=#FF0000>
本州・四国・九州への宅配便送料無料</font><br>
<br>
※北海道300円、離島・沖縄800円の別途宅配便送料が掛かりますのでご注意下さい。<br><br>

※送料無料の場合でも配達場所により別途中継料が掛かる場合が御座います。 <br>
<br>
※バッテリー(電池)を含む商品に関しましては、沖縄、離島地域に関しましては、<br>
航空便発送が不可となりますので、船便での発送となります。<br>
その際、別途送料が発生致しますのでご注意下さい。
<br>
<hr>
<font color=""red"">【宅配便特記事項】</font><br>
※配送方法に【メール便】をご選択の場合、弊社にて【宅配便】にご変更させて頂きます。<br>
配送方法をご変更させて頂く際、宅配便の送料を適用させて頂きます。<br>
<br>

※配達業者の指定は出来かねます。</font></td>
</tr>
<tr>
<td bgcolor=""#000000"" colspan=""2""><b><font color=""white"">
<center>
必ずお読み下さい
</center>
</font></b></td>
</tr>
<tr>
<td bgcolor=""#FFFFFF"" colspan=""2""><font color=""#333333"" size=2>・必ず会社概要とご利用規約を確認の上、ご購入をお願い致します。<br>
<br>
・初期不良は商品到着後、1ヶ月以内になりますのでご注意下さい。<br>
<br>
・商品説明欄の記載に説明書/保証書の記載がない場合は、付属しておりません。<br>
<br>
・商品誤送の場合はお手数をお掛け致しますが、商品到着後2週間以内に弊社迄ご連絡下さい。<br>
※商品誤送の場合でも加工等を施された場合、返品規定期間を超えた場合、<br>
商品の箱等をご処分されている場合は、交換対応は出来かねます。<br>
<br>
・取付は専門業者にご依頼下さい。当店は販売のみになりますので、御取付等のサポートは行っておりません。<br>
<br>
・オプションやグレードや年式等により形状が異なる場合も御座いますので、必ずお車と商品画像を御比較の上、ご注文下さい。<br>
<br>
・当商品は輸入品(非純正部品)の為、多少の汚れ、傷がある場合が御座います。<br>
<br>
・商品の入荷状況により、色合いなどが異なる場合が御座います。複数購入された方や、前回購入された方で仕様や色合いが違うと言うクレームは、ご対応出来かねる場合が御座います。<br>
<br>
・仕様は予告無く変更になる場合が御座います。<br>
<br>
・取付前に必ず商品チェックをお願いします。商品取付け後や商品加工後の交換または返品・保障等は初期不良問わず、一切ご対応出来かねます。<br>
<br>
・保証の範囲は商品のみの保証とさせて頂き、取付工賃や商品を使用する事により発生した商品以外への損害については、いかなる理由でも保証対象外になります。</font></td>
</tr>
</table>
</center>

<font color=""#000066"" size=2>【参考車種や商品仕様等一覧です。 適合車種では御座いませんので、 必ず商品ページの商品詳細や商品画像をご確認下さい。】<br>エルグランドE51系専用 コブ付ガングリップ パンチングレザー仕様 ステアリング 柾木目 072 SP ウッドハンドル</font>",■エルグランドE51系専用■コブ付ガングリップ&times;パンチングレザー仕様　ステアリング【柾木目/072/SP】ウッドハンドル｜FJ0050：アンサーフィールド,OBDHIDLEDヴェルファイアハイエースプリウスＮＢＯＸラバースプレーウェッジ球カー用品激安インテリアパネルルームランプＤ2ＣヘッドライトＤ4ＣドアロックスマートキーケースＴ10キーケース■エルグランドE51系専用■コブ付ガングリップ&times;パンチングレザー仕様　ステアリング【柾木目/072/SP】ウッドハンドル｜FJ0050,宅配便【本州・四国・九州送料無料】。■エルグランドE51系専用■コブ付ガングリップ&times;パンチングレザー仕様　ステアリング【柾木目/072/SP】ウッドハンドル｜FJ0050[rn]
19-62017,http://tshop.r10s.jp/car-fuji/cabinet/01209142/01209175/img60016454.jpg?fitin=700:700,12384.0000,,車用品・バイク用品 > カー用品 > 内装パーツ > ステアリング > ステアリング,ステアリング■エルグランド　E51系　専用■コブ付　パンチングレザー仕様｜柾木目／072／OP｜ウッドハンドル｜FJ0051,宅配便【本州・四国・九州送料無料】,"<center>
<IMG SRC=""http://image.rakuten.co.jp/car-fuji/cabinet/01209142/01209175/img60016454.jpg""width=""100%""><br>
<IMG SRC=""http://image.rakuten.co.jp/car-fuji/cabinet/01209142/01209175/img60016455.jpg""width=""100%""><br>
<IMG SRC=""http://image.rakuten.co.jp/car-fuji/cabinet/01209142/01209175/img60016456.jpg""width=""100%""><br>
</center>
<center>
<table width=""100%"" bgcolor=""#999999"" cellpadding=""5"" cellspacing=""2"">
<tr>
<td bgcolor=""#666666"" colspan=""2""><b><font color=""white"" >
<center>
商品概要
</center>
</font></b></td>
</tr>
<tr>
<td bgcolor=""white"">

<font color=#333333 size=2>
■新品<br>
<br>
■社外品<br>
<br>
■カラー：柾木目<br>
<br>
■適合車：エルグランドE51系<br>
<br>
■製品仕様<br>
　・純正エアバッグ使用設計<br>
　・コブ付き<br>
　・パンチングレザー<br>
<br>
※こちらの商品は同梱不可になります。
</font>

</td>
</tr>
<tr>
<td bgcolor=""#666666"" colspan=""2""><b><font color=""white"">
<center>
発送詳細
</center>
</font></b></td>
</tr>
<tr>
<td bgcolor=""#FFFFFF"" colspan=""2""><font size=""2""><font color=""blue"">■宅配便(佐川急便・西濃運輸)</font><br>
<font color=#FF0000>
本州・四国・九州への宅配便送料無料</font><br>
<br>
※北海道300円、離島・沖縄800円の別途宅配便送料が掛かりますのでご注意下さい。<br><br>

※送料無料の場合でも配達場所により別途中継料が掛かる場合が御座います。 <br>
<br>
※バッテリー(電池)を含む商品に関しましては、沖縄、離島地域に関しましては、<br>
航空便発送が不可となりますので、船便での発送となります。<br>
その際、別途送料が発生致しますのでご注意下さい。
<br>
<hr>
<font color=""red"">【宅配便特記事項】</font><br>
※配送方法に【メール便】をご選択の場合、弊社にて【宅配便】にご変更させて頂きます。<br>
配送方法をご変更させて頂く際、宅配便の送料を適用させて頂きます。<br>
<br>

※配達業者の指定は出来かねます。</font></td>
</tr>
<tr>
<td bgcolor=""#000000"" colspan=""2""><b><font color=""white"">
<center>
必ずお読み下さい
</center>
</font></b></td>
</tr>
<tr>
<td bgcolor=""#FFFFFF"" colspan=""2""><font color=""#333333"" size=2>・必ず会社概要とご利用規約を確認の上、ご購入をお願い致します。<br>
<br>
・初期不良は商品到着後、1ヶ月以内になりますのでご注意下さい。<br>
<br>
・商品説明欄の記載に説明書/保証書の記載がない場合は、付属しておりません。<br>
<br>
・商品誤送の場合はお手数をお掛け致しますが、商品到着後2週間以内に弊社迄ご連絡下さい。<br>
※商品誤送の場合でも加工等を施された場合、返品規定期間を超えた場合、<br>
商品の箱等をご処分されている場合は、交換対応は出来かねます。<br>
<br>
・取付は専門業者にご依頼下さい。当店は販売のみになりますので、御取付等のサポートは行っておりません。<br>
<br>
・オプションやグレードや年式等により形状が異なる場合も御座いますので、必ずお車と商品画像を御比較の上、ご注文下さい。<br>
<br>
・当商品は輸入品(非純正部品)の為、多少の汚れ、傷がある場合が御座います。<br>
<br>
・商品の入荷状況により、色合いなどが異なる場合が御座います。複数購入された方や、前回購入された方で仕様や色合いが違うと言うクレームは、ご対応出来かねる場合が御座います。<br>
<br>
・仕様は予告無く変更になる場合が御座います。<br>
<br>
・取付前に必ず商品チェックをお願いします。商品取付け後や商品加工後の交換または返品・保障等は初期不良問わず、一切ご対応出来かねます。<br>
<br>
・保証の範囲は商品のみの保証とさせて頂き、取付工賃や商品を使用する事により発生した商品以外への損害については、いかなる理由でも保証対象外になります。</font></td>
</tr>
</table>
</center>

<font color=""#000066"" size=2>【参考車種や商品仕様等一覧です。 適合車種では御座いませんので、 必ず商品ページの商品詳細や商品画像をご確認下さい。】<br>ステアリング エルグランド E51系 専用 コブ付 パンチングレザー仕様 柾木目 072 OP ウッドハンドル</font>",ステアリング■エルグランド　E51系　専用■コブ付　パンチングレザー仕様｜柾木目／072／OP｜ウッドハンドル｜FJ0051：アンサーフィールド,OBDHIDLEDヴェルファイアハイエースプリウスＮＢＯＸラバースプレーウェッジ球カー用品激安インテリアパネルルームランプＤ2ＣヘッドライトＤ4ＣドアロックスマートキーケースＴ10キーケースステアリング■エルグランド　E51系　専用■コブ付　パンチングレザー仕様｜柾木目／072／OP｜ウッドハンドル｜FJ0051,宅配便【本州・四国・九州送料無料】。ステアリング■エルグランド　E51系　専用■コブ付　パンチングレザー仕様｜柾木目／072／OP｜ウッドハンドル｜FJ0051[rn]
19-62018,http://tshop.r10s.jp/car-fuji/cabinet/car/naisou/mat/step_rk_005_1.jpg?fitin=700:700,9440.0000,,車用品・バイク用品 > カー用品 > 内装パーツ > ステアリング > ステアリング,車種専用設計 フロアマット【ステップワゴン RK1/2/5/6系】 チップアップ&スライドシート専用 〔黒×灰　クラック柄〕豪華フルセット／7P｜FJ2012,宅配便【本州・四国・九州送料無料】,"<center>
<IMG SRC=""http://image.rakuten.co.jp/car-fuji/cabinet/car/naisou/mat/step_rk_005_1.jpg""width=""100%""><br>
<IMG SRC=""http://image.rakuten.co.jp/car-fuji/cabinet/car/naisou/mat/step_rk_005_2.jpg""width=""100%""><br>
<IMG SRC=""http://image.rakuten.co.jp/car-fuji/cabinet/car/naisou/mat/step_rk_005_3.jpg""width=""100%""><br>
</center>
<center>
<table width=""100%"" bgcolor=""#999999"" cellpadding=""5"" cellspacing=""2"">
<tr>
<td bgcolor=""#666666"" colspan=""2""><b><font color=""white"" >
<center>
商品概要
</center>
</font></b></td>
</tr>
<tr>
<td bgcolor=""white"">

<font color=#333333 size=2>
■新品<BR>
<br>
■社外品<BR>
<br>
■カラー：クラック柄<BR>
<br>
■適合車：ステップワゴンRK1/2/5/6<BR>
　　　　　G/G-Lパッケージ/L/L<BR>
　　　　　スパーダ　S/Z/Zi<BR>
　　　　　８人乗り<BR>
　　　　※チップアップ&スライドシート仕様<BR>
<BR>
■製品仕様<BR>
　・水洗いＯＫ<BR>
　・7Ｐセット<br>
<br>
※こちらの商品は同梱不可商品になります。<br>
<br>
※車種専用設計では御座いますが、まれにフィッティングに多少のズレが生じる場合が御座います。予め御了承願います。
</font>

</td>
</tr>
<tr>
<td bgcolor=""#666666"" colspan=""2""><b><font color=""white"">
<center>
発送詳細
</center>
</font></b></td>
</tr>
<tr>
<td bgcolor=""#FFFFFF"" colspan=""2""><font size=""2""><font color=""blue"">■宅配便(佐川急便・西濃運輸)</font><br>
<font color=#FF0000>
本州・四国・九州への宅配便送料無料</font><br>
<br>
※北海道300円、離島・沖縄800円の別途宅配便送料が掛かりますのでご注意下さい。<br><br>

※送料無料の場合でも配達場所により別途中継料が掛かる場合が御座います。 <br>
<br>
※バッテリー(電池)を含む商品に関しましては、沖縄、離島地域に関しましては、<br>
航空便発送が不可となりますので、船便での発送となります。<br>
その際、別途送料が発生致しますのでご注意下さい。
<br>
<hr>
<font color=""red"">【宅配便特記事項】</font><br>
※配送方法に【メール便】をご選択の場合、弊社にて【宅配便】にご変更させて頂きます。<br>
配送方法をご変更させて頂く際、宅配便の送料を適用させて頂きます。<br>
<br>

※配達業者の指定は出来かねます。</font></td>
</tr>
<tr>
<td bgcolor=""#000000"" colspan=""2""><b><font color=""white"">
<center>
必ずお読み下さい
</center>
</font></b></td>
</tr>
<tr>
<td bgcolor=""#FFFFFF"" colspan=""2""><font color=""#333333"" size=2>・必ず会社概要とご利用規約を確認の上、ご購入をお願い致します。<br>
<br>
・初期不良は商品到着後、1ヶ月以内になりますのでご注意下さい。<br>
<br>
・商品説明欄の記載に説明書/保証書の記載がない場合は、付属しておりません。<br>
<br>
・商品誤送の場合はお手数をお掛け致しますが、商品到着後2週間以内に弊社迄ご連絡下さい。<br>
※商品誤送の場合でも加工等を施された場合、返品規定期間を超えた場合、<br>
商品の箱等をご処分されている場合は、交換対応は出来かねます。<br>
<br>
・取付は専門業者にご依頼下さい。当店は販売のみになりますので、御取付等のサポートは行っておりません。<br>
<br>
・オプションやグレードや年式等により形状が異なる場合も御座いますので、必ずお車と商品画像を御比較の上、ご注文下さい。<br>
<br>
・当商品は輸入品(非純正部品)の為、多少の汚れ、傷がある場合が御座います。<br>
<br>
・商品の入荷状況により、色合いなどが異なる場合が御座います。複数購入された方や、前回購入された方で仕様や色合いが違うと言うクレームは、ご対応出来かねる場合が御座います。<br>
<br>
・仕様は予告無く変更になる場合が御座います。<br>
<br>
・取付前に必ず商品チェックをお願いします。商品取付け後や商品加工後の交換または返品・保障等は初期不良問わず、一切ご対応出来かねます。<br>
<br>
・保証の範囲は商品のみの保証とさせて頂き、取付工賃や商品を使用する事により発生した商品以外への損害については、いかなる理由でも保証対象外になります。</font></td>
</tr>
</table>
</center>

<font color=""#000066"" size=2>【参考車種や商品仕様等一覧です。 適合車種では御座いませんので、 必ず商品ページの商品詳細や商品画像をご確認下さい。】<br>フロアマット 内装 ドレスアップ トヨタ ホンダ 日産 三菱 ダイハツ フルセット 車内 格子柄 ダイヤ キルト ブラック ホワイト レッド ブルー チェック 柄 車用品 車用 車種専用設計 フロント セカンド リア 内装パーツ 水洗い ステップワゴン RK1 RK2 RK5 RK6</font>",車種専用設計 フロアマット【ステップワゴン RK1/2/5/6系】 チップアップ&amp;スライドシート専用 〔黒&times;灰　クラック柄〕豪華フルセット／7P｜FJ2012：アンサーフィールド,OBDHIDLEDヴェルファイアハイエースプリウスＮＢＯＸラバースプレーウェッジ球カー用品激安インテリアパネルルームランプＤ2ＣヘッドライトＤ4ＣドアロックスマートキーケースＴ10キーケース車種専用設計 フロアマット【ステップワゴン RK1/2/5/6系】 チップアップ&amp;スライドシート専用 〔黒&times;灰　クラック柄〕豪華フルセット／7P｜FJ2012,宅配便【本州・四国・九州送料無料】。車種専用設計 フロアマット【ステップワゴン RK1/2/5/6系】 チップアップ&amp;スライドシート専用 〔黒&times;灰　クラック柄〕豪華フルセット／7P｜FJ2012[rn]
19-62019,http://tshop.r10s.jp/car-fuji/cabinet/car/naisou/mat/step_rk_004_1.jpg?fitin=700:700,9440.0000,,車用品・バイク用品 > カー用品 > 内装パーツ > ステアリング > ステアリング,車種専用設計 フロアマット【ステップワゴン RK1/2/5/6系】 チップアップ&スライドシート専用 〔黒〕豪華フルセット／7P｜FJ2013,宅配便【本州・四国・九州送料無料】,"<center>
<IMG SRC=""http://image.rakuten.co.jp/car-fuji/cabinet/car/naisou/mat/step_rk_004_1.jpg""width=""100%""><br>
<IMG SRC=""http://image.rakuten.co.jp/car-fuji/cabinet/car/naisou/mat/step_rk_004_2.jpg""width=""100%""><br>
<IMG SRC=""http://image.rakuten.co.jp/car-fuji/cabinet/car/naisou/mat/step_rk_004_3.jpg""width=""100%""><br>
</center>
<center>
<table width=""100%"" bgcolor=""#999999"" cellpadding=""5"" cellspacing=""2"">
<tr>
<td bgcolor=""#666666"" colspan=""2""><b><font color=""white"" >
<center>
商品概要
</center>
</font></b></td>
</tr>
<tr>
<td bgcolor=""white"">

<font color=#333333 size=2>
■新品<BR>
<br>
■社外品<BR>
<br>
■カラー：黒<BR>
<br>
■適合車：ステップワゴンRK1/2系<BR>
　　ステップワゴンスパーダRK5/6系<BR>
　　※タンブルシート専用<BR>
<br>
■製品仕様<BR>
　・水洗いＯＫ<BR>
　・7Ｐセット<br>
　・7Ｐセット<br>
<br>
※こちらの商品は同梱不可商品になります。<br>
<br>
※車種専用設計では御座いますが、まれにフィッティングに多少のズレが生じる場合が御座います。予め御了承願います。
</font>

</td>
</tr>
<tr>
<td bgcolor=""#666666"" colspan=""2""><b><font color=""white"">
<center>
発送詳細
</center>
</font></b></td>
</tr>
<tr>
<td bgcolor=""#FFFFFF"" colspan=""2""><font size=""2""><font color=""blue"">■宅配便(佐川急便・西濃運輸)</font><br>
<font color=#FF0000>
本州・四国・九州への宅配便送料無料</font><br>
<br>
※北海道300円、離島・沖縄800円の別途宅配便送料が掛かりますのでご注意下さい。<br><br>

※送料無料の場合でも配達場所により別途中継料が掛かる場合が御座います。 <br>
<br>
※バッテリー(電池)を含む商品に関しましては、沖縄、離島地域に関しましては、<br>
航空便発送が不可となりますので、船便での発送となります。<br>
その際、別途送料が発生致しますのでご注意下さい。
<br>
<hr>
<font color=""red"">【宅配便特記事項】</font><br>
※配送方法に【メール便】をご選択の場合、弊社にて【宅配便】にご変更させて頂きます。<br>
配送方法をご変更させて頂く際、宅配便の送料を適用させて頂きます。<br>
<br>

※配達業者の指定は出来かねます。</font></td>
</tr>
<tr>
<td bgcolor=""#000000"" colspan=""2""><b><font color=""white"">
<center>
必ずお読み下さい
</center>
</font></b></td>
</tr>
<tr>
<td bgcolor=""#FFFFFF"" colspan=""2""><font color=""#333333"" size=2>・必ず会社概要とご利用規約を確認の上、ご購入をお願い致します。<br>
<br>
・初期不良は商品到着後、1ヶ月以内になりますのでご注意下さい。<br>
<br>
・商品説明欄の記載に説明書/保証書の記載がない場合は、付属しておりません。<br>
<br>
・商品誤送の場合はお手数をお掛け致しますが、商品到着後2週間以内に弊社迄ご連絡下さい。<br>
※商品誤送の場合でも加工等を施された場合、返品規定期間を超えた場合、<br>
商品の箱等をご処分されている場合は、交換対応は出来かねます。<br>
<br>
・取付は専門業者にご依頼下さい。当店は販売のみになりますので、御取付等のサポートは行っておりません。<br>
<br>
・オプションやグレードや年式等により形状が異なる場合も御座いますので、必ずお車と商品画像を御比較の上、ご注文下さい。<br>
<br>
・当商品は輸入品(非純正部品)の為、多少の汚れ、傷がある場合が御座います。<br>
<br>
・商品の入荷状況により、色合いなどが異なる場合が御座います。複数購入された方や、前回購入された方で仕様や色合いが違うと言うクレームは、ご対応出来かねる場合が御座います。<br>
<br>
・仕様は予告無く変更になる場合が御座います。<br>
<br>
・取付前に必ず商品チェックをお願いします。商品取付け後や商品加工後の交換または返品・保障等は初期不良問わず、一切ご対応出来かねます。<br>
<br>
・保証の範囲は商品のみの保証とさせて頂き、取付工賃や商品を使用する事により発生した商品以外への損害については、いかなる理由でも保証対象外になります。</font></td>
</tr>
</table>
</center>

<font color=""#000066"" size=2>【参考車種や商品仕様等一覧です。 適合車種では御座いませんので、 必ず商品ページの商品詳細や商品画像をご確認下さい。】<br>フロアマット 内装 ドレスアップ トヨタ ホンダ 日産 三菱 ダイハツ フルセット 車内 格子柄 ダイヤ キルト ブラック ホワイト レッド ブルー チェック 柄 車用品 車用 車種専用設計 フロント セカンド リア 内装パーツ 水洗い ステップワゴン RK1 RK2 RK5 RK6</font>",車種専用設計 フロアマット【ステップワゴン RK1/2/5/6系】 チップアップ&amp;スライドシート専用 〔黒〕豪華フルセット／7P｜FJ2013：アンサーフィールド,OBDHIDLEDヴェルファイアハイエースプリウスＮＢＯＸラバースプレーウェッジ球カー用品激安インテリアパネルルームランプＤ2ＣヘッドライトＤ4ＣドアロックスマートキーケースＴ10キーケース車種専用設計 フロアマット【ステップワゴン RK1/2/5/6系】 チップアップ&amp;スライドシート専用 〔黒〕豪華フルセット／7P｜FJ2013,宅配便【本州・四国・九州送料無料】。車種専用設計 フロアマット【ステップワゴン RK1/2/5/6系】 チップアップ&amp;スライドシート専用 〔黒〕豪華フルセット／7P｜FJ2013[rn]
19-62020,http://tshop.r10s.jp/car-fuji/cabinet/02705198/img60928466.jpg?fitin=700:700,12384.0000,,車用品・バイク用品 > カー用品 > 内装パーツ > ステアリング > ステアリング,∥ステアリング∥■ハイエース200系　専用■コブ付　パンチングレザー仕様｜ブラックカーボン039／OP｜ハンドル｜FJ0020,宅配便【本州・四国・九州送料無料】,"<center>
<IMG SRC=""http://image.rakuten.co.jp/car-fuji/cabinet/02705198/img60928466.jpg""width=""100%""><br>
<IMG SRC=""http://image.rakuten.co.jp/car-fuji/cabinet/02705198/img60928467.jpg""width=""100%""><br>
<IMG SRC=""http://image.rakuten.co.jp/car-fuji/cabinet/02705198/img60928468.jpg""width=""100%""><br>
</center>
<center>
<table width=""100%"" bgcolor=""#999999"" cellpadding=""5"" cellspacing=""2"">
<tr>
<td bgcolor=""#666666"" colspan=""2""><b><font color=""white"" >
<center>
商品概要
</center>
</font></b></td>
</tr>
<tr>
<td bgcolor=""white"">

<font color=#333333 size=2>
■新品<br>
<br>
■社外品<br>
<br>
■カラー：ブラックカーボン<br>
<br>
■適合車：ハイエース 200系 TRH/KDH2##  1型/2型/3型 (H16.08～H25.10)<br>
<br>
■製品仕様<br>
・純正エアバッグ使用設計<br>
・コブ付き<br>
・パンチングレザー<br>
<br>
※こちらの商品は同梱不可になります。
</font>

</td>
</tr>
<tr>
<td bgcolor=""#666666"" colspan=""2""><b><font color=""white"">
<center>
発送詳細
</center>
</font></b></td>
</tr>
<tr>
<td bgcolor=""#FFFFFF"" colspan=""2""><font size=""2""><font color=""blue"">■宅配便(佐川急便・西濃運輸)</font><br>
<font color=#FF0000>
本州・四国・九州への宅配便送料無料</font><br>
<br>
※北海道300円、離島・沖縄800円の別途宅配便送料が掛かりますのでご注意下さい。<br><br>

※送料無料の場合でも配達場所により別途中継料が掛かる場合が御座います。 <br>
<br>
※バッテリー(電池)を含む商品に関しましては、沖縄、離島地域に関しましては、<br>
航空便発送が不可となりますので、船便での発送となります。<br>
その際、別途送料が発生致しますのでご注意下さい。
<br>
<hr>
<font color=""red"">【宅配便特記事項】</font><br>
※配送方法に【メール便】をご選択の場合、弊社にて【宅配便】にご変更させて頂きます。<br>
配送方法をご変更させて頂く際、宅配便の送料を適用させて頂きます。<br>
<br>

※配達業者の指定は出来かねます。</font></td>
</tr>
<tr>
<td bgcolor=""#000000"" colspan=""2""><b><font color=""white"">
<center>
必ずお読み下さい
</center>
</font></b></td>
</tr>
<tr>
<td bgcolor=""#FFFFFF"" colspan=""2""><font color=""#333333"" size=2>・必ず会社概要とご利用規約を確認の上、ご購入をお願い致します。<br>
<br>
・初期不良は商品到着後、1ヶ月以内になりますのでご注意下さい。<br>
<br>
・商品説明欄の記載に説明書/保証書の記載がない場合は、付属しておりません。<br>
<br>
・商品誤送の場合はお手数をお掛け致しますが、商品到着後2週間以内に弊社迄ご連絡下さい。<br>
※商品誤送の場合でも加工等を施された場合、返品規定期間を超えた場合、<br>
商品の箱等をご処分されている場合は、交換対応は出来かねます。<br>
<br>
・取付は専門業者にご依頼下さい。当店は販売のみになりますので、御取付等のサポートは行っておりません。<br>
<br>
・オプションやグレードや年式等により形状が異なる場合も御座いますので、必ずお車と商品画像を御比較の上、ご注文下さい。<br>
<br>
・当商品は輸入品(非純正部品)の為、多少の汚れ、傷がある場合が御座います。<br>
<br>
・商品の入荷状況により、色合いなどが異なる場合が御座います。複数購入された方や、前回購入された方で仕様や色合いが違うと言うクレームは、ご対応出来かねる場合が御座います。<br>
<br>
・仕様は予告無く変更になる場合が御座います。<br>
<br>
・取付前に必ず商品チェックをお願いします。商品取付け後や商品加工後の交換または返品・保障等は初期不良問わず、一切ご対応出来かねます。<br>
<br>
・保証の範囲は商品のみの保証とさせて頂き、取付工賃や商品を使用する事により発生した商品以外への損害については、いかなる理由でも保証対象外になります。</font></td>
</tr>
</table>
</center>

<font color=""#000066"" size=2>【参考車種や商品仕様等一覧です。 適合車種では御座いませんので、 必ず商品ページの商品詳細や商品画像をご確認下さい。】<br>ステアリング ハイエース200系 専用 コブ付 パンチングレザー仕様 ブラックカーボン 039 OP</font>",∥ステアリング∥■ハイエース200系　専用■コブ付　パンチングレザー仕様｜ブラックカーボン039／OP｜ハンドル｜FJ0020：アンサーフィールド,OBDHIDLEDヴェルファイアハイエースプリウスＮＢＯＸラバースプレーウェッジ球カー用品激安インテリアパネルルームランプＤ2ＣヘッドライトＤ4ＣドアロックスマートキーケースＴ10キーケース∥ステアリング∥■ハイエース200系　専用■コブ付　パンチングレザー仕様｜ブラックカーボン039／OP｜ハンドル｜FJ0020,宅配便【本州・四国・九州送料無料】。∥ステアリング∥■ハイエース200系　専用■コブ付　パンチングレザー仕様｜ブラックカーボン039／OP｜ハンドル｜FJ0020[rn]
19-62021,http://tshop.r10s.jp/car-fuji/cabinet/01209142/01209175/img60122118.jpg?fitin=700:700,12384.0000,,車用品・バイク用品 > カー用品 > 内装パーツ > ステアリング > ステアリング,ステアリング プリウス30 プリウスα アクア 専用 コブ付　パンチングレザー仕様■ピアノホワイト／138／OP■ウッドハンドル/光沢白/パール｜FJ0044,宅配便【本州・四国・九州送料無料】☆,"<center>
<IMG SRC=""http://image.rakuten.co.jp/car-fuji/cabinet/01209142/01209175/img60122118.jpg""width=""100%"">
<IMG SRC=""http://image.rakuten.co.jp/car-fuji/cabinet/01209142/01209175/img60122119.jpg""width=""100%"">
<IMG SRC=""http://image.rakuten.co.jp/car-fuji/cabinet/01209142/01209175/img60122120.jpg""width=""100%"">
</center><br><br><br>
<center>
<table width=""100%"" bgcolor=""#999999"" cellpadding=""5"" cellspacing=""2"">
<tr>
<td bgcolor=""#666666"" colspan=""2""><b><font color=""white"" >
<center>
商品概要
</center>
</font></b></td>
</tr>
<tr>
<td bgcolor=""white"">

<font color=#333333 size=2>
■社外品<br><br>
■カラー：ピアノホワイト<br><br>
■適合車種<br>
・プリウス ZVW30系<br>
・プリウスα ZVW40系<br>
・アクア NHP10系<br><br>
■製品仕様<br>
・純正エアバッグ使用設計<br>
・コブ付き<br>
・パンチングレザー<br>
<br>
※こちらの商品は同梱不可になります。<br>
※サイズ違い等の理由での返品や交換は一切致しませんので予めご了承ください 。
</font>

</td>
</tr>
<tr>
<td bgcolor=""#666666"" colspan=""2""><b><font color=""white"">
<center>
発送詳細
</center>
</font></b></td>
</tr>
<tr>
<td bgcolor=""#FFFFFF"" colspan=""2""><font size=""2""><font color=""blue"">■宅配便(佐川急便・西濃運輸)</font><br>
<font color=#FF0000>
本州・四国・九州への宅配便送料無料</font><br>
<br>
※北海道300円、離島・沖縄800円の別途宅配便送料が掛かりますのでご注意下さい。<br><br>

※送料無料の場合でも配達場所により別途中継料が掛かる場合が御座います。 <br>
<br>
※バッテリー(電池)を含む商品に関しましては、沖縄、離島地域に関しましては、<br>
航空便発送が不可となりますので、船便での発送となります。<br>
その際、別途送料が発生致しますのでご注意下さい。
<br>
<hr>
<font color=""red"">【宅配便特記事項】</font><br>
※配送方法に【メール便】をご選択の場合、弊社にて【宅配便】にご変更させて頂きます。<br>
配送方法をご変更させて頂く際、宅配便の送料を適用させて頂きます。<br>
<br>

※配達業者の指定は出来かねます。</font></td>
</tr>
<tr>
<td height=""28"" colspan=""2"" bgcolor=""#000000""><b><font color=""white"">
<center>
必ずお読み下さい
</center>
</font></b></td>
</tr>
<tr>
<td bgcolor=""#FFFFFF"" colspan=""2""><font color=""#333333"" size=2>・必ず会社概要とご利用規約を確認の上、ご購入をお願い致します。<br>
<br>
・初期不良は商品到着後、1ヶ月以内になりますのでご注意下さい。<br>
<br>
・商品説明欄の記載に説明書/保証書の記載がない場合は、付属しておりません。<br>
<br>
・商品誤送の場合はお手数をお掛け致しますが、商品到着後2週間以内に弊社迄ご連絡下さい。<br>
※商品誤送の場合でも加工等を施された場合、返品規定期間を超えた場合、<br>
商品の箱等をご処分されている場合は、交換対応は出来かねます。<br>
<br>
・取付は専門業者にご依頼下さい。当店は販売のみになりますので、御取付等のサポートは行っておりません。<br>
<br>
・オプションやグレードや年式等により形状が異なる場合も御座いますので、必ずお車と商品画像を御比較の上、ご注文下さい。<br>
<br>
・当商品は輸入品(非純正部品)の為、多少の汚れ、傷がある場合が御座います。<br>
<br>
・商品の入荷状況により、色合いなどが異なる場合が御座います。複数購入された方や、前回購入された方で仕様や色合いが違うと言うクレームは、ご対応出来かねる場合が御座います。<br>
<br>
・仕様は予告無く変更になる場合が御座います。<br>
<br>
・取付前に必ず商品チェックをお願いします。商品取付け後や商品加工後の交換または返品・保障等は初期不良問わず、一切ご対応出来かねます。<br>
<br>
・保証の範囲は商品のみの保証とさせて頂き、取付工賃や商品を使用する事により発生した商品以外への損害については、いかなる理由でも保証対象外になります。</font></td>
</tr>
</table>
</center>

<font color=""#000066"" size=2>【参考車種や商品仕様等一覧です。 適合車種では御座いませんので、 必ず商品ページの商品詳細や商品画像をご確認下さい。】<br>ステアリング プリウス ZVW30系専用 コブ付 パンチングレザー仕様 ピアノホワイト ウッドハンドル 光沢白 パール</font>",ステアリング プリウス30 プリウスα アクア 専用 コブ付　パンチングレザー仕様■ピアノホワイト／138／OP■ウッドハンドル/光沢白/パール｜FJ0044：アンサーフィールド,OBDHIDLEDヴェルファイアハイエースプリウスＮＢＯＸラバースプレーウェッジ球カー用品激安インテリアパネルルームランプＤ2ＣヘッドライトＤ4ＣドアロックスマートキーケースＴ10キーケースステアリング プリウス30 プリウスα アクア 専用 コブ付　パンチングレザー仕様■ピアノホワイト／138／OP■ウッドハンドル/光沢白/パール｜FJ0044,宅配便【本州・四国・九州送料無料】☆。ステアリング プリウス30 プリウスα アクア 専用 コブ付　パンチングレザー仕様■ピアノホワイト／138／OP■ウッドハンドル/光沢白/パール｜FJ0044[rn]
19-62022,http://tshop.r10s.jp/car-fuji/cabinet/01209142/01209175/img58950940.jpg?fitin=700:700,12384.0000,,車用品・バイク用品 > カー用品 > 内装パーツ > ステアリング > ステアリング,∥ステアリング∥■ハイエース200系　専用■コブ付　ガングリップ×パンチングレザー仕様｜ピアノホワイト138／SP｜ウッド/ハンドル｜FJ0025,宅配便【本州・四国・九州送料無料】,"<center>
<IMG SRC=""http://image.rakuten.co.jp/car-fuji/cabinet/01209142/01209175/img58950940.jpg""width=""100%""
><br>
<IMG SRC=""http://image.rakuten.co.jp/car-fuji/cabinet/01209142/01209175/img58950942.jpg""width=""100%""
><br>
<IMG SRC=""http://image.rakuten.co.jp/car-fuji/cabinet/01209142/01209175/img58950943.jpg""width=""100%""
>
</center>
<center>
<table width=""100%"" bgcolor=""#999999"" cellpadding=""5"" cellspacing=""2"">
<tr>
<td bgcolor=""#666666"" colspan=""2""><b><font color=""white"" >
<center>
商品概要
</center>
</font></b></td>
</tr>
<tr><td bgcolor=""white"">
■新品<br>
■社外品<br>
■カラー：ピアノホワイト<br>
　※パールがかった光沢のあるホワイトになります<br>
■適合車：ハイエース 200系 TRH/KDH2##  1型/2型/3型 (H16.08～H25.10)<br>
■製品仕様<br>
・純正エアバッグ使用設計<br>
・コブ付き<br>
・ガングリップタイプ<br>
・パンチングレザー

</td></tr><tr>
<td bgcolor=""#666666"" colspan=""2""><b><font color=""white"">
<center>
発送詳細
</center>
</font></b></td>
</tr>
<tr>
<td bgcolor=""#FFFFFF"" colspan=""2""><font size=""2""><font color=""blue"">■宅配便(佐川急便・西濃運輸)</font><br>
<font color=#FF0000>
本州・四国・九州への宅配便送料無料</font><br>
<br>
※北海道300円、離島・沖縄800円の別途宅配便送料が掛かりますのでご注意下さい。<br><br>

※送料無料の場合でも配達場所により別途中継料が掛かる場合が御座います。 <br>
<br>
※バッテリー(電池)を含む商品に関しましては、沖縄、離島地域に関しましては、<br>
航空便発送が不可となりますので、船便での発送となります。<br>
その際、別途送料が発生致しますのでご注意下さい。
<br>
<hr>
<font color=""red"">【宅配便特記事項】</font><br>
※配送方法に【メール便】をご選択の場合、弊社にて【宅配便】にご変更させて頂きます。<br>
配送方法をご変更させて頂く際、宅配便の送料を適用させて頂きます。<br>
<br>

※配達業者の指定は出来かねます。</font></td>
</tr>
<tr>
<td bgcolor=""#000000"" colspan=""2""><b><font color=""white"">
<center>
必ずお読み下さい
</center>
</font></b></td>
</tr>
<tr>
<td bgcolor=""#FFFFFF"" colspan=""2""><font color=""#333333"" size=2>・必ず会社概要とご利用規約を確認の上、ご購入をお願い致します。<br>
<br>
・初期不良は商品到着後、1ヶ月以内になりますのでご注意下さい。<br>
<br>
・商品説明欄の記載に説明書/保証書の記載がない場合は、付属しておりません。<br>
<br>
・商品誤送の場合はお手数をお掛け致しますが、商品到着後2週間以内に弊社迄ご連絡下さい。<br>
※商品誤送の場合でも加工等を施された場合、返品規定期間を超えた場合、<br>
商品の箱等をご処分されている場合は、交換対応は出来かねます。<br>
<br>
・取付は専門業者にご依頼下さい。当店は販売のみになりますので、御取付等のサポートは行っておりません。<br>
<br>
・オプションやグレードや年式等により形状が異なる場合も御座いますので、必ずお車と商品画像を御比較の上、ご注文下さい。<br>
<br>
・当商品は輸入品(非純正部品)の為、多少の汚れ、傷がある場合が御座います。<br>
<br>
・商品の入荷状況により、色合いなどが異なる場合が御座います。複数購入された方や、前回購入された方で仕様や色合いが違うと言うクレームは、ご対応出来かねる場合が御座います。<br>
<br>
・仕様は予告無く変更になる場合が御座います。<br>
<br>
・取付前に必ず商品チェックをお願いします。商品取付け後や商品加工後の交換または返品・保障等は初期不良問わず、一切ご対応出来かねます。<br>
<br>
・保証の範囲は商品のみの保証とさせて頂き、取付工賃や商品を使用する事により発生した商品以外への損害については、いかなる理由でも保証対象外になります。</font></td>
</tr>
</table>
</center>

<font color=""#000066"" size=2>【参考車種や商品仕様等一覧です。 適合車種では御座いませんので、 必ず商品ページの商品詳細や商品画像をご確認下さい。】<br>ステアリング ハイエース200系 専用 コブ付 ガングリップ パンチングレザー仕様 ピアノホワイト 白 138 SP ウッド ハンドル</font>",∥ステアリング∥■ハイエース200系　専用■コブ付　ガングリップ&times;パンチングレザー仕様｜ピアノホワイト138／SP｜ウッド/ハンドル｜FJ0025：アンサーフィールド,OBDHIDLEDヴェルファイアハイエースプリウスＮＢＯＸラバースプレーウェッジ球カー用品激安インテリアパネルルームランプＤ2ＣヘッドライトＤ4ＣドアロックスマートキーケースＴ10キーケース∥ステアリング∥■ハイエース200系　専用■コブ付　ガングリップ&times;パンチングレザー仕様｜ピアノホワイト138／SP｜ウッド/ハンドル｜FJ0025,宅配便【本州・四国・九州送料無料】。∥ステアリング∥■ハイエース200系　専用■コブ付　ガングリップ&times;パンチングレザー仕様｜ピアノホワイト138／SP｜ウッド/ハンドル｜FJ0025[rn]
19-62023,http://tshop.r10s.jp/car-fuji/cabinet/01209142/01209175/img59478152.jpg?fitin=700:700,12384.0000,,車用品・バイク用品 > カー用品 > 内装パーツ > ステアリング > ステアリング,∥ステアリング∥■ハイエース200系　専用■コブ付　パンチングレザー仕様｜ピアノブラック126／OP｜ウッドハンドル｜FJ0023,宅配便【本州・四国・九州送料無料】,"<center>
<IMG SRC=""http://image.rakuten.co.jp/car-fuji/cabinet/01209142/01209175/img59478152.jpg""width=""100%""><br>
<IMG SRC=""http://image.rakuten.co.jp/car-fuji/cabinet/01209142/01209175/img59478153.jpg""width=""100%""><br>
<IMG SRC=""http://image.rakuten.co.jp/car-fuji/cabinet/01209142/01209175/img59478154.jpg""width=""100%""><br>
</center>
<center>
<table width=""100%"" bgcolor=""#999999"" cellpadding=""5"" cellspacing=""2"">
<tr>
<td bgcolor=""#666666"" colspan=""2""><b><font color=""white"" >
<center>
商品概要
</center>
</font></b></td>
</tr>
<tr>
<td bgcolor=""white"">

<font color=#333333 size=2>
■新品<br>
<br>
■社外品<br>
<br>
■カラー：ピアノブラック<br>
　※ピアノのような光沢のある黒になります<br>
<br>
■適合車：ハイエース 200系 TRH/KDH2##  1型/2型/3型 (H16.08～H25.10)<br>
<br>
■製品仕様<br>
・純正エアバッグ使用設計<br>
・コブ付き<br>
・パンチングレザー<br>
<br>
※こちらの商品は同梱不可になります。
</font>

</td>
</tr>
<tr>
<td bgcolor=""#666666"" colspan=""2""><b><font color=""white"">
<center>
発送詳細
</center>
</font></b></td>
</tr>
<tr>
<td bgcolor=""#FFFFFF"" colspan=""2""><font size=""2""><font color=""blue"">■宅配便(佐川急便・西濃運輸)</font><br>
<font color=#FF0000>
本州・四国・九州への宅配便送料無料</font><br>
<br>
※北海道300円、離島・沖縄800円の別途宅配便送料が掛かりますのでご注意下さい。<br><br>

※送料無料の場合でも配達場所により別途中継料が掛かる場合が御座います。 <br>
<br>
※バッテリー(電池)を含む商品に関しましては、沖縄、離島地域に関しましては、<br>
航空便発送が不可となりますので、船便での発送となります。<br>
その際、別途送料が発生致しますのでご注意下さい。
<br>
<hr>
<font color=""red"">【宅配便特記事項】</font><br>
※配送方法に【メール便】をご選択の場合、弊社にて【宅配便】にご変更させて頂きます。<br>
配送方法をご変更させて頂く際、宅配便の送料を適用させて頂きます。<br>
<br>

※配達業者の指定は出来かねます。</font></td>
</tr>
<tr>
<td bgcolor=""#000000"" colspan=""2""><b><font color=""white"">
<center>
必ずお読み下さい
</center>
</font></b></td>
</tr>
<tr>
<td bgcolor=""#FFFFFF"" colspan=""2""><font color=""#333333"" size=2>・必ず会社概要とご利用規約を確認の上、ご購入をお願い致します。<br>
<br>
・初期不良は商品到着後、1ヶ月以内になりますのでご注意下さい。<br>
<br>
・商品説明欄の記載に説明書/保証書の記載がない場合は、付属しておりません。<br>
<br>
・商品誤送の場合はお手数をお掛け致しますが、商品到着後2週間以内に弊社迄ご連絡下さい。<br>
※商品誤送の場合でも加工等を施された場合、返品規定期間を超えた場合、<br>
商品の箱等をご処分されている場合は、交換対応は出来かねます。<br>
<br>
・取付は専門業者にご依頼下さい。当店は販売のみになりますので、御取付等のサポートは行っておりません。<br>
<br>
・オプションやグレードや年式等により形状が異なる場合も御座いますので、必ずお車と商品画像を御比較の上、ご注文下さい。<br>
<br>
・当商品は輸入品(非純正部品)の為、多少の汚れ、傷がある場合が御座います。<br>
<br>
・商品の入荷状況により、色合いなどが異なる場合が御座います。複数購入された方や、前回購入された方で仕様や色合いが違うと言うクレームは、ご対応出来かねる場合が御座います。<br>
<br>
・仕様は予告無く変更になる場合が御座います。<br>
<br>
・取付前に必ず商品チェックをお願いします。商品取付け後や商品加工後の交換または返品・保障等は初期不良問わず、一切ご対応出来かねます。<br>
<br>
・保証の範囲は商品のみの保証とさせて頂き、取付工賃や商品を使用する事により発生した商品以外への損害については、いかなる理由でも保証対象外になります。</font></td>
</tr>
</table>
</center>

<font color=""#000066"" size=2>【参考車種や商品仕様等一覧です。 適合車種では御座いませんので、 必ず商品ページの商品詳細や商品画像をご確認下さい。】<br>ステアリング ハイエース200系 専用 コブ付 パンチングレザー仕様 ピアノブラック 126 OP ウッドハンドル</font>",∥ステアリング∥■ハイエース200系　専用■コブ付　パンチングレザー仕様｜ピアノブラック126／OP｜ウッドハンドル｜FJ0023：アンサーフィールド,OBDHIDLEDヴェルファイアハイエースプリウスＮＢＯＸラバースプレーウェッジ球カー用品激安インテリアパネルルームランプＤ2ＣヘッドライトＤ4ＣドアロックスマートキーケースＴ10キーケース∥ステアリング∥■ハイエース200系　専用■コブ付　パンチングレザー仕様｜ピアノブラック126／OP｜ウッドハンドル｜FJ0023,宅配便【本州・四国・九州送料無料】。∥ステアリング∥■ハイエース200系　専用■コブ付　パンチングレザー仕様｜ピアノブラック126／OP｜ウッドハンドル｜FJ0023[rn]
19-62024,http://tshop.r10s.jp/car-fuji/cabinet/01209142/01209175/img61260539.jpg?fitin=700:700,12384.0000,,車用品・バイク用品 > カー用品 > 内装パーツ > ステアリング > ステアリング,∥ステアリング∥■ムーヴL175/185系■コブ付　ガングリップ×パンチング仕様■ピアノブラック／126／SP■光沢黒/ハンドル【タント/アトレー/ソニカ/コンテ/ハイゼット/ビーゴ/ミラ】ムーブ｜FJ0031,宅配便【本州・四国・九州送料無料】,"<center>
<IMG SRC=""http://image.rakuten.co.jp/car-fuji/cabinet/01209142/01209175/img61260539.jpg""width=""100%""><br>
<IMG SRC=""http://image.rakuten.co.jp/car-fuji/cabinet/01209142/01209175/img61260540.jpg""width=""100%""><br>
</center>
<center>
<table width=""100%"" bgcolor=""#999999"" cellpadding=""5"" cellspacing=""2"">
<tr>
<td bgcolor=""#666666"" colspan=""2""><b><font color=""white"" >
<center>
商品概要
</center>
</font></b></td>
</tr>
<tr>
<td bgcolor=""white"">

<font color=#333333 size=2>
■新品<br>
<br>
■社外品<br>
<br>
■カラー：ピアノブラック<br>
　※ピアノのような光沢のある黒になります。<br>
<br>
■適合車：ムーヴL175/L185系　ミラ275～285系　タントL375/L385系　アトレーワゴン321W～331W系　ソニカ405～415系　ムーヴコンテ575～595系　ハイゼットカーゴ321V～331V系　ビーゴJ200～J210系<br>
<br>
■製品仕様<br>
・純正エアバッグ使用設計<br>
・コブ付き<br>
・ガングリップタイプ<br>
・パンチングレザー<br>
<br>
※こちらの商品は同梱不可になります。
</font>

</td>
</tr>
<tr>
<td bgcolor=""#666666"" colspan=""2""><b><font color=""white"">
<center>
発送詳細
</center>
</font></b></td>
</tr>
<tr>
<td bgcolor=""#FFFFFF"" colspan=""2""><font size=""2""><font color=""blue"">■宅配便(佐川急便・西濃運輸)</font><br>
<font color=#FF0000>
本州・四国・九州への宅配便送料無料</font><br>
<br>
※北海道300円、離島・沖縄800円の別途宅配便送料が掛かりますのでご注意下さい。<br><br>

※送料無料の場合でも配達場所により別途中継料が掛かる場合が御座います。 <br>
<br>
※バッテリー(電池)を含む商品に関しましては、沖縄、離島地域に関しましては、<br>
航空便発送が不可となりますので、船便での発送となります。<br>
その際、別途送料が発生致しますのでご注意下さい。
<br>
<hr>
<font color=""red"">【宅配便特記事項】</font><br>
※配送方法に【メール便】をご選択の場合、弊社にて【宅配便】にご変更させて頂きます。<br>
配送方法をご変更させて頂く際、宅配便の送料を適用させて頂きます。<br>
<br>

※配達業者の指定は出来かねます。</font></td>
</tr>
<tr>
<td bgcolor=""#000000"" colspan=""2""><b><font color=""white"">
<center>
必ずお読み下さい
</center>
</font></b></td>
</tr>
<tr>
<td bgcolor=""#FFFFFF"" colspan=""2""><font color=""#333333"" size=2>・必ず会社概要とご利用規約を確認の上、ご購入をお願い致します。<br>
<br>
・初期不良は商品到着後、1ヶ月以内になりますのでご注意下さい。<br>
<br>
・商品説明欄の記載に説明書/保証書の記載がない場合は、付属しておりません。<br>
<br>
・商品誤送の場合はお手数をお掛け致しますが、商品到着後2週間以内に弊社迄ご連絡下さい。<br>
※商品誤送の場合でも加工等を施された場合、返品規定期間を超えた場合、<br>
商品の箱等をご処分されている場合は、交換対応は出来かねます。<br>
<br>
・取付は専門業者にご依頼下さい。当店は販売のみになりますので、御取付等のサポートは行っておりません。<br>
<br>
・オプションやグレードや年式等により形状が異なる場合も御座いますので、必ずお車と商品画像を御比較の上、ご注文下さい。<br>
<br>
・当商品は輸入品(非純正部品)の為、多少の汚れ、傷がある場合が御座います。<br>
<br>
・商品の入荷状況により、色合いなどが異なる場合が御座います。複数購入された方や、前回購入された方で仕様や色合いが違うと言うクレームは、ご対応出来かねる場合が御座います。<br>
<br>
・仕様は予告無く変更になる場合が御座います。<br>
<br>
・取付前に必ず商品チェックをお願いします。商品取付け後や商品加工後の交換または返品・保障等は初期不良問わず、一切ご対応出来かねます。<br>
<br>
・保証の範囲は商品のみの保証とさせて頂き、取付工賃や商品を使用する事により発生した商品以外への損害については、いかなる理由でも保証対象外になります。</font></td>
</tr>
</table>
</center>

<font color=""#000066"" size=2>【参考車種や商品仕様等一覧です。 適合車種では御座いませんので、 必ず商品ページの商品詳細や商品画像をご確認下さい。】<br>ステアリング ムーヴL175 185系 コブ付 ガングリップ パンチング仕様 ピアノブラック 126 SP 光沢黒 ハンドル タント アトレー ソニカ コンテ ハイゼット ビーゴ ミラ ムーブ</font>",∥ステアリング∥■ムーヴL175/185系■コブ付　ガングリップ&times;パンチング仕様■ピアノブラック／126／SP■光沢黒/ハンドル【タント/アトレー/ソニカ/コンテ/ハイゼット/ビーゴ/ミラ】ムーブ｜FJ0031：アンサーフィールド,OBDHIDLEDヴェルファイアハイエースプリウスＮＢＯＸラバースプレーウェッジ球カー用品激安インテリアパネルルームランプＤ2ＣヘッドライトＤ4ＣドアロックスマートキーケースＴ10キーケース∥ステアリング∥■ムーヴL175/185系■コブ付　ガングリップ&times;パンチング仕様■ピアノブラック／126／SP■光沢黒/ハンドル【タント/アトレー/ソニカ/コンテ/ハイゼット/ビーゴ/ミラ】ムーブ｜FJ0031,宅配便【本州・四国・九州送料無料】。∥ステアリング∥■ムーヴL175/185系■コブ付　ガングリップ&times;パンチング仕様■ピアノブラック／126／SP■光沢黒/ハンドル【タント/アトレー/ソニカ/コンテ/ハイゼット/ビーゴ/ミラ】ムーブ｜FJ0031[rn]
19-62025,http://tshop.r10s.jp/auc-green/cabinet/img/str-032-j.jpg?fitin=700:700,12000.0000,,車用品・バイク用品 > カー用品 > 内装パーツ > ステアリング > ステアリング,純正交換式 コンビステアリング エブリイ ワゴン DA64W H17.8～ EVERY WAGON ハンドル 茶木目 黒木目 ピアノブラック【コブ付き ガングリップ ノーマル スタンダード パンチングレザー 本革調 ウッド調 等多数有】,スズキ専用 コンビハンドル 本体 純正交換用 エアバッグ仕様可,"<img src=http://image.rakuten.co.jp/auc-green/cabinet/img/str-032-j.jpg width=300><br><img src=http://image.rakuten.co.jp/auc-green/cabinet/img/str-032-j_1.jpg width=300><br><img src=http://image.rakuten.co.jp/auc-green/cabinet/img/str-033-j.jpg width=300><br>【適合車種】<br>・メーカー：スズキ<br>・車種：エブリイ ワゴン(エブリィワゴン/エブリーワゴン)<br>・型式：DA64W<br>・年式：H17.8～<br>・カラー：茶木目/黒木目/ピアノブラック<br>・車種(英語)：EVERY WAGON<br><br>【商品説明】<br>純正交換式ステアリング<br>
純正と交換することによって、高級仕様に早変わり！<br><br>送料：送料無料 (沖縄・離島・一部地域は別途送料加算となります)<br><br>【注意事項】<br>
◆お客様都合による商品ページ未確認や商品加工後の返品・交換・キャンセルは一切行えません。<br>
◆輸入商品の為、すれ・傷等がある場合が御座います。<br>
◆モニターの環境によっては実際の商品と色見などが違う場合が御座います。<br>
◆商品仕様が予告なく変更される場合が御座います。<br>
◆交換等での工賃や車両の損害などはいかなる場合も保証対象外となります。<br>
◆必ず加工/取り付け前に動作確認をして下さい。<br>取付・加工後・脱着工賃・取付時の不備・過失傷害・水漏れ等は保証致しかねます。<br>
◆メーカー発注商品や姉妹店舗との共有在庫商品の場合、<br>
商品により納期にお時間を頂く場合やご注文のタイミングによって欠品となる可能性が御座います。<br>
お急ぎの方は事前に納期確認のご連絡を下さい。<br>
◆保証期間は商品発送日から7日間の初期不良のみです。お荷物送り状が保証書の代わりとなります。<br>
◆当店はお取り付けに関するサポートは行なっておりません。技術ある整備工場にてお取付ください。<br>◆海外製ですので必要に応じてコーキング処理を追加してください。<br>
◆説明書は付属いたしません。<br>
◆お車によっては加工が必要な場合がございます。<br>
◆車種対応については、グレードや年式によって適合が異なる場合がある為、<br>
必ずご購入前に現車にて形状・スペース・サイズのご確認の上、最終的な判断はお客様でお願いします。<br>
◆社外品の場合、純正品では御座いませんので完全一致にはなりません。<br>◆お客様御自身での取付作業によるいかなる損害も責任を負いかねますのでご了承ください。<br>
◆付属品以外を利用しての取付けは自己責任で行って下さい。<br>
予めご了承下さい。<br>・保証期間は商品発送日から７日間の初期不良のみです。<br>
・社外品となるため、1コマ以内のセンターズレが起こる場合が御座いますが、商品不良では御座いません。（センターズレが気になる場合は整備業者で調整(タイロッド調整)をご依頼下さい。※整備費用はご自身でご負担下さい。）<br>
・取付は安全にかかわる事ですので、必ず取付業者に委託をお願い致します。※取付後のトラブルは一切対応致しかねます。<br>",純正交換式 コンビステアリング エブリイ ワゴン DA64W H17.8～ EVERY WAGON ハンドル 茶木目 黒木目 ピアノブラック【コブ付き ガングリップ ノーマル スタンダード パンチングレザー 本革調 ウッド調 等多数有】：GREEN_Shop,送料無料HIDhidＨＩＤHIDフルキットHIDキットHID シングルキットHID キットリレーレス純正バルブHID H4hidフォグランプD2CH4HB455Wライトh3LED取り付け純正交換式 コンビステアリング エブリイ ワゴン DA64W H17.8～ EVERY WAGON ハンドル 茶木目 黒木目 ピアノブラック【コブ付き ガングリップ ノーマル スタンダード パンチングレザー 本革調 ウッド調 等多数有】,スズキ専用 コンビハンドル 本体 純正交換用 エアバッグ仕様可。純正交換式 コンビステアリング エブリイ ワゴン DA64W H17.8～ EVERY WAGON ハンドル 茶木目 黒木目 ピアノブラック【コブ付き ガングリップ ノーマル スタンダード パンチングレザー 本革調 ウッド調 等多数有】[rn]
19-62026,http://tshop.r10s.jp/auc-green/cabinet/img/str-004-j.jpg?fitin=700:700,12000.0000,,車用品・バイク用品 > カー用品 > 内装パーツ > ステアリング > ステアリング,純正交換式 コンビステアリング エスティマ ACR50/GSR50系 H18.1～H24.4/H24.5～ ESTIMA ハンドル マットブラック 青ステッチ 赤ステッチ【コブ付き ガングリップ ノーマル スタンダード パンチングレザー 本革調 ウッド調 等多数有】,トヨタ専用 コンビハンドル 本体 純正交換用 エアバッグ仕様可,"<img src=http://image.rakuten.co.jp/auc-green/cabinet/img/str-004-j.jpg width=300><br><img src=http://image.rakuten.co.jp/auc-green/cabinet/img/str-004-j_1.jpg width=300><br><img src=http://image.rakuten.co.jp/auc-green/cabinet/img/str-005-j.jpg width=300><br>【適合車種】<br>・メーカー：トヨタ<br>・車種：エスティマ<br>・型式：ACR50/GSR50系<br>・年式：H18.1～H24.4/H24.5～<br>・カラー：マットブラック/青ステッチ/赤ステッチ<br>・車種(英語)：ESTIMA<br><br>【商品説明】<br>純正交換式ステアリング<br>
純正と交換することによって、高級仕様に早変わり！<br><br>送料：送料無料 (沖縄・離島・一部地域は別途送料加算となります)<br><br>【注意事項】<br>
◆お客様都合による商品ページ未確認や商品加工後の返品・交換・キャンセルは一切行えません。<br>
◆輸入商品の為、すれ・傷等がある場合が御座います。<br>
◆モニターの環境によっては実際の商品と色見などが違う場合が御座います。<br>
◆商品仕様が予告なく変更される場合が御座います。<br>
◆交換等での工賃や車両の損害などはいかなる場合も保証対象外となります。<br>
◆必ず加工/取り付け前に動作確認をして下さい。<br>取付・加工後・脱着工賃・取付時の不備・過失傷害・水漏れ等は保証致しかねます。<br>
◆メーカー発注商品や姉妹店舗との共有在庫商品の場合、<br>
商品により納期にお時間を頂く場合やご注文のタイミングによって欠品となる可能性が御座います。<br>
お急ぎの方は事前に納期確認のご連絡を下さい。<br>
◆保証期間は商品発送日から7日間の初期不良のみです。お荷物送り状が保証書の代わりとなります。<br>
◆当店はお取り付けに関するサポートは行なっておりません。技術ある整備工場にてお取付ください。<br>◆海外製ですので必要に応じてコーキング処理を追加してください。<br>
◆説明書は付属いたしません。<br>
◆お車によっては加工が必要な場合がございます。<br>
◆車種対応については、グレードや年式によって適合が異なる場合がある為、<br>
必ずご購入前に現車にて形状・スペース・サイズのご確認の上、最終的な判断はお客様でお願いします。<br>
◆社外品の場合、純正品では御座いませんので完全一致にはなりません。<br>◆お客様御自身での取付作業によるいかなる損害も責任を負いかねますのでご了承ください。<br>
◆付属品以外を利用しての取付けは自己責任で行って下さい。<br>
予めご了承下さい。<br>・保証期間は商品発送日から７日間の初期不良のみです。<br>
・社外品となるため、1コマ以内のセンターズレが起こる場合が御座いますが、商品不良では御座いません。（センターズレが気になる場合は整備業者で調整(タイロッド調整)をご依頼下さい。※整備費用はご自身でご負担下さい。）<br>
・取付は安全にかかわる事ですので、必ず取付業者に委託をお願い致します。※取付後のトラブルは一切対応致しかねます。<br>",純正交換式 コンビステアリング エスティマ ACR50/GSR50系 H18.1～H24.4/H24.5～ ESTIMA ハンドル マットブラック 青ステッチ 赤ステッチ【コブ付き ガングリップ ノーマル スタンダード パンチングレザー 本革調 ウッド調 等多数有】：GREEN_Shop,送料無料HIDhidＨＩＤHIDフルキットHIDキットHID シングルキットHID キットリレーレス純正バルブHID H4hidフォグランプD2CH4HB455Wライトh3LED取り付け純正交換式 コンビステアリング エスティマ ACR50/GSR50系 H18.1～H24.4/H24.5～ ESTIMA ハンドル マットブラック 青ステッチ 赤ステッチ【コブ付き ガングリップ ノーマル スタンダード パンチングレザー 本革調 ウッド調 等多数有】,トヨタ専用 コンビハンドル 本体 純正交換用 エアバッグ仕様可。純正交換式 コンビステアリング エスティマ ACR50/GSR50系 H18.1～H24.4/H24.5～ ESTIMA ハンドル マットブラック 青ステッチ 赤ステッチ【コブ付き ガングリップ ノーマル スタンダード パンチングレザー 本革調 ウッド調 等多数有】[rn]
19-62027,http://tshop.r10s.jp/auc-green/cabinet/img/str-065-g.jpg?fitin=700:700,11184.0000,,車用品・バイク用品 > カー用品 > 内装パーツ > ステアリング > ステアリング,【送料無料】純正交換式 コンビステアリング フレアワゴン MM32S H25/4～  ハンドル 黒木目 茶木目 ピアノブラック【コブ付き ガングリップ ノーマル スタンダード パンチングレザー 本革調 ウッド調 等多数有】,マツダ専用 コンビハンドル 本体 純正交換用 エアバッグ仕様可,"<img src=http://image.rakuten.co.jp/auc-green/cabinet/img/str-065-g.jpg width=300><br><img src=http://image.rakuten.co.jp/auc-green/cabinet/img/str-065-g_1.jpg width=300><br><img src=http://image.rakuten.co.jp/auc-green/cabinet/img/str-066-g.jpg width=300><br>【適合車種】<br>・メーカー：マツダ<br>・車種：フレアワゴン<br>・型式：MM32S<br>・年式：H25/4～<br><br>【商品説明】<br>純正交換式ステアリング<br>
純正と交換することによって、高級仕様に早変わり！<br><br>送料：送料無料 (沖縄・離島・一部地域は別途送料加算となります)<br><br>【注意事項】<br>
◆お客様都合による商品ページ未確認や商品加工後の返品・交換・キャンセルは一切行えません。<br>
◆輸入商品の為、すれ・傷等がある場合が御座います。<br>
◆モニターの環境によっては実際の商品と色見などが違う場合が御座います。<br>
◆商品仕様が予告なく変更される場合が御座います。<br>
◆交換等での工賃や車両の損害などはいかなる場合も保証対象外となります。<br>
◆必ず加工/取り付け前に動作確認をして下さい。<br>取付・加工後・脱着工賃・取付時の不備・過失傷害・水漏れ等は保証致しかねます。<br>
◆メーカー発注商品や姉妹店舗との共有在庫商品の場合、<br>
商品により納期にお時間を頂く場合やご注文のタイミングによって欠品となる可能性が御座います。<br>
お急ぎの方は事前に納期確認のご連絡を下さい。<br>
◆保証期間は商品発送日から7日間の初期不良のみです。お荷物送り状が保証書の代わりとなります。<br>
◆当店はお取り付けに関するサポートは行なっておりません。技術ある整備工場にてお取付ください。<br>◆海外製ですので必要に応じてコーキング処理を追加してください。<br>
◆説明書は付属いたしません。<br>
◆お車によっては加工が必要な場合がございます。<br>
◆車種対応については、グレードや年式によって適合が異なる場合がある為、<br>
必ずご購入前に現車にて形状・スペース・サイズのご確認の上、最終的な判断はお客様でお願いします。<br>
◆社外品の場合、純正品では御座いませんので完全一致にはなりません。<br>◆お客様御自身での取付作業によるいかなる損害も責任を負いかねますのでご了承ください。<br>
◆付属品以外を利用しての取付けは自己責任で行って下さい。<br>
予めご了承下さい。<br>・保証期間は商品発送日から７日間の初期不良のみです。<br>
・社外品となるため、1コマ以内のセンターズレが起こる場合が御座いますが、商品不良では御座いません。（センターズレが気になる場合は整備業者で調整(タイロッド調整)をご依頼下さい。※整備費用はご自身でご負担下さい。）<br>
・取付は安全にかかわる事ですので、必ず取付業者に委託をお願い致します。※取付後のトラブルは一切対応致しかねます。<br>",【送料無料】純正交換式 コンビステアリング フレアワゴン MM32S H25/4～  ハンドル 黒木目 茶木目 ピアノブラック【コブ付き ガングリップ ノーマル スタンダード パンチングレザー 本革調 ウッド調 等多数有】：GREEN_Shop,送料無料HIDhidＨＩＤHIDフルキットHIDキットHID シングルキットHID キットリレーレス純正バルブHID H4hidフォグランプD2CH4HB455Wライトh3LED取り付け【送料無料】純正交換式 コンビステアリング フレアワゴン MM32S H25/4～  ハンドル 黒木目 茶木目 ピアノブラック【コブ付き ガングリップ ノーマル スタンダード パンチングレザー 本革調 ウッド調 等多数有】,マツダ専用 コンビハンドル 本体 純正交換用 エアバッグ仕様可。【送料無料】純正交換式 コンビステアリング フレアワゴン MM32S H25/4～  ハンドル 黒木目 茶木目 ピアノブラック【コブ付き ガングリップ ノーマル スタンダード パンチングレザー 本革調 ウッド調 等多数有】[rn]
19-62028,http://tshop.r10s.jp/auc-green/cabinet/img/str-065-g.jpg?fitin=700:700,11184.0000,,車用品・バイク用品 > カー用品 > 内装パーツ > ステアリング > ステアリング,【送料無料】純正交換式 コンビステアリング フレアワゴンカスタムスタイル MM32S H25/4～  ハンドル 黒木目 茶木目 ピアノブラック【コブ付き ガングリップ ノーマル スタンダード パンチングレザー 本革調 ウッド調 等多数有】,マツダ専用 コンビハンドル 本体 純正交換用 エアバッグ仕様可,"<img src=http://image.rakuten.co.jp/auc-green/cabinet/img/str-065-g.jpg width=300><br><img src=http://image.rakuten.co.jp/auc-green/cabinet/img/str-065-g_1.jpg width=300><br><img src=http://image.rakuten.co.jp/auc-green/cabinet/img/str-066-g.jpg width=300><br>【適合車種】<br>・メーカー：マツダ<br>・車種：フレアワゴンカスタムスタイル<br>・型式：MM32S<br>・年式：H25/4～<br><br>【商品説明】<br>純正交換式ステアリング<br>
純正と交換することによって、高級仕様に早変わり！<br><br>送料：送料無料 (沖縄・離島・一部地域は別途送料加算となります)<br><br>【注意事項】<br>
◆お客様都合による商品ページ未確認や商品加工後の返品・交換・キャンセルは一切行えません。<br>
◆輸入商品の為、すれ・傷等がある場合が御座います。<br>
◆モニターの環境によっては実際の商品と色見などが違う場合が御座います。<br>
◆商品仕様が予告なく変更される場合が御座います。<br>
◆交換等での工賃や車両の損害などはいかなる場合も保証対象外となります。<br>
◆必ず加工/取り付け前に動作確認をして下さい。<br>取付・加工後・脱着工賃・取付時の不備・過失傷害・水漏れ等は保証致しかねます。<br>
◆メーカー発注商品や姉妹店舗との共有在庫商品の場合、<br>
商品により納期にお時間を頂く場合やご注文のタイミングによって欠品となる可能性が御座います。<br>
お急ぎの方は事前に納期確認のご連絡を下さい。<br>
◆保証期間は商品発送日から7日間の初期不良のみです。お荷物送り状が保証書の代わりとなります。<br>
◆当店はお取り付けに関するサポートは行なっておりません。技術ある整備工場にてお取付ください。<br>◆海外製ですので必要に応じてコーキング処理を追加してください。<br>
◆説明書は付属いたしません。<br>
◆お車によっては加工が必要な場合がございます。<br>
◆車種対応については、グレードや年式によって適合が異なる場合がある為、<br>
必ずご購入前に現車にて形状・スペース・サイズのご確認の上、最終的な判断はお客様でお願いします。<br>
◆社外品の場合、純正品では御座いませんので完全一致にはなりません。<br>◆お客様御自身での取付作業によるいかなる損害も責任を負いかねますのでご了承ください。<br>
◆付属品以外を利用しての取付けは自己責任で行って下さい。<br>
予めご了承下さい。<br>・保証期間は商品発送日から７日間の初期不良のみです。<br>
・社外品となるため、1コマ以内のセンターズレが起こる場合が御座いますが、商品不良では御座いません。（センターズレが気になる場合は整備業者で調整(タイロッド調整)をご依頼下さい。※整備費用はご自身でご負担下さい。）<br>
・取付は安全にかかわる事ですので、必ず取付業者に委託をお願い致します。※取付後のトラブルは一切対応致しかねます。<br>",【送料無料】純正交換式 コンビステアリング フレアワゴンカスタムスタイル MM32S H25/4～  ハンドル 黒木目 茶木目 ピアノブラック【コブ付き ガングリップ ノーマル スタンダード パンチングレザー 本革調 ウッド調 等多数有】：GREEN_Shop,送料無料HIDhidＨＩＤHIDフルキットHIDキットHID シングルキットHID キットリレーレス純正バルブHID H4hidフォグランプD2CH4HB455Wライトh3LED取り付け【送料無料】純正交換式 コンビステアリング フレアワゴンカスタムスタイル MM32S H25/4～  ハンドル 黒木目 茶木目 ピアノブラック【コブ付き ガングリップ ノーマル スタンダード パンチングレザー 本革調 ウッド調 等多数有】,マツダ専用 コンビハンドル 本体 純正交換用 エアバッグ仕様可。【送料無料】純正交換式 コンビステアリング フレアワゴンカスタムスタイル MM32S H25/4～  ハンドル 黒木目 茶木目 ピアノブラック【コブ付き ガングリップ ノーマル スタンダード パンチングレザー 本革調 ウッド調 等多数有】[rn]
19-62029,http://tshop.r10s.jp/auc-green/cabinet/img/str-065-g.jpg?fitin=700:700,11184.0000,,車用品・バイク用品 > カー用品 > 内装パーツ > ステアリング > ステアリング,【送料無料】純正交換式 コンビステアリング エブリィワゴン DA17W H27/2～  ハンドル 黒木目 茶木目 ピアノブラック【コブ付き ガングリップ ノーマル スタンダード パンチングレザー 本革調 ウッド調 等多数有】,スズキ専用 コンビハンドル 本体 純正交換用 エアバッグ仕様可,"<img src=http://image.rakuten.co.jp/auc-green/cabinet/img/str-065-g.jpg width=300><br><img src=http://image.rakuten.co.jp/auc-green/cabinet/img/str-065-g_1.jpg width=300><br><img src=http://image.rakuten.co.jp/auc-green/cabinet/img/str-066-g.jpg width=300><br>【適合車種】<br>・メーカー：スズキ<br>・車種：エブリィワゴン<br>・型式：DA17W<br>・年式：H27/2～<br><br>【商品説明】<br>純正交換式ステアリング<br>
純正と交換することによって、高級仕様に早変わり！<br><br>送料：送料無料 (沖縄・離島・一部地域は別途送料加算となります)<br><br>【注意事項】<br>
◆お客様都合による商品ページ未確認や商品加工後の返品・交換・キャンセルは一切行えません。<br>
◆輸入商品の為、すれ・傷等がある場合が御座います。<br>
◆モニターの環境によっては実際の商品と色見などが違う場合が御座います。<br>
◆商品仕様が予告なく変更される場合が御座います。<br>
◆交換等での工賃や車両の損害などはいかなる場合も保証対象外となります。<br>
◆必ず加工/取り付け前に動作確認をして下さい。<br>取付・加工後・脱着工賃・取付時の不備・過失傷害・水漏れ等は保証致しかねます。<br>
◆メーカー発注商品や姉妹店舗との共有在庫商品の場合、<br>
商品により納期にお時間を頂く場合やご注文のタイミングによって欠品となる可能性が御座います。<br>
お急ぎの方は事前に納期確認のご連絡を下さい。<br>
◆保証期間は商品発送日から7日間の初期不良のみです。お荷物送り状が保証書の代わりとなります。<br>
◆当店はお取り付けに関するサポートは行なっておりません。技術ある整備工場にてお取付ください。<br>◆海外製ですので必要に応じてコーキング処理を追加してください。<br>
◆説明書は付属いたしません。<br>
◆お車によっては加工が必要な場合がございます。<br>
◆車種対応については、グレードや年式によって適合が異なる場合がある為、<br>
必ずご購入前に現車にて形状・スペース・サイズのご確認の上、最終的な判断はお客様でお願いします。<br>
◆社外品の場合、純正品では御座いませんので完全一致にはなりません。<br>◆お客様御自身での取付作業によるいかなる損害も責任を負いかねますのでご了承ください。<br>
◆付属品以外を利用しての取付けは自己責任で行って下さい。<br>
予めご了承下さい。<br>・保証期間は商品発送日から７日間の初期不良のみです。<br>
・社外品となるため、1コマ以内のセンターズレが起こる場合が御座いますが、商品不良では御座いません。（センターズレが気になる場合は整備業者で調整(タイロッド調整)をご依頼下さい。※整備費用はご自身でご負担下さい。）<br>
・取付は安全にかかわる事ですので、必ず取付業者に委託をお願い致します。※取付後のトラブルは一切対応致しかねます。<br>",【送料無料】純正交換式 コンビステアリング エブリィワゴン DA17W H27/2～  ハンドル 黒木目 茶木目 ピアノブラック【コブ付き ガングリップ ノーマル スタンダード パンチングレザー 本革調 ウッド調 等多数有】：GREEN_Shop,送料無料HIDhidＨＩＤHIDフルキットHIDキットHID シングルキットHID キットリレーレス純正バルブHID H4hidフォグランプD2CH4HB455Wライトh3LED取り付け【送料無料】純正交換式 コンビステアリング エブリィワゴン DA17W H27/2～  ハンドル 黒木目 茶木目 ピアノブラック【コブ付き ガングリップ ノーマル スタンダード パンチングレザー 本革調 ウッド調 等多数有】,スズキ専用 コンビハンドル 本体 純正交換用 エアバッグ仕様可。【送料無料】純正交換式 コンビステアリング エブリィワゴン DA17W H27/2～  ハンドル 黒木目 茶木目 ピアノブラック【コブ付き ガングリップ ノーマル スタンダード パンチングレザー 本革調 ウッド調 等多数有】[rn]
19-62030,http://tshop.r10s.jp/auc-green/cabinet/img/str-065-g.jpg?fitin=700:700,11184.0000,,車用品・バイク用品 > カー用品 > 内装パーツ > ステアリング > ステアリング,【送料無料】純正交換式 コンビステアリング キャロル HB25/HB35 H21/12～H27/1  ハンドル 黒木目 茶木目 ピアノブラック【コブ付き ガングリップ ノーマル スタンダード パンチングレザー 本革調 ウッド調 等多数有】,マツダ専用 コンビハンドル 本体 純正交換用 エアバッグ仕様可,"<img src=http://image.rakuten.co.jp/auc-green/cabinet/img/str-065-g.jpg width=300><br><img src=http://image.rakuten.co.jp/auc-green/cabinet/img/str-065-g_1.jpg width=300><br><img src=http://image.rakuten.co.jp/auc-green/cabinet/img/str-066-g.jpg width=300><br>【適合車種】<br>・メーカー：マツダ<br>・車種：キャロル<br>・型式：HB25/HB35<br>・年式：H21/12～H27/1<br><br>【商品説明】<br>純正交換式ステアリング<br>
純正と交換することによって、高級仕様に早変わり！<br><br>送料：送料無料 (沖縄・離島・一部地域は別途送料加算となります)<br><br>【注意事項】<br>
◆お客様都合による商品ページ未確認や商品加工後の返品・交換・キャンセルは一切行えません。<br>
◆輸入商品の為、すれ・傷等がある場合が御座います。<br>
◆モニターの環境によっては実際の商品と色見などが違う場合が御座います。<br>
◆商品仕様が予告なく変更される場合が御座います。<br>
◆交換等での工賃や車両の損害などはいかなる場合も保証対象外となります。<br>
◆必ず加工/取り付け前に動作確認をして下さい。<br>取付・加工後・脱着工賃・取付時の不備・過失傷害・水漏れ等は保証致しかねます。<br>
◆メーカー発注商品や姉妹店舗との共有在庫商品の場合、<br>
商品により納期にお時間を頂く場合やご注文のタイミングによって欠品となる可能性が御座います。<br>
お急ぎの方は事前に納期確認のご連絡を下さい。<br>
◆保証期間は商品発送日から7日間の初期不良のみです。お荷物送り状が保証書の代わりとなります。<br>
◆当店はお取り付けに関するサポートは行なっておりません。技術ある整備工場にてお取付ください。<br>◆海外製ですので必要に応じてコーキング処理を追加してください。<br>
◆説明書は付属いたしません。<br>
◆お車によっては加工が必要な場合がございます。<br>
◆車種対応については、グレードや年式によって適合が異なる場合がある為、<br>
必ずご購入前に現車にて形状・スペース・サイズのご確認の上、最終的な判断はお客様でお願いします。<br>
◆社外品の場合、純正品では御座いませんので完全一致にはなりません。<br>◆お客様御自身での取付作業によるいかなる損害も責任を負いかねますのでご了承ください。<br>
◆付属品以外を利用しての取付けは自己責任で行って下さい。<br>
予めご了承下さい。<br>・保証期間は商品発送日から７日間の初期不良のみです。<br>
・社外品となるため、1コマ以内のセンターズレが起こる場合が御座いますが、商品不良では御座いません。（センターズレが気になる場合は整備業者で調整(タイロッド調整)をご依頼下さい。※整備費用はご自身でご負担下さい。）<br>
・取付は安全にかかわる事ですので、必ず取付業者に委託をお願い致します。※取付後のトラブルは一切対応致しかねます。<br>",【送料無料】純正交換式 コンビステアリング キャロル HB25/HB35 H21/12～H27/1  ハンドル 黒木目 茶木目 ピアノブラック【コブ付き ガングリップ ノーマル スタンダード パンチングレザー 本革調 ウッド調 等多数有】：GREEN_Shop,送料無料HIDhidＨＩＤHIDフルキットHIDキットHID シングルキットHID キットリレーレス純正バルブHID H4hidフォグランプD2CH4HB455Wライトh3LED取り付け【送料無料】純正交換式 コンビステアリング キャロル HB25/HB35 H21/12～H27/1  ハンドル 黒木目 茶木目 ピアノブラック【コブ付き ガングリップ ノーマル スタンダード パンチングレザー 本革調 ウッド調 等多数有】,マツダ専用 コンビハンドル 本体 純正交換用 エアバッグ仕様可。【送料無料】純正交換式 コンビステアリング キャロル HB25/HB35 H21/12～H27/1  ハンドル 黒木目 茶木目 ピアノブラック【コブ付き ガングリップ ノーマル スタンダード パンチングレザー 本革調 ウッド調 等多数有】[rn]
19-62031,http://tshop.r10s.jp/auc-green/cabinet/img/str-004-j.jpg?fitin=700:700,12000.0000,,車用品・バイク用品 > カー用品 > 内装パーツ > ステアリング > ステアリング,純正交換式 コンビステアリング プレミオ NZT260/ZRT260系 H19.6～ PREMIO ハンドル マットブラック 青ステッチ 赤ステッチ【コブ付き ガングリップ ノーマル スタンダード パンチングレザー 本革調 ウッド調 等多数有】,トヨタ専用 コンビハンドル 本体 純正交換用 エアバッグ仕様可,"<img src=http://image.rakuten.co.jp/auc-green/cabinet/img/str-004-j.jpg width=300><br><img src=http://image.rakuten.co.jp/auc-green/cabinet/img/str-004-j_1.jpg width=300><br><img src=http://image.rakuten.co.jp/auc-green/cabinet/img/str-005-j.jpg width=300><br>【適合車種】<br>・メーカー：トヨタ<br>・車種：プレミオ<br>・型式：NZT260/ZRT260系<br>・年式：H19.6～<br>・カラー：マットブラック/青ステッチ/赤ステッチ<br>・車種(英語)：PREMIO<br><br>【商品説明】<br>純正交換式ステアリング<br>
純正と交換することによって、高級仕様に早変わり！<br><br>送料：送料無料 (沖縄・離島・一部地域は別途送料加算となります)<br><br>【注意事項】<br>
◆お客様都合による商品ページ未確認や商品加工後の返品・交換・キャンセルは一切行えません。<br>
◆輸入商品の為、すれ・傷等がある場合が御座います。<br>
◆モニターの環境によっては実際の商品と色見などが違う場合が御座います。<br>
◆商品仕様が予告なく変更される場合が御座います。<br>
◆交換等での工賃や車両の損害などはいかなる場合も保証対象外となります。<br>
◆必ず加工/取り付け前に動作確認をして下さい。<br>取付・加工後・脱着工賃・取付時の不備・過失傷害・水漏れ等は保証致しかねます。<br>
◆メーカー発注商品や姉妹店舗との共有在庫商品の場合、<br>
商品により納期にお時間を頂く場合やご注文のタイミングによって欠品となる可能性が御座います。<br>
お急ぎの方は事前に納期確認のご連絡を下さい。<br>
◆保証期間は商品発送日から7日間の初期不良のみです。お荷物送り状が保証書の代わりとなります。<br>
◆当店はお取り付けに関するサポートは行なっておりません。技術ある整備工場にてお取付ください。<br>◆海外製ですので必要に応じてコーキング処理を追加してください。<br>
◆説明書は付属いたしません。<br>
◆お車によっては加工が必要な場合がございます。<br>
◆車種対応については、グレードや年式によって適合が異なる場合がある為、<br>
必ずご購入前に現車にて形状・スペース・サイズのご確認の上、最終的な判断はお客様でお願いします。<br>
◆社外品の場合、純正品では御座いませんので完全一致にはなりません。<br>◆お客様御自身での取付作業によるいかなる損害も責任を負いかねますのでご了承ください。<br>
◆付属品以外を利用しての取付けは自己責任で行って下さい。<br>
予めご了承下さい。<br>・保証期間は商品発送日から７日間の初期不良のみです。<br>
・社外品となるため、1コマ以内のセンターズレが起こる場合が御座いますが、商品不良では御座いません。（センターズレが気になる場合は整備業者で調整(タイロッド調整)をご依頼下さい。※整備費用はご自身でご負担下さい。）<br>
・取付は安全にかかわる事ですので、必ず取付業者に委託をお願い致します。※取付後のトラブルは一切対応致しかねます。<br>",純正交換式 コンビステアリング プレミオ NZT260/ZRT260系 H19.6～ PREMIO ハンドル マットブラック 青ステッチ 赤ステッチ【コブ付き ガングリップ ノーマル スタンダード パンチングレザー 本革調 ウッド調 等多数有】：GREEN_Shop,送料無料HIDhidＨＩＤHIDフルキットHIDキットHID シングルキットHID キットリレーレス純正バルブHID H4hidフォグランプD2CH4HB455Wライトh3LED取り付け純正交換式 コンビステアリング プレミオ NZT260/ZRT260系 H19.6～ PREMIO ハンドル マットブラック 青ステッチ 赤ステッチ【コブ付き ガングリップ ノーマル スタンダード パンチングレザー 本革調 ウッド調 等多数有】,トヨタ専用 コンビハンドル 本体 純正交換用 エアバッグ仕様可。純正交換式 コンビステアリング プレミオ NZT260/ZRT260系 H19.6～ PREMIO ハンドル マットブラック 青ステッチ 赤ステッチ【コブ付き ガングリップ ノーマル スタンダード パンチングレザー 本革調 ウッド調 等多数有】[rn]
19-62032,http://tshop.r10s.jp/auc-green/cabinet/img/str-007-j.jpg?fitin=700:700,12000.0000,,車用品・バイク用品 > カー用品 > 内装パーツ > ステアリング > ステアリング,純正交換式 コンビステアリング エスティマ 後期  ACR30W/MCR30W系 ESTIMA ハンドル 青ステッチ 赤ステッチ 茶木目 黒木目 ピアノブラック【コブ付き ガングリップ ノーマル スタンダード パンチングレザー 本革調 ウッド調 等多数有】,トヨタ専用 コンビハンドル 本体 純正交換用 エアバッグ仕様可,"<img src=http://image.rakuten.co.jp/auc-green/cabinet/img/str-007-j.jpg width=300><br><img src=http://image.rakuten.co.jp/auc-green/cabinet/img/str-007-j_1.jpg width=300><br><img src=http://image.rakuten.co.jp/auc-green/cabinet/img/str-008-j.jpg width=300><br>【適合車種】<br>・メーカー：トヨタ<br>・車種：エスティマ 後期 <br>・型式：ACR30W/MCR30W系<br>・年式：H15.5～H17.12<br>・備考：4本スポークタイプのみ適合。<br>・カラー：青ステッチ/赤ステッチ/茶木目/黒木目/ピアノブラック<br>・車種(英語)：ESTIMA<br><br>【商品説明】<br>純正交換式ステアリング<br>
純正と交換することによって、高級仕様に早変わり！<br><br>送料：送料無料 (沖縄・離島・一部地域は別途送料加算となります)<br><br>【注意事項】<br>
◆お客様都合による商品ページ未確認や商品加工後の返品・交換・キャンセルは一切行えません。<br>
◆輸入商品の為、すれ・傷等がある場合が御座います。<br>
◆モニターの環境によっては実際の商品と色見などが違う場合が御座います。<br>
◆商品仕様が予告なく変更される場合が御座います。<br>
◆交換等での工賃や車両の損害などはいかなる場合も保証対象外となります。<br>
◆必ず加工/取り付け前に動作確認をして下さい。<br>取付・加工後・脱着工賃・取付時の不備・過失傷害・水漏れ等は保証致しかねます。<br>
◆メーカー発注商品や姉妹店舗との共有在庫商品の場合、<br>
商品により納期にお時間を頂く場合やご注文のタイミングによって欠品となる可能性が御座います。<br>
お急ぎの方は事前に納期確認のご連絡を下さい。<br>
◆保証期間は商品発送日から7日間の初期不良のみです。お荷物送り状が保証書の代わりとなります。<br>
◆当店はお取り付けに関するサポートは行なっておりません。技術ある整備工場にてお取付ください。<br>◆海外製ですので必要に応じてコーキング処理を追加してください。<br>
◆説明書は付属いたしません。<br>
◆お車によっては加工が必要な場合がございます。<br>
◆車種対応については、グレードや年式によって適合が異なる場合がある為、<br>
必ずご購入前に現車にて形状・スペース・サイズのご確認の上、最終的な判断はお客様でお願いします。<br>
◆社外品の場合、純正品では御座いませんので完全一致にはなりません。<br>◆お客様御自身での取付作業によるいかなる損害も責任を負いかねますのでご了承ください。<br>
◆付属品以外を利用しての取付けは自己責任で行って下さい。<br>
予めご了承下さい。<br>・保証期間は商品発送日から７日間の初期不良のみです。<br>
・社外品となるため、1コマ以内のセンターズレが起こる場合が御座いますが、商品不良では御座いません。（センターズレが気になる場合は整備業者で調整(タイロッド調整)をご依頼下さい。※整備費用はご自身でご負担下さい。）<br>
・取付は安全にかかわる事ですので、必ず取付業者に委託をお願い致します。※取付後のトラブルは一切対応致しかねます。<br>",純正交換式 コンビステアリング エスティマ 後期  ACR30W/MCR30W系 ESTIMA ハンドル 青ステッチ 赤ステッチ 茶木目 黒木目 ピアノブラック【コブ付き ガングリップ ノーマル スタンダード パンチングレザー 本革調 ウッド調 等多数有】：GREEN_Shop,送料無料HIDhidＨＩＤHIDフルキットHIDキットHID シングルキットHID キットリレーレス純正バルブHID H4hidフォグランプD2CH4HB455Wライトh3LED取り付け純正交換式 コンビステアリング エスティマ 後期  ACR30W/MCR30W系 ESTIMA ハンドル 青ステッチ 赤ステッチ 茶木目 黒木目 ピアノブラック【コブ付き ガングリップ ノーマル スタンダード パンチングレザー 本革調 ウッド調 等多数有】,トヨタ専用 コンビハンドル 本体 純正交換用 エアバッグ仕様可。純正交換式 コンビステアリング エスティマ 後期  ACR30W/MCR30W系 ESTIMA ハンドル 青ステッチ 赤ステッチ 茶木目 黒木目 ピアノブラック【コブ付き ガングリップ ノーマル スタンダード パンチングレザー 本革調 ウッド調 等多数有】[rn]
19-62033,http://tshop.r10s.jp/auc-green/cabinet/img/str-001-j.jpg?fitin=700:700,12000.0000,,車用品・バイク用品 > カー用品 > 内装パーツ > ステアリング > ステアリング,純正交換式 コンビステアリング ヴェルファイア 前期　 GGH20系 H20.5～H23.10 VELLFIRE ハンドル 黒金木目 青ステッチ 赤ステッチ【コブ付き ガングリップ ノーマル スタンダード パンチングレザー 本革調 ウッド調 等多数有】,トヨタ専用 コンビハンドル 本体 純正交換用 エアバッグ仕様可,"<img src=http://image.rakuten.co.jp/auc-green/cabinet/img/str-001-j.jpg width=300><br><img src=http://image.rakuten.co.jp/auc-green/cabinet/img/str-001-j_1.jpg width=300><br><img src=http://image.rakuten.co.jp/auc-green/cabinet/img/str-002-j.jpg width=300><br>【適合車種】<br>・メーカー：トヨタ<br>・車種：ヴェルファイア(ヴェルファイヤ/ベルファイア) 前期　<br>・型式：GGH20系<br>・年式：H20.5～H23.10<br>・カラー：黒金木目/青ステッチ/赤ステッチ<br>・車種(英語)：VELLFIRE<br><br>【商品説明】<br>純正交換式ステアリング<br>
純正と交換することによって、高級仕様に早変わり！<br><br>送料：送料無料 (沖縄・離島・一部地域は別途送料加算となります)<br><br>【注意事項】<br>
◆お客様都合による商品ページ未確認や商品加工後の返品・交換・キャンセルは一切行えません。<br>
◆輸入商品の為、すれ・傷等がある場合が御座います。<br>
◆モニターの環境によっては実際の商品と色見などが違う場合が御座います。<br>
◆商品仕様が予告なく変更される場合が御座います。<br>
◆交換等での工賃や車両の損害などはいかなる場合も保証対象外となります。<br>
◆必ず加工/取り付け前に動作確認をして下さい。<br>取付・加工後・脱着工賃・取付時の不備・過失傷害・水漏れ等は保証致しかねます。<br>
◆メーカー発注商品や姉妹店舗との共有在庫商品の場合、<br>
商品により納期にお時間を頂く場合やご注文のタイミングによって欠品となる可能性が御座います。<br>
お急ぎの方は事前に納期確認のご連絡を下さい。<br>
◆保証期間は商品発送日から7日間の初期不良のみです。お荷物送り状が保証書の代わりとなります。<br>
◆当店はお取り付けに関するサポートは行なっておりません。技術ある整備工場にてお取付ください。<br>◆海外製ですので必要に応じてコーキング処理を追加してください。<br>
◆説明書は付属いたしません。<br>
◆お車によっては加工が必要な場合がございます。<br>
◆車種対応については、グレードや年式によって適合が異なる場合がある為、<br>
必ずご購入前に現車にて形状・スペース・サイズのご確認の上、最終的な判断はお客様でお願いします。<br>
◆社外品の場合、純正品では御座いませんので完全一致にはなりません。<br>◆お客様御自身での取付作業によるいかなる損害も責任を負いかねますのでご了承ください。<br>
◆付属品以外を利用しての取付けは自己責任で行って下さい。<br>
予めご了承下さい。<br>・保証期間は商品発送日から７日間の初期不良のみです。<br>
・社外品となるため、1コマ以内のセンターズレが起こる場合が御座いますが、商品不良では御座いません。（センターズレが気になる場合は整備業者で調整(タイロッド調整)をご依頼下さい。※整備費用はご自身でご負担下さい。）<br>
・取付は安全にかかわる事ですので、必ず取付業者に委託をお願い致します。※取付後のトラブルは一切対応致しかねます。<br>",純正交換式 コンビステアリング ヴェルファイア 前期　 GGH20系 H20.5～H23.10 VELLFIRE ハンドル 黒金木目 青ステッチ 赤ステッチ【コブ付き ガングリップ ノーマル スタンダード パンチングレザー 本革調 ウッド調 等多数有】：GREEN_Shop,送料無料HIDhidＨＩＤHIDフルキットHIDキットHID シングルキットHID キットリレーレス純正バルブHID H4hidフォグランプD2CH4HB455Wライトh3LED取り付け純正交換式 コンビステアリング ヴェルファイア 前期　 GGH20系 H20.5～H23.10 VELLFIRE ハンドル 黒金木目 青ステッチ 赤ステッチ【コブ付き ガングリップ ノーマル スタンダード パンチングレザー 本革調 ウッド調 等多数有】,トヨタ専用 コンビハンドル 本体 純正交換用 エアバッグ仕様可。純正交換式 コンビステアリング ヴェルファイア 前期　 GGH20系 H20.5～H23.10 VELLFIRE ハンドル 黒金木目 青ステッチ 赤ステッチ【コブ付き ガングリップ ノーマル スタンダード パンチングレザー 本革調 ウッド調 等多数有】[rn]
19-62034,http://tshop.r10s.jp/auc-green/cabinet/img/str-065-g.jpg?fitin=700:700,11184.0000,,車用品・バイク用品 > カー用品 > 内装パーツ > ステアリング > ステアリング,【送料無料】純正交換式 コンビステアリング フレアクロスオーバー MS31S H26/1～  ハンドル 黒木目 茶木目 ピアノブラック【コブ付き ガングリップ ノーマル スタンダード パンチングレザー 本革調 ウッド調 等多数有】,マツダ専用 コンビハンドル 本体 純正交換用 エアバッグ仕様可,"<img src=http://image.rakuten.co.jp/auc-green/cabinet/img/str-065-g.jpg width=300><br><img src=http://image.rakuten.co.jp/auc-green/cabinet/img/str-065-g_1.jpg width=300><br><img src=http://image.rakuten.co.jp/auc-green/cabinet/img/str-066-g.jpg width=300><br>【適合車種】<br>・メーカー：マツダ<br>・車種：フレアクロスオーバー<br>・型式：MS31S<br>・年式：H26/1～<br><br>【商品説明】<br>純正交換式ステアリング<br>
純正と交換することによって、高級仕様に早変わり！<br><br>送料：送料無料 (沖縄・離島・一部地域は別途送料加算となります)<br><br>【注意事項】<br>
◆お客様都合による商品ページ未確認や商品加工後の返品・交換・キャンセルは一切行えません。<br>
◆輸入商品の為、すれ・傷等がある場合が御座います。<br>
◆モニターの環境によっては実際の商品と色見などが違う場合が御座います。<br>
◆商品仕様が予告なく変更される場合が御座います。<br>
◆交換等での工賃や車両の損害などはいかなる場合も保証対象外となります。<br>
◆必ず加工/取り付け前に動作確認をして下さい。<br>取付・加工後・脱着工賃・取付時の不備・過失傷害・水漏れ等は保証致しかねます。<br>
◆メーカー発注商品や姉妹店舗との共有在庫商品の場合、<br>
商品により納期にお時間を頂く場合やご注文のタイミングによって欠品となる可能性が御座います。<br>
お急ぎの方は事前に納期確認のご連絡を下さい。<br>
◆保証期間は商品発送日から7日間の初期不良のみです。お荷物送り状が保証書の代わりとなります。<br>
◆当店はお取り付けに関するサポートは行なっておりません。技術ある整備工場にてお取付ください。<br>◆海外製ですので必要に応じてコーキング処理を追加してください。<br>
◆説明書は付属いたしません。<br>
◆お車によっては加工が必要な場合がございます。<br>
◆車種対応については、グレードや年式によって適合が異なる場合がある為、<br>
必ずご購入前に現車にて形状・スペース・サイズのご確認の上、最終的な判断はお客様でお願いします。<br>
◆社外品の場合、純正品では御座いませんので完全一致にはなりません。<br>◆お客様御自身での取付作業によるいかなる損害も責任を負いかねますのでご了承ください。<br>
◆付属品以外を利用しての取付けは自己責任で行って下さい。<br>
予めご了承下さい。<br>・保証期間は商品発送日から７日間の初期不良のみです。<br>
・社外品となるため、1コマ以内のセンターズレが起こる場合が御座いますが、商品不良では御座いません。（センターズレが気になる場合は整備業者で調整(タイロッド調整)をご依頼下さい。※整備費用はご自身でご負担下さい。）<br>
・取付は安全にかかわる事ですので、必ず取付業者に委託をお願い致します。※取付後のトラブルは一切対応致しかねます。<br>",【送料無料】純正交換式 コンビステアリング フレアクロスオーバー MS31S H26/1～  ハンドル 黒木目 茶木目 ピアノブラック【コブ付き ガングリップ ノーマル スタンダード パンチングレザー 本革調 ウッド調 等多数有】：GREEN_Shop,送料無料HIDhidＨＩＤHIDフルキットHIDキットHID シングルキットHID キットリレーレス純正バルブHID H4hidフォグランプD2CH4HB455Wライトh3LED取り付け【送料無料】純正交換式 コンビステアリング フレアクロスオーバー MS31S H26/1～  ハンドル 黒木目 茶木目 ピアノブラック【コブ付き ガングリップ ノーマル スタンダード パンチングレザー 本革調 ウッド調 等多数有】,マツダ専用 コンビハンドル 本体 純正交換用 エアバッグ仕様可。【送料無料】純正交換式 コンビステアリング フレアクロスオーバー MS31S H26/1～  ハンドル 黒木目 茶木目 ピアノブラック【コブ付き ガングリップ ノーマル スタンダード パンチングレザー 本革調 ウッド調 等多数有】[rn]
19-62035,http://tshop.r10s.jp/auc-green/cabinet/img/str-016-j.jpg?fitin=700:700,12000.0000,,車用品・バイク用品 > カー用品 > 内装パーツ > ステアリング > ステアリング,純正交換式 コンビステアリング インサイト ZE2系 H21.2～ INSIGHT ハンドル 青ステッチ 赤ステッチ 茶木目 黒木目【コブ付き ガングリップ ノーマル スタンダード パンチングレザー 本革調 ウッド調 等多数有】,ホンダ専用 コンビハンドル 本体 純正交換用 エアバッグ仕様可,"<img src=http://image.rakuten.co.jp/auc-green/cabinet/img/str-016-j.jpg width=300><br><img src=http://image.rakuten.co.jp/auc-green/cabinet/img/str-016-j_1.jpg width=300><br><img src=http://image.rakuten.co.jp/auc-green/cabinet/img/str-017-j.jpg width=300><br>【適合車種】<br>・メーカー：ホンダ<br>・車種：インサイト<br>・型式：ZE2系<br>・年式：H21.2～<br>・カラー：青ステッチ/赤ステッチ/茶木目/黒木目<br>・車種(英語)：INSIGHT<br><br>【商品説明】<br>純正交換式ステアリング<br>
純正と交換することによって、高級仕様に早変わり！<br><br>送料：送料無料 (沖縄・離島・一部地域は別途送料加算となります)<br><br>【注意事項】<br>
◆お客様都合による商品ページ未確認や商品加工後の返品・交換・キャンセルは一切行えません。<br>
◆輸入商品の為、すれ・傷等がある場合が御座います。<br>
◆モニターの環境によっては実際の商品と色見などが違う場合が御座います。<br>
◆商品仕様が予告なく変更される場合が御座います。<br>
◆交換等での工賃や車両の損害などはいかなる場合も保証対象外となります。<br>
◆必ず加工/取り付け前に動作確認をして下さい。<br>取付・加工後・脱着工賃・取付時の不備・過失傷害・水漏れ等は保証致しかねます。<br>
◆メーカー発注商品や姉妹店舗との共有在庫商品の場合、<br>
商品により納期にお時間を頂く場合やご注文のタイミングによって欠品となる可能性が御座います。<br>
お急ぎの方は事前に納期確認のご連絡を下さい。<br>
◆保証期間は商品発送日から7日間の初期不良のみです。お荷物送り状が保証書の代わりとなります。<br>
◆当店はお取り付けに関するサポートは行なっておりません。技術ある整備工場にてお取付ください。<br>◆海外製ですので必要に応じてコーキング処理を追加してください。<br>
◆説明書は付属いたしません。<br>
◆お車によっては加工が必要な場合がございます。<br>
◆車種対応については、グレードや年式によって適合が異なる場合がある為、<br>
必ずご購入前に現車にて形状・スペース・サイズのご確認の上、最終的な判断はお客様でお願いします。<br>
◆社外品の場合、純正品では御座いませんので完全一致にはなりません。<br>◆お客様御自身での取付作業によるいかなる損害も責任を負いかねますのでご了承ください。<br>
◆付属品以外を利用しての取付けは自己責任で行って下さい。<br>
予めご了承下さい。<br>・保証期間は商品発送日から７日間の初期不良のみです。<br>
・社外品となるため、1コマ以内のセンターズレが起こる場合が御座いますが、商品不良では御座いません。（センターズレが気になる場合は整備業者で調整(タイロッド調整)をご依頼下さい。※整備費用はご自身でご負担下さい。）<br>
・取付は安全にかかわる事ですので、必ず取付業者に委託をお願い致します。※取付後のトラブルは一切対応致しかねます。<br>",純正交換式 コンビステアリング インサイト ZE2系 H21.2～ INSIGHT ハンドル 青ステッチ 赤ステッチ 茶木目 黒木目【コブ付き ガングリップ ノーマル スタンダード パンチングレザー 本革調 ウッド調 等多数有】：GREEN_Shop,送料無料HIDhidＨＩＤHIDフルキットHIDキットHID シングルキットHID キットリレーレス純正バルブHID H4hidフォグランプD2CH4HB455Wライトh3LED取り付け純正交換式 コンビステアリング インサイト ZE2系 H21.2～ INSIGHT ハンドル 青ステッチ 赤ステッチ 茶木目 黒木目【コブ付き ガングリップ ノーマル スタンダード パンチングレザー 本革調 ウッド調 等多数有】,ホンダ専用 コンビハンドル 本体 純正交換用 エアバッグ仕様可。純正交換式 コンビステアリング インサイト ZE2系 H21.2～ INSIGHT ハンドル 青ステッチ 赤ステッチ 茶木目 黒木目【コブ付き ガングリップ ノーマル スタンダード パンチングレザー 本革調 ウッド調 等多数有】[rn]
19-62036,http://tshop.r10s.jp/auc-green/cabinet/img/str-004-j.jpg?fitin=700:700,12000.0000,,車用品・バイク用品 > カー用品 > 内装パーツ > ステアリング > ステアリング,純正交換式 コンビステアリング カローラアクシオ NZE140/ZRE140系 COROLLA AXIO ハンドル マットブラック 青ステッチ 赤ステッチ【コブ付き ガングリップ ノーマル スタンダード パンチングレザー 本革調 ウッド調 等多数有】,トヨタ専用 コンビハンドル 本体 純正交換用 エアバッグ仕様可,"<img src=http://image.rakuten.co.jp/auc-green/cabinet/img/str-004-j.jpg width=300><br><img src=http://image.rakuten.co.jp/auc-green/cabinet/img/str-004-j_1.jpg width=300><br><img src=http://image.rakuten.co.jp/auc-green/cabinet/img/str-005-j.jpg width=300><br>【適合車種】<br>・メーカー：トヨタ<br>・車種：カローラアクシオ<br>・型式：NZE140/ZRE140系<br>・年式：H18.10～H20.9/H20.10～H24.4<br>・カラー：マットブラック/青ステッチ/赤ステッチ<br>・車種(英語)：COROLLA AXIO<br><br>【商品説明】<br>純正交換式ステアリング<br>
純正と交換することによって、高級仕様に早変わり！<br><br>送料：送料無料 (沖縄・離島・一部地域は別途送料加算となります)<br><br>【注意事項】<br>
◆お客様都合による商品ページ未確認や商品加工後の返品・交換・キャンセルは一切行えません。<br>
◆輸入商品の為、すれ・傷等がある場合が御座います。<br>
◆モニターの環境によっては実際の商品と色見などが違う場合が御座います。<br>
◆商品仕様が予告なく変更される場合が御座います。<br>
◆交換等での工賃や車両の損害などはいかなる場合も保証対象外となります。<br>
◆必ず加工/取り付け前に動作確認をして下さい。<br>取付・加工後・脱着工賃・取付時の不備・過失傷害・水漏れ等は保証致しかねます。<br>
◆メーカー発注商品や姉妹店舗との共有在庫商品の場合、<br>
商品により納期にお時間を頂く場合やご注文のタイミングによって欠品となる可能性が御座います。<br>
お急ぎの方は事前に納期確認のご連絡を下さい。<br>
◆保証期間は商品発送日から7日間の初期不良のみです。お荷物送り状が保証書の代わりとなります。<br>
◆当店はお取り付けに関するサポートは行なっておりません。技術ある整備工場にてお取付ください。<br>◆海外製ですので必要に応じてコーキング処理を追加してください。<br>
◆説明書は付属いたしません。<br>
◆お車によっては加工が必要な場合がございます。<br>
◆車種対応については、グレードや年式によって適合が異なる場合がある為、<br>
必ずご購入前に現車にて形状・スペース・サイズのご確認の上、最終的な判断はお客様でお願いします。<br>
◆社外品の場合、純正品では御座いませんので完全一致にはなりません。<br>◆お客様御自身での取付作業によるいかなる損害も責任を負いかねますのでご了承ください。<br>
◆付属品以外を利用しての取付けは自己責任で行って下さい。<br>
予めご了承下さい。<br>・保証期間は商品発送日から７日間の初期不良のみです。<br>
・社外品となるため、1コマ以内のセンターズレが起こる場合が御座いますが、商品不良では御座いません。（センターズレが気になる場合は整備業者で調整(タイロッド調整)をご依頼下さい。※整備費用はご自身でご負担下さい。）<br>
・取付は安全にかかわる事ですので、必ず取付業者に委託をお願い致します。※取付後のトラブルは一切対応致しかねます。<br>",純正交換式 コンビステアリング カローラアクシオ NZE140/ZRE140系 COROLLA AXIO ハンドル マットブラック 青ステッチ 赤ステッチ【コブ付き ガングリップ ノーマル スタンダード パンチングレザー 本革調 ウッド調 等多数有】：GREEN_Shop,送料無料HIDhidＨＩＤHIDフルキットHIDキットHID シングルキットHID キットリレーレス純正バルブHID H4hidフォグランプD2CH4HB455Wライトh3LED取り付け純正交換式 コンビステアリング カローラアクシオ NZE140/ZRE140系 COROLLA AXIO ハンドル マットブラック 青ステッチ 赤ステッチ【コブ付き ガングリップ ノーマル スタンダード パンチングレザー 本革調 ウッド調 等多数有】,トヨタ専用 コンビハンドル 本体 純正交換用 エアバッグ仕様可。純正交換式 コンビステアリング カローラアクシオ NZE140/ZRE140系 COROLLA AXIO ハンドル マットブラック 青ステッチ 赤ステッチ【コブ付き ガングリップ ノーマル スタンダード パンチングレザー 本革調 ウッド調 等多数有】[rn]
19-62037,http://tshop.r10s.jp/auc-green/cabinet/img/str-016-j.jpg?fitin=700:700,12000.0000,,車用品・バイク用品 > カー用品 > 内装パーツ > ステアリング > ステアリング,純正交換式 コンビステアリング フィット ハイブリッド/Fitハイブリット GP1 H22.10～ Fit HYBRID ハンドル 青ステッチ 赤ステッチ 茶木目 黒木目【コブ付き ガングリップ ノーマル スタンダード パンチングレザー 本革調 ウッド調 等多数有】,ホンダ専用 コンビハンドル 本体 純正交換用 エアバッグ仕様可,"<img src=http://image.rakuten.co.jp/auc-green/cabinet/img/str-016-j.jpg width=300><br><img src=http://image.rakuten.co.jp/auc-green/cabinet/img/str-016-j_1.jpg width=300><br><img src=http://image.rakuten.co.jp/auc-green/cabinet/img/str-017-j.jpg width=300><br>【適合車種】<br>・メーカー：ホンダ<br>・車種：フィット ハイブリッド/Fitハイブリット<br>・型式：GP1<br>・年式：H22.10～<br>・カラー：青ステッチ/赤ステッチ/茶木目/黒木目<br>・車種(英語)：Fit HYBRID<br><br>【商品説明】<br>純正交換式ステアリング<br>
純正と交換することによって、高級仕様に早変わり！<br><br>送料：送料無料 (沖縄・離島・一部地域は別途送料加算となります)<br><br>【注意事項】<br>
◆お客様都合による商品ページ未確認や商品加工後の返品・交換・キャンセルは一切行えません。<br>
◆輸入商品の為、すれ・傷等がある場合が御座います。<br>
◆モニターの環境によっては実際の商品と色見などが違う場合が御座います。<br>
◆商品仕様が予告なく変更される場合が御座います。<br>
◆交換等での工賃や車両の損害などはいかなる場合も保証対象外となります。<br>
◆必ず加工/取り付け前に動作確認をして下さい。<br>取付・加工後・脱着工賃・取付時の不備・過失傷害・水漏れ等は保証致しかねます。<br>
◆メーカー発注商品や姉妹店舗との共有在庫商品の場合、<br>
商品により納期にお時間を頂く場合やご注文のタイミングによって欠品となる可能性が御座います。<br>
お急ぎの方は事前に納期確認のご連絡を下さい。<br>
◆保証期間は商品発送日から7日間の初期不良のみです。お荷物送り状が保証書の代わりとなります。<br>
◆当店はお取り付けに関するサポートは行なっておりません。技術ある整備工場にてお取付ください。<br>◆海外製ですので必要に応じてコーキング処理を追加してください。<br>
◆説明書は付属いたしません。<br>
◆お車によっては加工が必要な場合がございます。<br>
◆車種対応については、グレードや年式によって適合が異なる場合がある為、<br>
必ずご購入前に現車にて形状・スペース・サイズのご確認の上、最終的な判断はお客様でお願いします。<br>
◆社外品の場合、純正品では御座いませんので完全一致にはなりません。<br>◆お客様御自身での取付作業によるいかなる損害も責任を負いかねますのでご了承ください。<br>
◆付属品以外を利用しての取付けは自己責任で行って下さい。<br>
予めご了承下さい。<br>・保証期間は商品発送日から７日間の初期不良のみです。<br>
・社外品となるため、1コマ以内のセンターズレが起こる場合が御座いますが、商品不良では御座いません。（センターズレが気になる場合は整備業者で調整(タイロッド調整)をご依頼下さい。※整備費用はご自身でご負担下さい。）<br>
・取付は安全にかかわる事ですので、必ず取付業者に委託をお願い致します。※取付後のトラブルは一切対応致しかねます。<br>",純正交換式 コンビステアリング フィット ハイブリッド/Fitハイブリット GP1 H22.10～ Fit HYBRID ハンドル 青ステッチ 赤ステッチ 茶木目 黒木目【コブ付き ガングリップ ノーマル スタンダード パンチングレザー 本革調 ウッド調 等多数有】：GREEN_Shop,送料無料HIDhidＨＩＤHIDフルキットHIDキットHID シングルキットHID キットリレーレス純正バルブHID H4hidフォグランプD2CH4HB455Wライトh3LED取り付け純正交換式 コンビステアリング フィット ハイブリッド/Fitハイブリット GP1 H22.10～ Fit HYBRID ハンドル 青ステッチ 赤ステッチ 茶木目 黒木目【コブ付き ガングリップ ノーマル スタンダード パンチングレザー 本革調 ウッド調 等多数有】,ホンダ専用 コンビハンドル 本体 純正交換用 エアバッグ仕様可。純正交換式 コンビステアリング フィット ハイブリッド/Fitハイブリット GP1 H22.10～ Fit HYBRID ハンドル 青ステッチ 赤ステッチ 茶木目 黒木目【コブ付き ガングリップ ノーマル スタンダード パンチングレザー 本革調 ウッド調 等多数有】[rn]
19-62038,http://tshop.r10s.jp/auc-green/cabinet/img/str-065-g.jpg?fitin=700:700,11184.0000,,車用品・バイク用品 > カー用品 > 内装パーツ > ステアリング > ステアリング,【送料無料】純正交換式 コンビステアリング スクラムワゴン DG17W H27/3～  ハンドル 黒木目 茶木目 ピアノブラック【コブ付き ガングリップ ノーマル スタンダード パンチングレザー 本革調 ウッド調 等多数有】,マツダ専用 コンビハンドル 本体 純正交換用 エアバッグ仕様可,"<img src=http://image.rakuten.co.jp/auc-green/cabinet/img/str-065-g.jpg width=300><br><img src=http://image.rakuten.co.jp/auc-green/cabinet/img/str-065-g_1.jpg width=300><br><img src=http://image.rakuten.co.jp/auc-green/cabinet/img/str-066-g.jpg width=300><br>【適合車種】<br>・メーカー：マツダ<br>・車種：スクラムワゴン<br>・型式：DG17W<br>・年式：H27/3～<br><br>【商品説明】<br>純正交換式ステアリング<br>
純正と交換することによって、高級仕様に早変わり！<br><br>送料：送料無料 (沖縄・離島・一部地域は別途送料加算となります)<br><br>【注意事項】<br>
◆お客様都合による商品ページ未確認や商品加工後の返品・交換・キャンセルは一切行えません。<br>
◆輸入商品の為、すれ・傷等がある場合が御座います。<br>
◆モニターの環境によっては実際の商品と色見などが違う場合が御座います。<br>
◆商品仕様が予告なく変更される場合が御座います。<br>
◆交換等での工賃や車両の損害などはいかなる場合も保証対象外となります。<br>
◆必ず加工/取り付け前に動作確認をして下さい。<br>取付・加工後・脱着工賃・取付時の不備・過失傷害・水漏れ等は保証致しかねます。<br>
◆メーカー発注商品や姉妹店舗との共有在庫商品の場合、<br>
商品により納期にお時間を頂く場合やご注文のタイミングによって欠品となる可能性が御座います。<br>
お急ぎの方は事前に納期確認のご連絡を下さい。<br>
◆保証期間は商品発送日から7日間の初期不良のみです。お荷物送り状が保証書の代わりとなります。<br>
◆当店はお取り付けに関するサポートは行なっておりません。技術ある整備工場にてお取付ください。<br>◆海外製ですので必要に応じてコーキング処理を追加してください。<br>
◆説明書は付属いたしません。<br>
◆お車によっては加工が必要な場合がございます。<br>
◆車種対応については、グレードや年式によって適合が異なる場合がある為、<br>
必ずご購入前に現車にて形状・スペース・サイズのご確認の上、最終的な判断はお客様でお願いします。<br>
◆社外品の場合、純正品では御座いませんので完全一致にはなりません。<br>◆お客様御自身での取付作業によるいかなる損害も責任を負いかねますのでご了承ください。<br>
◆付属品以外を利用しての取付けは自己責任で行って下さい。<br>
予めご了承下さい。<br>・保証期間は商品発送日から７日間の初期不良のみです。<br>
・社外品となるため、1コマ以内のセンターズレが起こる場合が御座いますが、商品不良では御座いません。（センターズレが気になる場合は整備業者で調整(タイロッド調整)をご依頼下さい。※整備費用はご自身でご負担下さい。）<br>
・取付は安全にかかわる事ですので、必ず取付業者に委託をお願い致します。※取付後のトラブルは一切対応致しかねます。<br>",【送料無料】純正交換式 コンビステアリング スクラムワゴン DG17W H27/3～  ハンドル 黒木目 茶木目 ピアノブラック【コブ付き ガングリップ ノーマル スタンダード パンチングレザー 本革調 ウッド調 等多数有】：GREEN_Shop,送料無料HIDhidＨＩＤHIDフルキットHIDキットHID シングルキットHID キットリレーレス純正バルブHID H4hidフォグランプD2CH4HB455Wライトh3LED取り付け【送料無料】純正交換式 コンビステアリング スクラムワゴン DG17W H27/3～  ハンドル 黒木目 茶木目 ピアノブラック【コブ付き ガングリップ ノーマル スタンダード パンチングレザー 本革調 ウッド調 等多数有】,マツダ専用 コンビハンドル 本体 純正交換用 エアバッグ仕様可。【送料無料】純正交換式 コンビステアリング スクラムワゴン DG17W H27/3～  ハンドル 黒木目 茶木目 ピアノブラック【コブ付き ガングリップ ノーマル スタンダード パンチングレザー 本革調 ウッド調 等多数有】[rn]
19-62039,http://tshop.r10s.jp/auc-green/cabinet/img/str-032-j.jpg?fitin=700:700,12000.0000,,車用品・バイク用品 > カー用品 > 内装パーツ > ステアリング > ステアリング,純正交換式 コンビステアリング スクラムバン DG64V H17.9～ SCRUM ハンドル 茶木目 黒木目 ピアノブラック【コブ付き ガングリップ ノーマル スタンダード パンチングレザー 本革調 ウッド調 等多数有】,マツダ専用 コンビハンドル 本体 純正交換用 エアバッグ仕様可,"<img src=http://image.rakuten.co.jp/auc-green/cabinet/img/str-032-j.jpg width=300><br><img src=http://image.rakuten.co.jp/auc-green/cabinet/img/str-032-j_1.jpg width=300><br><img src=http://image.rakuten.co.jp/auc-green/cabinet/img/str-033-j.jpg width=300><br>【適合車種】<br>・メーカー：マツダ<br>・車種：スクラムバン<br>・型式：DG64V<br>・年式：H17.9～<br>・カラー：茶木目/黒木目/ピアノブラック<br>・車種(英語)：SCRUM<br><br>【商品説明】<br>純正交換式ステアリング<br>
純正と交換することによって、高級仕様に早変わり！<br><br>送料：送料無料 (沖縄・離島・一部地域は別途送料加算となります)<br><br>【注意事項】<br>
◆お客様都合による商品ページ未確認や商品加工後の返品・交換・キャンセルは一切行えません。<br>
◆輸入商品の為、すれ・傷等がある場合が御座います。<br>
◆モニターの環境によっては実際の商品と色見などが違う場合が御座います。<br>
◆商品仕様が予告なく変更される場合が御座います。<br>
◆交換等での工賃や車両の損害などはいかなる場合も保証対象外となります。<br>
◆必ず加工/取り付け前に動作確認をして下さい。<br>取付・加工後・脱着工賃・取付時の不備・過失傷害・水漏れ等は保証致しかねます。<br>
◆メーカー発注商品や姉妹店舗との共有在庫商品の場合、<br>
商品により納期にお時間を頂く場合やご注文のタイミングによって欠品となる可能性が御座います。<br>
お急ぎの方は事前に納期確認のご連絡を下さい。<br>
◆保証期間は商品発送日から7日間の初期不良のみです。お荷物送り状が保証書の代わりとなります。<br>
◆当店はお取り付けに関するサポートは行なっておりません。技術ある整備工場にてお取付ください。<br>◆海外製ですので必要に応じてコーキング処理を追加してください。<br>
◆説明書は付属いたしません。<br>
◆お車によっては加工が必要な場合がございます。<br>
◆車種対応については、グレードや年式によって適合が異なる場合がある為、<br>
必ずご購入前に現車にて形状・スペース・サイズのご確認の上、最終的な判断はお客様でお願いします。<br>
◆社外品の場合、純正品では御座いませんので完全一致にはなりません。<br>◆お客様御自身での取付作業によるいかなる損害も責任を負いかねますのでご了承ください。<br>
◆付属品以外を利用しての取付けは自己責任で行って下さい。<br>
予めご了承下さい。<br>・保証期間は商品発送日から７日間の初期不良のみです。<br>
・社外品となるため、1コマ以内のセンターズレが起こる場合が御座いますが、商品不良では御座いません。（センターズレが気になる場合は整備業者で調整(タイロッド調整)をご依頼下さい。※整備費用はご自身でご負担下さい。）<br>
・取付は安全にかかわる事ですので、必ず取付業者に委託をお願い致します。※取付後のトラブルは一切対応致しかねます。<br>",純正交換式 コンビステアリング スクラムバン DG64V H17.9～ SCRUM ハンドル 茶木目 黒木目 ピアノブラック【コブ付き ガングリップ ノーマル スタンダード パンチングレザー 本革調 ウッド調 等多数有】：GREEN_Shop,送料無料HIDhidＨＩＤHIDフルキットHIDキットHID シングルキットHID キットリレーレス純正バルブHID H4hidフォグランプD2CH4HB455Wライトh3LED取り付け純正交換式 コンビステアリング スクラムバン DG64V H17.9～ SCRUM ハンドル 茶木目 黒木目 ピアノブラック【コブ付き ガングリップ ノーマル スタンダード パンチングレザー 本革調 ウッド調 等多数有】,マツダ専用 コンビハンドル 本体 純正交換用 エアバッグ仕様可。純正交換式 コンビステアリング スクラムバン DG64V H17.9～ SCRUM ハンドル 茶木目 黒木目 ピアノブラック【コブ付き ガングリップ ノーマル スタンダード パンチングレザー 本革調 ウッド調 等多数有】[rn]
19-62040,http://tshop.r10s.jp/auc-green/cabinet/img/str-007-j.jpg?fitin=700:700,12000.0000,,車用品・バイク用品 > カー用品 > 内装パーツ > ステアリング > ステアリング,純正交換式 コンビステアリング ヴォクシー/VOXY 後期 AZR60系/AZR65G ハンドル 青ステッチ 赤ステッチ 茶木目 黒木目 ピアノブラック【コブ付き ガングリップ ノーマル スタンダード パンチングレザー 本革調 ウッド調 等多数有】,トヨタ専用 コンビハンドル 本体 純正交換用 エアバッグ仕様可,"<img src=http://image.rakuten.co.jp/auc-green/cabinet/img/str-007-j.jpg width=300><br><img src=http://image.rakuten.co.jp/auc-green/cabinet/img/str-007-j_1.jpg width=300><br><img src=http://image.rakuten.co.jp/auc-green/cabinet/img/str-008-j.jpg width=300><br>【適合車種】<br>・メーカー：トヨタ<br>・車種：ヴォクシー/VOXY(ボクシー) 後期<br>・型式：AZR60系/AZR65G<br>・年式：H16.8～H19.5<br>・備考：4本スポークタイプのみ適合。<br>・カラー：青ステッチ/赤ステッチ/茶木目/黒木目/ピアノブラック<br>・車種(英語)：VOXY<br><br>【商品説明】<br>純正交換式ステアリング<br>
純正と交換することによって、高級仕様に早変わり！<br><br>送料：送料無料 (沖縄・離島・一部地域は別途送料加算となります)<br><br>【注意事項】<br>
◆お客様都合による商品ページ未確認や商品加工後の返品・交換・キャンセルは一切行えません。<br>
◆輸入商品の為、すれ・傷等がある場合が御座います。<br>
◆モニターの環境によっては実際の商品と色見などが違う場合が御座います。<br>
◆商品仕様が予告なく変更される場合が御座います。<br>
◆交換等での工賃や車両の損害などはいかなる場合も保証対象外となります。<br>
◆必ず加工/取り付け前に動作確認をして下さい。<br>取付・加工後・脱着工賃・取付時の不備・過失傷害・水漏れ等は保証致しかねます。<br>
◆メーカー発注商品や姉妹店舗との共有在庫商品の場合、<br>
商品により納期にお時間を頂く場合やご注文のタイミングによって欠品となる可能性が御座います。<br>
お急ぎの方は事前に納期確認のご連絡を下さい。<br>
◆保証期間は商品発送日から7日間の初期不良のみです。お荷物送り状が保証書の代わりとなります。<br>
◆当店はお取り付けに関するサポートは行なっておりません。技術ある整備工場にてお取付ください。<br>◆海外製ですので必要に応じてコーキング処理を追加してください。<br>
◆説明書は付属いたしません。<br>
◆お車によっては加工が必要な場合がございます。<br>
◆車種対応については、グレードや年式によって適合が異なる場合がある為、<br>
必ずご購入前に現車にて形状・スペース・サイズのご確認の上、最終的な判断はお客様でお願いします。<br>
◆社外品の場合、純正品では御座いませんので完全一致にはなりません。<br>◆お客様御自身での取付作業によるいかなる損害も責任を負いかねますのでご了承ください。<br>
◆付属品以外を利用しての取付けは自己責任で行って下さい。<br>
予めご了承下さい。<br>・保証期間は商品発送日から７日間の初期不良のみです。<br>
・社外品となるため、1コマ以内のセンターズレが起こる場合が御座いますが、商品不良では御座いません。（センターズレが気になる場合は整備業者で調整(タイロッド調整)をご依頼下さい。※整備費用はご自身でご負担下さい。）<br>
・取付は安全にかかわる事ですので、必ず取付業者に委託をお願い致します。※取付後のトラブルは一切対応致しかねます。<br>",純正交換式 コンビステアリング ヴォクシー/VOXY 後期 AZR60系/AZR65G ハンドル 青ステッチ 赤ステッチ 茶木目 黒木目 ピアノブラック【コブ付き ガングリップ ノーマル スタンダード パンチングレザー 本革調 ウッド調 等多数有】：GREEN_Shop,送料無料HIDhidＨＩＤHIDフルキットHIDキットHID シングルキットHID キットリレーレス純正バルブHID H4hidフォグランプD2CH4HB455Wライトh3LED取り付け純正交換式 コンビステアリング ヴォクシー/VOXY 後期 AZR60系/AZR65G ハンドル 青ステッチ 赤ステッチ 茶木目 黒木目 ピアノブラック【コブ付き ガングリップ ノーマル スタンダード パンチングレザー 本革調 ウッド調 等多数有】,トヨタ専用 コンビハンドル 本体 純正交換用 エアバッグ仕様可。純正交換式 コンビステアリング ヴォクシー/VOXY 後期 AZR60系/AZR65G ハンドル 青ステッチ 赤ステッチ 茶木目 黒木目 ピアノブラック【コブ付き ガングリップ ノーマル スタンダード パンチングレザー 本革調 ウッド調 等多数有】[rn]
19-62041,http://tshop.r10s.jp/auc-green/cabinet/img/str-028-j.jpg?fitin=700:700,12000.0000,,車用品・バイク用品 > カー用品 > 内装パーツ > ステアリング > ステアリング,純正交換式 コンビステアリング ムーヴ(ムーブ/MOVE) L175S/L185S MOVE ハンドル 茶木目 黒木目 ピアノブラック 赤ステッチ【コブ付き ガングリップ ノーマル スタンダード パンチングレザー 本革調 ウッド調 等多数有】,ダイハツ専用 コンビハンドル 本体 純正交換用 エアバッグ仕様可,"<img src=http://image.rakuten.co.jp/auc-green/cabinet/img/str-028-j.jpg width=300><br><img src=http://image.rakuten.co.jp/auc-green/cabinet/img/str-028-j_1.jpg width=300><br><img src=http://image.rakuten.co.jp/auc-green/cabinet/img/str-029-j.jpg width=300><br>【適合車種】<br>・メーカー：ダイハツ<br>・車種：ムーヴ(ムーブ/MOVE)<br>・型式：L175S/L185S<br>・年式：H18.10～H20.11/H20.12～H22.11<br>・カラー：茶木目/黒木目/ピアノブラック/赤ステッチ<br>・車種(英語)：MOVE<br><br>【商品説明】<br>純正交換式ステアリング<br>
純正と交換することによって、高級仕様に早変わり！<br><br>送料：送料無料 (沖縄・離島・一部地域は別途送料加算となります)<br><br>【注意事項】<br>
◆お客様都合による商品ページ未確認や商品加工後の返品・交換・キャンセルは一切行えません。<br>
◆輸入商品の為、すれ・傷等がある場合が御座います。<br>
◆モニターの環境によっては実際の商品と色見などが違う場合が御座います。<br>
◆商品仕様が予告なく変更される場合が御座います。<br>
◆交換等での工賃や車両の損害などはいかなる場合も保証対象外となります。<br>
◆必ず加工/取り付け前に動作確認をして下さい。<br>取付・加工後・脱着工賃・取付時の不備・過失傷害・水漏れ等は保証致しかねます。<br>
◆メーカー発注商品や姉妹店舗との共有在庫商品の場合、<br>
商品により納期にお時間を頂く場合やご注文のタイミングによって欠品となる可能性が御座います。<br>
お急ぎの方は事前に納期確認のご連絡を下さい。<br>
◆保証期間は商品発送日から7日間の初期不良のみです。お荷物送り状が保証書の代わりとなります。<br>
◆当店はお取り付けに関するサポートは行なっておりません。技術ある整備工場にてお取付ください。<br>◆海外製ですので必要に応じてコーキング処理を追加してください。<br>
◆説明書は付属いたしません。<br>
◆お車によっては加工が必要な場合がございます。<br>
◆車種対応については、グレードや年式によって適合が異なる場合がある為、<br>
必ずご購入前に現車にて形状・スペース・サイズのご確認の上、最終的な判断はお客様でお願いします。<br>
◆社外品の場合、純正品では御座いませんので完全一致にはなりません。<br>◆お客様御自身での取付作業によるいかなる損害も責任を負いかねますのでご了承ください。<br>
◆付属品以外を利用しての取付けは自己責任で行って下さい。<br>
予めご了承下さい。<br>・保証期間は商品発送日から７日間の初期不良のみです。<br>
・社外品となるため、1コマ以内のセンターズレが起こる場合が御座いますが、商品不良では御座いません。（センターズレが気になる場合は整備業者で調整(タイロッド調整)をご依頼下さい。※整備費用はご自身でご負担下さい。）<br>
・取付は安全にかかわる事ですので、必ず取付業者に委託をお願い致します。※取付後のトラブルは一切対応致しかねます。<br>",純正交換式 コンビステアリング ムーヴ(ムーブ/MOVE) L175S/L185S MOVE ハンドル 茶木目 黒木目 ピアノブラック 赤ステッチ【コブ付き ガングリップ ノーマル スタンダード パンチングレザー 本革調 ウッド調 等多数有】：GREEN_Shop,送料無料HIDhidＨＩＤHIDフルキットHIDキットHID シングルキットHID キットリレーレス純正バルブHID H4hidフォグランプD2CH4HB455Wライトh3LED取り付け純正交換式 コンビステアリング ムーヴ(ムーブ/MOVE) L175S/L185S MOVE ハンドル 茶木目 黒木目 ピアノブラック 赤ステッチ【コブ付き ガングリップ ノーマル スタンダード パンチングレザー 本革調 ウッド調 等多数有】,ダイハツ専用 コンビハンドル 本体 純正交換用 エアバッグ仕様可。純正交換式 コンビステアリング ムーヴ(ムーブ/MOVE) L175S/L185S MOVE ハンドル 茶木目 黒木目 ピアノブラック 赤ステッチ【コブ付き ガングリップ ノーマル スタンダード パンチングレザー 本革調 ウッド調 等多数有】[rn]
19-62042,http://tshop.r10s.jp/cps-mm/cabinet/gt2/imgpersonalp002.jpg?fitin=700:700,22800.0000,,車用品・バイク用品 > カー用品 > 内装パーツ > ステアリング > ステアリング,personal パーソナル P002 POLE POSITION ポールポジション 350mm ステアリング,,"【日本正規品】
F1ワールドチャンピオンシップの歴史に残るパーソナル(personal)ブランド。
現在Nardi-Personal S.p.A.となり、コンペティションのパーソナル(Personal)として進化。
勝利するために最上級の素材と洗練されたデザインが注がれています。

【仕様】
（ホーンボタン付属）
グリップ：ブラックレザー、ブラックスウェード
シルバーロゴ刺繍
スポーク：ブラック
ホーンボタン：シルバーロゴ

※取り付けには、別途ボスキットが必要です。",personal パーソナル P002 POLE POSITION ポールポジション 350mm ステアリング：Car Parts Shop MM,ホイールバッテリー充電器カー用品オーディオスピーカーオイルナビゲーションプラグチェーンetcハーネス取付金具地デジドライブレコーダーTRD工具ツールセットオートエグゼMUGENNISMOpersonal パーソナル P002 POLE POSITION ポールポジション 350mm ステアリング,personal パーソナル P002 POLE POSITION ポールポジション 350mm ステアリング[rn]
19-62043,http://tshop.r10s.jp/cps-mm/cabinet/gt2/imgpersonalp051.jpg?fitin=700:700,22800.0000,,車用品・バイク用品 > カー用品 > 内装パーツ > ステアリング > ステアリング,personal パーソナル P051 TROPHY トロフィー 350mm ステアリング,,"【日本正規品】
F1ワールドチャンピオンシップの歴史に残るパーソナル(personal)ブランド。
現在Nardi-Personal S.p.A.となり、コンペティションのパーソナル(Personal)として進化。
勝利するために最上級の素材と洗練されたデザインが注がれています。

【仕様】
（ホーンボタン付属）
グリップ：ブラックレザー、ブラックスウェード
シルバーロゴ刺繍
スポーク：ブラック
ホーンボタン：シルバーロゴ

※取り付けには、別途ボスキットが必要です。",personal パーソナル P051 TROPHY トロフィー 350mm ステアリング：Car Parts Shop MM,ホイールバッテリー充電器カー用品オーディオスピーカーオイルナビゲーションプラグチェーンetcハーネス取付金具地デジドライブレコーダーTRD工具ツールセットオートエグゼMUGENNISMOpersonal パーソナル P051 TROPHY トロフィー 350mm ステアリング,personal パーソナル P051 TROPHY トロフィー 350mm ステアリング[rn]
19-62044,http://tshop.r10s.jp/cps-mm/cabinet/gt2/imgpersonalp024.jpg?fitin=700:700,21600.0000,,車用品・バイク用品 > カー用品 > 内装パーツ > ステアリング > ステアリング,personal パーソナル P024 NEO GRINTA ネオ グリンタ 330mm ステアリング,,"【日本正規品】
F1ワールドチャンピオンシップの歴史に残るパーソナル(personal)ブランド。
現在Nardi-Personal S.p.A.となり、コンペティションのパーソナル(Personal)として進化。
勝利するために最上級の素材と洗練されたデザインが注がれています。

【仕様】
（ホーンボタン付属）
グリップ：ブラックレザー、ブラックスウェード
シルバーロゴ刺繍
スポーク：ブラック
ホーンボタン：シルバーロゴ

※取り付けには、別途ボスキットが必要です。",personal パーソナル P024 NEO GRINTA ネオ グリンタ 330mm ステアリング：Car Parts Shop MM,ホイールバッテリー充電器カー用品オーディオスピーカーオイルナビゲーションプラグチェーンetcハーネス取付金具地デジドライブレコーダーTRD工具ツールセットオートエグゼMUGENNISMOpersonal パーソナル P024 NEO GRINTA ネオ グリンタ 330mm ステアリング,personal パーソナル P024 NEO GRINTA ネオ グリンタ 330mm ステアリング[rn]
19-62045,http://tshop.r10s.jp/cps-mm/cabinet/gt2/imgpersonalp025.jpg?fitin=700:700,21600.0000,,車用品・バイク用品 > カー用品 > 内装パーツ > ステアリング > ステアリング,personal パーソナル P025 NEO GRINTA ネオ グリンタ 350mm ステアリング,,"【日本正規品】
F1ワールドチャンピオンシップの歴史に残るパーソナル(personal)ブランド。
現在Nardi-Personal S.p.A.となり、コンペティションのパーソナル(Personal)として進化。
勝利するために最上級の素材と洗練されたデザインが注がれています。

【仕様】
（ホーンボタン付属）
グリップ：ブラックレザー、ブラックスウェード
シルバーロゴ刺繍
スポーク：ブラック
ホーンボタン：シルバーロゴ

※取り付けには、別途ボスキットが必要です。",personal パーソナル P025 NEO GRINTA ネオ グリンタ 350mm ステアリング：Car Parts Shop MM,ホイールバッテリー充電器カー用品オーディオスピーカーオイルナビゲーションプラグチェーンetcハーネス取付金具地デジドライブレコーダーTRD工具ツールセットオートエグゼMUGENNISMOpersonal パーソナル P025 NEO GRINTA ネオ グリンタ 350mm ステアリング,personal パーソナル P025 NEO GRINTA ネオ グリンタ 350mm ステアリング[rn]
19-62046,http://tshop.r10s.jp/cps-mm/cabinet/gt3/imgpersonalp071.jpg?fitin=700:700,12000.0000,,車用品・バイク用品 > カー用品 > 内装パーツ > ステアリング > ステアリング,personal パーソナル P071 BLITZ ブリッツ 330mm ステアリング,,"【日本正規品】
F1ワールドチャンピオンシップの歴史に残るパーソナル(personal)ブランド。
現在Nardi-Personal S.p.A.となり、コンペティションのパーソナル(Personal)として進化。
勝利するために最上級の素材と洗練されたデザインが注がれています。

【仕様】
（ホーンボタン付属）
グリップ：ブラックポリウレタン
スポーク：ブラックスポーク
ホーンボタン：イエローロゴ

※取り付けには、別途ボスキットが必要です。",personal パーソナル P071 BLITZ ブリッツ 330mm ステアリング：Car Parts Shop MM,ホイールバッテリー充電器カー用品オーディオスピーカーオイルナビゲーションプラグチェーンetcハーネス取付金具地デジドライブレコーダーTRD工具ツールセットオートエグゼMUGENNISMOpersonal パーソナル P071 BLITZ ブリッツ 330mm ステアリング,personal パーソナル P071 BLITZ ブリッツ 330mm ステアリング[rn]
19-62047,http://tshop.r10s.jp/cps-mm/cabinet/gt3/imgpersonalp072.jpg?fitin=700:700,12000.0000,,車用品・バイク用品 > カー用品 > 内装パーツ > ステアリング > ステアリング,personal パーソナル P072 BLITZ ブリッツ 350mm ステアリング,,"【日本正規品】
F1ワールドチャンピオンシップの歴史に残るパーソナル(personal)ブランド。
現在Nardi-Personal S.p.A.となり、コンペティションのパーソナル(Personal)として進化。
勝利するために最上級の素材と洗練されたデザインが注がれています。

【仕様】
（ホーンボタン付属）
グリップ：ブラックポリウレタン
スポーク：ブラックスポーク
ホーンボタン：イエローロゴ

※取り付けには、別途ボスキットが必要です。",personal パーソナル P072 BLITZ ブリッツ 350mm ステアリング：Car Parts Shop MM,ホイールバッテリー充電器カー用品オーディオスピーカーオイルナビゲーションプラグチェーンetcハーネス取付金具地デジドライブレコーダーTRD工具ツールセットオートエグゼMUGENNISMOpersonal パーソナル P072 BLITZ ブリッツ 350mm ステアリング,personal パーソナル P072 BLITZ ブリッツ 350mm ステアリング[rn]
19-62048,http://tshop.r10s.jp/cps-mm/cabinet/gt3/img0971003.jpg?fitin=700:700,41040.0000,,車用品・バイク用品 > カー用品 > 内装パーツ > ステアリング > ステアリング,ZERO SPORTS ゼロスポーツ 0971003 スポーツステアリングforBRZ BRZ(ZC6)/86(ZN6),,"・純正エアバック対応
・車検対応
・本革仕様
・ステアリング外径φ35
・握りやすいグリップ径 

■適合 
BRZ(ZC6)/86(ZN6) 
※適合につきましては、必ずメーカーサイトにてご確認ください。
※タイミングによっては、廃盤などにより商品をお届けできない場合がございますので、予めご了承ください。",ZERO SPORTS ゼロスポーツ 0971003 スポーツステアリングforBRZ BRZ(ZC6)/86(ZN6)：Car Parts Shop MM,ホイールバッテリー充電器カー用品オーディオスピーカーオイルナビゲーションプラグチェーンetcハーネス取付金具地デジドライブレコーダーTRD工具ツールセットオートエグゼMUGENNISMOZERO SPORTS ゼロスポーツ 0971003 スポーツステアリングforBRZ BRZ(ZC6)/86(ZN6),ZERO SPORTS ゼロスポーツ 0971003 スポーツステアリングforBRZ BRZ(ZC6)/86(ZN6)[rn]
19-62049,http://tshop.r10s.jp/cps-mm/cabinet/gt3/img45102-a240-re.jpg?fitin=700:700,35360.0000,,車用品・バイク用品 > カー用品 > 内装パーツ > ステアリング > ステアリング,D-SPORT 45102-A240-RE スポーツステアリング フルレザータイプ コペン、タント、ウェイク用,,"■特長
純正エアバッグを流用可能なスポーツステアリングです
グリップ径を純正よりも太くし、操作性を向上させています
純正比で10mm小径としながらもメーター視認性を損なわず下部をスポークギリギリまでカットすることにより、大腿部とのクリアランスも広げています

■適合
コペン LA400K 14.06～ 
タント LA600S / LA610S 13.10～ 
ウェイク LA700S / LA710S 14.11～",D-SPORT 45102-A240-RE スポーツステアリング フルレザータイプ コペン、タント、ウェイク用：Car Parts Shop MM,ホイールバッテリー充電器カー用品オーディオスピーカーオイルナビゲーションプラグチェーンetcハーネス取付金具地デジドライブレコーダーTRD工具ツールセットオートエグゼMUGENNISMOD-SPORT 45102-A240-RE スポーツステアリング フルレザータイプ コペン、タント、ウェイク用,D-SPORT 45102-A240-RE スポーツステアリング フルレザータイプ コペン、タント、ウェイク用[rn]
19-62050,http://tshop.r10s.jp/cps-mm/cabinet/gt3/img45102-a241-re.jpg?fitin=700:700,37400.0000,,車用品・バイク用品 > カー用品 > 内装パーツ > ステアリング > ステアリング,D-SPORT 45102-A241-RE スポーツステアリング ウルトラスエードタイプ コペン、タント、ウェイク用,,"■特長
純正エアバッグを流用可能なスポーツステアリングです
グリップ径を純正よりも太くし、操作性を向上させています
純正比で10mm小径としながらもメーター視認性を損なわず下部をスポークギリギリまでカットすることにより、大腿部とのクリアランスも広げています
ステッチはレッド×シルバーとし、レーシーな雰囲気だけでなく高級感も演出しました

■適合
コペン LA400K 14.06～ 
タント LA600S / LA610S 13.10～ 
ウェイク LA700S / LA710S 14.11～",D-SPORT 45102-A241-RE スポーツステアリング ウルトラスエードタイプ コペン、タント、ウェイク用：Car Parts Shop MM,ホイールバッテリー充電器カー用品オーディオスピーカーオイルナビゲーションプラグチェーンetcハーネス取付金具地デジドライブレコーダーTRD工具ツールセットオートエグゼMUGENNISMOD-SPORT 45102-A241-RE スポーツステアリング ウルトラスエードタイプ コペン、タント、ウェイク用,D-SPORT 45102-A241-RE スポーツステアリング ウルトラスエードタイプ コペン、タント、ウェイク用[rn]
19-62051,http://tshop.r10s.jp/cps-mm/cabinet/gt2/imgss358-m-nl.jpg?fitin=700:700,35760.0000,,車用品・バイク用品 > カー用品 > 内装パーツ > ステアリング > ステアリング,DAMD ダムド SS358-M ナッパレザー マツダ専用ステアリング,,"■適合
・車種：ROADSTER ロードスター
・型式：ND系
・年式：2015.5～

外径サイズを純正よりも小径化することで、クイックなレスポンスとリニアなドライブフィールを実現。高速走行時もステアリングが左右にブレにくくなります。
“手の平に馴染むフィット感”を追求したグリップ径は、純正よりも太めに設定し、凹凸のある立体造形で力が入り過ぎない、ストレスの無い握り心地を実現。
フラットボトム形状は見た目のスポーティーさに加えて、足下のスペースに余裕を与え、ゆとりあるアクセルワークをサポートします。
丹念に一本一本手縫いで仕上げたユーロステッチ。左右部パンチングレザーの切り返し。そして、上部に設けたダークレッドのセンターマークがスポーティーなコックピットを演出します。",DAMD ダムド SS358-M ナッパレザー マツダ専用ステアリング：Car Parts Shop MM,ホイールバッテリー充電器カー用品オーディオスピーカーオイルナビゲーションプラグチェーンetcハーネス取付金具地デジドライブレコーダーTRD工具ツールセットオートエグゼMUGENNISMODAMD ダムド SS358-M ナッパレザー マツダ専用ステアリング,DAMD ダムド SS358-M ナッパレザー マツダ専用ステアリング[rn]
19-62052,http://tshop.r10s.jp/cps-mm/cabinet/gt2/imgss358-m-ul.jpg?fitin=700:700,35760.0000,,車用品・バイク用品 > カー用品 > 内装パーツ > ステアリング > ステアリング,DAMD ダムド SS358-M ウルトラスエード マツダ専用ステアリング,,"■適合
・車種：ROADSTER ロードスター
・型式：ND系
・年式：2015.5～

外径サイズを純正よりも小径化することで、クイックなレスポンスとリニアなドライブフィールを実現。高速走行時もステアリングが左右にブレにくくなります。
“手の平に馴染むフィット感”を追求したグリップ径は、純正よりも太めに設定し、凹凸のある立体造形で力が入り過ぎない、ストレスの無い握り心地を実現。
フラットボトム形状は見た目のスポーティーさに加えて、足下のスペースに余裕を与え、ゆとりあるアクセルワークをサポートします。
丹念に一本一本手縫いで仕上げたユーロステッチ。左右部パンチングレザーの切り返し。そして、上部に設けたダークレッドのセンターマークがスポーティーなコックピットを演出します。",DAMD ダムド SS358-M ウルトラスエード マツダ専用ステアリング：Car Parts Shop MM,ホイールバッテリー充電器カー用品オーディオスピーカーオイルナビゲーションプラグチェーンetcハーネス取付金具地デジドライブレコーダーTRD工具ツールセットオートエグゼMUGENNISMODAMD ダムド SS358-M ウルトラスエード マツダ専用ステアリング,DAMD ダムド SS358-M ウルトラスエード マツダ専用ステアリング[rn]
19-62053,http://tshop.r10s.jp/cps-mm/cabinet/gt2/imgss360-m-nl.jpg?fitin=700:700,28560.0000,,車用品・バイク用品 > カー用品 > 内装パーツ > ステアリング > ステアリング,DAMD ダムド SS360-M ナッパレザー マツダ専用ステアリング,,"■適合
・車種：CX-3
・型式：DK系
・年式：2015.2～2016.10

・車種：CX-5
・型式：KE系
・年式：2012.2～

・車種：AXELA アクセラ
・型式：BM/BY系
・年式：2013.11～2016.6

・車種：DEMIO デミオ
・型式：DJ系
・年式：2014.9～2016.10

外径サイズを純正よりも小径化することで、クイックなレスポンスとリニアなドライブフィールを実現。高速走行時もステアリングが左右にブレにくくなります。
“手の平に馴染むフィット感”を追求したグリップ径は、純正よりも太めに設定し、凹凸のある立体造形で力が入り過ぎない、ストレスの無い握り心地を実現。
フラットボトム形状は見た目のスポーティーさに加えて、足下のスペースに余裕を与え、ゆとりあるアクセルワークをサポートします。
丹念に一本一本手縫いで仕上げたユーロステッチ。左右部パンチングレザーの切り返し。そして、上部に設けたダークレッドのセンターマークがスポーティーなコックピットを演出します。",DAMD ダムド SS360-M ナッパレザー マツダ専用ステアリング：Car Parts Shop MM,ホイールバッテリー充電器カー用品オーディオスピーカーオイルナビゲーションプラグチェーンetcハーネス取付金具地デジドライブレコーダーTRD工具ツールセットオートエグゼMUGENNISMODAMD ダムド SS360-M ナッパレザー マツダ専用ステアリング,DAMD ダムド SS360-M ナッパレザー マツダ専用ステアリング[rn]
19-62054,http://tshop.r10s.jp/cps-mm/cabinet/gt2/imgss360-m-ul.jpg?fitin=700:700,28560.0000,,車用品・バイク用品 > カー用品 > 内装パーツ > ステアリング > ステアリング,DAMD ダムド SS360-M ウルトラスエード マツダ専用ステアリング,,"■適合
・車種：CX-3
・型式：DK系
・年式：2015.2～2016.10

・車種：CX-5
・型式：KE系
・年式：2012.2～

・車種：AXELA アクセラ
・型式：BM/BY系
・年式：2013.11～2016.6

・車種：DEMIO デミオ
・型式：DJ系
・年式：2014.9～2016.10

外径サイズを純正よりも小径化することで、クイックなレスポンスとリニアなドライブフィールを実現。高速走行時もステアリングが左右にブレにくくなります。
“手の平に馴染むフィット感”を追求したグリップ径は、純正よりも太めに設定し、凹凸のある立体造形で力が入り過ぎない、ストレスの無い握り心地を実現。
フラットボトム形状は見た目のスポーティーさに加えて、足下のスペースに余裕を与え、ゆとりあるアクセルワークをサポートします。
丹念に一本一本手縫いで仕上げたユーロステッチ。左右部パンチングレザーの切り返し。そして、上部に設けたダークレッドのセンターマークがスポーティーなコックピットを演出します。",DAMD ダムド SS360-M ウルトラスエード マツダ専用ステアリング：Car Parts Shop MM,ホイールバッテリー充電器カー用品オーディオスピーカーオイルナビゲーションプラグチェーンetcハーネス取付金具地デジドライブレコーダーTRD工具ツールセットオートエグゼMUGENNISMODAMD ダムド SS360-M ウルトラスエード マツダ専用ステアリング,DAMD ダムド SS360-M ウルトラスエード マツダ専用ステアリング[rn]
19-62055,http://tshop.r10s.jp/cps-mm/cabinet/gt2/imgss365-m-nl.jpg?fitin=700:700,35760.0000,,車用品・バイク用品 > カー用品 > 内装パーツ > ステアリング > ステアリング,DAMD ダムド SS365-M ナッパレザー マツダ専用ステアリング,,"■適合
・車種：ATENZA アテンザ
・型式：GJ系
・年式：2012.11～2016.7

外径サイズを純正よりも小径化することで、クイックなレスポンスとリニアなドライブフィールを実現。高速走行時もステアリングが左右にブレにくくなります。
""手の平に馴染むフィット感""を追求したグリップ径は、純正よりも太めに設定し、凹凸のある立体造形で力が入り過ぎない、ストレスの無い握り心地を実現。
フラットボトム形状は見た目のスポーティーさに加えて、足下のスペースに余裕を与え、ゆとりあるアクセルワークをサポートします。
丹念に一本一本手縫いで仕上げたユーロステッチ。左右部パンチングレザーの切り返し。そして、上部に設けたダークレッドのセンターマークがスポーティーなコックピットを演出します。

バリエーションは、２種類。
高級欧州車にも使用されている滑らかな肌触りが特徴のナッパレザー。
スポーティーでさらっとした感触が特徴のウルトラスエード。",DAMD ダムド SS365-M ナッパレザー マツダ専用ステアリング：Car Parts Shop MM,ホイールバッテリー充電器カー用品オーディオスピーカーオイルナビゲーションプラグチェーンetcハーネス取付金具地デジドライブレコーダーTRD工具ツールセットオートエグゼMUGENNISMODAMD ダムド SS365-M ナッパレザー マツダ専用ステアリング,DAMD ダムド SS365-M ナッパレザー マツダ専用ステアリング[rn]
19-62056,http://tshop.r10s.jp/cps-mm/cabinet/gt2/imgss365-m-ul.jpg?fitin=700:700,35760.0000,,車用品・バイク用品 > カー用品 > 内装パーツ > ステアリング > ステアリング,DAMD ダムド SS365-M ウルトラスエード マツダ専用ステアリング,,"■適合
・車種：ATENZA アテンザ
・型式：GJ系
・年式：2012.11～2016.7

外径サイズを純正よりも小径化することで、クイックなレスポンスとリニアなドライブフィールを実現。高速走行時もステアリングが左右にブレにくくなります。
""手の平に馴染むフィット感""を追求したグリップ径は、純正よりも太めに設定し、凹凸のある立体造形で力が入り過ぎない、ストレスの無い握り心地を実現。
フラットボトム形状は見た目のスポーティーさに加えて、足下のスペースに余裕を与え、ゆとりあるアクセルワークをサポートします。
丹念に一本一本手縫いで仕上げたユーロステッチ。左右部パンチングレザーの切り返し。そして、上部に設けたダークレッドのセンターマークがスポーティーなコックピットを演出します。

バリエーションは、２種類。
高級欧州車にも使用されている滑らかな肌触りが特徴のナッパレザー。
スポーティーでさらっとした感触が特徴のウルトラスエード。",DAMD ダムド SS365-M ウルトラスエード マツダ専用ステアリング：Car Parts Shop MM,ホイールバッテリー充電器カー用品オーディオスピーカーオイルナビゲーションプラグチェーンetcハーネス取付金具地デジドライブレコーダーTRD工具ツールセットオートエグゼMUGENNISMODAMD ダムド SS365-M ウルトラスエード マツダ専用ステアリング,DAMD ダムド SS365-M ウルトラスエード マツダ専用ステアリング[rn]
19-62057,http://tshop.r10s.jp/cps-mm/cabinet/gt2/imgss362-rx-blre.jpg?fitin=700:700,35760.0000,,車用品・バイク用品 > カー用品 > 内装パーツ > ステアリング > ステアリング,DAMD ダムド SS362-RX ブラックレザー × レッドステッチ スバル車用ステアリング,,"■適合
・車種：LEGACY レガシィ
・型式：BS/BN
・アプライド：A～C
・年式：2014/10～

・車種：IMPREZA インプレッサ
・型式：GJ/GP
・アプライド：E～
・年式：2015/10～

・車種：SUBARU XV スバル XV
・型式：GJ/GP
・アプライド：E～
・年式：2015/10～

・車種：FORESTER フォレスター
・型式：SJ
・アプライド：D～
・年式：2015/11～

※年式はあくまでも参考年月日ですので、必ずアプライドモデルを確認してください。

・コーションプレートに記載されている「アプライドモデル番号」の4 桁目のアルファベットです。
・コーションプレートの位置は車種によって異なりますが、ほとんどの車両が「エンジンルーム内」か「助手席ドア開口時に見えるBピラー」に表示されております。 

待望のスバル新車種対応ステアリング

ダムド製ステアリングのコアコンセプトである ""小径＆太めグリップ"" を継承しながら、 より深化させたスポーツテイストとシティーユースの実用性を兼ね備えたこだわりのステアリングが完成。",DAMD ダムド SS362-RX ブラックレザー &times; レッドステッチ スバル車用ステアリング：Car Parts Shop MM,ホイールバッテリー充電器カー用品オーディオスピーカーオイルナビゲーションプラグチェーンetcハーネス取付金具地デジドライブレコーダーTRD工具ツールセットオートエグゼMUGENNISMODAMD ダムド SS362-RX ブラックレザー &times; レッドステッチ スバル車用ステアリング,DAMD ダムド SS362-RX ブラックレザー &times; レッドステッチ スバル車用ステアリング[rn]
19-62058,http://tshop.r10s.jp/cps-mm/cabinet/gt2/imgss362-rx-blgr.jpg?fitin=700:700,35760.0000,,車用品・バイク用品 > カー用品 > 内装パーツ > ステアリング > ステアリング,DAMD ダムド SS362-RX ブラックレザー × グレーステッチ スバル車用ステアリング,,"■適合
・車種：LEGACY レガシィ
・型式：BS/BN
・アプライド：A～C
・年式：2014/10～

・車種：IMPREZA インプレッサ
・型式：GJ/GP
・アプライド：E～
・年式：2015/10～

・車種：SUBARU XV スバル XV
・型式：GJ/GP
・アプライド：E～
・年式：2015/10～

・車種：FORESTER フォレスター
・型式：SJ
・アプライド：D～
・年式：2015/11～

※年式はあくまでも参考年月日ですので、必ずアプライドモデルを確認してください。

・コーションプレートに記載されている「アプライドモデル番号」の4 桁目のアルファベットです。
・コーションプレートの位置は車種によって異なりますが、ほとんどの車両が「エンジンルーム内」か「助手席ドア開口時に見えるBピラー」に表示されております。 

待望のスバル新車種対応ステアリング

ダムド製ステアリングのコアコンセプトである ""小径＆太めグリップ"" を継承しながら、 より深化させたスポーツテイストとシティーユースの実用性を兼ね備えたこだわりのステアリングが完成。",DAMD ダムド SS362-RX ブラックレザー &times; グレーステッチ スバル車用ステアリング：Car Parts Shop MM,ホイールバッテリー充電器カー用品オーディオスピーカーオイルナビゲーションプラグチェーンetcハーネス取付金具地デジドライブレコーダーTRD工具ツールセットオートエグゼMUGENNISMODAMD ダムド SS362-RX ブラックレザー &times; グレーステッチ スバル車用ステアリング,DAMD ダムド SS362-RX ブラックレザー &times; グレーステッチ スバル車用ステアリング[rn]
19-62059,http://tshop.r10s.jp/cps-mm/cabinet/gt2/imgss362-rx-blor.jpg?fitin=700:700,35760.0000,,車用品・バイク用品 > カー用品 > 内装パーツ > ステアリング > ステアリング,DAMD ダムド SS362-RX ブラックレザー × オレンジステッチ スバル車用ステアリング,,"■適合
・車種：LEGACY レガシィ
・型式：BS/BN
・アプライド：A～C
・年式：2014/10～

・車種：IMPREZA インプレッサ
・型式：GJ/GP
・アプライド：E～
・年式：2015/10～

・車種：SUBARU XV スバル XV
・型式：GJ/GP
・アプライド：E～
・年式：2015/10～

・車種：FORESTER フォレスター
・型式：SJ
・アプライド：D～
・年式：2015/11～

※年式はあくまでも参考年月日ですので、必ずアプライドモデルを確認してください。

・コーションプレートに記載されている「アプライドモデル番号」の4 桁目のアルファベットです。
・コーションプレートの位置は車種によって異なりますが、ほとんどの車両が「エンジンルーム内」か「助手席ドア開口時に見えるBピラー」に表示されております。 

待望のスバル新車種対応ステアリング

ダムド製ステアリングのコアコンセプトである ""小径＆太めグリップ"" を継承しながら、 より深化させたスポーツテイストとシティーユースの実用性を兼ね備えたこだわりのステアリングが完成。",DAMD ダムド SS362-RX ブラックレザー &times; オレンジステッチ スバル車用ステアリング：Car Parts Shop MM,ホイールバッテリー充電器カー用品オーディオスピーカーオイルナビゲーションプラグチェーンetcハーネス取付金具地デジドライブレコーダーTRD工具ツールセットオートエグゼMUGENNISMODAMD ダムド SS362-RX ブラックレザー &times; オレンジステッチ スバル車用ステアリング,DAMD ダムド SS362-RX ブラックレザー &times; オレンジステッチ スバル車用ステアリング[rn]
19-62060,http://tshop.r10s.jp/cps-mm/cabinet/gt2/imgss362-rx-ulre.jpg?fitin=700:700,35760.0000,,車用品・バイク用品 > カー用品 > 内装パーツ > ステアリング > ステアリング,DAMD ダムド SS362-RX ウルトラスエード × レッドステッチ スバル車用ステアリング,,"■適合
・車種：LEGACY レガシィ
・型式：BS/BN
・アプライド：A～C
・年式：2014/10～

・車種：IMPREZA インプレッサ
・型式：GJ/GP
・アプライド：E～
・年式：2015/10～

・車種：SUBARU XV スバル XV
・型式：GJ/GP
・アプライド：E～
・年式：2015/10～

・車種：FORESTER フォレスター
・型式：SJ
・アプライド：D～
・年式：2015/11～

※年式はあくまでも参考年月日ですので、必ずアプライドモデルを確認してください。

・コーションプレートに記載されている「アプライドモデル番号」の4 桁目のアルファベットです。
・コーションプレートの位置は車種によって異なりますが、ほとんどの車両が「エンジンルーム内」か「助手席ドア開口時に見えるBピラー」に表示されております。 

待望のスバル新車種対応ステアリング

ダムド製ステアリングのコアコンセプトである ""小径＆太めグリップ"" を継承しながら、 より深化させたスポーツテイストとシティーユースの実用性を兼ね備えたこだわりのステアリングが完成。",DAMD ダムド SS362-RX ウルトラスエード &times; レッドステッチ スバル車用ステアリング：Car Parts Shop MM,ホイールバッテリー充電器カー用品オーディオスピーカーオイルナビゲーションプラグチェーンetcハーネス取付金具地デジドライブレコーダーTRD工具ツールセットオートエグゼMUGENNISMODAMD ダムド SS362-RX ウルトラスエード &times; レッドステッチ スバル車用ステアリング,DAMD ダムド SS362-RX ウルトラスエード &times; レッドステッチ スバル車用ステアリング[rn]
19-62061,http://tshop.r10s.jp/cps-mm/cabinet/gt2/imgss362-rx-ulgr.jpg?fitin=700:700,35760.0000,,車用品・バイク用品 > カー用品 > 内装パーツ > ステアリング > ステアリング,DAMD ダムド SS362-RX ウルトラスエード × グレーステッチ スバル車用ステアリング,,"■適合
・車種：LEGACY レガシィ
・型式：BS/BN
・アプライド：A～C
・年式：2014/10～

・車種：IMPREZA インプレッサ
・型式：GJ/GP
・アプライド：E～
・年式：2015/10～

・車種：SUBARU XV スバル XV
・型式：GJ/GP
・アプライド：E～
・年式：2015/10～

・車種：FORESTER フォレスター
・型式：SJ
・アプライド：D～
・年式：2015/11～

※年式はあくまでも参考年月日ですので、必ずアプライドモデルを確認してください。

・コーションプレートに記載されている「アプライドモデル番号」の4 桁目のアルファベットです。
・コーションプレートの位置は車種によって異なりますが、ほとんどの車両が「エンジンルーム内」か「助手席ドア開口時に見えるBピラー」に表示されております。 

待望のスバル新車種対応ステアリング

ダムド製ステアリングのコアコンセプトである ""小径＆太めグリップ"" を継承しながら、 より深化させたスポーツテイストとシティーユースの実用性を兼ね備えたこだわりのステアリングが完成。",DAMD ダムド SS362-RX ウルトラスエード &times; グレーステッチ スバル車用ステアリング：Car Parts Shop MM,ホイールバッテリー充電器カー用品オーディオスピーカーオイルナビゲーションプラグチェーンetcハーネス取付金具地デジドライブレコーダーTRD工具ツールセットオートエグゼMUGENNISMODAMD ダムド SS362-RX ウルトラスエード &times; グレーステッチ スバル車用ステアリング,DAMD ダムド SS362-RX ウルトラスエード &times; グレーステッチ スバル車用ステアリング[rn]
19-62062,http://tshop.r10s.jp/cps-mm/cabinet/gt2/imgss362-rx-ulor.jpg?fitin=700:700,35760.0000,,車用品・バイク用品 > カー用品 > 内装パーツ > ステアリング > ステアリング,DAMD ダムド SS362-RX ウルトラスエード × オレンジステッチ スバル車用ステアリング,,"■適合
・車種：LEGACY レガシィ
・型式：BS/BN
・アプライド：A～C
・年式：2014/10～

・車種：IMPREZA インプレッサ
・型式：GJ/GP
・アプライド：E～
・年式：2015/10～

・車種：SUBARU XV スバル XV
・型式：GJ/GP
・アプライド：E～
・年式：2015/10～

・車種：FORESTER フォレスター
・型式：SJ
・アプライド：D～
・年式：2015/11～

※年式はあくまでも参考年月日ですので、必ずアプライドモデルを確認してください。

・コーションプレートに記載されている「アプライドモデル番号」の4 桁目のアルファベットです。
・コーションプレートの位置は車種によって異なりますが、ほとんどの車両が「エンジンルーム内」か「助手席ドア開口時に見えるBピラー」に表示されております。 

待望のスバル新車種対応ステアリング

ダムド製ステアリングのコアコンセプトである ""小径＆太めグリップ"" を継承しながら、 より深化させたスポーツテイストとシティーユースの実用性を兼ね備えたこだわりのステアリングが完成。",DAMD ダムド SS362-RX ウルトラスエード &times; オレンジステッチ スバル車用ステアリング：Car Parts Shop MM,ホイールバッテリー充電器カー用品オーディオスピーカーオイルナビゲーションプラグチェーンetcハーネス取付金具地デジドライブレコーダーTRD工具ツールセットオートエグゼMUGENNISMODAMD ダムド SS362-RX ウルトラスエード &times; オレンジステッチ スバル車用ステアリング,DAMD ダムド SS362-RX ウルトラスエード &times; オレンジステッチ スバル車用ステアリング[rn]
19-62063,http://tshop.r10s.jp/cps-mm/cabinet/gt2/imgss360-rs-reno.jpg?fitin=700:700,35760.0000,,車用品・バイク用品 > カー用品 > 内装パーツ > ステアリング > ステアリング,DAMD ダムド SS360-RS レッドステッチ グリップノーマル スバル車用ステアリング,,"■適合
・車種：WRX S4/STI
・型式：VAB/VAG
・アプライド：A～
・年式：2014/8～

・車種：LEVORG レボーグ
・型式：VMG/VM4
・アプライド：A～
・年式：2014/6～

※年式はあくまでも参考年月日ですので、必ずアプライドモデルを確認してください。

・コーションプレートに記載されている「アプライドモデル番号」の4 桁目のアルファベットです。
・コーションプレートの位置は車種によって異なりますが、ほとんどの車両が「エンジンルーム内」か「助手席ドア開口時に見えるBピラー」に表示されております。 

ラリー・ジムカーナ・ドリフト走行など、より積極的にステアリングホイールを操作するシーンにスポットを当てたアスリート系=真円デザインとなっています。

真円上部には、ステアリングの切れ角を視覚的にも把握できる様にセンターマークを配置。左右のグリップ部分は、エンボス加工を施し、より滑りにくく確実なグリップ操作を可能にします。

素材には滑りにくく耐久性の高い、独自のマット感が特徴な本革を使用し、外径は純正より小径な３６０φ真円形状として、操作性に優れたクイック且つリニアなレスポンスを体感して頂けます。",DAMD ダムド SS360-RS レッドステッチ グリップノーマル スバル車用ステアリング：Car Parts Shop MM,ホイールバッテリー充電器カー用品オーディオスピーカーオイルナビゲーションプラグチェーンetcハーネス取付金具地デジドライブレコーダーTRD工具ツールセットオートエグゼMUGENNISMODAMD ダムド SS360-RS レッドステッチ グリップノーマル スバル車用ステアリング,DAMD ダムド SS360-RS レッドステッチ グリップノーマル スバル車用ステアリング[rn]
19-62064,http://tshop.r10s.jp/cps-mm/cabinet/gt2/imgss360-rs-bluno.jpg?fitin=700:700,35760.0000,,車用品・バイク用品 > カー用品 > 内装パーツ > ステアリング > ステアリング,DAMD ダムド SS360-RS ブルーステッチ グリップノーマル スバル車用ステアリング,,"■適合
・車種：WRX S4/STI
・型式：VAB/VAG
・アプライド：A～
・年式：2014/8～

・車種：LEVORG レボーグ
・型式：VMG/VM4
・アプライド：A～
・年式：2014/6～

※年式はあくまでも参考年月日ですので、必ずアプライドモデルを確認してください。

・コーションプレートに記載されている「アプライドモデル番号」の4 桁目のアルファベットです。
・コーションプレートの位置は車種によって異なりますが、ほとんどの車両が「エンジンルーム内」か「助手席ドア開口時に見えるBピラー」に表示されております。 

ラリー・ジムカーナ・ドリフト走行など、より積極的にステアリングホイールを操作するシーンにスポットを当てたアスリート系=真円デザインとなっています。

真円上部には、ステアリングの切れ角を視覚的にも把握できる様にセンターマークを配置。左右のグリップ部分は、エンボス加工を施し、より滑りにくく確実なグリップ操作を可能にします。

素材には滑りにくく耐久性の高い、独自のマット感が特徴な本革を使用し、外径は純正より小径な３６０φ真円形状として、操作性に優れたクイック且つリニアなレスポンスを体感して頂けます。",DAMD ダムド SS360-RS ブルーステッチ グリップノーマル スバル車用ステアリング：Car Parts Shop MM,ホイールバッテリー充電器カー用品オーディオスピーカーオイルナビゲーションプラグチェーンetcハーネス取付金具地デジドライブレコーダーTRD工具ツールセットオートエグゼMUGENNISMODAMD ダムド SS360-RS ブルーステッチ グリップノーマル スバル車用ステアリング,DAMD ダムド SS360-RS ブルーステッチ グリップノーマル スバル車用ステアリング[rn]
19-62065,http://tshop.r10s.jp/cps-mm/cabinet/gt2/imgss360-rs-rena.jpg?fitin=700:700,35760.0000,,車用品・バイク用品 > カー用品 > 内装パーツ > ステアリング > ステアリング,DAMD ダムド SS360-RS レッドステッチ グリップナロー スバル車用ステアリング,,"■適合
・車種：WRX S4/STI
・型式：VAB/VAG
・アプライド：A～
・年式：2014/8～

・車種：LEVORG レボーグ
・型式：VMG/VM4
・アプライド：A～
・年式：2014/6～

※年式はあくまでも参考年月日ですので、必ずアプライドモデルを確認してください。

・コーションプレートに記載されている「アプライドモデル番号」の4 桁目のアルファベットです。
・コーションプレートの位置は車種によって異なりますが、ほとんどの車両が「エンジンルーム内」か「助手席ドア開口時に見えるBピラー」に表示されております。 

ラリー・ジムカーナ・ドリフト走行など、より積極的にステアリングホイールを操作するシーンにスポットを当てたアスリート系=真円デザインとなっています。

真円上部には、ステアリングの切れ角を視覚的にも把握できる様にセンターマークを配置。左右のグリップ部分は、エンボス加工を施し、より滑りにくく確実なグリップ操作を可能にします。

素材には滑りにくく耐久性の高い、独自のマット感が特徴な本革を使用し、外径は純正より小径な３６０φ真円形状として、操作性に優れたクイック且つリニアなレスポンスを体感して頂けます。",DAMD ダムド SS360-RS レッドステッチ グリップナロー スバル車用ステアリング：Car Parts Shop MM,ホイールバッテリー充電器カー用品オーディオスピーカーオイルナビゲーションプラグチェーンetcハーネス取付金具地デジドライブレコーダーTRD工具ツールセットオートエグゼMUGENNISMODAMD ダムド SS360-RS レッドステッチ グリップナロー スバル車用ステアリング,DAMD ダムド SS360-RS レッドステッチ グリップナロー スバル車用ステアリング[rn]
19-62066,http://tshop.r10s.jp/cps-mm/cabinet/gt2/imgss360-rs-bluna.jpg?fitin=700:700,35760.0000,,車用品・バイク用品 > カー用品 > 内装パーツ > ステアリング > ステアリング,DAMD ダムド SS360-RS ブルーステッチ グリップナロー スバル車用ステアリング,,"■適合
・車種：WRX S4/STI
・型式：VAB/VAG
・アプライド：A～
・年式：2014/8～

・車種：LEVORG レボーグ
・型式：VMG/VM4
・アプライド：A～
・年式：2014/6～

※年式はあくまでも参考年月日ですので、必ずアプライドモデルを確認してください。

・コーションプレートに記載されている「アプライドモデル番号」の4 桁目のアルファベットです。
・コーションプレートの位置は車種によって異なりますが、ほとんどの車両が「エンジンルーム内」か「助手席ドア開口時に見えるBピラー」に表示されております。 

ラリー・ジムカーナ・ドリフト走行など、より積極的にステアリングホイールを操作するシーンにスポットを当てたアスリート系=真円デザインとなっています。

真円上部には、ステアリングの切れ角を視覚的にも把握できる様にセンターマークを配置。左右のグリップ部分は、エンボス加工を施し、より滑りにくく確実なグリップ操作を可能にします。

素材には滑りにくく耐久性の高い、独自のマット感が特徴な本革を使用し、外径は純正より小径な３６０φ真円形状として、操作性に優れたクイック且つリニアなレスポンスを体感して頂けます。",DAMD ダムド SS360-RS ブルーステッチ グリップナロー スバル車用ステアリング：Car Parts Shop MM,ホイールバッテリー充電器カー用品オーディオスピーカーオイルナビゲーションプラグチェーンetcハーネス取付金具地デジドライブレコーダーTRD工具ツールセットオートエグゼMUGENNISMODAMD ダムド SS360-RS ブルーステッチ グリップナロー スバル車用ステアリング,DAMD ダムド SS360-RS ブルーステッチ グリップナロー スバル車用ステアリング[rn]
19-62067,http://tshop.r10s.jp/cps-mm/cabinet/gt2/imgss360-rs-ulrena.jpg?fitin=700:700,35760.0000,,車用品・バイク用品 > カー用品 > 内装パーツ > ステアリング > ステアリング,DAMD ダムド SS360-RS ウルトラスエード×レッドステッチ グリップナロー スバル車用ステアリング,,"■適合
・車種：WRX S4/STI
・型式：VAB/VAG
・アプライド：A～
・年式：2014/8～

・車種：LEVORG レボーグ
・型式：VMG/VM4
・アプライド：A～
・年式：2014/6～

※年式はあくまでも参考年月日ですので、必ずアプライドモデルを確認してください。

・コーションプレートに記載されている「アプライドモデル番号」の4 桁目のアルファベットです。
・コーションプレートの位置は車種によって異なりますが、ほとんどの車両が「エンジンルーム内」か「助手席ドア開口時に見えるBピラー」に表示されております。 

ラリー・ジムカーナ・ドリフト走行など、より積極的にステアリングホイールを操作するシーンにスポットを当てたアスリート系=真円デザインとなっています。

真円上部には、ステアリングの切れ角を視覚的にも把握できる様にセンターマークを配置。左右のグリップ部分は、エンボス加工を施し、より滑りにくく確実なグリップ操作を可能にします。

素材には滑りにくく耐久性の高い、独自のマット感が特徴な本革を使用し、外径は純正より小径な３６０φ真円形状として、操作性に優れたクイック且つリニアなレスポンスを体感して頂けます。",DAMD ダムド SS360-RS ウルトラスエード&times;レッドステッチ グリップナロー スバル車用ステアリング：Car Parts Shop MM,ホイールバッテリー充電器カー用品オーディオスピーカーオイルナビゲーションプラグチェーンetcハーネス取付金具地デジドライブレコーダーTRD工具ツールセットオートエグゼMUGENNISMODAMD ダムド SS360-RS ウルトラスエード&times;レッドステッチ グリップナロー スバル車用ステアリング,DAMD ダムド SS360-RS ウルトラスエード&times;レッドステッチ グリップナロー スバル車用ステアリング[rn]
19-62068,http://tshop.r10s.jp/cps-mm/cabinet/gt3/imgss360-rs-ulbluna.jpg?fitin=700:700,35760.0000,,車用品・バイク用品 > カー用品 > 内装パーツ > ステアリング > ステアリング,DAMD ダムド SS360-RS ウルトラスエード×ブルーステッチ グリップナロー スバル車用ステアリング,,"■適合
・車種：WRX S4/STI
・型式：VAB/VAG
・アプライド：A～
・年式：2014/8～

・車種：LEVORG レボーグ
・型式：VMG/VM4
・アプライド：A～
・年式：2014/6～

※年式はあくまでも参考年月日ですので、必ずアプライドモデルを確認してください。

・コーションプレートに記載されている「アプライドモデル番号」の4 桁目のアルファベットです。
・コーションプレートの位置は車種によって異なりますが、ほとんどの車両が「エンジンルーム内」か「助手席ドア開口時に見えるBピラー」に表示されております。 

ラリー・ジムカーナ・ドリフト走行など、より積極的にステアリングホイールを操作するシーンにスポットを当てたアスリート系=真円デザインとなっています。

真円上部には、ステアリングの切れ角を視覚的にも把握できる様にセンターマークを配置。左右のグリップ部分は、エンボス加工を施し、より滑りにくく確実なグリップ操作を可能にします。

素材には滑りにくく耐久性の高い、独自のマット感が特徴な本革を使用し、外径は純正より小径な３６０φ真円形状として、操作性に優れたクイック且つリニアなレスポンスを体感して頂けます。",DAMD ダムド SS360-RS ウルトラスエード&times;ブルーステッチ グリップナロー スバル車用ステアリング：Car Parts Shop MM,ホイールバッテリー充電器カー用品オーディオスピーカーオイルナビゲーションプラグチェーンetcハーネス取付金具地デジドライブレコーダーTRD工具ツールセットオートエグゼMUGENNISMODAMD ダムド SS360-RS ウルトラスエード&times;ブルーステッチ グリップナロー スバル車用ステアリング,DAMD ダムド SS360-RS ウルトラスエード&times;ブルーステッチ グリップナロー スバル車用ステアリング[rn]
19-62069,http://tshop.r10s.jp/cps-mm/cabinet/gt3/imgss360-rx-re.jpg?fitin=700:700,35760.0000,,車用品・バイク用品 > カー用品 > 内装パーツ > ステアリング > ステアリング,DAMD ダムド SS360-RX レッドステッチ スバル車用ステアリング,,"■適合
・車種：WRX S4/STI
・型式：VAB/VAG
・アプライド：A～
・年式：2014/8～

・車種：LEVORG レボーグ
・型式：VMG/VM4
・アプライド：A～
・年式：2014/6～

※年式はあくまでも参考年月日ですので、必ずアプライドモデルを確認してください。

・コーションプレートに記載されている「アプライドモデル番号」の4 桁目のアルファベットです。
・コーションプレートの位置は車種によって異なりますが、ほとんどの車両が「エンジンルーム内」か「助手席ドア開口時に見えるBピラー」に表示されております。 

ＧＴツーリング、高速サーキットなど高速域での走行にスポットを当て、路面からのインフォメーションをよりセンシティブに掌で感じることができる様、ステアリングホイール前面全周にわたり平面部を設けた新しいデザインとなっています。

左右のグリップ部は、エンボス加工と立体的なガングリップ形状として、握る位置により親指がしっかりとかかり、確実なグリップ感を得られます。

素材には滑りにくく耐久性の高い、独自のマット感が特徴な本革を使用し、外径は純正より小径としてクイック且つリニアなレスポンスを体感して頂けます。",DAMD ダムド SS360-RX レッドステッチ スバル車用ステアリング：Car Parts Shop MM,ホイールバッテリー充電器カー用品オーディオスピーカーオイルナビゲーションプラグチェーンetcハーネス取付金具地デジドライブレコーダーTRD工具ツールセットオートエグゼMUGENNISMODAMD ダムド SS360-RX レッドステッチ スバル車用ステアリング,DAMD ダムド SS360-RX レッドステッチ スバル車用ステアリング[rn]
19-62070,http://tshop.r10s.jp/cps-mm/cabinet/gt3/imgss360-rx-blu.jpg?fitin=700:700,35760.0000,,車用品・バイク用品 > カー用品 > 内装パーツ > ステアリング > ステアリング,DAMD ダムド SS360-RX ブルーステッチ スバル車用ステアリング,,"■適合
・車種：WRX S4/STI
・型式：VAB/VAG
・アプライド：A～
・年式：2014/8～

・車種：LEVORG レボーグ
・型式：VMG/VM4
・アプライド：A～
・年式：2014/6～

※年式はあくまでも参考年月日ですので、必ずアプライドモデルを確認してください。

・コーションプレートに記載されている「アプライドモデル番号」の4 桁目のアルファベットです。
・コーションプレートの位置は車種によって異なりますが、ほとんどの車両が「エンジンルーム内」か「助手席ドア開口時に見えるBピラー」に表示されております。 

ＧＴツーリング、高速サーキットなど高速域での走行にスポットを当て、路面からのインフォメーションをよりセンシティブに掌で感じることができる様、ステアリングホイール前面全周にわたり平面部を設けた新しいデザインとなっています。

左右のグリップ部は、エンボス加工と立体的なガングリップ形状として、握る位置により親指がしっかりとかかり、確実なグリップ感を得られます。

素材には滑りにくく耐久性の高い、独自のマット感が特徴な本革を使用し、外径は純正より小径としてクイック且つリニアなレスポンスを体感して頂けます。",DAMD ダムド SS360-RX ブルーステッチ スバル車用ステアリング：Car Parts Shop MM,ホイールバッテリー充電器カー用品オーディオスピーカーオイルナビゲーションプラグチェーンetcハーネス取付金具地デジドライブレコーダーTRD工具ツールセットオートエグゼMUGENNISMODAMD ダムド SS360-RX ブルーステッチ スバル車用ステアリング,DAMD ダムド SS360-RX ブルーステッチ スバル車用ステアリング[rn]
19-62071,http://tshop.r10s.jp/cps-mm/cabinet/gt2/imgnardin821.jpg?fitin=700:700,29440.0000,,車用品・バイク用品 > カー用品 > 内装パーツ > ステアリング > ステアリング,NARDI ナルディ N821 75th anniversary Line NARDI 1（ONE） METAL ブラックレザー/POLスポーク 350mm,【日本正規品】,"【日本正規品】
官能の哲学と機能美を追求した「75th anniversary Line」。
ラインナップは全6モデル。シンプル且つ機能美を追求した“NARDI1 (ONE)”と“NARDI 1(ONE) METAL”。センタースポークを2分割した大胆且つ美しいスポーク形状の“NARDI 4(FOUR) METAL”と“NARDI PASQUINO LEATHER(パスキーノレザー)。2006年にイタリアのスーパースポーツカー、パガーニ・ゾンタに採用されて話題を呼んだ“KALLISTA(カリスタ)”のレザーモデル“NARDI・KALLISTA LEATHER 35”と“NARDI KALLISTA METAL 35”。

クラシックカーから最新のスポーツカーまで、官能的なドライビングを求めるオーナーにNARDI「75th anniversary Line」をお届けします。

※取り付けには、別途ボスキットが必要です。",NARDI ナルディ N821 75th anniversary Line NARDI 1（ONE） METAL ブラックレザー/POLスポーク 350mm：Car Parts Shop MM,ホイールバッテリー充電器カー用品オーディオスピーカーオイルナビゲーションプラグチェーンetcハーネス取付金具地デジドライブレコーダーTRD工具ツールセットオートエグゼMUGENNISMONARDI ナルディ N821 75th anniversary Line NARDI 1（ONE） METAL ブラックレザー/POLスポーク 350mm,【日本正規品】。NARDI ナルディ N821 75th anniversary Line NARDI 1（ONE） METAL ブラックレザー/POLスポーク 350mm[rn]
19-62072,http://tshop.r10s.jp/hotroadparts/cabinet/1605/7160524922_1.jpg?fitin=700:700,1136.0000,,車用品・バイク用品 > カー用品 > 内装パーツ > フロアマット > その他,シーエー：フロアーマット ピタマット 黒 ブラック Mサイズ 450×600mm/M-718,ズレにくいシートで乗り降り楽々!,ズレにくいピタマット!!<br><br>PVC発砲素材でズレを防ぎます。<br><br>製品サイズと車内のスペースをお調べ頂いてからご購入をお願い致します。<br><br>【製品サイズ】<br>Mサイズ約(450×600mm)<br><br>【メーカー】<br>シーエー産商<br><br>【素材】<br>表:ポリエステル100%<br>裏:PVC発砲樹脂100%<br><br>,シーエー：フロアーマット ピタマット 黒 ブラック Mサイズ 450&times;600mm/M-718：カー用品通販のホットロードパーツ,シーエー：フロアーマット ピタマット 黒 ブラック Mサイズ 450&times;600mm/M-718,ズレにくいシートで乗り降り楽々!。シーエー：フロアーマット ピタマット 黒 ブラック Mサイズ 450&times;600mm/M-718[rn]
19-62073,http://tshop.r10s.jp/hotroadparts/cabinet/1605/7160524930_1.jpg?fitin=700:700,432.0000,,車用品・バイク用品 > カー用品 > 内装パーツ > フロアマット > その他,シーエー：フロアーマット カーマット 車 ヘリンボン 450×400mm/M-772,,車内用フロアーマット。<br><br>製品サイズと車内のスペースをお調べ頂いてからご購入をお願い致します。<br><br>【製品サイズ】<br>約(横450×縦400mm)<br><br>【メーカー】<br>シーエー産商<br><br><br>,シーエー：フロアーマット カーマット 車 ヘリンボン 450&times;400mm/M-772：カー用品通販のホットロードパーツ,シーエー：フロアーマット カーマット 車 ヘリンボン 450&times;400mm/M-772,シーエー：フロアーマット カーマット 車 ヘリンボン 450&times;400mm/M-772[rn]
19-62074,http://tshop.r10s.jp/hotroadparts/cabinet/1605/7160524931_1.jpg?fitin=700:700,1088.0000,,車用品・バイク用品 > カー用品 > 内装パーツ > フロアマット > その他,シーエー：フロアーマット カーマット 車 フロント リア 450×590mm ベージュ/M-834,,車内用フロアーマット。<br><br>製品サイズと車内のスペースをお調べ頂いてからご購入をお願い致します。<br><br>【製品サイズ】<br>約(横450×縦590mm)<br><br>【品質】<br>(表)ポリエステル<br>(中)低反発ポリウレタン<br>(裏)SBR<br><br>【メーカー】<br>シーエー産商<br><br><br>,シーエー：フロアーマット カーマット 車 フロント リア 450&times;590mm ベージュ/M-834：カー用品通販のホットロードパーツ,シーエー：フロアーマット カーマット 車 フロント リア 450&times;590mm ベージュ/M-834,シーエー：フロアーマット カーマット 車 フロント リア 450&times;590mm ベージュ/M-834[rn]
19-62075,http://tshop.r10s.jp/hotroadparts/cabinet/1605/7160524928_1.jpg?fitin=700:700,368.0000,,車用品・バイク用品 > カー用品 > 内装パーツ > フロアマット > その他,シーエー：フロアーマット カーマット 車 チェック 450×400mm/M-759,,車内用フロアーマット。<br><br>製品サイズと車内のスペースをお調べ頂いてからご購入をお願い致します。<br><br>【製品サイズ】<br>約(横450×縦400mm)<br><br>【メーカー】<br>シーエー産商<br><br><br>,シーエー：フロアーマット カーマット 車 チェック 450&times;400mm/M-759：カー用品通販のホットロードパーツ,シーエー：フロアーマット カーマット 車 チェック 450&times;400mm/M-759,シーエー：フロアーマット カーマット 車 チェック 450&times;400mm/M-759[rn]
19-62076,http://tshop.r10s.jp/1boxcar/cabinet/coleman1105/0001302004.jpg?fitin=700:700,42560.0000,,車用品・バイク用品 > カー用品 > 内装パーツ > フロアマット > その他,【ギャルソン】【ＤＡＤ】【ハイエース２００系専用マット】ラティスモノグラムデザインオプションマット　リムジンマット【RCP】,受注生産品。メーカー取り寄せとなります。,"ジャンル：マット<br>
メーカー：ギャルソン<br>
ブランド：ＤＡＤ<br>
詳細：※この商品は、車種別専用設計となっております。<br>
ご注文の前にかならず、お問い合わせをお願いします。<br>
受注生産品ですので、返品はできません。<br>
適合しない車種もございます。<br>
予めご了承ください。<br>
備考：リムジンマット<br>
※メーカー取り寄せ品です。<br>
ご注文後、メールにて納期をご連絡いたします。<br>
お急ぎの場合等は、事前にお問い合わせください。<br>",【ギャルソン】【ＤＡＤ】【ハイエース２００系専用マット】ラティスモノグラムデザインオプションマット　リムジンマット【RCP】：カー用品・家電通販の1BOX,カー用品販売通販1boxアルファードエルグランドハイエースカーライフarwinアーウィンポータブルＤＶＤプレイヤー【ギャルソン】【ＤＡＤ】【ハイエース２００系専用マット】ラティスモノグラムデザインオプションマット　リムジンマット【RCP】,受注生産品。メーカー取り寄せとなります。。【ギャルソン】【ＤＡＤ】【ハイエース２００系専用マット】ラティスモノグラムデザインオプションマット　リムジンマット【RCP】[rn]
19-62077,http://tshop.r10s.jp/1boxcar/cabinet/coleman1105/0001302004.jpg?fitin=700:700,26600.8000,,車用品・バイク用品 > カー用品 > 内装パーツ > フロアマット > その他,【ギャルソン】【ＤＡＤ】【マット】ラティスモノグラムデザインマット　ＫＤＨ／ＴＲＨ２００系　２列目のみ　ノーマルレール用【RCP】,受注生産品。メーカー取り寄せとなります。,"ジャンル：マット<br>
メーカー：ギャルソン<br>
ブランド：ＤＡＤ<br>
詳細：※この商品は、車種別専用設計となっております。<br>
ご注文の前にかならず、お問い合わせをお願いします。<br>
受注生産品ですので、返品はできません。<br>
適合しない車種もございます。<br>
予めご了承ください。<br>
備考：ＫＤＨ／ＴＲＨ２００系　２列目のみ　ノーマルレール用<br>
※メーカー取り寄せ品です。<br>
ご注文後、メールにて納期をご連絡いたします。<br>
お急ぎの場合等は、事前にお問い合わせください。<br>",【ギャルソン】【ＤＡＤ】【マット】ラティスモノグラムデザインマット　ＫＤＨ／ＴＲＨ２００系　２列目のみ　ノーマルレール用【RCP】：カー用品・家電通販の1BOX,カー用品販売通販1boxアルファードエルグランドハイエースカーライフarwinアーウィンポータブルＤＶＤプレイヤー【ギャルソン】【ＤＡＤ】【マット】ラティスモノグラムデザインマット　ＫＤＨ／ＴＲＨ２００系　２列目のみ　ノーマルレール用【RCP】,受注生産品。メーカー取り寄せとなります。。【ギャルソン】【ＤＡＤ】【マット】ラティスモノグラムデザインマット　ＫＤＨ／ＴＲＨ２００系　２列目のみ　ノーマルレール用【RCP】[rn]
19-62078,http://tshop.r10s.jp/1boxcar/cabinet/coleman1105/0001302004.jpg?fitin=700:700,49400.8000,,車用品・バイク用品 > カー用品 > 内装パーツ > フロアマット > その他,【ギャルソン】【ＤＡＤ】【２００系ハイエース専用マット】ラティスモノグラムデザインマット　ＫＤＨ／ＴＲＨ２００系　１台分　ノーマルレール用【RCP】,受注生産品。メーカー取り寄せとなります。,"ジャンル：マット<br>
メーカー：ギャルソン<br>
ブランド：ＤＡＤ<br>
詳細：※この商品は、車種別専用設計となっております。<br>
ご注文の前にかならず、お問い合わせをお願いします。<br>
受注生産品ですので、返品はできません。<br>
適合しない車種もございます。<br>
予めご了承ください。<br>
備考：ＫＤＨ／ＴＲＨ２００系　１台分　ノーマルレール用<br>
※メーカー取り寄せ品です。<br>
ご注文後、メールにて納期をご連絡いたします。<br>
お急ぎの場合等は、事前にお問い合わせください。<br>",【ギャルソン】【ＤＡＤ】【２００系ハイエース専用マット】ラティスモノグラムデザインマット　ＫＤＨ／ＴＲＨ２００系　１台分　ノーマルレール用【RCP】：カー用品・家電通販の1BOX,カー用品販売通販1boxアルファードエルグランドハイエースカーライフarwinアーウィンポータブルＤＶＤプレイヤー【ギャルソン】【ＤＡＤ】【２００系ハイエース専用マット】ラティスモノグラムデザインマット　ＫＤＨ／ＴＲＨ２００系　１台分　ノーマルレール用【RCP】,受注生産品。メーカー取り寄せとなります。。【ギャルソン】【ＤＡＤ】【２００系ハイエース専用マット】ラティスモノグラムデザインマット　ＫＤＨ／ＴＲＨ２００系　１台分　ノーマルレール用【RCP】[rn]
19-62079,http://tshop.r10s.jp/1boxcar/cabinet/coleman1105/0001302004.jpg?fitin=700:700,24320.0000,,車用品・バイク用品 > カー用品 > 内装パーツ > フロアマット > その他,【ギャルソン】【ＤＡＤ】【２００系ハイエース専用マット】ラティスモノグラムデザインマット　ＫＤＨ／ＴＲＨ２００系　１列目のみ　ノーマルレール用【RCP】,受注生産品。メーカー取り寄せとなります。,"ジャンル：マット<br>
メーカー：ギャルソン<br>
ブランド：ＤＡＤ<br>
詳細：※この商品は、車種別専用設計となっております。<br>
ご注文の前にかならず、お問い合わせをお願いします。<br>
受注生産品ですので、返品はできません。<br>
適合しない車種もございます。<br>
予めご了承ください。<br>
備考：ＫＤＨ／ＴＲＨ２００系　１列目のみ　ノーマルレール用<br>
※メーカー取り寄せ品です。<br>
ご注文後、メールにて納期をご連絡いたします。<br>
お急ぎの場合等は、事前にお問い合わせください。<br>",【ギャルソン】【ＤＡＤ】【２００系ハイエース専用マット】ラティスモノグラムデザインマット　ＫＤＨ／ＴＲＨ２００系　１列目のみ　ノーマルレール用【RCP】：カー用品・家電通販の1BOX,カー用品販売通販1boxアルファードエルグランドハイエースカーライフarwinアーウィンポータブルＤＶＤプレイヤー【ギャルソン】【ＤＡＤ】【２００系ハイエース専用マット】ラティスモノグラムデザインマット　ＫＤＨ／ＴＲＨ２００系　１列目のみ　ノーマルレール用【RCP】,受注生産品。メーカー取り寄せとなります。。【ギャルソン】【ＤＡＤ】【２００系ハイエース専用マット】ラティスモノグラムデザインマット　ＫＤＨ／ＴＲＨ２００系　１列目のみ　ノーマルレール用【RCP】[rn]
19-62080,http://tshop.r10s.jp/1boxcar/cabinet/coleman1105/0001302004.jpg?fitin=700:700,28000.0000,,車用品・バイク用品 > カー用品 > 内装パーツ > フロアマット > その他,【ギャルソン】【ＤＡＤ】【マット】ラティスモノグラムデザインマット　１台分／サイズ：Ｍ【RCP】,受注生産品。メーカー取り寄せとなります。,"ジャンル：マット<br>
メーカー：ギャルソン<br>
ブランド：ＤＡＤ<br>
詳細：※この商品は、車種別専用設計となっております。<br>
ご注文の前にかならず、お問い合わせをお願いします。<br>
受注生産品ですので、返品はできません。<br>
適合しない車種もございます。<br>
予めご了承ください。<br>

備考：１台分／サイズ：Ｍ<br>
※メーカー取り寄せ品です。<br>
ご注文後、メールにて納期をご連絡いたします。<br>
お急ぎの場合等は、事前にお問い合わせください。<br>",【ギャルソン】【ＤＡＤ】【マット】ラティスモノグラムデザインマット　１台分／サイズ：Ｍ【RCP】：カー用品・家電通販の1BOX,カー用品販売通販1boxアルファードエルグランドハイエースカーライフarwinアーウィンポータブルＤＶＤプレイヤー【ギャルソン】【ＤＡＤ】【マット】ラティスモノグラムデザインマット　１台分／サイズ：Ｍ【RCP】,受注生産品。メーカー取り寄せとなります。。【ギャルソン】【ＤＡＤ】【マット】ラティスモノグラムデザインマット　１台分／サイズ：Ｍ【RCP】[rn]
19-62081,http://tshop.r10s.jp/1boxcar/cabinet/coleman1105/0001302030.jpg?fitin=700:700,20520.8000,,車用品・バイク用品 > カー用品 > 内装パーツ > フロアマット > その他,【ギャルソン】【ＤＡＤ】【ハイエース２００系専用マット】ラティスモノグラムデザインオプションマット　カーゴマット【RCP】,受注生産品。メーカー取り寄せとなります。,"ジャンル：マット<br>
メーカー：ギャルソン<br>
ブランド：ＤＡＤ<br>
詳細：※この商品は、車種別専用設計となっております。<br>
ご注文の前にかならず、お問い合わせをお願いします。<br>
受注生産品ですので、返品はできません。<br>
適合しない車種もございます。<br>
予めご了承ください。<br>
備考：カーゴマット<br>
※メーカー取り寄せ品です。<br>
ご注文後、メールにて納期をご連絡いたします。<br>
お急ぎの場合等は、事前にお問い合わせください。<br>",【ギャルソン】【ＤＡＤ】【ハイエース２００系専用マット】ラティスモノグラムデザインオプションマット　カーゴマット【RCP】：カー用品・家電通販の1BOX,カー用品販売通販1boxアルファードエルグランドハイエースカーライフarwinアーウィンポータブルＤＶＤプレイヤー【ギャルソン】【ＤＡＤ】【ハイエース２００系専用マット】ラティスモノグラムデザインオプションマット　カーゴマット【RCP】,受注生産品。メーカー取り寄せとなります。。【ギャルソン】【ＤＡＤ】【ハイエース２００系専用マット】ラティスモノグラムデザインオプションマット　カーゴマット【RCP】[rn]
19-62082,http://tshop.r10s.jp/1boxcar/cabinet/coleman1105/0001302004.jpg?fitin=700:700,36000.0000,,車用品・バイク用品 > カー用品 > 内装パーツ > フロアマット > その他,【ギャルソン】【ＤＡＤ】【マット】ラティスモノグラムデザインマット　１台分／サイズ：Ｌ【RCP】,受注生産品。メーカー取り寄せとなります。,"ジャンル：マット<br>
メーカー：ギャルソン<br>
ブランド：ＤＡＤ<br>
詳細：※この商品は、車種別専用設計となっております。<br>
ご注文の前にかならず、お問い合わせをお願いします。<br>
受注生産品ですので、返品はできません。<br>
予めご了承ください。
備考：１台分／サイズ：Ｌ<br>
※メーカー取り寄せ品です。<br>
ご注文後、メールにて納期をご連絡いたします。<br>
お急ぎの場合等は、事前にお問い合わせください。<br>",【ギャルソン】【ＤＡＤ】【マット】ラティスモノグラムデザインマット　１台分／サイズ：Ｌ【RCP】：カー用品・家電通販の1BOX,カー用品販売通販1boxアルファードエルグランドハイエースカーライフarwinアーウィンポータブルＤＶＤプレイヤー【ギャルソン】【ＤＡＤ】【マット】ラティスモノグラムデザインマット　１台分／サイズ：Ｌ【RCP】,受注生産品。メーカー取り寄せとなります。。【ギャルソン】【ＤＡＤ】【マット】ラティスモノグラムデザインマット　１台分／サイズ：Ｌ【RCP】[rn]
19-62083,http://tshop.r10s.jp/1boxcar/cabinet/coleman1105/0001302004.jpg?fitin=700:700,17480.8000,,車用品・バイク用品 > カー用品 > 内装パーツ > フロアマット > その他,【ギャルソン】【ＤＡＤ】【マット】ラティスモノグラムデザインマット　３列目のみ／サイズ：ＸＬ【RCP】,受注生産品。メーカー取り寄せとなります。,"ジャンル：マット<br>
メーカー：ギャルソン<br>
ブランド：ＤＡＤ<br>
詳細：※この商品は、車種別専用設計となっております。<br>
ご注文の前にかならず、お問い合わせをお願いします。<br>
受注生産品ですので、返品はできません。<br>
適合しない車種もございます。<br>
予めご了承ください。<br>
備考：３列目のみ／サイズ：ＸＬ<br>
※メーカー取り寄せ品です。<br>
ご注文後、メールにて納期をご連絡いたします。<br>
お急ぎの場合等は、事前にお問い合わせください。<br>",【ギャルソン】【ＤＡＤ】【マット】ラティスモノグラムデザインマット　３列目のみ／サイズ：ＸＬ【RCP】：カー用品・家電通販の1BOX,カー用品販売通販1boxアルファードエルグランドハイエースカーライフarwinアーウィンポータブルＤＶＤプレイヤー【ギャルソン】【ＤＡＤ】【マット】ラティスモノグラムデザインマット　３列目のみ／サイズ：ＸＬ【RCP】,受注生産品。メーカー取り寄せとなります。。【ギャルソン】【ＤＡＤ】【マット】ラティスモノグラムデザインマット　３列目のみ／サイズ：ＸＬ【RCP】[rn]
19-62084,http://tshop.r10s.jp/1boxcar/cabinet/coleman1105/0001302031.jpg?fitin=700:700,42560.0000,,車用品・バイク用品 > カー用品 > 内装パーツ > フロアマット > その他,【ギャルソン】【ＤＡＤ】【ハイエース２００系専用マット】ラティスモノグラムデザインオプションマット　ラゲッジマット【RCP】,受注生産品。メーカー取り寄せとなります。,"ジャンル：マット<br>
メーカー：ギャルソン<br>
ブランド：ＤＡＤ<br>
詳細：※この商品は、車種別専用設計となっております。<br>
ご注文の前にかならず、お問い合わせをお願いします。<br>
受注生産品ですので、返品はできません。<br>
適合しない車種もございます。<br>
予めご了承ください。<br>

備考：ラゲッジマット<br>
※メーカー取り寄せ品です。<br>
ご注文後、メールにて納期をご連絡いたします。<br>
お急ぎの場合等は、事前にお問い合わせください。<br>",【ギャルソン】【ＤＡＤ】【ハイエース２００系専用マット】ラティスモノグラムデザインオプションマット　ラゲッジマット【RCP】：カー用品・家電通販の1BOX,カー用品販売通販1boxアルファードエルグランドハイエースカーライフarwinアーウィンポータブルＤＶＤプレイヤー【ギャルソン】【ＤＡＤ】【ハイエース２００系専用マット】ラティスモノグラムデザインオプションマット　ラゲッジマット【RCP】,受注生産品。メーカー取り寄せとなります。。【ギャルソン】【ＤＡＤ】【ハイエース２００系専用マット】ラティスモノグラムデザインオプションマット　ラゲッジマット【RCP】[rn]
19-62085,http://tshop.r10s.jp/1boxcar/cabinet/coleman1105/0001302004.jpg?fitin=700:700,23200.0000,,車用品・バイク用品 > カー用品 > 内装パーツ > フロアマット > その他,【ギャルソン】【ＤＡＤ】【マット】ラティスモノグラムデザインマット　１列のみ／サイズ：ＸＬ【RCP】,受注生産品。メーカー取り寄せとなります。,"ジャンル：マット<br>
メーカー：ギャルソン<br>
ブランド：ＤＡＤ<br>
詳細：※この商品は、車種別専用設計となっております。<br>
ご注文の前にかならず、お問い合わせをお願いします。<br>
受注生産品ですので、返品はできません。<br>
適合しない車種もございます。<br>
予めご了承ください。<br>
備考：１列目のみ／サイズ：ＸＬ<br>
※メーカー取り寄せ品です。<br>
ご注文後、メールにて納期をご連絡いたします。<br>
お急ぎの場合等は、事前にお問い合わせください。<br>",【ギャルソン】【ＤＡＤ】【マット】ラティスモノグラムデザインマット　１列のみ／サイズ：ＸＬ【RCP】：カー用品・家電通販の1BOX,カー用品販売通販1boxアルファードエルグランドハイエースカーライフarwinアーウィンポータブルＤＶＤプレイヤー【ギャルソン】【ＤＡＤ】【マット】ラティスモノグラムデザインマット　１列のみ／サイズ：ＸＬ【RCP】,受注生産品。メーカー取り寄せとなります。。【ギャルソン】【ＤＡＤ】【マット】ラティスモノグラムデザインマット　１列のみ／サイズ：ＸＬ【RCP】[rn]
19-62086,http://tshop.r10s.jp/1boxcar/cabinet/coleman1105/0001302004.jpg?fitin=700:700,15200.0000,,車用品・バイク用品 > カー用品 > 内装パーツ > フロアマット > その他,【ギャルソン】【ＤＡＤ】【マット】ラティスモノグラムデザインマット　２列目のみ／サイズ：Ｌ【RCP】,受注生産品。メーカー取り寄せとなります。,"ジャンル：マット<br>
メーカー：ギャルソン<br>
ブランド：ＤＡＤ<br>
詳細：※この商品は、車種別専用設計となっております。<br>
ご注文の前にかならず、お問い合わせをお願いします。<br>
受注生産品ですので、返品はできません。<br>
適合しない車種もございます。<br>
予めご了承ください。<br>
備考：２列目のみ／サイズ：Ｌ<br>
※メーカー取り寄せ品です。<br>
ご注文後、メールにて納期をご連絡いたします。<br>
お急ぎの場合等は、事前にお問い合わせください。<br>",【ギャルソン】【ＤＡＤ】【マット】ラティスモノグラムデザインマット　２列目のみ／サイズ：Ｌ【RCP】：カー用品・家電通販の1BOX,カー用品販売通販1boxアルファードエルグランドハイエースカーライフarwinアーウィンポータブルＤＶＤプレイヤー【ギャルソン】【ＤＡＤ】【マット】ラティスモノグラムデザインマット　２列目のみ／サイズ：Ｌ【RCP】,受注生産品。メーカー取り寄せとなります。。【ギャルソン】【ＤＡＤ】【マット】ラティスモノグラムデザインマット　２列目のみ／サイズ：Ｌ【RCP】[rn]
19-62087,http://tshop.r10s.jp/1boxcar/cabinet/coleman1105/0001302004.jpg?fitin=700:700,16800.0000,,車用品・バイク用品 > カー用品 > 内装パーツ > フロアマット > その他,【ギャルソン】【ＤＡＤ】【マット】ラティスモノグラムデザインマット　１列のみ／サイズ：Ｍ【RCP】,受注生産品。メーカー取り寄せとなります。,"ジャンル：マット<br>
メーカー：ギャルソン<br>
ブランド：ＤＡＤ<br>
詳細：※この商品は、車種別専用設計となっております。<br>
ご注文の前にかならず、お問い合わせをお願いします。<br>
受注生産品ですので、返品はできません。<br>
予めご了承ください。
備考：１列目のみ／サイズ：Ｍ<br>
※メーカー取り寄せ品です。<br>
ご注文後、メールにて納期をご連絡いたします。<br>
お急ぎの場合等は、事前にお問い合わせください。<br>",【ギャルソン】【ＤＡＤ】【マット】ラティスモノグラムデザインマット　１列のみ／サイズ：Ｍ【RCP】：カー用品・家電通販の1BOX,カー用品販売通販1boxアルファードエルグランドハイエースカーライフarwinアーウィンポータブルＤＶＤプレイヤー【ギャルソン】【ＤＡＤ】【マット】ラティスモノグラムデザインマット　１列のみ／サイズ：Ｍ【RCP】,受注生産品。メーカー取り寄せとなります。。【ギャルソン】【ＤＡＤ】【マット】ラティスモノグラムデザインマット　１列のみ／サイズ：Ｍ【RCP】[rn]
19-62088,http://tshop.r10s.jp/1boxcar/cabinet/coleman1105/0001302004.jpg?fitin=700:700,13680.0000,,車用品・バイク用品 > カー用品 > 内装パーツ > フロアマット > その他,【ギャルソン】【ＤＡＤ】【マット】ラティスモノグラムデザインマット　３列目のみ／サイズ：Ｍ【RCP】,受注生産品。メーカー取り寄せとなります。,"ジャンル：マット<br>
メーカー：ギャルソン<br>
ブランド：ＤＡＤ<br>
詳細：※この商品は、車種別専用設計となっております。<br>
ご注文の前にかならず、お問い合わせをお願いします。<br>
受注生産品ですので、返品はできません。<br>
予めご了承ください。
備考：３列目のみ／サイズ：Ｍ<br>
※メーカー取り寄せ品です。<br>
ご注文後、メールにて納期をご連絡いたします。<br>
お急ぎの場合等は、事前にお問い合わせください。<br>",【ギャルソン】【ＤＡＤ】【マット】ラティスモノグラムデザインマット　３列目のみ／サイズ：Ｍ【RCP】：カー用品・家電通販の1BOX,カー用品販売通販1boxアルファードエルグランドハイエースカーライフarwinアーウィンポータブルＤＶＤプレイヤー【ギャルソン】【ＤＡＤ】【マット】ラティスモノグラムデザインマット　３列目のみ／サイズ：Ｍ【RCP】,受注生産品。メーカー取り寄せとなります。。【ギャルソン】【ＤＡＤ】【マット】ラティスモノグラムデザインマット　３列目のみ／サイズ：Ｍ【RCP】[rn]
19-62089,http://tshop.r10s.jp/1boxcar/cabinet/coleman1105/0001302004.jpg?fitin=700:700,20000.0000,,車用品・バイク用品 > カー用品 > 内装パーツ > フロアマット > その他,【ギャルソン】【ＤＡＤ】【マット】ラティスモノグラムデザインマット　１台分／サイズ：Ｓ【RCP】,受注生産品。メーカー取り寄せとなります。,"ジャンル：マット<br>
メーカー：ギャルソン<br>
ブランド：ＤＡＤ<br>
詳細：この商品は、車種別専用設計となっております。<br>
ご注文の前にかならず、お問い合わせをお願いします。<br>
受注生産品ですので、返品はできません。<br>
予めご了承ください。
備考：１台分／サイズ：Ｓ<br>
※メーカー取り寄せ品です。<br>
ご注文後、メールにて納期をご連絡いたします。<br>
お急ぎの場合等は、事前にお問い合わせください。<br>",【ギャルソン】【ＤＡＤ】【マット】ラティスモノグラムデザインマット　１台分／サイズ：Ｓ【RCP】：カー用品・家電通販の1BOX,カー用品販売通販1boxアルファードエルグランドハイエースカーライフarwinアーウィンポータブルＤＶＤプレイヤー【ギャルソン】【ＤＡＤ】【マット】ラティスモノグラムデザインマット　１台分／サイズ：Ｓ【RCP】,受注生産品。メーカー取り寄せとなります。。【ギャルソン】【ＤＡＤ】【マット】ラティスモノグラムデザインマット　１台分／サイズ：Ｓ【RCP】[rn]
19-62090,http://tshop.r10s.jp/1boxcar/cabinet/coleman1105/0001302028.jpg?fitin=700:700,21280.0000,,車用品・バイク用品 > カー用品 > 内装パーツ > フロアマット > その他,【ギャルソン】【ＤＡＤ】【マット】ラティスモノグラムデザインオプションマット　ラグマット【RCP】,受注生産品。メーカー取り寄せとなります。,"ジャンル：マット<br>
メーカー：ギャルソン<br>
ブランド：ＤＡＤ<br>
詳細：※この商品は、車種別専用設計となっております。<br>
ご注文の前にかならず、お問い合わせをお願いします。<br>
受注生産品ですので、返品はできません。<br>
適合しない車種もございます。<br>
予めご了承ください。<br>
備考：ラグマット<br>
※メーカー取り寄せ品です。<br>
ご注文後、メールにて納期をご連絡いたします。<br>
お急ぎの場合等は、事前にお問い合わせください。<br>",【ギャルソン】【ＤＡＤ】【マット】ラティスモノグラムデザインオプションマット　ラグマット【RCP】：カー用品・家電通販の1BOX,カー用品販売通販1boxアルファードエルグランドハイエースカーライフarwinアーウィンポータブルＤＶＤプレイヤー【ギャルソン】【ＤＡＤ】【マット】ラティスモノグラムデザインオプションマット　ラグマット【RCP】,受注生産品。メーカー取り寄せとなります。。【ギャルソン】【ＤＡＤ】【マット】ラティスモノグラムデザインオプションマット　ラグマット【RCP】[rn]
19-62091,http://tshop.r10s.jp/hotroadtoyohashi/cabinet/1605/7160524924_1.jpg?fitin=700:700,302.4000,,車用品・バイク用品 > カー用品 > 内装パーツ > フロアマット > その他,シーエー：フロアーマット カーマット 車 黒 ブラック 450×400mm/M-753,【10000円～送料無料】【定番商品】,車内用フロアーマット。<br><br>製品サイズと車内のスペースをお調べ頂いてからご購入をお願い致します。<br><br>【製品サイズ】<br>約(横450×縦400mm)<br><br>【メーカー】<br>シーエー産商<br><br><br>,シーエー：フロアーマット カーマット 車 黒 ブラック 450&times;400mm/M-753：カー用品のHot Road Second Shop,シーエー：フロアーマット カーマット 車 黒 ブラック 450&times;400mm/M-753,【10000円～送料無料】【定番商品】。シーエー：フロアーマット カーマット 車 黒 ブラック 450&times;400mm/M-753[rn]
19-62092,http://tshop.r10s.jp/hotroadtoyohashi/cabinet/1605/7160524934_1.jpg?fitin=700:700,1022.4000,,車用品・バイク用品 > カー用品 > 内装パーツ > フロアマット > その他,シーエー：フロアーマット カーマット 車 フロント リア 50×150cm 黒/M-851,【10000円～送料無料】【定番商品】,直線、曲線を簡単にカットできます。<br>カット面は、カットした時に手で払っていただくとその後はほつれません。<br>切り込みを入れる事により車内の形状にフィットします。<br>裏面は、すべり止め加工しています。<br><br>製品サイズと車内のスペースをお調べ頂いてからご購入をお願い致します。<br><br>【製品サイズ】<br>約(横50×縦150cm)<br><br>【品質】<br>(表)PP ポリエステル<br>(裏)PVC<br><br>【メーカー】<br>シーエー産商<br><br><br>自由にカット出来る,シーエー：フロアーマット カーマット 車 フロント リア 50&times;150cm 黒/M-851：カー用品のHot Road Second Shop,シーエー：フロアーマット カーマット 車 フロント リア 50&times;150cm 黒/M-851,【10000円～送料無料】【定番商品】。シーエー：フロアーマット カーマット 車 フロント リア 50&times;150cm 黒/M-851[rn]
19-62093,http://tshop.r10s.jp/hotroadtoyohashi/cabinet/1605/7160524932_1.jpg?fitin=700:700,979.2000,,車用品・バイク用品 > カー用品 > 内装パーツ > フロアマット > その他,シーエー：フロアーマット カーマット 車 フロント リア 450×590mm 黒/M-835,【10000円～送料無料】【定番商品】,車内用フロアーマット。<br><br>製品サイズと車内のスペースをお調べ頂いてからご購入をお願い致します。<br><br>【製品サイズ】<br>約(横450×縦590mm)<br><br>【品質】<br>(表)ポリエステル<br>(中)低反発ポリウレタン<br>(裏)SBR<br><br>【メーカー】<br>シーエー産商<br><br><br>,シーエー：フロアーマット カーマット 車 フロント リア 450&times;590mm 黒/M-835：カー用品のHot Road Second Shop,シーエー：フロアーマット カーマット 車 フロント リア 450&times;590mm 黒/M-835,【10000円～送料無料】【定番商品】。シーエー：フロアーマット カーマット 車 フロント リア 450&times;590mm 黒/M-835[rn]
19-62094,http://tshop.r10s.jp/hotroadtoyohashi/cabinet/1605/7160524935_1.jpg?fitin=700:700,1022.4000,,車用品・バイク用品 > カー用品 > 内装パーツ > フロアマット > その他,シーエー：フロアーマット カーマット 車 フロント リア 50×150cm グレー/M-852,【10000円～送料無料】【定番商品】,直線、曲線を簡単にカットできます。<br>カット面は、カットした時に手で払っていただくとその後はほつれません。<br>切り込みを入れる事により車内の形状にフィットします。<br>裏面は、すべり止め加工しています。<br><br>製品サイズと車内のスペースをお調べ頂いてからご購入をお願い致します。<br><br>【製品サイズ】<br>約(横50×縦150cm)<br><br>【品質】<br>(表)PP ポリエステル<br>(裏)PVC<br><br>【メーカー】<br>シーエー産商<br><br><br>自由にカット出来る,シーエー：フロアーマット カーマット 車 フロント リア 50&times;150cm グレー/M-852：カー用品のHot Road Second Shop,シーエー：フロアーマット カーマット 車 フロント リア 50&times;150cm グレー/M-852,【10000円～送料無料】【定番商品】。シーエー：フロアーマット カーマット 車 フロント リア 50&times;150cm グレー/M-852[rn]
19-62095,http://tshop.r10s.jp/hotroadtoyohashi/cabinet/1605/7160524914_1.jpg?fitin=700:700,952.8000,,車用品・バイク用品 > カー用品 > 内装パーツ > フロアマット > その他,シーエー：フロアーマット リア 普通自動車用 400×450mm 黒 ブラック/M-630,【10000円～送料無料】【定番商品】,普通自動車用(1500cc以上の乗用車)ズレないカーマット!!<br><br>製品サイズと車内のスペースをお調べ頂いてからご購入をお願い致します。<br><br>【製品サイズ】<br>400×450mm<br><br>【メーカー】<br>シーエー産商<br><br>,シーエー：フロアーマット リア 普通自動車用 400&times;450mm 黒 ブラック/M-630：カー用品のHot Road Second Shop,シーエー：フロアーマット リア 普通自動車用 400&times;450mm 黒 ブラック/M-630,【10000円～送料無料】【定番商品】。シーエー：フロアーマット リア 普通自動車用 400&times;450mm 黒 ブラック/M-630[rn]
19-62096,http://tshop.r10s.jp/hotroadtoyohashi/cabinet/1605/7160524919_1.jpg?fitin=700:700,745.6000,,車用品・バイク用品 > カー用品 > 内装パーツ > フロアマット > その他,シーエー：フロアーマット ピタマット 黒 Sサイズ 450×400mm /M-715,【10000円～送料無料】【定番商品】,ズレにくいピタマット!!<br><br>PVC発砲素材でズレを防ぎます。<br><br>製品サイズと車内のスペースをお調べ頂いてからご購入をお願い致します。<br><br>【製品サイズ】<br>Sサイズ約(450×400mm)<br><br>【メーカー】<br>シーエー産商<br><br>【素材】<br>表:ポリエステル100%<br>裏:PVC発砲樹脂100%<br><br>,シーエー：フロアーマット ピタマット 黒 Sサイズ 450&times;400mm /M-715：カー用品のHot Road Second Shop,シーエー：フロアーマット ピタマット 黒 Sサイズ 450&times;400mm /M-715,【10000円～送料無料】【定番商品】。シーエー：フロアーマット ピタマット 黒 Sサイズ 450&times;400mm /M-715[rn]
19-62097,http://tshop.r10s.jp/hotroadtoyohashi/cabinet/1605/7160524915_1.jpg?fitin=700:700,1160.0000,,車用品・バイク用品 > カー用品 > 内装パーツ > フロアマット > その他,シーエー：フロアーマット フロント 普通自動車用 450×600mm 黒 ブラック/M-633,【10000円～送料無料】【定番商品】,普通自動車用(1500cc以上の乗用車)ズレないカーマット!!<br><br>製品サイズと車内のスペースをお調べ頂いてからご購入をお願い致します。<br><br>【製品サイズ】<br>450×600mm<br><br>【メーカー】<br>シーエー産商<br><br>,シーエー：フロアーマット フロント 普通自動車用 450&times;600mm 黒 ブラック/M-633：カー用品のHot Road Second Shop,シーエー：フロアーマット フロント 普通自動車用 450&times;600mm 黒 ブラック/M-633,【10000円～送料無料】【定番商品】。シーエー：フロアーマット フロント 普通自動車用 450&times;600mm 黒 ブラック/M-633[rn]
19-62098,http://tshop.r10s.jp/hotroadtoyohashi/cabinet/1605/7160524920_1.jpg?fitin=700:700,1022.4000,,車用品・バイク用品 > カー用品 > 内装パーツ > フロアマット > その他,シーエー：フロアーマット ピタマット グレー Mサイズ 450×600mm/M-716,【10000円～送料無料】【定番商品】,ズレにくいピタマット!!<br><br>PVC発砲素材でズレを防ぎます。<br><br>製品サイズと車内のスペースをお調べ頂いてからご購入をお願い致します。<br><br>【製品サイズ】<br>Mサイズ約(450×600mm)<br><br>【メーカー】<br>シーエー産商<br><br>【素材】<br>表:ポリエステル100%<br>裏:PVC発砲樹脂100%<br><br>,シーエー：フロアーマット ピタマット グレー Mサイズ 450&times;600mm/M-716：カー用品のHot Road Second Shop,シーエー：フロアーマット ピタマット グレー Mサイズ 450&times;600mm/M-716,【10000円～送料無料】【定番商品】。シーエー：フロアーマット ピタマット グレー Mサイズ 450&times;600mm/M-716[rn]
19-62099,http://tshop.r10s.jp/hotroadtoyohashi/cabinet/1605/7160524933_1.jpg?fitin=700:700,1091.2000,,車用品・バイク用品 > カー用品 > 内装パーツ > フロアマット > その他,シーエー：フロアーマット カーマット 車 フロント リア 50×150cm ヘリンボン/M-844,【10000円～送料無料】【定番商品】,直線、曲線を簡単にカットできます。<br>カット面は、カットした時に手で払っていただくとその後はほつれません。<br>切り込みを入れる事により車内の形状にフィットします。<br>裏面は、すべり止め加工しています。<br><br>製品サイズと車内のスペースをお調べ頂いてからご購入をお願い致します。<br><br>【製品サイズ】<br>約(横50×縦150cm)<br><br>【品質】<br>(表)PP ポリエステル<br>(裏)PVC<br><br>【メーカー】<br>シーエー産商<br><br><br>自由にカット出来る,シーエー：フロアーマット カーマット 車 フロント リア 50&times;150cm ヘリンボン/M-844：カー用品のHot Road Second Shop,シーエー：フロアーマット カーマット 車 フロント リア 50&times;150cm ヘリンボン/M-844,【10000円～送料無料】【定番商品】。シーエー：フロアーマット カーマット 車 フロント リア 50&times;150cm ヘリンボン/M-844[rn]
19-62100,http://tshop.r10s.jp/hotroadtoyohashi/cabinet/1605/7160524925_1.jpg?fitin=700:700,360.0000,,車用品・バイク用品 > カー用品 > 内装パーツ > フロアマット > その他,シーエー：フロアーマット カーマット 車 グレー 450×600mm/M-754,【10000円～送料無料】【定番商品】,車内用フロアーマット。<br><br>製品サイズと車内のスペースをお調べ頂いてからご購入をお願い致します。<br><br>【製品サイズ】<br>約(横450×縦600mm)<br><br>【メーカー】<br>シーエー産商<br><br><br>,シーエー：フロアーマット カーマット 車 グレー 450&times;600mm/M-754：カー用品のHot Road Second Shop,シーエー：フロアーマット カーマット 車 グレー 450&times;600mm/M-754,【10000円～送料無料】【定番商品】。シーエー：フロアーマット カーマット 車 グレー 450&times;600mm/M-754[rn]
