11-164101,http://tshop.r10s.jp/suzukimotors/cabinet/img42536/fia031.jpg?fitin=700:700,2712.0000,,車用品・バイク用品 > カー用品 > 内装パーツ > インテリアパネル > トヨタ用,【フィットアリア】純正 GD8 GD9 ライセンスフレーム/フロント用 1枚からの販売 パーツ ホンダ純正部品 ナンバーフレーム ナンバーリム ナンバー枠 FIT オプション アクセサリー 用品,,"<!--詳細--><table border=""1"" width=""100%"" cellpadding=""5"" cellspacing=""0""><tr><td width=""150"" bgcolor=""#cccccc"">車種名</td><td>フィットアリア</td></tr><tr><td bgcolor=""#cccccc"">品名</td><td>ライセンスフレーム/フロント用</td></tr><tr><td bgcolor=""#cccccc"">取り付けできる年式</td><td><b><font color=""#ff0000"">(重要) </font></b>平成19年5月～21年1月</td></tr><tr><td bgcolor=""#cccccc"">型式</td><td>GD8 GD9</td></tr><tr><td bgcolor=""#cccccc"">品番</td><td>08P25-EJ5-000A</td></tr><tr><td bgcolor=""#cccccc"">詳細</td><td>メッキタイプ</td></tr></table><!--詳細END--><br><br><table border=""1"" width=""100%"" cellpadding=""5"" cellspacing=""0""><tr><td colspan=""2"" align=""center"" bgcolor=""#cccccc""><b>取り付けに関して</b></td></tr><tr><td colspan=""2"" bgcolor=""#cccccc"">取り付けできるグレード</td></tr><tr><td>全てのグレードに取り付け出来ます</td></tr></table><br><!--カテゴリ--><br><table border=""1"" cellpadding=""5"" cellspacing=""0"" width=""100%""><tr><td>取り付け出来るか確認依頼する</td></tr><tr><td>同じ車種・年式で「別の部品」を確認する</td></tr><tr><td>同じ車種で「別の年式」を確認する</td></tr><tr><td>同じメーカーで「別の車種」を確認する</td></tr></table><br><!--カテゴリend-->",【フィットアリア】純正 GD8 GD9 ライセンスフレーム/フロント用 1枚からの販売 パーツ ホンダ純正部品 ナンバーフレーム ナンバーリム ナンバー枠 FIT オプション アクセサリー 用品：株式会社　スズキモータース,通信販売通販ショッピングオンラインショッピング買い物プレゼントギフト贈り物贈答品お中元お歳暮お買い得スズキモ【フィットアリア】純正 GD8 GD9 ライセンスフレーム/フロント用 1枚からの販売 パーツ ホンダ純正部品 ナンバーフレーム ナンバーリム ナンバー枠 FIT オプション アクセサリー 用品,【メール便可能】。【フィットアリア】純正 GD8 GD9 ライセンスフレーム/フロント用 1枚からの販売 パーツ ホンダ純正部品 ナンバーフレーム ナンバーリム ナンバー枠 FIT オプション アクセサリー 用品[rn]
11-164102,http://tshop.r10s.jp/suzukimotors/cabinet/imga12/spk078.jpg?fitin=700:700,776.0000,,車用品・バイク用品 > カー用品 > 内装パーツ > インテリアパネル > トヨタ用,【スパイク】純正 GK1 GK2 ハンドフリー通信キッド(ハンドフリーサブアタッチメント） パーツ ホンダ純正部品 freedspike オプション アクセサリー 用品,,"<br><table border=""1"" width=""100%"" cellpadding=""5"" cellspacing=""0""><tr><td width=""100"" bgcolor=""#cccccc"">車種名</td><td>スパイク</td></tr><tr><td bgcolor=""#cccccc"">適合年式</td><td>平成16年2月～17年11月</td></tr><tr><td bgcolor=""#cccccc"">品番</td><td>08E05-SEY-000</td></tr></table><br><br><table border=""1"" width=""100%"" cellpadding=""5"" cellspacing=""0""><tr><td bgcolor=""#ffff99"">現行車の部品ではありません<br>メーカー在庫が無くなり次第廃止になる可能性があります。</td></tr></table><br><br>全てのグレードに適合しております<br><br>[備考]<br>※メーカーオプションのリアカメラ付音声認識Honda+HDDナビゲーションシステム装備車には装着できません。<br>※交通安全上、運転中の通話は避けてください。やむをえず受ける場合は、ハンドフリーで「かけ直す」ことを伝え、安全な場所に停車してから発信してください。※取り付けには、ハンドフリーサブアタッチメントが必要です。<br>FOMA携帯電話にはご使用できません。<br><br><br><table border=""1"" cellpadding=""5"" cellspacing=""0"" width=""100%""><tr><td>取り付け出来るか確認依頼する</td></tr><tr><td>同じ車種・年式で「別の部品」を確認する</td></tr><tr><td>同じ車種で「別の年式」を確認する</td></tr><tr><td>同じメーカーで「別の車種」を確認する</td></tr></table>",【スパイク】純正 GK1 GK2 ハンドフリー通信キッド(ハンドフリーサブアタッチメント） パーツ ホンダ純正部品 freedspike オプション アクセサリー 用品：株式会社　スズキモータース,通信販売通販ショッピングオンラインショッピング買い物プレゼントギフト贈り物贈答品お中元お歳暮お買い得スズキモ【スパイク】純正 GK1 GK2 ハンドフリー通信キッド(ハンドフリーサブアタッチメント） パーツ ホンダ純正部品 freedspike オプション アクセサリー 用品,【メール便可能】。【スパイク】純正 GK1 GK2 ハンドフリー通信キッド(ハンドフリーサブアタッチメント） パーツ ホンダ純正部品 freedspike オプション アクセサリー 用品[rn]
11-164103,http://tshop.r10s.jp/suzukimotors/cabinet/img42536/fia032.jpg?fitin=700:700,2712.0000,,車用品・バイク用品 > カー用品 > 内装パーツ > インテリアパネル > トヨタ用,【フィットアリア】純正 GD8 GD9 ライセンスフレーム/リア用 1枚からの販売 パーツ ホンダ純正部品 ナンバーフレーム ナンバーリム ナンバー枠 FIT オプション アクセサリー 用品,,"<!--詳細--><table border=""1"" width=""100%"" cellpadding=""5"" cellspacing=""0""><tr><td width=""150"" bgcolor=""#cccccc"">車種名</td><td>フィットアリア</td></tr><tr><td bgcolor=""#cccccc"">品名</td><td>ライセンスフレーム/リア用</td></tr><tr><td bgcolor=""#cccccc"">取り付けできる年式</td><td><b><font color=""#ff0000"">(重要) </font></b>平成19年5月～21年1月</td></tr><tr><td bgcolor=""#cccccc"">型式</td><td>GD8 GD9</td></tr><tr><td bgcolor=""#cccccc"">品番</td><td>08P26-EJ5-000A</td></tr><tr><td bgcolor=""#cccccc"">詳細</td><td>メッキタイプ※リア用はナンバープレート取得後、封印前の取り付けとなります。<br>※リアカメラシステムとの同時装着はできません。<br></td></tr></table><!--詳細END--><br><br><table border=""1"" width=""100%"" cellpadding=""5"" cellspacing=""0""><tr><td colspan=""2"" align=""center"" bgcolor=""#cccccc""><b>取り付けに関して</b></td></tr><tr><td colspan=""2"" bgcolor=""#cccccc"">取り付けできるグレード</td></tr><tr><td>全てのグレードに取り付け出来ます</td></tr></table><br><!--カテゴリ--><br><table border=""1"" cellpadding=""5"" cellspacing=""0"" width=""100%""><tr><td>取り付け出来るか確認依頼する</td></tr><tr><td>同じ車種・年式で「別の部品」を確認する</td></tr><tr><td>同じ車種で「別の年式」を確認する</td></tr><tr><td>同じメーカーで「別の車種」を確認する</td></tr></table><br><!--カテゴリend-->",【フィットアリア】純正 GD8 GD9 ライセンスフレーム/リア用 1枚からの販売 パーツ ホンダ純正部品 ナンバーフレーム ナンバーリム ナンバー枠 FIT オプション アクセサリー 用品：株式会社　スズキモータース,通信販売通販ショッピングオンラインショッピング買い物プレゼントギフト贈り物贈答品お中元お歳暮お買い得スズキモ【フィットアリア】純正 GD8 GD9 ライセンスフレーム/リア用 1枚からの販売 パーツ ホンダ純正部品 ナンバーフレーム ナンバーリム ナンバー枠 FIT オプション アクセサリー 用品,【メール便可能】。【フィットアリア】純正 GD8 GD9 ライセンスフレーム/リア用 1枚からの販売 パーツ ホンダ純正部品 ナンバーフレーム ナンバーリム ナンバー枠 FIT オプション アクセサリー 用品[rn]
11-164104,http://tshop.r10s.jp/suzukimotors/cabinet/img42536/fia034.jpg?fitin=700:700,2712.0000,,車用品・バイク用品 > カー用品 > 内装パーツ > インテリアパネル > トヨタ用,【フィットアリア】純正 GD8 GD9 ライセンスフレーム/フロント用 1枚からの販売 パーツ ホンダ純正部品 ナンバーフレーム ナンバーリム ナンバー枠 FIT オプション アクセサリー 用品,,"<!--詳細--><table border=""1"" width=""100%"" cellpadding=""5"" cellspacing=""0""><tr><td width=""150"" bgcolor=""#cccccc"">車種名</td><td>フィットアリア</td></tr><tr><td bgcolor=""#cccccc"">品名</td><td>ライセンスフレーム/フロント用</td></tr><tr><td bgcolor=""#cccccc"">取り付けできる年式</td><td><b><font color=""#ff0000"">(重要) </font></b>平成19年5月～21年1月</td></tr><tr><td bgcolor=""#cccccc"">型式</td><td>GD8 GD9</td></tr><tr><td bgcolor=""#cccccc"">品番</td><td>08P25-EJ5-010C</td></tr><tr><td bgcolor=""#cccccc"">詳細</td><td>カラードタイプ（アラバスターシルバー・メタリック）</td></tr></table><!--詳細END--><br><br><table border=""1"" width=""100%"" cellpadding=""5"" cellspacing=""0""><tr><td colspan=""2"" align=""center"" bgcolor=""#cccccc""><b>取り付けに関して</b></td></tr><tr><td colspan=""2"" bgcolor=""#cccccc"">取り付けできるグレード</td></tr><tr><td>全てのグレードに取り付け出来ます</td></tr></table><br><!--カテゴリ--><br><table border=""1"" cellpadding=""5"" cellspacing=""0"" width=""100%""><tr><td>取り付け出来るか確認依頼する</td></tr><tr><td>同じ車種・年式で「別の部品」を確認する</td></tr><tr><td>同じ車種で「別の年式」を確認する</td></tr><tr><td>同じメーカーで「別の車種」を確認する</td></tr></table><br><!--カテゴリend-->",【フィットアリア】純正 GD8 GD9 ライセンスフレーム/フロント用 1枚からの販売 パーツ ホンダ純正部品 ナンバーフレーム ナンバーリム ナンバー枠 FIT オプション アクセサリー 用品：株式会社　スズキモータース,通信販売通販ショッピングオンラインショッピング買い物プレゼントギフト贈り物贈答品お中元お歳暮お買い得スズキモ【フィットアリア】純正 GD8 GD9 ライセンスフレーム/フロント用 1枚からの販売 パーツ ホンダ純正部品 ナンバーフレーム ナンバーリム ナンバー枠 FIT オプション アクセサリー 用品,【メール便可能】。【フィットアリア】純正 GD8 GD9 ライセンスフレーム/フロント用 1枚からの販売 パーツ ホンダ純正部品 ナンバーフレーム ナンバーリム ナンバー枠 FIT オプション アクセサリー 用品[rn]
11-164105,http://tshop.r10s.jp/suzukimotors/cabinet/img14/tha012.jpg?fitin=700:700,20952.0000,,車用品・バイク用品 > カー用品 > 内装パーツ > インテリアパネル > トヨタ用,【ザッツ】純正 JD1 JD2 ロアスカート/リヤ（TypeZZ） パーツ ホンダ純正部品 Thats オプション アクセサリー 用品,,"<br><table border=""1"" width=""100%"" cellpadding=""5"" cellspacing=""0""><tr><td width=""100"" bgcolor=""#cccccc"">車種名</td><td>ザッツ</td></tr><tr><td bgcolor=""#cccccc"">適合年式</td><td>平成18年3月～19年11月</td></tr><tr><td bgcolor=""#cccccc"">品番</td><td>08F03-SCK-021[B-92P]<br>08F03-SCK-071[NH-578]<br>08F03-SCK-090[NH-642M]<br>08F03-SCK-0D1[G-524M]<br>08F03-SCK-0E1[RP-37P]<br></td></tr></table><br><br><table border=""1"" width=""100%"" cellpadding=""5"" cellspacing=""0""><tr><td bgcolor=""#ffff99"">現行車の部品ではありません<br>メーカー在庫が無くなり次第廃止になる可能性があります。</td></tr></table><br><br>全てのグレードに適合しております<br><br>[備考]<br>「ザッツ」の走りに、より風格をプレミアムアップするロアスカート。<br>その洗練されたフォルムが、「ザッツ」の新たな楽しみを引き出します。<br>マッドガード（リア用）との同時装着はできません。<br><br>[カラー]<br>ナイトホークブラック・パール[B-92P]<br>タフタホワイト[NH-578]<br>ストームシルバー・メタリック[NH-642M]<br>シフォングリーン・メタリック[G-524M]<br>ブラックアメジスト・パール[RP-37P]<br><br><br><table border=""1"" cellpadding=""5"" cellspacing=""0"" width=""100%""><tr><td>取り付け出来るか確認依頼する</td></tr><tr><td>同じ車種・年式で「別の部品」を確認する</td></tr><tr><td>同じ車種で「別の年式」を確認する</td></tr><tr><td>同じメーカーで「別の車種」を確認する</td></tr></table>",【ザッツ】純正 JD1 JD2 ロアスカート/リヤ（TypeZZ） パーツ ホンダ純正部品 Thats オプション アクセサリー 用品：株式会社　スズキモータース,通信販売通販ショッピングオンラインショッピング買い物プレゼントギフト贈り物贈答品お中元お歳暮お買い得スズキモ【ザッツ】純正 JD1 JD2 ロアスカート/リヤ（TypeZZ） パーツ ホンダ純正部品 Thats オプション アクセサリー 用品,【ザッツ】純正 JD1 JD2 ロアスカート/リヤ（TypeZZ） パーツ ホンダ純正部品 Thats オプション アクセサリー 用品[rn]
11-164106,http://tshop.r10s.jp/suzukimotors/cabinet/img42536/fia035.jpg?fitin=700:700,2712.0000,,車用品・バイク用品 > カー用品 > 内装パーツ > インテリアパネル > トヨタ用,【フィットアリア】純正 GD8 GD9 ライセンスフレーム/リア用 1枚からの販売 パーツ ホンダ純正部品 ナンバーフレーム ナンバーリム ナンバー枠 FIT オプション アクセサリー 用品,,"<!--詳細--><table border=""1"" width=""100%"" cellpadding=""5"" cellspacing=""0""><tr><td width=""150"" bgcolor=""#cccccc"">車種名</td><td>フィットアリア</td></tr><tr><td bgcolor=""#cccccc"">品名</td><td>ライセンスフレーム/リア用</td></tr><tr><td bgcolor=""#cccccc"">取り付けできる年式</td><td><b><font color=""#ff0000"">(重要) </font></b>平成19年5月～21年1月</td></tr><tr><td bgcolor=""#cccccc"">型式</td><td>GD8 GD9</td></tr><tr><td bgcolor=""#cccccc"">品番</td><td>08P26-EJ5-010C</td></tr><tr><td bgcolor=""#cccccc"">詳細</td><td>カラードタイプ（アラバスターシルバー・メタリック）※リア用はナンバープレート取得後、封印前の取り付けとなります。<br></td></tr></table><!--詳細END--><br><br><table border=""1"" width=""100%"" cellpadding=""5"" cellspacing=""0""><tr><td colspan=""2"" align=""center"" bgcolor=""#cccccc""><b>取り付けに関して</b></td></tr><tr><td colspan=""2"" bgcolor=""#cccccc"">取り付けできるグレード</td></tr><tr><td>全てのグレードに取り付け出来ます</td></tr></table><br><!--カテゴリ--><br><table border=""1"" cellpadding=""5"" cellspacing=""0"" width=""100%""><tr><td>取り付け出来るか確認依頼する</td></tr><tr><td>同じ車種・年式で「別の部品」を確認する</td></tr><tr><td>同じ車種で「別の年式」を確認する</td></tr><tr><td>同じメーカーで「別の車種」を確認する</td></tr></table><br><!--カテゴリend-->",【フィットアリア】純正 GD8 GD9 ライセンスフレーム/リア用 1枚からの販売 パーツ ホンダ純正部品 ナンバーフレーム ナンバーリム ナンバー枠 FIT オプション アクセサリー 用品：株式会社　スズキモータース,通信販売通販ショッピングオンラインショッピング買い物プレゼントギフト贈り物贈答品お中元お歳暮お買い得スズキモ【フィットアリア】純正 GD8 GD9 ライセンスフレーム/リア用 1枚からの販売 パーツ ホンダ純正部品 ナンバーフレーム ナンバーリム ナンバー枠 FIT オプション アクセサリー 用品,【メール便可能】。【フィットアリア】純正 GD8 GD9 ライセンスフレーム/リア用 1枚からの販売 パーツ ホンダ純正部品 ナンバーフレーム ナンバーリム ナンバー枠 FIT オプション アクセサリー 用品[rn]
11-164107,http://tshop.r10s.jp/suzukimotors/cabinet/img483050/onle004.jpg?fitin=700:700,31040.0000,,車用品・バイク用品 > カー用品 > 内装パーツ > インテリアパネル > トヨタ用,【フィットシャトル】純正 GP2 軽量アルミホイール MS-20 1本に付き パーツ ホンダ純正部品 安心の純正品 FIT オプション アクセサリー 用品,,"<!--詳細--><table border=""1"" width=""100%"" cellpadding=""5"" cellspacing=""0""><tr><td width=""150"" bgcolor=""#cccccc"">車種名</td><td>フィットシャトル</td></tr><tr><td bgcolor=""#cccccc"">品名</td><td>軽量アルミホイール MS-20 1本に付き</td></tr><tr><td bgcolor=""#cccccc"">取り付けできる年式</td><td><b><font color=""#ff0000"">(重要) </font></b>平成25年8月～next</td></tr><tr><td bgcolor=""#cccccc"">型式</td><td>GP2</td></tr><tr><td bgcolor=""#cccccc"">品番</td><td>08W15-TF7-000</td></tr><tr><td bgcolor=""#cccccc"">詳細</td><td>15インチ・15×5 １／2J インセット50mm。<br>軽さと剛性を高次元で両立。<br>スポークと外周のバランスにより、見た目も軽やか。<br>磨きあげた美しい輝きを放つポリッシュ仕上げ。<br>標準装備のスチールホイールと比べ、約35軽減。<br>超軽量の鍛造アルミホイール。<br></td></tr></table><!--詳細END--><br><br><table border=""1"" width=""100%"" cellpadding=""5"" cellspacing=""0""><tr><td colspan=""2"" align=""center"" bgcolor=""#cccccc""><b>取り付けに関して</b></td></tr><tr><td colspan=""2"" bgcolor=""#cccccc"">取り付けできるグレード</td></tr><tr><td>全てのグレードに取り付け出来ます</td></tr></table><br><!--取付--><br><table border=""1"" cellspacing=""0"" cellpadding=""5"" width=100%><TR><td>取り付け難易度は 「やや難しい」※参考程度にお考えください</TD></TR><TR><td>【設定されている取り付け時間】 0.7時間</TD></TR><TR><td>※取付説明書が付属していない場合、ご連絡頂ければ対応致します。</TD></TR><TR><td>※上記の表示はあくまで参考程度としてお考え下さい。<br>技術の個人差や表示通りでは無い場合があります</TD></TR></TABLE><br><!--取付end--><!--カテゴリ--><br><table border=""1"" cellpadding=""5"" cellspacing=""0"" width=""100%""><tr><td>取り付け出来るか確認依頼する</td></tr><tr><td>同じ車種・年式で「別の部品」を確認する</td></tr><tr><td>同じ車種で「別の年式」を確認する</td></tr><tr><td>同じメーカーで「別の車種」を確認する</td></tr></table><br><!--カテゴリend-->",【フィットシャトル】純正 GP2 軽量アルミホイール MS-20 1本に付き パーツ ホンダ純正部品 安心の純正品 FIT オプション アクセサリー 用品：株式会社　スズキモータース,通信販売通販ショッピングオンラインショッピング買い物プレゼントギフト贈り物贈答品お中元お歳暮お買い得スズキモ【フィットシャトル】純正 GP2 軽量アルミホイール MS-20 1本に付き パーツ ホンダ純正部品 安心の純正品 FIT オプション アクセサリー 用品,【フィットシャトル】純正 GP2 軽量アルミホイール MS-20 1本に付き パーツ ホンダ純正部品 安心の純正品 FIT オプション アクセサリー 用品[rn]
11-164108,http://tshop.r10s.jp/suzukimotors/cabinet/img254687/aiv002.jpg?fitin=700:700,17848.0000,,車用品・バイク用品 > カー用品 > 内装パーツ > インテリアパネル > トヨタ用,【エアウェイブ】純正 GJ1 GJ2 アルミホイール/プレーンスポークD7 1本からの販売 パーツ ホンダ純正部品 安心の純正品 airwave オプション アクセサリー 用品,,"<br><table border=""1"" width=""100%"" cellpadding=""5"" cellspacing=""0""><tr><td width=""100"" bgcolor=""#cccccc"">車種名</td><td>エアウェイブ</td></tr><tr><td bgcolor=""#cccccc"">適合年式</td><td>平成20年5月～22年8月</td></tr><tr><td bgcolor=""#cccccc"">品番</td><td>08W15-SAA-002A</td></tr></table><br><br><table border=""1"" width=""100%"" cellpadding=""5"" cellspacing=""0""><tr><td bgcolor=""#ffff99"">現行車の部品ではありません<br>メーカー在庫が無くなり次第廃止になる可能性があります。</td></tr></table><br><TABLE border=""1"" cellpadding=""0"" cellspacing=""0"" width=100%><TR><TD bgcolor=""#cccccc"" colspan=""30"" align=""center"" height=""30"">グレード別の適合表</TD></TR><TR><TD >M</TD><TD >M/Sパッケージ</TD><TD >ST</TD></TR><TR><TD >△</TD><TD >△</TD><TD >△</TD></TR></TABLE><br><br>[備考]<br>全面切削。<br>15×6JJ　オフセット53。<br>1本。<br>メーカーオプションの15インチ(FF車)アルミホイール装備車のみ取り外し装着できます。<br><br><br><br><table border=""1"" cellpadding=""5"" cellspacing=""0"" width=""100%""><tr><td>取り付け出来るか確認依頼する</td></tr><tr><td>同じ車種・年式で「別の部品」を確認する</td></tr><tr><td>同じ車種で「別の年式」を確認する</td></tr><tr><td>同じメーカーで「別の車種」を確認する</td></tr></table>",【エアウェイブ】純正 GJ1 GJ2 アルミホイール/プレーンスポークD7 1本からの販売 パーツ ホンダ純正部品 安心の純正品 airwave オプション アクセサリー 用品：株式会社　スズキモータース,通信販売通販ショッピングオンラインショッピング買い物プレゼントギフト贈り物贈答品お中元お歳暮お買い得スズキモ【エアウェイブ】純正 GJ1 GJ2 アルミホイール/プレーンスポークD7 1本からの販売 パーツ ホンダ純正部品 安心の純正品 airwave オプション アクセサリー 用品,【エアウェイブ】純正 GJ1 GJ2 アルミホイール/プレーンスポークD7 1本からの販売 パーツ ホンダ純正部品 安心の純正品 airwave オプション アクセサリー 用品[rn]
11-164109,http://tshop.r10s.jp/suzukimotors/cabinet/img254687/aiv003.jpg?fitin=700:700,12416.0000,,車用品・バイク用品 > カー用品 > 内装パーツ > インテリアパネル > トヨタ用,【エアウェイブ】純正 GJ1 GJ2 アルミホイール/MS-011 1本からの販売 パーツ ホンダ純正部品 安心の純正品 airwave オプション アクセサリー 用品,,"<br><table border=""1"" width=""100%"" cellpadding=""5"" cellspacing=""0""><tr><td width=""100"" bgcolor=""#cccccc"">車種名</td><td>エアウェイブ</td></tr><tr><td bgcolor=""#cccccc"">適合年式</td><td>平成20年5月～22年8月</td></tr><tr><td bgcolor=""#cccccc"">品番</td><td>08W14-SLA-000A</td></tr></table><br><br><table border=""1"" width=""100%"" cellpadding=""5"" cellspacing=""0""><tr><td bgcolor=""#ffff99"">現行車の部品ではありません<br>メーカー在庫が無くなり次第廃止になる可能性があります。</td></tr></table><br><TABLE border=""1"" cellpadding=""0"" cellspacing=""0"" width=100%><TR><TD bgcolor=""#cccccc"" colspan=""30"" align=""center"" height=""30"">グレード別の適合表</TD></TR><TR><TD >M</TD><TD >M/Sパッケージ</TD><TD >ST</TD></TR><TR><TD >△</TD><TD >△</TD><TD >△</TD></TR></TABLE><br><br>[備考]<br>全面切削。<br>14×5　1/2Jオフセット45。<br>1本。<br>アルミホイール用ホイールナットが必要です(メーカーオプションのアルミホイール装備車を除く)。<br>*メーカーオプションの14インチ(4WD車)アルミホイール装備車は取り外し装着となります。<br><br><br><br><table border=""1"" cellpadding=""5"" cellspacing=""0"" width=""100%""><tr><td>取り付け出来るか確認依頼する</td></tr><tr><td>同じ車種・年式で「別の部品」を確認する</td></tr><tr><td>同じ車種で「別の年式」を確認する</td></tr><tr><td>同じメーカーで「別の車種」を確認する</td></tr></table>",【エアウェイブ】純正 GJ1 GJ2 アルミホイール/MS-011 1本からの販売 パーツ ホンダ純正部品 安心の純正品 airwave オプション アクセサリー 用品：株式会社　スズキモータース,通信販売通販ショッピングオンラインショッピング買い物プレゼントギフト贈り物贈答品お中元お歳暮お買い得スズキモ【エアウェイブ】純正 GJ1 GJ2 アルミホイール/MS-011 1本からの販売 パーツ ホンダ純正部品 安心の純正品 airwave オプション アクセサリー 用品,【エアウェイブ】純正 GJ1 GJ2 アルミホイール/MS-011 1本からの販売 パーツ ホンダ純正部品 安心の純正品 airwave オプション アクセサリー 用品[rn]
11-164110,http://tshop.r10s.jp/suzukimotors/cabinet/img14/tha020.jpg?fitin=700:700,3880.0000,,車用品・バイク用品 > カー用品 > 内装パーツ > インテリアパネル > トヨタ用,【ザッツ】純正 JD1 JD2 ドアライニングパッド/ハードタイプ パーツ ホンダ純正部品 Thats オプション アクセサリー 用品,,"<br><table border=""1"" width=""100%"" cellpadding=""5"" cellspacing=""0""><tr><td width=""100"" bgcolor=""#cccccc"">車種名</td><td>ザッツ</td></tr><tr><td bgcolor=""#cccccc"">適合年式</td><td>平成18年3月～19年11月</td></tr><tr><td bgcolor=""#cccccc"">品番</td><td>08Z03-SCK-C10</td></tr></table><br><br><table border=""1"" width=""100%"" cellpadding=""5"" cellspacing=""0""><tr><td bgcolor=""#ffff99"">現行車の部品ではありません<br>メーカー在庫が無くなり次第廃止になる可能性があります。</td></tr></table><br><br>全てのグレードに適合しております<br><br>[備考]<br>フロントドア専用/左右セット<br><br><br><table border=""1"" cellpadding=""5"" cellspacing=""0"" width=""100%""><tr><td>取り付け出来るか確認依頼する</td></tr><tr><td>同じ車種・年式で「別の部品」を確認する</td></tr><tr><td>同じ車種で「別の年式」を確認する</td></tr><tr><td>同じメーカーで「別の車種」を確認する</td></tr></table>",【ザッツ】純正 JD1 JD2 ドアライニングパッド/ハードタイプ パーツ ホンダ純正部品 Thats オプション アクセサリー 用品：株式会社　スズキモータース,通信販売通販ショッピングオンラインショッピング買い物プレゼントギフト贈り物贈答品お中元お歳暮お買い得スズキモ【ザッツ】純正 JD1 JD2 ドアライニングパッド/ハードタイプ パーツ ホンダ純正部品 Thats オプション アクセサリー 用品,【ザッツ】純正 JD1 JD2 ドアライニングパッド/ハードタイプ パーツ ホンダ純正部品 Thats オプション アクセサリー 用品[rn]
11-164111,http://tshop.r10s.jp/suzukimotors/cabinet/img436430/fits005.jpg?fitin=700:700,31040.0000,,車用品・バイク用品 > カー用品 > 内装パーツ > インテリアパネル > トヨタ用,【フィットシャトル】純正 GP2 GG7 GG8 軽量アルミホイール MS-20 1本に付き パーツ ホンダ純正部品 安心の純正品 FIT オプション アクセサリー 用品,,"<!--詳細--><table border=""1"" width=""100%"" cellpadding=""5"" cellspacing=""0""><tr><td width=""150"" bgcolor=""#cccccc"">車種名</td><td>フィットシャトル</td></tr><tr><td bgcolor=""#cccccc"">品名</td><td>軽量アルミホイール MS-20 1本に付き</td></tr><tr><td bgcolor=""#cccccc"">取り付けできる年式</td><td><b><font color=""#ff0000"">(重要) </font></b>平成23年6月～25年8月</td></tr><tr><td bgcolor=""#cccccc"">型式</td><td>GP2 GG7 GG8</td></tr><tr><td bgcolor=""#cccccc"">品番</td><td>08W15-TF7-000</td></tr><tr><td bgcolor=""#cccccc"">詳細</td><td>15インチ 15×5 1/2J インセット50mm。<br>軽さと剛性を高次元で両立。<br>スポークと外周のバランスにより、見た目も軽やか。<br>磨き上げた美しい輝きを放つポリッシュ仕上げ。<br>標準装備のスチールホイールと比べて約35％軽減。<br>超軽量の鍛造アルミホイール。<br></td></tr></table><!--詳細END--><br><br><table border=""1"" width=""100%"" cellpadding=""5"" cellspacing=""0""><tr><td colspan=""2"" align=""center"" bgcolor=""#cccccc""><b>取り付けに関して</b></td></tr><tr><td colspan=""2"" bgcolor=""#cccccc"">取り付けできるグレード</td></tr><tr><td>HIBLID-C</td><td width=""30"">○</td></tr><tr><td>HIBLID</td><td>○</td></tr><tr><td>HIBLIDスマートセレクション</td><td>○</td></tr><tr><td>HIBLIDナビプレミアムセレクション</td><td>○</td></tr><tr><td>15CFF</td><td>○</td></tr><tr><td>15C4WD</td><td>○</td></tr><tr><td>15XFF</td><td>○</td></tr><tr><td>15X4WD</td><td>○</td></tr><tr><td>15XSパッケージ装着車FF</td><td>○</td></tr><tr><td>15XSパッケージ装着車4WD</td><td>○</td></tr><tr><td>15XLパッケージ装着車FF</td><td>×</td></tr><tr><td>15XLパッケージ装着車4WD</td><td>○</td></tr></table><br><!--取付--><br><table border=""1"" cellspacing=""0"" cellpadding=""5"" width=100%><TR><td>取り付け難易度は 「やや難しい」※参考程度にお考えください</TD></TR><TR><td>【設定されている取り付け時間】 0.7時間</TD></TR><TR><td>※取付説明書が付属していない場合、ご連絡頂ければ対応致します。</TD></TR><TR><td>※上記の表示はあくまで参考程度としてお考え下さい。<br>技術の個人差や表示通りでは無い場合があります</TD></TR></TABLE><br><!--取付end--><!--カテゴリ--><br><table border=""1"" cellpadding=""5"" cellspacing=""0"" width=""100%""><tr><td>取り付け出来るか確認依頼する</td></tr><tr><td>同じ車種・年式で「別の部品」を確認する</td></tr><tr><td>同じ車種で「別の年式」を確認する</td></tr><tr><td>同じメーカーで「別の車種」を確認する</td></tr></table><br><!--カテゴリend-->",【フィットシャトル】純正 GP2 GG7 GG8 軽量アルミホイール MS-20 1本に付き パーツ ホンダ純正部品 安心の純正品 FIT オプション アクセサリー 用品：株式会社　スズキモータース,通信販売通販ショッピングオンラインショッピング買い物プレゼントギフト贈り物贈答品お中元お歳暮お買い得スズキモ【フィットシャトル】純正 GP2 GG7 GG8 軽量アルミホイール MS-20 1本に付き パーツ ホンダ純正部品 安心の純正品 FIT オプション アクセサリー 用品,【フィットシャトル】純正 GP2 GG7 GG8 軽量アルミホイール MS-20 1本に付き パーツ ホンダ純正部品 安心の純正品 FIT オプション アクセサリー 用品[rn]
11-164112,http://tshop.r10s.jp/suzukimotors/cabinet/img254687/aiv004.jpg?fitin=700:700,9696.0000,,車用品・バイク用品 > カー用品 > 内装パーツ > インテリアパネル > トヨタ用,【エアウェイブ】純正 GJ1 GJ2 アルミホイール/ユーロスポークR7 「1本からの販売 パーツ ホンダ純正部品 安心の純正品 airwave オプション アクセサリー 用品,,"<br><table border=""1"" width=""100%"" cellpadding=""5"" cellspacing=""0""><tr><td width=""100"" bgcolor=""#cccccc"">車種名</td><td>エアウェイブ</td></tr><tr><td bgcolor=""#cccccc"">適合年式</td><td>平成20年5月～22年8月</td></tr><tr><td bgcolor=""#cccccc"">品番</td><td>08W14-TF0-000A</td></tr></table><br><br><table border=""1"" width=""100%"" cellpadding=""5"" cellspacing=""0""><tr><td bgcolor=""#ffff99"">現行車の部品ではありません<br>メーカー在庫が無くなり次第廃止になる可能性があります。</td></tr></table><br><TABLE border=""1"" cellpadding=""0"" cellspacing=""0"" width=100%><TR><TD bgcolor=""#cccccc"" colspan=""30"" align=""center"" height=""30"">グレード別の適合表</TD></TR><TR><TD >M</TD><TD >M/Sパッケージ</TD><TD >ST</TD></TR><TR><TD >△</TD><TD >△</TD><TD >△</TD></TR></TABLE><br><br>[備考]<br>シルバー塗装。<br>14×5　1/2Jオフセット45。<br>1本。<br>アルミホイール用ホイールナットが必要です(メーカーオプションのアルミホイール装備車を除く)。<br>*メーカーオプションの14インチ(4WD車)アルミホイール装備車は取り外し装着となります。<br><br><br><br><table border=""1"" cellpadding=""5"" cellspacing=""0"" width=""100%""><tr><td>取り付け出来るか確認依頼する</td></tr><tr><td>同じ車種・年式で「別の部品」を確認する</td></tr><tr><td>同じ車種で「別の年式」を確認する</td></tr><tr><td>同じメーカーで「別の車種」を確認する</td></tr></table>",【エアウェイブ】純正 GJ1 GJ2 アルミホイール/ユーロスポークR7 「1本からの販売 パーツ ホンダ純正部品 安心の純正品 airwave オプション アクセサリー 用品：株式会社　スズキモータース,通信販売通販ショッピングオンラインショッピング買い物プレゼントギフト贈り物贈答品お中元お歳暮お買い得スズキモ【エアウェイブ】純正 GJ1 GJ2 アルミホイール/ユーロスポークR7 「1本からの販売 パーツ ホンダ純正部品 安心の純正品 airwave オプション アクセサリー 用品,【エアウェイブ】純正 GJ1 GJ2 アルミホイール/ユーロスポークR7 「1本からの販売 パーツ ホンダ純正部品 安心の純正品 airwave オプション アクセサリー 用品[rn]
11-164113,http://tshop.r10s.jp/suzukimotors/cabinet/imga3/cir021.jpg?fitin=700:700,3880.0000,,車用品・バイク用品 > カー用品 > 内装パーツ > インテリアパネル > トヨタ用,【シビックタイプR】純正 FD1 FD2 FD3 トランクフロアネット パーツ ホンダ純正部品 civic オプション アクセサリー 用品,,"<br><table border=""1"" width=""100%"" cellpadding=""5"" cellspacing=""0""><tr><td width=""100"" bgcolor=""#cccccc"">車種名</td><td>シビックタイプR</td></tr><tr><td bgcolor=""#cccccc"">適合年式</td><td>平成16年1月～17年9月</td></tr><tr><td bgcolor=""#cccccc"">品番</td><td>08P11-SM4-000</td></tr></table><br><br><table border=""1"" width=""100%"" cellpadding=""5"" cellspacing=""0""><tr><td bgcolor=""#ffff99"">現行車の部品ではありません<br>メーカー在庫が無くなり次第廃止になる可能性があります。</td></tr></table><br><br>全てのグレードに適合しております<br><br>[備考]<br>●トランク内に敷くだけで、走行中でも荷物を安定させることができます。<br><br><br><table border=""1"" cellpadding=""5"" cellspacing=""0"" width=""100%""><tr><td>取り付け出来るか確認依頼する</td></tr><tr><td>同じ車種・年式で「別の部品」を確認する</td></tr><tr><td>同じ車種で「別の年式」を確認する</td></tr><tr><td>同じメーカーで「別の車種」を確認する</td></tr></table>",【シビックタイプR】純正 FD1 FD2 FD3 トランクフロアネット パーツ ホンダ純正部品 civic オプション アクセサリー 用品：株式会社　スズキモータース,通信販売通販ショッピングオンラインショッピング買い物プレゼントギフト贈り物贈答品お中元お歳暮お買い得スズキモ【シビックタイプR】純正 FD1 FD2 FD3 トランクフロアネット パーツ ホンダ純正部品 civic オプション アクセサリー 用品,【シビックタイプR】純正 FD1 FD2 FD3 トランクフロアネット パーツ ホンダ純正部品 civic オプション アクセサリー 用品[rn]
11-164114,http://tshop.r10s.jp/suzukimotors/cabinet/img254687/aiv005.jpg?fitin=700:700,9696.0000,,車用品・バイク用品 > カー用品 > 内装パーツ > インテリアパネル > トヨタ用,【エアウェイブ】純正 GJ1 GJ2 アルミホイール/ME-001 1本からの販売 パーツ ホンダ純正部品 安心の純正品 airwave オプション アクセサリー 用品,,"<br><table border=""1"" width=""100%"" cellpadding=""5"" cellspacing=""0""><tr><td width=""100"" bgcolor=""#cccccc"">車種名</td><td>エアウェイブ</td></tr><tr><td bgcolor=""#cccccc"">適合年式</td><td>平成20年5月～22年8月</td></tr><tr><td bgcolor=""#cccccc"">品番</td><td>08W14-SAA-000E</td></tr></table><br><br><table border=""1"" width=""100%"" cellpadding=""5"" cellspacing=""0""><tr><td bgcolor=""#ffff99"">現行車の部品ではありません<br>メーカー在庫が無くなり次第廃止になる可能性があります。</td></tr></table><br><TABLE border=""1"" cellpadding=""0"" cellspacing=""0"" width=100%><TR><TD bgcolor=""#cccccc"" colspan=""30"" align=""center"" height=""30"">グレード別の適合表</TD></TR><TR><TD >M</TD><TD >M/Sパッケージ</TD><TD >ST</TD></TR><TR><TD >△</TD><TD >△</TD><TD >△</TD></TR></TABLE><br><br>[備考]<br>シルバー塗装。<br>14×5　1/2JJオフセット45。<br>1本。<br>アルミホイール用ホイールナットが必要です(メーカーオプションのアルミホイール装備車を除く)。<br>*メーカーオプションの14インチ(4WD車)アルミホイール装備車は取り外し装着となります。<br><br><br><br><table border=""1"" cellpadding=""5"" cellspacing=""0"" width=""100%""><tr><td>取り付け出来るか確認依頼する</td></tr><tr><td>同じ車種・年式で「別の部品」を確認する</td></tr><tr><td>同じ車種で「別の年式」を確認する</td></tr><tr><td>同じメーカーで「別の車種」を確認する</td></tr></table>",【エアウェイブ】純正 GJ1 GJ2 アルミホイール/ME-001 1本からの販売 パーツ ホンダ純正部品 安心の純正品 airwave オプション アクセサリー 用品：株式会社　スズキモータース,通信販売通販ショッピングオンラインショッピング買い物プレゼントギフト贈り物贈答品お中元お歳暮お買い得スズキモ【エアウェイブ】純正 GJ1 GJ2 アルミホイール/ME-001 1本からの販売 パーツ ホンダ純正部品 安心の純正品 airwave オプション アクセサリー 用品,【エアウェイブ】純正 GJ1 GJ2 アルミホイール/ME-001 1本からの販売 パーツ ホンダ純正部品 安心の純正品 airwave オプション アクセサリー 用品[rn]
11-164115,http://tshop.r10s.jp/suzukimotors/cabinet/imga12/spk011.jpg?fitin=700:700,12416.0000,,車用品・バイク用品 > カー用品 > 内装パーツ > インテリアパネル > トヨタ用,【スパイク】純正 GK1 GK2 アルミホイール 1本のみ （ME-001) パーツ ホンダ純正部品 安心の純正品 freedspike オプション アクセサリー 用品,,"<br><table border=""1"" width=""100%"" cellpadding=""5"" cellspacing=""0""><tr><td width=""100"" bgcolor=""#cccccc"">車種名</td><td>スパイク</td></tr><tr><td bgcolor=""#cccccc"">適合年式</td><td>平成16年2月～17年11月</td></tr><tr><td bgcolor=""#cccccc"">品番</td><td>08W14-SAA-000B</td></tr></table><br><br><table border=""1"" width=""100%"" cellpadding=""5"" cellspacing=""0""><tr><td bgcolor=""#ffff99"">現行車の部品ではありません<br>メーカー在庫が無くなり次第廃止になる可能性があります。</td></tr></table><br><br>Wタイプ wタイプLパッケージ(標準装備品を取り外して装着となります・装着上の注意があります) Aタイプ  AタイプLパッケージ(標準装備品を取り外して装着となります・装着上の注意があります) Y<br><br>[備考]<br>シルバー塗装<br>14×5 1/2JJ<br>オフセット45<br>価格・取付時間は1本<br>*Lパッケージ車の場合は標準装備のアルミホイールを取り外し装着となります。<br><br>10015902<br><br><table border=""1"" cellpadding=""5"" cellspacing=""0"" width=""100%""><tr><td>取り付け出来るか確認依頼する</td></tr><tr><td>同じ車種・年式で「別の部品」を確認する</td></tr><tr><td>同じ車種で「別の年式」を確認する</td></tr><tr><td>同じメーカーで「別の車種」を確認する</td></tr></table>",【スパイク】純正 GK1 GK2 アルミホイール 1本のみ （ME-001) パーツ ホンダ純正部品 安心の純正品 freedspike オプション アクセサリー 用品：株式会社　スズキモータース,通信販売通販ショッピングオンラインショッピング買い物プレゼントギフト贈り物贈答品お中元お歳暮お買い得スズキモ【スパイク】純正 GK1 GK2 アルミホイール 1本のみ （ME-001) パーツ ホンダ純正部品 安心の純正品 freedspike オプション アクセサリー 用品,【スパイク】純正 GK1 GK2 アルミホイール 1本のみ （ME-001) パーツ ホンダ純正部品 安心の純正品 freedspike オプション アクセサリー 用品[rn]
11-164116,http://tshop.r10s.jp/suzukimotors/cabinet/img254687/aiv006.jpg?fitin=700:700,9696.0000,,車用品・バイク用品 > カー用品 > 内装パーツ > インテリアパネル > トヨタ用,【エアウェイブ】純正 GJ1 GJ2 アルミホイール/ME-002 1本からの販売 パーツ ホンダ純正部品 安心の純正品 airwave オプション アクセサリー 用品,,"<br><table border=""1"" width=""100%"" cellpadding=""5"" cellspacing=""0""><tr><td width=""100"" bgcolor=""#cccccc"">車種名</td><td>エアウェイブ</td></tr><tr><td bgcolor=""#cccccc"">適合年式</td><td>平成20年5月～22年8月</td></tr><tr><td bgcolor=""#cccccc"">品番</td><td>08W14-SAA-000F</td></tr></table><br><br><table border=""1"" width=""100%"" cellpadding=""5"" cellspacing=""0""><tr><td bgcolor=""#ffff99"">現行車の部品ではありません<br>メーカー在庫が無くなり次第廃止になる可能性があります。</td></tr></table><br><TABLE border=""1"" cellpadding=""0"" cellspacing=""0"" width=100%><TR><TD bgcolor=""#cccccc"" colspan=""30"" align=""center"" height=""30"">グレード別の適合表</TD></TR><TR><TD >M</TD><TD >M/Sパッケージ</TD><TD >ST</TD></TR><TR><TD >△</TD><TD >△</TD><TD >△</TD></TR></TABLE><br><br>[備考]<br>シルバー塗装。<br>14×5　1/2JJオフセット45。<br>1本。<br>アルミホイール用ホイールナットが必要です(メーカーオプションのアルミホイール装備車を除く)。<br>*メーカーオプションの14インチ(4WD車)アルミホイール装備車は取り外し装着となります。<br><br><br><br><table border=""1"" cellpadding=""5"" cellspacing=""0"" width=""100%""><tr><td>取り付け出来るか確認依頼する</td></tr><tr><td>同じ車種・年式で「別の部品」を確認する</td></tr><tr><td>同じ車種で「別の年式」を確認する</td></tr><tr><td>同じメーカーで「別の車種」を確認する</td></tr></table>",【エアウェイブ】純正 GJ1 GJ2 アルミホイール/ME-002 1本からの販売 パーツ ホンダ純正部品 安心の純正品 airwave オプション アクセサリー 用品：株式会社　スズキモータース,通信販売通販ショッピングオンラインショッピング買い物プレゼントギフト贈り物贈答品お中元お歳暮お買い得スズキモ【エアウェイブ】純正 GJ1 GJ2 アルミホイール/ME-002 1本からの販売 パーツ ホンダ純正部品 安心の純正品 airwave オプション アクセサリー 用品,【エアウェイブ】純正 GJ1 GJ2 アルミホイール/ME-002 1本からの販売 パーツ ホンダ純正部品 安心の純正品 airwave オプション アクセサリー 用品[rn]
11-164117,http://tshop.r10s.jp/suzukimotors/cabinet/imga12/spk012.jpg?fitin=700:700,12416.0000,,車用品・バイク用品 > カー用品 > 内装パーツ > インテリアパネル > トヨタ用,【スパイク】純正 GK1 GK2 アルミホイール 1本のみ （ME-002) パーツ ホンダ純正部品 安心の純正品 freedspike オプション アクセサリー 用品,,"<br><table border=""1"" width=""100%"" cellpadding=""5"" cellspacing=""0""><tr><td width=""100"" bgcolor=""#cccccc"">車種名</td><td>スパイク</td></tr><tr><td bgcolor=""#cccccc"">適合年式</td><td>平成16年2月～17年11月</td></tr><tr><td bgcolor=""#cccccc"">品番</td><td>08W14-SAA-000C</td></tr></table><br><br><table border=""1"" width=""100%"" cellpadding=""5"" cellspacing=""0""><tr><td bgcolor=""#ffff99"">現行車の部品ではありません<br>メーカー在庫が無くなり次第廃止になる可能性があります。</td></tr></table><br><br>Wタイプ wタイプLパッケージ(標準装備品を取り外して装着となります・装着上の注意があります) Aタイプ  AタイプLパッケージ(標準装備品を取り外して装着となります・装着上の注意があります) Y<br><br>[備考]<br>シルバー塗装<br>14×5 1/2JJ<br>オフセット45<br>価格・取付時間は1本<br>*Lパッケージ車の場合は標準装備のアルミホイールを取り外し装着となります。<br><br>10015903<br><br><table border=""1"" cellpadding=""5"" cellspacing=""0"" width=""100%""><tr><td>取り付け出来るか確認依頼する</td></tr><tr><td>同じ車種・年式で「別の部品」を確認する</td></tr><tr><td>同じ車種で「別の年式」を確認する</td></tr><tr><td>同じメーカーで「別の車種」を確認する</td></tr></table>",【スパイク】純正 GK1 GK2 アルミホイール 1本のみ （ME-002) パーツ ホンダ純正部品 安心の純正品 freedspike オプション アクセサリー 用品：株式会社　スズキモータース,通信販売通販ショッピングオンラインショッピング買い物プレゼントギフト贈り物贈答品お中元お歳暮お買い得スズキモ【スパイク】純正 GK1 GK2 アルミホイール 1本のみ （ME-002) パーツ ホンダ純正部品 安心の純正品 freedspike オプション アクセサリー 用品,【スパイク】純正 GK1 GK2 アルミホイール 1本のみ （ME-002) パーツ ホンダ純正部品 安心の純正品 freedspike オプション アクセサリー 用品[rn]
11-164118,http://tshop.r10s.jp/suzukimotors/cabinet/img254687/aiv007.jpg?fitin=700:700,9696.0000,,車用品・バイク用品 > カー用品 > 内装パーツ > インテリアパネル > トヨタ用,【エアウェイブ】純正 GJ1 GJ2 アルミホイール/ME-003 1本からの販売 パーツ ホンダ純正部品 安心の純正品 airwave オプション アクセサリー 用品,,"<br><table border=""1"" width=""100%"" cellpadding=""5"" cellspacing=""0""><tr><td width=""100"" bgcolor=""#cccccc"">車種名</td><td>エアウェイブ</td></tr><tr><td bgcolor=""#cccccc"">適合年式</td><td>平成20年5月～22年8月</td></tr><tr><td bgcolor=""#cccccc"">品番</td><td>08W14-SEL-000E</td></tr></table><br><br><table border=""1"" width=""100%"" cellpadding=""5"" cellspacing=""0""><tr><td bgcolor=""#ffff99"">現行車の部品ではありません<br>メーカー在庫が無くなり次第廃止になる可能性があります。</td></tr></table><br><TABLE border=""1"" cellpadding=""0"" cellspacing=""0"" width=100%><TR><TD bgcolor=""#cccccc"" colspan=""30"" align=""center"" height=""30"">グレード別の適合表</TD></TR><TR><TD >M</TD><TD >M/Sパッケージ</TD><TD >ST</TD></TR><TR><TD >△</TD><TD >△</TD><TD >△</TD></TR></TABLE><br><br>[備考]<br>シルバー塗装。<br>14×5　1/2Jオフセット45。<br>1本。<br>アルミホイール用ホイールナットが必要です(メーカーオプションのアルミホイール装備車を除く)。<br>*メーカーオプションの14インチ(4WD車)アルミホイール装備車は取り外し装着となります。<br><br><br><br><table border=""1"" cellpadding=""5"" cellspacing=""0"" width=""100%""><tr><td>取り付け出来るか確認依頼する</td></tr><tr><td>同じ車種・年式で「別の部品」を確認する</td></tr><tr><td>同じ車種で「別の年式」を確認する</td></tr><tr><td>同じメーカーで「別の車種」を確認する</td></tr></table>",【エアウェイブ】純正 GJ1 GJ2 アルミホイール/ME-003 1本からの販売 パーツ ホンダ純正部品 安心の純正品 airwave オプション アクセサリー 用品：株式会社　スズキモータース,通信販売通販ショッピングオンラインショッピング買い物プレゼントギフト贈り物贈答品お中元お歳暮お買い得スズキモ【エアウェイブ】純正 GJ1 GJ2 アルミホイール/ME-003 1本からの販売 パーツ ホンダ純正部品 安心の純正品 airwave オプション アクセサリー 用品,【エアウェイブ】純正 GJ1 GJ2 アルミホイール/ME-003 1本からの販売 パーツ ホンダ純正部品 安心の純正品 airwave オプション アクセサリー 用品[rn]
11-164119,http://tshop.r10s.jp/suzukimotors/cabinet/imga12/spk014.jpg?fitin=700:700,17848.0000,,車用品・バイク用品 > カー用品 > 内装パーツ > インテリアパネル > トヨタ用,【スパイク】純正 GK1 GK2 アルミホイール 1本のみ （ランフィートスポークS5） パーツ ホンダ純正部品 安心の純正品 freedspike オプション アクセサリー 用品,,"<br><table border=""1"" width=""100%"" cellpadding=""5"" cellspacing=""0""><tr><td width=""100"" bgcolor=""#cccccc"">車種名</td><td>スパイク</td></tr><tr><td bgcolor=""#cccccc"">適合年式</td><td>平成16年2月～17年11月</td></tr><tr><td bgcolor=""#cccccc"">品番</td><td>08W15-SEY-000A</td></tr></table><br><br><table border=""1"" width=""100%"" cellpadding=""5"" cellspacing=""0""><tr><td bgcolor=""#ffff99"">現行車の部品ではありません<br>メーカー在庫が無くなり次第廃止になる可能性があります。</td></tr></table><br><br>Wタイプ wタイプLパッケージ(装着上の注意があります) Aタイプ  AタイプLパッケージ(装着上の注意があります) Y<br><br>[備考]<br>シルバー塗装<br>15×5 1/2JJ<br>オフセット45<br>価格・取付時間は1本<br>195/55R15タイヤが必要です。<br>*Lパッケージ車の場合は標準装備のアルミホイールを取り外し装着となります。<br><br>10015905<br><br><table border=""1"" cellpadding=""5"" cellspacing=""0"" width=""100%""><tr><td>取り付け出来るか確認依頼する</td></tr><tr><td>同じ車種・年式で「別の部品」を確認する</td></tr><tr><td>同じ車種で「別の年式」を確認する</td></tr><tr><td>同じメーカーで「別の車種」を確認する</td></tr></table>",【スパイク】純正 GK1 GK2 アルミホイール 1本のみ （ランフィートスポークS5） パーツ ホンダ純正部品 安心の純正品 freedspike オプション アクセサリー 用品：株式会社　スズキモータース,通信販売通販ショッピングオンラインショッピング買い物プレゼントギフト贈り物贈答品お中元お歳暮お買い得スズキモ【スパイク】純正 GK1 GK2 アルミホイール 1本のみ （ランフィートスポークS5） パーツ ホンダ純正部品 安心の純正品 freedspike オプション アクセサリー 用品,【スパイク】純正 GK1 GK2 アルミホイール 1本のみ （ランフィートスポークS5） パーツ ホンダ純正部品 安心の純正品 freedspike オプション アクセサリー 用品[rn]
11-164120,http://tshop.r10s.jp/suzukimotors/cabinet/img287840/hhrv004.jpg?fitin=700:700,13968.0000,,車用品・バイク用品 > カー用品 > 内装パーツ > インテリアパネル > トヨタ用,【HR-V】純正 GH1 GH2 GH3 GH4 アルミホイール ユーロスポークS5 ※1本からの販売 パーツ ホンダ純正部品 安心の純正品 オプション アクセサリー 用品,,"<!--詳細--><table border=""1"" width=""100%"" cellpadding=""5"" cellspacing=""0""><tr><td width=""150"" bgcolor=""#cccccc"">車種名</td><td>HR-V</td></tr><tr><td bgcolor=""#cccccc"">品名</td><td>アルミホイール ユーロスポークS5 ※1本からの販売</td></tr><tr><td bgcolor=""#cccccc"">取り付けできる年式</td><td><b><font color=#0033ff><font color=""#ff0000"">(重要) </font></font></b>平成13年7月～18年2月</td></tr><tr><td bgcolor=""#cccccc"">型式</td><td>GH1 GH2 GH3 GH4</td></tr><tr><td bgcolor=""#cccccc"">品番</td><td>08W15S2HB01</td></tr><tr><td bgcolor=""#cccccc"">詳細</td><td>オフセット45 PCD114.3 15×5 1/2JJ。<br>※標準装備アルミホイールを取り外し装着となります。<br></td></tr></table><!--詳細END--><br><br><table border=""1"" width=""100%"" cellpadding=""5"" cellspacing=""0""><tr><td colspan=""2"" align=""center"" bgcolor=""#cccccc""><b>取り付けに関して</b></td></tr><tr><td colspan=""2"" bgcolor=""#cccccc"">取り付けできるグレード</td></tr><tr><td>J/J45MT</td><td width=""30"">○</td></tr><tr><td>J/J4HMM</td><td>○</td></tr><tr><td>JS/JS4HMM</td><td>×</td></tr></table><br><!--取付--><br><table border=""1"" cellspacing=""0"" cellpadding=""5"" width=100%><TR><td>取り付け難易度は 「やや難しい」※参考程度にお考えください</TD></TR><TR><td>【設定されている取り付け時間】 0.7時間</TD></TR><TR><td>※取付説明書が付属していない場合、ご連絡頂ければ対応致します。</TD></TR><TR><td>※上記の表示はあくまで参考程度としてお考え下さい。<br>技術の個人差や表示通りでは無い場合があります</TD></TR></TABLE><br><!--取付end--><!--カテゴリ--><br><table border=""1"" cellpadding=""5"" cellspacing=""0"" width=""100%""><tr><td>取り付け出来るか確認依頼する</td></tr><tr><td>同じ車種・年式で「別の部品」を確認する</td></tr><tr><td>同じ車種で「別の年式」を確認する</td></tr><tr><td>同じメーカーで「別の車種」を確認する</td></tr></table><br><!--カテゴリend-->",【HR-V】純正 GH1 GH2 GH3 GH4 アルミホイール ユーロスポークS5 ※1本からの販売 パーツ ホンダ純正部品 安心の純正品 オプション アクセサリー 用品：株式会社　スズキモータース,通信販売通販ショッピングオンラインショッピング買い物プレゼントギフト贈り物贈答品お中元お歳暮お買い得スズキモ【HR-V】純正 GH1 GH2 GH3 GH4 アルミホイール ユーロスポークS5 ※1本からの販売 パーツ ホンダ純正部品 安心の純正品 オプション アクセサリー 用品,【HR-V】純正 GH1 GH2 GH3 GH4 アルミホイール ユーロスポークS5 ※1本からの販売 パーツ ホンダ純正部品 安心の純正品 オプション アクセサリー 用品[rn]
11-164121,http://tshop.r10s.jp/suzukimotors/cabinet/img436430/fits009.jpg?fitin=700:700,10864.0000,,車用品・バイク用品 > カー用品 > 内装パーツ > インテリアパネル > トヨタ用,【フィットシャトル】純正 GP2 GG7 GG8 アルミホイール用ホイールナット スプラインホイールナット16個セット クローム パーツ ホンダ純正部品 安心の純正品 FIT オプション アクセサリー 用品,,"<!--詳細--><table border=""1"" width=""100%"" cellpadding=""5"" cellspacing=""0""><tr><td width=""150"" bgcolor=""#cccccc"">車種名</td><td>フィットシャトル</td></tr><tr><td bgcolor=""#cccccc"">品名</td><td>アルミホイール用ホイールナット スプラインホイールナット16個セット クローム</td></tr><tr><td bgcolor=""#cccccc"">取り付けできる年式</td><td><b><font color=""#ff0000"">(重要) </font></b>平成23年6月～25年8月</td></tr><tr><td bgcolor=""#cccccc"">型式</td><td>GP2 GG7 GG8</td></tr><tr><td bgcolor=""#cccccc"">品番</td><td>08W42-TF0-000A</td></tr><tr><td bgcolor=""#cccccc"">詳細</td><td>マックガード社製。<br>スチールホイール装着車には装着できません。<br></td></tr></table><!--詳細END--><br><br><table border=""1"" width=""100%"" cellpadding=""5"" cellspacing=""0""><tr><td colspan=""2"" align=""center"" bgcolor=""#cccccc""><b>取り付けに関して</b></td></tr><tr><td colspan=""2"" bgcolor=""#cccccc"">取り付けできるグレード</td></tr><tr><td>全てのグレードに取り付け出来ます</td></tr></table><br><!--カテゴリ--><br><table border=""1"" cellpadding=""5"" cellspacing=""0"" width=""100%""><tr><td>取り付け出来るか確認依頼する</td></tr><tr><td>同じ車種・年式で「別の部品」を確認する</td></tr><tr><td>同じ車種で「別の年式」を確認する</td></tr><tr><td>同じメーカーで「別の車種」を確認する</td></tr></table><br><!--カテゴリend-->",【フィットシャトル】純正 GP2 GG7 GG8 アルミホイール用ホイールナット スプラインホイールナット16個セット クローム パーツ ホンダ純正部品 安心の純正品 FIT オプション アクセサリー 用品：株式会社　スズキモータース,通信販売通販ショッピングオンラインショッピング買い物プレゼントギフト贈り物贈答品お中元お歳暮お買い得スズキモ【フィットシャトル】純正 GP2 GG7 GG8 アルミホイール用ホイールナット スプラインホイールナット16個セット クローム パーツ ホンダ純正部品 安心の純正品 FIT オプション アクセサリー 用品,【フィットシャトル】純正 GP2 GG7 GG8 アルミホイール用ホイールナット スプラインホイールナット16個セット クローム パーツ ホンダ純正部品 安心の純正品 FIT オプション アクセサリー 用品[rn]
11-164122,http://tshop.r10s.jp/suzukimotors/cabinet/img287840/hhrv005.jpg?fitin=700:700,17848.0000,,車用品・バイク用品 > カー用品 > 内装パーツ > インテリアパネル > トヨタ用,【HR-V】純正 GH1 GH2 GH3 GH4 アルミホイール ユーロスポークH5 ※1本からの販売 パーツ ホンダ純正部品 安心の純正品 オプション アクセサリー 用品,,"<!--詳細--><table border=""1"" width=""100%"" cellpadding=""5"" cellspacing=""0""><tr><td width=""150"" bgcolor=""#cccccc"">車種名</td><td>HR-V</td></tr><tr><td bgcolor=""#cccccc"">品名</td><td>アルミホイール ユーロスポークH5 ※1本からの販売</td></tr><tr><td bgcolor=""#cccccc"">取り付けできる年式</td><td><b><font color=#0033ff><font color=""#ff0000"">(重要) </font></font></b>平成13年7月～18年2月</td></tr><tr><td bgcolor=""#cccccc"">型式</td><td>GH1 GH2 GH3 GH4</td></tr><tr><td bgcolor=""#cccccc"">品番</td><td>08W15S2HA01</td></tr><tr><td bgcolor=""#cccccc"">詳細</td><td>オフセット45 PCD114.3 15×5 1/2JJ。<br>※標準装備アルミホイールを取り外し装着となります。<br></td></tr></table><!--詳細END--><br><br><table border=""1"" width=""100%"" cellpadding=""5"" cellspacing=""0""><tr><td colspan=""2"" align=""center"" bgcolor=""#cccccc""><b>取り付けに関して</b></td></tr><tr><td colspan=""2"" bgcolor=""#cccccc"">取り付けできるグレード</td></tr><tr><td>J/J45MT</td><td width=""30"">○</td></tr><tr><td>J/J4HMM</td><td>○</td></tr><tr><td>JS/JS4HMM</td><td>×</td></tr></table><br><!--取付--><br><table border=""1"" cellspacing=""0"" cellpadding=""5"" width=100%><TR><td>取り付け難易度は 「やや難しい」※参考程度にお考えください</TD></TR><TR><td>【設定されている取り付け時間】 0.7時間</TD></TR><TR><td>※取付説明書が付属していない場合、ご連絡頂ければ対応致します。</TD></TR><TR><td>※上記の表示はあくまで参考程度としてお考え下さい。<br>技術の個人差や表示通りでは無い場合があります</TD></TR></TABLE><br><!--取付end--><!--カテゴリ--><br><table border=""1"" cellpadding=""5"" cellspacing=""0"" width=""100%""><tr><td>取り付け出来るか確認依頼する</td></tr><tr><td>同じ車種・年式で「別の部品」を確認する</td></tr><tr><td>同じ車種で「別の年式」を確認する</td></tr><tr><td>同じメーカーで「別の車種」を確認する</td></tr></table><br><!--カテゴリend-->",【HR-V】純正 GH1 GH2 GH3 GH4 アルミホイール ユーロスポークH5 ※1本からの販売 パーツ ホンダ純正部品 安心の純正品 オプション アクセサリー 用品：株式会社　スズキモータース,通信販売通販ショッピングオンラインショッピング買い物プレゼントギフト贈り物贈答品お中元お歳暮お買い得スズキモ【HR-V】純正 GH1 GH2 GH3 GH4 アルミホイール ユーロスポークH5 ※1本からの販売 パーツ ホンダ純正部品 安心の純正品 オプション アクセサリー 用品,【HR-V】純正 GH1 GH2 GH3 GH4 アルミホイール ユーロスポークH5 ※1本からの販売 パーツ ホンダ純正部品 安心の純正品 オプション アクセサリー 用品[rn]
11-164123,http://tshop.r10s.jp/suzukimotors/cabinet/img436430/fits009.jpg?fitin=700:700,12416.0000,,車用品・バイク用品 > カー用品 > 内装パーツ > インテリアパネル > トヨタ用,【フィットシャトル】純正 GP2 GG7 GG8 アルミホイール用ホイールナット スプラインホイールナット16個セット ガンメタリック パーツ ホンダ純正部品 安心の純正品 FIT オプション アクセサリー 用品,,"<!--詳細--><table border=""1"" width=""100%"" cellpadding=""5"" cellspacing=""0""><tr><td width=""150"" bgcolor=""#cccccc"">車種名</td><td>フィットシャトル</td></tr><tr><td bgcolor=""#cccccc"">品名</td><td>アルミホイール用ホイールナット スプラインホイールナット16個セット ガンメタリック</td></tr><tr><td bgcolor=""#cccccc"">取り付けできる年式</td><td><b><font color=""#ff0000"">(重要) </font></b>平成23年6月～25年8月</td></tr><tr><td bgcolor=""#cccccc"">型式</td><td>GP2 GG7 GG8</td></tr><tr><td bgcolor=""#cccccc"">品番</td><td>08W42-TF0-000B</td></tr><tr><td bgcolor=""#cccccc"">詳細</td><td>マックガード社製。<br>スチールホイール装着車には装着できません。<br></td></tr></table><!--詳細END--><br><br><table border=""1"" width=""100%"" cellpadding=""5"" cellspacing=""0""><tr><td colspan=""2"" align=""center"" bgcolor=""#cccccc""><b>取り付けに関して</b></td></tr><tr><td colspan=""2"" bgcolor=""#cccccc"">取り付けできるグレード</td></tr><tr><td>全てのグレードに取り付け出来ます</td></tr></table><br><!--カテゴリ--><br><table border=""1"" cellpadding=""5"" cellspacing=""0"" width=""100%""><tr><td>取り付け出来るか確認依頼する</td></tr><tr><td>同じ車種・年式で「別の部品」を確認する</td></tr><tr><td>同じ車種で「別の年式」を確認する</td></tr><tr><td>同じメーカーで「別の車種」を確認する</td></tr></table><br><!--カテゴリend-->",【フィットシャトル】純正 GP2 GG7 GG8 アルミホイール用ホイールナット スプラインホイールナット16個セット ガンメタリック パーツ ホンダ純正部品 安心の純正品 FIT オプション アクセサリー 用品：株式会社　スズキモータース,通信販売通販ショッピングオンラインショッピング買い物プレゼントギフト贈り物贈答品お中元お歳暮お買い得スズキモ【フィットシャトル】純正 GP2 GG7 GG8 アルミホイール用ホイールナット スプラインホイールナット16個セット ガンメタリック パーツ ホンダ純正部品 安心の純正品 FIT オプション アクセサリー 用品,【フィットシャトル】純正 GP2 GG7 GG8 アルミホイール用ホイールナット スプラインホイールナット16個セット ガンメタリック パーツ ホンダ純正部品 安心の純正品 FIT オプション アクセサリー 用品[rn]
11-164124,http://tshop.r10s.jp/suzukimotors/cabinet/img287840/hhrv007.jpg?fitin=700:700,39576.0000,,車用品・バイク用品 > カー用品 > 内装パーツ > インテリアパネル > トヨタ用,【HR-V】純正 GH1 GH2 GH3 GH4 アルミホイール ユーロトルネード(クロームメッキ） ※1本からの販売 パーツ ホンダ純正部品 安心の純正品 オプション アクセサリー 用品,,"<!--詳細--><table border=""1"" width=""100%"" cellpadding=""5"" cellspacing=""0""><tr><td width=""150"" bgcolor=""#cccccc"">車種名</td><td>HR-V</td></tr><tr><td bgcolor=""#cccccc"">品名</td><td>アルミホイール ユーロトルネード(クロームメッキ） ※1本からの販売</td></tr><tr><td bgcolor=""#cccccc"">取り付けできる年式</td><td><b><font color=#0033ff><font color=""#ff0000"">(重要) </font></font></b>平成13年7月～18年2月</td></tr><tr><td bgcolor=""#cccccc"">型式</td><td>GH1 GH2 GH3 GH4</td></tr><tr><td bgcolor=""#cccccc"">品番</td><td>08W16S2HB01</td></tr><tr><td bgcolor=""#cccccc"">詳細</td><td>オフセット45 PCD114.3 16×6JJ。<br>※標準装備アルミホイールを取り外し装着となります。<br>205/60Rタイヤを別途お買い求めください。<br></td></tr></table><!--詳細END--><br><br><table border=""1"" width=""100%"" cellpadding=""5"" cellspacing=""0""><tr><td colspan=""2"" align=""center"" bgcolor=""#cccccc""><b>取り付けに関して</b></td></tr><tr><td colspan=""2"" bgcolor=""#cccccc"">取り付けできるグレード</td></tr><tr><td>全てのグレードに取り付け出来ます</td></tr></table><br><!--取付--><br><table border=""1"" cellspacing=""0"" cellpadding=""5"" width=100%><TR><td>取り付け難易度は 「やや難しい」※参考程度にお考えください</TD></TR><TR><td>【設定されている取り付け時間】 0.7時間</TD></TR><TR><td>※取付説明書が付属していない場合、ご連絡頂ければ対応致します。</TD></TR><TR><td>※上記の表示はあくまで参考程度としてお考え下さい。<br>技術の個人差や表示通りでは無い場合があります</TD></TR></TABLE><br><!--取付end--><!--カテゴリ--><br><table border=""1"" cellpadding=""5"" cellspacing=""0"" width=""100%""><tr><td>取り付け出来るか確認依頼する</td></tr><tr><td>同じ車種・年式で「別の部品」を確認する</td></tr><tr><td>同じ車種で「別の年式」を確認する</td></tr><tr><td>同じメーカーで「別の車種」を確認する</td></tr></table><br><!--カテゴリend-->",【HR-V】純正 GH1 GH2 GH3 GH4 アルミホイール ユーロトルネード(クロームメッキ） ※1本からの販売 パーツ ホンダ純正部品 安心の純正品 オプション アクセサリー 用品：株式会社　スズキモータース,通信販売通販ショッピングオンラインショッピング買い物プレゼントギフト贈り物贈答品お中元お歳暮お買い得スズキモ【HR-V】純正 GH1 GH2 GH3 GH4 アルミホイール ユーロトルネード(クロームメッキ） ※1本からの販売 パーツ ホンダ純正部品 安心の純正品 オプション アクセサリー 用品,【HR-V】純正 GH1 GH2 GH3 GH4 アルミホイール ユーロトルネード(クロームメッキ） ※1本からの販売 パーツ ホンダ純正部品 安心の純正品 オプション アクセサリー 用品[rn]
11-164125,http://tshop.r10s.jp/suzukimotors/cabinet/img287840/hhrv014.jpg?fitin=700:700,3880.0000,,車用品・バイク用品 > カー用品 > 内装パーツ > インテリアパネル > トヨタ用,【HR-V】純正 GH1 GH2 GH3 GH4 トランクフロアネット パーツ ホンダ純正部品 オプション アクセサリー 用品,,"<!--詳細--><table border=""1"" width=""100%"" cellpadding=""5"" cellspacing=""0""><tr><td width=""150"" bgcolor=""#cccccc"">車種名</td><td>HR-V</td></tr><tr><td bgcolor=""#cccccc"">品名</td><td>トランクフロアネット</td></tr><tr><td bgcolor=""#cccccc"">取り付けできる年式</td><td><b><font color=#0033ff><font color=""#ff0000"">(重要) </font></font></b>平成13年7月～18年2月</td></tr><tr><td bgcolor=""#cccccc"">型式</td><td>GH1 GH2 GH3 GH4</td></tr><tr><td bgcolor=""#cccccc"">品番</td><td>08P11SM4000</td></tr><tr><td bgcolor=""#cccccc"">詳細</td><td></td></tr></table><!--詳細END--><br><br><table border=""1"" width=""100%"" cellpadding=""5"" cellspacing=""0""><tr><td colspan=""2"" align=""center"" bgcolor=""#cccccc""><b>取り付けに関して</b></td></tr><tr><td colspan=""2"" bgcolor=""#cccccc"">取り付けできるグレード</td></tr><tr><td>全てのグレードに取り付け出来ます</td></tr></table><br><!--カテゴリ--><br><table border=""1"" cellpadding=""5"" cellspacing=""0"" width=""100%""><tr><td>取り付け出来るか確認依頼する</td></tr><tr><td>同じ車種・年式で「別の部品」を確認する</td></tr><tr><td>同じ車種で「別の年式」を確認する</td></tr><tr><td>同じメーカーで「別の車種」を確認する</td></tr></table><br><!--カテゴリend-->",【HR-V】純正 GH1 GH2 GH3 GH4 トランクフロアネット パーツ ホンダ純正部品 オプション アクセサリー 用品：株式会社　スズキモータース,通信販売通販ショッピングオンラインショッピング買い物プレゼントギフト贈り物贈答品お中元お歳暮お買い得スズキモ【HR-V】純正 GH1 GH2 GH3 GH4 トランクフロアネット パーツ ホンダ純正部品 オプション アクセサリー 用品,【HR-V】純正 GH1 GH2 GH3 GH4 トランクフロアネット パーツ ホンダ純正部品 オプション アクセサリー 用品[rn]
11-164126,http://tshop.r10s.jp/suzukimotors/cabinet/img254687/aiv025.jpg?fitin=700:700,76824.0000,,車用品・バイク用品 > カー用品 > 内装パーツ > インテリアパネル > トヨタ用,【エアウェイブ】純正 GJ1 GJ2 リアルレザーシートトリム パーツ ホンダ純正部品 airwave オプション アクセサリー 用品,,"<br><table border=""1"" width=""100%"" cellpadding=""5"" cellspacing=""0""><tr><td width=""100"" bgcolor=""#cccccc"">車種名</td><td>エアウェイブ</td></tr><tr><td bgcolor=""#cccccc"">適合年式</td><td>平成20年5月～22年8月</td></tr><tr><td bgcolor=""#cccccc"">品番</td><td>08P32-SLA-000A</td></tr></table><br><br><table border=""1"" width=""100%"" cellpadding=""5"" cellspacing=""0""><tr><td bgcolor=""#ffff99"">現行車の部品ではありません<br>メーカー在庫が無くなり次第廃止になる可能性があります。</td></tr></table><br><TABLE border=""1"" cellpadding=""0"" cellspacing=""0"" width=100%><TR><TD bgcolor=""#cccccc"" colspan=""30"" align=""center"" height=""30"">グレード別の適合表</TD></TR><TR><TD >M</TD><TD >M/Sパッケージ</TD><TD >ST</TD></TR><TR><TD >△</TD><TD >○</TD><TD >△</TD></TR></TABLE><br><br>[備考]<br>本革製フルシートカバー/ブラック。<br>フロント・リアセット。<br>マルチネット、ペットカーゴカバーとの同時装着はできません。<br>*メーカーオプションの前席用i-サイドエアバッグシステム装備車には装着できません。<br><br>ブラック<br><br><br><br><table border=""1"" cellpadding=""5"" cellspacing=""0"" width=""100%""><tr><td>取り付け出来るか確認依頼する</td></tr><tr><td>同じ車種・年式で「別の部品」を確認する</td></tr><tr><td>同じ車種で「別の年式」を確認する</td></tr><tr><td>同じメーカーで「別の車種」を確認する</td></tr></table>",【エアウェイブ】純正 GJ1 GJ2 リアルレザーシートトリム パーツ ホンダ純正部品 airwave オプション アクセサリー 用品：株式会社　スズキモータース,通信販売通販ショッピングオンラインショッピング買い物プレゼントギフト贈り物贈答品お中元お歳暮お買い得スズキモ【エアウェイブ】純正 GJ1 GJ2 リアルレザーシートトリム パーツ ホンダ純正部品 airwave オプション アクセサリー 用品,【エアウェイブ】純正 GJ1 GJ2 リアルレザーシートトリム パーツ ホンダ純正部品 airwave オプション アクセサリー 用品[rn]
11-164127,http://tshop.r10s.jp/suzukimotors/cabinet/img15625/zet005.jpg?fitin=700:700,15912.0000,,車用品・バイク用品 > カー用品 > 内装パーツ > インテリアパネル > トヨタ用,【ゼスト】純正 JE1 JE2 アルミホイール/MS-005 1本からの販売 パーツ ホンダ純正部品 安心の純正品 zest オプション アクセサリー 用品,,"<!--詳細--><table border=""1"" width=""100%"" cellpadding=""5"" cellspacing=""0""><tr><td width=""150"" bgcolor=""#cccccc"">車種名</td><td>ゼスト</td></tr><tr><td bgcolor=""#cccccc"">品名</td><td>アルミホイール/MS-005</td></tr><tr><td bgcolor=""#cccccc"">取り付けできる年式</td><td><b><font color=""#ff0000"">(重要) </font></b>平成19年2月～20年5月</td></tr><tr><td bgcolor=""#cccccc"">型式</td><td>JE1 JE2</td></tr><tr><td bgcolor=""#cccccc"">品番</td><td>08W14-SFA-000</td></tr><tr><td bgcolor=""#cccccc"">詳細</td><td>1本全面切削14×4 1/2J 4穴オフセット45 PCD100*メーカーオプションの14インチホイール装備車に装着できます。<br>アルミホイール用ホイールナットが必要です。<br></td></tr></table><!--詳細END--><br><br><table border=""1"" width=""100%"" cellpadding=""5"" cellspacing=""0""><tr><td colspan=""2"" align=""center"" bgcolor=""#cccccc""><b>取り付けに関して</b></td></tr><tr><td colspan=""2"" bgcolor=""#cccccc"">取り付けできるグレード</td></tr><tr><td>全てのグレードに取り付け出来ます</td></tr></table><br><!--カテゴリ--><br><table border=""1"" cellpadding=""5"" cellspacing=""0"" width=""100%""><tr><td>取り付け出来るか確認依頼する</td></tr><tr><td>同じ車種・年式で「別の部品」を確認する</td></tr><tr><td>同じ車種で「別の年式」を確認する</td></tr><tr><td>同じメーカーで「別の車種」を確認する</td></tr></table><br><!--カテゴリend-->",【ゼスト】純正 JE1 JE2 アルミホイール/MS-005 1本からの販売 パーツ ホンダ純正部品 安心の純正品 zest オプション アクセサリー 用品：株式会社　スズキモータース,通信販売通販ショッピングオンラインショッピング買い物プレゼントギフト贈り物贈答品お中元お歳暮お買い得スズキモ【ゼスト】純正 JE1 JE2 アルミホイール/MS-005 1本からの販売 パーツ ホンダ純正部品 安心の純正品 zest オプション アクセサリー 用品,【ゼスト】純正 JE1 JE2 アルミホイール/MS-005 1本からの販売 パーツ ホンダ純正部品 安心の純正品 zest オプション アクセサリー 用品[rn]
11-164128,http://tshop.r10s.jp/suzukimotors/cabinet/img456543/zes007.jpg?fitin=700:700,9312.0000,,車用品・バイク用品 > カー用品 > 内装パーツ > インテリアパネル > トヨタ用,【ゼスト】純正 JE1 JE2 アルミホイール/ME-006 1本からの販売 パーツ ホンダ純正部品 安心の純正品 zest オプション アクセサリー 用品,,"<!--詳細--><table border=""1"" width=""100%"" cellpadding=""5"" cellspacing=""0""><tr><td width=""150"" bgcolor=""#cccccc"">車種名</td><td>ゼスト</td></tr><tr><td bgcolor=""#cccccc"">品名</td><td>アルミホイール/ME-006</td></tr><tr><td bgcolor=""#cccccc"">取り付けできる年式</td><td><b><font color=""#ff0000"">(重要) </font></b>平成20年5月～21年11月</td></tr><tr><td bgcolor=""#cccccc"">型式</td><td>JE1 JE2</td></tr><tr><td bgcolor=""#cccccc"">品番</td><td>08W14-SZH-000A</td></tr><tr><td bgcolor=""#cccccc"">詳細</td><td>1本。<br>シルバー塗装。<br>*メーカーオプションの14インチアルミホイール装備車に装着できます。<br>Dに装着する場合アルミホイール用ホイールナットが必要です。<br>14×4 1/2J オフセット45 4穴 PCD100 </td></tr></table><!--詳細END--><br><br><table border=""1"" width=""100%"" cellpadding=""5"" cellspacing=""0""><tr><td colspan=""2"" align=""center"" bgcolor=""#cccccc""><b>取り付けに関して</b></td></tr><tr><td colspan=""2"" bgcolor=""#cccccc"">取り付けできるグレード</td></tr><tr><td>全てのグレードに取り付け出来ます</td></tr></table><br><!--カテゴリ--><br><table border=""1"" cellpadding=""5"" cellspacing=""0"" width=""100%""><tr><td>取り付け出来るか確認依頼する</td></tr><tr><td>同じ車種・年式で「別の部品」を確認する</td></tr><tr><td>同じ車種で「別の年式」を確認する</td></tr><tr><td>同じメーカーで「別の車種」を確認する</td></tr></table><br><!--カテゴリend-->",【ゼスト】純正 JE1 JE2 アルミホイール/ME-006 1本からの販売 パーツ ホンダ純正部品 安心の純正品 zest オプション アクセサリー 用品：株式会社　スズキモータース,通信販売通販ショッピングオンラインショッピング買い物プレゼントギフト贈り物贈答品お中元お歳暮お買い得スズキモ【ゼスト】純正 JE1 JE2 アルミホイール/ME-006 1本からの販売 パーツ ホンダ純正部品 安心の純正品 zest オプション アクセサリー 用品,【ゼスト】純正 JE1 JE2 アルミホイール/ME-006 1本からの販売 パーツ ホンダ純正部品 安心の純正品 zest オプション アクセサリー 用品[rn]
11-164129,http://tshop.r10s.jp/suzukimotors/cabinet/img456543/zes008.jpg?fitin=700:700,9696.0000,,車用品・バイク用品 > カー用品 > 内装パーツ > インテリアパネル > トヨタ用,【ゼスト】純正 JE1 JE2 アルミホイール/ME-001 1本からの販売 パーツ ホンダ純正部品 安心の純正品 zest オプション アクセサリー 用品,,"<!--詳細--><table border=""1"" width=""100%"" cellpadding=""5"" cellspacing=""0""><tr><td width=""150"" bgcolor=""#cccccc"">車種名</td><td>ゼスト</td></tr><tr><td bgcolor=""#cccccc"">品名</td><td>アルミホイール/ME-001</td></tr><tr><td bgcolor=""#cccccc"">取り付けできる年式</td><td><b><font color=""#ff0000"">(重要) </font></b>平成20年5月～21年11月</td></tr><tr><td bgcolor=""#cccccc"">型式</td><td>JE1 JE2</td></tr><tr><td bgcolor=""#cccccc"">品番</td><td>08W14-SFA-000B</td></tr><tr><td bgcolor=""#cccccc"">詳細</td><td>1本。<br>シルバー塗装。<br>*メーカーオプションの14インチアルミホイール装備車に装着できます。<br>Dに装着する場合アルミホイール用ホイールナットが必要です。<br>14×4 1/2J オフセット45 4穴 PCD100 </td></tr></table><!--詳細END--><br><br><table border=""1"" width=""100%"" cellpadding=""5"" cellspacing=""0""><tr><td colspan=""2"" align=""center"" bgcolor=""#cccccc""><b>取り付けに関して</b></td></tr><tr><td colspan=""2"" bgcolor=""#cccccc"">取り付けできるグレード</td></tr><tr><td>全てのグレードに取り付け出来ます</td></tr></table><br><!--カテゴリ--><br><table border=""1"" cellpadding=""5"" cellspacing=""0"" width=""100%""><tr><td>取り付け出来るか確認依頼する</td></tr><tr><td>同じ車種・年式で「別の部品」を確認する</td></tr><tr><td>同じ車種で「別の年式」を確認する</td></tr><tr><td>同じメーカーで「別の車種」を確認する</td></tr></table><br><!--カテゴリend-->",【ゼスト】純正 JE1 JE2 アルミホイール/ME-001 1本からの販売 パーツ ホンダ純正部品 安心の純正品 zest オプション アクセサリー 用品：株式会社　スズキモータース,通信販売通販ショッピングオンラインショッピング買い物プレゼントギフト贈り物贈答品お中元お歳暮お買い得スズキモ【ゼスト】純正 JE1 JE2 アルミホイール/ME-001 1本からの販売 パーツ ホンダ純正部品 安心の純正品 zest オプション アクセサリー 用品,【ゼスト】純正 JE1 JE2 アルミホイール/ME-001 1本からの販売 パーツ ホンダ純正部品 安心の純正品 zest オプション アクセサリー 用品[rn]
11-164130,http://tshop.r10s.jp/suzukimotors/cabinet/img15625/zet006.jpg?fitin=700:700,9696.0000,,車用品・バイク用品 > カー用品 > 内装パーツ > インテリアパネル > トヨタ用,【ゼスト】純正 JE1 JE2 アルミホイール/ME-001 1本からの販売 パーツ ホンダ純正部品 安心の純正品 zest オプション アクセサリー 用品,,"<!--詳細--><table border=""1"" width=""100%"" cellpadding=""5"" cellspacing=""0""><tr><td width=""150"" bgcolor=""#cccccc"">車種名</td><td>ゼスト</td></tr><tr><td bgcolor=""#cccccc"">品名</td><td>アルミホイール/ME-001</td></tr><tr><td bgcolor=""#cccccc"">取り付けできる年式</td><td><b><font color=""#ff0000"">(重要) </font></b>平成19年2月～20年5月</td></tr><tr><td bgcolor=""#cccccc"">型式</td><td>JE1 JE2</td></tr><tr><td bgcolor=""#cccccc"">品番</td><td>08W14-SFA-000B</td></tr><tr><td bgcolor=""#cccccc"">詳細</td><td>1本シルバー塗装14×4 1/2J 4穴オフセット45 PCD100*メーカーオプションの14インチホイール装備車に装着できます。<br>アルミホイール用ホイールナットが必要です。<br></td></tr></table><!--詳細END--><br><br><table border=""1"" width=""100%"" cellpadding=""5"" cellspacing=""0""><tr><td colspan=""2"" align=""center"" bgcolor=""#cccccc""><b>取り付けに関して</b></td></tr><tr><td colspan=""2"" bgcolor=""#cccccc"">取り付けできるグレード</td></tr><tr><td>全てのグレードに取り付け出来ます</td></tr></table><br><!--カテゴリ--><br><table border=""1"" cellpadding=""5"" cellspacing=""0"" width=""100%""><tr><td>取り付け出来るか確認依頼する</td></tr><tr><td>同じ車種・年式で「別の部品」を確認する</td></tr><tr><td>同じ車種で「別の年式」を確認する</td></tr><tr><td>同じメーカーで「別の車種」を確認する</td></tr></table><br><!--カテゴリend-->",【ゼスト】純正 JE1 JE2 アルミホイール/ME-001 1本からの販売 パーツ ホンダ純正部品 安心の純正品 zest オプション アクセサリー 用品：株式会社　スズキモータース,通信販売通販ショッピングオンラインショッピング買い物プレゼントギフト贈り物贈答品お中元お歳暮お買い得スズキモ【ゼスト】純正 JE1 JE2 アルミホイール/ME-001 1本からの販売 パーツ ホンダ純正部品 安心の純正品 zest オプション アクセサリー 用品,【ゼスト】純正 JE1 JE2 アルミホイール/ME-001 1本からの販売 パーツ ホンダ純正部品 安心の純正品 zest オプション アクセサリー 用品[rn]
11-164131,http://tshop.r10s.jp/suzukimotors/cabinet/img456543/zes009.jpg?fitin=700:700,15912.0000,,車用品・バイク用品 > カー用品 > 内装パーツ > インテリアパネル > トヨタ用,【ゼスト】純正 JE1 JE2 アルミホイール/MS-005 1本からの販売 パーツ ホンダ純正部品 安心の純正品 zest オプション アクセサリー 用品,,"<!--詳細--><table border=""1"" width=""100%"" cellpadding=""5"" cellspacing=""0""><tr><td width=""150"" bgcolor=""#cccccc"">車種名</td><td>ゼスト</td></tr><tr><td bgcolor=""#cccccc"">品名</td><td>アルミホイール/MS-005</td></tr><tr><td bgcolor=""#cccccc"">取り付けできる年式</td><td><b><font color=""#ff0000"">(重要) </font></b>平成20年5月～21年11月</td></tr><tr><td bgcolor=""#cccccc"">型式</td><td>JE1 JE2</td></tr><tr><td bgcolor=""#cccccc"">品番</td><td>08W14-SFA-000</td></tr><tr><td bgcolor=""#cccccc"">詳細</td><td>1本。<br>全面切削。<br>*メーカーオプションの14インチアルミホイール装備車に装着できます。<br>Dに装着する場合アルミホイール用ホイールナットが必要です。<br>14×4 1/2J オフセット45 4穴 PCD100 </td></tr></table><!--詳細END--><br><br><table border=""1"" width=""100%"" cellpadding=""5"" cellspacing=""0""><tr><td colspan=""2"" align=""center"" bgcolor=""#cccccc""><b>取り付けに関して</b></td></tr><tr><td colspan=""2"" bgcolor=""#cccccc"">取り付けできるグレード</td></tr><tr><td>全てのグレードに取り付け出来ます</td></tr></table><br><!--カテゴリ--><br><table border=""1"" cellpadding=""5"" cellspacing=""0"" width=""100%""><tr><td>取り付け出来るか確認依頼する</td></tr><tr><td>同じ車種・年式で「別の部品」を確認する</td></tr><tr><td>同じ車種で「別の年式」を確認する</td></tr><tr><td>同じメーカーで「別の車種」を確認する</td></tr></table><br><!--カテゴリend-->",【ゼスト】純正 JE1 JE2 アルミホイール/MS-005 1本からの販売 パーツ ホンダ純正部品 安心の純正品 zest オプション アクセサリー 用品：株式会社　スズキモータース,通信販売通販ショッピングオンラインショッピング買い物プレゼントギフト贈り物贈答品お中元お歳暮お買い得スズキモ【ゼスト】純正 JE1 JE2 アルミホイール/MS-005 1本からの販売 パーツ ホンダ純正部品 安心の純正品 zest オプション アクセサリー 用品,【ゼスト】純正 JE1 JE2 アルミホイール/MS-005 1本からの販売 パーツ ホンダ純正部品 安心の純正品 zest オプション アクセサリー 用品[rn]
11-164132,http://tshop.r10s.jp/suzukimotors/cabinet/img972910/pida003.jpg?fitin=700:700,2328.0000,,車用品・バイク用品 > カー用品 > 内装パーツ > インテリアパネル > トヨタ用,【フリードスパイク】純正 GP3 キックガード（運転席／助手席シートバック取付用） パーツ ホンダ純正部品 保護シート 背面 FREED オプション アクセサリー 用品,,"<!--詳細--><table border=""1"" width=""100%"" cellpadding=""5"" cellspacing=""0""><tr><td width=""150"" bgcolor=""#cccccc"">車種名</td><td>フリードスパイク</td></tr><tr><td bgcolor=""#cccccc"">品名</td><td>キックガード（運転席／助手席シートバック取付用）</td></tr><tr><td bgcolor=""#cccccc"">取り付けできる年式</td><td><b><font color=""#ff0000"">(重要) </font></b>平成26年4月～next</td></tr><tr><td bgcolor=""#cccccc"">型式</td><td>GP3</td></tr><tr><td bgcolor=""#cccccc"">品番</td><td>08P33-SYA-000A</td></tr><tr><td bgcolor=""#cccccc"">詳細</td><td>ラゲッジルームに載せたグッズなどからシートバックを保護。<br>汚れても容易に脱着でき、洗ってご使用になれます。<br>小物の入るポケット付き。<br>※ペットシートマット、マルチフックシステム（シートバック取付用）との同時使用はできません。<br>※助手席シートに装着の場合、標準装備のシートバックポケット、コンビニフックは使用できません。<br>※シートカバー革調タイプと同時装着した場合、装着した座席シートバックポケットは使用できません。<br>※写真のカーゴマット ロングタイプは別売です。<br></td></tr></table><!--詳細END--><br><br><table border=""1"" width=""100%"" cellpadding=""5"" cellspacing=""0""><tr><td colspan=""2"" align=""center"" bgcolor=""#cccccc""><b>取り付けに関して</b></td></tr><tr><td colspan=""2"" bgcolor=""#cccccc"">取り付けできるグレード</td></tr><tr><td>全てのグレードに取り付け出来ます</td></tr></table><br><!--カテゴリ--><br><table border=""1"" cellpadding=""5"" cellspacing=""0"" width=""100%""><tr><td>取り付け出来るか確認依頼する</td></tr><tr><td>同じ車種・年式で「別の部品」を確認する</td></tr><tr><td>同じ車種で「別の年式」を確認する</td></tr><tr><td>同じメーカーで「別の車種」を確認する</td></tr></table><br><!--カテゴリend-->",【フリードスパイク】純正 GP3 キックガード（運転席／助手席シートバック取付用） パーツ ホンダ純正部品 保護シート 背面 FREED オプション アクセサリー 用品：株式会社　スズキモータース,通信販売通販ショッピングオンラインショッピング買い物プレゼントギフト贈り物贈答品お中元お歳暮お買い得スズキモ【フリードスパイク】純正 GP3 キックガード（運転席／助手席シートバック取付用） パーツ ホンダ純正部品 保護シート 背面 FREED オプション アクセサリー 用品,【フリードスパイク】純正 GP3 キックガード（運転席／助手席シートバック取付用） パーツ ホンダ純正部品 保護シート 背面 FREED オプション アクセサリー 用品[rn]
11-164133,http://tshop.r10s.jp/suzukimotors/cabinet/img972910/pida004.jpg?fitin=700:700,16296.0000,,車用品・バイク用品 > カー用品 > 内装パーツ > インテリアパネル > トヨタ用,【フリードスパイク】純正 GP3 ル-フィンサイドレール（左右セット） パーツ ホンダ純正部品 FREED オプション アクセサリー 用品,,"<!--詳細--><table border=""1"" width=""100%"" cellpadding=""5"" cellspacing=""0""><tr><td width=""150"" bgcolor=""#cccccc"">車種名</td><td>フリードスパイク</td></tr><tr><td bgcolor=""#cccccc"">品名</td><td>ル-フィンサイドレール（左右セット）</td></tr><tr><td bgcolor=""#cccccc"">取り付けできる年式</td><td><b><font color=""#ff0000"">(重要) </font></b>平成26年4月～next</td></tr><tr><td bgcolor=""#cccccc"">型式</td><td>GP3</td></tr><tr><td bgcolor=""#cccccc"">品番</td><td>08Z08-SFM-000A</td></tr><tr><td bgcolor=""#cccccc"">詳細</td><td>ウェアや小物を掛けられるうえ、左右のレールを使用して天井スペースを活用可能。<br>工夫次第で様々に使えます。<br>許容荷重：片側5.0kg。<br>全長：107cm（運転席側）／84cm(助手席側）。<br>※ピラーイルミネーションとの同時装着はできません。<br>※前席側i-サイドエアバックシステム+サイドカーテンエアバックシステム装備車には装着できません。<br>※安全のため走行の際は荷物をしっかり固定し、後方視界を確保してください。<br>※5kgを超える荷重をかけないでください。<br></td></tr></table><!--詳細END--><br><br><table border=""1"" width=""100%"" cellpadding=""5"" cellspacing=""0""><tr><td colspan=""2"" align=""center"" bgcolor=""#cccccc""><b>取り付けに関して</b></td></tr><tr><td colspan=""2"" bgcolor=""#cccccc"">取り付けできるグレード</td></tr><tr><td>全てのグレードに取り付け出来ます</td></tr></table><br><!--取付--><br><table border=""1"" cellspacing=""0"" cellpadding=""5"" width=100%><TR><td>取り付け難易度は 「ふつう」※参考程度にお考えください</TD></TR><TR><td>【設定されている取り付け時間】 0.5時間</TD></TR><TR><td>※取付説明書が付属していない場合、ご連絡頂ければ対応致します。</TD></TR><TR><td>※上記の表示はあくまで参考程度としてお考え下さい。<br>技術の個人差や表示通りでは無い場合があります</TD></TR></TABLE><br><!--取付end--><!--カテゴリ--><br><table border=""1"" cellpadding=""5"" cellspacing=""0"" width=""100%""><tr><td>取り付け出来るか確認依頼する</td></tr><tr><td>同じ車種・年式で「別の部品」を確認する</td></tr><tr><td>同じ車種で「別の年式」を確認する</td></tr><tr><td>同じメーカーで「別の車種」を確認する</td></tr></table><br><!--カテゴリend-->",【フリードスパイク】純正 GP3 ル-フィンサイドレール（左右セット） パーツ ホンダ純正部品 FREED オプション アクセサリー 用品：株式会社　スズキモータース,通信販売通販ショッピングオンラインショッピング買い物プレゼントギフト贈り物贈答品お中元お歳暮お買い得スズキモ【フリードスパイク】純正 GP3 ル-フィンサイドレール（左右セット） パーツ ホンダ純正部品 FREED オプション アクセサリー 用品,【フリードスパイク】純正 GP3 ル-フィンサイドレール（左右セット） パーツ ホンダ純正部品 FREED オプション アクセサリー 用品[rn]
11-164134,http://tshop.r10s.jp/suzukimotors/cabinet/img972910/pida006.jpg?fitin=700:700,4272.0000,,車用品・バイク用品 > カー用品 > 内装パーツ > インテリアパネル > トヨタ用,【フリードスパイク】純正 GP3 タイダウンベルト（2本セット） パーツ ホンダ純正部品 FREED オプション アクセサリー 用品,,"<!--詳細--><table border=""1"" width=""100%"" cellpadding=""5"" cellspacing=""0""><tr><td width=""150"" bgcolor=""#cccccc"">車種名</td><td>フリードスパイク</td></tr><tr><td bgcolor=""#cccccc"">品名</td><td>タイダウンベルト（2本セット）</td></tr><tr><td bgcolor=""#cccccc"">取り付けできる年式</td><td><b><font color=""#ff0000"">(重要) </font></b>平成26年4月～next</td></tr><tr><td bgcolor=""#cccccc"">型式</td><td>GP3</td></tr><tr><td bgcolor=""#cccccc"">品番</td><td>08L96-TF7-001</td></tr><tr><td bgcolor=""#cccccc"">詳細</td><td>ブラック／フック付。<br>にフックを装備。<br>車両のタイダウンフックを使用してラゲッジスペースの荷物を固定できます。<br>長さ約300cm×幅約2.5cm</td></tr></table><!--詳細END--><br><br><table border=""1"" width=""100%"" cellpadding=""5"" cellspacing=""0""><tr><td colspan=""2"" align=""center"" bgcolor=""#cccccc""><b>取り付けに関して</b></td></tr><tr><td colspan=""2"" bgcolor=""#cccccc"">取り付けできるグレード</td></tr><tr><td>全てのグレードに取り付け出来ます</td></tr></table><br><!--カテゴリ--><br><table border=""1"" cellpadding=""5"" cellspacing=""0"" width=""100%""><tr><td>取り付け出来るか確認依頼する</td></tr><tr><td>同じ車種・年式で「別の部品」を確認する</td></tr><tr><td>同じ車種で「別の年式」を確認する</td></tr><tr><td>同じメーカーで「別の車種」を確認する</td></tr></table><br><!--カテゴリend-->",【フリードスパイク】純正 GP3 タイダウンベルト（2本セット） パーツ ホンダ純正部品 FREED オプション アクセサリー 用品：株式会社　スズキモータース,通信販売通販ショッピングオンラインショッピング買い物プレゼントギフト贈り物贈答品お中元お歳暮お買い得スズキモ【フリードスパイク】純正 GP3 タイダウンベルト（2本セット） パーツ ホンダ純正部品 FREED オプション アクセサリー 用品,【フリードスパイク】純正 GP3 タイダウンベルト（2本セット） パーツ ホンダ純正部品 FREED オプション アクセサリー 用品[rn]
11-164135,http://tshop.r10s.jp/suzukimotors/cabinet/img65778987/owis001.jpg?fitin=700:700,29488.0000,,車用品・バイク用品 > カー用品 > 内装パーツ > インテリアパネル > トヨタ用,TRD アルミホイール 1本のみ 「TRD TF2」 [ MS213-00015(42610-SPK40-15 ] ウィッシュ ZNE10G ZNE14G ANE10G ANE11W 適合 2.0Z（ANE11W のみ (必要個数 4個),,"<table border=""1"" width=""100%"" cellpadding=""5"" cellspacing=""0""><tr><td width=""100"">メーカー</td><td >TRD</td></tr><tr><td >車種</td><td >ウィッシュ ZNE10G ZNE14G ANE10G ANE11W </td></tr><tr><td >部品名</td><td >アルミホイール「TRD TF2」</td></tr><tr><td >種類</td><td >2.0Z（ANE11W のみ</td></tr><tr><td >品番</td><td >MS213-00015(42610-SPK40-15 </td></tr><tr><td >必要個数</td><td >4</td></tr></table>",TRD アルミホイール 1本のみ 「TRD TF2」 [ MS213-00015(42610-SPK40-15 ] ウィッシュ ZNE10G ZNE14G ANE10G ANE11W 適合 2.0Z（ANE11W のみ (必要個数 4個)：株式会社　スズキモータース,通信販売通販ショッピングオンラインショッピング買い物プレゼントギフト贈り物贈答品お中元お歳暮お買い得スズキモTRD アルミホイール 1本のみ 「TRD TF2」 [ MS213-00015(42610-SPK40-15 ] ウィッシュ ZNE10G ZNE14G ANE10G ANE11W 適合 2.0Z（ANE11W のみ (必要個数 4個),TRD アルミホイール 1本のみ 「TRD TF2」 [ MS213-00015(42610-SPK40-15 ] ウィッシュ ZNE10G ZNE14G ANE10G ANE11W 適合 2.0Z（ANE11W のみ (必要個数 4個)[rn]
11-164136,http://tshop.r10s.jp/suzukimotors/cabinet/img480610/vamo007.jpg?fitin=700:700,13968.0000,,車用品・バイク用品 > カー用品 > 内装パーツ > インテリアパネル > トヨタ用,【バモス】純正 HM1 HM2 アルミホイールユーロスポークR5 13inch ※1本に付き パーツ ホンダ純正部品 安心の純正品 vamos オプション アクセサリー 用品,,"<!--詳細--><table border=""1"" width=""100%"" cellpadding=""5"" cellspacing=""0""><tr><td width=""150"" bgcolor=""#cccccc"">車種名</td><td>バモス</td></tr><tr><td bgcolor=""#cccccc"">品名</td><td>アルミホイールユーロスポークR5 13inch ※1本に付き</td></tr><tr><td bgcolor=""#cccccc"">取り付けできる年式</td><td><b><font color=""#ff0000"">(重要) </font></b>平成22年8月～next</td></tr><tr><td bgcolor=""#cccccc"">型式</td><td>HM1 HM2</td></tr><tr><td bgcolor=""#cccccc"">品番</td><td>08W13-S8R-003A</td></tr><tr><td bgcolor=""#cccccc"">詳細</td><td>全面切削。<br>13×4.00B インセット45。<br>スチールホイール装着車に装着する場合、別途アルミホイール用ホイールナットが必要です。<br></td></tr></table><!--詳細END--><br><br><table border=""1"" width=""100%"" cellpadding=""5"" cellspacing=""0""><tr><td colspan=""2"" align=""center"" bgcolor=""#cccccc""><b>取り付けに関して</b></td></tr><tr><td colspan=""2"" bgcolor=""#cccccc"">取り付けできるグレード</td></tr><tr><td>バモスM</td><td width=""30"">○</td></tr><tr><td>バモスMスタイリッシュパッケージ</td><td>○</td></tr><tr><td>バモスL</td><td>○</td></tr><tr><td>バモスLスタイリッシュパッケージ</td><td>○</td></tr><tr><td>バモスホビオM</td><td>×</td></tr><tr><td>バモスホビオL</td><td>×</td></tr><tr><td>バモスホビオPro</td><td>×</td></tr></table><br><!--取付--><br><table border=""1"" cellspacing=""0"" cellpadding=""5"" width=100%><TR><td>取り付け難易度は 「やや難しい」※参考程度にお考えください</TD></TR><TR><td>【設定されている取り付け時間】 0.7時間</TD></TR><TR><td>※取付説明書が付属していない場合、ご連絡頂ければ対応致します。</TD></TR><TR><td>※上記の表示はあくまで参考程度としてお考え下さい。<br>技術の個人差や表示通りでは無い場合があります</TD></TR></TABLE><br><!--取付end--><!--カテゴリ--><br><table border=""1"" cellpadding=""5"" cellspacing=""0"" width=""100%""><tr><td>取り付け出来るか確認依頼する</td></tr><tr><td>同じ車種・年式で「別の部品」を確認する</td></tr><tr><td>同じ車種で「別の年式」を確認する</td></tr><tr><td>同じメーカーで「別の車種」を確認する</td></tr></table><br><!--カテゴリend-->",【バモス】純正 HM1 HM2 アルミホイールユーロスポークR5 13inch ※1本に付き パーツ ホンダ純正部品 安心の純正品 vamos オプション アクセサリー 用品：株式会社　スズキモータース,通信販売通販ショッピングオンラインショッピング買い物プレゼントギフト贈り物贈答品お中元お歳暮お買い得スズキモ【バモス】純正 HM1 HM2 アルミホイールユーロスポークR5 13inch ※1本に付き パーツ ホンダ純正部品 安心の純正品 vamos オプション アクセサリー 用品,【バモス】純正 HM1 HM2 アルミホイールユーロスポークR5 13inch ※1本に付き パーツ ホンダ純正部品 安心の純正品 vamos オプション アクセサリー 用品[rn]
11-164137,http://tshop.r10s.jp/suzukimotors/cabinet/img480610/vamo008.jpg?fitin=700:700,16296.0000,,車用品・バイク用品 > カー用品 > 内装パーツ > インテリアパネル > トヨタ用,【バモス】純正 HM1 HM2 アルミホイールタービンディッシュ 12inch ※1本につき パーツ ホンダ純正部品 安心の純正品 vamos オプション アクセサリー 用品,,"<!--詳細--><table border=""1"" width=""100%"" cellpadding=""5"" cellspacing=""0""><tr><td width=""150"" bgcolor=""#cccccc"">車種名</td><td>バモス</td></tr><tr><td bgcolor=""#cccccc"">品名</td><td>アルミホイールタービンディッシュ 12inch ※1本につき</td></tr><tr><td bgcolor=""#cccccc"">取り付けできる年式</td><td><b><font color=""#ff0000"">(重要) </font></b>平成22年8月～next</td></tr><tr><td bgcolor=""#cccccc"">型式</td><td>HM1 HM2</td></tr><tr><td bgcolor=""#cccccc"">品番</td><td>08W12-S4R-001</td></tr><tr><td bgcolor=""#cccccc"">詳細</td><td>ダイヤカット 12×3 1/2J インセット40。<br>スチールホイール装着車に装着する場合、別途アルミホイール用ホイールナットが必要です。<br></td></tr></table><!--詳細END--><br><br><table border=""1"" width=""100%"" cellpadding=""5"" cellspacing=""0""><tr><td colspan=""2"" align=""center"" bgcolor=""#cccccc""><b>取り付けに関して</b></td></tr><tr><td colspan=""2"" bgcolor=""#cccccc"">取り付けできるグレード</td></tr><tr><td>バモスM</td><td width=""30"">×</td></tr><tr><td>バモスMスタイリッシュパッケージ</td><td>×</td></tr><tr><td>バモスL</td><td>×</td></tr><tr><td>バモスLスタイリッシュパッケージ</td><td>×</td></tr><tr><td>バモスホビオM</td><td>○</td></tr><tr><td>バモスホビオL</td><td>○</td></tr><tr><td>バモスホビオPro</td><td>○</td></tr></table><br><!--取付--><br><table border=""1"" cellspacing=""0"" cellpadding=""5"" width=100%><TR><td>取り付け難易度は 「やや難しい」※参考程度にお考えください</TD></TR><TR><td>【設定されている取り付け時間】 0.7時間</TD></TR><TR><td>※取付説明書が付属していない場合、ご連絡頂ければ対応致します。</TD></TR><TR><td>※上記の表示はあくまで参考程度としてお考え下さい。<br>技術の個人差や表示通りでは無い場合があります</TD></TR></TABLE><br><!--取付end--><!--カテゴリ--><br><table border=""1"" cellpadding=""5"" cellspacing=""0"" width=""100%""><tr><td>取り付け出来るか確認依頼する</td></tr><tr><td>同じ車種・年式で「別の部品」を確認する</td></tr><tr><td>同じ車種で「別の年式」を確認する</td></tr><tr><td>同じメーカーで「別の車種」を確認する</td></tr></table><br><!--カテゴリend-->",【バモス】純正 HM1 HM2 アルミホイールタービンディッシュ 12inch ※1本につき パーツ ホンダ純正部品 安心の純正品 vamos オプション アクセサリー 用品：株式会社　スズキモータース,通信販売通販ショッピングオンラインショッピング買い物プレゼントギフト贈り物贈答品お中元お歳暮お買い得スズキモ【バモス】純正 HM1 HM2 アルミホイールタービンディッシュ 12inch ※1本につき パーツ ホンダ純正部品 安心の純正品 vamos オプション アクセサリー 用品,【バモス】純正 HM1 HM2 アルミホイールタービンディッシュ 12inch ※1本につき パーツ ホンダ純正部品 安心の純正品 vamos オプション アクセサリー 用品[rn]
11-164138,http://tshop.r10s.jp/suzukimotors/cabinet/img958400/dagu005.jpg?fitin=700:700,7760.0000,,車用品・バイク用品 > カー用品 > 内装パーツ > インテリアパネル > トヨタ用,【グレイス】純正 GM4 トランクエンドデコレーション パーツ ホンダ純正部品 GRACE オプション アクセサリー 用品,,"<!--詳細--><table border=""1"" width=""100%"" cellpadding=""5"" cellspacing=""0""><tr><td width=""150"" bgcolor=""#cccccc"">車種名</td><td>グレイス</td></tr><tr><td bgcolor=""#cccccc"">品名</td><td>トランクエンドデコレーション</td></tr><tr><td bgcolor=""#cccccc"">取り付けできる年式</td><td><b><font color=""#ff0000"">(重要) </font></b>平成26年12月～next</td></tr><tr><td bgcolor=""#cccccc"">型式</td><td>GM4</td></tr><tr><td bgcolor=""#cccccc"">品番</td><td>08F52-T9P-000</td></tr><tr><td bgcolor=""#cccccc"">詳細</td><td>トランクエンドラインに、ワンポイントで輝きのアクセントを与えます。<br>マットシルバー（ステッカータイプ）。<br></td></tr></table><!--詳細END--><br><br><table border=""1"" width=""100%"" cellpadding=""5"" cellspacing=""0""><tr><td colspan=""2"" align=""center"" bgcolor=""#cccccc""><b>取り付けに関して</b></td></tr><tr><td colspan=""2"" bgcolor=""#cccccc"">取り付けできるグレード</td></tr><tr><td>全てのグレードに取り付け出来ます</td></tr></table><br><!--取付--><br><table border=""1"" cellspacing=""0"" cellpadding=""5"" width=100%><TR><td>取り付け難易度は 「やや難しい」※参考程度にお考えください</TD></TR><TR><td>【設定されている取り付け時間】 0.8時間</TD></TR><TR><td>※取付説明書が付属していない場合、ご連絡頂ければ対応致します。</TD></TR><TR><td>※上記の表示はあくまで参考程度としてお考え下さい。<br>技術の個人差や表示通りでは無い場合があります</TD></TR></TABLE><br><!--取付end--><!--カテゴリ--><br><table border=""1"" cellpadding=""5"" cellspacing=""0"" width=""100%""><tr><td>取り付け出来るか確認依頼する</td></tr><tr><td>同じ車種・年式で「別の部品」を確認する</td></tr><tr><td>同じ車種で「別の年式」を確認する</td></tr><tr><td>同じメーカーで「別の車種」を確認する</td></tr></table><br><!--カテゴリend-->",【グレイス】純正 GM4 トランクエンドデコレーション パーツ ホンダ純正部品 GRACE オプション アクセサリー 用品：株式会社　スズキモータース,通信販売通販ショッピングオンラインショッピング買い物プレゼントギフト贈り物贈答品お中元お歳暮お買い得スズキモ【グレイス】純正 GM4 トランクエンドデコレーション パーツ ホンダ純正部品 GRACE オプション アクセサリー 用品,【グレイス】純正 GM4 トランクエンドデコレーション パーツ ホンダ純正部品 GRACE オプション アクセサリー 用品[rn]
11-164139,http://tshop.r10s.jp/suzukimotors/cabinet/img480610/vamo010.jpg?fitin=700:700,10864.0000,,車用品・バイク用品 > カー用品 > 内装パーツ > インテリアパネル > トヨタ用,【バモス】純正 HM1 HM2 アルミホイール用ホイールナット スプラインホイールナット（クローム） パーツ ホンダ純正部品 安心の純正品 vamos オプション アクセサリー 用品,,"<!--詳細--><table border=""1"" width=""100%"" cellpadding=""5"" cellspacing=""0""><tr><td width=""150"" bgcolor=""#cccccc"">車種名</td><td>バモス</td></tr><tr><td bgcolor=""#cccccc"">品名</td><td>アルミホイール用ホイールナット スプラインホイールナット（クローム）</td></tr><tr><td bgcolor=""#cccccc"">取り付けできる年式</td><td><b><font color=""#ff0000"">(重要) </font></b>平成22年8月～next</td></tr><tr><td bgcolor=""#cccccc"">型式</td><td>HM1 HM2</td></tr><tr><td bgcolor=""#cccccc"">品番</td><td>08W42-TF0-000A</td></tr><tr><td bgcolor=""#cccccc"">詳細</td><td>16個セット（マックガード社製）</td></tr></table><!--詳細END--><br><br><table border=""1"" width=""100%"" cellpadding=""5"" cellspacing=""0""><tr><td colspan=""2"" align=""center"" bgcolor=""#cccccc""><b>取り付けに関して</b></td></tr><tr><td colspan=""2"" bgcolor=""#cccccc"">取り付けできるグレード</td></tr><tr><td>全てのグレードに取り付け出来ます</td></tr></table><br><!--カテゴリ--><br><table border=""1"" cellpadding=""5"" cellspacing=""0"" width=""100%""><tr><td>取り付け出来るか確認依頼する</td></tr><tr><td>同じ車種・年式で「別の部品」を確認する</td></tr><tr><td>同じ車種で「別の年式」を確認する</td></tr><tr><td>同じメーカーで「別の車種」を確認する</td></tr></table><br><!--カテゴリend-->",【バモス】純正 HM1 HM2 アルミホイール用ホイールナット スプラインホイールナット（クローム） パーツ ホンダ純正部品 安心の純正品 vamos オプション アクセサリー 用品：株式会社　スズキモータース,通信販売通販ショッピングオンラインショッピング買い物プレゼントギフト贈り物贈答品お中元お歳暮お買い得スズキモ【バモス】純正 HM1 HM2 アルミホイール用ホイールナット スプラインホイールナット（クローム） パーツ ホンダ純正部品 安心の純正品 vamos オプション アクセサリー 用品,【バモス】純正 HM1 HM2 アルミホイール用ホイールナット スプラインホイールナット（クローム） パーツ ホンダ純正部品 安心の純正品 vamos オプション アクセサリー 用品[rn]
11-164140,http://tshop.r10s.jp/suzukimotors/cabinet/img480610/vamo010.jpg?fitin=700:700,12416.0000,,車用品・バイク用品 > カー用品 > 内装パーツ > インテリアパネル > トヨタ用,【バモス】純正 HM1 HM2 アルミホイール用ホイールナット スプラインホイールナット（ガンメタリック） パーツ ホンダ純正部品 安心の純正品 vamos オプション アクセサリー 用品,,"<!--詳細--><table border=""1"" width=""100%"" cellpadding=""5"" cellspacing=""0""><tr><td width=""150"" bgcolor=""#cccccc"">車種名</td><td>バモス</td></tr><tr><td bgcolor=""#cccccc"">品名</td><td>アルミホイール用ホイールナット スプラインホイールナット（ガンメタリック）</td></tr><tr><td bgcolor=""#cccccc"">取り付けできる年式</td><td><b><font color=""#ff0000"">(重要) </font></b>平成22年8月～next</td></tr><tr><td bgcolor=""#cccccc"">型式</td><td>HM1 HM2</td></tr><tr><td bgcolor=""#cccccc"">品番</td><td>08W42-TF0-000B</td></tr><tr><td bgcolor=""#cccccc"">詳細</td><td>16個セット（マックガード社製）</td></tr></table><!--詳細END--><br><br><table border=""1"" width=""100%"" cellpadding=""5"" cellspacing=""0""><tr><td colspan=""2"" align=""center"" bgcolor=""#cccccc""><b>取り付けに関して</b></td></tr><tr><td colspan=""2"" bgcolor=""#cccccc"">取り付けできるグレード</td></tr><tr><td>全てのグレードに取り付け出来ます</td></tr></table><br><!--カテゴリ--><br><table border=""1"" cellpadding=""5"" cellspacing=""0"" width=""100%""><tr><td>取り付け出来るか確認依頼する</td></tr><tr><td>同じ車種・年式で「別の部品」を確認する</td></tr><tr><td>同じ車種で「別の年式」を確認する</td></tr><tr><td>同じメーカーで「別の車種」を確認する</td></tr></table><br><!--カテゴリend-->",【バモス】純正 HM1 HM2 アルミホイール用ホイールナット スプラインホイールナット（ガンメタリック） パーツ ホンダ純正部品 安心の純正品 vamos オプション アクセサリー 用品：株式会社　スズキモータース,通信販売通販ショッピングオンラインショッピング買い物プレゼントギフト贈り物贈答品お中元お歳暮お買い得スズキモ【バモス】純正 HM1 HM2 アルミホイール用ホイールナット スプラインホイールナット（ガンメタリック） パーツ ホンダ純正部品 安心の純正品 vamos オプション アクセサリー 用品,【バモス】純正 HM1 HM2 アルミホイール用ホイールナット スプラインホイールナット（ガンメタリック） パーツ ホンダ純正部品 安心の純正品 vamos オプション アクセサリー 用品[rn]
11-164141,http://tshop.r10s.jp/suzukimotors/cabinet/img2456875/tacs024.jpg?fitin=700:700,10864.0000,,車用品・バイク用品 > カー用品 > 内装パーツ > インテリアパネル > トヨタ用,TRD プッシュスタートスイッチ [ MS422-00001(89611-SP000 ] カローラアクシオ NZE141 NZE144 ZRE142 ZRE144 適合 プッシュスタートスイッチ付車 (必要個数 1個),,"<table border=""1"" width=""100%"" cellpadding=""5"" cellspacing=""0""><tr><td width=""100"">メーカー</td><td >TRD</td></tr><tr><td >車種</td><td >カローラアクシオ NZE141 NZE144 ZRE142 ZRE144 </td></tr><tr><td >部品名</td><td >プッシュスタートスイッチ</td></tr><tr><td >種類</td><td >プッシュスタートスイッチ付車</td></tr><tr><td >品番</td><td >MS422-00001(89611-SP000 </td></tr><tr><td >必要個数</td><td >1</td></tr></table>",TRD プッシュスタートスイッチ [ MS422-00001(89611-SP000 ] カローラアクシオ NZE141 NZE144 ZRE142 ZRE144 適合 プッシュスタートスイッチ付車 (必要個数 1個)：株式会社　スズキモータース,通信販売通販ショッピングオンラインショッピング買い物プレゼントギフト贈り物贈答品お中元お歳暮お買い得スズキモTRD プッシュスタートスイッチ [ MS422-00001(89611-SP000 ] カローラアクシオ NZE141 NZE144 ZRE142 ZRE144 適合 プッシュスタートスイッチ付車 (必要個数 1個),TRD プッシュスタートスイッチ [ MS422-00001(89611-SP000 ] カローラアクシオ NZE141 NZE144 ZRE142 ZRE144 適合 プッシュスタートスイッチ付車 (必要個数 1個)[rn]
11-164142,http://tshop.r10s.jp/suzukimotors/cabinet/img958400/dagu010.jpg?fitin=700:700,6984.0000,,車用品・バイク用品 > カー用品 > 内装パーツ > インテリアパネル > トヨタ用,【グレイス】純正 GM4 センターピラーデコレーション 4枚セット パーツ ホンダ純正部品 GRACE オプション アクセサリー 用品,,"<!--詳細--><table border=""1"" width=""100%"" cellpadding=""5"" cellspacing=""0""><tr><td width=""150"" bgcolor=""#cccccc"">車種名</td><td>グレイス</td></tr><tr><td bgcolor=""#cccccc"">品名</td><td>センターピラーデコレーション 4枚セット</td></tr><tr><td bgcolor=""#cccccc"">取り付けできる年式</td><td><b><font color=""#ff0000"">(重要) </font></b>平成26年12月～next</td></tr><tr><td bgcolor=""#cccccc"">型式</td><td>GM4</td></tr><tr><td bgcolor=""#cccccc"">品番</td><td>08F30-T9P-000A</td></tr><tr><td bgcolor=""#cccccc"">詳細</td><td>ウインドウまわりに、さりげなくスポーティ感を演出します。<br>カーボン調ステッカータイプ／4枚セット。<br>取付位置：各ドアセンターピラー部。<br>※ドアバイザーとの同時装着はできません。<br></td></tr></table><!--詳細END--><br><br><table border=""1"" width=""100%"" cellpadding=""5"" cellspacing=""0""><tr><td colspan=""2"" align=""center"" bgcolor=""#cccccc""><b>取り付けに関して</b></td></tr><tr><td colspan=""2"" bgcolor=""#cccccc"">取り付けできるグレード</td></tr><tr><td>全てのグレードに取り付け出来ます</td></tr></table><br><!--取付--><br><table border=""1"" cellspacing=""0"" cellpadding=""5"" width=100%><TR><td>取り付け難易度は 「やさしい」※参考程度にお考えください</TD></TR><TR><td>【設定されている取り付け時間】 0.2時間</TD></TR><TR><td>※取付説明書が付属していない場合、ご連絡頂ければ対応致します。</TD></TR><TR><td>※上記の表示はあくまで参考程度としてお考え下さい。<br>技術の個人差や表示通りでは無い場合があります</TD></TR></TABLE><br><!--取付end--><!--カテゴリ--><br><table border=""1"" cellpadding=""5"" cellspacing=""0"" width=""100%""><tr><td>取り付け出来るか確認依頼する</td></tr><tr><td>同じ車種・年式で「別の部品」を確認する</td></tr><tr><td>同じ車種で「別の年式」を確認する</td></tr><tr><td>同じメーカーで「別の車種」を確認する</td></tr></table><br><!--カテゴリend-->",【グレイス】純正 GM4 センターピラーデコレーション 4枚セット パーツ ホンダ純正部品 GRACE オプション アクセサリー 用品：株式会社　スズキモータース,通信販売通販ショッピングオンラインショッピング買い物プレゼントギフト贈り物贈答品お中元お歳暮お買い得スズキモ【グレイス】純正 GM4 センターピラーデコレーション 4枚セット パーツ ホンダ純正部品 GRACE オプション アクセサリー 用品,【グレイス】純正 GM4 センターピラーデコレーション 4枚セット パーツ ホンダ純正部品 GRACE オプション アクセサリー 用品[rn]
11-164143,http://tshop.r10s.jp/suzukimotors/cabinet/img2456875/tacs025.jpg?fitin=700:700,3880.0000,,車用品・バイク用品 > カー用品 > 内装パーツ > インテリアパネル > トヨタ用,TRD シフトノブ 樹脂製ホワイト [ MS204-00001(33504-SP020-00 ] カローラアクシオ NZE141 NZE144 ZRE142 ZRE144 適合 CVT車（M/T車除く (必要個数 1個),,"<table border=""1"" width=""100%"" cellpadding=""5"" cellspacing=""0""><tr><td width=""100"">メーカー</td><td >TRD</td></tr><tr><td >車種</td><td >カローラアクシオ NZE141 NZE144 ZRE142 ZRE144 </td></tr><tr><td >部品名</td><td >シフトノブ　　樹脂製ホワイト</td></tr><tr><td >種類</td><td >CVT車（M/T車除く </td></tr><tr><td >品番</td><td >MS204-00001(33504-SP020-00 </td></tr><tr><td >必要個数</td><td >1</td></tr></table>",TRD シフトノブ 樹脂製ホワイト [ MS204-00001(33504-SP020-00 ] カローラアクシオ NZE141 NZE144 ZRE142 ZRE144 適合 CVT車（M/T車除く (必要個数 1個)：株式会社　スズキモータース,通信販売通販ショッピングオンラインショッピング買い物プレゼントギフト贈り物贈答品お中元お歳暮お買い得スズキモTRD シフトノブ 樹脂製ホワイト [ MS204-00001(33504-SP020-00 ] カローラアクシオ NZE141 NZE144 ZRE142 ZRE144 適合 CVT車（M/T車除く (必要個数 1個),TRD シフトノブ 樹脂製ホワイト [ MS204-00001(33504-SP020-00 ] カローラアクシオ NZE141 NZE144 ZRE142 ZRE144 適合 CVT車（M/T車除く (必要個数 1個)[rn]
11-164144,http://tshop.r10s.jp/suzukimotors/cabinet/img2456875/tacs026.jpg?fitin=700:700,3880.0000,,車用品・バイク用品 > カー用品 > 内装パーツ > インテリアパネル > トヨタ用,TRD シフトノブ 樹脂製ブラック [ MS204-00002(33504-SP020-20 ] カローラアクシオ NZE141 NZE144 ZRE142 ZRE144 適合 (必要個数 1個),,"<table border=""1"" width=""100%"" cellpadding=""5"" cellspacing=""0""><tr><td width=""100"">メーカー</td><td >TRD</td></tr><tr><td >車種</td><td >カローラアクシオ NZE141 NZE144 ZRE142 ZRE144 </td></tr><tr><td >部品名</td><td >シフトノブ　　樹脂製ブラック</td></tr><tr><td >種類</td><td ></td></tr><tr><td >品番</td><td >MS204-00002(33504-SP020-20 </td></tr><tr><td >必要個数</td><td >1</td></tr></table>",TRD シフトノブ 樹脂製ブラック [ MS204-00002(33504-SP020-20 ] カローラアクシオ NZE141 NZE144 ZRE142 ZRE144 適合 (必要個数 1個)：株式会社　スズキモータース,通信販売通販ショッピングオンラインショッピング買い物プレゼントギフト贈り物贈答品お中元お歳暮お買い得スズキモTRD シフトノブ 樹脂製ブラック [ MS204-00002(33504-SP020-20 ] カローラアクシオ NZE141 NZE144 ZRE142 ZRE144 適合 (必要個数 1個),TRD シフトノブ 樹脂製ブラック [ MS204-00002(33504-SP020-20 ] カローラアクシオ NZE141 NZE144 ZRE142 ZRE144 適合 (必要個数 1個)[rn]
11-164145,http://tshop.r10s.jp/suzukimotors/cabinet/img2456875/tacs027.jpg?fitin=700:700,7600.0000,,車用品・バイク用品 > カー用品 > 内装パーツ > インテリアパネル > トヨタ用,TRD シフトノブ [ MS204-00003(33504-SP005 ] カローラアクシオ NZE141 NZE144 ZRE142 ZRE144 適合 (必要個数 1個),,"<table border=""1"" width=""100%"" cellpadding=""5"" cellspacing=""0""><tr><td width=""100"">メーカー</td><td >TRD</td></tr><tr><td >車種</td><td >カローラアクシオ NZE141 NZE144 ZRE142 ZRE144 </td></tr><tr><td >部品名</td><td >シフトノブ</td></tr><tr><td >種類</td><td ></td></tr><tr><td >品番</td><td >MS204-00003(33504-SP005 </td></tr><tr><td >必要個数</td><td >1</td></tr></table>",TRD シフトノブ [ MS204-00003(33504-SP005 ] カローラアクシオ NZE141 NZE144 ZRE142 ZRE144 適合 (必要個数 1個)：株式会社　スズキモータース,通信販売通販ショッピングオンラインショッピング買い物プレゼントギフト贈り物贈答品お中元お歳暮お買い得スズキモTRD シフトノブ [ MS204-00003(33504-SP005 ] カローラアクシオ NZE141 NZE144 ZRE142 ZRE144 適合 (必要個数 1個),TRD シフトノブ [ MS204-00003(33504-SP005 ] カローラアクシオ NZE141 NZE144 ZRE142 ZRE144 適合 (必要個数 1個)[rn]
11-164146,http://tshop.r10s.jp/suzukimotors/cabinet/img958400/dagu012.jpg?fitin=700:700,17848.0000,,車用品・バイク用品 > カー用品 > 内装パーツ > インテリアパネル > トヨタ用,【グレイス】純正 GM4 アルミホイール MS-029 ※1本につき パーツ ホンダ純正部品 安心の純正品 GRACE オプション アクセサリー 用品,,"<!--詳細--><table border=""1"" width=""100%"" cellpadding=""5"" cellspacing=""0""><tr><td width=""150"" bgcolor=""#cccccc"">車種名</td><td>グレイス</td></tr><tr><td bgcolor=""#cccccc"">品名</td><td>アルミホイール MS-029 ※1本につき</td></tr><tr><td bgcolor=""#cccccc"">取り付けできる年式</td><td><b><font color=""#ff0000"">(重要) </font></b>平成26年12月～next</td></tr><tr><td bgcolor=""#cccccc"">型式</td><td>GM4</td></tr><tr><td bgcolor=""#cccccc"">品番</td><td>08W15-T9P-000</td></tr><tr><td bgcolor=""#cccccc"">詳細</td><td>切削／プラウドシルバー・メタリック塗装。<br>15インチ 15×6J インセット50mm。<br>※EXは4WDのみ</td></tr></table><!--詳細END--><br><br><table border=""1"" width=""100%"" cellpadding=""5"" cellspacing=""0""><tr><td colspan=""2"" align=""center"" bgcolor=""#cccccc""><b>取り付けに関して</b></td></tr><tr><td colspan=""2"" bgcolor=""#cccccc"">取り付けできるグレード</td></tr><tr><td>全てのグレードに取り付け出来ます</td></tr></table><br><!--取付--><br><table border=""1"" cellspacing=""0"" cellpadding=""5"" width=100%><TR><td>取り付け難易度は 「やや難しい」※参考程度にお考えください</TD></TR><TR><td>【設定されている取り付け時間】 0.7時間</TD></TR><TR><td>※取付説明書が付属していない場合、ご連絡頂ければ対応致します。</TD></TR><TR><td>※上記の表示はあくまで参考程度としてお考え下さい。<br>技術の個人差や表示通りでは無い場合があります</TD></TR></TABLE><br><!--取付end--><!--カテゴリ--><br><table border=""1"" cellpadding=""5"" cellspacing=""0"" width=""100%""><tr><td>取り付け出来るか確認依頼する</td></tr><tr><td>同じ車種・年式で「別の部品」を確認する</td></tr><tr><td>同じ車種で「別の年式」を確認する</td></tr><tr><td>同じメーカーで「別の車種」を確認する</td></tr></table><br><!--カテゴリend-->",【グレイス】純正 GM4 アルミホイール MS-029 ※1本につき パーツ ホンダ純正部品 安心の純正品 GRACE オプション アクセサリー 用品：株式会社　スズキモータース,通信販売通販ショッピングオンラインショッピング買い物プレゼントギフト贈り物贈答品お中元お歳暮お買い得スズキモ【グレイス】純正 GM4 アルミホイール MS-029 ※1本につき パーツ ホンダ純正部品 安心の純正品 GRACE オプション アクセサリー 用品,【グレイス】純正 GM4 アルミホイール MS-029 ※1本につき パーツ ホンダ純正部品 安心の純正品 GRACE オプション アクセサリー 用品[rn]
11-164147,http://tshop.r10s.jp/suzukimotors/cabinet/img958400/dagu013.jpg?fitin=700:700,31040.0000,,車用品・バイク用品 > カー用品 > 内装パーツ > インテリアパネル > トヨタ用,【グレイス】純正 GM4 アルミホイール MS-020 ※1本につき パーツ ホンダ純正部品 安心の純正品 GRACE オプション アクセサリー 用品,,"<!--詳細--><table border=""1"" width=""100%"" cellpadding=""5"" cellspacing=""0""><tr><td width=""150"" bgcolor=""#cccccc"">車種名</td><td>グレイス</td></tr><tr><td bgcolor=""#cccccc"">品名</td><td>アルミホイール MS-020 ※1本につき</td></tr><tr><td bgcolor=""#cccccc"">取り付けできる年式</td><td><b><font color=""#ff0000"">(重要) </font></b>平成26年12月～next</td></tr><tr><td bgcolor=""#cccccc"">型式</td><td>GM4</td></tr><tr><td bgcolor=""#cccccc"">品番</td><td>08W15-TM8-000C</td></tr><tr><td bgcolor=""#cccccc"">詳細</td><td>ポリッシュ 15インチ 15×6J インセット50mm。<br>※EXは4WDのみ</td></tr></table><!--詳細END--><br><br><table border=""1"" width=""100%"" cellpadding=""5"" cellspacing=""0""><tr><td colspan=""2"" align=""center"" bgcolor=""#cccccc""><b>取り付けに関して</b></td></tr><tr><td colspan=""2"" bgcolor=""#cccccc"">取り付けできるグレード</td></tr><tr><td>全てのグレードに取り付け出来ます</td></tr></table><br><!--取付--><br><table border=""1"" cellspacing=""0"" cellpadding=""5"" width=100%><TR><td>取り付け難易度は 「やや難しい」※参考程度にお考えください</TD></TR><TR><td>【設定されている取り付け時間】 0.7時間</TD></TR><TR><td>※取付説明書が付属していない場合、ご連絡頂ければ対応致します。</TD></TR><TR><td>※上記の表示はあくまで参考程度としてお考え下さい。<br>技術の個人差や表示通りでは無い場合があります</TD></TR></TABLE><br><!--取付end--><!--カテゴリ--><br><table border=""1"" cellpadding=""5"" cellspacing=""0"" width=""100%""><tr><td>取り付け出来るか確認依頼する</td></tr><tr><td>同じ車種・年式で「別の部品」を確認する</td></tr><tr><td>同じ車種で「別の年式」を確認する</td></tr><tr><td>同じメーカーで「別の車種」を確認する</td></tr></table><br><!--カテゴリend-->",【グレイス】純正 GM4 アルミホイール MS-020 ※1本につき パーツ ホンダ純正部品 安心の純正品 GRACE オプション アクセサリー 用品：株式会社　スズキモータース,通信販売通販ショッピングオンラインショッピング買い物プレゼントギフト贈り物贈答品お中元お歳暮お買い得スズキモ【グレイス】純正 GM4 アルミホイール MS-020 ※1本につき パーツ ホンダ純正部品 安心の純正品 GRACE オプション アクセサリー 用品,【グレイス】純正 GM4 アルミホイール MS-020 ※1本につき パーツ ホンダ純正部品 安心の純正品 GRACE オプション アクセサリー 用品[rn]
11-164148,http://tshop.r10s.jp/suzukimotors/cabinet/img65778987/tais013.jpg?fitin=700:700,31040.0000,,車用品・バイク用品 > カー用品 > 内装パーツ > インテリアパネル > トヨタ用,TRD Sportivo 2.0Lの2WD車スプリングセット [ MS250-44001(48130－AM100 ] アイシス ZNM10GW ANM10GW ANM15GW 適合 2.0Lの2WD車(ANM10G・W ～09.8 (必要個数 1個),,"<b><font color=""#ff0000"">スマホ・タブレット</font></b>はＰＣページに切り替えて<br>詳細をご確認いただけます。<br><br>車種<br>アイシス ZNM10GW ANM10GW ANM15GW <br><br>品名<br>TRD Sportivo  スプリングセット 2.0Lの2WD車<br><br>適合<br>2.0Lの2WD車(ANM10G・W 　～09.8<br><br>品番<br>MS250-44001(48130－AM100 <br><br>必要個数<br>1<br><br>備考<br>",TRD Sportivo 2.0Lの2WD車スプリングセット [ MS250-44001(48130&minus;AM100 ] アイシス ZNM10GW ANM10GW ANM15GW 適合 2.0Lの2WD車(ANM10G・W ～09.8 (必要個数 1個)：株式会社　スズキモータース,通信販売通販ショッピングオンラインショッピング買い物プレゼントギフト贈り物贈答品お中元お歳暮お買い得スズキモTRD Sportivo 2.0Lの2WD車スプリングセット [ MS250-44001(48130&minus;AM100 ] アイシス ZNM10GW ANM10GW ANM15GW 適合 2.0Lの2WD車(ANM10G・W ～09.8 (必要個数 1個),TRD Sportivo 2.0Lの2WD車スプリングセット [ MS250-44001(48130&minus;AM100 ] アイシス ZNM10GW ANM10GW ANM15GW 適合 2.0Lの2WD車(ANM10G・W ～09.8 (必要個数 1個)[rn]
11-164149,http://tshop.r10s.jp/suzukimotors/cabinet/img958400/dagu014.jpg?fitin=700:700,20176.0000,,車用品・バイク用品 > カー用品 > 内装パーツ > インテリアパネル > トヨタ用,【グレイス】純正 GM4 アルミホイール MS-025 ※1本につき パーツ ホンダ純正部品 安心の純正品 GRACE オプション アクセサリー 用品,,"<!--詳細--><table border=""1"" width=""100%"" cellpadding=""5"" cellspacing=""0""><tr><td width=""150"" bgcolor=""#cccccc"">車種名</td><td>グレイス</td></tr><tr><td bgcolor=""#cccccc"">品名</td><td>アルミホイール MS-025 ※1本につき</td></tr><tr><td bgcolor=""#cccccc"">取り付けできる年式</td><td><b><font color=""#ff0000"">(重要) </font></b>平成26年12月～next</td></tr><tr><td bgcolor=""#cccccc"">型式</td><td>GM4</td></tr><tr><td bgcolor=""#cccccc"">品番</td><td>08W15-T5A-000B</td></tr><tr><td bgcolor=""#cccccc"">詳細</td><td>切削／プラウドシルバー・メタリック塗装。<br>15インチ 15×6J インセット50mm。<br>※EXは4WDのみ</td></tr></table><!--詳細END--><br><br><table border=""1"" width=""100%"" cellpadding=""5"" cellspacing=""0""><tr><td colspan=""2"" align=""center"" bgcolor=""#cccccc""><b>取り付けに関して</b></td></tr><tr><td colspan=""2"" bgcolor=""#cccccc"">取り付けできるグレード</td></tr><tr><td>全てのグレードに取り付け出来ます</td></tr></table><br><!--取付--><br><table border=""1"" cellspacing=""0"" cellpadding=""5"" width=100%><TR><td>取り付け難易度は 「やや難しい」※参考程度にお考えください</TD></TR><TR><td>【設定されている取り付け時間】 0.7時間</TD></TR><TR><td>※取付説明書が付属していない場合、ご連絡頂ければ対応致します。</TD></TR><TR><td>※上記の表示はあくまで参考程度としてお考え下さい。<br>技術の個人差や表示通りでは無い場合があります</TD></TR></TABLE><br><!--取付end--><!--カテゴリ--><br><table border=""1"" cellpadding=""5"" cellspacing=""0"" width=""100%""><tr><td>取り付け出来るか確認依頼する</td></tr><tr><td>同じ車種・年式で「別の部品」を確認する</td></tr><tr><td>同じ車種で「別の年式」を確認する</td></tr><tr><td>同じメーカーで「別の車種」を確認する</td></tr></table><br><!--カテゴリend-->",【グレイス】純正 GM4 アルミホイール MS-025 ※1本につき パーツ ホンダ純正部品 安心の純正品 GRACE オプション アクセサリー 用品：株式会社　スズキモータース,通信販売通販ショッピングオンラインショッピング買い物プレゼントギフト贈り物贈答品お中元お歳暮お買い得スズキモ【グレイス】純正 GM4 アルミホイール MS-025 ※1本につき パーツ ホンダ純正部品 安心の純正品 GRACE オプション アクセサリー 用品,【グレイス】純正 GM4 アルミホイール MS-025 ※1本につき パーツ ホンダ純正部品 安心の純正品 GRACE オプション アクセサリー 用品[rn]
11-164150,http://tshop.r10s.jp/suzukimotors/cabinet/img2456875/tacn002.jpg?fitin=700:700,27160.0000,,車用品・バイク用品 > カー用品 > 内装パーツ > インテリアパネル > トヨタ用,TRD リヤバンパースポイラー [ MS313-12001] カローラアクシオ NZE161 NZE164 NRE160 適合 フィールダー全車 (必要個数 1個),,"<table border=""1"" width=""100%"" cellpadding=""5"" cellspacing=""0""><tr><td width=""100"">メーカー</td><td >TRD</td></tr><tr><td >車種</td><td >カローラアクシオ NZE161 NZE164 NRE160 </td></tr><tr><td >部品名</td><td >リヤバンパースポイラー　</td></tr><tr><td >種類</td><td >フィールダー全グレード</td></tr><tr><td >品番</td><td >MS313-12001</td></tr><tr><td >必要個数</td><td >1</td></tr></table>",TRD リヤバンパースポイラー [ MS313-12001] カローラアクシオ NZE161 NZE164 NRE160 適合 フィールダー全車 (必要個数 1個)：株式会社　スズキモータース,通信販売通販ショッピングオンラインショッピング買い物プレゼントギフト贈り物贈答品お中元お歳暮お買い得スズキモTRD リヤバンパースポイラー [ MS313-12001] カローラアクシオ NZE161 NZE164 NRE160 適合 フィールダー全車 (必要個数 1個),TRD リヤバンパースポイラー [ MS313-12001] カローラアクシオ NZE161 NZE164 NRE160 適合 フィールダー全車 (必要個数 1個)[rn]
11-164151,http://tshop.r10s.jp/suzukimotors/cabinet/img958400/dagu015.jpg?fitin=700:700,10480.0000,,車用品・バイク用品 > カー用品 > 内装パーツ > インテリアパネル > トヨタ用,【グレイス】純正 GM4 アルミホイール MS-011 ※1本につき パーツ ホンダ純正部品 安心の純正品 GRACE オプション アクセサリー 用品,,"<!--詳細--><table border=""1"" width=""100%"" cellpadding=""5"" cellspacing=""0""><tr><td width=""150"" bgcolor=""#cccccc"">車種名</td><td>グレイス</td></tr><tr><td bgcolor=""#cccccc"">品名</td><td>アルミホイール MS-011 ※1本につき</td></tr><tr><td bgcolor=""#cccccc"">取り付けできる年式</td><td><b><font color=""#ff0000"">(重要) </font></b>平成26年12月～next</td></tr><tr><td bgcolor=""#cccccc"">型式</td><td>GM4</td></tr><tr><td bgcolor=""#cccccc"">品番</td><td>08W15-T5A-000A</td></tr><tr><td bgcolor=""#cccccc"">詳細</td><td>プラウドシルバー・メタリック塗装。<br>15インチ 15×6J インセット50mm。<br>※EXは4WDのみ</td></tr></table><!--詳細END--><br><br><table border=""1"" width=""100%"" cellpadding=""5"" cellspacing=""0""><tr><td colspan=""2"" align=""center"" bgcolor=""#cccccc""><b>取り付けに関して</b></td></tr><tr><td colspan=""2"" bgcolor=""#cccccc"">取り付けできるグレード</td></tr><tr><td>全てのグレードに取り付け出来ます</td></tr></table><br><!--取付--><br><table border=""1"" cellspacing=""0"" cellpadding=""5"" width=100%><TR><td>取り付け難易度は 「やや難しい」※参考程度にお考えください</TD></TR><TR><td>【設定されている取り付け時間】 0.7時間</TD></TR><TR><td>※取付説明書が付属していない場合、ご連絡頂ければ対応致します。</TD></TR><TR><td>※上記の表示はあくまで参考程度としてお考え下さい。<br>技術の個人差や表示通りでは無い場合があります</TD></TR></TABLE><br><!--取付end--><!--カテゴリ--><br><table border=""1"" cellpadding=""5"" cellspacing=""0"" width=""100%""><tr><td>取り付け出来るか確認依頼する</td></tr><tr><td>同じ車種・年式で「別の部品」を確認する</td></tr><tr><td>同じ車種で「別の年式」を確認する</td></tr><tr><td>同じメーカーで「別の車種」を確認する</td></tr></table><br><!--カテゴリend-->",【グレイス】純正 GM4 アルミホイール MS-011 ※1本につき パーツ ホンダ純正部品 安心の純正品 GRACE オプション アクセサリー 用品：株式会社　スズキモータース,通信販売通販ショッピングオンラインショッピング買い物プレゼントギフト贈り物贈答品お中元お歳暮お買い得スズキモ【グレイス】純正 GM4 アルミホイール MS-011 ※1本につき パーツ ホンダ純正部品 安心の純正品 GRACE オプション アクセサリー 用品,【グレイス】純正 GM4 アルミホイール MS-011 ※1本につき パーツ ホンダ純正部品 安心の純正品 GRACE オプション アクセサリー 用品[rn]
11-164152,http://tshop.r10s.jp/suzukimotors/cabinet/img958400/dagu016.jpg?fitin=700:700,19400.0000,,車用品・バイク用品 > カー用品 > 内装パーツ > インテリアパネル > トヨタ用,【グレイス】純正 GM4 アルミホイール MS-026 ※1本につき パーツ ホンダ純正部品 安心の純正品 GRACE オプション アクセサリー 用品,,"<!--詳細--><table border=""1"" width=""100%"" cellpadding=""5"" cellspacing=""0""><tr><td width=""150"" bgcolor=""#cccccc"">車種名</td><td>グレイス</td></tr><tr><td bgcolor=""#cccccc"">品名</td><td>アルミホイール MS-026 ※1本につき</td></tr><tr><td bgcolor=""#cccccc"">取り付けできる年式</td><td><b><font color=""#ff0000"">(重要) </font></b>平成26年12月～next</td></tr><tr><td bgcolor=""#cccccc"">型式</td><td>GM4</td></tr><tr><td bgcolor=""#cccccc"">品番</td><td>08W16-T5A-000</td></tr><tr><td bgcolor=""#cccccc"">詳細</td><td>ダイヤモンド切削／プラウドシルバー・メタリック塗装 16インチ 16×6J インセット53mm。<br>※EXはFFのみ</td></tr></table><!--詳細END--><br><br><table border=""1"" width=""100%"" cellpadding=""5"" cellspacing=""0""><tr><td colspan=""2"" align=""center"" bgcolor=""#cccccc""><b>取り付けに関して</b></td></tr><tr><td colspan=""2"" bgcolor=""#cccccc"">取り付けできるグレード</td></tr><tr><td>DX</td><td width=""30"">×</td></tr><tr><td>LX</td><td>×</td></tr><tr><td>EX</td><td>○</td></tr></table><br><!--取付--><br><table border=""1"" cellspacing=""0"" cellpadding=""5"" width=100%><TR><td>取り付け難易度は 「やや難しい」※参考程度にお考えください</TD></TR><TR><td>【設定されている取り付け時間】 0.7時間</TD></TR><TR><td>※取付説明書が付属していない場合、ご連絡頂ければ対応致します。</TD></TR><TR><td>※上記の表示はあくまで参考程度としてお考え下さい。<br>技術の個人差や表示通りでは無い場合があります</TD></TR></TABLE><br><!--取付end--><!--カテゴリ--><br><table border=""1"" cellpadding=""5"" cellspacing=""0"" width=""100%""><tr><td>取り付け出来るか確認依頼する</td></tr><tr><td>同じ車種・年式で「別の部品」を確認する</td></tr><tr><td>同じ車種で「別の年式」を確認する</td></tr><tr><td>同じメーカーで「別の車種」を確認する</td></tr></table><br><!--カテゴリend-->",【グレイス】純正 GM4 アルミホイール MS-026 ※1本につき パーツ ホンダ純正部品 安心の純正品 GRACE オプション アクセサリー 用品：株式会社　スズキモータース,通信販売通販ショッピングオンラインショッピング買い物プレゼントギフト贈り物贈答品お中元お歳暮お買い得スズキモ【グレイス】純正 GM4 アルミホイール MS-026 ※1本につき パーツ ホンダ純正部品 安心の純正品 GRACE オプション アクセサリー 用品,【グレイス】純正 GM4 アルミホイール MS-026 ※1本につき パーツ ホンダ純正部品 安心の純正品 GRACE オプション アクセサリー 用品[rn]
11-164153,http://tshop.r10s.jp/suzukimotors/cabinet/img2456875/tacn003.jpg?fitin=700:700,34920.0000,,車用品・バイク用品 > カー用品 > 内装パーツ > インテリアパネル > トヨタ用,TRD メンバーブレースセット [ MS300-12002] カローラアクシオ NZE161 NZE164 NRE160 適合 フィールダー（2WD 全車 (必要個数 1個),,"<table border=""1"" width=""100%"" cellpadding=""5"" cellspacing=""0""><tr><td width=""100"">メーカー</td><td >TRD</td></tr><tr><td >車種</td><td >カローラアクシオ NZE161 NZE164 NRE160 </td></tr><tr><td >部品名</td><td >メンバーブレースセット</td></tr><tr><td >種類</td><td >フィールダー（2WD 全グレード</td></tr><tr><td >品番</td><td >MS300-12002</td></tr><tr><td >必要個数</td><td >1</td></tr></table>",TRD メンバーブレースセット [ MS300-12002] カローラアクシオ NZE161 NZE164 NRE160 適合 フィールダー（2WD 全車 (必要個数 1個)：株式会社　スズキモータース,通信販売通販ショッピングオンラインショッピング買い物プレゼントギフト贈り物贈答品お中元お歳暮お買い得スズキモTRD メンバーブレースセット [ MS300-12002] カローラアクシオ NZE161 NZE164 NRE160 適合 フィールダー（2WD 全車 (必要個数 1個),TRD メンバーブレースセット [ MS300-12002] カローラアクシオ NZE161 NZE164 NRE160 適合 フィールダー（2WD 全車 (必要個数 1個)[rn]
11-164154,http://tshop.r10s.jp/suzukimotors/cabinet/img54666/len002.jpg?fitin=700:700,36472.0000,,車用品・バイク用品 > カー用品 > 内装パーツ > インテリアパネル > トヨタ用,【レジェンド】純正 KB2 アルミホイール/MG-003 1本からの販売 パーツ ホンダ純正部品 安心の純正品 LEGEND オプション アクセサリー 用品,,"<!--詳細--><table border=""1"" width=""100%"" cellpadding=""5"" cellspacing=""0""><tr><td width=""150"" bgcolor=""#cccccc"">車種名</td><td>レジェンド</td></tr><tr><td bgcolor=""#cccccc"">品名</td><td>アルミホイール/MG-003</td></tr><tr><td bgcolor=""#cccccc"">取り付けできる年式</td><td><b><font color=""#ff0000"">(重要) </font></b>平成20年9月～22年10月</td></tr><tr><td bgcolor=""#cccccc"">型式</td><td>KB2</td></tr><tr><td bgcolor=""#cccccc"">品番</td><td>08W18-SJA-000C</td></tr><tr><td bgcolor=""#cccccc"">詳細</td><td>1本。<br>ネオブライトフィニッシュ18×8Jオフセット55豊かなデザイン性と確かな機能性を両立。<br>足元をドレスアップします。<br>標準アルミホイールを取り外し装着となります。<br>17インチアルミホイール装備車に装着する場合は別途245/45R18タイヤも別にお買い求めください。<br>締め付け座面形状を変更したため、旧型のアルミホイール用ホイールロックナットは装着できません。<br></td></tr></table><!--詳細END--><br><br><table border=""1"" width=""100%"" cellpadding=""5"" cellspacing=""0""><tr><td colspan=""2"" align=""center"" bgcolor=""#cccccc""><b>取り付けに関して</b></td></tr><tr><td colspan=""2"" bgcolor=""#cccccc"">取り付けできるグレード</td></tr><tr><td>全てのグレードに取り付け出来ます</td></tr></table><br><!--カテゴリ--><br><table border=""1"" cellpadding=""5"" cellspacing=""0"" width=""100%""><tr><td>取り付け出来るか確認依頼する</td></tr><tr><td>同じ車種・年式で「別の部品」を確認する</td></tr><tr><td>同じ車種で「別の年式」を確認する</td></tr><tr><td>同じメーカーで「別の車種」を確認する</td></tr></table><br><!--カテゴリend-->",【レジェンド】純正 KB2 アルミホイール/MG-003 1本からの販売 パーツ ホンダ純正部品 安心の純正品 LEGEND オプション アクセサリー 用品：株式会社　スズキモータース,通信販売通販ショッピングオンラインショッピング買い物プレゼントギフト贈り物贈答品お中元お歳暮お買い得スズキモ【レジェンド】純正 KB2 アルミホイール/MG-003 1本からの販売 パーツ ホンダ純正部品 安心の純正品 LEGEND オプション アクセサリー 用品,【レジェンド】純正 KB2 アルミホイール/MG-003 1本からの販売 パーツ ホンダ純正部品 安心の純正品 LEGEND オプション アクセサリー 用品[rn]
11-164155,http://tshop.r10s.jp/suzukimotors/cabinet/img547710/legd002.jpg?fitin=700:700,36472.0000,,車用品・バイク用品 > カー用品 > 内装パーツ > インテリアパネル > トヨタ用,【レジェンド】純正 KB2 アルミホイール MG-003 1本からの販売 パーツ ホンダ純正部品 安心の純正品 LEGEND オプション アクセサリー 用品,,"<!--詳細--><table border=""1"" width=""100%"" cellpadding=""5"" cellspacing=""0""><tr><td width=""150"" bgcolor=""#cccccc"">車種名</td><td>レジェンド</td></tr><tr><td bgcolor=""#cccccc"">品名</td><td>アルミホイール MG-003</td></tr><tr><td bgcolor=""#cccccc"">取り付けできる年式</td><td><b><font color=""#ff0000"">(重要) </font></b>平成22年10月～24年6月</td></tr><tr><td bgcolor=""#cccccc"">型式</td><td>KB2</td></tr><tr><td bgcolor=""#cccccc"">品番</td><td>08W18-SJA-000C</td></tr><tr><td bgcolor=""#cccccc"">詳細</td><td>豊かなデザイン性と確かな機能性を両立。<br>足元をドレスアップします。<br>ネオブライトフィニッシュ。<br>18×8J、インセット55mm。<br>1本。<br>標準アルミホイールを取り外し装着となります。<br>締め付け座面形状を変更したため、旧型のアルミホイール用ホイールロックナットは装着できません。<br></td></tr></table><!--詳細END--><br><br><table border=""1"" width=""100%"" cellpadding=""5"" cellspacing=""0""><tr><td colspan=""2"" align=""center"" bgcolor=""#cccccc""><b>取り付けに関して</b></td></tr><tr><td colspan=""2"" bgcolor=""#cccccc"">取り付けできるグレード</td></tr><tr><td>LEGEND</td><td width=""30"">×</td></tr><tr><td>LEGEND/メーカーオプション/アドバンスパッケージ</td><td>×</td></tr><tr><td>LEGEND/メーカーオプション/ユーロパッケージ</td><td>○</td></tr></table><br><!--取付--><br><table border=""1"" cellspacing=""0"" cellpadding=""5"" width=100%><TR><td>取り付け難易度は 「やや難しい」※参考程度にお考えください</TD></TR><TR><td>【設定されている取り付け時間】 0.7時間</TD></TR><TR><td>※取付説明書が付属していない場合、ご連絡頂ければ対応致します。</TD></TR><TR><td>※上記の表示はあくまで参考程度としてお考え下さい。<br>技術の個人差や表示通りでは無い場合があります</TD></TR></TABLE><br><!--取付end--><!--カテゴリ--><br><table border=""1"" cellpadding=""5"" cellspacing=""0"" width=""100%""><tr><td>取り付け出来るか確認依頼する</td></tr><tr><td>同じ車種・年式で「別の部品」を確認する</td></tr><tr><td>同じ車種で「別の年式」を確認する</td></tr><tr><td>同じメーカーで「別の車種」を確認する</td></tr></table><br><!--カテゴリend-->",【レジェンド】純正 KB2 アルミホイール MG-003 1本からの販売 パーツ ホンダ純正部品 安心の純正品 LEGEND オプション アクセサリー 用品：株式会社　スズキモータース,通信販売通販ショッピングオンラインショッピング買い物プレゼントギフト贈り物贈答品お中元お歳暮お買い得スズキモ【レジェンド】純正 KB2 アルミホイール MG-003 1本からの販売 パーツ ホンダ純正部品 安心の純正品 LEGEND オプション アクセサリー 用品,【レジェンド】純正 KB2 アルミホイール MG-003 1本からの販売 パーツ ホンダ純正部品 安心の純正品 LEGEND オプション アクセサリー 用品[rn]
11-164156,http://tshop.r10s.jp/suzukimotors/cabinet/imga2/atwagon002.jpg?fitin=700:700,5432.0000,,車用品・バイク用品 > カー用品 > 内装パーツ > インテリアパネル > トヨタ用,【アトレー】純正 S320G マルチレール パーツ ダイハツ純正部品 atrai オプション アクセサリー 用品,,"<br><table border=""1"" width=""100%"" cellpadding=""5"" cellspacing=""0""><tr><td width=""100"" bgcolor=""#cccccc"">車種名</td><td>アトレー</td></tr><tr><td bgcolor=""#cccccc"">適合年式</td><td>平成17年5月～19年9月</td></tr><tr><td bgcolor=""#cccccc"">品番</td><td>99902060M5263</td></tr></table><br><br><table border=""1"" width=""100%"" cellpadding=""5"" cellspacing=""0""><tr><td bgcolor=""#ffff99"">現行車の部品ではありません<br>メーカー在庫が無くなり次第廃止になる可能性があります。</td></tr></table><br><br>2WD/ハイルーフ/カスタムターボR（適用に関しては注を参照のこと）、 2WD/ハイルーフ/カスタムターボRS（適用に関しては注を参照のこと）、 4WD/ハイルーフ/カスタムターボR（適用に関しては注を参照のこと）、 4WD/ハイルーフ/カスタムターボRS（適用に関しては注を参照のこと）<br><br>[備考]<br>同時装着不可：9システムバーセット(アッパー)、12～16アッパーシステムレール商品、77カーハンガー<br>※標準装備の後席アシストグリップは取り外しとなります。<br><br><br><table border=""1"" cellpadding=""5"" cellspacing=""0"" width=""100%""><tr><td>取り付け出来るか確認依頼する</td></tr><tr><td>同じ車種・年式で「別の部品」を確認する</td></tr><tr><td>同じ車種で「別の年式」を確認する</td></tr><tr><td>同じメーカーで「別の車種」を確認する</td></tr></table>",【アトレー】純正 S320G マルチレール パーツ ダイハツ純正部品 atrai オプション アクセサリー 用品：株式会社　スズキモータース,通信販売通販ショッピングオンラインショッピング買い物プレゼントギフト贈り物贈答品お中元お歳暮お買い得スズキモ【アトレー】純正 S320G マルチレール パーツ ダイハツ純正部品 atrai オプション アクセサリー 用品,【アトレー】純正 S320G マルチレール パーツ ダイハツ純正部品 atrai オプション アクセサリー 用品[rn]
11-164157,http://tshop.r10s.jp/suzukimotors/cabinet/imga2/atwagon003.jpg?fitin=700:700,15912.0000,,車用品・バイク用品 > カー用品 > 内装パーツ > インテリアパネル > トヨタ用,【アトレー】純正 S320G オーバーヘッドネット(マルチレール用) パーツ ダイハツ純正部品 バー収納 atrai オプション アクセサリー 用品,,"<br><table border=""1"" width=""100%"" cellpadding=""5"" cellspacing=""0""><tr><td width=""100"" bgcolor=""#cccccc"">車種名</td><td>アトレー</td></tr><tr><td bgcolor=""#cccccc"">適合年式</td><td>平成17年5月～19年9月</td></tr><tr><td bgcolor=""#cccccc"">品番</td><td>99902060M5266</td></tr></table><br><br><table border=""1"" width=""100%"" cellpadding=""5"" cellspacing=""0""><tr><td bgcolor=""#ffff99"">現行車の部品ではありません<br>メーカー在庫が無くなり次第廃止になる可能性があります。</td></tr></table><br><br>全てのグレードに適合しております<br><br>[備考]<br>同時装着不可：5･6マルチレール商品、9システムバーセット(アッパー)、12～16アッパーシステムレール商品、77カーハンガー<br>※マルチレールが必要。最大積載荷重：5kg。<br><br><br><table border=""1"" cellpadding=""5"" cellspacing=""0"" width=""100%""><tr><td>取り付け出来るか確認依頼する</td></tr><tr><td>同じ車種・年式で「別の部品」を確認する</td></tr><tr><td>同じ車種で「別の年式」を確認する</td></tr><tr><td>同じメーカーで「別の車種」を確認する</td></tr></table>",【アトレー】純正 S320G オーバーヘッドネット(マルチレール用) パーツ ダイハツ純正部品 バー収納 atrai オプション アクセサリー 用品：株式会社　スズキモータース,通信販売通販ショッピングオンラインショッピング買い物プレゼントギフト贈り物贈答品お中元お歳暮お買い得スズキモ【アトレー】純正 S320G オーバーヘッドネット(マルチレール用) パーツ ダイハツ純正部品 バー収納 atrai オプション アクセサリー 用品,【アトレー】純正 S320G オーバーヘッドネット(マルチレール用) パーツ ダイハツ純正部品 バー収納 atrai オプション アクセサリー 用品[rn]
11-164158,http://tshop.r10s.jp/suzukimotors/cabinet/img183500/atwa002.jpg?fitin=700:700,6452.8000,,車用品・バイク用品 > カー用品 > 内装パーツ > インテリアパネル > トヨタ用,【アトレー】純正 S321G S331G コーナーコントロール(手動格納式） パーツ ダイハツ純正部品 フェンダーポール フェンダーライト atrai オプション アクセサリー 用品,,"<!--詳細--><table border=""1"" width=""100%"" cellpadding=""5"" cellspacing=""0""><tr><td width=""150"" bgcolor=""#cccccc"">車種名</td><td>アトレー</td></tr><tr><td bgcolor=""#cccccc"">品名</td><td>コーナーコントロール(手動格納式）</td></tr><tr><td bgcolor=""#cccccc"">取り付けできる年式</td><td><b><font color=#0033ff><font color=""#ff0000"">(重要) </font></font></b>平成22年8月～27年11月</td></tr><tr><td bgcolor=""#cccccc"">型式</td><td>S321G S331G</td></tr><tr><td bgcolor=""#cccccc"">品番</td><td>08510K5000</td></tr><tr><td bgcolor=""#cccccc"">詳細</td><td>夜間はライトスイッチと連動して先端部が青く光ります。<br>※写真の色・照度は実際と異なる場合があります。<br></td></tr></table><!--詳細END--><br><br><table border=""1"" width=""100%"" cellpadding=""5"" cellspacing=""0""><tr><td colspan=""2"" align=""center"" bgcolor=""#cccccc""><b>取り付けに関して</b></td></tr><tr><td colspan=""2"" bgcolor=""#cccccc"">取り付けできるグレード</td></tr><tr><td>全てのグレードに取り付け出来ます</td></tr></table><br><!--取付--><br><table border=""1"" cellspacing=""0"" cellpadding=""5"" width=100%><TR><td>取り付け難易度は 「やや難しい」※参考程度にお考えください</TD></TR><TR><td>【設定されている取り付け時間】 0.7時間</TD></TR><TR><td>※取付説明書が付属していない場合、ご連絡頂ければ対応致します。</TD></TR><TR><td>※上記の表示はあくまで参考程度としてお考え下さい。<br>技術の個人差や表示通りでは無い場合があります</TD></TR></TABLE><br><!--取付end--><!--カテゴリ--><br><table border=""1"" cellpadding=""5"" cellspacing=""0"" width=""100%""><tr><td>取り付け出来るか確認依頼する</td></tr><tr><td>同じ車種・年式で「別の部品」を確認する</td></tr><tr><td>同じ車種で「別の年式」を確認する</td></tr><tr><td>同じメーカーで「別の車種」を確認する</td></tr></table><br><!--カテゴリend-->",【アトレー】純正 S321G S331G コーナーコントロール(手動格納式） パーツ ダイハツ純正部品 フェンダーポール フェンダーライト atrai オプション アクセサリー 用品：株式会社　スズキモータース,通信販売通販ショッピングオンラインショッピング買い物プレゼントギフト贈り物贈答品お中元お歳暮お買い得スズキモ【アトレー】純正 S321G S331G コーナーコントロール(手動格納式） パーツ ダイハツ純正部品 フェンダーポール フェンダーライト atrai オプション アクセサリー 用品,【アトレー】純正 S321G S331G コーナーコントロール(手動格納式） パーツ ダイハツ純正部品 フェンダーポール フェンダーライト atrai オプション アクセサリー 用品[rn]
11-164159,http://tshop.r10s.jp/suzukimotors/cabinet/img638740/peda002.jpg?fitin=700:700,27160.0000,,車用品・バイク用品 > カー用品 > 内装パーツ > インテリアパネル > トヨタ用,【コペン】純正 LA400K ルーバーガーニッシュ（リヤ） パーツ ダイハツ純正部品 copen オプション アクセサリー 用品,,"<!--詳細--><table border=""1"" width=""100%"" cellpadding=""5"" cellspacing=""0""><tr><td width=""150"" bgcolor=""#cccccc"">車種名</td><td>コペン</td></tr><tr><td bgcolor=""#cccccc"">品名</td><td>ルーバーガーニッシュ（リヤ）</td></tr><tr><td bgcolor=""#cccccc"">取り付けできる年式</td><td><b><font color=#0033ff><font color=""#ff0000"">(重要) </font></font></b>平成26年6月～平成27年6月</td></tr><tr><td bgcolor=""#cccccc"">型式</td><td>LA400K</td></tr><tr><td bgcolor=""#cccccc"">品番</td><td>08412K2031</td></tr><tr><td bgcolor=""#cccccc"">詳細</td><td></td></tr></table><!--詳細END--><!--タイプ--><br><br><table border=""1"" width=""100%"" cellpadding=""5"" cellspacing=""0""><tr><td colspan=""2"" align=""center"" bgcolor=""#cccccc""><b>取り付けに関して</b></td></tr><tr><td colspan=""2"" bgcolor=""#cccccc"">取り付けできるグレード</td></tr><tr><td>CVT</td><td width=""30"">○</td></tr><tr><td>5MT</td><td>○</td></tr></table><!--タイプend--><br><!--取付--><br><table border=""1"" cellspacing=""0"" cellpadding=""5"" width=100%><TR><td>取り付け難易度は 「ふつう」※参考程度にお考えください</TD></TR><TR><td>【設定されている取り付け時間】 0.5時間</TD></TR><TR><td>※取付説明書が付属していない場合、ご連絡頂ければ対応致します。</TD></TR><TR><td>※上記の表示はあくまで参考程度としてお考え下さい。<br>技術の個人差や表示通りでは無い場合があります</TD></TR></TABLE><br><!--取付end--><br><table border=""1"" cellpadding=""5"" cellspacing=""0"" width=""100%""><tr><td>取り付け出来るか確認依頼する</td></tr><tr><td>同じ車種・年式で「別の部品」を確認する</td></tr><tr><td>同じ車種で「別の年式」を確認する</td></tr><tr><td>同じメーカーで「別の車種」を確認する</td></tr></table><br>",【コペン】純正 LA400K ルーバーガーニッシュ（リヤ） パーツ ダイハツ純正部品 copen オプション アクセサリー 用品：株式会社　スズキモータース,通信販売通販ショッピングオンラインショッピング買い物プレゼントギフト贈り物贈答品お中元お歳暮お買い得スズキモ【コペン】純正 LA400K ルーバーガーニッシュ（リヤ） パーツ ダイハツ純正部品 copen オプション アクセサリー 用品,【コペン】純正 LA400K ルーバーガーニッシュ（リヤ） パーツ ダイハツ純正部品 copen オプション アクセサリー 用品[rn]
11-164160,http://tshop.r10s.jp/suzukimotors/cabinet/img52011/atw002.jpg?fitin=700:700,6600.0000,,車用品・バイク用品 > カー用品 > 内装パーツ > インテリアパネル > トヨタ用,【アトレー】純正 S321G S331G コーナーコントロール（手動格納式） パーツ ダイハツ純正部品 フェンダーポール フェンダーライト atrai オプション アクセサリー 用品,,"<br><table border=""1"" width=""100%"" cellpadding=""5"" cellspacing=""0""><tr><td width=""100"" bgcolor=""#cccccc"">車種名</td><td>アトレー</td></tr><tr><td bgcolor=""#cccccc"">適合年式</td><td>平成19年10月～22年8月</td></tr><tr><td bgcolor=""#cccccc"">品番</td><td>08510K5000</td></tr></table><br><br><table border=""1"" width=""100%"" cellpadding=""5"" cellspacing=""0""><tr><td bgcolor=""#ffff99"">現行車の部品ではありません<br>メーカー在庫が無くなり次第廃止になる可能性があります。</td></tr></table><br><br>全てのグレードに適合しております<br><br>[備考]<br>夜間はライトスイッチと連動して先端部が青く点灯します。<br>※写真の色、照度は実際と異なる場合があります。<br><br><br><br><table border=""1"" cellpadding=""5"" cellspacing=""0"" width=""100%""><tr><td>取り付け出来るか確認依頼する</td></tr><tr><td>同じ車種・年式で「別の部品」を確認する</td></tr><tr><td>同じ車種で「別の年式」を確認する</td></tr><tr><td>同じメーカーで「別の車種」を確認する</td></tr></table>",【アトレー】純正 S321G S331G コーナーコントロール（手動格納式） パーツ ダイハツ純正部品 フェンダーポール フェンダーライト atrai オプション アクセサリー 用品：株式会社　スズキモータース,通信販売通販ショッピングオンラインショッピング買い物プレゼントギフト贈り物贈答品お中元お歳暮お買い得スズキモ【アトレー】純正 S321G S331G コーナーコントロール（手動格納式） パーツ ダイハツ純正部品 フェンダーポール フェンダーライト atrai オプション アクセサリー 用品,【アトレー】純正 S321G S331G コーナーコントロール（手動格納式） パーツ ダイハツ純正部品 フェンダーポール フェンダーライト atrai オプション アクセサリー 用品[rn]
11-164161,http://tshop.r10s.jp/suzukimotors/cabinet/imga2/atwagon004.jpg?fitin=700:700,5040.0000,,車用品・バイク用品 > カー用品 > 内装パーツ > インテリアパネル > トヨタ用,【アトレー】純正 S320G システムバー(ロア)(ユースフルホール専用) パーツ ダイハツ純正部品 atrai オプション アクセサリー 用品,,"<br><table border=""1"" width=""100%"" cellpadding=""5"" cellspacing=""0""><tr><td width=""100"" bgcolor=""#cccccc"">車種名</td><td>アトレー</td></tr><tr><td bgcolor=""#cccccc"">適合年式</td><td>平成17年5月～19年9月</td></tr><tr><td bgcolor=""#cccccc"">品番</td><td>99902060M5284</td></tr></table><br><br><table border=""1"" width=""100%"" cellpadding=""5"" cellspacing=""0""><tr><td bgcolor=""#ffff99"">現行車の部品ではありません<br>メーカー在庫が無くなり次第廃止になる可能性があります。</td></tr></table><br><br>全てのグレードに適合しております<br><br>[備考]<br>同時装着不可：10リサイクルホルダーベルトセット、11荷室ボードセット、17ドッグテントセット、75らゲージガーメントバッグセット、89台車ホルダーベルトセット<br>※耐荷重：7.5kg/1本。最大2本まで装着可。<br><br><br><table border=""1"" cellpadding=""5"" cellspacing=""0"" width=""100%""><tr><td>取り付け出来るか確認依頼する</td></tr><tr><td>同じ車種・年式で「別の部品」を確認する</td></tr><tr><td>同じ車種で「別の年式」を確認する</td></tr><tr><td>同じメーカーで「別の車種」を確認する</td></tr></table>",【アトレー】純正 S320G システムバー(ロア)(ユースフルホール専用) パーツ ダイハツ純正部品 atrai オプション アクセサリー 用品：株式会社　スズキモータース,通信販売通販ショッピングオンラインショッピング買い物プレゼントギフト贈り物贈答品お中元お歳暮お買い得スズキモ【アトレー】純正 S320G システムバー(ロア)(ユースフルホール専用) パーツ ダイハツ純正部品 atrai オプション アクセサリー 用品,【アトレー】純正 S320G システムバー(ロア)(ユースフルホール専用) パーツ ダイハツ純正部品 atrai オプション アクセサリー 用品[rn]
11-164162,http://tshop.r10s.jp/suzukimotors/cabinet/img649610/ccer003.jpg?fitin=700:700,22016.8000,,車用品・バイク用品 > カー用品 > 内装パーツ > インテリアパネル > トヨタ用,【コペン】純正 LA400K リヤロアガーニッシュ（メッキ） パーツ ダイハツ純正部品 copen オプション アクセサリー 用品,,"<!--詳細--><table border=""1"" width=""100%"" cellpadding=""5"" cellspacing=""0""><tr><td width=""150"" bgcolor=""#cccccc"">車種名</td><td>コペン</td></tr><tr><td bgcolor=""#cccccc"">品名</td><td>リヤロアガーニッシュ（メッキ）</td></tr><tr><td bgcolor=""#cccccc"">取り付けできる年式</td><td><b><font color=#0033ff><font color=""#ff0000"">(重要) </font></font></b>平成27年6月～next</td></tr><tr><td bgcolor=""#cccccc"">型式</td><td>LA400K</td></tr><tr><td bgcolor=""#cccccc"">品番</td><td>08412K2030</td></tr><tr><td bgcolor=""#cccccc"">詳細</td><td></td></tr></table><!--詳細END--><!--タイプ--><br><br><table border=""1"" width=""100%"" cellpadding=""5"" cellspacing=""0""><tr><td colspan=""2"" align=""center"" bgcolor=""#cccccc""><b>取り付けに関して</b></td></tr><tr><td colspan=""2"" bgcolor=""#cccccc"">取り付けできるグレード</td></tr><tr><td>Robe CVT</td><td width=""30"">○</td></tr><tr><td>Robe 5MT</td><td>○</td></tr><tr><td>Robe S CVT</td><td>○</td></tr><tr><td>Robe S 5MT</td><td>○</td></tr><tr><td>XPLAY CVT</td><td>×</td></tr><tr><td>XPLAY 5MT</td><td>×</td></tr><tr><td>XPLAY S CVT</td><td>×</td></tr><tr><td>XPLAY S 5MT</td><td>×</td></tr><tr><td>Cero CVT</td><td>×</td></tr><tr><td>Cero 5MT</td><td>×</td></tr></table><!--タイプend--><br><!--取付--><br><table border=""1"" cellspacing=""0"" cellpadding=""5"" width=100%><TR><td>取り付け難易度は 「ふつう」※参考程度にお考えください</TD></TR><TR><td>【設定されている取り付け時間】 0.5時間</TD></TR><TR><td>※取付説明書が付属していない場合、ご連絡頂ければ対応致します。</TD></TR><TR><td>※上記の表示はあくまで参考程度としてお考え下さい。<br>技術の個人差や表示通りでは無い場合があります</TD></TR></TABLE><br><!--取付end--><br><table border=""1"" cellpadding=""5"" cellspacing=""0"" width=""100%""><tr><td>取り付け出来るか確認依頼する</td></tr><tr><td>同じ車種・年式で「別の部品」を確認する</td></tr><tr><td>同じ車種で「別の年式」を確認する</td></tr><tr><td>同じメーカーで「別の車種」を確認する</td></tr></table><br>",【コペン】純正 LA400K リヤロアガーニッシュ（メッキ） パーツ ダイハツ純正部品 copen オプション アクセサリー 用品：株式会社　スズキモータース,通信販売通販ショッピングオンラインショッピング買い物プレゼントギフト贈り物贈答品お中元お歳暮お買い得スズキモ【コペン】純正 LA400K リヤロアガーニッシュ（メッキ） パーツ ダイハツ純正部品 copen オプション アクセサリー 用品,【コペン】純正 LA400K リヤロアガーニッシュ（メッキ） パーツ ダイハツ純正部品 copen オプション アクセサリー 用品[rn]
11-164163,http://tshop.r10s.jp/suzukimotors/cabinet/imga2/atwagon004.jpg?fitin=700:700,19400.0000,,車用品・バイク用品 > カー用品 > 内装パーツ > インテリアパネル > トヨタ用,【アトレー】純正 S320G ネットラック(マルチレール用) パーツ ダイハツ純正部品 バー atrai オプション アクセサリー 用品,,"<br><table border=""1"" width=""100%"" cellpadding=""5"" cellspacing=""0""><tr><td width=""100"" bgcolor=""#cccccc"">車種名</td><td>アトレー</td></tr><tr><td bgcolor=""#cccccc"">適合年式</td><td>平成17年5月～19年9月</td></tr><tr><td bgcolor=""#cccccc"">品番</td><td>99902060M5264</td></tr></table><br><br><table border=""1"" width=""100%"" cellpadding=""5"" cellspacing=""0""><tr><td bgcolor=""#ffff99"">現行車の部品ではありません<br>メーカー在庫が無くなり次第廃止になる可能性があります。</td></tr></table><br><br>全てのグレードに適合しております<br><br>[備考]<br>同時装着不可：3･6マルチレール商品、9システムバーセット(アッパー)、12～16アッパーシステムレール商品、77カーハンガー<br>※マルチレールが必要。最大積載荷重：15kg。<br><br><br><table border=""1"" cellpadding=""5"" cellspacing=""0"" width=""100%""><tr><td>取り付け出来るか確認依頼する</td></tr><tr><td>同じ車種・年式で「別の部品」を確認する</td></tr><tr><td>同じ車種で「別の年式」を確認する</td></tr><tr><td>同じメーカーで「別の車種」を確認する</td></tr></table>",【アトレー】純正 S320G ネットラック(マルチレール用) パーツ ダイハツ純正部品 バー atrai オプション アクセサリー 用品：株式会社　スズキモータース,通信販売通販ショッピングオンラインショッピング買い物プレゼントギフト贈り物贈答品お中元お歳暮お買い得スズキモ【アトレー】純正 S320G ネットラック(マルチレール用) パーツ ダイハツ純正部品 バー atrai オプション アクセサリー 用品,【アトレー】純正 S320G ネットラック(マルチレール用) パーツ ダイハツ純正部品 バー atrai オプション アクセサリー 用品[rn]
11-164164,http://tshop.r10s.jp/suzukimotors/cabinet/img638740/peda003.jpg?fitin=700:700,22504.0000,,車用品・バイク用品 > カー用品 > 内装パーツ > インテリアパネル > トヨタ用,【コペン】純正 LA400K リヤロアガーニッシュ パーツ ダイハツ純正部品 copen オプション アクセサリー 用品,,"<!--詳細--><table border=""1"" width=""100%"" cellpadding=""5"" cellspacing=""0""><tr><td width=""150"" bgcolor=""#cccccc"">車種名</td><td>コペン</td></tr><tr><td bgcolor=""#cccccc"">品名</td><td>リヤロアガーニッシュ（メッキ）</td></tr><tr><td bgcolor=""#cccccc"">取り付けできる年式</td><td><b><font color=#0033ff><font color=""#ff0000"">(重要) </font></font></b>平成26年6月～平成27年6月</td></tr><tr><td bgcolor=""#cccccc"">型式</td><td>LA400K</td></tr><tr><td bgcolor=""#cccccc"">品番</td><td>08412K2030</td></tr><tr><td bgcolor=""#cccccc"">詳細</td><td></td></tr></table><!--詳細END--><!--タイプ--><br><br><table border=""1"" width=""100%"" cellpadding=""5"" cellspacing=""0""><tr><td colspan=""2"" align=""center"" bgcolor=""#cccccc""><b>取り付けに関して</b></td></tr><tr><td colspan=""2"" bgcolor=""#cccccc"">取り付けできるグレード</td></tr><tr><td>CVT</td><td width=""30"">○</td></tr><tr><td>5MT</td><td>○</td></tr></table><!--タイプend--><br><!--取付--><br><table border=""1"" cellspacing=""0"" cellpadding=""5"" width=100%><TR><td>取り付け難易度は 「ふつう」※参考程度にお考えください</TD></TR><TR><td>【設定されている取り付け時間】 0.5時間</TD></TR><TR><td>※取付説明書が付属していない場合、ご連絡頂ければ対応致します。</TD></TR><TR><td>※上記の表示はあくまで参考程度としてお考え下さい。<br>技術の個人差や表示通りでは無い場合があります</TD></TR></TABLE><br><!--取付end--><br><table border=""1"" cellpadding=""5"" cellspacing=""0"" width=""100%""><tr><td>取り付け出来るか確認依頼する</td></tr><tr><td>同じ車種・年式で「別の部品」を確認する</td></tr><tr><td>同じ車種で「別の年式」を確認する</td></tr><tr><td>同じメーカーで「別の車種」を確認する</td></tr></table><br>",【コペン】純正 LA400K リヤロアガーニッシュ パーツ ダイハツ純正部品 copen オプション アクセサリー 用品：株式会社　スズキモータース,通信販売通販ショッピングオンラインショッピング買い物プレゼントギフト贈り物贈答品お中元お歳暮お買い得スズキモ【コペン】純正 LA400K リヤロアガーニッシュ パーツ ダイハツ純正部品 copen オプション アクセサリー 用品,【コペン】純正 LA400K リヤロアガーニッシュ パーツ ダイハツ純正部品 copen オプション アクセサリー 用品[rn]
11-164165,http://tshop.r10s.jp/suzukimotors/cabinet/img52011/atw004.jpg?fitin=700:700,12416.0000,,車用品・バイク用品 > カー用品 > 内装パーツ > インテリアパネル > トヨタ用,atw004 【アトレー】純正 S321G S331G オーバーヘッドシェルフ パーツ ダイハツ純正部品 atrai オプション アクセサリー 用品,,"<br><table border=""1"" width=""100%"" cellpadding=""5"" cellspacing=""0""><tr><td width=""100"" bgcolor=""#cccccc"">車種名</td><td>アトレー</td></tr><tr><td bgcolor=""#cccccc"">適合年式</td><td>平成19年10月～22年8月</td></tr><tr><td bgcolor=""#cccccc"">品番</td><td>08250K5001</td></tr></table><br><br><table border=""1"" width=""100%"" cellpadding=""5"" cellspacing=""0""><tr><td bgcolor=""#ffff99"">現行車の部品ではありません<br>メーカー在庫が無くなり次第廃止になる可能性があります。</td></tr></table><br><br>全てのグレードに適合しております<br><br>[備考]<br>地図やノートなど、頻繁に使うものの収納に便利です。<br>テッシュボックスが収納可能です。<br><br><br><br><table border=""1"" cellpadding=""5"" cellspacing=""0"" width=""100%""><tr><td>取り付け出来るか確認依頼する</td></tr><tr><td>同じ車種・年式で「別の部品」を確認する</td></tr><tr><td>同じ車種で「別の年式」を確認する</td></tr><tr><td>同じメーカーで「別の車種」を確認する</td></tr></table>",atw004 【アトレー】純正 S321G S331G オーバーヘッドシェルフ パーツ ダイハツ純正部品 atrai オプション アクセサリー 用品：株式会社　スズキモータース,通信販売通販ショッピングオンラインショッピング買い物プレゼントギフト贈り物贈答品お中元お歳暮お買い得スズキモatw004 【アトレー】純正 S321G S331G オーバーヘッドシェルフ パーツ ダイハツ純正部品 atrai オプション アクセサリー 用品,atw004 【アトレー】純正 S321G S331G オーバーヘッドシェルフ パーツ ダイハツ純正部品 atrai オプション アクセサリー 用品[rn]
11-164166,http://tshop.r10s.jp/suzukimotors/cabinet/img183500/atwa004.jpg?fitin=700:700,12147.2000,,車用品・バイク用品 > カー用品 > 内装パーツ > インテリアパネル > トヨタ用,【アトレー】純正 S321G S331G オーバーヘッドシェルフ パーツ ダイハツ純正部品 atrai オプション アクセサリー 用品,,"<!--詳細--><table border=""1"" width=""100%"" cellpadding=""5"" cellspacing=""0""><tr><td width=""150"" bgcolor=""#cccccc"">車種名</td><td>アトレー</td></tr><tr><td bgcolor=""#cccccc"">品名</td><td>オーバーヘッドシェルフ</td></tr><tr><td bgcolor=""#cccccc"">取り付けできる年式</td><td><b><font color=#0033ff><font color=""#ff0000"">(重要) </font></font></b>平成22年8月～27年11月</td></tr><tr><td bgcolor=""#cccccc"">型式</td><td>S321G S331G</td></tr><tr><td bgcolor=""#cccccc"">品番</td><td>08250K5001</td></tr><tr><td bgcolor=""#cccccc"">詳細</td><td></td></tr></table><!--詳細END--><br><br><table border=""1"" width=""100%"" cellpadding=""5"" cellspacing=""0""><tr><td colspan=""2"" align=""center"" bgcolor=""#cccccc""><b>取り付けに関して</b></td></tr><tr><td colspan=""2"" bgcolor=""#cccccc"">取り付けできるグレード</td></tr><tr><td>全てのグレードに取り付け出来ます</td></tr></table><br><!--取付--><br><table border=""1"" cellspacing=""0"" cellpadding=""5"" width=100%><TR><td>取り付け難易度は 「ふつう」※参考程度にお考えください</TD></TR><TR><td>【設定されている取り付け時間】 0.5時間</TD></TR><TR><td>※取付説明書が付属していない場合、ご連絡頂ければ対応致します。</TD></TR><TR><td>※上記の表示はあくまで参考程度としてお考え下さい。<br>技術の個人差や表示通りでは無い場合があります</TD></TR></TABLE><br><!--取付end--><!--カテゴリ--><br><table border=""1"" cellpadding=""5"" cellspacing=""0"" width=""100%""><tr><td>取り付け出来るか確認依頼する</td></tr><tr><td>同じ車種・年式で「別の部品」を確認する</td></tr><tr><td>同じ車種で「別の年式」を確認する</td></tr><tr><td>同じメーカーで「別の車種」を確認する</td></tr></table><br><!--カテゴリend-->",【アトレー】純正 S321G S331G オーバーヘッドシェルフ パーツ ダイハツ純正部品 atrai オプション アクセサリー 用品：株式会社　スズキモータース,通信販売通販ショッピングオンラインショッピング買い物プレゼントギフト贈り物贈答品お中元お歳暮お買い得スズキモ【アトレー】純正 S321G S331G オーバーヘッドシェルフ パーツ ダイハツ純正部品 atrai オプション アクセサリー 用品,【アトレー】純正 S321G S331G オーバーヘッドシェルフ パーツ ダイハツ純正部品 atrai オプション アクセサリー 用品[rn]
11-164167,http://tshop.r10s.jp/suzukimotors/cabinet/img552489/cope004.jpg?fitin=700:700,27160.0000,,車用品・バイク用品 > カー用品 > 内装パーツ > インテリアパネル > トヨタ用,【コペン】純正 L880K リヤロアスカート パーツ ダイハツ純正部品 copen オプション アクセサリー 用品,,"<!--詳細--><table border=""1"" width=""100%"" cellpadding=""5"" cellspacing=""0""><tr><td width=""150"" bgcolor=""#cccccc"">車種名</td><td>コペン</td></tr><tr><td bgcolor=""#cccccc"">品名</td><td>リヤロアスカート</td></tr><tr><td bgcolor=""#cccccc"">取り付けできる年式</td><td><b><font color=#0033ff><font color=""#ff0000"">(重要) </font></font></b>平成19年9月～26年6月</td></tr><tr><td bgcolor=""#cccccc"">型式</td><td>L880K</td></tr><tr><td bgcolor=""#cccccc"">品番</td><td>08152K2004A0[タイプ1]<br>99909010K2188[タイプ2]<br>99909010K2190[タイプ3]<br>99909010K2195[タイプ4]<br>99909010K2193[タイプ5]<br>99909010K2192[タイプ6]<br>99909010K2189[タイプ7]<br>08152K2004C0[タイプ8]<br>08152K2001D2[タイプ9]</td></tr><tr><td bgcolor=""#cccccc"">詳細</td><td>リヤビューを低重心化して見せ、一層精悍な印象を与えると共に、ボディエンドに向かって流れ落ちるラインを強調し、サイドビューニもさらなる動感をもたらします。<br>ABS樹脂製。<br>※縁石や段差の大きな場所では、路面と干渉する場合がありますのでご注意ください、地上高約150mm。<br></td></tr></table><!--詳細END--><br><br>選択項目をご確認ください <!--タイプ1--><br><br><table border=""1"" width=""100%"" cellpadding=""5"" cellspacing=""0""><tr><td colspan=""2"" align=""center"" bgcolor=""#cccccc""><b>[タイプ1]</b></td></tr><tr><td colspan=""2"">[設定] <b><font color=#0033ff>ホワイト w09</font></b></td></tr><tr><td colspan=""2"" bgcolor=""#cccccc"">取り付けできるグレード</td></tr><tr><td>全てのグレードに取り付け出来ます</td></tr></table><!--タイプ1end--><!--タイプ2--><br><br><table border=""1"" width=""100%"" cellpadding=""5"" cellspacing=""0""><tr><td colspan=""2"" align=""center"" bgcolor=""#cccccc""><b>[タイプ2]</b></td></tr><tr><td colspan=""2"">[設定] <b><font color=#0033ff>パールホワイト w16</font></b></td></tr><tr><td colspan=""2"" bgcolor=""#cccccc"">取り付けできるグレード</td></tr><tr><td>全てのグレードに取り付け出来ます</td></tr></table><!--タイプ2end--><!--タイプ3--><br><br><table border=""1"" width=""100%"" cellpadding=""5"" cellspacing=""0""><tr><td colspan=""2"" align=""center"" bgcolor=""#cccccc""><b>[タイプ3]</b></td></tr><tr><td colspan=""2"">[設定] <b><font color=#0033ff>ジョーヌイエロー y07</font></b></td></tr><tr><td colspan=""2"" bgcolor=""#cccccc"">取り付けできるグレード</td></tr><tr><td>全てのグレードに取り付け出来ます</td></tr></table><!--タイプ3end--><!--タイプ4--><br><br><table border=""1"" width=""100%"" cellpadding=""5"" cellspacing=""0""><tr><td colspan=""2"" align=""center"" bgcolor=""#cccccc""><b>[タイプ4]</b></td></tr><tr><td colspan=""2"">[設定] <b><font color=#0033ff>ダークグリーンマイカ 6q7</font></b></td></tr><tr><td colspan=""2"" bgcolor=""#cccccc"">取り付けできるグレード</td></tr><tr><td>全てのグレードに取り付け出来ます</td></tr></table><!--タイプ4end--><!--タイプ5--><br><br><table border=""1"" width=""100%"" cellpadding=""5"" cellspacing=""0""><tr><td colspan=""2"" align=""center"" bgcolor=""#cccccc""><b>[タイプ5]</b></td></tr><tr><td colspan=""2"">[設定] <b><font color=#0033ff>ダークブルーマイカメタリック b42</font></b></td></tr><tr><td colspan=""2"" bgcolor=""#cccccc"">取り付けできるグレード</td></tr><tr><td>全てのグレードに取り付け出来ます</td></tr></table><!--タイプ5end--><!--タイプ6--><br><br><table border=""1"" width=""100%"" cellpadding=""5"" cellspacing=""0""><tr><td colspan=""2"" align=""center"" bgcolor=""#cccccc""><b>[タイプ6]</b></td></tr><tr><td colspan=""2"">[設定] <b><font color=#0033ff>ブライトシルバーメタリック s28</font></b></td></tr><tr><td colspan=""2"" bgcolor=""#cccccc"">取り付けできるグレード</td></tr><tr><td>全てのグレードに取り付け出来ます</td></tr></table><!--タイプ6end--><!--タイプ7--><br><br><table border=""1"" width=""100%"" cellpadding=""5"" cellspacing=""0""><tr><td colspan=""2"" align=""center"" bgcolor=""#cccccc""><b>[タイプ7]</b></td></tr><tr><td colspan=""2"">[設定] <b><font color=#0033ff>シャイニングレッド r40</font></b></td></tr><tr><td colspan=""2"" bgcolor=""#cccccc"">取り付けできるグレード</td></tr><tr><td>全てのグレードに取り付け出来ます</td></tr></table><!--タイプ7end--><!--タイプ8--><br><br><table border=""1"" width=""100%"" cellpadding=""5"" cellspacing=""0""><tr><td colspan=""2"" align=""center"" bgcolor=""#cccccc""><b>[タイプ8]</b></td></tr><tr><td colspan=""2"">[設定] <b><font color=#0033ff>ブラックマイカメタリック x07</font></b></td></tr><tr><td colspan=""2"" bgcolor=""#cccccc"">取り付けできるグレード</td></tr><tr><td>全てのグレードに取り付け出来ます</td></tr></table><!--タイプ8end--><!--タイプ9--><br><br><table border=""1"" width=""100%"" cellpadding=""5"" cellspacing=""0""><tr><td colspan=""2"" align=""center"" bgcolor=""#cccccc""><b>[タイプ9]</b></td></tr><tr><td colspan=""2"">[設定] <b><font color=#0033ff>ダークレッドマイカ r54</font></b></td></tr><tr><td colspan=""2"" bgcolor=""#cccccc"">取り付けできるグレード</td></tr><tr><td>全てのグレードに取り付け出来ます</td></tr></table><!--タイプ9end--><br><!--カテゴリ--><br><table border=""1"" cellpadding=""5"" cellspacing=""0"" width=""100%""><tr><td>取り付け出来るか確認依頼する</td></tr><tr><td>同じ車種・年式で「別の部品」を確認する</td></tr><tr><td>同じ車種で「別の年式」を確認する</td></tr><tr><td>同じメーカーで「別の車種」を確認する</td></tr></table><br><!--カテゴリend-->",【コペン】純正 L880K リヤロアスカート パーツ ダイハツ純正部品 copen オプション アクセサリー 用品：株式会社　スズキモータース,通信販売通販ショッピングオンラインショッピング買い物プレゼントギフト贈り物贈答品お中元お歳暮お買い得スズキモ【コペン】純正 L880K リヤロアスカート パーツ ダイハツ純正部品 copen オプション アクセサリー 用品,【コペン】純正 L880K リヤロアスカート パーツ ダイハツ純正部品 copen オプション アクセサリー 用品[rn]
11-164168,http://tshop.r10s.jp/suzukimotors/cabinet/imga2/atwagon009.jpg?fitin=700:700,12808.0000,,車用品・バイク用品 > カー用品 > 内装パーツ > インテリアパネル > トヨタ用,【アトレー】純正 S320G ハンガーバー(マルチレール用) パーツ ダイハツ純正部品 バー atrai オプション アクセサリー 用品,,"<br><table border=""1"" width=""100%"" cellpadding=""5"" cellspacing=""0""><tr><td width=""100"" bgcolor=""#cccccc"">車種名</td><td>アトレー</td></tr><tr><td bgcolor=""#cccccc"">適合年式</td><td>平成17年5月～19年9月</td></tr><tr><td bgcolor=""#cccccc"">品番</td><td>99902060M5265</td></tr></table><br><br><table border=""1"" width=""100%"" cellpadding=""5"" cellspacing=""0""><tr><td bgcolor=""#ffff99"">現行車の部品ではありません<br>メーカー在庫が無くなり次第廃止になる可能性があります。</td></tr></table><br><br>全てのグレードに適合しております<br><br>[備考]<br>同時装着不可：3･5マルチレール商品、9システムバーセット(アッパー)、12～16アッパーシステムレール商品、77カーハンガー<br>※マルチレールが必要。最大積載荷重：15kg。<br><br><br><table border=""1"" cellpadding=""5"" cellspacing=""0"" width=""100%""><tr><td>取り付け出来るか確認依頼する</td></tr><tr><td>同じ車種・年式で「別の部品」を確認する</td></tr><tr><td>同じ車種で「別の年式」を確認する</td></tr><tr><td>同じメーカーで「別の車種」を確認する</td></tr></table>",【アトレー】純正 S320G ハンガーバー(マルチレール用) パーツ ダイハツ純正部品 バー atrai オプション アクセサリー 用品：株式会社　スズキモータース,通信販売通販ショッピングオンラインショッピング買い物プレゼントギフト贈り物贈答品お中元お歳暮お買い得スズキモ【アトレー】純正 S320G ハンガーバー(マルチレール用) パーツ ダイハツ純正部品 バー atrai オプション アクセサリー 用品,【アトレー】純正 S320G ハンガーバー(マルチレール用) パーツ ダイハツ純正部品 バー atrai オプション アクセサリー 用品[rn]
11-164169,http://tshop.r10s.jp/suzukimotors/cabinet/imga3/cop004.jpg?fitin=700:700,27160.0000,,車用品・バイク用品 > カー用品 > 内装パーツ > インテリアパネル > トヨタ用,【コペン】純正 L880 リヤロアスカート パーツ ダイハツ純正部品 copen オプション アクセサリー 用品,,"<!--詳細--><table border=""1"" width=""100%"" cellpadding=""5"" cellspacing=""0""><tr><td width=""150"" bgcolor=""#cccccc"">車種名</td><td>コペン</td></tr><tr><td bgcolor=""#cccccc"">品名</td><td>リヤロアスカート</td></tr><tr><td bgcolor=""#cccccc"">取り付けできる年式</td><td><b><font color=#0033ff><font color=""#ff0000"">(重要) </font></font></b>平成14年6月～19年9月</td></tr><tr><td bgcolor=""#cccccc"">型式</td><td>L880</td></tr><tr><td bgcolor=""#cccccc"">品番</td><td>99909010K2194[タイプ1]<br>99909010K2188[タイプ2]<br>99909010K2190[タイプ3]<br>99909010K2195[タイプ4]<br>99909010K2193[タイプ5]<br>99909010K2192[タイプ6]<br>99909010K2189[タイプ7]<br>99909010K2456[タイプ8]<br>99909010K2457[タイプ9]</td></tr><tr><td bgcolor=""#cccccc"">詳細</td><td>リヤビューを低重心化して見せ、一層精悍な印象を与えるとともに、ボディエンドに向かって流れ落ちるラインを強調し、サイドビューにもさらなる動感をもたらします。<br>ABS樹脂製。<br>※縁石や段差の大きな場所では、路面と干渉する場合がありますのでご注意ください。<br></td></tr></table><!--詳細END--><br><br>選択項目をご確認ください <!--タイプ1--><br><br><table border=""1"" width=""100%"" cellpadding=""5"" cellspacing=""0""><tr><td colspan=""2"" align=""center"" bgcolor=""#cccccc""><b>[タイプ1]</b></td></tr><tr><td colspan=""2"">[設定] <b><font color=#0033ff>ホワイト 056</font></b></td></tr><tr><td colspan=""2"" bgcolor=""#cccccc"">取り付けできるグレード</td></tr><tr><td>全てのグレードに取り付け出来ます</td></tr></table><!--タイプ1end--><!--タイプ2--><br><br><table border=""1"" width=""100%"" cellpadding=""5"" cellspacing=""0""><tr><td colspan=""2"" align=""center"" bgcolor=""#cccccc""><b>[タイプ2]</b></td></tr><tr><td colspan=""2"">[設定] <b><font color=#0033ff>パールホワイト W16</font></b></td></tr><tr><td colspan=""2"" bgcolor=""#cccccc"">取り付けできるグレード</td></tr><tr><td>全てのグレードに取り付け出来ます</td></tr></table><!--タイプ2end--><!--タイプ3--><br><br><table border=""1"" width=""100%"" cellpadding=""5"" cellspacing=""0""><tr><td colspan=""2"" align=""center"" bgcolor=""#cccccc""><b>[タイプ3]</b></td></tr><tr><td colspan=""2"">[設定] <b><font color=#0033ff>ジョーヌイエロー Y07</font></b></td></tr><tr><td colspan=""2"" bgcolor=""#cccccc"">取り付けできるグレード</td></tr><tr><td>全てのグレードに取り付け出来ます</td></tr></table><!--タイプ3end--><!--タイプ4--><br><br><table border=""1"" width=""100%"" cellpadding=""5"" cellspacing=""0""><tr><td colspan=""2"" align=""center"" bgcolor=""#cccccc""><b>[タイプ4]</b></td></tr><tr><td colspan=""2"">[設定] <b><font color=#0033ff>ダークグリーンマイカ 6Q7</font></b></td></tr><tr><td colspan=""2"" bgcolor=""#cccccc"">取り付けできるグレード</td></tr><tr><td>全てのグレードに取り付け出来ます</td></tr></table><!--タイプ4end--><!--タイプ5--><br><br><table border=""1"" width=""100%"" cellpadding=""5"" cellspacing=""0""><tr><td colspan=""2"" align=""center"" bgcolor=""#cccccc""><b>[タイプ5]</b></td></tr><tr><td colspan=""2"">[設定] <b><font color=#0033ff>ダークブルーマイカメタリック B42</font></b></td></tr><tr><td colspan=""2"" bgcolor=""#cccccc"">取り付けできるグレード</td></tr><tr><td>全てのグレードに取り付け出来ます</td></tr></table><!--タイプ5end--><!--タイプ6--><br><br><table border=""1"" width=""100%"" cellpadding=""5"" cellspacing=""0""><tr><td colspan=""2"" align=""center"" bgcolor=""#cccccc""><b>[タイプ6]</b></td></tr><tr><td colspan=""2"">[設定] <b><font color=#0033ff>ブライトシルバーメタリック S28</font></b></td></tr><tr><td colspan=""2"" bgcolor=""#cccccc"">取り付けできるグレード</td></tr><tr><td>全てのグレードに取り付け出来ます</td></tr></table><!--タイプ6end--><!--タイプ7--><br><br><table border=""1"" width=""100%"" cellpadding=""5"" cellspacing=""0""><tr><td colspan=""2"" align=""center"" bgcolor=""#cccccc""><b>[タイプ7]</b></td></tr><tr><td colspan=""2"">[設定] <b><font color=#0033ff>シャイニングレッド R40</font></b></td></tr><tr><td colspan=""2"" bgcolor=""#cccccc"">取り付けできるグレード</td></tr><tr><td>全てのグレードに取り付け出来ます</td></tr></table><!--タイプ7end--><!--タイプ8--><br><br><table border=""1"" width=""100%"" cellpadding=""5"" cellspacing=""0""><tr><td colspan=""2"" align=""center"" bgcolor=""#cccccc""><b>[タイプ8]</b></td></tr><tr><td colspan=""2"">[設定] <b><font color=#0033ff>スチールグレーメタリック S30</font></b></td></tr><tr><td colspan=""2"" bgcolor=""#cccccc"">取り付けできるグレード</td></tr><tr><td>全てのグレードに取り付け出来ます</td></tr></table><!--タイプ8end--><!--タイプ9--><br><br><table border=""1"" width=""100%"" cellpadding=""5"" cellspacing=""0""><tr><td colspan=""2"" align=""center"" bgcolor=""#cccccc""><b>[タイプ9]</b></td></tr><tr><td colspan=""2"">[設定] <b><font color=#0033ff>シャンパンメタリックオパール T17</font></b></td></tr><tr><td colspan=""2"" bgcolor=""#cccccc"">取り付けできるグレード</td></tr><tr><td>全てのグレードに取り付け出来ます</td></tr></table><!--タイプ9end--><br><!--カテゴリ--><br><table border=""1"" cellpadding=""5"" cellspacing=""0"" width=""100%""><tr><td>取り付け出来るか確認依頼する</td></tr><tr><td>同じ車種・年式で「別の部品」を確認する</td></tr><tr><td>同じ車種で「別の年式」を確認する</td></tr><tr><td>同じメーカーで「別の車種」を確認する</td></tr></table><br><!--カテゴリend-->",【コペン】純正 L880 リヤロアスカート パーツ ダイハツ純正部品 copen オプション アクセサリー 用品：株式会社　スズキモータース,通信販売通販ショッピングオンラインショッピング買い物プレゼントギフト贈り物贈答品お中元お歳暮お買い得スズキモ【コペン】純正 L880 リヤロアスカート パーツ ダイハツ純正部品 copen オプション アクセサリー 用品,【コペン】純正 L880 リヤロアスカート パーツ ダイハツ純正部品 copen オプション アクセサリー 用品[rn]
11-164170,http://tshop.r10s.jp/suzukimotors/cabinet/img2456875/tacn013.jpg?fitin=700:700,2328.0000,,車用品・バイク用品 > カー用品 > 内装パーツ > インテリアパネル > トヨタ用,TRD ウィンカーバルブ（ドレスアップ [ MS402-00006] カローラアクシオ NZE161 NZE164 NRE160 適合 全車 (必要個数 1個) 【メール便可能】,,"<table border=""1"" width=""100%"" cellpadding=""5"" cellspacing=""0""><tr><td width=""100"">メーカー</td><td >TRD</td></tr><tr><td >車種</td><td >カローラアクシオ NZE161 NZE164 NRE160 </td></tr><tr><td >部品名</td><td >ウィンカーバルブ（ドレスアップ </td></tr><tr><td >種類</td><td >全グレード</td></tr><tr><td >品番</td><td >MS402-00006</td></tr><tr><td >必要個数</td><td >1</td></tr></table>",TRD ウィンカーバルブ（ドレスアップ [ MS402-00006] カローラアクシオ NZE161 NZE164 NRE160 適合 全車 (必要個数 1個) 【メール便可能】：株式会社　スズキモータース,通信販売通販ショッピングオンラインショッピング買い物プレゼントギフト贈り物贈答品お中元お歳暮お買い得スズキモTRD ウィンカーバルブ（ドレスアップ [ MS402-00006] カローラアクシオ NZE161 NZE164 NRE160 適合 全車 (必要個数 1個) 【メール便可能】,【メール便可能】。TRD ウィンカーバルブ（ドレスアップ [ MS402-00006] カローラアクシオ NZE161 NZE164 NRE160 適合 全車 (必要個数 1個) 【メール便可能】[rn]
11-164171,http://tshop.r10s.jp/suzukimotors/cabinet/img52011/atw005.jpg?fitin=700:700,2712.0000,,車用品・バイク用品 > カー用品 > 内装パーツ > インテリアパネル > トヨタ用,atw005 【アトレー】純正 S321G S331G ソーラーアッシュトレイ（ブーツ付） パーツ ダイハツ純正部品 タバコ 喫煙 灰皿 atrai オプション アクセサリー 用品,,"<br><table border=""1"" width=""100%"" cellpadding=""5"" cellspacing=""0""><tr><td width=""100"" bgcolor=""#cccccc"">車種名</td><td>アトレー</td></tr><tr><td bgcolor=""#cccccc"">適合年式</td><td>平成19年10月～22年8月</td></tr><tr><td bgcolor=""#cccccc"">品番</td><td>08623K4001</td></tr></table><br><br><table border=""1"" width=""100%"" cellpadding=""5"" cellspacing=""0""><tr><td bgcolor=""#ffff99"">現行車の部品ではありません<br>メーカー在庫が無くなり次第廃止になる可能性があります。</td></tr></table><br><br>全てのグレードに適合しております<br><br>[備考]<br>夜間に便利な照明付。<br>太陽電池式なので、電源は必要ありません。<br>カップホルダーに装着となります。<br><br><br><br><table border=""1"" cellpadding=""5"" cellspacing=""0"" width=""100%""><tr><td>取り付け出来るか確認依頼する</td></tr><tr><td>同じ車種・年式で「別の部品」を確認する</td></tr><tr><td>同じ車種で「別の年式」を確認する</td></tr><tr><td>同じメーカーで「別の車種」を確認する</td></tr></table>",atw005 【アトレー】純正 S321G S331G ソーラーアッシュトレイ（ブーツ付） パーツ ダイハツ純正部品 タバコ 喫煙 灰皿 atrai オプション アクセサリー 用品：株式会社　スズキモータース,通信販売通販ショッピングオンラインショッピング買い物プレゼントギフト贈り物贈答品お中元お歳暮お買い得スズキモatw005 【アトレー】純正 S321G S331G ソーラーアッシュトレイ（ブーツ付） パーツ ダイハツ純正部品 タバコ 喫煙 灰皿 atrai オプション アクセサリー 用品,atw005 【アトレー】純正 S321G S331G ソーラーアッシュトレイ（ブーツ付） パーツ ダイハツ純正部品 タバコ 喫煙 灰皿 atrai オプション アクセサリー 用品[rn]
11-164172,http://tshop.r10s.jp/suzukimotors/cabinet/imga2/atwagon010.jpg?fitin=700:700,1856.0000,,車用品・バイク用品 > カー用品 > 内装パーツ > インテリアパネル > トヨタ用,【アトレー】純正 S320G ユーティリティフック(2個セット) パーツ ダイハツ純正部品 固定 atrai オプション アクセサリー 用品,,"<br><table border=""1"" width=""100%"" cellpadding=""5"" cellspacing=""0""><tr><td width=""100"" bgcolor=""#cccccc"">車種名</td><td>アトレー</td></tr><tr><td bgcolor=""#cccccc"">適合年式</td><td>平成17年5月～19年9月</td></tr><tr><td bgcolor=""#cccccc"">品番</td><td>99902060M5288[ﾀｲﾌﾟ1]<br>99902060M5289[ﾀｲﾌﾟ2]<br>99902060M5290[ﾀｲﾌﾟ3]<br></td></tr></table><br><br><table border=""1"" width=""100%"" cellpadding=""5"" cellspacing=""0""><tr><td bgcolor=""#ffff99"">現行車の部品ではありません<br>メーカー在庫が無くなり次第廃止になる可能性があります。</td></tr></table><br><br>[備考]<br>（タイプ１）<br>A(2個セット)<br>2WD/ハイルーフ/カスタムターボR（適用に関しては注を参照のこと）、 2WD/ハイルーフ/カスタムターボRS（適用に関しては注を参照のこと）、 4WD/ハイルーフ/カスタムターボR（適用に関しては注を参照のこと）、 4WD/ハイルーフ/カスタムターボRS（適用に関しては注を参照のこと）<br>同時装着不可：【荷室上部のユースフルナットに装着時】2・3・5・6マルチレール商品、12～16アッパーシステムレール商品【ベルトライン部のユースフルホールに装着時】11荷室ボードセット、75ラゲージガーメントバッグセット<br>※耐荷重：1.5kg/1個。荷室上部のユースフルナット部には、最大8個。ベルトライン部のユースフルホール部には最大4個装着可能。<br>※後席アシストグリップ部に装着の場合は取り外しとなります。<br><br>（タイプ2）<br>B(2個セット)<br>全てのグレードに適合しております<br>同時装着不可：【荷室上部のユースフルナットに装着時】2・3・5・6マルチレール商品、12～16アッパーシステムレール商品【ベルトライン部のユースフルホールに装着時】11荷室ボードセット、75ラゲージガーメントバッグセット<br>※耐荷重：1.5kg/1個。荷室上部のユースフルナット部には、最大8個。ベルトライン部のユースフルホール部には最大4個装着可能。<br>※後席アシストグリップ部に装着の場合は取り外しとなります。<br><br>（タイプ3）<br>C(2個セット)<br>全てのグレードに適合しております<br>同時装着不可：【荷室上部のユースフルナットに装着時】2・3・5・6マルチレール商品、12～16アッパーシステムレール商品【ベルトライン部のユースフルホールに装着時】11荷室ボードセット、75ラゲージガーメントバッグセット<br>※耐荷重：1.5kg/1個。荷室上部のユースフルナット部には、最大8個。ベルトライン部のユースフルホール部には最大4個装着可能。<br>※後席アシストグリップ部に装着の場合は取り外しとなります。<br><br><br><table border=""1"" cellpadding=""5"" cellspacing=""0"" width=""100%""><tr><td>取り付け出来るか確認依頼する</td></tr><tr><td>同じ車種・年式で「別の部品」を確認する</td></tr><tr><td>同じ車種で「別の年式」を確認する</td></tr><tr><td>同じメーカーで「別の車種」を確認する</td></tr></table>",【アトレー】純正 S320G ユーティリティフック(2個セット) パーツ ダイハツ純正部品 固定 atrai オプション アクセサリー 用品：株式会社　スズキモータース,通信販売通販ショッピングオンラインショッピング買い物プレゼントギフト贈り物贈答品お中元お歳暮お買い得スズキモ【アトレー】純正 S320G ユーティリティフック(2個セット) パーツ ダイハツ純正部品 固定 atrai オプション アクセサリー 用品,【メール便可能】。【アトレー】純正 S320G ユーティリティフック(2個セット) パーツ ダイハツ純正部品 固定 atrai オプション アクセサリー 用品[rn]
11-164173,http://tshop.r10s.jp/suzukimotors/cabinet/img2456875/tacn014.jpg?fitin=700:700,10864.0000,,車用品・バイク用品 > カー用品 > 内装パーツ > インテリアパネル > トヨタ用,TRD プッシュスタートスイッチ [ MS422-00003] カローラアクシオ NZE161 NZE164 NRE160 適合 スマートエントリー付車 (必要個数 1個),,"<table border=""1"" width=""100%"" cellpadding=""5"" cellspacing=""0""><tr><td width=""100"">メーカー</td><td >TRD</td></tr><tr><td >車種</td><td >カローラアクシオ NZE161 NZE164 NRE160 </td></tr><tr><td >部品名</td><td >プッシュスタートスイッチ</td></tr><tr><td >種類</td><td >スマートエントリー付車</td></tr><tr><td >品番</td><td >MS422-00003</td></tr><tr><td >必要個数</td><td >1</td></tr></table>",TRD プッシュスタートスイッチ [ MS422-00003] カローラアクシオ NZE161 NZE164 NRE160 適合 スマートエントリー付車 (必要個数 1個)：株式会社　スズキモータース,通信販売通販ショッピングオンラインショッピング買い物プレゼントギフト贈り物贈答品お中元お歳暮お買い得スズキモTRD プッシュスタートスイッチ [ MS422-00003] カローラアクシオ NZE161 NZE164 NRE160 適合 スマートエントリー付車 (必要個数 1個),TRD プッシュスタートスイッチ [ MS422-00003] カローラアクシオ NZE161 NZE164 NRE160 適合 スマートエントリー付車 (必要個数 1個)[rn]
11-164174,http://tshop.r10s.jp/suzukimotors/cabinet/img2456875/tacn015.jpg?fitin=700:700,2952.0000,,車用品・バイク用品 > カー用品 > 内装パーツ > インテリアパネル > トヨタ用,TRD フューエルキャップカバー [ MS360-00001] カローラアクシオ NZE161 NZE164 NRE160 適合 全車 (必要個数 1個),,"<table border=""1"" width=""100%"" cellpadding=""5"" cellspacing=""0""><tr><td width=""100"">メーカー</td><td >TRD</td></tr><tr><td >車種</td><td >カローラアクシオ NZE161 NZE164 NRE160 </td></tr><tr><td >部品名</td><td >フューエルキャップカバー</td></tr><tr><td >種類</td><td >全グレード</td></tr><tr><td >品番</td><td >MS360-00001</td></tr><tr><td >必要個数</td><td >1</td></tr></table>",TRD フューエルキャップカバー [ MS360-00001] カローラアクシオ NZE161 NZE164 NRE160 適合 全車 (必要個数 1個)：株式会社　スズキモータース,通信販売通販ショッピングオンラインショッピング買い物プレゼントギフト贈り物贈答品お中元お歳暮お買い得スズキモTRD フューエルキャップカバー [ MS360-00001] カローラアクシオ NZE161 NZE164 NRE160 適合 全車 (必要個数 1個),TRD フューエルキャップカバー [ MS360-00001] カローラアクシオ NZE161 NZE164 NRE160 適合 全車 (必要個数 1個)[rn]
11-164175,http://tshop.r10s.jp/suzukimotors/cabinet/img2456875/tacn016.jpg?fitin=700:700,2328.0000,,車用品・バイク用品 > カー用品 > 内装パーツ > インテリアパネル > トヨタ用,TRD ラジエターキャップ [ MS143-18001] カローラアクシオ NZE161 NZE164 NRE160 適合 全車 (必要個数 1個),,"<table border=""1"" width=""100%"" cellpadding=""5"" cellspacing=""0""><tr><td width=""100"">メーカー</td><td >TRD</td></tr><tr><td >車種</td><td >カローラアクシオ NZE161 NZE164 NRE160 </td></tr><tr><td >部品名</td><td >ラジエターキャップ</td></tr><tr><td >種類</td><td >全グレード</td></tr><tr><td >品番</td><td >MS143-18001</td></tr><tr><td >必要個数</td><td >1</td></tr></table>",TRD ラジエターキャップ [ MS143-18001] カローラアクシオ NZE161 NZE164 NRE160 適合 全車 (必要個数 1個)：株式会社　スズキモータース,通信販売通販ショッピングオンラインショッピング買い物プレゼントギフト贈り物贈答品お中元お歳暮お買い得スズキモTRD ラジエターキャップ [ MS143-18001] カローラアクシオ NZE161 NZE164 NRE160 適合 全車 (必要個数 1個),TRD ラジエターキャップ [ MS143-18001] カローラアクシオ NZE161 NZE164 NRE160 適合 全車 (必要個数 1個)[rn]
11-164176,http://tshop.r10s.jp/suzukimotors/cabinet/img2456875/tacn018.jpg?fitin=700:700,7600.0000,,車用品・バイク用品 > カー用品 > 内装パーツ > インテリアパネル > トヨタ用,TRD 本革巻シフトノブ [ MS204-00003] カローラアクシオ NZE161 NZE164 NRE160 適合 CVT車 (必要個数 1個),,"<table border=""1"" width=""100%"" cellpadding=""5"" cellspacing=""0""><tr><td width=""100"">メーカー</td><td >TRD</td></tr><tr><td >車種</td><td >カローラアクシオ NZE161 NZE164 NRE160 </td></tr><tr><td >部品名</td><td >本革巻シフトノブ</td></tr><tr><td >種類</td><td >CVT車</td></tr><tr><td >品番</td><td >MS204-00003</td></tr><tr><td >必要個数</td><td >1</td></tr></table>",TRD 本革巻シフトノブ [ MS204-00003] カローラアクシオ NZE161 NZE164 NRE160 適合 CVT車 (必要個数 1個)：株式会社　スズキモータース,通信販売通販ショッピングオンラインショッピング買い物プレゼントギフト贈り物贈答品お中元お歳暮お買い得スズキモTRD 本革巻シフトノブ [ MS204-00003] カローラアクシオ NZE161 NZE164 NRE160 適合 CVT車 (必要個数 1個),TRD 本革巻シフトノブ [ MS204-00003] カローラアクシオ NZE161 NZE164 NRE160 適合 CVT車 (必要個数 1個)[rn]
11-164177,http://tshop.r10s.jp/suzukimotors/cabinet/img2456875/tacn019.jpg?fitin=700:700,3880.0000,,車用品・バイク用品 > カー用品 > 内装パーツ > インテリアパネル > トヨタ用,TRD シフトノブ [ MS204-00001] カローラアクシオ NZE161 NZE164 NRE160 適合 CVT車 (必要個数 1個),,"<table border=""1"" width=""100%"" cellpadding=""5"" cellspacing=""0""><tr><td width=""100"">メーカー</td><td >TRD</td></tr><tr><td >車種</td><td >カローラアクシオ NZE161 NZE164 NRE160 </td></tr><tr><td >部品名</td><td >シフトノブ</td></tr><tr><td >種類</td><td >CVT車</td></tr><tr><td >品番</td><td >MS204-00001</td></tr><tr><td >必要個数</td><td >1</td></tr></table>",TRD シフトノブ [ MS204-00001] カローラアクシオ NZE161 NZE164 NRE160 適合 CVT車 (必要個数 1個)：株式会社　スズキモータース,通信販売通販ショッピングオンラインショッピング買い物プレゼントギフト贈り物贈答品お中元お歳暮お買い得スズキモTRD シフトノブ [ MS204-00001] カローラアクシオ NZE161 NZE164 NRE160 適合 CVT車 (必要個数 1個),TRD シフトノブ [ MS204-00001] カローラアクシオ NZE161 NZE164 NRE160 適合 CVT車 (必要個数 1個)[rn]
11-164178,http://tshop.r10s.jp/suzukimotors/cabinet/img2456875/tacn020.jpg?fitin=700:700,3880.0000,,車用品・バイク用品 > カー用品 > 内装パーツ > インテリアパネル > トヨタ用,TRD シフトノブ [ MS204-00002] カローラアクシオ NZE161 NZE164 NRE160 適合 CVT車 (必要個数 1個),,"<table border=""1"" width=""100%"" cellpadding=""5"" cellspacing=""0""><tr><td width=""100"">メーカー</td><td >TRD</td></tr><tr><td >車種</td><td >カローラアクシオ NZE161 NZE164 NRE160 </td></tr><tr><td >部品名</td><td >シフトノブ</td></tr><tr><td >種類</td><td >CVT車</td></tr><tr><td >品番</td><td >MS204-00002</td></tr><tr><td >必要個数</td><td >1</td></tr></table>",TRD シフトノブ [ MS204-00002] カローラアクシオ NZE161 NZE164 NRE160 適合 CVT車 (必要個数 1個)：株式会社　スズキモータース,通信販売通販ショッピングオンラインショッピング買い物プレゼントギフト贈り物贈答品お中元お歳暮お買い得スズキモTRD シフトノブ [ MS204-00002] カローラアクシオ NZE161 NZE164 NRE160 適合 CVT車 (必要個数 1個),TRD シフトノブ [ MS204-00002] カローラアクシオ NZE161 NZE164 NRE160 適合 CVT車 (必要個数 1個)[rn]
11-164179,http://tshop.r10s.jp/suzukimotors/cabinet/img879690/datr015.jpg?fitin=700:700,22016.0000,,車用品・バイク用品 > カー用品 > 内装パーツ > インテリアパネル > トヨタ用,【トール】純正 M900S M910S リヤロアスカート パーツ ダイハツ純正部品 オプション アクセサリー 用品,,"<!--詳細--><table border=""1"" width=""100%"" cellpadding=""5"" cellspacing=""0""><tr><td width=""150"" bgcolor=""#cccccc"">車種名</td><td>トール</td></tr><tr><td bgcolor=""#cccccc"">品名</td><td>リヤロアスカート</td></tr><tr><td bgcolor=""#cccccc"">取り付けできる年式</td><td><b><font color=#0033ff><font color=""#ff0000"">(重要) </font></font></b>平成28年11月～next</td></tr><tr><td bgcolor=""#cccccc"">型式</td><td>M900S M910S</td></tr><tr><td bgcolor=""#cccccc"">品番</td><td>08152K1004Q1[タイプ1]<br>08152K1004Y8[タイプ2]<br>08152K1004H8[タイプ3]<br>08152K1004D8[タイプ4]<br>08152K1004C0[タイプ5]<br>08152K1004B0[タイプ6]<br>08152K1004A4[タイプ7]<br>08152K1004F6[タイプ8]<br>08152K1004W5[タイプ9]</td></tr><tr><td bgcolor=""#cccccc"">詳細</td><td>魅力的なリヤビューを生み出す立体的なフォルム。<br>マッドガード(リヤ）との同時装着不可。<br></td></tr></table><!--詳細END--><br><br>選択項目をご確認ください <!--タイプ1--><br><br><table border=""1"" width=""100%"" cellpadding=""5"" cellspacing=""0""><tr><td colspan=""2"" align=""center"" bgcolor=""#cccccc""><b>[タイプ1]</b></td></tr><tr><td colspan=""2"">[設定] <b><font color=#0033ff>フレッシュグリーンメタリック g57</font></b></td></tr><tr><td colspan=""2"" bgcolor=""#cccccc"">取り付けできるグレード</td></tr><tr><td>2WD カスタムG ﾀｰﾎﾞSa</td><td width=""30"">○</td></tr><tr><td>2WD カスタムG Sa</td><td>○</td></tr><tr><td>2WD カスタムG</td><td>○</td></tr><tr><td>2WD G ﾀｰﾎﾞSa</td><td>×</td></tr><tr><td>2WD G Sa</td><td>×</td></tr><tr><td>2WD G</td><td>×</td></tr><tr><td>2WD X Sa</td><td>×</td></tr><tr><td>2WD X</td><td>×</td></tr><tr><td>4WD カスタムG Sa</td><td>○</td></tr><tr><td>4WD カスタムG</td><td>○</td></tr><tr><td>4WD G Sa</td><td>×</td></tr><tr><td>4WD G</td><td>×</td></tr><tr><td>4WD X Sa</td><td>×</td></tr><tr><td>4WD X</td><td>×</td></tr></table><!--タイプ1end--><!--タイプ2--><br><br><table border=""1"" width=""100%"" cellpadding=""5"" cellspacing=""0""><tr><td colspan=""2"" align=""center"" bgcolor=""#cccccc""><b>[タイプ2]</b></td></tr><tr><td colspan=""2"">[設定] <b><font color=#0033ff>マゼンダベリーマイカメタリック r72</font></b></td></tr><tr><td colspan=""2"" bgcolor=""#cccccc"">取り付けできるグレード</td></tr><tr><td>2WD カスタムG ﾀｰﾎﾞSa</td><td width=""30"">○</td></tr><tr><td>2WD カスタムG Sa</td><td>○</td></tr><tr><td>2WD カスタムG</td><td>○</td></tr><tr><td>2WD G ﾀｰﾎﾞSa</td><td>×</td></tr><tr><td>2WD G Sa</td><td>×</td></tr><tr><td>2WD G</td><td>×</td></tr><tr><td>2WD X Sa</td><td>×</td></tr><tr><td>2WD X</td><td>×</td></tr><tr><td>4WD カスタムG Sa</td><td>○</td></tr><tr><td>4WD カスタムG</td><td>○</td></tr><tr><td>4WD G Sa</td><td>×</td></tr><tr><td>4WD G</td><td>×</td></tr><tr><td>4WD X Sa</td><td>×</td></tr><tr><td>4WD X</td><td>×</td></tr></table><!--タイプ2end--><!--タイプ3--><br><br><table border=""1"" width=""100%"" cellpadding=""5"" cellspacing=""0""><tr><td colspan=""2"" align=""center"" bgcolor=""#cccccc""><b>[タイプ3]</b></td></tr><tr><td colspan=""2"">[設定] <b><font color=#0033ff>ファインブルーマイカメタリック b67</font></b></td></tr><tr><td colspan=""2"" bgcolor=""#cccccc"">取り付けできるグレード</td></tr><tr><td>2WD カスタムG ﾀｰﾎﾞSa</td><td width=""30"">○</td></tr><tr><td>2WD カスタムG Sa</td><td>○</td></tr><tr><td>2WD カスタムG</td><td>○</td></tr><tr><td>2WD G ﾀｰﾎﾞSa</td><td>×</td></tr><tr><td>2WD G Sa</td><td>×</td></tr><tr><td>2WD G</td><td>×</td></tr><tr><td>2WD X Sa</td><td>×</td></tr><tr><td>2WD X</td><td>×</td></tr><tr><td>4WD カスタムG Sa</td><td>○</td></tr><tr><td>4WD カスタムG</td><td>○</td></tr><tr><td>4WD G Sa</td><td>×</td></tr><tr><td>4WD G</td><td>×</td></tr><tr><td>4WD X Sa</td><td>×</td></tr><tr><td>4WD X</td><td>×</td></tr></table><!--タイプ3end--><!--タイプ4--><br><br><table border=""1"" width=""100%"" cellpadding=""5"" cellspacing=""0""><tr><td colspan=""2"" align=""center"" bgcolor=""#cccccc""><b>[タイプ4]</b></td></tr><tr><td colspan=""2"">[設定] <b><font color=#0033ff>プラムブラウンクリスタルマイカ r59</font></b></td></tr><tr><td colspan=""2"" bgcolor=""#cccccc"">取り付けできるグレード</td></tr><tr><td>2WD カスタムG ﾀｰﾎﾞSa</td><td width=""30"">○</td></tr><tr><td>2WD カスタムG Sa</td><td>○</td></tr><tr><td>2WD カスタムG</td><td>○</td></tr><tr><td>2WD G ﾀｰﾎﾞSa</td><td>×</td></tr><tr><td>2WD G Sa</td><td>×</td></tr><tr><td>2WD G</td><td>×</td></tr><tr><td>2WD X Sa</td><td>×</td></tr><tr><td>2WD X</td><td>×</td></tr><tr><td>4WD カスタムG Sa</td><td>○</td></tr><tr><td>4WD カスタムG</td><td>○</td></tr><tr><td>4WD G Sa</td><td>×</td></tr><tr><td>4WD G</td><td>×</td></tr><tr><td>4WD X Sa</td><td>×</td></tr><tr><td>4WD X</td><td>×</td></tr></table><!--タイプ4end--><!--タイプ5--><br><br><table border=""1"" width=""100%"" cellpadding=""5"" cellspacing=""0""><tr><td colspan=""2"" align=""center"" bgcolor=""#cccccc""><b>[タイプ5]</b></td></tr><tr><td colspan=""2"">[設定] <b><font color=#0033ff>ブラックマイカメタリック x07</font></b></td></tr><tr><td colspan=""2"" bgcolor=""#cccccc"">取り付けできるグレード</td></tr><tr><td>2WD カスタムG ﾀｰﾎﾞSa</td><td width=""30"">○</td></tr><tr><td>2WD カスタムG Sa</td><td>○</td></tr><tr><td>2WD カスタムG</td><td>○</td></tr><tr><td>2WD G ﾀｰﾎﾞSa</td><td>×</td></tr><tr><td>2WD G Sa</td><td>×</td></tr><tr><td>2WD G</td><td>×</td></tr><tr><td>2WD X Sa</td><td>×</td></tr><tr><td>2WD X</td><td>×</td></tr><tr><td>4WD カスタムG Sa</td><td>○</td></tr><tr><td>4WD カスタムG</td><td>○</td></tr><tr><td>4WD G Sa</td><td>×</td></tr><tr><td>4WD G</td><td>×</td></tr><tr><td>4WD X Sa</td><td>×</td></tr><tr><td>4WD X</td><td>×</td></tr></table><!--タイプ5end--><!--タイプ6--><br><br><table border=""1"" width=""100%"" cellpadding=""5"" cellspacing=""0""><tr><td colspan=""2"" align=""center"" bgcolor=""#cccccc""><b>[タイプ6]</b></td></tr><tr><td colspan=""2"">[設定] <b><font color=#0033ff>ブライトシルバーメタリック s28</font></b></td></tr><tr><td colspan=""2"" bgcolor=""#cccccc"">取り付けできるグレード</td></tr><tr><td>2WD カスタムG ﾀｰﾎﾞSa</td><td width=""30"">○</td></tr><tr><td>2WD カスタムG Sa</td><td>○</td></tr><tr><td>2WD カスタムG</td><td>○</td></tr><tr><td>2WD G ﾀｰﾎﾞSa</td><td>×</td></tr><tr><td>2WD G Sa</td><td>×</td></tr><tr><td>2WD G</td><td>×</td></tr><tr><td>2WD X Sa</td><td>×</td></tr><tr><td>2WD X</td><td>×</td></tr><tr><td>4WD カスタムG Sa</td><td>○</td></tr><tr><td>4WD カスタムG</td><td>○</td></tr><tr><td>4WD G Sa</td><td>×</td></tr><tr><td>4WD G</td><td>×</td></tr><tr><td>4WD X Sa</td><td>×</td></tr><tr><td>4WD X</td><td>×</td></tr></table><!--タイプ6end--><!--タイプ7--><br><br><table border=""1"" width=""100%"" cellpadding=""5"" cellspacing=""0""><tr><td colspan=""2"" align=""center"" bgcolor=""#cccccc""><b>[タイプ7]</b></td></tr><tr><td colspan=""2"">[設定] <b><font color=#0033ff>パールホワイト w24</font></b></td></tr><tr><td colspan=""2"" bgcolor=""#cccccc"">取り付けできるグレード</td></tr><tr><td>2WD カスタムG ﾀｰﾎﾞSa</td><td width=""30"">○</td></tr><tr><td>2WD カスタムG Sa</td><td>○</td></tr><tr><td>2WD カスタムG</td><td>○</td></tr><tr><td>2WD G ﾀｰﾎﾞSa</td><td>×</td></tr><tr><td>2WD G Sa</td><td>×</td></tr><tr><td>2WD G</td><td>×</td></tr><tr><td>2WD X Sa</td><td>×</td></tr><tr><td>2WD X</td><td>×</td></tr><tr><td>4WD カスタムG Sa</td><td>○</td></tr><tr><td>4WD カスタムG</td><td>○</td></tr><tr><td>4WD G Sa</td><td>×</td></tr><tr><td>4WD G</td><td>×</td></tr><tr><td>4WD X Sa</td><td>×</td></tr><tr><td>4WD X</td><td>×</td></tr></table><!--タイプ7end--><!--タイプ8--><br><br><table border=""1"" width=""100%"" cellpadding=""5"" cellspacing=""0""><tr><td colspan=""2"" align=""center"" bgcolor=""#cccccc""><b>[タイプ8]</b></td></tr><tr><td colspan=""2"">[設定] <b><font color=#0033ff>インペリアルゴールドクリスタルメタリック y14</font></b></td></tr><tr><td colspan=""2"" bgcolor=""#cccccc"">取り付けできるグレード</td></tr><tr><td>2WD カスタムG ﾀｰﾎﾞSa</td><td width=""30"">○</td></tr><tr><td>2WD カスタムG Sa</td><td>○</td></tr><tr><td>2WD カスタムG</td><td>○</td></tr><tr><td>2WD G ﾀｰﾎﾞSa</td><td>×</td></tr><tr><td>2WD G Sa</td><td>×</td></tr><tr><td>2WD G</td><td>×</td></tr><tr><td>2WD X Sa</td><td>×</td></tr><tr><td>2WD X</td><td>×</td></tr><tr><td>4WD カスタムG Sa</td><td>○</td></tr><tr><td>4WD カスタムG</td><td>○</td></tr><tr><td>4WD G Sa</td><td>×</td></tr><tr><td>4WD G</td><td>×</td></tr><tr><td>4WD X Sa</td><td>×</td></tr><tr><td>4WD X</td><td>×</td></tr></table><!--タイプ8end--><!--タイプ9--><br><br><table border=""1"" width=""100%"" cellpadding=""5"" cellspacing=""0""><tr><td colspan=""2"" align=""center"" bgcolor=""#cccccc""><b>[タイプ9]</b></td></tr><tr><td colspan=""2"">[設定] <b><font color=#0033ff>レーザーブルークリスタルシャイン b82</font></b></td></tr><tr><td colspan=""2"" bgcolor=""#cccccc"">取り付けできるグレード</td></tr><tr><td>2WD カスタムG ﾀｰﾎﾞSa</td><td width=""30"">○</td></tr><tr><td>2WD カスタムG Sa</td><td>○</td></tr><tr><td>2WD カスタムG</td><td>○</td></tr><tr><td>2WD G ﾀｰﾎﾞSa</td><td>×</td></tr><tr><td>2WD G Sa</td><td>×</td></tr><tr><td>2WD G</td><td>×</td></tr><tr><td>2WD X Sa</td><td>×</td></tr><tr><td>2WD X</td><td>×</td></tr><tr><td>4WD カスタムG Sa</td><td>○</td></tr><tr><td>4WD カスタムG</td><td>○</td></tr><tr><td>4WD G Sa</td><td>×</td></tr><tr><td>4WD G</td><td>×</td></tr><tr><td>4WD X Sa</td><td>×</td></tr><tr><td>4WD X</td><td>×</td></tr></table><!--タイプ9end--><br><!--取付--><br><table border=""1"" cellspacing=""0"" cellpadding=""5"" width=100%><TR><td>取り付け難易度は 「やや難しい」※参考程度にお考えください</TD></TR><TR><td>【設定されている取り付け時間】 0.8時間</TD></TR><TR><td>※取付説明書が付属していない場合、ご連絡頂ければ対応致します。</TD></TR><TR><td>※上記の表示はあくまで参考程度としてお考え下さい。<br>技術の個人差や表示通りでは無い場合があります</TD></TR></TABLE><br><!--取付end--><br><table border=""1"" cellpadding=""5"" cellspacing=""0"" width=""100%""><tr><td>取り付け出来るか確認依頼する</td></tr><tr><td>同じ車種・年式で「別の部品」を確認する</td></tr><tr><td>同じ車種で「別の年式」を確認する</td></tr><tr><td>同じメーカーで「別の車種」を確認する</td></tr></table><br>",【トール】純正 M900S M910S リヤロアスカート パーツ ダイハツ純正部品 オプション アクセサリー 用品：株式会社　スズキモータース,通信販売通販ショッピングオンラインショッピング買い物プレゼントギフト贈り物贈答品お中元お歳暮お買い得スズキモ【トール】純正 M900S M910S リヤロアスカート パーツ ダイハツ純正部品 オプション アクセサリー 用品,【送料無料】 。【トール】純正 M900S M910S リヤロアスカート パーツ ダイハツ純正部品 オプション アクセサリー 用品[rn]
11-164180,http://tshop.r10s.jp/suzukimotors/cabinet/img148500/eras001.jpg?fitin=700:700,10628.8000,,車用品・バイク用品 > カー用品 > 内装パーツ > インテリアパネル > トヨタ用,【ミライース】純正 LA300S IRカットフィルムセット パーツ ダイハツ純正部品 日除け カーフィルム mirae:s オプション アクセサリー 用品,,"<!--詳細--><table border=""1"" width=""100%"" cellpadding=""5"" cellspacing=""0""><tr><td width=""150"" bgcolor=""#cccccc"">車種名</td><td>ミライース</td></tr><tr><td bgcolor=""#cccccc"">品名</td><td>IRカットフィルムセット</td></tr><tr><td bgcolor=""#cccccc"">取り付けできる年式</td><td><b><font color=#0033ff><font color=""#ff0000"">(重要) </font></font></b>平成25年8月～next</td></tr><tr><td bgcolor=""#cccccc"">型式</td><td>LA300S</td></tr><tr><td bgcolor=""#cccccc"">品番</td><td>08230K2022[タイプ1]<br>08230K2025[タイプ2]</td></tr><tr><td bgcolor=""#cccccc"">詳細</td><td>リアドア左右+バックドア。<br>暑さ感（ジリジリ感）を低減します。<br>車内の各部材の温度上昇を抑制します。<br>車内温度上質の抑制効果によりエアコンの効きが良くなります。<br>シミ・そばかすなどの原因となる人体に有害な紫外線をカットします。<br>ガラス破損時の飛散防止にもなります。<br></td></tr></table><!--詳細END--><br><br>選択項目をご確認ください <!--タイプ1--><br><br><table border=""1"" width=""100%"" cellpadding=""5"" cellspacing=""0""><tr><td colspan=""2"" align=""center"" bgcolor=""#cccccc""><b>[タイプ1]</b></td></tr><tr><td colspan=""2"">[設定] スモークタイプ </td></tr><tr><td colspan=""2"">[注意事項] 後続車へのヘッドライトによる眩しさを低減します(スモークタイプ）。<br></td></tr><tr><td colspan=""2"" bgcolor=""#cccccc"">取り付けできるグレード</td></tr><tr><td>2WD G（SA)</td><td width=""30"">○</td></tr><tr><td>2WD X（SA)</td><td>○</td></tr><tr><td>2WD X</td><td>○</td></tr><tr><td>2WD L（SA)</td><td>○</td></tr><tr><td>2WD L</td><td>○</td></tr><tr><td>2WD D</td><td>○</td></tr><tr><td>4WD Gf（SA)</td><td>○</td></tr><tr><td>4WD Xｆ（SA)</td><td>○</td></tr><tr><td>4WD Xf</td><td>○</td></tr><tr><td>4WD Lｆ（SA)</td><td>○</td></tr><tr><td>4WD Lf</td><td>○</td></tr></table><!--タイプ1end--><!--タイプ2--><br><br><table border=""1"" width=""100%"" cellpadding=""5"" cellspacing=""0""><tr><td colspan=""2"" align=""center"" bgcolor=""#cccccc""><b>[タイプ2]</b></td></tr><tr><td colspan=""2"">[設定] クリアタイプ </td></tr><tr><td colspan=""2"">[注意事項] ※スモークドガラス装着車に推奨</td></tr><tr><td colspan=""2"" bgcolor=""#cccccc"">取り付けできるグレード</td></tr><tr><td>2WD G（SA)</td><td width=""30"">○</td></tr><tr><td>2WD X（SA)</td><td>○</td></tr><tr><td>2WD X</td><td>○</td></tr><tr><td>2WD L（SA)</td><td>○</td></tr><tr><td>2WD L</td><td>○</td></tr><tr><td>2WD D</td><td>○</td></tr><tr><td>4WD Gf（SA)</td><td>○</td></tr><tr><td>4WD Xｆ（SA)</td><td>○</td></tr><tr><td>4WD Xf</td><td>○</td></tr><tr><td>4WD Lｆ（SA)</td><td>○</td></tr><tr><td>4WD Lf</td><td>○</td></tr></table><!--タイプ2end--><br><!--取付--><br><table border=""1"" cellspacing=""0"" cellpadding=""5"" width=100%><TR><td>取り付け難易度は 「難しい」※参考程度にお考えください</TD></TR><TR><td>【設定されている取り付け時間】 1.5時間</TD></TR><TR><td>※取付説明書が付属していない場合、ご連絡頂ければ対応致します。</TD></TR><TR><td>※上記の表示はあくまで参考程度としてお考え下さい。<br>技術の個人差や表示通りでは無い場合があります</TD></TR></TABLE><br><!--取付end--><br><table border=""1"" cellpadding=""5"" cellspacing=""0"" width=""100%""><tr><td>取り付け出来るか確認依頼する</td></tr><tr><td>同じ車種・年式で「別の部品」を確認する</td></tr><tr><td>同じ車種で「別の年式」を確認する</td></tr><tr><td>同じメーカーで「別の車種」を確認する</td></tr></table><br>",【ミライース】純正 LA300S IRカットフィルムセット パーツ ダイハツ純正部品 日除け カーフィルム mirae:s オプション アクセサリー 用品：株式会社　スズキモータース,通信販売通販ショッピングオンラインショッピング買い物プレゼントギフト贈り物贈答品お中元お歳暮お買い得スズキモ【ミライース】純正 LA300S IRカットフィルムセット パーツ ダイハツ純正部品 日除け カーフィルム mirae:s オプション アクセサリー 用品,【ミライース】純正 LA300S IRカットフィルムセット パーツ ダイハツ純正部品 日除け カーフィルム mirae:s オプション アクセサリー 用品[rn]
11-164181,http://tshop.r10s.jp/suzukimotors/cabinet/img94550/dave001.jpg?fitin=700:700,17848.0000,,車用品・バイク用品 > カー用品 > 内装パーツ > インテリアパネル > トヨタ用,【ムーヴ】純正 LA100S カーペット（高機能タイプ） パーツ ダイハツ純正部品 move オプション アクセサリー 用品,,"<!--詳細--><table border=""1"" width=""100%"" cellpadding=""5"" cellspacing=""0""><tr><td width=""150"" bgcolor=""#cccccc"">車種名</td><td>ムーヴ</td></tr><tr><td bgcolor=""#cccccc"">品名</td><td>カーペット（高機能タイプ）</td></tr><tr><td bgcolor=""#cccccc"">取り付けできる年式</td><td><b><font color=#0033ff><font color=""#ff0000"">(重要) </font></font></b>平成24年12月～26年12月</td></tr><tr><td bgcolor=""#cccccc"">型式</td><td>LA100S</td></tr><tr><td bgcolor=""#cccccc"">品番</td><td>08210K2337[タイプ1]<br>08210K2338[タイプ2]</td></tr><tr><td bgcolor=""#cccccc"">詳細</td><td>フロアマットはダイハツ純正品を正しく装着してください。<br>ダイハツ純正品以外を装着したり、純正品でも正しく装着していないとペダルの操作を妨げ、思わぬ事故につながる恐れがあります。<br>特に事項にご注意ください。<br>※2WD車用と2WD寒冷地オプション及び4WD車内では車両のフロア形状が異なりますので、お客様のお車に合ったフロアマットを装着してください。<br>付属のズレ防止フックを使用して正しく取りつけてください。<br>※他のフロアマットなどと重ねて使用しないでください。<br></td></tr></table><!--詳細END--><br><br>選択項目をご確認ください <!--タイプ1--><br><br><table border=""1"" width=""100%"" cellpadding=""5"" cellspacing=""0""><tr><td colspan=""2"" align=""center"" bgcolor=""#cccccc""><b>[タイプ1]</b></td></tr><tr><td colspan=""2"">[設定] <b><font color=#0033ff>2WD </font></b></td></tr><tr><td colspan=""2"">[注意事項] <b><font color=#0033ff>フロント2枚、リヤ1枚。<br></font></b></td></tr><tr><td colspan=""2"" bgcolor=""#cccccc"">取り付けできるグレード</td></tr><tr><td>2WDﾑｰｳﾞｶｽﾀﾑ RS</td><td width=""30"">○</td></tr><tr><td>2WDﾑｰｳﾞｶｽﾀﾑ X Ltd SA</td><td>○</td></tr><tr><td>2WDﾑｰｳﾞｶｽﾀﾑ X Ltd</td><td>○</td></tr><tr><td>2WDﾑｰｳﾞｶｽﾀﾑ X SA</td><td>○</td></tr><tr><td>2WDﾑｰｳﾞｶｽﾀﾑ X</td><td>○</td></tr><tr><td>2WDﾑｰｳﾞ X SA</td><td>○</td></tr><tr><td>2WDﾑｰｳﾞ X</td><td>○</td></tr><tr><td>2WDﾑｰｳﾞ L SA</td><td>○</td></tr><tr><td>2WDﾑｰｳﾞ L</td><td>○</td></tr><tr><td>4WDﾑｰｳﾞｶｽﾀﾑ RS</td><td>×</td></tr><tr><td>4WDﾑｰｳﾞｶｽﾀﾑ X Ltd SA</td><td>×</td></tr><tr><td>4WDﾑｰｳﾞｶｽﾀﾑ X Ltd</td><td>×</td></tr><tr><td>4WDﾑｰｳﾞｶｽﾀﾑ X SA</td><td>×</td></tr><tr><td>4WDﾑｰｳﾞｶｽﾀﾑ X</td><td>×</td></tr><tr><td>4WDﾑｰｳﾞ X SA</td><td>×</td></tr><tr><td>4WDﾑｰｳﾞ X</td><td>×</td></tr><tr><td>4WDﾑｰｳﾞ L SA</td><td>×</td></tr><tr><td>4WDﾑｰｳﾞ L</td><td>×</td></tr></table><!--タイプ1end--><!--タイプ2--><br><br><table border=""1"" width=""100%"" cellpadding=""5"" cellspacing=""0""><tr><td colspan=""2"" align=""center"" bgcolor=""#cccccc""><b>[タイプ2]</b></td></tr><tr><td colspan=""2"">[設定] <b><font color=#0033ff>2WD・4WD </font></b></td></tr><tr><td colspan=""2"">[注意事項] <b><font color=#0033ff>※メーカーオプションのリヤヒーターダクト付車用。<br>フロント2枚、リヤ1枚。<br></font></b></td></tr><tr><td colspan=""2"" bgcolor=""#cccccc"">取り付けできるグレード</td></tr><tr><td>2WDﾑｰｳﾞｶｽﾀﾑ RS</td><td width=""30"">〇</td></tr><tr><td>2WDﾑｰｳﾞｶｽﾀﾑ X Ltd SA</td><td>〇</td></tr><tr><td>2WDﾑｰｳﾞｶｽﾀﾑ X Ltd</td><td>〇</td></tr><tr><td>2WDﾑｰｳﾞｶｽﾀﾑ X SA</td><td>〇</td></tr><tr><td>2WDﾑｰｳﾞｶｽﾀﾑ X</td><td>〇</td></tr><tr><td>2WDﾑｰｳﾞ X SA</td><td>〇</td></tr><tr><td>2WDﾑｰｳﾞ X</td><td>〇</td></tr><tr><td>2WDﾑｰｳﾞ L SA</td><td>〇</td></tr><tr><td>2WDﾑｰｳﾞ L</td><td>〇</td></tr><tr><td>4WDﾑｰｳﾞｶｽﾀﾑ RS</td><td>○</td></tr><tr><td>4WDﾑｰｳﾞｶｽﾀﾑ X Ltd SA</td><td>○</td></tr><tr><td>4WDﾑｰｳﾞｶｽﾀﾑ X Ltd</td><td>○</td></tr><tr><td>4WDﾑｰｳﾞｶｽﾀﾑ X SA</td><td>○</td></tr><tr><td>4WDﾑｰｳﾞｶｽﾀﾑ X</td><td>○</td></tr><tr><td>4WDﾑｰｳﾞ X SA</td><td>○</td></tr><tr><td>4WDﾑｰｳﾞ X</td><td>○</td></tr><tr><td>4WDﾑｰｳﾞ L SA</td><td>○</td></tr><tr><td>4WDﾑｰｳﾞ L</td><td>○</td></tr></table><!--タイプ2end--><br><!--取付--><br><table border=""1"" cellspacing=""0"" cellpadding=""5"" width=100%><TR><td>取り付け難易度は 「やさしい」※参考程度にお考えください</TD></TR><TR><td>【設定されている取り付け時間】 0.1時間</TD></TR><TR><td>※取付説明書が付属していない場合、ご連絡頂ければ対応致します。</TD></TR><TR><td>※上記の表示はあくまで参考程度としてお考え下さい。<br>技術の個人差や表示通りでは無い場合があります</TD></TR></TABLE><br><!--取付end--><br><table border=""1"" cellpadding=""5"" cellspacing=""0"" width=""100%""><tr><td>取り付け出来るか確認依頼する</td></tr><tr><td>同じ車種・年式で「別の部品」を確認する</td></tr><tr><td>同じ車種で「別の年式」を確認する</td></tr><tr><td>同じメーカーで「別の車種」を確認する</td></tr></table><br>",【ムーヴ】純正 LA100S カーペット（高機能タイプ） パーツ ダイハツ純正部品 move オプション アクセサリー 用品：株式会社　スズキモータース,通信販売通販ショッピングオンラインショッピング買い物プレゼントギフト贈り物贈答品お中元お歳暮お買い得スズキモ【ムーヴ】純正 LA100S カーペット（高機能タイプ） パーツ ダイハツ純正部品 move オプション アクセサリー 用品,【ムーヴ】純正 LA100S カーペット（高機能タイプ） パーツ ダイハツ純正部品 move オプション アクセサリー 用品[rn]
11-164182,http://tshop.r10s.jp/suzukimotors/cabinet/img103800/oonn002.jpg?fitin=700:700,31127.2000,,車用品・バイク用品 > カー用品 > 内装パーツ > インテリアパネル > トヨタ用,【ブーン】純正 M700S M710S サイドストーンガード パーツ ダイハツ純正部品 boon オプション アクセサリー 用品,,"<br><table border=""1"" width=""100%"" cellpadding=""5"" cellspacing=""0""><tr><td bgcolor=""#cccccc"">車種名</td><td>ブーン</td></tr><tr><td bgcolor=""#cccccc"">適合年式</td><td>平成28年4月～next</td></tr><tr><td bgcolor=""#cccccc"">品番</td><td>08150k1013a0[w09]<br>08150k1013a4[w24]<br>08150k1013b0[s28]<br>08150k1013c0[x07]<br>08150k1013l0[t25]<br>08150k1013h8[b67]<br>08150k1013w4[b79]<br>08150k1013d8[r59]<br>08150k1013y5[r67]<br>08150k1013y8[r72]<br>08150k1013q2[g58]<br>08150k1013f5[y13]<br></td></tr></table><br><TABLE border=""1"" cellpadding=""0"" cellspacing=""0"" width=100%><TR><TD bgcolor=""#cccccc"" colspan=""30"" align=""center"" height=""30"">グレード別の適合表</TD></TR><TR><TD>2WD　CILQ　GパッケージSa</TD><TD>2WD　CILQ　Sa</TD><TD>2WD　CILQ</TD><TD>2WD　X GパッケージSa</TD><TD>2WD　X LパッケージSa</TD><TD>2WD　X Lパッケージ</TD><TD>2WD　X SA</TD><TD>2WD　X </TD><TD>4WD　CILQ　GパッケージSa</TD><TD>4WD　CILQ　Sa</TD><TD>4WD　CILQ</TD><TD>4WD　X GパッケージSa</TD><TD>4WD　X LパッケージSA</TD><TD>4WD　X Lパッケージ</TD><TD>4WD　X SA</TD><TD>4WD　X </TD></TR><TR><TD>×</TD><TD>×</TD><TD>×</TD><TD>○</TD><TD>○</TD><TD>○</TD><TD>○</TD><TD>○</TD><TD>×</TD><TD>×</TD><TD>×</TD><TD>○</TD><TD>○</TD><TD>○</TD><TD>○</TD><TD>○</TD></TR></TABLE><br><br>[備考]<br>サイドビューに輝きを与え<br>シャープに引き締めます。<br>マッドガード（フロント）と同時装着不可。<br><br><table border=""1"" cellspacing=""0"" cellpadding=""5"" width=100%><TR><td>取り付け難易度は 「ふつう」<br>※参考程度にお考えください</TD></TR><TR><TD><TABLE border=""0"" height=""30"" cellpadding=""0"" cellspacing=""0"" width=100%><TR><TD>【設定されている取り付け時間/金額】</TD><TD>0.5時間</TD></TR></TABLE></TD></TR><TR><TD><TABLE border=""0"" width=100% cellpadding=""0"" cellspacing=""0"" height=""30""><TR><TD></TD><TD>※一般的な市販の工具で取り付け出来ます。</TD></TR></TABLE></TD></TR><TR><TD>※こちらの商品の、取り付け説明書が付属しておりますのでご安心ください。</TD></TR><TR><TD height=""30"">上記の表示はあくまで「参考程度」としてお考え下さい。</TD></TR></TABLE><br><br><table border=""1"" cellpadding=""5"" cellspacing=""0"" width=""100%""><tr><td>取り付け出来るか確認依頼する</td></tr><tr><td>同じ車種・年式で「別の部品」を確認する</td></tr><tr><td>同じ車種で「別の年式」を確認する</td></tr><tr><td>同じメーカーで「別の車種」を確認する</td></tr></table>",【ブーン】純正 M700S M710S サイドストーンガード パーツ ダイハツ純正部品 boon オプション アクセサリー 用品：株式会社　スズキモータース,通信販売通販ショッピングオンラインショッピング買い物プレゼントギフト贈り物贈答品お中元お歳暮お買い得スズキモ【ブーン】純正 M700S M710S サイドストーンガード パーツ ダイハツ純正部品 boon オプション アクセサリー 用品,【ブーン】純正 M700S M710S サイドストーンガード パーツ ダイハツ純正部品 boon オプション アクセサリー 用品[rn]
11-164183,http://tshop.r10s.jp/suzukimotors/cabinet/img661050/dabo003.jpg?fitin=700:700,22504.0000,,車用品・バイク用品 > カー用品 > 内装パーツ > インテリアパネル > トヨタ用,【ブーン】純正 M601S M600S M610S リヤロアスカート パーツ ダイハツ純正部品 boon オプション アクセサリー 用品,,"<!--詳細--><table border=""1"" width=""100%"" cellpadding=""5"" cellspacing=""0""><tr><td width=""150"" bgcolor=""#cccccc"">車種名</td><td>ブーン</td></tr><tr><td bgcolor=""#cccccc"">品名</td><td>リヤロアスカート</td></tr><tr><td bgcolor=""#cccccc"">取り付けできる年式</td><td><b><font color=#0033ff><font color=""#ff0000"">(重要) </font></font></b>平成22年2月～26年4月</td></tr><tr><td bgcolor=""#cccccc"">型式</td><td>M601S M600S M610S</td></tr><tr><td bgcolor=""#cccccc"">品番</td><td>08152K1000U0[タイプ1]<br>08152K1000L0[タイプ2]<br>08152K1000Y2[タイプ3]<br>08152K1000H1[タイプ4]<br>08152K1000A0[タイプ5]<br>08152K1000C0[タイプ6]<br>08152K1000D0[タイプ7]<br>08152K1000A1[タイプ8]<br>08152K1000B0[タイプ9]</td></tr><tr><td bgcolor=""#cccccc"">詳細</td><td>リヤビューを美しくエレガントに引き締めます。<br></td></tr></table><!--詳細END--><br><br>選択項目をご確認ください <!--タイプ1--><br><br><table border=""1"" width=""100%"" cellpadding=""5"" cellspacing=""0""><tr><td colspan=""2"" align=""center"" bgcolor=""#cccccc""><b>[タイプ1]</b></td></tr><tr><td colspan=""2"">[設定] グレイッシュパープルメタリックオパール p12</td></tr><tr><td colspan=""2"" bgcolor=""#cccccc"">取り付けできるグレード</td></tr><tr><td>2WD 1300CC CX</td><td width=""30"">○</td></tr><tr><td>2WD 1000CC CL Limited</td><td>○</td></tr><tr><td>2WD 1000CC CX </td><td>○</td></tr><tr><td>4WD 1000CC CL Limited</td><td>○</td></tr><tr><td>4WD 1000CC CL </td><td>○</td></tr></table><!--タイプ1end--><!--タイプ2--><br><br><table border=""1"" width=""100%"" cellpadding=""5"" cellspacing=""0""><tr><td colspan=""2"" align=""center"" bgcolor=""#cccccc""><b>[タイプ2]</b></td></tr><tr><td colspan=""2"">[設定] パウダリーベージュメタリック t25</td></tr><tr><td colspan=""2"" bgcolor=""#cccccc"">取り付けできるグレード</td></tr><tr><td>2WD 1300CC CX</td><td width=""30"">○</td></tr><tr><td>2WD 1000CC CL Limited</td><td>○</td></tr><tr><td>2WD 1000CC CX </td><td>○</td></tr><tr><td>4WD 1000CC CL Limited</td><td>○</td></tr><tr><td>4WD 1000CC CL </td><td>○</td></tr></table><!--タイプ2end--><!--タイプ3--><br><br><table border=""1"" width=""100%"" cellpadding=""5"" cellspacing=""0""><tr><td colspan=""2"" align=""center"" bgcolor=""#cccccc""><b>[タイプ3]</b></td></tr><tr><td colspan=""2"">[設定] トワイライトオレンジマイカメタリック r62</td></tr><tr><td colspan=""2"" bgcolor=""#cccccc"">取り付けできるグレード</td></tr><tr><td>2WD 1300CC CX</td><td width=""30"">○</td></tr><tr><td>2WD 1000CC CL Limited</td><td>○</td></tr><tr><td>2WD 1000CC CX </td><td>○</td></tr><tr><td>4WD 1000CC CL Limited</td><td>○</td></tr><tr><td>4WD 1000CC CL </td><td>○</td></tr></table><!--タイプ3end--><!--タイプ4--><br><br><table border=""1"" width=""100%"" cellpadding=""5"" cellspacing=""0""><tr><td colspan=""2"" align=""center"" bgcolor=""#cccccc""><b>[タイプ4]</b></td></tr><tr><td colspan=""2"">[設定] ミントブルーメタリックオパール b57</td></tr><tr><td colspan=""2"" bgcolor=""#cccccc"">取り付けできるグレード</td></tr><tr><td>2WD 1300CC CX</td><td width=""30"">○</td></tr><tr><td>2WD 1000CC CL Limited</td><td>○</td></tr><tr><td>2WD 1000CC CX </td><td>○</td></tr><tr><td>4WD 1000CC CL Limited</td><td>○</td></tr><tr><td>4WD 1000CC CL </td><td>○</td></tr></table><!--タイプ4end--><!--タイプ4--><br><br><table border=""1"" width=""100%"" cellpadding=""5"" cellspacing=""0""><tr><td colspan=""2"" align=""center"" bgcolor=""#cccccc""><b>[タイプ5]</b></td></tr><tr><td colspan=""2"">[設定] ホワイト w09</td></tr><tr><td colspan=""2"" bgcolor=""#cccccc"">取り付けできるグレード</td></tr><tr><td>2WD 1300CC CX</td><td width=""30"">○</td></tr><tr><td>2WD 1000CC CL Limited</td><td>○</td></tr><tr><td>2WD 1000CC CX </td><td>○</td></tr><tr><td>4WD 1000CC CL Limited</td><td>○</td></tr><tr><td>4WD 1000CC CL </td><td>○</td></tr></table><!--タイプ4end--><!--タイプ4--><br><br><table border=""1"" width=""100%"" cellpadding=""5"" cellspacing=""0""><tr><td colspan=""2"" align=""center"" bgcolor=""#cccccc""><b>[タイプ6]</b></td></tr><tr><td colspan=""2"">[設定] ブラックマイカメタリック x07</td></tr><tr><td colspan=""2"" bgcolor=""#cccccc"">取り付けできるグレード</td></tr><tr><td>2WD 1300CC CX</td><td width=""30"">○</td></tr><tr><td>2WD 1000CC CL Limited</td><td>○</td></tr><tr><td>2WD 1000CC CX </td><td>○</td></tr><tr><td>4WD 1000CC CL Limited</td><td>○</td></tr><tr><td>4WD 1000CC CL </td><td>○</td></tr></table><!--タイプ4end--><!--タイプ4--><br><br><table border=""1"" width=""100%"" cellpadding=""5"" cellspacing=""0""><tr><td colspan=""2"" align=""center"" bgcolor=""#cccccc""><b>[タイプ7]</b></td></tr><tr><td colspan=""2"">[設定] シャイニングレッド r40</td></tr><tr><td colspan=""2"" bgcolor=""#cccccc"">取り付けできるグレード</td></tr><tr><td>2WD 1300CC CX</td><td width=""30"">○</td></tr><tr><td>2WD 1000CC CL Limited</td><td>○</td></tr><tr><td>2WD 1000CC CX </td><td>○</td></tr><tr><td>4WD 1000CC CL Limited</td><td>○</td></tr><tr><td>4WD 1000CC CL </td><td>○</td></tr></table><!--タイプ4end--><!--タイプ4--><br><br><table border=""1"" width=""100%"" cellpadding=""5"" cellspacing=""0""><tr><td colspan=""2"" align=""center"" bgcolor=""#cccccc""><b>[タイプ8]</b></td></tr><tr><td colspan=""2"">[設定] パールホワイト w16</td></tr><tr><td colspan=""2"" bgcolor=""#cccccc"">取り付けできるグレード</td></tr><tr><td>2WD 1300CC CX</td><td width=""30"">○</td></tr><tr><td>2WD 1000CC CL Limited</td><td>○</td></tr><tr><td>2WD 1000CC CX </td><td>○</td></tr><tr><td>4WD 1000CC CL Limited</td><td>○</td></tr><tr><td>4WD 1000CC CL </td><td>○</td></tr></table><!--タイプ4end--><!--タイプ4--><br><br><table border=""1"" width=""100%"" cellpadding=""5"" cellspacing=""0""><tr><td colspan=""2"" align=""center"" bgcolor=""#cccccc""><b>[タイプ9]</b></td></tr><tr><td colspan=""2"">[設定] ブライトシルバーメタリック s28</td></tr><tr><td colspan=""2"" bgcolor=""#cccccc"">取り付けできるグレード</td></tr><tr><td>2WD 1300CC CX</td><td width=""30"">○</td></tr><tr><td>2WD 1000CC CL Limited</td><td>○</td></tr><tr><td>2WD 1000CC CX </td><td>○</td></tr><tr><td>4WD 1000CC CL Limited</td><td>○</td></tr><tr><td>4WD 1000CC CL </td><td>○</td></tr></table><!--タイプ4end--><br><br><table border=""1"" cellpadding=""5"" cellspacing=""0"" width=""100%""><tr><td>取り付け出来るか確認依頼する</td></tr><tr><td>同じ車種・年式で「別の部品」を確認する</td></tr><tr><td>同じ車種で「別の年式」を確認する</td></tr><tr><td>同じメーカーで「別の車種」を確認する</td></tr></table><br>",【ブーン】純正 M601S M600S M610S リヤロアスカート パーツ ダイハツ純正部品 boon オプション アクセサリー 用品：株式会社　スズキモータース,通信販売通販ショッピングオンラインショッピング買い物プレゼントギフト贈り物贈答品お中元お歳暮お買い得スズキモ【ブーン】純正 M601S M600S M610S リヤロアスカート パーツ ダイハツ純正部品 boon オプション アクセサリー 用品,【ブーン】純正 M601S M600S M610S リヤロアスカート パーツ ダイハツ純正部品 boon オプション アクセサリー 用品[rn]
11-164184,http://tshop.r10s.jp/suzukimotors/cabinet/img103800/oonn003.jpg?fitin=700:700,22016.8000,,車用品・バイク用品 > カー用品 > 内装パーツ > インテリアパネル > トヨタ用,【ブーン】純正 M700S M710S リヤロアスカート パーツ ダイハツ純正部品 boon オプション アクセサリー 用品,,"<!--詳細--><table border=""1"" width=""100%"" cellpadding=""5"" cellspacing=""0""><tr><td width=""150"" bgcolor=""#cccccc"">車種名</td><td>ブーン</td></tr><tr><td bgcolor=""#cccccc"">品名</td><td>リヤロアスカート</td></tr><tr><td bgcolor=""#cccccc"">取り付けできる年式</td><td><b><font color=#0033ff><font color=""#ff0000"">(重要) </font></font></b>平成28年4月～next</td></tr><tr><td bgcolor=""#cccccc"">型式</td><td>M700S M710S</td></tr><tr><td bgcolor=""#cccccc"">品番</td><td>08152K1002A4[タイプ1]<br>08152K1002C0[タイプ2]</td></tr><tr><td bgcolor=""#cccccc"">詳細</td><td>フロント、サイドとのトータルコーディネートがおすすめです。<br>マッドガード（リヤ）と同時装着ができません。<br></td></tr></table><!--詳細END--><br><br>選択項目をご確認ください <!--タイプ1--><br><br><table border=""1"" width=""100%"" cellpadding=""5"" cellspacing=""0""><tr><td colspan=""2"" align=""center"" bgcolor=""#cccccc""><b>[タイプ1]</b></td></tr><tr><td colspan=""2"">[設定] パールホワイト w24</td></tr><tr><td colspan=""2"" bgcolor=""#cccccc"">取り付けできるグレード</td></tr><tr><td>2WD CILQ GパッケージSa</td><td width=""30"">○</td></tr><tr><td>2WD CILQ Sa</td><td>○</td></tr><tr><td>2WD CILQ</td><td>○</td></tr><tr><td>2WD X GパッケージSa</td><td>×</td></tr><tr><td>2WD X LパッケージSa</td><td>×</td></tr><tr><td>2WD X Lパッケージ</td><td>×</td></tr><tr><td>2WD X SA</td><td>×</td></tr><tr><td>2WD X </td><td>×</td></tr><tr><td>4WD CILQ GパッケージSa</td><td>○</td></tr><tr><td>4WD CILQ Sa</td><td>○</td></tr><tr><td>4WD CILQ</td><td>○</td></tr><tr><td>4WD X GパッケージSa</td><td>×</td></tr><tr><td>4WD X LパッケージSA</td><td>×</td></tr><tr><td>4WD X Lパッケージ</td><td>×</td></tr><tr><td>4WD X SA</td><td>×</td></tr><tr><td>4WD X </td><td>×</td></tr></table><!--タイプ1end--><!--タイプ2--><br><br><table border=""1"" width=""100%"" cellpadding=""5"" cellspacing=""0""><tr><td colspan=""2"" align=""center"" bgcolor=""#cccccc""><b>[タイプ2]</b></td></tr><tr><td colspan=""2"">[設定] ブラックマイカ x07</td></tr><tr><td colspan=""2"" bgcolor=""#cccccc"">取り付けできるグレード</td></tr><tr><td>2WD CILQ GパッケージSa</td><td width=""30"">○</td></tr><tr><td>2WD CILQ Sa</td><td>○</td></tr><tr><td>2WD CILQ</td><td>○</td></tr><tr><td>2WD X GパッケージSa</td><td>×</td></tr><tr><td>2WD X LパッケージSa</td><td>×</td></tr><tr><td>2WD X Lパッケージ</td><td>×</td></tr><tr><td>2WD X SA</td><td>×</td></tr><tr><td>2WD X </td><td>×</td></tr><tr><td>4WD CILQ GパッケージSa</td><td>○</td></tr><tr><td>4WD CILQ Sa</td><td>○</td></tr><tr><td>4WD CILQ</td><td>○</td></tr><tr><td>4WD X GパッケージSa</td><td>×</td></tr><tr><td>4WD X LパッケージSA</td><td>×</td></tr><tr><td>4WD X Lパッケージ</td><td>×</td></tr><tr><td>4WD X SA</td><td>×</td></tr><tr><td>4WD X </td><td>×</td></tr></table><!--タイプ2end--><br><!--取付--><br><table border=""1"" cellspacing=""0"" cellpadding=""5"" width=100%><TR><td>取り付け難易度は 「やや難しい」※参考程度にお考えください</TD></TR><TR><td>【設定されている取り付け時間】 0.8時間</TD></TR><TR><td>※取付説明書が付属していない場合、ご連絡頂ければ対応致します。</TD></TR><TR><td>※上記の表示はあくまで参考程度としてお考え下さい。<br>技術の個人差や表示通りでは無い場合があります</TD></TR></TABLE><br><!--取付end--><br><table border=""1"" cellpadding=""5"" cellspacing=""0"" width=""100%""><tr><td>取り付け出来るか確認依頼する</td></tr><tr><td>同じ車種・年式で「別の部品」を確認する</td></tr><tr><td>同じ車種で「別の年式」を確認する</td></tr><tr><td>同じメーカーで「別の車種」を確認する</td></tr></table><br>",【ブーン】純正 M700S M710S リヤロアスカート パーツ ダイハツ純正部品 boon オプション アクセサリー 用品：株式会社　スズキモータース,通信販売通販ショッピングオンラインショッピング買い物プレゼントギフト贈り物贈答品お中元お歳暮お買い得スズキモ【ブーン】純正 M700S M710S リヤロアスカート パーツ ダイハツ純正部品 boon オプション アクセサリー 用品,【ブーン】純正 M700S M710S リヤロアスカート パーツ ダイハツ純正部品 boon オプション アクセサリー 用品[rn]
11-164185,http://tshop.r10s.jp/suzukimotors/cabinet/img148500/eras002.jpg?fitin=700:700,9110.4000,,車用品・バイク用品 > カー用品 > 内装パーツ > インテリアパネル > トヨタ用,【ミライース】純正 LA300S ロングバイザー パーツ ダイハツ純正部品 mirae:s オプション アクセサリー 用品,,"<!--詳細--><table border=""1"" width=""100%"" cellpadding=""5"" cellspacing=""0""><tr><td width=""150"" bgcolor=""#cccccc"">車種名</td><td>ミライース</td></tr><tr><td bgcolor=""#cccccc"">品名</td><td>ロングバイザー</td></tr><tr><td bgcolor=""#cccccc"">取り付けできる年式</td><td><b><font color=#0033ff><font color=""#ff0000"">(重要) </font></font></b>平成25年8月～next</td></tr><tr><td bgcolor=""#cccccc"">型式</td><td>LA300S</td></tr><tr><td bgcolor=""#cccccc"">品番</td><td>08610K2018[タイプ1]<br>08610K2017[タイプ2]</td></tr><tr><td bgcolor=""#cccccc"">詳細</td><td>1台分。<br>地球環境へのメッセージをこめた柄をモチーフにしています。<br>※ピラーストライプとの同時装着の場合は、ピラーストライプを先に装着してください。<br></td></tr></table><!--詳細END--><br><br>選択項目をご確認ください <!--タイプ1--><br><br><table border=""1"" width=""100%"" cellpadding=""5"" cellspacing=""0""><tr><td colspan=""2"" align=""center"" bgcolor=""#cccccc""><b>[タイプ1]</b></td></tr><tr><td colspan=""2"">[設定] メッセージ </td></tr><tr><td colspan=""2"" bgcolor=""#cccccc"">取り付けできるグレード</td></tr><tr><td>2WD G（SA)</td><td width=""30"">○</td></tr><tr><td>2WD X（SA)</td><td>○</td></tr><tr><td>2WD X</td><td>○</td></tr><tr><td>2WD L（SA)</td><td>○</td></tr><tr><td>2WD L</td><td>○</td></tr><tr><td>2WD D</td><td>○</td></tr><tr><td>4WD Gf（SA)</td><td>○</td></tr><tr><td>4WD Xｆ（SA)</td><td>○</td></tr><tr><td>4WD Xf</td><td>○</td></tr><tr><td>4WD Lｆ（SA)</td><td>○</td></tr><tr><td>4WD Lf</td><td>○</td></tr></table><!--タイプ1end--><!--タイプ2--><br><br><table border=""1"" width=""100%"" cellpadding=""5"" cellspacing=""0""><tr><td colspan=""2"" align=""center"" bgcolor=""#cccccc""><b>[タイプ2]</b></td></tr><tr><td colspan=""2"">[設定] リーフ </td></tr><tr><td colspan=""2"" bgcolor=""#cccccc"">取り付けできるグレード</td></tr><tr><td>2WD G（SA)</td><td width=""30"">○</td></tr><tr><td>2WD X（SA)</td><td>○</td></tr><tr><td>2WD X</td><td>○</td></tr><tr><td>2WD L（SA)</td><td>○</td></tr><tr><td>2WD L</td><td>○</td></tr><tr><td>2WD D</td><td>○</td></tr><tr><td>4WD Gf（SA)</td><td>○</td></tr><tr><td>4WD Xｆ（SA)</td><td>○</td></tr><tr><td>4WD Xf</td><td>○</td></tr><tr><td>4WD Lｆ（SA)</td><td>○</td></tr><tr><td>4WD Lf</td><td>○</td></tr></table><!--タイプ2end--><br><!--取付--><br><table border=""1"" cellspacing=""0"" cellpadding=""5"" width=100%><TR><td>取り付け難易度は 「やさしい」※参考程度にお考えください</TD></TR><TR><td>【設定されている取り付け時間】 0.3時間</TD></TR><TR><td>※取付説明書が付属していない場合、ご連絡頂ければ対応致します。</TD></TR><TR><td>※上記の表示はあくまで参考程度としてお考え下さい。<br>技術の個人差や表示通りでは無い場合があります</TD></TR></TABLE><br><!--取付end--><br><table border=""1"" cellpadding=""5"" cellspacing=""0"" width=""100%""><tr><td>取り付け出来るか確認依頼する</td></tr><tr><td>同じ車種・年式で「別の部品」を確認する</td></tr><tr><td>同じ車種で「別の年式」を確認する</td></tr><tr><td>同じメーカーで「別の車種」を確認する</td></tr></table><br>",【ミライース】純正 LA300S ロングバイザー パーツ ダイハツ純正部品 mirae:s オプション アクセサリー 用品：株式会社　スズキモータース,通信販売通販ショッピングオンラインショッピング買い物プレゼントギフト贈り物贈答品お中元お歳暮お買い得スズキモ【ミライース】純正 LA300S ロングバイザー パーツ ダイハツ純正部品 mirae:s オプション アクセサリー 用品,【ミライース】純正 LA300S ロングバイザー パーツ ダイハツ純正部品 mirae:s オプション アクセサリー 用品[rn]
11-164186,http://tshop.r10s.jp/suzukimotors/cabinet/img148500/eras003.jpg?fitin=700:700,7592.0000,,車用品・バイク用品 > カー用品 > 内装パーツ > インテリアパネル > トヨタ用,【ミライース】純正 LA300S ピーラーストライプ パーツ ダイハツ純正部品 mirae:s オプション アクセサリー 用品,,"<!--詳細--><table border=""1"" width=""100%"" cellpadding=""5"" cellspacing=""0""><tr><td width=""150"" bgcolor=""#cccccc"">車種名</td><td>ミライース</td></tr><tr><td bgcolor=""#cccccc"">品名</td><td>ピーラーストライプ</td></tr><tr><td bgcolor=""#cccccc"">取り付けできる年式</td><td><b><font color=#0033ff><font color=""#ff0000"">(重要) </font></font></b>平成25年8月～next</td></tr><tr><td bgcolor=""#cccccc"">型式</td><td>LA300S</td></tr><tr><td bgcolor=""#cccccc"">品番</td><td>08230K2024</td></tr><tr><td bgcolor=""#cccccc"">詳細</td><td>ロングバイザーとの同時装着の場合は、ピラーストライプを先に装着してください。<br>写真はピラーストライプ以外のアクセサリー商品も装着しています。<br></td></tr></table><!--詳細END--><!--タイプ--><br><br><table border=""1"" width=""100%"" cellpadding=""5"" cellspacing=""0""><tr><td colspan=""2"" align=""center"" bgcolor=""#cccccc""><b>取り付けに関して</b></td></tr><tr><td colspan=""2"" bgcolor=""#cccccc"">取り付けできるグレード</td></tr><tr><td>2WD G（SA)</td><td width=""30"">○</td></tr><tr><td>2WD X（SA)</td><td>○</td></tr><tr><td>2WD X</td><td>○</td></tr><tr><td>2WD L（SA)</td><td>○</td></tr><tr><td>2WD L</td><td>○</td></tr><tr><td>2WD D</td><td>○</td></tr><tr><td>4WD Gf（SA)</td><td>○</td></tr><tr><td>4WD Xｆ（SA)</td><td>○</td></tr><tr><td>4WD Xf</td><td>○</td></tr><tr><td>4WD Lｆ（SA)</td><td>○</td></tr><tr><td>4WD Lf</td><td>○</td></tr></table><!--タイプend--><br><!--取付--><br><table border=""1"" cellspacing=""0"" cellpadding=""5"" width=100%><TR><td>取り付け難易度は 「やや難しい」※参考程度にお考えください</TD></TR><TR><td>【設定されている取り付け時間】 0.8時間</TD></TR><TR><td>※取付説明書が付属していない場合、ご連絡頂ければ対応致します。</TD></TR><TR><td>※上記の表示はあくまで参考程度としてお考え下さい。<br>技術の個人差や表示通りでは無い場合があります</TD></TR></TABLE><br><!--取付end--><br><table border=""1"" cellpadding=""5"" cellspacing=""0"" width=""100%""><tr><td>取り付け出来るか確認依頼する</td></tr><tr><td>同じ車種・年式で「別の部品」を確認する</td></tr><tr><td>同じ車種で「別の年式」を確認する</td></tr><tr><td>同じメーカーで「別の車種」を確認する</td></tr></table><br>",【ミライース】純正 LA300S ピーラーストライプ パーツ ダイハツ純正部品 mirae:s オプション アクセサリー 用品：株式会社　スズキモータース,通信販売通販ショッピングオンラインショッピング買い物プレゼントギフト贈り物贈答品お中元お歳暮お買い得スズキモ【ミライース】純正 LA300S ピーラーストライプ パーツ ダイハツ純正部品 mirae:s オプション アクセサリー 用品,【ミライース】純正 LA300S ピーラーストライプ パーツ ダイハツ純正部品 mirae:s オプション アクセサリー 用品[rn]
11-164187,http://tshop.r10s.jp/suzukimotors/cabinet/img661050/dabo004.jpg?fitin=700:700,17072.0000,,車用品・バイク用品 > カー用品 > 内装パーツ > インテリアパネル > トヨタ用,【ブーン】純正 M601S M600S M610S バックドアスポイラー パーツ ダイハツ純正部品 boon オプション アクセサリー 用品,,"<!--詳細--><table border=""1"" width=""100%"" cellpadding=""5"" cellspacing=""0""><tr><td width=""150"" bgcolor=""#cccccc"">車種名</td><td>ブーン</td></tr><tr><td bgcolor=""#cccccc"">品名</td><td>バックドアスポイラー</td></tr><tr><td bgcolor=""#cccccc"">取り付けできる年式</td><td><b><font color=#0033ff><font color=""#ff0000"">(重要) </font></font></b>平成22年2月～26年4月</td></tr><tr><td bgcolor=""#cccccc"">型式</td><td>M601S M600S M610S</td></tr><tr><td bgcolor=""#cccccc"">品番</td><td>08150K1011U0[タイプ1]<br>08150K1011L0[タイプ2]<br>08150K1011Y2[タイプ3]<br>08150K1011H1[タイプ4]<br>08150K1011A0[タイプ5]<br>08150K1011C0[タイプ6]<br>08150K1011D0[タイプ7]<br>08150K1011A1[タイプ8]<br>08150K1011B0[タイプ9]</td></tr><tr><td bgcolor=""#cccccc"">詳細</td><td>ルーフエンドにアクセントを添えることで、より安定感のあるプロポーションを演出します。<br></td></tr></table><!--詳細END--><br><br>選択項目をご確認ください <!--タイプ1--><br><br><table border=""1"" width=""100%"" cellpadding=""5"" cellspacing=""0""><tr><td colspan=""2"" align=""center"" bgcolor=""#cccccc""><b>[タイプ1]</b></td></tr><tr><td colspan=""2"">[設定] グレイッシュパープルメタリックオパール p12</td></tr><tr><td colspan=""2"" bgcolor=""#cccccc"">取り付けできるグレード</td></tr><tr><td>2WD 1300CC CX</td><td width=""30"">○</td></tr><tr><td>2WD 1000CC CL Limited</td><td>○</td></tr><tr><td>2WD 1000CC CX </td><td>○</td></tr><tr><td>4WD 1000CC CL Limited</td><td>○</td></tr><tr><td>4WD 1000CC CL </td><td>○</td></tr></table><!--タイプ1end--><!--タイプ2--><br><br><table border=""1"" width=""100%"" cellpadding=""5"" cellspacing=""0""><tr><td colspan=""2"" align=""center"" bgcolor=""#cccccc""><b>[タイプ2]</b></td></tr><tr><td colspan=""2"">[設定] パウダリーベージュメタリック t25</td></tr><tr><td colspan=""2"" bgcolor=""#cccccc"">取り付けできるグレード</td></tr><tr><td>2WD 1300CC CX</td><td width=""30"">○</td></tr><tr><td>2WD 1000CC CL Limited</td><td>○</td></tr><tr><td>2WD 1000CC CX </td><td>○</td></tr><tr><td>4WD 1000CC CL Limited</td><td>○</td></tr><tr><td>4WD 1000CC CL </td><td>○</td></tr></table><!--タイプ2end--><!--タイプ3--><br><br><table border=""1"" width=""100%"" cellpadding=""5"" cellspacing=""0""><tr><td colspan=""2"" align=""center"" bgcolor=""#cccccc""><b>[タイプ3]</b></td></tr><tr><td colspan=""2"">[設定] トワイライトオレンジマイカメタリック r62</td></tr><tr><td colspan=""2"" bgcolor=""#cccccc"">取り付けできるグレード</td></tr><tr><td>2WD 1300CC CX</td><td width=""30"">○</td></tr><tr><td>2WD 1000CC CL Limited</td><td>○</td></tr><tr><td>2WD 1000CC CX </td><td>○</td></tr><tr><td>4WD 1000CC CL Limited</td><td>○</td></tr><tr><td>4WD 1000CC CL </td><td>○</td></tr></table><!--タイプ3end--><!--タイプ4--><br><br><table border=""1"" width=""100%"" cellpadding=""5"" cellspacing=""0""><tr><td colspan=""2"" align=""center"" bgcolor=""#cccccc""><b>[タイプ4]</b></td></tr><tr><td colspan=""2"">[設定] ミントブルーメタリックオパール b57</td></tr><tr><td colspan=""2"" bgcolor=""#cccccc"">取り付けできるグレード</td></tr><tr><td>2WD 1300CC CX</td><td width=""30"">○</td></tr><tr><td>2WD 1000CC CL Limited</td><td>○</td></tr><tr><td>2WD 1000CC CX </td><td>○</td></tr><tr><td>4WD 1000CC CL Limited</td><td>○</td></tr><tr><td>4WD 1000CC CL </td><td>○</td></tr></table><!--タイプ4end--><!--タイプ4--><br><br><table border=""1"" width=""100%"" cellpadding=""5"" cellspacing=""0""><tr><td colspan=""2"" align=""center"" bgcolor=""#cccccc""><b>[タイプ5]</b></td></tr><tr><td colspan=""2"">[設定] ホワイト w09</td></tr><tr><td colspan=""2"" bgcolor=""#cccccc"">取り付けできるグレード</td></tr><tr><td>2WD 1300CC CX</td><td width=""30"">○</td></tr><tr><td>2WD 1000CC CL Limited</td><td>○</td></tr><tr><td>2WD 1000CC CX </td><td>○</td></tr><tr><td>4WD 1000CC CL Limited</td><td>○</td></tr><tr><td>4WD 1000CC CL </td><td>○</td></tr></table><!--タイプ4end--><!--タイプ4--><br><br><table border=""1"" width=""100%"" cellpadding=""5"" cellspacing=""0""><tr><td colspan=""2"" align=""center"" bgcolor=""#cccccc""><b>[タイプ6]</b></td></tr><tr><td colspan=""2"">[設定] ブラックマイカメタリック x07</td></tr><tr><td colspan=""2"" bgcolor=""#cccccc"">取り付けできるグレード</td></tr><tr><td>2WD 1300CC CX</td><td width=""30"">○</td></tr><tr><td>2WD 1000CC CL Limited</td><td>○</td></tr><tr><td>2WD 1000CC CX </td><td>○</td></tr><tr><td>4WD 1000CC CL Limited</td><td>○</td></tr><tr><td>4WD 1000CC CL </td><td>○</td></tr></table><!--タイプ4end--><!--タイプ4--><br><br><table border=""1"" width=""100%"" cellpadding=""5"" cellspacing=""0""><tr><td colspan=""2"" align=""center"" bgcolor=""#cccccc""><b>[タイプ7]</b></td></tr><tr><td colspan=""2"">[設定] シャイニングレッド r40</td></tr><tr><td colspan=""2"" bgcolor=""#cccccc"">取り付けできるグレード</td></tr><tr><td>2WD 1300CC CX</td><td width=""30"">○</td></tr><tr><td>2WD 1000CC CL Limited</td><td>○</td></tr><tr><td>2WD 1000CC CX </td><td>○</td></tr><tr><td>4WD 1000CC CL Limited</td><td>○</td></tr><tr><td>4WD 1000CC CL </td><td>○</td></tr></table><!--タイプ4end--><!--タイプ4--><br><br><table border=""1"" width=""100%"" cellpadding=""5"" cellspacing=""0""><tr><td colspan=""2"" align=""center"" bgcolor=""#cccccc""><b>[タイプ8]</b></td></tr><tr><td colspan=""2"">[設定] パールホワイト w16</td></tr><tr><td colspan=""2"" bgcolor=""#cccccc"">取り付けできるグレード</td></tr><tr><td>2WD 1300CC CX</td><td width=""30"">○</td></tr><tr><td>2WD 1000CC CL Limited</td><td>○</td></tr><tr><td>2WD 1000CC CX </td><td>○</td></tr><tr><td>4WD 1000CC CL Limited</td><td>○</td></tr><tr><td>4WD 1000CC CL </td><td>○</td></tr></table><!--タイプ4end--><!--タイプ4--><br><br><table border=""1"" width=""100%"" cellpadding=""5"" cellspacing=""0""><tr><td colspan=""2"" align=""center"" bgcolor=""#cccccc""><b>[タイプ9]</b></td></tr><tr><td colspan=""2"">[設定] ブライトシルバーメタリック s28</td></tr><tr><td colspan=""2"" bgcolor=""#cccccc"">取り付けできるグレード</td></tr><tr><td>2WD 1300CC CX</td><td width=""30"">○</td></tr><tr><td>2WD 1000CC CL Limited</td><td>○</td></tr><tr><td>2WD 1000CC CX </td><td>○</td></tr><tr><td>4WD 1000CC CL Limited</td><td>○</td></tr><tr><td>4WD 1000CC CL </td><td>○</td></tr></table><!--タイプ4end--><br><br><table border=""1"" cellpadding=""5"" cellspacing=""0"" width=""100%""><tr><td>取り付け出来るか確認依頼する</td></tr><tr><td>同じ車種・年式で「別の部品」を確認する</td></tr><tr><td>同じ車種で「別の年式」を確認する</td></tr><tr><td>同じメーカーで「別の車種」を確認する</td></tr></table><br>",【ブーン】純正 M601S M600S M610S バックドアスポイラー パーツ ダイハツ純正部品 boon オプション アクセサリー 用品：株式会社　スズキモータース,通信販売通販ショッピングオンラインショッピング買い物プレゼントギフト贈り物贈答品お中元お歳暮お買い得スズキモ【ブーン】純正 M601S M600S M610S バックドアスポイラー パーツ ダイハツ純正部品 boon オプション アクセサリー 用品,【ブーン】純正 M601S M600S M610S バックドアスポイラー パーツ ダイハツ純正部品 boon オプション アクセサリー 用品[rn]
11-164188,http://tshop.r10s.jp/suzukimotors/cabinet/img148500/eras005.jpg?fitin=700:700,35682.4000,,車用品・バイク用品 > カー用品 > 内装パーツ > インテリアパネル > トヨタ用,【ミライース】純正 LA300S サイドストーンガード パーツ ダイハツ純正部品 mirae:s オプション アクセサリー 用品,,"<!--詳細--><table border=""1"" width=""100%"" cellpadding=""5"" cellspacing=""0""><tr><td width=""150"" bgcolor=""#cccccc"">車種名</td><td>ミライース</td></tr><tr><td bgcolor=""#cccccc"">品名</td><td>サイドストーンガード</td></tr><tr><td bgcolor=""#cccccc"">取り付けできる年式</td><td><b><font color=#0033ff><font color=""#ff0000"">(重要) </font></font></b>平成25年8月～next</td></tr><tr><td bgcolor=""#cccccc"">型式</td><td>LA300S</td></tr><tr><td bgcolor=""#cccccc"">品番</td><td>08150K2038W2[タイプ1]<br>08150K2038E3[タイプ2]<br>08150K2038A0[タイプ3]<br>08150K2038B0[タイプ4]<br>08150K2038C0[タイプ5]<br>08150K2038A4[タイプ6]<br>08150K2038D8[タイプ7]<br>08150K2038E7[タイプ8]<br>08150K2038W1[タイプ9]<br>08150K2038D0[タイプ10]</td></tr><tr><td bgcolor=""#cccccc"">詳細</td><td>フロントスカートとのコーディネイトでスポーティイメージを向上。<br>※マッドガード(フロント)との同時装着不可。<br></td></tr></table><!--詳細END--><br><br>選択項目をご確認ください <!--タイプ1--><br><br><table border=""1"" width=""100%"" cellpadding=""5"" cellspacing=""0""><tr><td colspan=""2"" align=""center"" bgcolor=""#cccccc""><b>[タイプ1]</b></td></tr><tr><td colspan=""2"">[設定] スカイブルー b73</td></tr><tr><td colspan=""2"" bgcolor=""#cccccc"">取り付けできるグレード</td></tr><tr><td>2WD G（SA)</td><td width=""30"">○</td></tr><tr><td>2WD X（SA)</td><td>○</td></tr><tr><td>2WD X</td><td>○</td></tr><tr><td>2WD L（SA)</td><td>○</td></tr><tr><td>2WD L</td><td>○</td></tr><tr><td>2WD D</td><td>×</td></tr><tr><td>4WD Gf（SA)</td><td>○</td></tr><tr><td>4WD Xｆ（SA)</td><td>○</td></tr><tr><td>4WD Xf</td><td>○</td></tr><tr><td>4WD Lｆ（SA)</td><td>○</td></tr><tr><td>4WD Lf</td><td>○</td></tr></table><!--タイプ1end--><!--タイプ2--><br><br><table border=""1"" width=""100%"" cellpadding=""5"" cellspacing=""0""><tr><td colspan=""2"" align=""center"" bgcolor=""#cccccc""><b>[タイプ2]</b></td></tr><tr><td colspan=""2"">[設定] コットンアイボリー t19</td></tr><tr><td colspan=""2"" bgcolor=""#cccccc"">取り付けできるグレード</td></tr><tr><td>2WD G（SA)</td><td width=""30"">○</td></tr><tr><td>2WD X（SA)</td><td>○</td></tr><tr><td>2WD X</td><td>○</td></tr><tr><td>2WD L（SA)</td><td>○</td></tr><tr><td>2WD L</td><td>○</td></tr><tr><td>2WD D</td><td>×</td></tr><tr><td>4WD Gf（SA)</td><td>○</td></tr><tr><td>4WD Xｆ（SA)</td><td>○</td></tr><tr><td>4WD Xf</td><td>○</td></tr><tr><td>4WD Lｆ（SA)</td><td>○</td></tr><tr><td>4WD Lf</td><td>○</td></tr></table><!--タイプ2end--><!--タイプ3--><br><br><table border=""1"" width=""100%"" cellpadding=""5"" cellspacing=""0""><tr><td colspan=""2"" align=""center"" bgcolor=""#cccccc""><b>[タイプ3]</b></td></tr><tr><td colspan=""2"">[設定] ホワイト w09</td></tr><tr><td colspan=""2"" bgcolor=""#cccccc"">取り付けできるグレード</td></tr><tr><td>2WD G（SA)</td><td width=""30"">○</td></tr><tr><td>2WD X（SA)</td><td>○</td></tr><tr><td>2WD X</td><td>○</td></tr><tr><td>2WD L（SA)</td><td>○</td></tr><tr><td>2WD L</td><td>○</td></tr><tr><td>2WD D</td><td>○</td></tr><tr><td>4WD Gf（SA)</td><td>○</td></tr><tr><td>4WD Xｆ（SA)</td><td>○</td></tr><tr><td>4WD Xf</td><td>○</td></tr><tr><td>4WD Lｆ（SA)</td><td>○</td></tr><tr><td>4WD Lf</td><td>○</td></tr></table><!--タイプ3end--><!--タイプ4--><br><br><table border=""1"" width=""100%"" cellpadding=""5"" cellspacing=""0""><tr><td colspan=""2"" align=""center"" bgcolor=""#cccccc""><b>[タイプ4]</b></td></tr><tr><td colspan=""2"">[設定] ブライトシルバーメタリック s28</td></tr><tr><td colspan=""2"" bgcolor=""#cccccc"">取り付けできるグレード</td></tr><tr><td>2WD G（SA)</td><td width=""30"">○</td></tr><tr><td>2WD X（SA)</td><td>○</td></tr><tr><td>2WD X</td><td>○</td></tr><tr><td>2WD L（SA)</td><td>○</td></tr><tr><td>2WD L</td><td>○</td></tr><tr><td>2WD D</td><td>×</td></tr><tr><td>4WD Gf（SA)</td><td>○</td></tr><tr><td>4WD Xｆ（SA)</td><td>○</td></tr><tr><td>4WD Xf</td><td>○</td></tr><tr><td>4WD Lｆ（SA)</td><td>○</td></tr><tr><td>4WD Lf</td><td>○</td></tr></table><!--タイプ4end--><!--タイプ4--><br><br><table border=""1"" width=""100%"" cellpadding=""5"" cellspacing=""0""><tr><td colspan=""2"" align=""center"" bgcolor=""#cccccc""><b>[タイプ5]</b></td></tr><tr><td colspan=""2"">[設定] ブラックマイカメタリック x07</td></tr><tr><td colspan=""2"" bgcolor=""#cccccc"">取り付けできるグレード</td></tr><tr><td>2WD G（SA)</td><td width=""30"">○</td></tr><tr><td>2WD X（SA)</td><td>○</td></tr><tr><td>2WD X</td><td>○</td></tr><tr><td>2WD L（SA)</td><td>○</td></tr><tr><td>2WD L</td><td>○</td></tr><tr><td>2WD D</td><td>×</td></tr><tr><td>4WD Gf（SA)</td><td>○</td></tr><tr><td>4WD Xｆ（SA)</td><td>○</td></tr><tr><td>4WD Xf</td><td>○</td></tr><tr><td>4WD Lｆ（SA)</td><td>○</td></tr><tr><td>4WD Lf</td><td>○</td></tr></table><!--タイプ4end--><!--タイプ4--><br><br><table border=""1"" width=""100%"" cellpadding=""5"" cellspacing=""0""><tr><td colspan=""2"" align=""center"" bgcolor=""#cccccc""><b>[タイプ6]</b></td></tr><tr><td colspan=""2"">[設定] パールホワイト w24</td></tr><tr><td colspan=""2"" bgcolor=""#cccccc"">取り付けできるグレード</td></tr><tr><td>2WD G（SA)</td><td width=""30"">○</td></tr><tr><td>2WD X（SA)</td><td>○</td></tr><tr><td>2WD X</td><td>○</td></tr><tr><td>2WD L（SA)</td><td>○</td></tr><tr><td>2WD L</td><td>○</td></tr><tr><td>2WD D</td><td>×</td></tr><tr><td>4WD Gf（SA)</td><td>○</td></tr><tr><td>4WD Xｆ（SA)</td><td>○</td></tr><tr><td>4WD Xf</td><td>○</td></tr><tr><td>4WD Lｆ（SA)</td><td>○</td></tr><tr><td>4WD Lf</td><td>○</td></tr></table><!--タイプ4end--><!--タイプ4--><br><br><table border=""1"" width=""100%"" cellpadding=""5"" cellspacing=""0""><tr><td colspan=""2"" align=""center"" bgcolor=""#cccccc""><b>[タイプ7]</b></td></tr><tr><td colspan=""2"">[設定] プラムブラウンクリスタルマイカ r59</td></tr><tr><td colspan=""2"" bgcolor=""#cccccc"">取り付けできるグレード</td></tr><tr><td>2WD G（SA)</td><td width=""30"">○</td></tr><tr><td>2WD X（SA)</td><td>○</td></tr><tr><td>2WD X</td><td>○</td></tr><tr><td>2WD L（SA)</td><td>○</td></tr><tr><td>2WD L</td><td>○</td></tr><tr><td>2WD D</td><td>×</td></tr><tr><td>4WD Gf（SA)</td><td>○</td></tr><tr><td>4WD Xｆ（SA)</td><td>○</td></tr><tr><td>4WD Xf</td><td>○</td></tr><tr><td>4WD Lｆ（SA)</td><td>○</td></tr><tr><td>4WD Lf</td><td>○</td></tr></table><!--タイプ4end--><!--タイプ4--><br><br><table border=""1"" width=""100%"" cellpadding=""5"" cellspacing=""0""><tr><td colspan=""2"" align=""center"" bgcolor=""#cccccc""><b>[タイプ8]</b></td></tr><tr><td colspan=""2"">[設定] ライトローズマイカメタリック t22</td></tr><tr><td colspan=""2"" bgcolor=""#cccccc"">取り付けできるグレード</td></tr><tr><td>2WD G（SA)</td><td width=""30"">○</td></tr><tr><td>2WD X（SA)</td><td>○</td></tr><tr><td>2WD X</td><td>○</td></tr><tr><td>2WD L（SA)</td><td>○</td></tr><tr><td>2WD L</td><td>○</td></tr><tr><td>2WD D</td><td>×</td></tr><tr><td>4WD Gf（SA)</td><td>○</td></tr><tr><td>4WD Xｆ（SA)</td><td>○</td></tr><tr><td>4WD Xf</td><td>○</td></tr><tr><td>4WD Lｆ（SA)</td><td>○</td></tr><tr><td>4WD Lf</td><td>○</td></tr></table><!--タイプ4end--><!--タイプ4--><br><br><table border=""1"" width=""100%"" cellpadding=""5"" cellspacing=""0""><tr><td colspan=""2"" align=""center"" bgcolor=""#cccccc""><b>[タイプ9]</b></td></tr><tr><td colspan=""2"">[設定] アーバンナイトブルークリスタルメタリック b70</td></tr><tr><td colspan=""2"" bgcolor=""#cccccc"">取り付けできるグレード</td></tr><tr><td>2WD G（SA)</td><td width=""30"">○</td></tr><tr><td>2WD X（SA)</td><td>○</td></tr><tr><td>2WD X</td><td>○</td></tr><tr><td>2WD L（SA)</td><td>○</td></tr><tr><td>2WD L</td><td>○</td></tr><tr><td>2WD D</td><td>×</td></tr><tr><td>4WD Gf（SA)</td><td>○</td></tr><tr><td>4WD Xｆ（SA)</td><td>○</td></tr><tr><td>4WD Xf</td><td>○</td></tr><tr><td>4WD Lｆ（SA)</td><td>○</td></tr><tr><td>4WD Lf</td><td>○</td></tr></table><!--タイプ4end--><!--タイプ4--><br><br><table border=""1"" width=""100%"" cellpadding=""5"" cellspacing=""0""><tr><td colspan=""2"" align=""center"" bgcolor=""#cccccc""><b>[タイプ10]</b></td></tr><tr><td colspan=""2"">[設定] シャイニングレッド r40</td></tr><tr><td colspan=""2"" bgcolor=""#cccccc"">取り付けできるグレード</td></tr><tr><td>2WD G（SA)</td><td width=""30"">○</td></tr><tr><td>2WD X（SA)</td><td>○</td></tr><tr><td>2WD X</td><td>○</td></tr><tr><td>2WD L（SA)</td><td>○</td></tr><tr><td>2WD L</td><td>○</td></tr><tr><td>2WD D</td><td>×</td></tr><tr><td>4WD Gf（SA)</td><td>○</td></tr><tr><td>4WD Xｆ（SA)</td><td>○</td></tr><tr><td>4WD Xf</td><td>○</td></tr><tr><td>4WD Lｆ（SA)</td><td>○</td></tr><tr><td>4WD Lf</td><td>○</td></tr></table><!--タイプ4end--><br><!--取付--><br><table border=""1"" cellspacing=""0"" cellpadding=""5"" width=100%><TR><td>取り付け難易度は 「やや難しい」※参考程度にお考えください</TD></TR><TR><td>【設定されている取り付け時間】 0.8時間</TD></TR><TR><td>※取付説明書が付属していない場合、ご連絡頂ければ対応致します。</TD></TR><TR><td>※上記の表示はあくまで参考程度としてお考え下さい。<br>技術の個人差や表示通りでは無い場合があります</TD></TR></TABLE><br><!--取付end--><br><table border=""1"" cellpadding=""5"" cellspacing=""0"" width=""100%""><tr><td>取り付け出来るか確認依頼する</td></tr><tr><td>同じ車種・年式で「別の部品」を確認する</td></tr><tr><td>同じ車種で「別の年式」を確認する</td></tr><tr><td>同じメーカーで「別の車種」を確認する</td></tr></table><br>",【ミライース】純正 LA300S サイドストーンガード パーツ ダイハツ純正部品 mirae:s オプション アクセサリー 用品：株式会社　スズキモータース,通信販売通販ショッピングオンラインショッピング買い物プレゼントギフト贈り物贈答品お中元お歳暮お買い得スズキモ【ミライース】純正 LA300S サイドストーンガード パーツ ダイハツ純正部品 mirae:s オプション アクセサリー 用品,【ミライース】純正 LA300S サイドストーンガード パーツ ダイハツ純正部品 mirae:s オプション アクセサリー 用品[rn]
11-164189,http://tshop.r10s.jp/suzukimotors/cabinet/img148500/eras006.jpg?fitin=700:700,24294.4000,,車用品・バイク用品 > カー用品 > 内装パーツ > インテリアパネル > トヨタ用,【ミライース】純正 LA300S バックドアスポイラー パーツ ダイハツ純正部品 mirae:s オプション アクセサリー 用品,,"<!--詳細--><table border=""1"" width=""100%"" cellpadding=""5"" cellspacing=""0""><tr><td width=""150"" bgcolor=""#cccccc"">車種名</td><td>ミライース</td></tr><tr><td bgcolor=""#cccccc"">品名</td><td>バックドアスポイラー</td></tr><tr><td bgcolor=""#cccccc"">取り付けできる年式</td><td><b><font color=#0033ff><font color=""#ff0000"">(重要) </font></font></b>平成25年8月～next</td></tr><tr><td bgcolor=""#cccccc"">型式</td><td>LA300S</td></tr><tr><td bgcolor=""#cccccc"">品番</td><td>08150K2037W2[タイプ1]<br>08150K2037E3[タイプ2]<br>08150K2037A0[タイプ3]<br>08150K2037B0[タイプ4]<br>08150K2037C0[タイプ5]<br>08150K2037A4[タイプ6]<br>08150K2037D8[タイプ7]<br>08150K2037E7[タイプ8]<br>08150K2037W1[タイプ9]<br>08150K2037D0[タイプ10]</td></tr><tr><td bgcolor=""#cccccc"">詳細</td><td>迫力のある、スポーティなバックドアスポイラーです。<br>ルーフ後端の風流れと後流渦をコントロールする空力特性効果のあるスポイラーです。<br></td></tr></table><!--詳細END--><br><br>選択項目をご確認ください <!--タイプ1--><br><br><table border=""1"" width=""100%"" cellpadding=""5"" cellspacing=""0""><tr><td colspan=""2"" align=""center"" bgcolor=""#cccccc""><b>[タイプ1]</b></td></tr><tr><td colspan=""2"">[設定] スカイブルー b73</td></tr><tr><td colspan=""2"" bgcolor=""#cccccc"">取り付けできるグレード</td></tr><tr><td>2WD G（SA)</td><td width=""30"">○</td></tr><tr><td>2WD X（SA)</td><td>○</td></tr><tr><td>2WD X</td><td>○</td></tr><tr><td>2WD L（SA)</td><td>○</td></tr><tr><td>2WD L</td><td>○</td></tr><tr><td>2WD D</td><td>×</td></tr><tr><td>4WD Gf（SA)</td><td>○</td></tr><tr><td>4WD Xｆ（SA)</td><td>○</td></tr><tr><td>4WD Xf</td><td>○</td></tr><tr><td>4WD Lｆ（SA)</td><td>○</td></tr><tr><td>4WD Lf</td><td>○</td></tr></table><!--タイプ1end--><!--タイプ2--><br><br><table border=""1"" width=""100%"" cellpadding=""5"" cellspacing=""0""><tr><td colspan=""2"" align=""center"" bgcolor=""#cccccc""><b>[タイプ2]</b></td></tr><tr><td colspan=""2"">[設定] コットンアイボリー t19</td></tr><tr><td colspan=""2"" bgcolor=""#cccccc"">取り付けできるグレード</td></tr><tr><td>2WD G（SA)</td><td width=""30"">○</td></tr><tr><td>2WD X（SA)</td><td>○</td></tr><tr><td>2WD X</td><td>○</td></tr><tr><td>2WD L（SA)</td><td>○</td></tr><tr><td>2WD L</td><td>○</td></tr><tr><td>2WD D</td><td>×</td></tr><tr><td>4WD Gf（SA)</td><td>○</td></tr><tr><td>4WD Xｆ（SA)</td><td>○</td></tr><tr><td>4WD Xf</td><td>○</td></tr><tr><td>4WD Lｆ（SA)</td><td>○</td></tr><tr><td>4WD Lf</td><td>○</td></tr></table><!--タイプ2end--><!--タイプ3--><br><br><table border=""1"" width=""100%"" cellpadding=""5"" cellspacing=""0""><tr><td colspan=""2"" align=""center"" bgcolor=""#cccccc""><b>[タイプ3]</b></td></tr><tr><td colspan=""2"">[設定] ホワイト w09</td></tr><tr><td colspan=""2"" bgcolor=""#cccccc"">取り付けできるグレード</td></tr><tr><td>2WD G（SA)</td><td width=""30"">○</td></tr><tr><td>2WD X（SA)</td><td>○</td></tr><tr><td>2WD X</td><td>○</td></tr><tr><td>2WD L（SA)</td><td>○</td></tr><tr><td>2WD L</td><td>○</td></tr><tr><td>2WD D</td><td>○</td></tr><tr><td>4WD Gf（SA)</td><td>○</td></tr><tr><td>4WD Xｆ（SA)</td><td>○</td></tr><tr><td>4WD Xf</td><td>○</td></tr><tr><td>4WD Lｆ（SA)</td><td>○</td></tr><tr><td>4WD Lf</td><td>○</td></tr></table><!--タイプ3end--><!--タイプ4--><br><br><table border=""1"" width=""100%"" cellpadding=""5"" cellspacing=""0""><tr><td colspan=""2"" align=""center"" bgcolor=""#cccccc""><b>[タイプ4]</b></td></tr><tr><td colspan=""2"">[設定] ブライトシルバーメタリック s28</td></tr><tr><td colspan=""2"" bgcolor=""#cccccc"">取り付けできるグレード</td></tr><tr><td>2WD G（SA)</td><td width=""30"">○</td></tr><tr><td>2WD X（SA)</td><td>○</td></tr><tr><td>2WD X</td><td>○</td></tr><tr><td>2WD L（SA)</td><td>○</td></tr><tr><td>2WD L</td><td>○</td></tr><tr><td>2WD D</td><td>×</td></tr><tr><td>4WD Gf（SA)</td><td>○</td></tr><tr><td>4WD Xｆ（SA)</td><td>○</td></tr><tr><td>4WD Xf</td><td>○</td></tr><tr><td>4WD Lｆ（SA)</td><td>○</td></tr><tr><td>4WD Lf</td><td>○</td></tr></table><!--タイプ4end--><!--タイプ4--><br><br><table border=""1"" width=""100%"" cellpadding=""5"" cellspacing=""0""><tr><td colspan=""2"" align=""center"" bgcolor=""#cccccc""><b>[タイプ5]</b></td></tr><tr><td colspan=""2"">[設定] ブラックマイカメタリック x07</td></tr><tr><td colspan=""2"" bgcolor=""#cccccc"">取り付けできるグレード</td></tr><tr><td>2WD G（SA)</td><td width=""30"">○</td></tr><tr><td>2WD X（SA)</td><td>○</td></tr><tr><td>2WD X</td><td>○</td></tr><tr><td>2WD L（SA)</td><td>○</td></tr><tr><td>2WD L</td><td>○</td></tr><tr><td>2WD D</td><td>×</td></tr><tr><td>4WD Gf（SA)</td><td>○</td></tr><tr><td>4WD Xｆ（SA)</td><td>○</td></tr><tr><td>4WD Xf</td><td>○</td></tr><tr><td>4WD Lｆ（SA)</td><td>○</td></tr><tr><td>4WD Lf</td><td>○</td></tr></table><!--タイプ4end--><!--タイプ4--><br><br><table border=""1"" width=""100%"" cellpadding=""5"" cellspacing=""0""><tr><td colspan=""2"" align=""center"" bgcolor=""#cccccc""><b>[タイプ6]</b></td></tr><tr><td colspan=""2"">[設定] パールホワイト w24</td></tr><tr><td colspan=""2"" bgcolor=""#cccccc"">取り付けできるグレード</td></tr><tr><td>2WD G（SA)</td><td width=""30"">○</td></tr><tr><td>2WD X（SA)</td><td>○</td></tr><tr><td>2WD X</td><td>○</td></tr><tr><td>2WD L（SA)</td><td>○</td></tr><tr><td>2WD L</td><td>○</td></tr><tr><td>2WD D</td><td>×</td></tr><tr><td>4WD Gf（SA)</td><td>○</td></tr><tr><td>4WD Xｆ（SA)</td><td>○</td></tr><tr><td>4WD Xf</td><td>○</td></tr><tr><td>4WD Lｆ（SA)</td><td>○</td></tr><tr><td>4WD Lf</td><td>○</td></tr></table><!--タイプ4end--><!--タイプ4--><br><br><table border=""1"" width=""100%"" cellpadding=""5"" cellspacing=""0""><tr><td colspan=""2"" align=""center"" bgcolor=""#cccccc""><b>[タイプ7]</b></td></tr><tr><td colspan=""2"">[設定] プラムブラウンクリスタルマイカ r59</td></tr><tr><td colspan=""2"" bgcolor=""#cccccc"">取り付けできるグレード</td></tr><tr><td>2WD G（SA)</td><td width=""30"">○</td></tr><tr><td>2WD X（SA)</td><td>○</td></tr><tr><td>2WD X</td><td>○</td></tr><tr><td>2WD L（SA)</td><td>○</td></tr><tr><td>2WD L</td><td>○</td></tr><tr><td>2WD D</td><td>×</td></tr><tr><td>4WD Gf（SA)</td><td>○</td></tr><tr><td>4WD Xｆ（SA)</td><td>○</td></tr><tr><td>4WD Xf</td><td>○</td></tr><tr><td>4WD Lｆ（SA)</td><td>○</td></tr><tr><td>4WD Lf</td><td>○</td></tr></table><!--タイプ4end--><!--タイプ4--><br><br><table border=""1"" width=""100%"" cellpadding=""5"" cellspacing=""0""><tr><td colspan=""2"" align=""center"" bgcolor=""#cccccc""><b>[タイプ8]</b></td></tr><tr><td colspan=""2"">[設定] ライトローズマイカメタリック t22</td></tr><tr><td colspan=""2"" bgcolor=""#cccccc"">取り付けできるグレード</td></tr><tr><td>2WD G（SA)</td><td width=""30"">○</td></tr><tr><td>2WD X（SA)</td><td>○</td></tr><tr><td>2WD X</td><td>○</td></tr><tr><td>2WD L（SA)</td><td>○</td></tr><tr><td>2WD L</td><td>○</td></tr><tr><td>2WD D</td><td>×</td></tr><tr><td>4WD Gf（SA)</td><td>○</td></tr><tr><td>4WD Xｆ（SA)</td><td>○</td></tr><tr><td>4WD Xf</td><td>○</td></tr><tr><td>4WD Lｆ（SA)</td><td>○</td></tr><tr><td>4WD Lf</td><td>○</td></tr></table><!--タイプ4end--><!--タイプ4--><br><br><table border=""1"" width=""100%"" cellpadding=""5"" cellspacing=""0""><tr><td colspan=""2"" align=""center"" bgcolor=""#cccccc""><b>[タイプ9]</b></td></tr><tr><td colspan=""2"">[設定] アーバンナイトブルークリスタルメタリック b70</td></tr><tr><td colspan=""2"" bgcolor=""#cccccc"">取り付けできるグレード</td></tr><tr><td>2WD G（SA)</td><td width=""30"">○</td></tr><tr><td>2WD X（SA)</td><td>○</td></tr><tr><td>2WD X</td><td>○</td></tr><tr><td>2WD L（SA)</td><td>○</td></tr><tr><td>2WD L</td><td>○</td></tr><tr><td>2WD D</td><td>×</td></tr><tr><td>4WD Gf（SA)</td><td>○</td></tr><tr><td>4WD Xｆ（SA)</td><td>○</td></tr><tr><td>4WD Xf</td><td>○</td></tr><tr><td>4WD Lｆ（SA)</td><td>○</td></tr><tr><td>4WD Lf</td><td>○</td></tr></table><!--タイプ4end--><!--タイプ4--><br><br><table border=""1"" width=""100%"" cellpadding=""5"" cellspacing=""0""><tr><td colspan=""2"" align=""center"" bgcolor=""#cccccc""><b>[タイプ10]</b></td></tr><tr><td colspan=""2"">[設定] シャイニングレッド r40</td></tr><tr><td colspan=""2"" bgcolor=""#cccccc"">取り付けできるグレード</td></tr><tr><td>2WD G（SA)</td><td width=""30"">○</td></tr><tr><td>2WD X（SA)</td><td>○</td></tr><tr><td>2WD X</td><td>○</td></tr><tr><td>2WD L（SA)</td><td>○</td></tr><tr><td>2WD L</td><td>○</td></tr><tr><td>2WD D</td><td>×</td></tr><tr><td>4WD Gf（SA)</td><td>○</td></tr><tr><td>4WD Xｆ（SA)</td><td>○</td></tr><tr><td>4WD Xf</td><td>○</td></tr><tr><td>4WD Lｆ（SA)</td><td>○</td></tr><tr><td>4WD Lf</td><td>○</td></tr></table><!--タイプ4end--><br><!--取付--><br><table border=""1"" cellspacing=""0"" cellpadding=""5"" width=100%><TR><td>取り付け難易度は 「やや難しい」※参考程度にお考えください</TD></TR><TR><td>【設定されている取り付け時間】 0.8時間</TD></TR><TR><td>※取付説明書が付属していない場合、ご連絡頂ければ対応致します。</TD></TR><TR><td>※上記の表示はあくまで参考程度としてお考え下さい。<br>技術の個人差や表示通りでは無い場合があります</TD></TR></TABLE><br><!--取付end--><br><table border=""1"" cellpadding=""5"" cellspacing=""0"" width=""100%""><tr><td>取り付け出来るか確認依頼する</td></tr><tr><td>同じ車種・年式で「別の部品」を確認する</td></tr><tr><td>同じ車種で「別の年式」を確認する</td></tr><tr><td>同じメーカーで「別の車種」を確認する</td></tr></table><br>",【ミライース】純正 LA300S バックドアスポイラー パーツ ダイハツ純正部品 mirae:s オプション アクセサリー 用品：株式会社　スズキモータース,通信販売通販ショッピングオンラインショッピング買い物プレゼントギフト贈り物贈答品お中元お歳暮お買い得スズキモ【ミライース】純正 LA300S バックドアスポイラー パーツ ダイハツ純正部品 mirae:s オプション アクセサリー 用品,【ミライース】純正 LA300S バックドアスポイラー パーツ ダイハツ純正部品 mirae:s オプション アクセサリー 用品[rn]
11-164190,http://tshop.r10s.jp/suzukimotors/cabinet/img865300/mies009.jpg?fitin=700:700,24832.0000,,車用品・バイク用品 > カー用品 > 内装パーツ > インテリアパネル > トヨタ用,【ミライース】純正 LA300S LA310S バックドアスポイラー パーツ ダイハツ純正部品 mirae:s オプション アクセサリー 用品,,"<!--詳細--><table border=""1"" width=""100%"" cellpadding=""5"" cellspacing=""0""><tr><td width=""150"" bgcolor=""#cccccc"">車種名</td><td>ミライース</td></tr><tr><td bgcolor=""#cccccc"">品名</td><td>バックドアスポイラー</td></tr><tr><td bgcolor=""#cccccc"">取り付けできる年式</td><td><b><font color=#0033ff><font color=""#ff0000"">(重要) </font></font></b>平成23年9月～25年8月</td></tr><tr><td bgcolor=""#cccccc"">型式</td><td>LA300S LA310S</td></tr><tr><td bgcolor=""#cccccc"">品番</td><td>08150K2037W2[タイプ1]<br>08150K2037L3[タイプ2]<br>08150K2037E3[タイプ3]<br>08150K2037A0[タイプ4]<br>08150K2037B0[タイプ5]<br>08150K2037C0[タイプ6]<br>08150K2037A4[タイプ7]<br>08150K2037D8[タイプ8]</td></tr><tr><td bgcolor=""#cccccc"">詳細</td><td></td></tr></table><!--詳細END--><br><br>選択項目をご確認ください <!--タイプ1--><br><br><table border=""1"" width=""100%"" cellpadding=""5"" cellspacing=""0""><tr><td colspan=""2"" align=""center"" bgcolor=""#cccccc""><b>[タイプ1]</b></td></tr><tr><td colspan=""2"">[設定] <b><font color=#0033ff>スカイブルー b73</font></b></td></tr><tr><td colspan=""2"" bgcolor=""#cccccc"">取り付けできるグレード</td></tr><tr><td>2WD G</td><td width=""30"">○</td></tr><tr><td>2WD X</td><td>○</td></tr><tr><td>2WD L</td><td>○</td></tr><tr><td>2WD D</td><td>×</td></tr><tr><td>4WD Gf</td><td>○</td></tr><tr><td>4WD Xf</td><td>○</td></tr></table><!--タイプ1end--><!--タイプ2--><br><br><table border=""1"" width=""100%"" cellpadding=""5"" cellspacing=""0""><tr><td colspan=""2"" align=""center"" bgcolor=""#cccccc""><b>[タイプ2]</b></td></tr><tr><td colspan=""2"">[設定] <b><font color=#0033ff>シェルローズ t28</font></b></td></tr><tr><td colspan=""2"" bgcolor=""#cccccc"">取り付けできるグレード</td></tr><tr><td>2WD G</td><td width=""30"">○</td></tr><tr><td>2WD X</td><td>○</td></tr><tr><td>2WD L</td><td>○</td></tr><tr><td>2WD D</td><td>×</td></tr><tr><td>4WD Gf</td><td>○</td></tr><tr><td>4WD Xf</td><td>○</td></tr></table><!--タイプ2end--><!--タイプ3--><br><br><table border=""1"" width=""100%"" cellpadding=""5"" cellspacing=""0""><tr><td colspan=""2"" align=""center"" bgcolor=""#cccccc""><b>[タイプ3]</b></td></tr><tr><td colspan=""2"">[設定] <b><font color=#0033ff>コットンアイボリー t19</font></b></td></tr><tr><td colspan=""2"" bgcolor=""#cccccc"">取り付けできるグレード</td></tr><tr><td>2WD G</td><td width=""30"">○</td></tr><tr><td>2WD X</td><td>○</td></tr><tr><td>2WD L</td><td>○</td></tr><tr><td>2WD D</td><td>×</td></tr><tr><td>4WD Gf</td><td>○</td></tr><tr><td>4WD Xf</td><td>○</td></tr></table><!--タイプ3end--><!--タイプ4--><br><br><table border=""1"" width=""100%"" cellpadding=""5"" cellspacing=""0""><tr><td colspan=""2"" align=""center"" bgcolor=""#cccccc""><b>[タイプ4]</b></td></tr><tr><td colspan=""2"">[設定] <b><font color=#0033ff>ホワイト w09</font></b></td></tr><tr><td colspan=""2"" bgcolor=""#cccccc"">取り付けできるグレード</td></tr><tr><td>2WD G</td><td width=""30"">○</td></tr><tr><td>2WD X</td><td>○</td></tr><tr><td>2WD L</td><td>○</td></tr><tr><td>2WD D</td><td>○</td></tr><tr><td>4WD Gf</td><td>○</td></tr><tr><td>4WD Xf</td><td>○</td></tr></table><!--タイプ4end--><!--タイプ4--><br><br><table border=""1"" width=""100%"" cellpadding=""5"" cellspacing=""0""><tr><td colspan=""2"" align=""center"" bgcolor=""#cccccc""><b>[タイプ5]</b></td></tr><tr><td colspan=""2"">[設定] <b><font color=#0033ff>ブライトシルバーメタリック s28</font></b></td></tr><tr><td colspan=""2"" bgcolor=""#cccccc"">取り付けできるグレード</td></tr><tr><td>2WD G</td><td width=""30"">○</td></tr><tr><td>2WD X</td><td>○</td></tr><tr><td>2WD L</td><td>○</td></tr><tr><td>2WD D</td><td>×</td></tr><tr><td>4WD Gf</td><td>○</td></tr><tr><td>4WD Xf</td><td>○</td></tr></table><!--タイプ4end--><!--タイプ4--><br><br><table border=""1"" width=""100%"" cellpadding=""5"" cellspacing=""0""><tr><td colspan=""2"" align=""center"" bgcolor=""#cccccc""><b>[タイプ6]</b></td></tr><tr><td colspan=""2"">[設定] <b><font color=#0033ff>ブラックマイカメタリック x07</font></b></td></tr><tr><td colspan=""2"" bgcolor=""#cccccc"">取り付けできるグレード</td></tr><tr><td>2WD G</td><td width=""30"">○</td></tr><tr><td>2WD X</td><td>○</td></tr><tr><td>2WD L</td><td>○</td></tr><tr><td>2WD D</td><td>×</td></tr><tr><td>4WD Gf</td><td>○</td></tr><tr><td>4WD Xf</td><td>○</td></tr></table><!--タイプ4end--><!--タイプ4--><br><br><table border=""1"" width=""100%"" cellpadding=""5"" cellspacing=""0""><tr><td colspan=""2"" align=""center"" bgcolor=""#cccccc""><b>[タイプ7]</b></td></tr><tr><td colspan=""2"">[設定] <b><font color=#0033ff>パールホワイト w24</font></b></td></tr><tr><td colspan=""2"" bgcolor=""#cccccc"">取り付けできるグレード</td></tr><tr><td>2WD G</td><td width=""30"">○</td></tr><tr><td>2WD X</td><td>○</td></tr><tr><td>2WD L</td><td>○</td></tr><tr><td>2WD D</td><td>×</td></tr><tr><td>4WD Gf</td><td>○</td></tr><tr><td>4WD Xf</td><td>○</td></tr></table><!--タイプ4end--><!--タイプ4--><br><br><table border=""1"" width=""100%"" cellpadding=""5"" cellspacing=""0""><tr><td colspan=""2"" align=""center"" bgcolor=""#cccccc""><b>[タイプ8]</b></td></tr><tr><td colspan=""2"">[設定] <b><font color=#0033ff>プラムブラウンクリスタルマイカ r59</font></b></td></tr><tr><td colspan=""2"" bgcolor=""#cccccc"">取り付けできるグレード</td></tr><tr><td>2WD G</td><td width=""30"">○</td></tr><tr><td>2WD X</td><td>○</td></tr><tr><td>2WD L</td><td>○</td></tr><tr><td>2WD D</td><td>×</td></tr><tr><td>4WD Gf</td><td>○</td></tr><tr><td>4WD Xf</td><td>○</td></tr></table><!--タイプ4end--><br><!--取付--><br><table border=""1"" cellspacing=""0"" cellpadding=""5"" width=100%><TR><td>取り付け難易度は 「ふつう」※参考程度にお考えください</TD></TR><TR><td>【設定されている取り付け工賃】 4800円(税抜き)</TD></TR><TR><td>※取付説明書が付属していない場合、ご連絡頂ければ対応致します。</TD></TR><TR><td>※上記の表示はあくまで参考程度としてお考え下さい。<br>技術の個人差や表示通りでは無い場合があります</TD></TR></TABLE><br><!--取付end--><br><table border=""1"" cellpadding=""5"" cellspacing=""0"" width=""100%""><tr><td>取り付け出来るか確認依頼する</td></tr><tr><td>同じ車種・年式で「別の部品」を確認する</td></tr><tr><td>同じ車種で「別の年式」を確認する</td></tr><tr><td>同じメーカーで「別の車種」を確認する</td></tr></table><br>",【ミライース】純正 LA300S LA310S バックドアスポイラー パーツ ダイハツ純正部品 mirae:s オプション アクセサリー 用品：株式会社　スズキモータース,通信販売通販ショッピングオンラインショッピング買い物プレゼントギフト贈り物贈答品お中元お歳暮お買い得スズキモ【ミライース】純正 LA300S LA310S バックドアスポイラー パーツ ダイハツ純正部品 mirae:s オプション アクセサリー 用品,【ミライース】純正 LA300S LA310S バックドアスポイラー パーツ ダイハツ純正部品 mirae:s オプション アクセサリー 用品[rn]
11-164191,http://tshop.r10s.jp/suzukimotors/cabinet/img2456875/tacs013.jpg?fitin=700:700,2328.0000,,車用品・バイク用品 > カー用品 > 内装パーツ > インテリアパネル > トヨタ用,TRD ラジエターキャップ [ MS143-18001] カローラアクシオ NZE141 NZE144 ZRE142 ZRE144 適合 全車 (必要個数 1個),,"<table border=""1"" width=""100%"" cellpadding=""5"" cellspacing=""0""><tr><td width=""100"">メーカー</td><td >TRD</td></tr><tr><td >車種</td><td >カローラアクシオ NZE141 NZE144 ZRE142 ZRE144 </td></tr><tr><td >部品名</td><td >ラジエターキャップ</td></tr><tr><td >種類</td><td >全グレード</td></tr><tr><td >品番</td><td >MS143-18001</td></tr><tr><td >必要個数</td><td >1</td></tr></table>",TRD ラジエターキャップ [ MS143-18001] カローラアクシオ NZE141 NZE144 ZRE142 ZRE144 適合 全車 (必要個数 1個)：株式会社　スズキモータース,通信販売通販ショッピングオンラインショッピング買い物プレゼントギフト贈り物贈答品お中元お歳暮お買い得スズキモTRD ラジエターキャップ [ MS143-18001] カローラアクシオ NZE141 NZE144 ZRE142 ZRE144 適合 全車 (必要個数 1個),TRD ラジエターキャップ [ MS143-18001] カローラアクシオ NZE141 NZE144 ZRE142 ZRE144 適合 全車 (必要個数 1個)[rn]
11-164192,http://tshop.r10s.jp/suzukimotors/cabinet/img2456875/tacs014.jpg?fitin=700:700,2952.0000,,車用品・バイク用品 > カー用品 > 内装パーツ > インテリアパネル > トヨタ用,TRD フューエルキャップカバー [ MS360-00001] カローラアクシオ NZE141 NZE144 ZRE142 ZRE144 適合 全車 (必要個数 1個),,"<table border=""1"" width=""100%"" cellpadding=""5"" cellspacing=""0""><tr><td width=""100"">メーカー</td><td >TRD</td></tr><tr><td >車種</td><td >カローラアクシオ NZE141 NZE144 ZRE142 ZRE144 </td></tr><tr><td >部品名</td><td >フューエルキャップカバー</td></tr><tr><td >種類</td><td >全グレード</td></tr><tr><td >品番</td><td >MS360-00001</td></tr><tr><td >必要個数</td><td >1</td></tr></table>",TRD フューエルキャップカバー [ MS360-00001] カローラアクシオ NZE141 NZE144 ZRE142 ZRE144 適合 全車 (必要個数 1個)：株式会社　スズキモータース,通信販売通販ショッピングオンラインショッピング買い物プレゼントギフト贈り物贈答品お中元お歳暮お買い得スズキモTRD フューエルキャップカバー [ MS360-00001] カローラアクシオ NZE141 NZE144 ZRE142 ZRE144 適合 全車 (必要個数 1個),TRD フューエルキャップカバー [ MS360-00001] カローラアクシオ NZE141 NZE144 ZRE142 ZRE144 適合 全車 (必要個数 1個)[rn]
11-164193,http://tshop.r10s.jp/suzukimotors/cabinet/img610970/tant002.jpg?fitin=700:700,24832.0000,,車用品・バイク用品 > カー用品 > 内装パーツ > インテリアパネル > トヨタ用,【タント】純正 L375 L385 L455 バックドアスポイラー（大型） パーツ ダイハツ純正部品 ルーフスポイラー リアスポイラー リヤスポイラー tanto オプション アクセサリー 用品,,"<!--詳細--><table border=""1"" width=""100%"" cellpadding=""5"" cellspacing=""0""><tr><td width=""150"" bgcolor=""#cccccc"">車種名</td><td>タント</td></tr><tr><td bgcolor=""#cccccc"">品名</td><td>バックドアスポイラー（大型）</td></tr><tr><td bgcolor=""#cccccc"">取り付けできる年式</td><td><b><font color=#0033ff><font color=""#ff0000"">(重要) </font></font></b>平成21年12月～22年10月</td></tr><tr><td bgcolor=""#cccccc"">型式</td><td>L375 L385 L455</td></tr><tr><td bgcolor=""#cccccc"">品番</td><td>08150K2029C4[タイプ1]<br>08150K2029A4[タイプ2]<br>08150K2029B0[タイプ3]<br>08150K2029B3[タイプ4]<br>08150K2029C0[タイプ5]<br>08150K2029D8[タイプ6]<br>08150K2029E7[タイプ7]<br>08150K2029W1[タイプ8]</td></tr><tr><td bgcolor=""#cccccc"">詳細</td><td>迫力のあるスポーティなバックドアスポイラーです。<br>※標準装備のリヤスポイラーは取り外し、ハイマウントLEDストップランプ部のみ流用となります。<br></td></tr></table><!--詳細END--><br><br>選択項目をご確認ください <!--タイプ1--><br><br><table border=""1"" width=""100%"" cellpadding=""5"" cellspacing=""0""><tr><td colspan=""2"" align=""center"" bgcolor=""#cccccc""><b>[タイプ1]</b></td></tr><tr><td colspan=""2"">[設定] クリムゾングラッククリスタルマイカ x11</td></tr><tr><td colspan=""2"" bgcolor=""#cccccc"">取り付けできるグレード</td></tr><tr><td>2WD エグゼカスタム RS</td><td width=""30"">○</td></tr><tr><td>2WD エグゼカスタム G</td><td>○</td></tr><tr><td>2WD エグゼカスタム X</td><td>○</td></tr><tr><td>2WD エグゼ G</td><td>×</td></tr><tr><td>2WD エグゼ X</td><td>×</td></tr><tr><td>2WD エグゼ X Special</td><td>×</td></tr><tr><td>4WD エグゼカスタム RS</td><td>○</td></tr><tr><td>4WD エグゼカスタム S</td><td>○</td></tr><tr><td>4WD エグゼ S</td><td>×</td></tr><tr><td>4WD エグゼ L</td><td>×</td></tr></table><!--タイプ1end--><!--タイプ2--><br><br><table border=""1"" width=""100%"" cellpadding=""5"" cellspacing=""0""><tr><td colspan=""2"" align=""center"" bgcolor=""#cccccc""><b>[タイプ2]</b></td></tr><tr><td colspan=""2"">[設定] パールホワイト w24</td></tr><tr><td colspan=""2"" bgcolor=""#cccccc"">取り付けできるグレード</td></tr><tr><td>2WD エグゼカスタム RS</td><td width=""30"">○</td></tr><tr><td>2WD エグゼカスタム G</td><td>○</td></tr><tr><td>2WD エグゼカスタム X</td><td>○</td></tr><tr><td>2WD エグゼ G</td><td>×</td></tr><tr><td>2WD エグゼ X</td><td>×</td></tr><tr><td>2WD エグゼ X Special</td><td>×</td></tr><tr><td>4WD エグゼカスタム RS</td><td>○</td></tr><tr><td>4WD エグゼカスタム S</td><td>○</td></tr><tr><td>4WD エグゼ S</td><td>×</td></tr><tr><td>4WD エグゼ L</td><td>×</td></tr></table><!--タイプ2end--><!--タイプ3--><br><br><table border=""1"" width=""100%"" cellpadding=""5"" cellspacing=""0""><tr><td colspan=""2"" align=""center"" bgcolor=""#cccccc""><b>[タイプ3]</b></td></tr><tr><td colspan=""2"">[設定] ブライトシルバーメタリック s28</td></tr><tr><td colspan=""2"" bgcolor=""#cccccc"">取り付けできるグレード</td></tr><tr><td>2WD エグゼカスタム RS</td><td width=""30"">○</td></tr><tr><td>2WD エグゼカスタム G</td><td>○</td></tr><tr><td>2WD エグゼカスタム X</td><td>○</td></tr><tr><td>2WD エグゼ G</td><td>×</td></tr><tr><td>2WD エグゼ X</td><td>×</td></tr><tr><td>2WD エグゼ X Special</td><td>×</td></tr><tr><td>4WD エグゼカスタム RS</td><td>○</td></tr><tr><td>4WD エグゼカスタム S</td><td>○</td></tr><tr><td>4WD エグゼ S</td><td>×</td></tr><tr><td>4WD エグゼ L</td><td>×</td></tr></table><!--タイプ3end--><!--タイプ4--><br><br><table border=""1"" width=""100%"" cellpadding=""5"" cellspacing=""0""><tr><td colspan=""2"" align=""center"" bgcolor=""#cccccc""><b>[タイプ4]</b></td></tr><tr><td colspan=""2"">[設定] チタニウムGura-メタリック s33</td></tr><tr><td colspan=""2"" bgcolor=""#cccccc"">取り付けできるグレード</td></tr><tr><td>2WD エグゼカスタム RS</td><td width=""30"">○</td></tr><tr><td>2WD エグゼカスタム G</td><td>○</td></tr><tr><td>2WD エグゼカスタム X</td><td>○</td></tr><tr><td>2WD エグゼ G</td><td>×</td></tr><tr><td>2WD エグゼ X</td><td>×</td></tr><tr><td>2WD エグゼ X Special</td><td>×</td></tr><tr><td>4WD エグゼカスタム RS</td><td>○</td></tr><tr><td>4WD エグゼカスタム S</td><td>○</td></tr><tr><td>4WD エグゼ S</td><td>×</td></tr><tr><td>4WD エグゼ L</td><td>×</td></tr></table><!--タイプ4end--><!--タイプ4--><br><br><table border=""1"" width=""100%"" cellpadding=""5"" cellspacing=""0""><tr><td colspan=""2"" align=""center"" bgcolor=""#cccccc""><b>[タイプ5]</b></td></tr><tr><td colspan=""2"">[設定] ブラックマイカメタリック x07</td></tr><tr><td colspan=""2"" bgcolor=""#cccccc"">取り付けできるグレード</td></tr><tr><td>2WD エグゼカスタム RS</td><td width=""30"">○</td></tr><tr><td>2WD エグゼカスタム G</td><td>○</td></tr><tr><td>2WD エグゼカスタム X</td><td>○</td></tr><tr><td>2WD エグゼ G</td><td>×</td></tr><tr><td>2WD エグゼ X</td><td>×</td></tr><tr><td>2WD エグゼ X Special</td><td>×</td></tr><tr><td>4WD エグゼカスタム RS</td><td>○</td></tr><tr><td>4WD エグゼカスタム S</td><td>○</td></tr><tr><td>4WD エグゼ S</td><td>×</td></tr><tr><td>4WD エグゼ L</td><td>×</td></tr></table><!--タイプ4end--><!--タイプ4--><br><br><table border=""1"" width=""100%"" cellpadding=""5"" cellspacing=""0""><tr><td colspan=""2"" align=""center"" bgcolor=""#cccccc""><b>[タイプ6]</b></td></tr><tr><td colspan=""2"">[設定] プラムブラウンクリスタルマイカ r59</td></tr><tr><td colspan=""2"" bgcolor=""#cccccc"">取り付けできるグレード</td></tr><tr><td>2WD エグゼカスタム RS</td><td width=""30"">○</td></tr><tr><td>2WD エグゼカスタム G</td><td>○</td></tr><tr><td>2WD エグゼカスタム X</td><td>○</td></tr><tr><td>2WD エグゼ G</td><td>×</td></tr><tr><td>2WD エグゼ X</td><td>×</td></tr><tr><td>2WD エグゼ X Special</td><td>×</td></tr><tr><td>4WD エグゼカスタム RS</td><td>○</td></tr><tr><td>4WD エグゼカスタム S</td><td>○</td></tr><tr><td>4WD エグゼ S</td><td>×</td></tr><tr><td>4WD エグゼ L</td><td>×</td></tr></table><!--タイプ4end--><!--タイプ4--><br><br><table border=""1"" width=""100%"" cellpadding=""5"" cellspacing=""0""><tr><td colspan=""2"" align=""center"" bgcolor=""#cccccc""><b>[タイプ7]</b></td></tr><tr><td colspan=""2"">[設定] ライトローズマイカメタリック t22</td></tr><tr><td colspan=""2"" bgcolor=""#cccccc"">取り付けできるグレード</td></tr><tr><td>2WD エグゼカスタム RS</td><td width=""30"">○</td></tr><tr><td>2WD エグゼカスタム G</td><td>○</td></tr><tr><td>2WD エグゼカスタム X</td><td>○</td></tr><tr><td>2WD エグゼ G</td><td>×</td></tr><tr><td>2WD エグゼ X</td><td>×</td></tr><tr><td>2WD エグゼ X Special</td><td>×</td></tr><tr><td>4WD エグゼカスタム RS</td><td>○</td></tr><tr><td>4WD エグゼカスタム S</td><td>○</td></tr><tr><td>4WD エグゼ S</td><td>×</td></tr><tr><td>4WD エグゼ L</td><td>×</td></tr></table><!--タイプ4end--><!--タイプ4--><br><br><table border=""1"" width=""100%"" cellpadding=""5"" cellspacing=""0""><tr><td colspan=""2"" align=""center"" bgcolor=""#cccccc""><b>[タイプ8]</b></td></tr><tr><td colspan=""2"">[設定] アーバンナイトブルークリスタルメタリック b70</td></tr><tr><td colspan=""2"" bgcolor=""#cccccc"">取り付けできるグレード</td></tr><tr><td>2WD エグゼカスタム RS</td><td width=""30"">○</td></tr><tr><td>2WD エグゼカスタム G</td><td>○</td></tr><tr><td>2WD エグゼカスタム X</td><td>○</td></tr><tr><td>2WD エグゼ G</td><td>×</td></tr><tr><td>2WD エグゼ X</td><td>×</td></tr><tr><td>2WD エグゼ X Special</td><td>×</td></tr><tr><td>4WD エグゼカスタム RS</td><td>○</td></tr><tr><td>4WD エグゼカスタム S</td><td>○</td></tr><tr><td>4WD エグゼ S</td><td>×</td></tr><tr><td>4WD エグゼ L</td><td>×</td></tr></table><!--タイプ4end--><br><br><table border=""1"" cellpadding=""5"" cellspacing=""0"" width=""100%""><tr><td>取り付け出来るか確認依頼する</td></tr><tr><td>同じ車種・年式で「別の部品」を確認する</td></tr><tr><td>同じ車種で「別の年式」を確認する</td></tr><tr><td>同じメーカーで「別の車種」を確認する</td></tr></table><br>",【タント】純正 L375 L385 L455 バックドアスポイラー（大型） パーツ ダイハツ純正部品 ルーフスポイラー リアスポイラー リヤスポイラー tanto オプション アクセサリー 用品：株式会社　スズキモータース,通信販売通販ショッピングオンラインショッピング買い物プレゼントギフト贈り物贈答品お中元お歳暮お買い得スズキモ【タント】純正 L375 L385 L455 バックドアスポイラー（大型） パーツ ダイハツ純正部品 ルーフスポイラー リアスポイラー リヤスポイラー tanto オプション アクセサリー 用品,【タント】純正 L375 L385 L455 バックドアスポイラー（大型） パーツ ダイハツ純正部品 ルーフスポイラー リアスポイラー リヤスポイラー tanto オプション アクセサリー 用品[rn]
11-164194,http://tshop.r10s.jp/suzukimotors/cabinet/img822430/caih006.jpg?fitin=700:700,14424.8000,,車用品・バイク用品 > カー用品 > 内装パーツ > インテリアパネル > トヨタ用,【キャスト】純正 LA250S LA260S メッキ リヤガーニッシュ パーツ ダイハツ純正部品 メッキ cast オプション アクセサリー 用品,,"<!--詳細--><table border=""1"" width=""100%"" cellpadding=""5"" cellspacing=""0""><tr><td width=""150"" bgcolor=""#cccccc"">車種名</td><td>キャスト</td></tr><tr><td bgcolor=""#cccccc"">品名</td><td>メッキ リヤガーニッシュ</td></tr><tr><td bgcolor=""#cccccc"">取り付けできる年式</td><td><b><font color=#0033ff><font color=""#ff0000"">(重要) </font></font></b>平成27年9月～next</td></tr><tr><td bgcolor=""#cccccc"">型式</td><td>LA250S LA260S</td></tr><tr><td bgcolor=""#cccccc"">品番</td><td>08400K2185</td></tr><tr><td bgcolor=""#cccccc"">詳細</td><td>ダイナミック装着用品。<br>※標準装備のバンパーアンダーガードへのメッキ加飾となります。<br></td></tr></table><!--詳細END--><!--タイプ--><br><br><table border=""1"" width=""100%"" cellpadding=""5"" cellspacing=""0""><tr><td colspan=""2"" align=""center"" bgcolor=""#cccccc""><b>取り付けに関して</b></td></tr><tr><td colspan=""2"" bgcolor=""#cccccc"">取り付けできるグレード</td></tr><tr><td>2WDアクティバ GターボSA</td><td width=""30"">○</td></tr><tr><td>2WDアクティバ G SA</td><td>○</td></tr><tr><td>2WDアクティバ G X</td><td>○</td></tr><tr><td>2WDアクティバ X</td><td>○</td></tr><tr><td>2WDスタイル GターボSA</td><td>×</td></tr><tr><td>2WDスタイル G SA</td><td>×</td></tr><tr><td>2WDスタイル G X</td><td>×</td></tr><tr><td>2WDスタイル X</td><td>×</td></tr><tr><td>2WD スポーツ</td><td>×</td></tr><tr><td>4WDアクティバ GターボSA</td><td>○</td></tr><tr><td>4WDアクティバ G SA</td><td>○</td></tr><tr><td>4WDアクティバ G X</td><td>○</td></tr><tr><td>4WDアクティバ X</td><td>○</td></tr><tr><td>4WDスタイル GターボSA</td><td>×</td></tr><tr><td>4WDスタイル G SA</td><td>×</td></tr><tr><td>4WDスタイル G X</td><td>×</td></tr><tr><td>4WDスタイル X</td><td>×</td></tr><tr><td>4WD スポーツ</td><td>×</td></tr></table><!--タイプend--><br><!--取付--><br><table border=""1"" cellspacing=""0"" cellpadding=""5"" width=100%><TR><td>取り付け難易度は 「ふつう」※参考程度にお考えください</TD></TR><TR><td>【設定されている取り付け時間】 0.5時間</TD></TR><TR><td>※取付説明書が付属していない場合、ご連絡頂ければ対応致します。</TD></TR><TR><td>※上記の表示はあくまで参考程度としてお考え下さい。<br>技術の個人差や表示通りでは無い場合があります</TD></TR></TABLE><br><!--取付end--><br><table border=""1"" cellpadding=""5"" cellspacing=""0"" width=""100%""><tr><td>取り付け出来るか確認依頼する</td></tr><tr><td>同じ車種・年式で「別の部品」を確認する</td></tr><tr><td>同じ車種で「別の年式」を確認する</td></tr><tr><td>同じメーカーで「別の車種」を確認する</td></tr></table><br>",【キャスト】純正 LA250S LA260S メッキ リヤガーニッシュ パーツ ダイハツ純正部品 メッキ cast オプション アクセサリー 用品：株式会社　スズキモータース,通信販売通販ショッピングオンラインショッピング買い物プレゼントギフト贈り物贈答品お中元お歳暮お買い得スズキモ【キャスト】純正 LA250S LA260S メッキ リヤガーニッシュ パーツ ダイハツ純正部品 メッキ cast オプション アクセサリー 用品,【キャスト】純正 LA250S LA260S メッキ リヤガーニッシュ パーツ ダイハツ純正部品 メッキ cast オプション アクセサリー 用品[rn]
11-164195,http://tshop.r10s.jp/suzukimotors/cabinet/img822430/caih007.jpg?fitin=700:700,18980.0000,,車用品・バイク用品 > カー用品 > 内装パーツ > インテリアパネル > トヨタ用,【キャスト】純正 LA250S LA260S メッキ フードガーニッシュ パーツ ダイハツ純正部品 メッキ エアロパーツ パネル カスタム cast オプション アクセサリー 用品,,"<!--詳細--><table border=""1"" width=""100%"" cellpadding=""5"" cellspacing=""0""><tr><td width=""150"" bgcolor=""#cccccc"">車種名</td><td>キャスト</td></tr><tr><td bgcolor=""#cccccc"">品名</td><td>メッキ フードガーニッシュ</td></tr><tr><td bgcolor=""#cccccc"">取り付けできる年式</td><td><b><font color=#0033ff><font color=""#ff0000"">(重要) </font></font></b>平成27年9月～next</td></tr><tr><td bgcolor=""#cccccc"">型式</td><td>LA250S LA260S</td></tr><tr><td bgcolor=""#cccccc"">品番</td><td>08400K2175</td></tr><tr><td bgcolor=""#cccccc"">詳細</td><td>特徴的なフロントフェイスを引き締めるメッキのアクセント。<br>※標準装備のフードガーニッシュと交換になります。<br>フードストライプ（ライン）、フードストライプ（チェッカー）との同時装着の場合は、フードストライプを先に装着ください。<br></td></tr></table><!--詳細END--><!--タイプ--><br><br><table border=""1"" width=""100%"" cellpadding=""5"" cellspacing=""0""><tr><td colspan=""2"" align=""center"" bgcolor=""#cccccc""><b>取り付けに関して</b></td></tr><tr><td colspan=""2"" bgcolor=""#cccccc"">取り付けできるグレード</td></tr><tr><td>2WDアクティバ GターボSA</td><td width=""30"">○</td></tr><tr><td>2WDアクティバ G SA</td><td>○</td></tr><tr><td>2WDアクティバ G X</td><td>○</td></tr><tr><td>2WDアクティバ X</td><td>○</td></tr><tr><td>2WDスタイル GターボSA</td><td>○</td></tr><tr><td>2WDスタイル G SA</td><td>○</td></tr><tr><td>2WDスタイル G X</td><td>○</td></tr><tr><td>2WDスタイル X</td><td>○</td></tr><tr><td>2WD スポーツ</td><td>○</td></tr><tr><td>4WDアクティバ GターボSA</td><td>○</td></tr><tr><td>4WDアクティバ G SA</td><td>○</td></tr><tr><td>4WDアクティバ G X</td><td>○</td></tr><tr><td>4WDアクティバ X</td><td>○</td></tr><tr><td>4WDスタイル GターボSA</td><td>○</td></tr><tr><td>4WDスタイル G SA</td><td>○</td></tr><tr><td>4WDスタイル G X</td><td>○</td></tr><tr><td>4WDスタイル X</td><td>○</td></tr><tr><td>4WD スポーツ</td><td>○</td></tr></table><!--タイプend--><br><!--取付--><br><table border=""1"" cellspacing=""0"" cellpadding=""5"" width=100%><TR><td>取り付け難易度は 「やさしい」※参考程度にお考えください</TD></TR><TR><td>【設定されている取り付け時間】 0.3時間</TD></TR><TR><td>※取付説明書が付属していない場合、ご連絡頂ければ対応致します。</TD></TR><TR><td>※上記の表示はあくまで参考程度としてお考え下さい。<br>技術の個人差や表示通りでは無い場合があります</TD></TR></TABLE><br><!--取付end--><br><table border=""1"" cellpadding=""5"" cellspacing=""0"" width=""100%""><tr><td>取り付け出来るか確認依頼する</td></tr><tr><td>同じ車種・年式で「別の部品」を確認する</td></tr><tr><td>同じ車種で「別の年式」を確認する</td></tr><tr><td>同じメーカーで「別の車種」を確認する</td></tr></table><br>",【キャスト】純正 LA250S LA260S メッキ フードガーニッシュ パーツ ダイハツ純正部品 メッキ エアロパーツ パネル カスタム cast オプション アクセサリー 用品：株式会社　スズキモータース,通信販売通販ショッピングオンラインショッピング買い物プレゼントギフト贈り物贈答品お中元お歳暮お買い得スズキモ【キャスト】純正 LA250S LA260S メッキ フードガーニッシュ パーツ ダイハツ純正部品 メッキ エアロパーツ パネル カスタム cast オプション アクセサリー 用品,【キャスト】純正 LA250S LA260S メッキ フードガーニッシュ パーツ ダイハツ純正部品 メッキ エアロパーツ パネル カスタム cast オプション アクセサリー 用品[rn]
11-164196,http://tshop.r10s.jp/suzukimotors/cabinet/img59449/tan002.jpg?fitin=700:700,36472.0000,,車用品・バイク用品 > カー用品 > 内装パーツ > インテリアパネル > トヨタ用,【タント】純正 L375S L385S エアロリヤロアスカート（SPORZA）下部中央部シルバー パーツ ダイハツ純正部品 リヤスポイラー エアロパーツ リアスポイラー tanto オプション アクセサリー 用品,,"<br><table border=""1"" width=100% cellpadding=""5"" cellspacing=""0""><tr><td width=""100"" bgcolor=""#cccccc"">車種名</td><td>タント</td></tr><tr><td bgcolor=""#cccccc"">適合年式</td><td>平成19年12月～21年12月</td></tr></table><br><br>タントカスタム全てのグレードに適合しております<br><br>[備考]<br>63大型エアロマッドガード（カスタム用・リヤ）との同時装着不可。<br>※下部中央部色は<br>車体色W24<br>S28<br>R55<br>T17の際はブラックです。<br>※下部中央部色は<br>車体色S35<br>X06<br>X10<br>R49<br>B68の際はシルバーです。<br>[カラー]<br>プラチナグレーメタリック[S35]<br>ブラックマイカ[X06]<br>アストラルブラッククリスタルマイカ[X10]<br>ミスティックレッドクリスタルメタリック[R49]<br>ミスティックブルーマイカアロワナ[B68]<br><br><table border=""0"" cellpadding=""5"" cellspacing=""0"" width=100%><tr><td>取り付け出来るか確認依頼する</td></tr><tr><td>同じ車種・年式で「別の部品」を確認する</td></tr><tr><td>同じ車種で「別の年式」を確認する</td></tr><tr><td>同じメーカーで「別の車種」を確認する</td></tr></table><br><br>",【タント】純正 L375S L385S エアロリヤロアスカート（SPORZA）下部中央部シルバー パーツ ダイハツ純正部品 リヤスポイラー エアロパーツ リアスポイラー tanto オプション アクセサリー 用品：株式会社　スズキモータース,通信販売通販ショッピングオンラインショッピング買い物プレゼントギフト贈り物贈答品お中元お歳暮お買い得スズキモ【タント】純正 L375S L385S エアロリヤロアスカート（SPORZA）下部中央部シルバー パーツ ダイハツ純正部品 リヤスポイラー エアロパーツ リアスポイラー tanto オプション アクセサリー 用品,【タント】純正 L375S L385S エアロリヤロアスカート（SPORZA）下部中央部シルバー パーツ ダイハツ純正部品 リヤスポイラー エアロパーツ リアスポイラー tanto オプション アクセサリー 用品[rn]
11-164197,http://tshop.r10s.jp/suzukimotors/cabinet/img822430/caih008.jpg?fitin=700:700,15943.2000,,車用品・バイク用品 > カー用品 > 内装パーツ > インテリアパネル > トヨタ用,【キャスト】純正 LA250S LA260S メッキ リヤライセンスガーニッシュ パーツ ダイハツ純正部品 カスタム エアロパーツ cast オプション アクセサリー 用品,,"<!--詳細--><table border=""1"" width=""100%"" cellpadding=""5"" cellspacing=""0""><tr><td width=""150"" bgcolor=""#cccccc"">車種名</td><td>キャスト</td></tr><tr><td bgcolor=""#cccccc"">品名</td><td>メッキ リヤライセンスガーニッシュ</td></tr><tr><td bgcolor=""#cccccc"">取り付けできる年式</td><td><b><font color=#0033ff><font color=""#ff0000"">(重要) </font></font></b>平成27年9月～next</td></tr><tr><td bgcolor=""#cccccc"">型式</td><td>LA250S LA260S</td></tr><tr><td bgcolor=""#cccccc"">品番</td><td>08400K2180</td></tr><tr><td bgcolor=""#cccccc"">詳細</td><td>クールスポーツ装着用品。<br>車の印象を高めてくれる、後姿のオシャレにこだわり。<br></td></tr></table><!--詳細END--><!--タイプ--><br><br><table border=""1"" width=""100%"" cellpadding=""5"" cellspacing=""0""><tr><td colspan=""2"" align=""center"" bgcolor=""#cccccc""><b>取り付けに関して</b></td></tr><tr><td colspan=""2"" bgcolor=""#cccccc"">取り付けできるグレード</td></tr><tr><td>2WDアクティバ GターボSA</td><td width=""30"">×</td></tr><tr><td>2WDアクティバ G SA</td><td>×</td></tr><tr><td>2WDアクティバ G X</td><td>×</td></tr><tr><td>2WDアクティバ X</td><td>×</td></tr><tr><td>2WDスタイル GターボSA</td><td>○</td></tr><tr><td>2WDスタイル G SA</td><td>○</td></tr><tr><td>2WDスタイル G X</td><td>○</td></tr><tr><td>2WDスタイル X</td><td>○</td></tr><tr><td>2WD スポーツ</td><td>○</td></tr><tr><td>4WDアクティバ GターボSA</td><td>×</td></tr><tr><td>4WDアクティバ G SA</td><td>×</td></tr><tr><td>4WDアクティバ G X</td><td>×</td></tr><tr><td>4WDアクティバ X</td><td>×</td></tr><tr><td>4WDスタイル GターボSA</td><td>○</td></tr><tr><td>4WDスタイル G SA</td><td>○</td></tr><tr><td>4WDスタイル G X</td><td>○</td></tr><tr><td>4WDスタイル X</td><td>○</td></tr><tr><td>4WD スポーツ</td><td>○</td></tr></table><!--タイプend--><br><!--取付--><br><table border=""1"" cellspacing=""0"" cellpadding=""5"" width=100%><TR><td>取り付け難易度は 「やさしい」※参考程度にお考えください</TD></TR><TR><td>【設定されている取り付け時間】 0.3時間</TD></TR><TR><td>※取付説明書が付属していない場合、ご連絡頂ければ対応致します。</TD></TR><TR><td>※上記の表示はあくまで参考程度としてお考え下さい。<br>技術の個人差や表示通りでは無い場合があります</TD></TR></TABLE><br><!--取付end--><br><table border=""1"" cellpadding=""5"" cellspacing=""0"" width=""100%""><tr><td>取り付け出来るか確認依頼する</td></tr><tr><td>同じ車種・年式で「別の部品」を確認する</td></tr><tr><td>同じ車種で「別の年式」を確認する</td></tr><tr><td>同じメーカーで「別の車種」を確認する</td></tr></table><br>",【キャスト】純正 LA250S LA260S メッキ リヤライセンスガーニッシュ パーツ ダイハツ純正部品 カスタム エアロパーツ cast オプション アクセサリー 用品：株式会社　スズキモータース,通信販売通販ショッピングオンラインショッピング買い物プレゼントギフト贈り物贈答品お中元お歳暮お買い得スズキモ【キャスト】純正 LA250S LA260S メッキ リヤライセンスガーニッシュ パーツ ダイハツ純正部品 カスタム エアロパーツ cast オプション アクセサリー 用品,【キャスト】純正 LA250S LA260S メッキ リヤライセンスガーニッシュ パーツ ダイハツ純正部品 カスタム エアロパーツ cast オプション アクセサリー 用品[rn]
11-164198,http://tshop.r10s.jp/suzukimotors/cabinet/img822430/caih010.jpg?fitin=700:700,15563.2000,,車用品・バイク用品 > カー用品 > 内装パーツ > インテリアパネル > トヨタ用,【キャスト】純正 LA250S LA260S システムベース（INNO) パーツ ダイハツ純正部品 ベースキャリア キャリアベース ルーフキャリア cast オプション アクセサリー 用品,,"<!--詳細--><table border=""1"" width=""100%"" cellpadding=""5"" cellspacing=""0""><tr><td width=""150"" bgcolor=""#cccccc"">車種名</td><td>キャスト</td></tr><tr><td bgcolor=""#cccccc"">品名</td><td>システムベース（INNO) ルーフレール付車用</td></tr><tr><td bgcolor=""#cccccc"">取り付けできる年式</td><td><b><font color=#0033ff><font color=""#ff0000"">(重要) </font></font></b>平成27年9月～next</td></tr><tr><td bgcolor=""#cccccc"">型式</td><td>LA250S LA260S</td></tr><tr><td bgcolor=""#cccccc"">品番</td><td>08370K2011[タイプ1]<br>08370K2010[タイプ2]</td></tr><tr><td bgcolor=""#cccccc"">詳細</td><td>アウトドアもウインタースポーツも、キャストと一緒に。<br>耐荷重：30kg。<br>フールからシステムベース上面までの距離：約70mm。<br>本体バーサイズ：長さ1270×幅32×高さ23mm。<br>ボディカバー（防炎タイプ）との同時装着不可。<br>※メーカーオプションのシルバールーフレール付車用。<br>※各種アタッチメントとセットでご使用ください。<br></td></tr></table><!--詳細END--><br><br>選択項目をご確認ください <!--タイプ1--><br><br><table border=""1"" width=""100%"" cellpadding=""5"" cellspacing=""0""><tr><td colspan=""2"" align=""center"" bgcolor=""#cccccc""><b>[タイプ1]</b></td></tr><tr><td colspan=""2"" bgcolor=""#cccccc"">取り付けできるグレード</td></tr><tr><td>2WDアクティバ GターボSA</td><td width=""30"">〇</td></tr><tr><td>2WDアクティバ G SA</td><td>〇</td></tr><tr><td>2WDアクティバ G X</td><td>〇</td></tr><tr><td>2WDアクティバ X</td><td>〇</td></tr><tr><td>2WDスタイル GターボSA</td><td>〇</td></tr><tr><td>2WDスタイル G SA</td><td>〇</td></tr><tr><td>2WDスタイル G X</td><td>〇</td></tr><tr><td>2WDスタイル X</td><td>〇</td></tr><tr><td>2WD スポーツ</td><td>〇</td></tr><tr><td>4WDアクティバ GターボSA</td><td>〇</td></tr><tr><td>4WDアクティバ G SA</td><td>〇</td></tr><tr><td>4WDアクティバ G X</td><td>〇</td></tr><tr><td>4WDアクティバ X</td><td>〇</td></tr><tr><td>4WDスタイル GターボSA</td><td>〇</td></tr><tr><td>4WDスタイル G SA</td><td>〇</td></tr><tr><td>4WDスタイル G X</td><td>〇</td></tr><tr><td>4WDスタイル X</td><td>〇</td></tr><tr><td>4WD スポーツ</td><td>〇</td></tr></table><!--タイプ1end--><!--タイプ2--><br><br><table border=""1"" width=""100%"" cellpadding=""5"" cellspacing=""0""><tr><td colspan=""2"" align=""center"" bgcolor=""#cccccc""><b>[タイプ2]</b></td></tr><tr><td colspan=""2"" bgcolor=""#cccccc"">取り付けできるグレード</td></tr><tr><td>2WDアクティバ GターボSA</td><td width=""30"">〇</td></tr><tr><td>2WDアクティバ G SA</td><td>〇</td></tr><tr><td>2WDアクティバ G X</td><td>〇</td></tr><tr><td>2WDアクティバ X</td><td>〇</td></tr><tr><td>2WDスタイル GターボSA</td><td>〇</td></tr><tr><td>2WDスタイル G SA</td><td>〇</td></tr><tr><td>2WDスタイル G X</td><td>〇</td></tr><tr><td>2WDスタイル X</td><td>〇</td></tr><tr><td>2WD スポーツ</td><td>〇</td></tr><tr><td>4WDアクティバ GターボSA</td><td>〇</td></tr><tr><td>4WDアクティバ G SA</td><td>〇</td></tr><tr><td>4WDアクティバ G X</td><td>〇</td></tr><tr><td>4WDアクティバ X</td><td>〇</td></tr><tr><td>4WDスタイル GターボSA</td><td>〇</td></tr><tr><td>4WDスタイル G SA</td><td>〇</td></tr><tr><td>4WDスタイル G X</td><td>〇</td></tr><tr><td>4WDスタイル X</td><td>〇</td></tr><tr><td>4WD スポーツ</td><td>〇</td></tr></table><!--タイプ2end--><br><!--取付--><br><table border=""1"" cellspacing=""0"" cellpadding=""5"" width=100%><TR><td>取り付け難易度は 「ふつう」※参考程度にお考えください</TD></TR><TR><td>【設定されている取り付け時間】 0.4時間</TD></TR><TR><td>※取付説明書が付属していない場合、ご連絡頂ければ対応致します。</TD></TR><TR><td>※上記の表示はあくまで参考程度としてお考え下さい。<br>技術の個人差や表示通りでは無い場合があります</TD></TR></TABLE><br><!--取付end--><br><table border=""1"" cellpadding=""5"" cellspacing=""0"" width=""100%""><tr><td>取り付け出来るか確認依頼する</td></tr><tr><td>同じ車種・年式で「別の部品」を確認する</td></tr><tr><td>同じ車種で「別の年式」を確認する</td></tr><tr><td>同じメーカーで「別の車種」を確認する</td></tr></table><br>",【キャスト】純正 LA250S LA260S システムベース（INNO) パーツ ダイハツ純正部品 ベースキャリア キャリアベース ルーフキャリア cast オプション アクセサリー 用品：株式会社　スズキモータース,通信販売通販ショッピングオンラインショッピング買い物プレゼントギフト贈り物贈答品お中元お歳暮お買い得スズキモ【キャスト】純正 LA250S LA260S システムベース（INNO) パーツ ダイハツ純正部品 ベースキャリア キャリアベース ルーフキャリア cast オプション アクセサリー 用品,【キャスト】純正 LA250S LA260S システムベース（INNO) パーツ ダイハツ純正部品 ベースキャリア キャリアベース ルーフキャリア cast オプション アクセサリー 用品[rn]
11-164199,http://tshop.r10s.jp/suzukimotors/cabinet/img655200/ista004.jpg?fitin=700:700,6208.0000,,車用品・バイク用品 > カー用品 > 内装パーツ > インテリアパネル > トヨタ用,【タント】純正 LA600S フード＆バックドアストライプ パーツ ダイハツ純正部品 tanto オプション アクセサリー 用品,,"<!--詳細--><table border=""1"" width=""100%"" cellpadding=""5"" cellspacing=""0""><tr><td width=""150"" bgcolor=""#cccccc"">車種名</td><td>タント</td></tr><tr><td bgcolor=""#cccccc"">品名</td><td>フード＆バックドアストライプ</td></tr><tr><td bgcolor=""#cccccc"">取り付けできる年式</td><td><b><font color=#0033ff><font color=""#ff0000"">(重要) </font></font></b>平成25年10月～27年12月</td></tr><tr><td bgcolor=""#cccccc"">型式</td><td>LA600S</td></tr><tr><td bgcolor=""#cccccc"">品番</td><td>08230K2044</td></tr><tr><td bgcolor=""#cccccc"">詳細</td><td>2本のストライプで、フロントフェイスとリヤビューにスポーティなアクセントを。<br></td></tr></table><!--詳細END--><!--タイプ--><br><br><table border=""1"" width=""100%"" cellpadding=""5"" cellspacing=""0""><tr><td colspan=""2"" align=""center"" bgcolor=""#cccccc""><b>取り付けに関して</b></td></tr><tr><td colspan=""2"" bgcolor=""#cccccc"">取り付けできるグレード</td></tr><tr><td>カスタム RS（SA）</td><td width=""30"">○</td></tr><tr><td>カスタム RS</td><td>○</td></tr><tr><td>カスタム X(SA)</td><td>○</td></tr><tr><td>カスタム X</td><td>○</td></tr><tr><td>タント G（SA)</td><td>×</td></tr><tr><td>タント G</td><td>×</td></tr><tr><td>タント X（SA)</td><td>×</td></tr><tr><td>タント X</td><td>×</td></tr><tr><td>タント L（SA)</td><td>×</td></tr><tr><td>タント L</td><td>×</td></tr><tr><td>4WD タント G</td><td>×</td></tr><tr><td>4WD タント X</td><td>×</td></tr><tr><td>4WD タント X Special</td><td>×</td></tr><tr><td>4WD タント L</td><td>×</td></tr></table><!--タイプend--><br><!--取付--><br><table border=""1"" cellspacing=""0"" cellpadding=""5"" width=100%><TR><td>取り付け難易度は 「やや難しい」※参考程度にお考えください</TD></TR><TR><td>【設定されている取り付け時間】 1時間</TD></TR><TR><td>※取付説明書が付属していない場合、ご連絡頂ければ対応致します。</TD></TR><TR><td>※上記の表示はあくまで参考程度としてお考え下さい。<br>技術の個人差や表示通りでは無い場合があります</TD></TR></TABLE><br><!--取付end--><br><table border=""1"" cellpadding=""5"" cellspacing=""0"" width=""100%""><tr><td>取り付け出来るか確認依頼する</td></tr><tr><td>同じ車種・年式で「別の部品」を確認する</td></tr><tr><td>同じ車種で「別の年式」を確認する</td></tr><tr><td>同じメーカーで「別の車種」を確認する</td></tr></table><br>",【タント】純正 LA600S フード＆バックドアストライプ パーツ ダイハツ純正部品 tanto オプション アクセサリー 用品：株式会社　スズキモータース,通信販売通販ショッピングオンラインショッピング買い物プレゼントギフト贈り物贈答品お中元お歳暮お買い得スズキモ【タント】純正 LA600S フード＆バックドアストライプ パーツ ダイハツ純正部品 tanto オプション アクセサリー 用品,【タント】純正 LA600S フード＆バックドアストライプ パーツ ダイハツ純正部品 tanto オプション アクセサリー 用品[rn]
11-164200,http://tshop.r10s.jp/suzukimotors/cabinet/img822430/caih016.jpg?fitin=700:700,3036.8000,,車用品・バイク用品 > カー用品 > 内装パーツ > インテリアパネル > トヨタ用,【キャスト】純正 LA250S LA260S アルミホイール用のナット パーツ ダイハツ純正部品 cast オプション アクセサリー 用品,,"<!--詳細--><table border=""1"" width=""100%"" cellpadding=""5"" cellspacing=""0""><tr><td width=""150"" bgcolor=""#cccccc"">車種名</td><td>キャスト</td></tr><tr><td bgcolor=""#cccccc"">品名</td><td>アルミホイール用のナット</td></tr><tr><td bgcolor=""#cccccc"">取り付けできる年式</td><td><b><font color=#0033ff><font color=""#ff0000"">(重要) </font></font></b>平成27年9月～next</td></tr><tr><td bgcolor=""#cccccc"">型式</td><td>LA250S LA260S</td></tr><tr><td bgcolor=""#cccccc"">品番</td><td>99901170W9001</td></tr><tr><td bgcolor=""#cccccc"">詳細</td><td>1台分16個</td></tr></table><!--詳細END--><!--タイプ--><br><br><table border=""1"" width=""100%"" cellpadding=""5"" cellspacing=""0""><tr><td colspan=""2"" align=""center"" bgcolor=""#cccccc""><b>取り付けに関して</b></td></tr><tr><td colspan=""2"" bgcolor=""#cccccc"">取り付けできるグレード</td></tr><tr><td>2WDアクティバ GターボSA</td><td width=""30"">○</td></tr><tr><td>2WDアクティバ G SA</td><td>○</td></tr><tr><td>2WDアクティバ G X</td><td>○</td></tr><tr><td>2WDアクティバ X</td><td>○</td></tr><tr><td>2WDスタイル GターボSA</td><td>○</td></tr><tr><td>2WDスタイル G SA</td><td>○</td></tr><tr><td>2WDスタイル G X</td><td>○</td></tr><tr><td>2WDスタイル X</td><td>○</td></tr><tr><td>2WD スポーツ</td><td>×</td></tr><tr><td>4WDアクティバ GターボSA</td><td>○</td></tr><tr><td>4WDアクティバ G SA</td><td>○</td></tr><tr><td>4WDアクティバ G X</td><td>○</td></tr><tr><td>4WDアクティバ X</td><td>○</td></tr><tr><td>4WDスタイル GターボSA</td><td>○</td></tr><tr><td>4WDスタイル G SA</td><td>○</td></tr><tr><td>4WDスタイル G X</td><td>○</td></tr><tr><td>4WDスタイル X</td><td>○</td></tr><tr><td>4WD スポーツ</td><td>×</td></tr></table><!--タイプend--><br><!--取付--><br><table border=""1"" cellspacing=""0"" cellpadding=""5"" width=100%><TR><td>取り付け難易度は 「ふつう」※参考程度にお考えください</TD></TR><TR><td>【設定されている取り付け時間】 0.6時間</TD></TR><TR><td>※取付説明書が付属していない場合、ご連絡頂ければ対応致します。</TD></TR><TR><td>※上記の表示はあくまで参考程度としてお考え下さい。<br>技術の個人差や表示通りでは無い場合があります</TD></TR></TABLE><br><!--取付end--><br><table border=""1"" cellpadding=""5"" cellspacing=""0"" width=""100%""><tr><td>取り付け出来るか確認依頼する</td></tr><tr><td>同じ車種・年式で「別の部品」を確認する</td></tr><tr><td>同じ車種で「別の年式」を確認する</td></tr><tr><td>同じメーカーで「別の車種」を確認する</td></tr></table><br>",【キャスト】純正 LA250S LA260S アルミホイール用のナット パーツ ダイハツ純正部品 cast オプション アクセサリー 用品：株式会社　スズキモータース,通信販売通販ショッピングオンラインショッピング買い物プレゼントギフト贈り物贈答品お中元お歳暮お買い得スズキモ【キャスト】純正 LA250S LA260S アルミホイール用のナット パーツ ダイハツ純正部品 cast オプション アクセサリー 用品,【キャスト】純正 LA250S LA260S アルミホイール用のナット パーツ ダイハツ純正部品 cast オプション アクセサリー 用品[rn]
