11-21101,http://tshop.r10s.jp/dtc/cabinet/20160311a/4549077692054.jpg?fitin=700:700,3585.6000,,インテリア・寝具・収納 > ライト・照明 > その他,パナソニック デコルミナＬＥＤ電球用装飾パネルダウンライト用 間接光 LCX009W,　,※こちらの商品はデコルミナ用装飾パネルのみの販売になります。LED電球は付属しておりません。,パナソニック デコルミナＬＥＤ電球用装飾パネルダウンライト用 間接光 LCX009W：ソフマップ楽天市場店,ソフマップSofmapパソコンタブレットPCHDDアセンブリパーツパソコンパーツテレビゲームブルーレイソフトDVDソフト液晶テレビブルーレイディスクレコーダーデジタル一眼レフカメラデジタルカメラ家電時計中古アウトレットiPadiPhoneパナソニック デコルミナＬＥＤ電球用装飾パネルダウンライト用 間接光 LCX009W,　。パナソニック デコルミナＬＥＤ電球用装飾パネルダウンライト用 間接光 LCX009W[rn]
11-21102,http://tshop.r10s.jp/dtc/cabinet/20170414n3/4901087004942.jpg?fitin=700:700,111.2000,,インテリア・寝具・収納 > ライト・照明 > その他,ELPA(エルパ)にぎり押ボタンSWA-72H (A72H),,にぎり押ボタンSWA-72H,ELPA(エルパ)にぎり押ボタンSWA-72H (A72H)：ソフマップ楽天市場店,ソフマップSofmapパソコンタブレットPCHDDアセンブリパーツパソコンパーツテレビゲームブルーレイソフトDVDソフト液晶テレビブルーレイディスクレコーダーデジタル一眼レフカメラデジタルカメラ家電時計中古アウトレットiPadiPhoneELPA(エルパ)にぎり押ボタンSWA-72H (A72H),ELPA(エルパ)にぎり押ボタンSWA-72H (A72H)[rn]
11-21103,http://tshop.r10s.jp/dtc/cabinet/20170414n3/4901087101153.jpg?fitin=700:700,191.2000,,インテリア・寝具・収納 > ライト・照明 > その他,ELPA(エルパ)磁器レセップSB-2618H (SB2618H),,磁器レセップSB-2618H,ELPA(エルパ)磁器レセップSB-2618H (SB2618H)：ソフマップ楽天市場店,ソフマップSofmapパソコンタブレットPCHDDアセンブリパーツパソコンパーツテレビゲームブルーレイソフトDVDソフト液晶テレビブルーレイディスクレコーダーデジタル一眼レフカメラデジタルカメラ家電時計中古アウトレットiPadiPhoneELPA(エルパ)磁器レセップSB-2618H (SB2618H),ELPA(エルパ)磁器レセップSB-2618H (SB2618H)[rn]
11-21104,http://tshop.r10s.jp/dtc/cabinet/20170414n6/4966307216659.jpg?fitin=700:700,267.2000,,インテリア・寝具・収納 > ライト・照明 > その他,ヤザワ耳付レセップ（E17） SF1701 ホワイト,,磁器製,ヤザワ耳付レセップ（E17） SF1701 ホワイト：ソフマップ楽天市場店,ソフマップSofmapパソコンタブレットPCHDDアセンブリパーツパソコンパーツテレビゲームブルーレイソフトDVDソフト液晶テレビブルーレイディスクレコーダーデジタル一眼レフカメラデジタルカメラ家電時計中古アウトレットiPadiPhoneヤザワ耳付レセップ（E17） SF1701 ホワイト,ヤザワ耳付レセップ（E17） SF1701 ホワイト[rn]
11-21105,http://tshop.r10s.jp/dtc/cabinet/20170414n5/4955620501412.jpg?fitin=700:700,2948.8000,,インテリア・寝具・収納 > ライト・照明 > その他,大光電機ファン延長パイプ JP-400SV (JP400SV),,傾斜天井にも使用可能なファン延長パイプ。,大光電機ファン延長パイプ JP-400SV (JP400SV)：ソフマップ楽天市場店,ソフマップSofmapパソコンタブレットPCHDDアセンブリパーツパソコンパーツテレビゲームブルーレイソフトDVDソフト液晶テレビブルーレイディスクレコーダーデジタル一眼レフカメラデジタルカメラ家電時計中古アウトレットiPadiPhone大光電機ファン延長パイプ JP-400SV (JP400SV),大光電機ファン延長パイプ JP-400SV (JP400SV)[rn]
11-21106,http://tshop.r10s.jp/dtc/cabinet/20170414n3/4901087128921.jpg?fitin=700:700,129.6000,,インテリア・寝具・収納 > ライト・照明 > その他,ELPA(エルパ)エンドキャップ EW-LR05NH (EWLR05NH),,ライティングバー端部の充電部保護用。,ELPA(エルパ)エンドキャップ EW-LR05NH (EWLR05NH)：ソフマップ楽天市場店,ソフマップSofmapパソコンタブレットPCHDDアセンブリパーツパソコンパーツテレビゲームブルーレイソフトDVDソフト液晶テレビブルーレイディスクレコーダーデジタル一眼レフカメラデジタルカメラ家電時計中古アウトレットiPadiPhoneELPA(エルパ)エンドキャップ EW-LR05NH (EWLR05NH),ELPA(エルパ)エンドキャップ EW-LR05NH (EWLR05NH)[rn]
11-21107,http://tshop.r10s.jp/dtc/cabinet/20170414n3/4901087126682.jpg?fitin=700:700,617.6000,,インテリア・寝具・収納 > ライト・照明 > その他,ELPA(エルパ)ライティング 05MLR-050H(IV) (LR050HIV),,ライティング 05MLR-050H(IV),ELPA(エルパ)ライティング 05MLR-050H(IV) (LR050HIV)：ソフマップ楽天市場店,ソフマップSofmapパソコンタブレットPCHDDアセンブリパーツパソコンパーツテレビゲームブルーレイソフトDVDソフト液晶テレビブルーレイディスクレコーダーデジタル一眼レフカメラデジタルカメラ家電時計中古アウトレットiPadiPhoneELPA(エルパ)ライティング 05MLR-050H(IV) (LR050HIV),ELPA(エルパ)ライティング 05MLR-050H(IV) (LR050HIV)[rn]
11-21108,http://tshop.r10s.jp/dtc/cabinet/20170414n6/4966307200153.jpg?fitin=700:700,99.2000,,インテリア・寝具・収納 > ライト・照明 > その他,ヤザワサークラインクサリセット K1,,サークライン照明の固定に最適です。,ヤザワサークラインクサリセット K1：ソフマップ楽天市場店,ソフマップSofmapパソコンタブレットPCHDDアセンブリパーツパソコンパーツテレビゲームブルーレイソフトDVDソフト液晶テレビブルーレイディスクレコーダーデジタル一眼レフカメラデジタルカメラ家電時計中古アウトレットiPadiPhoneヤザワサークラインクサリセット K1,ヤザワサークラインクサリセット K1[rn]
11-21109,http://tshop.r10s.jp/dtc/cabinet/20170414n3/4901087021963.jpg?fitin=700:700,92.0000,,インテリア・寝具・収納 > ライト・照明 > その他,ELPA(エルパ)シーリングキャップB-27H (B27H),,シーリングキャップB-27H,ELPA(エルパ)シーリングキャップB-27H (B27H)：ソフマップ楽天市場店,ソフマップSofmapパソコンタブレットPCHDDアセンブリパーツパソコンパーツテレビゲームブルーレイソフトDVDソフト液晶テレビブルーレイディスクレコーダーデジタル一眼レフカメラデジタルカメラ家電時計中古アウトレットiPadiPhoneELPA(エルパ)シーリングキャップB-27H (B27H),ELPA(エルパ)シーリングキャップB-27H (B27H)[rn]
11-21110,http://tshop.r10s.jp/dtc/cabinet/20170414n3/4901087018987.jpg?fitin=700:700,419.2000,,インテリア・寝具・収納 > ライト・照明 > その他,ELPA(エルパ)プルレセプタクルB-1662H (B1662H),,プルレセプタクルB-1662H,ELPA(エルパ)プルレセプタクルB-1662H (B1662H)：ソフマップ楽天市場店,ソフマップSofmapパソコンタブレットPCHDDアセンブリパーツパソコンパーツテレビゲームブルーレイソフトDVDソフト液晶テレビブルーレイディスクレコーダーデジタル一眼レフカメラデジタルカメラ家電時計中古アウトレットiPadiPhoneELPA(エルパ)プルレセプタクルB-1662H (B1662H),ELPA(エルパ)プルレセプタクルB-1662H (B1662H)[rn]
11-21111,http://tshop.r10s.jp/dtc/cabinet/20170414n6/4966307216666.jpg?fitin=700:700,267.2000,,インテリア・寝具・収納 > ライト・照明 > その他,ヤザワ台付レセップ（E17） SF1702,,磁器製,ヤザワ台付レセップ（E17） SF1702：ソフマップ楽天市場店,ソフマップSofmapパソコンタブレットPCHDDアセンブリパーツパソコンパーツテレビゲームブルーレイソフトDVDソフト液晶テレビブルーレイディスクレコーダーデジタル一眼レフカメラデジタルカメラ家電時計中古アウトレットiPadiPhoneヤザワ台付レセップ（E17） SF1702,ヤザワ台付レセップ（E17） SF1702[rn]
11-21112,http://tshop.r10s.jp/dtc/cabinet/20170414n1/4029113778855.jpg?fitin=700:700,14144.0000,,インテリア・寝具・収納 > ライト・照明 > その他,レッドレンザーM17R/P17R用充電池 7788,,M17対応のパワーモジュール。,レッドレンザーM17R/P17R用充電池 7788：ソフマップ楽天市場店,ソフマップSofmapパソコンタブレットPCHDDアセンブリパーツパソコンパーツテレビゲームブルーレイソフトDVDソフト液晶テレビブルーレイディスクレコーダーデジタル一眼レフカメラデジタルカメラ家電時計中古アウトレットiPadiPhoneレッドレンザーM17R/P17R用充電池 7788,レッドレンザーM17R/P17R用充電池 7788[rn]
11-21113,http://tshop.r10s.jp/dtc/cabinet/20160311a/4549077692030.jpg?fitin=700:700,3067.2000,,インテリア・寝具・収納 > ライト・照明 > その他,パナソニック デコルミナＬＥＤ電球用装飾パネルダウンライト用 ミラー仕上げ LCX007S,　,※こちらの商品はデコルミナ用装飾パネルのみの販売になります。LED電球は付属しておりません。,パナソニック デコルミナＬＥＤ電球用装飾パネルダウンライト用 ミラー仕上げ LCX007S：ソフマップ楽天市場店,ソフマップSofmapパソコンタブレットPCHDDアセンブリパーツパソコンパーツテレビゲームブルーレイソフトDVDソフト液晶テレビブルーレイディスクレコーダーデジタル一眼レフカメラデジタルカメラ家電時計中古アウトレットiPadiPhoneパナソニック デコルミナＬＥＤ電球用装飾パネルダウンライト用 ミラー仕上げ LCX007S,　。パナソニック デコルミナＬＥＤ電球用装飾パネルダウンライト用 ミラー仕上げ LCX007S[rn]
11-21114,http://tshop.r10s.jp/dtc/cabinet/20170414n6/4966307216598.jpg?fitin=700:700,526.4000,,インテリア・寝具・収納 > ライト・照明 > その他,ヤザワ引掛ランプレセプタクル（E26） SF2600BK ブラック,,E26用,ヤザワ引掛ランプレセプタクル（E26） SF2600BK ブラック：ソフマップ楽天市場店,ソフマップSofmapパソコンタブレットPCHDDアセンブリパーツパソコンパーツテレビゲームブルーレイソフトDVDソフト液晶テレビブルーレイディスクレコーダーデジタル一眼レフカメラデジタルカメラ家電時計中古アウトレットiPadiPhoneヤザワ引掛ランプレセプタクル（E26） SF2600BK ブラック,ヤザワ引掛ランプレセプタクル（E26） SF2600BK ブラック[rn]
11-21115,http://tshop.r10s.jp/dtc/cabinet/20170414n3/4901087192151.jpg?fitin=700:700,1096.0000,,インテリア・寝具・収納 > ライト・照明 > その他,ELPA(エルパ)LED回転灯球 （110V用／イエロー・口金BA-15d） G-1007B（Y） (G1007BY),,口金： BA15d,ELPA(エルパ)LED回転灯球 （110V用／イエロー・口金BA-15d） G-1007B（Y） (G1007BY)：ソフマップ楽天市場店,ソフマップSofmapパソコンタブレットPCHDDアセンブリパーツパソコンパーツテレビゲームブルーレイソフトDVDソフト液晶テレビブルーレイディスクレコーダーデジタル一眼レフカメラデジタルカメラ家電時計中古アウトレットiPadiPhoneELPA(エルパ)LED回転灯球 （110V用／イエロー・口金BA-15d） G-1007B（Y） (G1007BY),ELPA(エルパ)LED回転灯球 （110V用／イエロー・口金BA-15d） G-1007B（Y） (G1007BY)[rn]
11-21116,http://tshop.r10s.jp/dtc/cabinet/20170414n6/4966307123742.jpg?fitin=700:700,68.8000,,インテリア・寝具・収納 > ライト・照明 > その他,ヤザワセパラプラグボディ SF4101 黒,,口金E26からコンセント用プラグに転換できます。,ヤザワセパラプラグボディ SF4101 黒：ソフマップ楽天市場店,ソフマップSofmapパソコンタブレットPCHDDアセンブリパーツパソコンパーツテレビゲームブルーレイソフトDVDソフト液晶テレビブルーレイディスクレコーダーデジタル一眼レフカメラデジタルカメラ家電時計中古アウトレットiPadiPhoneヤザワセパラプラグボディ SF4101 黒,ヤザワセパラプラグボディ SF4101 黒[rn]
11-21117,http://tshop.r10s.jp/dtc/cabinet/20170414n3/4901087205332.jpg?fitin=700:700,1792.8000,,インテリア・寝具・収納 > ライト・照明 > その他,ELPA(エルパ)照明リモコンRC-C009 (RCC009),,照明リモコンRC-C009,ELPA(エルパ)照明リモコンRC-C009 (RCC009)：ソフマップ楽天市場店,ソフマップSofmapパソコンタブレットPCHDDアセンブリパーツパソコンパーツテレビゲームブルーレイソフトDVDソフト液晶テレビブルーレイディスクレコーダーデジタル一眼レフカメラデジタルカメラ家電時計中古アウトレットiPadiPhoneELPA(エルパ)照明リモコンRC-C009 (RCC009),ELPA(エルパ)照明リモコンRC-C009 (RCC009)[rn]
11-21118,http://tshop.r10s.jp/dtc/cabinet/20170414n6/4966307216611.jpg?fitin=700:700,105.6000,,インテリア・寝具・収納 > ライト・照明 > その他,ヤザワ保安球ソケット（E12） SF1200BK ブラック,,E12用,ヤザワ保安球ソケット（E12） SF1200BK ブラック：ソフマップ楽天市場店,ソフマップSofmapパソコンタブレットPCHDDアセンブリパーツパソコンパーツテレビゲームブルーレイソフトDVDソフト液晶テレビブルーレイディスクレコーダーデジタル一眼レフカメラデジタルカメラ家電時計中古アウトレットiPadiPhoneヤザワ保安球ソケット（E12） SF1200BK ブラック,ヤザワ保安球ソケット（E12） SF1200BK ブラック[rn]
11-21119,http://tshop.r10s.jp/dtc/cabinet/20170414n3/4901087101160.jpg?fitin=700:700,126.4000,,インテリア・寝具・収納 > ライト・照明 > その他,ELPA(エルパ)丸型レセップSB-1713H(W) (SB1713HW),,丸型レセップSB-1713H(W),ELPA(エルパ)丸型レセップSB-1713H(W) (SB1713HW)：ソフマップ楽天市場店,ソフマップSofmapパソコンタブレットPCHDDアセンブリパーツパソコンパーツテレビゲームブルーレイソフトDVDソフト液晶テレビブルーレイディスクレコーダーデジタル一眼レフカメラデジタルカメラ家電時計中古アウトレットiPadiPhoneELPA(エルパ)丸型レセップSB-1713H(W) (SB1713HW),ELPA(エルパ)丸型レセップSB-1713H(W) (SB1713HW)[rn]
11-21120,http://tshop.r10s.jp/dtc/cabinet/20170414n3/4901087048854.jpg?fitin=700:700,221.6000,,インテリア・寝具・収納 > ライト・照明 > その他,ELPA(エルパ)コードクリップ （3C2V）PE-699H (PE699H),,コードクリップ （3C2V）PE-699H,ELPA(エルパ)コードクリップ （3C2V）PE-699H (PE699H)：ソフマップ楽天市場店,ソフマップSofmapパソコンタブレットPCHDDアセンブリパーツパソコンパーツテレビゲームブルーレイソフトDVDソフト液晶テレビブルーレイディスクレコーダーデジタル一眼レフカメラデジタルカメラ家電時計中古アウトレットiPadiPhoneELPA(エルパ)コードクリップ （3C2V）PE-699H (PE699H),ELPA(エルパ)コードクリップ （3C2V）PE-699H (PE699H)[rn]
11-21121,http://tshop.r10s.jp/dtc/cabinet/20170414n6/4966307216680.jpg?fitin=700:700,380.0000,,インテリア・寝具・収納 > ライト・照明 > その他,ヤザワオール陶器レセップ（E26） SF2602,,E26用,ヤザワオール陶器レセップ（E26） SF2602：ソフマップ楽天市場店,ソフマップSofmapパソコンタブレットPCHDDアセンブリパーツパソコンパーツテレビゲームブルーレイソフトDVDソフト液晶テレビブルーレイディスクレコーダーデジタル一眼レフカメラデジタルカメラ家電時計中古アウトレットiPadiPhoneヤザワオール陶器レセップ（E26） SF2602,ヤザワオール陶器レセップ（E26） SF2602[rn]
11-21122,http://tshop.r10s.jp/dtc/cabinet/20170414n6/4966307123773.jpg?fitin=700:700,130.4000,,インテリア・寝具・収納 > ライト・照明 > その他,ヤザワレセクタプル送りなし（口金：E26） SF3402 黒,,定格容量：600Wまで,ヤザワレセクタプル送りなし（口金：E26） SF3402 黒：ソフマップ楽天市場店,ソフマップSofmapパソコンタブレットPCHDDアセンブリパーツパソコンパーツテレビゲームブルーレイソフトDVDソフト液晶テレビブルーレイディスクレコーダーデジタル一眼レフカメラデジタルカメラ家電時計中古アウトレットiPadiPhoneヤザワレセクタプル送りなし（口金：E26） SF3402 黒,ヤザワレセクタプル送りなし（口金：E26） SF3402 黒[rn]
11-21123,http://tshop.r10s.jp/dtc/cabinet/20170414n3/4901087174911.jpg?fitin=700:700,156.0000,,インテリア・寝具・収納 > ライト・照明 > その他,ELPA(エルパ)棒端子 （TUB－2.0）PS-684H (PS684H),,棒端子 （TUB－2.0）PS-684H,ELPA(エルパ)棒端子 （TUB&minus;2.0）PS-684H (PS684H)：ソフマップ楽天市場店,ソフマップSofmapパソコンタブレットPCHDDアセンブリパーツパソコンパーツテレビゲームブルーレイソフトDVDソフト液晶テレビブルーレイディスクレコーダーデジタル一眼レフカメラデジタルカメラ家電時計中古アウトレットiPadiPhoneELPA(エルパ)棒端子 （TUB&minus;2.0）PS-684H (PS684H),ELPA(エルパ)棒端子 （TUB&minus;2.0）PS-684H (PS684H)[rn]
11-21124,http://tshop.r10s.jp/dtc/cabinet/20170414n6/4966307216604.jpg?fitin=700:700,105.6000,,インテリア・寝具・収納 > ライト・照明 > その他,ヤザワ保安球ソケット（E12） SF1200WH ホワイト,,E12用,ヤザワ保安球ソケット（E12） SF1200WH ホワイト：ソフマップ楽天市場店,ソフマップSofmapパソコンタブレットPCHDDアセンブリパーツパソコンパーツテレビゲームブルーレイソフトDVDソフト液晶テレビブルーレイディスクレコーダーデジタル一眼レフカメラデジタルカメラ家電時計中古アウトレットiPadiPhoneヤザワ保安球ソケット（E12） SF1200WH ホワイト,ヤザワ保安球ソケット（E12） SF1200WH ホワイト[rn]
11-21125,http://tshop.r10s.jp/dtc/cabinet/20170414n6/4968478110125.jpg?fitin=700:700,1184.0000,,インテリア・寝具・収納 > ライト・照明 > その他,山田照明Zライト専用クランプ 縦横取付兼用 Z-A10 (ZA10),,Zライト専用クランプ。半世紀以上の歴史を持つZ-LIGHT（ゼットライト）、高い実用性とデザインを兼ね備えたアームスタンドZライト。,山田照明Zライト専用クランプ 縦横取付兼用 Z-A10 (ZA10)：ソフマップ楽天市場店,ソフマップSofmapパソコンタブレットPCHDDアセンブリパーツパソコンパーツテレビゲームブルーレイソフトDVDソフト液晶テレビブルーレイディスクレコーダーデジタル一眼レフカメラデジタルカメラ家電時計中古アウトレットiPadiPhone山田照明Zライト専用クランプ 縦横取付兼用 Z-A10 (ZA10),山田照明Zライト専用クランプ 縦横取付兼用 Z-A10 (ZA10)[rn]
11-21126,http://tshop.r10s.jp/dtc/cabinet/20170414n1/4029113774901.jpg?fitin=700:700,1184.0000,,インテリア・寝具・収納 > ライト・照明 > その他,レッドレンザーH6R用充電池 7749,,i6R/i6ER/H6R/H7R対応の専用ニッケル充電池。,レッドレンザーH6R用充電池 7749：ソフマップ楽天市場店,ソフマップSofmapパソコンタブレットPCHDDアセンブリパーツパソコンパーツテレビゲームブルーレイソフトDVDソフト液晶テレビブルーレイディスクレコーダーデジタル一眼レフカメラデジタルカメラ家電時計中古アウトレットiPadiPhoneレッドレンザーH6R用充電池 7749,レッドレンザーH6R用充電池 7749[rn]
11-21127,http://tshop.r10s.jp/dtc/cabinet/20160311a/4549077691996.jpg?fitin=700:700,2481.6000,,インテリア・寝具・収納 > ライト・照明 > その他,パナソニック デコルミナＬＥＤ電球用装飾パネルダウンライト用 ボタニカルグリーン LCX003G,　,※こちらの商品はデコルミナ用装飾パネルのみの販売になります。LED電球は付属しておりません。,パナソニック デコルミナＬＥＤ電球用装飾パネルダウンライト用 ボタニカルグリーン LCX003G：ソフマップ楽天市場店,ソフマップSofmapパソコンタブレットPCHDDアセンブリパーツパソコンパーツテレビゲームブルーレイソフトDVDソフト液晶テレビブルーレイディスクレコーダーデジタル一眼レフカメラデジタルカメラ家電時計中古アウトレットiPadiPhoneパナソニック デコルミナＬＥＤ電球用装飾パネルダウンライト用 ボタニカルグリーン LCX003G,　。パナソニック デコルミナＬＥＤ電球用装飾パネルダウンライト用 ボタニカルグリーン LCX003G[rn]
11-21128,http://tshop.r10s.jp/dtc/cabinet/20160311a/4549077692047.jpg?fitin=700:700,3029.6000,,インテリア・寝具・収納 > ライト・照明 > その他,パナソニック デコルミナＬＥＤ電球用装飾パネルダウンライト用 マットゴールド仕上げ LCX008N,　,※こちらの商品はデコルミナ用装飾パネルのみの販売になります。LED電球は付属しておりません。,パナソニック デコルミナＬＥＤ電球用装飾パネルダウンライト用 マットゴールド仕上げ LCX008N：ソフマップ楽天市場店,ソフマップSofmapパソコンタブレットPCHDDアセンブリパーツパソコンパーツテレビゲームブルーレイソフトDVDソフト液晶テレビブルーレイディスクレコーダーデジタル一眼レフカメラデジタルカメラ家電時計中古アウトレットiPadiPhoneパナソニック デコルミナＬＥＤ電球用装飾パネルダウンライト用 マットゴールド仕上げ LCX008N,　。パナソニック デコルミナＬＥＤ電球用装飾パネルダウンライト用 マットゴールド仕上げ LCX008N[rn]
11-21129,http://tshop.r10s.jp/dtc/cabinet/20170414n1/4029113040204.jpg?fitin=700:700,1424.0000,,インテリア・寝具・収納 > ライト・照明 > その他,レッドレンザーXEO19R用ヘルメット装着キット 0402,,XEO19R用ヘルメット装着キット。,レッドレンザーXEO19R用ヘルメット装着キット 0402：ソフマップ楽天市場店,ソフマップSofmapパソコンタブレットPCHDDアセンブリパーツパソコンパーツテレビゲームブルーレイソフトDVDソフト液晶テレビブルーレイディスクレコーダーデジタル一眼レフカメラデジタルカメラ家電時計中古アウトレットiPadiPhoneレッドレンザーXEO19R用ヘルメット装着キット 0402,レッドレンザーXEO19R用ヘルメット装着キット 0402[rn]
11-21130,http://tshop.r10s.jp/dtc/cabinet/20170414n3/4901087011148.jpg?fitin=700:700,188.0000,,インテリア・寝具・収納 > ライト・照明 > その他,ELPA(エルパ)3個口コーナータップ （2ピン式・3個口） A-36H （W） ホワイト (A36HW),,2ピン3個口の電源タップ。,ELPA(エルパ)3個口コーナータップ （2ピン式・3個口） A-36H （W） ホワイト (A36HW)：ソフマップ楽天市場店,ソフマップSofmapパソコンタブレットPCHDDアセンブリパーツパソコンパーツテレビゲームブルーレイソフトDVDソフト液晶テレビブルーレイディスクレコーダーデジタル一眼レフカメラデジタルカメラ家電時計中古アウトレットiPadiPhoneELPA(エルパ)3個口コーナータップ （2ピン式・3個口） A-36H （W） ホワイト (A36HW),ELPA(エルパ)3個口コーナータップ （2ピン式・3個口） A-36H （W） ホワイト (A36HW)[rn]
11-21131,http://tshop.r10s.jp/dtc/cabinet/20170414n3/4901087005215.jpg?fitin=700:700,564.0000,,インテリア・寝具・収納 > ライト・照明 > その他,ELPA(エルパ)引掛ソケットB-63H(W) (B63HW),,引掛ソケットB-63H(W),ELPA(エルパ)引掛ソケットB-63H(W) (B63HW)：ソフマップ楽天市場店,ソフマップSofmapパソコンタブレットPCHDDアセンブリパーツパソコンパーツテレビゲームブルーレイソフトDVDソフト液晶テレビブルーレイディスクレコーダーデジタル一眼レフカメラデジタルカメラ家電時計中古アウトレットiPadiPhoneELPA(エルパ)引掛ソケットB-63H(W) (B63HW),ELPA(エルパ)引掛ソケットB-63H(W) (B63HW)[rn]
11-21132,http://tshop.r10s.jp/dtc/cabinet/20170414n3/4901087196548.jpg?fitin=700:700,671.2000,,インテリア・寝具・収納 > ライト・照明 > その他,ELPA(エルパ)ライティングバー用ライトLRS-BNE17B(BK) (LRSBNE17BBK),,ライティングバー用ライトLRS-BNE17B(BK),ELPA(エルパ)ライティングバー用ライトLRS-BNE17B(BK) (LRSBNE17BBK)：ソフマップ楽天市場店,ソフマップSofmapパソコンタブレットPCHDDアセンブリパーツパソコンパーツテレビゲームブルーレイソフトDVDソフト液晶テレビブルーレイディスクレコーダーデジタル一眼レフカメラデジタルカメラ家電時計中古アウトレットiPadiPhoneELPA(エルパ)ライティングバー用ライトLRS-BNE17B(BK) (LRSBNE17BBK),ELPA(エルパ)ライティングバー用ライトLRS-BNE17B(BK) (LRSBNE17BBK)[rn]
11-21133,http://tshop.r10s.jp/dtc/cabinet/20170414n6/4966307123841.jpg?fitin=700:700,185.6000,,インテリア・寝具・収納 > ライト・照明 > その他,ヤザワラジオキーソケット（口金：E26） SF1020 黒,,口金：E26,ヤザワラジオキーソケット（口金：E26） SF1020 黒：ソフマップ楽天市場店,ソフマップSofmapパソコンタブレットPCHDDアセンブリパーツパソコンパーツテレビゲームブルーレイソフトDVDソフト液晶テレビブルーレイディスクレコーダーデジタル一眼レフカメラデジタルカメラ家電時計中古アウトレットiPadiPhoneヤザワラジオキーソケット（口金：E26） SF1020 黒,ヤザワラジオキーソケット（口金：E26） SF1020 黒[rn]
11-21134,http://tshop.r10s.jp/dtc/cabinet/20170414n6/4966307123834.jpg?fitin=700:700,123.2000,,インテリア・寝具・収納 > ライト・照明 > その他,ヤザワキーレスソケット（口金：E26） SF1402 黒,,口金：E26,ヤザワキーレスソケット（口金：E26） SF1402 黒：ソフマップ楽天市場店,ソフマップSofmapパソコンタブレットPCHDDアセンブリパーツパソコンパーツテレビゲームブルーレイソフトDVDソフト液晶テレビブルーレイディスクレコーダーデジタル一眼レフカメラデジタルカメラ家電時計中古アウトレットiPadiPhoneヤザワキーレスソケット（口金：E26） SF1402 黒,ヤザワキーレスソケット（口金：E26） SF1402 黒[rn]
11-21135,http://tshop.r10s.jp/dtc/cabinet/20170414n6/4966307216673.jpg?fitin=700:700,442.4000,,インテリア・寝具・収納 > ライト・照明 > その他,ヤザワ耳付レセップ（E26） SF2601,,6A 300V　磁器製,ヤザワ耳付レセップ（E26） SF2601：ソフマップ楽天市場店,ソフマップSofmapパソコンタブレットPCHDDアセンブリパーツパソコンパーツテレビゲームブルーレイソフトDVDソフト液晶テレビブルーレイディスクレコーダーデジタル一眼レフカメラデジタルカメラ家電時計中古アウトレットiPadiPhoneヤザワ耳付レセップ（E26） SF2601,ヤザワ耳付レセップ（E26） SF2601[rn]
11-21136,http://tshop.r10s.jp/dtc/cabinet/20170414n3/4901087061051.jpg?fitin=700:700,572.0000,,インテリア・寝具・収納 > ライト・照明 > その他,ELPA(エルパ)丸型引掛シーリングMJ2442W-H (MJ2442WH),,丸型引掛シーリングMJ2442W-H,ELPA(エルパ)丸型引掛シーリングMJ2442W-H (MJ2442WH)：ソフマップ楽天市場店,ソフマップSofmapパソコンタブレットPCHDDアセンブリパーツパソコンパーツテレビゲームブルーレイソフトDVDソフト液晶テレビブルーレイディスクレコーダーデジタル一眼レフカメラデジタルカメラ家電時計中古アウトレットiPadiPhoneELPA(エルパ)丸型引掛シーリングMJ2442W-H (MJ2442WH),ELPA(エルパ)丸型引掛シーリングMJ2442W-H (MJ2442WH)[rn]
11-21137,http://tshop.r10s.jp/dtc/cabinet/20170223m/4549077702517.jpg?fitin=700:700,18240.0000,,インテリア・寝具・収納 > ライト・照明 > その他,パナソニックLEDフロアスタンド40形 SF996Z 電球色,,LED電球一般電球タイプ4.9W1灯（E26）（電球色）,パナソニックLEDフロアスタンド40形 SF996Z 電球色：ソフマップ楽天市場店,ソフマップSofmapパソコンタブレットPCHDDアセンブリパーツパソコンパーツテレビゲームブルーレイソフトDVDソフト液晶テレビブルーレイディスクレコーダーデジタル一眼レフカメラデジタルカメラ家電時計中古アウトレットiPadiPhoneパナソニックLEDフロアスタンド40形 SF996Z 電球色,パナソニックLEDフロアスタンド40形 SF996Z 電球色[rn]
11-21138,http://tshop.r10s.jp/dtc/cabinet/20150131r/4961709033330.jpg?fitin=700:700,5752.0000,,インテリア・寝具・収納 > ライト・照明 > その他,東京メタルフロアースタンド MT3003Z,　,■お部屋のアクセントとしておすすめ<br>■北欧風の柔らかなデザインがシーンを演出します。<br><br>■60W　E26　ｼｬﾝﾃﾞﾘｱ球×2灯つき<br>■フットスイッチ　ビニールコード1.6ｍつき<br>■材質：ポリプロピレン、スチール,東京メタルフロアースタンド MT3003Z：ソフマップ楽天市場店,ソフマップSofmapパソコンタブレットPCHDDアセンブリパーツパソコンパーツテレビゲームブルーレイソフトDVDソフト液晶テレビブルーレイディスクレコーダーデジタル一眼レフカメラデジタルカメラ家電時計中古アウトレットiPadiPhone東京メタルフロアースタンド MT3003Z,　。東京メタルフロアースタンド MT3003Z[rn]
11-21139,http://tshop.r10s.jp/dtc/cabinet/20170414n2/4580498571566.jpg?fitin=700:700,7840.0000,,インテリア・寝具・収納 > ライト・照明 > その他,オリンピアLEDスタンド MST01-IV アイボリー 電球色 (MST01IV),,手元を照らすだけでなく、グリーンも楽しめ、お部屋で過ごす時を明るくします。,オリンピアLEDスタンド MST01-IV アイボリー 電球色 (MST01IV)：ソフマップ楽天市場店,ソフマップSofmapパソコンタブレットPCHDDアセンブリパーツパソコンパーツテレビゲームブルーレイソフトDVDソフト液晶テレビブルーレイディスクレコーダーデジタル一眼レフカメラデジタルカメラ家電時計中古アウトレットiPadiPhoneオリンピアLEDスタンド MST01-IV アイボリー 電球色 (MST01IV),オリンピアLEDスタンド MST01-IV アイボリー 電球色 (MST01IV)[rn]
11-21140,http://tshop.r10s.jp/dtc/cabinet/20170414n2/4580498571559.jpg?fitin=700:700,7840.0000,,インテリア・寝具・収納 > ライト・照明 > その他,オリンピアLEDスタンド MST01-BK ブラック 電球色 (MST01BK),,手元を照らすだけでなく、グリーンも楽しめ、お部屋で過ごす時を明るくします。,オリンピアLEDスタンド MST01-BK ブラック 電球色 (MST01BK)：ソフマップ楽天市場店,ソフマップSofmapパソコンタブレットPCHDDアセンブリパーツパソコンパーツテレビゲームブルーレイソフトDVDソフト液晶テレビブルーレイディスクレコーダーデジタル一眼レフカメラデジタルカメラ家電時計中古アウトレットiPadiPhoneオリンピアLEDスタンド MST01-BK ブラック 電球色 (MST01BK),オリンピアLEDスタンド MST01-BK ブラック 電球色 (MST01BK)[rn]
11-21141,http://tshop.r10s.jp/dtc/cabinet/20170414n5/4955620576526.jpg?fitin=700:700,6304.0000,,インテリア・寝具・収納 > ライト・照明 > その他,大光電機LED和風スタンド （400lm） DXL-81106 (DXL81106),,中間スイッチ付のLED和風スタンド。,大光電機LED和風スタンド （400lm） DXL-81106 (DXL81106)：ソフマップ楽天市場店,ソフマップSofmapパソコンタブレットPCHDDアセンブリパーツパソコンパーツテレビゲームブルーレイソフトDVDソフト液晶テレビブルーレイディスクレコーダーデジタル一眼レフカメラデジタルカメラ家電時計中古アウトレットiPadiPhone大光電機LED和風スタンド （400lm） DXL-81106 (DXL81106),大光電機LED和風スタンド （400lm） DXL-81106 (DXL81106)[rn]
11-21142,http://tshop.r10s.jp/dtc/cabinet/20170414n6/4961709033033.jpg?fitin=700:700,10240.0000,,インテリア・寝具・収納 > ライト・照明 > その他,東京メタルインテリアスタンド 電球別売 T0529ND,,LED小型ランプで、さらに明るく便利に。,東京メタルインテリアスタンド 電球別売 T0529ND：ソフマップ楽天市場店,ソフマップSofmapパソコンタブレットPCHDDアセンブリパーツパソコンパーツテレビゲームブルーレイソフトDVDソフト液晶テレビブルーレイディスクレコーダーデジタル一眼レフカメラデジタルカメラ家電時計中古アウトレットiPadiPhone東京メタルインテリアスタンド 電球別売 T0529ND,東京メタルインテリアスタンド 電球別売 T0529ND[rn]
11-21143,http://tshop.r10s.jp/dtc/cabinet/20170414n6/4961709004149.jpg?fitin=700:700,3024.0000,,インテリア・寝具・収納 > ライト・照明 > その他,東京メタルバンカーランプ CA-112 ホワイト (CA112),,スペースランプ付き。,東京メタルバンカーランプ CA-112 ホワイト (CA112)：ソフマップ楽天市場店,ソフマップSofmapパソコンタブレットPCHDDアセンブリパーツパソコンパーツテレビゲームブルーレイソフトDVDソフト液晶テレビブルーレイディスクレコーダーデジタル一眼レフカメラデジタルカメラ家電時計中古アウトレットiPadiPhone東京メタルバンカーランプ CA-112 ホワイト (CA112),東京メタルバンカーランプ CA-112 ホワイト (CA112)[rn]
11-21144,http://tshop.r10s.jp/dtc/cabinet/20141025a/4582316371044.jpg?fitin=700:700,2440.0000,,インテリア・寝具・収納 > ライト・照明 > その他,LUMINARALUMINARA フラットトップキャンドル S LM102-FIV ｱｲﾎﾞﾘｰ (LM102FIV),　,■火を使わないLEDキャンドル<br>  ■360度どの角度からも楽しめる<br>  ■無香料なので、食事シーンにも気軽に使える<br>  ■省エネ技術の向上により、電池も本体もコンパクトに<br>  ■単2形乾電池でも、2本使用で連続点灯約500時間。電池交換で繰り返し使える<br>  ■コンパクトで使いやすい直径約7.5cmに<br>  ■シンプルで美しいデザイン<br>  ■便利なタイマー機能<br>  ■複数台で使用するのに便利なリモコン対応,LUMINARALUMINARA フラットトップキャンドル S LM102-FIV ｱｲﾎﾞﾘｰ (LM102FIV)：ソフマップ楽天市場店,ソフマップSofmapパソコンタブレットPCHDDアセンブリパーツパソコンパーツテレビゲームブルーレイソフトDVDソフト液晶テレビブルーレイディスクレコーダーデジタル一眼レフカメラデジタルカメラ家電時計中古アウトレットiPadiPhoneLUMINARALUMINARA フラットトップキャンドル S LM102-FIV ｱｲﾎﾞﾘｰ (LM102FIV),　。LUMINARALUMINARA フラットトップキャンドル S LM102-FIV ｱｲﾎﾞﾘｰ (LM102FIV)[rn]
11-21145,http://tshop.r10s.jp/dtc/cabinet/20170414n7/4982642204762.jpg?fitin=700:700,1736.0000,,インテリア・寝具・収納 > ライト・照明 > その他,イシグロ白熱電球付きミニモザイクランプ 20476 ピンク,,ちょっとした雰囲気作りに最適な、おしゃれ照明。,イシグロ白熱電球付きミニモザイクランプ 20476 ピンク：ソフマップ楽天市場店,ソフマップSofmapパソコンタブレットPCHDDアセンブリパーツパソコンパーツテレビゲームブルーレイソフトDVDソフト液晶テレビブルーレイディスクレコーダーデジタル一眼レフカメラデジタルカメラ家電時計中古アウトレットiPadiPhoneイシグロ白熱電球付きミニモザイクランプ 20476 ピンク,イシグロ白熱電球付きミニモザイクランプ 20476 ピンク[rn]
11-21146,http://tshop.r10s.jp/dtc/cabinet/ele_9/4934122072972.jpg?fitin=700:700,1744.0000,,インテリア・寝具・収納 > ライト・照明 > その他,ラドンナ CU70-LT-PK ピンク LEDランプ 「CUTENSIL」 (CU70LT),　,LEDの光が優しく照らす、エコランプ。電池稼働で持ち運びにも便利です。,ラドンナ CU70-LT-PK ピンク LEDランプ 「CUTENSIL」 (CU70LT)：ソフマップ楽天市場店,ソフマップSofmapパソコンタブレットPCHDDアセンブリパーツパソコンパーツテレビゲームブルーレイソフトDVDソフト液晶テレビブルーレイディスクレコーダーデジタル一眼レフカメラデジタルカメラ家電時計中古アウトレットiPadiPhoneラドンナ CU70-LT-PK ピンク LEDランプ 「CUTENSIL」 (CU70LT),　。ラドンナ CU70-LT-PK ピンク LEDランプ 「CUTENSIL」 (CU70LT)[rn]
11-21147,http://tshop.r10s.jp/dtc/cabinet/20170414n7/4982642204748.jpg?fitin=700:700,1736.0000,,インテリア・寝具・収納 > ライト・照明 > その他,イシグロ白熱電球付きミニモザイクランプ 20474 ブルー,,ちょっとした雰囲気作りに最適な、おしゃれ照明。,イシグロ白熱電球付きミニモザイクランプ 20474 ブルー：ソフマップ楽天市場店,ソフマップSofmapパソコンタブレットPCHDDアセンブリパーツパソコンパーツテレビゲームブルーレイソフトDVDソフト液晶テレビブルーレイディスクレコーダーデジタル一眼レフカメラデジタルカメラ家電時計中古アウトレットiPadiPhoneイシグロ白熱電球付きミニモザイクランプ 20474 ブルー,イシグロ白熱電球付きミニモザイクランプ 20474 ブルー[rn]
11-21148,http://tshop.r10s.jp/dtc/cabinet/20170414n5/4955620641590.jpg?fitin=700:700,7504.0000,,インテリア・寝具・収納 > ライト・照明 > その他,大光電機LED間接スタンド DXL-81217 電球色 (DXL81217),,お部屋のいろいろな場所に置くだけで簡単に間接光が作れるスタンド。,大光電機LED間接スタンド DXL-81217 電球色 (DXL81217)：ソフマップ楽天市場店,ソフマップSofmapパソコンタブレットPCHDDアセンブリパーツパソコンパーツテレビゲームブルーレイソフトDVDソフト液晶テレビブルーレイディスクレコーダーデジタル一眼レフカメラデジタルカメラ家電時計中古アウトレットiPadiPhone大光電機LED間接スタンド DXL-81217 電球色 (DXL81217),大光電機LED間接スタンド DXL-81217 電球色 (DXL81217)[rn]
11-21149,http://tshop.r10s.jp/dtc/cabinet/20170414n5/4955620641583.jpg?fitin=700:700,6384.0000,,インテリア・寝具・収納 > ライト・照明 > その他,大光電機LED間接スタンド DXL-81216 電球色 (DXL81216),,お部屋のいろいろな場所に置くだけで簡単に間接光が作れるスタンド。,大光電機LED間接スタンド DXL-81216 電球色 (DXL81216)：ソフマップ楽天市場店,ソフマップSofmapパソコンタブレットPCHDDアセンブリパーツパソコンパーツテレビゲームブルーレイソフトDVDソフト液晶テレビブルーレイディスクレコーダーデジタル一眼レフカメラデジタルカメラ家電時計中古アウトレットiPadiPhone大光電機LED間接スタンド DXL-81216 電球色 (DXL81216),大光電機LED間接スタンド DXL-81216 電球色 (DXL81216)[rn]
11-21150,http://tshop.r10s.jp/dtc/cabinet/20170414n2/4580498571573.jpg?fitin=700:700,11840.0000,,インテリア・寝具・収納 > ライト・照明 > その他,オリンピアLEDスタンド 全光 MST02,,玄関や廊下などちょっと暗い、もう1台照明を置きたいというお客様にぴったり,オリンピアLEDスタンド 全光 MST02：ソフマップ楽天市場店,ソフマップSofmapパソコンタブレットPCHDDアセンブリパーツパソコンパーツテレビゲームブルーレイソフトDVDソフト液晶テレビブルーレイディスクレコーダーデジタル一眼レフカメラデジタルカメラ家電時計中古アウトレットiPadiPhoneオリンピアLEDスタンド 全光 MST02,オリンピアLEDスタンド 全光 MST02[rn]
11-21151,http://tshop.r10s.jp/dtc/cabinet/2012054/4966307173884.jpg?fitin=700:700,1978.4000,,インテリア・寝具・収納 > ライト・照明 > その他,ヤザワ CW4　防雨型クリップライト ブラック,　,"■本体・クリップには錆にくい塗装を施しています。
■屋外のメニューボードや庭・車庫照明等に最適です。
■クリップタイプなので容易に設置が可能です。",ヤザワ CW4　防雨型クリップライト ブラック：ソフマップ楽天市場店,ソフマップSofmapパソコンタブレットPCHDDアセンブリパーツパソコンパーツテレビゲームブルーレイソフトDVDソフト液晶テレビブルーレイディスクレコーダーデジタル一眼レフカメラデジタルカメラ家電時計中古アウトレットiPadiPhoneヤザワ CW4　防雨型クリップライト ブラック,　。ヤザワ CW4　防雨型クリップライト ブラック[rn]
11-21152,http://tshop.r10s.jp/dtc/cabinet/20170414n6/4966307371099.jpg?fitin=700:700,2264.0000,,インテリア・寝具・収納 > ライト・照明 > その他,ヤザワ【防雨型】クリップライトロングアームE26（電球別売） CWX15051GM ガンメタリック,,防雨型なので屋外の直接雨がかかる場所でも使用できます。本体・クリップに錆びにくい塗装を施しています。,ヤザワ【防雨型】クリップライトロングアームE26（電球別売） CWX15051GM ガンメタリック：ソフマップ楽天市場店,ソフマップSofmapパソコンタブレットPCHDDアセンブリパーツパソコンパーツテレビゲームブルーレイソフトDVDソフト液晶テレビブルーレイディスクレコーダーデジタル一眼レフカメラデジタルカメラ家電時計中古アウトレットiPadiPhoneヤザワ【防雨型】クリップライトロングアームE26（電球別売） CWX15051GM ガンメタリック,ヤザワ【防雨型】クリップライトロングアームE26（電球別売） CWX15051GM ガンメタリック[rn]
11-21153,http://tshop.r10s.jp/dtc/cabinet/20170210t/4966307380565.jpg?fitin=700:700,1344.0000,,インテリア・寝具・収納 > ライト・照明 > その他,ヤザワクリップライト 「スズランクリップライトE17」（25W） CLW25SZ01BK ブラック,,どんどんつながるクリップライト。,ヤザワクリップライト 「スズランクリップライトE17」（25W） CLW25SZ01BK ブラック：ソフマップ楽天市場店,ソフマップSofmapパソコンタブレットPCHDDアセンブリパーツパソコンパーツテレビゲームブルーレイソフトDVDソフト液晶テレビブルーレイディスクレコーダーデジタル一眼レフカメラデジタルカメラ家電時計中古アウトレットiPadiPhoneヤザワクリップライト 「スズランクリップライトE17」（25W） CLW25SZ01BK ブラック,ヤザワクリップライト 「スズランクリップライトE17」（25W） CLW25SZ01BK ブラック[rn]
11-21154,http://tshop.r10s.jp/dtc/cabinet/20170414n6/4966307372423.jpg?fitin=700:700,2463.2000,,インテリア・寝具・収納 > ライト・照明 > その他,ヤザワ【防雨型】白色LEDクリップライト（3W） CWLE03WH83BK ブラック,,防雨型なので屋外の直接雨がかかる場所でも使用できます。クリップタイプなので設置が簡単です。,ヤザワ【防雨型】白色LEDクリップライト（3W） CWLE03WH83BK ブラック：ソフマップ楽天市場店,ソフマップSofmapパソコンタブレットPCHDDアセンブリパーツパソコンパーツテレビゲームブルーレイソフトDVDソフト液晶テレビブルーレイディスクレコーダーデジタル一眼レフカメラデジタルカメラ家電時計中古アウトレットiPadiPhoneヤザワ【防雨型】白色LEDクリップライト（3W） CWLE03WH83BK ブラック,ヤザワ【防雨型】白色LEDクリップライト（3W） CWLE03WH83BK ブラック[rn]
11-21155,http://tshop.r10s.jp/dtc/cabinet/2010090705/4966307153497.jpg?fitin=700:700,442.4000,,インテリア・寝具・収納 > ライト・照明 > その他,ヤザワ LKHO1BK ブラック　1LEDミニクリップライト,　,■360°調節可能な専用小型クリップを付属しています。■アウトドアや災害、雨天時にも最適な防雨型仕様です。,ヤザワ LKHO1BK ブラック　1LEDミニクリップライト：ソフマップ楽天市場店,ソフマップSofmapパソコンタブレットPCHDDアセンブリパーツパソコンパーツテレビゲームブルーレイソフトDVDソフト液晶テレビブルーレイディスクレコーダーデジタル一眼レフカメラデジタルカメラ家電時計中古アウトレットiPadiPhoneヤザワ LKHO1BK ブラック　1LEDミニクリップライト,　。ヤザワ LKHO1BK ブラック　1LEDミニクリップライト[rn]
11-21156,http://tshop.r10s.jp/dtc/cabinet/2013022517/4971275703698.jpg?fitin=700:700,518.4000,,インテリア・寝具・収納 > ライト・照明 > その他,オーム電機 ミニLEDペンライト クリップ付き UP01K ブラック,　,,オーム電機 ミニLEDペンライト クリップ付き UP01K ブラック：ソフマップ楽天市場店,ソフマップSofmapパソコンタブレットPCHDDアセンブリパーツパソコンパーツテレビゲームブルーレイソフトDVDソフト液晶テレビブルーレイディスクレコーダーデジタル一眼レフカメラデジタルカメラ家電時計中古アウトレットiPadiPhoneオーム電機 ミニLEDペンライト クリップ付き UP01K ブラック,　。オーム電機 ミニLEDペンライト クリップ付き UP01K ブラック[rn]
11-21157,http://tshop.r10s.jp/dtc/cabinet/130203/4987646101116.jpg?fitin=700:700,4400.0000,,インテリア・寝具・収納 > ライト・照明 > その他,興和 LED mini クリップライト「LUPINUS」 EK214-WH2 白 (EK214WH2),　,日常の、ちょっとした細かい作業に。もちろん読書や勉強にも。,興和 LED mini クリップライト「LUPINUS」 EK214-WH2 白 (EK214WH2)：ソフマップ楽天市場店,ソフマップSofmapパソコンタブレットPCHDDアセンブリパーツパソコンパーツテレビゲームブルーレイソフトDVDソフト液晶テレビブルーレイディスクレコーダーデジタル一眼レフカメラデジタルカメラ家電時計中古アウトレットiPadiPhone興和 LED mini クリップライト「LUPINUS」 EK214-WH2 白 (EK214WH2),　。興和 LED mini クリップライト「LUPINUS」 EK214-WH2 白 (EK214WH2)[rn]
11-21158,http://tshop.r10s.jp/dtc/cabinet/20170414n6/4966307371389.jpg?fitin=700:700,2264.0000,,インテリア・寝具・収納 > ライト・照明 > その他,ヤザワ【防雨型】クランプライトガンメタリックE26（電球別売） CWX15057GM ガンメタリック,,クリップくわえ幅：55mm。防雨型なので屋外の直接雨がかかる場所でも使用できます。,ヤザワ【防雨型】クランプライトガンメタリックE26（電球別売） CWX15057GM ガンメタリック：ソフマップ楽天市場店,ソフマップSofmapパソコンタブレットPCHDDアセンブリパーツパソコンパーツテレビゲームブルーレイソフトDVDソフト液晶テレビブルーレイディスクレコーダーデジタル一眼レフカメラデジタルカメラ家電時計中古アウトレットiPadiPhoneヤザワ【防雨型】クランプライトガンメタリックE26（電球別売） CWX15057GM ガンメタリック,ヤザワ【防雨型】クランプライトガンメタリックE26（電球別売） CWX15057GM ガンメタリック[rn]
11-21159,http://tshop.r10s.jp/dtc/cabinet/20170414n6/4966307371372.jpg?fitin=700:700,1720.0000,,インテリア・寝具・収納 > ライト・照明 > その他,ヤザワ【防雨型】クリップライトガンメタリックE26 （電球別売） CWX15056GM ガンメタリック,,防雨型なので屋外の直接雨がかかる場所でも使用できます。本体・クリップに錆びにくい塗装を施しています。,ヤザワ【防雨型】クリップライトガンメタリックE26 （電球別売） CWX15056GM ガンメタリック：ソフマップ楽天市場店,ソフマップSofmapパソコンタブレットPCHDDアセンブリパーツパソコンパーツテレビゲームブルーレイソフトDVDソフト液晶テレビブルーレイディスクレコーダーデジタル一眼レフカメラデジタルカメラ家電時計中古アウトレットiPadiPhoneヤザワ【防雨型】クリップライトガンメタリックE26 （電球別売） CWX15056GM ガンメタリック,ヤザワ【防雨型】クリップライトガンメタリックE26 （電球別売） CWX15056GM ガンメタリック[rn]
11-21160,http://tshop.r10s.jp/dtc/cabinet/20170207n16/4966307378661.jpg?fitin=700:700,1984.0000,,インテリア・寝具・収納 > ライト・照明 > その他,ヤザワ単4形乾電池式クリップライト ブラック Y07CLLE03W04BK,　,クリップタイプなので、設置場所を選びません。<br><br>■乾電池タイプなので面倒な配線も必要ありません。<br><br>■シンプルなフォルムで周りの雰囲気を崩さずに使用できます。<br><br>■ACアダプター(別売/弊社型番ACM1000)使用で、長時間使用できます。<br><br>【製品仕様】<br>■本体寸法：W86mm×H210mm×D120mm<br>■本体重量：約200g<br>■設計寿命：約30000時間<br>■照度：約900lux (30cm)lx<br>■光源：3WLED(交換不可)<br>■消費電力：約3W<br>■全光束：約80lmlm,ヤザワ単4形乾電池式クリップライト ブラック Y07CLLE03W04BK：ソフマップ楽天市場店,ソフマップSofmapパソコンタブレットPCHDDアセンブリパーツパソコンパーツテレビゲームブルーレイソフトDVDソフト液晶テレビブルーレイディスクレコーダーデジタル一眼レフカメラデジタルカメラ家電時計中古アウトレットiPadiPhoneヤザワ単4形乾電池式クリップライト ブラック Y07CLLE03W04BK,　。ヤザワ単4形乾電池式クリップライト ブラック Y07CLLE03W04BK[rn]
11-21161,http://tshop.r10s.jp/dtc/cabinet/20170207n8/4907986764093.jpg?fitin=700:700,1208.0000,,インテリア・寝具・収納 > ライト・照明 > その他,カシムラLEDランタン LL-9 (LL9),,■コンパクトに折りたたみが可能なストレッチタイプのランタン。<br>■高精度・省電力・長寿命なCREE社のLEDを使用。※LEDチップの交換はできません。<br>■畳んだ状態でも通常の懐中電灯としてポイント照射が可能。<br>■吊り下げ可能なスウィングハンドルで吊っても置いても使用可能。<br>■折りたたんでコンパクトに収納。旅行やレジャーにも持ち運びしやすいサイズ。<br>,カシムラLEDランタン LL-9 (LL9)：ソフマップ楽天市場店,ソフマップSofmapパソコンタブレットPCHDDアセンブリパーツパソコンパーツテレビゲームブルーレイソフトDVDソフト液晶テレビブルーレイディスクレコーダーデジタル一眼レフカメラデジタルカメラ家電時計中古アウトレットiPadiPhoneカシムラLEDランタン LL-9 (LL9),カシムラLEDランタン LL-9 (LL9)[rn]
11-21162,http://tshop.r10s.jp/dtc/cabinet/20170127n4/4901087205967.jpg?fitin=700:700,816.0000,,インテリア・寝具・収納 > ライト・照明 > その他,ELPA(エルパ)LEDラバーライト DOP-LR311 (DOPLR311),,■単4形乾電池×3本 （HI： 3時間点灯、LO： 15時間点灯、点滅： 12時間点灯<br>■HI： 140lm、LO： 35lm<br>■IPX7,ELPA(エルパ)LEDラバーライト DOP-LR311 (DOPLR311)：ソフマップ楽天市場店,ソフマップSofmapパソコンタブレットPCHDDアセンブリパーツパソコンパーツテレビゲームブルーレイソフトDVDソフト液晶テレビブルーレイディスクレコーダーデジタル一眼レフカメラデジタルカメラ家電時計中古アウトレットiPadiPhoneELPA(エルパ)LEDラバーライト DOP-LR311 (DOPLR311),ELPA(エルパ)LEDラバーライト DOP-LR311 (DOPLR311)[rn]
11-21163,http://tshop.r10s.jp/kyodoled/cabinet/03875224/03875227/imgrc0062762334.jpg?fitin=700:700,1599.2000,,インテリア・寝具・収納 > ライト・照明 > その他,LEDテープライト 防滴 1.5M アダプター Mini調光器 SMD3528 電球色 昼光色 青 間接照明 正面発光 看板　棚下照明 LEDバーライト LEDスリムバー LEDスリムライト インテリア,【お部屋や車内の間接照明に】LED間接照明 SMD3528 60LEDS/M,"●1.5メートルあたり90個のLED配置した明るく光るLEDテープライトで、狭い空間でもぴったり！<br /> 
●省エネタイプで、消費電力７．２W、明るさは３０Wの白熱電球に相当する。<br /> 
●廻り易いし、裏面に両面テープもついたため、簡単に取り付けます。<br /> 
●コントロール方法はRF式で、取り扱いが簡単！自由に輝度と点滅を調整可能です。<br /> 
●防滴タイプで用意してますので、水に接触されても、安心です。<br /> 
●素材はシリコーンよって採用され、亀裂せず、変色せず、長く使えるはずです。<br /> <br /> 

【テープライト仕様】<br /> 
・商品番号：GT-SET3528-1A-CN11<br /> 
・定格電源：DC12V<br />
・定格電流：約0.6A<br />
・消費電力：約7.2W<br />
・寸法：L1500×W8×H3mm<br />
・防水規格：IP64<br />
・LED個数：90<br />
・LEDチップ：高輝度 SMD 3528<br />
・照射角度：120°<br />
・全光束：電球色 600lm/昼光色650lm/青500lm<br />
・発光色：電球色(2700K)/昼光色(6500K)/青<br />
・出力信号：2線<br />
・寿命※2：30,000時間以上<br />
・用途：バー、レストラン等の店舗インドアデコレーション、ウィンドウディプレイライト、製品照明、階段

やコーナーへの補助灯、バックライトなど。<br />
※1:LEDテープ1.5メートルの場合。<br />
※2:表示寿命は設計上の寿命です,製品寿命を保証する値ではありません。<br /><br />

【コントローラ仕様】<br />
・ダイナミックモード：8モード<br />
・ダイナミックスピードレベル：１０レベル<br />
・輝度レベル：１０レベル<br />
・PWMグレード：256グレード<br />
・点滅モード：有<br />
・定格電源：DC　5~24V<br />
・定格電流：6A<br />
・コントロールモード：RFワイレス<br />
・リモコン頻率：433.92Mhz<br />
・リモコン操作距離：空地で１５M<br /><br />

【アダプター仕様】
・入力電圧:AC100~240V<br />
・周波数:50/60Hz<br />
・輸出電力:12V<br />
・輸出電流:1A<br />
・最大容量:12W<br />
・出カプラグ：DC5521<br />
・DCケーブル長：1.1m<br />
・質量：79g<br />
・外形寸法：L75×W26×H66mm<br /><br />

【セット】
1.5mLEDテープライト × 1Pcs<br />
無線コントローラー × 1Pcs<br />
無線リモコン × 1Pcs<br />
アダプター × 1Pcs<br /><br />

■注意事項<br />
※テープライトはDC12Ｖの電圧をお使いくだいさい。<br />
※貼り付ける前につけさせる場所のホコリなどを拭き取ってから貼り付けてください。<br />
※LEDテープ巻いた状態で点灯させないで下さい。<br /><br />


<table width=""100%"" border=""0"">
   <tr>
    <td ><img src=""http://thumbnail.image.rakuten.co.jp/@0_mall/kyodoled/cabinet/05104891/imgrc0065989287.jpg?_ex=320x320&s=2&r=1"" width=""100%"" /></td>
    <td ><img src=""http://thumbnail.image.rakuten.co.jp/@0_mall/kyodoled/cabinet/03875224/03881029/imgrc0065561232.jpg?_ex=320x320&s=2&r=1"" width=""100%"" /></td>
<td ><img src=""http://thumbnail.image.rakuten.co.jp/@0_mall/kyodoled/cabinet/05035012/imgrc0065631616.jpg?_ex=320x320&s=2&r=1"" width=""100%"" /></td>
</tr>

</table>",LEDテープライト 防滴 1.5M アダプター Mini調光器 SMD3528 電球色 昼光色 青 間接照明 正面発光 看板　棚下照明 LEDバーライト LEDスリムバー LEDスリムライト インテリア：共同照明LED専門店,LED直管蛍光灯LED丸形蛍光灯LEDテープライトSMD5050SMD3528RGBLED電球E12E14E17E26E39口金LEDスポットライトハロゲンランプ型LEDハロゲンE11LEDシャンデリア電球電球色昼白色昼光色LEDミニクリプトンLED小形電球形LEDビームランプ植物育成用LEDランプ口金変換アダプターLEDキャンドルLEDブラックライトLED投光器LED懐中電灯LEDクリスマスライトLEDサインボードLEDダウンライトLED人感センサーライトLEDデスクライトLEDエジソンランプライティングレールLEDテープライト 防滴 1.5M アダプター Mini調光器 SMD3528 電球色 昼光色 青 間接照明 正面発光 看板　棚下照明 LEDバーライト LEDスリムバー LEDスリムライト インテリア,【お部屋や車内の間接照明に】LED間接照明 SMD3528 60LEDS/M。LEDテープライト 防滴 1.5M アダプター Mini調光器 SMD3528 電球色 昼光色 青 間接照明 正面発光 看板　棚下照明 LEDバーライト LEDスリムバー LEDスリムライト インテリア[rn]
11-21164,http://tshop.r10s.jp/smilelight/cabinet/goods/f/fbk-10601n-ls17.jpg?fitin=700:700,4320.0000,,インテリア・寝具・収納 > ライト・照明 > その他,【送料無料】誘導灯　C級（10形)直付形　片面用TOSHIBA（東芝ライテック）FBK-10601N-LS17【FBK10601NLS17】,【送料無料】,"※表示パネルは別売りです。<br><br>
＜ 仕様 ＞<br>
 
<br>
形名：FBK-10601N-LS17
<br>

<br>
品名:Ｃ級　天井壁直付誘導灯電池内蔵片面
<br>
商品コード：28470500
<br>
JANコード：4974550414395
<br>
発売日：2010-08-01
<br>
●在庫区分：○（工場在庫対応品）
<br>
●質量：0.6 kg
<br>
●仕様1名称：本体
<br>
●仕様1材質：樹脂
<br>
●仕様1仕上げ：（オフホワイト）
<br>
●仕様2その他：リモコン点検機能付
<br>
●仕様3名称：適合リモコン
<br>
●仕様3その他：FRC-1813T SET（別売 ￥12,000 ▲）
<br>
●電池1：2HR-AE-TN
<br>
●ランプ名称1：LEM-012009(W)×1
<br>
●備考5：ニッケル水素電池使用
<br>
●電池形名認定番号1：1AS111-3172
<br>
●等級：C
<br>
●片面／両面区分：片面
<br>
●機能表示：自己点検タイプ（個別制御方式自動点検）


<br>
＜ 公共形名 ＞<br>
 
SH1-FBF20-C 
SH1-FSF20-C 
ST1-FBF22-C 
ST1-FSF22-C
<br>
<p>(別売り適合表示版)<br>
<img src=""http://image.rakuten.co.jp/smilelight/cabinet/goods/e/imgrc0064995763.gif"" border=""0""><br>
ET-10601<br>
<font SIZE=""+1""><img src=""http://image.rakuten.co.jp/smilelight/cabinet/goods/e/imgrc0064991091.gif"" border=""0""><br>
</font>ET-10602<br>
<img src=""http://image.rakuten.co.jp/smilelight/cabinet/goods/e/imgrc0064991092.gif"" border=""0""><br>
ET-10613<br>
<img src=""http://image.rakuten.co.jp/smilelight/cabinet/goods/e/imgrc0064991093.gif"" border=""0""><br>
ET-10614<br>
<img src=""http://image.rakuten.co.jp/smilelight/cabinet/goods/e/imgrc0064991094.gif"" border=""0""><br>
ET-10615<br>
<br>
<font color='#ff0000'>※ご注意<br>
商品によっては取付け工事が必要なものもございます。<br>
また、電源周波数地域（50Hz地域／60Hz地域）によって、ご利用できない商品もございます。<br>
ご購入の際は、事前に、商品の仕様、取付方法をご確認下さい。<br>
尚、返品等につきましては、お買物ガイドをご覧下さい。<br>
その他、ご不明な点がございましたら、お気軽にご連絡下さい。<br>
</font></p>",【送料無料】誘導灯　C級（10形)直付形　片面用TOSHIBA（東芝ライテック）FBK-10601N-LS17【FBK10601NLS17】：住まいるライト,【送料無料】誘導灯　C級（10形)直付形　片面用TOSHIBA（東芝ライテック）FBK-10601N-LS17【FBK10601NLS17】,【送料無料】。【送料無料】誘導灯　C級（10形)直付形　片面用TOSHIBA（東芝ライテック）FBK-10601N-LS17【FBK10601NLS17】[rn]
11-21165,http://tshop.r10s.jp/smilelight/cabinet/goods/f/fbk-10602n-ls17.jpg?fitin=700:700,4240.0000,,インテリア・寝具・収納 > ライト・照明 > その他,【送料無料】誘導灯　C級（10形)直付形　両面用TOSHIBA（東芝ライテック）FBK-10602N-LS17【FBK10602NLS17】,【送料無料】,"<br>
※表示パネルは別売りです。<br><br>
＜ 仕様 ＞<br>
 
<br>
形名：FBK-10602N-LS17
<br>

<br>
品名:Ｃ級　天井直付誘導灯電池内蔵両面
<br>
商品コード：28470501
<br>
JANコード：4974550414401
<br>
発売日：2010-08-01
<br>
●在庫区分：○（工場在庫対応品）
<br>
●質量：0.8 kg
<br>
●仕様1名称：本体
<br>
●仕様1材質：樹脂
<br>
●仕様1仕上げ：（オフホワイト）
<br>
●仕様2その他：リモコン点検機能付
<br>
●仕様3名称：適合リモコン
<br>
●仕様3その他：FRC-1813T SET（別売 ￥12,000 ▲）
<br>
●常時点灯：LEDモジュールLEM-012009(W)×2
<br>
●電池1：2HR-AE-TN
<br>
●ランプ名称1：LEM-012009(W)×2
<br>
●備考5：ニッケル水素電池使用
<br>
●電池形名認定番号1：1AS221-3173
<br>
●等級：C
<br>
●片面／両面区分：両面
<br>
●機能表示：自己点検タイプ（個別制御方式自動点検）


<br>
＜ 公共形名 ＞<br>SH1-FSF21-C ST1-FSF23-C <br><p>(別売り適合表示版)<br>
<img src=""http://image.rakuten.co.jp/smilelight/cabinet/goods/e/imgrc0064995763.gif"" border=""0""><br>
ET-10601<br>
<font SIZE=""+1""><img src=""http://image.rakuten.co.jp/smilelight/cabinet/goods/e/imgrc0064991091.gif"" border=""0""><br>
</font>ET-10602<br>
<img src=""http://image.rakuten.co.jp/smilelight/cabinet/goods/e/imgrc0064991092.gif"" border=""0""><br>
ET-10613<br>
<img src=""http://image.rakuten.co.jp/smilelight/cabinet/goods/e/imgrc0064991093.gif"" border=""0""><br>
ET-10614<br>
<img src=""http://image.rakuten.co.jp/smilelight/cabinet/goods/e/imgrc0064991094.gif"" border=""0""><br>
ET-10615<br>
<br>
<font color='#ff0000'>※ご注意<br>
商品によっては取付け工事が必要なものもございます。<br>
また、電源周波数地域（50Hz地域／60Hz地域）によって、ご利用できない商品もございます。<br>
ご購入の際は、事前に、商品の仕様、取付方法をご確認下さい。<br>
尚、返品等につきましては、お買物ガイドをご覧下さい。<br>
その他、ご不明な点がございましたら、お気軽にご連絡下さい。<br>
</font></p>",【送料無料】誘導灯　C級（10形)直付形　両面用TOSHIBA（東芝ライテック）FBK-10602N-LS17【FBK10602NLS17】：住まいるライト,【送料無料】誘導灯　C級（10形)直付形　両面用TOSHIBA（東芝ライテック）FBK-10602N-LS17【FBK10602NLS17】,【送料無料】。【送料無料】誘導灯　C級（10形)直付形　両面用TOSHIBA（東芝ライテック）FBK-10602N-LS17【FBK10602NLS17】[rn]
11-21166,http://tshop.r10s.jp/smilelight/cabinet/goods/e/et-10601.jpg?fitin=700:700,584.0000,,インテリア・寝具・収納 > ライト・照明 > その他,誘導灯表示パネルET-10601TOSHIBA（東芝ライテック）【ET10601】,Ｃ級,"◆適合する誘導灯本体（別売り）◆<br>
片面タイプ：FBK-10601N-LS17<br>
両面タイプ：FBK-10602N-LS17 <br>
<br><br><font color='#ff0000'>
※ご注意<br>
商品によっては取付け工事が必要なものもございます。<br>
また、電源周波数地域（50Hz地域／60Hz地域）によって、ご利用できない商品もございます。<br>
ご購入の際は、事前に、商品の仕様、取付方法をご確認下さい。<br>
尚、返品等につきましては、お買物ガイドをご覧下さい。<br>
その他、ご不明な点がございましたら、お気軽にご連絡下さい。<br>
</font>",誘導灯表示パネルET-10601TOSHIBA（東芝ライテック）【ET10601】：住まいるライト,誘導灯表示パネルET-10601TOSHIBA（東芝ライテック）【ET10601】,Ｃ級。誘導灯表示パネルET-10601TOSHIBA（東芝ライテック）【ET10601】[rn]
11-21167,http://tshop.r10s.jp/smilelight/cabinet/goods/l/ledk/imgrc0063384272.jpg?fitin=700:700,3640.0000,,インテリア・寝具・収納 > ライト・照明 > その他,【送料無料】LED防犯灯東芝ライテック(TOSHIBA)LEDK-78927NP-LS1【LEDK78927NPLS1】(LEDK-78926WP-LS1の後継機)照度センサー内蔵,【お得な2台、4台、10台セットあり】,"<p>お得な【2台・4台・10台】セットあります<br>
<br>
<br>
</p>＜ 仕様 ＞<br>
形名：LEDK-78927NP-LS1<br>
希望小売価格： 12,800 円（税別）<br>
品名：ＬＥＤ防犯灯<br>
商品コード：12500161<br>
JANコード：4974550543170<br>
発売日：2015年09月30日<br>
●器具タイプ1：LED（昼白色）<br>
●器具タイプ２：一般形・照度センサー内蔵<br>
●Ｈｚ適合：50/60<br>
●器具全光束：810lm<br>
●消費電力：8.9 W<br>
●在庫区分：○（工場在庫対応品）<br>
●ランプ梱包状態：非梱包<br>
●補助点灯装置：電源ユニット内蔵<br>
●質量：0.6kg<br>
●光源寿命：60,000時間（光束維持率70％）<br><br>

※調光はできません※
<br><br><font color='#ff0000'>
※ご注意<br>
商品によっては取付け工事が必要なものもございます。<br>
また、電源周波数地域（50Hz地域／60Hz地域）によって、ご利用できない商品もございます。<br>
ご購入の際は、事前に、商品の仕様、取付方法をご確認下さい。<br>
尚、返品等につきましては、お買物ガイドをご覧下さい。<br>
その他、ご不明な点がございましたら、お気軽にご連絡下さい。<br>
</font>",【送料無料】LED防犯灯東芝ライテック(TOSHIBA)LEDK-78927NP-LS1【LEDK78927NPLS1】(LEDK-78926WP-LS1の後継機)照度センサー内蔵：住まいるライト,【送料無料】LED防犯灯東芝ライテック(TOSHIBA)LEDK-78927NP-LS1【LEDK78927NPLS1】(LEDK-78926WP-LS1の後継機)照度センサー内蔵,【お得な2台、4台、10台セットあり】。【送料無料】LED防犯灯東芝ライテック(TOSHIBA)LEDK-78927NP-LS1【LEDK78927NPLS1】(LEDK-78926WP-LS1の後継機)照度センサー内蔵[rn]
11-21168,http://tshop.r10s.jp/smilelight/cabinet/goods/l/ledk/imgrc0063384272.jpg?fitin=700:700,3360.0000,,インテリア・寝具・収納 > ライト・照明 > その他,LED防犯灯東芝ライテック(TOSHIBA)LEDK-78927NP-LS1【LEDK78927NPLS1】(LEDK-78926WP-LS1の後継機)照度センサー内蔵,【お得な2台、4台、10台セットあり】,"<p>お得な【2台・4台・10台】セットあります<br>
<br>
<br>
</p>＜ 仕様 ＞<br>
形名：LEDK-78927NP-LS1<br>
希望小売価格： 12,800 円（税別）<br>
品名：ＬＥＤ防犯灯<br>
商品コード：12500161<br>
JANコード：4974550543170<br>
発売日：2015年09月30日<br>
●器具タイプ1：LED（昼白色）<br>
●器具タイプ２：一般形・照度センサー内蔵<br>
●Ｈｚ適合：50/60<br>
●器具全光束：810lm<br>
●消費電力：8.9 W<br>
●在庫区分：○（工場在庫対応品）<br>
●ランプ梱包状態：非梱包<br>
●補助点灯装置：電源ユニット内蔵<br>
●質量：0.6kg<br>
●光源寿命：60,000時間（光束維持率70％）<br><br>

※調光はできません※
<br><br><font color='#ff0000'>
※ご注意<br>
商品によっては取付け工事が必要なものもございます。<br>
また、電源周波数地域（50Hz地域／60Hz地域）によって、ご利用できない商品もございます。<br>
ご購入の際は、事前に、商品の仕様、取付方法をご確認下さい。<br>
尚、返品等につきましては、お買物ガイドをご覧下さい。<br>
その他、ご不明な点がございましたら、お気軽にご連絡下さい。<br>
</font>",LED防犯灯東芝ライテック(TOSHIBA)LEDK-78927NP-LS1【LEDK78927NPLS1】(LEDK-78926WP-LS1の後継機)照度センサー内蔵：住まいるライト,LED防犯灯東芝ライテック(TOSHIBA)LEDK-78927NP-LS1【LEDK78927NPLS1】(LEDK-78926WP-LS1の後継機)照度センサー内蔵,【お得な2台、4台、10台セットあり】。LED防犯灯東芝ライテック(TOSHIBA)LEDK-78927NP-LS1【LEDK78927NPLS1】(LEDK-78926WP-LS1の後継機)照度センサー内蔵[rn]
11-21169,http://tshop.r10s.jp/smilelight/cabinet/goods/l/ledk/imgrc0063384272.jpg?fitin=700:700,32800.0000,,インテリア・寝具・収納 > ライト・照明 > その他,【10台セット】LED防犯灯東芝ライテック(TOSHIBA)LEDK-78927NP-LS1【LEDK78927NPLS1】(LEDK-78926WP-LS1の後継機)照度センサー内蔵,【お得な10台セットです】,"<p>お得な【2台・4台・10台】セットあります<br>
<br>
<br>
</p>＜ 仕様 ＞<br>
形名：LEDK-78927NP-LS1<br>
希望小売価格： 12,800 円（税別）<br>
品名：ＬＥＤ防犯灯<br>
商品コード：12500161<br>
JANコード：4974550543170<br>
発売日：2015年09月30日<br>
●器具タイプ1：LED（昼白色）<br>
●器具タイプ２：一般形・照度センサー内蔵<br>
●Ｈｚ適合：50/60<br>
●器具全光束：810lm<br>
●消費電力：8.9 W<br>
●在庫区分：○（工場在庫対応品）<br>
●ランプ梱包状態：非梱包<br>
●補助点灯装置：電源ユニット内蔵<br>
●質量：0.6kg<br>
●光源寿命：60,000時間（光束維持率70％）<br><br>

※調光はできません※
<br><br><font color='#ff0000'>
※ご注意<br>
商品によっては取付け工事が必要なものもございます。<br>
また、電源周波数地域（50Hz地域／60Hz地域）によって、ご利用できない商品もございます。<br>
ご購入の際は、事前に、商品の仕様、取付方法をご確認下さい。<br>
尚、返品等につきましては、お買物ガイドをご覧下さい。<br>
その他、ご不明な点がございましたら、お気軽にご連絡下さい。<br>
</font>",【10台セット】LED防犯灯東芝ライテック(TOSHIBA)LEDK-78927NP-LS1【LEDK78927NPLS1】(LEDK-78926WP-LS1の後継機)照度センサー内蔵：住まいるライト,【10台セット】LED防犯灯東芝ライテック(TOSHIBA)LEDK-78927NP-LS1【LEDK78927NPLS1】(LEDK-78926WP-LS1の後継機)照度センサー内蔵,【お得な10台セットです】。【10台セット】LED防犯灯東芝ライテック(TOSHIBA)LEDK-78927NP-LS1【LEDK78927NPLS1】(LEDK-78926WP-LS1の後継機)照度センサー内蔵[rn]
11-21170,http://tshop.r10s.jp/smilelight/cabinet/goods/l/ledk/imgrc0063384272.jpg?fitin=700:700,13440.0000,,インテリア・寝具・収納 > ライト・照明 > その他,【4台セット】LED防犯灯東芝ライテック(TOSHIBA)LEDK-78927NP-LS1【LEDK78927NPLS1】(LEDK-78926WP-LS1の後継機)照度センサー内蔵,【お得な4台セットです】,"<p>お得な【2台・4台・10台】セットあります<br>
<br>
<br>
</p>＜ 仕様 ＞<br>
形名：LEDK-78927NP-LS1<br>
希望小売価格： 12,800 円（税別）<br>
品名：ＬＥＤ防犯灯<br>
商品コード：12500161<br>
JANコード：4974550543170<br>
発売日：2015年09月30日<br>
●器具タイプ1：LED（昼白色）<br>
●器具タイプ２：一般形・照度センサー内蔵<br>
●Ｈｚ適合：50/60<br>
●器具全光束：810lm<br>
●消費電力：8.9 W<br>
●在庫区分：○（工場在庫対応品）<br>
●ランプ梱包状態：非梱包<br>
●補助点灯装置：電源ユニット内蔵<br>
●質量：0.6kg<br>
●光源寿命：60,000時間（光束維持率70％）<br><br>

※調光はできません※
<br><br><font color='#ff0000'>
※ご注意<br>
商品によっては取付け工事が必要なものもございます。<br>
また、電源周波数地域（50Hz地域／60Hz地域）によって、ご利用できない商品もございます。<br>
ご購入の際は、事前に、商品の仕様、取付方法をご確認下さい。<br>
尚、返品等につきましては、お買物ガイドをご覧下さい。<br>
その他、ご不明な点がございましたら、お気軽にご連絡下さい。<br>
</font>",【4台セット】LED防犯灯東芝ライテック(TOSHIBA)LEDK-78927NP-LS1【LEDK78927NPLS1】(LEDK-78926WP-LS1の後継機)照度センサー内蔵：住まいるライト,【4台セット】LED防犯灯東芝ライテック(TOSHIBA)LEDK-78927NP-LS1【LEDK78927NPLS1】(LEDK-78926WP-LS1の後継機)照度センサー内蔵,【お得な4台セットです】。【4台セット】LED防犯灯東芝ライテック(TOSHIBA)LEDK-78927NP-LS1【LEDK78927NPLS1】(LEDK-78926WP-LS1の後継機)照度センサー内蔵[rn]
11-21171,http://tshop.r10s.jp/smilelight/cabinet/goods/l/ledk/imgrc0063384272.jpg?fitin=700:700,7200.0000,,インテリア・寝具・収納 > ライト・照明 > その他,【2台セット】LED防犯灯東芝ライテック(TOSHIBA)LEDK-78927NP-LS1【LEDK78927NPLS1】(LEDK-78926WP-LS1の後継機)照度センサー内蔵,【お得な2台セットです】,"<p>お得な【2台・4台・10台】セットあります<br>
<br>
<br>
</p>＜ 仕様 ＞<br>
形名：LEDK-78927NP-LS1<br>
希望小売価格： 12,800 円（税別）<br>
品名：ＬＥＤ防犯灯<br>
商品コード：12500161<br>
JANコード：4974550543170<br>
発売日：2015年09月30日<br>
●器具タイプ1：LED（昼白色）<br>
●器具タイプ２：一般形・照度センサー内蔵<br>
●Ｈｚ適合：50/60<br>
●器具全光束：810lm<br>
●消費電力：8.9 W<br>
●在庫区分：○（工場在庫対応品）<br>
●ランプ梱包状態：非梱包<br>
●補助点灯装置：電源ユニット内蔵<br>
●質量：0.6kg<br>
●光源寿命：60,000時間（光束維持率70％）<br><br>

※調光はできません※
<br><br><font color='#ff0000'>
※ご注意<br>
商品によっては取付け工事が必要なものもございます。<br>
また、電源周波数地域（50Hz地域／60Hz地域）によって、ご利用できない商品もございます。<br>
ご購入の際は、事前に、商品の仕様、取付方法をご確認下さい。<br>
尚、返品等につきましては、お買物ガイドをご覧下さい。<br>
その他、ご不明な点がございましたら、お気軽にご連絡下さい。<br>
</font>",【2台セット】LED防犯灯東芝ライテック(TOSHIBA)LEDK-78927NP-LS1【LEDK78927NPLS1】(LEDK-78926WP-LS1の後継機)照度センサー内蔵：住まいるライト,【2台セット】LED防犯灯東芝ライテック(TOSHIBA)LEDK-78927NP-LS1【LEDK78927NPLS1】(LEDK-78926WP-LS1の後継機)照度センサー内蔵,【お得な2台セットです】。【2台セット】LED防犯灯東芝ライテック(TOSHIBA)LEDK-78927NP-LS1【LEDK78927NPLS1】(LEDK-78926WP-LS1の後継機)照度センサー内蔵[rn]
11-21172,http://tshop.r10s.jp/smilelight/cabinet/goods/l/ledk/imgrc0063384140.jpg?fitin=700:700,3200.0000,,インテリア・寝具・収納 > ライト・照明 > その他,【送料無料】LED防犯灯東芝ライテック(TOSHIBA)LEDK-78927N-LS1 【LEDK78927NLS1】(LEDK-78926W-LS1の後継機),【お得な２台、４台、１０台セットもあります】,"<p>お得な【2台・4台・10台】セットあります<br>
<br>
<br>
</p>＜ 仕様 ＞<br>
形名：LEDK-78927N-LS1<br>
希望小売価格：11,300 円（税別)<br>
品名：ＬＥＤ防犯灯<br>
商品コード：12500160<br>
JANコード:4974550543163<br>
発売日：2015年08月05日<br><br>
●器具タイプ1：LED（昼白色）<br>
●Ｈｚ適合：50/60Hz<br>
●器具全光束：810lm<br>
●消費電力：8.7W<br>
●ランプ梱包状態：非梱包<br>
●補助点灯装置：電源ユニット内蔵<br>
●質量：0.6kg<br>
●寿命：60,000時間（光束維持率70％）<br><br>

※調光はできません※<br>
<br><br><font color='#ff0000'>
※ご注意<br>
商品によっては取付け工事が必要なものもございます。<br>
また、電源周波数地域（50Hz地域／60Hz地域）によって、ご利用できない商品もございます。<br>
ご購入の際は、事前に、商品の仕様、取付方法をご確認下さい。<br>
尚、返品等につきましては、お買物ガイドをご覧下さい。<br>
その他、ご不明な点がございましたら、お気軽にご連絡下さい。<br>
</font>",【送料無料】LED防犯灯東芝ライテック(TOSHIBA)LEDK-78927N-LS1 【LEDK78927NLS1】(LEDK-78926W-LS1の後継機)：住まいるライト,【送料無料】LED防犯灯東芝ライテック(TOSHIBA)LEDK-78927N-LS1 【LEDK78927NLS1】(LEDK-78926W-LS1の後継機),【お得な２台、４台、１０台セットもあります】。【送料無料】LED防犯灯東芝ライテック(TOSHIBA)LEDK-78927N-LS1 【LEDK78927NLS1】(LEDK-78926W-LS1の後継機)[rn]
11-21173,http://tshop.r10s.jp/smilelight/cabinet/goods/l/ledk/imgrc0063384140.jpg?fitin=700:700,3040.0000,,インテリア・寝具・収納 > ライト・照明 > その他,LED防犯灯東芝ライテック(TOSHIBA)LEDK-78927N-LS1 【LEDK78927NLS1】(LEDK-78926W-LS1の後継機),【お得な２台、４台、１０台セットもあります】,"<p>お得な【2台・4台・10台】セットあります<br>
<br>
<br>
</p>＜ 仕様 ＞<br>
形名：LEDK-78927N-LS1<br>
希望小売価格：11,300 円（税別)<br>
品名：ＬＥＤ防犯灯<br>
商品コード：12500160<br>
JANコード:4974550543163<br>
発売日：2015年08月05日<br><br>
●器具タイプ1：LED（昼白色）<br>
●Ｈｚ適合：50/60Hz<br>
●器具全光束：810lm<br>
●消費電力：8.7W<br>
●ランプ梱包状態：非梱包<br>
●補助点灯装置：電源ユニット内蔵<br>
●質量：0.6kg<br>
●寿命：60,000時間（光束維持率70％）<br><br>

※調光はできません※<br>
<br><br><font color='#ff0000'>
※ご注意<br>
商品によっては取付け工事が必要なものもございます。<br>
また、電源周波数地域（50Hz地域／60Hz地域）によって、ご利用できない商品もございます。<br>
ご購入の際は、事前に、商品の仕様、取付方法をご確認下さい。<br>
尚、返品等につきましては、お買物ガイドをご覧下さい。<br>
その他、ご不明な点がございましたら、お気軽にご連絡下さい。<br>
</font>",LED防犯灯東芝ライテック(TOSHIBA)LEDK-78927N-LS1 【LEDK78927NLS1】(LEDK-78926W-LS1の後継機)：住まいるライト,LED防犯灯東芝ライテック(TOSHIBA)LEDK-78927N-LS1 【LEDK78927NLS1】(LEDK-78926W-LS1の後継機),【お得な２台、４台、１０台セットもあります】。LED防犯灯東芝ライテック(TOSHIBA)LEDK-78927N-LS1 【LEDK78927NLS1】(LEDK-78926W-LS1の後継機)[rn]
11-21174,http://tshop.r10s.jp/smilelight/cabinet/goods/l/ledk/imgrc0063384140.jpg?fitin=700:700,28800.0000,,インテリア・寝具・収納 > ライト・照明 > その他,【10台セット】LED防犯灯東芝ライテック(TOSHIBA)LEDK-78927N-LS1 【LEDK78927NLS1】(LEDK-78926W-LS1の後継機),【お得な１０台セット】,"<p>お得な【2台・4台・10台】セットあります<br>
<br>
<br>
</p>＜ 仕様 ＞<br>
形名：LEDK-78927N-LS1<br>
希望小売価格：11,300 円（税別)<br>
品名：ＬＥＤ防犯灯<br>
商品コード：12500160<br>
JANコード:4974550543163<br>
発売日：2015年08月05日<br><br>
●器具タイプ1：LED（昼白色）<br>
●Ｈｚ適合：50/60Hz<br>
●器具全光束：810lm<br>
●消費電力：8.7W<br>
●ランプ梱包状態：非梱包<br>
●補助点灯装置：電源ユニット内蔵<br>
●質量：0.6kg<br>
●寿命：60,000時間（光束維持率70％）<br><br>

※調光はできません※<br>
<br><br><font color='#ff0000'>
※ご注意<br>
商品によっては取付け工事が必要なものもございます。<br>
また、電源周波数地域（50Hz地域／60Hz地域）によって、ご利用できない商品もございます。<br>
ご購入の際は、事前に、商品の仕様、取付方法をご確認下さい。<br>
尚、返品等につきましては、お買物ガイドをご覧下さい。<br>
その他、ご不明な点がございましたら、お気軽にご連絡下さい。<br>
</font>",【10台セット】LED防犯灯東芝ライテック(TOSHIBA)LEDK-78927N-LS1 【LEDK78927NLS1】(LEDK-78926W-LS1の後継機)：住まいるライト,【10台セット】LED防犯灯東芝ライテック(TOSHIBA)LEDK-78927N-LS1 【LEDK78927NLS1】(LEDK-78926W-LS1の後継機),【お得な１０台セット】。【10台セット】LED防犯灯東芝ライテック(TOSHIBA)LEDK-78927N-LS1 【LEDK78927NLS1】(LEDK-78926W-LS1の後継機)[rn]
11-21175,http://tshop.r10s.jp/smilelight/cabinet/goods/l/ledk/imgrc0063384140.jpg?fitin=700:700,11680.0000,,インテリア・寝具・収納 > ライト・照明 > その他,【4台セット】LED防犯灯東芝ライテック(TOSHIBA)LEDK-78927N-LS1 【LEDK78927NLS1】(LEDK-78926W-LS1の後継機),【お得な４台セット】,"<p>お得な【2台・4台・10台】セットあります<br>
<br>
<br>
</p>＜ 仕様 ＞<br>
形名：LEDK-78927N-LS1<br>
希望小売価格：11,300 円（税別)<br>
品名：ＬＥＤ防犯灯<br>
商品コード：12500160<br>
JANコード:4974550543163<br>
発売日：2015年08月05日<br><br>
●器具タイプ1：LED（昼白色）<br>
●Ｈｚ適合：50/60Hz<br>
●器具全光束：810lm<br>
●消費電力：8.7W<br>
●ランプ梱包状態：非梱包<br>
●補助点灯装置：電源ユニット内蔵<br>
●質量：0.6kg<br>
●寿命：60,000時間（光束維持率70％）<br><br>

※調光はできません※<br>
<br><br><font color='#ff0000'>
※ご注意<br>
商品によっては取付け工事が必要なものもございます。<br>
また、電源周波数地域（50Hz地域／60Hz地域）によって、ご利用できない商品もございます。<br>
ご購入の際は、事前に、商品の仕様、取付方法をご確認下さい。<br>
尚、返品等につきましては、お買物ガイドをご覧下さい。<br>
その他、ご不明な点がございましたら、お気軽にご連絡下さい。<br>
</font>",【4台セット】LED防犯灯東芝ライテック(TOSHIBA)LEDK-78927N-LS1 【LEDK78927NLS1】(LEDK-78926W-LS1の後継機)：住まいるライト,【4台セット】LED防犯灯東芝ライテック(TOSHIBA)LEDK-78927N-LS1 【LEDK78927NLS1】(LEDK-78926W-LS1の後継機),【お得な４台セット】。【4台セット】LED防犯灯東芝ライテック(TOSHIBA)LEDK-78927N-LS1 【LEDK78927NLS1】(LEDK-78926W-LS1の後継機)[rn]
11-21176,http://tshop.r10s.jp/smilelight/cabinet/goods/l/ledk/imgrc0063384140.jpg?fitin=700:700,6320.0000,,インテリア・寝具・収納 > ライト・照明 > その他,【2台セット】LED防犯灯東芝ライテック(TOSHIBA)LEDK-78927N-LS1 【LEDK78927NLS1】(LEDK-78926W-LS1の後継機),【お得な２台セット】,"<p>お得な【2台・4台・10台】セットあります<br>
<br>
<br>
</p>＜ 仕様 ＞<br>
形名：LEDK-78927N-LS1<br>
希望小売価格：11,300 円（税別)<br>
品名：ＬＥＤ防犯灯<br>
商品コード：12500160<br>
JANコード:4974550543163<br>
発売日：2015年08月05日<br><br>
●器具タイプ1：LED（昼白色）<br>
●Ｈｚ適合：50/60Hz<br>
●器具全光束：810lm<br>
●消費電力：8.7W<br>
●ランプ梱包状態：非梱包<br>
●補助点灯装置：電源ユニット内蔵<br>
●質量：0.6kg<br>
●寿命：60,000時間（光束維持率70％）<br><br>

※調光はできません※<br>
<br><br><font color='#ff0000'>
※ご注意<br>
商品によっては取付け工事が必要なものもございます。<br>
また、電源周波数地域（50Hz地域／60Hz地域）によって、ご利用できない商品もございます。<br>
ご購入の際は、事前に、商品の仕様、取付方法をご確認下さい。<br>
尚、返品等につきましては、お買物ガイドをご覧下さい。<br>
その他、ご不明な点がございましたら、お気軽にご連絡下さい。<br>
</font>",【2台セット】LED防犯灯東芝ライテック(TOSHIBA)LEDK-78927N-LS1 【LEDK78927NLS1】(LEDK-78926W-LS1の後継機)：住まいるライト,【2台セット】LED防犯灯東芝ライテック(TOSHIBA)LEDK-78927N-LS1 【LEDK78927NLS1】(LEDK-78926W-LS1の後継機),【お得な２台セット】。【2台セット】LED防犯灯東芝ライテック(TOSHIBA)LEDK-78927N-LS1 【LEDK78927NLS1】(LEDK-78926W-LS1の後継機)[rn]
11-21177,http://tshop.r10s.jp/beamtec/cabinet/dianqiu/imgrc0066775839.jpg?fitin=700:700,2948.0000,,インテリア・寝具・収納 > ライト・照明 > その他,【あす楽】LEDランタン Bluetooth2.1 ブルートゥース スピーカ充電式（USB）ワイヤレス 無線 連続点灯約10時間IPX4防滴 高音質 重低音 LED照明 明るさ調節可能大容量バッテリー iPhone スマートフォン対応LLB23B シルバー 昼光色【beamtec】,,"【仕様】<br>
スピーカー機能付き LEDランタン<br>
Bluetoothバージョン：2.1 <br>
ハンドフリー機能<br>
機能：IPX4防滴仕様<BR>
電源供給：内蔵充電式リチウム電池<br>
USB DC5V接続ポート（ユニット充電用）<br>
充電時間：約3－4時間<br>
連続点灯：約10時間（フル充電時）<br>
連続再生：約6-8時間（フル充電時）<br>
最大消費電力：1W<br>
オーディオ最大電力：5W<br>
周波数応答：20Hz-20kHz<br>
色温度：昼光色<br>
連続調光可能<br>
サイズ：約Φ95×190mm<br>
カラー：シルバー<BR>
本体質量：650g<Br><br>

付属品<br>
Micro USB ケーブル x 1<br>
オーディオ接続ケーブル x 1<br>
日本語取扱説明書<br>

<br>
取扱説明書のダウンロードはこちら 
<br><br>

注意事項:<br>
※写真と実物の商品の色合いが、ご使用のPCモニター、スマートフォンの液晶により、若干異なることもございます。<br><br>


<!-- ご購入の前に必ずお読みください -->
<iframe 　　　　　　　　　　　　　　　　　　　 class=""readme"" src=""http://www.rakuten.ne.jp/gold/beamtec/sp/readme_rbt_sp.html""></iframe 　　　　　　　　　　　　　　　　　　　>",【あす楽】LEDランタン Bluetooth2.1 ブルートゥース スピーカ充電式（USB）ワイヤレス 無線 連続点灯約10時間IPX4防滴 高音質 重低音 LED照明 明るさ調節可能大容量バッテリー iPhone スマートフォン対応LLB23B シルバー 昼光色【beamtec】：ビームテック,【あす楽】LEDランタン Bluetooth2.1 ブルートゥース スピーカ充電式（USB）ワイヤレス 無線 連続点灯約10時間IPX4防滴 高音質 重低音 LED照明 明るさ調節可能大容量バッテリー iPhone スマートフォン対応LLB23B シルバー 昼光色【beamtec】,【あす楽】LEDランタン Bluetooth2.1 ブルートゥース スピーカ充電式（USB）ワイヤレス 無線 連続点灯約10時間IPX4防滴 高音質 重低音 LED照明 明るさ調節可能大容量バッテリー iPhone スマートフォン対応LLB23B シルバー 昼光色【beamtec】[rn]
11-21178,http://tshop.r10s.jp/beamtec/cabinet/04224027/lantern.jpg?fitin=700:700,2948.0000,,インテリア・寝具・収納 > ライト・照明 > その他,【あす楽】LEDランタン Bluetooth2.1 ブルートゥース スピーカ充電式（USB）ワイヤレス 無線 連続点灯約6時間 点滅機能 防滴 高音質 重低音 LED照明 明るさ調節可能 大容量バッテリー スマートフォン対応 LLB27BGオレンジ LLB27BSシルバー【beamtec】,,"【仕様】<br>
スピーカー機能付き LEDランタン<br>
Bluetoothバージョン：2.1 <br>
ハンドフリー機能<br>
機能：点滅機能/IPX4防滴仕様<BR>
電源供給：内蔵充電式リチウム電池<br>
充電時間：約3－4時間<br>
連続点灯：約6時間（フル充電時）<br>
連続再生：約15時間（フル充電時）<br>
最大消費電力：1W<br>
オーディオ最大電力：3W<br>
周波数応答：20Hz-20kHz ±3dB<br>
色温度：昼光色<br>
連続調光可能<br>
サイズ：約Φ93×145mm<br>
カラー：シルバー/オレンジ<BR>
本体質量：375g<Br><br>

付属品<br>
Micro USB ケーブル x 1<br>
オーディオ接続ケーブル x 1<br>
日本語取扱説明書<br>
<br>
取扱説明書のダウンロードはこちら 
<br><br>

注意事項:<br>
※写真と実物の商品の色合いが、ご使用のPCモニター、スマートフォンの液晶により、若干異なることもございます。<br><br>


<!-- ご購入の前に必ずお読みください -->
<iframe 　　　　　　　　　　　　　　　　　　　 class=""readme"" src=""http://www.rakuten.ne.jp/gold/beamtec/sp/readme_rbt_sp.html""></iframe 　　　　　　　　　　　　　　　　　　　>",【あす楽】LEDランタン Bluetooth2.1 ブルートゥース スピーカ充電式（USB）ワイヤレス 無線 連続点灯約6時間 点滅機能 防滴 高音質 重低音 LED照明 明るさ調節可能 大容量バッテリー スマートフォン対応 LLB27BGオレンジ LLB27BSシルバー【beamtec】：ビームテック,【あす楽】LEDランタン Bluetooth2.1 ブルートゥース スピーカ充電式（USB）ワイヤレス 無線 連続点灯約6時間 点滅機能 防滴 高音質 重低音 LED照明 明るさ調節可能 大容量バッテリー スマートフォン対応 LLB27BGオレンジ LLB27BSシルバー【beamtec】,【あす楽】LEDランタン Bluetooth2.1 ブルートゥース スピーカ充電式（USB）ワイヤレス 無線 連続点灯約6時間 点滅機能 防滴 高音質 重低音 LED照明 明るさ調節可能 大容量バッテリー スマートフォン対応 LLB27BGオレンジ LLB27BSシルバー【beamtec】[rn]
11-21179,http://tshop.r10s.jp/g-life/cabinet/tasya35/7075823-e.jpg?fitin=700:700,726.4000,,インテリア・寝具・収納 > ライト・照明 > その他,電池式キャンドルライト L LGB-05照明 ライト キャンドルライト 電池式 照明キャンドルライト 照明電池式 ライトキャンドルライト キャンドルライト照明 電池式照明 キャンドルライトライト タカショー 【D】 楽天,,"<b><font color=""#a9a9a9"">照明 ライト キャンドルライト 電池式 照明キャンドルライト キャンドルライト照明タカショー</font></b><br>火を使わないので安心♪<br>
お部屋の雰囲気づくりに。<br><br>●商品サイズ（cm）<br>
幅約7.3×奥行約7.3×高さ約16<br>
●重量<br>
約92g<br>
●材質<br>
ポリエチレン<br>
●6時間タイマー有<br>
●電源<br>
乾電池 単2×1本使用<font color=red>（※別売）</font><br>",電池式キャンドルライト L LGB-05照明 ライト キャンドルライト 電池式 照明キャンドルライト 照明電池式 ライトキャンドルライト キャンドルライト照明 電池式照明 キャンドルライトライト タカショー 【D】 楽天：ガーデニングライフ,電池式キャンドルライト L LGB-05照明 ライト キャンドルライト 電池式 照明キャンドルライト 照明電池式 ライトキャンドルライト キャンドルライト照明 電池式照明 キャンドルライトライト タカショー 【D】 楽天,電池式キャンドルライト L LGB-05照明 ライト キャンドルライト 電池式 照明キャンドルライト 照明電池式 ライトキャンドルライト キャンドルライト照明 電池式照明 キャンドルライトライト タカショー 【D】 楽天[rn]
11-21180,http://tshop.r10s.jp/g-life/cabinet/jishahin6/242974-e.jpg?fitin=700:700,45925.6000,,インテリア・寝具・収納 > ライト・照明 > その他,【送料無料】アイリスオーヤマ 屋外LED照明 角型投光器68W 4400lm IRLDSP75L-N ホワイト・ブラック 楽天,　,,【送料無料】アイリスオーヤマ 屋外LED照明 角型投光器68W 4400lm IRLDSP75L-N ホワイト・ブラック 楽天：ガーデニングライフ,【送料無料】アイリスオーヤマ 屋外LED照明 角型投光器68W 4400lm IRLDSP75L-N ホワイト・ブラック 楽天,　。【送料無料】アイリスオーヤマ 屋外LED照明 角型投光器68W 4400lm IRLDSP75L-N ホワイト・ブラック 楽天[rn]
11-21181,http://tshop.r10s.jp/g-life/cabinet/jishahin6/242978-e.jpg?fitin=700:700,45925.6000,,インテリア・寝具・収納 > ライト・照明 > その他,【送料無料】アイリスオーヤマ 屋外LED照明 角型投光器68W 4200lm IRLDSP75L-M-W ホワイト 楽天,　,"施設・店舗・屋外向けのLED照明★<br>
サインボード・駐車場・演出照明などに。<br>
照射面を均一に照らす角型タイプ。<br><br>
●商品サイズ（cm）：幅約25.4×奥行約6.9×高さ約25.3<br>
●重量（約）：2.3kg<br>
●材質：ポリカーボネート、アルミダイカスト<br>
<br>
●使用LED：11W型LED6ヶ<br>
●全光束：4200lm<br>
●消費電力：68w<br>
●定格電圧：100～242V<br>
●周波数：50/60Hz<br>
●色温度：3000K<br>
●演色性：Ra80<br>
●設計寿命：約40,000時間<br>
●防水性能：IP65<br>
●使用温度：-25～+35℃<br>
●1/2ビーム角：60°<br>
<br>
<font color=""red""><b>※本商品の取り付けには別途工事が必要です。<br>
※工事は必ず電気工事店（有資格者）にご依頼ください。一般の方の工事は法律で禁じられています。</b></font>",【送料無料】アイリスオーヤマ 屋外LED照明 角型投光器68W 4200lm IRLDSP75L-M-W ホワイト 楽天：ガーデニングライフ,【送料無料】アイリスオーヤマ 屋外LED照明 角型投光器68W 4200lm IRLDSP75L-M-W ホワイト 楽天,　。【送料無料】アイリスオーヤマ 屋外LED照明 角型投光器68W 4200lm IRLDSP75L-M-W ホワイト 楽天[rn]
11-21182,http://tshop.r10s.jp/g-life/cabinet/jishahin4/520171-e.jpg?fitin=700:700,6652.0000,,インテリア・寝具・収納 > ライト・照明 > その他,【送料無料】アイリスオーヤマ LED置き型投光器 ILT-14AC 昼白色 楽天,　,"<font color=#FF9933 size=+1><b>置いたまま使える投光器☆</b></font><br>倉庫やアウトドアなど両手がふさがっている際も、置いたまま使えるので、作業効率が上がります。<br>1400lmの明るさで、広い範囲の狙ったところを明るく照射します。<br>照射方向を自由に（角度調節：水平～上向き45度）変更できます。<br>取っ手が付いているので、持ち運びに便利！<br>防塵・防雨型の為、屋外でも使用可能！<br>LED電球なので虫が集まりにくい！<br><br>●商品サイズ（約）：幅21×奥行23×高さ31.5cm<br>●重量：約1.8kg<br>●定格電圧・周波数：AC100V　50/60Hz<br>●定格消費電力：20W<br>●器具光束：約1,400lm<br>●色温度：5,000K<br>●設計寿命：約30,000時間<br>●使用温度：‐5℃～40℃<br>●耐じん・耐水性能：IP65<br>●角度調整範囲：0度～約45度（上方）<br>●電源コード長さ：1.5m<br>●材質：鉄（黒塗装）<br>※必ず組み立ててから使用して下さい。<br>スタンドにハンドルを差し込み、本体のブランケットと共に付属のボルト/ナットで連結します。<br>",【送料無料】アイリスオーヤマ LED置き型投光器 ILT-14AC 昼白色 楽天：ガーデニングライフ,【送料無料】アイリスオーヤマ LED置き型投光器 ILT-14AC 昼白色 楽天,　。【送料無料】アイリスオーヤマ LED置き型投光器 ILT-14AC 昼白色 楽天[rn]
11-21183,http://tshop.r10s.jp/g-life/cabinet/jishahin6/242990-e.jpg?fitin=700:700,38518.4000,,インテリア・寝具・収納 > ライト・照明 > その他,【送料無料】アイリスオーヤマ 屋外LED照明 角型投光器40W 2300lm IRLDSP40L-M-W ホワイト 楽天,　,"施設・店舗・屋外向けのLED照明★<br>
サインボード・駐車場・演出照明などに。<br>
照射面を均一に照らす角型タイプ。<br><br>
●商品サイズ（cm）：幅約23.5×奥行約6.9×高さ約21.8<br>
●重量（約）：1.8kg<br>
●材質：アルミダイカスト、ポリカーボネート<br>
<br>
●使用LED：11W型LED3ヶ<br>
●全光束：2300lm<br>
●消費電力：40w<br>
●定格電圧：100～242V<br>
●周波数：50/60Hz<br>
●色温度：3000K<br>
●演色性：Ra80<br>
●設計寿命：約40,000時間<br>
●防水性能：IP65<br>
●使用温度：-25～+35℃<br>
●1/2ビーム角：60°<br>
<br>
<font color=""red""><b>※本商品の取り付けには別途工事が必要です。<br>
※工事は必ず電気工事店（有資格者）にご依頼ください。一般の方の工事は法律で禁じられています。</b></font>",【送料無料】アイリスオーヤマ 屋外LED照明 角型投光器40W 2300lm IRLDSP40L-M-W ホワイト 楽天：ガーデニングライフ,【送料無料】アイリスオーヤマ 屋外LED照明 角型投光器40W 2300lm IRLDSP40L-M-W ホワイト 楽天,　。【送料無料】アイリスオーヤマ 屋外LED照明 角型投光器40W 2300lm IRLDSP40L-M-W ホワイト 楽天[rn]
11-21184,http://tshop.r10s.jp/g-life/cabinet/jishahin6/242976-e.jpg?fitin=700:700,45925.6000,,インテリア・寝具・収納 > ライト・照明 > その他,【送料無料】アイリスオーヤマ 屋外LED照明 角型投光器68W 5900lm IRLDSP75N-M ホワイト・ブラック 楽天,　,,【送料無料】アイリスオーヤマ 屋外LED照明 角型投光器68W 5900lm IRLDSP75N-M ホワイト・ブラック 楽天：ガーデニングライフ,【送料無料】アイリスオーヤマ 屋外LED照明 角型投光器68W 5900lm IRLDSP75N-M ホワイト・ブラック 楽天,　。【送料無料】アイリスオーヤマ 屋外LED照明 角型投光器68W 5900lm IRLDSP75N-M ホワイト・ブラック 楽天[rn]
11-21185,http://tshop.r10s.jp/g-life/cabinet/jishahin6/242987-e.jpg?fitin=700:700,38518.4000,,インテリア・寝具・収納 > ライト・照明 > その他,【送料無料】アイリスオーヤマ 屋外LED照明 角型投光器40W 2340lm IRLDSP40L-N-BK ブラック 楽天,　,"施設・店舗・屋外向けのLED照明★<br>
サインボード・駐車場・演出照明などに。<br>
照射面を均一に照らす角型タイプ。<br><br>
●商品サイズ（cm）：幅約23.5×奥行約6.9×高さ約21.8<br>
●重量（約）：1.8kg<br>
●材質：アルミダイカスト、ポリカーボネート<br>
<br>
●使用LED：11W型LED3ヶ<br>
●全光束：2340lm<br>
●消費電力：40w<br>
●定格電圧：100～242V<br>
●周波数：50/60Hz<br>
●色温度：3000K<br>
●演色性：Ra80<br>
●設計寿命：約40,000時間<br>
●防水性能：IP65<br>
●使用温度：-25～+35℃<br>
●1/2ビーム角：30°<br>
<br>
<font color=""red""><b>※本商品の取り付けには別途工事が必要です。<br>
※工事は必ず電気工事店（有資格者）にご依頼ください。一般の方の工事は法律で禁じられています。</b></font>",【送料無料】アイリスオーヤマ 屋外LED照明 角型投光器40W 2340lm IRLDSP40L-N-BK ブラック 楽天：ガーデニングライフ,【送料無料】アイリスオーヤマ 屋外LED照明 角型投光器40W 2340lm IRLDSP40L-N-BK ブラック 楽天,　。【送料無料】アイリスオーヤマ 屋外LED照明 角型投光器40W 2340lm IRLDSP40L-N-BK ブラック 楽天[rn]
11-21186,http://tshop.r10s.jp/g-life/cabinet/jishahin4/520165-e.jpg?fitin=700:700,4430.4000,,インテリア・寝具・収納 > ライト・照明 > その他,【送料無料】アイリスオーヤマ LED置き型投光器 ILT-7AC 昼白色 楽天,　,"<font color=#FF9933 size=+1><b>置いたまま使える投光器☆</b></font><br>倉庫やアウトドアなど両手がふさがっている際も、置いたまま使えるので、作業効率が上がります。<br>700lmの明るさで、広い範囲の狙ったところを明るく照射します。<br>照射方向を自由に（角度調節：水平～上向き45度）変更できます。<br>取っ手が付いているので、持ち運びに便利！<br>防塵・防雨型の為、屋外でも使用可能！<br>LED電球なので虫が集まりにくい！<br><br>●商品サイズ（約）：幅16.5×奥行17×高さ27.5cm<br>●重量：約1.1kg<br>●定格電圧・周波数：AC100V　50/60Hz<br>●定格消費電力：10W<br>●器具光束：約700lm<br>●色温度：5,000K<br>●設計寿命：約30,000時間<br>●使用温度：‐5℃～40℃<br>●耐じん・耐水性能：IP65<br>●角度調整範囲：0度～約45度（上方）<br>●電源コード長さ：1.5m<br>●材質：鉄（黒塗装）<br>※必ず組み立ててから使用して下さい。<br>スタンドにハンドルを差し込み、本体のブランケットと共に付属のボルト/ナットで連結します。<br>",【送料無料】アイリスオーヤマ LED置き型投光器 ILT-7AC 昼白色 楽天：ガーデニングライフ,【送料無料】アイリスオーヤマ LED置き型投光器 ILT-7AC 昼白色 楽天,　。【送料無料】アイリスオーヤマ LED置き型投光器 ILT-7AC 昼白色 楽天[rn]
11-21187,http://tshop.r10s.jp/g-life/cabinet/jishahin6/243029-e.jpg?fitin=700:700,28148.0000,,インテリア・寝具・収納 > ライト・照明 > その他,【送料無料】アイリスオーヤマ 屋外LED照明 角型投光器25W 2280lm IRLDSP25N-M-BK ブラック 楽天,　,"施設・店舗・屋外向けのLED照明★<br>
サインボード・駐車場・演出照明などに。<br>
照射面を均一に照らす角型タイプ。<br><br>
●商品サイズ（cm）：幅約23.5×奥行約6.9×高さ約21.8<br>
●重量（約）：1.8kg<br>
●材質：アルミダイカスト、ポリカーボネート<br>
<br>
●使用LED：11W型LED2ヶ<br>
●全光束：2280lm<br>
●消費電力：25w<br>
●定格電圧：100～242V<br>
●周波数：50/60Hz<br>
●色温度：5000K<br>
●演色性：Ra65<br>
●設計寿命：約40,000時間<br>
●防水性能：IP65<br>
●使用温度：-25～+35℃<br>
●1/2ビーム角：60°<br>
<br>
<font color=""red""><b>※本商品の取り付けには別途工事が必要です。<br>
※工事は必ず電気工事店（有資格者）にご依頼ください。一般の方の工事は法律で禁じられています。</b></font>",【送料無料】アイリスオーヤマ 屋外LED照明 角型投光器25W 2280lm IRLDSP25N-M-BK ブラック 楽天：ガーデニングライフ,【送料無料】アイリスオーヤマ 屋外LED照明 角型投光器25W 2280lm IRLDSP25N-M-BK ブラック 楽天,　。【送料無料】アイリスオーヤマ 屋外LED照明 角型投光器25W 2280lm IRLDSP25N-M-BK ブラック 楽天[rn]
11-21188,http://tshop.r10s.jp/g-life/cabinet/jishahin6/242970-e.jpg?fitin=700:700,45925.6000,,インテリア・寝具・収納 > ライト・照明 > その他,【送料無料】アイリスオーヤマ 屋外LED照明 角型投光器68W 6000lm IRLDSP75N-N-W ホワイト 楽天,　,"施設・店舗・屋外向けのLED照明★<br>
サインボード・駐車場・演出照明などに。<br>
照射面を均一に照らす角型タイプ。<br><br>
●商品サイズ（cm）：幅約25.4×奥行約6.9×高さ約25.3<br>
●重量（約）：2.3kg<br>
●材質：アルミダイカスト、ポリカーボネート<br>
<br>
●使用LED：11W型LED6ヶ<br>
●全光束：6000lm<br>
●消費電力：68w<br>
●定格電圧：100～242V<br>
●周波数：50/60Hz<br>
●色温度：5000K<br>
●演色性：Ra65<br>
●設計寿命：約40,000時間<br>
●使用温度：-25～+35℃<br>
●防水性能：IP65<br>
●1/2ビーム角：30°<br>
<br>
<font color=""red""><b>※本商品の取り付けには別途工事が必要です。<br>
※工事は必ず電気工事店（有資格者）にご依頼ください。一般の方の工事は法律で禁じられています。</b></font>",【送料無料】アイリスオーヤマ 屋外LED照明 角型投光器68W 6000lm IRLDSP75N-N-W ホワイト 楽天：ガーデニングライフ,【送料無料】アイリスオーヤマ 屋外LED照明 角型投光器68W 6000lm IRLDSP75N-N-W ホワイト 楽天,　。【送料無料】アイリスオーヤマ 屋外LED照明 角型投光器68W 6000lm IRLDSP75N-N-W ホワイト 楽天[rn]
11-21189,http://tshop.r10s.jp/g-life/cabinet/jishahin6/242994-e.jpg?fitin=700:700,38518.4000,,インテリア・寝具・収納 > ライト・照明 > その他,【送料無料】アイリスオーヤマ 屋外LED照明 角型投光器40W 2380lm IRLDSP40L-W-W ホワイト 楽天,　,"施設・店舗・屋外向けのLED照明★<br>
サインボード・駐車場・演出照明などに。<br>
照射面を均一に照らす角型タイプ。<br><br>
●商品サイズ（cm）：幅約23.5×奥行約6.9×高さ約21.8<br>
●重量（約）：1.8kg<br>
●材質：アルミダイカスト、ポリカーボネート<br>
<br>
●使用LED：11W型LED3ヶ<br>
●全光束：2380lm<br>
●消費電力：40w<br>
●定格電圧：100～242V<br>
●周波数：50/60Hz<br>
●色温度：3000K<br>
●演色性：Ra80<br>
●設計寿命：約40,000時間<br>
●防水性能：IP65<br>
●使用温度：-25～+35℃<br>
●1/2ビーム角：80°<br>
<br>
<font color=""red""><b>※本商品の取り付けには別途工事が必要です。<br>
※工事は必ず電気工事店（有資格者）にご依頼ください。一般の方の工事は法律で禁じられています。</b></font>",【送料無料】アイリスオーヤマ 屋外LED照明 角型投光器40W 2380lm IRLDSP40L-W-W ホワイト 楽天：ガーデニングライフ,【送料無料】アイリスオーヤマ 屋外LED照明 角型投光器40W 2380lm IRLDSP40L-W-W ホワイト 楽天,　。【送料無料】アイリスオーヤマ 屋外LED照明 角型投光器40W 2380lm IRLDSP40L-W-W ホワイト 楽天[rn]
11-21190,http://tshop.r10s.jp/g-life/cabinet/jishahin6/242993-e.jpg?fitin=700:700,38518.4000,,インテリア・寝具・収納 > ライト・照明 > その他,【送料無料】アイリスオーヤマ 屋外LED照明 角型投光器40W 3300lm IRLDSP40N-W-BK ブラック 楽天,　,"施設・店舗・屋外向けのLED照明★<br>
サインボード・駐車場・演出照明などに。<br>
照射面を均一に照らす角型タイプ。<br><br>
●商品サイズ（cm）：幅約23.5×奥行約6.9×高さ約21.8<br>
●重量（約）：1.8kg<br>
●材質：アルミダイカスト、ポリカーボネート<br>
<br>
●使用LED：11W型LED3ヶ<br>
●全光束：3300lm<br>
●消費電力：40w<br>
●定格電圧：100～242V<br>
●周波数：50/60Hz<br>
●色温度：5000K<br>
●演色性：Ra65<br>
●設計寿命：約40,000時間<br>
●防水性能：IP65<br>
●使用温度：-25～+35℃<br>
●1/2ビーム角：80°<br>
<br>
<font color=""red""><b>※本商品の取り付けには別途工事が必要です。<br>
※工事は必ず電気工事店（有資格者）にご依頼ください。一般の方の工事は法律で禁じられています。</b></font>",【送料無料】アイリスオーヤマ 屋外LED照明 角型投光器40W 3300lm IRLDSP40N-W-BK ブラック 楽天：ガーデニングライフ,【送料無料】アイリスオーヤマ 屋外LED照明 角型投光器40W 3300lm IRLDSP40N-W-BK ブラック 楽天,　。【送料無料】アイリスオーヤマ 屋外LED照明 角型投光器40W 3300lm IRLDSP40N-W-BK ブラック 楽天[rn]
11-21191,http://tshop.r10s.jp/g-life/cabinet/jishahin6/242982-e.jpg?fitin=700:700,45925.6000,,インテリア・寝具・収納 > ライト・照明 > その他,【送料無料】アイリスオーヤマ 屋外LED照明 角型投光器68W 4400lm IRLDSP75L-W-W ホワイト 楽天,　,"施設・店舗・屋外向けのLED照明★<br>
サインボード・駐車場・演出照明などに。<br>
照射面を均一に照らす角型タイプ。<br><br>
●商品サイズ（cm）：幅約25.4×奥行約6.9×高さ約25.3<br>
●重量（約）：2.3kg<br>
●材質：ポリカーボネート、アルミダイカスト<br>
<br>
●使用LED：11W型LED6ヶ<br>
●全光束：4400lm<br>
●消費電力：68w<br>
●定格電圧：100～242V<br>
●周波数：50/60Hz<br>
●色温度：3000K<br>
●演色性：Ra80<br>
●設計寿命：約40,000時間<br>
●防水性能：IP65<br>
●使用温度：-25～+35℃<br>
●1/2ビーム角：80°<br>
<br>
<font color=""red""><b>※本商品の取り付けには別途工事が必要です。<br>
※工事は必ず電気工事店（有資格者）にご依頼ください。一般の方の工事は法律で禁じられています。</b></font>",【送料無料】アイリスオーヤマ 屋外LED照明 角型投光器68W 4400lm IRLDSP75L-W-W ホワイト 楽天：ガーデニングライフ,【送料無料】アイリスオーヤマ 屋外LED照明 角型投光器68W 4400lm IRLDSP75L-W-W ホワイト 楽天,　。【送料無料】アイリスオーヤマ 屋外LED照明 角型投光器68W 4400lm IRLDSP75L-W-W ホワイト 楽天[rn]
11-21192,http://tshop.r10s.jp/rack-kan/cabinet/tasya/9682497.jpg?fitin=700:700,4640.0000,,インテリア・寝具・収納 > ライト・照明 > その他,【送料無料】スタンドライトPachira パキラNSN-202【NGL】【TC】,全品送料無料＆人気商品P10倍,"<font color=""skyblue"">照明を点けるとパキラが浮かび上がるようなライトです。</font><br>
観葉植物で人気のある「パキラ」をモチーフとしたシェードが可愛スタンドライト。<br>
消灯時もお部屋のインテリアとしておしゃれに決めてくれます。<br>
<br>
●商品サイズ（約）：幅27×奥行き27×高さ23cm<br>
●材質：ポリプロピレン<br>
●コードの長さ：約200cm<br>
●電球：一般球/E17 25W ミニ球(クリア）×1<br><br><br><!--smp_recoitem[inte] 以下タグ編集不可-->
<iframe =""""="""" src=""http://www.rakuten.ne.jp/gold/rack-kan/corner/smp_u_items_inte.html"" scrolling=""No"" frameborder=""0"" class=""frame"" width=""100%""></iframe ="""">
<link rel=""stylesheet"" ="""" href=""http://www.rakuten.ne.jp/gold/rack-kan/common/js/smpiframe.css"">
<script src=""http://www.rakuten.ne.jp/gold/rack-kan/common/js/autoheightiframe.js?2"" type=""text/javascript"" =""""=""""></script 　　　　　　　　　　　　　　　　　　>
</div 　　　 >
<!--/smp_recoitem[inte]-->",【送料無料】スタンドライトPachira パキラNSN-202【NGL】【TC】：収納・家具・寝具の収納宅配館,アイリスオーヤマエアウィーヴカラーボックス敷きパッドクール寝具マットレスチェストメタルラックラックパイプハンガー布団セット収納ボックス本棚送料無料ケース座椅子シンサレート掛け布団コルクマット収納【送料無料】スタンドライトPachira パキラNSN-202【NGL】【TC】,全品送料無料＆人気商品P10倍。【送料無料】スタンドライトPachira パキラNSN-202【NGL】【TC】[rn]
11-21193,http://tshop.r10s.jp/kaguin/cabinet/tasya4/9841156-all-e.jpg?fitin=700:700,4556.8000,,インテリア・寝具・収納 > ライト・照明 > その他,TWINBIRD〔ツインバード〕ＬＥＤふとんライトLE-H224W 〔LEH224W LEDライト ベッドライト 就寝灯 読書灯 サーチライト 懐中電灯 スタンドライト〕【TW】【TC】【取寄せ品】,【今だけ店内全品送料無料!!】,,TWINBIRD〔ツインバード〕ＬＥＤふとんライトLE-H224W 〔LEH224W LEDライト ベッドライト 就寝灯 読書灯 サーチライト 懐中電灯 スタンドライト〕【TW】【TC】【取寄せ品】：家具インテリア館,ソファラグカーペット布団家具こたつ布団本棚カラーボックスメタルラック寝具％OFFソファベット座椅子HGチェストTV台テレビ台ベッドワードローブマットレスTWINBIRD〔ツインバード〕ＬＥＤふとんライトLE-H224W 〔LEH224W LEDライト ベッドライト 就寝灯 読書灯 サーチライト 懐中電灯 スタンドライト〕【TW】【TC】【取寄せ品】,【今だけ店内全品送料無料!!】。TWINBIRD〔ツインバード〕ＬＥＤふとんライトLE-H224W 〔LEH224W LEDライト ベッドライト 就寝灯 読書灯 サーチライト 懐中電灯 スタンドライト〕【TW】【TC】【取寄せ品】[rn]
11-21194,http://tshop.r10s.jp/kaguin/cabinet/nagasawa/9683768-e.jpg?fitin=700:700,24000.0000,,インテリア・寝具・収納 > ライト・照明 > その他,【TC】クリンカ フロアライト SL-823 キシマ 北欧 アンティーク ダイニング リビング 寝室 デスクライト 食卓 照明 モダン おしゃれ オシャレ お洒落 ロングセラー フロアーライト 【B】【kishima】【NGL】【取寄せ品】[P10],【今だけ店内全品送料無料!!】,"灯りをともすと幻想的な琥珀色の灯りが広がるフロアライト☆<br>波板状のガラスの内側に、小さなガラス粒がちりばめられています。<br><br>■使用電球：E17 40Wクリアシャンデリア球×3付<br>■商品サイズ（約）：幅45×奥行き35×高さ172cm<br>■材質：アンバーガラス、スチール<br>■スイッチ：フットスイッチ<br><br><font color=magenta>☆★おすすめ商品★☆</font><br>アバカ テーブルライト KAF-649・KL-10073<br>クリンカ テーブルライト KL-10039<br>クリンカ テーブルライト KL-10040<br>クリンカ テーブルライト KL-10041<br>クリンカ テーブルライト SL-821<br>クリンカ フロアライト SL-823<br><!--▼共通フッダー（2.2更新）-->
<br><br>
<hr>
<font color=""#bdb76b"" size=""2""><b>
□理想のキッチンに。-キッチン収納家具特集-</b></font><br><br>
<font color=""#bdb76b"" size=""2""><b>
□お気に入りが見つかる。-ソファ特集-</b></font><br><hr>
<font color=""#c0c0c0"" size=""3""><b>当店おすすめ-pickup item-</b></font><br><br>
<img width=""100%"" 　　　　　　　　　　　　　　 img 
src=http://image.rakuten.co.jp/kaguin/cabinet/baner/smp/7038150-2.jpg><br>
<font color=""#bc8f8f"" size=""2"">作業が快適な広々天板</font><br>
<br>
<img width=""100%"" 　　　　　　　　　　　　　　 img 
src=http://image.rakuten.co.jp/kaguin/cabinet/baner/smp/7053332.jpg><br>
<font color=""#bc8f8f"" size=""2"">心地よく過ごせる空間と時間を</font><br>
<br>
<img width=""100%"" 　　　　　　　　　　　　　　 img 
src=http://image.rakuten.co.jp/kaguin/cabinet/baner/smp/7059727.jpg><br>
<font color=""#bc8f8f"" size=""2"">くつろぎソファでゆったりLife</font><br>
<br><br>
<img width=""100%"" 　　　　　　　　　　　　　　 img 
src=http://image.rakuten.co.jp/kaguin/cabinet/baner/smp/couponbana.jpg><br>
<font color=""#bc8f8f"" size=""2"">着後レビュー投稿＆当店までメールで報告</font><br>
<br><br>",【TC】クリンカ フロアライト SL-823 キシマ 北欧 アンティーク ダイニング リビング 寝室 デスクライト 食卓 照明 モダン おしゃれ オシャレ お洒落 ロングセラー フロアーライト 【B】【kishima】【NGL】【取寄せ品】[P10]：家具インテリア館,ソファラグカーペット布団家具こたつ布団本棚カラーボックスメタルラック寝具％OFFソファベット座椅子HGチェストTV台テレビ台ベッドワードローブマットレス【TC】クリンカ フロアライト SL-823 キシマ 北欧 アンティーク ダイニング リビング 寝室 デスクライト 食卓 照明 モダン おしゃれ オシャレ お洒落 ロングセラー フロアーライト 【B】【kishima】【NGL】【取寄せ品】[P10],【今だけ店内全品送料無料!!】。【TC】クリンカ フロアライト SL-823 キシマ 北欧 アンティーク ダイニング リビング 寝室 デスクライト 食卓 照明 モダン おしゃれ オシャレ お洒落 ロングセラー フロアーライト 【B】【kishima】【NGL】【取寄せ品】[P10][rn]
11-21195,http://tshop.r10s.jp/bbstyle/cabinet/nagasawa/9683782-all-e.jpg?fitin=700:700,5440.0000,,インテリア・寝具・収納 > ライト・照明 > その他,【送料無料】【TC】ルヴェール テーブルライト KL-10260・KL-10261 AntiqueWhite×Clear・AntiqueBrown×Amber ダイニング テーブル 卓上照明 北欧 アンティーク おしゃれ プレゼント 教会 上品 シック ロマンチック インテリア 【NGL】,当店人気商品ﾎﾟｲﾝﾄ10倍&amp;税抜9000円以上購入で送料無料,,【送料無料】【TC】ルヴェール テーブルライト KL-10260・KL-10261 AntiqueWhite&times;Clear・AntiqueBrown&times;Amber ダイニング テーブル 卓上照明 北欧 アンティーク おしゃれ プレゼント 教会 上品 シック ロマンチック インテリア 【NGL】：ベッド・寝具・雑貨 B＆Bスタイル,折りたたみベッドアイリスオーヤマエアリーマットレスソファーベッドOTB-ラックアイリスオーヤマ 収納イームズチェアフランスベッドアテックス ATEXすのこベッド布団セットシングルベッド寝具ふとん西川リビングブリヂストンマットレス電動ベッド介護ベッド【送料無料】【TC】ルヴェール テーブルライト KL-10260・KL-10261 AntiqueWhite&times;Clear・AntiqueBrown&times;Amber ダイニング テーブル 卓上照明 北欧 アンティーク おしゃれ プレゼント 教会 上品 シック ロマンチック インテリア 【NGL】,当店人気商品ﾎﾟｲﾝﾄ10倍&amp;税抜9000円以上購入で送料無料。【送料無料】【TC】ルヴェール テーブルライト KL-10260・KL-10261 AntiqueWhite&times;Clear・AntiqueBrown&times;Amber ダイニング テーブル 卓上照明 北欧 アンティーク おしゃれ プレゼント 教会 上品 シック ロマンチック インテリア 【NGL】[rn]
11-21196,http://tshop.r10s.jp/bbstyle/cabinet/nagasawa/9683762-all-e.jpg?fitin=700:700,3040.0000,,インテリア・寝具・収納 > ライト・照明 > その他,【TC】アバカ テーブルライト KAF-649・KL-10073 Natural・Brown 寝室 リビング ダイニング 玄関 あじあん アジアンテイスト テーブルランプ デスクライト キシマ 定番 ABACA おしゃれ 【B】【kishima】【NGL】,当店人気商品ﾎﾟｲﾝﾄ10倍&amp;税抜9000円以上購入で送料無料,,【TC】アバカ テーブルライト KAF-649・KL-10073 Natural・Brown 寝室 リビング ダイニング 玄関 あじあん アジアンテイスト テーブルランプ デスクライト キシマ 定番 ABACA おしゃれ 【B】【kishima】【NGL】：ベッド・寝具・雑貨 B＆Bスタイル,折りたたみベッドアイリスオーヤマエアリーマットレスソファーベッドOTB-ラックアイリスオーヤマ 収納イームズチェアフランスベッドアテックス ATEXすのこベッド布団セットシングルベッド寝具ふとん西川リビングブリヂストンマットレス電動ベッド介護ベッド【TC】アバカ テーブルライト KAF-649・KL-10073 Natural・Brown 寝室 リビング ダイニング 玄関 あじあん アジアンテイスト テーブルランプ デスクライト キシマ 定番 ABACA おしゃれ 【B】【kishima】【NGL】,当店人気商品ﾎﾟｲﾝﾄ10倍&amp;税抜9000円以上購入で送料無料。【TC】アバカ テーブルライト KAF-649・KL-10073 Natural・Brown 寝室 リビング ダイニング 玄関 あじあん アジアンテイスト テーブルランプ デスクライト キシマ 定番 ABACA おしゃれ 【B】【kishima】【NGL】[rn]
11-21197,http://tshop.r10s.jp/bbstyle/cabinet/nagasawa/9683764-e.jpg?fitin=700:700,3600.0000,,インテリア・寝具・収納 > ライト・照明 > その他,【TC】クリンカ テーブルライト KL-10039 キシマ 北欧 アンティーク ダイニング リビング 寝室 デスクライト 食卓 照明 モダン おしゃれ オシャレ お洒落 ロングセラー 【B】【kishima】【NGL】,当店人気商品ﾎﾟｲﾝﾄ10倍&amp;税抜9000円以上購入で送料無料,"灯りをともすと幻想的な琥珀色の灯りが広がるテーブルライト☆<br>
波板状のガラスの内側に、小さなガラス粒がちりばめられています。<br><br>
■使用電球：E12 10Wクリアナツメ球付<br>■商品サイズ（約）：幅10.5×奥行き10.5×高さ23cm<br>■材質：アンバーガラス、スチール<br>■スイッチ：中間スイッチ<br><br><font color=magenta><b>☆★おすすめ商品★☆</b></font><br>
<b>アバカ テーブルライト KAF-649・KL-10073</b><br>
<b>クリンカ テーブルライト KL-10039</b><br>
<b>クリンカ テーブルライト KL-10040</b><br>
<b>クリンカ テーブルライト KL-10041</b><br>
<b>クリンカ テーブルライト SL-821</b><br>
<b>クリンカ フロアライト SL-823</b><br><br><!--▼クール特集▼--><font color=""#87cefa"" size=""3""><b>この夏当店おすすめアイテム♪<br>さらに、一部商品ポイントUP♪</font></b><br><img src=""http://image.rakuten.co.jp/bbstyle/cabinet/04638087/title_hoka2.jpg""  border=""0"" width=""100%""><br>",【TC】クリンカ テーブルライト KL-10039 キシマ 北欧 アンティーク ダイニング リビング 寝室 デスクライト 食卓 照明 モダン おしゃれ オシャレ お洒落 ロングセラー 【B】【kishima】【NGL】：ベッド・寝具・雑貨 B＆Bスタイル,折りたたみベッドアイリスオーヤマエアリーマットレスソファーベッドOTB-ラックアイリスオーヤマ 収納イームズチェアフランスベッドアテックス ATEXすのこベッド布団セットシングルベッド寝具ふとん西川リビングブリヂストンマットレス電動ベッド介護ベッド【TC】クリンカ テーブルライト KL-10039 キシマ 北欧 アンティーク ダイニング リビング 寝室 デスクライト 食卓 照明 モダン おしゃれ オシャレ お洒落 ロングセラー 【B】【kishima】【NGL】,当店人気商品ﾎﾟｲﾝﾄ10倍&amp;税抜9000円以上購入で送料無料。【TC】クリンカ テーブルライト KL-10039 キシマ 北欧 アンティーク ダイニング リビング 寝室 デスクライト 食卓 照明 モダン おしゃれ オシャレ お洒落 ロングセラー 【B】【kishima】【NGL】[rn]
11-21198,http://tshop.r10s.jp/bbstyle/cabinet/nagasawa/9683765-e.jpg?fitin=700:700,4800.0000,,インテリア・寝具・収納 > ライト・照明 > その他,【送料無料】【TC】クリンカ テーブルライト KL-10040 キシマ 北欧 アンティーク ダイニング リビング 寝室 デスクライト 食卓 照明 モダン おしゃれ オシャレ お洒落 ロングセラー 【B】【kishima】【NGL】,当店人気商品ﾎﾟｲﾝﾄ10倍&amp;税抜9000円以上購入で送料無料,"灯りをともすと幻想的な琥珀色の灯りが広がるテーブルライト☆<br>
波板状のガラスの内側に、小さなガラス粒がちりばめられています。<br><br>
■使用電球：E12 10Wクリアナツメ球×2付<br>■商品サイズ（約）：幅22.5×奥行き11×高さ26.5cm<br>■材質：アンバーガラス、スチール<br>■スイッチ：中間スイッチ<br><br><font color=magenta><b>☆★おすすめ商品★☆</b></font><br>
<b>アバカ テーブルライト KAF-649・KL-10073</b><br>
<b>クリンカ テーブルライト KL-10039</b><br>
<b>クリンカ テーブルライト KL-10040</b><br>
<b>クリンカ テーブルライト KL-10041</b><br>
<b>クリンカ テーブルライト SL-821</b><br>
<b>クリンカ フロアライト SL-823</b><br><br><!--▼ｸｰﾙ特集▼--><font color=""#87cefa"" size=""3""><b>この夏当店おすすめアイテム♪<br>さらに、一部商品ポイントUP♪</font></b><br><img src=""http://image.rakuten.co.jp/bbstyle/cabinet/04638087/title_hoka2.jpg""  border=""0"" width=""100%""><br>",【送料無料】【TC】クリンカ テーブルライト KL-10040 キシマ 北欧 アンティーク ダイニング リビング 寝室 デスクライト 食卓 照明 モダン おしゃれ オシャレ お洒落 ロングセラー 【B】【kishima】【NGL】：ベッド・寝具・雑貨 B＆Bスタイル,折りたたみベッドアイリスオーヤマエアリーマットレスソファーベッドOTB-ラックアイリスオーヤマ 収納イームズチェアフランスベッドアテックス ATEXすのこベッド布団セットシングルベッド寝具ふとん西川リビングブリヂストンマットレス電動ベッド介護ベッド【送料無料】【TC】クリンカ テーブルライト KL-10040 キシマ 北欧 アンティーク ダイニング リビング 寝室 デスクライト 食卓 照明 モダン おしゃれ オシャレ お洒落 ロングセラー 【B】【kishima】【NGL】,当店人気商品ﾎﾟｲﾝﾄ10倍&amp;税抜9000円以上購入で送料無料。【送料無料】【TC】クリンカ テーブルライト KL-10040 キシマ 北欧 アンティーク ダイニング リビング 寝室 デスクライト 食卓 照明 モダン おしゃれ オシャレ お洒落 ロングセラー 【B】【kishima】【NGL】[rn]
11-21199,http://tshop.r10s.jp/bbstyle/cabinet/nagasawa/9683766-e.jpg?fitin=700:700,3200.0000,,インテリア・寝具・収納 > ライト・照明 > その他,【TC】クリンカ テーブルライト KL-10041 キシマ 北欧 アンティーク ダイニング リビング 寝室 デスクライト 食卓 照明 モダン おしゃれ オシャレ お洒落 ロングセラー 【B】【kishima】【NGL】,当店人気商品ﾎﾟｲﾝﾄ10倍&amp;税抜9000円以上購入で送料無料,"灯りをともすと幻想的な琥珀色の灯りが広がるテーブルライト☆<br>
波板状のガラスの内側に、小さなガラス粒がちりばめられています。<br><br>
■使用電球：E12 10Wクリアナツメ球付<br>■商品サイズ（約）：幅10×奥行き10×高さ16cm<br>■材質：アンバーガラス、スチール<br>■スイッチ：中間スイッチ<br><br><font color=magenta><b>☆★おすすめ商品★☆</b></font><br>
<b>アバカ テーブルライト KAF-649・KL-10073</b><br>
<b>クリンカ テーブルライト KL-10039</b><br>
<b>クリンカ テーブルライト KL-10040</b><br>
<b>クリンカ テーブルライト KL-10041</b><br>
<b>クリンカ テーブルライト SL-821</b><br>
<b>クリンカ フロアライト SL-823</b><br><br><!--▼ｸｰﾙ特集▼--><font color=""#87cefa"" size=""3""><b>この夏当店おすすめアイテム♪<br>さらに、一部商品ポイントUP♪</font></b><br><img src=""http://image.rakuten.co.jp/bbstyle/cabinet/04638087/title_hoka2.jpg""  border=""0"" width=""100%""><br>",【TC】クリンカ テーブルライト KL-10041 キシマ 北欧 アンティーク ダイニング リビング 寝室 デスクライト 食卓 照明 モダン おしゃれ オシャレ お洒落 ロングセラー 【B】【kishima】【NGL】：ベッド・寝具・雑貨 B＆Bスタイル,折りたたみベッドアイリスオーヤマエアリーマットレスソファーベッドOTB-ラックアイリスオーヤマ 収納イームズチェアフランスベッドアテックス ATEXすのこベッド布団セットシングルベッド寝具ふとん西川リビングブリヂストンマットレス電動ベッド介護ベッド【TC】クリンカ テーブルライト KL-10041 キシマ 北欧 アンティーク ダイニング リビング 寝室 デスクライト 食卓 照明 モダン おしゃれ オシャレ お洒落 ロングセラー 【B】【kishima】【NGL】,当店人気商品ﾎﾟｲﾝﾄ10倍&amp;税抜9000円以上購入で送料無料。【TC】クリンカ テーブルライト KL-10041 キシマ 北欧 アンティーク ダイニング リビング 寝室 デスクライト 食卓 照明 モダン おしゃれ オシャレ お洒落 ロングセラー 【B】【kishima】【NGL】[rn]
11-21200,http://tshop.r10s.jp/bbstyle/cabinet/nagasawa/9683767-e.jpg?fitin=700:700,7200.0000,,インテリア・寝具・収納 > ライト・照明 > その他,【送料無料】【TC】クリンカ テーブルライト SL-821 キシマ 北欧 アンティーク ダイニング リビング 寝室 デスクライト 食卓 照明 モダン おしゃれ オシャレ お洒落 ロングセラー 【B】【kishima】【NGL】,当店人気商品ﾎﾟｲﾝﾄ10倍&amp;税抜9000円以上購入で送料無料,"灯りをともすと幻想的な琥珀色の灯りが広がるテーブルライト☆<br>
波板状のガラスの内側に、小さなガラス粒がちりばめられています。<br><br>
■使用電球：E17 40Wクリアシャンデリア球付<br>■商品サイズ（約）：幅20.5×奥行き14×高さ37cm<br>■材質：アンバーガラス、スチール<br>■スイッチ：中間スイッチ<br><br><font color=magenta><b>☆★おすすめ商品★☆</b></font><br>
<b>アバカ テーブルライト KAF-649・KL-10073</b><br>
<b>クリンカ テーブルライト KL-10039</b><br>
<b>クリンカ テーブルライト KL-10040</b><br>
<b>クリンカ テーブルライト KL-10041</b><br>
<b>クリンカ テーブルライト SL-821</b><br>
<b>クリンカ フロアライト SL-823</b><br><br><!--▼ｸｰﾙ特集▼--><font color=""#87cefa"" size=""3""><b>この夏当店おすすめアイテム♪<br>さらに、一部商品ポイントUP♪</font></b><br><img src=""http://image.rakuten.co.jp/bbstyle/cabinet/04638087/title_hoka2.jpg""  border=""0"" width=""100%""><br>",【送料無料】【TC】クリンカ テーブルライト SL-821 キシマ 北欧 アンティーク ダイニング リビング 寝室 デスクライト 食卓 照明 モダン おしゃれ オシャレ お洒落 ロングセラー 【B】【kishima】【NGL】：ベッド・寝具・雑貨 B＆Bスタイル,折りたたみベッドアイリスオーヤマエアリーマットレスソファーベッドOTB-ラックアイリスオーヤマ 収納イームズチェアフランスベッドアテックス ATEXすのこベッド布団セットシングルベッド寝具ふとん西川リビングブリヂストンマットレス電動ベッド介護ベッド【送料無料】【TC】クリンカ テーブルライト SL-821 キシマ 北欧 アンティーク ダイニング リビング 寝室 デスクライト 食卓 照明 モダン おしゃれ オシャレ お洒落 ロングセラー 【B】【kishima】【NGL】,当店人気商品ﾎﾟｲﾝﾄ10倍&amp;税抜9000円以上購入で送料無料。【送料無料】【TC】クリンカ テーブルライト SL-821 キシマ 北欧 アンティーク ダイニング リビング 寝室 デスクライト 食卓 照明 モダン おしゃれ オシャレ お洒落 ロングセラー 【B】【kishima】【NGL】[rn]
