11-5401,http://tshop.r10s.jp/kenko-depart/cabinet/gazo/pege/minon_d_skin_soap.jpg?fitin=700:700,656.8000,,美容・コスメ・香水 > ボディケア > 石けん・ボディソープ,ミノン薬用スキンソープ　80ｇ,,"■メーカー名：第一三共ヘルスケア株式会社

 販売名：ミノン-De　　医薬部外品
◎特長
アレルギーの原因物質を極力カット。無着色・無香料。防腐剤無添加。
5つの成分（うち有効成分2種）で作られているシンプル処方（水を除く）。
健康な素肌と同じ弱酸性。素肌に余分な負担をかけません。
うるおいを守りながら汚れを洗い流し、洗いあがりはつっぱらず、しっとりすべすべです。

皮膚の清浄、にきび・かみそりまけ及び肌あれを防ぐ。

[有効成分]
アラントイン、グリチルリチン酸アンモニウム
[その他の成分]
アシルグルタミン酸Na、セタノール、酸化チタン
＜使用方法＞

水またはぬるま湯でよく泡立ててご使用ください。その後よく洗い流してください。",ミノン薬用スキンソープ　80ｇ：健康デパート,通信販売通販ショッピングオンラインショッピング買い物プレゼントギフト贈り物贈答品お中元お歳暮お買い得ミノン薬用スキンソープ　80ｇ,医薬部外品 肌あれ防止成分配合ミノン石けん。ミノン薬用スキンソープ　80ｇ[rn]
11-5402,http://tshop.r10s.jp/kenko-depart/cabinet/gazou9/419800.gif?fitin=700:700,568.0000,,美容・コスメ・香水 > ボディケア > 石けん・ボディソープ,ケアセラ 高保湿ボディ乳液 200ml　/　ケアセラ ボディ乳液,,ケアセラ ボディ乳液,ケアセラ 高保湿ボディ乳液 200ml　/　ケアセラ ボディ乳液：健康デパート,通信販売通販ショッピングオンラインショッピング買い物プレゼントギフト贈り物贈答品お中元お歳暮お買い得ケアセラ 高保湿ボディ乳液 200ml　/　ケアセラ ボディ乳液,粉ふきや肌あれを繰り返す、乾燥肌へ。。ケアセラ 高保湿ボディ乳液 200ml　/　ケアセラ ボディ乳液[rn]
11-5403,http://tshop.r10s.jp/kenko-depart/cabinet/gazou9/442003.jpg?fitin=700:700,501.6000,,美容・コスメ・香水 > ボディケア > 石けん・ボディソープ,ロート製薬　ケアセラ 　高保湿リップクリーム,,"ケアセラ 高保湿リップクリームについて

「ケアセラ高保湿リップクリーム」は、セラミドラップ※で水分の蒸散を抑え、乾燥を防いでうるおいを密封するリップクリーム。

唇のうるおいに大切なセラミドの働きを守り、補う、「セラミドバリアケア」。天然型マルチセラミド（うるおい成分）＊1と、ひと肌でとろけるスーパーソフトワセリン（うるおい成分）＊2を配合。

使うたび、しっとりやわらかに。かさついた唇にもやさしくぬりのばせ、しっかりカバーします。

無香料。低刺激性。パラベンフリー。敏感肌の方の協力によるパッチテスト済み＊3。

※うるおい成分の天然型マルチセラミド＊1を配合したリップクリーム。
＊1：セラミド1、セラミド2、セラミド3、セラミド6II、セラミドEOS、カプロオイルフィトスフィンゴシン、カプロオイルスフィンゴシン
＊2：ワセリン（うるおい成分）の一部に使用
＊3：すべての方に刺激が起こらないというわけではありません

★販売名：ケアセラリップクリーム",ロート製薬　ケアセラ 　高保湿リップクリーム：健康デパート,通信販売通販ショッピングオンラインショッピング買い物プレゼントギフト贈り物贈答品お中元お歳暮お買い得ロート製薬　ケアセラ 　高保湿リップクリーム,乾燥を防いでうるおいを密封するリップクリーム。。ロート製薬　ケアセラ 　高保湿リップクリーム[rn]
11-5404,http://tshop.r10s.jp/kenko-depart/cabinet/gazou9/img4987241142972.jpg?fitin=700:700,413.6000,,美容・コスメ・香水 > ボディケア > 石けん・ボディソープ,ケアセラ 泡の高保湿 ボディウォッシュ フルーティローズの香り　替　350mL,,"ケアセラ 泡の高保湿 ボディウォッシュ　フルーティローズの香り
”セラミドホイップ”で洗うたび潤う肌へ

1. こだわりのうるおい成分
天然型マルチセラミド(７種類のセラミド)※5、
コレステロール、脂肪酸※6、３つの植物エキス※7 配合。

2. セラミドを守って洗いあげる「次世代洗浄技術」※4
セラミドなどの肌のうるおい成分は守り、取り除きたい汚れだけを選んで落とす「選択洗浄技術」を採用。

3. たっぷりの泡と手で洗う
1プッシュの泡の量は一般的な泡で出てくるポンプ式洗浄料の3倍(自社比較)。たっぷりの泡と手で洗う事でうるおいを残します。",ケアセラ 泡の高保湿 ボディウォッシュ フルーティローズの香り　替　350mL：健康デパート,通信販売通販ショッピングオンラインショッピング買い物プレゼントギフト贈り物贈答品お中元お歳暮お買い得ケアセラ 泡の高保湿 ボディウォッシュ フルーティローズの香り　替　350mL,くり返す乾燥肌に。肌のうるおいを守りながら洗う。ケアセラ 泡の高保湿 ボディウォッシュ フルーティローズの香り　替　350mL[rn]
11-5405,http://tshop.r10s.jp/kenko-depart/cabinet/gazou4/img4987107616036.jpg?fitin=700:700,777.6000,,美容・コスメ・香水 > ボディケア > 石けん・ボディソープ,ミノンベビー全身シャンプー　350ml　ポンプ　泡,,"■メーカー：第一三共ヘルスケア株式会社
JANコード4987107616036

〔特長〕
洗浄成分は100％植物性アミノ酸系洗浄成分。無香料・低刺激。 

赤ちゃんの素肌と同じ弱酸性。泡で出てくるタイプなので片手で洗う時にも便利です。

まだバリア機能が未完成な赤ちゃんの肌を守りながら汚れを落とす保湿洗浄料です。


〔使用法〕
適量を直接手にとり、軽くなでるように洗ってください。その後、ていねいに洗い流してください。髪を洗う場合は、髪をよくしめらせ適量をつけ、頭皮をやさしくマッサージするように洗い、充分にすすいでください。

〔成分〕
水、ココイルグルタミン酸K、BG、水酸化K、メチルパラベン、安息香酸Na",ミノンベビー全身シャンプー　350ml　ポンプ　泡：健康デパート,通信販売通販ショッピングオンラインショッピング買い物プレゼントギフト贈り物贈答品お中元お歳暮お買い得ミノンベビー全身シャンプー　350ml　ポンプ　泡,赤ちゃんの敏感なカサカサ肌に。。ミノンベビー全身シャンプー　350ml　ポンプ　泡[rn]
11-5406,http://tshop.r10s.jp/kenko-depart/cabinet/gazou9/419869.gif?fitin=700:700,741.6000,,美容・コスメ・香水 > ボディケア > 石けん・ボディソープ,ケアセラ 高保湿ボディクリーム　/ケアセラ　ボディクリーム,,"「ケアセラ 高保湿ボディクリーム」は、天然型マルチセラミド＊1や3種の植物エキス＊2など、こだわりのうるおい成分を配合した、くり返す乾燥肌用のボディクリーム。
コクのあるリッチな使い心地。肌なじみがよく、特に乾燥が気になる肌にもやさしく塗りのばせ、うるおいが長時間持続します。
弱酸性、低刺激性、パラベンフリー。
敏感肌の方の協力によるパッチテスト済み＊3。
心やすらぐ、ピュアフローラルの香り。
＊1：セラミド1、セラミド2、セラミド3、セラミド6II、セラミドEOS、カプロオイルフィトスフィンゴシン、カプロオイルスフィンゴシン
＊2：タンブリッサトリコフィラ葉エキス、フキ葉／茎エキス、カミツレ花エキス
＊3：すべての方に刺激が起こらないというわけではありません。
★販売名：ケアセラボディクリーム",ケアセラ 高保湿ボディクリーム　/ケアセラ　ボディクリーム：健康デパート,通信販売通販ショッピングオンラインショッピング買い物プレゼントギフト贈り物贈答品お中元お歳暮お買い得ケアセラ 高保湿ボディクリーム　/ケアセラ　ボディクリーム,粉ふきや肌あれを繰り返す、乾燥肌へ。。ケアセラ 高保湿ボディクリーム　/ケアセラ　ボディクリーム[rn]
11-5407,http://tshop.r10s.jp/kenko-depart/cabinet/gazou4/img4987107615916.jpg?fitin=700:700,563.2000,,美容・コスメ・香水 > ボディケア > 石けん・ボディソープ,ミノン全身シャンプー　しっとりタイプ　120ml,,"■メーカー：第一三共ヘルスケア株式会社

ミノン全身シャンプー
（販売名：ミノン全身シャンプー）

■特長
アレルギーの原因物質を極力カット。
無着色・微香性。
健康な素肌と同じ弱酸性。素肌に余分な負担をかけません。
うるおいを守りながら汚れを洗い流すので、
洗いあがりはつっぱらず、しっとりつるつるです。
赤ちゃんから大人まで使えます。

■効能
ふけ・かゆみの防止、肌あれの防止、あれ性肌の防止、皮膚及び毛髪の清浄。

[有効成分]
アラントイン、グリチルリチン酸アンモニウム
[その他の成分]
濃グリセリン、DL-PCA・Na液、アルキルカルボキシメチルヒドロキシエチルイミダゾリ二ウムベタイン、N-ヤシ油脂肪酸アシル-L-グルタミン酸トリエタノールアミン、ラウリン酸ジエタノールアミド、クエン酸、パラベン、香料",ミノン全身シャンプー　しっとりタイプ　120ml：健康デパート,通信販売通販ショッピングオンラインショッピング買い物プレゼントギフト贈り物贈答品お中元お歳暮お買い得ミノン全身シャンプー　しっとりタイプ　120ml,敏感な肌を守って、しっとりと洗う。。ミノン全身シャンプー　しっとりタイプ　120ml[rn]
11-5408,http://tshop.r10s.jp/kenko-depart/cabinet/gazou4/img4987107616852.jpg?fitin=700:700,155.2000,,美容・コスメ・香水 > ボディケア > 石けん・ボディソープ,ミノン全身シャンプー　しっとりタイプ　トライアルセット　　10ｍｌ×3包入,,"■メーカー：第一三共ヘルスケア株式会社

ミノン全身シャンプー
（販売名：ミノン全身シャンプー）

■特長
アレルギーの原因物質を極力カット。
無着色・微香性。
健康な素肌と同じ弱酸性。素肌に余分な負担をかけません。
うるおいを守りながら汚れを洗い流すので、
洗いあがりはつっぱらず、しっとりつるつるです。
赤ちゃんから大人まで使えます。

■効能
ふけ・かゆみの防止、肌あれの防止、あれ性肌の防止、皮膚及び毛髪の清浄。

[有効成分]
アラントイン、グリチルリチン酸アンモニウム
[その他の成分]
濃グリセリン、DL-PCA・Na液、アルキルカルボキシメチルヒドロキシエチルイミダゾリ二ウムベタイン、N-ヤシ油脂肪酸アシル-L-グルタミン酸トリエタノールアミン、ラウリン酸ジエタノールアミド、クエン酸、パラベン、香料",ミノン全身シャンプー　しっとりタイプ　トライアルセット　　10ｍｌ&times;3包入：健康デパート,通信販売通販ショッピングオンラインショッピング買い物プレゼントギフト贈り物贈答品お中元お歳暮お買い得ミノン全身シャンプー　しっとりタイプ　トライアルセット　　10ｍｌ&times;3包入,敏感な肌を守って、しっとりと洗う。。ミノン全身シャンプー　しっとりタイプ　トライアルセット　　10ｍｌ&times;3包入[rn]
11-5409,http://tshop.r10s.jp/kenko-depart/cabinet/gazou4/img4987107615930.jpg?fitin=700:700,676.8000,,美容・コスメ・香水 > ボディケア > 石けん・ボディソープ,ミノン全身シャンプー　しっとりタイプ　380ml　詰替用,,"■メーカー：第一三共ヘルスケア株式会社

ミノン全身シャンプー
（販売名：ミノン全身シャンプー）

■特長
アレルギーの原因物質を極力カット。
無着色・微香性。
健康な素肌と同じ弱酸性。素肌に余分な負担をかけません。
うるおいを守りながら汚れを洗い流すので、
洗いあがりはつっぱらず、しっとりつるつるです。
赤ちゃんから大人まで使えます。

■効能
ふけ・かゆみの防止、肌あれの防止、あれ性肌の防止、皮膚及び毛髪の清浄。

[有効成分]
アラントイン、グリチルリチン酸アンモニウム
[その他の成分]
濃グリセリン、DL-PCA・Na液、アルキルカルボキシメチルヒドロキシエチルイミダゾリ二ウムベタイン、N-ヤシ油脂肪酸アシル-L-グルタミン酸トリエタノールアミン、ラウリン酸ジエタノールアミド、クエン酸、パラベン、香料",ミノン全身シャンプー　しっとりタイプ　380ml　詰替用：健康デパート,通信販売通販ショッピングオンラインショッピング買い物プレゼントギフト贈り物贈答品お中元お歳暮お買い得ミノン全身シャンプー　しっとりタイプ　380ml　詰替用,敏感な肌を守って、しっとりと洗う。。ミノン全身シャンプー　しっとりタイプ　380ml　詰替用[rn]
11-5410,http://tshop.r10s.jp/kenko-depart/cabinet/gazo/pege/minon_skin_soap.jpg?fitin=700:700,563.2000,,美容・コスメ・香水 > ボディケア > 石けん・ボディソープ,ミノンスキンソープ　80ｇ,,"■メーカー名：第一三共ヘルスケア

◎特長
アレルギーの原因物質を極力カット。無着色・無香料。防腐剤無添加。
低刺激固形石けん。4つの成分で作られているシンプル処方（水を除く）。
健康な素肌と同じ弱酸性。素肌に余分な負担をかけません。
うるおいを守りながら汚れを洗い流し、洗いあがりはつっぱらず、しっとりすべすべです。

パーム脂肪酸グルタミン酸Na、水、セタノール、酸化チタン、EDTA-2Na
◎使用方法
水またはぬるま湯でよく泡立ててご使用ください。その後よく洗い流してください。",ミノンスキンソープ　80ｇ：健康デパート,通信販売通販ショッピングオンラインショッピング買い物プレゼントギフト贈り物贈答品お中元お歳暮お買い得ミノンスキンソープ　80ｇ,ミノンの原点、弱酸性の石けん。。ミノンスキンソープ　80ｇ[rn]
11-5411,http://tshop.r10s.jp/mishii-list/cabinet/goods/374/1640.jpg?fitin=700:700,720.0000,,美容・コスメ・香水 > ボディケア > 石けん・ボディソープ,プリマ サリラペソープ ミッシーリスト,,"<img src=""http://image.rakuten.co.jp/mishii-list/cabinet/camp/bnr_rpoint_all.jpg"" alt=""今日のポイント"" width=""100%""><br><br>

<br>
内容量:80g<br>
<br><br>
<center>
<table width=""95%"" cellspacing=""5"" cellpadding=""0"" border=""0"" bgcolor=""#ffb1b7""><tr><td bgcolor=""#ffd8db"">
<table width=""100%"" cellspacing=""10"" cellpadding=""0"" border=""0"">
<tr align=""center""><td><b><font color=""#dd0000"">★★ レビューキャンペーン実施中 ★★</font></b></td></tr>
<tr align=""center""><td>商品到着後レビューで次回の買い物時に使える！500円クーポンプレゼント!<br>キャンペーン詳細はコチラから</td></tr>
</table>
</td></tr></table>
</center>

<br>
<br>

<font color=""#000000"" size=""-3"">
【広告文責】<br>株式会社シェアネット(03－5227－5507)<br>
メーカー：ナジャペレーネ株式会社<br>
製造国：インドネシア<br>
区分：化粧品</font><br>",プリマ サリラペソープ ミッシーリスト：高橋ミカ公式　ミッシーリスト,通信販売通販ショッピングオンラインショッピング買い物プレゼントギフト贈り物贈答品お中元お歳暮お買い得美容液フコイダン青汁美力青汁ダイエット サプリエムズダイエットデトスルーデトスループラスデトスループレミアム腹巻マッサージソルトマッサージオイル美容オイルキャミソールエムズコスメシルク腹巻ＢＢクリームスムージー高橋ミカエステプリマ サリラペソープ ミッシーリスト,デリケートゾーン専用石鹸です。。プリマ サリラペソープ ミッシーリスト[rn]
11-5412,http://tshop.r10s.jp/dhcshop/cabinet/8000000732.jpg?fitin=700:700,371.2000,,美容・コスメ・香水 > ボディケア > 石けん・ボディソープ,【DHC直販】コエンザイムQ10のほか、オリーブバージンオイル、ビタミンE、カロットエキスなどの美肌成分を配合！DHC Q10ボディソープ,,"大人気コスメアイテム、DHC&nbsp;Q10シリーズのボディソープです。ボディは、気温の変化や乾燥の影響を受けやすい手足や首だけでなく、洋服の摩擦を受けやすい部分、熱や湿気がこもりベタつきがちな部分、皮脂分泌が特にさかんな部分など、場所によってさまざま。DHC Q10ボディソープは、イキイキすこやかな肌に導くコエンザイムQ10のほか、オリーブバージンオイル、ビタミンE、カロットエキスなどの美肌成分を配合したリッチな固形石けん。たっぷりの泡が汚れだけをしっかり洗い落とし、なめらかな素肌に整えます。肌にやさしい弱アルカリ性。ご家族全員でお使いいただける石けんです。<br>無香料・無着色・パラベンフリー・天然成分配合。 <br><br><font color=""#3399ff"">◆使い方</font><br>1.お湯にぬらしたタオルやスポンジ、もしくは手にソープを取って、泡立てます。<br>2.きめ細かな泡でやさしく洗います。<br>3.お湯か水ですすいでください。<br>※水気をよくきって保管してください。",【DHC直販】コエンザイムQ10のほか、オリーブバージンオイル、ビタミンE、カロットエキスなどの美肌成分を配合！DHC Q10ボディソープ：DHC楽天市場店,通信販売通販ショッピングオンラインショッピング買い物プレゼントギフト贈り物贈答品お中元お歳暮お買い得DHCディーエイチシー直営店直販公式ダイエット化粧品コスメ健康食品サプリサプリメント健康プロテインダイエットフォースコリーペットビタミンミネラルDHA【DHC直販】コエンザイムQ10のほか、オリーブバージンオイル、ビタミンE、カロットエキスなどの美肌成分を配合！DHC Q10ボディソープ,多彩な美容成分配合。洗いながらQ10ボディケア。【DHC直販】コエンザイムQ10のほか、オリーブバージンオイル、ビタミンE、カロットエキスなどの美肌成分を配合！DHC Q10ボディソープ[rn]
11-5413,http://tshop.r10s.jp/dhcshop/cabinet/8000022663.jpg?fitin=700:700,691.2000,,美容・コスメ・香水 > ボディケア > 石けん・ボディソープ,【DHC直販化粧品】ひじ、ひざをやわらかくすべすべに！尿素たっぷり10％配合でハンドクリームにも！DHC薬用URクリーム,,"<br>

<font size=""3"" ><FONT color=""#ff33cc"" size=""4""><B>硬くなった角質をケアする、尿素配合クリーム</B></FONT>
<br><br>
『DHC薬用URクリーム』は、ひじ、ひざ、かかとの古い角質を取り除き、やわらかくすべすべに整える尿素を10％配合した薬用クリーム。油分を一切使用せず、尿素のはたらきをいかしたDHCならではの処方が特徴です。なめらかなクリームがヴェールのように肌を包み込み、皮脂分泌のバランスをとりながらカサつく肌にうるおいを与えます。<br>
べたつきのないサラサラとした使い心地で、ハンドクリームとしてもお使いいただけます。
<br>
<br>無香料・無着色・パラベンフリー・天然成分配合。
<br>
<br>
<br>
<br>
<B>尿素の2つのはたらき「角質軟化作用」と「保湿作用」</B>
<br><br>
尿素は、角質軟化作用と保湿作用の2つのはたらきを持っています。角質軟化作用では、厚くこわばった角質をやわらかく整え、なめらかな肌へと導きます。<br>
また、保湿作用では、角層に浸透した尿素がしっかりと水分を取り込み、乾燥によりカサついて荒れた肌をしっとりなめらかに整えます。『DHC薬用URクリーム』は、これらの機能を効果的に取り入れ、すべすべとしたやわらかい肌へと導きます。<br>
<br>
<br>

<B>使い方</B>
<br>
<br>
ザラつきやカサつきの気になる部分に薄くのばしてご使用ください。<br>
※顔や体のやわらかい部分には使用しないでください。
<br><br><br>
<font size=1>成分
<br>医薬部外品　指定成分：なし
</font>
<br>



<BR><FONT color=""#ff0000"" size=""3"">  ※ご注文後のキャンセル・交換は、一切お受け出来ません。<BR>
ご確認の上、ご注文頂きますようお願い申し上げます。
</FONT><BR><BR>
広告文責：株式会社ディーエイチシー（TEL:0120-575-391）<br>
メーカー（製造）：株式会社ディーエイチシー<br>
区分：日本製／化粧品<br>
</font>",【DHC直販化粧品】ひじ、ひざをやわらかくすべすべに！尿素たっぷり10％配合でハンドクリームにも！DHC薬用URクリーム：DHC楽天市場店,通信販売通販ショッピングオンラインショッピング買い物プレゼントギフト贈り物贈答品お中元お歳暮お買い得DHCディーエイチシー直営店直販公式ダイエット化粧品コスメ健康食品サプリサプリメント健康プロテインダイエットフォースコリーペットビタミンミネラルDHA【DHC直販化粧品】ひじ、ひざをやわらかくすべすべに！尿素たっぷり10％配合でハンドクリームにも！DHC薬用URクリーム,硬くなった角質をケアする、尿素配合クリーム。【DHC直販化粧品】ひじ、ひざをやわらかくすべすべに！尿素たっぷり10％配合でハンドクリームにも！DHC薬用URクリーム[rn]
11-5414,http://tshop.r10s.jp/dhcshop/cabinet/8000022673.jpg?fitin=700:700,656.0000,,美容・コスメ・香水 > ボディケア > 石けん・ボディソープ,【DHC直販】【詰め替え用】もうにおわない！ニオイを防ぐ殺菌成分配合。DHC 薬用 デオドラント ボディシャンプー（医薬部外品）,,"<br>
DHC薬用デオドラント ボディシャンプー』の、お得でエコな詰め替え用です。
<br><br><br>

『DHC薬用デオドラント ボディシャンプー』について
<br><br>
『DHC薬用デオドラント ボディシャンプー』は、ふわふわのキメ細かな泡が全身をやさしく包み込み、からだをスッキリと洗い上げる、泡タイプのボディシャンプーです。配合された殺菌成分※が、気になる汗のニオイやニキビを防ぎ、爽快感を持続させます。また、清涼成分もプラスし、ひんやりと心地よい使用感です。<br>
加齢臭ケアや、ニオイが気になる箇所の部分洗いにもお使いいただけます。<br><br>
<br>無着色・パラベンフリー・天然成分配合。
●さわやかなクールシトラスの香り。
<br>※ イソプロピルメチルフェノール<br><br><br>

デオドラント効果を持つ緑茶エキスをはじめ、機能性をあわせもつ植物エキスを厳選して配合。多彩な美肌コンディショニング成分が、肌の汚れや余分な皮脂を洗い流し、全身をすこやかに整えます。<br>
石けんベース＆低刺激洗浄成分を使用。また、環境にも配慮した洗浄成分を採用しました。毎日お使いいただくものだからこそ、肌へのやさしさにもこだわったボディシャンプーです。<br><br><br><br>

医薬部外品　400mL<br>
指定成分：イソプロピルメチルフェノール、エデト酸塩、香料

<BR><BR><BR>
広告文責：株式会社ディーエイチシー（TEL:0120-575-391）<br>
メーカー（製造）：株式会社ディーエイチシー<br>
区分：日本製／化粧品<br>",【DHC直販】【詰め替え用】もうにおわない！ニオイを防ぐ殺菌成分配合。DHC 薬用 デオドラント ボディシャンプー（医薬部外品）：DHC楽天市場店,通信販売通販ショッピングオンラインショッピング買い物プレゼントギフト贈り物贈答品お中元お歳暮お買い得DHCディーエイチシー直営店直販公式ダイエット化粧品コスメ健康食品サプリサプリメント健康プロテインダイエットフォースコリーペットビタミンミネラルDHA【DHC直販】【詰め替え用】もうにおわない！ニオイを防ぐ殺菌成分配合。DHC 薬用 デオドラント ボディシャンプー（医薬部外品）,詰め替え用！殺菌成分配合のボディシャンプー。【DHC直販】【詰め替え用】もうにおわない！ニオイを防ぐ殺菌成分配合。DHC 薬用 デオドラント ボディシャンプー（医薬部外品）[rn]
11-5415,http://tshop.r10s.jp/dhcshop/cabinet/8000022189.jpg?fitin=700:700,904.8000,,美容・コスメ・香水 > ボディケア > 石けん・ボディソープ,【DHC直販】もうにおわない！DHC 薬用 デオドラント ボディシャンプー（医薬部外品）,,ふわふわのキメ細かな泡が全身をやさしく包み込み、からだをスッキリと洗い上げる、泡タイプのボディシャンプー。<br>配合された殺菌成分<font color=#00BA23>※</font>が、気になる汗のニオイやニキビを防ぎ、爽快感を持続させます。<br>また、清涼成分もプラスし、ひんやりと心地よい使用感です。ニオイが気になる部分洗いにもお使いいただけます。<br>さわやかなクールシトラスの香り。<br><font color=#00BA23>※</font>イソプロピルメチルフェノール,【DHC直販】もうにおわない！DHC 薬用 デオドラント ボディシャンプー（医薬部外品）：DHC楽天市場店,通信販売通販ショッピングオンラインショッピング買い物プレゼントギフト贈り物贈答品お中元お歳暮お買い得DHCディーエイチシー直営店直販公式ダイエット化粧品コスメ健康食品サプリサプリメント健康プロテインダイエットフォースコリーペットビタミンミネラルDHA【DHC直販】もうにおわない！DHC 薬用 デオドラント ボディシャンプー（医薬部外品）,ニオイを防ぐ殺菌成分配合。泡タイプのボディシャンプー。【DHC直販】もうにおわない！DHC 薬用 デオドラント ボディシャンプー（医薬部外品）[rn]
11-5416,http://tshop.r10s.jp/dhcshop/cabinet/new/8000022433.jpg?fitin=700:700,1053.6000,,美容・コスメ・香水 > ボディケア > 石けん・ボディソープ,【DHC直販化粧品】気になる汗臭・体臭（加齢臭など）を防ぐデオドラントボディソープ（柿タンニン・ノネナール）保湿成分オリーブバージンオイル配合　DHC薬用エチケット40 ボディソープ,,"<FONT color=""#ff33cc"" size=""4""><B>
加齢によるニオイの悩みに。ニオイのもとから洗い流すボディソープ
</B></FONT><BR><BR>

『DHC薬用エチケット40 ボディソープ』は、殺菌、消毒、ひきしめ、清浄の4つの作用で、ニオイの発生過程からシャットアウトするボディ用石けんです。<BR>
年齢とともに深くなるニオイの悩み。自分では、なかなか気づきにくいニオイは、体から出る皮脂や垢、汗、外部からくる汚れを、皮膚にいる菌が分解することで発生します。汚れとニオイの原因をしっかり落としながら、肌にとって必要なうるおいは残したまま。オリーブバージンオイルやオリーブリーフエキスといった植物成分が、しっとりなめらかな素肌を守ります。<BR><BR>

無香料・パラベンフリー・天然成分配合。<br><br><BR>
<font color=#3399FF><b>◆使い方</b></font><br>タオルやスポンジなどで泡立て、全身に泡をすべらせるようにして洗った後、充分にすすいでください。
<br><br>
<br>広告文責：株式会社ディーエイチシー（TEL:0120-575-391）<br>
メーカー（製造）：株式会社ディーエイチシー<br>
区分：日本製／医薬部外品<br>",【DHC直販化粧品】気になる汗臭・体臭（加齢臭など）を防ぐデオドラントボディソープ（柿タンニン・ノネナール）保湿成分オリーブバージンオイル配合　DHC薬用エチケット40 ボディソープ：DHC楽天市場店,通信販売通販ショッピングオンラインショッピング買い物プレゼントギフト贈り物贈答品お中元お歳暮お買い得DHCディーエイチシー直営店直販公式ダイエット化粧品コスメ健康食品サプリサプリメント健康プロテインダイエットフォースコリーペットビタミンミネラルDHA【DHC直販化粧品】気になる汗臭・体臭（加齢臭など）を防ぐデオドラントボディソープ（柿タンニン・ノネナール）保湿成分オリーブバージンオイル配合　DHC薬用エチケット40 ボディソープ,ニオイのもとから洗い流すボディソープ。【DHC直販化粧品】気になる汗臭・体臭（加齢臭など）を防ぐデオドラントボディソープ（柿タンニン・ノネナール）保湿成分オリーブバージンオイル配合　DHC薬用エチケット40 ボディソープ[rn]
11-5417,http://tshop.r10s.jp/junzosen/cabinet/zakka/img55830906.jpg?fitin=700:700,864.0000,,美容・コスメ・香水 > ボディケア > 石けん・ボディソープ,順造選 無添加せっけん5個セット(ベビー・石鹸),,"デリケートなお肌の方に。だから、香料・着色料・防腐剤・合成界面活性剤などは一切添加しておりません。きめ細やかな泡立ちが、お肌にやさしい石けんです。ご家族みんなでお使い頂けます。<br>
<br>
成分：石けん素地100%<br>
標準重量：80g<br>
セット内容：5個<br>
<br>
製造販売元：桶谷石鹸株式会社<br>
発売元：マルカイコーポレーション株式会社",順造選 無添加せっけん5個セット(ベビー・石鹸)：順造選オンラインショップ,通信販売通販ショッピングオンラインショッピング買い物プレゼントギフト贈り物贈答品お中元お歳暮お買い得ザクロジュース100％クランベリージュース100％ブルーベリージュース100％マンゴジュースマンゴージュースすりおろしりんごリンゴジュースカシスジュース人参ジュース人参りんごミックスジュースグァバジュースフルーツジュース果物果実果汁100％ジュース順造さんマルカイコーポレーション無添加ジュース順造選松順造順造選 無添加せっけん5個セット(ベビー・石鹸),【ポイント5倍】4/22 10：00～4/25 09：59☆。順造選 無添加せっけん5個セット(ベビー・石鹸)[rn]
11-5418,http://tshop.r10s.jp/gold/king-depart/img/16/sengannaturalset_1.jpg?fitin=700:700,259.2000,,美容・コスメ・香水 > ボディケア > 石けん・ボディソープ,【日本全国送料無料】【メール便（投函）のみ】洗顔ナチュラルセット（ハンドメイドソープ15gx2個、洗顔用泡立てネット）【代金引換不可】【RCP】【C】,,"※メール便（日本郵便もしくはクロネコメール便による投函）でのお届けとなるため、
　お届けに多少の日にちを要する場合がございます。
※メール便のため代金引換をご利用いただけません。代金引換を選択された場合は強制的に
　キャンセル処理させていただく場合がございますので、予めご了承下さい。

【商品説明】
・ハンドメイドソープ15ｇが2個（※）と洗顔用泡立てネットがコンパクトにまとまったお得なセット。
・ジップロックの袋入りで旅行用にも最適！
※ハンドメイドソープはブラックライス・マンゴスチン・ローズゼラニウムより2個のアソートとなります（指定不可）
・原産国：タイランド（石鹸）、中国（洗顔用泡立てネット）<br><br><br><img src=""http://image.rakuten.co.jp/king-depart/cabinet/banner2/mail300_250sp.jpg"" width=100%><br><br>",【日本全国送料無料】【メール便（投函）のみ】洗顔ナチュラルセット（ハンドメイドソープ15gx2個、洗顔用泡立てネット）【代金引換不可】【RCP】【C】：キング百貨店,通信販売通販ショッピングオンラインショッピング買い物プレゼントギフト贈り物贈答品お中元お歳暮お買い得百貨店バウムクーヘンケーキ激安飲料アウトレット雑貨日用品海外土産安いミネラルウォーターネピアアサヒ飲料お茶送料無料関西近畿店舗健康ギフト【日本全国送料無料】【メール便（投函）のみ】洗顔ナチュラルセット（ハンドメイドソープ15gx2個、洗顔用泡立てネット）【代金引換不可】【RCP】【C】,日本全国送料無料！日本郵便のメール便（投函）でお届け！。【日本全国送料無料】【メール便（投函）のみ】洗顔ナチュラルセット（ハンドメイドソープ15gx2個、洗顔用泡立てネット）【代金引換不可】【RCP】【C】[rn]
11-5419,http://tshop.r10s.jp/gold/king-depart/img/02/goatssoap-2_1.jpg?fitin=700:700,240.0000,,美容・コスメ・香水 > ボディケア > 石けん・ボディソープ,【送料無料】【メール便（投函）のみ】マーマーファームス　ゴートソープ 7.5g 2種アソートセット【代金引換不可】【RCP】【C】,,"※メール便（日本郵便もしくはクロネコメール便による投函）でのお届けとなるため、
　お届けに多少の日にちを要する場合がございます。
※メール便のため代金引換をご利用いただけません。代金引換を選択された場合は強制的に
　キャンセル処理させていただく場合がございますので、予めご了承下さい。

【商品説明】
・人の肌のうるおい成分に近いヤギのミルクをたっぷりと使用したプレミアムソープです。
・ゴートミルク7.5gとハニー＆ミルク7.5gの合計2個セット。
・商品サイズ：W70mmxD10mmxH85mm
・原産国：タイランド
<br><br><br><img src=""http://image.rakuten.co.jp/king-depart/cabinet/banner2/mail300_250sp.jpg"" width=100%><br><br>",【送料無料】【メール便（投函）のみ】マーマーファームス　ゴートソープ 7.5g 2種アソートセット【代金引換不可】【RCP】【C】：キング百貨店,通信販売通販ショッピングオンラインショッピング買い物プレゼントギフト贈り物贈答品お中元お歳暮お買い得百貨店バウムクーヘンケーキ激安飲料アウトレット雑貨日用品海外土産安いミネラルウォーターネピアアサヒ飲料お茶送料無料関西近畿店舗健康ギフト【送料無料】【メール便（投函）のみ】マーマーファームス　ゴートソープ 7.5g 2種アソートセット【代金引換不可】【RCP】【C】,日本全国送料無料！日本郵便のメール便（投函）でお届け！。【送料無料】【メール便（投函）のみ】マーマーファームス　ゴートソープ 7.5g 2種アソートセット【代金引換不可】【RCP】【C】[rn]
11-5420,http://tshop.r10s.jp/kaumall/cabinet/500_080/k2602295sl.jpg?fitin=700:700,5011.2000,,美容・コスメ・香水 > ボディケア > 石けん・ボディソープ,ライオンハイジーン レオナイス　ボディーソープ１８Ｌ,,●業務用<br>●容量／１８Ｌ<br>●ボディソープ<br>●心やすらぐハーバルフローラルの香り<br>●弱酸性<br>●液色／パール淡黄色<br>●抽出コックつき<br>●単位／１箱<br>●メーカー品番／182719<br><br>※メーカーの都合により、パッケージおよび内容量が予告なく変更される場合があります。<br>※１箱単位でお申し込みください。<br><br>ギフト詳細はパソコンサイトをご覧ください。,ライオンハイジーン レオナイス　ボディーソープ１８Ｌ：カウモール,通信販売通販ショッピングオンラインショッピング買い物プレゼントギフト贈り物贈答品お中元お歳暮お買い得送料無料ドリンク水ミネラルウォータートイレットペーパーティッシュＯＡ用品コピー用紙カウモールファイル文具翌日配送明日お届けマガジンラックレターケースペン日用品インクカートリッジシュレッダー梱包用品ライオンハイジーン レオナイス　ボディーソープ１８Ｌ,★商品合計金額1800円以上送料無料★。ライオンハイジーン レオナイス　ボディーソープ１８Ｌ[rn]
11-5421,http://tshop.r10s.jp/kaumall/cabinet/500_118/k3000054sl.jpg?fitin=700:700,516.8000,,美容・コスメ・香水 > ボディケア > 石けん・ボディソープ,花王 ビオレｕ　本体　５３０ｍｌ,,●容量／５３０ｍｌ<br>●仕様／本体<br>●香り／やさしいフレッシュフローラルの香り<br>●単位／１本<br>●メーカー品番／299581<br><br>※メーカーの都合によりパッケージが予告なく変更される場合があります。<br><br>ギフト詳細はパソコンサイトをご覧ください。,花王 ビオレｕ　本体　５３０ｍｌ：カウモール,通信販売通販ショッピングオンラインショッピング買い物プレゼントギフト贈り物贈答品お中元お歳暮お買い得送料無料ドリンク水ミネラルウォータートイレットペーパーティッシュＯＡ用品コピー用紙カウモールファイル文具翌日配送明日お届けマガジンラックレターケースペン日用品インクカートリッジシュレッダー梱包用品花王 ビオレｕ　本体　５３０ｍｌ,★商品合計金額1800円以上送料無料★。花王 ビオレｕ　本体　５３０ｍｌ[rn]
11-5422,http://tshop.r10s.jp/kenkocom/cabinet/e1383/e138347h_l.jpg?fitin=700:700,2160.0000,,美容・コスメ・香水 > ボディケア > 石けん・ボディソープ,コミューサン石けん 90g[洗顔石鹸]【あす楽対応】【送料無料】,,"<p>送料無料/コミューサン石けん 90g<br>ケンコーコムTOP＞日用品＞洗面・バス用品＞石鹸＞化粧石鹸(固形)＞<br>ブランド：日本食菌工業/発売元：日本食菌工業</p>内容量：90g   <br>原産国：日本<br><br><hr size=""1"" color=""#e0e0e0"" noshade><br><b>商品説明</b><br>「コミューサン石けん 90g」は、ヒメマツタケ抽出エキス入りの洗顔石鹸です。天然の保湿成分がプルプルお肌に導きます。毛穴に詰まった汚れや古い角質は吸着力に優れたクリーミィ泡で取り除きましょう。<br><b>使用方法</b><br>水またはぬるま湯で泡立てて洗顔用としてご使用ください。身体用としてもお使いいただけます。<br>使用後は必ず水と泡を切った状態で保管してください。<br><b>ご注意</b><br>●本品使用中、赤み・はれ。かゆみ・刺激等の異常が現れた場合はご使用を中止してください。そのまま使用を続けますと症状を悪化させることがありますので皮膚科専門医等にご相談されることをおすすめします。<br>●傷やはれもの・しっしん等異常があるときはお使いにならないでください。<br>●目に入った場合は、すぐに水でよく洗い流してください。<br>●天然色素を使用しておちますので、石けんの色が自然に落ちていきますが品質上問題ございません。<br>●乳幼児の手の届かない所に保管してください。<br><b>全成分</b><br>石鹸素地、スクロース、グリセリン、水、ソルビトール、ココイルグルタミン酸Na、黒砂糖、ハチミツ、ヒメマツタケ抽出エキス、エタノール、エチドロン酸4Na<br><b>原産国</b><br>日本<br><b>お問い合わせ先</b><br>日本食菌工業株式会社<br>神奈川県横浜市神奈川区鶴屋町3-32-14<br>電話：045-620-4723<br>JANコード：　4528015100301<br><hr size=""1"" color=""#e0e0e0"" noshade><b>洗顔石鹸</b>洗顔石鹸は、お顔専用の石鹸です。天然油脂100%の洗顔石鹸から、こだわりのハーブや美容成分が配合された洗顔石鹸まで豊富なラインナップ。そのまま全身にも、赤ちゃんにもお使いいただける洗顔石鹸もご用意しています。<hr size=""1"" color=""#e0e0e0"" noshade>広告文責：ケンコーコム株式会社<br>TEL：050-5577-5042<hr size=""1"" color=""#e0e0e0"" noshade><font color =""red"">※パッケージデザイン等は予告なく変更されることがあります。</font>",コミューサン石けん 90g[洗顔石鹸]【あす楽対応】【送料無料】：ケンコーコム,通信販売通販ショッピングオンラインショッピング買い物プレゼントギフト贈り物贈答品お中元お歳暮お買い得ケンコーコムケンコーコム支店クリスタルガイザーミネラルウォーターリアップリアップx5ダウニーコンドームペリエサーモスコントレックス日焼け止めココナッツオイルえごまこめ油サンペレグリノ扇風機クリスタルガイザー 500ml 48本緑の魔女甘酒コミューサン石けん 90g[洗顔石鹸]【あす楽対応】【送料無料】,日本食菌工業/送料無料。コミューサン石けん 90g[洗顔石鹸]【あす楽対応】【送料無料】[rn]
11-5423,http://tshop.r10s.jp/kenkocom/cabinet/s2285/s228510h_l.jpg?fitin=700:700,114.4000,,美容・コスメ・香水 > ボディケア > 石けん・ボディソープ,植物物語 ハーブブレンドボディソープ グレープフルーツの香り トラベル90ml[ライオン 植物物語 ボディソープ]【あす楽対応】,,"<p>税抜1900円以上送料無料/植物物語 ハーブブレンドボディソープ グレープフルーツの香り トラベル90ml<br>ケンコーコムTOP＞日用品＞洗面・バス用品＞ボディソープ(ボディシャンプー)＞ボディソープ＞<br>ブランド：植物物語/発売元：ライオン</p>内容量：90ml   サイズ：60*105*35(mm)<br><br><br><hr size=""1"" color=""#e0e0e0"" noshade><br><b>商品説明</b><br>「植物物語 ハーブブレンドボディソープ グレープフルーツの香り トラベル90ml」は、植物生まれの低刺激洗浄成分に、こだわりの天然ハーブエキス(カモミールとグレープフルーツ)をブレンドしたアロマボディシャンプーです。うるおいのヴェールでお肌の表面を保護し水分を守りながら、みずみずしくすべすべのお肌に洗い上げます。洗う成分の100%が植物生まれ。クリーミィな豊かな泡でやさしく全身を包み込みます。グレープフルーツから抽出したエッセンシャルオイル配合。ココロすっきり、さわやかなグレープフルーツの香りです。<br><b>ご使用方法</b><br>お湯を含ませたタオルやスポンジなどに適量をとり、軽くもむようにして泡立ててお使いください。<br><b>ご使用上の注意</b><br>・お肌に傷、はれもの、湿疹等異常のあるときは使用しないでください。<br>・使用中、赤み、はれ、かゆみ、刺激等の異常が現れたときは使用を中止し、商品を持参し、医師に相談してください。<br><br><b>全成分</b><br>水、ミリスチン酸、PG、ラウリン酸、水酸化カリウム、ラウラミドプロピルベタイン、アクリル酸アルキルコポリマー、ステアレス-11、カミツレエキス、グループフルーツエキス、香料、ポリスチレン、EDTA、ポリクオタニウム-7、安息香酸ナトリウム、ポリクオタニウム-10、BG、エタノール<br>JANコード：　4903301325048<br><hr size=""1"" color=""#e0e0e0"" noshade><b>ボディソープ全部</b>ボディの汗・皮脂などの汚れ、余分な角質等を洗いおとし、清潔な肌に整えます。ボディー向け洗浄料です。<hr size=""1"" color=""#e0e0e0"" noshade>広告文責：ケンコーコム株式会社<br>TEL：050-5577-5042<hr size=""1"" color=""#e0e0e0"" noshade><font color =""red"">※パッケージデザイン等は予告なく変更されることがあります。</font>",植物物語 ハーブブレンドボディソープ グレープフルーツの香り トラベル90ml[ライオン 植物物語 ボディソープ]【あす楽対応】：ケンコーコム,通信販売通販ショッピングオンラインショッピング買い物プレゼントギフト贈り物贈答品お中元お歳暮お買い得ケンコーコムケンコーコム支店クリスタルガイザーミネラルウォーターリアップリアップx5ダウニーコンドームペリエサーモスコントレックス日焼け止めココナッツオイルえごまこめ油サンペレグリノ扇風機クリスタルガイザー 500ml 48本緑の魔女甘酒植物物語 ハーブブレンドボディソープ グレープフルーツの香り トラベル90ml[ライオン 植物物語 ボディソープ]【あす楽対応】,植物物語/税抜1900円以上送料無料。植物物語 ハーブブレンドボディソープ グレープフルーツの香り トラベル90ml[ライオン 植物物語 ボディソープ]【あす楽対応】[rn]
11-5424,http://tshop.r10s.jp/kenkocom/cabinet/e3216/e321670h_l.jpg?fitin=700:700,320.0000,,美容・コスメ・香水 > ボディケア > 石けん・ボディソープ,サマーズイブ フェミニンクレンジングワイプ 16枚入[サマーズイブ デリケートゾーンケア],,"<p>税抜1900円以上送料無料/サマーズイブ フェミニンクレンジングワイプ 16枚入<br>ケンコーコムTOP＞化粧品＞リップケア・ホームエステ＞デリケートゾーン＞デリケートゾーンケア＞<br>ブランド：サマーズイブ/発売元：ピルボックスジャパン</p>内容量：16枚入り   <br>原産国：アメリカ<br><br><hr size=""1"" color=""#e0e0e0"" noshade><br><b>商品説明</b><br>「サマーズイブ フェミニンクレンジングワイプ 16枚入」は、アロエベラ＆ビタミンE(保湿成分)配合のウェットシート(デリケートゾーンケア用)です。強度に優れた肌触りのよい不織布を使用。ウェットシートが女性のデリケートな肌の汚れをやさしくふき取り、外出時でもシャワーを浴びた後のようなフレッシュさをもたらします。携帯に便利な1枚ずつの個包装です。使用後はトイレに流せます。アレルギーテスト済み(全ての方にアレルギーが起きないというわけではありません)。<br>Contains Neutresse(R)(C)2012 C.B. Fleet Co.、 lnc.<br><b>使用方法</b><br>シートを取り出して広げ、洗浄したい部分をやさしく拭き取ってください。<br><b>使用上の注意</b><br>一度使ったシートは再利用せずに、捨ててください。お肌にあわないときは、ご使用をおやめください。トイレの詰まりを防ぐため、1枚ずつ流してください。<br><b>成分</b><br>水、オクトキシノール-9、クエン酸、安息香酸Na、香料、EDTA-2Na、酢酸トコフェロール、アロエベラ液汁、アスコルビン酸、ソルビン酸K、亜硫酸Na<br><b>原産国</b><br>アメリカ<br><b>お問い合わせ先</b><br>ピルボックスジャパン株式会社<br>お問合せ先：03-6804-2922<br>JANコード：　0041608001976<br><hr size=""1"" color=""#e0e0e0"" noshade>広告文責：ケンコーコム株式会社<br>TEL：050-5577-5042<hr size=""1"" color=""#e0e0e0"" noshade><font color =""red"">※パッケージデザイン等は予告なく変更されることがあります。</font>",サマーズイブ フェミニンクレンジングワイプ 16枚入[サマーズイブ デリケートゾーンケア]：ケンコーコム,通信販売通販ショッピングオンラインショッピング買い物プレゼントギフト贈り物贈答品お中元お歳暮お買い得ケンコーコムケンコーコム支店クリスタルガイザーミネラルウォーターリアップリアップx5ダウニーコンドームペリエサーモスコントレックス日焼け止めココナッツオイルえごまこめ油サンペレグリノ扇風機クリスタルガイザー 500ml 48本緑の魔女甘酒サマーズイブ フェミニンクレンジングワイプ 16枚入[サマーズイブ デリケートゾーンケア],サマーズイブ/税抜1900円以上送料無料。サマーズイブ フェミニンクレンジングワイプ 16枚入[サマーズイブ デリケートゾーンケア][rn]
11-5425,http://tshop.r10s.jp/kenkocom/cabinet/e1860/e186029h_l.jpg?fitin=700:700,1372.8000,,美容・コスメ・香水 > ボディケア > 石けん・ボディソープ,ビューティピュアスクラブ 450g[ボディスクラブ]【あす楽対応】,,"<p>税抜1900円以上送料無料/ビューティピュアスクラブ 450g<br>ケンコーコムTOP＞化粧品＞ボディケア＞ピーリング・スクラブ＞ボディスクラブ＞<br>ブランド：エイジレスラボ/販売元：エイジレスラボ</p>内容量：450g   <br>原産国：日本<br><br><hr size=""1"" color=""#e0e0e0"" noshade><br><b>商品説明</b><br>「ビューティピュアスクラブ 450g」は、海塩(クリスマスクリスタル)とスクロース配合のボディスクラブです。赤道直下の島、キリバス共和国クリスマス島で採れた希少な塩・クリスマスクリスタルやコラーゲン、マイクロコラーゲン、セラミド、コンドロイチン硫酸なども配合。肌にうるおいを与えます。<br><b>使用上の注意</b><br>●お肌に異常があるとき、お肌に合わないときはご使用をおやめください。そのままご使用を続けますと、症状を悪化させることがありますので、皮膚科専門医にご相談下さい。<br>●目に入らないように注意し、入った場合や異常を感じたときは、すぐに洗い流してください。<br><b>成分</b><br>塩化Na、グリセリン、オレフィン(C14-16)スルホン酸Na、水、海塩、スクロース、グラウシン、黒砂糖エキス、チャ葉エキス、リン酸アスコルビルMg、ポリソルベート20、アテロコラーゲン、コンドロイチン硫酸Na、ダイズ油、ダイズ種子エキス、ラレアディバリカタ葉エキス、レシチン、レチノール、カルボマー、トコフェロール、アラビアゴム、アルギン酸PG、加水分解コラーゲン、加水分解コーンスターチ、セラミド3、コレカルシフェロール、キサンタンガム、カフェイン、フェノキシエタノール、クエン酸Na、BHT、リン酸3Na、メチルパラベン、BG、カプリリルグリコール、ヤシ油アルキルグルコシド、エタノール、香料、赤102<br><b>原産国</b><br>日本<br>JANコード：　4560246387113<br><hr size=""1"" color=""#e0e0e0"" noshade>広告文責：ケンコーコム株式会社<br>TEL：050-5577-5042<hr size=""1"" color=""#e0e0e0"" noshade><font color =""red"">※パッケージデザイン等は予告なく変更されることがあります。</font>",ビューティピュアスクラブ 450g[ボディスクラブ]【あす楽対応】：ケンコーコム,通信販売通販ショッピングオンラインショッピング買い物プレゼントギフト贈り物贈答品お中元お歳暮お買い得ケンコーコムケンコーコム支店クリスタルガイザーミネラルウォーターリアップリアップx5ダウニーコンドームペリエサーモスコントレックス日焼け止めココナッツオイルえごまこめ油サンペレグリノ扇風機クリスタルガイザー 500ml 48本緑の魔女甘酒ビューティピュアスクラブ 450g[ボディスクラブ]【あす楽対応】,エイジレスラボ/税抜1900円以上送料無料。ビューティピュアスクラブ 450g[ボディスクラブ]【あす楽対応】[rn]
11-5426,http://tshop.r10s.jp/kenkocom/cabinet/e2978/e297805h_l.jpg?fitin=700:700,2400.0000,,美容・コスメ・香水 > ボディケア > 石けん・ボディソープ,トッカ ボディーケアウォッシュ ジュリエッタの香り 266ml[TOCCA(トッカ) ボディソープ(ブランド)]【あす楽対応】【送料無料】,,"<p>送料無料/トッカ ボディーケアウォッシュ ジュリエッタの香り 266ml<br>ケンコーコムTOP＞化粧品＞ブランドコスメ＞ボディケア＞ボディソープ＞<br>ブランド：TOCCA(トッカ)/販売元：グローバルプロダクトプランニング</p>内容量：266ml   <br>原産国：アメリカ<br><br><hr size=""1"" color=""#e0e0e0"" noshade><br><b>商品説明</b><br>「トッカ ボディーケアウォッシュ ジュリエッタの香り 266ml」は、オリーブオイル、ハチミツ、キンセンカの花エキスを配合したフレグランスボディシャンプーです。肌を優しくなめらかに洗い上げ、肌にうるおいとほんのりとした香りを残します。バブルバスとしても楽しめます。バスルームいっぱいに広がる豊かな香りで、至福のバスタイムをお楽しみください。ピンクチューリップとグリーンアップルの爽やかで甘い香りです。<br><b>使用方法</b><br>よく泡立ててからやさしく洗い、水かぬるま湯で十分に洗い流してください。<br><b>使用上の注意</b><br>●肌に合わない時はご使用をおやめください。 <br>●高温多湿、直射日光を避け、乳幼児の手の届かないところで保管してください。 <br>●本品は食べ物ではありません。<br><b>成分</b><br>水、ラウラミドプロピルベタイン、ラウレス硫酸Na、ラウリル硫酸TEA、PG、コカミドMEA、香料、デシルグルコシド、フェノキシエタノール、ジステアレス-75IPDI、ポリソルベート20、ブチルフェニルメチルプロパナール、カプリリルグリコール、グアーヒドロキシプロピルトリモニウムクロリド、クエン酸、EDTA-2Na、サリチル酸ベンジル、ソルビン酸、BHT、リナロール、α-イソメチルイオノン、BG、シトロネロール、クマリン、トウキンセンカ花エキス、ハチミツエキス、アロエベラ葉エキス、オリーブ果実エキス、オイゲノール<br><b>原産国</b><br>アメリカ<br>JANコード：　4517161115222<br><hr size=""1"" color=""#e0e0e0"" noshade><b>ボディソープ全部</b>ボディの汗・皮脂などの汚れ、余分な角質等を洗いおとし、清潔な肌に整えます。ボディー向け洗浄料です。<hr size=""1"" color=""#e0e0e0"" noshade>広告文責：ケンコーコム株式会社<br>TEL：050-5577-5042<hr size=""1"" color=""#e0e0e0"" noshade><font color =""red"">※パッケージデザイン等は予告なく変更されることがあります。</font>",トッカ ボディーケアウォッシュ ジュリエッタの香り 266ml[TOCCA(トッカ) ボディソープ(ブランド)]【あす楽対応】【送料無料】：ケンコーコム,通信販売通販ショッピングオンラインショッピング買い物プレゼントギフト贈り物贈答品お中元お歳暮お買い得ケンコーコムケンコーコム支店クリスタルガイザーミネラルウォーターリアップリアップx5ダウニーコンドームペリエサーモスコントレックス日焼け止めココナッツオイルえごまこめ油サンペレグリノ扇風機クリスタルガイザー 500ml 48本緑の魔女甘酒トッカ ボディーケアウォッシュ ジュリエッタの香り 266ml[TOCCA(トッカ) ボディソープ(ブランド)]【あす楽対応】【送料無料】,TOCCA(トッカ)/送料無料。トッカ ボディーケアウォッシュ ジュリエッタの香り 266ml[TOCCA(トッカ) ボディソープ(ブランド)]【あす楽対応】【送料無料】[rn]
11-5427,http://tshop.r10s.jp/kenkocom/cabinet/e2978/e297801h_l.jpg?fitin=700:700,1200.0000,,美容・コスメ・香水 > ボディケア > 石けん・ボディソープ,トッカ ソープバー ステラの香り 113g[TOCCA(トッカ) フレグランス ソープ],,"<p>税抜1900円以上送料無料/トッカ ソープバー ステラの香り 113g<br>ケンコーコムTOP＞化粧品＞ブランドコスメ＞ボディケア＞ソープ(ブランド)＞<br>ブランド：TOCCA(トッカ)/販売元：グローバルプロダクトプランニング</p>内容量：113g   <br>原産国：アメリカ<br><br><hr size=""1"" color=""#e0e0e0"" noshade><br><b>商品説明</b><br>「トッカ ソープバー ステラの香り 113g」は、ククイナッツオイル、アルゲエキスを配合したフレグランス ソープです。肌にやさしく、うるおいと弾力を与え、柔らかく輝きのある肌へと導きます。繊細なデザインが施された、ハンドメイドの包装紙に包まれています。オレンジが奏でるフレッシュでビターな爽やかさ漂う香りです。<br><b>使用方法</b><br>よく泡立ててからやさしく洗い、水かぬるま湯で十分に洗い流してください。<br><b>使用上の注意</b><br>●肌に合わない時はご使用をおやめください。 <br>●高温多湿、直射日光を避け、乳幼児の手の届かないところで保管してください。 <br>●本品は食べ物ではありません。<br><b>成分</b><br>パーム脂肪酸Na、パーム核脂肪酸Na、水、グリセリン、香料、パーム核脂肪酸、アルゲエキス、ククイナッツ油、塩化Na、酢酸トコフェロール、EDTA-4Na、エチドロン酸4Na、酸化チタン、黄203、赤504、緑201<br><b>原産国</b><br>アメリカ<br>JANコード：　4517161114256<br><hr size=""1"" color=""#e0e0e0"" noshade>広告文責：ケンコーコム株式会社<br>TEL：050-5577-5042<hr size=""1"" color=""#e0e0e0"" noshade><font color =""red"">※パッケージデザイン等は予告なく変更されることがあります。</font>",トッカ ソープバー ステラの香り 113g[TOCCA(トッカ) フレグランス ソープ]：ケンコーコム,通信販売通販ショッピングオンラインショッピング買い物プレゼントギフト贈り物贈答品お中元お歳暮お買い得ケンコーコムケンコーコム支店クリスタルガイザーミネラルウォーターリアップリアップx5ダウニーコンドームペリエサーモスコントレックス日焼け止めココナッツオイルえごまこめ油サンペレグリノ扇風機クリスタルガイザー 500ml 48本緑の魔女甘酒トッカ ソープバー ステラの香り 113g[TOCCA(トッカ) フレグランス ソープ],TOCCA(トッカ)/税抜1900円以上送料無料。トッカ ソープバー ステラの香り 113g[TOCCA(トッカ) フレグランス ソープ][rn]
11-5428,http://tshop.r10s.jp/kenkocom/cabinet/e0212/e021244h_l.jpg?fitin=700:700,1040.0000,,美容・コスメ・香水 > ボディケア > 石けん・ボディソープ,アルージェ モイスチャークリアソープ 60g[全薬工業 アルージェ 低刺激石鹸]【あす楽対応】,,"<p>税抜1900円以上送料無料/アルージェ モイスチャークリアソープ 60g<br>ケンコーコムTOP＞日用品＞洗面・バス用品＞石鹸＞化粧石鹸(固形)＞<br>ブランド：アルージェ/発売元：全薬工業</p>内容量：60g   <br><br><br><hr size=""1"" color=""#e0e0e0"" noshade><br><b>商品説明</b><br>「アルージェ モイスチャークリアソープ 60g」は、きめ細やかな泡立ちで、しっとり感を残しながらスッキリと洗う低刺激石鹸です。肌荒れを防止し、健やかな肌に保ちます。洗い上がりのうるおい感にもこだわっています。無香料、無着色、鉱物油無添加、表示指定成分無添加、ノンパラペン、弱酸性。<br><b>使用方法</b><br>充分に泡立て、その泡で顔全体をつつみ込むように洗います。その後、水またはぬるま湯でよくすすいでください。<br>●一度立てた泡を片方の手のひらにのせ、もう片方の指先で空気を入れ込むようにするとたっぷり泡が立ちます。<br>●とくに汚れやすい小鼻などは、中指の腹を使いていねいに。<br>●本品は水に溶けやすいため、ご使用後は水気をよく切って、水はけのよいトレー(石けん受け)に保管してください。<br><b>ご注意</b><br>1.傷やはれもの、しっしん等異常のある部位には、お使いにならないでください。<br>2.本品がお肌に合わないときは、ご使用をおやめください。そのまま使用を続けますと、症状を悪化させることがありますので、皮ふ科専門医等にご相談されることをおすすめします。<br>(1)使用中、赤味、はれ、かゆみ、刺激等の異常があらわれた場合<br>(2)使用したお肌に、日光があたって上記のような異常があらわれた場合<br>3.目に入らないようにご注意ください。万一、目に入ったときは、直ちに洗い流してください。<br>4.お肌が特にかぶれやすい方は、腕の内側などの柔らかいところに少量つけて、かゆみ、赤味などの異常のないことを確かめてからご使用ください。<br>●本品は、動植物由来の素材を使用し、防腐剤、香料、酸化防止剤、色素等は一切配合しておりませんので、製品によって色の濃淡にバラツキがあり、また、素材固有のにおいがする場合がありますが、ご使用には問題ございません。<br>●パッチテスト済み(すべての方に刺激がないというわけではありません)<br><b>成分</b><br>●有効成分：グリチルリチン酸2K<br>●その他の成分：石けん用素地、白糖、濃グリセリン、エタノール、ラウリン酸アミドプロピルベタイン液、スクワラン、ヒアルロン酸Na‐1、ビオセラミド、HEDTA・3Na液、キサンタンガム、BG、水、ラウロイルグルタミン酸ジ(コレステリル・オクチルドデシル)<br><b>効能・効果</b><br>皮ふの清浄、肌あれ・にきびを防ぐ。<br><b>保管および取扱い上の注意</b><br>1.乳幼児の手のとどかない所に保管してください。<br>2.直射日光のあたる場所、極端に高温又は低温の場所には保管しないでください。<br>JANコード：　4987305034915<br><hr size=""1"" color=""#e0e0e0"" noshade><b>洗顔石鹸</b>洗顔石鹸は、お顔専用の石鹸です。天然油脂100%の洗顔石鹸から、こだわりのハーブや美容成分が配合された洗顔石鹸まで豊富なラインナップ。そのまま全身にも、赤ちゃんにもお使いいただける洗顔石鹸もご用意しています。<hr size=""1"" color=""#e0e0e0"" noshade>広告文責：ケンコーコム株式会社<br>TEL：050-5577-5042<hr size=""1"" color=""#e0e0e0"" noshade><font color =""red"">※パッケージデザイン等は予告なく変更されることがあります。</font>",アルージェ モイスチャークリアソープ 60g[全薬工業 アルージェ 低刺激石鹸]【あす楽対応】：ケンコーコム,通信販売通販ショッピングオンラインショッピング買い物プレゼントギフト贈り物贈答品お中元お歳暮お買い得ケンコーコムケンコーコム支店クリスタルガイザーミネラルウォーターリアップリアップx5ダウニーコンドームペリエサーモスコントレックス日焼け止めココナッツオイルえごまこめ油サンペレグリノ扇風機クリスタルガイザー 500ml 48本緑の魔女甘酒アルージェ モイスチャークリアソープ 60g[全薬工業 アルージェ 低刺激石鹸]【あす楽対応】,アルージェ/税抜1900円以上送料無料。アルージェ モイスチャークリアソープ 60g[全薬工業 アルージェ 低刺激石鹸]【あす楽対応】[rn]
11-5429,http://tshop.r10s.jp/onestep/cabinet/life/cosme01/ks0202.jpg?fitin=700:700,628.8000,,美容・コスメ・香水 > ボディケア > 石けん・ボディソープ,【枚数限定★100円OFFクーポン配布中】ガミラシークレット ミニ スペアミント 30g,,"メーカー名：ガミラシークレット<br>シリーズ名：ソープ<br>内容量：30g<br>購入単位：1個<br>配送種別：在庫品<br><br>伝統的な製法で作られた100％天然素材の石鹸です。やさしく、フレッシュなミントの香りです。<br>肌への負担が少なく、敏感肌の方にもおすすめします。<br><br>「ガミラシークレット」は、イスラエルに住むガミラという女性が、30年以上にわたる試行錯誤を重ね完成させた石鹸です。<br>その土地、環境、風土にあわせ適応させる植物の力が最大限に活かされています。<br>肌を清潔にし、水分と油分のバランスを整え、肌を本来あるべき健康的で美しい状態へと導いてくれます。<br>肌タイプ、男女、年齢を問わず、肌に悩みを抱える方に。<br> <br><br>商品は検品の為全て開封しています。ご理解のうえ、ご利用下さい。<br><br><font size="""">【検索用キーワード】<br>楽天 通販 雑貨 日用品 バス 洗面用品 固形石鹸 ビューティー ボディケア 海外コスメ ガミラシークレット がみらしーくれっと みに すぺあみんと 30g  ks0202 KS0202 ビューティー ガミラシークレット gamilasecret オーガニック よろずやマルシェ 石鹸 ソープ 敏感肌 天然素材 植物性  バスグッズ コスメ</font><br><br><br><table width=""100%"" border=""0"" cellspacing=""0"" cellpadding=""5""><tr><td align=""center"" bgcolor=""#0000FF""><table width=""100%"" border=""0"" cellspacing=""0"" cellpadding=""10""><tr><td align=""center"" bgcolor=""#FFFFFF"">よろずやマルシェTOPページはこちら</td></tr></table></td></tr></table><br><table width=""100%"" border=""0"" cellspacing=""0"" cellpadding=""5""><tr><td align=""center"" bgcolor=""#FF00FF""><table width=""100%"" border=""0"" cellspacing=""0"" cellpadding=""10""><tr><td align=""center"" bgcolor=""#FFFFFF""><font color=""#FF00FF"">新着商品一覧はこちら</font></td></tr></table></td></tr></table><br><table width=""100%"" border=""0"" cellspacing=""0"" cellpadding=""5""><tr><td align=""center"" bgcolor=""#CC0000""><table width=""100%"" border=""0"" cellspacing=""0"" cellpadding=""10""><tr><td align=""center"" bgcolor=""#FFFFFF""><font color=""#cc0000"">お買い得セール会場はこちら</font></td></tr></table></td></tr></table><BR><table width=""100%"" border=""0"" cellspacing=""0"" cellpadding=""5""><tr><td align=""center"" bgcolor=""#FF6600""><table width=""100%"" border=""0"" cellspacing=""0"" cellpadding=""10""><tr><td align=""center"" bgcolor=""#FFFFFF""><font color=""#FF6600"">特集一覧はこちら</font></td></tr></table></td></tr></table>",【枚数限定★100円OFFクーポン配布中】ガミラシークレット ミニ スペアミント 30g：よろずやマルシェ,通信販売通販ショッピングオンラインショッピング買い物プレゼントギフト贈り物贈答品お中元お歳暮お買い得よろずやマルシェよろマル水ミネラルウォーターインクコントレックスペリエ食品コピー用紙ブランド雑貨文房具コスメ日用品ビューティペット家具【枚数限定★100円OFFクーポン配布中】ガミラシークレット ミニ スペアミント 30g,石けん ボディソープ ボディケア 美容 コスメ 香水　。【枚数限定★100円OFFクーポン配布中】ガミラシークレット ミニ スペアミント 30g[rn]
11-5430,http://tshop.r10s.jp/smilehouse/cabinet/nkenko3/na1644-2.jpg?fitin=700:700,2012.8000,,美容・コスメ・香水 > ボディケア > 石けん・ボディソープ,【代引料無料】PLATINUM LOVE SOAP（プラチナムラブソープ）　2個セット　【smtb-k】【ky】,,"デリケートゾーンの臭い・クスミ・ムダ毛もう悩まない！プラチナをメイン成分に10種類の成分を配合したデリケートゾーン専用石鹸。愛されチェリーの香り♪<br><br>▼内容量：100g×2セット　▼原産国：日本<br><br>
<font color=""#ff0000"">※開封後の返品、交換は一切お受けできません。予めご了承下さい※</font><!--注意事項--><br><br><div class=""menu"" =""""><label for=""Panel1"" =""""><img src=""http://image.rakuten.co.jp/smilehouse/cabinet/ntop/chui-1606-30843.gif""></label =""""><input type=""checkbox"" id=""Panel1"" class=""on-off"" =""""><ul =""""><li =""""><img src=""http://image.rakuten.co.jp/smilehouse/cabinet/ntop/chui-1608-308239.gif""></li =""""></ul =""""></div =""""><!--注意事項end-->",【代引料無料】PLATINUM LOVE SOAP（プラチナムラブソープ）　2個セット　【smtb-k】【ky】：ナデシコの森,通信販売通販ショッピングオンラインショッピング買い物プレゼントギフト贈り物贈答品お中元お歳暮お買い得コスメダイエットバストケア美容機器ヘアケア格安通販通信販売【代引料無料】PLATINUM LOVE SOAP（プラチナムラブソープ）　2個セット　【smtb-k】【ky】,【代引料無料】PLATINUM LOVE SOAP（プラチナムラブソープ）　2個セット　【smtb-k】【ky】[rn]
11-5431,http://tshop.r10s.jp/smilehouse/cabinet/nbiyo4/b1919-2.jpg?fitin=700:700,2560.0000,,美容・コスメ・香水 > ボディケア > 石けん・ボディソープ,【バーゲン】【送料無料】【代引料無料】MIRO 緑茶カテキン石鹸　epi＆deodorant　2個セット　【smtb-k】【ky】,,"茶カテキン配合石けんでムダ毛＆消臭ケア！顔・胸・腕・脚など気になるところをこの石けんで洗うだけ。5種類の植物油配合で保湿まで！<br><br>▼内容量：100g×2セット　▼日本製<br><br><font color=""#ff0000"">※商品発送に3日-約1週間ほどお時間を頂戴致します。開封後の返品、交換は一切お受けできません。予めご了承下さい。※</font><!--注意事項--><br><br><div class=""menu"" =""""><label for=""Panel1"" =""""><img src=""http://image.rakuten.co.jp/smilehouse/cabinet/ntop/chui-1606-30843.gif""></label =""""><input type=""checkbox"" id=""Panel1"" class=""on-off"" =""""><ul =""""><li =""""><img src=""http://image.rakuten.co.jp/smilehouse/cabinet/ntop/chui-1608-308239.gif""></li =""""></ul =""""></div =""""><!--注意事項end-->",【バーゲン】【送料無料】【代引料無料】MIRO 緑茶カテキン石鹸　epi＆deodorant　2個セット　【smtb-k】【ky】：ナデシコの森,通信販売通販ショッピングオンラインショッピング買い物プレゼントギフト贈り物贈答品お中元お歳暮お買い得コスメダイエットバストケア美容機器ヘアケア格安通販通信販売【バーゲン】【送料無料】【代引料無料】MIRO 緑茶カテキン石鹸　epi＆deodorant　2個セット　【smtb-k】【ky】,【バーゲン】【送料無料】【代引料無料】MIRO 緑茶カテキン石鹸　epi＆deodorant　2個セット　【smtb-k】【ky】[rn]
11-5432,http://tshop.r10s.jp/smilehouse/cabinet/nbiyo5/b2187.jpg?fitin=700:700,1760.0000,,美容・コスメ・香水 > ボディケア > 石けん・ボディソープ,プレミアムビューティーソープ【代引料無料】,,"<!--納期・返品-->
<font color=""#ff0000"">※開封後の返品、交換は一切お受けできません。予めご了承下さい。※</font><br><br>

<center>
<!--説明画像-->

<!--スペック-->
<table width=""100%"" border=""1"" cellpadding=""3"" cellspacing=""0"" bordercolor=""#CDCDCD"">
    <tr bgcolor=""#CEE8FB"">
      <td colspan=""2"" align=""left"">商品番号 <b>b2187</b></td>
    </tr>
    <tr>
      <td width=""60"" align=""left"" bgcolor=""#f3f3f3""><font size=""1"">商品名</font></td>
      <td align=""left""><font size=""1"">プレミアムビューティーソープ</font></td>
    </tr>
    <tr>
      <td width=""60"" align=""left"" bgcolor=""#f3f3f3""><font size=""1"">広告文責</font></td>
      <td align=""left""><font size=""1"">株式会社ドリームwebシステム　06-6761-6726</font></td>
    </tr>
    <tr>
      <td width=""60"" align=""left"" bgcolor=""#f3f3f3""><font size=""1"">区分</font></td>
      <td align=""left""><font size=""1"">石けん</font></td>
    </tr>
  </table>
</center><br><br>


<!--商品説明テキスト-->

<!--セットへのリンク・検索URLなど-->
お得♪⇒2個で送料無料はこちら！


<!--注意事項--><br>
<br><div class=""menu"" =""""><label for=""Panel1"" =""""><img src=""http://image.rakuten.co.jp/smilehouse/cabinet/ntop/chui-1606-30843.gif""></label =""""><input type=""checkbox"" id=""Panel1"" class=""on-off"" =""""><ul =""""><li =""""><img src=""http://image.rakuten.co.jp/smilehouse/cabinet/ntop/chui-1608-308239.gif""></li =""""></ul =""""></div =""""><!--注意事項end-->",プレミアムビューティーソープ【代引料無料】：ナデシコの森,通信販売通販ショッピングオンラインショッピング買い物プレゼントギフト贈り物贈答品お中元お歳暮お買い得コスメダイエットバストケア美容機器ヘアケア格安通販通信販売プレミアムビューティーソープ【代引料無料】,　。プレミアムビューティーソープ【代引料無料】[rn]
11-5433,http://tshop.r10s.jp/smilehouse/cabinet/nkesho7/k2337a.jpg?fitin=700:700,1200.0000,,美容・コスメ・香水 > ボディケア > 石けん・ボディソープ,ベリーベリーファーム上田　果曲　リンゴ,,"<!--納期・返品-->
<font color=""#ff0000"">※開封後の返品、交換は一切お受けできません。予めご了承下さい。※</font><br><br>

<center>
<!--説明画像-->
<img src=""http://image.rakuten.co.jp/smilehouse/cabinet/nkesho7/k2336suma1aa.jpg""><br>
<img src=""http://image.rakuten.co.jp/smilehouse/cabinet/nkesho7/k2336suma2a.jpg""><br>
<img src=""http://image.rakuten.co.jp/smilehouse/cabinet/nkesho7/k2337suma1.jpg""><br><br>


<!--スペック-->
<table width=""100%"" border=""1"" cellpadding=""3"" cellspacing=""0"" bordercolor=""#CDCDCD"">
    <tr bgcolor=""#CEE8FB"">
      <td colspan=""2"" align=""left"">商品番号 <b>k2337</b></td>
    </tr>
    <tr>
      <td width=""60"" align=""left"" bgcolor=""#f3f3f3""><font size=""1"">商品名</font></td>
      <td align=""left""><font size=""1"">ベリーベリーファーム上田　果曲　リンゴ　（枠練り石鹸）</font></td>
    </tr>
    <tr>
      <td width=""60"" align=""left"" bgcolor=""#f3f3f3""><font size=""1"">容量</font></td>
      <td align=""left""><font size=""1"">85ｇ</font></td>
    </tr>
    <tr>
      <td width=""60"" align=""left"" bgcolor=""#f3f3f3""><font size=""1"">原材料</font></td>
      <td align=""left""><font size=""1"">パーム油、水、ヤシ油、スクロース、水酸化Ｎａ、リンゴ果皮、オレンジ油、ローズウッド油<br>
    ※リンゴはバラ科の植物です。</font></td>
    </tr>
    <tr>
      <td width=""60"" align=""left"" bgcolor=""#f3f3f3""><font size=""1"">備考</font></td>
      <td align=""left""><font size=""1"">石油系・鉱物系無添加。製法も自然由来（コールドプロセス製法）で。合成洗浄剤、香料、着色料をいっさい使わず、主原料のオイル、香り、色、すべてに天然素材を使った手作り石鹸。</font></td>
    </tr>
    <tr>
      <td width=""60"" align=""left"" bgcolor=""#f3f3f3""><font size=""1"">JANコード</font></td>
      <td align=""left""><font size=""1"">4571320560339</font></td>
    </tr>
    <tr>
      <td width=""60"" align=""left"" bgcolor=""#f3f3f3""><font size=""1"">メーカー名称</font></td>
      <td align=""left""><font size=""1"">株式会社エッチ・ビー・シー・メディアクリエート</font></td>
    </tr>
    <tr>
      <td width=""60"" align=""left"" bgcolor=""#f3f3f3""><font size=""1"">広告文責</font></td>
      <td align=""left""><font size=""1"">株式会社ドリームwebシステム　050-3821-6873</font></td>
    </tr>
    <tr>
      <td width=""60"" align=""left"" bgcolor=""#f3f3f3""><font size=""1"">区分</font></td>
      <td align=""left""><font size=""1"">化粧品</font></td>
    </tr>
</table>
</center><br><br>


<!--商品説明テキスト-->
余市が誇るりんごの皮を丁寧に煮出した石鹸は、ビタミン、ポリフェノールが豊富に含まれ、お肌のキメを整えます。北海道、余市・仁木ベリーベリーファーム上田が有機栽培の果実でつくった、自然由来の手作り石鹸です。キメ細かい泡立ちと、しっとり潤う洗い上がりをお楽しみください。<br><br>

<!--セットへのリンク・検索URLなど-->
★果曲シリーズはこちら
<br><br><!--注意事項--><br><br><div class=""menu"" =""""><label for=""Panel1"" =""""><img src=""http://image.rakuten.co.jp/smilehouse/cabinet/ntop/chui-1606-30843.gif""></label =""""><input type=""checkbox"" id=""Panel1"" class=""on-off"" =""""><ul =""""><li =""""><img src=""http://image.rakuten.co.jp/smilehouse/cabinet/ntop/chui-1608-308239.gif""></li =""""></ul =""""></div =""""><!--注意事項end-->",ベリーベリーファーム上田　果曲　リンゴ：ナデシコの森,通信販売通販ショッピングオンラインショッピング買い物プレゼントギフト贈り物贈答品お中元お歳暮お買い得コスメダイエットバストケア美容機器ヘアケア格安通販通信販売ベリーベリーファーム上田　果曲　リンゴ,【代引料無料】ビタミン、ポリフェノールが豊富に含まれます！　。ベリーベリーファーム上田　果曲　リンゴ[rn]
11-5434,http://tshop.r10s.jp/smilehouse/cabinet/nbiyo4/b2027a.jpg?fitin=700:700,1104.0000,,美容・コスメ・香水 > ボディケア > 石けん・ボディソープ,【代引料無料】ジェントルブラックエピ,,"<!--納期・返品-->
<font color=""#ff0000"">※開封後の返品、交換は一切お受けできません。予めご了承下さい。※</font><br><br>

<center>
<!--説明画像-->
<img src=""http://image.rakuten.co.jp/smilehouse/cabinet/nbiyo4/b2027suma1.jpg""><br><img src=""http://image.rakuten.co.jp/smilehouse/cabinet/nbiyo4/b2027suma2.jpg""><br><br>

<!--スペック-->
<table width=""100%"" border=""1"" cellpadding=""3"" cellspacing=""0"" bordercolor=""#CDCDCD"">
    <tr bgcolor=""#CEE8FB"">
      <td colspan=""2"" align=""left"">商品番号 <b>b2027</b></td>
    </tr>
    <tr>
      <td width=""60"" align=""left"" bgcolor=""#f3f3f3""><font size=""1"">商品名</font></td>
      <td align=""left""><font size=""1"">ジェントルブラックエピ</font></td>
    </tr>
    <tr>
      <td width=""60"" align=""left"" bgcolor=""#f3f3f3""><font size=""1"">名称</font></td>
      <td align=""left""><font size=""1"">GSソープ 化粧石けん</font></td>
    </tr>
    <tr>
      <td width=""60"" align=""left"" bgcolor=""#f3f3f3""><font size=""1"">内容量</font></td>
      <td align=""left""><font size=""1"">100g</font></td>
    </tr>
    <tr>
      <td width=""60"" align=""left"" bgcolor=""#f3f3f3""><font size=""1"">原材料名</font></td>
      <td align=""left""><font size=""1"">石ケン素地、炭、ダイズ種子エキス、パパイン、スクワラン、プラセンタエキス、ぺルべチアカナリクラタエキス、チャ葉エキス、セイヨウノコギリソウエキ  ス、セージエキス、カミツレ花エキス、フキタンポポエキス、カミツレエキス、アルテアエキス、オトギリソウエキス、セイヨウオトギリソウエキス、フユボダ  イジュ花エキス、グリチルリチン酸2kトウキンセンカ花エキス、ヤグルマギク花エキス、ローマカミツレ花エキス、グリセリン、水、尿素、PG、エチドロン  酸4Na、BG、デキストリン、エタノール</font></td>
    </tr>
    <tr>
      <td width=""60"" align=""left"" bgcolor=""#f3f3f3""><font size=""1"">ご使用方法</font></td>
      <td align=""left""><font size=""1"">お湯で湿らせたタオルやスポンジ等に適量をとり泡立てた後、体全体にお使いください。その後は水またはお湯でよく洗い流してください。</font></td>
    </tr>
    <tr>
      <td width=""60"" align=""left"" bgcolor=""#f3f3f3""><font size=""1"">使用上の注意</font></td>
      <td align=""left""><font size=""1"">■お肌に合わない場合はご使用をおやめください。<br>
        ■高温多湿や直射日光を避けて保管してください。<br>
        ■本品は天然由来成分を仕様しておりますので、色の変化など発生する場合がありますが、品質には問題ありません。</font></td>
    </tr>
    <tr>
      <td width=""60"" align=""left"" bgcolor=""#f3f3f3""><font size=""1"">広告文責</font></td>
      <td align=""left""><font size=""1"">株式会社ドリームwebシステム　050-3821-6873</font></td>
    </tr>
    <tr>
      <td width=""60"" align=""left"" bgcolor=""#f3f3f3""><font size=""1"">区分</font></td>
      <td align=""left""><font size=""1"">石鹸・日本製</font></td>
    </tr>
  </table>
</center><br><br>


<!--商品説明テキスト-->
憧れの紳士肌へ！男性用ムダ毛ケア石けん。顔・胸・腕…全身に使えます。石鹸を使用して毛を剃り、もう一度石鹸で部位を洗うだけ！<br><br>

<!--セットへのリンク・検索URLなど--><!--注意事項--><br><br><div class=""menu"" =""""><label for=""Panel1"" =""""><img src=""http://image.rakuten.co.jp/smilehouse/cabinet/ntop/chui-1606-30843.gif""></label =""""><input type=""checkbox"" id=""Panel1"" class=""on-off"" =""""><ul =""""><li =""""><img src=""http://image.rakuten.co.jp/smilehouse/cabinet/ntop/chui-1608-308239.gif""></li =""""></ul =""""></div =""""><!--注意事項end-->",【代引料無料】ジェントルブラックエピ：ナデシコの森,通信販売通販ショッピングオンラインショッピング買い物プレゼントギフト贈り物贈答品お中元お歳暮お買い得コスメダイエットバストケア美容機器ヘアケア格安通販通信販売【代引料無料】ジェントルブラックエピ,憧れの紳士肌へ！男性用ムダ毛ケア石けん。【代引料無料】ジェントルブラックエピ[rn]
11-5435,http://tshop.r10s.jp/smilehouse/cabinet/nbiyo5/b2187-2.jpg?fitin=700:700,3520.0000,,美容・コスメ・香水 > ボディケア > 石けん・ボディソープ,プレミアムビューティーソープ　2個セット 【送料無料】【代引料無料】【smtb-k】【ky】,,"<!--納期・返品-->
<font color=""#ff0000"">※開封後の返品、交換は一切お受けできません。予めご了承下さい。※</font><br><br>

<center>
<!--説明画像-->

<!--スペック-->
<table width=""100%"" border=""1"" cellpadding=""3"" cellspacing=""0"" bordercolor=""#CDCDCD"">
    <tr bgcolor=""#CEE8FB"">
      <td colspan=""2"" align=""left"">商品番号 <b>b2187-2</b></td>
    </tr>
    <tr>
      <td width=""60"" align=""left"" bgcolor=""#f3f3f3""><font size=""1"">商品名</font></td>
      <td align=""left""><font size=""1"">プレミアムビューティーソープ　2個セット</font></td>
    </tr>
    <tr>
      <td width=""60"" align=""left"" bgcolor=""#f3f3f3""><font size=""1"">広告文責</font></td>
      <td align=""left""><font size=""1"">株式会社ドリームwebシステム　06-6761-6726</font></td>
    </tr>
    <tr>
      <td width=""60"" align=""left"" bgcolor=""#f3f3f3""><font size=""1"">区分</font></td>
      <td align=""left""><font size=""1"">石けん</font></td>
    </tr>
  </table>
</center><br><br>


<!--商品説明テキスト-->

<!--セットへのリンク・検索URLなど-->


<!--注意事項--><br>
<br><div class=""menu"" =""""><label for=""Panel1"" =""""><img src=""http://image.rakuten.co.jp/smilehouse/cabinet/ntop/chui-1606-30843.gif""></label =""""><input type=""checkbox"" id=""Panel1"" class=""on-off"" =""""><ul =""""><li =""""><img src=""http://image.rakuten.co.jp/smilehouse/cabinet/ntop/chui-1608-308239.gif""></li =""""></ul =""""></div =""""><!--注意事項end-->",プレミアムビューティーソープ　2個セット 【送料無料】【代引料無料】【smtb-k】【ky】：ナデシコの森,通信販売通販ショッピングオンラインショッピング買い物プレゼントギフト贈り物贈答品お中元お歳暮お買い得コスメダイエットバストケア美容機器ヘアケア格安通販通信販売プレミアムビューティーソープ　2個セット 【送料無料】【代引料無料】【smtb-k】【ky】,　。プレミアムビューティーソープ　2個セット 【送料無料】【代引料無料】【smtb-k】【ky】[rn]
11-5436,http://tshop.r10s.jp/smilehouse/cabinet/nkenko4/na2104-2.jpg?fitin=700:700,2560.0000,,美容・コスメ・香水 > ボディケア > 石けん・ボディソープ,【送料無料】【代引料無料】ヴィーナスラボ 薬用ハーブナノソープ　2個セット　【smtb-k】【ky】,,"<font color=""#ff0000"">※開封後の返品、交換は一切お受けできません。予めご了承下さい※</font><br><br>

<center>
<!--説明画像-->
<img src=""http://image.rakuten.co.jp/smilehouse/cabinet/nkenko4/na2104suma1.jpg""><br>
<img src=""http://image.rakuten.co.jp/smilehouse/cabinet/nkenko4/na2104suma2.jpg""><br>
<img src=""http://image.rakuten.co.jp/smilehouse/cabinet/nkenko4/na2104suma3.jpg""><br>
<img src=""http://image.rakuten.co.jp/smilehouse/cabinet/nkenko4/na2104suma4.jpg""><br><br>


<!--スペック-->
<table width=""100%"" border=""1"" cellpadding=""3"" cellspacing=""0"" bordercolor=""#CDCDCD"">
<tr bgcolor=""#CEE8FB"">
    <td colspan=""2"" align=""left"">商品番号 <b>na2104-2</b></td>
  </tr>
<tr>
  <td width=""60"" align=""left"" bgcolor=""#f3f3f3""><font size=""1"">商品名</font></td>
  <td align=""left""><font size=""1"">ヴィーナスラボ　薬用ハーブナノソープ（医薬部外品）　2個セット</font></td>
</tr>
<tr>
  <td width=""60"" align=""left"" bgcolor=""#f3f3f3""><font size=""1"">内容量</font></td>
  <td align=""left""><font size=""1"">100g×2セット</font></td>
</tr>
<tr>
  <td width=""60"" align=""left"" bgcolor=""#f3f3f3""><font size=""1"">有効成分</font></td>
  <td align=""left""><font size=""1"">イソプロピルメチルフェノール、グリチルリチン酸ジカリウム</font></td>
</tr>
<tr>
  <td width=""60"" align=""left"" bgcolor=""#f3f3f3""><font size=""1"">その他の成分</font></td>
  <td align=""left""><font size=""1"">石けん用素地、チャエキス(1)、紅茶エキス、ヤシ油脂肪酸アミドプロピルベタイン、カキタンニン、オウゴンエキス、シソエキス(1)、アロエエキス（２）、シャクヤクエキ ス、ローズマリーエキス、ラベンダーエキス(2) 、マロニエエキス、セージエキス、ハマメリスエキス、アルニカエキス、ダイズエキス、カンゾウフラボノイド、香料、ジプロピレングリコール、1，3-ブチレングリコール、無水エタノール、エタノール、ヒドロキシエタンジホスホン酸液、エデト酸四ナトリウム四水塩<br>
    精油ブレンド：ラベンダー油、ニオイテンジクアオイ油、パルマローザ油、ローズマリー葉油、イランイラン油</font></td>
</tr>
<tr>
  <td width=""60"" align=""left"" bgcolor=""#f3f3f3""><font size=""1"">使用方法</font></td>
  <td align=""left""><font size=""1"">商品を水またはお湯で良く泡立て、お体を洗浄し洗い流してください。<br>
※特に気になる部分（デリケートゾーン・バスト・ワキ等）には、たっぷりと泡を付ける泡パックがおすすめです。その後十分に洗い流してください。</font></td>
</tr>
<tr>
  <td width=""60"" align=""left"" bgcolor=""#f3f3f3""><font size=""1"">使用上の注意</font></td>
  <td align=""left""><font size=""1"">●お肌に異常があるとき、お肌に合わないときは、ご使用をおやめください。<br>
●湿疹・皮膚炎（かぶれ・ただれ）等の皮膚障害があるときは、悪化する恐れがありますのでご使用しないでください。<br>
●かぶれたり、刺激を感じたときは、使用を中止して下さい。<br>
●この石鹸は天然の成分により着色しているため、少し色の違いや、時間の経過と共に色が変わる場合がありますが、ご使用には問題ありません。<br>
●柿渋の粉末を配合しているため、まれに粉末が凝集し石鹸の表面に黒褐色の点が見える場合がありますが、異物ではありませんので安心してお使いください。</font></td>
</tr>
<tr>
  <td width=""60"" align=""left"" bgcolor=""#f3f3f3""><font size=""1"">JANコード</font></td>
  <td align=""left""><font size=""1"">4580271800197 </font></td>
</tr>
<tr>
  <td width=""60"" align=""left"" bgcolor=""#f3f3f3""><font size=""1"">広告文責</font></td>
  <td align=""left""><font size=""1"">株式会社ドリームwebシステム　050-3821-6873</font></td>
</tr>
<tr>
  <td width=""60"" align=""left"" bgcolor=""#f3f3f3""><font size=""1"">区分</font></td>
  <td align=""left""><font size=""1"">医薬部外品　（薬用石けん）</font></td>
</tr>
</table>
</center><br><br>

<!--商品説明テキスト-->
人気の「ヴィーナスラボ」シリーズから薬用ジャムウソープ誕生！一歩進んだ女性のためのデリケートゾーンコスメ。デリケートゾーンだからこそ「医薬部外品」で優しくケア。ワキガ・足臭・加齢臭のニオイもケア。肌荒れ・ニキビ予防にも。<br><br>

<!--セットへのリンク・検索URLなど-->
★ヴィーナスラボシリーズはこちら<br><br><!--注意事項--><br><br><div class=""menu"" =""""><label for=""Panel1"" =""""><img src=""http://image.rakuten.co.jp/smilehouse/cabinet/ntop/chui-1606-30843.gif""></label =""""><input type=""checkbox"" id=""Panel1"" class=""on-off"" =""""><ul =""""><li =""""><img src=""http://image.rakuten.co.jp/smilehouse/cabinet/ntop/chui-1608-308239.gif""></li =""""></ul =""""></div =""""><!--注意事項end-->",【送料無料】【代引料無料】ヴィーナスラボ 薬用ハーブナノソープ　2個セット　【smtb-k】【ky】：ナデシコの森,通信販売通販ショッピングオンラインショッピング買い物プレゼントギフト贈り物贈答品お中元お歳暮お買い得コスメダイエットバストケア美容機器ヘアケア格安通販通信販売【送料無料】【代引料無料】ヴィーナスラボ 薬用ハーブナノソープ　2個セット　【smtb-k】【ky】,人気のヴィーナスラボシリーズから薬用ジャムウソープ誕生！　。【送料無料】【代引料無料】ヴィーナスラボ 薬用ハーブナノソープ　2個セット　【smtb-k】【ky】[rn]
11-5437,http://tshop.r10s.jp/smilehouse/cabinet/cos/1035828aa.jpg?fitin=700:700,936.0000,,美容・コスメ・香水 > ボディケア > 石けん・ボディソープ,【代引料無料】豆腐の盛田屋　豆乳せっけん　自然生活,,"<font size=""3"" color=""#ff0000"">※パッケージ移行中のため、お届け商品のパッケージデザインが写真と異なる場合がございますので予めご注意ください。</font><br><br>

◆ご注意とお願い◆<br><br>▼内容量:100ｇ　▼日本製<br><br>お得♪⇒6個で送料無料はこちら!<br><br><font color=""#ff0000"">※お取り寄せ商品につきご注文後5-10営業日前後で出荷予定。開封後の返品、交換は一切お受けできません。予めご了承下さい。※</font><!--注意事項--><br><br><div class=""menu"" =""""><label for=""Panel1"" =""""><img src=""http://image.rakuten.co.jp/smilehouse/cabinet/ntop/chui-1606-30843.gif""></label =""""><input type=""checkbox"" id=""Panel1"" class=""on-off"" =""""><ul =""""><li =""""><img src=""http://image.rakuten.co.jp/smilehouse/cabinet/ntop/chui-1608-308239.gif""></li =""""></ul =""""></div =""""><!--注意事項end-->",【代引料無料】豆腐の盛田屋　豆乳せっけん　自然生活：ナデシコの森,通信販売通販ショッピングオンラインショッピング買い物プレゼントギフト贈り物贈答品お中元お歳暮お買い得コスメダイエットバストケア美容機器ヘアケア格安通販通信販売【代引料無料】豆腐の盛田屋　豆乳せっけん　自然生活,【代引料無料】豆腐の盛田屋　豆乳せっけん　自然生活[rn]
11-5438,http://tshop.r10s.jp/smilehouse/cabinet/nkesho5/kaori002.jpg?fitin=700:700,800.0000,,美容・コスメ・香水 > ボディケア > 石けん・ボディソープ,【代引料無料】宇治森徳の「お茶屋さんの石鹸シリーズ」　緑茶ボディーソープ,,"かおりちゃんブランドでお馴染み！「宇治森徳」のお茶屋さんの石鹸シリーズ。農薬不使用の特別栽培茶エキスを配合したボディーソープ。キメ細やかな泡でやさしく洗い上げます。<br><br>▼内容量：550ml<br><br><font color=""#ff0000"">※商品発送に3日－約1週間ほどお時間を頂戴致します。開封後の返品、交換は一切お受けできません。予めご了承下さい。※</font><!--注意事項--><br><br><div class=""menu"" =""""><label for=""Panel1"" =""""><img src=""http://image.rakuten.co.jp/smilehouse/cabinet/ntop/chui-1606-30843.gif""></label =""""><input type=""checkbox"" id=""Panel1"" class=""on-off"" =""""><ul =""""><li =""""><img src=""http://image.rakuten.co.jp/smilehouse/cabinet/ntop/chui-1608-308239.gif""></li =""""></ul =""""></div =""""><!--注意事項end-->",【代引料無料】宇治森徳の「お茶屋さんの石鹸シリーズ」　緑茶ボディーソープ：ナデシコの森,通信販売通販ショッピングオンラインショッピング買い物プレゼントギフト贈り物贈答品お中元お歳暮お買い得コスメダイエットバストケア美容機器ヘアケア格安通販通信販売【代引料無料】宇治森徳の「お茶屋さんの石鹸シリーズ」　緑茶ボディーソープ,【代引料無料】宇治森徳の「お茶屋さんの石鹸シリーズ」　緑茶ボディーソープ[rn]
11-5439,http://tshop.r10s.jp/smilehouse/cabinet/nkenko4/na2121-3.jpg?fitin=700:700,2880.0000,,美容・コスメ・香水 > ボディケア > 石けん・ボディソープ,女神の石けん　3個セット【送料無料】【代引料無料】【smtb-k】【ky】,,"<!--納期・返品-->
<font color=""#ff0000"">※開封後の返品、交換は一切お受けできません。予めご了承下さい。※</font><br><br>

<center>
<!--説明画像-->

<img src=""http://image.rakuten.co.jp/smilehouse/cabinet/nkenko4/na2121g3.jpg"" width=""100%""><br>
<img src=""http://image.rakuten.co.jp/smilehouse/cabinet/nkenko4/na2121g6.jpg"" width=""100%""><br>
<img src=""http://image.rakuten.co.jp/smilehouse/cabinet/nkenko4/na2121g11.jpg"" width=""100%""><br>
<img src=""http://image.rakuten.co.jp/smilehouse/cabinet/nkenko4/na2121g8.jpg"" width=""100%""><br>
<img src=""http://image.rakuten.co.jp/smilehouse/cabinet/nkenko4/na2121g12.jpg"" width=""100%""><br>
<img src=""http://image.rakuten.co.jp/smilehouse/cabinet/nkenko4/na2121g13.jpg"" width=""100%""><br>
<img src=""http://image.rakuten.co.jp/smilehouse/cabinet/nkenko4/na2121g14.jpg"" width=""100%""><br>
<img src=""http://image.rakuten.co.jp/smilehouse/cabinet/nkenko4/na2121g16.jpg"" width=""100%""><br><br>

<!--スペック-->
<table width=""100%"" border=""1"" cellpadding=""3"" cellspacing=""0"" bordercolor=""#CDCDCD"">
    <tr bgcolor=""#CEE8FB"">
      <td colspan=""2"" align=""left"">商品番号 <b>na2121-3</b></td>
    </tr>
    <tr>
      <td width=""60"" align=""left"" bgcolor=""#f3f3f3""><font size=""1"">商品名</font></td>
      <td align=""left""><font size=""1"">女神の石けん　3個セット</font></td>
    </tr>
    <tr>
      <td width=""60"" align=""left"" bgcolor=""#f3f3f3""><font size=""1"">重量</font></td>
      <td align=""left""><font size=""1"">95g×3セット</font></td>
    </tr>
    <tr>
      <td width=""60"" align=""left"" bgcolor=""#f3f3f3""><font size=""1"">全成分</font></td>
      <td align=""left""><font size=""1"">石ケン素地、TEA、水、グリセリン、スクロース、コメヌカ油、ヒアルロン酸Na、水溶性コラーゲン、クズ根エキス、カバ  葉/根/茎エキス、マグワ根皮エキス、ハマメリス葉エキス、ウコン根茎エキス、セージ葉エキス、セイヨウイラクサ葉エキス、ザクロエキス、ニンニク根エキ  ス、チョウジエキス、ショウガ根茎エキス、キハダ樹皮エキス、カキタンニン、トリエチルヘキサノイン、ステアラミドプロピルジメチルアミン、メントール、  イランイラン油、スペアミント油、ノバラ油、ポリクオタニウム-10、ポリアクリル酸Na、炭酸水素Na、炭酸Na、ベントナイト、シリカ、EDTA-  2Na、BG、PG、エタノール、（PEG-8/SMDI）コポリマー、PEG-8、酸化鉄、香料</font></td>
    </tr>
    <tr>
      <td width=""60"" align=""left"" bgcolor=""#f3f3f3""><font size=""1"">使用方法</font></td>
      <td align=""left""><font size=""1"">１.石けんにぬるま湯を加えながら泡立てます。<br>
        ２.擦らずに、やさしく洗います。<br>
        ３.ぬるま湯で洗い流し、押さえるようにタオルで水分を吸い取ってください。</font></td>
    </tr>    
    <tr>
      <td width=""60"" align=""left"" bgcolor=""#f3f3f3""><font size=""1"">使用上の注意</font></td>
      <td align=""left""><font size=""1"">●お肌に合わない時は、ご使用をおやめください。<br>
        ●傷、はれもの、湿しん等、異常のある部位には使わないでください。<br>
        ●お肌に異常が生じていないかよく注意して使用してください。使用中や使用後に赤味、はれ、かゆみ、刺激等の異常が現れた時または、使用したお肌に直射日光があたって異常が現れた時は使用を中止し、皮膚科専門医等へご相談することをおすすめします。続けてご使用になると悪化することがあります。<br>
        ●目に入った場合は、こすらずにすぐ洗い流してください。目に異物感が残る場合は眼科医にご相談ください。<br>
        ●乳幼児の手の届かないところに保管してください。<br>
        ●直射日光の当たる場所には保管しないでください。</font></td>
    </tr>
    <tr>
      <td width=""60"" align=""left"" bgcolor=""#f3f3f3""><font size=""1"">JANコード</font></td>
      <td align=""left""><font size=""1"">4571138553394</font></td>
    </tr>
    <tr>
      <td width=""60"" align=""left"" bgcolor=""#f3f3f3""><font size=""1"">広告文責</font></td>
      <td align=""left""><font size=""1"">株式会社ドリームwebシステム　050-3821-6873</font></td>
    </tr>
    <tr>
      <td width=""60"" align=""left"" bgcolor=""#f3f3f3""><font size=""1"">区分</font></td>
      <td align=""left""><font size=""1"">石鹸・日本製</font></td>
    </tr>
    </table>
</center><br><br>


<!--商品説明テキスト-->
フェミニンゾーンの気になるニオイに。デリケートな部分を清潔に保ち潤いを与える、無添加石けん。ジャムウと柿渋をカプセル化し、洗う度にフレッシュなまま成分を肌に届けます。汚れを落として肌にやさしい弱アルカリ性。アロマローズの香り。<br><br>

<!--セットへのリンク・検索URLなど-->

<!--注意事項--><br><br><div class=""menu"" =""""><label for=""Panel1"" =""""><img src=""http://image.rakuten.co.jp/smilehouse/cabinet/ntop/chui-1606-30843.gif""></label =""""><input type=""checkbox"" id=""Panel1"" class=""on-off"" =""""><ul =""""><li =""""><img src=""http://image.rakuten.co.jp/smilehouse/cabinet/ntop/chui-1608-308239.gif""></li =""""></ul =""""></div =""""><!--注意事項end-->",女神の石けん　3個セット【送料無料】【代引料無料】【smtb-k】【ky】：ナデシコの森,通信販売通販ショッピングオンラインショッピング買い物プレゼントギフト贈り物贈答品お中元お歳暮お買い得コスメダイエットバストケア美容機器ヘアケア格安通販通信販売女神の石けん　3個セット【送料無料】【代引料無料】【smtb-k】【ky】,フェミニンゾーンの気になるニオイに。無添加石けん。　。女神の石けん　3個セット【送料無料】【代引料無料】【smtb-k】【ky】[rn]
11-5440,http://tshop.r10s.jp/smilehouse/cabinet/nkenko2/na1449-3.jpg?fitin=700:700,2160.0000,,美容・コスメ・香水 > ボディケア > 石けん・ボディソープ,【送料無料】【代引料無料】リゼロ プレミアム柿炭ソープ（医薬部外品）　3個セット　【smtb-k】【ky】,,"気になる臭いは元から洗い流す！国産柿渋エキス5％＆炭配合のボディ用柿渋石鹸。オトコの肌をいたわる美容成分も充実！いつでも新鮮な状態でお届けできるよう密封性の高いバリアフィルムを採用。クールグリーンのユニセックスな香り。<br><br>▼内容量：90g　▼日本製<br><br><font color=""#ff0000"">※商品発送に3日－約1週間ほどお時間を頂戴致します。開封後の返品、交換は一切お受けできません。※</font><!--注意事項--><br><br><div class=""menu"" =""""><label for=""Panel1"" =""""><img src=""http://image.rakuten.co.jp/smilehouse/cabinet/ntop/chui-1606-30843.gif""></label =""""><input type=""checkbox"" id=""Panel1"" class=""on-off"" =""""><ul =""""><li =""""><img src=""http://image.rakuten.co.jp/smilehouse/cabinet/ntop/chui-1608-308239.gif""></li =""""></ul =""""></div =""""><!--注意事項end-->",【送料無料】【代引料無料】リゼロ プレミアム柿炭ソープ（医薬部外品）　3個セット　【smtb-k】【ky】：ナデシコの森,通信販売通販ショッピングオンラインショッピング買い物プレゼントギフト贈り物贈答品お中元お歳暮お買い得コスメダイエットバストケア美容機器ヘアケア格安通販通信販売【送料無料】【代引料無料】リゼロ プレミアム柿炭ソープ（医薬部外品）　3個セット　【smtb-k】【ky】,【送料無料】【代引料無料】リゼロ プレミアム柿炭ソープ（医薬部外品）　3個セット　【smtb-k】【ky】[rn]
11-5441,http://tshop.r10s.jp/smilehouse/cabinet/nkenko3/na1910-2.jpg?fitin=700:700,3040.0000,,美容・コスメ・香水 > ボディケア > 石けん・ボディソープ,【送料無料】【代引料無料】薬用ミョウバンせっけんEX（ドクターデオドラント）　2個セット　【smtb-k】【ky】,,"<!--納期・返品-->
<font color=""#ff0000"">※商品発送に3日-約1週間ほどお時間を頂戴致します。開封後の返品、交換は一切お受けできません。予めご了承下さい。※</font><br><br>


<center>
<!--説明画像-->
<img src=""http://image.rakuten.co.jp/smilehouse/cabinet/nkenko3/na1910suma1a.jpg""><br>
<img src=""http://image.rakuten.co.jp/smilehouse/cabinet/nkenko3/na1910suma2a.jpg""><br>
<img src=""http://image.rakuten.co.jp/smilehouse/cabinet/nkenko3/na1910suma3a.jpg""><br><br>


<!--スペック-->
<table width=""100%"" border=""1"" cellpadding=""3"" cellspacing=""0"" bordercolor=""#CDCDCD"">
<tr bgcolor=""#CEE8FB"">
    <td colspan=""2"" align=""left"">商品番号 <b>na1910-2</b></td>
  </tr>
<tr>
  <td width=""60"" align=""left"" bgcolor=""#f3f3f3""><font size=""1"">商品名</font></td>
  <td align=""left""><font size=""1"">ドクターデオドラント　薬用ミョウバンせっけんＥＸ　2個セット</font></td>
</tr>
<tr>
  <td width=""60"" align=""left"" bgcolor=""#f3f3f3""><font size=""1"">内容量</font></td>
  <td align=""left""><font size=""1"">70g×2セット</font></td>
</tr>
<tr>
  <td width=""60"" align=""left"" bgcolor=""#f3f3f3""><font size=""1""> 全成分</font></td>
  <td align=""left""><font size=""1"">有効成分： トリクロロヒドロキシジフェニルエーテル、トリクロロカルバニリド<br>
    その他成分：カリウム含有石けん用素地、1,3-ブチレングリコール、エデト酸四ナトリウム四水塩、ヒドロキシエタンジホスホン酸液、硫酸アルミニウムカリウム、ダイズエキス、ハッカ油</font></td>
</tr>
<tr>
  <td width=""60"" align=""left"" bgcolor=""#f3f3f3""><font size=""1"">メーカー（製造）</font></td>
  <td align=""left""><font size=""1"">ラムズ・マークス株式会社（ミマスクリーンケア株式会社）</font></td>
</tr>
<tr>
  <td width=""60"" align=""left"" bgcolor=""#f3f3f3""><font size=""1"">広告文責</font></td>
  <td align=""left""><font size=""1"">株式会社ドリームwebシステム　050-3821-6873</font></td>
</tr>
<tr>
  <td width=""60"" align=""left"" bgcolor=""#f3f3f3""><font size=""1"">区分</font></td>
  <td align=""left""><font size=""1"">医薬部外品・日本製</font></td>
</tr>
</table>
</center><br><br>


<!--商品説明テキスト-->
デオドラントに特化した薬用石鹸！ニオイの原因をしっかり落とし、しっかり消臭！脇・足・局部などのニオイがスッキリ落とせます。顏や身体の脂っぽい部分もツゥルンとキレイに。肌に優しく皮膚の健康を保ちながらデオドラントできます。<br><br>

<!--セットへのリンク・検索URLなど-->
★ドクターデオドラントシリーズはこちら！<br><br><!--注意事項--><br><br><div class=""menu"" =""""><label for=""Panel1"" =""""><img src=""http://image.rakuten.co.jp/smilehouse/cabinet/ntop/chui-1606-30843.gif""></label =""""><input type=""checkbox"" id=""Panel1"" class=""on-off"" =""""><ul =""""><li =""""><img src=""http://image.rakuten.co.jp/smilehouse/cabinet/ntop/chui-1608-308239.gif""></li =""""></ul =""""></div =""""><!--注意事項end-->",【送料無料】【代引料無料】薬用ミョウバンせっけんEX（ドクターデオドラント）　2個セット　【smtb-k】【ky】：ナデシコの森,通信販売通販ショッピングオンラインショッピング買い物プレゼントギフト贈り物贈答品お中元お歳暮お買い得コスメダイエットバストケア美容機器ヘアケア格安通販通信販売【送料無料】【代引料無料】薬用ミョウバンせっけんEX（ドクターデオドラント）　2個セット　【smtb-k】【ky】,デオドラントに特化した薬用石鹸！脇や足の臭いもスッキリ！。【送料無料】【代引料無料】薬用ミョウバンせっけんEX（ドクターデオドラント）　2個セット　【smtb-k】【ky】[rn]
11-5442,http://tshop.r10s.jp/cosmecube/cabinet/ikou15/10028303.jpg?fitin=700:700,2063.2000,,美容・コスメ・香水 > ボディケア > 石けん・ボディソープ,定形外なら送料205円～  アロインス  メイティア ゴールドボディソープ 400ml [ ALOINS / ボディソープ / ボディーソープ / 石鹸 ]【取り寄せ商品】【ID：0058】,,"<!-- トップリンク --><font color=""#333333"" size=""2"">トップページはこちら</font><br />
<br /><!-- トップここまで --><FONT color=""#ff0000"" size=""2"">こちらの商品は発送まで４～１０営業日ほどかかりますので予めご了承をお願い致します。<BR>廃盤・メーカー欠品等の場合は納品できない場合がございます。<br>
予めご了承くださいませ。<br></FONT><!-- アンジェここから --><br /><table width=""100%"" border=""0""><img src=""http://image.rakuten.co.jp/cosmecube/cabinet/ikou16/sqannjebana-2.jpg"" width=""100%""></table><font  size=""2"" color=""#ff0000"">→→→ いよいよ日本でも発売！国内品よりお買い得☆海外限定品 プリマヴィスタ アンジェ  ←←←</font><!-- アンジェここまで -->",定形外なら送料205円～  アロインス  メイティア ゴールドボディソープ 400ml [ ALOINS / ボディソープ / ボディーソープ / 石鹸 ]【取り寄せ商品】【ID：0058】：スタイルキューブ,通信販売通販ショッピングオンラインショッピング買い物プレゼントギフト贈り物贈答品お中元お歳暮お買い得通信販売通販ショッピング送料無料SK-2ｓｋ2明治プロテインダイエットプリマヴィスタマキアージュコフレドールソフィーナボーテケラスターゼデジャヴュヘレナシュワルツコフどろあわわrmkコスメデコルテロクシタン 定形外なら送料205円～  アロインス  メイティア ゴールドボディソープ 400ml [ ALOINS / ボディソープ / ボディーソープ / 石鹸 ]【取り寄せ商品】【ID：0058】,PT最大16倍 アロインス メイティア ゴールドボディソープ。 定形外なら送料205円～  アロインス  メイティア ゴールドボディソープ 400ml [ ALOINS / ボディソープ / ボディーソープ / 石鹸 ]【取り寄せ商品】【ID：0058】[rn]
11-5443,http://tshop.r10s.jp/smilehouse/cabinet/nkenko2/na1609-2.jpg?fitin=700:700,3017.6000,,美容・コスメ・香水 > ボディケア > 石けん・ボディソープ,【送料無料】【代引料無料】ローズドデオシャボン増量　2個セット　【smtb-k】【ky】,,"ごほんのりバラの香りの薬用消臭殺菌ボディソープ「ローズドデオシャボン」から増量600mLポンプ版登場！贅沢に使えるファミリーサイズ。毛穴までしっかり殺菌♪<br><br>

▼内容量：600mL　▼医薬部外品　▼日本製<br><br>

お得♪⇒5個で1個プレゼントはこちら!<br><br>

<font color=""#ff0000"">※開封後の返品、交換は一切お受けできません。予めご了承下さい。※</font><!--注意事項--><br><br><div class=""menu"" =""""><label for=""Panel1"" =""""><img src=""http://image.rakuten.co.jp/smilehouse/cabinet/ntop/chui-1606-30843.gif""></label =""""><input type=""checkbox"" id=""Panel1"" class=""on-off"" =""""><ul =""""><li =""""><img src=""http://image.rakuten.co.jp/smilehouse/cabinet/ntop/chui-1608-308239.gif""></li =""""></ul =""""></div =""""><!--注意事項end-->",【送料無料】【代引料無料】ローズドデオシャボン増量　2個セット　【smtb-k】【ky】：ナデシコの森,通信販売通販ショッピングオンラインショッピング買い物プレゼントギフト贈り物贈答品お中元お歳暮お買い得コスメダイエットバストケア美容機器ヘアケア格安通販通信販売【送料無料】【代引料無料】ローズドデオシャボン増量　2個セット　【smtb-k】【ky】,　。【送料無料】【代引料無料】ローズドデオシャボン増量　2個セット　【smtb-k】【ky】[rn]
11-5444,http://tshop.r10s.jp/cosmecube/cabinet/ikou13/14011605.jpg?fitin=700:700,687.2000,,美容・コスメ・香水 > ボディケア > 石けん・ボディソープ,【あす楽】 定形外なら送料205円～  WELEDA ヴェレダ  カレンドラ ソープ 100g （ 全身用化粧石けん / ボディソープ / ベビー用 ）,,"<!-- トップリンク --><font color=""#333333"" size=""2"">トップページはこちら</font><br />
<br /><!-- トップここまで --><!-- あす楽ここから -->
<table width=""100%"" border=""0""><img src=""http://image.rakuten.co.jp/cosmecube/cabinet/kihon9/asurakusqsp.jpg"" width=""100%""><br></table>
<!-- あす楽ここまで --><!-- アンジェここから --><br /><table width=""100%"" border=""0""><img src=""http://image.rakuten.co.jp/cosmecube/cabinet/ikou16/sqannjebana-2.jpg"" width=""100%""></table><font  size=""2"" color=""#ff0000"">→→→ いよいよ日本でも発売！国内品よりお買い得☆海外限定品 プリマヴィスタ アンジェ  ←←←</font><!-- アンジェここまで -->",【あす楽】 定形外なら送料205円～  WELEDA ヴェレダ  カレンドラ ソープ 100g （ 全身用化粧石けん / ボディソープ / ベビー用 ）：スタイルキューブ,通信販売通販ショッピングオンラインショッピング買い物プレゼントギフト贈り物贈答品お中元お歳暮お買い得通信販売通販ショッピング送料無料SK-2ｓｋ2明治プロテインダイエットプリマヴィスタマキアージュコフレドールソフィーナボーテケラスターゼデジャヴュヘレナシュワルツコフどろあわわrmkコスメデコルテロクシタン【あす楽】 定形外なら送料205円～  WELEDA ヴェレダ  カレンドラ ソープ 100g （ 全身用化粧石けん / ボディソープ / ベビー用 ）,PT最大16倍 WELEDA ヴェレダ カレンドラ ソープ 100g。【あす楽】 定形外なら送料205円～  WELEDA ヴェレダ  カレンドラ ソープ 100g （ 全身用化粧石けん / ボディソープ / ベビー用 ）[rn]
11-5445,http://tshop.r10s.jp/gold/yorimiti/specimage/2017ready/177695066_1.jpg?fitin=700:700,4320.0000,,美容・コスメ・香水 > ボディケア > 石けん・ボディソープ,【送料無料】エル メゾン ボディソープセット EL-50E【ボディーソープ　バス お風呂 ギフト セット】【入学 進学 内祝い ギフト】 母の日プレゼントにも！,,"<center>

<img src=""http://image.rakuten.co.jp/yorimiti/cabinet/03177524/summer-gift2014.jpg"" width=""100%"">
<br>
<br>

<img src=""http://www.rakuten.ne.jp/gold/yorimiti/specimage/2017ready/177695066_1.jpg"" width=""100%"">
<br>
<br>

<img src=""http://image.rakuten.co.jp/yorimiti/cabinet/nosigift/2015oseibonosi_houso.jpg"" width=""100%"">
<br>
<br>


<br>
<br>
<table width=""100%"" border=""0"" cellpadding=""15"" cellspacing=""5"" bordercolor=""#CCCCCC"">
  <tr>
    <td align=""center"" bgcolor=""#FFFF00""><font size=""4"" color=""#FF0000""><b>全国一律送料無料<br>
    （一部離島を除く）</b></font></td>
  </tr>
</table>

<table width=""100%"" border=""0"" cellpadding=""5"" cellspacing=""5"" bordercolor=""#CCCCCC"">
  <tr>
    <td bgcolor=""#C9D54F"">商品説明</td>
  </tr>
  <tr>
    <td>快適な生活を楽しむためのELLE MAISONが贈る爽やかなボディケアギフト。
商品内容:●ボディソープ（ローズマリー）４５０ｍｌ・ボディソープ詰替用（ローズマリー）３５０ｍｌ×各２、ボディソープ（タイム・カモミール）４５０ｍｌ・ボディソープ詰替用（タイム・カモミール）３５０ｍｌ×各１<br>CHN：中国<br>JPN：日本【化粧箱入】<br>箱幅36.5cm×箱奥45.5cm×箱高5.5cm<br>箱重量3.8kg<br>宅配区分:常温<br><br><br>
    
    <br><br>[●オススメ ギフト 用途 ： 内祝 内祝い お返し 結婚 出産 香典 快気 結婚内祝い 出産内祝い 香典返し 志 法要 誕生日 結婚引出物 結婚祝い 出産祝い 初節句 七五三 快気祝い 全快祝い 新築内祝い 長寿祝い 内祝い ご挨拶 ゴルフコンペ コンペ 記念品 賞品 粗品]</td>
  </tr>
</table>
<br>
<table width=""100%"" border=""0"" cellpadding=""12"" cellspacing=""15"" bordercolor=""#CCCCCC"">
  <tr>
    <td align=""center"" bgcolor=""#F1881A""><b>【関連ギフト一覧】</b></td>
  </tr>
</table>
</center><br><b><font size=""+2"">ギフト特集はコチラ⇒</font></b><br><br> 無料サービス：ラッピング選択可/のし記名可/メッセージカード/フリーメッセージ<br><img src=""http://image.rakuten.co.jp/yorimiti/cabinet/smafo/3-2.gif"" width=""100%"" alt=""ギフト対応""><br>
<b><font size=""+2"">のし・包装・メッセージカード等「ギフト対応詳細」はコチラ⇒</font></b><hr><img src=""http://image.rakuten.co.jp/yorimiti/cabinet/nosigift/excel.jpg"" width=""100%"" alt=""送付先リスト・領収書""><br><b><font size=""+2"">送付先リスト・領収書についてはコチラ⇒</font></b>",【送料無料】エル メゾン ボディソープセット EL-50E【ボディーソープ　バス お風呂 ギフト セット】【入学 進学 内祝い ギフト】 母の日プレゼントにも！：ちょっと寄り道したいギフト＆雑貨,通信販売通販ショッピングオンラインショッピング買い物プレゼントギフト贈り物贈答品お中元お歳暮お買い得ギフト送料無料お中元全国送料無料スターバックスお中元御中元プレゼント贈答用　お線香初盆 新盆 お供えカタログギフトカゴメ 野菜ジュース ギフトお中元 ランキング夏ギフトカルピススターバックス　ギフトタオル今治 タオル 送料無料ギフトショップギフト専門店【送料無料】エル メゾン ボディソープセット EL-50E【ボディーソープ　バス お風呂 ギフト セット】【入学 進学 内祝い ギフト】 母の日プレゼントにも！,入学内祝いにサプライズ！？手書きメッセージ＆写真入カード♪。【送料無料】エル メゾン ボディソープセット EL-50E【ボディーソープ　バス お風呂 ギフト セット】【入学 進学 内祝い ギフト】 母の日プレゼントにも！[rn]
11-5446,http://tshop.r10s.jp/gold/yorimiti/specimage/2017ready/177694019_1.jpg?fitin=700:700,1104.0000,,美容・コスメ・香水 > ボディケア > 石けん・ボディソープ,【送料無料】マリ・クレールソープギフト IMC-10【石鹸 せっけん ボディーソープ　バス ギフト セット】【入学 進学 内祝い ギフト】 母の日プレゼントにも！,,"<center>

<img src=""http://image.rakuten.co.jp/yorimiti/cabinet/03177524/summer-gift2014.jpg"" width=""100%"">
<br>
<br>

<img src=""http://www.rakuten.ne.jp/gold/yorimiti/specimage/2017ready/177694019_1.jpg"" width=""100%"">
<br>
<br>

<img src=""http://image.rakuten.co.jp/yorimiti/cabinet/nosigift/2015oseibonosi_houso.jpg"" width=""100%"">
<br>
<br>


<br>
<br>
<table width=""100%"" border=""0"" cellpadding=""15"" cellspacing=""5"" bordercolor=""#CCCCCC"">
  <tr>
    <td align=""center"" bgcolor=""#FFFF00""><font size=""4"" color=""#FF0000""><b>全国一律送料無料<br>
    （一部離島を除く）</b></font></td>
  </tr>
</table>

<table width=""100%"" border=""0"" cellpadding=""5"" cellspacing=""5"" bordercolor=""#CCCCCC"">
  <tr>
    <td bgcolor=""#C9D54F"">商品説明</td>
  </tr>
  <tr>
    <td>フランスの有名雑誌「マリクレール」ブランドより、フラワー＆ハーブのやさしく癒される香りのギフトセットです。
素肌に伝わる潤いと香りが広がる「心地良いひととき」をお届けします。商品内容:●ソープ７０ｇ（ハーブ×２・ラベンダー×１）・ローズボディソープ２３０ｍｌ×１<br>原産国:JPN：日本<br>JPN：日本【化粧箱入】<br>箱幅17.3cm×箱奥20.7cm×箱高4.9cm<br>箱重量620g<br>宅配区分:常温<br><br><br>
    
    <br><br>[●オススメ ギフト 用途 ： 内祝 内祝い お返し 結婚 出産 香典 快気 結婚内祝い 出産内祝い 香典返し 志 法要 誕生日 結婚引出物 結婚祝い 出産祝い 初節句 七五三 快気祝い 全快祝い 新築内祝い 長寿祝い 内祝い ご挨拶 ゴルフコンペ コンペ 記念品 賞品 粗品]</td>
  </tr>
</table>
<br>
<table width=""100%"" border=""0"" cellpadding=""12"" cellspacing=""15"" bordercolor=""#CCCCCC"">
  <tr>
    <td align=""center"" bgcolor=""#F1881A""><b>【関連ギフト一覧】</b></td>
  </tr>
</table>
</center><br><b><font size=""+2"">ギフト特集はコチラ⇒</font></b><br><br> 無料サービス：ラッピング選択可/のし記名可/メッセージカード/フリーメッセージ<br><img src=""http://image.rakuten.co.jp/yorimiti/cabinet/smafo/3-2.gif"" width=""100%"" alt=""ギフト対応""><br>
<b><font size=""+2"">のし・包装・メッセージカード等「ギフト対応詳細」はコチラ⇒</font></b><hr><img src=""http://image.rakuten.co.jp/yorimiti/cabinet/nosigift/excel.jpg"" width=""100%"" alt=""送付先リスト・領収書""><br><b><font size=""+2"">送付先リスト・領収書についてはコチラ⇒</font></b>",【送料無料】マリ・クレールソープギフト IMC-10【石鹸 せっけん ボディーソープ　バス ギフト セット】【入学 進学 内祝い ギフト】 母の日プレゼントにも！：ちょっと寄り道したいギフト＆雑貨,通信販売通販ショッピングオンラインショッピング買い物プレゼントギフト贈り物贈答品お中元お歳暮お買い得ギフト送料無料お中元全国送料無料スターバックスお中元御中元プレゼント贈答用　お線香初盆 新盆 お供えカタログギフトカゴメ 野菜ジュース ギフトお中元 ランキング夏ギフトカルピススターバックス　ギフトタオル今治 タオル 送料無料ギフトショップギフト専門店【送料無料】マリ・クレールソープギフト IMC-10【石鹸 せっけん ボディーソープ　バス ギフト セット】【入学 進学 内祝い ギフト】 母の日プレゼントにも！,入学内祝いにサプライズ！？手書きメッセージ＆写真入カード♪。【送料無料】マリ・クレールソープギフト IMC-10【石鹸 せっけん ボディーソープ　バス ギフト セット】【入学 進学 内祝い ギフト】 母の日プレゼントにも！[rn]
11-5447,http://tshop.r10s.jp/gold/yorimiti/spec/161123610.jpg?fitin=700:700,696.0000,,美容・コスメ・香水 > ボディケア > 石けん・ボディソープ,【入学 内祝い ギフト/19%OFF】花王 ホワイトギフトＫＷ－１０【花王 石けん 石鹸 ギフト セット】【入学 進学 内祝い ギフト】【引越し 挨拶品 ギフト プチギフト】【送料別/1配送先8640円以上のご注文で送料無料(沖縄・離島除く)】 母の日プレゼントにも！,,"<center>

<img src=""http://image.rakuten.co.jp/yorimiti/cabinet/03177524/summer-gift2014.jpg"" width=""100%"">
<br>
<br>

<img src=""http://www.rakuten.ne.jp/gold/yorimiti/spec/161123610.jpg"" width=""100%"">
<br>
<br>

<img src=""http://image.rakuten.co.jp/yorimiti/cabinet/nosigift/2015oseibonosi_houso.jpg"" width=""100%"">
<br>
<br>


<br>
<br>
<table width=""100%"" border=""0"" cellpadding=""15"" cellspacing=""5"" bordercolor=""#CCCCCC"">
  <tr>
    <td align=""center"" bgcolor=""#FFFF00""><font size=""4"" color=""#FF0000""><b>送料別/1配送先8,640円以上のご注文で送料無料(沖縄・離島除く)<br>送料についてはこちらをご確認下さい
   </b></font></td>
  </tr>
</table>

<table width=""100%"" border=""0"" cellpadding=""5"" cellspacing=""5"" bordercolor=""#CCCCCC"">
  <tr>
    <td bgcolor=""#C9D54F"">商品説明</td>
  </tr>
  <tr>
    <td>１００％天然植物原料使用。肌にやさしい、クリームみたいな石鹸<br>●花王石鹸ホワイト８５ｇ×１０<br>サイズ:箱幅:17.1cmcm×箱奥行:29.6cm×箱高さ:2.9cm/重量:1.1kg<br>配送方法:常温<br>賞味期間:日<br>アレルギー:卵:/乳:/小麦:/そば:/落花生:/えび:/かに:
    
    <br><br>[●オススメ ギフト 用途 ： 内祝 内祝い お返し 結婚 出産 香典 快気 結婚内祝い 出産内祝い 香典返し 志 法要 誕生日 結婚引出物 結婚祝い 出産祝い 初節句 七五三 快気祝い 全快祝い 新築内祝い 長寿祝い 内祝い ご挨拶 ゴルフコンペ コンペ 記念品 賞品 粗品]</td>
  </tr>
</table>
<br>
<table width=""100%"" border=""0"" cellpadding=""12"" cellspacing=""15"" bordercolor=""#CCCCCC"">
  <tr>
    <td align=""center"" bgcolor=""#F1881A""><b>【関連ギフト一覧】</b></td>
  </tr>
</table>
</center><br><b><font size=""+2"">ギフト特集はコチラ⇒</font></b><br><br> 無料サービス：ラッピング選択可/のし記名可/メッセージカード/フリーメッセージ<br><img src=""http://image.rakuten.co.jp/yorimiti/cabinet/smafo/3-2.gif"" width=""100%"" alt=""ギフト対応""><br>
<b><font size=""+2"">のし・包装・メッセージカード等「ギフト対応詳細」はコチラ⇒</font></b><hr><img src=""http://image.rakuten.co.jp/yorimiti/cabinet/nosigift/excel.jpg"" width=""100%"" alt=""送付先リスト・領収書""><br><b><font size=""+2"">送付先リスト・領収書についてはコチラ⇒</font></b>",【入学 内祝い ギフト/19%OFF】花王 ホワイトギフトＫＷ&minus;１０【花王 石けん 石鹸 ギフト セット】【入学 進学 内祝い ギフト】【引越し 挨拶品 ギフト プチギフト】【送料別/1配送先8640円以上のご注文で送料無料(沖縄・離島除く)】 母の日プレゼントにも！：ちょっと寄り道したいギフト＆雑貨,通信販売通販ショッピングオンラインショッピング買い物プレゼントギフト贈り物贈答品お中元お歳暮お買い得ギフト送料無料お中元全国送料無料スターバックスお中元御中元プレゼント贈答用　お線香初盆 新盆 お供えカタログギフトカゴメ 野菜ジュース ギフトお中元 ランキング夏ギフトカルピススターバックス　ギフトタオル今治 タオル 送料無料ギフトショップギフト専門店【入学 内祝い ギフト/19%OFF】花王 ホワイトギフトＫＷ&minus;１０【花王 石けん 石鹸 ギフト セット】【入学 進学 内祝い ギフト】【引越し 挨拶品 ギフト プチギフト】【送料別/1配送先8640円以上のご注文で送料無料(沖縄・離島除く)】 母の日プレゼントにも！,入学内祝いにサプライズ！？手書きメッセージ＆写真入カード♪。【入学 内祝い ギフト/19%OFF】花王 ホワイトギフトＫＷ&minus;１０【花王 石けん 石鹸 ギフト セット】【入学 進学 内祝い ギフト】【引越し 挨拶品 ギフト プチギフト】【送料別/1配送先8640円以上のご注文で送料無料(沖縄・離島除く)】 母の日プレゼントにも！[rn]
11-5448,http://tshop.r10s.jp/primecollection/cabinet/kihon12/10025715.jpg?fitin=700:700,1220.0000,,美容・コスメ・香水 > ボディケア > 石けん・ボディソープ,【ポイント5倍】【あす楽】【 送料無料 】 菊星 ココナチュラ ボディクレンジングソープ 700ml ( COCONATURA / クレンジングソープ / KIKUBOSHI / ボディーソープ / ボディソープ ),,"<!-- あす楽ここから -->
<table width=""100%"" border=""0""><img src=""http://image.rakuten.co.jp/primecollection/cabinet/kihon9/asurakupksp.jpg"" width=""100%""><br></table>
<!-- あす楽ここまで --><table border=""1"" cellpadding=""2"" cellspacing=""0"" bordercolor=""#ffffff"" width=""100%"" bgcolor=""#cccccc"">
<tr>
<td align=""center"" width=""100"" bgcolor=""#ffe6ff""><font color=""#666666"" size=""2"">商品特徴</font></td>
<td bgcolor=""#efefef""><font color=""#666666"" size=""2"">

お肌のことを考え、たった4つの自然由来成分と水のみでつくったボディーソープ<br>
ココナチュラが考えるボディソープは、肌本来のバランスを崩さないこと。<br><br><br>
選び抜かれた肌にやさしい4つの自然由来成分と水のみを使用し、自然のやさしさを引き出しながら、肌本来の潤い機能を引き出すベストバランス処方。<br>
肌が本来持っているバリア機能を損なわず、やさしく洗い上げしっとりとしたうるおいをキープします。<br>



</font></td>
</tr>
<tr>
<td align=""center"" width=""100"" bgcolor=""#ffe6ff""><font color=""#666666"" size=""2"">品名</font></td>
<td bgcolor=""#efefef""><font color=""#666666"" size=""2"">

ココナチュラ ボディクレンジングソープ


</font></td></tr>
<tr>
<td align=""center"" bgcolor=""#ffe6ff""><font size=""2"" color=""#666666"">内容量</font></td>
<td bgcolor=""#efefef""><font color=""#666666"" size=""2"">

700ml


</font></td></tr>
<tr>
<td align=""center"" width=""100"" bgcolor=""#ffe6ff""><font size=""2"" color=""#666666"">区分・広告文責</font></td>
<td bgcolor=""#efefef""><font color=""#666666"" size=""2"">


国内・日用品/有限会社スタイルキューブ　06-6534-1259


</font></td></tr><tr>
<td align=""center"" bgcolor=""#ffe6ff""><font size=""2"" color=""#666666"">メーカー</font></td>
<td bgcolor=""#efefef""><font color=""#666666"" size=""2"">

菊星 

</font></td></tr>
</table><!-- バイオ125特価ここから --><br /><table width=""100%"" border=""0"">
<img src=""http://image.rakuten.co.jp/primecollection/cabinet/kihon9/20160721biopura.jpg"" width=""100%""></table><font  size=""2"" color=""#ff0000"">早いもの勝ち！バイオオイル 125ml 1039円販売中！</font>
<!-- バイオ125特価ここまで -->",【ポイント5倍】【あす楽】【 送料無料 】 菊星 ココナチュラ ボディクレンジングソープ 700ml ( COCONATURA / クレンジングソープ / KIKUBOSHI / ボディーソープ / ボディソープ )：プライムコレクション,通信販売通販ショッピングオンラインショッピング買い物プレゼントギフト贈り物贈答品お中元お歳暮お買い得SK2アレルケアＳＫ２ フェイシャルトリートメントエッセンスオードムーゲコスメデコルテオードムーゲ 500ml 送料無料アルビオンスーパースマイルルナソル化粧水エバメールコスメデコルテ フェイスパウダーアルカリウォッシュ ３ｋｇアルージェプロテインマックスファクターsk-2化粧品激安安い【ポイント5倍】【あす楽】【 送料無料 】 菊星 ココナチュラ ボディクレンジングソープ 700ml ( COCONATURA / クレンジングソープ / KIKUBOSHI / ボディーソープ / ボディソープ ),PT最大20倍 菊星 ココナチュラ ボディクレンジングソープ。【ポイント5倍】【あす楽】【 送料無料 】 菊星 ココナチュラ ボディクレンジングソープ 700ml ( COCONATURA / クレンジングソープ / KIKUBOSHI / ボディーソープ / ボディソープ )[rn]
11-5449,http://tshop.r10s.jp/primecollection/cabinet/outsource7/14000321.jpg?fitin=700:700,692.0000,,美容・コスメ・香水 > ボディケア > 石けん・ボディソープ,【ポイント5倍】【あす楽】 キュレル3点以上で送料無料★ 薬用ボディウォッシュ【つめかえ用】360ml  花王キュレル 『ta_395』,,"<!-- あす楽ここから -->
<table width=""100%"" border=""0""><img src=""http://image.rakuten.co.jp/primecollection/cabinet/kihon9/asurakupksp.jpg"" width=""100%""><br></table>
<!-- あす楽ここまで --><table border=""1"" cellpadding=""2"" cellspacing=""0"" bordercolor=""#ffffff""  width=""100%"" bgcolor=""#cccccc"">
  <TR>
    <TD width=""100"" height=""23"" align=""center"" bgcolor=""#FFE6FF""><font color=""#666666"" size=""2"">商品特徴</font></TD>
    <TD width=""505"" bgcolor=""#EFEFEF""><p><font color=""#666666"" size=""2"">素肌に大切なうるおい成分セラミドを守りながら汗や汚れだけをすっきり洗い流すアミノ酸系洗浄料。<br>
      ※2008年9月6日「全身洗浄料」は「薬用ボディウォッシュ」と名称変更となりました。</font></p>    </TD>
  </TR>
  <TR>
    <TD align=""center"" bgcolor=""#FFE6FF"" width=""100""><font color=""#666666"" size=""2"">品名</font></TD>
    <TD bgcolor=""#EFEFEF""><font color=""#666666"" size=""2"">花王 キュレル 薬用ボディウォッシュ【つめかえ用】</font></TD>
  </TR>
  <TR>
    <TD align=""center"" bgcolor=""#FFE6FF"" width=""100""><font size=""2"" color=""#666666"">内容量</font></TD>
    <TD bgcolor=""#EFEFEF""><font color=""#666666"" size=""2"">360ml</font></TD>
  </TR>
  <TR>
    <TD align=""center"" bgcolor=""#FFE6FF""><font size=""2"" color=""#666666"">広告文責</font></TD>
    <TD bgcolor=""#EFEFEF""><font color=""#666666"" size=""2"">有限会社スタイルキューブ TEL 06-6534-1259</font></TD>
  </TR>
  <TR>
    <TD align=""center"" bgcolor=""#FFE6FF"" width=""100""><font size=""2"" color=""#666666"">メーカー</font></TD>
    <TD bgcolor=""#EFEFEF""><font color=""#666666"" size=""2"">花王</font></TD>
  </TR
  ><TR>
    <TD align=""center"" bgcolor=""#FFE6FF""><font size=""2"" color=""#666666"">区分</font></TD>
    <TD bgcolor=""#EFEFEF""><font color=""#666666"" size=""2"">国内製・化粧品</font></TD>
  </TR>
</table><!-- バイオ125特価ここから --><br /><table width=""100%"" border=""0"">
<img src=""http://image.rakuten.co.jp/primecollection/cabinet/kihon9/20160721biopura.jpg"" width=""100%""></table><font  size=""2"" color=""#ff0000"">早いもの勝ち！バイオオイル 125ml 1039円販売中！</font>
<!-- バイオ125特価ここまで -->",【ポイント5倍】【あす楽】 キュレル3点以上で送料無料★ 薬用ボディウォッシュ【つめかえ用】360ml  花王キュレル 『ta_395』：プライムコレクション,通信販売通販ショッピングオンラインショッピング買い物プレゼントギフト贈り物贈答品お中元お歳暮お買い得SK2アレルケアＳＫ２ フェイシャルトリートメントエッセンスオードムーゲコスメデコルテオードムーゲ 500ml 送料無料アルビオンスーパースマイルルナソル化粧水エバメールコスメデコルテ フェイスパウダーアルカリウォッシュ ３ｋｇアルージェプロテインマックスファクターsk-2化粧品激安安い【ポイント5倍】【あす楽】 キュレル3点以上で送料無料★ 薬用ボディウォッシュ【つめかえ用】360ml  花王キュレル 『ta_395』,PT最大20倍 薬用ボディウォッシュ 360ml 花王 キュレル。【ポイント5倍】【あす楽】 キュレル3点以上で送料無料★ 薬用ボディウォッシュ【つめかえ用】360ml  花王キュレル 『ta_395』[rn]
11-5450,http://tshop.r10s.jp/primecollection/cabinet/13001819.jpg?fitin=700:700,505.6000,,美容・コスメ・香水 > ボディケア > 石けん・ボディソープ,【ポイント5倍】【あす楽】 定形外なら送料205円～ ルセライユサヴォンドマルセイユル セライユ石鹸(フレグランスタイプ)150g【レモンバーベナ】『ni_140』,,"<!-- あす楽ここから -->
<table width=""100%"" border=""0""><img src=""http://image.rakuten.co.jp/primecollection/cabinet/kihon9/asurakupksp.jpg"" width=""100%""><br></table>
<!-- あす楽ここまで --><!-- 定形外ここから --><br /><br>
<table  width=""100%"" border=""0"">
  <tr>
    <td><p><font color=""#333333"" size=""2"">※定形外発送をご希望の方は必ずこちらのページをご覧ください。←クリック<br />        
    ■こちらの商品は定形外/メール便発送での発送も承ります。<font color=""#FF0000"" >※定形外で発送をご希望の方は、必ず配送方法で「定形外郵便」をご選択ください。</font>ご注文の際は一旦通常の宅配便価格になりますが、後ほど弊社で修正後に発送をいたします。数（重さ）によって料金が変わります。<br />
       ※定形外/メール便発送の場合代引き発送はできません。<br />
      ※損害・紛失保障はついておりません。損害賠償等の制度はありませんのであらかじめご了承ください。</font></p>    </td>
  </tr>
</table><br />
<!-- 定形外ここまで --><TABLE cellSpacing=1 cellPadding=5 width=620 bgColor=#aca899>



<TR>

<TD align=middle width=100 bgColor=#ceb783><FONT color=#ffffff 

size=2>商品名</FONT></TD>

<TD width=450 bgColor=#ffffff><FONT size=2>ル セライユ サヴォン ド 

マルセイユ　ル　セライユ石鹸　150g</FONT></TD></TR>

<TR>

<TD align=middle width=100 bgColor=#ceb783><FONT color=#ffffff 

size=2>商品説明</FONT></TD>

<TD width=450 bgColor=#ffffff><FONT 

size=2>オリーブオイルをはじめとする100％天然の植物性油脂を主原料にし、<br>
  精製した地中海の海水を使用し製造されるマルセイユ石鹸。<br>
  17世紀のフランスでルイ 

14世は石鹸の製造独占権をマルセイユに与え、<br>
厳しい品質基準を定めました。 <br>
<BR><B>【ラベンダー】 

</B><BR>
●全成分：パーム脂肪酸Na、ヤシ脂肪酸Na、水、塩化Na、シア脂、グリセリン、<br>
香料、紫401<BR><B>【ローズ】 

</B><BR>●全成分：石ケン素地、シア脂、グリセリン、香料、赤102<BR><B>【レモンバーベナ】 

</B><BR>●全成分：パーム脂肪酸Na、ヤシ脂肪酸Na、水、塩化Na、シア脂、グリセリン、<br>
香料、青1、黄203、黄401<BR><B>【オレンジ＆シナモン】 

</B><BR>●全成分：パーム脂肪酸Na、ヤシ脂肪酸Na、水、塩化Na、シア脂、グリセリン、<br>
香料、黄401、赤106<BR><B>【ハニー】 

</B><BR>●全成分：パーム脂肪酸Na、ヤシ脂肪酸Na、水、塩化Na、シア脂、グリセリン、<br>
香料、黄401</FONT></TD>
</TR>

<TR>

<TD align=middle width=100 bgColor=#ceb783><FONT color=#ffffff 

size=2>サイズ</FONT></TD>

<TD width=450 bgColor=#ffffff><FONT 

size=2>横幅50mm×奥行き50mm×高さ50mm</FONT></TD>
</TR>

<TR>

<TD align=middle width=100 bgColor=#ceb783><FONT color=#ffffff 

size=2>内容量</FONT></TD>

<TD width=450 bgColor=#ffffff><FONT size=2>150g</FONT></TD></TR>

<TR>

<TD align=middle width=100 bgColor=#ceb783><FONT color=#ffffff 

size=2>区分・広告文責</FONT></TD>

<TD width=450 bgColor=#ffffff><FONT 

size=2>有限会社スタイルキューブ</FONT></TD>
</TR>

<TR>

<TD align=middle width=100 bgColor=#ceb783><FONT color=#ffffff 

size=2>区分</FONT></TD>

<TD width=450 bgColor=#ffffff><FONT size=2>ボディケア</FONT></TD></TR>

<TR>

<TD align=middle width=100 bgColor=#ceb783><FONT color=#ffffff 

size=2>メーカー</FONT></TD>

<TD width=450 bgColor=#ffffff><FONT 

size=2>グローバルプロダクトプランニング</FONT></TD></TR></TABLE><!-- バイオ125特価ここから --><br /><table width=""100%"" border=""0"">
<img src=""http://image.rakuten.co.jp/primecollection/cabinet/kihon9/20160721biopura.jpg"" width=""100%""></table><font  size=""2"" color=""#ff0000"">早いもの勝ち！バイオオイル 125ml 1039円販売中！</font>
<!-- バイオ125特価ここまで -->",【ポイント5倍】【あす楽】 定形外なら送料205円～ ルセライユサヴォンドマルセイユル セライユ石鹸(フレグランスタイプ)150g【レモンバーベナ】『ni_140』：プライムコレクション,通信販売通販ショッピングオンラインショッピング買い物プレゼントギフト贈り物贈答品お中元お歳暮お買い得SK2アレルケアＳＫ２ フェイシャルトリートメントエッセンスオードムーゲコスメデコルテオードムーゲ 500ml 送料無料アルビオンスーパースマイルルナソル化粧水エバメールコスメデコルテ フェイスパウダーアルカリウォッシュ ３ｋｇアルージェプロテインマックスファクターsk-2化粧品激安安い【ポイント5倍】【あす楽】 定形外なら送料205円～ ルセライユサヴォンドマルセイユル セライユ石鹸(フレグランスタイプ)150g【レモンバーベナ】『ni_140』,PT最大20倍 ル セライユ サヴォン ド マルセイユ ルセライユ石鹸。【ポイント5倍】【あす楽】 定形外なら送料205円～ ルセライユサヴォンドマルセイユル セライユ石鹸(フレグランスタイプ)150g【レモンバーベナ】『ni_140』[rn]
11-5451,http://tshop.r10s.jp/primecollection/cabinet/gaichu004/14011623.jpg?fitin=700:700,1102.4000,,美容・コスメ・香水 > ボディケア > 石けん・ボディソープ,【ポイント5倍】【あす楽】 定形外なら送料205円～  WELEDA ヴェレダ  ざくろ クリーミーボディウォッシュ 200ml ( ボディソープ / ボディ用洗浄料 ),,"<!-- あす楽ここから -->
<table width=""100%"" border=""0""><img src=""http://image.rakuten.co.jp/primecollection/cabinet/kihon9/asurakupksp.jpg"" width=""100%""><br></table>
<!-- あす楽ここまで --><!-- 定形外ここから --><br />
<table  width=""100%"" border=""0"">
  <tr>
    <td><p><font color=""#333333"" size=""2"">※定形外発送をご希望の方は必ずこちらのページをご覧ください。←クリック<br />        
    ■こちらの商品は定形外/メール便発送での発送も承ります。<font color=""#FF0000"" >※定形外で発送をご希望の方は、必ず配送方法で「定形外郵便」をご選択ください。</font>ご注文の際は一旦通常の宅配便価格になりますが、後ほど弊社で修正後に発送をいたします。数（重さ）によって料金が変わります。<br />
       ※定形外/メール便発送の場合代引き発送はできません。<br />
      ※損害・紛失保障はついておりません。損害賠償等の制度はありませんのであらかじめご了承ください。</font></p>    </td>
  </tr>
</table><br />
<!-- 定形外ここまで --><table border=""1"" cellpadding=""2"" cellspacing=""0"" bordercolor=""#ffffff""
width=""100%"" bgcolor=""#cccccc"">
<tr>
<td align=""center"" width=""100"" bgcolor=""#ffe6ff""><font color=""#666666""
size=""2"">商品特徴</font></td>
<td bgcolor=""#efefef""><p><font color=""#666666"" size=""2"">不飽和脂肪酸を豊富に含むざくろ種子オイルが肌に潤いとハリを与え、クリーミーな泡立ちでやさしく洗い上げます。<br />
  乾燥やハリ・弾力の低下が気になるボディをベルベットのようになめらかで柔らかな肌へと導きます。</font></p>
  <p><font color=""#666666"" size=""2"">（ ヴェレダ ホワイトバーチ / ヴェレダ マタニティ ストレッチマークオイル / ヴェレダ マザーズボディオイル / ヴェレダ ホワイトバーチ ボディシェイプオイル / ヴェレダ ワイルドローズ ）</font></p>  
  <font color=""#666666"" size=""2""><br>
</font></td>
</tr>
<tr>
<td align=""center"" width=""100"" bgcolor=""#ffe6ff""><font color=""#666666""
size=""2"">品名</font></td>
<td bgcolor=""#efefef""><font color=""#666666"" size=""2"">

WELEDA ヴェレダ ざくろ クリーミーボディウォッシュ</font></td>
</tr>
<tr>
<td align=""center"" bgcolor=""#ffe6ff""><font size=""2"" color=""#666666"">内容
量</font></td>
<td bgcolor=""#efefef""><font color=""#666666"" size=""2"">200ml</font></td>
</tr>
<tr>
<td align=""center"" width=""100"" bgcolor=""#ffe6ff""><font size=""2""
color=""#666666"">区分・広告文責</font></td>
<td bgcolor=""#efefef""><font color=""#666666"" size=""2"">


海外・化粧品/有限会社スタイルキューブ　06-6534-1259


</font></td>
</tr><tr>
<td align=""center"" bgcolor=""#ffe6ff""><font size=""2"" color=""#666666"">メー
カー</font></td>
<td bgcolor=""#efefef""><font color=""#666666"" size=""2"">

ヴェレダ

</font></td>
</tr>
</table><!-- バイオ125特価ここから --><br /><table width=""100%"" border=""0"">
<img src=""http://image.rakuten.co.jp/primecollection/cabinet/kihon9/20160721biopura.jpg"" width=""100%""></table><font  size=""2"" color=""#ff0000"">早いもの勝ち！バイオオイル 125ml 1039円販売中！</font>
<!-- バイオ125特価ここまで -->",【ポイント5倍】【あす楽】 定形外なら送料205円～  WELEDA ヴェレダ  ざくろ クリーミーボディウォッシュ 200ml ( ボディソープ / ボディ用洗浄料 )：プライムコレクション,通信販売通販ショッピングオンラインショッピング買い物プレゼントギフト贈り物贈答品お中元お歳暮お買い得SK2アレルケアＳＫ２ フェイシャルトリートメントエッセンスオードムーゲコスメデコルテオードムーゲ 500ml 送料無料アルビオンスーパースマイルルナソル化粧水エバメールコスメデコルテ フェイスパウダーアルカリウォッシュ ３ｋｇアルージェプロテインマックスファクターsk-2化粧品激安安い【ポイント5倍】【あす楽】 定形外なら送料205円～  WELEDA ヴェレダ  ざくろ クリーミーボディウォッシュ 200ml ( ボディソープ / ボディ用洗浄料 ),PT最大20倍 WELEDA ヴェレダ ざくろ クリーミーボディウォッシュ。【ポイント5倍】【あす楽】 定形外なら送料205円～  WELEDA ヴェレダ  ざくろ クリーミーボディウォッシュ 200ml ( ボディソープ / ボディ用洗浄料 )[rn]
11-5452,http://tshop.r10s.jp/primecollection/cabinet/ikou15/10028303.jpg?fitin=700:700,2160.0000,,美容・コスメ・香水 > ボディケア > 石けん・ボディソープ,【ポイント5倍】 定形外なら送料205円～  アロインス  メイティア ゴールドボディソープ 400ml [ ALOINS / ボディソープ / ボディーソープ / 石鹸 ]【取り寄せ商品】【ID：0058】【発送日:10営業日以内(土日祝除く)】,,"<!-- 取寄表記ここから --><FONT color=""#ff0000"" size=""2"">こちらの商品は発送まで４～１０営業日ほどかかりますので予めご了承をお願い致します。<BR>廃盤・メーカー欠品等の場合は納品できない場合がございます。<br>
予めご了承くださいませ。<br></FONT><!-- 取寄表記ここまで --><!-- 定形外ここから --><br /><br>
<table  width=""100%"" border=""0"">
  <tr>
    <td><p><font color=""#333333"" size=""2"">※定形外発送をご希望の方は必ずこちらのページをご覧ください。←クリック<br />        
    ■こちらの商品は定形外/メール便発送での発送も承ります。<font color=""#FF0000"" >※定形外で発送をご希望の方は、必ず配送方法で「定形外郵便」をご選択ください。</font>ご注文の際は一旦通常の宅配便価格になりますが、後ほど弊社で修正後に発送をいたします。数（重さ）によって料金が変わります。<br />
       ※定形外/メール便発送の場合代引き発送はできません。<br />
      ※損害・紛失保障はついておりません。損害賠償等の制度はありませんのであらかじめご了承ください。</font></p>    </td>
  </tr>
</table><br />
<!-- 定形外ここまで --><table border=""1"" cellpadding=""2"" cellspacing=""0"" bordercolor=""#ffffff"" width=""100%"" bgcolor=""#cccccc"">
<tr>
<td align=""center"" width=""100"" bgcolor=""#ffe6ff""><font color=""#666666"" size=""2"">商品特徴</font></td>
<td bgcolor=""#efefef""><font color=""#666666"" size=""2"">
ふんわりやわらかな泡立ち、つるんとした洗いあがり、しっとり潤いに満ちる肌<br>
輝かしい本場金沢産純金箔とダマスクローズのアロマで優雅なバスタイム。<br><br>

あなたのバスルームがローズの香りにつつまれる・・・<br>
洗いあがりの肌もダマスクローズの香りがやさしくつつむ・・・<br><br>



【使い方】<br>
お湯を含ませたタオルやスポンジ等にとりよく泡立ててから体を洗い、その後よく流してください。<br><br>



（ ダマスクローズ / アロマ / アロインス オーデクリームs 185g / アロインス 蘆薈 麗 / アロインス ロカイレイ蘆薈麗 / ゴールドローション )
</font></td>
</tr>
<tr>
<td align=""center"" width=""100"" bgcolor=""#ffe6ff""><font color=""#666666"" size=""2"">品名・内容量</font></td>
<td bgcolor=""#efefef""><font color=""#666666"" size=""2"">アロインスメイティアゴールドボディソープ400ml</font></td></tr>
<tr>
<td align=""center"" width=""100"" bgcolor=""#ffe6ff""><font size=""2"" color=""#666666"">区分・広告文責</font></td>
<td bgcolor=""#efefef""><font color=""#666666"" size=""2"">国内・化粧品/有限会社スタイルキューブ　06-6534-1259</font></td></tr><tr>
<td align=""center"" bgcolor=""#ffe6ff""><font size=""2"" color=""#666666"">メーカー</font></td>
<td bgcolor=""#efefef""><font color=""#666666"" size=""2"">アロインス化粧品 アロインス</font></td></tr>
</table><!-- バイオ125特価ここから --><br /><table width=""100%"" border=""0"">
<img src=""http://image.rakuten.co.jp/primecollection/cabinet/kihon9/20160721biopura.jpg"" width=""100%""></table><font  size=""2"" color=""#ff0000"">早いもの勝ち！バイオオイル 125ml 1039円販売中！</font>
<!-- バイオ125特価ここまで -->",【ポイント5倍】 定形外なら送料205円～  アロインス  メイティア ゴールドボディソープ 400ml [ ALOINS / ボディソープ / ボディーソープ / 石鹸 ]【取り寄せ商品】【ID：0058】【発送日:10営業日以内(土日祝除く)】：プライムコレクション,通信販売通販ショッピングオンラインショッピング買い物プレゼントギフト贈り物贈答品お中元お歳暮お買い得SK2アレルケアＳＫ２ フェイシャルトリートメントエッセンスオードムーゲコスメデコルテオードムーゲ 500ml 送料無料アルビオンスーパースマイルルナソル化粧水エバメールコスメデコルテ フェイスパウダーアルカリウォッシュ ３ｋｇアルージェプロテインマックスファクターsk-2化粧品激安安い【ポイント5倍】 定形外なら送料205円～  アロインス  メイティア ゴールドボディソープ 400ml [ ALOINS / ボディソープ / ボディーソープ / 石鹸 ]【取り寄せ商品】【ID：0058】【発送日:10営業日以内(土日祝除く)】,PT最大20倍 アロインス メイティア ゴールドボディソープ。【ポイント5倍】 定形外なら送料205円～  アロインス  メイティア ゴールドボディソープ 400ml [ ALOINS / ボディソープ / ボディーソープ / 石鹸 ]【取り寄せ商品】【ID：0058】【発送日:10営業日以内(土日祝除く)】[rn]
11-5453,http://tshop.r10s.jp/primecollection/cabinet/kihon7/10020918.jpg?fitin=700:700,189.6000,,美容・コスメ・香水 > ボディケア > 石けん・ボディソープ,【ポイント5倍】【あす楽】 定形外なら送料140円～  ねば塾 自然派手作り石鹸 【 ローズマリー 】 90g  ( 固形石鹸 / 純石鹸 / 台所石鹸 / 植物粉末 入り / 無添加石鹸 )『ni_90』,,"<!-- あす楽ここから -->
<table width=""100%"" border=""0""><img src=""http://image.rakuten.co.jp/primecollection/cabinet/kihon9/asurakupksp.jpg"" width=""100%""><br></table>
<!-- あす楽ここまで --><!-- 定形外ここから --><br />
<table  width=""100%"" border=""0"">
  <tr>
    <td><p><font color=""#333333"" size=""2"">※定形外発送をご希望の方は必ずこちらのページをご覧ください。←クリック<br />        
    ■こちらの商品は定形外/メール便発送での発送も承ります。<font color=""#FF0000"" >※定形外で発送をご希望の方は、必ず配送方法で「定形外郵便」をご選択ください。</font>ご注文の際は一旦通常の宅配便価格になりますが、後ほど弊社で修正後に発送をいたします。数（重さ）によって料金が変わります。<br />
       ※定形外/メール便発送の場合代引き発送はできません。<br />
      ※損害・紛失保障はついておりません。損害賠償等の制度はありませんのであらかじめご了承ください。</font></p>    </td>
  </tr>
</table><br />
<!-- 定形外ここまで --><table border=""1"" cellpadding=""2"" cellspacing=""0"" bordercolor=""#ffffff""  width=""100%"" bgcolor=""#cccccc"">
  <tr>
    <td align=""center"" bgcolor=""#FFE6FF"" width=""100""><font color=""#666666"" size=""2"">商品特徴</font></td>
    <td bgcolor=""#EFEFEF""><font color=""#666666"" size=""2""><br> 
パームとパームの核油の新しい油で炊き上げた石鹸素地に<br>
自然の恵みの乾燥植物微粉を溶かし込んだ「自然派石鹸」<br>
汚れ落ちがよく皮膚刺激が少ないので、手あれや<br>
おむつかぶれ等の心配がありません。<br>
また、香料・蛍光剤等、一切加えてありません。<br><br>

（ 関連ワード ： 白雪の詩 ねば塾 いつくしみね ソフト 石けん 石ケン ソープ ）</font></td>
  </tr>
  <tr>
    <td align=""center"" bgcolor=""#FFE6FF"" width=""100""><font color=""#666666"" size=""2"">品名</font></td>
    <td bgcolor=""#EFEFEF""><font color=""#666666"" size=""2""> ねば塾 自然派手作り石鹸 </font></td>
  </tr>
  <tr>
    <td align=""center"" bgcolor=""#FFE6FF""><font size=""2"" color=""#666666"">内容量</font></td>
    <td bgcolor=""#EFEFEF""><font color=""#666666"" size=""2"">90g</font></td>
  </tr>
  <tr>
    <td align=""center"" bgcolor=""#FFE6FF"" width=""100""><font size=""2"" color=""#666666"">区分・広告文責</font></td>
    <td bgcolor=""#EFEFEF""><font color=""#666666"" size=""2"">国内・化粧品 / 有限会社スタイルキューブ　06-6534-1259 </font></td>
  </tr>
  <tr>
    <td align=""center"" bgcolor=""#FFE6FF""><font size=""2"" color=""#666666"">メーカー</font></td>
    <td bgcolor=""#EFEFEF""><font color=""#666666"" size=""2"">有限会社ねば塾</font></td>
  </tr>
</table><!-- バイオ125特価ここから --><br /><table width=""100%"" border=""0"">
<img src=""http://image.rakuten.co.jp/primecollection/cabinet/kihon9/20160721biopura.jpg"" width=""100%""></table><font  size=""2"" color=""#ff0000"">早いもの勝ち！バイオオイル 125ml 1039円販売中！</font>
<!-- バイオ125特価ここまで -->",【ポイント5倍】【あす楽】 定形外なら送料140円～  ねば塾 自然派手作り石鹸 【 ローズマリー 】 90g  ( 固形石鹸 / 純石鹸 / 台所石鹸 / 植物粉末 入り / 無添加石鹸 )『ni_90』：プライムコレクション,通信販売通販ショッピングオンラインショッピング買い物プレゼントギフト贈り物贈答品お中元お歳暮お買い得SK2アレルケアＳＫ２ フェイシャルトリートメントエッセンスオードムーゲコスメデコルテオードムーゲ 500ml 送料無料アルビオンスーパースマイルルナソル化粧水エバメールコスメデコルテ フェイスパウダーアルカリウォッシュ ３ｋｇアルージェプロテインマックスファクターsk-2化粧品激安安い【ポイント5倍】【あす楽】 定形外なら送料140円～  ねば塾 自然派手作り石鹸 【 ローズマリー 】 90g  ( 固形石鹸 / 純石鹸 / 台所石鹸 / 植物粉末 入り / 無添加石鹸 )『ni_90』,PT最大20倍 ねば塾 手作り石鹸 【 ローズマリー 】 90g 。【ポイント5倍】【あす楽】 定形外なら送料140円～  ねば塾 自然派手作り石鹸 【 ローズマリー 】 90g  ( 固形石鹸 / 純石鹸 / 台所石鹸 / 植物粉末 入り / 無添加石鹸 )『ni_90』[rn]
11-5454,http://tshop.r10s.jp/primecollection/cabinet/kihon9/10022815.jpg?fitin=700:700,616.0000,,美容・コスメ・香水 > ボディケア > 石けん・ボディソープ,【ポイント5倍】 ナチュロン ボディソープ 詰替 500ml  ( 太陽油脂 パックス / パックスナチュロン / 植物性石けん / ヒマワリ油配合 / ボディーソープ ) 【取り寄せ商品】【ID:0082】『ta_』【発送日:10営業日以内(土日祝除く)】,,"<!-- 取寄表記ここから --><FONT color=""#ff0000"" size=""2"">こちらの商品は発送まで４～１０営業日ほどかかりますので予めご了承をお願い致します。<BR>廃盤・メーカー欠品等の場合は納品できない場合がございます。<br>
予めご了承くださいませ。<br></FONT><!-- 取寄表記ここまで --><table border=""1"" cellpadding=""2"" cellspacing=""0"" bordercolor=""#ffffff"" width=""100%"" bgcolor=""#cccccc"">
<tr>
<td align=""center"" width=""100"" bgcolor=""#ffe6ff""><font color=""#666666"" size=""2"">商品特徴</font></td>
<td bgcolor=""#efefef""><font color=""#666666"" size=""2"">

ヒマワリ油を使用した植物性石けんのボディーソープです。<br><br>
素肌の潤いを保つビワ葉エキスを使用しています。<br>
ローズマリー、ラベンダー、エストラゴン、ゼラニウムなどの
精油を原料にした≪フレッシュハーバルグリーン≫の香りです。<br><br>

≪新型エコホイッパー≫の採用によって、一押し3gが10倍のクリーミーな泡となって出てきますので、全身をやさしく、しっかり洗うことができます。<br><br>
容器の口が大きいので詰替えが楽々とできます。<br><br>

【ご使用方法】<br>
本品をタオルやスポンジ、手の平にとり、お使いください。<br>
洗髪にもお使いいただけます。<br><br><br>


パックスナチュロンボディーソープ 880ml（約1.5袋分)と
パックスナチュロンボディーソープ500ml（1回分)の詰替用です。<br><br>
ボトルに詰替えてお使い下さい。<br>
容器の口が大きいので詰替えが楽々とできます。<br><br>

詰替用袋は保存性が良く、ハサミなしでより開封しやすくなりました（チャック付き）。<br>



</font></td>
</tr>
<tr>
<td align=""center"" width=""100"" bgcolor=""#ffe6ff""><font color=""#666666"" size=""2"">品名</font></td>
<td bgcolor=""#efefef""><font color=""#666666"" size=""2"">

ナチュロン ボディソープ 詰替  


</font></td></tr>
<tr>
<td align=""center"" bgcolor=""#ffe6ff""><font size=""2"" color=""#666666"">内容量</font></td>
<td bgcolor=""#efefef""><font color=""#666666"" size=""2"">

500ml  


</font></td></tr>
<tr>
<td align=""center"" width=""100"" bgcolor=""#ffe6ff""><font size=""2"" color=""#666666"">区分・広告文責</font></td>
<td bgcolor=""#efefef""><font color=""#666666"" size=""2"">


国内・日用品/有限会社スタイルキューブ　06-6534-1259


</font></td></tr><tr>
<td align=""center"" bgcolor=""#ffe6ff""><font size=""2"" color=""#666666"">メーカー</font></td>
<td bgcolor=""#efefef""><font color=""#666666"" size=""2"">

パックス　ナチュロン 

</font></td></tr>
</table><!-- バイオ125特価ここから --><br /><table width=""100%"" border=""0"">
<img src=""http://image.rakuten.co.jp/primecollection/cabinet/kihon9/20160721biopura.jpg"" width=""100%""></table><font  size=""2"" color=""#ff0000"">早いもの勝ち！バイオオイル 125ml 1039円販売中！</font>
<!-- バイオ125特価ここまで -->",【ポイント5倍】 ナチュロン ボディソープ 詰替 500ml  ( 太陽油脂 パックス / パックスナチュロン / 植物性石けん / ヒマワリ油配合 / ボディーソープ ) 【取り寄せ商品】【ID:0082】『ta_』【発送日:10営業日以内(土日祝除く)】：プライムコレクション,通信販売通販ショッピングオンラインショッピング買い物プレゼントギフト贈り物贈答品お中元お歳暮お買い得SK2アレルケアＳＫ２ フェイシャルトリートメントエッセンスオードムーゲコスメデコルテオードムーゲ 500ml 送料無料アルビオンスーパースマイルルナソル化粧水エバメールコスメデコルテ フェイスパウダーアルカリウォッシュ ３ｋｇアルージェプロテインマックスファクターsk-2化粧品激安安い【ポイント5倍】 ナチュロン ボディソープ 詰替 500ml  ( 太陽油脂 パックス / パックスナチュロン / 植物性石けん / ヒマワリ油配合 / ボディーソープ ) 【取り寄せ商品】【ID:0082】『ta_』【発送日:10営業日以内(土日祝除く)】,PT最大20倍 ナチュロン ボディソープ 詰替 500ml。【ポイント5倍】 ナチュロン ボディソープ 詰替 500ml  ( 太陽油脂 パックス / パックスナチュロン / 植物性石けん / ヒマワリ油配合 / ボディーソープ ) 【取り寄せ商品】【ID:0082】『ta_』【発送日:10営業日以内(土日祝除く)】[rn]
11-5455,http://tshop.r10s.jp/suzuto/cabinet/17ready/17-7694-019.jpg?fitin=700:700,960.0000,,美容・コスメ・香水 > ボディケア > 石けん・ボディソープ,【送料無料】マリ・クレールソープギフト ＜ＩＭＣ－１０＞石鹸ギフトセット/ボディソープ 出産内祝い 内祝い お返し 快気祝い 新築内祝い 引き出物 法事 香典返し(ae)(B5),,"<p><img src=""http://image.rakuten.co.jp/suzuto/cabinet/cta/rv-0.jpg"" width=""100%"" height=""100%"" border=""0""alt=""出産内祝い 内祝い カタログギフト 送料無料""><br></p>フランスの有名雑誌「マリクレール」ブランドより、フラワー＆ハーブのやさしく癒される香りのギフトセットです。
素肌に伝わる潤いと香りが広がる「心地良いひととき」をお届けします。<br>●箱サイズ：17.3×20.7×4.9cm ●重量：620g<br>●商品内容：ソープ７０ｇ（ハーブ×２・ラベンダー×１）・ローズボディソープ２３０ｍｌ×１<br>●原産国：日本<br>●加工地：日本<br>●パッケージ形態：化粧箱入<br>●宅配便区分：常温<br>",【送料無料】マリ・クレールソープギフト ＜ＩＭＣ&minus;１０＞石鹸ギフトセット/ボディソープ 出産内祝い 内祝い お返し 快気祝い 新築内祝い 引き出物 法事 香典返し(ae)(B5)：すず陶楽天市場店,通信販売通販ショッピングオンラインショッピング買い物プレゼントギフト贈り物贈答品お中元お歳暮お買い得送料無料カタログギフト内祝いシャディ香典返し贈答品ギフト出産内祝い快気祝い新築内祝いリンベルハーモニックシャディマイプレシャス【送料無料】マリ・クレールソープギフト ＜ＩＭＣ&minus;１０＞石鹸ギフトセット/ボディソープ 出産内祝い 内祝い お返し 快気祝い 新築内祝い 引き出物 法事 香典返し(ae)(B5),出産内祝い 内祝い お返し 快気祝い 法事 香典返し。【送料無料】マリ・クレールソープギフト ＜ＩＭＣ&minus;１０＞石鹸ギフトセット/ボディソープ 出産内祝い 内祝い お返し 快気祝い 新築内祝い 引き出物 法事 香典返し(ae)(B5)[rn]
11-5456,http://tshop.r10s.jp/suzuto/cabinet/17ready/17-7695-031.jpg?fitin=700:700,1760.0000,,美容・コスメ・香水 > ボディケア > 石けん・ボディソープ,【送料無料】エル メゾン ボディソープセット ＜ＥＬ－２５Ｅ＞石鹸ギフトセット/ボディソープ 出産内祝い 内祝い お返し 快気祝い 新築内祝い 引き出物 法事 香典返し(be)(A4),,"<p><img src=""http://image.rakuten.co.jp/suzuto/cabinet/cta/rv-0.jpg"" width=""100%"" height=""100%"" border=""0""alt=""出産内祝い 内祝い カタログギフト 送料無料""><br></p>快適な生活を楽しむためのELLE MAISONが贈る爽やかなボディケアギフト。
<br>●箱サイズ：28×23.5×5.5cm ●重量：1.5kg<br>●商品内容：ボディソープ（ローズマリー・タイム・カモミール）４５０ｍｌ×各１<br>●原産国：日本<br>●加工地：日本<br>●パッケージ形態：化粧箱入<br>●宅配便区分：常温<br>",【送料無料】エル メゾン ボディソープセット ＜ＥＬ&minus;２５Ｅ＞石鹸ギフトセット/ボディソープ 出産内祝い 内祝い お返し 快気祝い 新築内祝い 引き出物 法事 香典返し(be)(A4)：すず陶楽天市場店,通信販売通販ショッピングオンラインショッピング買い物プレゼントギフト贈り物贈答品お中元お歳暮お買い得送料無料カタログギフト内祝いシャディ香典返し贈答品ギフト出産内祝い快気祝い新築内祝いリンベルハーモニックシャディマイプレシャス【送料無料】エル メゾン ボディソープセット ＜ＥＬ&minus;２５Ｅ＞石鹸ギフトセット/ボディソープ 出産内祝い 内祝い お返し 快気祝い 新築内祝い 引き出物 法事 香典返し(be)(A4),出産内祝い 内祝い お返し 快気祝い 法事 香典返し。【送料無料】エル メゾン ボディソープセット ＜ＥＬ&minus;２５Ｅ＞石鹸ギフトセット/ボディソープ 出産内祝い 内祝い お返し 快気祝い 新築内祝い 引き出物 法事 香典返し(be)(A4)[rn]
11-5457,http://tshop.r10s.jp/suzuto/cabinet/17sogo05/17-0556-019.jpg?fitin=700:700,400.0000,,美容・コスメ・香水 > ボディケア > 石けん・ボディソープ,スヌーピー ハーブのうるおいソープギフト ＜ＳＮ－ＧＡ０５＞石鹸ギフトセット/石鹸 出産内祝い 内祝い お返し 快気祝い 新築内祝い 引き出物 法事 香典返し(co)(B5),,"スヌーピーと仲間たちのお花の石けんギフトです。
<br>●箱サイズ：12×24×3.2cm ●重量：329g<br>●商品内容：カモマイルソープ（８０ｇ）×１・ローズマリーソープ（８０ｇ）×１・ラベンダーソープ（８０ｇ）×１<br>●原産国：日本<br>●加工地：日本<br>●パッケージ形態：化粧箱入<br>●宅配便区分：常温<br>",スヌーピー ハーブのうるおいソープギフト ＜ＳＮ&minus;ＧＡ０５＞石鹸ギフトセット/石鹸 出産内祝い 内祝い お返し 快気祝い 新築内祝い 引き出物 法事 香典返し(co)(B5)：すず陶楽天市場店,通信販売通販ショッピングオンラインショッピング買い物プレゼントギフト贈り物贈答品お中元お歳暮お買い得送料無料カタログギフト内祝いシャディ香典返し贈答品ギフト出産内祝い快気祝い新築内祝いリンベルハーモニックシャディマイプレシャススヌーピー ハーブのうるおいソープギフト ＜ＳＮ&minus;ＧＡ０５＞石鹸ギフトセット/石鹸 出産内祝い 内祝い お返し 快気祝い 新築内祝い 引き出物 法事 香典返し(co)(B5),出産内祝い 内祝い お返し 快気祝い 法事 香典返し。スヌーピー ハーブのうるおいソープギフト ＜ＳＮ&minus;ＧＡ０５＞石鹸ギフトセット/石鹸 出産内祝い 内祝い お返し 快気祝い 新築内祝い 引き出物 法事 香典返し(co)(B5)[rn]
11-5458,http://tshop.r10s.jp/suzuto/cabinet/17sogo05/17-0561-098.jpg?fitin=700:700,400.0000,,美容・コスメ・香水 > ボディケア > 石けん・ボディソープ,絹石鹸 フローラルソープ ＜ＫＦＣＲ５＞石鹸ギフトセット/石鹸 出産内祝い 内祝い お返し 快気祝い 新築内祝い 引き出物 法事 香典返し(be)(A4),,●箱サイズ：10.5×28.4×2.6cm ●重量：496g<br>●商品内容：絹石鹸フローラルソープ８５ｇ×５<br>●原産国：日本<br>●パッケージ形態：化粧箱入<br>●宅配便区分：常温<br>,絹石鹸 フローラルソープ ＜ＫＦＣＲ５＞石鹸ギフトセット/石鹸 出産内祝い 内祝い お返し 快気祝い 新築内祝い 引き出物 法事 香典返し(be)(A4)：すず陶楽天市場店,通信販売通販ショッピングオンラインショッピング買い物プレゼントギフト贈り物贈答品お中元お歳暮お買い得送料無料カタログギフト内祝いシャディ香典返し贈答品ギフト出産内祝い快気祝い新築内祝いリンベルハーモニックシャディマイプレシャス絹石鹸 フローラルソープ ＜ＫＦＣＲ５＞石鹸ギフトセット/石鹸 出産内祝い 内祝い お返し 快気祝い 新築内祝い 引き出物 法事 香典返し(be)(A4),出産内祝い 内祝い お返し 快気祝い 法事 香典返し。絹石鹸 フローラルソープ ＜ＫＦＣＲ５＞石鹸ギフトセット/石鹸 出産内祝い 内祝い お返し 快気祝い 新築内祝い 引き出物 法事 香典返し(be)(A4)[rn]
11-5459,http://tshop.r10s.jp/suzuto/cabinet/17sogo05/17-0562-051.jpg?fitin=700:700,400.0000,,美容・コスメ・香水 > ボディケア > 石けん・ボディソープ,日比谷花壇 フローラルソープセット ＜ＨＦＳ－０５＞ 石鹸ギフトセット/石鹸 出産内祝い 内祝い お返し 快気祝い 新築内祝い 引き出物 法事 香典返し(be)(A5),,"日比谷花壇プロデュースのソープセット。
<br>●箱サイズ：11.9×19×3.9cm ●重量：340g<br>●商品内容：ソープ（ノーブルな香り・フレッシュな香り・エレガントな香り）８０ｇ×各１<br>●原産国：日本<br>●加工地：日本<br>●パッケージ形態：化粧箱入<br>●宅配便区分：常温<br>",日比谷花壇 フローラルソープセット ＜ＨＦＳ&minus;０５＞ 石鹸ギフトセット/石鹸 出産内祝い 内祝い お返し 快気祝い 新築内祝い 引き出物 法事 香典返し(be)(A5)：すず陶楽天市場店,通信販売通販ショッピングオンラインショッピング買い物プレゼントギフト贈り物贈答品お中元お歳暮お買い得送料無料カタログギフト内祝いシャディ香典返し贈答品ギフト出産内祝い快気祝い新築内祝いリンベルハーモニックシャディマイプレシャス日比谷花壇 フローラルソープセット ＜ＨＦＳ&minus;０５＞ 石鹸ギフトセット/石鹸 出産内祝い 内祝い お返し 快気祝い 新築内祝い 引き出物 法事 香典返し(be)(A5),出産内祝い 内祝い お返し 快気祝い 法事 香典返し。日比谷花壇 フローラルソープセット ＜ＨＦＳ&minus;０５＞ 石鹸ギフトセット/石鹸 出産内祝い 内祝い お返し 快気祝い 新築内祝い 引き出物 法事 香典返し(be)(A5)[rn]
11-5460,http://tshop.r10s.jp/suzuto/cabinet/17sogo05/17-0564-020.jpg?fitin=700:700,400.0000,,美容・コスメ・香水 > ボディケア > 石けん・ボディソープ,プレミオハーブソープセット ＜ＣＰＲ－５＞石鹸ギフトセット/石鹸 出産内祝い 内祝い お返し 快気祝い 新築内祝い 引き出物 法事 香典返し(co)(A4),,気品ある甘く華やかなローズの香りは、恋に効く香りという説も かに、女性の心をとらえます。ラベンダーの香りは、気分を快適にし、リラックスさせます。<br>●箱サイズ：26.3×8.2×3.5cm ●重量：380g<br>●商品内容：化粧石鹸（ラベンダー７７ｇ×２・ローズ７６ｇ×２）<br>●原産国：日本<br>●加工地：日本<br>●パッケージ形態：化粧箱入<br>●宅配便区分：常温<br>,プレミオハーブソープセット ＜ＣＰＲ&minus;５＞石鹸ギフトセット/石鹸 出産内祝い 内祝い お返し 快気祝い 新築内祝い 引き出物 法事 香典返し(co)(A4)：すず陶楽天市場店,通信販売通販ショッピングオンラインショッピング買い物プレゼントギフト贈り物贈答品お中元お歳暮お買い得送料無料カタログギフト内祝いシャディ香典返し贈答品ギフト出産内祝い快気祝い新築内祝いリンベルハーモニックシャディマイプレシャスプレミオハーブソープセット ＜ＣＰＲ&minus;５＞石鹸ギフトセット/石鹸 出産内祝い 内祝い お返し 快気祝い 新築内祝い 引き出物 法事 香典返し(co)(A4),出産内祝い 内祝い お返し 快気祝い 法事 香典返し。プレミオハーブソープセット ＜ＣＰＲ&minus;５＞石鹸ギフトセット/石鹸 出産内祝い 内祝い お返し 快気祝い 新築内祝い 引き出物 法事 香典返し(co)(A4)[rn]
11-5461,http://tshop.r10s.jp/suzuto/cabinet/17sogo05/17-0563-015.jpg?fitin=700:700,400.0000,,美容・コスメ・香水 > ボディケア > 石けん・ボディソープ,ハニーアンドソープセット ＜ＨＯＡ－０５＞石鹸ギフトセット/石鹸 出産内祝い 内祝い お返し 快気祝い 新築内祝い 引き出物 法事 香典返し(co)(A3),,"はちみつエキスと果実、ハーブの香りの石けんです。
<br>●箱サイズ：12.2×18.8×3.1cm ●重量：340g<br>●商品内容：石けん７０ｇ（ハニー＆アップル、ハニー＆レモン、ハニー＆オリーブ、ハニー＆ラベンダー）各１<br>●原産国：日本<br>●加工地：日本<br>●パッケージ形態：化粧箱入<br>●宅配便区分：常温<br>",ハニーアンドソープセット ＜ＨＯＡ&minus;０５＞石鹸ギフトセット/石鹸 出産内祝い 内祝い お返し 快気祝い 新築内祝い 引き出物 法事 香典返し(co)(A3)：すず陶楽天市場店,通信販売通販ショッピングオンラインショッピング買い物プレゼントギフト贈り物贈答品お中元お歳暮お買い得送料無料カタログギフト内祝いシャディ香典返し贈答品ギフト出産内祝い快気祝い新築内祝いリンベルハーモニックシャディマイプレシャスハニーアンドソープセット ＜ＨＯＡ&minus;０５＞石鹸ギフトセット/石鹸 出産内祝い 内祝い お返し 快気祝い 新築内祝い 引き出物 法事 香典返し(co)(A3),出産内祝い 内祝い お返し 快気祝い 法事 香典返し。ハニーアンドソープセット ＜ＨＯＡ&minus;０５＞石鹸ギフトセット/石鹸 出産内祝い 内祝い お返し 快気祝い 新築内祝い 引き出物 法事 香典返し(co)(A3)[rn]
11-5462,http://tshop.r10s.jp/suzuto/cabinet/17sogo05/17-0560-091.jpg?fitin=700:700,400.0000,,美容・コスメ・香水 > ボディケア > 石けん・ボディソープ,牛乳石鹸 ミルキィフレッシュセット ＜ＭＦ－５＞石鹸ギフトセット/石鹸 出産内祝い 内祝い お返し 快気祝い 新築内祝い 引き出物 法事 香典返し(be)(A4),,フレッシュな薔薇の香りのせっけん。 ゆたかな泡立ち、すっきいりした洗い心地。 ミルク成分（乳脂：保湿成分）配合<br>●箱サイズ：9.5×27.2×2.4cm ●重量：500g<br>●商品内容：ミルキィソープ８０ｇ×５<br>●原産国：日本<br>●パッケージ形態：化粧箱入<br>●宅配便区分：常温<br>,牛乳石鹸 ミルキィフレッシュセット ＜ＭＦ&minus;５＞石鹸ギフトセット/石鹸 出産内祝い 内祝い お返し 快気祝い 新築内祝い 引き出物 法事 香典返し(be)(A4)：すず陶楽天市場店,通信販売通販ショッピングオンラインショッピング買い物プレゼントギフト贈り物贈答品お中元お歳暮お買い得送料無料カタログギフト内祝いシャディ香典返し贈答品ギフト出産内祝い快気祝い新築内祝いリンベルハーモニックシャディマイプレシャス牛乳石鹸 ミルキィフレッシュセット ＜ＭＦ&minus;５＞石鹸ギフトセット/石鹸 出産内祝い 内祝い お返し 快気祝い 新築内祝い 引き出物 法事 香典返し(be)(A4),出産内祝い 内祝い お返し 快気祝い 法事 香典返し。牛乳石鹸 ミルキィフレッシュセット ＜ＭＦ&minus;５＞石鹸ギフトセット/石鹸 出産内祝い 内祝い お返し 快気祝い 新築内祝い 引き出物 法事 香典返し(be)(A4)[rn]
11-5463,http://tshop.r10s.jp/suzuto/cabinet/17sogo05/17-0560-016.jpg?fitin=700:700,400.0000,,美容・コスメ・香水 > ボディケア > 石けん・ボディソープ,牛乳石鹸 ミルキーソープ ＜ＡＫ－５＞石鹸ギフトセット/石鹸 出産内祝い 内祝い お返し 快気祝い 新築内祝い 引き出物 法事 香典返し(do)(B5),,よりマイルドに よりなめらかに。 ミルク成分配合のミルキィソープです。<br>●箱サイズ：10×22×3cm ●重量：400g<br>●商品内容：ミルキーソープ８０ｇ×４<br>●原産国：日本<br>●パッケージ形態：化粧箱入<br>●宅配便区分：常温<br>,牛乳石鹸 ミルキーソープ ＜ＡＫ&minus;５＞石鹸ギフトセット/石鹸 出産内祝い 内祝い お返し 快気祝い 新築内祝い 引き出物 法事 香典返し(do)(B5)：すず陶楽天市場店,通信販売通販ショッピングオンラインショッピング買い物プレゼントギフト贈り物贈答品お中元お歳暮お買い得送料無料カタログギフト内祝いシャディ香典返し贈答品ギフト出産内祝い快気祝い新築内祝いリンベルハーモニックシャディマイプレシャス牛乳石鹸 ミルキーソープ ＜ＡＫ&minus;５＞石鹸ギフトセット/石鹸 出産内祝い 内祝い お返し 快気祝い 新築内祝い 引き出物 法事 香典返し(do)(B5),出産内祝い 内祝い お返し 快気祝い 法事 香典返し。牛乳石鹸 ミルキーソープ ＜ＡＫ&minus;５＞石鹸ギフトセット/石鹸 出産内祝い 内祝い お返し 快気祝い 新築内祝い 引き出物 法事 香典返し(do)(B5)[rn]
11-5464,http://tshop.r10s.jp/suzuto/cabinet/17sogo05/17-0562-094.jpg?fitin=700:700,400.0000,,美容・コスメ・香水 > ボディケア > 石けん・ボディソープ,シャボン玉 無添加石鹸ギフトセット ＜ＳＭＧ－５＞ 石鹸ギフトセット/石鹸 出産内祝い 内祝い お返し 快気祝い 新築内祝い 引き出物 法事 香典返し(ce)(A5),,お肌にやさし無添加せっけん キメ細かく弾力のある泡立ち、さっぱり洗えるのに洗いあがりはしっとり。<br>●箱サイズ：8×17.1×2.8cm ●重量：210g<br>●商品内容：無添加石鹸６０ｇ×３<br>●原産国：日本<br>●加工地：日本<br>●パッケージ形態：化粧箱入<br>●宅配便区分：常温<br>,シャボン玉 無添加石鹸ギフトセット ＜ＳＭＧ&minus;５＞ 石鹸ギフトセット/石鹸 出産内祝い 内祝い お返し 快気祝い 新築内祝い 引き出物 法事 香典返し(ce)(A5)：すず陶楽天市場店,通信販売通販ショッピングオンラインショッピング買い物プレゼントギフト贈り物贈答品お中元お歳暮お買い得送料無料カタログギフト内祝いシャディ香典返し贈答品ギフト出産内祝い快気祝い新築内祝いリンベルハーモニックシャディマイプレシャスシャボン玉 無添加石鹸ギフトセット ＜ＳＭＧ&minus;５＞ 石鹸ギフトセット/石鹸 出産内祝い 内祝い お返し 快気祝い 新築内祝い 引き出物 法事 香典返し(ce)(A5),出産内祝い 内祝い お返し 快気祝い 法事 香典返し。シャボン玉 無添加石鹸ギフトセット ＜ＳＭＧ&minus;５＞ 石鹸ギフトセット/石鹸 出産内祝い 内祝い お返し 快気祝い 新築内祝い 引き出物 法事 香典返し(ce)(A5)[rn]
11-5465,http://tshop.r10s.jp/suzuto/cabinet/17sogo05/17-0556-060.jpg?fitin=700:700,400.0000,,美容・コスメ・香水 > ボディケア > 石けん・ボディソープ,和がさね  ＜ＷＡＧ－０５＞石鹸ギフトセット/石鹸 出産内祝い 内祝い お返し 快気祝い 新築内祝い 引き出物 法事 香典返し(co)(豆8),,"和のうるおいを詰め合わせた石鹸・入浴料のギフトセットです。
<br>●箱サイズ：13.6×13.4×5.3cm ●重量：174g<br>●商品内容：石けん（桜）５０ｇ・（緑茶）５０ｇ・入浴料（梅）２５ｇ×各１<br>●原産国：日本<br>●パッケージ形態：化粧箱入<br>●宅配便区分：常温<br>",和がさね  ＜ＷＡＧ&minus;０５＞石鹸ギフトセット/石鹸 出産内祝い 内祝い お返し 快気祝い 新築内祝い 引き出物 法事 香典返し(co)(豆8)：すず陶楽天市場店,通信販売通販ショッピングオンラインショッピング買い物プレゼントギフト贈り物贈答品お中元お歳暮お買い得送料無料カタログギフト内祝いシャディ香典返し贈答品ギフト出産内祝い快気祝い新築内祝いリンベルハーモニックシャディマイプレシャス和がさね  ＜ＷＡＧ&minus;０５＞石鹸ギフトセット/石鹸 出産内祝い 内祝い お返し 快気祝い 新築内祝い 引き出物 法事 香典返し(co)(豆8),出産内祝い 内祝い お返し 快気祝い 法事 香典返し。和がさね  ＜ＷＡＧ&minus;０５＞石鹸ギフトセット/石鹸 出産内祝い 内祝い お返し 快気祝い 新築内祝い 引き出物 法事 香典返し(co)(豆8)[rn]
11-5466,http://tshop.r10s.jp/suzuto/cabinet/17sogo03/17-0304-109.jpg?fitin=700:700,504.0000,,美容・コスメ・香水 > ボディケア > 石けん・ボディソープ,タマノハダソープ ムスク＜１１３０２＞石鹸ギフトセット/石鹸 出産内祝い 内祝い お返し 快気祝い 新築内祝い 引き出物 法事 香典返し(ae)(豆4),,"手のひらにフィットするまあるいせっけん
パーム油とパーム核油から作られた植物素材で、日本人の肌に合わせた、穏やかな泡立ちと、しっとりとした優しい洗い上がり。
それぞれの個性が際立つ、繊細な香りのフレグランスは、トップからラストまで時間と共に少しずつ変化し、翌日もほのかな香りを肌に残します。
浴用から洗顔まで、全身にご使用いただけます。<br>●箱サイズ：6.5×6.5×6.5cm ●重量：153g<br>●商品内容：内容量＝約１２５ｇ<br>●原産国：日本<br>●パッケージ形態：化粧箱入<br>●宅配便区分：常温<br>",タマノハダソープ ムスク＜１１３０２＞石鹸ギフトセット/石鹸 出産内祝い 内祝い お返し 快気祝い 新築内祝い 引き出物 法事 香典返し(ae)(豆4)：すず陶楽天市場店,通信販売通販ショッピングオンラインショッピング買い物プレゼントギフト贈り物贈答品お中元お歳暮お買い得送料無料カタログギフト内祝いシャディ香典返し贈答品ギフト出産内祝い快気祝い新築内祝いリンベルハーモニックシャディマイプレシャスタマノハダソープ ムスク＜１１３０２＞石鹸ギフトセット/石鹸 出産内祝い 内祝い お返し 快気祝い 新築内祝い 引き出物 法事 香典返し(ae)(豆4),出産内祝い 内祝い お返し 快気祝い 法事 香典返し。タマノハダソープ ムスク＜１１３０２＞石鹸ギフトセット/石鹸 出産内祝い 内祝い お返し 快気祝い 新築内祝い 引き出物 法事 香典返し(ae)(豆4)[rn]
11-5467,http://tshop.r10s.jp/suzuto/cabinet/17sogo03/17-0304-117.jpg?fitin=700:700,504.0000,,美容・コスメ・香水 > ボディケア > 石けん・ボディソープ,タマノハダソープ ローズ＜１１３０３＞石鹸ギフトセット/石鹸 出産内祝い 内祝い お返し 快気祝い 新築内祝い 引き出物 法事 香典返し(ae)(豆4),,"手のひらにフィットするまあるいせっけん
パーム油とパーム核油から作られた植物素材で、日本人の肌に合わせた、穏やかな泡立ちと、しっとりとした優しい洗い上がり。
それぞれの個性が際立つ、繊細な香りのフレグランスは、トップからラストまで時間と共に少しずつ変化し、翌日もほのかな香りを肌に残します。
浴用から洗顔まで、全身にご使用いただけます。<br>●箱サイズ：6.5×6.5×6.5cm ●重量：153g<br>●商品内容：内容量＝約１２５ｇ<br>●原産国：日本<br>●パッケージ形態：化粧箱入<br>●宅配便区分：常温<br>",タマノハダソープ ローズ＜１１３０３＞石鹸ギフトセット/石鹸 出産内祝い 内祝い お返し 快気祝い 新築内祝い 引き出物 法事 香典返し(ae)(豆4)：すず陶楽天市場店,通信販売通販ショッピングオンラインショッピング買い物プレゼントギフト贈り物贈答品お中元お歳暮お買い得送料無料カタログギフト内祝いシャディ香典返し贈答品ギフト出産内祝い快気祝い新築内祝いリンベルハーモニックシャディマイプレシャスタマノハダソープ ローズ＜１１３０３＞石鹸ギフトセット/石鹸 出産内祝い 内祝い お返し 快気祝い 新築内祝い 引き出物 法事 香典返し(ae)(豆4),出産内祝い 内祝い お返し 快気祝い 法事 香典返し。タマノハダソープ ローズ＜１１３０３＞石鹸ギフトセット/石鹸 出産内祝い 内祝い お返し 快気祝い 新築内祝い 引き出物 法事 香典返し(ae)(豆4)[rn]
11-5468,http://tshop.r10s.jp/suzuto/cabinet/17sogo03/17-0304-125.jpg?fitin=700:700,504.0000,,美容・コスメ・香水 > ボディケア > 石けん・ボディソープ,タマノハダソープ ガーデニア＜１１３０４＞石鹸ギフトセット/石鹸 出産内祝い 内祝い お返し 快気祝い 新築内祝い 引き出物 法事 香典返し(ae)(豆4),,"手のひらにフィットするまあるいせっけん
パーム油とパーム核油から作られた植物素材で、日本人の肌に合わせた、穏やかな泡立ちと、しっとりとした優しい洗い上がり。
それぞれの個性が際立つ、繊細な香りのフレグランスは、トップからラストまで時間と共に少しずつ変化し、翌日もほのかな香りを肌に残します。
浴用から洗顔まで、全身にご使用いただけます。<br>●箱サイズ：6.5×6.5×6.5cm ●重量：153g<br>●商品内容：内容量＝約１２５ｇ<br>●原産国：日本<br>●パッケージ形態：化粧箱入<br>●宅配便区分：常温<br>",タマノハダソープ ガーデニア＜１１３０４＞石鹸ギフトセット/石鹸 出産内祝い 内祝い お返し 快気祝い 新築内祝い 引き出物 法事 香典返し(ae)(豆4)：すず陶楽天市場店,通信販売通販ショッピングオンラインショッピング買い物プレゼントギフト贈り物贈答品お中元お歳暮お買い得送料無料カタログギフト内祝いシャディ香典返し贈答品ギフト出産内祝い快気祝い新築内祝いリンベルハーモニックシャディマイプレシャスタマノハダソープ ガーデニア＜１１３０４＞石鹸ギフトセット/石鹸 出産内祝い 内祝い お返し 快気祝い 新築内祝い 引き出物 法事 香典返し(ae)(豆4),出産内祝い 内祝い お返し 快気祝い 法事 香典返し。タマノハダソープ ガーデニア＜１１３０４＞石鹸ギフトセット/石鹸 出産内祝い 内祝い お返し 快気祝い 新築内祝い 引き出物 法事 香典返し(ae)(豆4)[rn]
11-5469,http://tshop.r10s.jp/stylestyle/cabinet/001/14000321.jpg?fitin=700:700,635.2000,,美容・コスメ・香水 > ボディケア > 石けん・ボディソープ,【あす楽】 キュレル 薬用ボディウォッシュ【つめかえ用】 360ml [ 花王 / Curel / 乾燥性敏感肌 ]『ta_395』,,"<!-- トップリンク --><font color=""#333333"" size=""2"">トップページはこちら</font><br />
<br /><!-- トップここまで --><!-- あす楽ここから -->
<table width=""100%"" border=""0""><img src=""http://image.rakuten.co.jp/stylestyle/cabinet/campaign/asurakusssp.jpg"" width=""100%""></table>
<!-- あす楽ここまで --><table border=""1"" cellpadding=""2"" cellspacing=""0"" bordercolor=""#ffffff""  width=""100%"" bgcolor=""#cccccc"">
  <TR>
    <TD width=""100"" height=""23"" align=""center"" bgcolor=""#FFE6FF""><font color=""#666666"" size=""2"">商品特徴</font></TD>
    <TD width=""505"" bgcolor=""#EFEFEF""><p><font color=""#666666"" size=""2"">素肌に大切なうるおい成分セラミドを守りながら汗や汚れだけをすっきり洗い流すアミノ酸系洗浄料。<br>
      ※2008年9月6日「全身洗浄料」は「薬用ボディウォッシュ」と名称変更となりました。</font></p>    </TD>
  </TR>
  <TR>
    <TD align=""center"" bgcolor=""#FFE6FF"" width=""100""><font color=""#666666"" size=""2"">品名</font></TD>
    <TD bgcolor=""#EFEFEF""><font color=""#666666"" size=""2"">花王 キュレル 薬用ボディウォッシュ【つめかえ用】</font></TD>
  </TR>
  <TR>
    <TD align=""center"" bgcolor=""#FFE6FF"" width=""100""><font size=""2"" color=""#666666"">内容量</font></TD>
    <TD bgcolor=""#EFEFEF""><font color=""#666666"" size=""2"">360ml</font></TD>
  </TR>
  <TR>
    <TD align=""center"" bgcolor=""#FFE6FF""><font size=""2"" color=""#666666"">広告文責</font></TD>
    <TD bgcolor=""#EFEFEF""><font color=""#666666"" size=""2"">有限会社 スタイルキューブ TEL 06-6534-1259</font></TD>
  </TR>
  <TR>
    <TD align=""center"" bgcolor=""#FFE6FF"" width=""100""><font size=""2"" color=""#666666"">メーカー</font></TD>
    <TD bgcolor=""#EFEFEF""><font color=""#666666"" size=""2"">花王</font></TD>
  </TR
  ><TR>
    <TD align=""center"" bgcolor=""#FFE6FF""><font size=""2"" color=""#666666"">区分</font></TD>
    <TD bgcolor=""#EFEFEF""><font color=""#666666"" size=""2"">国内製・化粧品</font></TD>
  </TR>
</table><!-- アンジェここから --><br /><table width=""100%"" border=""0""><img src=""http://image.rakuten.co.jp/stylestyle/cabinet/kihon14/ssannjebana-2.jpg"" width=""100%""></table><font  size=""2"" color=""#ff0000"">→→→ いよいよ日本でも発売！国内品よりお買い得☆海外限定品 プリマヴィスタ アンジェ  ←←←</font><!-- アンジェここまで -->",【あす楽】 キュレル 薬用ボディウォッシュ【つめかえ用】 360ml [ 花王 / Curel / 乾燥性敏感肌 ]『ta_395』：スタイルスタイル,通信販売通販ショッピングオンラインショッピング買い物プレゼントギフト贈り物贈答品お中元お歳暮お買い得水の天使 スキントリートメントゲル 150g 水天 オールインワンシュワルツコフ BCクア 業務用 オージスカツウラ スキンローションG しっとり さっぱり ふつう 300ml サボンGRMK ルミコ ジェルクリーミーファンデーション メイクアップベースSK2 SK-2 SKII SK-II sk2 FTエッセンス 215ｍｌ クリアローション ステムパワーエバメール ゲルクリーム 500g 1000g 詰替え用 詰替用 レフィル バイオザイム みどりむし BIO ZYME 実験 長寿 バイオザイムワンケラスターゼ ソワンオレオリラックス ユイルスブリム 業務用 ミルボン ナプラ デミ ウエーボ セリエ資生堂 アデノバイタル スカルプエッセンス 180ml 480ml 詰替え 資生堂プロフェッショナル伊藤園 一日分の野菜 熟トマト おーいお茶アスタリフト ジェリーアクアリスタ 美容液 コンシーラー フジフイルムモルトベーネ ロレッタ ベースケアオイル ワックス ジュレ トリートメント資生堂 マキアージュ シュペリエル エリクシールホワイト ｄプログラム クレドポーベビーフット イージーパック スピードタイプ シトラスキット ＳＰ ＳＰＴ楽天 通販 ネットショップ ネットショッピングオバジ 美容液 Ｃ20 グリコパワープロダクション からだ燃える 明治プロテインダイエットスパーミリオンヘアー ジョンマスターオーガニック シュウウエムラ クレンジングオイル 下地 ファンデーション ブラシ カネボウ コフレドール スマイルアップチーク ラファイエ ブランシール ルナソルコスメデコルテ ラクチュール プリムラテ ＡＱＭＷ ミリオリティ クレイブラン【あす楽】 キュレル 薬用ボディウォッシュ【つめかえ用】 360ml [ 花王 / Curel / 乾燥性敏感肌 ]『ta_395』,PT最大16倍 薬用ボディウォッシュ 360ml 花王 キュレル。【あす楽】 キュレル 薬用ボディウォッシュ【つめかえ用】 360ml [ 花王 / Curel / 乾燥性敏感肌 ]『ta_395』[rn]
11-5470,http://tshop.r10s.jp/stylestyle/cabinet/kihon13/10028303.jpg?fitin=700:700,1952.0000,,美容・コスメ・香水 > ボディケア > 石けん・ボディソープ,アロインス  メイティア ゴールドボディソープ 400ml [ ALOINS / ボディソープ / ボディーソープ / 石鹸 ]【取り寄せ商品】【ID：0058】,,"<!-- トップリンク --><font color=""#333333"" size=""2"">トップページはこちら</font><br />
<br /><!-- トップここまで --><FONT color=""#ff0000"" size=""2"">こちらの商品は発送まで４～１０営業日ほどかかりますので予めご了承をお願い致します。<BR>廃盤・メーカー欠品等の場合は納品できない場合がございます。<br>
予めご了承くださいませ。<br></FONT><table border=""1"" cellpadding=""2"" cellspacing=""0"" bordercolor=""#ffffff"" width=""100%"" bgcolor=""#cccccc"">
<tr>
<td align=""center"" width=""100"" bgcolor=""#ffe6ff""><font color=""#666666"" size=""2"">商品特徴</font></td>
<td bgcolor=""#efefef""><font color=""#666666"" size=""2"">
ふんわりやわらかな泡立ち、つるんとした洗いあがり、しっとり潤いに満ちる肌<br>
輝かしい本場金沢産純金箔とダマスクローズのアロマで優雅なバスタイム。<br><br>

あなたのバスルームがローズの香りにつつまれる・・・<br>
洗いあがりの肌もダマスクローズの香りがやさしくつつむ・・・<br><br>



【使い方】<br>
お湯を含ませたタオルやスポンジ等にとりよく泡立ててから体を洗い、その後よく流してください。<br><br>



（ ダマスクローズ / アロマ / アロインス オーデクリームs 185g / アロインス 蘆薈 麗 / アロインス ロカイレイ蘆薈麗 / ゴールドローション )
</font></td>
</tr>
<tr>
<td align=""center"" width=""100"" bgcolor=""#ffe6ff""><font color=""#666666"" size=""2"">品名・内容量</font></td>
<td bgcolor=""#efefef""><font color=""#666666"" size=""2"">アロインスメイティアゴールドボディソープ400ml</font></td></tr>
<tr>
<td align=""center"" width=""100"" bgcolor=""#ffe6ff""><font size=""2"" color=""#666666"">区分・広告文責</font></td>
<td bgcolor=""#efefef""><font color=""#666666"" size=""2"">国内・化粧品/有限会社スタイルキューブ　06-6534-1259</font></td></tr><tr>
<td align=""center"" bgcolor=""#ffe6ff""><font size=""2"" color=""#666666"">メーカー</font></td>
<td bgcolor=""#efefef""><font color=""#666666"" size=""2"">アロインス化粧品 アロインス</font></td></tr>
</table><!-- アンジェここから --><br /><table width=""100%"" border=""0""><img src=""http://image.rakuten.co.jp/stylestyle/cabinet/kihon14/ssannjebana-2.jpg"" width=""100%""></table><font  size=""2"" color=""#ff0000"">→→→ いよいよ日本でも発売！国内品よりお買い得☆海外限定品 プリマヴィスタ アンジェ  ←←←</font><!-- アンジェここまで -->",アロインス  メイティア ゴールドボディソープ 400ml [ ALOINS / ボディソープ / ボディーソープ / 石鹸 ]【取り寄せ商品】【ID：0058】：スタイルスタイル,通信販売通販ショッピングオンラインショッピング買い物プレゼントギフト贈り物贈答品お中元お歳暮お買い得水の天使 スキントリートメントゲル 150g 水天 オールインワンシュワルツコフ BCクア 業務用 オージスカツウラ スキンローションG しっとり さっぱり ふつう 300ml サボンGRMK ルミコ ジェルクリーミーファンデーション メイクアップベースSK2 SK-2 SKII SK-II sk2 FTエッセンス 215ｍｌ クリアローション ステムパワーエバメール ゲルクリーム 500g 1000g 詰替え用 詰替用 レフィル バイオザイム みどりむし BIO ZYME 実験 長寿 バイオザイムワンケラスターゼ ソワンオレオリラックス ユイルスブリム 業務用 ミルボン ナプラ デミ ウエーボ セリエ資生堂 アデノバイタル スカルプエッセンス 180ml 480ml 詰替え 資生堂プロフェッショナル伊藤園 一日分の野菜 熟トマト おーいお茶アスタリフト ジェリーアクアリスタ 美容液 コンシーラー フジフイルムモルトベーネ ロレッタ ベースケアオイル ワックス ジュレ トリートメント資生堂 マキアージュ シュペリエル エリクシールホワイト ｄプログラム クレドポーベビーフット イージーパック スピードタイプ シトラスキット ＳＰ ＳＰＴ楽天 通販 ネットショップ ネットショッピングオバジ 美容液 Ｃ20 グリコパワープロダクション からだ燃える 明治プロテインダイエットスパーミリオンヘアー ジョンマスターオーガニック シュウウエムラ クレンジングオイル 下地 ファンデーション ブラシ カネボウ コフレドール スマイルアップチーク ラファイエ ブランシール ルナソルコスメデコルテ ラクチュール プリムラテ ＡＱＭＷ ミリオリティ クレイブラン アロインス  メイティア ゴールドボディソープ 400ml [ ALOINS / ボディソープ / ボディーソープ / 石鹸 ]【取り寄せ商品】【ID：0058】,PT最大16倍 アロインス メイティア ゴールドボディソープ。 アロインス  メイティア ゴールドボディソープ 400ml [ ALOINS / ボディソープ / ボディーソープ / 石鹸 ]【取り寄せ商品】【ID：0058】[rn]
11-5471,http://tshop.r10s.jp/stylestyle/cabinet/gaichu004/14011605.jpg?fitin=700:700,636.8000,,美容・コスメ・香水 > ボディケア > 石けん・ボディソープ,【あす楽】 WELEDA ヴェレダ  カレンドラ ソープ 100g [ 全身用化粧石けん / ボディソープ / ベビー用 ],,"<!-- トップリンク --><font color=""#333333"" size=""2"">トップページはこちら</font><br />
<br /><!-- トップここまで --><!-- あす楽ここから -->
<table width=""100%"" border=""0""><img src=""http://image.rakuten.co.jp/stylestyle/cabinet/campaign/asurakusssp.jpg"" width=""100%""></table>
<!-- あす楽ここまで --><table border=""1"" cellpadding=""2"" cellspacing=""0"" bordercolor=""#ffffff""
width=""100%"" bgcolor=""#cccccc"">
<tr>
<td align=""center"" width=""100"" bgcolor=""#ffe6ff""><font color=""#666666""
size=""2"">商品特徴</font></td>
<td bgcolor=""#efefef""><p><font color=""#666666"" size=""2"">デリケートな肌に<br />
  赤ちゃんの頭髪の洗浄に</font></p>
  <p><font color=""#666666"" size=""2"">デリケートな肌、ベビーの肌のための全身用化粧石けんです。<br />
    きめ細やかな泡立ちで肌を包みこみ、汚れをきれいに落とします。<br />
    カレンドラやカミツレ、アイリスの根などの植物成分が、デリケートな肌を潤し、いたわりながら、やさしくしっとり洗い上げます。植物の安らかな香り。</font></p>
  <p><font color=""#666666"" size=""2"">（ ヴェレダ ホワイトバーチ / ヴェレダ マタニティ ストレッチマークオイル / ヴェレダ マザーズボディオイル / ヴェレダ ホワイトバーチ ボディシェイプオイル / ヴェレダ ワイルドローズ ）</font></p>  
  <font color=""#666666"" size=""2""><br>
</font></td>
</tr>
<tr>
<td align=""center"" width=""100"" bgcolor=""#ffe6ff""><font color=""#666666""
size=""2"">品名</font></td>
<td bgcolor=""#efefef""><font color=""#666666"" size=""2"">

WELEDA ヴェレダ カレンドラ ソープ</font></td>
</tr>
<tr>
<td align=""center"" bgcolor=""#ffe6ff""><font size=""2"" color=""#666666"">内容
量</font></td>
<td bgcolor=""#efefef""><font color=""#666666"" size=""2"">100g</font></td>
</tr>
<tr>
<td align=""center"" width=""100"" bgcolor=""#ffe6ff""><font size=""2""
color=""#666666"">区分・広告文責</font></td>
<td bgcolor=""#efefef""><font color=""#666666"" size=""2"">


海外・化粧品/有限会社スタイルキューブ　06-6534-1259


</font></td>
</tr><tr>
<td align=""center"" bgcolor=""#ffe6ff""><font size=""2"" color=""#666666"">メー
カー</font></td>
<td bgcolor=""#efefef""><font color=""#666666"" size=""2"">

ヴェレダ

</font></td>
</tr>
</table><!-- アンジェここから --><br /><table width=""100%"" border=""0""><img src=""http://image.rakuten.co.jp/stylestyle/cabinet/kihon14/ssannjebana-2.jpg"" width=""100%""></table><font  size=""2"" color=""#ff0000"">→→→ いよいよ日本でも発売！国内品よりお買い得☆海外限定品 プリマヴィスタ アンジェ  ←←←</font><!-- アンジェここまで -->",【あす楽】 WELEDA ヴェレダ  カレンドラ ソープ 100g [ 全身用化粧石けん / ボディソープ / ベビー用 ]：スタイルスタイル,通信販売通販ショッピングオンラインショッピング買い物プレゼントギフト贈り物贈答品お中元お歳暮お買い得水の天使 スキントリートメントゲル 150g 水天 オールインワンシュワルツコフ BCクア 業務用 オージスカツウラ スキンローションG しっとり さっぱり ふつう 300ml サボンGRMK ルミコ ジェルクリーミーファンデーション メイクアップベースSK2 SK-2 SKII SK-II sk2 FTエッセンス 215ｍｌ クリアローション ステムパワーエバメール ゲルクリーム 500g 1000g 詰替え用 詰替用 レフィル バイオザイム みどりむし BIO ZYME 実験 長寿 バイオザイムワンケラスターゼ ソワンオレオリラックス ユイルスブリム 業務用 ミルボン ナプラ デミ ウエーボ セリエ資生堂 アデノバイタル スカルプエッセンス 180ml 480ml 詰替え 資生堂プロフェッショナル伊藤園 一日分の野菜 熟トマト おーいお茶アスタリフト ジェリーアクアリスタ 美容液 コンシーラー フジフイルムモルトベーネ ロレッタ ベースケアオイル ワックス ジュレ トリートメント資生堂 マキアージュ シュペリエル エリクシールホワイト ｄプログラム クレドポーベビーフット イージーパック スピードタイプ シトラスキット ＳＰ ＳＰＴ楽天 通販 ネットショップ ネットショッピングオバジ 美容液 Ｃ20 グリコパワープロダクション からだ燃える 明治プロテインダイエットスパーミリオンヘアー ジョンマスターオーガニック シュウウエムラ クレンジングオイル 下地 ファンデーション ブラシ カネボウ コフレドール スマイルアップチーク ラファイエ ブランシール ルナソルコスメデコルテ ラクチュール プリムラテ ＡＱＭＷ ミリオリティ クレイブラン【あす楽】 WELEDA ヴェレダ  カレンドラ ソープ 100g [ 全身用化粧石けん / ボディソープ / ベビー用 ],PT最大16倍 WELEDA ヴェレダ カレンドラ ソープ 100g。【あす楽】 WELEDA ヴェレダ  カレンドラ ソープ 100g [ 全身用化粧石けん / ボディソープ / ベビー用 ][rn]
11-5472,http://tshop.r10s.jp/stylestyle/cabinet/gaichu004/14011710.jpg?fitin=700:700,976.8000,,美容・コスメ・香水 > ボディケア > 石けん・ボディソープ,【あす楽】 WELEDA ヴェレダ シャワージェル 200ml [ ボディソープ / ボディ用洗浄料 / メンズ / 男性用 ],,"<!-- トップリンク --><font color=""#333333"" size=""2"">トップページはこちら</font><br />
<br /><!-- トップここまで --><!-- あす楽ここから -->
<table width=""100%"" border=""0""><img src=""http://image.rakuten.co.jp/stylestyle/cabinet/campaign/asurakusssp.jpg"" width=""100%""></table>
<!-- あす楽ここまで --><table border=""1"" cellpadding=""2"" cellspacing=""0"" bordercolor=""#ffffff""
width=""100%"" bgcolor=""#cccccc"">
<tr>
<td align=""center"" width=""100"" bgcolor=""#ffe6ff""><font color=""#666666""
size=""2"">商品特徴</font></td>
<td bgcolor=""#efefef""><p><font color=""#666666"" size=""2"">男女問わず好まれる、爽やかな香りと使い心地<br />
  肌をすっきりと洗い上げるオイルフリーのボディ洗浄料。<br />
  べたつきが気になる肌を、キメ細やかな泡が爽やかに洗い上げます。<br />
  男女問わず好まれる、清涼感のあるハーブの香りで、ユニセックスにお使いいただけます。</font></p>
  <p><font color=""#666666"" size=""2"">（ ヴェレダ ホワイトバーチ / ヴェレダ マタニティ ストレッチマークオイル / ヴェレダ マザーズボディオイル / ヴェレダ ホワイトバーチ ボディシェイプオイル / ヴェレダ ワイルドローズ ）</font></p>  
  <font color=""#666666"" size=""2""><br>
</font></td>
</tr>
<tr>
<td align=""center"" width=""100"" bgcolor=""#ffe6ff""><font color=""#666666""
size=""2"">品名</font></td>
<td bgcolor=""#efefef""><font color=""#666666"" size=""2"">

WELEDA ヴェレダ シャワージェル</font></td>
</tr>
<tr>
<td align=""center"" bgcolor=""#ffe6ff""><font size=""2"" color=""#666666"">内容
量</font></td>
<td bgcolor=""#efefef""><font color=""#666666"" size=""2"">200ml</font></td>
</tr>
<tr>
<td align=""center"" width=""100"" bgcolor=""#ffe6ff""><font size=""2""
color=""#666666"">区分・広告文責</font></td>
<td bgcolor=""#efefef""><font color=""#666666"" size=""2"">


海外・化粧品/有限会社スタイルキューブ　06-6534-1259


</font></td>
</tr><tr>
<td align=""center"" bgcolor=""#ffe6ff""><font size=""2"" color=""#666666"">メー
カー</font></td>
<td bgcolor=""#efefef""><font color=""#666666"" size=""2"">

ヴェレダ

</font></td>
</tr>
</table><!-- アンジェここから --><br /><table width=""100%"" border=""0""><img src=""http://image.rakuten.co.jp/stylestyle/cabinet/kihon14/ssannjebana-2.jpg"" width=""100%""></table><font  size=""2"" color=""#ff0000"">→→→ いよいよ日本でも発売！国内品よりお買い得☆海外限定品 プリマヴィスタ アンジェ  ←←←</font><!-- アンジェここまで -->",【あす楽】 WELEDA ヴェレダ シャワージェル 200ml [ ボディソープ / ボディ用洗浄料 / メンズ / 男性用 ]：スタイルスタイル,通信販売通販ショッピングオンラインショッピング買い物プレゼントギフト贈り物贈答品お中元お歳暮お買い得水の天使 スキントリートメントゲル 150g 水天 オールインワンシュワルツコフ BCクア 業務用 オージスカツウラ スキンローションG しっとり さっぱり ふつう 300ml サボンGRMK ルミコ ジェルクリーミーファンデーション メイクアップベースSK2 SK-2 SKII SK-II sk2 FTエッセンス 215ｍｌ クリアローション ステムパワーエバメール ゲルクリーム 500g 1000g 詰替え用 詰替用 レフィル バイオザイム みどりむし BIO ZYME 実験 長寿 バイオザイムワンケラスターゼ ソワンオレオリラックス ユイルスブリム 業務用 ミルボン ナプラ デミ ウエーボ セリエ資生堂 アデノバイタル スカルプエッセンス 180ml 480ml 詰替え 資生堂プロフェッショナル伊藤園 一日分の野菜 熟トマト おーいお茶アスタリフト ジェリーアクアリスタ 美容液 コンシーラー フジフイルムモルトベーネ ロレッタ ベースケアオイル ワックス ジュレ トリートメント資生堂 マキアージュ シュペリエル エリクシールホワイト ｄプログラム クレドポーベビーフット イージーパック スピードタイプ シトラスキット ＳＰ ＳＰＴ楽天 通販 ネットショップ ネットショッピングオバジ 美容液 Ｃ20 グリコパワープロダクション からだ燃える 明治プロテインダイエットスパーミリオンヘアー ジョンマスターオーガニック シュウウエムラ クレンジングオイル 下地 ファンデーション ブラシ カネボウ コフレドール スマイルアップチーク ラファイエ ブランシール ルナソルコスメデコルテ ラクチュール プリムラテ ＡＱＭＷ ミリオリティ クレイブラン【あす楽】 WELEDA ヴェレダ シャワージェル 200ml [ ボディソープ / ボディ用洗浄料 / メンズ / 男性用 ],PT最大16倍 WELEDA ヴェレダ シャワージェル 200ml。【あす楽】 WELEDA ヴェレダ シャワージェル 200ml [ ボディソープ / ボディ用洗浄料 / メンズ / 男性用 ][rn]
11-5473,http://tshop.r10s.jp/suzuto/cabinet/17sogo05/17-0555-071.jpg?fitin=700:700,1200.0000,,美容・コスメ・香水 > ボディケア > 石けん・ボディソープ,ロディ サニタリーギフトセット＜R-15D＞＜17-0555-071＞(co),,"色鮮やかなデザインのロディのサニタリーセット きめ細やかな泡立ちで、洗いあがりもつっぱり感の少ない香料・着色料・防腐剤不使用の【無添加石鹸】と、キイチゴエキス・ザクロ果実エキス・リンゴエキス配合のフルーツの香りが心地よい【フルーツ石鹸】、アロエエキス配合の【薬用ハンドソープ（医薬部外品）】、天然保湿成分ローズウォーターを配合した【ボディソープ】などをセットしました。
<br>●箱サイズ：26×23×5.5cm ●重量：1.1kg<br>●商品内容：ロディ無添加石鹸７０ｇ×２・ロディフルーツ石鹸７０ｇ・ロディ薬用ハンドソープ２００ｍｌ・ロディ柄泡立てネット（ナイロン１００％）・ロディボディソープ（ローズ）２３０ｍｌ×各１※ハンドソープ＝医薬部外品<br>●原産国：日本製、泡立てネット＝中国<br>●加工地：日本<br>●パッケージ形態：化粧箱入<br>●宅配便区分：常温<br>",ロディ サニタリーギフトセット＜R-15D＞＜17-0555-071＞(co)：すず陶楽天市場店,通信販売通販ショッピングオンラインショッピング買い物プレゼントギフト贈り物贈答品お中元お歳暮お買い得送料無料カタログギフト内祝いシャディ香典返し贈答品ギフト出産内祝い快気祝い新築内祝いリンベルハーモニックシャディマイプレシャスロディ サニタリーギフトセット＜R-15D＞＜17-0555-071＞(co),出産内祝い 内祝い お返し 快気祝い 法事 香典返し。ロディ サニタリーギフトセット＜R-15D＞＜17-0555-071＞(co)[rn]
11-5474,http://tshop.r10s.jp/suzuto/cabinet/17sogo05/17-0555-080.jpg?fitin=700:700,1600.0000,,美容・コスメ・香水 > ボディケア > 石けん・ボディソープ,ロディ サニタリーギフトセット＜R-20D＞＜17-0555-080＞(co),,"色鮮やかなデザインのロディのサニタリーセット きめ細やかな泡立ちで、洗いあがりもつっぱり感の少ない香料・着色料・防腐剤不使用の【無添加石鹸】と、キイチゴエキス・ザクロ果実エキス・リンゴエキス配合のフルーツの香りが心地よい【フルーツ石鹸】、アロエエキス配合の【薬用ハンドソープ（医薬部外品）】、天然保湿成分ローズウォーターを配合した【ボディソープ】などをセットしました。

<br>●箱サイズ：35×23×5.5cm ●重量：1.4kg<br>●商品内容：ロディ無添加石鹸７０ｇ×４・ロディフルーツ石鹸７０ｇ×２・ロディ薬用ハンドソープ２００ｍｌ・ロディ柄泡立てネット（ナイロン１００％）・ロディボディソープ（ローズ）２３０ｍｌ×各１※ハンドソープ＝医薬部外品<br>●原産国：日本製、泡立てネット＝中国<br>●加工地：日本<br>●パッケージ形態：化粧箱入<br>●宅配便区分：常温<br>",ロディ サニタリーギフトセット＜R-20D＞＜17-0555-080＞(co)：すず陶楽天市場店,通信販売通販ショッピングオンラインショッピング買い物プレゼントギフト贈り物贈答品お中元お歳暮お買い得送料無料カタログギフト内祝いシャディ香典返し贈答品ギフト出産内祝い快気祝い新築内祝いリンベルハーモニックシャディマイプレシャスロディ サニタリーギフトセット＜R-20D＞＜17-0555-080＞(co),出産内祝い 内祝い お返し 快気祝い 法事 香典返し。ロディ サニタリーギフトセット＜R-20D＞＜17-0555-080＞(co)[rn]
11-5475,http://tshop.r10s.jp/suzuto/cabinet/17sogo05/17-0555-098.jpg?fitin=700:700,2000.0000,,美容・コスメ・香水 > ボディケア > 石けん・ボディソープ,【送料無料】ロディ サニタリーギフトセット＜R-25D＞＜17-0555-098＞(ae),,"<p><img src=""http://image.rakuten.co.jp/suzuto/cabinet/cta/rv-0.jpg"" width=""100%"" height=""100%"" border=""0""alt=""出産内祝い 内祝い カタログギフト 送料無料""><br></p>色鮮やかなデザインのロディのサニタリーセット きめ細やかな泡立ちで、洗いあがりもつっぱり感の少ない香料・着色料・防腐剤不使用の【無添加石鹸】と、キイチゴエキス・ザクロ果実エキス・リンゴエキス配合のフルーツの香りが心地よい【フルーツ石鹸】、アロエエキス配合の【薬用ハンドソープ（医薬部外品）】、天然保湿成分ローズウォーターを配合した【ボディソープ】などをセットしました。
<br>●箱サイズ：26×36×5.5cm ●重量：1.7kg<br>●商品内容：ロディフルーツ石鹸７０ｇ・ロディ無添加石鹸７０ｇ×各３・ロディ薬用ハンドソープ２００ｍｌ・ロディ柄泡立てネット（ナイロン１００％）×各２・ロディボディソープ（ローズ）２３０ｍｌ×１※ハンドソープ＝医薬部外品<br>●原産国：日本製、泡立てネット＝中国<br>●加工地：日本<br>●パッケージ形態：化粧箱入<br>●宅配便区分：常温<br>",【送料無料】ロディ サニタリーギフトセット＜R-25D＞＜17-0555-098＞(ae)：すず陶楽天市場店,通信販売通販ショッピングオンラインショッピング買い物プレゼントギフト贈り物贈答品お中元お歳暮お買い得送料無料カタログギフト内祝いシャディ香典返し贈答品ギフト出産内祝い快気祝い新築内祝いリンベルハーモニックシャディマイプレシャス【送料無料】ロディ サニタリーギフトセット＜R-25D＞＜17-0555-098＞(ae),出産内祝い 内祝い お返し 快気祝い 法事 香典返し。【送料無料】ロディ サニタリーギフトセット＜R-25D＞＜17-0555-098＞(ae)[rn]
11-5476,http://tshop.r10s.jp/koreatrade/cabinet/k-brand/cosme/d-sp-20140922_sum.jpg?fitin=700:700,80.0000,,美容・コスメ・香水 > ボディケア > 石けん・ボディソープ,【メール便送料無料】★２個入-１００円！★ケビンオーチャード(美容石鹸)◆ ノニ石鹸 ノニせっけん のに 【コスメ】【日用品】【生活用品】,,"<font color=""ff0054"">ケビンオーチャード(美容石鹸) </font><br>

<img src=""http://image.rakuten.co.jp/koreatrade/cabinet/k-brand/cosme/d-sp-20140922_05.jpg"" width=""100%""><br>
<img src=""http://image.rakuten.co.jp/koreatrade/cabinet/k-brand/cosme/d-sp-20140922_06-1.jpg"" width=""100%""><br>
<img src=""http://image.rakuten.co.jp/koreatrade/cabinet/k-brand/cosme/d-sp-20140922_07-1.jpg"" width=""100%""><br>

■タイトル：ケビンオーチャード(美容石鹸) Gold Label<br>
■内容：<br>
 ケビンオーチャード(美容石鹸)",【メール便送料無料】★２個入-１００円！★ケビンオーチャード(美容石鹸)◆ ノニ石鹸 ノニせっけん のに 【コスメ】【日用品】【生活用品】：韓国商品館,通信販売通販ショッピングオンラインショッピング買い物プレゼントギフト贈り物贈答品お中元お歳暮お買い得韓国商品韓国食品K-POPJYJ東方神起BIGBANGG-DRAGONSHINeeSUPERJUNIOS激安おみやげキムチ辛ラーメンホンチョマスクBBクリームスマホケース子供服加湿器焼き肉ロースター【メール便送料無料】★２個入-１００円！★ケビンオーチャード(美容石鹸)◆ ノニ石鹸 ノニせっけん のに 【コスメ】【日用品】【生活用品】,★今なら送料込100円でもらえるチャンス！★。【メール便送料無料】★２個入-１００円！★ケビンオーチャード(美容石鹸)◆ ノニ石鹸 ノニせっけん のに 【コスメ】【日用品】【生活用品】[rn]
11-5477,http://tshop.r10s.jp/koreatrade/cabinet/k-brand/2015gobiz-item/idstar/sbc-idk-003.jpg?fitin=700:700,8704.0000,,美容・コスメ・香水 > ボディケア > 石けん・ボディソープ,【IDSTAR】Brick 50(ブリック50)★Display case【インテリア】【ディスプレイ】【飾り】,,"<img src=""http://image.rakuten.co.jp/koreatrade/cabinet/k-brand/2015gobiz-item/idstar/sbc-idk-003p_01.jpg"" width=""100%""><br>
<img src=""http://image.rakuten.co.jp/koreatrade/cabinet/k-brand/2015gobiz-item/idstar/sbc-idk-003p_02.jpg"" width=""100%""><br>
<img src=""http://image.rakuten.co.jp/koreatrade/cabinet/k-brand/2015gobiz-item/idstar/sbc-idk-003p_03.jpg"" width=""100%""><br>
<img src=""http://image.rakuten.co.jp/koreatrade/cabinet/k-brand/2015gobiz-item/idstar/sbc-idk-003p_04.jpg"" width=""100%""><br>
<img src=""http://image.rakuten.co.jp/koreatrade/cabinet/k-brand/2015gobiz-item/idstar/sbc-idk-003p_05.jpg"" width=""100%""><br>
<img src=""http://image.rakuten.co.jp/koreatrade/cabinet/k-brand/2015gobiz-item/idstar/sbc-idk-003p_06.jpg"" width=""100%""><br>
<img src=""http://image.rakuten.co.jp/koreatrade/cabinet/k-brand/2015gobiz-item/idstar/sbc-idk-003p_07.jpg"" width=""100%""><br>

※商品画像と実際の商品パッケージのデザインが異なる場合があります。<br>",【IDSTAR】Brick 50(ブリック50)★Display case【インテリア】【ディスプレイ】【飾り】：韓国商品館,通信販売通販ショッピングオンラインショッピング買い物プレゼントギフト贈り物贈答品お中元お歳暮お買い得韓国商品韓国食品K-POPJYJ東方神起BIGBANGG-DRAGONSHINeeSUPERJUNIOS激安おみやげキムチ辛ラーメンホンチョマスクBBクリームスマホケース子供服加湿器焼き肉ロースター【IDSTAR】Brick 50(ブリック50)★Display case【インテリア】【ディスプレイ】【飾り】,★明るく高級感の溢れるインテリア小物として活用度が高い。【IDSTAR】Brick 50(ブリック50)★Display case【インテリア】【ディスプレイ】【飾り】[rn]
11-5478,http://tshop.r10s.jp/rikaryo/cabinet/b_mt_soap/h_main01.jpg?fitin=700:700,1600.0000,,美容・コスメ・香水 > ボディケア > 石けん・ボディソープ,【2個～送料無料】しっとり 美肌 炭石鹸 190g（天然 ヘチマ 入り） 足の かかと や ひじ ・ ひざ の 角質ケア にお肌の古い角質を優しく取り除きます【マラソン201404_生活】【P20Aug16】【RCP】【りかの良品】,,ヘチマと炭でボディケア・ハリツヤボディに！目指すはつる肌ボディ！ダブルの効果今すぐ体験！（炭のミネラル成分が）潤いを！（天然ヘチマスポンジが）やさしく角質を除去。へちまの繊維が肌にほどよく刺激を与え血行を促進し、筋肉のこりをほぐすのでマッサージ感覚で身体を洗えます。【２個～送料無料】うるおい洗顔石鹸との組み合わせ可！※北海道・沖縄・離島は差額送料必要。商品詳細は⇒⇒,【2個～送料無料】しっとり 美肌 炭石鹸 190g（天然 ヘチマ 入り） 足の かかと や ひじ ・ ひざ の 角質ケア にお肌の古い角質を優しく取り除きます【マラソン201404_生活】【P20Aug16】【RCP】【りかの良品】：りかの良品,通信販売通販ショッピングオンラインショッピング買い物プレゼントギフト贈り物贈答品お中元お歳暮お買い得ダイエット美容雑貨りかの良品【2個～送料無料】しっとり 美肌 炭石鹸 190g（天然 ヘチマ 入り） 足の かかと や ひじ ・ ひざ の 角質ケア にお肌の古い角質を優しく取り除きます【マラソン201404_生活】【P20Aug16】【RCP】【りかの良品】,【りかの良品】。【2個～送料無料】しっとり 美肌 炭石鹸 190g（天然 ヘチマ 入り） 足の かかと や ひじ ・ ひざ の 角質ケア にお肌の古い角質を優しく取り除きます【マラソン201404_生活】【P20Aug16】【RCP】【りかの良品】[rn]
11-5479,http://tshop.r10s.jp/belleseve/cabinet/zakka/ig-3_1.jpg?fitin=700:700,160.0000,,美容・コスメ・香水 > ボディケア > 石けん・ボディソープ,OKETANI　アイゲン　浴用石けん　120g　【せっけん】【ソープ】【石鹸】【完全無添加】【桶谷石鹸】【釜炊き製法】【浴用固形石鹸】,,,OKETANI　アイゲン　浴用石けん　120g　【せっけん】【ソープ】【石鹸】【完全無添加】【桶谷石鹸】【釜炊き製法】【浴用固形石鹸】：ベルセーブ,通信販売通販ショッピングオンラインショッピング買い物プレゼントギフト贈り物贈答品お中元お歳暮お買い得OKETANI　アイゲン　浴用石けん　120g　【せっけん】【ソープ】【石鹸】【完全無添加】【桶谷石鹸】【釜炊き製法】【浴用固形石鹸】,職人の手作り石けん　。OKETANI　アイゲン　浴用石けん　120g　【せっけん】【ソープ】【石鹸】【完全無添加】【桶谷石鹸】【釜炊き製法】【浴用固形石鹸】[rn]
11-5480,http://tshop.r10s.jp/kunkun/cabinet/todokawa/17-3920-46.jpg?fitin=700:700,732.0000,,美容・コスメ・香水 > ボディケア > 石けん・ボディソープ,ボディソープ 入浴剤 ナチュラルバスセレクション 1500円を915円(税別)OAB-15,,"ボディソープ(オリーブ)450ml×１<br>
バブ(森)×３<br>
箱／230×180×65mm
<br><br>

<hr>

ガイドでは下記にカタログ状態での掲載が入っています。<br>
メーカー希望小売価格はメーカーカタログに基づいて掲載しています。<br>
諸事情により商品のデザイン、仕様が変わる場合があります。<br>発行者：(株)富永<br>
<img src=""http://image.rakuten.co.jp/kunkun/cabinet/todokawa/evidence17-3920.jpg"" alt=""風月カタログ掲載"" width=""120"">
<img src=""http://image.rakuten.co.jp/kunkun/cabinet/evidence17fuugetsut.jpg"" alt=""風月カタログ掲載"" width=""120"">

<hr>

ギフト品専門店でゴルフコンペ商品をゴルフ場へ送付、各種ブランド品を結婚式場へ送付、
快気内祝,満中陰志・香典のお返し、粗供養,御供、一周忌、三回忌、法事の引出物、
御中元、御歳暮、各種御礼<br>
<br>出産内祝、ご希望により、お名前のルビお付けいたします
<br>個別配送OK
<br>数量が多い場合は名簿をメールで、お送り頂いても結構です。
<br>

ギフト用の包装、のし紙、紙袋をご希望により無料サービス！ <BR>
満中陰志等の挨拶状は、商品個数10個より無料でお付けいたしますのでお申し出下さい。
<br>

○メール便対応不可商品です。<br><br>

<center>
<img src=""http://www.rakuten.ne.jp/gold/kunkun/src/baglist_all.jpg"" alt=""紙袋サービス"" width=""400"">
</center>",ボディソープ 入浴剤 ナチュラルバスセレクション 1500円を915円(税別)OAB-15：ギフトショップくんくん,通信販売通販ショッピングオンラインショッピング買い物プレゼントギフト贈り物贈答品お中元お歳暮お買い得メッセージカードにオリジナルのメッセージをお入れします。カード絵柄は掲載の中からお選び下さい。出産の内祝などに写真入りメッセージカード作成出来ます。絵柄も掲載中のカードよりお選び頂けます。法要・満中陰志・粗供養などのお返し・贈り物・引き出物にお付けする奉書ご挨拶状無料サービス致しますおまとめ送り・個別配送どちらも出来ます。大量注文の場合はメールからでもご注文頂けます。日本茶 緑茶 銘茶 セット 詰合せ 各産地 嬉野茶 知覧茶 八女茶 宇治茶 福岡 佐賀 京都 鹿児島食品 洋菓子 スイーツ カステラ ケーキ クッキー ワッフル バウムクーヘン プリン プチガトー ゴーフレット 焼き菓子 詰合せ セット アラカルト プレミアム ご褒美 銀座千疋屋 金沢フレドナール アソート カフェ パティシエ食品 和菓子 せんべい おかき かりんとう あられ ようかん 抹茶 ごま きなこ 黒糖 十穀 野菜 銘菓 バラエティ セット 詰合せ 小川一歩堂 みゆき堂本舗 杵松 銘菓 老舗食品 調味料 醤油 つゆ だし めんつゆ あごだし サラダ油 オリーブ油 健康油 キャノーラ油 ぽん酢 日清 飛騨高山 大森屋 ＨＯＫＯ 味の素 ヤマキ 永谷園 和風 洋風めん 麺 そうめん うどん そば 蕎麦 パスタ スパゲティ 日清 三輪そうめん 島原そうめん 手延べそうめん 讃岐うどん 佃煮 昆布 珍味 かつお 漬物 京つけもの 大安 千丸屋 小山園 北屋 ツルヒョー 小山醸造 こいくち はんなり 日本の味 お茶漬け 鮭 梅 のり 海鮮 鶏だし わさび たかな しじみ あさり ちりめん 紅ずわいがに 缶詰 瓶詰 美味　贅沢 鰹節 南高梅 紀州 北海道食品 味付海苔 ふりかけ 茶漬け 有明海産 白子海苔 大森屋 匠 ご飯の友 洗剤 台所 バス 洗濯 キッチン セット 詰合せ 花王 ライオン Ｐ＆Ｇ フロッシュ アタック ニュービーズ ダウニー アリエール ナノックス ハイジア 汚れ ニオイ 除菌 消臭 防臭 抗菌 コンパクト洗剤 スピードコース 時短 エコ ランドリー ボールド 香り プレミアム 部屋干し せっけん 石鹸 シャンプー ヘアケア 入浴剤 無添加 効き湯 きき湯 薬用入浴剤 温泉 リラックス 疲労回復 ご褒美 癒し 四季折々産地別全国銘茶味めぐり 嬉野茶 静岡茶 宇治茶 京都 伊勢茶・鹿児島茶 八女茶 福岡県 玉露 煎茶 ほうじ茶 健康茶コーナー 黒豆茶 クミスクチン茶 減肥ナタ豆茶食品 洗剤 石鹸 繊維 インテリア アイデアグッズ 陶器 ガラス 漆器 家庭用品 金物 アメニティ＆アウトドア 販売促進用品等日本茶 コーヒー 紅茶 ブルマン ブラジル コロンビア モカ アメリカン スペシャル ブレンド　神社用撤饌名入れタオル 粗供養品各種卸 小売 お茶 砂糖 ハンカチ タオル 金封 筆ペンセット ミニタオル ソックス パンスト 詰合せわせ スティックシュガー大阪府泉州 堺市 美原区 和泉市 泉大津市 忠岡町 岸和田市 貝塚市 熊取町 泉佐野市 泉南市 阪南市 河内長野市 富田林市満中陰志 内祝 お茶 香典返し 選べるカタログ最安値 ギフトピア茶夢 かきもと京茶園 カタログギフト出産 結婚 母の日 父の日 内祝 敬老 粗供養 御供 満中陰 退職 贈答品 ギフト 贈り物 御祝 引っ越し お返し 御礼 ゴルフコンペ商品 引き出物ボディソープ 入浴剤 ナチュラルバスセレクション 1500円を915円(税別)OAB-15,◆お買い上げ金額が多くなれば送料がどんどん安くなります。。ボディソープ 入浴剤 ナチュラルバスセレクション 1500円を915円(税別)OAB-15[rn]
11-5481,http://tshop.r10s.jp/kunkun/cabinet/greenteabodysoap.jpg?fitin=700:700,760.0000,,美容・コスメ・香水 > ボディケア > 石けん・ボディソープ,チャッピー 緑茶ボディーソープ 950円(税別),,"配緑茶エキスを配合した自然派志向のボディーソープです。
<br>使用している原料茶葉はすべて無農薬のものですので<br>どなたでも安心してお使いいただけます。 
<br>お肌をすこやかに保つ、緑茶の恵みたっぷりのボディーソープです。 
<br><br>
<br>サイズ 93×65×208mm
<br> 
<br>成分／水、カリ石ケン素地、グリセリン、コカミドDEA、
<br>ココアンホ酢酸Na、チャエキス、ジステアリン酸グリコール、
<br>ヒドロキシプロピルメチルセルロース、 エタノール、
<br>香料、EDTA-4Na、銅クロロフィリンNa
<br>
<br>内容量 550ml
<br>※緑茶ボディソープには小麦由来成分は含まれておりません。
<br><br><br>
<br><br>諸事情により商品のデザイン、仕様が変わる場合があります。
<br><br>
ギフト用の包装、のし紙をご希望により無料サービスさせていただきます！
<br>満中陰志挨拶状は１０個の御注文より無料でお作り致します。",チャッピー 緑茶ボディーソープ 950円(税別)：ギフトショップくんくん,通信販売通販ショッピングオンラインショッピング買い物プレゼントギフト贈り物贈答品お中元お歳暮お買い得メッセージカードにオリジナルのメッセージをお入れします。カード絵柄は掲載の中からお選び下さい。出産の内祝などに写真入りメッセージカード作成出来ます。絵柄も掲載中のカードよりお選び頂けます。法要・満中陰志・粗供養などのお返し・贈り物・引き出物にお付けする奉書ご挨拶状無料サービス致しますおまとめ送り・個別配送どちらも出来ます。大量注文の場合はメールからでもご注文頂けます。日本茶 緑茶 銘茶 セット 詰合せ 各産地 嬉野茶 知覧茶 八女茶 宇治茶 福岡 佐賀 京都 鹿児島食品 洋菓子 スイーツ カステラ ケーキ クッキー ワッフル バウムクーヘン プリン プチガトー ゴーフレット 焼き菓子 詰合せ セット アラカルト プレミアム ご褒美 銀座千疋屋 金沢フレドナール アソート カフェ パティシエ食品 和菓子 せんべい おかき かりんとう あられ ようかん 抹茶 ごま きなこ 黒糖 十穀 野菜 銘菓 バラエティ セット 詰合せ 小川一歩堂 みゆき堂本舗 杵松 銘菓 老舗食品 調味料 醤油 つゆ だし めんつゆ あごだし サラダ油 オリーブ油 健康油 キャノーラ油 ぽん酢 日清 飛騨高山 大森屋 ＨＯＫＯ 味の素 ヤマキ 永谷園 和風 洋風めん 麺 そうめん うどん そば 蕎麦 パスタ スパゲティ 日清 三輪そうめん 島原そうめん 手延べそうめん 讃岐うどん 佃煮 昆布 珍味 かつお 漬物 京つけもの 大安 千丸屋 小山園 北屋 ツルヒョー 小山醸造 こいくち はんなり 日本の味 お茶漬け 鮭 梅 のり 海鮮 鶏だし わさび たかな しじみ あさり ちりめん 紅ずわいがに 缶詰 瓶詰 美味　贅沢 鰹節 南高梅 紀州 北海道食品 味付海苔 ふりかけ 茶漬け 有明海産 白子海苔 大森屋 匠 ご飯の友 洗剤 台所 バス 洗濯 キッチン セット 詰合せ 花王 ライオン Ｐ＆Ｇ フロッシュ アタック ニュービーズ ダウニー アリエール ナノックス ハイジア 汚れ ニオイ 除菌 消臭 防臭 抗菌 コンパクト洗剤 スピードコース 時短 エコ ランドリー ボールド 香り プレミアム 部屋干し せっけん 石鹸 シャンプー ヘアケア 入浴剤 無添加 効き湯 きき湯 薬用入浴剤 温泉 リラックス 疲労回復 ご褒美 癒し 四季折々産地別全国銘茶味めぐり 嬉野茶 静岡茶 宇治茶 京都 伊勢茶・鹿児島茶 八女茶 福岡県 玉露 煎茶 ほうじ茶 健康茶コーナー 黒豆茶 クミスクチン茶 減肥ナタ豆茶食品 洗剤 石鹸 繊維 インテリア アイデアグッズ 陶器 ガラス 漆器 家庭用品 金物 アメニティ＆アウトドア 販売促進用品等日本茶 コーヒー 紅茶 ブルマン ブラジル コロンビア モカ アメリカン スペシャル ブレンド　神社用撤饌名入れタオル 粗供養品各種卸 小売 お茶 砂糖 ハンカチ タオル 金封 筆ペンセット ミニタオル ソックス パンスト 詰合せわせ スティックシュガー大阪府泉州 堺市 美原区 和泉市 泉大津市 忠岡町 岸和田市 貝塚市 熊取町 泉佐野市 泉南市 阪南市 河内長野市 富田林市満中陰志 内祝 お茶 香典返し 選べるカタログ最安値 ギフトピア茶夢 かきもと京茶園 カタログギフト出産 結婚 母の日 父の日 内祝 敬老 粗供養 御供 満中陰 退職 贈答品 ギフト 贈り物 御祝 引っ越し お返し 御礼 ゴルフコンペ商品 引き出物チャッピー 緑茶ボディーソープ 950円(税別),カテキン＆ビタミンＣのダブルの力。チャッピー 緑茶ボディーソープ 950円(税別)[rn]
11-5482,http://tshop.r10s.jp/kunkun/cabinet/todokawa/17-3920-43.jpg?fitin=700:700,488.0000,,美容・コスメ・香水 > ボディケア > 石けん・ボディソープ,石けん ボディタオル 日比谷花壇プロデュース フローラルソープ＆バスタイムセット1000円を610円(税別)HFBT-10,,"フローラルソープ：ノーブルな香り80g×１<br>
　　　　　　　　フレッシュな香り80g×１<br>
　　　　　　　　エレガントな香り80g×１<br>
ボディタオル×１<br>
箱／195×201×32mm
<br><br>

<hr>

ガイドでは下記にカタログ状態での掲載が入っています。<br>
メーカー希望小売価格はメーカーカタログに基づいて掲載しています。<br>
諸事情により商品のデザイン、仕様が変わる場合があります。<br>発行者：(株)富永<br>
<img src=""http://image.rakuten.co.jp/kunkun/cabinet/todokawa/evidence17-3920.jpg"" alt=""風月カタログ掲載"" width=""120"">
<img src=""http://image.rakuten.co.jp/kunkun/cabinet/evidence17fuugetsut.jpg"" alt=""風月カタログ掲載"" width=""120"">

<hr>

ギフト品専門店でゴルフコンペ商品をゴルフ場へ送付、各種ブランド品を結婚式場へ送付、
快気内祝,満中陰志・香典のお返し、粗供養,御供、一周忌、三回忌、法事の引出物、
御中元、御歳暮、各種御礼<br>
<br>出産内祝、ご希望により、お名前のルビお付けいたします
<br>個別配送OK
<br>数量が多い場合は名簿をメールで、お送り頂いても結構です。
<br>

ギフト用の包装、のし紙、紙袋をご希望により無料サービス！ <BR>
満中陰志等の挨拶状は、商品個数10個より無料でお付けいたしますのでお申し出下さい。
<br>

○メール便対応不可商品です。<br><br>

<center>
<img src=""http://www.rakuten.ne.jp/gold/kunkun/src/baglist_all.jpg"" alt=""紙袋サービス"" width=""400"">
</center>",石けん ボディタオル 日比谷花壇プロデュース フローラルソープ＆バスタイムセット1000円を610円(税別)HFBT-10：ギフトショップくんくん,通信販売通販ショッピングオンラインショッピング買い物プレゼントギフト贈り物贈答品お中元お歳暮お買い得メッセージカードにオリジナルのメッセージをお入れします。カード絵柄は掲載の中からお選び下さい。出産の内祝などに写真入りメッセージカード作成出来ます。絵柄も掲載中のカードよりお選び頂けます。法要・満中陰志・粗供養などのお返し・贈り物・引き出物にお付けする奉書ご挨拶状無料サービス致しますおまとめ送り・個別配送どちらも出来ます。大量注文の場合はメールからでもご注文頂けます。日本茶 緑茶 銘茶 セット 詰合せ 各産地 嬉野茶 知覧茶 八女茶 宇治茶 福岡 佐賀 京都 鹿児島食品 洋菓子 スイーツ カステラ ケーキ クッキー ワッフル バウムクーヘン プリン プチガトー ゴーフレット 焼き菓子 詰合せ セット アラカルト プレミアム ご褒美 銀座千疋屋 金沢フレドナール アソート カフェ パティシエ食品 和菓子 せんべい おかき かりんとう あられ ようかん 抹茶 ごま きなこ 黒糖 十穀 野菜 銘菓 バラエティ セット 詰合せ 小川一歩堂 みゆき堂本舗 杵松 銘菓 老舗食品 調味料 醤油 つゆ だし めんつゆ あごだし サラダ油 オリーブ油 健康油 キャノーラ油 ぽん酢 日清 飛騨高山 大森屋 ＨＯＫＯ 味の素 ヤマキ 永谷園 和風 洋風めん 麺 そうめん うどん そば 蕎麦 パスタ スパゲティ 日清 三輪そうめん 島原そうめん 手延べそうめん 讃岐うどん 佃煮 昆布 珍味 かつお 漬物 京つけもの 大安 千丸屋 小山園 北屋 ツルヒョー 小山醸造 こいくち はんなり 日本の味 お茶漬け 鮭 梅 のり 海鮮 鶏だし わさび たかな しじみ あさり ちりめん 紅ずわいがに 缶詰 瓶詰 美味　贅沢 鰹節 南高梅 紀州 北海道食品 味付海苔 ふりかけ 茶漬け 有明海産 白子海苔 大森屋 匠 ご飯の友 洗剤 台所 バス 洗濯 キッチン セット 詰合せ 花王 ライオン Ｐ＆Ｇ フロッシュ アタック ニュービーズ ダウニー アリエール ナノックス ハイジア 汚れ ニオイ 除菌 消臭 防臭 抗菌 コンパクト洗剤 スピードコース 時短 エコ ランドリー ボールド 香り プレミアム 部屋干し せっけん 石鹸 シャンプー ヘアケア 入浴剤 無添加 効き湯 きき湯 薬用入浴剤 温泉 リラックス 疲労回復 ご褒美 癒し 四季折々産地別全国銘茶味めぐり 嬉野茶 静岡茶 宇治茶 京都 伊勢茶・鹿児島茶 八女茶 福岡県 玉露 煎茶 ほうじ茶 健康茶コーナー 黒豆茶 クミスクチン茶 減肥ナタ豆茶食品 洗剤 石鹸 繊維 インテリア アイデアグッズ 陶器 ガラス 漆器 家庭用品 金物 アメニティ＆アウトドア 販売促進用品等日本茶 コーヒー 紅茶 ブルマン ブラジル コロンビア モカ アメリカン スペシャル ブレンド　神社用撤饌名入れタオル 粗供養品各種卸 小売 お茶 砂糖 ハンカチ タオル 金封 筆ペンセット ミニタオル ソックス パンスト 詰合せわせ スティックシュガー大阪府泉州 堺市 美原区 和泉市 泉大津市 忠岡町 岸和田市 貝塚市 熊取町 泉佐野市 泉南市 阪南市 河内長野市 富田林市満中陰志 内祝 お茶 香典返し 選べるカタログ最安値 ギフトピア茶夢 かきもと京茶園 カタログギフト出産 結婚 母の日 父の日 内祝 敬老 粗供養 御供 満中陰 退職 贈答品 ギフト 贈り物 御祝 引っ越し お返し 御礼 ゴルフコンペ商品 引き出物石けん ボディタオル 日比谷花壇プロデュース フローラルソープ＆バスタイムセット1000円を610円(税別)HFBT-10,◆お買い上げ金額が多くなれば送料がどんどん安くなります。。石けん ボディタオル 日比谷花壇プロデュース フローラルソープ＆バスタイムセット1000円を610円(税別)HFBT-10[rn]
11-5483,http://tshop.r10s.jp/kunkun/cabinet/todokawa/17-3921-70r.jpg?fitin=700:700,1464.0000,,美容・コスメ・香水 > ボディケア > 石けん・ボディソープ,ボディソープ ELLE MAISON ボディソープセット 3000円を1830円(税別)EL-30E,,"<br><br>
ボディソープ(ローズマリー・タイム・カモミール)450ml×各１、<br>
ボディソープ詰替(ローズマリー)350ml×各１、<br>
箱／235×365×55mm
<hr>

ガイドでは下記にカタログ状態での掲載が入っています。<br>
メーカー希望小売価格はメーカーカタログに基づいて掲載しています。<br>
諸事情により商品のデザイン、仕様が変わる場合があります。<br>発行者：(株)富永<br>
<img src=""http://www.rakuten.ne.jp/gold/kunkun/src/img/evidence17-3921.jpg"" alt=""風月カタログ掲載"" width=""120"">
<img src=""http://www.rakuten.ne.jp/gold/kunkun/src/img/evidence17fuugetsut.jpg"" alt=""風月カタログ掲載"" width=""120"">

<hr>

ギフト品専門店でゴルフコンペ商品をゴルフ場へ送付、各種ブランド品を結婚式場へ送付、
快気内祝,満中陰志・香典のお返し、粗供養,御供、一周忌、三回忌、法事の引出物、
御中元、御歳暮、各種御礼<br>
<br>出産内祝、ご希望により、お名前のルビお付けいたします
<br>個別配送OK
<br>数量が多い場合は名簿をメールで、お送り頂いても結構です。
<br>

ギフト用の包装、のし紙、紙袋をご希望により無料サービス！ <BR>
満中陰志等の挨拶状は、商品個数10個より無料でお付けいたしますのでお申し出下さい。
<br>

○メール便対応不可商品です。<br><br>

<center>
<img src=""http://www.rakuten.ne.jp/gold/kunkun/src/baglist_all.jpg"" alt=""紙袋サービス"" width=""400"">
</center>",ボディソープ ELLE MAISON ボディソープセット 3000円を1830円(税別)EL-30E：ギフトショップくんくん,通信販売通販ショッピングオンラインショッピング買い物プレゼントギフト贈り物贈答品お中元お歳暮お買い得メッセージカードにオリジナルのメッセージをお入れします。カード絵柄は掲載の中からお選び下さい。出産の内祝などに写真入りメッセージカード作成出来ます。絵柄も掲載中のカードよりお選び頂けます。法要・満中陰志・粗供養などのお返し・贈り物・引き出物にお付けする奉書ご挨拶状無料サービス致しますおまとめ送り・個別配送どちらも出来ます。大量注文の場合はメールからでもご注文頂けます。日本茶 緑茶 銘茶 セット 詰合せ 各産地 嬉野茶 知覧茶 八女茶 宇治茶 福岡 佐賀 京都 鹿児島食品 洋菓子 スイーツ カステラ ケーキ クッキー ワッフル バウムクーヘン プリン プチガトー ゴーフレット 焼き菓子 詰合せ セット アラカルト プレミアム ご褒美 銀座千疋屋 金沢フレドナール アソート カフェ パティシエ食品 和菓子 せんべい おかき かりんとう あられ ようかん 抹茶 ごま きなこ 黒糖 十穀 野菜 銘菓 バラエティ セット 詰合せ 小川一歩堂 みゆき堂本舗 杵松 銘菓 老舗食品 調味料 醤油 つゆ だし めんつゆ あごだし サラダ油 オリーブ油 健康油 キャノーラ油 ぽん酢 日清 飛騨高山 大森屋 ＨＯＫＯ 味の素 ヤマキ 永谷園 和風 洋風めん 麺 そうめん うどん そば 蕎麦 パスタ スパゲティ 日清 三輪そうめん 島原そうめん 手延べそうめん 讃岐うどん 佃煮 昆布 珍味 かつお 漬物 京つけもの 大安 千丸屋 小山園 北屋 ツルヒョー 小山醸造 こいくち はんなり 日本の味 お茶漬け 鮭 梅 のり 海鮮 鶏だし わさび たかな しじみ あさり ちりめん 紅ずわいがに 缶詰 瓶詰 美味　贅沢 鰹節 南高梅 紀州 北海道食品 味付海苔 ふりかけ 茶漬け 有明海産 白子海苔 大森屋 匠 ご飯の友 洗剤 台所 バス 洗濯 キッチン セット 詰合せ 花王 ライオン Ｐ＆Ｇ フロッシュ アタック ニュービーズ ダウニー アリエール ナノックス ハイジア 汚れ ニオイ 除菌 消臭 防臭 抗菌 コンパクト洗剤 スピードコース 時短 エコ ランドリー ボールド 香り プレミアム 部屋干し せっけん 石鹸 シャンプー ヘアケア 入浴剤 無添加 効き湯 きき湯 薬用入浴剤 温泉 リラックス 疲労回復 ご褒美 癒し 四季折々産地別全国銘茶味めぐり 嬉野茶 静岡茶 宇治茶 京都 伊勢茶・鹿児島茶 八女茶 福岡県 玉露 煎茶 ほうじ茶 健康茶コーナー 黒豆茶 クミスクチン茶 減肥ナタ豆茶食品 洗剤 石鹸 繊維 インテリア アイデアグッズ 陶器 ガラス 漆器 家庭用品 金物 アメニティ＆アウトドア 販売促進用品等日本茶 コーヒー 紅茶 ブルマン ブラジル コロンビア モカ アメリカン スペシャル ブレンド　神社用撤饌名入れタオル 粗供養品各種卸 小売 お茶 砂糖 ハンカチ タオル 金封 筆ペンセット ミニタオル ソックス パンスト 詰合せわせ スティックシュガー大阪府泉州 堺市 美原区 和泉市 泉大津市 忠岡町 岸和田市 貝塚市 熊取町 泉佐野市 泉南市 阪南市 河内長野市 富田林市満中陰志 内祝 お茶 香典返し 選べるカタログ最安値 ギフトピア茶夢 かきもと京茶園 カタログギフト出産 結婚 母の日 父の日 内祝 敬老 粗供養 御供 満中陰 退職 贈答品 ギフト 贈り物 御祝 引っ越し お返し 御礼 ゴルフコンペ商品 引き出物ボディソープ ELLE MAISON ボディソープセット 3000円を1830円(税別)EL-30E,◆お買い上げ金額が多くなれば送料がどんどん安くなります。。ボディソープ ELLE MAISON ボディソープセット 3000円を1830円(税別)EL-30E[rn]
11-5484,http://tshop.r10s.jp/kunkun/cabinet/todokawa/17-3921-71r.jpg?fitin=700:700,1952.0000,,美容・コスメ・香水 > ボディケア > 石けん・ボディソープ,ボディソープ ELLE MAISON ボディソープセット 4000円を2440円(税別)EL-40E,,"ボディソープ(ローズマリー・タイム・カモミール)450ml×各１、<br>
ボディソープ詰替(ローズマリー・タイム・カモミール)350ml×各１、<br>
箱／455×280×55mm
<br><br>

<hr>

ガイドでは下記にカタログ状態での掲載が入っています。<br>
メーカー希望小売価格はメーカーカタログに基づいて掲載しています。<br>
諸事情により商品のデザイン、仕様が変わる場合があります。<br>発行者：(株)富永<br>
<img src=""http://www.rakuten.ne.jp/gold/kunkun/src/img/evidence17-3921.jpg"" alt=""風月カタログ掲載"" width=""120"">
<img src=""http://www.rakuten.ne.jp/gold/kunkun/src/img/evidence17fuugetsut.jpg"" alt=""風月カタログ掲載"" width=""120"">

<hr>

ギフト品専門店でゴルフコンペ商品をゴルフ場へ送付、各種ブランド品を結婚式場へ送付、
快気内祝,満中陰志・香典のお返し、粗供養,御供、一周忌、三回忌、法事の引出物、
御中元、御歳暮、各種御礼<br>
<br>出産内祝、ご希望により、お名前のルビお付けいたします
<br>個別配送OK
<br>数量が多い場合は名簿をメールで、お送り頂いても結構です。
<br>

ギフト用の包装、のし紙、紙袋をご希望により無料サービス！ <BR>
満中陰志等の挨拶状は、商品個数10個より無料でお付けいたしますのでお申し出下さい。
<br>

○メール便対応不可商品です。<br><br>

<center>
<img src=""http://www.rakuten.ne.jp/gold/kunkun/src/baglist_all.jpg"" alt=""紙袋サービス"" width=""400"">
</center>",ボディソープ ELLE MAISON ボディソープセット 4000円を2440円(税別)EL-40E：ギフトショップくんくん,通信販売通販ショッピングオンラインショッピング買い物プレゼントギフト贈り物贈答品お中元お歳暮お買い得メッセージカードにオリジナルのメッセージをお入れします。カード絵柄は掲載の中からお選び下さい。出産の内祝などに写真入りメッセージカード作成出来ます。絵柄も掲載中のカードよりお選び頂けます。法要・満中陰志・粗供養などのお返し・贈り物・引き出物にお付けする奉書ご挨拶状無料サービス致しますおまとめ送り・個別配送どちらも出来ます。大量注文の場合はメールからでもご注文頂けます。日本茶 緑茶 銘茶 セット 詰合せ 各産地 嬉野茶 知覧茶 八女茶 宇治茶 福岡 佐賀 京都 鹿児島食品 洋菓子 スイーツ カステラ ケーキ クッキー ワッフル バウムクーヘン プリン プチガトー ゴーフレット 焼き菓子 詰合せ セット アラカルト プレミアム ご褒美 銀座千疋屋 金沢フレドナール アソート カフェ パティシエ食品 和菓子 せんべい おかき かりんとう あられ ようかん 抹茶 ごま きなこ 黒糖 十穀 野菜 銘菓 バラエティ セット 詰合せ 小川一歩堂 みゆき堂本舗 杵松 銘菓 老舗食品 調味料 醤油 つゆ だし めんつゆ あごだし サラダ油 オリーブ油 健康油 キャノーラ油 ぽん酢 日清 飛騨高山 大森屋 ＨＯＫＯ 味の素 ヤマキ 永谷園 和風 洋風めん 麺 そうめん うどん そば 蕎麦 パスタ スパゲティ 日清 三輪そうめん 島原そうめん 手延べそうめん 讃岐うどん 佃煮 昆布 珍味 かつお 漬物 京つけもの 大安 千丸屋 小山園 北屋 ツルヒョー 小山醸造 こいくち はんなり 日本の味 お茶漬け 鮭 梅 のり 海鮮 鶏だし わさび たかな しじみ あさり ちりめん 紅ずわいがに 缶詰 瓶詰 美味　贅沢 鰹節 南高梅 紀州 北海道食品 味付海苔 ふりかけ 茶漬け 有明海産 白子海苔 大森屋 匠 ご飯の友 洗剤 台所 バス 洗濯 キッチン セット 詰合せ 花王 ライオン Ｐ＆Ｇ フロッシュ アタック ニュービーズ ダウニー アリエール ナノックス ハイジア 汚れ ニオイ 除菌 消臭 防臭 抗菌 コンパクト洗剤 スピードコース 時短 エコ ランドリー ボールド 香り プレミアム 部屋干し せっけん 石鹸 シャンプー ヘアケア 入浴剤 無添加 効き湯 きき湯 薬用入浴剤 温泉 リラックス 疲労回復 ご褒美 癒し 四季折々産地別全国銘茶味めぐり 嬉野茶 静岡茶 宇治茶 京都 伊勢茶・鹿児島茶 八女茶 福岡県 玉露 煎茶 ほうじ茶 健康茶コーナー 黒豆茶 クミスクチン茶 減肥ナタ豆茶食品 洗剤 石鹸 繊維 インテリア アイデアグッズ 陶器 ガラス 漆器 家庭用品 金物 アメニティ＆アウトドア 販売促進用品等日本茶 コーヒー 紅茶 ブルマン ブラジル コロンビア モカ アメリカン スペシャル ブレンド　神社用撤饌名入れタオル 粗供養品各種卸 小売 お茶 砂糖 ハンカチ タオル 金封 筆ペンセット ミニタオル ソックス パンスト 詰合せわせ スティックシュガー大阪府泉州 堺市 美原区 和泉市 泉大津市 忠岡町 岸和田市 貝塚市 熊取町 泉佐野市 泉南市 阪南市 河内長野市 富田林市満中陰志 内祝 お茶 香典返し 選べるカタログ最安値 ギフトピア茶夢 かきもと京茶園 カタログギフト出産 結婚 母の日 父の日 内祝 敬老 粗供養 御供 満中陰 退職 贈答品 ギフト 贈り物 御祝 引っ越し お返し 御礼 ゴルフコンペ商品 引き出物ボディソープ ELLE MAISON ボディソープセット 4000円を2440円(税別)EL-40E,◆お買い上げ金額が多くなれば送料がどんどん安くなります。。ボディソープ ELLE MAISON ボディソープセット 4000円を2440円(税別)EL-40E[rn]
11-5485,http://tshop.r10s.jp/kunkun/cabinet/todokawa/17-3920-48.jpg?fitin=700:700,1220.0000,,美容・コスメ・香水 > ボディケア > 石けん・ボディソープ,ボディソープ 入浴剤 ナチュラルバスセレクション 2500円を1525円(税別)OAB-25,,"ボディソープ：オリーブ450ml×１<br>
　　　　　　・アプリコット450ml×１<br>
バブ(森)×３<br>
箱／230×270×65mm
<br><br>

<hr>

ガイドでは下記にカタログ状態での掲載が入っています。<br>
メーカー希望小売価格はメーカーカタログに基づいて掲載しています。<br>
諸事情により商品のデザイン、仕様が変わる場合があります。<br>発行者：(株)富永<br>
<img src=""http://image.rakuten.co.jp/kunkun/cabinet/todokawa/evidence17-3920.jpg"" alt=""風月カタログ掲載"" width=""120"">
<img src=""http://image.rakuten.co.jp/kunkun/cabinet/evidence17fuugetsut.jpg"" alt=""風月カタログ掲載"" width=""120"">

<hr>

ギフト品専門店でゴルフコンペ商品をゴルフ場へ送付、各種ブランド品を結婚式場へ送付、
快気内祝,満中陰志・香典のお返し、粗供養,御供、一周忌、三回忌、法事の引出物、
御中元、御歳暮、各種御礼<br>
<br>出産内祝、ご希望により、お名前のルビお付けいたします
<br>個別配送OK
<br>数量が多い場合は名簿をメールで、お送り頂いても結構です。
<br>

ギフト用の包装、のし紙、紙袋をご希望により無料サービス！ <BR>
満中陰志等の挨拶状は、商品個数10個より無料でお付けいたしますのでお申し出下さい。
<br>

○メール便対応不可商品です。<br><br>

<center>
<img src=""http://www.rakuten.ne.jp/gold/kunkun/src/baglist_all.jpg"" alt=""紙袋サービス"" width=""400"">
</center>",ボディソープ 入浴剤 ナチュラルバスセレクション 2500円を1525円(税別)OAB-25：ギフトショップくんくん,通信販売通販ショッピングオンラインショッピング買い物プレゼントギフト贈り物贈答品お中元お歳暮お買い得メッセージカードにオリジナルのメッセージをお入れします。カード絵柄は掲載の中からお選び下さい。出産の内祝などに写真入りメッセージカード作成出来ます。絵柄も掲載中のカードよりお選び頂けます。法要・満中陰志・粗供養などのお返し・贈り物・引き出物にお付けする奉書ご挨拶状無料サービス致しますおまとめ送り・個別配送どちらも出来ます。大量注文の場合はメールからでもご注文頂けます。日本茶 緑茶 銘茶 セット 詰合せ 各産地 嬉野茶 知覧茶 八女茶 宇治茶 福岡 佐賀 京都 鹿児島食品 洋菓子 スイーツ カステラ ケーキ クッキー ワッフル バウムクーヘン プリン プチガトー ゴーフレット 焼き菓子 詰合せ セット アラカルト プレミアム ご褒美 銀座千疋屋 金沢フレドナール アソート カフェ パティシエ食品 和菓子 せんべい おかき かりんとう あられ ようかん 抹茶 ごま きなこ 黒糖 十穀 野菜 銘菓 バラエティ セット 詰合せ 小川一歩堂 みゆき堂本舗 杵松 銘菓 老舗食品 調味料 醤油 つゆ だし めんつゆ あごだし サラダ油 オリーブ油 健康油 キャノーラ油 ぽん酢 日清 飛騨高山 大森屋 ＨＯＫＯ 味の素 ヤマキ 永谷園 和風 洋風めん 麺 そうめん うどん そば 蕎麦 パスタ スパゲティ 日清 三輪そうめん 島原そうめん 手延べそうめん 讃岐うどん 佃煮 昆布 珍味 かつお 漬物 京つけもの 大安 千丸屋 小山園 北屋 ツルヒョー 小山醸造 こいくち はんなり 日本の味 お茶漬け 鮭 梅 のり 海鮮 鶏だし わさび たかな しじみ あさり ちりめん 紅ずわいがに 缶詰 瓶詰 美味　贅沢 鰹節 南高梅 紀州 北海道食品 味付海苔 ふりかけ 茶漬け 有明海産 白子海苔 大森屋 匠 ご飯の友 洗剤 台所 バス 洗濯 キッチン セット 詰合せ 花王 ライオン Ｐ＆Ｇ フロッシュ アタック ニュービーズ ダウニー アリエール ナノックス ハイジア 汚れ ニオイ 除菌 消臭 防臭 抗菌 コンパクト洗剤 スピードコース 時短 エコ ランドリー ボールド 香り プレミアム 部屋干し せっけん 石鹸 シャンプー ヘアケア 入浴剤 無添加 効き湯 きき湯 薬用入浴剤 温泉 リラックス 疲労回復 ご褒美 癒し 四季折々産地別全国銘茶味めぐり 嬉野茶 静岡茶 宇治茶 京都 伊勢茶・鹿児島茶 八女茶 福岡県 玉露 煎茶 ほうじ茶 健康茶コーナー 黒豆茶 クミスクチン茶 減肥ナタ豆茶食品 洗剤 石鹸 繊維 インテリア アイデアグッズ 陶器 ガラス 漆器 家庭用品 金物 アメニティ＆アウトドア 販売促進用品等日本茶 コーヒー 紅茶 ブルマン ブラジル コロンビア モカ アメリカン スペシャル ブレンド　神社用撤饌名入れタオル 粗供養品各種卸 小売 お茶 砂糖 ハンカチ タオル 金封 筆ペンセット ミニタオル ソックス パンスト 詰合せわせ スティックシュガー大阪府泉州 堺市 美原区 和泉市 泉大津市 忠岡町 岸和田市 貝塚市 熊取町 泉佐野市 泉南市 阪南市 河内長野市 富田林市満中陰志 内祝 お茶 香典返し 選べるカタログ最安値 ギフトピア茶夢 かきもと京茶園 カタログギフト出産 結婚 母の日 父の日 内祝 敬老 粗供養 御供 満中陰 退職 贈答品 ギフト 贈り物 御祝 引っ越し お返し 御礼 ゴルフコンペ商品 引き出物ボディソープ 入浴剤 ナチュラルバスセレクション 2500円を1525円(税別)OAB-25,◆お買い上げ金額が多くなれば送料がどんどん安くなります。。ボディソープ 入浴剤 ナチュラルバスセレクション 2500円を1525円(税別)OAB-25[rn]
11-5486,http://tshop.r10s.jp/kunkun/cabinet/todokawa/17-3920-50.jpg?fitin=700:700,1952.0000,,美容・コスメ・香水 > ボディケア > 石けん・ボディソープ,ボディソープ 入浴剤 ナチュラルバスセレクション 4000円を2440円(税別)OAB-40,,"ボディソープ：オリーブ450ml×２<br>
　　　　　　・アプリコット450ml×１<br>
バブ(森)×３・ゆず×３<br>
箱／230×435×65mm
<br><br>

<hr>

ガイドでは下記にカタログ状態での掲載が入っています。<br>
メーカー希望小売価格はメーカーカタログに基づいて掲載しています。<br>
諸事情により商品のデザイン、仕様が変わる場合があります。<br>発行者：(株)富永<br>
<img src=""http://image.rakuten.co.jp/kunkun/cabinet/todokawa/evidence17-3920.jpg"" alt=""風月カタログ掲載"" width=""120"">
<img src=""http://image.rakuten.co.jp/kunkun/cabinet/evidence17fuugetsut.jpg"" alt=""風月カタログ掲載"" width=""120"">

<hr>

ギフト品専門店でゴルフコンペ商品をゴルフ場へ送付、各種ブランド品を結婚式場へ送付、
快気内祝,満中陰志・香典のお返し、粗供養,御供、一周忌、三回忌、法事の引出物、
御中元、御歳暮、各種御礼<br>
<br>出産内祝、ご希望により、お名前のルビお付けいたします
<br>個別配送OK
<br>数量が多い場合は名簿をメールで、お送り頂いても結構です。
<br>

ギフト用の包装、のし紙、紙袋をご希望により無料サービス！ <BR>
満中陰志等の挨拶状は、商品個数10個より無料でお付けいたしますのでお申し出下さい。
<br>

○メール便対応不可商品です。<br><br>

<center>
<img src=""http://www.rakuten.ne.jp/gold/kunkun/src/baglist_all.jpg"" alt=""紙袋サービス"" width=""400"">
</center>",ボディソープ 入浴剤 ナチュラルバスセレクション 4000円を2440円(税別)OAB-40：ギフトショップくんくん,通信販売通販ショッピングオンラインショッピング買い物プレゼントギフト贈り物贈答品お中元お歳暮お買い得メッセージカードにオリジナルのメッセージをお入れします。カード絵柄は掲載の中からお選び下さい。出産の内祝などに写真入りメッセージカード作成出来ます。絵柄も掲載中のカードよりお選び頂けます。法要・満中陰志・粗供養などのお返し・贈り物・引き出物にお付けする奉書ご挨拶状無料サービス致しますおまとめ送り・個別配送どちらも出来ます。大量注文の場合はメールからでもご注文頂けます。日本茶 緑茶 銘茶 セット 詰合せ 各産地 嬉野茶 知覧茶 八女茶 宇治茶 福岡 佐賀 京都 鹿児島食品 洋菓子 スイーツ カステラ ケーキ クッキー ワッフル バウムクーヘン プリン プチガトー ゴーフレット 焼き菓子 詰合せ セット アラカルト プレミアム ご褒美 銀座千疋屋 金沢フレドナール アソート カフェ パティシエ食品 和菓子 せんべい おかき かりんとう あられ ようかん 抹茶 ごま きなこ 黒糖 十穀 野菜 銘菓 バラエティ セット 詰合せ 小川一歩堂 みゆき堂本舗 杵松 銘菓 老舗食品 調味料 醤油 つゆ だし めんつゆ あごだし サラダ油 オリーブ油 健康油 キャノーラ油 ぽん酢 日清 飛騨高山 大森屋 ＨＯＫＯ 味の素 ヤマキ 永谷園 和風 洋風めん 麺 そうめん うどん そば 蕎麦 パスタ スパゲティ 日清 三輪そうめん 島原そうめん 手延べそうめん 讃岐うどん 佃煮 昆布 珍味 かつお 漬物 京つけもの 大安 千丸屋 小山園 北屋 ツルヒョー 小山醸造 こいくち はんなり 日本の味 お茶漬け 鮭 梅 のり 海鮮 鶏だし わさび たかな しじみ あさり ちりめん 紅ずわいがに 缶詰 瓶詰 美味　贅沢 鰹節 南高梅 紀州 北海道食品 味付海苔 ふりかけ 茶漬け 有明海産 白子海苔 大森屋 匠 ご飯の友 洗剤 台所 バス 洗濯 キッチン セット 詰合せ 花王 ライオン Ｐ＆Ｇ フロッシュ アタック ニュービーズ ダウニー アリエール ナノックス ハイジア 汚れ ニオイ 除菌 消臭 防臭 抗菌 コンパクト洗剤 スピードコース 時短 エコ ランドリー ボールド 香り プレミアム 部屋干し せっけん 石鹸 シャンプー ヘアケア 入浴剤 無添加 効き湯 きき湯 薬用入浴剤 温泉 リラックス 疲労回復 ご褒美 癒し 四季折々産地別全国銘茶味めぐり 嬉野茶 静岡茶 宇治茶 京都 伊勢茶・鹿児島茶 八女茶 福岡県 玉露 煎茶 ほうじ茶 健康茶コーナー 黒豆茶 クミスクチン茶 減肥ナタ豆茶食品 洗剤 石鹸 繊維 インテリア アイデアグッズ 陶器 ガラス 漆器 家庭用品 金物 アメニティ＆アウトドア 販売促進用品等日本茶 コーヒー 紅茶 ブルマン ブラジル コロンビア モカ アメリカン スペシャル ブレンド　神社用撤饌名入れタオル 粗供養品各種卸 小売 お茶 砂糖 ハンカチ タオル 金封 筆ペンセット ミニタオル ソックス パンスト 詰合せわせ スティックシュガー大阪府泉州 堺市 美原区 和泉市 泉大津市 忠岡町 岸和田市 貝塚市 熊取町 泉佐野市 泉南市 阪南市 河内長野市 富田林市満中陰志 内祝 お茶 香典返し 選べるカタログ最安値 ギフトピア茶夢 かきもと京茶園 カタログギフト出産 結婚 母の日 父の日 内祝 敬老 粗供養 御供 満中陰 退職 贈答品 ギフト 贈り物 御祝 引っ越し お返し 御礼 ゴルフコンペ商品 引き出物ボディソープ 入浴剤 ナチュラルバスセレクション 4000円を2440円(税別)OAB-40,◆お買い上げ金額が多くなれば送料がどんどん安くなります。。ボディソープ 入浴剤 ナチュラルバスセレクション 4000円を2440円(税別)OAB-40[rn]
11-5487,http://tshop.r10s.jp/kunkun/cabinet/todokawa/17-3921-63ry.jpg?fitin=700:700,976.0000,,美容・コスメ・香水 > ボディケア > 石けん・ボディソープ,ボディソープ 石けん マリ・クレールソープギフト 2000円を1220円税別IMC-20,,"ソープ：ハーブ70ｇ×３・ラベンダー70ｇ×３<br>
ボディソープ(ローズ)230ml×２<br>
箱／210×343×50mm
<br><br>

<hr>

ガイドでは下記にカタログ状態での掲載が入っています。<br>
メーカー希望小売価格はメーカーカタログに基づいて掲載しています。<br>
諸事情により商品のデザイン、仕様が変わる場合があります。<br>発行者：(株)富永<br>
<img src=""http://www.rakuten.ne.jp/gold/kunkun/src/img/evidence17-3921.jpg"" alt=""風月カタログ掲載"" width=""120"">
<img src=""http://www.rakuten.ne.jp/gold/kunkun/src/img/evidence17fuugetsut.jpg"" alt=""風月カタログ掲載"" width=""120"">

<hr>

ギフト品専門店でゴルフコンペ商品をゴルフ場へ送付、各種ブランド品を結婚式場へ送付、
快気内祝,満中陰志・香典のお返し、粗供養,御供、一周忌、三回忌、法事の引出物、
御中元、御歳暮、各種御礼<br>
<br>出産内祝、ご希望により、お名前のルビお付けいたします
<br>個別配送OK
<br>数量が多い場合は名簿をメールで、お送り頂いても結構です。
<br>

ギフト用の包装、のし紙、紙袋をご希望により無料サービス！ <BR>
満中陰志等の挨拶状は、商品個数10個より無料でお付けいたしますのでお申し出下さい。
<br>

○メール便対応不可商品です。<br><br>

<center>
<img src=""http://www.rakuten.ne.jp/gold/kunkun/src/baglist_all.jpg"" alt=""紙袋サービス"" width=""400"">
</center>",ボディソープ 石けん マリ・クレールソープギフト 2000円を1220円税別IMC-20：ギフトショップくんくん,通信販売通販ショッピングオンラインショッピング買い物プレゼントギフト贈り物贈答品お中元お歳暮お買い得メッセージカードにオリジナルのメッセージをお入れします。カード絵柄は掲載の中からお選び下さい。出産の内祝などに写真入りメッセージカード作成出来ます。絵柄も掲載中のカードよりお選び頂けます。法要・満中陰志・粗供養などのお返し・贈り物・引き出物にお付けする奉書ご挨拶状無料サービス致しますおまとめ送り・個別配送どちらも出来ます。大量注文の場合はメールからでもご注文頂けます。日本茶 緑茶 銘茶 セット 詰合せ 各産地 嬉野茶 知覧茶 八女茶 宇治茶 福岡 佐賀 京都 鹿児島食品 洋菓子 スイーツ カステラ ケーキ クッキー ワッフル バウムクーヘン プリン プチガトー ゴーフレット 焼き菓子 詰合せ セット アラカルト プレミアム ご褒美 銀座千疋屋 金沢フレドナール アソート カフェ パティシエ食品 和菓子 せんべい おかき かりんとう あられ ようかん 抹茶 ごま きなこ 黒糖 十穀 野菜 銘菓 バラエティ セット 詰合せ 小川一歩堂 みゆき堂本舗 杵松 銘菓 老舗食品 調味料 醤油 つゆ だし めんつゆ あごだし サラダ油 オリーブ油 健康油 キャノーラ油 ぽん酢 日清 飛騨高山 大森屋 ＨＯＫＯ 味の素 ヤマキ 永谷園 和風 洋風めん 麺 そうめん うどん そば 蕎麦 パスタ スパゲティ 日清 三輪そうめん 島原そうめん 手延べそうめん 讃岐うどん 佃煮 昆布 珍味 かつお 漬物 京つけもの 大安 千丸屋 小山園 北屋 ツルヒョー 小山醸造 こいくち はんなり 日本の味 お茶漬け 鮭 梅 のり 海鮮 鶏だし わさび たかな しじみ あさり ちりめん 紅ずわいがに 缶詰 瓶詰 美味　贅沢 鰹節 南高梅 紀州 北海道食品 味付海苔 ふりかけ 茶漬け 有明海産 白子海苔 大森屋 匠 ご飯の友 洗剤 台所 バス 洗濯 キッチン セット 詰合せ 花王 ライオン Ｐ＆Ｇ フロッシュ アタック ニュービーズ ダウニー アリエール ナノックス ハイジア 汚れ ニオイ 除菌 消臭 防臭 抗菌 コンパクト洗剤 スピードコース 時短 エコ ランドリー ボールド 香り プレミアム 部屋干し せっけん 石鹸 シャンプー ヘアケア 入浴剤 無添加 効き湯 きき湯 薬用入浴剤 温泉 リラックス 疲労回復 ご褒美 癒し 四季折々産地別全国銘茶味めぐり 嬉野茶 静岡茶 宇治茶 京都 伊勢茶・鹿児島茶 八女茶 福岡県 玉露 煎茶 ほうじ茶 健康茶コーナー 黒豆茶 クミスクチン茶 減肥ナタ豆茶食品 洗剤 石鹸 繊維 インテリア アイデアグッズ 陶器 ガラス 漆器 家庭用品 金物 アメニティ＆アウトドア 販売促進用品等日本茶 コーヒー 紅茶 ブルマン ブラジル コロンビア モカ アメリカン スペシャル ブレンド　神社用撤饌名入れタオル 粗供養品各種卸 小売 お茶 砂糖 ハンカチ タオル 金封 筆ペンセット ミニタオル ソックス パンスト 詰合せわせ スティックシュガー大阪府泉州 堺市 美原区 和泉市 泉大津市 忠岡町 岸和田市 貝塚市 熊取町 泉佐野市 泉南市 阪南市 河内長野市 富田林市満中陰志 内祝 お茶 香典返し 選べるカタログ最安値 ギフトピア茶夢 かきもと京茶園 カタログギフト出産 結婚 母の日 父の日 内祝 敬老 粗供養 御供 満中陰 退職 贈答品 ギフト 贈り物 御祝 引っ越し お返し 御礼 ゴルフコンペ商品 引き出物ボディソープ 石けん マリ・クレールソープギフト 2000円を1220円税別IMC-20,◆お買い上げ金額が多くなれば送料がどんどん安くなります。。ボディソープ 石けん マリ・クレールソープギフト 2000円を1220円税別IMC-20[rn]
11-5488,http://tshop.r10s.jp/kunkun/cabinet/todokawa/17-3920-49.jpg?fitin=700:700,1464.0000,,美容・コスメ・香水 > ボディケア > 石けん・ボディソープ,ボディソープ 入浴剤 ナチュラルバスセレクション 3000円を1830円(税別)OAB-30,,"ボディソープ：オリーブ450ml×１<br>
　　　　　　・アプリコット450ml×１<br>
バブ(森)×３・ゆず×３<br>
箱／230×345×65mm
<br><br>

<hr>

ガイドでは下記にカタログ状態での掲載が入っています。<br>
メーカー希望小売価格はメーカーカタログに基づいて掲載しています。<br>
諸事情により商品のデザイン、仕様が変わる場合があります。<br>発行者：(株)富永<br>
<img src=""http://image.rakuten.co.jp/kunkun/cabinet/todokawa/evidence17-3920.jpg"" alt=""風月カタログ掲載"" width=""120"">
<img src=""http://image.rakuten.co.jp/kunkun/cabinet/evidence17fuugetsut.jpg"" alt=""風月カタログ掲載"" width=""120"">

<hr>

ギフト品専門店でゴルフコンペ商品をゴルフ場へ送付、各種ブランド品を結婚式場へ送付、
快気内祝,満中陰志・香典のお返し、粗供養,御供、一周忌、三回忌、法事の引出物、
御中元、御歳暮、各種御礼<br>
<br>出産内祝、ご希望により、お名前のルビお付けいたします
<br>個別配送OK
<br>数量が多い場合は名簿をメールで、お送り頂いても結構です。
<br>

ギフト用の包装、のし紙、紙袋をご希望により無料サービス！ <BR>
満中陰志等の挨拶状は、商品個数10個より無料でお付けいたしますのでお申し出下さい。
<br>

○メール便対応不可商品です。<br><br>

<center>
<img src=""http://www.rakuten.ne.jp/gold/kunkun/src/baglist_all.jpg"" alt=""紙袋サービス"" width=""400"">
</center>",ボディソープ 入浴剤 ナチュラルバスセレクション 3000円を1830円(税別)OAB-30：ギフトショップくんくん,通信販売通販ショッピングオンラインショッピング買い物プレゼントギフト贈り物贈答品お中元お歳暮お買い得メッセージカードにオリジナルのメッセージをお入れします。カード絵柄は掲載の中からお選び下さい。出産の内祝などに写真入りメッセージカード作成出来ます。絵柄も掲載中のカードよりお選び頂けます。法要・満中陰志・粗供養などのお返し・贈り物・引き出物にお付けする奉書ご挨拶状無料サービス致しますおまとめ送り・個別配送どちらも出来ます。大量注文の場合はメールからでもご注文頂けます。日本茶 緑茶 銘茶 セット 詰合せ 各産地 嬉野茶 知覧茶 八女茶 宇治茶 福岡 佐賀 京都 鹿児島食品 洋菓子 スイーツ カステラ ケーキ クッキー ワッフル バウムクーヘン プリン プチガトー ゴーフレット 焼き菓子 詰合せ セット アラカルト プレミアム ご褒美 銀座千疋屋 金沢フレドナール アソート カフェ パティシエ食品 和菓子 せんべい おかき かりんとう あられ ようかん 抹茶 ごま きなこ 黒糖 十穀 野菜 銘菓 バラエティ セット 詰合せ 小川一歩堂 みゆき堂本舗 杵松 銘菓 老舗食品 調味料 醤油 つゆ だし めんつゆ あごだし サラダ油 オリーブ油 健康油 キャノーラ油 ぽん酢 日清 飛騨高山 大森屋 ＨＯＫＯ 味の素 ヤマキ 永谷園 和風 洋風めん 麺 そうめん うどん そば 蕎麦 パスタ スパゲティ 日清 三輪そうめん 島原そうめん 手延べそうめん 讃岐うどん 佃煮 昆布 珍味 かつお 漬物 京つけもの 大安 千丸屋 小山園 北屋 ツルヒョー 小山醸造 こいくち はんなり 日本の味 お茶漬け 鮭 梅 のり 海鮮 鶏だし わさび たかな しじみ あさり ちりめん 紅ずわいがに 缶詰 瓶詰 美味　贅沢 鰹節 南高梅 紀州 北海道食品 味付海苔 ふりかけ 茶漬け 有明海産 白子海苔 大森屋 匠 ご飯の友 洗剤 台所 バス 洗濯 キッチン セット 詰合せ 花王 ライオン Ｐ＆Ｇ フロッシュ アタック ニュービーズ ダウニー アリエール ナノックス ハイジア 汚れ ニオイ 除菌 消臭 防臭 抗菌 コンパクト洗剤 スピードコース 時短 エコ ランドリー ボールド 香り プレミアム 部屋干し せっけん 石鹸 シャンプー ヘアケア 入浴剤 無添加 効き湯 きき湯 薬用入浴剤 温泉 リラックス 疲労回復 ご褒美 癒し 四季折々産地別全国銘茶味めぐり 嬉野茶 静岡茶 宇治茶 京都 伊勢茶・鹿児島茶 八女茶 福岡県 玉露 煎茶 ほうじ茶 健康茶コーナー 黒豆茶 クミスクチン茶 減肥ナタ豆茶食品 洗剤 石鹸 繊維 インテリア アイデアグッズ 陶器 ガラス 漆器 家庭用品 金物 アメニティ＆アウトドア 販売促進用品等日本茶 コーヒー 紅茶 ブルマン ブラジル コロンビア モカ アメリカン スペシャル ブレンド　神社用撤饌名入れタオル 粗供養品各種卸 小売 お茶 砂糖 ハンカチ タオル 金封 筆ペンセット ミニタオル ソックス パンスト 詰合せわせ スティックシュガー大阪府泉州 堺市 美原区 和泉市 泉大津市 忠岡町 岸和田市 貝塚市 熊取町 泉佐野市 泉南市 阪南市 河内長野市 富田林市満中陰志 内祝 お茶 香典返し 選べるカタログ最安値 ギフトピア茶夢 かきもと京茶園 カタログギフト出産 結婚 母の日 父の日 内祝 敬老 粗供養 御供 満中陰 退職 贈答品 ギフト 贈り物 御祝 引っ越し お返し 御礼 ゴルフコンペ商品 引き出物ボディソープ 入浴剤 ナチュラルバスセレクション 3000円を1830円(税別)OAB-30,◆お買い上げ金額が多くなれば送料がどんどん安くなります。。ボディソープ 入浴剤 ナチュラルバスセレクション 3000円を1830円(税別)OAB-30[rn]
11-5489,http://tshop.r10s.jp/kunkun/cabinet/todokawa/17-3921-61ry.jpg?fitin=700:700,488.0000,,美容・コスメ・香水 > ボディケア > 石けん・ボディソープ,ボディソープ 石けん マリ・クレールソープギフト 1000円を610円税別IMC-10,,"ソープ：ハーブ70ｇ×２・ラベンダー70ｇ×１<br>
ボディソープ(ローズ)230ml×１<br>
箱／207×173×49mm
<br><br>
<hr>

ガイドでは下記にカタログ状態での掲載が入っています。<br>
メーカー希望小売価格はメーカーカタログに基づいて掲載しています。<br>
諸事情により商品のデザイン、仕様が変わる場合があります。<br>発行者：(株)富永<br>
<img src=""http://www.rakuten.ne.jp/gold/kunkun/src/img/evidence17-3921.jpg"" alt=""風月カタログ掲載"" width=""120"">
<img src=""http://www.rakuten.ne.jp/gold/kunkun/src/img/evidence17fuugetsut.jpg"" alt=""風月カタログ掲載"" width=""120"">

<hr>

ギフト品専門店でゴルフコンペ商品をゴルフ場へ送付、各種ブランド品を結婚式場へ送付、
快気内祝,満中陰志・香典のお返し、粗供養,御供、一周忌、三回忌、法事の引出物、
御中元、御歳暮、各種御礼<br>
<br>出産内祝、ご希望により、お名前のルビお付けいたします
<br>個別配送OK
<br>数量が多い場合は名簿をメールで、お送り頂いても結構です。
<br>

ギフト用の包装、のし紙、紙袋をご希望により無料サービス！ <BR>
満中陰志等の挨拶状は、商品個数10個より無料でお付けいたしますのでお申し出下さい。
<br>

○メール便対応不可商品です。<br><br>

<center>
<img src=""http://www.rakuten.ne.jp/gold/kunkun/src/baglist_all.jpg"" alt=""紙袋サービス"" width=""400"">
</center>",ボディソープ 石けん マリ・クレールソープギフト 1000円を610円税別IMC-10：ギフトショップくんくん,通信販売通販ショッピングオンラインショッピング買い物プレゼントギフト贈り物贈答品お中元お歳暮お買い得メッセージカードにオリジナルのメッセージをお入れします。カード絵柄は掲載の中からお選び下さい。出産の内祝などに写真入りメッセージカード作成出来ます。絵柄も掲載中のカードよりお選び頂けます。法要・満中陰志・粗供養などのお返し・贈り物・引き出物にお付けする奉書ご挨拶状無料サービス致しますおまとめ送り・個別配送どちらも出来ます。大量注文の場合はメールからでもご注文頂けます。日本茶 緑茶 銘茶 セット 詰合せ 各産地 嬉野茶 知覧茶 八女茶 宇治茶 福岡 佐賀 京都 鹿児島食品 洋菓子 スイーツ カステラ ケーキ クッキー ワッフル バウムクーヘン プリン プチガトー ゴーフレット 焼き菓子 詰合せ セット アラカルト プレミアム ご褒美 銀座千疋屋 金沢フレドナール アソート カフェ パティシエ食品 和菓子 せんべい おかき かりんとう あられ ようかん 抹茶 ごま きなこ 黒糖 十穀 野菜 銘菓 バラエティ セット 詰合せ 小川一歩堂 みゆき堂本舗 杵松 銘菓 老舗食品 調味料 醤油 つゆ だし めんつゆ あごだし サラダ油 オリーブ油 健康油 キャノーラ油 ぽん酢 日清 飛騨高山 大森屋 ＨＯＫＯ 味の素 ヤマキ 永谷園 和風 洋風めん 麺 そうめん うどん そば 蕎麦 パスタ スパゲティ 日清 三輪そうめん 島原そうめん 手延べそうめん 讃岐うどん 佃煮 昆布 珍味 かつお 漬物 京つけもの 大安 千丸屋 小山園 北屋 ツルヒョー 小山醸造 こいくち はんなり 日本の味 お茶漬け 鮭 梅 のり 海鮮 鶏だし わさび たかな しじみ あさり ちりめん 紅ずわいがに 缶詰 瓶詰 美味　贅沢 鰹節 南高梅 紀州 北海道食品 味付海苔 ふりかけ 茶漬け 有明海産 白子海苔 大森屋 匠 ご飯の友 洗剤 台所 バス 洗濯 キッチン セット 詰合せ 花王 ライオン Ｐ＆Ｇ フロッシュ アタック ニュービーズ ダウニー アリエール ナノックス ハイジア 汚れ ニオイ 除菌 消臭 防臭 抗菌 コンパクト洗剤 スピードコース 時短 エコ ランドリー ボールド 香り プレミアム 部屋干し せっけん 石鹸 シャンプー ヘアケア 入浴剤 無添加 効き湯 きき湯 薬用入浴剤 温泉 リラックス 疲労回復 ご褒美 癒し 四季折々産地別全国銘茶味めぐり 嬉野茶 静岡茶 宇治茶 京都 伊勢茶・鹿児島茶 八女茶 福岡県 玉露 煎茶 ほうじ茶 健康茶コーナー 黒豆茶 クミスクチン茶 減肥ナタ豆茶食品 洗剤 石鹸 繊維 インテリア アイデアグッズ 陶器 ガラス 漆器 家庭用品 金物 アメニティ＆アウトドア 販売促進用品等日本茶 コーヒー 紅茶 ブルマン ブラジル コロンビア モカ アメリカン スペシャル ブレンド　神社用撤饌名入れタオル 粗供養品各種卸 小売 お茶 砂糖 ハンカチ タオル 金封 筆ペンセット ミニタオル ソックス パンスト 詰合せわせ スティックシュガー大阪府泉州 堺市 美原区 和泉市 泉大津市 忠岡町 岸和田市 貝塚市 熊取町 泉佐野市 泉南市 阪南市 河内長野市 富田林市満中陰志 内祝 お茶 香典返し 選べるカタログ最安値 ギフトピア茶夢 かきもと京茶園 カタログギフト出産 結婚 母の日 父の日 内祝 敬老 粗供養 御供 満中陰 退職 贈答品 ギフト 贈り物 御祝 引っ越し お返し 御礼 ゴルフコンペ商品 引き出物ボディソープ 石けん マリ・クレールソープギフト 1000円を610円税別IMC-10,◆お買い上げ金額が多くなれば送料がどんどん安くなります。。ボディソープ 石けん マリ・クレールソープギフト 1000円を610円税別IMC-10[rn]
11-5490,http://tshop.r10s.jp/kunkun/cabinet/todokawa/17-3921-65ry.jpg?fitin=700:700,1464.0000,,美容・コスメ・香水 > ボディケア > 石けん・ボディソープ,ボディソープ 石けん マリ・クレールソープギフト 3000円を1830円(税別)IMC-30,,"ソープ：ハーブ70ｇ×３・ラベンダー70ｇ×３<br>
ボディソープ(ローズ)450ml×２<br>
箱／240×395×65mm
<br><br>

<hr>

ガイドでは下記にカタログ状態での掲載が入っています。<br>
メーカー希望小売価格はメーカーカタログに基づいて掲載しています。<br>
諸事情により商品のデザイン、仕様が変わる場合があります。<br>発行者：(株)富永<br>
<img src=""http://www.rakuten.ne.jp/gold/kunkun/src/img/evidence17-3921.jpg"" alt=""風月カタログ掲載"" width=""120"">
<img src=""http://www.rakuten.ne.jp/gold/kunkun/src/img/evidence17fuugetsut.jpg"" alt=""風月カタログ掲載"" width=""120"">

<hr>

ギフト品専門店でゴルフコンペ商品をゴルフ場へ送付、各種ブランド品を結婚式場へ送付、
快気内祝,満中陰志・香典のお返し、粗供養,御供、一周忌、三回忌、法事の引出物、
御中元、御歳暮、各種御礼<br>
<br>出産内祝、ご希望により、お名前のルビお付けいたします
<br>個別配送OK
<br>数量が多い場合は名簿をメールで、お送り頂いても結構です。
<br>

ギフト用の包装、のし紙、紙袋をご希望により無料サービス！ <BR>
満中陰志等の挨拶状は、商品個数10個より無料でお付けいたしますのでお申し出下さい。
<br>

○メール便対応不可商品です。<br><br>

<center>
<img src=""http://www.rakuten.ne.jp/gold/kunkun/src/baglist_all.jpg"" alt=""紙袋サービス"" width=""400"">
</center>",ボディソープ 石けん マリ・クレールソープギフト 3000円を1830円(税別)IMC-30：ギフトショップくんくん,通信販売通販ショッピングオンラインショッピング買い物プレゼントギフト贈り物贈答品お中元お歳暮お買い得メッセージカードにオリジナルのメッセージをお入れします。カード絵柄は掲載の中からお選び下さい。出産の内祝などに写真入りメッセージカード作成出来ます。絵柄も掲載中のカードよりお選び頂けます。法要・満中陰志・粗供養などのお返し・贈り物・引き出物にお付けする奉書ご挨拶状無料サービス致しますおまとめ送り・個別配送どちらも出来ます。大量注文の場合はメールからでもご注文頂けます。日本茶 緑茶 銘茶 セット 詰合せ 各産地 嬉野茶 知覧茶 八女茶 宇治茶 福岡 佐賀 京都 鹿児島食品 洋菓子 スイーツ カステラ ケーキ クッキー ワッフル バウムクーヘン プリン プチガトー ゴーフレット 焼き菓子 詰合せ セット アラカルト プレミアム ご褒美 銀座千疋屋 金沢フレドナール アソート カフェ パティシエ食品 和菓子 せんべい おかき かりんとう あられ ようかん 抹茶 ごま きなこ 黒糖 十穀 野菜 銘菓 バラエティ セット 詰合せ 小川一歩堂 みゆき堂本舗 杵松 銘菓 老舗食品 調味料 醤油 つゆ だし めんつゆ あごだし サラダ油 オリーブ油 健康油 キャノーラ油 ぽん酢 日清 飛騨高山 大森屋 ＨＯＫＯ 味の素 ヤマキ 永谷園 和風 洋風めん 麺 そうめん うどん そば 蕎麦 パスタ スパゲティ 日清 三輪そうめん 島原そうめん 手延べそうめん 讃岐うどん 佃煮 昆布 珍味 かつお 漬物 京つけもの 大安 千丸屋 小山園 北屋 ツルヒョー 小山醸造 こいくち はんなり 日本の味 お茶漬け 鮭 梅 のり 海鮮 鶏だし わさび たかな しじみ あさり ちりめん 紅ずわいがに 缶詰 瓶詰 美味　贅沢 鰹節 南高梅 紀州 北海道食品 味付海苔 ふりかけ 茶漬け 有明海産 白子海苔 大森屋 匠 ご飯の友 洗剤 台所 バス 洗濯 キッチン セット 詰合せ 花王 ライオン Ｐ＆Ｇ フロッシュ アタック ニュービーズ ダウニー アリエール ナノックス ハイジア 汚れ ニオイ 除菌 消臭 防臭 抗菌 コンパクト洗剤 スピードコース 時短 エコ ランドリー ボールド 香り プレミアム 部屋干し せっけん 石鹸 シャンプー ヘアケア 入浴剤 無添加 効き湯 きき湯 薬用入浴剤 温泉 リラックス 疲労回復 ご褒美 癒し 四季折々産地別全国銘茶味めぐり 嬉野茶 静岡茶 宇治茶 京都 伊勢茶・鹿児島茶 八女茶 福岡県 玉露 煎茶 ほうじ茶 健康茶コーナー 黒豆茶 クミスクチン茶 減肥ナタ豆茶食品 洗剤 石鹸 繊維 インテリア アイデアグッズ 陶器 ガラス 漆器 家庭用品 金物 アメニティ＆アウトドア 販売促進用品等日本茶 コーヒー 紅茶 ブルマン ブラジル コロンビア モカ アメリカン スペシャル ブレンド　神社用撤饌名入れタオル 粗供養品各種卸 小売 お茶 砂糖 ハンカチ タオル 金封 筆ペンセット ミニタオル ソックス パンスト 詰合せわせ スティックシュガー大阪府泉州 堺市 美原区 和泉市 泉大津市 忠岡町 岸和田市 貝塚市 熊取町 泉佐野市 泉南市 阪南市 河内長野市 富田林市満中陰志 内祝 お茶 香典返し 選べるカタログ最安値 ギフトピア茶夢 かきもと京茶園 カタログギフト出産 結婚 母の日 父の日 内祝 敬老 粗供養 御供 満中陰 退職 贈答品 ギフト 贈り物 御祝 引っ越し お返し 御礼 ゴルフコンペ商品 引き出物ボディソープ 石けん マリ・クレールソープギフト 3000円を1830円(税別)IMC-30,◆お買い上げ金額が多くなれば送料がどんどん安くなります。。ボディソープ 石けん マリ・クレールソープギフト 3000円を1830円(税別)IMC-30[rn]
11-5491,http://tshop.r10s.jp/kunkun/cabinet/todokawa/17-3921-64ry.jpg?fitin=700:700,1220.0000,,美容・コスメ・香水 > ボディケア > 石けん・ボディソープ,ボディソープ 石けん マリ・クレールソープギフト 2500円を1525円税別IMC-25,,"ソープ：ハーブ70ｇ×２・ラベンダー70ｇ×１<br>
ボディソープ(ローズ)450ml×２<br>
箱／235×295×65mm
<br><br>

<hr>

ガイドでは下記にカタログ状態での掲載が入っています。<br>
メーカー希望小売価格はメーカーカタログに基づいて掲載しています。<br>
諸事情により商品のデザイン、仕様が変わる場合があります。<br>発行者：(株)富永<br>
<img src=""http://www.rakuten.ne.jp/gold/kunkun/src/img/evidence17-3921.jpg"" alt=""風月カタログ掲載"" width=""120"">
<img src=""http://www.rakuten.ne.jp/gold/kunkun/src/img/evidence17fuugetsut.jpg"" alt=""風月カタログ掲載"" width=""120"">

<hr>

ギフト品専門店でゴルフコンペ商品をゴルフ場へ送付、各種ブランド品を結婚式場へ送付、
快気内祝,満中陰志・香典のお返し、粗供養,御供、一周忌、三回忌、法事の引出物、
御中元、御歳暮、各種御礼<br>
<br>出産内祝、ご希望により、お名前のルビお付けいたします
<br>個別配送OK
<br>数量が多い場合は名簿をメールで、お送り頂いても結構です。
<br>

ギフト用の包装、のし紙、紙袋をご希望により無料サービス！ <BR>
満中陰志等の挨拶状は、商品個数10個より無料でお付けいたしますのでお申し出下さい。
<br>

○メール便対応不可商品です。<br><br>

<center>
<img src=""http://www.rakuten.ne.jp/gold/kunkun/src/baglist_all.jpg"" alt=""紙袋サービス"" width=""400"">
</center>",ボディソープ 石けん マリ・クレールソープギフト 2500円を1525円税別IMC-25：ギフトショップくんくん,通信販売通販ショッピングオンラインショッピング買い物プレゼントギフト贈り物贈答品お中元お歳暮お買い得メッセージカードにオリジナルのメッセージをお入れします。カード絵柄は掲載の中からお選び下さい。出産の内祝などに写真入りメッセージカード作成出来ます。絵柄も掲載中のカードよりお選び頂けます。法要・満中陰志・粗供養などのお返し・贈り物・引き出物にお付けする奉書ご挨拶状無料サービス致しますおまとめ送り・個別配送どちらも出来ます。大量注文の場合はメールからでもご注文頂けます。日本茶 緑茶 銘茶 セット 詰合せ 各産地 嬉野茶 知覧茶 八女茶 宇治茶 福岡 佐賀 京都 鹿児島食品 洋菓子 スイーツ カステラ ケーキ クッキー ワッフル バウムクーヘン プリン プチガトー ゴーフレット 焼き菓子 詰合せ セット アラカルト プレミアム ご褒美 銀座千疋屋 金沢フレドナール アソート カフェ パティシエ食品 和菓子 せんべい おかき かりんとう あられ ようかん 抹茶 ごま きなこ 黒糖 十穀 野菜 銘菓 バラエティ セット 詰合せ 小川一歩堂 みゆき堂本舗 杵松 銘菓 老舗食品 調味料 醤油 つゆ だし めんつゆ あごだし サラダ油 オリーブ油 健康油 キャノーラ油 ぽん酢 日清 飛騨高山 大森屋 ＨＯＫＯ 味の素 ヤマキ 永谷園 和風 洋風めん 麺 そうめん うどん そば 蕎麦 パスタ スパゲティ 日清 三輪そうめん 島原そうめん 手延べそうめん 讃岐うどん 佃煮 昆布 珍味 かつお 漬物 京つけもの 大安 千丸屋 小山園 北屋 ツルヒョー 小山醸造 こいくち はんなり 日本の味 お茶漬け 鮭 梅 のり 海鮮 鶏だし わさび たかな しじみ あさり ちりめん 紅ずわいがに 缶詰 瓶詰 美味　贅沢 鰹節 南高梅 紀州 北海道食品 味付海苔 ふりかけ 茶漬け 有明海産 白子海苔 大森屋 匠 ご飯の友 洗剤 台所 バス 洗濯 キッチン セット 詰合せ 花王 ライオン Ｐ＆Ｇ フロッシュ アタック ニュービーズ ダウニー アリエール ナノックス ハイジア 汚れ ニオイ 除菌 消臭 防臭 抗菌 コンパクト洗剤 スピードコース 時短 エコ ランドリー ボールド 香り プレミアム 部屋干し せっけん 石鹸 シャンプー ヘアケア 入浴剤 無添加 効き湯 きき湯 薬用入浴剤 温泉 リラックス 疲労回復 ご褒美 癒し 四季折々産地別全国銘茶味めぐり 嬉野茶 静岡茶 宇治茶 京都 伊勢茶・鹿児島茶 八女茶 福岡県 玉露 煎茶 ほうじ茶 健康茶コーナー 黒豆茶 クミスクチン茶 減肥ナタ豆茶食品 洗剤 石鹸 繊維 インテリア アイデアグッズ 陶器 ガラス 漆器 家庭用品 金物 アメニティ＆アウトドア 販売促進用品等日本茶 コーヒー 紅茶 ブルマン ブラジル コロンビア モカ アメリカン スペシャル ブレンド　神社用撤饌名入れタオル 粗供養品各種卸 小売 お茶 砂糖 ハンカチ タオル 金封 筆ペンセット ミニタオル ソックス パンスト 詰合せわせ スティックシュガー大阪府泉州 堺市 美原区 和泉市 泉大津市 忠岡町 岸和田市 貝塚市 熊取町 泉佐野市 泉南市 阪南市 河内長野市 富田林市満中陰志 内祝 お茶 香典返し 選べるカタログ最安値 ギフトピア茶夢 かきもと京茶園 カタログギフト出産 結婚 母の日 父の日 内祝 敬老 粗供養 御供 満中陰 退職 贈答品 ギフト 贈り物 御祝 引っ越し お返し 御礼 ゴルフコンペ商品 引き出物ボディソープ 石けん マリ・クレールソープギフト 2500円を1525円税別IMC-25,◆お買い上げ金額が多くなれば送料がどんどん安くなります。。ボディソープ 石けん マリ・クレールソープギフト 2500円を1525円税別IMC-25[rn]
11-5492,http://tshop.r10s.jp/kunkun/cabinet/todokawa/17-3920-42.jpg?fitin=700:700,390.4000,,美容・コスメ・香水 > ボディケア > 石けん・ボディソープ,石けん ボディスポンジ 日比谷花壇プロデュース フローラルソープ＆バスタイムセット800円を488円(税別)HFBT-8,,"フローラルソープ：ノーブルな香り80g×１<br>
　　　　　　　　フレッシュな香り80g×１<br>
花の香入浴剤(ラベンダー)235ｇ×２<br>
ボディタオル×１<br>
箱／140×196×41mm
<br><br>

<hr>

ガイドでは下記にカタログ状態での掲載が入っています。<br>
メーカー希望小売価格はメーカーカタログに基づいて掲載しています。<br>
諸事情により商品のデザイン、仕様が変わる場合があります。<br>発行者：(株)富永<br>
<img src=""http://image.rakuten.co.jp/kunkun/cabinet/todokawa/evidence17-3920.jpg"" alt=""風月カタログ掲載"" width=""120"">
<img src=""http://image.rakuten.co.jp/kunkun/cabinet/evidence17fuugetsut.jpg"" alt=""風月カタログ掲載"" width=""120"">

<hr>

ギフト品専門店でゴルフコンペ商品をゴルフ場へ送付、各種ブランド品を結婚式場へ送付、
快気内祝,満中陰志・香典のお返し、粗供養,御供、一周忌、三回忌、法事の引出物、
御中元、御歳暮、各種御礼<br>
<br>出産内祝、ご希望により、お名前のルビお付けいたします
<br>個別配送OK
<br>数量が多い場合は名簿をメールで、お送り頂いても結構です。
<br>

ギフト用の包装、のし紙、紙袋をご希望により無料サービス！ <BR>
満中陰志等の挨拶状は、商品個数10個より無料でお付けいたしますのでお申し出下さい。
<br>

○メール便対応不可商品です。<br><br>

<center>
<img src=""http://www.rakuten.ne.jp/gold/kunkun/src/baglist_all.jpg"" alt=""紙袋サービス"" width=""400"">
</center>",石けん ボディスポンジ 日比谷花壇プロデュース フローラルソープ＆バスタイムセット800円を488円(税別)HFBT-8：ギフトショップくんくん,通信販売通販ショッピングオンラインショッピング買い物プレゼントギフト贈り物贈答品お中元お歳暮お買い得メッセージカードにオリジナルのメッセージをお入れします。カード絵柄は掲載の中からお選び下さい。出産の内祝などに写真入りメッセージカード作成出来ます。絵柄も掲載中のカードよりお選び頂けます。法要・満中陰志・粗供養などのお返し・贈り物・引き出物にお付けする奉書ご挨拶状無料サービス致しますおまとめ送り・個別配送どちらも出来ます。大量注文の場合はメールからでもご注文頂けます。日本茶 緑茶 銘茶 セット 詰合せ 各産地 嬉野茶 知覧茶 八女茶 宇治茶 福岡 佐賀 京都 鹿児島食品 洋菓子 スイーツ カステラ ケーキ クッキー ワッフル バウムクーヘン プリン プチガトー ゴーフレット 焼き菓子 詰合せ セット アラカルト プレミアム ご褒美 銀座千疋屋 金沢フレドナール アソート カフェ パティシエ食品 和菓子 せんべい おかき かりんとう あられ ようかん 抹茶 ごま きなこ 黒糖 十穀 野菜 銘菓 バラエティ セット 詰合せ 小川一歩堂 みゆき堂本舗 杵松 銘菓 老舗食品 調味料 醤油 つゆ だし めんつゆ あごだし サラダ油 オリーブ油 健康油 キャノーラ油 ぽん酢 日清 飛騨高山 大森屋 ＨＯＫＯ 味の素 ヤマキ 永谷園 和風 洋風めん 麺 そうめん うどん そば 蕎麦 パスタ スパゲティ 日清 三輪そうめん 島原そうめん 手延べそうめん 讃岐うどん 佃煮 昆布 珍味 かつお 漬物 京つけもの 大安 千丸屋 小山園 北屋 ツルヒョー 小山醸造 こいくち はんなり 日本の味 お茶漬け 鮭 梅 のり 海鮮 鶏だし わさび たかな しじみ あさり ちりめん 紅ずわいがに 缶詰 瓶詰 美味　贅沢 鰹節 南高梅 紀州 北海道食品 味付海苔 ふりかけ 茶漬け 有明海産 白子海苔 大森屋 匠 ご飯の友 洗剤 台所 バス 洗濯 キッチン セット 詰合せ 花王 ライオン Ｐ＆Ｇ フロッシュ アタック ニュービーズ ダウニー アリエール ナノックス ハイジア 汚れ ニオイ 除菌 消臭 防臭 抗菌 コンパクト洗剤 スピードコース 時短 エコ ランドリー ボールド 香り プレミアム 部屋干し せっけん 石鹸 シャンプー ヘアケア 入浴剤 無添加 効き湯 きき湯 薬用入浴剤 温泉 リラックス 疲労回復 ご褒美 癒し 四季折々産地別全国銘茶味めぐり 嬉野茶 静岡茶 宇治茶 京都 伊勢茶・鹿児島茶 八女茶 福岡県 玉露 煎茶 ほうじ茶 健康茶コーナー 黒豆茶 クミスクチン茶 減肥ナタ豆茶食品 洗剤 石鹸 繊維 インテリア アイデアグッズ 陶器 ガラス 漆器 家庭用品 金物 アメニティ＆アウトドア 販売促進用品等日本茶 コーヒー 紅茶 ブルマン ブラジル コロンビア モカ アメリカン スペシャル ブレンド　神社用撤饌名入れタオル 粗供養品各種卸 小売 お茶 砂糖 ハンカチ タオル 金封 筆ペンセット ミニタオル ソックス パンスト 詰合せわせ スティックシュガー大阪府泉州 堺市 美原区 和泉市 泉大津市 忠岡町 岸和田市 貝塚市 熊取町 泉佐野市 泉南市 阪南市 河内長野市 富田林市満中陰志 内祝 お茶 香典返し 選べるカタログ最安値 ギフトピア茶夢 かきもと京茶園 カタログギフト出産 結婚 母の日 父の日 内祝 敬老 粗供養 御供 満中陰 退職 贈答品 ギフト 贈り物 御祝 引っ越し お返し 御礼 ゴルフコンペ商品 引き出物石けん ボディスポンジ 日比谷花壇プロデュース フローラルソープ＆バスタイムセット800円を488円(税別)HFBT-8,◆お買い上げ金額が多くなれば送料がどんどん安くなります。。石けん ボディスポンジ 日比谷花壇プロデュース フローラルソープ＆バスタイムセット800円を488円(税別)HFBT-8[rn]
11-5493,http://tshop.r10s.jp/kunkun/cabinet/todokawa/17-3921-62ry.jpg?fitin=700:700,732.0000,,美容・コスメ・香水 > ボディケア > 石けん・ボディソープ,ボディソープ 石けん マリ・クレールソープギフト 1500円を915円税別IMC-15,,"ソープ：ハーブ70ｇ×３・ラベンダー70ｇ×３<br>
ボディソープ(ローズ)230ml×１<br>
箱／210×270×50mm
<br><br>
<hr>

ガイドでは下記にカタログ状態での掲載が入っています。<br>
メーカー希望小売価格はメーカーカタログに基づいて掲載しています。<br>
諸事情により商品のデザイン、仕様が変わる場合があります。<br>発行者：(株)富永<br>
<img src=""http://www.rakuten.ne.jp/gold/kunkun/src/img/evidence17-3921.jpg"" alt=""風月カタログ掲載"" width=""120"">
<img src=""http://www.rakuten.ne.jp/gold/kunkun/src/img/evidence17fuugetsut.jpg"" alt=""風月カタログ掲載"" width=""120"">

<hr>

ギフト品専門店でゴルフコンペ商品をゴルフ場へ送付、各種ブランド品を結婚式場へ送付、
快気内祝,満中陰志・香典のお返し、粗供養,御供、一周忌、三回忌、法事の引出物、
御中元、御歳暮、各種御礼<br>
<br>出産内祝、ご希望により、お名前のルビお付けいたします
<br>個別配送OK
<br>数量が多い場合は名簿をメールで、お送り頂いても結構です。
<br>

ギフト用の包装、のし紙、紙袋をご希望により無料サービス！ <BR>
満中陰志等の挨拶状は、商品個数10個より無料でお付けいたしますのでお申し出下さい。
<br>

○メール便対応不可商品です。<br><br>

<center>
<img src=""http://www.rakuten.ne.jp/gold/kunkun/src/baglist_all.jpg"" alt=""紙袋サービス"" width=""400"">
</center>",ボディソープ 石けん マリ・クレールソープギフト 1500円を915円税別IMC-15：ギフトショップくんくん,通信販売通販ショッピングオンラインショッピング買い物プレゼントギフト贈り物贈答品お中元お歳暮お買い得メッセージカードにオリジナルのメッセージをお入れします。カード絵柄は掲載の中からお選び下さい。出産の内祝などに写真入りメッセージカード作成出来ます。絵柄も掲載中のカードよりお選び頂けます。法要・満中陰志・粗供養などのお返し・贈り物・引き出物にお付けする奉書ご挨拶状無料サービス致しますおまとめ送り・個別配送どちらも出来ます。大量注文の場合はメールからでもご注文頂けます。日本茶 緑茶 銘茶 セット 詰合せ 各産地 嬉野茶 知覧茶 八女茶 宇治茶 福岡 佐賀 京都 鹿児島食品 洋菓子 スイーツ カステラ ケーキ クッキー ワッフル バウムクーヘン プリン プチガトー ゴーフレット 焼き菓子 詰合せ セット アラカルト プレミアム ご褒美 銀座千疋屋 金沢フレドナール アソート カフェ パティシエ食品 和菓子 せんべい おかき かりんとう あられ ようかん 抹茶 ごま きなこ 黒糖 十穀 野菜 銘菓 バラエティ セット 詰合せ 小川一歩堂 みゆき堂本舗 杵松 銘菓 老舗食品 調味料 醤油 つゆ だし めんつゆ あごだし サラダ油 オリーブ油 健康油 キャノーラ油 ぽん酢 日清 飛騨高山 大森屋 ＨＯＫＯ 味の素 ヤマキ 永谷園 和風 洋風めん 麺 そうめん うどん そば 蕎麦 パスタ スパゲティ 日清 三輪そうめん 島原そうめん 手延べそうめん 讃岐うどん 佃煮 昆布 珍味 かつお 漬物 京つけもの 大安 千丸屋 小山園 北屋 ツルヒョー 小山醸造 こいくち はんなり 日本の味 お茶漬け 鮭 梅 のり 海鮮 鶏だし わさび たかな しじみ あさり ちりめん 紅ずわいがに 缶詰 瓶詰 美味　贅沢 鰹節 南高梅 紀州 北海道食品 味付海苔 ふりかけ 茶漬け 有明海産 白子海苔 大森屋 匠 ご飯の友 洗剤 台所 バス 洗濯 キッチン セット 詰合せ 花王 ライオン Ｐ＆Ｇ フロッシュ アタック ニュービーズ ダウニー アリエール ナノックス ハイジア 汚れ ニオイ 除菌 消臭 防臭 抗菌 コンパクト洗剤 スピードコース 時短 エコ ランドリー ボールド 香り プレミアム 部屋干し せっけん 石鹸 シャンプー ヘアケア 入浴剤 無添加 効き湯 きき湯 薬用入浴剤 温泉 リラックス 疲労回復 ご褒美 癒し 四季折々産地別全国銘茶味めぐり 嬉野茶 静岡茶 宇治茶 京都 伊勢茶・鹿児島茶 八女茶 福岡県 玉露 煎茶 ほうじ茶 健康茶コーナー 黒豆茶 クミスクチン茶 減肥ナタ豆茶食品 洗剤 石鹸 繊維 インテリア アイデアグッズ 陶器 ガラス 漆器 家庭用品 金物 アメニティ＆アウトドア 販売促進用品等日本茶 コーヒー 紅茶 ブルマン ブラジル コロンビア モカ アメリカン スペシャル ブレンド　神社用撤饌名入れタオル 粗供養品各種卸 小売 お茶 砂糖 ハンカチ タオル 金封 筆ペンセット ミニタオル ソックス パンスト 詰合せわせ スティックシュガー大阪府泉州 堺市 美原区 和泉市 泉大津市 忠岡町 岸和田市 貝塚市 熊取町 泉佐野市 泉南市 阪南市 河内長野市 富田林市満中陰志 内祝 お茶 香典返し 選べるカタログ最安値 ギフトピア茶夢 かきもと京茶園 カタログギフト出産 結婚 母の日 父の日 内祝 敬老 粗供養 御供 満中陰 退職 贈答品 ギフト 贈り物 御祝 引っ越し お返し 御礼 ゴルフコンペ商品 引き出物ボディソープ 石けん マリ・クレールソープギフト 1500円を915円税別IMC-15,◆お買い上げ金額が多くなれば送料がどんどん安くなります。。ボディソープ 石けん マリ・クレールソープギフト 1500円を915円税別IMC-15[rn]
11-5494,http://tshop.r10s.jp/kunkun/cabinet/greenteasoap.jpg?fitin=700:700,800.0000,,美容・コスメ・香水 > ボディケア > 石けん・ボディソープ,全国送料無料クリックポスト チャッピーの緑茶石けん 泡立てネット付き 950円税別,,"全国送料無料 送り方法 クリックポストをお選び下さい<br>
<br>配合成分にこだわったうるおい成分。
<br>真珠エキスやコラーゲンに加え２種類のヒアルロン酸配合
<br>贅沢な保湿成分を毎日のスキンケアにどうぞ！
<br>
<br>
<br>サイズ 90×30×160(mm)
<br> 
<br>成分／カリ含有石ケン素地、水、グリセリン、
<br>ミリスチル酸、ソルビトール、チャ葉エキス、
<br>エタノール、ヤシ脂肪酸、ベントナイト、
<br>ヒアルロン酸ヒドロキシプロピルトリモニウム、 
<br>メチルパラベン、ポリクオタニウム-39、アルギン酸Na、
<br>ヒアルロン酸Na、加水分解コラーゲン、加水分解コンキオリン、
<br>BG、黒砂糖、オウゴンエキス、シア脂、トコフェロール、
<br>コメヌカエキス、パルミチン酸、パーム脂肪酸、グルコン酸Na、
<br>ラウリン酸、塩化Na、エチドロン酸4Na、EDTA-4Na、グンジョウ、酸化鉄 
<br>
<br>内容量 1個 80g(標準重量)
<br> 
<br>
<br>※チャッピーの緑茶石けんには小麦由来成分は含まれておりません。.
<br><br><br>
<br><br>諸事情により商品のデザイン、仕様が変わる場合があります。
<br><br>
ギフト用の包装、のし紙をご希望により無料サービスさせていただきます！
<br>満中陰志挨拶状は１０個の御注文より無料でお作り致します。",全国送料無料クリックポスト チャッピーの緑茶石けん 泡立てネット付き 950円税別：ギフトショップくんくん,通信販売通販ショッピングオンラインショッピング買い物プレゼントギフト贈り物贈答品お中元お歳暮お買い得メッセージカードにオリジナルのメッセージをお入れします。カード絵柄は掲載の中からお選び下さい。出産の内祝などに写真入りメッセージカード作成出来ます。絵柄も掲載中のカードよりお選び頂けます。法要・満中陰志・粗供養などのお返し・贈り物・引き出物にお付けする奉書ご挨拶状無料サービス致しますおまとめ送り・個別配送どちらも出来ます。大量注文の場合はメールからでもご注文頂けます。日本茶 緑茶 銘茶 セット 詰合せ 各産地 嬉野茶 知覧茶 八女茶 宇治茶 福岡 佐賀 京都 鹿児島食品 洋菓子 スイーツ カステラ ケーキ クッキー ワッフル バウムクーヘン プリン プチガトー ゴーフレット 焼き菓子 詰合せ セット アラカルト プレミアム ご褒美 銀座千疋屋 金沢フレドナール アソート カフェ パティシエ食品 和菓子 せんべい おかき かりんとう あられ ようかん 抹茶 ごま きなこ 黒糖 十穀 野菜 銘菓 バラエティ セット 詰合せ 小川一歩堂 みゆき堂本舗 杵松 銘菓 老舗食品 調味料 醤油 つゆ だし めんつゆ あごだし サラダ油 オリーブ油 健康油 キャノーラ油 ぽん酢 日清 飛騨高山 大森屋 ＨＯＫＯ 味の素 ヤマキ 永谷園 和風 洋風めん 麺 そうめん うどん そば 蕎麦 パスタ スパゲティ 日清 三輪そうめん 島原そうめん 手延べそうめん 讃岐うどん 佃煮 昆布 珍味 かつお 漬物 京つけもの 大安 千丸屋 小山園 北屋 ツルヒョー 小山醸造 こいくち はんなり 日本の味 お茶漬け 鮭 梅 のり 海鮮 鶏だし わさび たかな しじみ あさり ちりめん 紅ずわいがに 缶詰 瓶詰 美味　贅沢 鰹節 南高梅 紀州 北海道食品 味付海苔 ふりかけ 茶漬け 有明海産 白子海苔 大森屋 匠 ご飯の友 洗剤 台所 バス 洗濯 キッチン セット 詰合せ 花王 ライオン Ｐ＆Ｇ フロッシュ アタック ニュービーズ ダウニー アリエール ナノックス ハイジア 汚れ ニオイ 除菌 消臭 防臭 抗菌 コンパクト洗剤 スピードコース 時短 エコ ランドリー ボールド 香り プレミアム 部屋干し せっけん 石鹸 シャンプー ヘアケア 入浴剤 無添加 効き湯 きき湯 薬用入浴剤 温泉 リラックス 疲労回復 ご褒美 癒し 四季折々産地別全国銘茶味めぐり 嬉野茶 静岡茶 宇治茶 京都 伊勢茶・鹿児島茶 八女茶 福岡県 玉露 煎茶 ほうじ茶 健康茶コーナー 黒豆茶 クミスクチン茶 減肥ナタ豆茶食品 洗剤 石鹸 繊維 インテリア アイデアグッズ 陶器 ガラス 漆器 家庭用品 金物 アメニティ＆アウトドア 販売促進用品等日本茶 コーヒー 紅茶 ブルマン ブラジル コロンビア モカ アメリカン スペシャル ブレンド　神社用撤饌名入れタオル 粗供養品各種卸 小売 お茶 砂糖 ハンカチ タオル 金封 筆ペンセット ミニタオル ソックス パンスト 詰合せわせ スティックシュガー大阪府泉州 堺市 美原区 和泉市 泉大津市 忠岡町 岸和田市 貝塚市 熊取町 泉佐野市 泉南市 阪南市 河内長野市 富田林市満中陰志 内祝 お茶 香典返し 選べるカタログ最安値 ギフトピア茶夢 かきもと京茶園 カタログギフト出産 結婚 母の日 父の日 内祝 敬老 粗供養 御供 満中陰 退職 贈答品 ギフト 贈り物 御祝 引っ越し お返し 御礼 ゴルフコンペ商品 引き出物全国送料無料クリックポスト チャッピーの緑茶石けん 泡立てネット付き 950円税別,特別栽培茶エキス（うるおい成分）配合。全国送料無料クリックポスト チャッピーの緑茶石けん 泡立てネット付き 950円税別[rn]
11-5495,http://tshop.r10s.jp/kunkun/cabinet/todokawa/17-3920-47.jpg?fitin=700:700,976.0000,,美容・コスメ・香水 > ボディケア > 石けん・ボディソープ,ボディソープ 入浴剤 ナチュラルバスセレクション 2000円を1220円(税別)OAB-20,,"ボディソープ(オリーブ)450ml×１<br>
バブ(森)×３・ゆず×３<br>
箱／230×255×65mm
<br><br>

<hr>

ガイドでは下記にカタログ状態での掲載が入っています。<br>
メーカー希望小売価格はメーカーカタログに基づいて掲載しています。<br>
諸事情により商品のデザイン、仕様が変わる場合があります。<br>発行者：(株)富永<br>
<img src=""http://image.rakuten.co.jp/kunkun/cabinet/todokawa/evidence17-3920.jpg"" alt=""風月カタログ掲載"" width=""120"">
<img src=""http://image.rakuten.co.jp/kunkun/cabinet/evidence17fuugetsut.jpg"" alt=""風月カタログ掲載"" width=""120"">

<hr>

ギフト品専門店でゴルフコンペ商品をゴルフ場へ送付、各種ブランド品を結婚式場へ送付、
快気内祝,満中陰志・香典のお返し、粗供養,御供、一周忌、三回忌、法事の引出物、
御中元、御歳暮、各種御礼<br>
<br>出産内祝、ご希望により、お名前のルビお付けいたします
<br>個別配送OK
<br>数量が多い場合は名簿をメールで、お送り頂いても結構です。
<br>

ギフト用の包装、のし紙、紙袋をご希望により無料サービス！ <BR>
満中陰志等の挨拶状は、商品個数10個より無料でお付けいたしますのでお申し出下さい。
<br>

○メール便対応不可商品です。<br><br>

<center>
<img src=""http://www.rakuten.ne.jp/gold/kunkun/src/baglist_all.jpg"" alt=""紙袋サービス"" width=""400"">
</center>",ボディソープ 入浴剤 ナチュラルバスセレクション 2000円を1220円(税別)OAB-20：ギフトショップくんくん,通信販売通販ショッピングオンラインショッピング買い物プレゼントギフト贈り物贈答品お中元お歳暮お買い得メッセージカードにオリジナルのメッセージをお入れします。カード絵柄は掲載の中からお選び下さい。出産の内祝などに写真入りメッセージカード作成出来ます。絵柄も掲載中のカードよりお選び頂けます。法要・満中陰志・粗供養などのお返し・贈り物・引き出物にお付けする奉書ご挨拶状無料サービス致しますおまとめ送り・個別配送どちらも出来ます。大量注文の場合はメールからでもご注文頂けます。日本茶 緑茶 銘茶 セット 詰合せ 各産地 嬉野茶 知覧茶 八女茶 宇治茶 福岡 佐賀 京都 鹿児島食品 洋菓子 スイーツ カステラ ケーキ クッキー ワッフル バウムクーヘン プリン プチガトー ゴーフレット 焼き菓子 詰合せ セット アラカルト プレミアム ご褒美 銀座千疋屋 金沢フレドナール アソート カフェ パティシエ食品 和菓子 せんべい おかき かりんとう あられ ようかん 抹茶 ごま きなこ 黒糖 十穀 野菜 銘菓 バラエティ セット 詰合せ 小川一歩堂 みゆき堂本舗 杵松 銘菓 老舗食品 調味料 醤油 つゆ だし めんつゆ あごだし サラダ油 オリーブ油 健康油 キャノーラ油 ぽん酢 日清 飛騨高山 大森屋 ＨＯＫＯ 味の素 ヤマキ 永谷園 和風 洋風めん 麺 そうめん うどん そば 蕎麦 パスタ スパゲティ 日清 三輪そうめん 島原そうめん 手延べそうめん 讃岐うどん 佃煮 昆布 珍味 かつお 漬物 京つけもの 大安 千丸屋 小山園 北屋 ツルヒョー 小山醸造 こいくち はんなり 日本の味 お茶漬け 鮭 梅 のり 海鮮 鶏だし わさび たかな しじみ あさり ちりめん 紅ずわいがに 缶詰 瓶詰 美味　贅沢 鰹節 南高梅 紀州 北海道食品 味付海苔 ふりかけ 茶漬け 有明海産 白子海苔 大森屋 匠 ご飯の友 洗剤 台所 バス 洗濯 キッチン セット 詰合せ 花王 ライオン Ｐ＆Ｇ フロッシュ アタック ニュービーズ ダウニー アリエール ナノックス ハイジア 汚れ ニオイ 除菌 消臭 防臭 抗菌 コンパクト洗剤 スピードコース 時短 エコ ランドリー ボールド 香り プレミアム 部屋干し せっけん 石鹸 シャンプー ヘアケア 入浴剤 無添加 効き湯 きき湯 薬用入浴剤 温泉 リラックス 疲労回復 ご褒美 癒し 四季折々産地別全国銘茶味めぐり 嬉野茶 静岡茶 宇治茶 京都 伊勢茶・鹿児島茶 八女茶 福岡県 玉露 煎茶 ほうじ茶 健康茶コーナー 黒豆茶 クミスクチン茶 減肥ナタ豆茶食品 洗剤 石鹸 繊維 インテリア アイデアグッズ 陶器 ガラス 漆器 家庭用品 金物 アメニティ＆アウトドア 販売促進用品等日本茶 コーヒー 紅茶 ブルマン ブラジル コロンビア モカ アメリカン スペシャル ブレンド　神社用撤饌名入れタオル 粗供養品各種卸 小売 お茶 砂糖 ハンカチ タオル 金封 筆ペンセット ミニタオル ソックス パンスト 詰合せわせ スティックシュガー大阪府泉州 堺市 美原区 和泉市 泉大津市 忠岡町 岸和田市 貝塚市 熊取町 泉佐野市 泉南市 阪南市 河内長野市 富田林市満中陰志 内祝 お茶 香典返し 選べるカタログ最安値 ギフトピア茶夢 かきもと京茶園 カタログギフト出産 結婚 母の日 父の日 内祝 敬老 粗供養 御供 満中陰 退職 贈答品 ギフト 贈り物 御祝 引っ越し お返し 御礼 ゴルフコンペ商品 引き出物ボディソープ 入浴剤 ナチュラルバスセレクション 2000円を1220円(税別)OAB-20,◆お買い上げ金額が多くなれば送料がどんどん安くなります。。ボディソープ 入浴剤 ナチュラルバスセレクション 2000円を1220円(税別)OAB-20[rn]
11-5496,http://tshop.r10s.jp/kunkun/cabinet/todokawa/17-3921-72r.jpg?fitin=700:700,2440.0000,,美容・コスメ・香水 > ボディケア > 石けん・ボディソープ,ボディソープ ELLE MAISON ボディソープセット 5000円を3050円(税別)EL-50E,,"ボディソープ(ローズマリー)450ml×２、<br>
(タイム・カモミール)450ml×各１、<br>
箱／455×365×55mm
<br><br>

<hr>

ガイドでは下記にカタログ状態での掲載が入っています。<br>
メーカー希望小売価格はメーカーカタログに基づいて掲載しています。<br>
諸事情により商品のデザイン、仕様が変わる場合があります。<br>発行者：(株)富永<br>
<img src=""http://www.rakuten.ne.jp/gold/kunkun/src/img/evidence17-3921.jpg"" alt=""風月カタログ掲載"" width=""120"">
<img src=""http://www.rakuten.ne.jp/gold/kunkun/src/img/evidence17fuugetsut.jpg"" alt=""風月カタログ掲載"" width=""120"">

<hr>

ギフト品専門店でゴルフコンペ商品をゴルフ場へ送付、各種ブランド品を結婚式場へ送付、
快気内祝,満中陰志・香典のお返し、粗供養,御供、一周忌、三回忌、法事の引出物、
御中元、御歳暮、各種御礼<br>
<br>出産内祝、ご希望により、お名前のルビお付けいたします
<br>個別配送OK
<br>数量が多い場合は名簿をメールで、お送り頂いても結構です。
<br>

ギフト用の包装、のし紙、紙袋をご希望により無料サービス！ <BR>
満中陰志等の挨拶状は、商品個数10個より無料でお付けいたしますのでお申し出下さい。
<br>

○メール便対応不可商品です。<br><br>

<center>
<img src=""http://www.rakuten.ne.jp/gold/kunkun/src/baglist_all.jpg"" alt=""紙袋サービス"" width=""400"">
</center>",ボディソープ ELLE MAISON ボディソープセット 5000円を3050円(税別)EL-50E：ギフトショップくんくん,通信販売通販ショッピングオンラインショッピング買い物プレゼントギフト贈り物贈答品お中元お歳暮お買い得メッセージカードにオリジナルのメッセージをお入れします。カード絵柄は掲載の中からお選び下さい。出産の内祝などに写真入りメッセージカード作成出来ます。絵柄も掲載中のカードよりお選び頂けます。法要・満中陰志・粗供養などのお返し・贈り物・引き出物にお付けする奉書ご挨拶状無料サービス致しますおまとめ送り・個別配送どちらも出来ます。大量注文の場合はメールからでもご注文頂けます。日本茶 緑茶 銘茶 セット 詰合せ 各産地 嬉野茶 知覧茶 八女茶 宇治茶 福岡 佐賀 京都 鹿児島食品 洋菓子 スイーツ カステラ ケーキ クッキー ワッフル バウムクーヘン プリン プチガトー ゴーフレット 焼き菓子 詰合せ セット アラカルト プレミアム ご褒美 銀座千疋屋 金沢フレドナール アソート カフェ パティシエ食品 和菓子 せんべい おかき かりんとう あられ ようかん 抹茶 ごま きなこ 黒糖 十穀 野菜 銘菓 バラエティ セット 詰合せ 小川一歩堂 みゆき堂本舗 杵松 銘菓 老舗食品 調味料 醤油 つゆ だし めんつゆ あごだし サラダ油 オリーブ油 健康油 キャノーラ油 ぽん酢 日清 飛騨高山 大森屋 ＨＯＫＯ 味の素 ヤマキ 永谷園 和風 洋風めん 麺 そうめん うどん そば 蕎麦 パスタ スパゲティ 日清 三輪そうめん 島原そうめん 手延べそうめん 讃岐うどん 佃煮 昆布 珍味 かつお 漬物 京つけもの 大安 千丸屋 小山園 北屋 ツルヒョー 小山醸造 こいくち はんなり 日本の味 お茶漬け 鮭 梅 のり 海鮮 鶏だし わさび たかな しじみ あさり ちりめん 紅ずわいがに 缶詰 瓶詰 美味　贅沢 鰹節 南高梅 紀州 北海道食品 味付海苔 ふりかけ 茶漬け 有明海産 白子海苔 大森屋 匠 ご飯の友 洗剤 台所 バス 洗濯 キッチン セット 詰合せ 花王 ライオン Ｐ＆Ｇ フロッシュ アタック ニュービーズ ダウニー アリエール ナノックス ハイジア 汚れ ニオイ 除菌 消臭 防臭 抗菌 コンパクト洗剤 スピードコース 時短 エコ ランドリー ボールド 香り プレミアム 部屋干し せっけん 石鹸 シャンプー ヘアケア 入浴剤 無添加 効き湯 きき湯 薬用入浴剤 温泉 リラックス 疲労回復 ご褒美 癒し 四季折々産地別全国銘茶味めぐり 嬉野茶 静岡茶 宇治茶 京都 伊勢茶・鹿児島茶 八女茶 福岡県 玉露 煎茶 ほうじ茶 健康茶コーナー 黒豆茶 クミスクチン茶 減肥ナタ豆茶食品 洗剤 石鹸 繊維 インテリア アイデアグッズ 陶器 ガラス 漆器 家庭用品 金物 アメニティ＆アウトドア 販売促進用品等日本茶 コーヒー 紅茶 ブルマン ブラジル コロンビア モカ アメリカン スペシャル ブレンド　神社用撤饌名入れタオル 粗供養品各種卸 小売 お茶 砂糖 ハンカチ タオル 金封 筆ペンセット ミニタオル ソックス パンスト 詰合せわせ スティックシュガー大阪府泉州 堺市 美原区 和泉市 泉大津市 忠岡町 岸和田市 貝塚市 熊取町 泉佐野市 泉南市 阪南市 河内長野市 富田林市満中陰志 内祝 お茶 香典返し 選べるカタログ最安値 ギフトピア茶夢 かきもと京茶園 カタログギフト出産 結婚 母の日 父の日 内祝 敬老 粗供養 御供 満中陰 退職 贈答品 ギフト 贈り物 御祝 引っ越し お返し 御礼 ゴルフコンペ商品 引き出物ボディソープ ELLE MAISON ボディソープセット 5000円を3050円(税別)EL-50E,◆お買い上げ金額が多くなれば送料がどんどん安くなります。。ボディソープ ELLE MAISON ボディソープセット 5000円を3050円(税別)EL-50E[rn]
11-5497,http://tshop.r10s.jp/kunkun/cabinet/todokawa/17-3920-44.jpg?fitin=700:700,732.0000,,美容・コスメ・香水 > ボディケア > 石けん・ボディソープ,石けん ボディタオル 日比谷花壇プロデュース フローラルソープ＆バスタイムセット1500円を915円(税別)HFBT-15,,"フローラルソープ：ノーブルな香り80g×１<br>
　　　　　　　　フレッシュな香り80g×１<br>
　　　　　　　　エレガントな香り80g×１<br>

花の香入浴剤(ラベンダー)25ｇ×５<br>
ボディタオル×１<br>
箱／195×291×32mm
<br><br>

<hr>

ガイドでは下記にカタログ状態での掲載が入っています。<br>
メーカー希望小売価格はメーカーカタログに基づいて掲載しています。<br>
諸事情により商品のデザイン、仕様が変わる場合があります。<br>発行者：(株)富永<br>
<img src=""http://image.rakuten.co.jp/kunkun/cabinet/todokawa/evidence17-3920.jpg"" alt=""風月カタログ掲載"" width=""120"">
<img src=""http://image.rakuten.co.jp/kunkun/cabinet/evidence17fuugetsut.jpg"" alt=""風月カタログ掲載"" width=""120"">

<hr>

ギフト品専門店でゴルフコンペ商品をゴルフ場へ送付、各種ブランド品を結婚式場へ送付、
快気内祝,満中陰志・香典のお返し、粗供養,御供、一周忌、三回忌、法事の引出物、
御中元、御歳暮、各種御礼<br>
<br>出産内祝、ご希望により、お名前のルビお付けいたします
<br>個別配送OK
<br>数量が多い場合は名簿をメールで、お送り頂いても結構です。
<br>

ギフト用の包装、のし紙、紙袋をご希望により無料サービス！ <BR>
満中陰志等の挨拶状は、商品個数10個より無料でお付けいたしますのでお申し出下さい。
<br>

○メール便対応不可商品です。<br><br>

<center>
<img src=""http://www.rakuten.ne.jp/gold/kunkun/src/baglist_all.jpg"" alt=""紙袋サービス"" width=""400"">
</center>",石けん ボディタオル 日比谷花壇プロデュース フローラルソープ＆バスタイムセット1500円を915円(税別)HFBT-15：ギフトショップくんくん,通信販売通販ショッピングオンラインショッピング買い物プレゼントギフト贈り物贈答品お中元お歳暮お買い得メッセージカードにオリジナルのメッセージをお入れします。カード絵柄は掲載の中からお選び下さい。出産の内祝などに写真入りメッセージカード作成出来ます。絵柄も掲載中のカードよりお選び頂けます。法要・満中陰志・粗供養などのお返し・贈り物・引き出物にお付けする奉書ご挨拶状無料サービス致しますおまとめ送り・個別配送どちらも出来ます。大量注文の場合はメールからでもご注文頂けます。日本茶 緑茶 銘茶 セット 詰合せ 各産地 嬉野茶 知覧茶 八女茶 宇治茶 福岡 佐賀 京都 鹿児島食品 洋菓子 スイーツ カステラ ケーキ クッキー ワッフル バウムクーヘン プリン プチガトー ゴーフレット 焼き菓子 詰合せ セット アラカルト プレミアム ご褒美 銀座千疋屋 金沢フレドナール アソート カフェ パティシエ食品 和菓子 せんべい おかき かりんとう あられ ようかん 抹茶 ごま きなこ 黒糖 十穀 野菜 銘菓 バラエティ セット 詰合せ 小川一歩堂 みゆき堂本舗 杵松 銘菓 老舗食品 調味料 醤油 つゆ だし めんつゆ あごだし サラダ油 オリーブ油 健康油 キャノーラ油 ぽん酢 日清 飛騨高山 大森屋 ＨＯＫＯ 味の素 ヤマキ 永谷園 和風 洋風めん 麺 そうめん うどん そば 蕎麦 パスタ スパゲティ 日清 三輪そうめん 島原そうめん 手延べそうめん 讃岐うどん 佃煮 昆布 珍味 かつお 漬物 京つけもの 大安 千丸屋 小山園 北屋 ツルヒョー 小山醸造 こいくち はんなり 日本の味 お茶漬け 鮭 梅 のり 海鮮 鶏だし わさび たかな しじみ あさり ちりめん 紅ずわいがに 缶詰 瓶詰 美味　贅沢 鰹節 南高梅 紀州 北海道食品 味付海苔 ふりかけ 茶漬け 有明海産 白子海苔 大森屋 匠 ご飯の友 洗剤 台所 バス 洗濯 キッチン セット 詰合せ 花王 ライオン Ｐ＆Ｇ フロッシュ アタック ニュービーズ ダウニー アリエール ナノックス ハイジア 汚れ ニオイ 除菌 消臭 防臭 抗菌 コンパクト洗剤 スピードコース 時短 エコ ランドリー ボールド 香り プレミアム 部屋干し せっけん 石鹸 シャンプー ヘアケア 入浴剤 無添加 効き湯 きき湯 薬用入浴剤 温泉 リラックス 疲労回復 ご褒美 癒し 四季折々産地別全国銘茶味めぐり 嬉野茶 静岡茶 宇治茶 京都 伊勢茶・鹿児島茶 八女茶 福岡県 玉露 煎茶 ほうじ茶 健康茶コーナー 黒豆茶 クミスクチン茶 減肥ナタ豆茶食品 洗剤 石鹸 繊維 インテリア アイデアグッズ 陶器 ガラス 漆器 家庭用品 金物 アメニティ＆アウトドア 販売促進用品等日本茶 コーヒー 紅茶 ブルマン ブラジル コロンビア モカ アメリカン スペシャル ブレンド　神社用撤饌名入れタオル 粗供養品各種卸 小売 お茶 砂糖 ハンカチ タオル 金封 筆ペンセット ミニタオル ソックス パンスト 詰合せわせ スティックシュガー大阪府泉州 堺市 美原区 和泉市 泉大津市 忠岡町 岸和田市 貝塚市 熊取町 泉佐野市 泉南市 阪南市 河内長野市 富田林市満中陰志 内祝 お茶 香典返し 選べるカタログ最安値 ギフトピア茶夢 かきもと京茶園 カタログギフト出産 結婚 母の日 父の日 内祝 敬老 粗供養 御供 満中陰 退職 贈答品 ギフト 贈り物 御祝 引っ越し お返し 御礼 ゴルフコンペ商品 引き出物石けん ボディタオル 日比谷花壇プロデュース フローラルソープ＆バスタイムセット1500円を915円(税別)HFBT-15,◆お買い上げ金額が多くなれば送料がどんどん安くなります。。石けん ボディタオル 日比谷花壇プロデュース フローラルソープ＆バスタイムセット1500円を915円(税別)HFBT-15[rn]
11-5498,http://tshop.r10s.jp/newton-style/cabinet/nolcorp_img/obhsl0501.jpg?fitin=700:700,1296.0000,,美容・コスメ・香水 > ボディケア > 石けん・ボディソープ,＼母の日ギフト★P20倍／プロバンス石鹸 母の日ギフト ハピエストスマイル プロヴァンス アルガンソープ サンクルギフト 石鹸 ギフト 固形石鹸 ソープ ギフト アルガン アルガン石鹸 プロヴァンス[倉庫A](メール便不可) 3000円以上 送料無料,,"<img src=""http://image.rakuten.co.jp/newton-style/cabinet/nolcorp_img/bn_happiest_smile.jpg"" width=""100%"">

<p><font size=""2"">親愛なるお母さんへ日ごろの感謝を込めて、香りのギフトHappiest Smileを贈りませんか。女性らしいデザインとカラーリング、柔らかな香りはきっとお母さんを笑顔にさせてくれます。</font></p>

<hr color=""#625d51"">

<font>母の日ギフト ハピエストスマイル プロヴァンス アルガンソープ サンクルギフトについて</font><br>
<br>
<p><font size=""2"">ラ・メゾンド・マルセイユからアルガンソープの母の日限定のギフトセット。このセットだけの特別な香りをご用意致しました。極上の香りと泡立ちをご堪能ください。</font></p>

<hr color=""#625d51"">

<font>商品スペック</font>
<font size=""2"">    
<table width=""300"" border=""0"" bgcolor=""#f3f1ef""><tr>
<td width=""75"">パッケージサイズ</td>
<td width=""215"" bgcolor=""#ffffff"">W86xD24xH106mm</td>
</tr><tr>
<td width=""75"">内容量</td>
<td width=""215"" bgcolor=""#ffffff"">ローズ/90gx1個<br>ママン/90gx1個</td>
</tr></table>
</font>

<hr color=""#625d51"">

<p><font size=""1"">【アイテムキーワード】　プロバンス 石鹸 プロバンス石鹸 石鹸 ギフト 固形石鹸 ソープ ギフト アルガン アルガン石鹸 プロヴァンス ハピエストスマイル まとめ買い 大量購入 ノルコーポレーション</font></p><br><br><img src=""http://image.rakuten.co.jp/newton-style/cabinet/retail_img/nomail_141117_s.gif"" width=""100%"">",＼母の日ギフト★P20倍／プロバンス石鹸 母の日ギフト ハピエストスマイル プロヴァンス アルガンソープ サンクルギフト 石鹸 ギフト 固形石鹸 ソープ ギフト アルガン アルガン石鹸 プロヴァンス[倉庫A](メール便不可) 3000円以上 送料無料：雑貨メーカー直営店 NEWTON STYLE,通信販売通販ショッピングオンラインショッピング買い物プレゼントギフト贈り物贈答品お中元お歳暮お買い得雑貨科学コミュニケーションサイエンスニュートンスタイルおもちゃ遊んで学べるインテリア知育玩具教育NEWTON STYLE実験研究脳トレ右脳自由研究理科宇宙知能＼母の日ギフト★P20倍／プロバンス石鹸 母の日ギフト ハピエストスマイル プロヴァンス アルガンソープ サンクルギフト 石鹸 ギフト 固形石鹸 ソープ ギフト アルガン アルガン石鹸 プロヴァンス[倉庫A](メール便不可) 3000円以上 送料無料,石鹸 ギフト 固形石鹸 ソープ ギフト アルガン アルガン石鹸 プ 。＼母の日ギフト★P20倍／プロバンス石鹸 母の日ギフト ハピエストスマイル プロヴァンス アルガンソープ サンクルギフト 石鹸 ギフト 固形石鹸 ソープ ギフト アルガン アルガン石鹸 プロヴァンス[倉庫A](メール便不可) 3000円以上 送料無料[rn]
11-5499,http://tshop.r10s.jp/newton-style/cabinet/nolcorp_img/001/oztez01.jpg?fitin=700:700,1036.8000,,美容・コスメ・香水 > ボディケア > 石けん・ボディソープ,＼新生活応援★ポイント10倍／除菌 石鹸 ジェル ボディケア ギフト  ホテルズ アメニティセット まとめ買い 大量買い ノルコーポレーション [倉庫A] (メール便不可) 3000円以上 送料無料 新生活におススメ,,"<img src=""http://image.rakuten.co.jp/newton-style/cabinet/bn_img/bn_hotels.jpg"" width=""100%"">

<p><font size=""2"">「 Hotel's 」 日常から非日常へ。　ホテルスタイルのようなラグジュアリーな気分を誘うホテルシリーズに新作のフレグランスとバスアイテムが登場しました。</font></p>

<hr color=""#625d51"">

<font>ホテルズ アメニティセットについて</font><br>
<br>
<p><font size=""2"">除菌ジェルとハンドソープのセットです。手先から優雅な香りで包み込みます。</font></p>

<hr color=""#625d51"">

<font>商品スペック</font>
<font size=""2"">    
<table width=""300"" border=""0"" bgcolor=""#f3f1ef""><tr>
<td width=""75"">商品サイズ</td>
<td width=""215"" bgcolor=""#ffffff"">パッケージサイズ：W136xD109xH35mm</td>
</tr><tr>
<td width=""75"">内容量</td>
<td width=""215"" bgcolor=""#ffffff"">27ml</td>
</tr></table>
</font>

<hr color=""#625d51"">

<p><font size=""1"">【アイテムキーワード】　除菌 石鹸 ジェル ボディケア ギフト まとめ買い 大量買い ノルコーポレーション</font></p><br><br><img src=""http://image.rakuten.co.jp/newton-style/cabinet/retail_img/cartbn_gift.gif"" width=""100%"">",＼新生活応援★ポイント10倍／除菌 石鹸 ジェル ボディケア ギフト  ホテルズ アメニティセット まとめ買い 大量買い ノルコーポレーション [倉庫A] (メール便不可) 3000円以上 送料無料 新生活におススメ：雑貨メーカー直営店 NEWTON STYLE,通信販売通販ショッピングオンラインショッピング買い物プレゼントギフト贈り物贈答品お中元お歳暮お買い得雑貨科学コミュニケーションサイエンスニュートンスタイルおもちゃ遊んで学べるインテリア知育玩具教育NEWTON STYLE実験研究脳トレ右脳自由研究理科宇宙知能＼新生活応援★ポイント10倍／除菌 石鹸 ジェル ボディケア ギフト  ホテルズ アメニティセット まとめ買い 大量買い ノルコーポレーション [倉庫A] (メール便不可) 3000円以上 送料無料 新生活におススメ,除菌 石鹸 ジェル ボディケア ギフト まとめ買い 大量買い ノル 。＼新生活応援★ポイント10倍／除菌 石鹸 ジェル ボディケア ギフト  ホテルズ アメニティセット まとめ買い 大量買い ノルコーポレーション [倉庫A] (メール便不可) 3000円以上 送料無料 新生活におススメ[rn]
11-5500,http://tshop.r10s.jp/newton-style/cabinet/nolcorp_img/002/obezp01.jpg?fitin=700:700,777.6000,,美容・コスメ・香水 > ボディケア > 石けん・ボディソープ,＼母の日ギフト★P10倍／ボタニカル 美容 アンチエイジング ホテルズ ラグジュアリーリゾートボディーソープ まとめ買い 大量買い ノルコーポレーション [倉庫A] (メール便不可) 3000円以上 送料無料,,"<img src=""http://image.rakuten.co.jp/newton-style/cabinet/bn_img/bn_hotels.jpg"" width=""100%"">

<p><font size=""2"">「 Hotel's 」 日常から非日常へ。　ホテルスタイルのようなラグジュアリーな気分を誘うホテルシリーズに新作のバスアイテムが登場しました。</font></p>
<hr color=""#625d51"">

<font>ホテルズ ラグジュアリーリゾートボディーソープについて</font><br>
<br>
<p><font size=""2"">潤いの輝く肌へ<br>
ラグジュアリー気分なアロマと泡立ちのボディーソープ。ボタニカルオイルが潤いの輝く肌を実現させます。<br>
<br>
ボタニカルオイル配合<br>
ココナッツオイル(ヤシ油)/ホホバオイル(ホホバ種子油)/オリーブオイル(オリーブ果実油)/グレープシードオイル(ブドウ種子油)</font></p>

<hr color=""#625d51"">

<font>商品スペック</font>
<font size=""2"">    
<table width=""100%"" border=""0"" bgcolor=""#f3f1ef""><tr>
<td width=""25%"">商品サイズ</td>
<td width=""75%"" bgcolor=""#ffffff"">W80xD80xH185mm</td>
</tr><tr>
<td width=""25%"">内容量</td>
<td width=""75%"" bgcolor=""#ffffff"">550ml</td>
</tr></table>
</font>

<hr color=""#625d51"">

<p><font size=""1"">【アイテムキーワード】　ボタニカル 美容 アンチエイジング まとめ買い 大量買い ノルコーポレーション</font></p>

<hr color=""#625d51"">
    
        
        <img src=""http://image.rakuten.co.jp/newton-style/cabinet/bn_img/bn_hotels.jpg"" width=""100%"">
        <p>＞＞関連アイテムはこちら</p>",＼母の日ギフト★P10倍／ボタニカル 美容 アンチエイジング ホテルズ ラグジュアリーリゾートボディーソープ まとめ買い 大量買い ノルコーポレーション [倉庫A] (メール便不可) 3000円以上 送料無料：雑貨メーカー直営店 NEWTON STYLE,通信販売通販ショッピングオンラインショッピング買い物プレゼントギフト贈り物贈答品お中元お歳暮お買い得雑貨科学コミュニケーションサイエンスニュートンスタイルおもちゃ遊んで学べるインテリア知育玩具教育NEWTON STYLE実験研究脳トレ右脳自由研究理科宇宙知能＼母の日ギフト★P10倍／ボタニカル 美容 アンチエイジング ホテルズ ラグジュアリーリゾートボディーソープ まとめ買い 大量買い ノルコーポレーション [倉庫A] (メール便不可) 3000円以上 送料無料,ボタニカル 美容 アンチエイジング まとめ買い 大量買い ノルコ 。＼母の日ギフト★P10倍／ボタニカル 美容 アンチエイジング ホテルズ ラグジュアリーリゾートボディーソープ まとめ買い 大量買い ノルコーポレーション [倉庫A] (メール便不可) 3000円以上 送料無料[rn]
