17-147199,http://tshop.r10s.jp/hotroadparts/cabinet/1408/7140821552_1.jpg?fitin=700:700,1356.0000,,車用品・バイク用品 > カー用品 > 外装パーツ > エンブレム > ホンダ用,HASEPRO/ハセプロ：マジカルカーボン リアエンブレム ステップワゴン ゼストスパーク モビリオ アンドロメダ/CEH-16AD/,【メール便選択で送料200円】,マジカルカーボンを使用したエンブレム。<br><br>車種専用にデザインカットされていますので、<br>そのまま貼りつけるだけで 簡単にイメージチェンジが出来ます。 <br><br>■マジカルカーボンとは？<br>本物のカーボン繊維を使用し、特許技術製法により<br>緩やかな曲面・段差にも貼り付け可能にした商品です。<br>ドレスアップに加え、ボディの保護にも抜群の効果を発揮いたします。<br><br>■注意<br>商品画像は、イメージ写真です。<br>商品には、カーボンのみでエンブレムは付属しません。<br><br>アンドロメダ(マジョーラカラー)は見る角度により見え方が変わる<br>特殊塗料を使用したカーボンです。<br>画像は色の変化をイメージした合成写真の為、実際の商品の<br>見え方とは事なりますので予めご了承下さい。<br><br>■適合車種<br>・ステップワゴン RF3・4 (MC後) 年式：2003.6～2005.4<br>・ゼストスパーク JE1・2 年式：2008.12～<br>・モビリオ LA-GB1・2 (MC前) 年式：2001.12～2004.11<br><br><br>,HASEPRO/ハセプロ：マジカルカーボン リアエンブレム ステップワゴン ゼストスパーク モビリオ アンドロメダ/CEH-16AD/：カー用品通販のホットロードパーツ,HASEPRO/ハセプロ：マジカルカーボン リアエンブレム ステップワゴン ゼストスパーク モビリオ アンドロメダ/CEH-16AD/,【メール便選択で送料200円】。HASEPRO/ハセプロ：マジカルカーボン リアエンブレム ステップワゴン ゼストスパーク モビリオ アンドロメダ/CEH-16AD/[rn]
17-147200,http://tshop.r10s.jp/hotroadparts/cabinet/1409/7140911911_1.jpg?fitin=700:700,1204.0000,,車用品・バイク用品 > カー用品 > 外装パーツ > エンブレム > ホンダ用,HASEPRO/ハセプロ：マジカルカーボン フロント エンブレム ホンダ ガンメタ/CEFH-9GU/,【メール便選択で送料200円】,マジカルカーボン フロントエンブレム<br><br><br>■適応車種■<br><br>・オデッセイ RB3/4(2008.10～)<br><br><br>カラー：ガンメタ<br>内容量：1枚入り<br><br>メーカー：HASEPRO/ハセ・プロ<br>品番：CEFH-9GU<br><br>,HASEPRO/ハセプロ：マジカルカーボン フロント エンブレム ホンダ ガンメタ/CEFH-9GU/：カー用品通販のホットロードパーツ,HASEPRO/ハセプロ：マジカルカーボン フロント エンブレム ホンダ ガンメタ/CEFH-9GU/,【メール便選択で送料200円】。HASEPRO/ハセプロ：マジカルカーボン フロント エンブレム ホンダ ガンメタ/CEFH-9GU/[rn]
17-147201,http://tshop.r10s.jp/hotroadparts/cabinet/1408/7140821556_1.jpg?fitin=700:700,1204.0000,,車用品・バイク用品 > カー用品 > 外装パーツ > エンブレム > ホンダ用,HASEPRO/ハセプロ：マジカルカーボン リアエンブレム ステップワゴン ゼストスパーク モビリオ ピンク/CEH-16P/,【メール便選択で送料200円】,マジカルカーボンを使用したエンブレム。<br><br>車種専用にデザインカットされていますので、<br>そのまま貼りつけるだけで 簡単にイメージチェンジが出来ます。 <br><br>■マジカルカーボンとは？<br>本物のカーボン繊維を使用し、特許技術製法により<br>緩やかな曲面・段差にも貼り付け可能にした商品です。<br>ドレスアップに加え、ボディの保護にも抜群の効果を発揮いたします。<br><br>■注意<br>商品画像は、イメージ写真です。<br>商品には、カーボンのみでエンブレムは付属しません。<br><br>■適合車種<br>・ステップワゴン RF3・4 (MC後) 年式：2003.6～2005.4<br>・ゼストスパーク JE1・2 年式：2008.12～<br>・モビリオ LA-GB1・2 (MC前) 年式：2001.12～2004.11<br><br><br>,HASEPRO/ハセプロ：マジカルカーボン リアエンブレム ステップワゴン ゼストスパーク モビリオ ピンク/CEH-16P/：カー用品通販のホットロードパーツ,HASEPRO/ハセプロ：マジカルカーボン リアエンブレム ステップワゴン ゼストスパーク モビリオ ピンク/CEH-16P/,【メール便選択で送料200円】。HASEPRO/ハセプロ：マジカルカーボン リアエンブレム ステップワゴン ゼストスパーク モビリオ ピンク/CEH-16P/[rn]
17-147202,http://tshop.r10s.jp/hotroadparts/cabinet/1409/7140910900_1.jpg?fitin=700:700,1204.0000,,車用品・バイク用品 > カー用品 > 外装パーツ > エンブレム > ホンダ用,HASEPRO/ハセプロ：マジカルカーボン フロント エンブレム ホンダ ブラック/CEFH-16/,【メール便選択で送料200円】,マジカルカーボン フロントエンブレム<br><br><br>■適応車種■<br><br>・ゼストスパーク JE1・2(2008.12～)<br><br><br>カラー：ブラック<br>内容量：1枚入り<br><br>メーカー：HASEPRO/ハセ・プロ<br>品番：CEFH-16<br><br>,HASEPRO/ハセプロ：マジカルカーボン フロント エンブレム ホンダ ブラック/CEFH-16/：カー用品通販のホットロードパーツ,HASEPRO/ハセプロ：マジカルカーボン フロント エンブレム ホンダ ブラック/CEFH-16/,【メール便選択で送料200円】。HASEPRO/ハセプロ：マジカルカーボン フロント エンブレム ホンダ ブラック/CEFH-16/[rn]
17-147203,http://tshop.r10s.jp/hotroadparts/cabinet/1409/7140910980_1.jpg?fitin=700:700,1204.0000,,車用品・バイク用品 > カー用品 > 外装パーツ > エンブレム > ホンダ用,HASEPRO/ハセプロ：マジカルカーボン フロント エンブレム ホンダ ブラック/CEFH-7/,【メール便選択で送料200円】,マジカルカーボン フロントエンブレム<br><br><br>■適応車種■<br><br>・オデッセイ RB1・2 MC前(2003.10～2006.3)<br><br><br>カラー：ブラック<br>内容量：1枚入り<br><br>メーカー：HASEPRO/ハセ・プロ<br>品番：CEFH-7<br><br>,HASEPRO/ハセプロ：マジカルカーボン フロント エンブレム ホンダ ブラック/CEFH-7/：カー用品通販のホットロードパーツ,HASEPRO/ハセプロ：マジカルカーボン フロント エンブレム ホンダ ブラック/CEFH-7/,【メール便選択で送料200円】。HASEPRO/ハセプロ：マジカルカーボン フロント エンブレム ホンダ ブラック/CEFH-7/[rn]
17-147204,http://tshop.r10s.jp/hotroadparts/cabinet/1409/7140910917_1.jpg?fitin=700:700,1356.0000,,車用品・バイク用品 > カー用品 > 外装パーツ > エンブレム > ホンダ用,HASEPRO/ハセプロ：マジカルカーボン フロント エンブレム ホンダ アンドロメダ/CEFH-18AD/,【メール便選択で送料200円】,マジカルカーボン フロントエンブレム<br><br><br>■適応車種■<br><br>・フィットハイブリッド GP5(2013.9～)<br><br>・フィット GK3～6(2013.9～)<br><br><br>カラー：マジョーラカラー/アンドロメダ<br>内容量：1枚入り<br><br>メーカー：HASEPRO/ハセ・プロ<br>品番：CEFH-18AD<br><br>,HASEPRO/ハセプロ：マジカルカーボン フロント エンブレム ホンダ アンドロメダ/CEFH-18AD/：カー用品通販のホットロードパーツ,HASEPRO/ハセプロ：マジカルカーボン フロント エンブレム ホンダ アンドロメダ/CEFH-18AD/,【メール便選択で送料200円】。HASEPRO/ハセプロ：マジカルカーボン フロント エンブレム ホンダ アンドロメダ/CEFH-18AD/[rn]
17-147205,http://tshop.r10s.jp/hotroadparts/cabinet/1408/7140821585_1.jpg?fitin=700:700,1356.0000,,車用品・バイク用品 > カー用品 > 外装パーツ > エンブレム > ホンダ用,HASEPRO/ハセプロ：マジカルカーボン リアエンブレム フリードGB3･4 フリードスパイクGB3･4 シビック EU3･4 マゼラン/CEH-19MZ/,【メール便選択で送料200円】,マジカルカーボンを使用したエンブレム。<br><br>車種専用にデザインカットされていますので、<br>そのまま貼りつけるだけで 簡単にイメージチェンジが出来ます。 <br><br>■マジカルカーボンとは？<br>本物のカーボン繊維を使用し、特許技術製法により<br>緩やかな曲面・段差にも貼り付け可能にした商品です。<br>ドレスアップに加え、ボディの保護にも抜群の効果を発揮いたします。<br><br>■注意<br>商品画像は、イメージ写真です。<br>商品には、カーボンのみでエンブレムは付属しません。<br><br>マゼラン(マジョーラカラー)は見る角度により見え方が変わる<br>特殊塗料を使用したカーボンです。<br>画像は色の変化をイメージした合成写真の為、実際の商品の<br>見え方とは事なりますので予めご了承下さい。<br><br>■適合車種<br>・フリードGB3・4 年式：2008.5～<br>・フリードスパイクGB3・4 年式：2010.7～<br>・シビック EU3・4 年式：2003.9～2005.9<br><br><br>,HASEPRO/ハセプロ：マジカルカーボン リアエンブレム フリードGB3･4 フリードスパイクGB3･4 シビック EU3･4 マゼラン/CEH-19MZ/：カー用品通販のホットロードパーツ,HASEPRO/ハセプロ：マジカルカーボン リアエンブレム フリードGB3･4 フリードスパイクGB3･4 シビック EU3･4 マゼラン/CEH-19MZ/,【メール便選択で送料200円】。HASEPRO/ハセプロ：マジカルカーボン リアエンブレム フリードGB3･4 フリードスパイクGB3･4 シビック EU3･4 マゼラン/CEH-19MZ/[rn]
17-147206,http://tshop.r10s.jp/hotroadparts/cabinet/1409/7140910962_1.jpg?fitin=700:700,1204.0000,,車用品・バイク用品 > カー用品 > 外装パーツ > エンブレム > ホンダ用,HASEPRO/ハセプロ：マジカルカーボン フロント エンブレム ホンダ レッド/CEFH-4R/,【メール便選択で送料200円】,マジカルカーボン フロントエンブレム<br><br><br>■適応車種■<br><br>・ホンダ オデッセイ RB1・2 MC後(2006.4～2008.9)<br><br><br>カラー：レッド<br>内容量：1枚入り<br><br>メーカー：HASEPRO/ハセ・プロ<br>品番：CEFH-4R<br><br>,HASEPRO/ハセプロ：マジカルカーボン フロント エンブレム ホンダ レッド/CEFH-4R/：カー用品通販のホットロードパーツ,HASEPRO/ハセプロ：マジカルカーボン フロント エンブレム ホンダ レッド/CEFH-4R/,【メール便選択で送料200円】。HASEPRO/ハセプロ：マジカルカーボン フロント エンブレム ホンダ レッド/CEFH-4R/[rn]
17-147207,http://tshop.r10s.jp/hotroadparts/cabinet/1409/7140910950_1.jpg?fitin=700:700,1204.0000,,車用品・バイク用品 > カー用品 > 外装パーツ > エンブレム > ホンダ用,HASEPRO/ハセプロ：マジカルカーボン フロント エンブレム ホンダ ブルー/CEFH-3B/,【メール便選択で送料200円】,マジカルカーボン フロントエンブレム<br><br><br>■適応車種■<br><br>・ライフ JB5・6・7・8 (ディーバ仕様除く) (2003.9～)<br><br><br>カラー：ブルー<br>内容量：1枚入り<br><br>メーカー：HASEPRO/ハセ・プロ<br>品番：CEFH-3B<br><br>,HASEPRO/ハセプロ：マジカルカーボン フロント エンブレム ホンダ ブルー/CEFH-3B/：カー用品通販のホットロードパーツ,HASEPRO/ハセプロ：マジカルカーボン フロント エンブレム ホンダ ブルー/CEFH-3B/,【メール便選択で送料200円】。HASEPRO/ハセプロ：マジカルカーボン フロント エンブレム ホンダ ブルー/CEFH-3B/[rn]
17-147208,http://tshop.r10s.jp/hotroadparts/cabinet/1408/7140826912_1.jpg?fitin=700:700,1356.0000,,車用品・バイク用品 > カー用品 > 外装パーツ > エンブレム > ホンダ用,HASEPRO/ハセプロ：マジカルカーボン リアエンブレム ホンダ マゼラン/CEH-11MZ/,【メール便選択で送料200円】,マジカルカーボン リアエンブレム<br><br><br>■対応車種■<br><br>・バモス HM1・2(2007.2～)<br><br>・アコードツアラー CW1(2008.12～)<br><br><br>カラー：マジョーラカラー/マゼラン<br>内容量：1枚入り<br><br>メーカー：HASEPRO/ハセ・プロ<br>品番：CEH-11MZ<br><br>,HASEPRO/ハセプロ：マジカルカーボン リアエンブレム ホンダ マゼラン/CEH-11MZ/：カー用品通販のホットロードパーツ,HASEPRO/ハセプロ：マジカルカーボン リアエンブレム ホンダ マゼラン/CEH-11MZ/,【メール便選択で送料200円】。HASEPRO/ハセプロ：マジカルカーボン リアエンブレム ホンダ マゼラン/CEH-11MZ/[rn]
17-147209,http://tshop.r10s.jp/hotroadparts/cabinet/1409/7140930951_1.jpg?fitin=700:700,1204.0000,,車用品・バイク用品 > カー用品 > 外装パーツ > エンブレム > ホンダ用,HASEPRO/ハセプロ：マジカルカーボン リア エンブレム ホンダ ブラック/CEH-4/,【メール便選択で送料200円】,マジカルカーボン リアエンブレム<br><br><br>■対応車種■<br><br>・オデッセイ RA6・7・8・9(2001.11～2003.10)<br><br><br>カラー：ブラック<br>内容量：1枚入り<br><br>メーカー：HASEPRO/ハセ・プロ<br>品番：CEH-4<br><br>,HASEPRO/ハセプロ：マジカルカーボン リア エンブレム ホンダ ブラック/CEH-4/：カー用品通販のホットロードパーツ,HASEPRO/ハセプロ：マジカルカーボン リア エンブレム ホンダ ブラック/CEH-4/,【メール便選択で送料200円】。HASEPRO/ハセプロ：マジカルカーボン リア エンブレム ホンダ ブラック/CEH-4/[rn]
17-147210,http://tshop.r10s.jp/hotroadparts/cabinet/1409/7140910986_1.jpg?fitin=700:700,1204.0000,,車用品・バイク用品 > カー用品 > 外装パーツ > エンブレム > ホンダ用,HASEPRO/ハセプロ：マジカルカーボン フロント エンブレム ホンダ レッド/CEFH-7R/,【メール便選択で送料200円】,マジカルカーボン フロントエンブレム<br><br><br>■適応車種■<br><br>・オデッセイ RB1・2 MC前(2003.10～2006.3)<br><br><br>カラー：レッド<br>内容量：1枚入り<br><br>メーカー：HASEPRO/ハセ・プロ<br>品番：CEFH-7R<br><br>,HASEPRO/ハセプロ：マジカルカーボン フロント エンブレム ホンダ レッド/CEFH-7R/：カー用品通販のホットロードパーツ,HASEPRO/ハセプロ：マジカルカーボン フロント エンブレム ホンダ レッド/CEFH-7R/,【メール便選択で送料200円】。HASEPRO/ハセプロ：マジカルカーボン フロント エンブレム ホンダ レッド/CEFH-7R/[rn]
17-147211,http://tshop.r10s.jp/hotroadparts/cabinet/1409/7140930900_1.jpg?fitin=700:700,1356.0000,,車用品・バイク用品 > カー用品 > 外装パーツ > エンブレム > ホンダ用,HASEPRO/ハセプロ：マジカルカーボン リア エンブレム ホンダ アンドロメダ/CEH-1AD/,【メール便選択で送料200円】,マジカルカーボン リアエンブレム<br><br><br>■対応車種■<br><br>・オデッセイ RA1・2(1994.10～1997.7)<br><br><br>カラー：マジョーラカラー/アンドロメダ<br>内容量：1枚入り<br><br>メーカー：HASEPRO/ハセ・プロ<br>品番：CEH-1AD<br><br>,HASEPRO/ハセプロ：マジカルカーボン リア エンブレム ホンダ アンドロメダ/CEH-1AD/：カー用品通販のホットロードパーツ,HASEPRO/ハセプロ：マジカルカーボン リア エンブレム ホンダ アンドロメダ/CEH-1AD/,【メール便選択で送料200円】。HASEPRO/ハセプロ：マジカルカーボン リア エンブレム ホンダ アンドロメダ/CEH-1AD/[rn]
17-147212,http://tshop.r10s.jp/hotroadparts/cabinet/1407/7140718547_1.jpg?fitin=700:700,1204.0000,,車用品・バイク用品 > カー用品 > 外装パーツ > エンブレム > ホンダ用,HASEPRO/ハセプロ：マジカルカーボン リアエンブレム エリシオン RR1～4 MC前 レッド/CEH-12R/,【メール便選択で送料200円】,マジカルカーボンを使用したエンブレム。<br><br>車種専用にデザインカットされていますので、<br>そのまま貼りつけるだけで 簡単にイメージチェンジが出来ます。 <br><br>■マジカルカーボンとは？<br>本物のカーボン繊維を使用し、特許技術製法により<br>緩やかな曲面・段差にも貼り付け可能にした商品です。<br>ドレスアップに加え、ボディの保護にも抜群の効果を発揮いたします。<br><br>■注意<br>商品画像は、イメージ写真です。<br>商品には、カーボンのみでエンブレムは付属しません。<br><br>■適合車種<br>エリシオン PR1～4 年式：2005.9～2006.11（MC前）<br><br><br>,HASEPRO/ハセプロ：マジカルカーボン リアエンブレム エリシオン RR1～4 MC前 レッド/CEH-12R/：カー用品通販のホットロードパーツ,HASEPRO/ハセプロ：マジカルカーボン リアエンブレム エリシオン RR1～4 MC前 レッド/CEH-12R/,【メール便選択で送料200円】。HASEPRO/ハセプロ：マジカルカーボン リアエンブレム エリシオン RR1～4 MC前 レッド/CEH-12R/[rn]
17-147213,http://tshop.r10s.jp/hotroadparts/cabinet/1408/7140821522_1.jpg?fitin=700:700,1356.0000,,車用品・バイク用品 > カー用品 > 外装パーツ > エンブレム > ホンダ用,HASEPRO/ハセプロ：マジカルカーボン リアエンブレム エリシオン RR1～4(MC後) アンドロメダ/CEH-13AD/,【メール便選択で送料200円】,マジカルカーボンを使用したエンブレム。<br><br>車種専用にデザインカットされていますので、<br>そのまま貼りつけるだけで 簡単にイメージチェンジが出来ます。 <br><br>■マジカルカーボンとは？<br>本物のカーボン繊維を使用し、特許技術製法により<br>緩やかな曲面・段差にも貼り付け可能にした商品です。<br>ドレスアップに加え、ボディの保護にも抜群の効果を発揮いたします。<br><br>■注意<br>商品画像は、イメージ写真です。<br>商品には、カーボンのみでエンブレムは付属しません。<br><br>アンドロメダ(マジョーラカラー)は見る角度により見え方が変わる<br>特殊塗料を使用したカーボンです。<br>画像は色の変化をイメージした合成写真の為、実際の商品の<br>見え方とは事なりますので予めご了承下さい。<br><br>■適合車種<br>エリシオン RR1～4(MC後) 年式：2006.12～<br><br><br>,HASEPRO/ハセプロ：マジカルカーボン リアエンブレム エリシオン RR1～4(MC後) アンドロメダ/CEH-13AD/：カー用品通販のホットロードパーツ,HASEPRO/ハセプロ：マジカルカーボン リアエンブレム エリシオン RR1～4(MC後) アンドロメダ/CEH-13AD/,【メール便選択で送料200円】。HASEPRO/ハセプロ：マジカルカーボン リアエンブレム エリシオン RR1～4(MC後) アンドロメダ/CEH-13AD/[rn]
17-147214,http://tshop.r10s.jp/hotroadparts/cabinet/1407/9140701110_1.jpg?fitin=700:700,1204.0000,,車用品・バイク用品 > カー用品 > 外装パーツ > エンブレム > ホンダ用,HASEPRO/ハセプロ：ホンダ ステップワゴンRF3.4系 リアエンブレム/CEH-3R/,【メール便選択で送料200円】,マジカルカーボンシリーズは炭素繊維素材、<br>及びガラス繊維素材を特殊技術により柔軟性をもたせ特殊印刷で仕上げた高級なシートです。<br>車種別にカットしてある為、誰でも簡単に貼るだけでドレスアップすることが可能です！<br>素材の輝きと光沢を放ちつつ、カーボンの立体感・質感が味わえ、<br>高級感を醸し出しながらエレガンスに仕上がります。<br>もちろん、シート自体に弾力性があるため、保護力も十分です。<br><br>■内容物：カーボンシート・綿棒<br>■レッドカーボン<br><br>【適合】<br>・ホンダ ステップワゴンRF3・4系<br>・年式 2001.4～2003.6<br>・リヤエンブレム用<br><br>,HASEPRO/ハセプロ：ホンダ ステップワゴンRF3.4系 リアエンブレム/CEH-3R/：カー用品通販のホットロードパーツ,HASEPRO/ハセプロ：ホンダ ステップワゴンRF3.4系 リアエンブレム/CEH-3R/,【メール便選択で送料200円】。HASEPRO/ハセプロ：ホンダ ステップワゴンRF3.4系 リアエンブレム/CEH-3R/[rn]
17-147215,http://tshop.r10s.jp/hotroadparts/cabinet/1409/7140910939_1.jpg?fitin=700:700,1204.0000,,車用品・バイク用品 > カー用品 > 外装パーツ > エンブレム > ホンダ用,HASEPRO/ハセプロ：マジカルカーボン フロント エンブレム ホンダ シルバー/CEFH-1S/,【メール便選択で送料200円】,マジカルカーボン フロントエンブレム<br><br><br>■適応車種■<br><br>・S-MX RH1・2 フロント用(1996.11～2002.1)<br><br><br>カラー：シルバー<br>内容量：1枚入り<br><br>メーカー：HASEPRO/ハセ・プロ<br>品番：CEFH-1S<br><br>,HASEPRO/ハセプロ：マジカルカーボン フロント エンブレム ホンダ シルバー/CEFH-1S/：カー用品通販のホットロードパーツ,HASEPRO/ハセプロ：マジカルカーボン フロント エンブレム ホンダ シルバー/CEFH-1S/,【メール便選択で送料200円】。HASEPRO/ハセプロ：マジカルカーボン フロント エンブレム ホンダ シルバー/CEFH-1S/[rn]
17-147216,http://tshop.r10s.jp/hotroadparts/cabinet/1408/7140821537_1.jpg?fitin=700:700,800.0000,,車用品・バイク用品 > カー用品 > 外装パーツ > エンブレム > ホンダ用,ハセプロ:マジカルカーボン リアエンブレム エリシオンプレステージ RR5・6 クロスロードRT1～4 レッド/CEH-14R,【メール便選択で送料200円】,マジカルカーボンを使用したエンブレム。<br><br>車種専用にデザインカットされていますので、<br>そのまま貼りつけるだけで 簡単にイメージチェンジが出来ます。 <br><br>■マジカルカーボンとは？<br>本物のカーボン繊維を使用し、特許技術製法により<br>緩やかな曲面・段差にも貼り付け可能にした商品です。<br>ドレスアップに加え、ボディの保護にも抜群の効果を発揮いたします。<br><br>■注意<br>商品画像は、イメージ写真です。<br>商品には、カーボンのみでエンブレムは付属しません。<br><br>■適合車種<br>・エリシオンプレステージ RR5・6 年式：2007.1～<br>・クロスロードRT1～4 年式：2007.2～<br><br><br>,ハセプロ:マジカルカーボン リアエンブレム エリシオンプレステージ RR5・6 クロスロードRT1～4 レッド/CEH-14R：カー用品通販のホットロードパーツ,ハセプロ:マジカルカーボン リアエンブレム エリシオンプレステージ RR5・6 クロスロードRT1～4 レッド/CEH-14R,【メール便選択で送料200円】。ハセプロ:マジカルカーボン リアエンブレム エリシオンプレステージ RR5・6 クロスロードRT1～4 レッド/CEH-14R[rn]
17-147217,http://tshop.r10s.jp/hotroadparts/cabinet/1409/7140910952_1.jpg?fitin=700:700,1356.0000,,車用品・バイク用品 > カー用品 > 外装パーツ > エンブレム > ホンダ用,HASEPRO/ハセプロ：マジカルカーボン フロント エンブレム ホンダ マゼラン/CEFH-3MZ/,【メール便選択で送料200円】,マジカルカーボン フロントエンブレム<br><br><br>■適応車種■<br><br>・ライフ JB5・6・7・8 (ディーバ仕様除く) (2003.9～)<br><br><br>カラー：マジョーラカラー/マゼラン<br>内容量：1枚入り<br><br>メーカー：HASEPRO/ハセ・プロ<br>品番：CEFH-3MZ<br><br>,HASEPRO/ハセプロ：マジカルカーボン フロント エンブレム ホンダ マゼラン/CEFH-3MZ/：カー用品通販のホットロードパーツ,HASEPRO/ハセプロ：マジカルカーボン フロント エンブレム ホンダ マゼラン/CEFH-3MZ/,【メール便選択で送料200円】。HASEPRO/ハセプロ：マジカルカーボン フロント エンブレム ホンダ マゼラン/CEFH-3MZ/[rn]
17-147218,http://tshop.r10s.jp/hotroadparts/cabinet/1409/7140930902_1.jpg?fitin=700:700,1204.0000,,車用品・バイク用品 > カー用品 > 外装パーツ > エンブレム > ホンダ用,HASEPRO/ハセプロ：マジカルカーボン リア エンブレム ホンダ ガンメタ/CEH-1GU/,【メール便選択で送料200円】,マジカルカーボン リアエンブレム<br><br><br>■対応車種■<br><br>・オデッセイ RA1・2(1994.10～1997.7)<br><br><br>カラー：ガンメタ<br>内容量：1枚入り<br><br>メーカー：HASEPRO/ハセ・プロ<br>品番：CEH-1GU<br><br>,HASEPRO/ハセプロ：マジカルカーボン リア エンブレム ホンダ ガンメタ/CEH-1GU/：カー用品通販のホットロードパーツ,HASEPRO/ハセプロ：マジカルカーボン リア エンブレム ホンダ ガンメタ/CEH-1GU/,【メール便選択で送料200円】。HASEPRO/ハセプロ：マジカルカーボン リア エンブレム ホンダ ガンメタ/CEH-1GU/[rn]
17-147219,http://tshop.r10s.jp/hotroadparts/cabinet/1409/7140909947_1.jpg?fitin=700:700,1356.0000,,車用品・バイク用品 > カー用品 > 外装パーツ > エンブレム > ホンダ用,HASEPRO/ハセプロ：マジカルカーボン フロント エンブレム ホンダ マゼラン/CEFH-14MZ/,【メール便選択で送料200円】,マジカルカーボン フロントエンブレム<br><br><br>■適応車種■<br><br>・ストリーム RN6～9MC後 RSTトRSZ Sパッケージ対応(2009.6～)<br><br><br>カラー：マジョーラカラー/マゼラン<br>内容量：1枚入り<br><br>メーカー：HASEPRO/ハセ・プロ<br>品番：CEFH-14MZ<br><br>,HASEPRO/ハセプロ：マジカルカーボン フロント エンブレム ホンダ マゼラン/CEFH-14MZ/：カー用品通販のホットロードパーツ,HASEPRO/ハセプロ：マジカルカーボン フロント エンブレム ホンダ マゼラン/CEFH-14MZ/,【メール便選択で送料200円】。HASEPRO/ハセプロ：マジカルカーボン フロント エンブレム ホンダ マゼラン/CEFH-14MZ/[rn]
17-147220,http://tshop.r10s.jp/hotroadparts/cabinet/1408/7140821537_1.jpg?fitin=700:700,1204.0000,,車用品・バイク用品 > カー用品 > 外装パーツ > エンブレム > ホンダ用,HASEPRO/ハセプロ：マジカルカーボン リアエンブレム エリシオンプレステージ RR5･6 クロスロードRT1～4 レッド/CEH-14R/,【メール便選択で送料200円】,マジカルカーボンを使用したエンブレム。<br><br>車種専用にデザインカットされていますので、<br>そのまま貼りつけるだけで 簡単にイメージチェンジが出来ます。 <br><br>■マジカルカーボンとは？<br>本物のカーボン繊維を使用し、特許技術製法により<br>緩やかな曲面・段差にも貼り付け可能にした商品です。<br>ドレスアップに加え、ボディの保護にも抜群の効果を発揮いたします。<br><br>■注意<br>商品画像は、イメージ写真です。<br>商品には、カーボンのみでエンブレムは付属しません。<br><br>■適合車種<br>・エリシオンプレステージ RR5・6 年式：2007.1～<br>・クロスロードRT1～4 年式：2007.2～<br><br><br>,HASEPRO/ハセプロ：マジカルカーボン リアエンブレム エリシオンプレステージ RR5･6 クロスロードRT1～4 レッド/CEH-14R/：カー用品通販のホットロードパーツ,HASEPRO/ハセプロ：マジカルカーボン リアエンブレム エリシオンプレステージ RR5･6 クロスロードRT1～4 レッド/CEH-14R/,【メール便選択で送料200円】。HASEPRO/ハセプロ：マジカルカーボン リアエンブレム エリシオンプレステージ RR5･6 クロスロードRT1～4 レッド/CEH-14R/[rn]
17-147221,http://tshop.r10s.jp/hotroadparts/cabinet/1408/7140821566_1.jpg?fitin=700:700,1204.0000,,車用品・バイク用品 > カー用品 > 外装パーツ > エンブレム > ホンダ用,HASEPRO/ハセプロ：マジカルカーボン リアエンブレム フィット GE6～9 フィットハイブリッド GP1 ピンク/CEH-17P/,【メール便選択で送料200円】,マジカルカーボンを使用したエンブレム。<br><br>車種専用にデザインカットされていますので、<br>そのまま貼りつけるだけで 簡単にイメージチェンジが出来ます。 <br><br>■マジカルカーボンとは？<br>本物のカーボン繊維を使用し、特許技術製法により<br>緩やかな曲面・段差にも貼り付け可能にした商品です。<br>ドレスアップに加え、ボディの保護にも抜群の効果を発揮いたします。<br><br>■注意<br>商品画像は、イメージ写真です。<br>商品には、カーボンのみでエンブレムは付属しません。<br><br>■適合車種<br>・フィット GE6～9 年式：2007.10～<br>・フィットハイブリッド GP1 年式：2011.6～<br><br><br>,HASEPRO/ハセプロ：マジカルカーボン リアエンブレム フィット GE6～9 フィットハイブリッド GP1 ピンク/CEH-17P/：カー用品通販のホットロードパーツ,HASEPRO/ハセプロ：マジカルカーボン リアエンブレム フィット GE6～9 フィットハイブリッド GP1 ピンク/CEH-17P/,【メール便選択で送料200円】。HASEPRO/ハセプロ：マジカルカーボン リアエンブレム フィット GE6～9 フィットハイブリッド GP1 ピンク/CEH-17P/[rn]
17-147222,http://tshop.r10s.jp/hotroadparts/cabinet/1408/6140822748_1.jpg?fitin=700:700,1204.0000,,車用品・バイク用品 > カー用品 > 外装パーツ > エンブレム > ホンダ用,HASEPRO/ハセプロ：マジカルカーボン リアエンブレム 日産 フェアレディZ クーペ Z33 2002.7～ シルバー/CEN-9S/,【メール便選択で送料200円】,・マジカルカーボンシリーズは炭素繊維素材、及びガラス繊維素材を特殊技術により柔軟性をもたせ特殊印刷で仕上げた高級なシートです。<br>・車種別にカットしてある為、誰でも簡単に貼るだけでドレスアップすることが可能です！<br>・素材の輝きと光沢を放ちつつ、カーボンの立体感・質感が味わえ、高級感を醸し出しながらエレガンスに仕上がります。 もちろん、シート自体に弾力性があるため、保護力も十分です。 <br><br>【対応】<br>・日産 フェアレディZ クーペ Z33 2002.7～<br>・リヤエンブレム用 <br><br>●カラー：シルバー<br>●内容物：カーボンシート<br><br>※注意<br>・本製品は車種別専用タイプです。車種適合をお間違えないようお願いします。<br>・商品にエンブレムは含まれません。<br><br>,HASEPRO/ハセプロ：マジカルカーボン リアエンブレム 日産 フェアレディZ クーペ Z33 2002.7～ シルバー/CEN-9S/：カー用品通販のホットロードパーツ,HASEPRO/ハセプロ：マジカルカーボン リアエンブレム 日産 フェアレディZ クーペ Z33 2002.7～ シルバー/CEN-9S/,【メール便選択で送料200円】。HASEPRO/ハセプロ：マジカルカーボン リアエンブレム 日産 フェアレディZ クーペ Z33 2002.7～ シルバー/CEN-9S/[rn]
17-147223,http://tshop.r10s.jp/hotroad/cabinet/1409/7140930924_1.jpg?fitin=700:700,1204.0000,,車用品・バイク用品 > カー用品 > 外装パーツ > エンブレム > ホンダ用,HASEPRO/ハセ・プロ：マジカルカーボン リア エンブレム ホンダ ブルー/CEH-22B,,マジカルカーボン リアエンブレム<br><br><br>■対応車種■<br><br>・CR-Z ZF1 モデューロテールゲートガーニッシュ用<br>(2010.2～)<br><br><br>カラー：ブルー<br>内容量：1枚入り<br><br>メーカー：HASEPRO/ハセ・プロ<br>品番：CEH-22B<br><br>,HASEPRO/ハセ・プロ：マジカルカーボン リア エンブレム ホンダ ブルー/CEH-22B：カー用品のホットロード春日井西店,カー用品コンソールボックススマホ充電器ナンバーフレームスピーカーオーディオ塗装ウーファーキャリアフリードシエンタノアマジカルカーボンステアリングボスタイヤチェーンスタッドレスタイヤアウトレットHASEPRO/ハセ・プロ：マジカルカーボン リア エンブレム ホンダ ブルー/CEH-22B,HASEPRO/ハセ・プロ：マジカルカーボン リア エンブレム ホンダ ブルー/CEH-22B[rn]
17-147224,http://tshop.r10s.jp/hotroad/cabinet/1408/7140826902_1.jpg?fitin=700:700,1204.0000,,車用品・バイク用品 > カー用品 > 外装パーツ > エンブレム > ホンダ用,HASEPRO/ハセ・プロ：マジカルカーボン リアエンブレム ホンダ ブルー/CEH-10B,,マジカルカーボン リアエンブレム<br><br><br>■対応車種■<br><br>・ストリーム RN6～9 MC前(2006.7～2009.5)<br><br>・ストリーム RN6～9 MC後(2009.6～)<br><br>・CR-V RE3.4(2006.10～)<br><br>・フィット GK3・4・5・6(2013.9～)<br><br>・フィットハイブリッド GP5(2013.9～)<br><br>・ヴェゼル RU1・2(2013.11～)<br><br><br>カラー：ブルー<br>内容量：1枚入り<br><br>メーカー：HASEPRO/ハセ・プロ<br>品番：CEH-10B<br><br>,HASEPRO/ハセ・プロ：マジカルカーボン リアエンブレム ホンダ ブルー/CEH-10B：カー用品のホットロード春日井西店,カー用品コンソールボックススマホ充電器ナンバーフレームスピーカーオーディオ塗装ウーファーキャリアフリードシエンタノアマジカルカーボンステアリングボスタイヤチェーンスタッドレスタイヤアウトレットHASEPRO/ハセ・プロ：マジカルカーボン リアエンブレム ホンダ ブルー/CEH-10B,HASEPRO/ハセ・プロ：マジカルカーボン リアエンブレム ホンダ ブルー/CEH-10B[rn]
17-147225,http://tshop.r10s.jp/hotroad/cabinet/1408/7140821581_1.jpg?fitin=700:700,1204.0000,,車用品・バイク用品 > カー用品 > 外装パーツ > エンブレム > ホンダ用,HASEPRO/ハセ・プロ：マジカルカーボン リアエンブレム フリードGB3･4 フリードスパイクGB3･4 シビック EU3･4 ブラック/CEH-19,,マジカルカーボンを使用したエンブレム。<br><br>車種専用にデザインカットされていますので、<br>そのまま貼りつけるだけで 簡単にイメージチェンジが出来ます。 <br><br>■マジカルカーボンとは？<br>本物のカーボン繊維を使用し、特許技術製法により<br>緩やかな曲面・段差にも貼り付け可能にした商品です。<br>ドレスアップに加え、ボディの保護にも抜群の効果を発揮いたします。<br><br>■注意<br>商品画像は、イメージ写真です。<br>商品には、カーボンのみでエンブレムは付属しません。<br><br>■適合車種<br>・フリードGB3・4 年式：2008.5～<br>・フリードスパイクGB3・4 年式：2010.7～<br>・シビック EU3・4 年式：2003.9～2005.9<br><br><br>,HASEPRO/ハセ・プロ：マジカルカーボン リアエンブレム フリードGB3･4 フリードスパイクGB3･4 シビック EU3･4 ブラック/CEH-19：カー用品のホットロード春日井西店,カー用品コンソールボックススマホ充電器ナンバーフレームスピーカーオーディオ塗装ウーファーキャリアフリードシエンタノアマジカルカーボンステアリングボスタイヤチェーンスタッドレスタイヤアウトレットHASEPRO/ハセ・プロ：マジカルカーボン リアエンブレム フリードGB3･4 フリードスパイクGB3･4 シビック EU3･4 ブラック/CEH-19,HASEPRO/ハセ・プロ：マジカルカーボン リアエンブレム フリードGB3･4 フリードスパイクGB3･4 シビック EU3･4 ブラック/CEH-19[rn]
17-147226,http://tshop.r10s.jp/hotroad/cabinet/1409/7140930959_1.jpg?fitin=700:700,1204.0000,,車用品・バイク用品 > カー用品 > 外装パーツ > エンブレム > ホンダ用,HASEPRO/ハセ・プロ：マジカルカーボン リア エンブレム ホンダ ブラック/CEH-5,,マジカルカーボン リアエンブレム<br><br><br>■対応車種■<br><br>・ステップワゴン RF1・2(1996.5～2001.3)<br><br><br>カラー：ブラック<br>内容量：1枚入り<br><br>メーカー：HASEPRO/ハセ・プロ<br>品番：CEH-5<br><br>,HASEPRO/ハセ・プロ：マジカルカーボン リア エンブレム ホンダ ブラック/CEH-5：カー用品のホットロード春日井西店,カー用品コンソールボックススマホ充電器ナンバーフレームスピーカーオーディオ塗装ウーファーキャリアフリードシエンタノアマジカルカーボンステアリングボスタイヤチェーンスタッドレスタイヤアウトレットHASEPRO/ハセ・プロ：マジカルカーボン リア エンブレム ホンダ ブラック/CEH-5,HASEPRO/ハセ・プロ：マジカルカーボン リア エンブレム ホンダ ブラック/CEH-5[rn]
17-147227,http://tshop.r10s.jp/hotroad/cabinet/1409/7140930918_1.jpg?fitin=700:700,1508.8000,,車用品・バイク用品 > カー用品 > 外装パーツ > エンブレム > ホンダ用,HASEPRO/ハセ・プロ：マジカルカーボン リア エンブレム ホンダ マゼラン/CEH-21MZ,,マジカルカーボン リアエンブレム<br><br><br>■対応車種■<br><br>・ステップワゴンスパーダ RK5・6(2009.10～)<br><br>・ステップワゴン RK1・2(2009.10～)<br><br><br>カラー：マジョーラカラー/マゼラン<br>内容量：1枚入り<br><br>メーカー：HASEPRO/ハセ・プロ<br>品番：CEH-21MZ<br><br>,HASEPRO/ハセ・プロ：マジカルカーボン リア エンブレム ホンダ マゼラン/CEH-21MZ：カー用品のホットロード春日井西店,カー用品コンソールボックススマホ充電器ナンバーフレームスピーカーオーディオ塗装ウーファーキャリアフリードシエンタノアマジカルカーボンステアリングボスタイヤチェーンスタッドレスタイヤアウトレットHASEPRO/ハセ・プロ：マジカルカーボン リア エンブレム ホンダ マゼラン/CEH-21MZ,HASEPRO/ハセ・プロ：マジカルカーボン リア エンブレム ホンダ マゼラン/CEH-21MZ[rn]
17-147228,http://tshop.r10s.jp/hotroad/cabinet/1408/7140821577_1.jpg?fitin=700:700,1204.0000,,車用品・バイク用品 > カー用品 > 外装パーツ > エンブレム > ホンダ用,HASEPRO/ハセ・プロ：マジカルカーボン リアエンブレム S-MX RH1･2 レッド/CEH-18R,,マジカルカーボンを使用したエンブレム。<br><br>車種専用にデザインカットされていますので、<br>そのまま貼りつけるだけで 簡単にイメージチェンジが出来ます。 <br><br>■マジカルカーボンとは？<br>本物のカーボン繊維を使用し、特許技術製法により<br>緩やかな曲面・段差にも貼り付け可能にした商品です。<br>ドレスアップに加え、ボディの保護にも抜群の効果を発揮いたします。<br><br>■注意<br>商品画像は、イメージ写真です。<br>商品には、カーボンのみでエンブレムは付属しません。<br><br>■適合車種<br>・S-MX RH1・2 年式：1996.11～2002.1<br><br><br>,HASEPRO/ハセ・プロ：マジカルカーボン リアエンブレム S-MX RH1･2 レッド/CEH-18R：カー用品のホットロード春日井西店,カー用品コンソールボックススマホ充電器ナンバーフレームスピーカーオーディオ塗装ウーファーキャリアフリードシエンタノアマジカルカーボンステアリングボスタイヤチェーンスタッドレスタイヤアウトレットHASEPRO/ハセ・プロ：マジカルカーボン リアエンブレム S-MX RH1･2 レッド/CEH-18R,HASEPRO/ハセ・プロ：マジカルカーボン リアエンブレム S-MX RH1･2 レッド/CEH-18R[rn]
17-147229,http://tshop.r10s.jp/hotroad/cabinet/1409/7140930963_1.jpg?fitin=700:700,1356.0000,,車用品・バイク用品 > カー用品 > 外装パーツ > エンブレム > ホンダ用,HASEPRO/ハセ・プロ：マジカルカーボン リア エンブレム ホンダ マゼラン/CEH-5MZ,,マジカルカーボン リアエンブレム<br><br><br>■対応車種■<br><br>・ステップワゴン RF1・2(1996.5～2001.3)<br><br><br>カラー：マジョーラカラー/マゼラン<br>内容量：1枚入り<br><br>メーカー：HASEPRO/ハセ・プロ<br>品番：CEH-5MZ<br><br>,HASEPRO/ハセ・プロ：マジカルカーボン リア エンブレム ホンダ マゼラン/CEH-5MZ：カー用品のホットロード春日井西店,カー用品コンソールボックススマホ充電器ナンバーフレームスピーカーオーディオ塗装ウーファーキャリアフリードシエンタノアマジカルカーボンステアリングボスタイヤチェーンスタッドレスタイヤアウトレットHASEPRO/ハセ・プロ：マジカルカーボン リア エンブレム ホンダ マゼラン/CEH-5MZ,HASEPRO/ハセ・プロ：マジカルカーボン リア エンブレム ホンダ マゼラン/CEH-5MZ[rn]
17-147230,http://tshop.r10s.jp/hotroad/cabinet/1408/7140821541_1.jpg?fitin=700:700,1204.0000,,車用品・バイク用品 > カー用品 > 外装パーツ > エンブレム > ホンダ用,HASEPRO/ハセ・プロ：マジカルカーボン リアエンブレム エディックス BE8 ブラック/CEH-15,,マジカルカーボンを使用したエンブレム。<br><br>車種専用にデザインカットされていますので、<br>そのまま貼りつけるだけで 簡単にイメージチェンジが出来ます。 <br><br>■マジカルカーボンとは？<br>本物のカーボン繊維を使用し、特許技術製法により<br>緩やかな曲面・段差にも貼り付け可能にした商品です。<br>ドレスアップに加え、ボディの保護にも抜群の効果を発揮いたします。<br><br>■注意<br>商品画像は、イメージ写真です。<br>商品には、カーボンのみでエンブレムは付属しません。<br><br>■適合車種<br>エディックス BE8 年式：2006.11～<br><br><br>,HASEPRO/ハセ・プロ：マジカルカーボン リアエンブレム エディックス BE8 ブラック/CEH-15：カー用品のホットロード春日井西店,カー用品コンソールボックススマホ充電器ナンバーフレームスピーカーオーディオ塗装ウーファーキャリアフリードシエンタノアマジカルカーボンステアリングボスタイヤチェーンスタッドレスタイヤアウトレットHASEPRO/ハセ・プロ：マジカルカーボン リアエンブレム エディックス BE8 ブラック/CEH-15,HASEPRO/ハセ・プロ：マジカルカーボン リアエンブレム エディックス BE8 ブラック/CEH-15[rn]
17-147231,http://tshop.r10s.jp/hotroad/cabinet/1409/7140930916_1.jpg?fitin=700:700,1356.0000,,車用品・バイク用品 > カー用品 > 外装パーツ > エンブレム > ホンダ用,HASEPRO/ハセ・プロ：マジカルカーボン リア エンブレム ホンダ ブルー/CEH-21B,,マジカルカーボン リアエンブレム<br><br><br>■対応車種■<br><br>・ステップワゴンスパーダ RK5・6(2009.10～)<br><br>・ステップワゴン RK1・2(2009.10～)<br><br><br>カラー：ブルー<br>内容量：1枚入り<br><br>メーカー：HASEPRO/ハセ・プロ<br>品番：CEH-21B<br><br>,HASEPRO/ハセ・プロ：マジカルカーボン リア エンブレム ホンダ ブルー/CEH-21B：カー用品のホットロード春日井西店,カー用品コンソールボックススマホ充電器ナンバーフレームスピーカーオーディオ塗装ウーファーキャリアフリードシエンタノアマジカルカーボンステアリングボスタイヤチェーンスタッドレスタイヤアウトレットHASEPRO/ハセ・プロ：マジカルカーボン リア エンブレム ホンダ ブルー/CEH-21B,HASEPRO/ハセ・プロ：マジカルカーボン リア エンブレム ホンダ ブルー/CEH-21B[rn]
17-147232,http://tshop.r10s.jp/hotroad/cabinet/1408/6140803718_1.jpg?fitin=700:700,1356.0000,,車用品・バイク用品 > カー用品 > 外装パーツ > エンブレム > ホンダ用,ハセプロ：マジカルカーボン リアエンブレム フィットGD1～4 インサイト エアウェイブ モビリオ N-ONE N-WGN オデッセイRC1・2 マジョーラ マゼラン/CEH-8MZ,,・マジカルカーボンシリーズは炭素繊維素材、及びガラス繊維素材を特殊技術により柔軟性をもたせ特殊印刷で仕上げた高級なシートです。<br>・車種別にカットしてある為、誰でも簡単に貼るだけでドレスアップすることが可能です！<br>・素材の輝きと光沢を放ちつつ、カーボンの立体感・質感が味わえ、高級感を醸し出しながらエレガンスに仕上がります。<br><br>【対応】<br>・ホンダ <br>フィット GD1～4 2001.6～2007.9<br>インサイト ZE2 2009.2～<br>エアウェイブ GJ1・2 2005.4～<br>モビリオスパイク GK1・2 MC後 2005.12～2008.6<br>N-ONE JG1/JG2 2012.11～<br>モビリオ LA-GB1・2 （MC前） フロント用 2001.12～2004.11<br>N-ワゴン・カスタム JH1・2 2013.11～<br>オデッセイアブソルート RC1・2系 2013.11～<br>・リヤエンブレム用 （※モビリオはフロント用）<br><br>・リヤエンブレム用 ●カラー：マジョーラ マゼラン<br>●内容物：カーボンシート<br><br>※注意<br>・本製品は車種別専用タイプです。車種適合をお間違えないようお願いします。<br>・商品にエンブレムは含まれません。<br><br>,ハセプロ：マジカルカーボン リアエンブレム フィットGD1～4 インサイト エアウェイブ モビリオ N-ONE N-WGN オデッセイRC1・2 マジョーラ マゼラン/CEH-8MZ：カー用品のホットロード春日井西店,カー用品コンソールボックススマホ充電器ナンバーフレームスピーカーオーディオ塗装ウーファーキャリアフリードシエンタノアマジカルカーボンステアリングボスタイヤチェーンスタッドレスタイヤアウトレットハセプロ：マジカルカーボン リアエンブレム フィットGD1～4 インサイト エアウェイブ モビリオ N-ONE N-WGN オデッセイRC1・2 マジョーラ マゼラン/CEH-8MZ,ハセプロ：マジカルカーボン リアエンブレム フィットGD1～4 インサイト エアウェイブ モビリオ N-ONE N-WGN オデッセイRC1・2 マジョーラ マゼラン/CEH-8MZ[rn]
17-147233,http://tshop.r10s.jp/hotroad/cabinet/1408/7140821556_1.jpg?fitin=700:700,1204.0000,,車用品・バイク用品 > カー用品 > 外装パーツ > エンブレム > ホンダ用,HASEPRO/ハセ・プロ：マジカルカーボン リアエンブレム ステップワゴン ゼストスパーク モビリオ ピンク/CEH-16P,,マジカルカーボンを使用したエンブレム。<br><br>車種専用にデザインカットされていますので、<br>そのまま貼りつけるだけで 簡単にイメージチェンジが出来ます。 <br><br>■マジカルカーボンとは？<br>本物のカーボン繊維を使用し、特許技術製法により<br>緩やかな曲面・段差にも貼り付け可能にした商品です。<br>ドレスアップに加え、ボディの保護にも抜群の効果を発揮いたします。<br><br>■注意<br>商品画像は、イメージ写真です。<br>商品には、カーボンのみでエンブレムは付属しません。<br><br>■適合車種<br>・ステップワゴン RF3・4 (MC後) 年式：2003.6～2005.4<br>・ゼストスパーク JE1・2 年式：2008.12～<br>・モビリオ LA-GB1・2 (MC前) 年式：2001.12～2004.11<br><br><br>,HASEPRO/ハセ・プロ：マジカルカーボン リアエンブレム ステップワゴン ゼストスパーク モビリオ ピンク/CEH-16P：カー用品のホットロード春日井西店,カー用品コンソールボックススマホ充電器ナンバーフレームスピーカーオーディオ塗装ウーファーキャリアフリードシエンタノアマジカルカーボンステアリングボスタイヤチェーンスタッドレスタイヤアウトレットHASEPRO/ハセ・プロ：マジカルカーボン リアエンブレム ステップワゴン ゼストスパーク モビリオ ピンク/CEH-16P,HASEPRO/ハセ・プロ：マジカルカーボン リアエンブレム ステップワゴン ゼストスパーク モビリオ ピンク/CEH-16P[rn]
17-147234,http://tshop.r10s.jp/hotroad/cabinet/1408/7140821552_1.jpg?fitin=700:700,1356.0000,,車用品・バイク用品 > カー用品 > 外装パーツ > エンブレム > ホンダ用,HASEPRO/ハセ・プロ：マジカルカーボン リアエンブレム ステップワゴン ゼストスパーク モビリオ アンドロメダ/CEH-16AD,,マジカルカーボンを使用したエンブレム。<br><br>車種専用にデザインカットされていますので、<br>そのまま貼りつけるだけで 簡単にイメージチェンジが出来ます。 <br><br>■マジカルカーボンとは？<br>本物のカーボン繊維を使用し、特許技術製法により<br>緩やかな曲面・段差にも貼り付け可能にした商品です。<br>ドレスアップに加え、ボディの保護にも抜群の効果を発揮いたします。<br><br>■注意<br>商品画像は、イメージ写真です。<br>商品には、カーボンのみでエンブレムは付属しません。<br><br>アンドロメダ(マジョーラカラー)は見る角度により見え方が変わる<br>特殊塗料を使用したカーボンです。<br>画像は色の変化をイメージした合成写真の為、実際の商品の<br>見え方とは事なりますので予めご了承下さい。<br><br>■適合車種<br>・ステップワゴン RF3・4 (MC後) 年式：2003.6～2005.4<br>・ゼストスパーク JE1・2 年式：2008.12～<br>・モビリオ LA-GB1・2 (MC前) 年式：2001.12～2004.11<br><br><br>,HASEPRO/ハセ・プロ：マジカルカーボン リアエンブレム ステップワゴン ゼストスパーク モビリオ アンドロメダ/CEH-16AD：カー用品のホットロード春日井西店,カー用品コンソールボックススマホ充電器ナンバーフレームスピーカーオーディオ塗装ウーファーキャリアフリードシエンタノアマジカルカーボンステアリングボスタイヤチェーンスタッドレスタイヤアウトレットHASEPRO/ハセ・プロ：マジカルカーボン リアエンブレム ステップワゴン ゼストスパーク モビリオ アンドロメダ/CEH-16AD,HASEPRO/ハセ・プロ：マジカルカーボン リアエンブレム ステップワゴン ゼストスパーク モビリオ アンドロメダ/CEH-16AD[rn]
17-147235,http://tshop.r10s.jp/hotroad/cabinet/1409/7140911911_1.jpg?fitin=700:700,1204.0000,,車用品・バイク用品 > カー用品 > 外装パーツ > エンブレム > ホンダ用,HASEPRO/ハセ・プロ：マジカルカーボン フロント エンブレム ホンダ ガンメタ/CEFH-9GU,,マジカルカーボン フロントエンブレム<br><br><br>■適応車種■<br><br>・オデッセイ RB3/4(2008.10～)<br><br><br>カラー：ガンメタ<br>内容量：1枚入り<br><br>メーカー：HASEPRO/ハセ・プロ<br>品番：CEFH-9GU<br><br>,HASEPRO/ハセ・プロ：マジカルカーボン フロント エンブレム ホンダ ガンメタ/CEFH-9GU：カー用品のホットロード春日井西店,カー用品コンソールボックススマホ充電器ナンバーフレームスピーカーオーディオ塗装ウーファーキャリアフリードシエンタノアマジカルカーボンステアリングボスタイヤチェーンスタッドレスタイヤアウトレットHASEPRO/ハセ・プロ：マジカルカーボン フロント エンブレム ホンダ ガンメタ/CEFH-9GU,HASEPRO/ハセ・プロ：マジカルカーボン フロント エンブレム ホンダ ガンメタ/CEFH-9GU[rn]
17-147236,http://tshop.r10s.jp/hotroad/cabinet/1409/7140930917_1.jpg?fitin=700:700,1356.0000,,車用品・バイク用品 > カー用品 > 外装パーツ > エンブレム > ホンダ用,HASEPRO/ハセ・プロ：マジカルカーボン リア エンブレム ホンダ ガンメタ/CEH-21GU,,マジカルカーボン リアエンブレム<br><br><br>■対応車種■<br><br>・ステップワゴンスパーダ RK5・6(2009.10～)<br><br>・ステップワゴン RK1・2(2009.10～)<br><br><br>カラー：ガンメタ<br>内容量：1枚入り<br><br>メーカー：HASEPRO/ハセ・プロ<br>品番：CEH-21GU<br><br>,HASEPRO/ハセ・プロ：マジカルカーボン リア エンブレム ホンダ ガンメタ/CEH-21GU：カー用品のホットロード春日井西店,カー用品コンソールボックススマホ充電器ナンバーフレームスピーカーオーディオ塗装ウーファーキャリアフリードシエンタノアマジカルカーボンステアリングボスタイヤチェーンスタッドレスタイヤアウトレットHASEPRO/ハセ・プロ：マジカルカーボン リア エンブレム ホンダ ガンメタ/CEH-21GU,HASEPRO/ハセ・プロ：マジカルカーボン リア エンブレム ホンダ ガンメタ/CEH-21GU[rn]
17-147237,http://tshop.r10s.jp/hotroad/cabinet/1408/7140821583_1.jpg?fitin=700:700,1204.0000,,車用品・バイク用品 > カー用品 > 外装パーツ > エンブレム > ホンダ用,HASEPRO/ハセ・プロ：マジカルカーボン リアエンブレム フリードGB3･4 フリードスパイクGB3･4 シビック EU3･4 ブルー/CEH-19B,,マジカルカーボンを使用したエンブレム。<br><br>車種専用にデザインカットされていますので、<br>そのまま貼りつけるだけで 簡単にイメージチェンジが出来ます。 <br><br>■マジカルカーボンとは？<br>本物のカーボン繊維を使用し、特許技術製法により<br>緩やかな曲面・段差にも貼り付け可能にした商品です。<br>ドレスアップに加え、ボディの保護にも抜群の効果を発揮いたします。<br><br>■注意<br>商品画像は、イメージ写真です。<br>商品には、カーボンのみでエンブレムは付属しません。<br><br>■適合車種<br>・フリードGB3・4 年式：2008.5～<br>・フリードスパイクGB3・4 年式：2010.7～<br>・シビック EU3・4 年式：2003.9～2005.9<br><br><br>,HASEPRO/ハセ・プロ：マジカルカーボン リアエンブレム フリードGB3･4 フリードスパイクGB3･4 シビック EU3･4 ブルー/CEH-19B：カー用品のホットロード春日井西店,カー用品コンソールボックススマホ充電器ナンバーフレームスピーカーオーディオ塗装ウーファーキャリアフリードシエンタノアマジカルカーボンステアリングボスタイヤチェーンスタッドレスタイヤアウトレットHASEPRO/ハセ・プロ：マジカルカーボン リアエンブレム フリードGB3･4 フリードスパイクGB3･4 シビック EU3･4 ブルー/CEH-19B,HASEPRO/ハセ・プロ：マジカルカーボン リアエンブレム フリードGB3･4 フリードスパイクGB3･4 シビック EU3･4 ブルー/CEH-19B[rn]
17-147238,http://tshop.r10s.jp/hotroad/cabinet/1408/7140821504_1.jpg?fitin=700:700,1204.0000,,車用品・バイク用品 > カー用品 > 外装パーツ > エンブレム > ホンダ用,HASEPRO/ハセ・プロ：マジカルカーボン リアエンブレム エリシオン RR1～4(MC前) ガンメタ/CEH-12GU,,マジカルカーボンを使用したエンブレム。<br><br>車種専用にデザインカットされていますので、<br>そのまま貼りつけるだけで 簡単にイメージチェンジが出来ます。 <br><br>■マジカルカーボンとは？<br>本物のカーボン繊維を使用し、特許技術製法により<br>緩やかな曲面・段差にも貼り付け可能にした商品です。<br>ドレスアップに加え、ボディの保護にも抜群の効果を発揮いたします。<br><br>■注意<br>商品画像は、イメージ写真です。<br>商品には、カーボンのみでエンブレムは付属しません。<br><br>■適合車種<br>エリシオン RR1～4(MC前) 年式：2005.9～2006.11<br><br><br>,HASEPRO/ハセ・プロ：マジカルカーボン リアエンブレム エリシオン RR1～4(MC前) ガンメタ/CEH-12GU：カー用品のホットロード春日井西店,カー用品コンソールボックススマホ充電器ナンバーフレームスピーカーオーディオ塗装ウーファーキャリアフリードシエンタノアマジカルカーボンステアリングボスタイヤチェーンスタッドレスタイヤアウトレットHASEPRO/ハセ・プロ：マジカルカーボン リアエンブレム エリシオン RR1～4(MC前) ガンメタ/CEH-12GU,HASEPRO/ハセ・プロ：マジカルカーボン リアエンブレム エリシオン RR1～4(MC前) ガンメタ/CEH-12GU[rn]
17-147239,http://tshop.r10s.jp/hotroad/cabinet/1409/7140930922_1.jpg?fitin=700:700,1204.0000,,車用品・バイク用品 > カー用品 > 外装パーツ > エンブレム > ホンダ用,HASEPRO/ハセ・プロ：マジカルカーボン リア エンブレム ホンダ ブラック/CEH-22,,マジカルカーボン リアエンブレム<br><br><br>■対応車種■<br><br>・CR-Z ZF1 モデューロテールゲートガーニッシュ用<br>(2010.2～)<br><br><br>カラー：ブラック<br>内容量：1枚入り<br><br>メーカー：HASEPRO/ハセ・プロ<br>品番：CEH-22<br><br>,HASEPRO/ハセ・プロ：マジカルカーボン リア エンブレム ホンダ ブラック/CEH-22：カー用品のホットロード春日井西店,カー用品コンソールボックススマホ充電器ナンバーフレームスピーカーオーディオ塗装ウーファーキャリアフリードシエンタノアマジカルカーボンステアリングボスタイヤチェーンスタッドレスタイヤアウトレットHASEPRO/ハセ・プロ：マジカルカーボン リア エンブレム ホンダ ブラック/CEH-22,HASEPRO/ハセ・プロ：マジカルカーボン リア エンブレム ホンダ ブラック/CEH-22[rn]
17-147240,http://tshop.r10s.jp/hotroad/cabinet/1408/7140821565_1.jpg?fitin=700:700,1356.0000,,車用品・バイク用品 > カー用品 > 外装パーツ > エンブレム > ホンダ用,HASEPRO/ハセ・プロ：マジカルカーボン リアエンブレム フィット GE6～9 フィットハイブリッド GP1 マゼラン/CEH-17MZ,,マジカルカーボンを使用したエンブレム。<br><br>車種専用にデザインカットされていますので、<br>そのまま貼りつけるだけで 簡単にイメージチェンジが出来ます。 <br><br>■マジカルカーボンとは？<br>本物のカーボン繊維を使用し、特許技術製法により<br>緩やかな曲面・段差にも貼り付け可能にした商品です。<br>ドレスアップに加え、ボディの保護にも抜群の効果を発揮いたします。<br><br>■注意<br>商品画像は、イメージ写真です。<br>商品には、カーボンのみでエンブレムは付属しません。<br><br>アンドロメダ(マジョーラカラー)は見る角度により見え方が変わる<br>特殊塗料を使用したカーボンです。<br>画像は色の変化をイメージした合成写真の為、実際の商品の<br>見え方とは事なりますので予めご了承下さい。<br><br>■適合車種<br>・フィット GE6～9 年式：2007.10～<br>・フィットハイブリッド GP1 年式：2011.6～<br><br><br>,HASEPRO/ハセ・プロ：マジカルカーボン リアエンブレム フィット GE6～9 フィットハイブリッド GP1 マゼラン/CEH-17MZ：カー用品のホットロード春日井西店,カー用品コンソールボックススマホ充電器ナンバーフレームスピーカーオーディオ塗装ウーファーキャリアフリードシエンタノアマジカルカーボンステアリングボスタイヤチェーンスタッドレスタイヤアウトレットHASEPRO/ハセ・プロ：マジカルカーボン リアエンブレム フィット GE6～9 フィットハイブリッド GP1 マゼラン/CEH-17MZ,HASEPRO/ハセ・プロ：マジカルカーボン リアエンブレム フィット GE6～9 フィットハイブリッド GP1 マゼラン/CEH-17MZ[rn]
17-147241,http://tshop.r10s.jp/hotroad/cabinet/1408/7140821568_1.jpg?fitin=700:700,1204.0000,,車用品・バイク用品 > カー用品 > 外装パーツ > エンブレム > ホンダ用,HASEPRO/ハセ・プロ：マジカルカーボン リアエンブレム フィット GE6～9 フィットハイブリッド GP1 シルバー/CEH-17S,,マジカルカーボンを使用したエンブレム。<br><br>車種専用にデザインカットされていますので、<br>そのまま貼りつけるだけで 簡単にイメージチェンジが出来ます。 <br><br>■マジカルカーボンとは？<br>本物のカーボン繊維を使用し、特許技術製法により<br>緩やかな曲面・段差にも貼り付け可能にした商品です。<br>ドレスアップに加え、ボディの保護にも抜群の効果を発揮いたします。<br><br>■注意<br>商品画像は、イメージ写真です。<br>商品には、カーボンのみでエンブレムは付属しません。<br><br>■適合車種<br>・フィット GE6～9 年式：2007.10～<br>・フィットハイブリッド GP1 年式：2011.6～<br><br><br>,HASEPRO/ハセ・プロ：マジカルカーボン リアエンブレム フィット GE6～9 フィットハイブリッド GP1 シルバー/CEH-17S：カー用品のホットロード春日井西店,カー用品コンソールボックススマホ充電器ナンバーフレームスピーカーオーディオ塗装ウーファーキャリアフリードシエンタノアマジカルカーボンステアリングボスタイヤチェーンスタッドレスタイヤアウトレットHASEPRO/ハセ・プロ：マジカルカーボン リアエンブレム フィット GE6～9 フィットハイブリッド GP1 シルバー/CEH-17S,HASEPRO/ハセ・プロ：マジカルカーボン リアエンブレム フィット GE6～9 フィットハイブリッド GP1 シルバー/CEH-17S[rn]
17-147242,http://tshop.r10s.jp/hotroad/cabinet/1409/7140930934_1.jpg?fitin=700:700,1204.0000,,車用品・バイク用品 > カー用品 > 外装パーツ > エンブレム > ホンダ用,HASEPRO/ハセ・プロ：マジカルカーボン リア エンブレム ホンダ ガンメタ/CEH-23GU,,マジカルカーボン リアエンブレム<br><br><br>■対応車種■<br><br>・N-BOX・N-BOXカスタム JF1・2(2011.12～)<br><br><br>カラー：ガンメタ<br>内容量：1枚入り<br><br>メーカー：HASEPRO/ハセ・プロ<br>品番：CEH-23GU<br><br>,HASEPRO/ハセ・プロ：マジカルカーボン リア エンブレム ホンダ ガンメタ/CEH-23GU：カー用品のホットロード春日井西店,カー用品コンソールボックススマホ充電器ナンバーフレームスピーカーオーディオ塗装ウーファーキャリアフリードシエンタノアマジカルカーボンステアリングボスタイヤチェーンスタッドレスタイヤアウトレットHASEPRO/ハセ・プロ：マジカルカーボン リア エンブレム ホンダ ガンメタ/CEH-23GU,HASEPRO/ハセ・プロ：マジカルカーボン リア エンブレム ホンダ ガンメタ/CEH-23GU[rn]
17-147243,http://tshop.r10s.jp/hotroad/cabinet/1408/7140821536_1.jpg?fitin=700:700,1204.0000,,車用品・バイク用品 > カー用品 > 外装パーツ > エンブレム > ホンダ用,HASEPRO/ハセ・プロ：マジカルカーボン リアエンブレム エリシオンプレステージ RR5･6 クロスロードRT1～4 ピンク/CEH-14P,,マジカルカーボンを使用したエンブレム。<br><br>車種専用にデザインカットされていますので、<br>そのまま貼りつけるだけで 簡単にイメージチェンジが出来ます。 <br><br>■マジカルカーボンとは？<br>本物のカーボン繊維を使用し、特許技術製法により<br>緩やかな曲面・段差にも貼り付け可能にした商品です。<br>ドレスアップに加え、ボディの保護にも抜群の効果を発揮いたします。<br><br>■注意<br>商品画像は、イメージ写真です。<br>商品には、カーボンのみでエンブレムは付属しません。<br><br>■適合車種<br>・エリシオンプレステージ RR5・6 年式：2007.1～<br>・クロスロードRT1～4 年式：2007.2～<br><br><br>,HASEPRO/ハセ・プロ：マジカルカーボン リアエンブレム エリシオンプレステージ RR5･6 クロスロードRT1～4 ピンク/CEH-14P：カー用品のホットロード春日井西店,カー用品コンソールボックススマホ充電器ナンバーフレームスピーカーオーディオ塗装ウーファーキャリアフリードシエンタノアマジカルカーボンステアリングボスタイヤチェーンスタッドレスタイヤアウトレットHASEPRO/ハセ・プロ：マジカルカーボン リアエンブレム エリシオンプレステージ RR5･6 クロスロードRT1～4 ピンク/CEH-14P,HASEPRO/ハセ・プロ：マジカルカーボン リアエンブレム エリシオンプレステージ RR5･6 クロスロードRT1～4 ピンク/CEH-14P[rn]
17-147244,http://tshop.r10s.jp/hotroad/cabinet/1408/7140821537_1.jpg?fitin=700:700,800.0000,,車用品・バイク用品 > カー用品 > 外装パーツ > エンブレム > ホンダ用,ハセプロ:マジカルカーボン リアエンブレム エリシオンプレステージ RR5・6 クロスロードRT1～4 レッド/CEH-14R,【アウトレット品】,マジカルカーボンを使用したエンブレム。<br><br>車種専用にデザインカットされていますので、<br>そのまま貼りつけるだけで 簡単にイメージチェンジが出来ます。 <br><br>■マジカルカーボンとは？<br>本物のカーボン繊維を使用し、特許技術製法により<br>緩やかな曲面・段差にも貼り付け可能にした商品です。<br>ドレスアップに加え、ボディの保護にも抜群の効果を発揮いたします。<br><br>■注意<br>商品画像は、イメージ写真です。<br>商品には、カーボンのみでエンブレムは付属しません。<br><br>■適合車種<br>・エリシオンプレステージ RR5・6 年式：2007.1～<br>・クロスロードRT1～4 年式：2007.2～<br><br><br>,ハセプロ:マジカルカーボン リアエンブレム エリシオンプレステージ RR5・6 クロスロードRT1～4 レッド/CEH-14R：カー用品のホットロード春日井西店,カー用品コンソールボックススマホ充電器ナンバーフレームスピーカーオーディオ塗装ウーファーキャリアフリードシエンタノアマジカルカーボンステアリングボスタイヤチェーンスタッドレスタイヤアウトレットハセプロ:マジカルカーボン リアエンブレム エリシオンプレステージ RR5・6 クロスロードRT1～4 レッド/CEH-14R,【アウトレット品】。ハセプロ:マジカルカーボン リアエンブレム エリシオンプレステージ RR5・6 クロスロードRT1～4 レッド/CEH-14R[rn]
17-147245,http://tshop.r10s.jp/hotroad/cabinet/1409/7140930908_1.jpg?fitin=700:700,1204.0000,,車用品・バイク用品 > カー用品 > 外装パーツ > エンブレム > ホンダ用,HASEPRO/ハセ・プロ：マジカルカーボン リア エンブレム ホンダ ブルー/CEH-20B,,マジカルカーボン リアエンブレム<br><br><br>■対応車種■<br><br>・CR-Z ZF1モデューロテールゲートガーニッシュ装着車非対応<br>(2010.2～)<br><br><br>カラー：ブルー<br>内容量：1枚入り<br><br>メーカー：HASEPRO/ハセ・プロ<br>品番：CEH-20B<br><br>,HASEPRO/ハセ・プロ：マジカルカーボン リア エンブレム ホンダ ブルー/CEH-20B：カー用品のホットロード春日井西店,カー用品コンソールボックススマホ充電器ナンバーフレームスピーカーオーディオ塗装ウーファーキャリアフリードシエンタノアマジカルカーボンステアリングボスタイヤチェーンスタッドレスタイヤアウトレットHASEPRO/ハセ・プロ：マジカルカーボン リア エンブレム ホンダ ブルー/CEH-20B,HASEPRO/ハセ・プロ：マジカルカーボン リア エンブレム ホンダ ブルー/CEH-20B[rn]
17-147246,http://tshop.r10s.jp/hotroad/cabinet/1409/7140930952_1.jpg?fitin=700:700,1356.0000,,車用品・バイク用品 > カー用品 > 外装パーツ > エンブレム > ホンダ用,HASEPRO/ハセ・プロ：マジカルカーボン リア エンブレム ホンダ アンドロメダ/CEH-4AD,,マジカルカーボン リアエンブレム<br><br><br>■対応車種■<br><br>・オデッセイ RA6・7・8・9(2001.11～2003.10)<br><br><br>カラー：マジョーラカラー/アンドロメダ<br>内容量：1枚入り<br><br>メーカー：HASEPRO/ハセ・プロ<br>品番：CEH-4AD<br><br>,HASEPRO/ハセ・プロ：マジカルカーボン リア エンブレム ホンダ アンドロメダ/CEH-4AD：カー用品のホットロード春日井西店,カー用品コンソールボックススマホ充電器ナンバーフレームスピーカーオーディオ塗装ウーファーキャリアフリードシエンタノアマジカルカーボンステアリングボスタイヤチェーンスタッドレスタイヤアウトレットHASEPRO/ハセ・プロ：マジカルカーボン リア エンブレム ホンダ アンドロメダ/CEH-4AD,HASEPRO/ハセ・プロ：マジカルカーボン リア エンブレム ホンダ アンドロメダ/CEH-4AD[rn]
17-147247,http://tshop.r10s.jp/hotroad/cabinet/1408/7140826905_1.jpg?fitin=700:700,1204.0000,,車用品・バイク用品 > カー用品 > 外装パーツ > エンブレム > ホンダ用,HASEPRO/ハセ・プロ：マジカルカーボン リアエンブレム ホンダ ピンク/CEH-10P,,マジカルカーボン リアエンブレム<br><br><br>■対応車種■<br><br>・ストリーム RN6～9 MC前(2006.7～2009.5)<br><br>・ストリーム RN6～9 MC後(2009.6～)<br><br>・CR-V RE3.4(2006.10～)<br><br>・フィット GK3・4・5・6(2013.9～)<br><br>・フィットハイブリッド GP5(2013.9～)<br><br>・ヴェゼル RU1・2(2013.11～)<br><br><br>カラー：ピンク<br>内容量：1枚入り<br><br>メーカー：HASEPRO/ハセ・プロ<br>品番：CEH-10P<br><br>,HASEPRO/ハセ・プロ：マジカルカーボン リアエンブレム ホンダ ピンク/CEH-10P：カー用品のホットロード春日井西店,カー用品コンソールボックススマホ充電器ナンバーフレームスピーカーオーディオ塗装ウーファーキャリアフリードシエンタノアマジカルカーボンステアリングボスタイヤチェーンスタッドレスタイヤアウトレットHASEPRO/ハセ・プロ：マジカルカーボン リアエンブレム ホンダ ピンク/CEH-10P,HASEPRO/ハセ・プロ：マジカルカーボン リアエンブレム ホンダ ピンク/CEH-10P[rn]
17-147248,http://tshop.r10s.jp/hotroad/cabinet/1408/7140821501_1.jpg?fitin=700:700,1204.0000,,車用品・バイク用品 > カー用品 > 外装パーツ > エンブレム > ホンダ用,HASEPRO/ハセ・プロ：マジカルカーボン リアエンブレム エリシオン RR1～4(MC前) ブラック/CEH-12,,マジカルカーボンを使用したエンブレム。<br><br>車種専用にデザインカットされていますので、<br>そのまま貼りつけるだけで 簡単にイメージチェンジが出来ます。 <br><br>■マジカルカーボンとは？<br>本物のカーボン繊維を使用し、特許技術製法により<br>緩やかな曲面・段差にも貼り付け可能にした商品です。<br>ドレスアップに加え、ボディの保護にも抜群の効果を発揮いたします。<br><br>■注意<br>商品画像は、イメージ写真です。<br>商品には、カーボンのみでエンブレムは付属しません。<br><br>■適合車種<br>エリシオン RR1～4(MC前) 年式：2005.9～2006.11<br><br><br>,HASEPRO/ハセ・プロ：マジカルカーボン リアエンブレム エリシオン RR1～4(MC前) ブラック/CEH-12：カー用品のホットロード春日井西店,カー用品コンソールボックススマホ充電器ナンバーフレームスピーカーオーディオ塗装ウーファーキャリアフリードシエンタノアマジカルカーボンステアリングボスタイヤチェーンスタッドレスタイヤアウトレットHASEPRO/ハセ・プロ：マジカルカーボン リアエンブレム エリシオン RR1～4(MC前) ブラック/CEH-12,HASEPRO/ハセ・プロ：マジカルカーボン リアエンブレム エリシオン RR1～4(MC前) ブラック/CEH-12[rn]
17-147249,http://tshop.r10s.jp/hotroad/cabinet/1409/7140930931_1.jpg?fitin=700:700,1204.0000,,車用品・バイク用品 > カー用品 > 外装パーツ > エンブレム > ホンダ用,HASEPRO/ハセ・プロ：マジカルカーボン リア エンブレム ホンダ ブラック/CEH-23,,マジカルカーボン リアエンブレム<br><br><br>■対応車種■<br><br>・N-BOX・N-BOXカスタム JF1・2(2011.12～)<br><br><br>カラー：ブラック<br>内容量：1枚入り<br><br>メーカー：HASEPRO/ハセ・プロ<br>品番：CEH-23<br><br>,HASEPRO/ハセ・プロ：マジカルカーボン リア エンブレム ホンダ ブラック/CEH-23：カー用品のホットロード春日井西店,カー用品コンソールボックススマホ充電器ナンバーフレームスピーカーオーディオ塗装ウーファーキャリアフリードシエンタノアマジカルカーボンステアリングボスタイヤチェーンスタッドレスタイヤアウトレットHASEPRO/ハセ・プロ：マジカルカーボン リア エンブレム ホンダ ブラック/CEH-23,HASEPRO/ハセ・プロ：マジカルカーボン リア エンブレム ホンダ ブラック/CEH-23[rn]
17-147250,http://tshop.r10s.jp/hotroad/cabinet/1408/7140821553_1.jpg?fitin=700:700,1204.0000,,車用品・バイク用品 > カー用品 > 外装パーツ > エンブレム > ホンダ用,HASEPRO/ハセ・プロ：マジカルカーボン リアエンブレム ステップワゴン ゼストスパーク モビリオ ブルー/CEH-16B,,マジカルカーボンを使用したエンブレム。<br><br>車種専用にデザインカットされていますので、<br>そのまま貼りつけるだけで 簡単にイメージチェンジが出来ます。 <br><br>■マジカルカーボンとは？<br>本物のカーボン繊維を使用し、特許技術製法により<br>緩やかな曲面・段差にも貼り付け可能にした商品です。<br>ドレスアップに加え、ボディの保護にも抜群の効果を発揮いたします。<br><br>■注意<br>商品画像は、イメージ写真です。<br>商品には、カーボンのみでエンブレムは付属しません。<br><br>■適合車種<br>・ステップワゴン RF3・4 (MC後) 年式：2003.6～2005.4<br>・ゼストスパーク JE1・2 年式：2008.12～<br>・モビリオ LA-GB1・2 (MC前) 年式：2001.12～2004.11<br><br><br>,HASEPRO/ハセ・プロ：マジカルカーボン リアエンブレム ステップワゴン ゼストスパーク モビリオ ブルー/CEH-16B：カー用品のホットロード春日井西店,カー用品コンソールボックススマホ充電器ナンバーフレームスピーカーオーディオ塗装ウーファーキャリアフリードシエンタノアマジカルカーボンステアリングボスタイヤチェーンスタッドレスタイヤアウトレットHASEPRO/ハセ・プロ：マジカルカーボン リアエンブレム ステップワゴン ゼストスパーク モビリオ ブルー/CEH-16B,HASEPRO/ハセ・プロ：マジカルカーボン リアエンブレム ステップワゴン ゼストスパーク モビリオ ブルー/CEH-16B[rn]
17-147251,http://tshop.r10s.jp/hotroad/cabinet/1408/7140821527_1.jpg?fitin=700:700,1204.0000,,車用品・バイク用品 > カー用品 > 外装パーツ > エンブレム > ホンダ用,HASEPRO/ハセ・プロ：マジカルカーボン リアエンブレム エリシオン RR1～4(MC後) レッド/CEH-13R,,マジカルカーボンを使用したエンブレム。<br><br>車種専用にデザインカットされていますので、<br>そのまま貼りつけるだけで 簡単にイメージチェンジが出来ます。 <br><br>■マジカルカーボンとは？<br>本物のカーボン繊維を使用し、特許技術製法により<br>緩やかな曲面・段差にも貼り付け可能にした商品です。<br>ドレスアップに加え、ボディの保護にも抜群の効果を発揮いたします。<br><br>■注意<br>商品画像は、イメージ写真です。<br>商品には、カーボンのみでエンブレムは付属しません。<br><br>■適合車種<br>エリシオン RR1～4(MC後) 年式：2006.12～<br><br><br>,HASEPRO/ハセ・プロ：マジカルカーボン リアエンブレム エリシオン RR1～4(MC後) レッド/CEH-13R：カー用品のホットロード春日井西店,カー用品コンソールボックススマホ充電器ナンバーフレームスピーカーオーディオ塗装ウーファーキャリアフリードシエンタノアマジカルカーボンステアリングボスタイヤチェーンスタッドレスタイヤアウトレットHASEPRO/ハセ・プロ：マジカルカーボン リアエンブレム エリシオン RR1～4(MC後) レッド/CEH-13R,HASEPRO/ハセ・プロ：マジカルカーボン リアエンブレム エリシオン RR1～4(MC後) レッド/CEH-13R[rn]
17-147252,http://tshop.r10s.jp/hotroad/cabinet/1409/7140930904_1.jpg?fitin=700:700,1204.0000,,車用品・バイク用品 > カー用品 > 外装パーツ > エンブレム > ホンダ用,HASEPRO/ハセ・プロ：マジカルカーボン リア エンブレム ホンダ ピンク/CEH-1P,,マジカルカーボン リアエンブレム<br><br><br>■対応車種■<br><br>・オデッセイ RA1・2(1994.10～1997.7)<br><br><br>カラー：ピンク<br>内容量：1枚入り<br><br>メーカー：HASEPRO/ハセ・プロ<br>品番：CEH-1P<br><br>,HASEPRO/ハセ・プロ：マジカルカーボン リア エンブレム ホンダ ピンク/CEH-1P：カー用品のホットロード春日井西店,カー用品コンソールボックススマホ充電器ナンバーフレームスピーカーオーディオ塗装ウーファーキャリアフリードシエンタノアマジカルカーボンステアリングボスタイヤチェーンスタッドレスタイヤアウトレットHASEPRO/ハセ・プロ：マジカルカーボン リア エンブレム ホンダ ピンク/CEH-1P,HASEPRO/ハセ・プロ：マジカルカーボン リア エンブレム ホンダ ピンク/CEH-1P[rn]
17-147253,http://tshop.r10s.jp/hotroad/cabinet/1409/7140930955_1.jpg?fitin=700:700,1356.0000,,車用品・バイク用品 > カー用品 > 外装パーツ > エンブレム > ホンダ用,HASEPRO/ハセ・プロ：マジカルカーボン リア エンブレム ホンダ マゼラン/CEH-4MZ,,マジカルカーボン リアエンブレム<br><br><br>■対応車種■<br><br>・オデッセイ RA6・7・8・9(2001.11～2003.10)<br><br><br>カラー：マジョーラカラー/マゼラン<br>内容量：1枚入り<br><br>メーカー：HASEPRO/ハセ・プロ<br>品番：CEH-4MZ<br><br>,HASEPRO/ハセ・プロ：マジカルカーボン リア エンブレム ホンダ マゼラン/CEH-4MZ：カー用品のホットロード春日井西店,カー用品コンソールボックススマホ充電器ナンバーフレームスピーカーオーディオ塗装ウーファーキャリアフリードシエンタノアマジカルカーボンステアリングボスタイヤチェーンスタッドレスタイヤアウトレットHASEPRO/ハセ・プロ：マジカルカーボン リア エンブレム ホンダ マゼラン/CEH-4MZ,HASEPRO/ハセ・プロ：マジカルカーボン リア エンブレム ホンダ マゼラン/CEH-4MZ[rn]
17-147254,http://tshop.r10s.jp/hotroad/cabinet/1409/7140930929_1.jpg?fitin=700:700,1204.0000,,車用品・バイク用品 > カー用品 > 外装パーツ > エンブレム > ホンダ用,HASEPRO/ハセ・プロ：マジカルカーボン リア エンブレム ホンダ レッド/CEH-22R,,マジカルカーボン リアエンブレム<br><br><br>■対応車種■<br><br>・CR-Z ZF1 モデューロテールゲートガーニッシュ用<br>(2010.2～)<br><br><br>カラー：レッド<br>内容量：1枚入り<br><br>メーカー：HASEPRO/ハセ・プロ<br>品番：CEH-22R<br><br>,HASEPRO/ハセ・プロ：マジカルカーボン リア エンブレム ホンダ レッド/CEH-22R：カー用品のホットロード春日井西店,カー用品コンソールボックススマホ充電器ナンバーフレームスピーカーオーディオ塗装ウーファーキャリアフリードシエンタノアマジカルカーボンステアリングボスタイヤチェーンスタッドレスタイヤアウトレットHASEPRO/ハセ・プロ：マジカルカーボン リア エンブレム ホンダ レッド/CEH-22R,HASEPRO/ハセ・プロ：マジカルカーボン リア エンブレム ホンダ レッド/CEH-22R[rn]
17-147255,http://tshop.r10s.jp/hotroad/cabinet/1409/7140930950_1.jpg?fitin=700:700,1204.0000,,車用品・バイク用品 > カー用品 > 外装パーツ > エンブレム > ホンダ用,HASEPRO/ハセ・プロ：マジカルカーボン リア エンブレム ホンダ シルバー/CEH-3S,,マジカルカーボン リアエンブレム<br><br><br>■対応車種■<br><br>・ステップワゴン RF3・4MC前(2001.4～2003.6)<br><br><br>カラー：シルバー<br>内容量：1枚入り<br><br>メーカー：HASEPRO/ハセ・プロ<br>品番：CEH-3S<br><br>,HASEPRO/ハセ・プロ：マジカルカーボン リア エンブレム ホンダ シルバー/CEH-3S：カー用品のホットロード春日井西店,カー用品コンソールボックススマホ充電器ナンバーフレームスピーカーオーディオ塗装ウーファーキャリアフリードシエンタノアマジカルカーボンステアリングボスタイヤチェーンスタッドレスタイヤアウトレットHASEPRO/ハセ・プロ：マジカルカーボン リア エンブレム ホンダ シルバー/CEH-3S,HASEPRO/ハセ・プロ：マジカルカーボン リア エンブレム ホンダ シルバー/CEH-3S[rn]
17-147256,http://tshop.r10s.jp/hotroad/cabinet/1408/6140803706_1.jpg?fitin=700:700,1204.0000,,車用品・バイク用品 > カー用品 > 外装パーツ > エンブレム > ホンダ用,ハセプロ：マジカルカーボン リアエンブレム ホンダ ライフ JB5･JB6･JB7･JB8 ピンク/CEH-6P,,・マジカルカーボンシリーズは炭素繊維素材、及びガラス繊維素材を特殊技術により柔軟性をもたせ特殊印刷で仕上げた高級なシートです。<br>・車種別にカットしてある為、誰でも簡単に貼るだけでドレスアップすることが可能です！<br>・素材の輝きと光沢を放ちつつ、カーボンの立体感・質感が味わえ、高級感を醸し出しながらエレガンスに仕上がります。 もちろん、シート自体に弾力性があるため、保護力も十分です。 <br><br>【対応】<br>・ホンダ ライフ JB5・6・7・8<br>・2005.05～2009.10<br>・リヤエンブレム用 <br><br>●カラー：ピンク<br>●内容物：カーボンシート<br><br>※注意<br>・本製品は車種別専用タイプです。車種適合をお間違えないようお願いします。<br>・商品にエンブレムは含まれません。<br><br>,ハセプロ：マジカルカーボン リアエンブレム ホンダ ライフ JB5･JB6･JB7･JB8 ピンク/CEH-6P：カー用品のホットロード春日井西店,カー用品コンソールボックススマホ充電器ナンバーフレームスピーカーオーディオ塗装ウーファーキャリアフリードシエンタノアマジカルカーボンステアリングボスタイヤチェーンスタッドレスタイヤアウトレットハセプロ：マジカルカーボン リアエンブレム ホンダ ライフ JB5･JB6･JB7･JB8 ピンク/CEH-6P,ハセプロ：マジカルカーボン リアエンブレム ホンダ ライフ JB5･JB6･JB7･JB8 ピンク/CEH-6P[rn]
17-147257,http://tshop.r10s.jp/hotroad/cabinet/1408/7140821503_1.jpg?fitin=700:700,1204.0000,,車用品・バイク用品 > カー用品 > 外装パーツ > エンブレム > ホンダ用,HASEPRO/ハセ・プロ：マジカルカーボン リアエンブレム エリシオン RR1～4(MC前) ブルー/CEH-12B,,マジカルカーボンを使用したエンブレム。<br><br>車種専用にデザインカットされていますので、<br>そのまま貼りつけるだけで 簡単にイメージチェンジが出来ます。 <br><br>■マジカルカーボンとは？<br>本物のカーボン繊維を使用し、特許技術製法により<br>緩やかな曲面・段差にも貼り付け可能にした商品です。<br>ドレスアップに加え、ボディの保護にも抜群の効果を発揮いたします。<br><br>■注意<br>商品画像は、イメージ写真です。<br>商品には、カーボンのみでエンブレムは付属しません。<br><br>■適合車種<br>エリシオン RR1～4(MC前) 年式：2005.9～2006.11<br><br><br>,HASEPRO/ハセ・プロ：マジカルカーボン リアエンブレム エリシオン RR1～4(MC前) ブルー/CEH-12B：カー用品のホットロード春日井西店,カー用品コンソールボックススマホ充電器ナンバーフレームスピーカーオーディオ塗装ウーファーキャリアフリードシエンタノアマジカルカーボンステアリングボスタイヤチェーンスタッドレスタイヤアウトレットHASEPRO/ハセ・プロ：マジカルカーボン リアエンブレム エリシオン RR1～4(MC前) ブルー/CEH-12B,HASEPRO/ハセ・プロ：マジカルカーボン リアエンブレム エリシオン RR1～4(MC前) ブルー/CEH-12B[rn]
17-147258,http://tshop.r10s.jp/hotroad/cabinet/1409/7140930910_1.jpg?fitin=700:700,1356.0000,,車用品・バイク用品 > カー用品 > 外装パーツ > エンブレム > ホンダ用,HASEPRO/ハセ・プロ：マジカルカーボン リア エンブレム ホンダ マゼラン/CEH-20MZ,,マジカルカーボン リアエンブレム<br><br><br>■対応車種■<br><br>・CR-Z ZF1モデューロテールゲートガーニッシュ装着車非対応<br>(2010.2～)<br><br><br>カラー：マジョーラカラー/マゼラン<br>内容量：1枚入り<br><br>メーカー：HASEPRO/ハセ・プロ<br>品番：CEH-20MZ<br><br>,HASEPRO/ハセ・プロ：マジカルカーボン リア エンブレム ホンダ マゼラン/CEH-20MZ：カー用品のホットロード春日井西店,カー用品コンソールボックススマホ充電器ナンバーフレームスピーカーオーディオ塗装ウーファーキャリアフリードシエンタノアマジカルカーボンステアリングボスタイヤチェーンスタッドレスタイヤアウトレットHASEPRO/ハセ・プロ：マジカルカーボン リア エンブレム ホンダ マゼラン/CEH-20MZ,HASEPRO/ハセ・プロ：マジカルカーボン リア エンブレム ホンダ マゼラン/CEH-20MZ[rn]
17-147259,http://tshop.r10s.jp/hotroad/cabinet/1408/7140821538_1.jpg?fitin=700:700,1204.0000,,車用品・バイク用品 > カー用品 > 外装パーツ > エンブレム > ホンダ用,HASEPRO/ハセ・プロ：マジカルカーボン リアエンブレム エリシオンプレステージ RR5･6 クロスロードRT1～4 シルバー/CEH-14S,,マジカルカーボンを使用したエンブレム。<br><br>車種専用にデザインカットされていますので、<br>そのまま貼りつけるだけで 簡単にイメージチェンジが出来ます。 <br><br>■マジカルカーボンとは？<br>本物のカーボン繊維を使用し、特許技術製法により<br>緩やかな曲面・段差にも貼り付け可能にした商品です。<br>ドレスアップに加え、ボディの保護にも抜群の効果を発揮いたします。<br><br>■注意<br>商品画像は、イメージ写真です。<br>商品には、カーボンのみでエンブレムは付属しません。<br><br>■適合車種<br>・エリシオンプレステージ RR5・6 年式：2007.1～<br>・クロスロードRT1～4 年式：2007.2～<br><br><br>,HASEPRO/ハセ・プロ：マジカルカーボン リアエンブレム エリシオンプレステージ RR5･6 クロスロードRT1～4 シルバー/CEH-14S：カー用品のホットロード春日井西店,カー用品コンソールボックススマホ充電器ナンバーフレームスピーカーオーディオ塗装ウーファーキャリアフリードシエンタノアマジカルカーボンステアリングボスタイヤチェーンスタッドレスタイヤアウトレットHASEPRO/ハセ・プロ：マジカルカーボン リアエンブレム エリシオンプレステージ RR5･6 クロスロードRT1～4 シルバー/CEH-14S,HASEPRO/ハセ・プロ：マジカルカーボン リアエンブレム エリシオンプレステージ RR5･6 クロスロードRT1～4 シルバー/CEH-14S[rn]
17-147260,http://tshop.r10s.jp/hotroad/cabinet/1408/7140826904_1.jpg?fitin=700:700,1356.0000,,車用品・バイク用品 > カー用品 > 外装パーツ > エンブレム > ホンダ用,HASEPRO/ハセ・プロ：マジカルカーボン リアエンブレム ホンダ マゼラン/CEH-10MZ,,マジカルカーボン リアエンブレム<br><br><br>■対応車種■<br><br>・ストリーム RN6～9 MC前(2006.7～2009.5)<br><br>・ストリーム RN6～9 MC後(2009.6～)<br><br>・CR-V RE3.4(2006.10～)<br><br>・フィット GK3・4・5・6(2013.9～)<br><br>・フィットハイブリッド GP5(2013.9～)<br><br>・ヴェゼル RU1・2(2013.11～)<br><br><br>カラー：マジョーラカラー/マゼラン<br>内容量：1枚入り<br><br>メーカー：HASEPRO/ハセ・プロ<br>品番：CEH-10MZ<br><br>,HASEPRO/ハセ・プロ：マジカルカーボン リアエンブレム ホンダ マゼラン/CEH-10MZ：カー用品のホットロード春日井西店,カー用品コンソールボックススマホ充電器ナンバーフレームスピーカーオーディオ塗装ウーファーキャリアフリードシエンタノアマジカルカーボンステアリングボスタイヤチェーンスタッドレスタイヤアウトレットHASEPRO/ハセ・プロ：マジカルカーボン リアエンブレム ホンダ マゼラン/CEH-10MZ,HASEPRO/ハセ・プロ：マジカルカーボン リアエンブレム ホンダ マゼラン/CEH-10MZ[rn]
17-147261,http://tshop.r10s.jp/hotroad/cabinet/1407/6140703703_1.jpg?fitin=700:700,1204.0000,,車用品・バイク用品 > カー用品 > 外装パーツ > エンブレム > ホンダ用,HASEPRO/ハセ・プロ：マジカルカーボン リアエンブレム ホンダ ブラック /CEH-8,【メール便（）対応】,・マジカルカーボンシリーズは炭素繊維素材、及びガラス繊維素材を特殊技術により柔軟性をもたせ特殊印刷で仕上げた高級なシートです。<br>・車種別にカットしてある為、誰でも簡単に貼るだけでドレスアップすることが可能です！<br>・素材の輝きと光沢を放ちつつ、カーボンの立体感・質感が味わえ、高級感を醸し出しながらエレガンスに仕上がります。 もちろん、シート自体に弾力性があるため、保護力も十分です。 <br><br>【対応】<br>・ホンダ <br>フィット GD1～4 2001.6～2007.9<br>インサイト ZE2 2009.2～<br>エアウェイブ GJ1・2 2005.4～<br>モビリオスパイク GK1・2 MC後 2005.12～2008.6<br>N-ONE JG1/JG2 2012.11～<br>モビリオ LA-GB1・2 （MC前） フロント用 2001.12～2004.11<br>N-ワゴン・カスタム JH1・2 2013.11～<br>オデッセイアブソルート RC1・2系 2013.11～<br>・リヤエンブレム用 （※モビリオはフロント用）<br><br>・リヤエンブレム用 ●カラー：ブラック<br>●内容物：カーボンシート<br><br>※注意<br>・本製品は車種別専用タイプです。車種適合をお間違えないようお願いします。<br>・商品にエンブレムは含まれません。<br><br>,HASEPRO/ハセ・プロ：マジカルカーボン リアエンブレム ホンダ ブラック /CEH-8：カー用品のホットロード春日井西店,カー用品コンソールボックススマホ充電器ナンバーフレームスピーカーオーディオ塗装ウーファーキャリアフリードシエンタノアマジカルカーボンステアリングボスタイヤチェーンスタッドレスタイヤアウトレットHASEPRO/ハセ・プロ：マジカルカーボン リアエンブレム ホンダ ブラック /CEH-8,【メール便（）対応】 。HASEPRO/ハセ・プロ：マジカルカーボン リアエンブレム ホンダ ブラック /CEH-8[rn]
17-147262,http://tshop.r10s.jp/hotroad/cabinet/1408/7140821562_1.jpg?fitin=700:700,1356.0000,,車用品・バイク用品 > カー用品 > 外装パーツ > エンブレム > ホンダ用,HASEPRO/ハセ・プロ：マジカルカーボン リアエンブレム フィット GE6～9 フィットハイブリッド GP1 アンドロメダ/CEH-17AD,,マジカルカーボンを使用したエンブレム。<br><br>車種専用にデザインカットされていますので、<br>そのまま貼りつけるだけで 簡単にイメージチェンジが出来ます。 <br><br>■マジカルカーボンとは？<br>本物のカーボン繊維を使用し、特許技術製法により<br>緩やかな曲面・段差にも貼り付け可能にした商品です。<br>ドレスアップに加え、ボディの保護にも抜群の効果を発揮いたします。<br><br>■注意<br>商品画像は、イメージ写真です。<br>商品には、カーボンのみでエンブレムは付属しません。<br><br>アンドロメダ(マジョーラカラー)は見る角度により見え方が変わる<br>特殊塗料を使用したカーボンです。<br>画像は色の変化をイメージした合成写真の為、実際の商品の<br>見え方とは事なりますので予めご了承下さい。<br><br>■適合車種<br>・フィット GE6～9 年式：2007.10～<br>・フィットハイブリッド GP1 年式：2011.6～<br><br><br>,HASEPRO/ハセ・プロ：マジカルカーボン リアエンブレム フィット GE6～9 フィットハイブリッド GP1 アンドロメダ/CEH-17AD：カー用品のホットロード春日井西店,カー用品コンソールボックススマホ充電器ナンバーフレームスピーカーオーディオ塗装ウーファーキャリアフリードシエンタノアマジカルカーボンステアリングボスタイヤチェーンスタッドレスタイヤアウトレットHASEPRO/ハセ・プロ：マジカルカーボン リアエンブレム フィット GE6～9 フィットハイブリッド GP1 アンドロメダ/CEH-17AD,HASEPRO/ハセ・プロ：マジカルカーボン リアエンブレム フィット GE6～9 フィットハイブリッド GP1 アンドロメダ/CEH-17AD[rn]
17-147263,http://tshop.r10s.jp/hotroad/cabinet/1408/6140803708_1.jpg?fitin=700:700,1204.0000,,車用品・バイク用品 > カー用品 > 外装パーツ > エンブレム > ホンダ用,ハセプロ：マジカルカーボン リアエンブレム ホンダ ライフ JB5･JB6･JB7･JB8 シルバー/CEH-6S,,・マジカルカーボンシリーズは炭素繊維素材、及びガラス繊維素材を特殊技術により柔軟性をもたせ特殊印刷で仕上げた高級なシートです。<br>・車種別にカットしてある為、誰でも簡単に貼るだけでドレスアップすることが可能です！<br>・素材の輝きと光沢を放ちつつ、カーボンの立体感・質感が味わえ、高級感を醸し出しながらエレガンスに仕上がります。 もちろん、シート自体に弾力性があるため、保護力も十分です。 <br><br>【対応】<br>・ホンダ ライフ JB5・6・7・8<br>・2005.05～2009.10<br>・リヤエンブレム用 <br><br>●カラー：シルバー<br>●内容物：カーボンシート<br><br>※注意<br>・本製品は車種別専用タイプです。車種適合をお間違えないようお願いします。<br>・商品にエンブレムは含まれません。<br><br>,ハセプロ：マジカルカーボン リアエンブレム ホンダ ライフ JB5･JB6･JB7･JB8 シルバー/CEH-6S：カー用品のホットロード春日井西店,カー用品コンソールボックススマホ充電器ナンバーフレームスピーカーオーディオ塗装ウーファーキャリアフリードシエンタノアマジカルカーボンステアリングボスタイヤチェーンスタッドレスタイヤアウトレットハセプロ：マジカルカーボン リアエンブレム ホンダ ライフ JB5･JB6･JB7･JB8 シルバー/CEH-6S,ハセプロ：マジカルカーボン リアエンブレム ホンダ ライフ JB5･JB6･JB7･JB8 シルバー/CEH-6S[rn]
17-147264,http://tshop.r10s.jp/hotroad/cabinet/1409/7140930914_1.jpg?fitin=700:700,1356.0000,,車用品・バイク用品 > カー用品 > 外装パーツ > エンブレム > ホンダ用,HASEPRO/ハセ・プロ：マジカルカーボン リア エンブレム ホンダ ブラック/CEH-21,,マジカルカーボン リアエンブレム<br><br><br>■対応車種■<br><br>・ステップワゴンスパーダ RK5・6(2009.10～)<br><br>・ステップワゴン RK1・2(2009.10～)<br><br><br>カラー：ブラック<br>内容量：1枚入り<br><br>メーカー：HASEPRO/ハセ・プロ<br>品番：CEH-21<br><br>,HASEPRO/ハセ・プロ：マジカルカーボン リア エンブレム ホンダ ブラック/CEH-21：カー用品のホットロード春日井西店,カー用品コンソールボックススマホ充電器ナンバーフレームスピーカーオーディオ塗装ウーファーキャリアフリードシエンタノアマジカルカーボンステアリングボスタイヤチェーンスタッドレスタイヤアウトレットHASEPRO/ハセ・プロ：マジカルカーボン リア エンブレム ホンダ ブラック/CEH-21,HASEPRO/ハセ・プロ：マジカルカーボン リア エンブレム ホンダ ブラック/CEH-21[rn]
17-147265,http://tshop.r10s.jp/hotroad/cabinet/1407/9140701106_1.jpg?fitin=700:700,1204.0000,,車用品・バイク用品 > カー用品 > 外装パーツ > エンブレム > ホンダ用,HASEPRO/ハセ・プロ：ホンダ オデッセイ RA1.2用 リアエンブレム/CEH-1R,【メール便（）対応】,マジカルカーボンシリーズは炭素繊維素材、<br>及びガラス繊維素材を特殊技術により柔軟性をもたせ特殊印刷で仕上げた高級なシートです。<br>車種別にカットしてある為、誰でも簡単に貼るだけでドレスアップすることが可能です！<br>素材の輝きと光沢を放ちつつ、カーボンの立体感・質感が味わえ、<br>高級感を醸し出しながらエレガンスに仕上がります。<br>もちろん、シート自体に弾力性があるため、保護力も十分です。<br><br>■内容物：カーボンシート・綿棒<br>■レッドカーボン<br><br>【適合】<br>・ホンダ・オデッセイ RA1・2<br>・年式 1994.10～1999.12<br>・リヤエンブレム用<br><br>,HASEPRO/ハセ・プロ：ホンダ オデッセイ RA1.2用 リアエンブレム/CEH-1R：カー用品のホットロード春日井西店,カー用品コンソールボックススマホ充電器ナンバーフレームスピーカーオーディオ塗装ウーファーキャリアフリードシエンタノアマジカルカーボンステアリングボスタイヤチェーンスタッドレスタイヤアウトレットHASEPRO/ハセ・プロ：ホンダ オデッセイ RA1.2用 リアエンブレム/CEH-1R,【メール便（）対応】 。HASEPRO/ハセ・プロ：ホンダ オデッセイ RA1.2用 リアエンブレム/CEH-1R[rn]
17-147266,http://tshop.r10s.jp/hotroad/cabinet/1408/7140821526_1.jpg?fitin=700:700,1204.0000,,車用品・バイク用品 > カー用品 > 外装パーツ > エンブレム > ホンダ用,HASEPRO/ハセ・プロ：マジカルカーボン リアエンブレム エリシオン RR1～4(MC後) ピンク/CEH-13P,,マジカルカーボンを使用したエンブレム。<br><br>車種専用にデザインカットされていますので、<br>そのまま貼りつけるだけで 簡単にイメージチェンジが出来ます。 <br><br>■マジカルカーボンとは？<br>本物のカーボン繊維を使用し、特許技術製法により<br>緩やかな曲面・段差にも貼り付け可能にした商品です。<br>ドレスアップに加え、ボディの保護にも抜群の効果を発揮いたします。<br><br>■注意<br>商品画像は、イメージ写真です。<br>商品には、カーボンのみでエンブレムは付属しません。<br><br>■適合車種<br>エリシオン RR1～4(MC後) 年式：2006.12～<br><br><br>,HASEPRO/ハセ・プロ：マジカルカーボン リアエンブレム エリシオン RR1～4(MC後) ピンク/CEH-13P：カー用品のホットロード春日井西店,カー用品コンソールボックススマホ充電器ナンバーフレームスピーカーオーディオ塗装ウーファーキャリアフリードシエンタノアマジカルカーボンステアリングボスタイヤチェーンスタッドレスタイヤアウトレットHASEPRO/ハセ・プロ：マジカルカーボン リアエンブレム エリシオン RR1～4(MC後) ピンク/CEH-13P,HASEPRO/ハセ・プロ：マジカルカーボン リアエンブレム エリシオン RR1～4(MC後) ピンク/CEH-13P[rn]
17-147267,http://tshop.r10s.jp/hotroad/cabinet/1408/6140803714_1.jpg?fitin=700:700,1204.0000,,車用品・バイク用品 > カー用品 > 外装パーツ > エンブレム > ホンダ用,ハセプロ：マジカルカーボン リアエンブレム ステップWRG1～4系 シルバー/CEH-7S,,・マジカルカーボンシリーズは炭素繊維素材、及びガラス繊維素材を特殊技術により柔軟性をもたせ特殊印刷で仕上げた高級なシートです。<br>・車種別にカットしてある為、誰でも簡単に貼るだけでドレスアップすることが可能です！<br>・素材の輝きと光沢を放ちつつ、カーボンの立体感・質感が味わえ、高級感を醸し出しながらエレガンスに仕上がります。 もちろん、シート自体に弾力性があるため、保護力も十分です。 <br><br>【対応】<br>・ホンダ ステップWRG系<br>・2005.05～2009.10<br>・リヤエンブレム用 <br><br>●カラー：シルバー<br>●内容物：カーボンシート<br><br>※注意<br>・本製品は車種別専用タイプです。車種適合をお間違えないようお願いします。<br>・商品にエンブレムは含まれません。<br><br>,ハセプロ：マジカルカーボン リアエンブレム ステップWRG1～4系 シルバー/CEH-7S：カー用品のホットロード春日井西店,カー用品コンソールボックススマホ充電器ナンバーフレームスピーカーオーディオ塗装ウーファーキャリアフリードシエンタノアマジカルカーボンステアリングボスタイヤチェーンスタッドレスタイヤアウトレットハセプロ：マジカルカーボン リアエンブレム ステップWRG1～4系 シルバー/CEH-7S,ハセプロ：マジカルカーボン リアエンブレム ステップWRG1～4系 シルバー/CEH-7S[rn]
17-147268,http://tshop.r10s.jp/hotroad/cabinet/1409/7140930945_1.jpg?fitin=700:700,1356.0000,,車用品・バイク用品 > カー用品 > 外装パーツ > エンブレム > ホンダ用,HASEPRO/ハセ・プロ：マジカルカーボン リア エンブレム ホンダ アンドロメダ/CEH-3AD,,マジカルカーボン リアエンブレム<br><br><br>■対応車種■<br><br>・ステップワゴン RF3・4MC前(2001.4～2003.6)<br><br><br>カラー：マジョーラカラー/アンドロメダ<br>内容量：1枚入り<br><br>メーカー：HASEPRO/ハセ・プロ<br>品番：CEH-3AD<br><br>,HASEPRO/ハセ・プロ：マジカルカーボン リア エンブレム ホンダ アンドロメダ/CEH-3AD：カー用品のホットロード春日井西店,カー用品コンソールボックススマホ充電器ナンバーフレームスピーカーオーディオ塗装ウーファーキャリアフリードシエンタノアマジカルカーボンステアリングボスタイヤチェーンスタッドレスタイヤアウトレットHASEPRO/ハセ・プロ：マジカルカーボン リア エンブレム ホンダ アンドロメダ/CEH-3AD,HASEPRO/ハセ・プロ：マジカルカーボン リア エンブレム ホンダ アンドロメダ/CEH-3AD[rn]
17-147269,http://tshop.r10s.jp/hotroad/cabinet/1409/7140911904_1.jpg?fitin=700:700,1356.0000,,車用品・バイク用品 > カー用品 > 外装パーツ > エンブレム > ホンダ用,HASEPRO/ハセ・プロ：マジカルカーボン フロント エンブレム ホンダ マゼラン/CEFH-8MZ,,マジカルカーボン フロントエンブレム<br><br><br>■適応車種■<br><br>・ステップワゴン RG1～4スパーダ (2007.11～2009.10)<br><br><br>カラー：マジョーラカラー/マゼラン<br>内容量：1枚入り<br><br>メーカー：HASEPRO/ハセ・プロ<br>品番：CEFH-8MZ<br><br>,HASEPRO/ハセ・プロ：マジカルカーボン フロント エンブレム ホンダ マゼラン/CEFH-8MZ：カー用品のホットロード春日井西店,カー用品コンソールボックススマホ充電器ナンバーフレームスピーカーオーディオ塗装ウーファーキャリアフリードシエンタノアマジカルカーボンステアリングボスタイヤチェーンスタッドレスタイヤアウトレットHASEPRO/ハセ・プロ：マジカルカーボン フロント エンブレム ホンダ マゼラン/CEFH-8MZ,HASEPRO/ハセ・プロ：マジカルカーボン フロント エンブレム ホンダ マゼラン/CEFH-8MZ[rn]
17-147270,http://tshop.r10s.jp/hotroad/cabinet/1409/7140930903_1.jpg?fitin=700:700,1356.0000,,車用品・バイク用品 > カー用品 > 外装パーツ > エンブレム > ホンダ用,HASEPRO/ハセ・プロ：マジカルカーボン リア エンブレム ホンダ マゼラン/CEH-1MZ,,マジカルカーボン リアエンブレム<br><br><br>■対応車種■<br><br>・オデッセイ RA1・2(1994.10～1997.7)<br><br><br>カラー：マジョーラカラー/マゼラン<br>内容量：1枚入り<br><br>メーカー：HASEPRO/ハセ・プロ<br>品番：CEH-1GU<br><br>,HASEPRO/ハセ・プロ：マジカルカーボン リア エンブレム ホンダ マゼラン/CEH-1MZ：カー用品のホットロード春日井西店,カー用品コンソールボックススマホ充電器ナンバーフレームスピーカーオーディオ塗装ウーファーキャリアフリードシエンタノアマジカルカーボンステアリングボスタイヤチェーンスタッドレスタイヤアウトレットHASEPRO/ハセ・プロ：マジカルカーボン リア エンブレム ホンダ マゼラン/CEH-1MZ,HASEPRO/ハセ・プロ：マジカルカーボン リア エンブレム ホンダ マゼラン/CEH-1MZ[rn]
17-147271,http://tshop.r10s.jp/hotroad/cabinet/1409/7140930951_1.jpg?fitin=700:700,1204.0000,,車用品・バイク用品 > カー用品 > 外装パーツ > エンブレム > ホンダ用,HASEPRO/ハセ・プロ：マジカルカーボン リア エンブレム ホンダ ブラック/CEH-4,,マジカルカーボン リアエンブレム<br><br><br>■対応車種■<br><br>・オデッセイ RA6・7・8・9(2001.11～2003.10)<br><br><br>カラー：ブラック<br>内容量：1枚入り<br><br>メーカー：HASEPRO/ハセ・プロ<br>品番：CEH-4<br><br>,HASEPRO/ハセ・プロ：マジカルカーボン リア エンブレム ホンダ ブラック/CEH-4：カー用品のホットロード春日井西店,カー用品コンソールボックススマホ充電器ナンバーフレームスピーカーオーディオ塗装ウーファーキャリアフリードシエンタノアマジカルカーボンステアリングボスタイヤチェーンスタッドレスタイヤアウトレットHASEPRO/ハセ・プロ：マジカルカーボン リア エンブレム ホンダ ブラック/CEH-4,HASEPRO/ハセ・プロ：マジカルカーボン リア エンブレム ホンダ ブラック/CEH-4[rn]
17-147272,http://tshop.r10s.jp/hotroad/cabinet/1408/7140821585_1.jpg?fitin=700:700,1356.0000,,車用品・バイク用品 > カー用品 > 外装パーツ > エンブレム > ホンダ用,HASEPRO/ハセ・プロ：マジカルカーボン リアエンブレム フリードGB3･4 フリードスパイクGB3･4 シビック EU3･4 マゼラン/CEH-19MZ,,マジカルカーボンを使用したエンブレム。<br><br>車種専用にデザインカットされていますので、<br>そのまま貼りつけるだけで 簡単にイメージチェンジが出来ます。 <br><br>■マジカルカーボンとは？<br>本物のカーボン繊維を使用し、特許技術製法により<br>緩やかな曲面・段差にも貼り付け可能にした商品です。<br>ドレスアップに加え、ボディの保護にも抜群の効果を発揮いたします。<br><br>■注意<br>商品画像は、イメージ写真です。<br>商品には、カーボンのみでエンブレムは付属しません。<br><br>マゼラン(マジョーラカラー)は見る角度により見え方が変わる<br>特殊塗料を使用したカーボンです。<br>画像は色の変化をイメージした合成写真の為、実際の商品の<br>見え方とは事なりますので予めご了承下さい。<br><br>■適合車種<br>・フリードGB3・4 年式：2008.5～<br>・フリードスパイクGB3・4 年式：2010.7～<br>・シビック EU3・4 年式：2003.9～2005.9<br><br><br>,HASEPRO/ハセ・プロ：マジカルカーボン リアエンブレム フリードGB3･4 フリードスパイクGB3･4 シビック EU3･4 マゼラン/CEH-19MZ：カー用品のホットロード春日井西店,カー用品コンソールボックススマホ充電器ナンバーフレームスピーカーオーディオ塗装ウーファーキャリアフリードシエンタノアマジカルカーボンステアリングボスタイヤチェーンスタッドレスタイヤアウトレットHASEPRO/ハセ・プロ：マジカルカーボン リアエンブレム フリードGB3･4 フリードスパイクGB3･4 シビック EU3･4 マゼラン/CEH-19MZ,HASEPRO/ハセ・プロ：マジカルカーボン リアエンブレム フリードGB3･4 フリードスパイクGB3･4 シビック EU3･4 マゼラン/CEH-19MZ[rn]
17-147273,http://tshop.r10s.jp/hotroad/cabinet/1408/7140826912_1.jpg?fitin=700:700,1356.0000,,車用品・バイク用品 > カー用品 > 外装パーツ > エンブレム > ホンダ用,HASEPRO/ハセ・プロ：マジカルカーボン リアエンブレム ホンダ マゼラン/CEH-11MZ,,マジカルカーボン リアエンブレム<br><br><br>■対応車種■<br><br>・バモス HM1・2(2007.2～)<br><br>・アコードツアラー CW1(2008.12～)<br><br><br>カラー：マジョーラカラー/マゼラン<br>内容量：1枚入り<br><br>メーカー：HASEPRO/ハセ・プロ<br>品番：CEH-11MZ<br><br>,HASEPRO/ハセ・プロ：マジカルカーボン リアエンブレム ホンダ マゼラン/CEH-11MZ：カー用品のホットロード春日井西店,カー用品コンソールボックススマホ充電器ナンバーフレームスピーカーオーディオ塗装ウーファーキャリアフリードシエンタノアマジカルカーボンステアリングボスタイヤチェーンスタッドレスタイヤアウトレットHASEPRO/ハセ・プロ：マジカルカーボン リアエンブレム ホンダ マゼラン/CEH-11MZ,HASEPRO/ハセ・プロ：マジカルカーボン リアエンブレム ホンダ マゼラン/CEH-11MZ[rn]
17-147274,http://tshop.r10s.jp/hotroad/cabinet/1407/9140701110_1.jpg?fitin=700:700,1204.0000,,車用品・バイク用品 > カー用品 > 外装パーツ > エンブレム > ホンダ用,HASEPRO/ハセ・プロ：ホンダ ステップワゴンRF3.4系 リアエンブレム/CEH-3R,【メール便（）対応】,マジカルカーボンシリーズは炭素繊維素材、<br>及びガラス繊維素材を特殊技術により柔軟性をもたせ特殊印刷で仕上げた高級なシートです。<br>車種別にカットしてある為、誰でも簡単に貼るだけでドレスアップすることが可能です！<br>素材の輝きと光沢を放ちつつ、カーボンの立体感・質感が味わえ、<br>高級感を醸し出しながらエレガンスに仕上がります。<br>もちろん、シート自体に弾力性があるため、保護力も十分です。<br><br>■内容物：カーボンシート・綿棒<br>■レッドカーボン<br><br>【適合】<br>・ホンダ ステップワゴンRF3・4系<br>・年式 2001.4～2003.6<br>・リヤエンブレム用<br><br>,HASEPRO/ハセ・プロ：ホンダ ステップワゴンRF3.4系 リアエンブレム/CEH-3R：カー用品のホットロード春日井西店,カー用品コンソールボックススマホ充電器ナンバーフレームスピーカーオーディオ塗装ウーファーキャリアフリードシエンタノアマジカルカーボンステアリングボスタイヤチェーンスタッドレスタイヤアウトレットHASEPRO/ハセ・プロ：ホンダ ステップワゴンRF3.4系 リアエンブレム/CEH-3R,【メール便（）対応】 。HASEPRO/ハセ・プロ：ホンダ ステップワゴンRF3.4系 リアエンブレム/CEH-3R[rn]
17-147275,http://tshop.r10s.jp/hotroad/cabinet/1409/7140930900_1.jpg?fitin=700:700,1356.0000,,車用品・バイク用品 > カー用品 > 外装パーツ > エンブレム > ホンダ用,HASEPRO/ハセ・プロ：マジカルカーボン リア エンブレム ホンダ アンドロメダ/CEH-1AD,,マジカルカーボン リアエンブレム<br><br><br>■対応車種■<br><br>・オデッセイ RA1・2(1994.10～1997.7)<br><br><br>カラー：マジョーラカラー/アンドロメダ<br>内容量：1枚入り<br><br>メーカー：HASEPRO/ハセ・プロ<br>品番：CEH-1AD<br><br>,HASEPRO/ハセ・プロ：マジカルカーボン リア エンブレム ホンダ アンドロメダ/CEH-1AD：カー用品のホットロード春日井西店,カー用品コンソールボックススマホ充電器ナンバーフレームスピーカーオーディオ塗装ウーファーキャリアフリードシエンタノアマジカルカーボンステアリングボスタイヤチェーンスタッドレスタイヤアウトレットHASEPRO/ハセ・プロ：マジカルカーボン リア エンブレム ホンダ アンドロメダ/CEH-1AD,HASEPRO/ハセ・プロ：マジカルカーボン リア エンブレム ホンダ アンドロメダ/CEH-1AD[rn]
17-147276,http://tshop.r10s.jp/hotroad/cabinet/1408/7140821522_1.jpg?fitin=700:700,1356.0000,,車用品・バイク用品 > カー用品 > 外装パーツ > エンブレム > ホンダ用,HASEPRO/ハセ・プロ：マジカルカーボン リアエンブレム エリシオン RR1～4(MC後) アンドロメダ/CEH-13AD,,マジカルカーボンを使用したエンブレム。<br><br>車種専用にデザインカットされていますので、<br>そのまま貼りつけるだけで 簡単にイメージチェンジが出来ます。 <br><br>■マジカルカーボンとは？<br>本物のカーボン繊維を使用し、特許技術製法により<br>緩やかな曲面・段差にも貼り付け可能にした商品です。<br>ドレスアップに加え、ボディの保護にも抜群の効果を発揮いたします。<br><br>■注意<br>商品画像は、イメージ写真です。<br>商品には、カーボンのみでエンブレムは付属しません。<br><br>アンドロメダ(マジョーラカラー)は見る角度により見え方が変わる<br>特殊塗料を使用したカーボンです。<br>画像は色の変化をイメージした合成写真の為、実際の商品の<br>見え方とは事なりますので予めご了承下さい。<br><br>■適合車種<br>エリシオン RR1～4(MC後) 年式：2006.12～<br><br><br>,HASEPRO/ハセ・プロ：マジカルカーボン リアエンブレム エリシオン RR1～4(MC後) アンドロメダ/CEH-13AD：カー用品のホットロード春日井西店,カー用品コンソールボックススマホ充電器ナンバーフレームスピーカーオーディオ塗装ウーファーキャリアフリードシエンタノアマジカルカーボンステアリングボスタイヤチェーンスタッドレスタイヤアウトレットHASEPRO/ハセ・プロ：マジカルカーボン リアエンブレム エリシオン RR1～4(MC後) アンドロメダ/CEH-13AD,HASEPRO/ハセ・プロ：マジカルカーボン リアエンブレム エリシオン RR1～4(MC後) アンドロメダ/CEH-13AD[rn]
17-147277,http://tshop.r10s.jp/hotroad/cabinet/1407/7140718547_1.jpg?fitin=700:700,1204.0000,,車用品・バイク用品 > カー用品 > 外装パーツ > エンブレム > ホンダ用,HASEPRO/ハセ・プロ：マジカルカーボン リアエンブレム エリシオン RR1～4 MC前 レッド/CEH-12R,【メール便（）対応】,マジカルカーボンを使用したエンブレム。<br><br>車種専用にデザインカットされていますので、<br>そのまま貼りつけるだけで 簡単にイメージチェンジが出来ます。 <br><br>■マジカルカーボンとは？<br>本物のカーボン繊維を使用し、特許技術製法により<br>緩やかな曲面・段差にも貼り付け可能にした商品です。<br>ドレスアップに加え、ボディの保護にも抜群の効果を発揮いたします。<br><br>■注意<br>商品画像は、イメージ写真です。<br>商品には、カーボンのみでエンブレムは付属しません。<br><br>■適合車種<br>エリシオン PR1～4 年式：2005.9～2006.11（MC前）<br><br><br>,HASEPRO/ハセ・プロ：マジカルカーボン リアエンブレム エリシオン RR1～4 MC前 レッド/CEH-12R：カー用品のホットロード春日井西店,カー用品コンソールボックススマホ充電器ナンバーフレームスピーカーオーディオ塗装ウーファーキャリアフリードシエンタノアマジカルカーボンステアリングボスタイヤチェーンスタッドレスタイヤアウトレットHASEPRO/ハセ・プロ：マジカルカーボン リアエンブレム エリシオン RR1～4 MC前 レッド/CEH-12R,【メール便（）対応】。HASEPRO/ハセ・プロ：マジカルカーボン リアエンブレム エリシオン RR1～4 MC前 レッド/CEH-12R[rn]
17-147278,http://tshop.r10s.jp/hotroad/cabinet/1409/7140930905_1.jpg?fitin=700:700,1204.0000,,車用品・バイク用品 > カー用品 > 外装パーツ > エンブレム > ホンダ用,HASEPRO/ハセ・プロ：マジカルカーボン リア エンブレム ホンダ シルバー/CEH-1R,,マジカルカーボン リアエンブレム<br><br><br>■対応車種■<br><br>・オデッセイ RA1・2(1994.10～1997.7)<br><br><br>カラー：レッド<br>内容量：1枚入り<br><br>メーカー：HASEPRO/ハセ・プロ<br>品番：CEH-1R<br><br>,HASEPRO/ハセ・プロ：マジカルカーボン リア エンブレム ホンダ シルバー/CEH-1R：カー用品のホットロード春日井西店,カー用品コンソールボックススマホ充電器ナンバーフレームスピーカーオーディオ塗装ウーファーキャリアフリードシエンタノアマジカルカーボンステアリングボスタイヤチェーンスタッドレスタイヤアウトレットHASEPRO/ハセ・プロ：マジカルカーボン リア エンブレム ホンダ シルバー/CEH-1R,HASEPRO/ハセ・プロ：マジカルカーボン リア エンブレム ホンダ シルバー/CEH-1R[rn]
17-147279,http://tshop.r10s.jp/hotroad/cabinet/1408/7140821537_1.jpg?fitin=700:700,1204.0000,,車用品・バイク用品 > カー用品 > 外装パーツ > エンブレム > ホンダ用,HASEPRO/ハセ・プロ：マジカルカーボン リアエンブレム エリシオンプレステージ RR5･6 クロスロードRT1～4 レッド/CEH-14R,,マジカルカーボンを使用したエンブレム。<br><br>車種専用にデザインカットされていますので、<br>そのまま貼りつけるだけで 簡単にイメージチェンジが出来ます。 <br><br>■マジカルカーボンとは？<br>本物のカーボン繊維を使用し、特許技術製法により<br>緩やかな曲面・段差にも貼り付け可能にした商品です。<br>ドレスアップに加え、ボディの保護にも抜群の効果を発揮いたします。<br><br>■注意<br>商品画像は、イメージ写真です。<br>商品には、カーボンのみでエンブレムは付属しません。<br><br>■適合車種<br>・エリシオンプレステージ RR5・6 年式：2007.1～<br>・クロスロードRT1～4 年式：2007.2～<br><br><br>,HASEPRO/ハセ・プロ：マジカルカーボン リアエンブレム エリシオンプレステージ RR5･6 クロスロードRT1～4 レッド/CEH-14R：カー用品のホットロード春日井西店,カー用品コンソールボックススマホ充電器ナンバーフレームスピーカーオーディオ塗装ウーファーキャリアフリードシエンタノアマジカルカーボンステアリングボスタイヤチェーンスタッドレスタイヤアウトレットHASEPRO/ハセ・プロ：マジカルカーボン リアエンブレム エリシオンプレステージ RR5･6 クロスロードRT1～4 レッド/CEH-14R,HASEPRO/ハセ・プロ：マジカルカーボン リアエンブレム エリシオンプレステージ RR5･6 クロスロードRT1～4 レッド/CEH-14R[rn]
17-147280,http://tshop.r10s.jp/hotroad/cabinet/1408/6140803720_1.jpg?fitin=700:700,1204.0000,,車用品・バイク用品 > カー用品 > 外装パーツ > エンブレム > ホンダ用,ハセプロ：マジカルカーボン リアエンブレム フィットGD1～4 インサイト エアウェイブ モビリオ N-ONE N-WGN オデッセイRC1・2 レッド/CEH-8R,,・マジカルカーボンシリーズは炭素繊維素材、及びガラス繊維素材を特殊技術により柔軟性をもたせ特殊印刷で仕上げた高級なシートです。<br>・車種別にカットしてある為、誰でも簡単に貼るだけでドレスアップすることが可能です！<br>・素材の輝きと光沢を放ちつつ、カーボンの立体感・質感が味わえ、高級感を醸し出しながらエレガンスに仕上がります。 もちろん、シート自体に弾力性があるため、保護力も十分です。 <br><br>【対応】<br>・ホンダ <br>フィット GD1～4 2001.6～2007.9<br>インサイト ZE2 2009.2～<br>エアウェイブ GJ1・2 2005.4～<br>モビリオスパイク GK1・2 MC後 2005.12～2008.6<br>N-ONE JG1/JG2 2012.11～<br>モビリオ LA-GB1・2 （MC前） フロント用 2001.12～2004.11<br>N-ワゴン・カスタム JH1・2 2013.11～<br>オデッセイアブソルート RC1・2系 2013.11～<br>・リヤエンブレム用 （※モビリオはフロント用）<br><br>・リヤエンブレム用 ●カラー：ブラック<br>●内容物：カーボンシート<br><br>※注意<br>・本製品は車種別専用タイプです。車種適合をお間違えないようお願いします。<br>・商品にエンブレムは含まれません。<br><br>,ハセプロ：マジカルカーボン リアエンブレム フィットGD1～4 インサイト エアウェイブ モビリオ N-ONE N-WGN オデッセイRC1・2 レッド/CEH-8R：カー用品のホットロード春日井西店,カー用品コンソールボックススマホ充電器ナンバーフレームスピーカーオーディオ塗装ウーファーキャリアフリードシエンタノアマジカルカーボンステアリングボスタイヤチェーンスタッドレスタイヤアウトレットハセプロ：マジカルカーボン リアエンブレム フィットGD1～4 インサイト エアウェイブ モビリオ N-ONE N-WGN オデッセイRC1・2 レッド/CEH-8R,ハセプロ：マジカルカーボン リアエンブレム フィットGD1～4 インサイト エアウェイブ モビリオ N-ONE N-WGN オデッセイRC1・2 レッド/CEH-8R[rn]
17-147281,http://tshop.r10s.jp/hotroad/cabinet/1408/7140821566_1.jpg?fitin=700:700,1204.0000,,車用品・バイク用品 > カー用品 > 外装パーツ > エンブレム > ホンダ用,HASEPRO/ハセ・プロ：マジカルカーボン リアエンブレム フィット GE6～9 フィットハイブリッド GP1 ピンク/CEH-17P,,マジカルカーボンを使用したエンブレム。<br><br>車種専用にデザインカットされていますので、<br>そのまま貼りつけるだけで 簡単にイメージチェンジが出来ます。 <br><br>■マジカルカーボンとは？<br>本物のカーボン繊維を使用し、特許技術製法により<br>緩やかな曲面・段差にも貼り付け可能にした商品です。<br>ドレスアップに加え、ボディの保護にも抜群の効果を発揮いたします。<br><br>■注意<br>商品画像は、イメージ写真です。<br>商品には、カーボンのみでエンブレムは付属しません。<br><br>■適合車種<br>・フィット GE6～9 年式：2007.10～<br>・フィットハイブリッド GP1 年式：2011.6～<br><br><br>,HASEPRO/ハセ・プロ：マジカルカーボン リアエンブレム フィット GE6～9 フィットハイブリッド GP1 ピンク/CEH-17P：カー用品のホットロード春日井西店,カー用品コンソールボックススマホ充電器ナンバーフレームスピーカーオーディオ塗装ウーファーキャリアフリードシエンタノアマジカルカーボンステアリングボスタイヤチェーンスタッドレスタイヤアウトレットHASEPRO/ハセ・プロ：マジカルカーボン リアエンブレム フィット GE6～9 フィットハイブリッド GP1 ピンク/CEH-17P,HASEPRO/ハセ・プロ：マジカルカーボン リアエンブレム フィット GE6～9 フィットハイブリッド GP1 ピンク/CEH-17P[rn]
17-147282,http://tshop.r10s.jp/hotroad/cabinet/1409/7140930902_1.jpg?fitin=700:700,1204.0000,,車用品・バイク用品 > カー用品 > 外装パーツ > エンブレム > ホンダ用,HASEPRO/ハセ・プロ：マジカルカーボン リア エンブレム ホンダ ガンメタ/CEH-1GU,,マジカルカーボン リアエンブレム<br><br><br>■対応車種■<br><br>・オデッセイ RA1・2(1994.10～1997.7)<br><br><br>カラー：ガンメタ<br>内容量：1枚入り<br><br>メーカー：HASEPRO/ハセ・プロ<br>品番：CEH-1GU<br><br>,HASEPRO/ハセ・プロ：マジカルカーボン リア エンブレム ホンダ ガンメタ/CEH-1GU：カー用品のホットロード春日井西店,カー用品コンソールボックススマホ充電器ナンバーフレームスピーカーオーディオ塗装ウーファーキャリアフリードシエンタノアマジカルカーボンステアリングボスタイヤチェーンスタッドレスタイヤアウトレットHASEPRO/ハセ・プロ：マジカルカーボン リア エンブレム ホンダ ガンメタ/CEH-1GU,HASEPRO/ハセ・プロ：マジカルカーボン リア エンブレム ホンダ ガンメタ/CEH-1GU[rn]
17-147283,http://tshop.r10s.jp/hotroad/cabinet/1409/7140930906_1.jpg?fitin=700:700,1204.0000,,車用品・バイク用品 > カー用品 > 外装パーツ > エンブレム > ホンダ用,HASEPRO/ハセ・プロ：マジカルカーボン リア エンブレム ホンダ ブラック/CEH-20,,マジカルカーボン リアエンブレム<br><br><br>■対応車種■<br><br>・CR-Z ZF1モデューロテールゲートガーニッシュ装着車非対応<br>(2010.2～)<br><br><br>カラー：ブラック<br>内容量：1枚入り<br><br>メーカー：HASEPRO/ハセ・プロ<br>品番：CEH-20<br><br>,HASEPRO/ハセ・プロ：マジカルカーボン リア エンブレム ホンダ ブラック/CEH-20：カー用品のホットロード春日井西店,カー用品コンソールボックススマホ充電器ナンバーフレームスピーカーオーディオ塗装ウーファーキャリアフリードシエンタノアマジカルカーボンステアリングボスタイヤチェーンスタッドレスタイヤアウトレットHASEPRO/ハセ・プロ：マジカルカーボン リア エンブレム ホンダ ブラック/CEH-20,HASEPRO/ハセ・プロ：マジカルカーボン リア エンブレム ホンダ ブラック/CEH-20[rn]
17-147284,http://tshop.r10s.jp/hotroad/cabinet/1407/9140701107_1.jpg?fitin=700:700,1204.0000,,車用品・バイク用品 > カー用品 > 外装パーツ > エンブレム > ホンダ用,HASEPRO/ハセ・プロ：ホンダ オデッセイRB系マイナー前 リアエンブレム/CEH-2,【メール便（）対応】,マジカルカーボンシリーズは炭素繊維素材、<br>及びガラス繊維素材を特殊技術により柔軟性をもたせ特殊印刷で仕上げた高級なシートです。<br>車種別にカットしてある為、誰でも簡単に貼るだけでドレスアップすることが可能です！<br>素材の輝きと光沢を放ちつつ、カーボンの立体感・質感が味わえ、<br>高級感を醸し出しながらエレガンスに仕上がります。<br>もちろん、シート自体に弾力性があるため、保護力も十分です。<br><br>■内容物：カーボンシート・綿棒<br>■ブラックカーボン<br><br>【適合】<br>・ホンダ オデッセイRB系マイナー前<br>・年式 2003.10～2008.10<br>・リヤエンブレム用<br><br>,HASEPRO/ハセ・プロ：ホンダ オデッセイRB系マイナー前 リアエンブレム/CEH-2：カー用品のホットロード春日井西店,カー用品コンソールボックススマホ充電器ナンバーフレームスピーカーオーディオ塗装ウーファーキャリアフリードシエンタノアマジカルカーボンステアリングボスタイヤチェーンスタッドレスタイヤアウトレットHASEPRO/ハセ・プロ：ホンダ オデッセイRB系マイナー前 リアエンブレム/CEH-2,【メール便（）対応】 。HASEPRO/ハセ・プロ：ホンダ オデッセイRB系マイナー前 リアエンブレム/CEH-2[rn]
17-147285,http://tshop.r10s.jp/hotroad/cabinet/1409/7140930946_1.jpg?fitin=700:700,1204.0000,,車用品・バイク用品 > カー用品 > 外装パーツ > エンブレム > ホンダ用,HASEPRO/ハセ・プロ：マジカルカーボン リア エンブレム ホンダ ブルー/CEH-3B,,マジカルカーボン リアエンブレム<br><br><br>■対応車種■<br><br>・ステップワゴン RF3・4MC前(2001.4～2003.6)<br><br><br>カラー：ブルー<br>内容量：1枚入り<br><br>メーカー：HASEPRO/ハセ・プロ<br>品番：CEH-3B<br><br>,HASEPRO/ハセ・プロ：マジカルカーボン リア エンブレム ホンダ ブルー/CEH-3B：カー用品のホットロード春日井西店,カー用品コンソールボックススマホ充電器ナンバーフレームスピーカーオーディオ塗装ウーファーキャリアフリードシエンタノアマジカルカーボンステアリングボスタイヤチェーンスタッドレスタイヤアウトレットHASEPRO/ハセ・プロ：マジカルカーボン リア エンブレム ホンダ ブルー/CEH-3B,HASEPRO/ハセ・プロ：マジカルカーボン リア エンブレム ホンダ ブルー/CEH-3B[rn]
17-147286,http://tshop.r10s.jp/hotroad/cabinet/1409/7140930912_1.jpg?fitin=700:700,1204.0000,,車用品・バイク用品 > カー用品 > 外装パーツ > エンブレム > ホンダ用,HASEPRO/ハセ・プロ：マジカルカーボン リア エンブレム ホンダ レッド/CEH-20R,,マジカルカーボン リアエンブレム<br><br><br>■対応車種■<br><br>・CR-Z ZF1モデューロテールゲートガーニッシュ装着車非対応<br>(2010.2～)<br><br><br>カラー：レッド<br>内容量：1枚入り<br><br>メーカー：HASEPRO/ハセ・プロ<br>品番：CEH-20R<br><br>,HASEPRO/ハセ・プロ：マジカルカーボン リア エンブレム ホンダ レッド/CEH-20R：カー用品のホットロード春日井西店,カー用品コンソールボックススマホ充電器ナンバーフレームスピーカーオーディオ塗装ウーファーキャリアフリードシエンタノアマジカルカーボンステアリングボスタイヤチェーンスタッドレスタイヤアウトレットHASEPRO/ハセ・プロ：マジカルカーボン リア エンブレム ホンダ レッド/CEH-20R,HASEPRO/ハセ・プロ：マジカルカーボン リア エンブレム ホンダ レッド/CEH-20R[rn]
17-147287,http://tshop.r10s.jp/hotroad/cabinet/1409/7140911906_1.jpg?fitin=700:700,1204.0000,,車用品・バイク用品 > カー用品 > 外装パーツ > エンブレム > ホンダ用,HASEPRO/ハセ・プロ：マジカルカーボン フロント エンブレム ホンダ レッド/CEFH-8R,,マジカルカーボン フロントエンブレム<br><br><br>■適応車種■<br><br>・ステップワゴン RG1～4スパーダ (2007.11～2009.10)<br><br><br>カラー：レッド<br>内容量：1枚入り<br><br>メーカー：HASEPRO/ハセ・プロ<br>品番：CEFH-8R<br><br>,HASEPRO/ハセ・プロ：マジカルカーボン フロント エンブレム ホンダ レッド/CEFH-8R：カー用品のホットロード春日井西店,カー用品コンソールボックススマホ充電器ナンバーフレームスピーカーオーディオ塗装ウーファーキャリアフリードシエンタノアマジカルカーボンステアリングボスタイヤチェーンスタッドレスタイヤアウトレットHASEPRO/ハセ・プロ：マジカルカーボン フロント エンブレム ホンダ レッド/CEFH-8R,HASEPRO/ハセ・プロ：マジカルカーボン フロント エンブレム ホンダ レッド/CEFH-8R[rn]
17-147288,http://tshop.r10s.jp/hotroad/cabinet/1409/7140911903_1.jpg?fitin=700:700,1204.0000,,車用品・バイク用品 > カー用品 > 外装パーツ > エンブレム > ホンダ用,HASEPRO/ハセ・プロ：マジカルカーボン フロント エンブレム ホンダ ガンメタ/CEFH-8GU,,マジカルカーボン フロントエンブレム<br><br><br>■適応車種■<br><br>・ステップワゴン RG1～4スパーダ (2007.11～2009.10)<br><br><br>カラー：ガンメタ<br>内容量：1枚入り<br><br>メーカー：HASEPRO/ハセ・プロ<br>品番：CEFH-8GU<br><br>,HASEPRO/ハセ・プロ：マジカルカーボン フロント エンブレム ホンダ ガンメタ/CEFH-8GU：カー用品のホットロード春日井西店,カー用品コンソールボックススマホ充電器ナンバーフレームスピーカーオーディオ塗装ウーファーキャリアフリードシエンタノアマジカルカーボンステアリングボスタイヤチェーンスタッドレスタイヤアウトレットHASEPRO/ハセ・プロ：マジカルカーボン フロント エンブレム ホンダ ガンメタ/CEFH-8GU,HASEPRO/ハセ・プロ：マジカルカーボン フロント エンブレム ホンダ ガンメタ/CEFH-8GU[rn]
17-147289,http://tshop.r10s.jp/hotroad/cabinet/1408/7140821505_1.jpg?fitin=700:700,1356.0000,,車用品・バイク用品 > カー用品 > 外装パーツ > エンブレム > ホンダ用,HASEPRO/ハセ・プロ：マジカルカーボン リアエンブレム エリシオン RR1～4(MC前) マゼラン/CEH-12MZ,,マジカルカーボンを使用したエンブレム。<br><br>車種専用にデザインカットされていますので、<br>そのまま貼りつけるだけで 簡単にイメージチェンジが出来ます。 <br><br>■マジカルカーボンとは？<br>本物のカーボン繊維を使用し、特許技術製法により<br>緩やかな曲面・段差にも貼り付け可能にした商品です。<br>ドレスアップに加え、ボディの保護にも抜群の効果を発揮いたします。<br><br>■注意<br>商品画像は、イメージ写真です。<br>商品には、カーボンのみでエンブレムは付属しません。<br><br>マゼラン(マジョーラカラー)は見る角度により見え方が変わる<br>特殊塗料を使用したカーボンです。<br>画像は色の変化をイメージした合成写真の為、実際の商品の<br>見え方とは事なりますので予めご了承下さい。<br><br>■適合車種<br>エリシオン RR1～4(MC前) 年式：2005.9～2006.11<br><br><br>,HASEPRO/ハセ・プロ：マジカルカーボン リアエンブレム エリシオン RR1～4(MC前) マゼラン/CEH-12MZ：カー用品のホットロード春日井西店,カー用品コンソールボックススマホ充電器ナンバーフレームスピーカーオーディオ塗装ウーファーキャリアフリードシエンタノアマジカルカーボンステアリングボスタイヤチェーンスタッドレスタイヤアウトレットHASEPRO/ハセ・プロ：マジカルカーボン リアエンブレム エリシオン RR1～4(MC前) マゼラン/CEH-12MZ,HASEPRO/ハセ・プロ：マジカルカーボン リアエンブレム エリシオン RR1～4(MC前) マゼラン/CEH-12MZ[rn]
17-147290,http://tshop.r10s.jp/hotroad/cabinet/1408/7140821574_1.jpg?fitin=700:700,1204.0000,,車用品・バイク用品 > カー用品 > 外装パーツ > エンブレム > ホンダ用,HASEPRO/ハセ・プロ：マジカルカーボン リアエンブレム S-MX RH1･2 ガンメタ/CEH-18GU,,マジカルカーボンを使用したエンブレム。<br><br>車種専用にデザインカットされていますので、<br>そのまま貼りつけるだけで 簡単にイメージチェンジが出来ます。 <br><br>■マジカルカーボンとは？<br>本物のカーボン繊維を使用し、特許技術製法により<br>緩やかな曲面・段差にも貼り付け可能にした商品です。<br>ドレスアップに加え、ボディの保護にも抜群の効果を発揮いたします。<br><br>■注意<br>商品画像は、イメージ写真です。<br>商品には、カーボンのみでエンブレムは付属しません。<br><br>■適合車種<br>・S-MX RH1・2 年式：1996.11～2002.1<br><br><br>,HASEPRO/ハセ・プロ：マジカルカーボン リアエンブレム S-MX RH1･2 ガンメタ/CEH-18GU：カー用品のホットロード春日井西店,カー用品コンソールボックススマホ充電器ナンバーフレームスピーカーオーディオ塗装ウーファーキャリアフリードシエンタノアマジカルカーボンステアリングボスタイヤチェーンスタッドレスタイヤアウトレットHASEPRO/ハセ・プロ：マジカルカーボン リアエンブレム S-MX RH1･2 ガンメタ/CEH-18GU,HASEPRO/ハセ・プロ：マジカルカーボン リアエンブレム S-MX RH1･2 ガンメタ/CEH-18GU[rn]
17-147291,http://tshop.r10s.jp/hotroad/cabinet/1408/6140803705_1.jpg?fitin=700:700,1356.0000,,車用品・バイク用品 > カー用品 > 外装パーツ > エンブレム > ホンダ用,ハセプロ：マジカルカーボン リアエンブレム ホンダ ライフ JB5･JB6･JB7･JB8 マジョーラ マゼラン/CEH-6MZ,,・マジカルカーボンシリーズは炭素繊維素材、及びガラス繊維素材を特殊技術により柔軟性をもたせ特殊印刷で仕上げた高級なシートです。<br>・車種別にカットしてある為、誰でも簡単に貼るだけでドレスアップすることが可能です！<br>・素材の輝きと光沢を放ちつつ、カーボンの立体感・質感が味わえ、高級感を醸し出しながらエレガンスに仕上がります。 もちろん、シート自体に弾力性があるため、保護力も十分です。 <br><br>【対応】<br>・ホンダ ライフ JB5・6・7・8<br>・2005.05～2009.10<br>・リヤエンブレム用 <br><br>●カラー：マジョーラ マゼラン<br>●内容物：カーボンシート<br><br>※注意<br>・本製品は車種別専用タイプです。車種適合をお間違えないようお願いします。<br>・商品にエンブレムは含まれません。<br><br>,ハセプロ：マジカルカーボン リアエンブレム ホンダ ライフ JB5･JB6･JB7･JB8 マジョーラ マゼラン/CEH-6MZ：カー用品のホットロード春日井西店,カー用品コンソールボックススマホ充電器ナンバーフレームスピーカーオーディオ塗装ウーファーキャリアフリードシエンタノアマジカルカーボンステアリングボスタイヤチェーンスタッドレスタイヤアウトレットハセプロ：マジカルカーボン リアエンブレム ホンダ ライフ JB5･JB6･JB7･JB8 マジョーラ マゼラン/CEH-6MZ,ハセプロ：マジカルカーボン リアエンブレム ホンダ ライフ JB5･JB6･JB7･JB8 マジョーラ マゼラン/CEH-6MZ[rn]
17-147292,http://tshop.r10s.jp/hotroad/cabinet/1408/6140803711_1.jpg?fitin=700:700,1204.0000,,車用品・バイク用品 > カー用品 > 外装パーツ > エンブレム > ホンダ用,ハセプロ：マジカルカーボン リアエンブレム ステップWRG1～4系 ガンメタ/CEH-7GU,,・マジカルカーボンシリーズは炭素繊維素材、及びガラス繊維素材を特殊技術により柔軟性をもたせ特殊印刷で仕上げた高級なシートです。<br>・車種別にカットしてある為、誰でも簡単に貼るだけでドレスアップすることが可能です！<br>・素材の輝きと光沢を放ちつつ、カーボンの立体感・質感が味わえ、高級感を醸し出しながらエレガンスに仕上がります。 もちろん、シート自体に弾力性があるため、保護力も十分です。 <br><br>【対応】<br>・ホンダ ステップWRG系<br>・2005.05～2009.10<br>・リヤエンブレム用 <br><br>●カラー：ガンメタ<br>●内容物：カーボンシート<br><br>※注意<br>・本製品は車種別専用タイプです。車種適合をお間違えないようお願いします。<br>・商品にエンブレムは含まれません。<br><br>,ハセプロ：マジカルカーボン リアエンブレム ステップWRG1～4系 ガンメタ/CEH-7GU：カー用品のホットロード春日井西店,カー用品コンソールボックススマホ充電器ナンバーフレームスピーカーオーディオ塗装ウーファーキャリアフリードシエンタノアマジカルカーボンステアリングボスタイヤチェーンスタッドレスタイヤアウトレットハセプロ：マジカルカーボン リアエンブレム ステップWRG1～4系 ガンメタ/CEH-7GU,ハセプロ：マジカルカーボン リアエンブレム ステップWRG1～4系 ガンメタ/CEH-7GU[rn]
17-147293,http://tshop.r10s.jp/hotroad/cabinet/1408/7140821554_1.jpg?fitin=700:700,1204.0000,,車用品・バイク用品 > カー用品 > 外装パーツ > エンブレム > ホンダ用,HASEPRO/ハセ・プロ：マジカルカーボン リアエンブレム ステップワゴン ゼストスパーク モビリオ ガンメタ/CEH-16GU,,マジカルカーボンを使用したエンブレム。<br><br>車種専用にデザインカットされていますので、<br>そのまま貼りつけるだけで 簡単にイメージチェンジが出来ます。 <br><br>■マジカルカーボンとは？<br>本物のカーボン繊維を使用し、特許技術製法により<br>緩やかな曲面・段差にも貼り付け可能にした商品です。<br>ドレスアップに加え、ボディの保護にも抜群の効果を発揮いたします。<br><br>■注意<br>商品画像は、イメージ写真です。<br>商品には、カーボンのみでエンブレムは付属しません。<br><br>■適合車種<br>・ステップワゴン RF3・4 (MC後) 年式：2003.6～2005.4<br>・ゼストスパーク JE1・2 年式：2008.12～<br>・モビリオ LA-GB1・2 (MC前) 年式：2001.12～2004.11<br><br><br>,HASEPRO/ハセ・プロ：マジカルカーボン リアエンブレム ステップワゴン ゼストスパーク モビリオ ガンメタ/CEH-16GU：カー用品のホットロード春日井西店,カー用品コンソールボックススマホ充電器ナンバーフレームスピーカーオーディオ塗装ウーファーキャリアフリードシエンタノアマジカルカーボンステアリングボスタイヤチェーンスタッドレスタイヤアウトレットHASEPRO/ハセ・プロ：マジカルカーボン リアエンブレム ステップワゴン ゼストスパーク モビリオ ガンメタ/CEH-16GU,HASEPRO/ハセ・プロ：マジカルカーボン リアエンブレム ステップワゴン ゼストスパーク モビリオ ガンメタ/CEH-16GU[rn]
17-147294,http://tshop.r10s.jp/hotroad/cabinet/1408/7140821584_1.jpg?fitin=700:700,1204.0000,,車用品・バイク用品 > カー用品 > 外装パーツ > エンブレム > ホンダ用,HASEPRO/ハセ・プロ：マジカルカーボン リアエンブレム フリードGB3･4 フリードスパイクGB3･4 シビック EU3･4 ガンメタ/CEH-19GU,,マジカルカーボンを使用したエンブレム。<br><br>車種専用にデザインカットされていますので、<br>そのまま貼りつけるだけで 簡単にイメージチェンジが出来ます。 <br><br>■マジカルカーボンとは？<br>本物のカーボン繊維を使用し、特許技術製法により<br>緩やかな曲面・段差にも貼り付け可能にした商品です。<br>ドレスアップに加え、ボディの保護にも抜群の効果を発揮いたします。<br><br>■注意<br>商品画像は、イメージ写真です。<br>商品には、カーボンのみでエンブレムは付属しません。<br><br>■適合車種<br>・フリードGB3・4 年式：2008.5～<br>・フリードスパイクGB3・4 年式：2010.7～<br>・シビック EU3・4 年式：2003.9～2005.9<br><br><br>,HASEPRO/ハセ・プロ：マジカルカーボン リアエンブレム フリードGB3･4 フリードスパイクGB3･4 シビック EU3･4 ガンメタ/CEH-19GU：カー用品のホットロード春日井西店,カー用品コンソールボックススマホ充電器ナンバーフレームスピーカーオーディオ塗装ウーファーキャリアフリードシエンタノアマジカルカーボンステアリングボスタイヤチェーンスタッドレスタイヤアウトレットHASEPRO/ハセ・プロ：マジカルカーボン リアエンブレム フリードGB3･4 フリードスパイクGB3･4 シビック EU3･4 ガンメタ/CEH-19GU,HASEPRO/ハセ・プロ：マジカルカーボン リアエンブレム フリードGB3･4 フリードスパイクGB3･4 シビック EU3･4 ガンメタ/CEH-19GU[rn]
17-147295,http://tshop.r10s.jp/hotroadparts/cabinet/1409/7140911900_1.jpg?fitin=700:700,1204.0000,,車用品・バイク用品 > カー用品 > 外装パーツ > エンブレム > ホンダ用,HASEPRO/ハセプロ：マジカルカーボン フロント エンブレム ホンダ ブラック/CEFH-8/,【メール便選択で送料200円】,マジカルカーボン フロントエンブレム<br><br><br>■適応車種■<br><br>・ステップワゴン RG1～4スパーダ (2007.11～2009.10)<br><br><br>カラー：ブラック<br>内容量：1枚入り<br><br>メーカー：HASEPRO/ハセ・プロ<br>品番：CEFH-8<br><br>,HASEPRO/ハセプロ：マジカルカーボン フロント エンブレム ホンダ ブラック/CEFH-8/：カー用品通販のホットロードパーツ,HASEPRO/ハセプロ：マジカルカーボン フロント エンブレム ホンダ ブラック/CEFH-8/,【メール便選択で送料200円】。HASEPRO/ハセプロ：マジカルカーボン フロント エンブレム ホンダ ブラック/CEFH-8/[rn]
17-147296,http://tshop.r10s.jp/hotroadparts/cabinet/1407/7140730945_1.jpg?fitin=700:700,1508.8000,,車用品・バイク用品 > カー用品 > 外装パーツ > エンブレム > ホンダ用,HASEPRO/ハセプロ：マジカルカーボン ネオ リア/フロントエンブレム ホンダ レッド/NEH-3R/,【メール便選択で送料200円】,マジカルカーボンネオリア/フロントエンブレム<br><br><br>●高耐候ウレタン樹脂を使用した立体感のあるエンブレムシートです。<br><br><br>■適合車種■<br><br>・リア ストリーム RN6～9（H18.7～）<br><br>・リア CR-V RE3・4（H18.10～）<br><br>・リア フィット GK3・4・5・6（H25.9～）<br><br>・リア フィットハイブリッド GP5（H25.9～）<br><br>・リア ヴェゼル RU1・2（H25.11～）<br><br><br>カラー：レッド<br>メーカー：HASEPRO/ハセ・プロ<br>品番：NEH-3R<br><br>,HASEPRO/ハセプロ：マジカルカーボン ネオ リア/フロントエンブレム ホンダ レッド/NEH-3R/：カー用品通販のホットロードパーツ,HASEPRO/ハセプロ：マジカルカーボン ネオ リア/フロントエンブレム ホンダ レッド/NEH-3R/,【メール便選択で送料200円】。HASEPRO/ハセプロ：マジカルカーボン ネオ リア/フロントエンブレム ホンダ レッド/NEH-3R/[rn]
17-147297,http://tshop.r10s.jp/hotroadparts/cabinet/1408/6140803708_1.jpg?fitin=700:700,1204.0000,,車用品・バイク用品 > カー用品 > 外装パーツ > エンブレム > ホンダ用,HASEPRO/ハセプロ：マジカルカーボン リアエンブレム ホンダ ライフ JB5･JB6･JB7･JB8 シルバー/CEH-6S/,【メール便選択で送料200円】,・マジカルカーボンシリーズは炭素繊維素材、及びガラス繊維素材を特殊技術により柔軟性をもたせ特殊印刷で仕上げた高級なシートです。<br>・車種別にカットしてある為、誰でも簡単に貼るだけでドレスアップすることが可能です！<br>・素材の輝きと光沢を放ちつつ、カーボンの立体感・質感が味わえ、高級感を醸し出しながらエレガンスに仕上がります。 もちろん、シート自体に弾力性があるため、保護力も十分です。 <br><br>【対応】<br>・ホンダ ライフ JB5・6・7・8<br>・2005.05～2009.10<br>・リヤエンブレム用 <br><br>●カラー：シルバー<br>●内容物：カーボンシート<br><br>※注意<br>・本製品は車種別専用タイプです。車種適合をお間違えないようお願いします。<br>・商品にエンブレムは含まれません。<br><br>,HASEPRO/ハセプロ：マジカルカーボン リアエンブレム ホンダ ライフ JB5･JB6･JB7･JB8 シルバー/CEH-6S/：カー用品通販のホットロードパーツ,HASEPRO/ハセプロ：マジカルカーボン リアエンブレム ホンダ ライフ JB5･JB6･JB7･JB8 シルバー/CEH-6S/,【メール便選択で送料200円】。HASEPRO/ハセプロ：マジカルカーボン リアエンブレム ホンダ ライフ JB5･JB6･JB7･JB8 シルバー/CEH-6S/[rn]
17-147298,http://tshop.r10s.jp/hotroadparts/cabinet/1409/7140909958_1.jpg?fitin=700:700,1204.0000,,車用品・バイク用品 > カー用品 > 外装パーツ > エンブレム > ホンダ用,HASEPRO/ハセプロ：マジカルカーボン フロント エンブレム ホンダ シルバー/CEFH-15S/,【メール便選択で送料200円】,マジカルカーボン フロントエンブレム<br><br><br>■適応車種■<br><br>・CR-V RE3.4(2006.10～)<br><br><br>カラー：シルバー<br>内容量：1枚入り<br><br>メーカー：HASEPRO/ハセ・プロ<br>品番：CEFH-15S<br><br>,HASEPRO/ハセプロ：マジカルカーボン フロント エンブレム ホンダ シルバー/CEFH-15S/：カー用品通販のホットロードパーツ,HASEPRO/ハセプロ：マジカルカーボン フロント エンブレム ホンダ シルバー/CEFH-15S/,【メール便選択で送料200円】。HASEPRO/ハセプロ：マジカルカーボン フロント エンブレム ホンダ シルバー/CEFH-15S/[rn]
