17-151999,http://tshop.r10s.jp/mapsports-syuppin/cabinet/brand/no_image.gif?fitin=700:700,186560.0000,,スポーツ・アウトドア > 自転車・サイクリング > 自転車用パーツ > ホイール,XENTIS （ゼンティス）NEW XBL2.5 クリンチャー シマノ11S/スラム ホイールセット 【05P30Nov14】,-,"<br><b>サイズ ：</b>700C<br><b>リム高：</b> 25mm<br><b>リム幅：</b> 21mm<br><b>ハブ：</b>XH-001 スタンダードベアリング<br><b>スポーク：</b> F 20本、R 24本<br><b>仕様：</b> クリンチャー<br><b>対応スプロケット：</b> シマノ11S/スラム<br><b>参考重量：</b> 1,260g（前後セット）<br><b>付属品：</b> Xentis クイックリリース",XENTIS （ゼンティス）NEW XBL2.5 クリンチャー シマノ11S/スラム ホイールセット 【05P30Nov14】：クラウンギアーズ楽天市場店,XENTIS （ゼンティス）NEW XBL2.5 クリンチャー シマノ11S/スラム ホイールセット 【05P30Nov14】,-。XENTIS （ゼンティス）NEW XBL2.5 クリンチャー シマノ11S/スラム ホイールセット 【05P30Nov14】[rn]
17-152000,http://tshop.r10s.jp/mapsports-syuppin/cabinet/new_126/8809451150355_1.jpg?fitin=700:700,7344.0000,,スポーツ・アウトドア > 自転車・サイクリング > 自転車用パーツ > ホイール,Karmor（カーマー）ASMA2 アスマ2 ブラック/ピンク サイズS/M ヘルメット 【自転車】,　,"<!--検索キーワード--><font color=""#FFFFFF"">(Karmor2017）</font><br><b>■状態：</b>新品<br /><br /><b>■カラーバリエーション</b><br /><!--サイズ表記テーブル-->    <table border=""0"" cellspacing=""0"" cellpadding=""0"">  <tr> <td width=""200""  bgcolor=""#afeeee"" >　ホワイト</td><td width=""60""  bgcolor=""#afeeee"" >　S/M</td><td width=""60""  bgcolor=""#afeeee"" >　L</td></tr><tr> <td>　ブラック</td><td>　S/M</td><td>　L</td></tr><tr> <td bgcolor=""#afeeee"">　ホワイト/ライトブルー</td><td bgcolor=""#afeeee"">　S/M</td><td bgcolor=""#afeeee"">　L</td></tr><tr> <td>　ホワイト/ブラック</td><td>　S/M</td><td>　L</td></tr><tr> <td bgcolor=""#afeeee"">　ブラック/レッド</td><td bgcolor=""#afeeee"">　S/M</td><td bgcolor=""#afeeee"">　L</td></tr><tr> <td>　ブラック/ライトグリーン</td><td>　S/M</td><td>　L</td></tr><tr> <td bgcolor=""#afeeee"">　ブラック/ピンク</td><td bgcolor=""#afeeee"">　S/M</td><td bgcolor=""#afeeee"">　L</td></tr></table><br /><table  width=""100%""><tr>  <td > <b>■スペック</b><br>      サイズ：55-58cm（S/M）、59-60cm（L） <br />      重量：232.5g（S/M）、262.5g（L）<br>      <br>      <br>     <b> ■ 特徴</b><br>     ・前傾姿勢でも視界を確保しやすい設計<br>     ・紫外線をカットするUVカットライニング<br>     ・高い通気性を実現するエアフローシステム<br>     ・フィット性を上下に微調整できるリアホールドシステム（3段階）<br>     ・日本人にフィットしやすい形状　リトルアジアンフィット<br>     ・簡単に締め付けを調整できるダイアルレバー<br>     <br>     <br>     <br />          <br />          <br />      快適なフィット性。流線型の美しいフォルム。高い機能性とデザイン性が融合したエントリーユーザーにもおススメのモデル。<br />                <br />                <br />                  </td></tr></table><br><br>   <img src=""http://www.rakuten.ne.jp/gold/mapsports-syuppin/spec/karmor/top.jpg"" width=""100%"">アジア人に最適なヘルメットを追及する、独自の技術と洗練されたデザインから生まれたKARMOR（カーマー）。 そのブランド名は、ドイツ語で頭を意味する”KOPF”と、鎧を意味する”ARMOR”に由来します。安全性とパフォーマンス、その双方を追い求めるライダーのために。KARMORは約4万人（うち日本人2万人）に及ぶアジア人の頭の形状をリサーチしたうえで設計・開発。 欧米人に比べて前後に短く横幅が広いというアジア人の頭の特徴を踏まえて、より日本人にフィットしやすいように設計されています。<img src=""http://www.rakuten.ne.jp/gold/mapsports-syuppin/spec/karmor/top2.jpg"" width=""100%"">ヘルメットをかぶったときの不満点としてよく挙げられるのが、キノコのようなシルエットになることです。この不満を解消するため、KARMORは強化発泡スチロールの強度を調整し、サイドをよりスマートに設計しました。そのため、かぶった時のシルエットがすっきりをしています。 <br> （図　左：KARMOR、右：その他のヘルメット）",Karmor（カーマー）ASMA2 アスマ2 ブラック/ピンク サイズS/M ヘルメット 【自転車】：クラウンギアーズ楽天市場店,Karmor（カーマー）ASMA2 アスマ2 ブラック/ピンク サイズS/M ヘルメット 【自転車】,　。Karmor（カーマー）ASMA2 アスマ2 ブラック/ピンク サイズS/M ヘルメット 【自転車】[rn]
17-152001,http://tshop.r10s.jp/mapsports-syuppin/cabinet/new04/2999900108825_1.jpg?fitin=700:700,303200.0000,,スポーツ・アウトドア > 自転車・サイクリング > 自転車用パーツ > ホイール,XENTIS （ゼンティス）SQUAD7.5 クリンチャー ブラックマット カンパ ホイールセット 【05P30Nov14】,-,"<br><b>サイズ：</b>  700C<br><b>リム高：</b>  75mm<br><b>リム幅 ：</b> 24.6mm<br><b>ハブ：</b>  XH-001 スタンダードベアリング<br><b>スポーク：</b>  F 16本、R 20本<br><b>仕様：</b>  クリンチャー<br><b>対応スプロケット：</b> カンパ<br><b>平均重量：</b>  1,658g（前後セット）<br><b>付属品：</b>  Xentisホイールバッグ、Xentis クイックリリース",XENTIS （ゼンティス）SQUAD7.5 クリンチャー ブラックマット カンパ ホイールセット 【05P30Nov14】：クラウンギアーズ楽天市場店,XENTIS （ゼンティス）SQUAD7.5 クリンチャー ブラックマット カンパ ホイールセット 【05P30Nov14】,-。XENTIS （ゼンティス）SQUAD7.5 クリンチャー ブラックマット カンパ ホイールセット 【05P30Nov14】[rn]
17-152002,http://tshop.r10s.jp/mapsports-syuppin/cabinet/brand/no_image.gif?fitin=700:700,194400.0000,,スポーツ・アウトドア > 自転車・サイクリング > 自転車用パーツ > ホイール,XENTIS （ゼンティス）NEW XBL4.2 チューブラー カンパ ホイールセット 【05P30Nov14】,-,"<br><b>サイズ：</b> 700C<br><b>リム高：</b> 42mm<br><b>リム幅：</b> 21mm<br><b>ハブ：</b> XH-001 スタンダードベアリング<br><b>スポーク：</b> F 20本、R 24本<br><b>仕様：</b>チューブラー<br><b>対応スプロケット：</b> カンパ<br><b>参考重量：</b>1,255g（前後セット）<br><b>付属品：</b> Xentis クイックリリース",XENTIS （ゼンティス）NEW XBL4.2 チューブラー カンパ ホイールセット 【05P30Nov14】：クラウンギアーズ楽天市場店,XENTIS （ゼンティス）NEW XBL4.2 チューブラー カンパ ホイールセット 【05P30Nov14】,-。XENTIS （ゼンティス）NEW XBL4.2 チューブラー カンパ ホイールセット 【05P30Nov14】[rn]
17-152003,http://tshop.r10s.jp/mapsports-syuppin/cabinet/new_126/8809451150171_1.jpg?fitin=700:700,11744.0000,,スポーツ・アウトドア > 自転車・サイクリング > 自転車用パーツ > ホイール,Karmor（カーマー）FEROX フェロックス ホワイト/ブラック/ライトブルー サイズS/M ヘルメット 【自転車】,　,"<!--検索キーワード--><font color=""#FFFFFF"">(Karmor2017）</font><br><b>■状態：</b>新品<br /><br /><b>■カラーバリエーション</b><br /><!--サイズ表記テーブル-->    <table border=""0"" cellspacing=""0"" cellpadding=""0"">  <tr> <td width=""200""  bgcolor=""#afeeee"" >　ホワイト</td><td width=""60""  bgcolor=""#afeeee"" >　S/M</td><td width=""60""  bgcolor=""#afeeee"" >　L</td></tr><tr> <td>　ブラック</td><td>　S/M</td><td>　L</td></tr><tr> <td bgcolor=""#afeeee"">　ホワイト/ブラック/ライム</td><td bgcolor=""#afeeee"">　S/M</td><td bgcolor=""#afeeee"">　L</td></tr><tr> <td>　ホワイト/ブラック/ライトブルー</td><td>　S/M</td><td>　L</td></tr><tr> <td bgcolor=""#afeeee"">　ブラック/レッド</td><td bgcolor=""#afeeee"">　S/M</td><td bgcolor=""#afeeee"">　L</td></tr><tr> <td>　ブラック/グリーン</td><td>　S/M</td><td>　L</td></tr></table><br /><table  width=""100%""><tr>  <td > <b>■スペック</b><br>      サイズ：55-58cm（S/M）、59-60cm（L） <br />      重量：242g（S/M）、272g（L）<br>      <br>      <br>     <b> ■ 特徴</b><br>     ・前傾姿勢でも視界を確保しやすい設計<br>     ・紫外線をカットするUVカットライニング<br>     ・高い通気性を実現するエアフローシステム<br>     ・フィット性を上下に微調整できるリアホールドシステム（8段階）<br>     ・日本人にフィットしやすい形状　リトルアジアンフィット<br>     ・フィット性を高めて調整しやすい高機能バックル（左右非対称モデル）<br>     ・汗をかいても快適抗菌速乾ストラップ<br>     ・簡単に締め付けを調整できるダイアルレバー<br>     <br>     <br>     <br />          <br />          <br />      微調整可能なフィッティングシステムにより優れたヒット性を実現。スタイリッシュなデザインで個性を演出したアドバンストモデル。<br />                <br />                <br />                  </td></tr></table><br><br>   <img src=""http://www.rakuten.ne.jp/gold/mapsports-syuppin/spec/karmor/top.jpg"" width=""100%"">アジア人に最適なヘルメットを追及する、独自の技術と洗練されたデザインから生まれたKARMOR（カーマー）。 そのブランド名は、ドイツ語で頭を意味する”KOPF”と、鎧を意味する”ARMOR”に由来します。安全性とパフォーマンス、その双方を追い求めるライダーのために。KARMORは約4万人（うち日本人2万人）に及ぶアジア人の頭の形状をリサーチしたうえで設計・開発。 欧米人に比べて前後に短く横幅が広いというアジア人の頭の特徴を踏まえて、より日本人にフィットしやすいように設計されています。<img src=""http://www.rakuten.ne.jp/gold/mapsports-syuppin/spec/karmor/top2.jpg"" width=""100%"">ヘルメットをかぶったときの不満点としてよく挙げられるのが、キノコのようなシルエットになることです。この不満を解消するため、KARMORは強化発泡スチロールの強度を調整し、サイドをよりスマートに設計しました。そのため、かぶった時のシルエットがすっきりをしています。 <br> （図　左：KARMOR、右：その他のヘルメット）",Karmor（カーマー）FEROX フェロックス ホワイト/ブラック/ライトブルー サイズS/M ヘルメット 【自転車】：クラウンギアーズ楽天市場店,Karmor（カーマー）FEROX フェロックス ホワイト/ブラック/ライトブルー サイズS/M ヘルメット 【自転車】,　。Karmor（カーマー）FEROX フェロックス ホワイト/ブラック/ライトブルー サイズS/M ヘルメット 【自転車】[rn]
17-152004,http://tshop.r10s.jp/mapsports-syuppin/cabinet/brand/no_image.gif?fitin=700:700,202160.0000,,スポーツ・アウトドア > 自転車・サイクリング > 自転車用パーツ > ホイール,XENTIS （ゼンティス）NEW XBL5.8 クリンチャー カンパ ホイールセット 【05P30Nov14】,-,"<br><b>サイズ：</b> 700C<br><b>リム高 ：</b>58mm<br><b>リム幅 ：</b>21mm<br><b>ハブ：</b> XH-001 スタンダードベアリング<br><b>スポーク：</b> F 16本、R 24本<br><b>仕様：</b> クリンチャー<br><b>対応スプロケット：</b>カンパ<br><b>参考重量：</b> 1,529g（前後セット）<br><b>付属品：</b> Xentis クイックリリース",XENTIS （ゼンティス）NEW XBL5.8 クリンチャー カンパ ホイールセット 【05P30Nov14】：クラウンギアーズ楽天市場店,XENTIS （ゼンティス）NEW XBL5.8 クリンチャー カンパ ホイールセット 【05P30Nov14】,-。XENTIS （ゼンティス）NEW XBL5.8 クリンチャー カンパ ホイールセット 【05P30Nov14】[rn]
17-152005,http://tshop.r10s.jp/mapsports-syuppin/cabinet/new_126/8809451150324_1.jpg?fitin=700:700,7344.0000,,スポーツ・アウトドア > 自転車・サイクリング > 自転車用パーツ > ホイール,Karmor（カーマー）ASMA2 アスマ2 ブラック/レッド サイズL ヘルメット 【自転車】,　,"<!--検索キーワード--><font color=""#FFFFFF"">(Karmor2017）</font><br><b>■状態：</b>新品<br /><br /><b>■カラーバリエーション</b><br /><!--サイズ表記テーブル-->    <table border=""0"" cellspacing=""0"" cellpadding=""0"">  <tr> <td width=""200""  bgcolor=""#afeeee"" >　ホワイト</td><td width=""60""  bgcolor=""#afeeee"" >　S/M</td><td width=""60""  bgcolor=""#afeeee"" >　L</td></tr><tr> <td>　ブラック</td><td>　S/M</td><td>　L</td></tr><tr> <td bgcolor=""#afeeee"">　ホワイト/ライトブルー</td><td bgcolor=""#afeeee"">　S/M</td><td bgcolor=""#afeeee"">　L</td></tr><tr> <td>　ホワイト/ブラック</td><td>　S/M</td><td>　L</td></tr><tr> <td bgcolor=""#afeeee"">　ブラック/レッド</td><td bgcolor=""#afeeee"">　S/M</td><td bgcolor=""#afeeee"">　L</td></tr><tr> <td>　ブラック/ライトグリーン</td><td>　S/M</td><td>　L</td></tr><tr> <td bgcolor=""#afeeee"">　ブラック/ピンク</td><td bgcolor=""#afeeee"">　S/M</td><td bgcolor=""#afeeee"">　L</td></tr></table><br /><table  width=""100%""><tr>  <td > <b>■スペック</b><br>      サイズ：55-58cm（S/M）、59-60cm（L） <br />      重量：232.5g（S/M）、262.5g（L）<br>      <br>      <br>     <b> ■ 特徴</b><br>     ・前傾姿勢でも視界を確保しやすい設計<br>     ・紫外線をカットするUVカットライニング<br>     ・高い通気性を実現するエアフローシステム<br>     ・フィット性を上下に微調整できるリアホールドシステム（3段階）<br>     ・日本人にフィットしやすい形状　リトルアジアンフィット<br>     ・簡単に締め付けを調整できるダイアルレバー<br>     <br>     <br>     <br />          <br />          <br />      快適なフィット性。流線型の美しいフォルム。高い機能性とデザイン性が融合したエントリーユーザーにもおススメのモデル。<br />                <br />                <br />                  </td></tr></table><br><br>   <img src=""http://www.rakuten.ne.jp/gold/mapsports-syuppin/spec/karmor/top.jpg"" width=""100%"">アジア人に最適なヘルメットを追及する、独自の技術と洗練されたデザインから生まれたKARMOR（カーマー）。 そのブランド名は、ドイツ語で頭を意味する”KOPF”と、鎧を意味する”ARMOR”に由来します。安全性とパフォーマンス、その双方を追い求めるライダーのために。KARMORは約4万人（うち日本人2万人）に及ぶアジア人の頭の形状をリサーチしたうえで設計・開発。 欧米人に比べて前後に短く横幅が広いというアジア人の頭の特徴を踏まえて、より日本人にフィットしやすいように設計されています。<img src=""http://www.rakuten.ne.jp/gold/mapsports-syuppin/spec/karmor/top2.jpg"" width=""100%"">ヘルメットをかぶったときの不満点としてよく挙げられるのが、キノコのようなシルエットになることです。この不満を解消するため、KARMORは強化発泡スチロールの強度を調整し、サイドをよりスマートに設計しました。そのため、かぶった時のシルエットがすっきりをしています。 <br> （図　左：KARMOR、右：その他のヘルメット）",Karmor（カーマー）ASMA2 アスマ2 ブラック/レッド サイズL ヘルメット 【自転車】：クラウンギアーズ楽天市場店,Karmor（カーマー）ASMA2 アスマ2 ブラック/レッド サイズL ヘルメット 【自転車】,　。Karmor（カーマー）ASMA2 アスマ2 ブラック/レッド サイズL ヘルメット 【自転車】[rn]
17-152006,http://tshop.r10s.jp/mapsports-syuppin/cabinet/new04/2999900108931_1.jpg?fitin=700:700,349920.0000,,スポーツ・アウトドア > 自転車・サイクリング > 自転車用パーツ > ホイール,XENTIS （ゼンティス）MARK2 TT クリンチャー ダークマット シマノ11S/スラム ホイールセット 【05P30Nov14】,-,"<br><b>サイズ：</b> 700c<br><b>リム高 ：</b>65mm<br><b>リム幅 ：</b>24.6mm<br><b>材質：</b> Carbon<br><b>仕様：</b> クリンチャー<br><b>対応スプロケット：</b> シマノ11S/SRAM<br><b>参考重量：</b>1,820g(前後セット)",XENTIS （ゼンティス）MARK2 TT クリンチャー ダークマット シマノ11S/スラム ホイールセット 【05P30Nov14】：クラウンギアーズ楽天市場店,XENTIS （ゼンティス）MARK2 TT クリンチャー ダークマット シマノ11S/スラム ホイールセット 【05P30Nov14】,-。XENTIS （ゼンティス）MARK2 TT クリンチャー ダークマット シマノ11S/スラム ホイールセット 【05P30Nov14】[rn]
17-152007,http://tshop.r10s.jp/mapsports-syuppin/cabinet/new_127/8809451150805_1.jpg?fitin=700:700,7344.0000,,スポーツ・アウトドア > 自転車・サイクリング > 自転車用パーツ > ホイール,Karmor（カーマー）ASMA2 アスマ2 ブラック/ライトグリーン サイズS/M ヘルメット 【自転車】,　,"<!--検索キーワード--><font color=""#FFFFFF"">(Karmor2017）</font><br><b>■状態：</b>新品<br /><br /><b>■カラーバリエーション</b><br /><!--サイズ表記テーブル-->    <table border=""0"" cellspacing=""0"" cellpadding=""0"">  <tr> <td width=""200""  bgcolor=""#afeeee"" >　ホワイト</td><td width=""60""  bgcolor=""#afeeee"" >　S/M</td><td width=""60""  bgcolor=""#afeeee"" >　L</td></tr><tr> <td>　ブラック</td><td>　S/M</td><td>　L</td></tr><tr> <td bgcolor=""#afeeee"">　ホワイト/ライトブルー</td><td bgcolor=""#afeeee"">　S/M</td><td bgcolor=""#afeeee"">　L</td></tr><tr> <td>　ホワイト/ブラック</td><td>　S/M</td><td>　L</td></tr><tr> <td bgcolor=""#afeeee"">　ブラック/レッド</td><td bgcolor=""#afeeee"">　S/M</td><td bgcolor=""#afeeee"">　L</td></tr><tr> <td>　ブラック/ライトグリーン</td><td>　S/M</td><td>　L</td></tr><tr> <td bgcolor=""#afeeee"">　ブラック/ピンク</td><td bgcolor=""#afeeee"">　S/M</td><td bgcolor=""#afeeee"">　L</td></tr></table><br /><table  width=""100%""><tr>  <td > <b>■スペック</b><br>      サイズ：55-58cm（S/M）、59-60cm（L） <br />      重量：232.5g（S/M）、262.5g（L）<br>      <br>      <br>     <b> ■ 特徴</b><br>     ・前傾姿勢でも視界を確保しやすい設計<br>     ・紫外線をカットするUVカットライニング<br>     ・高い通気性を実現するエアフローシステム<br>     ・フィット性を上下に微調整できるリアホールドシステム（3段階）<br>     ・日本人にフィットしやすい形状　リトルアジアンフィット<br>     ・簡単に締め付けを調整できるダイアルレバー<br>     <br>     <br>     <br />          <br />          <br />      快適なフィット性。流線型の美しいフォルム。高い機能性とデザイン性が融合したエントリーユーザーにもおススメのモデル。<br />                <br />                <br />                  </td></tr></table><br><br>   <img src=""http://www.rakuten.ne.jp/gold/mapsports-syuppin/spec/karmor/top.jpg"" width=""100%"">アジア人に最適なヘルメットを追及する、独自の技術と洗練されたデザインから生まれたKARMOR（カーマー）。 そのブランド名は、ドイツ語で頭を意味する”KOPF”と、鎧を意味する”ARMOR”に由来します。安全性とパフォーマンス、その双方を追い求めるライダーのために。KARMORは約4万人（うち日本人2万人）に及ぶアジア人の頭の形状をリサーチしたうえで設計・開発。 欧米人に比べて前後に短く横幅が広いというアジア人の頭の特徴を踏まえて、より日本人にフィットしやすいように設計されています。<img src=""http://www.rakuten.ne.jp/gold/mapsports-syuppin/spec/karmor/top2.jpg"" width=""100%"">ヘルメットをかぶったときの不満点としてよく挙げられるのが、キノコのようなシルエットになることです。この不満を解消するため、KARMORは強化発泡スチロールの強度を調整し、サイドをよりスマートに設計しました。そのため、かぶった時のシルエットがすっきりをしています。 <br> （図　左：KARMOR、右：その他のヘルメット）",Karmor（カーマー）ASMA2 アスマ2 ブラック/ライトグリーン サイズS/M ヘルメット 【自転車】：クラウンギアーズ楽天市場店,Karmor（カーマー）ASMA2 アスマ2 ブラック/ライトグリーン サイズS/M ヘルメット 【自転車】,　。Karmor（カーマー）ASMA2 アスマ2 ブラック/ライトグリーン サイズS/M ヘルメット 【自転車】[rn]
17-152008,http://tshop.r10s.jp/mapsports-syuppin/cabinet/new04/2999900108733_1.jpg?fitin=700:700,256560.0000,,スポーツ・アウトドア > 自転車・サイクリング > 自転車用パーツ > ホイール,XENTIS （ゼンティス）SQUAD4.2 クリンチャー ブラックマット シマノ11S/スラム ホイールセット 【05P30Nov14】,-,"<br><b>サイズ：</b>  700C<br><b>リム高：</b>  42mm<br><b>リム幅：</b>  21mm<br><b>ハブ：</b>  XH-001 スタンダードベアリング<br><b>スポーク：</b>  F 20本、R 24本<br><b>仕様：</b>  クリンチャー<br><b>対応スプロケット：</b>  シマノ11S/スラム<br><b>参考重量：</b> 1,350g（前後セット）    <br><b>付属品：</b>  Xentisホイールバッグ、Xentis クイックリリース",XENTIS （ゼンティス）SQUAD4.2 クリンチャー ブラックマット シマノ11S/スラム ホイールセット 【05P30Nov14】：クラウンギアーズ楽天市場店,XENTIS （ゼンティス）SQUAD4.2 クリンチャー ブラックマット シマノ11S/スラム ホイールセット 【05P30Nov14】,-。XENTIS （ゼンティス）SQUAD4.2 クリンチャー ブラックマット シマノ11S/スラム ホイールセット 【05P30Nov14】[rn]
17-152009,http://tshop.r10s.jp/mapsports-syuppin/cabinet/new_126/8809451150829_1.jpg?fitin=700:700,7344.0000,,スポーツ・アウトドア > 自転車・サイクリング > 自転車用パーツ > ホイール,Karmor（カーマー）ASMA2 アスマ2 ホワイト/ライトブルー サイズS/M ヘルメット 【自転車】,　,"<!--検索キーワード--><font color=""#FFFFFF"">(Karmor2017）</font><br><b>■状態：</b>新品<br /><br /><b>■カラーバリエーション</b><br /><!--サイズ表記テーブル-->    <table border=""0"" cellspacing=""0"" cellpadding=""0"">  <tr> <td width=""200""  bgcolor=""#afeeee"" >　ホワイト</td><td width=""60""  bgcolor=""#afeeee"" >　S/M</td><td width=""60""  bgcolor=""#afeeee"" >　L</td></tr><tr> <td>　ブラック</td><td>　S/M</td><td>　L</td></tr><tr> <td bgcolor=""#afeeee"">　ホワイト/ライトブルー</td><td bgcolor=""#afeeee"">　S/M</td><td bgcolor=""#afeeee"">　L</td></tr><tr> <td>　ホワイト/ブラック</td><td>　S/M</td><td>　L</td></tr><tr> <td bgcolor=""#afeeee"">　ブラック/レッド</td><td bgcolor=""#afeeee"">　S/M</td><td bgcolor=""#afeeee"">　L</td></tr><tr> <td>　ブラック/ライトグリーン</td><td>　S/M</td><td>　L</td></tr><tr> <td bgcolor=""#afeeee"">　ブラック/ピンク</td><td bgcolor=""#afeeee"">　S/M</td><td bgcolor=""#afeeee"">　L</td></tr></table><br /><table  width=""100%""><tr>  <td > <b>■スペック</b><br>      サイズ：55-58cm（S/M）、59-60cm（L） <br />      重量：232.5g（S/M）、262.5g（L）<br>      <br>      <br>     <b> ■ 特徴</b><br>     ・前傾姿勢でも視界を確保しやすい設計<br>     ・紫外線をカットするUVカットライニング<br>     ・高い通気性を実現するエアフローシステム<br>     ・フィット性を上下に微調整できるリアホールドシステム（3段階）<br>     ・日本人にフィットしやすい形状　リトルアジアンフィット<br>     ・簡単に締め付けを調整できるダイアルレバー<br>     <br>     <br>     <br />          <br />          <br />      快適なフィット性。流線型の美しいフォルム。高い機能性とデザイン性が融合したエントリーユーザーにもおススメのモデル。<br />                <br />                <br />                  </td></tr></table><br><br>   <img src=""http://www.rakuten.ne.jp/gold/mapsports-syuppin/spec/karmor/top.jpg"" width=""100%"">アジア人に最適なヘルメットを追及する、独自の技術と洗練されたデザインから生まれたKARMOR（カーマー）。 そのブランド名は、ドイツ語で頭を意味する”KOPF”と、鎧を意味する”ARMOR”に由来します。安全性とパフォーマンス、その双方を追い求めるライダーのために。KARMORは約4万人（うち日本人2万人）に及ぶアジア人の頭の形状をリサーチしたうえで設計・開発。 欧米人に比べて前後に短く横幅が広いというアジア人の頭の特徴を踏まえて、より日本人にフィットしやすいように設計されています。<img src=""http://www.rakuten.ne.jp/gold/mapsports-syuppin/spec/karmor/top2.jpg"" width=""100%"">ヘルメットをかぶったときの不満点としてよく挙げられるのが、キノコのようなシルエットになることです。この不満を解消するため、KARMORは強化発泡スチロールの強度を調整し、サイドをよりスマートに設計しました。そのため、かぶった時のシルエットがすっきりをしています。 <br> （図　左：KARMOR、右：その他のヘルメット）",Karmor（カーマー）ASMA2 アスマ2 ホワイト/ライトブルー サイズS/M ヘルメット 【自転車】：クラウンギアーズ楽天市場店,Karmor（カーマー）ASMA2 アスマ2 ホワイト/ライトブルー サイズS/M ヘルメット 【自転車】,　。Karmor（カーマー）ASMA2 アスマ2 ホワイト/ライトブルー サイズS/M ヘルメット 【自転車】[rn]
17-152010,http://tshop.r10s.jp/mapsports-syuppin/cabinet/brand/no_image.gif?fitin=700:700,202160.0000,,スポーツ・アウトドア > 自転車・サイクリング > 自転車用パーツ > ホイール,XENTIS （ゼンティス）NEW XBL5.8 クリンチャー シマノ11S/スラム ホイールセット 【05P30Nov14】,-,"<br><b>サイズ：</b> 700C<br><b>リム高 ：</b>58mm<br><b>リム幅 ：</b>21mm<br><b>ハブ：</b> XH-001 スタンダードベアリング<br><b>スポーク：</b> F 16本、R 24本<br><b>仕様：</b> クリンチャー<br><b>対応スプロケット：</b> シマノ11S/スラム<br><b>参考重量：</b> 1,529g（前後セット）<br><b>付属品：</b> Xentis クイックリリース",XENTIS （ゼンティス）NEW XBL5.8 クリンチャー シマノ11S/スラム ホイールセット 【05P30Nov14】：クラウンギアーズ楽天市場店,XENTIS （ゼンティス）NEW XBL5.8 クリンチャー シマノ11S/スラム ホイールセット 【05P30Nov14】,-。XENTIS （ゼンティス）NEW XBL5.8 クリンチャー シマノ11S/スラム ホイールセット 【05P30Nov14】[rn]
17-152011,http://tshop.r10s.jp/mapsports-syuppin/cabinet/new_127/8809451150331_1.jpg?fitin=700:700,7344.0000,,スポーツ・アウトドア > 自転車・サイクリング > 自転車用パーツ > ホイール,Karmor（カーマー）ASMA2 アスマ2 ブラック/レッド サイズS/M ヘルメット 【自転車】,　,"<!--検索キーワード--><font color=""#FFFFFF"">(Karmor2017）</font><br><b>■状態：</b>新品<br /><br /><b>■カラーバリエーション</b><br /><!--サイズ表記テーブル-->    <table border=""0"" cellspacing=""0"" cellpadding=""0"">  <tr> <td width=""200""  bgcolor=""#afeeee"" >　ホワイト</td><td width=""60""  bgcolor=""#afeeee"" >　S/M</td><td width=""60""  bgcolor=""#afeeee"" >　L</td></tr><tr> <td>　ブラック</td><td>　S/M</td><td>　L</td></tr><tr> <td bgcolor=""#afeeee"">　ホワイト/ライトブルー</td><td bgcolor=""#afeeee"">　S/M</td><td bgcolor=""#afeeee"">　L</td></tr><tr> <td>　ホワイト/ブラック</td><td>　S/M</td><td>　L</td></tr><tr> <td bgcolor=""#afeeee"">　ブラック/レッド</td><td bgcolor=""#afeeee"">　S/M</td><td bgcolor=""#afeeee"">　L</td></tr><tr> <td>　ブラック/ライトグリーン</td><td>　S/M</td><td>　L</td></tr><tr> <td bgcolor=""#afeeee"">　ブラック/ピンク</td><td bgcolor=""#afeeee"">　S/M</td><td bgcolor=""#afeeee"">　L</td></tr></table><br /><table  width=""100%""><tr>  <td > <b>■スペック</b><br>      サイズ：55-58cm（S/M）、59-60cm（L） <br />      重量：232.5g（S/M）、262.5g（L）<br>      <br>      <br>     <b> ■ 特徴</b><br>     ・前傾姿勢でも視界を確保しやすい設計<br>     ・紫外線をカットするUVカットライニング<br>     ・高い通気性を実現するエアフローシステム<br>     ・フィット性を上下に微調整できるリアホールドシステム（3段階）<br>     ・日本人にフィットしやすい形状　リトルアジアンフィット<br>     ・簡単に締め付けを調整できるダイアルレバー<br>     <br>     <br>     <br />          <br />          <br />      快適なフィット性。流線型の美しいフォルム。高い機能性とデザイン性が融合したエントリーユーザーにもおススメのモデル。<br />                <br />                <br />                  </td></tr></table><br><br>   <img src=""http://www.rakuten.ne.jp/gold/mapsports-syuppin/spec/karmor/top.jpg"" width=""100%"">アジア人に最適なヘルメットを追及する、独自の技術と洗練されたデザインから生まれたKARMOR（カーマー）。 そのブランド名は、ドイツ語で頭を意味する”KOPF”と、鎧を意味する”ARMOR”に由来します。安全性とパフォーマンス、その双方を追い求めるライダーのために。KARMORは約4万人（うち日本人2万人）に及ぶアジア人の頭の形状をリサーチしたうえで設計・開発。 欧米人に比べて前後に短く横幅が広いというアジア人の頭の特徴を踏まえて、より日本人にフィットしやすいように設計されています。<img src=""http://www.rakuten.ne.jp/gold/mapsports-syuppin/spec/karmor/top2.jpg"" width=""100%"">ヘルメットをかぶったときの不満点としてよく挙げられるのが、キノコのようなシルエットになることです。この不満を解消するため、KARMORは強化発泡スチロールの強度を調整し、サイドをよりスマートに設計しました。そのため、かぶった時のシルエットがすっきりをしています。 <br> （図　左：KARMOR、右：その他のヘルメット）",Karmor（カーマー）ASMA2 アスマ2 ブラック/レッド サイズS/M ヘルメット 【自転車】：クラウンギアーズ楽天市場店,Karmor（カーマー）ASMA2 アスマ2 ブラック/レッド サイズS/M ヘルメット 【自転車】,　。Karmor（カーマー）ASMA2 アスマ2 ブラック/レッド サイズS/M ヘルメット 【自転車】[rn]
17-152012,http://tshop.r10s.jp/mapsports-syuppin/cabinet/new04/2999900108719_1.jpg?fitin=700:700,241040.0000,,スポーツ・アウトドア > 自転車・サイクリング > 自転車用パーツ > ホイール,XENTIS （ゼンティス）SQUAD2.5 チューブラー ブラックマット シマノ11S/スラム ホイールセット 【05P30Nov14】,-,"<br><br><br><b>サイズ：</b> 700C<br><b>リム高：</b> 25mm<br><b>リム幅：</b> 21mm<br><b>ハブ：</b> XH-001 スタンダードベアリング<br><b>スポーク：</b> F 20本、R 24本<br><b>仕様：</b> チューブラー<br><b>対応スプロケット：</b> シマノ11S/スラム<br><b>平均重量：</b> 1,010g（前後セット）<br><b>付属品：</b> Xentisホイールバッグ、Xentis クイックリリース",XENTIS （ゼンティス）SQUAD2.5 チューブラー ブラックマット シマノ11S/スラム ホイールセット 【05P30Nov14】：クラウンギアーズ楽天市場店,XENTIS （ゼンティス）SQUAD2.5 チューブラー ブラックマット シマノ11S/スラム ホイールセット 【05P30Nov14】,-。XENTIS （ゼンティス）SQUAD2.5 チューブラー ブラックマット シマノ11S/スラム ホイールセット 【05P30Nov14】[rn]
17-152013,http://tshop.r10s.jp/mapsports-syuppin/cabinet/new04/2999900108764_1.jpg?fitin=700:700,256560.0000,,スポーツ・アウトドア > 自転車・サイクリング > 自転車用パーツ > ホイール,XENTIS （ゼンティス）SQUAD4.2 チューブラー ブラックマット カンパ ホイールセット 【05P30Nov14】,-,"<br><b>サイズ：</b>  700C<br><b>リム高：</b>  42mm<br><b>リム幅：</b>  21mm<br><b>ハブ：</b>  XH-001 スタンダードベアリング<br><b>スポーク：</b>  F 20本、R 24本<br><b>仕様：</b>  チューブラー<br><b>対応スプロケット：</b> カンパ<br><b>参考重量：</b> 1,144g（前後セット）    <br><b>付属品：</b>  Xentisホイールバッグ、Xentis クイックリリース",XENTIS （ゼンティス）SQUAD4.2 チューブラー ブラックマット カンパ ホイールセット 【05P30Nov14】：クラウンギアーズ楽天市場店,XENTIS （ゼンティス）SQUAD4.2 チューブラー ブラックマット カンパ ホイールセット 【05P30Nov14】,-。XENTIS （ゼンティス）SQUAD4.2 チューブラー ブラックマット カンパ ホイールセット 【05P30Nov14】[rn]
17-152014,http://tshop.r10s.jp/mapsports-syuppin/cabinet/new_126/8809451150218_1.jpg?fitin=700:700,11744.0000,,スポーツ・アウトドア > 自転車・サイクリング > 自転車用パーツ > ホイール,Karmor（カーマー）FEROX フェロックス ブラック/レッド サイズS/M ヘルメット 【自転車】,　,"<!--検索キーワード--><font color=""#FFFFFF"">(Karmor2017）</font><br><b>■状態：</b>新品<br /><br /><b>■カラーバリエーション</b><br /><!--サイズ表記テーブル-->    <table border=""0"" cellspacing=""0"" cellpadding=""0"">  <tr> <td width=""200""  bgcolor=""#afeeee"" >　ホワイト</td><td width=""60""  bgcolor=""#afeeee"" >　S/M</td><td width=""60""  bgcolor=""#afeeee"" >　L</td></tr><tr> <td>　ブラック</td><td>　S/M</td><td>　L</td></tr><tr> <td bgcolor=""#afeeee"">　ホワイト/ブラック/ライム</td><td bgcolor=""#afeeee"">　S/M</td><td bgcolor=""#afeeee"">　L</td></tr><tr> <td>　ホワイト/ブラック/ライトブルー</td><td>　S/M</td><td>　L</td></tr><tr> <td bgcolor=""#afeeee"">　ブラック/レッド</td><td bgcolor=""#afeeee"">　S/M</td><td bgcolor=""#afeeee"">　L</td></tr><tr> <td>　ブラック/グリーン</td><td>　S/M</td><td>　L</td></tr></table><br /><table  width=""100%""><tr>  <td > <b>■スペック</b><br>      サイズ：55-58cm（S/M）、59-60cm（L） <br />      重量：242g（S/M）、272g（L）<br>      <br>      <br>     <b> ■ 特徴</b><br>     ・前傾姿勢でも視界を確保しやすい設計<br>     ・紫外線をカットするUVカットライニング<br>     ・高い通気性を実現するエアフローシステム<br>     ・フィット性を上下に微調整できるリアホールドシステム（8段階）<br>     ・日本人にフィットしやすい形状　リトルアジアンフィット<br>     ・フィット性を高めて調整しやすい高機能バックル（左右非対称モデル）<br>     ・汗をかいても快適抗菌速乾ストラップ<br>     ・簡単に締め付けを調整できるダイアルレバー<br>     <br>     <br>     <br />          <br />          <br />      微調整可能なフィッティングシステムにより優れたヒット性を実現。スタイリッシュなデザインで個性を演出したアドバンストモデル。<br />                <br />                <br />                  </td></tr></table><br><br>   <img src=""http://www.rakuten.ne.jp/gold/mapsports-syuppin/spec/karmor/top.jpg"" width=""100%"">アジア人に最適なヘルメットを追及する、独自の技術と洗練されたデザインから生まれたKARMOR（カーマー）。 そのブランド名は、ドイツ語で頭を意味する”KOPF”と、鎧を意味する”ARMOR”に由来します。安全性とパフォーマンス、その双方を追い求めるライダーのために。KARMORは約4万人（うち日本人2万人）に及ぶアジア人の頭の形状をリサーチしたうえで設計・開発。 欧米人に比べて前後に短く横幅が広いというアジア人の頭の特徴を踏まえて、より日本人にフィットしやすいように設計されています。<img src=""http://www.rakuten.ne.jp/gold/mapsports-syuppin/spec/karmor/top2.jpg"" width=""100%"">ヘルメットをかぶったときの不満点としてよく挙げられるのが、キノコのようなシルエットになることです。この不満を解消するため、KARMORは強化発泡スチロールの強度を調整し、サイドをよりスマートに設計しました。そのため、かぶった時のシルエットがすっきりをしています。 <br> （図　左：KARMOR、右：その他のヘルメット）",Karmor（カーマー）FEROX フェロックス ブラック/レッド サイズS/M ヘルメット 【自転車】：クラウンギアーズ楽天市場店,Karmor（カーマー）FEROX フェロックス ブラック/レッド サイズS/M ヘルメット 【自転車】,　。Karmor（カーマー）FEROX フェロックス ブラック/レッド サイズS/M ヘルメット 【自転車】[rn]
17-152015,http://tshop.r10s.jp/mapsports-syuppin/cabinet/brand/no_image.gif?fitin=700:700,194400.0000,,スポーツ・アウトドア > 自転車・サイクリング > 自転車用パーツ > ホイール,XENTIS （ゼンティス）NEW XBL4.2 クリンチャー カンパ ホイールセット 【05P30Nov14】,-,"<br><b>サイズ：</b> 700C<br><b>リム高：</b> 42mm<br><b>リム幅：</b> 21mm<br><b>ハブ：</b> XH-001 スタンダードベアリング<br><b>スポーク：</b> F 20本、R 24本<br><b>仕様：</b>クリンチャー<br><b>対応スプロケット：</b> カンパ<br><b>参考重量：</b>1,437g（前後セット）<br><b>付属品：</b> Xentis クイックリリース",XENTIS （ゼンティス）NEW XBL4.2 クリンチャー カンパ ホイールセット 【05P30Nov14】：クラウンギアーズ楽天市場店,XENTIS （ゼンティス）NEW XBL4.2 クリンチャー カンパ ホイールセット 【05P30Nov14】,-。XENTIS （ゼンティス）NEW XBL4.2 クリンチャー カンパ ホイールセット 【05P30Nov14】[rn]
17-152016,http://tshop.r10s.jp/mapsports-syuppin/cabinet/new_126/8809451150164_1.jpg?fitin=700:700,11744.0000,,スポーツ・アウトドア > 自転車・サイクリング > 自転車用パーツ > ホイール,Karmor（カーマー）FEROX フェロックス ホワイト/ブラック/ライトブルー サイズL ヘルメット 【自転車】,　,"<!--検索キーワード--><font color=""#FFFFFF"">(Karmor2017）</font><br><b>■状態：</b>新品<br /><br /><b>■カラーバリエーション</b><br /><!--サイズ表記テーブル-->    <table border=""0"" cellspacing=""0"" cellpadding=""0"">  <tr> <td width=""200""  bgcolor=""#afeeee"" >　ホワイト</td><td width=""60""  bgcolor=""#afeeee"" >　S/M</td><td width=""60""  bgcolor=""#afeeee"" >　L</td></tr><tr> <td>　ブラック</td><td>　S/M</td><td>　L</td></tr><tr> <td bgcolor=""#afeeee"">　ホワイト/ブラック/ライム</td><td bgcolor=""#afeeee"">　S/M</td><td bgcolor=""#afeeee"">　L</td></tr><tr> <td>　ホワイト/ブラック/ライトブルー</td><td>　S/M</td><td>　L</td></tr><tr> <td bgcolor=""#afeeee"">　ブラック/レッド</td><td bgcolor=""#afeeee"">　S/M</td><td bgcolor=""#afeeee"">　L</td></tr><tr> <td>　ブラック/グリーン</td><td>　S/M</td><td>　L</td></tr></table><br /><table  width=""100%""><tr>  <td > <b>■スペック</b><br>      サイズ：55-58cm（S/M）、59-60cm（L） <br />      重量：242g（S/M）、272g（L）<br>      <br>      <br>     <b> ■ 特徴</b><br>     ・前傾姿勢でも視界を確保しやすい設計<br>     ・紫外線をカットするUVカットライニング<br>     ・高い通気性を実現するエアフローシステム<br>     ・フィット性を上下に微調整できるリアホールドシステム（8段階）<br>     ・日本人にフィットしやすい形状　リトルアジアンフィット<br>     ・フィット性を高めて調整しやすい高機能バックル（左右非対称モデル）<br>     ・汗をかいても快適抗菌速乾ストラップ<br>     ・簡単に締め付けを調整できるダイアルレバー<br>     <br>     <br>     <br />          <br />          <br />      微調整可能なフィッティングシステムにより優れたヒット性を実現。スタイリッシュなデザインで個性を演出したアドバンストモデル。<br />                <br />                <br />                  </td></tr></table><br><br>   <img src=""http://www.rakuten.ne.jp/gold/mapsports-syuppin/spec/karmor/top.jpg"" width=""100%"">アジア人に最適なヘルメットを追及する、独自の技術と洗練されたデザインから生まれたKARMOR（カーマー）。 そのブランド名は、ドイツ語で頭を意味する”KOPF”と、鎧を意味する”ARMOR”に由来します。安全性とパフォーマンス、その双方を追い求めるライダーのために。KARMORは約4万人（うち日本人2万人）に及ぶアジア人の頭の形状をリサーチしたうえで設計・開発。 欧米人に比べて前後に短く横幅が広いというアジア人の頭の特徴を踏まえて、より日本人にフィットしやすいように設計されています。<img src=""http://www.rakuten.ne.jp/gold/mapsports-syuppin/spec/karmor/top2.jpg"" width=""100%"">ヘルメットをかぶったときの不満点としてよく挙げられるのが、キノコのようなシルエットになることです。この不満を解消するため、KARMORは強化発泡スチロールの強度を調整し、サイドをよりスマートに設計しました。そのため、かぶった時のシルエットがすっきりをしています。 <br> （図　左：KARMOR、右：その他のヘルメット）",Karmor（カーマー）FEROX フェロックス ホワイト/ブラック/ライトブルー サイズL ヘルメット 【自転車】：クラウンギアーズ楽天市場店,Karmor（カーマー）FEROX フェロックス ホワイト/ブラック/ライトブルー サイズL ヘルメット 【自転車】,　。Karmor（カーマー）FEROX フェロックス ホワイト/ブラック/ライトブルー サイズL ヘルメット 【自転車】[rn]
17-152017,http://tshop.r10s.jp/mapsports-syuppin/cabinet/new04/2999900108818_1.jpg?fitin=700:700,303200.0000,,スポーツ・アウトドア > 自転車・サイクリング > 自転車用パーツ > ホイール,XENTIS （ゼンティス）SQUAD7.5 クリンチャー ブラックマット シマノ11S/スラム ホイールセット 【05P30Nov14】,-,"<br><b>サイズ：</b>  700C<br><b>リム高：</b>  75mm<br><b>リム幅 ：</b> 24.6mm<br><b>ハブ：</b>  XH-001 スタンダードベアリング<br><b>スポーク：</b>  F 16本、R 20本<br><b>仕様：</b>  クリンチャー<br><b>対応スプロケット：</b>  シマノ11S/スラム<br><b>平均重量：</b>  1,658g（前後セット）<br><b>付属品：</b>  Xentisホイールバッグ、Xentis クイックリリース",XENTIS （ゼンティス）SQUAD7.5 クリンチャー ブラックマット シマノ11S/スラム ホイールセット 【05P30Nov14】：クラウンギアーズ楽天市場店,XENTIS （ゼンティス）SQUAD7.5 クリンチャー ブラックマット シマノ11S/スラム ホイールセット 【05P30Nov14】,-。XENTIS （ゼンティス）SQUAD7.5 クリンチャー ブラックマット シマノ11S/スラム ホイールセット 【05P30Nov14】[rn]
17-152018,http://tshop.r10s.jp/mapsports-syuppin/cabinet/new_127/8809451150249_1.jpg?fitin=700:700,7344.0000,,スポーツ・アウトドア > 自転車・サイクリング > 自転車用パーツ > ホイール,Karmor（カーマー）ASMA2 アスマ2 ホワイト サイズL ヘルメット 【自転車】,　,"<!--検索キーワード--><font color=""#FFFFFF"">(Karmor2017）</font><br><b>■状態：</b>新品<br /><br /><b>■カラーバリエーション</b><br /><!--サイズ表記テーブル-->    <table border=""0"" cellspacing=""0"" cellpadding=""0"">  <tr> <td width=""200""  bgcolor=""#afeeee"" >　ホワイト</td><td width=""60""  bgcolor=""#afeeee"" >　S/M</td><td width=""60""  bgcolor=""#afeeee"" >　L</td></tr><tr> <td>　ブラック</td><td>　S/M</td><td>　L</td></tr><tr> <td bgcolor=""#afeeee"">　ホワイト/ライトブルー</td><td bgcolor=""#afeeee"">　S/M</td><td bgcolor=""#afeeee"">　L</td></tr><tr> <td>　ホワイト/ブラック</td><td>　S/M</td><td>　L</td></tr><tr> <td bgcolor=""#afeeee"">　ブラック/レッド</td><td bgcolor=""#afeeee"">　S/M</td><td bgcolor=""#afeeee"">　L</td></tr><tr> <td>　ブラック/ライトグリーン</td><td>　S/M</td><td>　L</td></tr><tr> <td bgcolor=""#afeeee"">　ブラック/ピンク</td><td bgcolor=""#afeeee"">　S/M</td><td bgcolor=""#afeeee"">　L</td></tr></table><br /><table  width=""100%""><tr>  <td > <b>■スペック</b><br>      サイズ：55-58cm（S/M）、59-60cm（L） <br />      重量：232.5g（S/M）、262.5g（L）<br>      <br>      <br>     <b> ■ 特徴</b><br>     ・前傾姿勢でも視界を確保しやすい設計<br>     ・紫外線をカットするUVカットライニング<br>     ・高い通気性を実現するエアフローシステム<br>     ・フィット性を上下に微調整できるリアホールドシステム（3段階）<br>     ・日本人にフィットしやすい形状　リトルアジアンフィット<br>     ・簡単に締め付けを調整できるダイアルレバー<br>     <br>     <br>     <br />          <br />          <br />      快適なフィット性。流線型の美しいフォルム。高い機能性とデザイン性が融合したエントリーユーザーにもおススメのモデル。<br />                <br />                <br />                  </td></tr></table><br><br>   <img src=""http://www.rakuten.ne.jp/gold/mapsports-syuppin/spec/karmor/top.jpg"" width=""100%"">アジア人に最適なヘルメットを追及する、独自の技術と洗練されたデザインから生まれたKARMOR（カーマー）。 そのブランド名は、ドイツ語で頭を意味する”KOPF”と、鎧を意味する”ARMOR”に由来します。安全性とパフォーマンス、その双方を追い求めるライダーのために。KARMORは約4万人（うち日本人2万人）に及ぶアジア人の頭の形状をリサーチしたうえで設計・開発。 欧米人に比べて前後に短く横幅が広いというアジア人の頭の特徴を踏まえて、より日本人にフィットしやすいように設計されています。<img src=""http://www.rakuten.ne.jp/gold/mapsports-syuppin/spec/karmor/top2.jpg"" width=""100%"">ヘルメットをかぶったときの不満点としてよく挙げられるのが、キノコのようなシルエットになることです。この不満を解消するため、KARMORは強化発泡スチロールの強度を調整し、サイドをよりスマートに設計しました。そのため、かぶった時のシルエットがすっきりをしています。 <br> （図　左：KARMOR、右：その他のヘルメット）",Karmor（カーマー）ASMA2 アスマ2 ホワイト サイズL ヘルメット 【自転車】：クラウンギアーズ楽天市場店,Karmor（カーマー）ASMA2 アスマ2 ホワイト サイズL ヘルメット 【自転車】,　。Karmor（カーマー）ASMA2 アスマ2 ホワイト サイズL ヘルメット 【自転車】[rn]
17-152019,http://tshop.r10s.jp/mapsports-syuppin/cabinet/brand/no_image.gif?fitin=700:700,194400.0000,,スポーツ・アウトドア > 自転車・サイクリング > 自転車用パーツ > ホイール,XENTIS （ゼンティス）NEW XBL4.2 クリンチャー シマノ11S/スラム ホイールセット 【05P30Nov14】,-,"<br><b>サイズ：</b> 700C<br><b>リム高：</b> 42mm<br><b>リム幅：</b> 21mm<br><b>ハブ：</b> XH-001 スタンダードベアリング<br><b>スポーク：</b> F 20本、R 24本<br><b>仕様：</b>クリンチャー<br><b>対応スプロケット：</b> シマノ11S/スラム<br><b>平均重量：</b>1,437g（前後セット）<br><b>付属品：</b> Xentis クイックリリース",XENTIS （ゼンティス）NEW XBL4.2 クリンチャー シマノ11S/スラム ホイールセット 【05P30Nov14】：クラウンギアーズ楽天市場店,XENTIS （ゼンティス）NEW XBL4.2 クリンチャー シマノ11S/スラム ホイールセット 【05P30Nov14】,-。XENTIS （ゼンティス）NEW XBL4.2 クリンチャー シマノ11S/スラム ホイールセット 【05P30Nov14】[rn]
17-152020,http://tshop.r10s.jp/mapsports-syuppin/cabinet/new_126/8809451150348_1.jpg?fitin=700:700,7344.0000,,スポーツ・アウトドア > 自転車・サイクリング > 自転車用パーツ > ホイール,Karmor（カーマー）ASMA2 アスマ2 ブラック/ピンク サイズL ヘルメット 【自転車】,　,"<!--検索キーワード--><font color=""#FFFFFF"">(Karmor2017）</font><br><b>■状態：</b>新品<br /><br /><b>■カラーバリエーション</b><br /><!--サイズ表記テーブル-->    <table border=""0"" cellspacing=""0"" cellpadding=""0"">  <tr> <td width=""200""  bgcolor=""#afeeee"" >　ホワイト</td><td width=""60""  bgcolor=""#afeeee"" >　S/M</td><td width=""60""  bgcolor=""#afeeee"" >　L</td></tr><tr> <td>　ブラック</td><td>　S/M</td><td>　L</td></tr><tr> <td bgcolor=""#afeeee"">　ホワイト/ライトブルー</td><td bgcolor=""#afeeee"">　S/M</td><td bgcolor=""#afeeee"">　L</td></tr><tr> <td>　ホワイト/ブラック</td><td>　S/M</td><td>　L</td></tr><tr> <td bgcolor=""#afeeee"">　ブラック/レッド</td><td bgcolor=""#afeeee"">　S/M</td><td bgcolor=""#afeeee"">　L</td></tr><tr> <td>　ブラック/ライトグリーン</td><td>　S/M</td><td>　L</td></tr><tr> <td bgcolor=""#afeeee"">　ブラック/ピンク</td><td bgcolor=""#afeeee"">　S/M</td><td bgcolor=""#afeeee"">　L</td></tr></table><br /><table  width=""100%""><tr>  <td > <b>■スペック</b><br>      サイズ：55-58cm（S/M）、59-60cm（L） <br />      重量：232.5g（S/M）、262.5g（L）<br>      <br>      <br>     <b> ■ 特徴</b><br>     ・前傾姿勢でも視界を確保しやすい設計<br>     ・紫外線をカットするUVカットライニング<br>     ・高い通気性を実現するエアフローシステム<br>     ・フィット性を上下に微調整できるリアホールドシステム（3段階）<br>     ・日本人にフィットしやすい形状　リトルアジアンフィット<br>     ・簡単に締め付けを調整できるダイアルレバー<br>     <br>     <br>     <br />          <br />          <br />      快適なフィット性。流線型の美しいフォルム。高い機能性とデザイン性が融合したエントリーユーザーにもおススメのモデル。<br />                <br />                <br />                  </td></tr></table><br><br>   <img src=""http://www.rakuten.ne.jp/gold/mapsports-syuppin/spec/karmor/top.jpg"" width=""100%"">アジア人に最適なヘルメットを追及する、独自の技術と洗練されたデザインから生まれたKARMOR（カーマー）。 そのブランド名は、ドイツ語で頭を意味する”KOPF”と、鎧を意味する”ARMOR”に由来します。安全性とパフォーマンス、その双方を追い求めるライダーのために。KARMORは約4万人（うち日本人2万人）に及ぶアジア人の頭の形状をリサーチしたうえで設計・開発。 欧米人に比べて前後に短く横幅が広いというアジア人の頭の特徴を踏まえて、より日本人にフィットしやすいように設計されています。<img src=""http://www.rakuten.ne.jp/gold/mapsports-syuppin/spec/karmor/top2.jpg"" width=""100%"">ヘルメットをかぶったときの不満点としてよく挙げられるのが、キノコのようなシルエットになることです。この不満を解消するため、KARMORは強化発泡スチロールの強度を調整し、サイドをよりスマートに設計しました。そのため、かぶった時のシルエットがすっきりをしています。 <br> （図　左：KARMOR、右：その他のヘルメット）",Karmor（カーマー）ASMA2 アスマ2 ブラック/ピンク サイズL ヘルメット 【自転車】：クラウンギアーズ楽天市場店,Karmor（カーマー）ASMA2 アスマ2 ブラック/ピンク サイズL ヘルメット 【自転車】,　。Karmor（カーマー）ASMA2 アスマ2 ブラック/ピンク サイズL ヘルメット 【自転車】[rn]
17-152021,http://tshop.r10s.jp/mapsports-syuppin/cabinet/new04/2999900108696_1.jpg?fitin=700:700,241040.0000,,スポーツ・アウトドア > 自転車・サイクリング > 自転車用パーツ > ホイール,XENTIS （ゼンティス）SQUAD2.5 クリンチャー ブラックマット シマノ11S/スラム ホイールセット 【05P30Nov14】,-,"<br><br><br><b>サイズ：</b> 700C<br><b>リム高：</b> 25mm<br><b>リム幅：</b> 21mm<br><b>ハブ：</b> XH-001 スタンダードベアリング<br><b>スポーク：</b> F 20本、R 24本<br><b>仕様：</b> クリンチャー<br><b>対応スプロケット：</b> シマノ11S/スラム<br><b>平均重量：</b> 1,154g（前後セット） <br><b>付属品：</b> Xentisホイールバッグ、Xentis クイックリリース <br>",XENTIS （ゼンティス）SQUAD2.5 クリンチャー ブラックマット シマノ11S/スラム ホイールセット 【05P30Nov14】：クラウンギアーズ楽天市場店,XENTIS （ゼンティス）SQUAD2.5 クリンチャー ブラックマット シマノ11S/スラム ホイールセット 【05P30Nov14】,-。XENTIS （ゼンティス）SQUAD2.5 クリンチャー ブラックマット シマノ11S/スラム ホイールセット 【05P30Nov14】[rn]
17-152022,http://tshop.r10s.jp/mapsports-syuppin/cabinet/new04/2999900108740_1.jpg?fitin=700:700,256560.0000,,スポーツ・アウトドア > 自転車・サイクリング > 自転車用パーツ > ホイール,XENTIS （ゼンティス）SQUAD4.2 クリンチャー ブラックマット カンパ ホイールセット 【05P30Nov14】,-,"<br><b>サイズ：</b>  700C<br><b>リム高：</b>  42mm<br><b>リム幅：</b>  21mm<br><b>ハブ：</b>  XH-001 スタンダードベアリング<br><b>スポーク：</b>  F 20本、R 24本<br><b>仕様：</b>  クリンチャー<br><b>対応スプロケット：</b> カンパ<br><b>参考重量：</b> 1,350g（前後セット）    <br><b>付属品：</b>  Xentisホイールバッグ、Xentis クイックリリース",XENTIS （ゼンティス）SQUAD4.2 クリンチャー ブラックマット カンパ ホイールセット 【05P30Nov14】：クラウンギアーズ楽天市場店,XENTIS （ゼンティス）SQUAD4.2 クリンチャー ブラックマット カンパ ホイールセット 【05P30Nov14】,-。XENTIS （ゼンティス）SQUAD4.2 クリンチャー ブラックマット カンパ ホイールセット 【05P30Nov14】[rn]
17-152023,http://tshop.r10s.jp/mapsports-syuppin/cabinet/new_126/8809451150195_1.jpg?fitin=700:700,11744.0000,,スポーツ・アウトドア > 自転車・サイクリング > 自転車用パーツ > ホイール,Karmor（カーマー）FEROX フェロックス ブラック サイズS/M ヘルメット 【自転車】,　,"<!--検索キーワード--><font color=""#FFFFFF"">(Karmor2017）</font><br><b>■状態：</b>新品<br /><br /><b>■カラーバリエーション</b><br /><!--サイズ表記テーブル-->    <table border=""0"" cellspacing=""0"" cellpadding=""0"">  <tr> <td width=""200""  bgcolor=""#afeeee"" >　ホワイト</td><td width=""60""  bgcolor=""#afeeee"" >　S/M</td><td width=""60""  bgcolor=""#afeeee"" >　L</td></tr><tr> <td>　ブラック</td><td>　S/M</td><td>　L</td></tr><tr> <td bgcolor=""#afeeee"">　ホワイト/ブラック/ライム</td><td bgcolor=""#afeeee"">　S/M</td><td bgcolor=""#afeeee"">　L</td></tr><tr> <td>　ホワイト/ブラック/ライトブルー</td><td>　S/M</td><td>　L</td></tr><tr> <td bgcolor=""#afeeee"">　ブラック/レッド</td><td bgcolor=""#afeeee"">　S/M</td><td bgcolor=""#afeeee"">　L</td></tr><tr> <td>　ブラック/グリーン</td><td>　S/M</td><td>　L</td></tr></table><br /><table  width=""100%""><tr>  <td > <b>■スペック</b><br>      サイズ：55-58cm（S/M）、59-60cm（L） <br />      重量：242g（S/M）、272g（L）<br>      <br>      <br>     <b> ■ 特徴</b><br>     ・前傾姿勢でも視界を確保しやすい設計<br>     ・紫外線をカットするUVカットライニング<br>     ・高い通気性を実現するエアフローシステム<br>     ・フィット性を上下に微調整できるリアホールドシステム（8段階）<br>     ・日本人にフィットしやすい形状　リトルアジアンフィット<br>     ・フィット性を高めて調整しやすい高機能バックル（左右非対称モデル）<br>     ・汗をかいても快適抗菌速乾ストラップ<br>     ・簡単に締め付けを調整できるダイアルレバー<br>     <br>     <br>     <br />          <br />          <br />      微調整可能なフィッティングシステムにより優れたヒット性を実現。スタイリッシュなデザインで個性を演出したアドバンストモデル。<br />                <br />                <br />                  </td></tr></table><br><br>   <img src=""http://www.rakuten.ne.jp/gold/mapsports-syuppin/spec/karmor/top.jpg"" width=""100%"">アジア人に最適なヘルメットを追及する、独自の技術と洗練されたデザインから生まれたKARMOR（カーマー）。 そのブランド名は、ドイツ語で頭を意味する”KOPF”と、鎧を意味する”ARMOR”に由来します。安全性とパフォーマンス、その双方を追い求めるライダーのために。KARMORは約4万人（うち日本人2万人）に及ぶアジア人の頭の形状をリサーチしたうえで設計・開発。 欧米人に比べて前後に短く横幅が広いというアジア人の頭の特徴を踏まえて、より日本人にフィットしやすいように設計されています。<img src=""http://www.rakuten.ne.jp/gold/mapsports-syuppin/spec/karmor/top2.jpg"" width=""100%"">ヘルメットをかぶったときの不満点としてよく挙げられるのが、キノコのようなシルエットになることです。この不満を解消するため、KARMORは強化発泡スチロールの強度を調整し、サイドをよりスマートに設計しました。そのため、かぶった時のシルエットがすっきりをしています。 <br> （図　左：KARMOR、右：その他のヘルメット）",Karmor（カーマー）FEROX フェロックス ブラック サイズS/M ヘルメット 【自転車】：クラウンギアーズ楽天市場店,Karmor（カーマー）FEROX フェロックス ブラック サイズS/M ヘルメット 【自転車】,　。Karmor（カーマー）FEROX フェロックス ブラック サイズS/M ヘルメット 【自転車】[rn]
17-152024,http://tshop.r10s.jp/mapsports-syuppin/cabinet/new_127/8809451150539_1.jpg?fitin=700:700,14688.0000,,スポーツ・アウトドア > 自転車・サイクリング > 自転車用パーツ > ホイール,Karmor（カーマー）DITRO ディトロ ホワイト サイズS/M ヘルメット 【自転車】,　,"<!--検索キーワード--><font color=""#FFFFFF"">(Karmor2017）</font><br><b>■状態：</b>新品<br /><br /><b>■カラーバリエーション</b><br /><!--サイズ表記テーブル-->    <table border=""0"" cellspacing=""0"" cellpadding=""0"">  <tr> <td width=""200""  bgcolor=""#afeeee"" >　ホワイト</td><td width=""60""  bgcolor=""#afeeee"" >　S/M</td><td width=""60""  bgcolor=""#afeeee"" >　L</td></tr><tr> <td>　ホワイト/ブラック/レッド</td><td>　S/M</td><td>　L</td></tr><tr> <td bgcolor=""#afeeee"">　ブラック/ブルー</td><td bgcolor=""#afeeee"">　S/M</td><td bgcolor=""#afeeee"">　L</td></tr></table><br /><table  width=""100%""><tr>  <td > <b>■スペック</b><br>      サイズ：55-58cm（S/M）、59-60cm（L） <br />      重量：230g（S/M）、260g（L）<br>      <br>      <br>     <b> ■ 特徴</b><br>     ・前傾姿勢でも視界を確保しやすい設計<br>     ・紫外線をカットするUVカットライニング<br>     ・高い通気性を実現するエアフローシステム<br>     ・フィット性を上下に微調整できるリアホールドシステム（4段階）<br>     ・日本人にフィットしやすい形状　リトルアジアンフィット<br>     ・フィット性を高めて調整しやすい高機能バックル（Y-fitディバイダー）<br>     ・汗をかいても快適抗菌速乾ストラップ<br>     ・簡単に締め付けを調整できるダイアルレバー　Boaシステム<br>     <br>     <br>     <br />          <br />          <br />      Boaクロージャーシステムを採用して、抜群のフィット感を実現。更なるエアロダイナミクスを追及したハイエンドモデル。<br>      <br>      <br><img src=""http://www.rakuten.ne.jp/gold/mapsports-syuppin/spec/karmor/ditro.jpg""><br />                <br />                <br />                  </td></tr></table><br><br>   <img src=""http://www.rakuten.ne.jp/gold/mapsports-syuppin/spec/karmor/top.jpg"" width=""100%"">アジア人に最適なヘルメットを追及する、独自の技術と洗練されたデザインから生まれたKARMOR（カーマー）。 そのブランド名は、ドイツ語で頭を意味する”KOPF”と、鎧を意味する”ARMOR”に由来します。安全性とパフォーマンス、その双方を追い求めるライダーのために。KARMORは約4万人（うち日本人2万人）に及ぶアジア人の頭の形状をリサーチしたうえで設計・開発。 欧米人に比べて前後に短く横幅が広いというアジア人の頭の特徴を踏まえて、より日本人にフィットしやすいように設計されています。<img src=""http://www.rakuten.ne.jp/gold/mapsports-syuppin/spec/karmor/top2.jpg"" width=""100%"">ヘルメットをかぶったときの不満点としてよく挙げられるのが、キノコのようなシルエットになることです。この不満を解消するため、KARMORは強化発泡スチロールの強度を調整し、サイドをよりスマートに設計しました。そのため、かぶった時のシルエットがすっきりをしています。 <br> （図　左：KARMOR、右：その他のヘルメット）",Karmor（カーマー）DITRO ディトロ ホワイト サイズS/M ヘルメット 【自転車】：クラウンギアーズ楽天市場店,Karmor（カーマー）DITRO ディトロ ホワイト サイズS/M ヘルメット 【自転車】,　。Karmor（カーマー）DITRO ディトロ ホワイト サイズS/M ヘルメット 【自転車】[rn]
17-152025,http://tshop.r10s.jp/mapsports-syuppin/cabinet/new_046/2717001996116_1.jpg?fitin=700:700,287680.0000,,スポーツ・アウトドア > 自転車・サイクリング > 自転車用パーツ > ホイール,AX LIGHTNESS  (エーエックス ライトネス) P 24T シマノ用 チューブラー ホイールセット 【自転車】,-,"<!--検索キーワード--><font color=""#FFFFFF"">(0704TRISPORTS)</font><br><table border=""0"" cellpadding=""0"" cellspacing=""0"" width=""330""><tr><td><b><font size=""5""><br />          <br />  P 24T チューブラーホイールセット シマノ用</font></b><br>  <br />  <br>    <b>■スペック</b><br>      リム：SRT24<br>        ハブ：TUNE<br>        スポーク：DT Aerolite 黒スポーク<br />        スポーク数：F20/R24H <br>        リム高：24mm<br>        リム幅：21.5mm<br>        重量(前後セット)：871g<br>        付属品：ブレーキパッド        <br>        体重制限：100kg        <br>  <br><br><br>        <br></td></tr></table>",AX LIGHTNESS  (エーエックス ライトネス) P 24T シマノ用 チューブラー ホイールセット 【自転車】：クラウンギアーズ楽天市場店,AX LIGHTNESS  (エーエックス ライトネス) P 24T シマノ用 チューブラー ホイールセット 【自転車】,-。AX LIGHTNESS  (エーエックス ライトネス) P 24T シマノ用 チューブラー ホイールセット 【自転車】[rn]
17-152026,http://tshop.r10s.jp/mapsports-syuppin/cabinet/new_108/0710845774492_1.jpg?fitin=700:700,124496.0000,,スポーツ・アウトドア > 自転車・サイクリング > 自転車用パーツ > ホイール,ZIPP(ジップ) 202 Firecrest ファイアクレスト カーボン クリンチャー ホワイトロゴ カンパ用 11S リア用ホイール  【自転車】,,"<!--検索キーワード--><font color=""#FFFFFF"">(ZIPP　2017）（新品0131）</font><br><B>■状態：</B>新品<br><br><!--サイズ表記テーブル-->  <table  border=""0"" cellspacing=""0"" cellpadding=""0"">    <tr>     <td   colspan=""4"" bgcolor=""#ffffff""><b>■バリエーション </b> </td>    </tr>  <tr>    <td width=""10""  bgcolor=""#afeeee"" >&nbsp;</td>       <td width=""110""  bgcolor=""#afeeee"" >フロント</td>    <td width=""110""  bgcolor=""#afeeee"" >カンパ用 リア</td><td width=""110""  bgcolor=""#afeeee"" >シマノ用 リア</td></tr></table><br><table width=""100%"" border=""0"" cellspacing=""0"" cellpadding=""0"">      <tr><td><font size=2><b>■クリンチャーホイール</b><br><b>経済的でメンテナンス性に優れる規格</b><br>タイヤをリム内側の溝に引っ掛けて取り付けます。<br>タイヤとチューブが別々になっており、パンクした際、チューブの交換のみを行える為、経済的でメンテナンス性に優れています。<br>タイヤやチューブの種類も豊富に用意されているので自分にあったタイヤがみつけやすいのも特徴です。<br>最近はチューブラータイヤの走行性能に迫り、あるいは凌駕するようなクリンチャータイヤも開発されつつあり、ロードレースと違って個人での活動の多いトライアスロンの世界では、トップ選手の間でチューブラーからクリンチャーへスイッチする動きもあるようです。</font><br></td></tr></table><B>■スペック</B><BR><table border=""0"" cellspacing=""0"" cellpadding=""0"" ><tr><td bgcolor=""#ddd"" width=""2"" height=""2"" colspan=""9""></td></tr><tr><td bgcolor=""#ddd"" width=""2"" ></td><td width=""150"" height=""30""><center>ホイール素材(ハブ)</center></td><td bgcolor=""#ddd"" width=""2""></td><td width=""150""><center>ホイール素材(リム)</center></td><td bgcolor=""#ddd"" width=""2""></td></tr><tr><td bgcolor=""#ddd"" width=""2"" height=""2"" colspan=""5""></td></tr><tr><td bgcolor=""#ddd""></td><td height=""150""><br><center><img src=""https://image.rakuten.co.jp/mapsports-syuppin/cabinet/used07/carbon.jpg"" border=""0""></center></td><td bgcolor=""#ddd""></td><td><br><center><img src=""https://image.rakuten.co.jp/mapsports-syuppin/cabinet/used07/carbon.jpg"" border=""0""></center></td><td bgcolor=""#ddd""></td></tr><tr><td bgcolor=""#ddd"" width=""1"" height=""1"" colspan=""9""></td></tr></table><br /><br /><table width=""100%"" border=""0"" cellspacing=""0"" cellpadding=""0""><tr><td>    対応：10/11 S<br>      リム形状：クリンチャー<BR>        リム高： F 32mm R 32mm<BR>        重量：F 635g R 815g <br>       ハブ：F 77　 R 177<br>       最大リム幅：25.4mm<br>      スポーク長：F 274mm　R 284mm<br>       最大空気圧：125psi/8.62bars<br>        <br><br />    </td>  </tr>     <tr><td>    レースで使える超軽量カーボンホイールの代名詞202。 重量1450gでカーボンクリンチャーホイールセット中最軽量を誇り、Firecrestリムを採用することで、32?のリムハイトと25.4?の最大リム幅を有する。 <br />他社の50mmハイトのホイールを上回る空力性能を発揮するディンプル加工されたトロイダル形状のリムに、完全新設計77/177ハブの採用で更なる剛性、耐久性を獲得。 エルゴノミックデザインを取り入れたクイックレバーは、軽量化を果たすと共に使いやすさも向上。 <br />より広い用途での使用を考慮し、ワイドギアレンジ(10-42T)対応のXDドライバーボディー(別売)への交換も可能とする。 <br />バランスのとれた加速性能と高速巡航性能を持ち合わせる202は、ヒルクライムだけでなく加減速を繰り返す平地でのレースなどでもその実力を存分に発揮する。</td>  </tr></table><br><br><img src=""http://www.rakuten.ne.jp/gold/mapsports-syuppin/spec/zipp/banner_01.jpg"" width=""100%"" border=""0"">  <br />  <br>ZIPP は、トライアスロンの歴史と共に、レース用カーボンホイールをつくり続けてきたアメリカのホイールメーカー。 風洞実験による科学的な裏付けと、レースでの実戦を積重ね、 レースパフォーマンスに大きく影響をあたえる、エアロ効果と筋肉疲労の軽減を実現しています。<br /><br />",ZIPP(ジップ) 202 Firecrest ファイアクレスト カーボン クリンチャー ホワイトロゴ カンパ用 11S リア用ホイール  【自転車】：クラウンギアーズ楽天市場店,ZIPP(ジップ) 202 Firecrest ファイアクレスト カーボン クリンチャー ホワイトロゴ カンパ用 11S リア用ホイール  【自転車】,ZIPP(ジップ) 202 Firecrest ファイアクレスト カーボン クリンチャー ホワイトロゴ カンパ用 11S リア用ホイール  【自転車】[rn]
17-152027,http://tshop.r10s.jp/mapsports-syuppin/cabinet/new_108/0710845774119_1.jpg?fitin=700:700,124496.0000,,スポーツ・アウトドア > 自転車・サイクリング > 自転車用パーツ > ホイール,ZIPP(ジップ) 303 Firecrest ファイアクレスト カーボン クリンチャー ホワイトロゴ カンパ用 11S リア用ホイール  【自転車】,,"<!--検索キーワード--><font color=""#FFFFFF"">(ZIPP　2017）（新品0131）</font><br><B>■状態：</B>新品<br><br><!--サイズ表記テーブル-->  <table  border=""0"" cellspacing=""0"" cellpadding=""0"">    <tr>     <td   colspan=""4"" bgcolor=""#ffffff""><b>■バリエーション </b> </td>    </tr>  <tr>    <td width=""10""  bgcolor=""#afeeee"" >&nbsp;</td>       <td width=""110""  bgcolor=""#afeeee"" >フロント</td>    <td width=""110""  bgcolor=""#afeeee"" >カンパ用 リア</td><td width=""110""  bgcolor=""#afeeee"" >シマノ用 リア</td></tr></table><br><table width=""100%"" border=""0"" cellspacing=""0"" cellpadding=""0"">      <tr><td><font size=2><b>■クリンチャーホイール</b><br><b>経済的でメンテナンス性に優れる規格</b><br>タイヤをリム内側の溝に引っ掛けて取り付けます。<br>タイヤとチューブが別々になっており、パンクした際、チューブの交換のみを行える為、経済的でメンテナンス性に優れています。<br>タイヤやチューブの種類も豊富に用意されているので自分にあったタイヤがみつけやすいのも特徴です。<br>最近はチューブラータイヤの走行性能に迫り、あるいは凌駕するようなクリンチャータイヤも開発されつつあり、ロードレースと違って個人での活動の多いトライアスロンの世界では、トップ選手の間でチューブラーからクリンチャーへスイッチする動きもあるようです。</font><br></td></tr></table><B>■スペック</B><BR><table border=""0"" cellspacing=""0"" cellpadding=""0"" ><tr><td bgcolor=""#ddd"" width=""2"" height=""2"" colspan=""9""></td></tr><tr><td bgcolor=""#ddd"" width=""2"" ></td><td width=""150"" height=""30""><center>ホイール素材(ハブ)</center></td><td bgcolor=""#ddd"" width=""2""></td><td width=""150""><center>ホイール素材(リム)</center></td><td bgcolor=""#ddd"" width=""2""></td></tr><tr><td bgcolor=""#ddd"" width=""2"" height=""2"" colspan=""5""></td></tr><tr><td bgcolor=""#ddd""></td><td height=""150""><br><center><img src=""https://image.rakuten.co.jp/mapsports-syuppin/cabinet/used07/carbon.jpg"" border=""0""></center></td><td bgcolor=""#ddd""></td><td><br><center><img src=""https://image.rakuten.co.jp/mapsports-syuppin/cabinet/used07/carbon.jpg"" border=""0""></center></td><td bgcolor=""#ddd""></td></tr><tr><td bgcolor=""#ddd"" width=""1"" height=""1"" colspan=""9""></td></tr></table><br /><br /><table width=""100%"" border=""0"" cellspacing=""0"" cellpadding=""0""><tr><td>    対応：10/11 S<br>      リム形状：クリンチャー<BR>        リム高： F 45mm R 45mm<BR>        重量：F 725g R 900g <br>       ハブ：F 77　 R 177<br>       最大リム幅：28.50mm<br>      スポーク長：F 260mm　R 272mm<br>      最大空気圧：125psi/8.62bars <br>      <br><br />    </td>  </tr>     <tr><td>    ZIPP303カーボンクリンチャーホイールは、パリ～ルーベ、ツール・ド・フランドルでカーボンホイールとして初めて勝利を収めたZIPP303ホイールの空力特性、剛性等を保持しつつ、クリンチャーの利便性を加え、勾配を登ることにも十分な軽さを有する。　<br /> 完全新設計77/177ハブとSapimR CX Sprintスポークの採用で更なる剛性、耐久性を獲得。 エルゴノミックデザインを取り入れたクイックレバーは、軽量化を果たすと共に使いやすさも向上。 <br />より広い用途での使用を考慮し、ワイドギアレンジ(10-42T)対応のXDドライバーボディー(別売)への交換も可能とする。</td>  </tr></table><br><br><img src=""http://www.rakuten.ne.jp/gold/mapsports-syuppin/spec/zipp/banner_01.jpg"" width=""100%"" border=""0"">  <br />  <br>ZIPP は、トライアスロンの歴史と共に、レース用カーボンホイールをつくり続けてきたアメリカのホイールメーカー。 風洞実験による科学的な裏付けと、レースでの実戦を積重ね、 レースパフォーマンスに大きく影響をあたえる、エアロ効果と筋肉疲労の軽減を実現しています。<br /><br />",ZIPP(ジップ) 303 Firecrest ファイアクレスト カーボン クリンチャー ホワイトロゴ カンパ用 11S リア用ホイール  【自転車】：クラウンギアーズ楽天市場店,ZIPP(ジップ) 303 Firecrest ファイアクレスト カーボン クリンチャー ホワイトロゴ カンパ用 11S リア用ホイール  【自転車】,ZIPP(ジップ) 303 Firecrest ファイアクレスト カーボン クリンチャー ホワイトロゴ カンパ用 11S リア用ホイール  【自転車】[rn]
17-152028,http://tshop.r10s.jp/mapsports-syuppin/cabinet/new_108/0710845765308_1.jpg?fitin=700:700,135384.0000,,スポーツ・アウトドア > 自転車・サイクリング > 自転車用パーツ > ホイール,ZIPP(ジップ) 202 Firecrest ファイアクレスト カーボン クリンチャー Disc ホワイトロゴ カンパ用 11S リア用ホイール  【自転車】,,"<!--検索キーワード--><font color=""#FFFFFF"">(ZIPP　2017）（新品0131）</font><br><B>■状態：</B>新品<br><br><!--サイズ表記テーブル-->  <table  border=""0"" cellspacing=""0"" cellpadding=""0"">    <tr>     <td   colspan=""4"" bgcolor=""#ffffff""><b>■バリエーション </b> </td>    </tr>  <tr>    <td width=""10""  bgcolor=""#afeeee"" >&nbsp;</td>       <td width=""110""  bgcolor=""#afeeee"" >フロント</td>    <td width=""110""  bgcolor=""#afeeee"" >カンパ用 リア</td><td width=""110""  bgcolor=""#afeeee"" >シマノ用 リア</td></tr></table><br><table width=""100%"" border=""0"" cellspacing=""0"" cellpadding=""0"">      <tr><td><font size=2><b>■クリンチャーホイール</b><br><b>経済的でメンテナンス性に優れる規格</b><br>タイヤをリム内側の溝に引っ掛けて取り付けます。<br>タイヤとチューブが別々になっており、パンクした際、チューブの交換のみを行える為、経済的でメンテナンス性に優れています。<br>タイヤやチューブの種類も豊富に用意されているので自分にあったタイヤがみつけやすいのも特徴です。<br>最近はチューブラータイヤの走行性能に迫り、あるいは凌駕するようなクリンチャータイヤも開発されつつあり、ロードレースと違って個人での活動の多いトライアスロンの世界では、トップ選手の間でチューブラーからクリンチャーへスイッチする動きもあるようです。</font><br></td></tr></table><B>■スペック</B><BR><table border=""0"" cellspacing=""0"" cellpadding=""0"" ><tr><td bgcolor=""#ddd"" width=""2"" height=""2"" colspan=""9""></td></tr><tr><td bgcolor=""#ddd"" width=""2"" ></td><td width=""150"" height=""30""><center>ホイール素材(ハブ)</center></td><td bgcolor=""#ddd"" width=""2""></td><td width=""150""><center>ホイール素材(リム)</center></td><td bgcolor=""#ddd"" width=""2""></td></tr><tr><td bgcolor=""#ddd"" width=""2"" height=""2"" colspan=""5""></td></tr><tr><td bgcolor=""#ddd""></td><td height=""150""><br><center><img src=""https://image.rakuten.co.jp/mapsports-syuppin/cabinet/used07/carbon.jpg"" border=""0""></center></td><td bgcolor=""#ddd""></td><td><br><center><img src=""https://image.rakuten.co.jp/mapsports-syuppin/cabinet/used07/carbon.jpg"" border=""0""></center></td><td bgcolor=""#ddd""></td></tr><tr><td bgcolor=""#ddd"" width=""1"" height=""1"" colspan=""9""></td></tr></table><br /><br /><table width=""100%"" border=""0"" cellspacing=""0"" cellpadding=""0""><tr><td>    対応：10/11 S<br>      リム形状：クリンチャー<BR>        リム高： F 32mm R 32mm<BR>        重量：F 705g R 825g <br>       ハブ：F 77D R 177<br>       最大リム幅：25.4mm<br>      スポーク長：284mm<br>       最大空気圧：125psi/8.62bars<br>        <br><br />    </td>  </tr>     <tr><td>    ディスクブレーキ用に新設計された77/177Dハブを採用。 <br>高剛性、高耐久性を誇る新型ハブが、ディスクブレーキの強大な制動力をしっかりと受け止める。 さらに付属のキャップを付け替えればクイック、スルーアクスル両方に対応。 202 Firecrest Clincherリムと77/177Dハブの理想的なコンビネーションが、ロードからグラベルロードまで、優れた空力特性と安定した操作性、さらに天候に左右されない安定した制動性能を提供する。 </td>  </tr></table><br><br><img src=""http://www.rakuten.ne.jp/gold/mapsports-syuppin/spec/zipp/banner_01.jpg"" width=""100%"" border=""0"">  <br />  <br>ZIPP は、トライアスロンの歴史と共に、レース用カーボンホイールをつくり続けてきたアメリカのホイールメーカー。 風洞実験による科学的な裏付けと、レースでの実戦を積重ね、 レースパフォーマンスに大きく影響をあたえる、エアロ効果と筋肉疲労の軽減を実現しています。<br /><br />",ZIPP(ジップ) 202 Firecrest ファイアクレスト カーボン クリンチャー Disc ホワイトロゴ カンパ用 11S リア用ホイール  【自転車】：クラウンギアーズ楽天市場店,ZIPP(ジップ) 202 Firecrest ファイアクレスト カーボン クリンチャー Disc ホワイトロゴ カンパ用 11S リア用ホイール  【自転車】,ZIPP(ジップ) 202 Firecrest ファイアクレスト カーボン クリンチャー Disc ホワイトロゴ カンパ用 11S リア用ホイール  【自転車】[rn]
17-152029,http://tshop.r10s.jp/mapsports-syuppin/cabinet/new_109/0710845773525_1.jpg?fitin=700:700,124496.0000,,スポーツ・アウトドア > 自転車・サイクリング > 自転車用パーツ > ホイール,ZIPP(ジップ) 404 Firecrest ファイアクレスト カーボン　クリンチャー ホワイトロゴ カンパ用 リア用ホイール   【自転車】,,"<!--検索キーワード--><font color=""#FFFFFF"">(ZIPP　2017）（新品0131）</font><br><B>■状態：</B>新品<br><br><!--サイズ表記テーブル-->  <table  border=""0""cellspacing=""0""cellpadding=""0"">    <tr>     <td   colspan=""4""bgcolor=""#ffffff""><b>■バリエーション </b> </td>    </tr>  <tr>    <td width=""10"" bgcolor=""#afeeee"">&nbsp;</td>       <td width=""110"" bgcolor=""#afeeee"">フロント</td>    <td width=""110"" bgcolor=""#afeeee"">カンパ用 リア</td><td width=""110"" bgcolor=""#afeeee"">シマノ用 リア</td></tr></table><br><table width=""100%""border=""0""cellspacing=""0""cellpadding=""0"">      <tr><td><font size=2><b>■クリンチャーホイール</b><br><b>経済的でメンテナンス性に優れる規格</b><br>タイヤをリム内側の溝に引っ掛けて取り付けます。<br>タイヤとチューブが別々になっており、パンクした際、チューブの交換のみを行える為、経済的でメンテナンス性に優れています。<br>タイヤやチューブの種類も豊富に用意されているので自分にあったタイヤがみつけやすいのも特徴です。<br>最近はチューブラータイヤの走行性能に迫り、あるいは凌駕するようなクリンチャータイヤも開発されつつあり、ロードレースと違って個人での活動の多いトライアスロンの世界では、トップ選手の間でチューブラーからクリンチャーへスイッチする動きもあるようです。</font><br></td></tr></table><B>■スペック</B><BR><table border=""0""cellspacing=""0""cellpadding=""0""><tr><td bgcolor=""#ddd""width=""2""height=""2""colspan=""9""></td></tr><tr><td bgcolor=""#ddd""width=""2""></td><td width=""150""height=""30""><center>ホイール素材(ハブ)</center></td><td bgcolor=""#ddd""width=""2""></td><td width=""150""><center>ホイール素材(リム)</center></td><td bgcolor=""#ddd""width=""2""></td></tr><tr><td bgcolor=""#ddd""width=""2""height=""2""colspan=""5""></td></tr><tr><td bgcolor=""#ddd""></td><td height=""150""><br><center><img src=""https://image.rakuten.co.jp/mapsports-syuppin/cabinet/used07/carbon.jpg""border=""0""></center></td><td bgcolor=""#ddd""></td><td><br><center><img src=""https://image.rakuten.co.jp/mapsports-syuppin/cabinet/used07/carbon.jpg""border=""0""></center></td><td bgcolor=""#ddd""></td></tr><tr><td bgcolor=""#ddd""width=""1""height=""1""colspan=""9""></td></tr></table><br /><br /><table width=""100%""border=""0""cellspacing=""0""cellpadding=""0""><tr><td>  対応：10/11 S<br>  リム形状：クリンチャー<BR>        リム高： F 58mm R 58mm<BR>        重量：F 755g R 935g <br>       ハブ：F 77 R 177<br>       最大リム幅：26.53mm<br>      スポーク長：F 248mm　R 260mm<br>      <br><br />    </td>  </tr>    <tr><td>    より高いエアロダイナミクス性能に加え、横風の中でのハンドリング性能の向上やホイールの強度アップにも貢献するFirecrestテクノロジーが、他の追随を許さない別格のライデイングクオリティーを提供する。<br> 完全新設計77/177ハブとSapimR CX Sprintスポークの採用で更なる剛性、耐久性を獲得。<br> エルゴノミックデザインを取り入れたクイックレバーは、軽量化を果たすと共に使いやすさも向上。 <br>より広い用途での使用を考慮し、ワイドギアレンジ(10-42T)対応のXDドライバーボディー(別売)への交換も可能とする。 <br>スプリント、クリテリアム、タイムトライアル等様々なジャンルのレースをオールマイティにこなす、ハイスタンダードな高性能エアロホイール。    </td>  </tr>     </table><br><br><img src=""http://www.rakuten.ne.jp/gold/mapsports-syuppin/spec/zipp/banner_01.jpg"" width=""100%"" border=""0"">  <br />  <br>ZIPP は、トライアスロンの歴史と共に、レース用カーボンホイールをつくり続けてきたアメリカのホイールメーカー。 風洞実験による科学的な裏付けと、レースでの実戦を積重ね、 レースパフォーマンスに大きく影響をあたえる、エアロ効果と筋肉疲労の軽減を実現しています。<br /><br />",ZIPP(ジップ) 404 Firecrest ファイアクレスト カーボン　クリンチャー ホワイトロゴ カンパ用 リア用ホイール   【自転車】：クラウンギアーズ楽天市場店,ZIPP(ジップ) 404 Firecrest ファイアクレスト カーボン　クリンチャー ホワイトロゴ カンパ用 リア用ホイール   【自転車】,ZIPP(ジップ) 404 Firecrest ファイアクレスト カーボン　クリンチャー ホワイトロゴ カンパ用 リア用ホイール   【自転車】[rn]
17-152030,http://tshop.r10s.jp/mapsports-syuppin/cabinet/new_109/0710845780912_1.jpg?fitin=700:700,169424.0000,,スポーツ・アウトドア > 自転車・サイクリング > 自転車用パーツ > ホイール,ZIPP(ジップ) 808 NSW カーボン クリンチャー WHITE Impress フロント用ホイール   【自転車】,,"<!--検索キーワード--><font color=""#FFFFFF"">(ZIPP　2017）（新品0131）</font><br><B>■状態：</B>新品<br><br><!--サイズ表記テーブル-->  <table  border=""0""cellspacing=""0""cellpadding=""0"">    <tr>     <td   colspan=""4""bgcolor=""#ffffff""><b>■バリエーション </b> </td>    </tr>  <tr>    <td width=""10"" bgcolor=""#afeeee"">&nbsp;</td>       <td width=""110"" bgcolor=""#afeeee"">フロント</td>    <td width=""110"" bgcolor=""#afeeee"">カンパ用 リア</td><td width=""110"" bgcolor=""#afeeee"">シマノ用 リア</td></tr></table><br><table width=""100%""border=""0""cellspacing=""0""cellpadding=""0"">      <tr><td><font size=2><b>■クリンチャーホイール</b><br><b>経済的でメンテナンス性に優れる規格</b><br>タイヤをリム内側の溝に引っ掛けて取り付けます。<br>タイヤとチューブが別々になっており、パンクした際、チューブの交換のみを行える為、経済的でメンテナンス性に優れています。<br>タイヤやチューブの種類も豊富に用意されているので自分にあったタイヤがみつけやすいのも特徴です。<br>最近はチューブラータイヤの走行性能に迫り、あるいは凌駕するようなクリンチャータイヤも開発されつつあり、ロードレースと違って個人での活動の多いトライアスロンの世界では、トップ選手の間でチューブラーからクリンチャーへスイッチする動きもあるようです。</font><br></td></tr></table><B>■スペック</B><BR><table border=""0""cellspacing=""0""cellpadding=""0""><tr><td bgcolor=""#ddd""width=""2""height=""2""colspan=""9""></td></tr><tr><td bgcolor=""#ddd""width=""2""></td><td width=""150""height=""30""><center>ホイール素材(ハブ)</center></td><td bgcolor=""#ddd""width=""2""></td><td width=""150""><center>ホイール素材(リム)</center></td><td bgcolor=""#ddd""width=""2""></td></tr><tr><td bgcolor=""#ddd""width=""2""height=""2""colspan=""5""></td></tr><tr><td bgcolor=""#ddd""></td><td height=""150""><br><center><img src=""https://image.rakuten.co.jp/mapsports-syuppin/cabinet/used07/carbon.jpg""border=""0""></center></td><td bgcolor=""#ddd""></td><td><br><center><img src=""https://image.rakuten.co.jp/mapsports-syuppin/cabinet/used07/carbon.jpg""border=""0""></center></td><td bgcolor=""#ddd""></td></tr><tr><td bgcolor=""#ddd""width=""1""height=""1""colspan=""9""></td></tr></table><br /><br /><table width=""100%""border=""0""cellspacing=""0""cellpadding=""0""><tr><td>  リム形状：クリンチャー<BR>        リム高： F 82mm R 82mm<BR>      重量：F 830g R 980g <br>      ハブ：Cognition<br>       最大リム幅：27.8mm<br>      スポーク長：F 222mm　R 236mm<br>      <br><br />    </td>  </tr>  <tr><td>  ZIPP NSWシリーズの雛形となる808NSWは、より大きな空力効率と安定性を手に入れるためにこれまで蓄積されてきたノウハウ全てをつぎ込んで開発された画期的なホイールセットです。 その効率はベンチマークの808 firecrestと比較して毎時3～4ワットを節約し、IronmanR-distance(180.25km)では時速40kmで推定90秒のアドバンテージを手に入れられます。 <br>ブレーキ面も改良が施されました。Showstopperと呼ばれるシリコンコーティングは気象条件や下りの長さに関係なく、比類なきストッピングパワーとコントロール性をもたらします。 <br>進化しているのはリムだけではありません。 <br>全てのNSWシリーズに搭載されるCOGNITIONハブセットは、ぺダリングを止めた際にラチェット機構を解放し、ハブシェルとフリーボディ間の抵抗を低減します。     </td>  </tr>      </table><br><br><img src=""http://www.rakuten.ne.jp/gold/mapsports-syuppin/spec/zipp/banner_01.jpg"" width=""100%"" border=""0"">  <br />  <br>ZIPP は、トライアスロンの歴史と共に、レース用カーボンホイールをつくり続けてきたアメリカのホイールメーカー。 風洞実験による科学的な裏付けと、レースでの実戦を積重ね、 レースパフォーマンスに大きく影響をあたえる、エアロ効果と筋肉疲労の軽減を実現しています。<br /><br />",ZIPP(ジップ) 808 NSW カーボン クリンチャー WHITE Impress フロント用ホイール   【自転車】：クラウンギアーズ楽天市場店,ZIPP(ジップ) 808 NSW カーボン クリンチャー WHITE Impress フロント用ホイール   【自転車】,ZIPP(ジップ) 808 NSW カーボン クリンチャー WHITE Impress フロント用ホイール   【自転車】[rn]
17-152031,http://tshop.r10s.jp/mapsports-syuppin/cabinet/new_119/0710845795046_1.jpg?fitin=700:700,201480.0000,,スポーツ・アウトドア > 自転車・サイクリング > 自転車用パーツ > ホイール,ZIPP(ジップ) 202 NSW クリンチャー カンパ用 11S リア用ホイール  【自転車】,,"<!--検索キーワード--><font color=""#FFFFFF"">(ZIPP　2017）</font><br><B>■状態：</B>新品<br><br><!--サイズ表記テーブル-->  <table  border=""0"" cellspacing=""0"" cellpadding=""0"">    <tr>     <td   colspan=""4"" bgcolor=""#ffffff""><b>■バリエーション </b> </td>    </tr>  <tr>    <td width=""10""  bgcolor=""#afeeee"" >&nbsp;</td>       <td width=""110""  bgcolor=""#afeeee"" >フロント</td>    <td width=""110""  bgcolor=""#afeeee"" >カンパ用 リア</td><td width=""110""  bgcolor=""#afeeee"" >シマノ用 リア</td></tr></table><br><table width=""100%"" border=""0"" cellspacing=""0"" cellpadding=""0"">      <tr><td><font size=2><b>■クリンチャーホイール</b><br><b>経済的でメンテナンス性に優れる規格</b><br>タイヤをリム内側の溝に引っ掛けて取り付けます。<br>タイヤとチューブが別々になっており、パンクした際、チューブの交換のみを行える為、経済的でメンテナンス性に優れています。<br>タイヤやチューブの種類も豊富に用意されているので自分にあったタイヤがみつけやすいのも特徴です。<br>最近はチューブラータイヤの走行性能に迫り、あるいは凌駕するようなクリンチャータイヤも開発されつつあり、ロードレースと違って個人での活動の多いトライアスロンの世界では、トップ選手の間でチューブラーからクリンチャーへスイッチする動きもあるようです。</font><br></td></tr></table><B>■スペック</B><BR><table border=""0"" cellspacing=""0"" cellpadding=""0"" ><tr><td bgcolor=""#ddd"" width=""2"" height=""2"" colspan=""9""></td></tr><tr><td bgcolor=""#ddd"" width=""2"" ></td><td width=""150"" height=""30""><center>ホイール素材(ハブ)</center></td><td bgcolor=""#ddd"" width=""2""></td><td width=""150""><center>ホイール素材(リム)</center></td><td bgcolor=""#ddd"" width=""2""></td></tr><tr><td bgcolor=""#ddd"" width=""2"" height=""2"" colspan=""5""></td></tr><tr><td bgcolor=""#ddd""></td><td height=""150""><br><center><img src=""https://image.rakuten.co.jp/mapsports-syuppin/cabinet/used07/carbon.jpg"" border=""0""></center></td><td bgcolor=""#ddd""></td><td><br><center><img src=""https://image.rakuten.co.jp/mapsports-syuppin/cabinet/used07/carbon.jpg"" border=""0""></center></td><td bgcolor=""#ddd""></td></tr><tr><td bgcolor=""#ddd"" width=""1"" height=""1"" colspan=""9""></td></tr></table><br /><br /><table width=""100%"" border=""0"" cellspacing=""0"" cellpadding=""0""><tr><td>    対応：10/11 S<br>      リム形状：クリンチャー<BR>        リム高： F 32mm R 32mm<BR>      重量：F 615g R 760g<br>      ハブ：Cognition<br>       最大リム幅：25.4mm<br>      スポーク長：F 272mm R 284mm<br><br><br />    </td>  </tr>     <tr>  <td>    202firecrestを超える空力性能、制動力、軽量性を獲得するのはZIPPの高度な技術を持つエンジニアたちでも非常に難しいものでしたが、 要求される全てのタスクを一つづつ解決し、シチュエーションを選ばない究極のヒルクライムホイールを開発しました。 ヒルクライムに於いて重量はとても重要です。しかし山は登れば下らなければなりません。 202NSWではカーボンの積層を従来より変更し、耐久性を落とすことなくホイール外周部の重量を落としました。 空力効率の向上はのこぎり状の新ディンプルABLC SAWTOOTHとホイールに直接プリントするImPress グラフィックスで解決。 さらにホイールの転がり効率を向上させるためにCOGNITIONハブセットを搭載。 もちろんブレーキ面でもShowstopperと呼ばれるシリコンコーティングにより気象条件や下りの長さに関係なく、比類なきストッピングパワーとコントロール性を手に入れました。 </td>  </tr></table><br><br><img src=""http://www.rakuten.ne.jp/gold/mapsports-syuppin/spec/zipp/banner_01.jpg"" width=""100%"" border=""0""><br />  <br>ZIPP は、トライアスロンの歴史と共に、レース用カーボンホイールをつくり続けてきたアメリカのホイールメーカー。 風洞実験による科学的な裏付けと、レースでの実戦を積重ね、 レースパフォーマンスに大きく影響をあたえる、エアロ効果と筋肉疲労の軽減を実現しています。<br /><br />",ZIPP(ジップ) 202 NSW クリンチャー カンパ用 11S リア用ホイール  【自転車】：クラウンギアーズ楽天市場店,ZIPP(ジップ) 202 NSW クリンチャー カンパ用 11S リア用ホイール  【自転車】,ZIPP(ジップ) 202 NSW クリンチャー カンパ用 11S リア用ホイール  【自転車】[rn]
17-152032,http://tshop.r10s.jp/mapsports-syuppin/cabinet/new_109/0710845780929_1.jpg?fitin=700:700,213488.0000,,スポーツ・アウトドア > 自転車・サイクリング > 自転車用パーツ > ホイール,ZIPP(ジップ) 808 NSW カーボン クリンチャー WHITE Impress シマノ用 11S リア用ホイール   【自転車】,,"<!--検索キーワード--><font color=""#FFFFFF"">(ZIPP　2017）（新品0131）</font><br><B>■状態：</B>新品<br><br><!--サイズ表記テーブル-->  <table  border=""0""cellspacing=""0""cellpadding=""0"">    <tr>     <td   colspan=""4""bgcolor=""#ffffff""><b>■バリエーション </b> </td>    </tr>  <tr>    <td width=""10"" bgcolor=""#afeeee"">&nbsp;</td>       <td width=""110"" bgcolor=""#afeeee"">フロント</td>    <td width=""110"" bgcolor=""#afeeee"">カンパ用 リア</td><td width=""110"" bgcolor=""#afeeee"">シマノ用 リア</td></tr></table><br><table width=""100%""border=""0""cellspacing=""0""cellpadding=""0"">      <tr><td><font size=2><b>■クリンチャーホイール</b><br><b>経済的でメンテナンス性に優れる規格</b><br>タイヤをリム内側の溝に引っ掛けて取り付けます。<br>タイヤとチューブが別々になっており、パンクした際、チューブの交換のみを行える為、経済的でメンテナンス性に優れています。<br>タイヤやチューブの種類も豊富に用意されているので自分にあったタイヤがみつけやすいのも特徴です。<br>最近はチューブラータイヤの走行性能に迫り、あるいは凌駕するようなクリンチャータイヤも開発されつつあり、ロードレースと違って個人での活動の多いトライアスロンの世界では、トップ選手の間でチューブラーからクリンチャーへスイッチする動きもあるようです。</font><br></td></tr></table><B>■スペック</B><BR><table border=""0""cellspacing=""0""cellpadding=""0""><tr><td bgcolor=""#ddd""width=""2""height=""2""colspan=""9""></td></tr><tr><td bgcolor=""#ddd""width=""2""></td><td width=""150""height=""30""><center>ホイール素材(ハブ)</center></td><td bgcolor=""#ddd""width=""2""></td><td width=""150""><center>ホイール素材(リム)</center></td><td bgcolor=""#ddd""width=""2""></td></tr><tr><td bgcolor=""#ddd""width=""2""height=""2""colspan=""5""></td></tr><tr><td bgcolor=""#ddd""></td><td height=""150""><br><center><img src=""https://image.rakuten.co.jp/mapsports-syuppin/cabinet/used07/carbon.jpg""border=""0""></center></td><td bgcolor=""#ddd""></td><td><br><center><img src=""https://image.rakuten.co.jp/mapsports-syuppin/cabinet/used07/carbon.jpg""border=""0""></center></td><td bgcolor=""#ddd""></td></tr><tr><td bgcolor=""#ddd""width=""1""height=""1""colspan=""9""></td></tr></table><br /><br /><table width=""100%""border=""0""cellspacing=""0""cellpadding=""0""><tr><td>  リム形状：クリンチャー<BR>        リム高： F 82mm R 82mm<BR>      重量：F 830g R 980g <br>      ハブ：Cognition<br>       最大リム幅：27.8mm<br>      スポーク長：F 222mm　R 236mm<br>      <br><br />    </td>  </tr>  <tr><td>  ZIPP NSWシリーズの雛形となる808NSWは、より大きな空力効率と安定性を手に入れるためにこれまで蓄積されてきたノウハウ全てをつぎ込んで開発された画期的なホイールセットです。 その効率はベンチマークの808 firecrestと比較して毎時3～4ワットを節約し、IronmanR-distance(180.25km)では時速40kmで推定90秒のアドバンテージを手に入れられます。 <br>ブレーキ面も改良が施されました。Showstopperと呼ばれるシリコンコーティングは気象条件や下りの長さに関係なく、比類なきストッピングパワーとコントロール性をもたらします。 <br>進化しているのはリムだけではありません。 <br>全てのNSWシリーズに搭載されるCOGNITIONハブセットは、ぺダリングを止めた際にラチェット機構を解放し、ハブシェルとフリーボディ間の抵抗を低減します。     </td>  </tr>      </table><br><br><img src=""http://www.rakuten.ne.jp/gold/mapsports-syuppin/spec/zipp/banner_01.jpg"" width=""100%"" border=""0"">  <br />  <br>ZIPP は、トライアスロンの歴史と共に、レース用カーボンホイールをつくり続けてきたアメリカのホイールメーカー。 風洞実験による科学的な裏付けと、レースでの実戦を積重ね、 レースパフォーマンスに大きく影響をあたえる、エアロ効果と筋肉疲労の軽減を実現しています。<br /><br />",ZIPP(ジップ) 808 NSW カーボン クリンチャー WHITE Impress シマノ用 11S リア用ホイール   【自転車】：クラウンギアーズ楽天市場店,ZIPP(ジップ) 808 NSW カーボン クリンチャー WHITE Impress シマノ用 11S リア用ホイール   【自転車】,ZIPP(ジップ) 808 NSW カーボン クリンチャー WHITE Impress シマノ用 11S リア用ホイール   【自転車】[rn]
17-152033,http://tshop.r10s.jp/mapsports-syuppin/cabinet/new_109/0710845780936_1.jpg?fitin=700:700,213488.0000,,スポーツ・アウトドア > 自転車・サイクリング > 自転車用パーツ > ホイール,ZIPP(ジップ) 808 NSW カーボン クリンチャー WHITE Impress カンパ用 11S リア用ホイール  【自転車】,,"<!--検索キーワード--><font color=""#FFFFFF"">(ZIPP　2017）（新品0131）</font><br><B>■状態：</B>新品<br><br><!--サイズ表記テーブル-->  <table  border=""0""cellspacing=""0""cellpadding=""0"">    <tr>     <td   colspan=""4""bgcolor=""#ffffff""><b>■バリエーション </b> </td>    </tr>  <tr>    <td width=""10"" bgcolor=""#afeeee"">&nbsp;</td>       <td width=""110"" bgcolor=""#afeeee"">フロント</td>    <td width=""110"" bgcolor=""#afeeee"">カンパ用 リア</td><td width=""110"" bgcolor=""#afeeee"">シマノ用 リア</td></tr></table><br><table width=""100%""border=""0""cellspacing=""0""cellpadding=""0"">      <tr><td><font size=2><b>■クリンチャーホイール</b><br><b>経済的でメンテナンス性に優れる規格</b><br>タイヤをリム内側の溝に引っ掛けて取り付けます。<br>タイヤとチューブが別々になっており、パンクした際、チューブの交換のみを行える為、経済的でメンテナンス性に優れています。<br>タイヤやチューブの種類も豊富に用意されているので自分にあったタイヤがみつけやすいのも特徴です。<br>最近はチューブラータイヤの走行性能に迫り、あるいは凌駕するようなクリンチャータイヤも開発されつつあり、ロードレースと違って個人での活動の多いトライアスロンの世界では、トップ選手の間でチューブラーからクリンチャーへスイッチする動きもあるようです。</font><br></td></tr></table><B>■スペック</B><BR><table border=""0""cellspacing=""0""cellpadding=""0""><tr><td bgcolor=""#ddd""width=""2""height=""2""colspan=""9""></td></tr><tr><td bgcolor=""#ddd""width=""2""></td><td width=""150""height=""30""><center>ホイール素材(ハブ)</center></td><td bgcolor=""#ddd""width=""2""></td><td width=""150""><center>ホイール素材(リム)</center></td><td bgcolor=""#ddd""width=""2""></td></tr><tr><td bgcolor=""#ddd""width=""2""height=""2""colspan=""5""></td></tr><tr><td bgcolor=""#ddd""></td><td height=""150""><br><center><img src=""https://image.rakuten.co.jp/mapsports-syuppin/cabinet/used07/carbon.jpg""border=""0""></center></td><td bgcolor=""#ddd""></td><td><br><center><img src=""https://image.rakuten.co.jp/mapsports-syuppin/cabinet/used07/carbon.jpg""border=""0""></center></td><td bgcolor=""#ddd""></td></tr><tr><td bgcolor=""#ddd""width=""1""height=""1""colspan=""9""></td></tr></table><br /><br /><table width=""100%""border=""0""cellspacing=""0""cellpadding=""0""><tr><td>  リム形状：クリンチャー<BR>        リム高： F 82mm R 82mm<BR>      重量：F 830g R 980g <br>      ハブ：Cognition<br>       最大リム幅：27.8mm<br>      スポーク長：F 222mm　R 236mm<br>      <br><br />    </td>  </tr>  <tr><td>  ZIPP NSWシリーズの雛形となる808NSWは、より大きな空力効率と安定性を手に入れるためにこれまで蓄積されてきたノウハウ全てをつぎ込んで開発された画期的なホイールセットです。 その効率はベンチマークの808 firecrestと比較して毎時3～4ワットを節約し、IronmanR-distance(180.25km)では時速40kmで推定90秒のアドバンテージを手に入れられます。 <br>ブレーキ面も改良が施されました。Showstopperと呼ばれるシリコンコーティングは気象条件や下りの長さに関係なく、比類なきストッピングパワーとコントロール性をもたらします。 <br>進化しているのはリムだけではありません。 <br>全てのNSWシリーズに搭載されるCOGNITIONハブセットは、ぺダリングを止めた際にラチェット機構を解放し、ハブシェルとフリーボディ間の抵抗を低減します。     </td>  </tr>      </table><br><br><img src=""http://www.rakuten.ne.jp/gold/mapsports-syuppin/spec/zipp/banner_01.jpg"" width=""100%"" border=""0"">  <br />  <br>ZIPP は、トライアスロンの歴史と共に、レース用カーボンホイールをつくり続けてきたアメリカのホイールメーカー。 風洞実験による科学的な裏付けと、レースでの実戦を積重ね、 レースパフォーマンスに大きく影響をあたえる、エアロ効果と筋肉疲労の軽減を実現しています。<br /><br />",ZIPP(ジップ) 808 NSW カーボン クリンチャー WHITE Impress カンパ用 11S リア用ホイール  【自転車】：クラウンギアーズ楽天市場店,ZIPP(ジップ) 808 NSW カーボン クリンチャー WHITE Impress カンパ用 11S リア用ホイール  【自転車】,ZIPP(ジップ) 808 NSW カーボン クリンチャー WHITE Impress カンパ用 11S リア用ホイール  【自転車】[rn]
17-152034,http://tshop.r10s.jp/mapsports-syuppin/cabinet/wheel/2999900018100_1.jpg?fitin=700:700,54432.0000,,スポーツ・アウトドア > 自転車・サイクリング > 自転車用パーツ > ホイール,EASTON EC70 SL クリンチャー ホイール フロントのみ　【自転車】【RCP】【05P30Nov14】,,"※本国取り寄せの為、納期が遅れる場合がございます。<br><br><font color=""#FF0000"">※商品の説明、その他詳細はPCサイトをご覧下さい。</font>",EASTON EC70 SL クリンチャー ホイール フロントのみ　【自転車】【RCP】【05P30Nov14】：クラウンギアーズ楽天市場店,EASTON EC70 SL クリンチャー ホイール フロントのみ　【自転車】【RCP】【05P30Nov14】,EASTON EC70 SL クリンチャー ホイール フロントのみ　【自転車】【RCP】【05P30Nov14】[rn]
17-152035,http://tshop.r10s.jp/mapsports-syuppin/cabinet/new_108/0710845765438_1.jpg?fitin=700:700,130376.0000,,スポーツ・アウトドア > 自転車・サイクリング > 自転車用パーツ > ホイール,ZIPP(ジップ) 303 チューブラー Disc ホワイトロゴ シマノ用 11S リア用ホイール  【自転車】,,"<!--検索キーワード--><font color=""#FFFFFF"">(ZIPP　2017）（新品0131）</font><br><B>■状態：</B>新品<br><br><!--サイズ表記テーブル-->  <table  border=""0"" cellspacing=""0"" cellpadding=""0"">    <tr>     <td   colspan=""4"" bgcolor=""#ffffff""><b>■バリエーション </b> </td>    </tr>  <tr>    <td width=""10""  bgcolor=""#afeeee"" >&nbsp;</td>       <td width=""110""  bgcolor=""#afeeee"" >フロント</td>    <td width=""110""  bgcolor=""#afeeee"" >カンパ用 リア</td><td width=""110""  bgcolor=""#afeeee"" >シマノ用 リア</td></tr></table><br><table width=""100%"" border=""0"" cellspacing=""0"" cellpadding=""0"">      <tr><td>  <font size=2><b>■チューブラーホイール</b><br><b>高い走行性能をもつ規格</b><br>タイヤの取り付け方法が""接着""か専用の""両面テープ""を使い取り付けをします。<br>チューブラーはタイヤとチューブが一体化しているため軽量かつ乗り心地がいいのが特徴です。<br>リムの形状が比較的簡単で軽量に作れるため多くのカーボンホイールがチューブラー規格で作られており、プロレース等で使用されるタイヤ/ホイールは、ほぼ""チューブラー規格""となっております。<br>タイヤ/チューブの断面が真円形であることによるコーナリング時の自然なグリップ感と振動吸収性など、根強い人気のある規格です。<br>  </font><br></td></tr></table><B>■スペック</B><BR><table border=""0"" cellspacing=""0"" cellpadding=""0"" ><tr><td bgcolor=""#ddd"" width=""2"" height=""2"" colspan=""9""></td></tr><tr><td bgcolor=""#ddd"" width=""2"" ></td><td width=""150"" height=""30""><center>ホイール素材(ハブ)</center></td><td bgcolor=""#ddd"" width=""2""></td><td width=""150""><center>ホイール素材(リム)</center></td><td bgcolor=""#ddd"" width=""2""></td></tr><tr><td bgcolor=""#ddd"" width=""2"" height=""2"" colspan=""5""></td></tr><tr><td bgcolor=""#ddd""></td><td height=""150""><br><center><img src=""https://image.rakuten.co.jp/mapsports-syuppin/cabinet/used07/carbon.jpg"" border=""0""></center></td><td bgcolor=""#ddd""></td><td><br><center><img src=""https://image.rakuten.co.jp/mapsports-syuppin/cabinet/used07/carbon.jpg"" border=""0""></center></td><td bgcolor=""#ddd""></td></tr><tr><td bgcolor=""#ddd"" width=""1"" height=""1"" colspan=""9""></td></tr></table><br /><br /><table width=""100%"" border=""0"" cellspacing=""0"" cellpadding=""0""><tr><td>      対応：10/11 S<br>  リム形状：チューブラー<BR>        リム高： F 45mm R 45mm<BR>        重量：F 640g R 760g <br>       ハブ：F 77D R 177D<br>       最大リム幅：28.5mm<br>      スポーク長：F 270mm　R 272mm<br>      <br><br />    </td>  </tr>     <tr><td>    世界のシーンで数々の勝利を収めた”303ディスクブレーキホイールセット”が、完全新設計 77/177Dハブの採用で更なる剛性、耐久性を獲得。 <br> さらにクイックレバーの形状を見直すことで、軽量化を果たすと共に使いやすさも向上。  <br>ツールフリーエンドキャップ交換式ハブは、キャップを入れ替えることで従来の9mmQRに加え、各種スルーアクスルにも対応。次世代フレームへのホイール装着を可能とした。  <br>ディスクブレーキ専用設計リムの採用は、バイクコントロールに影響の出やすいホイール外周部の軽量化を実現すると共に、ホイール全体の剛性バランスを整えることに成功。</td>  </tr></table><br><br><img src=""http://www.rakuten.ne.jp/gold/mapsports-syuppin/spec/zipp/banner_01.jpg"" width=""100%"" border=""0"">  <br />  <br>ZIPP は、トライアスロンの歴史と共に、レース用カーボンホイールをつくり続けてきたアメリカのホイールメーカー。 風洞実験による科学的な裏付けと、レースでの実戦を積重ね、 レースパフォーマンスに大きく影響をあたえる、エアロ効果と筋肉疲労の軽減を実現しています。<br /><br />",ZIPP(ジップ) 303 チューブラー Disc ホワイトロゴ シマノ用 11S リア用ホイール  【自転車】：クラウンギアーズ楽天市場店,ZIPP(ジップ) 303 チューブラー Disc ホワイトロゴ シマノ用 11S リア用ホイール  【自転車】,ZIPP(ジップ) 303 チューブラー Disc ホワイトロゴ シマノ用 11S リア用ホイール  【自転車】[rn]
17-152036,http://tshop.r10s.jp/mapsports-syuppin/cabinet/new_108/0710845774553_1.jpg?fitin=700:700,98840.0000,,スポーツ・アウトドア > 自転車・サイクリング > 自転車用パーツ > ホイール,ZIPP(ジップ) 202 チューブラー ホワイトロゴ フロント用ホイール  【自転車】,,"<!--検索キーワード--><font color=""#FFFFFF"">(ZIPP　2017）（新品0131）</font><br><B>■状態：</B>新品<br><br><!--サイズ表記テーブル-->  <table  border=""0"" cellspacing=""0"" cellpadding=""0"">    <tr>     <td   colspan=""4"" bgcolor=""#ffffff""><b>■バリエーション </b> </td>    </tr>  <tr>    <td width=""10""  bgcolor=""#afeeee"" >&nbsp;</td>       <td width=""110""  bgcolor=""#afeeee"" >フロント</td>    <td width=""110""  bgcolor=""#afeeee"" >カンパ用 リア</td><td width=""110""  bgcolor=""#afeeee"" >シマノ用 リア</td></tr></table><br><table width=""100%"" border=""0"" cellspacing=""0"" cellpadding=""0"">      <tr><td>  <font size=2><b>■チューブラーホイール</b><br><b>高い走行性能をもつ規格</b><br>タイヤの取り付け方法が""接着""か専用の""両面テープ""を使い取り付けをします。<br>チューブラーはタイヤとチューブが一体化しているため軽量かつ乗り心地がいいのが特徴です。<br>リムの形状が比較的簡単で軽量に作れるため多くのカーボンホイールがチューブラー規格で作られており、プロレース等で使用されるタイヤ/ホイールは、ほぼ""チューブラー規格""となっております。<br>タイヤ/チューブの断面が真円形であることによるコーナリング時の自然なグリップ感と振動吸収性など、根強い人気のある規格です。<br>  </font><br></td></tr></table><B>■スペック</B><BR><table border=""0"" cellspacing=""0"" cellpadding=""0"" ><tr><td bgcolor=""#ddd"" width=""2"" height=""2"" colspan=""9""></td></tr><tr><td bgcolor=""#ddd"" width=""2"" ></td><td width=""150"" height=""30""><center>ホイール素材(ハブ)</center></td><td bgcolor=""#ddd"" width=""2""></td><td width=""150""><center>ホイール素材(リム)</center></td><td bgcolor=""#ddd"" width=""2""></td></tr><tr><td bgcolor=""#ddd"" width=""2"" height=""2"" colspan=""5""></td></tr><tr><td bgcolor=""#ddd""></td><td height=""150""><br><center><img src=""https://image.rakuten.co.jp/mapsports-syuppin/cabinet/used07/carbon.jpg"" border=""0""></center></td><td bgcolor=""#ddd""></td><td><br><center><img src=""https://image.rakuten.co.jp/mapsports-syuppin/cabinet/used07/carbon.jpg"" border=""0""></center></td><td bgcolor=""#ddd""></td></tr><tr><td bgcolor=""#ddd"" width=""1"" height=""1"" colspan=""9""></td></tr></table><br /><br /><table width=""100%"" border=""0"" cellspacing=""0"" cellpadding=""0""><tr><td>    対応：10/11 S<br>      リム形状：チューブラー<BR>        リム高： F 32mm R 32mm<BR>        重量：F 510g R 670g <br>       ハブ：F 77　 R 177<br>       最大リム幅：22.61mm<br>      スポーク長：F 274mm　R 284mm<br>      <br><br />    </td>  </tr>     <tr><td>    レースで使える超軽量カーボンホイールの代名詞202。2015年のツール・ド・フランスでのAG2R LA MONDIALEの二つのステージ優勝にも貢献。<br /> 他社の50mmハイトのホイールを上回る空力性能を発揮するディンプル加工されたトロイダル形状のリムに、完全新設計77/177ハブの採用で更なる剛性、耐久性を獲得。 エルゴノミックデザインを取り入れたクイックレバーは、軽量化を果たすと共に使いやすさも向上。<br /> より広い用途での使用を考慮し、ワイドギアレンジ(10-42T)対応のXDドライバーボディー(別売)への交換も可能とする。 <br />バランスのとれた加速性能と高速巡航性能を持ち合わせる202は、ヒルクライムだけでなく加減速を繰り返す平地でのレースなどでもその実力を存分に発揮する。</td>  </tr></table><br><br><img src=""http://www.rakuten.ne.jp/gold/mapsports-syuppin/spec/zipp/banner_01.jpg"" width=""100%"" border=""0"">  <br />  <br>ZIPP は、トライアスロンの歴史と共に、レース用カーボンホイールをつくり続けてきたアメリカのホイールメーカー。 風洞実験による科学的な裏付けと、レースでの実戦を積重ね、 レースパフォーマンスに大きく影響をあたえる、エアロ効果と筋肉疲労の軽減を実現しています。<br /><br />",ZIPP(ジップ) 202 チューブラー ホワイトロゴ フロント用ホイール  【自転車】：クラウンギアーズ楽天市場店,ZIPP(ジップ) 202 チューブラー ホワイトロゴ フロント用ホイール  【自転車】,ZIPP(ジップ) 202 チューブラー ホワイトロゴ フロント用ホイール  【自転車】[rn]
17-152037,http://tshop.r10s.jp/mapsports-syuppin/cabinet/new_058/2999900018087_1.jpg?fitin=700:700,62208.0000,,スポーツ・アウトドア > 自転車・サイクリング > 自転車用パーツ > ホイール,EASTON (イーストン) EC70 SL クリンチャー ホイール リア シマノ10S用【自転車】【RCP】,【送料無料】,"<font color=""#FF0000"">※商品の説明、その他詳細はPCサイトをご覧下さい。</font>",EASTON (イーストン) EC70 SL クリンチャー ホイール リア シマノ10S用【自転車】【RCP】：クラウンギアーズ楽天市場店,EASTON (イーストン) EC70 SL クリンチャー ホイール リア シマノ10S用【自転車】【RCP】,【送料無料】。EASTON (イーストン) EC70 SL クリンチャー ホイール リア シマノ10S用【自転車】【RCP】[rn]
17-152038,http://tshop.r10s.jp/mapsports-syuppin/cabinet/new_109/0710845781841_1.jpg?fitin=700:700,201480.0000,,スポーツ・アウトドア > 自転車・サイクリング > 自転車用パーツ > ホイール,ZIPP(ジップ) 404 NSW カーボン クリンチャー WHITE Impress カンパ用 11S リア用ホイール  【自転車】,,"<!--検索キーワード--><font color=""#FFFFFF"">(ZIPP　2017）（新品0131）</font><br><B>■状態：</B>新品<br><br><!--サイズ表記テーブル-->  <table  border=""0""cellspacing=""0""cellpadding=""0"">    <tr>     <td   colspan=""4""bgcolor=""#ffffff""><b>■バリエーション </b> </td>    </tr>  <tr>    <td width=""10"" bgcolor=""#afeeee"">&nbsp;</td>       <td width=""110"" bgcolor=""#afeeee"">フロント</td>    <td width=""110"" bgcolor=""#afeeee"">カンパ用 リア</td><td width=""110"" bgcolor=""#afeeee"">シマノ用 リア</td></tr></table><br><table width=""100%""border=""0""cellspacing=""0""cellpadding=""0"">      <tr><td><font size=2><b>■クリンチャーホイール</b><br><b>経済的でメンテナンス性に優れる規格</b><br>タイヤをリム内側の溝に引っ掛けて取り付けます。<br>タイヤとチューブが別々になっており、パンクした際、チューブの交換のみを行える為、経済的でメンテナンス性に優れています。<br>タイヤやチューブの種類も豊富に用意されているので自分にあったタイヤがみつけやすいのも特徴です。<br>最近はチューブラータイヤの走行性能に迫り、あるいは凌駕するようなクリンチャータイヤも開発されつつあり、ロードレースと違って個人での活動の多いトライアスロンの世界では、トップ選手の間でチューブラーからクリンチャーへスイッチする動きもあるようです。</font><br></td></tr></table><B>■スペック</B><BR><table border=""0""cellspacing=""0""cellpadding=""0""><tr><td bgcolor=""#ddd""width=""2""height=""2""colspan=""9""></td></tr><tr><td bgcolor=""#ddd""width=""2""></td><td width=""150""height=""30""><center>ホイール素材(ハブ)</center></td><td bgcolor=""#ddd""width=""2""></td><td width=""150""><center>ホイール素材(リム)</center></td><td bgcolor=""#ddd""width=""2""></td></tr><tr><td bgcolor=""#ddd""width=""2""height=""2""colspan=""5""></td></tr><tr><td bgcolor=""#ddd""></td><td height=""150""><br><center><img src=""https://image.rakuten.co.jp/mapsports-syuppin/cabinet/used07/carbon.jpg""border=""0""></center></td><td bgcolor=""#ddd""></td><td><br><center><img src=""https://image.rakuten.co.jp/mapsports-syuppin/cabinet/used07/carbon.jpg""border=""0""></center></td><td bgcolor=""#ddd""></td></tr><tr><td bgcolor=""#ddd""width=""1""height=""1""colspan=""9""></td></tr></table><br /><br /><table width=""100%""border=""0""cellspacing=""0""cellpadding=""0""><tr><td>  リム形状：クリンチャー<BR>        リム高： F 58mm R 58mm<BR>      重量：F 705g R 850g <br>      ハブ：Cognition<br>       最大リム幅：27.8mm<br>      スポーク長：F 246mm　R 256mm<br>      <br><br />    </td>  </tr>    <tr><td>    808NSWの成功に続き、ZIPPのエンジニアは最も人気の高い404シリーズにも卓越した空力性能をもつNSWを追加しました。 <br>もちろんただ単に808NSWのリムハイトを低くしたわけではありません。58mmハイトで最も良い効率を模索するべくCFD解析と風洞実験を繰り返し行い開発されました。 404NSWはその軽さと、空力性能、剛性から使用する場所を選びません。 <br>ヒルクライムでもトライアスロンでも、また春のクラシックでも使用できるように設計されています。 <br>ブレーキ面もShowstopperと呼ばれるシリコンコーティングは気象条件や下りの長さに関係なく、比類なきストッピングパワーとコントロール性をもたらします。 <br>全てのNSWシリーズに搭載されるCOGNITIONハブセットは、ぺダリングを止めた際にラチェット機構を解放し、ハブシェルとフリーボディ間の抵抗を低減します。    </td>  </tr>     </table><br><br><img src=""http://www.rakuten.ne.jp/gold/mapsports-syuppin/spec/zipp/banner_01.jpg"" width=""100%"" border=""0"">  <br />  <br>ZIPP は、トライアスロンの歴史と共に、レース用カーボンホイールをつくり続けてきたアメリカのホイールメーカー。 風洞実験による科学的な裏付けと、レースでの実戦を積重ね、 レースパフォーマンスに大きく影響をあたえる、エアロ効果と筋肉疲労の軽減を実現しています。<br /><br />",ZIPP(ジップ) 404 NSW カーボン クリンチャー WHITE Impress カンパ用 11S リア用ホイール  【自転車】：クラウンギアーズ楽天市場店,ZIPP(ジップ) 404 NSW カーボン クリンチャー WHITE Impress カンパ用 11S リア用ホイール  【自転車】,ZIPP(ジップ) 404 NSW カーボン クリンチャー WHITE Impress カンパ用 11S リア用ホイール  【自転車】[rn]
17-152039,http://tshop.r10s.jp/mapsports-syuppin/cabinet/new_058/2999900033509_1.jpg?fitin=700:700,62208.0000,,スポーツ・アウトドア > 自転車・サイクリング > 自転車用パーツ > ホイール,EASTON (イーストン) EC70 SL クリンチャー ホイール リア シマノ11S用【自転車】【RCP】,【送料無料】,"<font color=""#FF0000"">※商品の説明、その他詳細はPCサイトをご覧下さい。</font>",EASTON (イーストン) EC70 SL クリンチャー ホイール リア シマノ11S用【自転車】【RCP】：クラウンギアーズ楽天市場店,EASTON (イーストン) EC70 SL クリンチャー ホイール リア シマノ11S用【自転車】【RCP】,【送料無料】。EASTON (イーストン) EC70 SL クリンチャー ホイール リア シマノ11S用【自転車】【RCP】[rn]
17-152040,http://tshop.r10s.jp/mapsports-syuppin/cabinet/new_108/0710845774072_1.jpg?fitin=700:700,124496.0000,,スポーツ・アウトドア > 自転車・サイクリング > 自転車用パーツ > ホイール,ZIPP(ジップ) 303 Firecrest ファイアクレスト カーボン クリンチャー ホワイトロゴ シマノ用 11S リア用ホイール  【自転車】,,"<!--検索キーワード--><font color=""#FFFFFF"">(ZIPP　2017）（新品0131）</font><br><B>■状態：</B>新品<br><br><!--サイズ表記テーブル-->  <table  border=""0"" cellspacing=""0"" cellpadding=""0"">    <tr>     <td   colspan=""4"" bgcolor=""#ffffff""><b>■バリエーション </b> </td>    </tr>  <tr>    <td width=""10""  bgcolor=""#afeeee"" >&nbsp;</td>       <td width=""110""  bgcolor=""#afeeee"" >フロント</td>    <td width=""110""  bgcolor=""#afeeee"" >カンパ用 リア</td><td width=""110""  bgcolor=""#afeeee"" >シマノ用 リア</td></tr></table><br><table width=""100%"" border=""0"" cellspacing=""0"" cellpadding=""0"">      <tr><td><font size=2><b>■クリンチャーホイール</b><br><b>経済的でメンテナンス性に優れる規格</b><br>タイヤをリム内側の溝に引っ掛けて取り付けます。<br>タイヤとチューブが別々になっており、パンクした際、チューブの交換のみを行える為、経済的でメンテナンス性に優れています。<br>タイヤやチューブの種類も豊富に用意されているので自分にあったタイヤがみつけやすいのも特徴です。<br>最近はチューブラータイヤの走行性能に迫り、あるいは凌駕するようなクリンチャータイヤも開発されつつあり、ロードレースと違って個人での活動の多いトライアスロンの世界では、トップ選手の間でチューブラーからクリンチャーへスイッチする動きもあるようです。</font><br></td></tr></table><B>■スペック</B><BR><table border=""0"" cellspacing=""0"" cellpadding=""0"" ><tr><td bgcolor=""#ddd"" width=""2"" height=""2"" colspan=""9""></td></tr><tr><td bgcolor=""#ddd"" width=""2"" ></td><td width=""150"" height=""30""><center>ホイール素材(ハブ)</center></td><td bgcolor=""#ddd"" width=""2""></td><td width=""150""><center>ホイール素材(リム)</center></td><td bgcolor=""#ddd"" width=""2""></td></tr><tr><td bgcolor=""#ddd"" width=""2"" height=""2"" colspan=""5""></td></tr><tr><td bgcolor=""#ddd""></td><td height=""150""><br><center><img src=""https://image.rakuten.co.jp/mapsports-syuppin/cabinet/used07/carbon.jpg"" border=""0""></center></td><td bgcolor=""#ddd""></td><td><br><center><img src=""https://image.rakuten.co.jp/mapsports-syuppin/cabinet/used07/carbon.jpg"" border=""0""></center></td><td bgcolor=""#ddd""></td></tr><tr><td bgcolor=""#ddd"" width=""1"" height=""1"" colspan=""9""></td></tr></table><br /><br /><table width=""100%"" border=""0"" cellspacing=""0"" cellpadding=""0""><tr><td>    対応：10/11 S<br>      リム形状：クリンチャー<BR>        リム高： F 45mm R 45mm<BR>        重量：F 725g R 900g <br>       ハブ：F 77　 R 177<br>       最大リム幅：28.50mm<br>      スポーク長：F 260mm　R 272mm<br>      最大空気圧：125psi/8.62bars <br>      <br><br />    </td>  </tr>     <tr><td>    ZIPP303カーボンクリンチャーホイールは、パリ～ルーベ、ツール・ド・フランドルでカーボンホイールとして初めて勝利を収めたZIPP303ホイールの空力特性、剛性等を保持しつつ、クリンチャーの利便性を加え、勾配を登ることにも十分な軽さを有する。　<br /> 完全新設計77/177ハブとSapimR CX Sprintスポークの採用で更なる剛性、耐久性を獲得。 エルゴノミックデザインを取り入れたクイックレバーは、軽量化を果たすと共に使いやすさも向上。 <br />より広い用途での使用を考慮し、ワイドギアレンジ(10-42T)対応のXDドライバーボディー(別売)への交換も可能とする。</td>  </tr></table><br><br><img src=""http://www.rakuten.ne.jp/gold/mapsports-syuppin/spec/zipp/banner_01.jpg"" width=""100%"" border=""0"">  <br />  <br>ZIPP は、トライアスロンの歴史と共に、レース用カーボンホイールをつくり続けてきたアメリカのホイールメーカー。 風洞実験による科学的な裏付けと、レースでの実戦を積重ね、 レースパフォーマンスに大きく影響をあたえる、エアロ効果と筋肉疲労の軽減を実現しています。<br /><br />",ZIPP(ジップ) 303 Firecrest ファイアクレスト カーボン クリンチャー ホワイトロゴ シマノ用 11S リア用ホイール  【自転車】：クラウンギアーズ楽天市場店,ZIPP(ジップ) 303 Firecrest ファイアクレスト カーボン クリンチャー ホワイトロゴ シマノ用 11S リア用ホイール  【自転車】,ZIPP(ジップ) 303 Firecrest ファイアクレスト カーボン クリンチャー ホワイトロゴ シマノ用 11S リア用ホイール  【自転車】[rn]
17-152041,http://tshop.r10s.jp/mapsports-syuppin/cabinet/new_059/2999900018094_1.jpg?fitin=700:700,62208.0000,,スポーツ・アウトドア > 自転車・サイクリング > 自転車用パーツ > ホイール,EASTON (イーストン) EC70 SL クリンチャー ホイール リア カンパニョーロ用【自転車】【RCP】,【送料無料】,"<font color=""#FF0000"">※商品の説明、その他詳細はPCサイトをご覧下さい。</font>",EASTON (イーストン) EC70 SL クリンチャー ホイール リア カンパニョーロ用【自転車】【RCP】：クラウンギアーズ楽天市場店,EASTON (イーストン) EC70 SL クリンチャー ホイール リア カンパニョーロ用【自転車】【RCP】,【送料無料】。EASTON (イーストン) EC70 SL クリンチャー ホイール リア カンパニョーロ用【自転車】【RCP】[rn]
17-152042,http://tshop.r10s.jp/mapsports-syuppin/cabinet/new_109/0710845781827_1.jpg?fitin=700:700,156464.0000,,スポーツ・アウトドア > 自転車・サイクリング > 自転車用パーツ > ホイール,ZIPP(ジップ) 404 NSW カーボン クリンチャー WHITE Impress フロント用ホイール  【自転車】,,"<!--検索キーワード--><font color=""#FFFFFF"">(ZIPP　2017）（新品0131）</font><br><B>■状態：</B>新品<br><br><!--サイズ表記テーブル-->  <table  border=""0""cellspacing=""0""cellpadding=""0"">    <tr>     <td   colspan=""4""bgcolor=""#ffffff""><b>■バリエーション </b> </td>    </tr>  <tr>    <td width=""10"" bgcolor=""#afeeee"">&nbsp;</td>       <td width=""110"" bgcolor=""#afeeee"">フロント</td>    <td width=""110"" bgcolor=""#afeeee"">カンパ用 リア</td><td width=""110"" bgcolor=""#afeeee"">シマノ用 リア</td></tr></table><br><table width=""100%""border=""0""cellspacing=""0""cellpadding=""0"">      <tr><td><font size=2><b>■クリンチャーホイール</b><br><b>経済的でメンテナンス性に優れる規格</b><br>タイヤをリム内側の溝に引っ掛けて取り付けます。<br>タイヤとチューブが別々になっており、パンクした際、チューブの交換のみを行える為、経済的でメンテナンス性に優れています。<br>タイヤやチューブの種類も豊富に用意されているので自分にあったタイヤがみつけやすいのも特徴です。<br>最近はチューブラータイヤの走行性能に迫り、あるいは凌駕するようなクリンチャータイヤも開発されつつあり、ロードレースと違って個人での活動の多いトライアスロンの世界では、トップ選手の間でチューブラーからクリンチャーへスイッチする動きもあるようです。</font><br></td></tr></table><B>■スペック</B><BR><table border=""0""cellspacing=""0""cellpadding=""0""><tr><td bgcolor=""#ddd""width=""2""height=""2""colspan=""9""></td></tr><tr><td bgcolor=""#ddd""width=""2""></td><td width=""150""height=""30""><center>ホイール素材(ハブ)</center></td><td bgcolor=""#ddd""width=""2""></td><td width=""150""><center>ホイール素材(リム)</center></td><td bgcolor=""#ddd""width=""2""></td></tr><tr><td bgcolor=""#ddd""width=""2""height=""2""colspan=""5""></td></tr><tr><td bgcolor=""#ddd""></td><td height=""150""><br><center><img src=""https://image.rakuten.co.jp/mapsports-syuppin/cabinet/used07/carbon.jpg""border=""0""></center></td><td bgcolor=""#ddd""></td><td><br><center><img src=""https://image.rakuten.co.jp/mapsports-syuppin/cabinet/used07/carbon.jpg""border=""0""></center></td><td bgcolor=""#ddd""></td></tr><tr><td bgcolor=""#ddd""width=""1""height=""1""colspan=""9""></td></tr></table><br /><br /><table width=""100%""border=""0""cellspacing=""0""cellpadding=""0""><tr><td>  リム形状：クリンチャー<BR>        リム高： F 58mm R 58mm<BR>      重量：F 705g R 850g <br>      ハブ：Cognition<br>       最大リム幅：27.8mm<br>      スポーク長：F 246mm　R 256mm<br>      <br><br />    </td>  </tr>    <tr><td>    808NSWの成功に続き、ZIPPのエンジニアは最も人気の高い404シリーズにも卓越した空力性能をもつNSWを追加しました。 <br>もちろんただ単に808NSWのリムハイトを低くしたわけではありません。58mmハイトで最も良い効率を模索するべくCFD解析と風洞実験を繰り返し行い開発されました。 404NSWはその軽さと、空力性能、剛性から使用する場所を選びません。 <br>ヒルクライムでもトライアスロンでも、また春のクラシックでも使用できるように設計されています。 <br>ブレーキ面もShowstopperと呼ばれるシリコンコーティングは気象条件や下りの長さに関係なく、比類なきストッピングパワーとコントロール性をもたらします。 <br>全てのNSWシリーズに搭載されるCOGNITIONハブセットは、ぺダリングを止めた際にラチェット機構を解放し、ハブシェルとフリーボディ間の抵抗を低減します。    </td>  </tr>     </table><br><br><img src=""http://www.rakuten.ne.jp/gold/mapsports-syuppin/spec/zipp/banner_01.jpg"" width=""100%"" border=""0"">  <br />  <br>ZIPP は、トライアスロンの歴史と共に、レース用カーボンホイールをつくり続けてきたアメリカのホイールメーカー。 風洞実験による科学的な裏付けと、レースでの実戦を積重ね、 レースパフォーマンスに大きく影響をあたえる、エアロ効果と筋肉疲労の軽減を実現しています。<br /><br />",ZIPP(ジップ) 404 NSW カーボン クリンチャー WHITE Impress フロント用ホイール  【自転車】：クラウンギアーズ楽天市場店,ZIPP(ジップ) 404 NSW カーボン クリンチャー WHITE Impress フロント用ホイール  【自転車】,ZIPP(ジップ) 404 NSW カーボン クリンチャー WHITE Impress フロント用ホイール  【自転車】[rn]
17-152043,http://tshop.r10s.jp/mapsports-syuppin/cabinet/new_059/2999900018070_1.jpg?fitin=700:700,62208.0000,,スポーツ・アウトドア > 自転車・サイクリング > 自転車用パーツ > ホイール,EASTON (イーストン) EC70 SL クリンチャー ホイール リア スラム用【自転車】【RCP】,【送料無料】,"<font color=""#FF0000"">※商品の説明、その他詳細はPCサイトをご覧下さい。</font>",EASTON (イーストン) EC70 SL クリンチャー ホイール リア スラム用【自転車】【RCP】：クラウンギアーズ楽天市場店,EASTON (イーストン) EC70 SL クリンチャー ホイール リア スラム用【自転車】【RCP】,【送料無料】。EASTON (イーストン) EC70 SL クリンチャー ホイール リア スラム用【自転車】【RCP】[rn]
17-152044,http://tshop.r10s.jp/mapsports-syuppin/cabinet/new_109/0710845784354_1.jpg?fitin=700:700,135384.0000,,スポーツ・アウトドア > 自転車・サイクリング > 自転車用パーツ > ホイール,ZIPP(ジップ) 404 Firecrest ファイアクレスト カーボン クリンチャー Disc ホワイトロゴ シマノ用 11S リア用ホイール  【自転車】,,"<!--検索キーワード--><font color=""#FFFFFF"">(ZIPP　2017）（新品0131）</font><br><B>■状態：</B>新品<br><br><!--サイズ表記テーブル-->  <table  border=""0"" cellspacing=""0"" cellpadding=""0"">    <tr>     <td   colspan=""4"" bgcolor=""#ffffff""><b>■バリエーション </b> </td>    </tr>  <tr>    <td width=""10""  bgcolor=""#afeeee"" >&nbsp;</td>       <td width=""110""  bgcolor=""#afeeee"" >フロント</td>    <td width=""110""  bgcolor=""#afeeee"" >カンパ用 リア</td><td width=""110""  bgcolor=""#afeeee"" >シマノ用 リア</td></tr></table><br><table width=""100%"" border=""0"" cellspacing=""0"" cellpadding=""0"">      <tr><td><font size=2><b>■クリンチャーホイール</b><br><b>経済的でメンテナンス性に優れる規格</b><br>タイヤをリム内側の溝に引っ掛けて取り付けます。<br>タイヤとチューブが別々になっており、パンクした際、チューブの交換のみを行える為、経済的でメンテナンス性に優れています。<br>タイヤやチューブの種類も豊富に用意されているので自分にあったタイヤがみつけやすいのも特徴です。<br>最近はチューブラータイヤの走行性能に迫り、あるいは凌駕するようなクリンチャータイヤも開発されつつあり、ロードレースと違って個人での活動の多いトライアスロンの世界では、トップ選手の間でチューブラーからクリンチャーへスイッチする動きもあるようです。</font><br></td></tr></table><B>■スペック</B><BR><table border=""0"" cellspacing=""0"" cellpadding=""0"" ><tr><td bgcolor=""#ddd"" width=""2"" height=""2"" colspan=""9""></td></tr><tr><td bgcolor=""#ddd"" width=""2"" ></td><td width=""150"" height=""30""><center>ホイール素材(ハブ)</center></td><td bgcolor=""#ddd"" width=""2""></td><td width=""150""><center>ホイール素材(リム)</center></td><td bgcolor=""#ddd"" width=""2""></td></tr><tr><td bgcolor=""#ddd"" width=""2"" height=""2"" colspan=""5""></td></tr><tr><td bgcolor=""#ddd""></td><td height=""150""><br><center><img src=""https://image.rakuten.co.jp/mapsports-syuppin/cabinet/used07/carbon.jpg"" border=""0""></center></td><td bgcolor=""#ddd""></td><td><br><center><img src=""https://image.rakuten.co.jp/mapsports-syuppin/cabinet/used07/carbon.jpg"" border=""0""></center></td><td bgcolor=""#ddd""></td></tr><tr><td bgcolor=""#ddd"" width=""1"" height=""1"" colspan=""9""></td></tr></table><br /><br /><table width=""100%"" border=""0"" cellspacing=""0"" cellpadding=""0""><tr><td>  リム形状：クリンチャー<BR>        リム高： F 58mm R 58mm<BR>        重量：F 800g R 915g <br>       ハブ：F 77D R 177D<br>       最大リム幅：26.53mm<br>      スポーク長：F 260mm　R 260mm<br>      <br><br />    </td>  </tr>     </table><br><br><img src=""http://www.rakuten.ne.jp/gold/mapsports-syuppin/spec/zipp/banner_01.jpg"" width=""100%"" border=""0"">  <br />  <br>ZIPP は、トライアスロンの歴史と共に、レース用カーボンホイールをつくり続けてきたアメリカのホイールメーカー。 風洞実験による科学的な裏付けと、レースでの実戦を積重ね、 レースパフォーマンスに大きく影響をあたえる、エアロ効果と筋肉疲労の軽減を実現しています。<br /><br />",ZIPP(ジップ) 404 Firecrest ファイアクレスト カーボン クリンチャー Disc ホワイトロゴ シマノ用 11S リア用ホイール  【自転車】：クラウンギアーズ楽天市場店,ZIPP(ジップ) 404 Firecrest ファイアクレスト カーボン クリンチャー Disc ホワイトロゴ シマノ用 11S リア用ホイール  【自転車】,ZIPP(ジップ) 404 Firecrest ファイアクレスト カーボン クリンチャー Disc ホワイトロゴ シマノ用 11S リア用ホイール  【自転車】[rn]
17-152045,http://tshop.r10s.jp/mapsports-syuppin/cabinet/new_105/2717002579387_1.jpg?fitin=700:700,286400.0000,,スポーツ・アウトドア > 自転車・サイクリング > 自転車用パーツ > ホイール,ENVE (エンヴィ) SES3.4 スマートエンヴィシステム3.4 Chrisking Ceramic BLUEハブ シマノ用11S ホイールセット 【自転車】,,"<font size=2><b>■ENVE (エンヴィ)</b><br />
エンヴィはエッジ・コンポジットという社名で2008年にスタート。他社の自転 車メーカーと比べると、比較的新しいアメリカンブランドです。<br />
ヨーロッパでの商標問題を理由に2010年9月に社名をエンヴィに変更しています。 メインとなる商品はカーボンリムの他、フォーク、ステム、ハンドル、ピラー をラインナップしており、フレームビルダー向けにフレーム用のカスタムチュ ーブなども作っている。<br />

エンヴィ社の強みは、優秀な技術陣と彼らが持つ高い技術力。<br />
自転車業界のトップブランドで設計を担当していた者が多く在籍しているため、 カーボン素材やその製造法についての豊富な知識を備えています。<br />

ダウンヒルで過酷な使い方をするパーツ・クラッシャーたちも、「エンヴィだ けは大丈夫！」と太鼓判を押すほどに、高い評価を得たブランドです。 </font> <br>
<br>
<font size=2><b>■チューブラーホイール</b><br>
<b>高い走行性能をもつ規格</b><br>
タイヤの取り付け方法が""接着""か専用の""両面テープ""を使 い取り付けをします。<br>
チューブラーはタイヤとチューブが一体化しているため軽 量かつ乗り心地がいいのが特徴です。<br>
リムの形状が比較的簡単で軽量に作れるため多くのカーボ ンホイールがチューブラー規格で作られており、プロレー ス等で使用されるタイヤ/ホイールは、ほぼ""チューブラー 規格""となっております。<br>
タイヤ/チューブの断面が真円形であることによるコーナ リング時の自然なグリップ感と振動吸収性など、根強い人 気のある規格です。 </font> <br><br>
<br>
<font size=2><B>■スペック</B>
<BR>

        ・ホイール素材(ハブ)：セラミック<br>
     
        ・ホイール素材(リム)：カーボン<br>
     
<br />
状態：良上品<br>
        フリーボディ：シマノ11S<br>
        サイズ：700C<BR>
        リム形状：チューブラー<BR>
        リム高： F 35mm R 45mm<BR>
        重量(Qナシ)：F 570g R 735g<br>
        <b>付属品：ホイールバッグ</b><br />
        <font color=""#FF0000""><b>欠品：F＆Rクイックリリース</b></font> </font>
<br>
<br>
<br>
<br>",ENVE (エンヴィ) SES3.4 スマートエンヴィシステム3.4 Chrisking Ceramic BLUEハブ シマノ用11S ホイールセット 【自転車】：クラウンギアーズ楽天市場店,ENVE (エンヴィ) SES3.4 スマートエンヴィシステム3.4 Chrisking Ceramic BLUEハブ シマノ用11S ホイールセット 【自転車】,ENVE (エンヴィ) SES3.4 スマートエンヴィシステム3.4 Chrisking Ceramic BLUEハブ シマノ用11S ホイールセット 【自転車】[rn]
17-152046,http://tshop.r10s.jp/mapsports-syuppin/cabinet/new_108/0710845774645_1.jpg?fitin=700:700,120440.0000,,スポーツ・アウトドア > 自転車・サイクリング > 自転車用パーツ > ホイール,ZIPP(ジップ) 202 チューブラー ホワイトロゴ カンパ用 11S リア用ホイール  【自転車】,,"<!--検索キーワード--><font color=""#FFFFFF"">(ZIPP　2017）（新品0131）</font><br><B>■状態：</B>新品<br><br><!--サイズ表記テーブル-->  <table  border=""0"" cellspacing=""0"" cellpadding=""0"">    <tr>     <td   colspan=""4"" bgcolor=""#ffffff""><b>■バリエーション </b> </td>    </tr>  <tr>    <td width=""10""  bgcolor=""#afeeee"" >&nbsp;</td>       <td width=""110""  bgcolor=""#afeeee"" >フロント</td>    <td width=""110""  bgcolor=""#afeeee"" >カンパ用 リア</td><td width=""110""  bgcolor=""#afeeee"" >シマノ用 リア</td></tr></table><br><table width=""100%"" border=""0"" cellspacing=""0"" cellpadding=""0"">      <tr><td>  <font size=2><b>■チューブラーホイール</b><br><b>高い走行性能をもつ規格</b><br>タイヤの取り付け方法が""接着""か専用の""両面テープ""を使い取り付けをします。<br>チューブラーはタイヤとチューブが一体化しているため軽量かつ乗り心地がいいのが特徴です。<br>リムの形状が比較的簡単で軽量に作れるため多くのカーボンホイールがチューブラー規格で作られており、プロレース等で使用されるタイヤ/ホイールは、ほぼ""チューブラー規格""となっております。<br>タイヤ/チューブの断面が真円形であることによるコーナリング時の自然なグリップ感と振動吸収性など、根強い人気のある規格です。<br>  </font><br></td></tr></table><B>■スペック</B><BR><table border=""0"" cellspacing=""0"" cellpadding=""0"" ><tr><td bgcolor=""#ddd"" width=""2"" height=""2"" colspan=""9""></td></tr><tr><td bgcolor=""#ddd"" width=""2"" ></td><td width=""150"" height=""30""><center>ホイール素材(ハブ)</center></td><td bgcolor=""#ddd"" width=""2""></td><td width=""150""><center>ホイール素材(リム)</center></td><td bgcolor=""#ddd"" width=""2""></td></tr><tr><td bgcolor=""#ddd"" width=""2"" height=""2"" colspan=""5""></td></tr><tr><td bgcolor=""#ddd""></td><td height=""150""><br><center><img src=""https://image.rakuten.co.jp/mapsports-syuppin/cabinet/used07/carbon.jpg"" border=""0""></center></td><td bgcolor=""#ddd""></td><td><br><center><img src=""https://image.rakuten.co.jp/mapsports-syuppin/cabinet/used07/carbon.jpg"" border=""0""></center></td><td bgcolor=""#ddd""></td></tr><tr><td bgcolor=""#ddd"" width=""1"" height=""1"" colspan=""9""></td></tr></table><br /><br /><table width=""100%"" border=""0"" cellspacing=""0"" cellpadding=""0""><tr><td>    対応：10/11 S<br>      リム形状：チューブラー<BR>        リム高： F 32mm R 32mm<BR>        重量：F 510g R 670g <br>       ハブ：F 77　 R 177<br>       最大リム幅：22.61mm<br>      スポーク長：F 274mm　R 284mm<br>      <br><br />    </td>  </tr>     <tr><td>    レースで使える超軽量カーボンホイールの代名詞202。2015年のツール・ド・フランスでのAG2R LA MONDIALEの二つのステージ優勝にも貢献。<br /> 他社の50mmハイトのホイールを上回る空力性能を発揮するディンプル加工されたトロイダル形状のリムに、完全新設計77/177ハブの採用で更なる剛性、耐久性を獲得。 エルゴノミックデザインを取り入れたクイックレバーは、軽量化を果たすと共に使いやすさも向上。<br /> より広い用途での使用を考慮し、ワイドギアレンジ(10-42T)対応のXDドライバーボディー(別売)への交換も可能とする。 <br />バランスのとれた加速性能と高速巡航性能を持ち合わせる202は、ヒルクライムだけでなく加減速を繰り返す平地でのレースなどでもその実力を存分に発揮する。</td>  </tr></table><br><br><img src=""http://www.rakuten.ne.jp/gold/mapsports-syuppin/spec/zipp/banner_01.jpg"" width=""100%"" border=""0"">  <br />  <br>ZIPP は、トライアスロンの歴史と共に、レース用カーボンホイールをつくり続けてきたアメリカのホイールメーカー。 風洞実験による科学的な裏付けと、レースでの実戦を積重ね、 レースパフォーマンスに大きく影響をあたえる、エアロ効果と筋肉疲労の軽減を実現しています。<br /><br />",ZIPP(ジップ) 202 チューブラー ホワイトロゴ カンパ用 11S リア用ホイール  【自転車】：クラウンギアーズ楽天市場店,ZIPP(ジップ) 202 チューブラー ホワイトロゴ カンパ用 11S リア用ホイール  【自転車】,ZIPP(ジップ) 202 チューブラー ホワイトロゴ カンパ用 11S リア用ホイール  【自転車】[rn]
17-152047,http://tshop.r10s.jp/mapsports-syuppin/cabinet/new01/2999900059691_1.jpg?fitin=700:700,27993.6000,,スポーツ・アウトドア > 自転車・サイクリング > 自転車用パーツ > ホイール,REYNOLDS(レイノルズ) STRATUS ELITE 2014モデル ホイールセット クリンチャー シマノ用 74731 【自転車】【RCP】【05P30Nov14】,,"<font color=""#FF0000"">※商品の説明、その他詳細はPCサイトをご覧下さい。</font>",REYNOLDS(レイノルズ) STRATUS ELITE 2014モデル ホイールセット クリンチャー シマノ用 74731 【自転車】【RCP】【05P30Nov14】：クラウンギアーズ楽天市場店,REYNOLDS(レイノルズ) STRATUS ELITE 2014モデル ホイールセット クリンチャー シマノ用 74731 【自転車】【RCP】【05P30Nov14】,REYNOLDS(レイノルズ) STRATUS ELITE 2014モデル ホイールセット クリンチャー シマノ用 74731 【自転車】【RCP】【05P30Nov14】[rn]
17-152048,http://tshop.r10s.jp/mapsports-syuppin/cabinet/new_108/0710845773662_1.jpg?fitin=700:700,120440.0000,,スポーツ・アウトドア > 自転車・サイクリング > 自転車用パーツ > ホイール,ZIPP(ジップ) 404 Firecrest ファイアクレスト チューブラー ホワイトロゴ カンパ用 リア用ホイール   【自転車】,,"<!--検索キーワード--><font color=""#FFFFFF"">(ZIPP　2017）（新品0131）</font><br><B>■状態：</B>新品<br><br><!--サイズ表記テーブル-->  <table  border=""0"" cellspacing=""0"" cellpadding=""0"">    <tr>     <td   colspan=""4"" bgcolor=""#ffffff""><b>■バリエーション </b> </td>    </tr>  <tr>    <td width=""10""  bgcolor=""#afeeee"" >&nbsp;</td>       <td width=""110""  bgcolor=""#afeeee"" >フロント</td>    <td width=""110""  bgcolor=""#afeeee"" >カンパ用 リア</td><td width=""110""  bgcolor=""#afeeee"" >シマノ用 リア</td></tr></table><br><table width=""100%"" border=""0"" cellspacing=""0"" cellpadding=""0"">      <tr><td>  <font size=2><b>■チューブラーホイール</b><br><b>高い走行性能をもつ規格</b><br>タイヤの取り付け方法が""接着""か専用の""両面テープ""を使い取り付けをします。<br>チューブラーはタイヤとチューブが一体化しているため軽量かつ乗り心地がいいのが特徴です。<br>リムの形状が比較的簡単で軽量に作れるため多くのカーボンホイールがチューブラー規格で作られており、プロレース等で使用されるタイヤ/ホイールは、ほぼ""チューブラー規格""となっております。<br>タイヤ/チューブの断面が真円形であることによるコーナリング時の自然なグリップ感と振動吸収性など、根強い人気のある規格です。<br>  </font><br></td></tr></table><B>■スペック</B><BR><table border=""0"" cellspacing=""0"" cellpadding=""0"" ><tr><td bgcolor=""#ddd"" width=""2"" height=""2"" colspan=""9""></td></tr><tr><td bgcolor=""#ddd"" width=""2"" ></td><td width=""150"" height=""30""><center>ホイール素材(ハブ)</center></td><td bgcolor=""#ddd"" width=""2""></td><td width=""150""><center>ホイール素材(リム)</center></td><td bgcolor=""#ddd"" width=""2""></td></tr><tr><td bgcolor=""#ddd"" width=""2"" height=""2"" colspan=""5""></td></tr><tr><td bgcolor=""#ddd""></td><td height=""150""><br><center><img src=""https://image.rakuten.co.jp/mapsports-syuppin/cabinet/used07/carbon.jpg"" border=""0""></center></td><td bgcolor=""#ddd""></td><td><br><center><img src=""https://image.rakuten.co.jp/mapsports-syuppin/cabinet/used07/carbon.jpg"" border=""0""></center></td><td bgcolor=""#ddd""></td></tr><tr><td bgcolor=""#ddd"" width=""1"" height=""1"" colspan=""9""></td></tr></table><br /><br /><table width=""100%"" border=""0"" cellspacing=""0"" cellpadding=""0""><tr><td>  対応：10/11 S<br>  リム形状：チューブラー<BR>        リム高： F 58mm R 58mm<BR>        重量：F 665g R 840g <br>       ハブ：F 77 R 177<br>       最大リム幅：26.53mm<br>      スポーク長：F 248mm　R 260mm<br>      <br><br />    </td>  </tr>     <tr><td> より高いエアロダイナミクス性能に加え、横風の中でのハンドリング性能の向上やホイールの強度アップにも貢献するFirecrestテクノロジーが、他の追随を許さない別格のライデイングクオリティーを提供する。<br> 完全新設計77/177ハブとSapimR CX Sprintスポークの採用で更なる剛性、耐久性を獲得。<br> エルゴノミックデザインを取り入れたクイックレバーは、軽量化を果たすと共に使いやすさも向上。 <br>より広い用途での使用を考慮し、ワイドギアレンジ(10-42T)対応のXDドライバーボディー(別売)への交換も可能とする。 <br>スプリント、クリテリアム、タイムトライアル等様々なジャンルのレースをオールマイティにこなす、ハイスタンダードな高性能エアロホイール。   </td>  </tr>     </table><br><br><img src=""http://www.rakuten.ne.jp/gold/mapsports-syuppin/spec/zipp/banner_01.jpg"" width=""100%"" border=""0"">  <br />  <br>ZIPP は、トライアスロンの歴史と共に、レース用カーボンホイールをつくり続けてきたアメリカのホイールメーカー。 風洞実験による科学的な裏付けと、レースでの実戦を積重ね、 レースパフォーマンスに大きく影響をあたえる、エアロ効果と筋肉疲労の軽減を実現しています。<br /><br />",ZIPP(ジップ) 404 Firecrest ファイアクレスト チューブラー ホワイトロゴ カンパ用 リア用ホイール   【自転車】：クラウンギアーズ楽天市場店,ZIPP(ジップ) 404 Firecrest ファイアクレスト チューブラー ホワイトロゴ カンパ用 リア用ホイール   【自転車】,ZIPP(ジップ) 404 Firecrest ファイアクレスト チューブラー ホワイトロゴ カンパ用 リア用ホイール   【自転車】[rn]
17-152049,http://tshop.r10s.jp/mapsports-syuppin/cabinet/new_108/0710845774027_1.jpg?fitin=700:700,104112.0000,,スポーツ・アウトドア > 自転車・サイクリング > 自転車用パーツ > ホイール,ZIPP(ジップ) 303 Firecrest ファイアクレスト カーボン クリンチャー ホワイトロゴ フロント用ホイール  【自転車】,,"<!--検索キーワード--><font color=""#FFFFFF"">(ZIPP　2017）（新品0131）</font><br><B>■状態：</B>新品<br><br><!--サイズ表記テーブル-->  <table  border=""0"" cellspacing=""0"" cellpadding=""0"">    <tr>     <td   colspan=""4"" bgcolor=""#ffffff""><b>■バリエーション </b> </td>    </tr>  <tr>    <td width=""10""  bgcolor=""#afeeee"" >&nbsp;</td>       <td width=""110""  bgcolor=""#afeeee"" >フロント</td>    <td width=""110""  bgcolor=""#afeeee"" >カンパ用 リア</td><td width=""110""  bgcolor=""#afeeee"" >シマノ用 リア</td></tr></table><br><table width=""100%"" border=""0"" cellspacing=""0"" cellpadding=""0"">      <tr><td><font size=2><b>■クリンチャーホイール</b><br><b>経済的でメンテナンス性に優れる規格</b><br>タイヤをリム内側の溝に引っ掛けて取り付けます。<br>タイヤとチューブが別々になっており、パンクした際、チューブの交換のみを行える為、経済的でメンテナンス性に優れています。<br>タイヤやチューブの種類も豊富に用意されているので自分にあったタイヤがみつけやすいのも特徴です。<br>最近はチューブラータイヤの走行性能に迫り、あるいは凌駕するようなクリンチャータイヤも開発されつつあり、ロードレースと違って個人での活動の多いトライアスロンの世界では、トップ選手の間でチューブラーからクリンチャーへスイッチする動きもあるようです。</font><br></td></tr></table><B>■スペック</B><BR><table border=""0"" cellspacing=""0"" cellpadding=""0"" ><tr><td bgcolor=""#ddd"" width=""2"" height=""2"" colspan=""9""></td></tr><tr><td bgcolor=""#ddd"" width=""2"" ></td><td width=""150"" height=""30""><center>ホイール素材(ハブ)</center></td><td bgcolor=""#ddd"" width=""2""></td><td width=""150""><center>ホイール素材(リム)</center></td><td bgcolor=""#ddd"" width=""2""></td></tr><tr><td bgcolor=""#ddd"" width=""2"" height=""2"" colspan=""5""></td></tr><tr><td bgcolor=""#ddd""></td><td height=""150""><br><center><img src=""https://image.rakuten.co.jp/mapsports-syuppin/cabinet/used07/carbon.jpg"" border=""0""></center></td><td bgcolor=""#ddd""></td><td><br><center><img src=""https://image.rakuten.co.jp/mapsports-syuppin/cabinet/used07/carbon.jpg"" border=""0""></center></td><td bgcolor=""#ddd""></td></tr><tr><td bgcolor=""#ddd"" width=""1"" height=""1"" colspan=""9""></td></tr></table><br /><br /><table width=""100%"" border=""0"" cellspacing=""0"" cellpadding=""0""><tr><td>    対応：10/11 S<br>      リム形状：クリンチャー<BR>        リム高： F 45mm R 45mm<BR>        重量：F 725g R 900g <br>       ハブ：F 77　 R 177<br>       最大リム幅：28.50mm<br>      スポーク長：F 260mm　R 272mm<br>      最大空気圧：125psi/8.62bars <br>      <br><br />    </td>  </tr>     <tr><td>    ZIPP303カーボンクリンチャーホイールは、パリ～ルーベ、ツール・ド・フランドルでカーボンホイールとして初めて勝利を収めたZIPP303ホイールの空力特性、剛性等を保持しつつ、クリンチャーの利便性を加え、勾配を登ることにも十分な軽さを有する。　<br /> 完全新設計77/177ハブとSapimR CX Sprintスポークの採用で更なる剛性、耐久性を獲得。 エルゴノミックデザインを取り入れたクイックレバーは、軽量化を果たすと共に使いやすさも向上。 <br />より広い用途での使用を考慮し、ワイドギアレンジ(10-42T)対応のXDドライバーボディー(別売)への交換も可能とする。</td>  </tr></table><br><br><img src=""http://www.rakuten.ne.jp/gold/mapsports-syuppin/spec/zipp/banner_01.jpg"" width=""100%"" border=""0"">  <br />  <br>ZIPP は、トライアスロンの歴史と共に、レース用カーボンホイールをつくり続けてきたアメリカのホイールメーカー。 風洞実験による科学的な裏付けと、レースでの実戦を積重ね、 レースパフォーマンスに大きく影響をあたえる、エアロ効果と筋肉疲労の軽減を実現しています。<br /><br />",ZIPP(ジップ) 303 Firecrest ファイアクレスト カーボン クリンチャー ホワイトロゴ フロント用ホイール  【自転車】：クラウンギアーズ楽天市場店,ZIPP(ジップ) 303 Firecrest ファイアクレスト カーボン クリンチャー ホワイトロゴ フロント用ホイール  【自転車】,ZIPP(ジップ) 303 Firecrest ファイアクレスト カーボン クリンチャー ホワイトロゴ フロント用ホイール  【自転車】[rn]
17-152050,http://tshop.r10s.jp/mapsports-syuppin/cabinet/new_108/0710845765452_1.jpg?fitin=700:700,130376.0000,,スポーツ・アウトドア > 自転車・サイクリング > 自転車用パーツ > ホイール,ZIPP(ジップ) 303 チューブラー Disc ホワイトロゴ カンパ用 11S リア用ホイール  【自転車】,,"<!--検索キーワード--><font color=""#FFFFFF"">(ZIPP　2017）（新品0131）</font><br><B>■状態：</B>新品<br><br><!--サイズ表記テーブル-->  <table  border=""0"" cellspacing=""0"" cellpadding=""0"">    <tr>     <td   colspan=""4"" bgcolor=""#ffffff""><b>■バリエーション </b> </td>    </tr>  <tr>    <td width=""10""  bgcolor=""#afeeee"" >&nbsp;</td>       <td width=""110""  bgcolor=""#afeeee"" >フロント</td>    <td width=""110""  bgcolor=""#afeeee"" >カンパ用 リア</td><td width=""110""  bgcolor=""#afeeee"" >シマノ用 リア</td></tr></table><br><table width=""100%"" border=""0"" cellspacing=""0"" cellpadding=""0"">      <tr><td>  <font size=2><b>■チューブラーホイール</b><br><b>高い走行性能をもつ規格</b><br>タイヤの取り付け方法が""接着""か専用の""両面テープ""を使い取り付けをします。<br>チューブラーはタイヤとチューブが一体化しているため軽量かつ乗り心地がいいのが特徴です。<br>リムの形状が比較的簡単で軽量に作れるため多くのカーボンホイールがチューブラー規格で作られており、プロレース等で使用されるタイヤ/ホイールは、ほぼ""チューブラー規格""となっております。<br>タイヤ/チューブの断面が真円形であることによるコーナリング時の自然なグリップ感と振動吸収性など、根強い人気のある規格です。<br>  </font><br></td></tr></table><B>■スペック</B><BR><table border=""0"" cellspacing=""0"" cellpadding=""0"" ><tr><td bgcolor=""#ddd"" width=""2"" height=""2"" colspan=""9""></td></tr><tr><td bgcolor=""#ddd"" width=""2"" ></td><td width=""150"" height=""30""><center>ホイール素材(ハブ)</center></td><td bgcolor=""#ddd"" width=""2""></td><td width=""150""><center>ホイール素材(リム)</center></td><td bgcolor=""#ddd"" width=""2""></td></tr><tr><td bgcolor=""#ddd"" width=""2"" height=""2"" colspan=""5""></td></tr><tr><td bgcolor=""#ddd""></td><td height=""150""><br><center><img src=""https://image.rakuten.co.jp/mapsports-syuppin/cabinet/used07/carbon.jpg"" border=""0""></center></td><td bgcolor=""#ddd""></td><td><br><center><img src=""https://image.rakuten.co.jp/mapsports-syuppin/cabinet/used07/carbon.jpg"" border=""0""></center></td><td bgcolor=""#ddd""></td></tr><tr><td bgcolor=""#ddd"" width=""1"" height=""1"" colspan=""9""></td></tr></table><br /><br /><table width=""100%"" border=""0"" cellspacing=""0"" cellpadding=""0""><tr><td>      対応：10/11 S<br>  リム形状：チューブラー<BR>        リム高： F 45mm R 45mm<BR>        重量：F 640g R 760g <br>       ハブ：F 77D R 177D<br>       最大リム幅：28.5mm<br>      スポーク長：F 270mm　R 272mm<br>      <br><br />    </td>  </tr>     <tr><td>    世界のシーンで数々の勝利を収めた”303ディスクブレーキホイールセット”が、完全新設計 77/177Dハブの採用で更なる剛性、耐久性を獲得。 <br> さらにクイックレバーの形状を見直すことで、軽量化を果たすと共に使いやすさも向上。  <br>ツールフリーエンドキャップ交換式ハブは、キャップを入れ替えることで従来の9mmQRに加え、各種スルーアクスルにも対応。次世代フレームへのホイール装着を可能とした。  <br>ディスクブレーキ専用設計リムの採用は、バイクコントロールに影響の出やすいホイール外周部の軽量化を実現すると共に、ホイール全体の剛性バランスを整えることに成功。</td>  </tr></table><br><br><img src=""http://www.rakuten.ne.jp/gold/mapsports-syuppin/spec/zipp/banner_01.jpg"" width=""100%"" border=""0"">  <br />  <br>ZIPP は、トライアスロンの歴史と共に、レース用カーボンホイールをつくり続けてきたアメリカのホイールメーカー。 風洞実験による科学的な裏付けと、レースでの実戦を積重ね、 レースパフォーマンスに大きく影響をあたえる、エアロ効果と筋肉疲労の軽減を実現しています。<br /><br />",ZIPP(ジップ) 303 チューブラー Disc ホワイトロゴ カンパ用 11S リア用ホイール  【自転車】：クラウンギアーズ楽天市場店,ZIPP(ジップ) 303 チューブラー Disc ホワイトロゴ カンパ用 11S リア用ホイール  【自転車】,ZIPP(ジップ) 303 チューブラー Disc ホワイトロゴ カンパ用 11S リア用ホイール  【自転車】[rn]
17-152051,http://tshop.r10s.jp/mapsports-syuppin/cabinet/new_124/0710845798610_1.jpg?fitin=700:700,206144.0000,,スポーツ・アウトドア > 自転車・サイクリング > 自転車用パーツ > ホイール,ZIPP(ジップ) 454 NSW White Impress フロント用　クリンチャーホイール  【自転車】,,"<!--検索キーワード--><font color=""#FFFFFF"">(ZIPP　2017）</font><br><B>■状態：</B>新品<br><br><!--サイズ表記テーブル-->  <table  border=""0"" cellspacing=""0"" cellpadding=""0"">    <tr>     <td   colspan=""4"" bgcolor=""#ffffff""><b>■バリエーション </b> </td>    </tr>  <tr>    <td width=""10""  bgcolor=""#afeeee"" >&nbsp;</td>       <td width=""110""  bgcolor=""#afeeee"" >フロント</td>    <td width=""110""  bgcolor=""#afeeee"" >シマノ用 リア</td><td width=""110""  bgcolor=""#afeeee"" >カンパ用 リア</td></tr></table><br><table width=""100%"" border=""0"" cellspacing=""0"" cellpadding=""0"">      <tr><td><hr size=""1"" color=""#9e9e9e""><font size=2><b>■クリンチャーホイール</b><br><b>経済的でメンテナンス性に優れる規格</b><br>タイヤをリム内側の溝に引っ掛けて取り付けます。タイヤとチューブが別々になっており、パンクした際、チューブの交換のみを行える為、経済的でメンテナンス性に優れています。タイヤやチューブの種類も豊富に用意されているので自分にあったタイヤがみつけやすいのも特徴です。最近はチューブラータイヤの走行性能に迫り、あるいは凌駕するようなクリンチャータイヤも開発されつつあり、ロードレースと違って個人での活動の多いトライアスロンの世界では、トップ選手の間でチューブラーからクリンチャーへスイッチする動きもあるようです。</font><hr size=""1"" color=""#9e9e9e""><br></td></tr></table><B>■スペック</B><BR><table border=""0"" cellspacing=""0"" cellpadding=""0"" ><tr><td bgcolor=""#ddd"" width=""2"" height=""2"" colspan=""9""></td></tr><tr><td bgcolor=""#ddd"" width=""2"" ></td><td width=""150"" height=""30""><center>ホイール素材(ハブ)</center></td><td bgcolor=""#ddd"" width=""2""></td><td width=""150""><center>ホイール素材(リム)</center></td><td bgcolor=""#ddd"" width=""2""></td></tr><tr><td bgcolor=""#ddd"" width=""2"" height=""2"" colspan=""5""></td></tr><tr><td bgcolor=""#ddd""></td><td height=""150""><br><center><img src=""https://image.rakuten.co.jp/mapsports-syuppin/cabinet/used07/carbon.jpg"" border=""0"" ></center></td><td bgcolor=""#ddd""></td><td><br><center><img src=""https://image.rakuten.co.jp/mapsports-syuppin/cabinet/used07/carbon.jpg"" border=""0"" ></center></td><td bgcolor=""#ddd""></td></tr><tr><td bgcolor=""#ddd"" width=""1"" height=""1"" colspan=""9""></td></tr></table><br /><br /><table width=""100%"" border=""0"" cellspacing=""0"" cellpadding=""0""><tr>  <td> リム形状：クリンチャー<BR>        リム高： F 53/58mm R53/58mm<BR>      重量：F 690g R 835g<br>      最大リム幅：27.8mm<br>        スポーク長：F 284mm R 260mm<br>  <br><br />    </td>  </tr></table><br><br><img src=""http://www.rakuten.ne.jp/gold/mapsports-syuppin/spec/zipp/banner_01.jpg"" width=""100%"" border=""0"">  <br />  <br>ZIPP は、トライアスロンの歴史と共に、レース用カーボンホイールをつくり続けてきたアメリカのホイールメーカー。 風洞実験による科学的な裏付けと、レースでの実戦を積重ね、 レースパフォーマンスに大きく影響をあたえる、エアロ効果と筋肉疲労の軽減を実現しています。",ZIPP(ジップ) 454 NSW White Impress フロント用　クリンチャーホイール  【自転車】：クラウンギアーズ楽天市場店,ZIPP(ジップ) 454 NSW White Impress フロント用　クリンチャーホイール  【自転車】,ZIPP(ジップ) 454 NSW White Impress フロント用　クリンチャーホイール  【自転車】[rn]
17-152052,http://tshop.r10s.jp/mapsports-syuppin/cabinet/wheel/2999900033936_1.jpg?fitin=700:700,96000.0000,,スポーツ・アウトドア > 自転車・サイクリング > 自転車用パーツ > ホイール,ZIPP(ジップ) 404 Firecrest ホイール チューブラー ブラックロゴ シマノ用 リアのみ  【自転車】【RCP】【05P30Nov14】,(15wintern)(wheel)(wheel2),"<font color=""#FF0000"">※商品の説明、その他詳細はPCサイトをご覧下さい。</font><font color=""#FFFFFF"">(1231plusnewyearitem)</font><br>",ZIPP(ジップ) 404 Firecrest ホイール チューブラー ブラックロゴ シマノ用 リアのみ  【自転車】【RCP】【05P30Nov14】：クラウンギアーズ楽天市場店,ZIPP(ジップ) 404 Firecrest ホイール チューブラー ブラックロゴ シマノ用 リアのみ  【自転車】【RCP】【05P30Nov14】,(15wintern)(wheel)(wheel2)。ZIPP(ジップ) 404 Firecrest ホイール チューブラー ブラックロゴ シマノ用 リアのみ  【自転車】【RCP】【05P30Nov14】[rn]
17-152053,http://tshop.r10s.jp/mapsports-syuppin/cabinet/new_120/0817500011777_1.jpg?fitin=700:700,13072.0000,,スポーツ・アウトドア > 自転車・サイクリング > 自転車用パーツ > ホイール,SPEEDPLAY(スピードプレイ)ZERO ゼロ クロモリ ウォーカブルクリート  ピンク (Giro ltd) ペダル 【自転車】,　,"<!--検索キーワード--><font color=""#FFFFFF"">(2017 SPEEDPLAY）</font><br> <b> ■状態：</b>新品<br /><br /> <!--サイズ表記テーブル-->  <table  border=""0"" cellspacing=""0"" cellpadding=""0"">    <tr>     <td   colspan=""3"" bgcolor=""#ffffff""><b> ■カラーバリエーション </b> </td>    </tr>  <tr>  <td width=""10"" height=""17""  bgcolor=""#afeeee"" ></td> <td width=""160""  bgcolor=""#afeeee"" >ブラック</td>       <td width=""160""  bgcolor=""#afeeee"" >ホワイト</td>           </tr><tr>  <td></td> <td>オレンジ</td>       <td>レッド</td>           </tr><tr>  <td bgcolor=""#afeeee""></td> <td bgcolor=""#afeeee"">ピンク (Giro ltd) </td>       <td bgcolor=""#afeeee"">&nbsp;</td>           </tr></table><br><table border=""0"" cellpadding=""0"" cellspacing=""0"" width=""100%"">  <tr>    <td><b> ■スペック</b><br>素材：クロモリ<br>重量：216g<br /><br /><br /><b> ■特徴</b><br> ・ウォーカブルクリート<br>ディンプル加工されたゴム面のカバーがクリートのエアロダイナミクスと歩きやすさを向上させます。<br>・イージーデュアル-サイドエントリー<br>ペダル両面がビンディング可能であり、ペダル面を気にせず、はめ込みができる。<br>・マイクロアジャスタブルフルート<br>ペダル固定角度が０°から１５°までライディングスタイルに合わせ細かく調節できる。<br>・フォトアクシスアジャストメント<br>他メーカーでは実現できない　つま先-かかと　と　内側-外側　の固定幅調節が独立してできる。これは内側からクリートを外すライダーは外側から外れるのを好まない。つまりその調節が可能なのである。 <br>・ローエストスタックハイト<br>足裏からペダルシャフトまでの距離が、どのメーカーのペダルより、短くペダリングパワー伝達に優れる。　11.5 ミリ　スタックハイト（３穴時）　8.5 ミリ　スタックハイト（４穴時） <br>・アンベータブルコーナーリングクリアランス<br>ペダルが小さい為、路面とのクリアランスが大きいく、コーナー時にバイクを大きく傾けてもペダルがヒットしない。　ステンレスシャフト - 37度　チタンシャフト - 39度<br>・ラージ,コンフォータブル　クリートプラットフォーム<br>ソールとクリートまた、クリートとペダルの接触面積（足裏からペダルまで）が大きい為、安定感の向上、足裏の加重集中を避ける事ができる。そして疲労が蓄積しにくく、ペダリングに集中できる。<br>・ハイクオリティベアリング<br>カートリッジベアリングとニードルベアリングを使用。ペダルを薄くし、路面クリアランスとペダリングパワー伝達に優れる。<br>・フィットモアシューズ3穴4穴どちらのシューズにも対応している。<br>・イージーメンテナンス<br>グリスホールがあり、グリス注入が簡単である。<br>・トゥルーロッキングメカニズム<br>スプリング力で固定していなので、脱着時がスムーズである。<br>※ゼロエアロペダル及びゼロエアロクリートはライトアクションペダル、Xシリーズペダルと互換性はありません。<br><br /><br><br /></td></tr></table>",SPEEDPLAY(スピードプレイ)ZERO ゼロ クロモリ ウォーカブルクリート  ピンク (Giro ltd) ペダル 【自転車】：クラウンギアーズ楽天市場店,SPEEDPLAY(スピードプレイ)ZERO ゼロ クロモリ ウォーカブルクリート  ピンク (Giro ltd) ペダル 【自転車】,　。SPEEDPLAY(スピードプレイ)ZERO ゼロ クロモリ ウォーカブルクリート  ピンク (Giro ltd) ペダル 【自転車】[rn]
17-152054,http://tshop.r10s.jp/mapsports-syuppin/cabinet/new_120/0817500010350_1.jpg?fitin=700:700,16744.0000,,スポーツ・アウトドア > 自転車・サイクリング > 自転車用パーツ > ホイール,SPEEDPLAY(スピードプレイ)ZERO ゼロ ステンレス ウォーカブルクリート Track Special  ペダル 【自転車】,　,"<!--検索キーワード--><font color=""#FFFFFF"">(2017 SPEEDPLAY）</font><br> <b> ■状態：</b>新品<br /><br /> <!--サイズ表記テーブル-->  <table  border=""0"" cellspacing=""0"" cellpadding=""0"">    <tr>     <td   colspan=""4"" bgcolor=""#ffffff""><b> ■カラーバリエーション </b> </td>    </tr>  <tr>  <td width=""10"" height=""17""  bgcolor=""#afeeee"" ></td> <td width=""110""  bgcolor=""#afeeee"" >ブラック</td>       <td width=""110""  bgcolor=""#afeeee"" >ホワイト</td>    <td width=""110""  bgcolor=""#afeeee"" >チェレステ</td>  </tr><tr>  <td></td> <td>オレンジ</td>       <td>レッド</td>      <td>チームグリーン</td>       </tr><tr>  <td bgcolor=""#afeeee"" ></td> <td bgcolor=""#afeeee"" >トゥルーブルー</td>        <td bgcolor=""#afeeee"" >Track Special </td><td bgcolor=""#afeeee"" ></td>    </tr></table><br><table border=""0"" cellpadding=""0"" cellspacing=""0"" width=""100%"">  <tr>    <td><b> ■スペック</b><br>素材：ステンレス<br>重量：206g<br /><br /><br /><b> ■特徴</b><br> ・ウォーカブルクリート<br>ディンプル加工されたゴム面のカバーがクリートのエアロダイナミクスと歩きやすさを向上させます。<br>・イージーデュアル-サイドエントリー<br>ペダル両面がビンディング可能であり、ペダル面を気にせず、はめ込みができる。<br>・マイクロアジャスタブルフルート<br>ペダル固定角度が０°から１５°までライディングスタイルに合わせ細かく調節できる。<br>・フォトアクシスアジャストメント<br>他メーカーでは実現できない　つま先-かかと　と　内側-外側　の固定幅調節が独立してできる。これは内側からクリートを外すライダーは外側から外れるのを好まない。つまりその調節が可能なのである。 <br>・ローエストスタックハイト<br>足裏からペダルシャフトまでの距離が、どのメーカーのペダルより、短くペダリングパワー伝達に優れる。　11.5 ミリ　スタックハイト（３穴時）　8.5 ミリ　スタックハイト（４穴時） <br>・アンベータブルコーナーリングクリアランス<br>ペダルが小さい為、路面とのクリアランスが大きいく、コーナー時にバイクを大きく傾けてもペダルがヒットしない。　ステンレスシャフト - 37度　チタンシャフト - 39度<br>・ラージ,コンフォータブル　クリートプラットフォーム<br>ソールとクリートまた、クリートとペダルの接触面積（足裏からペダルまで）が大きい為、安定感の向上、足裏の加重集中を避ける事ができる。そして疲労が蓄積しにくく、ペダリングに集中できる。<br>・ハイクオリティベアリング<br>カートリッジベアリングとニードルベアリングを使用。ペダルを薄くし、路面クリアランスとペダリングパワー伝達に優れる。<br>・フィットモアシューズ3穴4穴どちらのシューズにも対応している。<br>・イージーメンテナンス<br>グリスホールがあり、グリス注入が簡単である。<br>・トゥルーロッキングメカニズム<br>スプリング力で固定していなので、脱着時がスムーズである。<br>※ゼロエアロペダル及びゼロエアロクリートはライトアクションペダル、Xシリーズペダルと互換性はありません。<br><br /><br><br /></td></tr></table>",SPEEDPLAY(スピードプレイ)ZERO ゼロ ステンレス ウォーカブルクリート Track Special  ペダル 【自転車】：クラウンギアーズ楽天市場店,SPEEDPLAY(スピードプレイ)ZERO ゼロ ステンレス ウォーカブルクリート Track Special  ペダル 【自転車】,　。SPEEDPLAY(スピードプレイ)ZERO ゼロ ステンレス ウォーカブルクリート Track Special  ペダル 【自転車】[rn]
17-152055,http://tshop.r10s.jp/mapsports-syuppin/cabinet/used_011/3717003290396_1.jpg?fitin=700:700,151200.0000,,スポーツ・アウトドア > 自転車・サイクリング > 自転車用パーツ > ホイール,【中古】Campagnolo (カンパニョーロ)BORA ONE 50 (wide rim) ボーラ ワン 50 クリンチャー シマノ用11Ｓ ホイールセット【自転車】,,"<font color=""#FFFFFF"">(used170413)</font><br> <font size=2><b>■Campagnolo (カンパニョーロ)</b><br />レースのなかで産声を上げ、レースによって育まれてきた珠玉の自転車パーツの数々。それがサイクリストの憧れ、Campagnolo。創業から77年を経た今日まで、数多くの製品が生み出されてきたが、最新こそ最良と言えないくらい、過去の Campagnolo も魅力的で多くのファンを魅了している。数値に表れない魅力と性能もCampagnolo の特長。</font><br><br><font size=2><b>■クリンチャーホイール</b><br><b>経済的でメンテナンス性に優れる規格</b><br>タイヤをリム内側の溝に引っ掛けて取り付けます。<br>タイヤとチューブが別々になっており、パンクした際、チューブの交換のみを行える為、経済的でメンテナンス性に優れています。<br>タイヤやチューブの種類も豊富に用意されているので自分にあったタイヤがみつけやすいのも特徴です。<br>最近はチューブラータイヤの走行性能に迫り、あるいは凌駕するようなクリンチャータイヤも開発されつつあり、ロードレースと違って個人での活動の多いトライアスロンの世界では、トップ選手の間でチューブラーからクリンチャーへスイッチする動きもあるようです。</font><br><br><font size=2>このホイールは「中古品につき一品限り」となります。価格も「中古品ならではのプライス」となっております。<br><font color=""#FF0000"">※弊社販売の【中古品】ホイールの振れにつきましては、「許容範囲1mm以内/チェック済み」となりますのでご安心下さい。</font><br>現在ご使用中のホイールの「下取」のご相談も承りますのでお気軽にご相談下さい。</font><br /><br /><br><font size=2><B>■スペック</B><BR>        ・ホイール素材(ハブ)：アルミ<br>              ・ホイール素材(リム)：カーボン<br><br>                        状態：良上品<br>      フリーボディ：シマノ11S<br>      サイズ：700C<BR>      リム形状：クリンチャー<BR>      リム高： F 50mm / R 50mm<BR>      重量(Qナシ)：F 630g / R 785g<br>      付属品：F＆Rクイックレバー<br />      <b>フロントホイールのデカール部分に1mm四方の剥がれがあります。</b></font> <br>      <br>      <br>      <br>",【中古】Campagnolo (カンパニョーロ)BORA ONE 50 (wide rim) ボーラ ワン 50 クリンチャー シマノ用11Ｓ ホイールセット【自転車】：クラウンギアーズ楽天市場店,【中古】Campagnolo (カンパニョーロ)BORA ONE 50 (wide rim) ボーラ ワン 50 クリンチャー シマノ用11Ｓ ホイールセット【自転車】,【中古】Campagnolo (カンパニョーロ)BORA ONE 50 (wide rim) ボーラ ワン 50 クリンチャー シマノ用11Ｓ ホイールセット【自転車】[rn]
17-152056,http://tshop.r10s.jp/mapsports-syuppin/cabinet/used_011/3717003290389_1.jpg?fitin=700:700,118320.0000,,スポーツ・アウトドア > 自転車・サイクリング > 自転車用パーツ > ホイール,【中古】MAVIC (マビック)2016モデル KSYRIUM PRO EXALITH SL キシリウム プロ エグザリッド エスエル クリンチャー シマノ用11Ｓ ホイールセット【自転車】,,"<font color=""#FFFFFF"">(used170413)</font><br><font size=2><b>■MAVIC (マビック)</b><br />MAVICのロードホイールタイヤシステムはレースの厳しさや、荒れた路面でのトレーニングを助ける為に開発されました。軽量、剛性、効率性、エアロダイナミクスという様々な要素を兼ね備えるだけでなく、耐久性と信頼性も失いません。</font><br><br><font size=2><b>■クリンチャーホイール</b><br><b>経済的でメンテナンス性に優れる規格</b><br>タイヤをリム内側の溝に引っ掛けて取り付けます。<br>タイヤとチューブが別々になっており、パンクした際、チューブの交換のみを行える為、経済的でメンテナンス性に優れています。<br>タイヤやチューブの種類も豊富に用意されているので自分にあったタイヤがみつけやすいのも特徴です。<br>最近はチューブラータイヤの走行性能に迫り、あるいは凌駕するようなクリンチャータイヤも開発されつつあり、ロードレースと違って個人での活動の多いトライアスロンの世界では、トップ選手の間でチューブラーからクリンチャーへスイッチする動きもあるようです。</font><br><br><font size=2>このホイールは「中古品につき一品限り」となります。価格も「中古品ならではのプライス」となっております。<br><font color=""#FF0000"">※弊社販売の【中古品】ホイールの振れにつきましては、「許容範囲1mm以内/チェック済み」となりますのでご安心下さい。</font><br>現在ご使用中のホイールの「下取」のご相談も承りますのでお気軽にご相談下さい。</font><br /><br /><br /><font size=2><B>■スペック</B><BR>        ・ホイール素材(ハブ)：アルミ＆カーボン<br>             ・ホイール素材(リム)：アルミ<br><br>               状態：良上品<br>      フリーボディ：シマノ11S<br>      サイズ：700C<BR>      リム形状：クリンチャー<BR>      リム高： F 25mm / R 27mm<BR>      重量(Qナシ)：F 925g / R 1,100g<br>      付属品：F＆Rクイックレバー<br />      </font> <br>      <br>      <br>      <br>",【中古】MAVIC (マビック)2016モデル KSYRIUM PRO EXALITH SL キシリウム プロ エグザリッド エスエル クリンチャー シマノ用11Ｓ ホイールセット【自転車】：クラウンギアーズ楽天市場店,【中古】MAVIC (マビック)2016モデル KSYRIUM PRO EXALITH SL キシリウム プロ エグザリッド エスエル クリンチャー シマノ用11Ｓ ホイールセット【自転車】,【中古】MAVIC (マビック)2016モデル KSYRIUM PRO EXALITH SL キシリウム プロ エグザリッド エスエル クリンチャー シマノ用11Ｓ ホイールセット【自転車】[rn]
17-152057,http://tshop.r10s.jp/mapsports-syuppin/cabinet/used_011/3717003263246_1.jpg?fitin=700:700,94400.0000,,スポーツ・アウトドア > 自転車・サイクリング > 自転車用パーツ > ホイール,【中古】Campagnolo (カンパニョーロ)SHAMAL MILLE シャマル ミレ クリンチャー カンパ11S ホイールセット【自転車】,,"<font color=""#FFFFFF"">(used170407)</font><br> <font size=2><b>■Campagnolo (カンパニョーロ)</b><br />レースのなかで産声を上げ、レースによって育まれてきた珠玉の自転車パーツの数々。それがサイクリストの憧れ、Campagnolo。創業から77年を経た今日まで、数多くの製品が生み出されてきたが、最新こそ最良と言えないくらい、過去の Campagnolo も魅力的で多くのファンを魅了している。数値に表れない魅力と性能もCampagnolo の特長。</font><br /><br /><font size=2><b>■クリンチャーホイール</b><br><b>経済的でメンテナンス性に優れる規格</b><br>タイヤをリム内側の溝に引っ掛けて取り付けます。<br>タイヤとチューブが別々になっており、パンクした際、チューブの交換のみを行える為、経済的でメンテナンス性に優れています。<br>タイヤやチューブの種類も豊富に用意されているので自分にあったタイヤがみつけやすいのも特徴です。<br>最近はチューブラータイヤの走行性能に迫り、あるいは凌駕するようなクリンチャータイヤも開発されつつあり、ロードレースと違って個人での活動の多いトライアスロンの世界では、トップ選手の間でチューブラーからクリンチャーへスイッチする動きもあるようです。</font><br><br><font size=2>このホイールは「中古品につき一品限り」となります。価格も「中古品ならではのプライス」となっております。<br><font color=""#FF0000"">※弊社販売の【中古品】ホイールの振れにつきましては、「許容範囲1mm以内/チェック済み」となりますのでご安心下さい。</font><br>現在ご使用中のホイールの「下取」のご相談も承りますのでお気軽にご相談下さい。</font><br /><br /><br /><font size=2><B>■スペック</B><BR>        ・ホイール素材 (ハブ)：アルミ＆カーボン<br>             ・ホイール素材 (リム)：アルミ<br>      <br />状態：美品<br>フリーボディ：カンパ11S<br>サイズ：700C<BR>リム形状：クリンチャー<BR>リム高： F 25mm / R 28mm<BR>重量(Qナシ)：F 605g / R 800g<br>付属品：F＆Rクイックレバー</font> <br><br><br><br>",【中古】Campagnolo (カンパニョーロ)SHAMAL MILLE シャマル ミレ クリンチャー カンパ11S ホイールセット【自転車】：クラウンギアーズ楽天市場店,【中古】Campagnolo (カンパニョーロ)SHAMAL MILLE シャマル ミレ クリンチャー カンパ11S ホイールセット【自転車】,【中古】Campagnolo (カンパニョーロ)SHAMAL MILLE シャマル ミレ クリンチャー カンパ11S ホイールセット【自転車】[rn]
17-152058,http://tshop.r10s.jp/mapsports-syuppin/cabinet/used_011/3717003210318_1.jpg?fitin=700:700,86400.0000,,スポーツ・アウトドア > 自転車・サイクリング > 自転車用パーツ > ホイール,【中古】SHIMANO (シマノ)DURA-ACE デュラエース WH-9000-C50-CL クリンチャー シマノ用11S ホイールセット【自転車】,,"<font color=""#FFFFFF"">(used170407)</font><br> <font size=2><b>■SHIMANO (シマノ)</b><br />一般のサイクリストから世界のプロロードレースまで、確かなクオリティーでサポート。<br />勝利のために肉体を極限まで絞り込むプロレーサー。心地よい風を楽しみながら走るスポーツライダーたち。実践からのフィードバックや、人間工学の研究を重ねて生まれたシマノのロードコンポーネント。</font><br /><br /><font size=2><b>■クリンチャーホイール</b><br><b>経済的でメンテナンス性に優れる規格</b><br>タイヤをリム内側の溝に引っ掛けて取り付けます。<br>タイヤとチューブが別々になっており、パンクした際、チューブの交換のみを行える為、経済的でメンテナンス性に優れています。<br>タイヤやチューブの種類も豊富に用意されているので自分にあったタイヤがみつけやすいのも特徴です。<br>最近はチューブラータイヤの走行性能に迫り、あるいは凌駕するようなクリンチャータイヤも開発されつつあり、ロードレースと違って個人での活動の多いトライアスロンの世界では、トップ選手の間でチューブラーからクリンチャーへスイッチする動きもあるようです。</font><br><br><font size=2>このホイールは「中古品につき一品限り」となります。価格も「中古品ならではのプライス」となっております。<br><font color=""#FF0000"">※弊社販売の【中古品】ホイールの振れにつきましては、「許容範囲1mm以内/チェック済み」となりますのでご安心下さい。</font><br>現在ご使用中のホイールの「下取」のご相談も承りますのでお気軽にご相談下さい。</font><br /><br /><br /><font size=2><B>■スペック</B><BR>        ・ホイール素材 (ハブ)：アルミ<br>              ・ホイール素材 (リム)：アルミ＆カーボン<br>      <br />状態：良品<br>フリーボディ：シマノ11S<br>サイズ：700C<BR>リム形状：クリンチャー<BR>リム高： F 50mm / R 50mm<BR>重量(Qナシ)：F 785g / R 970g<br>付属品：F＆Rクイックレバー<br /><b>備考：フロントリムのブレーキ面に小傷あり</b></font> <br><br><br><br>",【中古】SHIMANO (シマノ)DURA-ACE デュラエース WH-9000-C50-CL クリンチャー シマノ用11S ホイールセット【自転車】：クラウンギアーズ楽天市場店,【中古】SHIMANO (シマノ)DURA-ACE デュラエース WH-9000-C50-CL クリンチャー シマノ用11S ホイールセット【自転車】,【中古】SHIMANO (シマノ)DURA-ACE デュラエース WH-9000-C50-CL クリンチャー シマノ用11S ホイールセット【自転車】[rn]
17-152059,http://tshop.r10s.jp/mapsports-syuppin/cabinet/used_011/3717003065710_1.jpg?fitin=700:700,73600.0000,,スポーツ・アウトドア > 自転車・サイクリング > 自転車用パーツ > ホイール,【中古】FULCRUM (フルクラム)2015モデル RACING ZERO CL レーシング ゼロ クリンチャー シマノ用11S REDスポーク ホイールセット【自転車】,,"<font color=""#FFFFFF"">(used170330)</font><br> <font size=2><b>■FULCRUM (フルクラム)</b><br />フルクラム・ホイール・プロジェクトは、自転車をこよなく愛する若い航空宇宙工学エンジニアたちの、革新的なアイデアから誕生しました。ユーザーのニーズとコストに合わせ、最適なホイールを提供するカンパニー。それがフルクラムです。</font><br /><br /><font size=2><b>■クリンチャーホイール</b><br><b>経済的でメンテナンス性に優れる規格</b><br>タイヤをリム内側の溝に引っ掛けて取り付けます。<br>タイヤとチューブが別々になっており、パンクした際、チューブの交換のみを行える為、経済的でメンテナンス性に優れています。<br>タイヤやチューブの種類も豊富に用意されているので自分にあったタイヤがみつけやすいのも特徴です。<br>最近はチューブラータイヤの走行性能に迫り、あるいは凌駕するようなクリンチャータイヤも開発されつつあり、ロードレースと違って個人での活動の多いトライアスロンの世界では、トップ選手の間でチューブラーからクリンチャーへスイッチする動きもあるようです。</font><br><br><font size=2>このホイールは「中古品につき一品限り」となります。価格も「中古品ならではのプライス」となっております。<br><font color=""#FF0000"">※弊社販売の【中古品】ホイールの振れにつきましては、「許容範囲1mm以内/チェック済み」となりますのでご安心下さい。</font><br>現在ご使用中のホイールの「下取」のご相談も承りますのでお気軽にご相談下さい。</font><br /><br /><br /><font size=2><B>■スペック</B><BR><BR>        ・ホイール素材(ハブ)：アルミ<br>              ・ホイール素材(リム)：アルミ</font>     <br /><br /><font size=2>状態：良上品<br>フリーボディ：シマノ11S<br>サイズ：700C<BR>リム形状：クリンチャー<BR>リム高： F 25mm / R 28mm<BR>重量(Qナシ)：F 585g / R 795g<br>付属品：F＆Rクイックレバー</font><br><br>",【中古】FULCRUM (フルクラム)2015モデル RACING ZERO CL レーシング ゼロ クリンチャー シマノ用11S REDスポーク ホイールセット【自転車】：クラウンギアーズ楽天市場店,【中古】FULCRUM (フルクラム)2015モデル RACING ZERO CL レーシング ゼロ クリンチャー シマノ用11S REDスポーク ホイールセット【自転車】,【中古】FULCRUM (フルクラム)2015モデル RACING ZERO CL レーシング ゼロ クリンチャー シマノ用11S REDスポーク ホイールセット【自転車】[rn]
17-152060,http://tshop.r10s.jp/mapsports-syuppin/cabinet/used_011/3717003209091_1.jpg?fitin=700:700,110400.0000,,スポーツ・アウトドア > 自転車・サイクリング > 自転車用パーツ > ホイール,【中古】Campagnolo (カンパニョーロ)BORA ONE ボーラ ワン チューブラー シマノ用11S ホイールセット【自転車】,,"<font color=""#FFFFFF"">(used170325)</font><br> <font size=2><b>■Campagnolo (カンパニョーロ)</b><br />MAVICのロードホイールタイヤシステムはレースの厳しさや、荒れた路面でのトレーニングを助ける為に開発されました。軽量、剛性、効率性、エアロダイナミクスという様々な要素を兼ね備えるだけでなく、耐久性と信頼性も失いません。</font><br><br><font size=2><b>■チューブラーホイール</b><br><b>高い走行性能をもつ規格</b><br>タイヤの取り付け方法が""接着""か専用の""両面テープ""を使い取り付けをします。<br>チューブラーはタイヤとチューブが一体化しているため軽量かつ乗り心地がいいのが特徴です。<br>リムの形状が比較的簡単で軽量に作れるため多くのカーボンホイールがチューブラー規格で作られており、プロレース等で使用されるタイヤ/ホイールは、ほぼ""チューブラー規格""となっております。<br>タイヤ/チューブの断面が真円形であることによるコーナリング時の自然なグリップ感と振動吸収性など、根強い人気のある規格です。</font><br><br><font size=2>このホイールは「中古品につき一品限り」となります。価格も「中古品ならではのプライス」となっております。<br><font color=""#FF0000"">※弊社販売の【中古品】ホイールの振れにつきましては、「許容範囲1mm以内/チェック済み」となりますのでご安心下さい。</font><br>現在ご使用中のホイールの「下取」のご相談も承りますのでお気軽にご相談下さい。</font><br /><br /><br><font size=2><B>■スペック</B><br>        ・ホイール素材(ハブ)：アルミ<br>              ・ホイール素材(リム)：カーボン<br><br />状態：良品<br>フリーボディ：シマノ11S<br>サイズ：700C<BR>リム形状：クリンチャー<BR>リム高： F 50mm / R 50mm<BR>重量(Qナシ)：F 865g / R 1,020g ※タイヤ付<br>付属品：F＆Rクイックレバー<br /><b>備考：バルブ付近にかけキズ有 / リアホイール振れ微小</b></font> <br><br><br><br>",【中古】Campagnolo (カンパニョーロ)BORA ONE ボーラ ワン チューブラー シマノ用11S ホイールセット【自転車】：クラウンギアーズ楽天市場店,【中古】Campagnolo (カンパニョーロ)BORA ONE ボーラ ワン チューブラー シマノ用11S ホイールセット【自転車】,【中古】Campagnolo (カンパニョーロ)BORA ONE ボーラ ワン チューブラー シマノ用11S ホイールセット【自転車】[rn]
17-152061,http://tshop.r10s.jp/mapsports-syuppin/cabinet/used_011/3717003157156_1.jpg?fitin=700:700,134400.0000,,スポーツ・アウトドア > 自転車・サイクリング > 自転車用パーツ > ホイール,【中古】SHIMANO (シマノ)DURA-ACE デュラエース WH-9000 C50-TU チューブラー シマノ用11S ホイールセット【自転車】,,"<font color=""#FFFFFF"">(used170325)</font><br> <font size=2><b>■SHIMANO (シマノ)</b><br />一般のサイクリストから世界のプロロードレースまで、確かなクオリティーでサポート。<br />勝利のために肉体を極限まで絞り込むプロレーサー。心地よい風を楽しみながら走るスポーツライダーたち。実践からのフィードバックや、人間工学の研究を重ねて生まれたシマノのロードコンポーネント。</font><br /><br /><font size=2><b>■チューブラーホイール</b><br><b>高い走行性能をもつ規格</b><br>タイヤの取り付け方法が""接着""か専用の""両面テープ""を使い取り付けをします。<br>チューブラーはタイヤとチューブが一体化しているため軽量かつ乗り心地がいいのが特徴です。<br>リムの形状が比較的簡単で軽量に作れるため多くのカーボンホイールがチューブラー規格で作られており、プロレース等で使用されるタイヤ/ホイールは、ほぼ""チューブラー規格""となっております。<br>タイヤ/チューブの断面が真円形であることによるコーナリング時の自然なグリップ感と振動吸収性など、根強い人気のある規格です。</font><br><br><font size=2>このホイールは「中古品につき一品限り」となります。価格も「中古品ならではのプライス」となっております。<br><font color=""#FF0000"">※弊社販売の【中古品】ホイールの振れにつきましては、「許容範囲1mm以内/チェック済み」となりますのでご安心下さい。</font><br>現在ご使用中のホイールの「下取」のご相談も承りますのでお気軽にご相談下さい。</font><br /><br /><br /><font size=2><B>■スペック</B><BR>        ・ホイール素材(ハブ)：アルミ<br>             ・ホイール素材(リム)：カーボン<br>     <br />状態：良品<br>フリーボディ：シマノ11S<br>サイズ：700C<BR>リム形状：チューブラー<BR>リム高： F 50mm / R 50mm<BR>重量(Qナシ)：F 645g / R 815g<br>付属品：F＆Rクイックレバー</font> <br><br><br><br>",【中古】SHIMANO (シマノ)DURA-ACE デュラエース WH-9000 C50-TU チューブラー シマノ用11S ホイールセット【自転車】：クラウンギアーズ楽天市場店,【中古】SHIMANO (シマノ)DURA-ACE デュラエース WH-9000 C50-TU チューブラー シマノ用11S ホイールセット【自転車】,【中古】SHIMANO (シマノ)DURA-ACE デュラエース WH-9000 C50-TU チューブラー シマノ用11S ホイールセット【自転車】[rn]
17-152062,http://tshop.r10s.jp/mapsports-syuppin/cabinet/used_011/3717003196285_1.jpg?fitin=700:700,60000.0000,,スポーツ・アウトドア > 自転車・サイクリング > 自転車用パーツ > ホイール,【中古】SHIMANO (シマノ)DURA-ACE デュラエース WH-7850 C50 CL クリンチャー シマノ用10S ホイールセット【自転車】,,"<font color=""#FFFFFF"">(used170325)</font><br> <font size=2><b>■SHIMANO (シマノ)</b><br />一般のサイクリストから世界のプロロードレースまで、確かなクオリティーでサポート。<br />勝利のために肉体を極限まで絞り込むプロレーサー。心地よい風を楽しみながら走るスポーツライダーたち。実践からのフィードバックや、人間工学の研究を重ねて生まれたシマノのロードコンポーネント。</font><BR><BR><font size=2><b>■クリンチャーホイール</b><br><b>経済的でメンテナンス性に優れる規格</b><br>タイヤをリム内側の溝に引っ掛けて取り付けます。<br>タイヤとチューブが別々になっており、パンクした際、チューブの交換のみを行える為、経済的でメンテナンス性に優れています。<br>タイヤやチューブの種類も豊富に用意されているので自分にあったタイヤがみつけやすいのも特徴です。<br>最近はチューブラータイヤの走行性能に迫り、あるいは凌駕するようなクリンチャータイヤも開発されつつあり、ロードレースと違って個人での活動の多いトライアスロンの世界では、トップ選手の間でチューブラーからクリンチャーへスイッチする動きもあるようです。</font><br><br><font size=2>このホイールは「中古品につき一品限り」となります。価格も「中古品ならではのプライス」となっております。<br><font color=""#FF0000"">※弊社販売の【中古品】ホイールの振れにつきましては、「許容範囲1mm以内/チェック済み」となりますのでご安心下さい。</font><br>現在ご使用中のホイールの「下取」のご相談も承りますのでお気軽にご相談下さい。</font><br /><br /><BR><font size=2><B>■スペック</B><BR>        ・ホイール素材(ハブ)：アルミ<br>            ・ホイール素材(リム)：アルミ＆カーボン<br>      <br />状態：良品<br>フリーボディ：シマノ10S<br>サイズ：700C<BR>リム形状：クリンチャー<BR>リム高： F 50mm / R 50mm<BR>重量(Qナシ)：F 755g / R 940g<br>付属品：F＆Rクイックレバー</font> <br><br><br><br>",【中古】SHIMANO (シマノ)DURA-ACE デュラエース WH-7850 C50 CL クリンチャー シマノ用10S ホイールセット【自転車】：クラウンギアーズ楽天市場店,【中古】SHIMANO (シマノ)DURA-ACE デュラエース WH-7850 C50 CL クリンチャー シマノ用10S ホイールセット【自転車】,【中古】SHIMANO (シマノ)DURA-ACE デュラエース WH-7850 C50 CL クリンチャー シマノ用10S ホイールセット【自転車】[rn]
17-152063,http://tshop.r10s.jp/mapsports-syuppin/cabinet/used_011/3717003202047_1.jpg?fitin=700:700,75840.0000,,スポーツ・アウトドア > 自転車・サイクリング > 自転車用パーツ > ホイール,【中古】Campagnolo (カンパニョーロ)SHAMAL ULTRA シャマル ウルトラ G3 2-WAY チューブレス シマノ用11Ｓ ホイールセット【自転車】,,"<font color=""#FFFFFF"">(used170325)</font><br> <font size=2><b>■Campagnolo (カンパニョーロ)</b><br />MAVICのロードホイールタイヤシステムはレースの厳しさや、荒れた路面でのトレーニングを助ける為に開発されました。軽量、剛性、効率性、エアロダイナミクスという様々な要素を兼ね備えるだけでなく、耐久性と信頼性も失いません。</font><br><br><font size=2><b>■チューブレスホイール</b><br><b>パンクに強く、乗り心地に優れる規格</b><br>自動車のタイヤと同じ構造です。タイヤの中にはチューブが入っていない為、クリンチャータイヤで段差に乗り上げたときなどに発生するリム打ちパンクが起こりません。<br>またパンクが起きても空気漏れが急激に起こることはありません。その為、パンクした状態でもしばらく走行することも可能です。<br>パンクに強く、転がり抵抗が小さいため低めの空気圧で走ることができ、乗り心地の点で有利です。<br>空気が漏れるのを防ぐために、タイヤとホイールの“はめ合い”精度が非常に高く、ホイールへの着脱が少し大変などの点もありますが、それを上回るメリットのある規格です。<br>チューブレス対応ホイールにはクリンチャータイヤも兼用で使えるのも特徴です。</font><br><br><font size=2>このホイールは「中古品につき一品限り」となります。価格も「中古品ならではのプライス」となっております。<br><font color=""#FF0000"">※弊社販売の【中古品】ホイールの振れにつきましては、「許容範囲1mm以内/チェック済み」となりますのでご安心下さい。</font><br>現在ご使用中のホイールの「下取」のご相談も承りますのでお気軽にご相談下さい。</font><br /><br /><br><font size=2><B>■スペック</B><BR>        ・ホイール素材(ハブ)：アルミ＆カーボン<br>              ・ホイール素材(リム)：アルミ<br>     <br />状態：美品<br>フリーボディ：シマノ11S<br>サイズ：700C<BR>リム形状：チューブレス<BR>リム高： F 24mm / R 28mm<BR>重量(Qナシ)：F 615g / R 850g<br>付属品：F＆Rクイックレバー</font> <br><br><br><br>",【中古】Campagnolo (カンパニョーロ)SHAMAL ULTRA シャマル ウルトラ G3 2-WAY チューブレス シマノ用11Ｓ ホイールセット【自転車】：クラウンギアーズ楽天市場店,【中古】Campagnolo (カンパニョーロ)SHAMAL ULTRA シャマル ウルトラ G3 2-WAY チューブレス シマノ用11Ｓ ホイールセット【自転車】,【中古】Campagnolo (カンパニョーロ)SHAMAL ULTRA シャマル ウルトラ G3 2-WAY チューブレス シマノ用11Ｓ ホイールセット【自転車】[rn]
17-152064,http://tshop.r10s.jp/mapsports-syuppin/cabinet/used_011/3717003209138_1.jpg?fitin=700:700,30400.0000,,スポーツ・アウトドア > 自転車・サイクリング > 自転車用パーツ > ホイール,【中古】SHIMANO (シマノ)ULTEGRA アルテグラ WH-6800 チューブレス シマノ用11S ホイールセット【自転車】,,"<font color=""#FFFFFF"">(used170325)</font><br> <font size=2><b>■SHIMANO (シマノ)</b><br />一般のサイクリストから世界のプロロードレースまで、確かなクオリティーでサポート。<br />勝利のために肉体を極限まで絞り込むプロレーサー。心地よい風を楽しみながら走るスポーツライダーたち。実践からのフィードバックや、人間工学の研究を重ねて生まれたシマノのロードコンポーネント。</font><br><br><font size=2><b>■チューブレスホイール</b><br><b>パンクに強く、乗り心地に優れる規格</b><br>自動車のタイヤと同じ構造です。タイヤの中にはチューブが入っていない為、クリンチャータイヤで段差に乗り上げたときなどに発生するリム打ちパンクが起こりません。<br>またパンクが起きても空気漏れが急激に起こることはありません。その為、パンクした状態でもしばらく走行することも可能です。<br>パンクに強く、転がり抵抗が小さいため低めの空気圧で走ることができ、乗り心地の点で有利です。<br>空気が漏れるのを防ぐために、タイヤとホイールの“はめ合い”精度が非常に高く、ホイールへの着脱が少し大変などの点もありますが、それを上回るメリットのある規格です。<br>チューブレス対応ホイールにはクリンチャータイヤも兼用で使えるのも特徴です。</font><br><br><font size=2>このホイールは「中古品につき一品限り」となります。価格も「中古品ならではのプライス」となっております。<br><font color=""#FF0000"">※弊社販売の【中古品】ホイールの振れにつきましては、「許容範囲1mm以内/チェック済み」となりますのでご安心下さい。</font><br>現在ご使用中のホイールの「下取」のご相談も承りますのでお気軽にご相談下さい。</font><br /><br /><br><font size=2><B>■スペック</B><BR>        ・ホイール素材(ハブ)：アルミ<br>              ・ホイール素材(リム)：アルミ<br>      <br />状態：新同品<br>フリーボディ：シマノ11S<br>サイズ：700C<BR>リム形状：チューブレス<BR>リム高： F 24mm / R 24mm<BR>重量(Qナシ)：F 705g / R 944g<br>付属品：F＆Rクイックレバー</font> <br><br><br><br>",【中古】SHIMANO (シマノ)ULTEGRA アルテグラ WH-6800 チューブレス シマノ用11S ホイールセット【自転車】：クラウンギアーズ楽天市場店,【中古】SHIMANO (シマノ)ULTEGRA アルテグラ WH-6800 チューブレス シマノ用11S ホイールセット【自転車】,【中古】SHIMANO (シマノ)ULTEGRA アルテグラ WH-6800 チューブレス シマノ用11S ホイールセット【自転車】[rn]
17-152065,http://tshop.r10s.jp/mapsports-syuppin/cabinet/new03/2014120133003_1.jpg?fitin=700:700,244640.0000,,スポーツ・アウトドア > 自転車・サイクリング > 自転車用パーツ > ホイール,Campagnolo(カンパニョーロ)HYPERON ULTRA TWOハイペロン ウルトラ ツーホイールセットチューブラーカンパ用【自転車】【RCP】【05P30Nov14】,　,"<!--2012モデル--><font color=""#FF0000"">※商品の説明、その他詳細はPCサイトをご覧下さい。</font>",Campagnolo(カンパニョーロ)HYPERON ULTRA TWOハイペロン ウルトラ ツーホイールセットチューブラーカンパ用【自転車】【RCP】【05P30Nov14】：クラウンギアーズ楽天市場店,Campagnolo(カンパニョーロ)HYPERON ULTRA TWOハイペロン ウルトラ ツーホイールセットチューブラーカンパ用【自転車】【RCP】【05P30Nov14】,　。Campagnolo(カンパニョーロ)HYPERON ULTRA TWOハイペロン ウルトラ ツーホイールセットチューブラーカンパ用【自転車】【RCP】【05P30Nov14】[rn]
17-152066,http://tshop.r10s.jp/mapsports-syuppin/cabinet/wheel/2014120174686_1.jpg?fitin=700:700,30400.0000,,スポーツ・アウトドア > 自転車・サイクリング > 自転車用パーツ > ホイール,Campagnolo(カンパニョーロ) SCIROCCO 35 シロッコ 35 ホイールセット クリンチャー ブラック カンパ用【自転車】【RCP】【05P30Nov14】,,"<font color=""#FF0000"">※商品の説明、その他詳細はPCサイトをご覧下さい。</font>",Campagnolo(カンパニョーロ) SCIROCCO 35 シロッコ 35 ホイールセット クリンチャー ブラック カンパ用【自転車】【RCP】【05P30Nov14】：クラウンギアーズ楽天市場店,Campagnolo(カンパニョーロ) SCIROCCO 35 シロッコ 35 ホイールセット クリンチャー ブラック カンパ用【自転車】【RCP】【05P30Nov14】,Campagnolo(カンパニョーロ) SCIROCCO 35 シロッコ 35 ホイールセット クリンチャー ブラック カンパ用【自転車】【RCP】【05P30Nov14】[rn]
17-152067,http://tshop.r10s.jp/mapsports-syuppin/cabinet/02546252/2014120174983_1.jpg?fitin=700:700,300640.0000,,スポーツ・アウトドア > 自転車・サイクリング > 自転車用パーツ > ホイール,Campagnolo (カンパニョーロ)  BORA ULTRA TWO 80th チューブラー ホイールセット カンパ用80周年モデル【自転車】【05P13Jun14】【05P30Nov14】,,"<font color=""#FF0000"">※商品の説明、その他詳細はPCサイトをご覧下さい。</font>",Campagnolo (カンパニョーロ)  BORA ULTRA TWO 80th チューブラー ホイールセット カンパ用80周年モデル【自転車】【05P13Jun14】【05P30Nov14】：クラウンギアーズ楽天市場店,Campagnolo (カンパニョーロ)  BORA ULTRA TWO 80th チューブラー ホイールセット カンパ用80周年モデル【自転車】【05P13Jun14】【05P30Nov14】,Campagnolo (カンパニョーロ)  BORA ULTRA TWO 80th チューブラー ホイールセット カンパ用80周年モデル【自転車】【05P13Jun14】【05P30Nov14】[rn]
17-152068,http://tshop.r10s.jp/mapsports-syuppin/cabinet/new04/2014120174099_1.jpg?fitin=700:700,109200.0000,,スポーツ・アウトドア > 自転車・サイクリング > 自転車用パーツ > ホイール,Campagnolo (カンパニョーロ) SHAMAL ULTRA シャマル ウルトラ クリンチャー ブラック ホイールセット カンパニョーロ用 2015モデル 【自転車】【RCP】【05P30Nov14】,,<B>【SPEC】</B><br>・重量：1425g(F：605ｇ　R：820g)<br>・リム：クリンチャー<br>・リム幅：20.5mm<br>・リム高：Ｆ/24mm R/30mm<br>・スポーク本数：F/16本　R/21本ＭＥＧA Ｇ3<br>・フリーボディ：カンパ9/10/11Ｓ,Campagnolo (カンパニョーロ) SHAMAL ULTRA シャマル ウルトラ クリンチャー ブラック ホイールセット カンパニョーロ用 2015モデル 【自転車】【RCP】【05P30Nov14】：クラウンギアーズ楽天市場店,Campagnolo (カンパニョーロ) SHAMAL ULTRA シャマル ウルトラ クリンチャー ブラック ホイールセット カンパニョーロ用 2015モデル 【自転車】【RCP】【05P30Nov14】,Campagnolo (カンパニョーロ) SHAMAL ULTRA シャマル ウルトラ クリンチャー ブラック ホイールセット カンパニョーロ用 2015モデル 【自転車】【RCP】【05P30Nov14】[rn]
17-152069,http://tshop.r10s.jp/mapsports-syuppin/cabinet/new04/2014120174815_1.jpg?fitin=700:700,109840.0000,,スポーツ・アウトドア > 自転車・サイクリング > 自転車用パーツ > ホイール,Campagnolo (カンパニョーロ) SHAMAL ULTRA シャマル ウルトラ クリンチャー ブラック ホイールセット シマノ用 2015モデル 【自転車】【RCP】【05P30Nov14】,,<B>【SPEC】</B><br>・重量：1464g(F：605ｇ　R：859g)<br>・リム：クリンチャー<br>・リム幅：20.5mm<br>・リム高：Ｆ/24mm R/30mm<br>・スポーク本数：F/16本　R/21本ＭＥＧA Ｇ3<br>・フリーボディ：シマノ8/9/10Ｓ,Campagnolo (カンパニョーロ) SHAMAL ULTRA シャマル ウルトラ クリンチャー ブラック ホイールセット シマノ用 2015モデル 【自転車】【RCP】【05P30Nov14】：クラウンギアーズ楽天市場店,Campagnolo (カンパニョーロ) SHAMAL ULTRA シャマル ウルトラ クリンチャー ブラック ホイールセット シマノ用 2015モデル 【自転車】【RCP】【05P30Nov14】,Campagnolo (カンパニョーロ) SHAMAL ULTRA シャマル ウルトラ クリンチャー ブラック ホイールセット シマノ用 2015モデル 【自転車】【RCP】【05P30Nov14】[rn]
17-152070,http://tshop.r10s.jp/mapsports-syuppin/cabinet/new04/2014120174822_1.jpg?fitin=700:700,114720.0000,,スポーツ・アウトドア > 自転車・サイクリング > 自転車用パーツ > ホイール,Campagnolo (カンパニョーロ) SHAMAL ULTRA シャマル ウルトラ 2-WAY FIT クリンチャー・チューブレス両対応 ブラック ホイールセット シマノ用 2015モデル 【自転車】【RCP】【05P30Nov14】,,<B>【SPEC】</B><br>・重量：1479g(F：615ｇ　R：864g)<br>・リム：2-WAY FIT<br>・リム幅：20.5mm<br>・リム高：Ｆ/24mm R/28mm<br>・スポーク本数：F/16本　R/21本ＭＥＧA Ｇ3<br>・フリーボディ：シマノ9/10/11Ｓ <br>,Campagnolo (カンパニョーロ) SHAMAL ULTRA シャマル ウルトラ 2-WAY FIT クリンチャー・チューブレス両対応 ブラック ホイールセット シマノ用 2015モデル 【自転車】【RCP】【05P30Nov14】：クラウンギアーズ楽天市場店,Campagnolo (カンパニョーロ) SHAMAL ULTRA シャマル ウルトラ 2-WAY FIT クリンチャー・チューブレス両対応 ブラック ホイールセット シマノ用 2015モデル 【自転車】【RCP】【05P30Nov14】,Campagnolo (カンパニョーロ) SHAMAL ULTRA シャマル ウルトラ 2-WAY FIT クリンチャー・チューブレス両対応 ブラック ホイールセット シマノ用 2015モデル 【自転車】【RCP】【05P30Nov14】[rn]
17-152071,http://tshop.r10s.jp/mapsports-syuppin/cabinet/new04/2014120175652_1.jpg?fitin=700:700,261200.0000,,スポーツ・アウトドア > 自転車・サイクリング > 自転車用パーツ > ホイール,Campagnolo (カンパニョーロ) BORA ULTRA ボーラ ウルトラ 50 クリンチャー ブライトラベル ホイールセット カンパニョーロ用 2015モデル 【自転車】【ロード】,-,<B>【SPEC】</B><br>・重量：1435g（F：630ｇ　R：805ｇ）<BR>・リム：クリンチャー　リム高：50mm<BR>・スポーク本数：F/18本　R/21本(MEGA G3)<BR>・フリーボディー：campagnolo9/10/11Ｓ,Campagnolo (カンパニョーロ) BORA ULTRA ボーラ ウルトラ 50 クリンチャー ブライトラベル ホイールセット カンパニョーロ用 2015モデル 【自転車】【ロード】：クラウンギアーズ楽天市場店,Campagnolo (カンパニョーロ) BORA ULTRA ボーラ ウルトラ 50 クリンチャー ブライトラベル ホイールセット カンパニョーロ用 2015モデル 【自転車】【ロード】,-。Campagnolo (カンパニョーロ) BORA ULTRA ボーラ ウルトラ 50 クリンチャー ブライトラベル ホイールセット カンパニョーロ用 2015モデル 【自転車】【ロード】[rn]
17-152072,http://tshop.r10s.jp/mapsports-syuppin/cabinet/new_057/2014120174778_1.jpg?fitin=700:700,134400.0000,,スポーツ・アウトドア > 自転車・サイクリング > 自転車用パーツ > ホイール,Campagnolo(カンパニョーロ) BORA ONE ボーラ ワン チューブラー シマノ11S用 ホイールセット 【ロードバイク】,-,"<font color=""red"">36回払いまで分割手数料0%！<br>ショッピングクレジットなら月々4,700円からのお支払で即購入可能！<br>詳しくはこちら＞＞</font>      <b><br>    <br>    ■スタッフおすすめポイント</b><br>高性能かつ他ブランドにはない""存在感""をもっている『【新品】Campagnolo BORA ONE チューブラー シマノ11S用 ホイールセット」のご紹介です。CampagnoloとBORA ONEを名した大きなロゴデザインはホイールのカッコよさだけではなく、取り付けた自転車も一層カッコよくしてくれるデザインになっています。更にBORAONEの魅力はその性能の高さによるものがあり、50mmハイトでの巡航性能高さやディープリムでありながらペア重量1389ｇ（F：590 R：799）のディープリムながら軽量ホイールともいえる軽さを誇ります。        CampagnoloとBORA ONEを名した大きなロゴデザインはホイールのカッコよさだけではなく、取り付けた自転車も一層カッコよくしてくれるデザインになっています。更にBORA ONEの魅力はその性能の高さによるものがあり、50mmハイトでの巡航性能高さやディープリムでありながらペア重量1389ｇ（F：590 R：799）のディープリムながら軽量ホイールともいえる軽さを誇ります。<br>        <br>        <b>１、50mmハイトであるメリット<br></b>BORA ONEのリムハイトは50mmあり「ディープリム」と呼ばれるリムハイトとなっています。リムハイトが高くなるメリットは低いリムハイトのものと比べて速度を一定に保つことが得意なホイールとなります。その効果により一定のスピードで走り続ける事が楽になり体力を消費を抑えることが出来ます。それによりロングライドやレースにおいても長時間良いパフォーマンスを維持することが出来るということになります。<br>        <br>        <b>２、1本で全てをこなすオールラウンドホイール<br></b>BORA ONEは「軽く」「巡航性能」が高いホイールです。軽いホイールは勾配のある坂も対応することでき、更に漕ぎ出しが軽くトップスピードまで早く到達することが出来ます。そして高い巡航性能 （※スピード維持すること）により「楽」に「速く」走り続ける事を可能にしてくれます。坂も平地もそつなくこなすBORAONEはオールラウンドホイールといえます 。<br>        <br><br><br><b>＜空気抵抗によるパワーロスを軽減し、高速域の維持を容易にします＞</b><br><br><b>平均重量：</b>1389ｇ（F：590 R：799）<br><b>リム：</b>チューブラー<br><b>リム材質：</b>カーボン<br><b>リム高/幅：</b>50/20mm<br><b>スポーク：</b>F/18本、R/21本G3(TM)<br><b>フリーボディ：</b>シマノ9/10/11Ｓ<br>（シマノ8/9/10S のスプロケット装着の場合は付属のスペーサーをご使用下さい。）<br><b>ベアリング：</b>STEEL<br><b>モデルイヤー：</b>2014年<br><b>状態：</b>新品",Campagnolo(カンパニョーロ) BORA ONE ボーラ ワン チューブラー シマノ11S用 ホイールセット 【ロードバイク】：クラウンギアーズ楽天市場店,Campagnolo(カンパニョーロ) BORA ONE ボーラ ワン チューブラー シマノ11S用 ホイールセット 【ロードバイク】,-。Campagnolo(カンパニョーロ) BORA ONE ボーラ ワン チューブラー シマノ11S用 ホイールセット 【ロードバイク】[rn]
17-152073,http://tshop.r10s.jp/mapsports-syuppin/cabinet/new04/2014120175713_1.jpg?fitin=700:700,180400.0000,,スポーツ・アウトドア > 自転車・サイクリング > 自転車用パーツ > ホイール,Campagnolo (カンパニョーロ) BORA ONE ボーラ ワン 35 クリンチャー ダークラベル ホイールセット カンパニョーロ用 2015モデル 【自転車】【ロード】,-,<B>【SPEC】</B><br>・重量：1405g（F：600ｇ　R：805ｇ）<br>・リム：クリンチャー　リム高：35mm<br>・スポーク本数：F/18本　R/21本(MEGA G3)<br>・フリーボディー：campagnolo9/10/11Ｓ,Campagnolo (カンパニョーロ) BORA ONE ボーラ ワン 35 クリンチャー ダークラベル ホイールセット カンパニョーロ用 2015モデル 【自転車】【ロード】：クラウンギアーズ楽天市場店,Campagnolo (カンパニョーロ) BORA ONE ボーラ ワン 35 クリンチャー ダークラベル ホイールセット カンパニョーロ用 2015モデル 【自転車】【ロード】,-。Campagnolo (カンパニョーロ) BORA ONE ボーラ ワン 35 クリンチャー ダークラベル ホイールセット カンパニョーロ用 2015モデル 【自転車】【ロード】[rn]
17-152074,http://tshop.r10s.jp/mapsports-syuppin/cabinet/new04/2014120175683_1.jpg?fitin=700:700,261920.0000,,スポーツ・アウトドア > 自転車・サイクリング > 自転車用パーツ > ホイール,Campagnolo (カンパニョーロ) BORA ULTRA ボーラ ウルトラ 50 クリンチャー ダークラベル ホイールセット シマノ用 2015モデル 【自転車】【ロード】,(15wintern)(wheel),<B>【SPEC】</B><br>・重量：1435g（F：630ｇ　R：805ｇ）<BR>・リム：クリンチャー　リム高：50mm<BR>・スポーク本数：F/18本　R/21本(MEGA G3)<BR>・フリーボディー：シマノ9/10/11Ｓ,Campagnolo (カンパニョーロ) BORA ULTRA ボーラ ウルトラ 50 クリンチャー ダークラベル ホイールセット シマノ用 2015モデル 【自転車】【ロード】：クラウンギアーズ楽天市場店,Campagnolo (カンパニョーロ) BORA ULTRA ボーラ ウルトラ 50 クリンチャー ダークラベル ホイールセット シマノ用 2015モデル 【自転車】【ロード】,(15wintern)(wheel)。Campagnolo (カンパニョーロ) BORA ULTRA ボーラ ウルトラ 50 クリンチャー ダークラベル ホイールセット シマノ用 2015モデル 【自転車】【ロード】[rn]
17-152075,http://tshop.r10s.jp/mapsports-syuppin/cabinet/new04/2014120175744_1.jpg?fitin=700:700,202480.0000,,スポーツ・アウトドア > 自転車・サイクリング > 自転車用パーツ > ホイール,Campagnolo (カンパニョーロ) BORA ONE ボーラ ワン 50 クリンチャー ブライトラベル ホイールセット シマノ用 2015モデル 【自転車】【ロード】,-,<B>【SPEC】</B><br>・重量：1485g（F：655ｇ　R：830ｇ）<br>・リム：クリンチャー　リム高：50mm<br>・スポーク本数：F/18本　R/21本(MEGA G3)<br>・フリーボディー：シマノ9/10/11Ｓ,Campagnolo (カンパニョーロ) BORA ONE ボーラ ワン 50 クリンチャー ブライトラベル ホイールセット シマノ用 2015モデル 【自転車】【ロード】：クラウンギアーズ楽天市場店,Campagnolo (カンパニョーロ) BORA ONE ボーラ ワン 50 クリンチャー ブライトラベル ホイールセット シマノ用 2015モデル 【自転車】【ロード】,-。Campagnolo (カンパニョーロ) BORA ONE ボーラ ワン 50 クリンチャー ブライトラベル ホイールセット シマノ用 2015モデル 【自転車】【ロード】[rn]
17-152076,http://tshop.r10s.jp/mapsports-syuppin/cabinet/new04/2014120175614_1.jpg?fitin=700:700,261200.0000,,スポーツ・アウトドア > 自転車・サイクリング > 自転車用パーツ > ホイール,Campagnolo (カンパニョーロ) BORA ULTRA ボーラ ウルトラ 35 クリンチャー ブライトラベル ホイールセット カンパニョーロ用 2015モデル 【自転車】【ロード】,-,<B>【SPEC】</B><br>・重量：1360g（F：575ｇ　R：785ｇ）<br>・リム：クリンチャー　リム高：35mm　<br>・スポーク本数：F/18本　R/21本(MEGA G3)　<br>・フリーボディー：campagnolo9/10/11Ｓ,Campagnolo (カンパニョーロ) BORA ULTRA ボーラ ウルトラ 35 クリンチャー ブライトラベル ホイールセット カンパニョーロ用 2015モデル 【自転車】【ロード】：クラウンギアーズ楽天市場店,Campagnolo (カンパニョーロ) BORA ULTRA ボーラ ウルトラ 35 クリンチャー ブライトラベル ホイールセット カンパニョーロ用 2015モデル 【自転車】【ロード】,-。Campagnolo (カンパニョーロ) BORA ULTRA ボーラ ウルトラ 35 クリンチャー ブライトラベル ホイールセット カンパニョーロ用 2015モデル 【自転車】【ロード】[rn]
17-152077,http://tshop.r10s.jp/mapsports-syuppin/cabinet/new04/2014120175621_1.jpg?fitin=700:700,261920.0000,,スポーツ・アウトドア > 自転車・サイクリング > 自転車用パーツ > ホイール,Campagnolo (カンパニョーロ) BORA ULTRA ボーラ ウルトラ 35 クリンチャー ブライトラベル ホイールセット シマノ用 2015モデル 【自転車】【ロード】,-,<B>【SPEC】</B><br>・重量：1360g（F：575ｇ　R：785ｇ）<BR>・リム：クリンチャー　リム高：35mm<BR>・スポーク本数：F/18本　R/21本(MEGA G3)<BR>・フリーボディー：シマノ9/10/11Ｓ,Campagnolo (カンパニョーロ) BORA ULTRA ボーラ ウルトラ 35 クリンチャー ブライトラベル ホイールセット シマノ用 2015モデル 【自転車】【ロード】：クラウンギアーズ楽天市場店,Campagnolo (カンパニョーロ) BORA ULTRA ボーラ ウルトラ 35 クリンチャー ブライトラベル ホイールセット シマノ用 2015モデル 【自転車】【ロード】,-。Campagnolo (カンパニョーロ) BORA ULTRA ボーラ ウルトラ 35 クリンチャー ブライトラベル ホイールセット シマノ用 2015モデル 【自転車】【ロード】[rn]
17-152078,http://tshop.r10s.jp/mapsports-syuppin/cabinet/new04/2014120175720_1.jpg?fitin=700:700,202480.0000,,スポーツ・アウトドア > 自転車・サイクリング > 自転車用パーツ > ホイール,Campagnolo (カンパニョーロ) BORA ONE ボーラ ワン 35 クリンチャー ダークラベル ホイールセット シマノ用 2015モデル 【自転車】【ロード】,-,<B>【SPEC】</B><br>・重量：1405g（F：600ｇ　R：805ｇ）<br>・リム：クリンチャー　リム高：35mm<br>・スポーク本数：F/18本　R/21本(MEGA G3)<br>・フリーボディー：シマノ9/10/11Ｓ,Campagnolo (カンパニョーロ) BORA ONE ボーラ ワン 35 クリンチャー ダークラベル ホイールセット シマノ用 2015モデル 【自転車】【ロード】：クラウンギアーズ楽天市場店,Campagnolo (カンパニョーロ) BORA ONE ボーラ ワン 35 クリンチャー ダークラベル ホイールセット シマノ用 2015モデル 【自転車】【ロード】,-。Campagnolo (カンパニョーロ) BORA ONE ボーラ ワン 35 クリンチャー ダークラベル ホイールセット シマノ用 2015モデル 【自転車】【ロード】[rn]
17-152079,http://tshop.r10s.jp/mapsports-syuppin/cabinet/new04/2014120174075_1.jpg?fitin=700:700,109200.0000,,スポーツ・アウトドア > 自転車・サイクリング > 自転車用パーツ > ホイール,Campagnolo (カンパニョーロ) SHAMAL ULTRA シャマル ウルトラ チューブラー ブラック ホイールセット カンパニョーロ用 2015モデル 【自転車】【RCP】【05P30Nov14】,,<B>【SPEC】</B><br>・重量：1426g(F：612ｇ　R：813g)<br>・リム：チューブラー<br>・リム幅：20.5mm<br>・リム高：Ｆ/24.5mm R/28.5mm<br>・スポーク本数：F/16本　R/21本ＭＥＧA Ｇ3<br>・フリーボディ：カンパ9/10/11Ｓ,Campagnolo (カンパニョーロ) SHAMAL ULTRA シャマル ウルトラ チューブラー ブラック ホイールセット カンパニョーロ用 2015モデル 【自転車】【RCP】【05P30Nov14】：クラウンギアーズ楽天市場店,Campagnolo (カンパニョーロ) SHAMAL ULTRA シャマル ウルトラ チューブラー ブラック ホイールセット カンパニョーロ用 2015モデル 【自転車】【RCP】【05P30Nov14】,Campagnolo (カンパニョーロ) SHAMAL ULTRA シャマル ウルトラ チューブラー ブラック ホイールセット カンパニョーロ用 2015モデル 【自転車】【RCP】【05P30Nov14】[rn]
17-152080,http://tshop.r10s.jp/mapsports-syuppin/cabinet/new04/2014120174150_1.jpg?fitin=700:700,114000.0000,,スポーツ・アウトドア > 自転車・サイクリング > 自転車用パーツ > ホイール,Campagnolo (カンパニョーロ) SHAMAL ULTRA シャマル ウルトラ 2-WAY FIT クリンチャー・チューブレス両対応 ダークラベル ホイールセット カンパニョーロ用2015モデル 【自転車】【RCP】【05P30Nov14】,,<B>【SPEC】</B><br>・ダークラベルバージョン<br>・重量：1440g(F：615ｇ　R：825g)<br>・リム：2-WAY FIT<br>・リム幅：20.5mm<br>・リム高：Ｆ/24mm R/28mm<br>・スポーク本数：F/16本　R/21本ＭＥＧA Ｇ3<br>・フリーボディ：カンパ9/10/11Ｓ<br>,Campagnolo (カンパニョーロ) SHAMAL ULTRA シャマル ウルトラ 2-WAY FIT クリンチャー・チューブレス両対応 ダークラベル ホイールセット カンパニョーロ用2015モデル 【自転車】【RCP】【05P30Nov14】：クラウンギアーズ楽天市場店,Campagnolo (カンパニョーロ) SHAMAL ULTRA シャマル ウルトラ 2-WAY FIT クリンチャー・チューブレス両対応 ダークラベル ホイールセット カンパニョーロ用2015モデル 【自転車】【RCP】【05P30Nov14】,Campagnolo (カンパニョーロ) SHAMAL ULTRA シャマル ウルトラ 2-WAY FIT クリンチャー・チューブレス両対応 ダークラベル ホイールセット カンパニョーロ用2015モデル 【自転車】【RCP】【05P30Nov14】[rn]
17-152081,http://tshop.r10s.jp/mapsports-syuppin/cabinet/new04/2014120175676_1.jpg?fitin=700:700,261200.0000,,スポーツ・アウトドア > 自転車・サイクリング > 自転車用パーツ > ホイール,Campagnolo (カンパニョーロ) BORA ULTRA ボーラ ウルトラ 50 クリンチャー ダークラベル ホイールセット カンパニョーロ用 2015モデル 【自転車】【ロード】,-,<B>【SPEC】</B><br>・重量：1435g（F：630ｇ　R：805ｇ）<BR>・リム：クリンチャー　リム高：50mm<BR>・スポーク本数：F/18本　R/21本(MEGA G3)<BR>・フリーボディー：campagnolo9/10/11Ｓ,Campagnolo (カンパニョーロ) BORA ULTRA ボーラ ウルトラ 50 クリンチャー ダークラベル ホイールセット カンパニョーロ用 2015モデル 【自転車】【ロード】：クラウンギアーズ楽天市場店,Campagnolo (カンパニョーロ) BORA ULTRA ボーラ ウルトラ 50 クリンチャー ダークラベル ホイールセット カンパニョーロ用 2015モデル 【自転車】【ロード】,-。Campagnolo (カンパニョーロ) BORA ULTRA ボーラ ウルトラ 50 クリンチャー ダークラベル ホイールセット カンパニョーロ用 2015モデル 【自転車】【ロード】[rn]
17-152082,http://tshop.r10s.jp/mapsports-syuppin/cabinet/new04/2014120175751_1.jpg?fitin=700:700,201760.0000,,スポーツ・アウトドア > 自転車・サイクリング > 自転車用パーツ > ホイール,Campagnolo (カンパニョーロ) BORA ONE ボーラ ワン 50 クリンチャー ダークラベル ホイールセット カンパニョーロ用 2015モデル 【自転車】【ロード】,-,<B>【SPEC】</B><br>・重量：1485g（F：655ｇ　R：830ｇ）<br>・リム：クリンチャー　リム高：50mm<br>・スポーク本数：F/18本　R/21本(MEGA G3)<br>・フリーボディー：campagnolo9/10/11Ｓ,Campagnolo (カンパニョーロ) BORA ONE ボーラ ワン 50 クリンチャー ダークラベル ホイールセット カンパニョーロ用 2015モデル 【自転車】【ロード】：クラウンギアーズ楽天市場店,Campagnolo (カンパニョーロ) BORA ONE ボーラ ワン 50 クリンチャー ダークラベル ホイールセット カンパニョーロ用 2015モデル 【自転車】【ロード】,-。Campagnolo (カンパニョーロ) BORA ONE ボーラ ワン 50 クリンチャー ダークラベル ホイールセット カンパニョーロ用 2015モデル 【自転車】【ロード】[rn]
17-152083,http://tshop.r10s.jp/mapsports-syuppin/cabinet/new04/2014120175669_1.jpg?fitin=700:700,261920.0000,,スポーツ・アウトドア > 自転車・サイクリング > 自転車用パーツ > ホイール,Campagnolo (カンパニョーロ) BORA ULTRA ボーラ ウルトラ 50 クリンチャー ブライトラベル ホイールセット シマノ用 2015モデル 【自転車】【ロード】,-,<B>【SPEC】</B><br>・重量：1435g（F：630ｇ　R：805ｇ）<BR>・リム：クリンチャー　リム高：50mm<BR>・スポーク本数：F/18本　R/21本(MEGA G3)<BR>・フリーボディー：シマノ9/10/11Ｓ,Campagnolo (カンパニョーロ) BORA ULTRA ボーラ ウルトラ 50 クリンチャー ブライトラベル ホイールセット シマノ用 2015モデル 【自転車】【ロード】：クラウンギアーズ楽天市場店,Campagnolo (カンパニョーロ) BORA ULTRA ボーラ ウルトラ 50 クリンチャー ブライトラベル ホイールセット シマノ用 2015モデル 【自転車】【ロード】,-。Campagnolo (カンパニョーロ) BORA ULTRA ボーラ ウルトラ 50 クリンチャー ブライトラベル ホイールセット シマノ用 2015モデル 【自転車】【ロード】[rn]
17-152084,http://tshop.r10s.jp/mapsports-syuppin/cabinet/new04/2014120175768_1.jpg?fitin=700:700,202480.0000,,スポーツ・アウトドア > 自転車・サイクリング > 自転車用パーツ > ホイール,Campagnolo (カンパニョーロ) BORA ONE ボーラ ワン 50 クリンチャー ダークラベル ホイールセット シマノ用 2015モデル 【自転車】【ロード】,-,<B>【SPEC】</B><br>・重量：1485g（F：655ｇ　R：830ｇ）<br>・リム：クリンチャー　リム高：50mm<br>・スポーク本数：F/18本　R/21本(MEGA G3)<br>・フリーボディー：シマノ9/10/11Ｓ,Campagnolo (カンパニョーロ) BORA ONE ボーラ ワン 50 クリンチャー ダークラベル ホイールセット シマノ用 2015モデル 【自転車】【ロード】：クラウンギアーズ楽天市場店,Campagnolo (カンパニョーロ) BORA ONE ボーラ ワン 50 クリンチャー ダークラベル ホイールセット シマノ用 2015モデル 【自転車】【ロード】,-。Campagnolo (カンパニョーロ) BORA ONE ボーラ ワン 50 クリンチャー ダークラベル ホイールセット シマノ用 2015モデル 【自転車】【ロード】[rn]
17-152085,http://tshop.r10s.jp/mapsports-syuppin/cabinet/new04/2014120175645_1.jpg?fitin=700:700,261920.0000,,スポーツ・アウトドア > 自転車・サイクリング > 自転車用パーツ > ホイール,Campagnolo (カンパニョーロ) BORA ULTRA ボーラ ウルトラ 35 クリンチャー ダークラベル ホイールセット シマノ用 2015モデル 【自転車】【ロード】,-,<B>【SPEC】</B><br>・重量：1360g（F：575ｇ　R：785ｇ）<BR>・リム：クリンチャー　リム高：35mm<BR>・スポーク本数：F/18本　R/21本(MEGA G3)<BR>・フリーボディー：シマノ9/10/11Ｓ,Campagnolo (カンパニョーロ) BORA ULTRA ボーラ ウルトラ 35 クリンチャー ダークラベル ホイールセット シマノ用 2015モデル 【自転車】【ロード】：クラウンギアーズ楽天市場店,Campagnolo (カンパニョーロ) BORA ULTRA ボーラ ウルトラ 35 クリンチャー ダークラベル ホイールセット シマノ用 2015モデル 【自転車】【ロード】,-。Campagnolo (カンパニョーロ) BORA ULTRA ボーラ ウルトラ 35 クリンチャー ダークラベル ホイールセット シマノ用 2015モデル 【自転車】【ロード】[rn]
17-152086,http://tshop.r10s.jp/mapsports-syuppin/cabinet/new04/2014120174846_1.jpg?fitin=700:700,114720.0000,,スポーツ・アウトドア > 自転車・サイクリング > 自転車用パーツ > ホイール,Campagnolo (カンパニョーロ) SHAMAL ULTRA シャマル ウルトラ 2-WAY FIT クリンチャー・チューブレス両対応 ダークラベル ホイールセット シマノ用 2015モデル 【自転車】【RCP】【05P30Nov14】,,<B>【SPEC】</B><br>・ダークラベルバージョン<br>・重量：1479g(F：615ｇ　R：864g)<br>・リム：2-WAY FIT<br>・リム幅：20.5mm<br>・リム高：Ｆ/24mm R/28mm<br>・スポーク本数：F/16本　R/21本ＭＥＧA Ｇ3<br>・フリーボディ：シマノ9/10/11Ｓ <br>,Campagnolo (カンパニョーロ) SHAMAL ULTRA シャマル ウルトラ 2-WAY FIT クリンチャー・チューブレス両対応 ダークラベル ホイールセット シマノ用 2015モデル 【自転車】【RCP】【05P30Nov14】：クラウンギアーズ楽天市場店,Campagnolo (カンパニョーロ) SHAMAL ULTRA シャマル ウルトラ 2-WAY FIT クリンチャー・チューブレス両対応 ダークラベル ホイールセット シマノ用 2015モデル 【自転車】【RCP】【05P30Nov14】,Campagnolo (カンパニョーロ) SHAMAL ULTRA シャマル ウルトラ 2-WAY FIT クリンチャー・チューブレス両対応 ダークラベル ホイールセット シマノ用 2015モデル 【自転車】【RCP】【05P30Nov14】[rn]
17-152087,http://tshop.r10s.jp/mapsports-syuppin/cabinet/new04/2014120174112_1.jpg?fitin=700:700,114000.0000,,スポーツ・アウトドア > 自転車・サイクリング > 自転車用パーツ > ホイール,Campagnolo (カンパニョーロ) SHAMAL ULTRA シャマル ウルトラ 2-WAY FIT クリンチャー・チューブレス両対応 ブラック ホイールセット カンパニョーロ用 2015モデル 【自転車】【RCP】【05P30Nov14】,,<B>【SPEC】</B><br>・重量：1440g(F：615ｇ　R：825g)<br>・リム：2-WAY FIT<br>・リム幅：20.5mm<br>・リム高：Ｆ/24mm R/28mm<br>・スポーク本数：F/16本　R/21本ＭＥＧA Ｇ3<br>・フリーボディ：カンパ9/10/11Ｓ,Campagnolo (カンパニョーロ) SHAMAL ULTRA シャマル ウルトラ 2-WAY FIT クリンチャー・チューブレス両対応 ブラック ホイールセット カンパニョーロ用 2015モデル 【自転車】【RCP】【05P30Nov14】：クラウンギアーズ楽天市場店,Campagnolo (カンパニョーロ) SHAMAL ULTRA シャマル ウルトラ 2-WAY FIT クリンチャー・チューブレス両対応 ブラック ホイールセット カンパニョーロ用 2015モデル 【自転車】【RCP】【05P30Nov14】,Campagnolo (カンパニョーロ) SHAMAL ULTRA シャマル ウルトラ 2-WAY FIT クリンチャー・チューブレス両対応 ブラック ホイールセット カンパニョーロ用 2015モデル 【自転車】【RCP】【05P30Nov14】[rn]
17-152088,http://tshop.r10s.jp/mapsports-syuppin/cabinet/new04/2014120175706_1.jpg?fitin=700:700,180960.0000,,スポーツ・アウトドア > 自転車・サイクリング > 自転車用パーツ > ホイール,Campagnolo (カンパニョーロ) BORA ONE ボーラ ワン 35 クリンチャー ブライトラベル ホイールセット シマノ用 2015モデル 【自転車】【ロード】,-,<B>【SPEC】</B><br>・重量：1405g（F：600ｇ　R：805ｇ）<br>・リム：クリンチャー　リム高：35mm<br>・スポーク本数：F/18本　R/21本(MEGA G3)<br>・フリーボディー：シマノ9/10/11Ｓ,Campagnolo (カンパニョーロ) BORA ONE ボーラ ワン 35 クリンチャー ブライトラベル ホイールセット シマノ用 2015モデル 【自転車】【ロード】：クラウンギアーズ楽天市場店,Campagnolo (カンパニョーロ) BORA ONE ボーラ ワン 35 クリンチャー ブライトラベル ホイールセット シマノ用 2015モデル 【自転車】【ロード】,-。Campagnolo (カンパニョーロ) BORA ONE ボーラ ワン 35 クリンチャー ブライトラベル ホイールセット シマノ用 2015モデル 【自転車】【ロード】[rn]
17-152089,http://tshop.r10s.jp/mapsports-syuppin/cabinet/new04/2014120174136_1.jpg?fitin=700:700,109200.0000,,スポーツ・アウトドア > 自転車・サイクリング > 自転車用パーツ > ホイール,Campagnolo (カンパニョーロ)SHAMAL ULTRA シャマル ウルトラ クリンチャー ダークラベル ホイールセット カンパニョーロ用 2015モデル 【自転車】【RCP】【05P30Nov14】,,<B>【SPEC】</B><br>・ダークラベルバージョン<br>・重量：1425g(F：605ｇ　R：820g)<br>・リム：クリンチャー<br>・リム幅：20.5mm<br>・リム高：Ｆ/24mm R/30mm<br>・スポーク本数：F/16本　R/21本ＭＥＧA Ｇ3<br>・フリーボディ：カンパ9/10/11Ｓ<br>,Campagnolo (カンパニョーロ)SHAMAL ULTRA シャマル ウルトラ クリンチャー ダークラベル ホイールセット カンパニョーロ用 2015モデル 【自転車】【RCP】【05P30Nov14】：クラウンギアーズ楽天市場店,Campagnolo (カンパニョーロ)SHAMAL ULTRA シャマル ウルトラ クリンチャー ダークラベル ホイールセット カンパニョーロ用 2015モデル 【自転車】【RCP】【05P30Nov14】,Campagnolo (カンパニョーロ)SHAMAL ULTRA シャマル ウルトラ クリンチャー ダークラベル ホイールセット カンパニョーロ用 2015モデル 【自転車】【RCP】【05P30Nov14】[rn]
17-152090,http://tshop.r10s.jp/mapsports-syuppin/cabinet/new04/2014120175638_1.jpg?fitin=700:700,261200.0000,,スポーツ・アウトドア > 自転車・サイクリング > 自転車用パーツ > ホイール,Campagnolo (カンパニョーロ) BORA ULTRA ボーラ ウルトラ 35 クリンチャー ダークラベル ホイールセット カンパニョーロ用 2015モデル 【自転車】【ロード】,-,<B>【SPEC】</B><br>・重量：1360g（F：575ｇ　R：785ｇ）<br>・リム：クリンチャー　リム高：35mm　<br>・スポーク本数：F/18本　R/21本(MEGA G3)　<br>・フリーボディー：campagnolo9/10/11Ｓ,Campagnolo (カンパニョーロ) BORA ULTRA ボーラ ウルトラ 35 クリンチャー ダークラベル ホイールセット カンパニョーロ用 2015モデル 【自転車】【ロード】：クラウンギアーズ楽天市場店,Campagnolo (カンパニョーロ) BORA ULTRA ボーラ ウルトラ 35 クリンチャー ダークラベル ホイールセット カンパニョーロ用 2015モデル 【自転車】【ロード】,-。Campagnolo (カンパニョーロ) BORA ULTRA ボーラ ウルトラ 35 クリンチャー ダークラベル ホイールセット カンパニョーロ用 2015モデル 【自転車】【ロード】[rn]
17-152091,http://tshop.r10s.jp/mapsports-syuppin/cabinet/new04/2014120175690_1.jpg?fitin=700:700,180400.0000,,スポーツ・アウトドア > 自転車・サイクリング > 自転車用パーツ > ホイール,Campagnolo (カンパニョーロ) BORA ONE ボーラ ワン 35 クリンチャー ブライトラベル ホイールセット カンパニョーロ用 2015モデル 【自転車】【ロード】,-,<B>【SPEC】</B><br>・重量：1405g（F：600ｇ　R：805ｇ）<br>・リム：クリンチャー　リム高：35mm<br>・スポーク本数：F/18本　R/21本(MEGA G3)<br>・フリーボディー：campagnolo9/10/11Ｓ,Campagnolo (カンパニョーロ) BORA ONE ボーラ ワン 35 クリンチャー ブライトラベル ホイールセット カンパニョーロ用 2015モデル 【自転車】【ロード】：クラウンギアーズ楽天市場店,Campagnolo (カンパニョーロ) BORA ONE ボーラ ワン 35 クリンチャー ブライトラベル ホイールセット カンパニョーロ用 2015モデル 【自転車】【ロード】,-。Campagnolo (カンパニョーロ) BORA ONE ボーラ ワン 35 クリンチャー ブライトラベル ホイールセット カンパニョーロ用 2015モデル 【自転車】【ロード】[rn]
17-152092,http://tshop.r10s.jp/mapsports-syuppin/cabinet/new_057/4524667355670_1.jpg?fitin=700:700,22128.0000,,スポーツ・アウトドア > 自転車・サイクリング > 自転車用パーツ > ホイール,SHIMANO (シマノ) WH-RS61-TL ホイールセット チューブレス対応 シマノ11S (クイック長163mm)【自転車】【RCP】【05P30Nov14】【05P05Apr14M】,　,"<!--検索キーワード--><font color=""#FFFFFF"">(shimanowheelp5)(shimanop5)</font><br><!--SHIMANO15％OFF--><font color=""#FF0000"">※商品の説明、その他詳細はPCサイトをご覧下さい。</font>",SHIMANO (シマノ) WH-RS61-TL ホイールセット チューブレス対応 シマノ11S (クイック長163mm)【自転車】【RCP】【05P30Nov14】【05P05Apr14M】：クラウンギアーズ楽天市場店,SHIMANO (シマノ) WH-RS61-TL ホイールセット チューブレス対応 シマノ11S (クイック長163mm)【自転車】【RCP】【05P30Nov14】【05P05Apr14M】,　。SHIMANO (シマノ) WH-RS61-TL ホイールセット チューブレス対応 シマノ11S (クイック長163mm)【自転車】【RCP】【05P30Nov14】【05P05Apr14M】[rn]
17-152093,http://tshop.r10s.jp/mapsports-syuppin/cabinet/new_057/4524667355854_1.jpg?fitin=700:700,16400.0000,,スポーツ・アウトドア > 自転車・サイクリング > 自転車用パーツ > ホイール,SHIMANO (シマノ) WH-RS21 ホイールセット クリンチャー シマノ11S シルバー (クイック長163mm)【自転車】【RCP】【05P30Nov14】【RCP】【05P20Dec13】,　,"<!--検索キーワード--><font color=""#FFFFFF"">(shimanowheelp5)(shimanop5)</font><br><font color=""#FF0000"">※商品の説明、その他詳細はPCサイトをご覧下さい。</font>",SHIMANO (シマノ) WH-RS21 ホイールセット クリンチャー シマノ11S シルバー (クイック長163mm)【自転車】【RCP】【05P30Nov14】【RCP】【05P20Dec13】：クラウンギアーズ楽天市場店,SHIMANO (シマノ) WH-RS21 ホイールセット クリンチャー シマノ11S シルバー (クイック長163mm)【自転車】【RCP】【05P30Nov14】【RCP】【05P20Dec13】,　。SHIMANO (シマノ) WH-RS21 ホイールセット クリンチャー シマノ11S シルバー (クイック長163mm)【自転車】【RCP】【05P30Nov14】【RCP】【05P20Dec13】[rn]
17-152094,http://tshop.r10s.jp/mapsports-syuppin/cabinet/new_031/4524667355748_1.jpg?fitin=700:700,17152.0000,,スポーツ・アウトドア > 自転車・サイクリング > 自転車用パーツ > ホイール,SHIMANO (シマノ) WH-RS21 ホイールセット クリンチャー シマノ11S ホワイト (クイック長163mm)【自転車】【RCP】【05P20Dec13】,　,"<!--検索キーワード--><font color=""#FFFFFF"">(shimanowheelp5)(shimanop5)</font><br><font color=""#FF0000"">※商品の説明、その他詳細はPCサイトをご覧下さい。</font>",SHIMANO (シマノ) WH-RS21 ホイールセット クリンチャー シマノ11S ホワイト (クイック長163mm)【自転車】【RCP】【05P20Dec13】：クラウンギアーズ楽天市場店,SHIMANO (シマノ) WH-RS21 ホイールセット クリンチャー シマノ11S ホワイト (クイック長163mm)【自転車】【RCP】【05P20Dec13】,　。SHIMANO (シマノ) WH-RS21 ホイールセット クリンチャー シマノ11S ホワイト (クイック長163mm)【自転車】【RCP】【05P20Dec13】[rn]
17-152095,http://tshop.r10s.jp/mapsports-syuppin/cabinet/02546252/4524667226222_1.jpg?fitin=700:700,53160.0000,,スポーツ・アウトドア > 自転車・サイクリング > 自転車用パーツ > ホイール,SHIMANO (シマノ) WH-RS81 C24 ホイールセット クリンチャー シマノ11S  【自転車】【RCP】【05P30Nov14】,(shimanowh1511),"<!--検索キーワード--><font color=""#FFFFFF"">(shimanowheelp5)(shimanop5)</font><br><!--SHIMANO15％OFF--><font color=""#FFFFFF"">(we0311sl)</font><br><font color=""#FF0000"">※商品の説明、その他詳細はPCサイトをご覧下さい。</font>",SHIMANO (シマノ) WH-RS81 C24 ホイールセット クリンチャー シマノ11S  【自転車】【RCP】【05P30Nov14】：クラウンギアーズ楽天市場店,SHIMANO (シマノ) WH-RS81 C24 ホイールセット クリンチャー シマノ11S  【自転車】【RCP】【05P30Nov14】,(shimanowh1511)。SHIMANO (シマノ) WH-RS81 C24 ホイールセット クリンチャー シマノ11S  【自転車】【RCP】【05P30Nov14】[rn]
17-152096,http://tshop.r10s.jp/mapsports-syuppin/cabinet/new02/4524667355687_1.jpg?fitin=700:700,7536.0000,,スポーツ・アウトドア > 自転車・サイクリング > 自転車用パーツ > ホイール,SHIMANO(シマノ) WH-RS21 クリンチャー フロント用 シルバー  【自転車】【RCP】【05P30Nov14】,-,"<!--検索キーワード--><font color=""#FFFFFF"">(shimanowheelp5)(shimanop5)</font><br><font color=""#FF0000"">※商品の説明、その他詳細はPCサイトをご覧下さい。</font>",SHIMANO(シマノ) WH-RS21 クリンチャー フロント用 シルバー  【自転車】【RCP】【05P30Nov14】：クラウンギアーズ楽天市場店,SHIMANO(シマノ) WH-RS21 クリンチャー フロント用 シルバー  【自転車】【RCP】【05P30Nov14】,-。SHIMANO(シマノ) WH-RS21 クリンチャー フロント用 シルバー  【自転車】【RCP】【05P30Nov14】[rn]
17-152097,http://tshop.r10s.jp/mapsports-syuppin/cabinet/wheel/4524667226185_1.jpg?fitin=700:700,88336.0000,,スポーツ・アウトドア > 自転車・サイクリング > 自転車用パーツ > ホイール,SHIMANO (シマノ) WH-RS81 C50 ホイールセット クリンチャー シマノ11s用  【自転車】【RCP】【05P30Nov14】,(shimanowh1511),"<!--検索キーワード--><font color=""#FFFFFF"">(shimanowheelp5)(shimanop5)</font><br><!--SHIMANO15％OFF--><font color=""#FFFFFF"">(we0311sl)</font><br><font color=""#FF0000"">※商品の説明、その他詳細はPCサイトをご覧下さい。</font>",SHIMANO (シマノ) WH-RS81 C50 ホイールセット クリンチャー シマノ11s用  【自転車】【RCP】【05P30Nov14】：クラウンギアーズ楽天市場店,SHIMANO (シマノ) WH-RS81 C50 ホイールセット クリンチャー シマノ11s用  【自転車】【RCP】【05P30Nov14】,(shimanowh1511)。SHIMANO (シマノ) WH-RS81 C50 ホイールセット クリンチャー シマノ11s用  【自転車】【RCP】【05P30Nov14】[rn]
17-152098,http://tshop.r10s.jp/mapsports-syuppin/cabinet/new02/4524667355809_1.jpg?fitin=700:700,8856.0000,,スポーツ・アウトドア > 自転車・サイクリング > 自転車用パーツ > ホイール,SHIMANO(シマノ) WH-RS21 クリンチャー リア用 シルバー  【自転車】【RCP】【05P30Nov14】,-,"<!--検索キーワード--><font color=""#FFFFFF"">(shimanowheelp5)(shimanop5)</font><br><font color=""#FF0000"">※商品の説明、その他詳細はPCサイトをご覧下さい。</font>",SHIMANO(シマノ) WH-RS21 クリンチャー リア用 シルバー  【自転車】【RCP】【05P30Nov14】：クラウンギアーズ楽天市場店,SHIMANO(シマノ) WH-RS21 クリンチャー リア用 シルバー  【自転車】【RCP】【05P30Nov14】,-。SHIMANO(シマノ) WH-RS21 クリンチャー リア用 シルバー  【自転車】【RCP】【05P30Nov14】[rn]
