20-117601,http://tshop.r10s.jp/g-life/cabinet/trusco/t010004397412.jpg?fitin=700:700,6080.0000,,花・ガーデン・DIY > ガーデニング・農業 > 剪定用具 > 園芸用はさみ,【アルス】伸縮式高枝鋏ズ－ムチョキチルトＲ剪定タイプロング３．０　１８０ＺＴＲ３．０５Ｄ【FS】【TC】【園芸用品】 楽天,,●高所の切断作業を強力サポートします。●太い枝も確実にカットします。●鍛造刃で切れ味、耐久性が20％アップしました。●左右30°に刃先角度を変えられます。●製品安全協会のSGマーク認定商品のため安全・安心です。●剪定作業に最適です。●替刃式で経済的です。<br><br>※こちらの商品はお取り寄せ商品です。<br>ご注文後に在庫切れが判明した場合、お届けまでお時間を頂戴致します。<br>また、完売が判明した場合、ご注文キャンセルさせていただく場合がございます。<br>予めご了承くださいませ。<br><br>,【アルス】伸縮式高枝鋏ズ&minus;ムチョキチルトＲ剪定タイプロング３．０　１８０ＺＴＲ３．０５Ｄ【FS】【TC】【園芸用品】 楽天：ガーデニングライフ,通信販売通販ショッピングオンラインショッピング買い物プレゼントギフト贈り物贈答品お中元お歳暮お買い得【アルス】伸縮式高枝鋏ズ&minus;ムチョキチルトＲ剪定タイプロング３．０　１８０ＺＴＲ３．０５Ｄ【FS】【TC】【園芸用品】 楽天,　。【アルス】伸縮式高枝鋏ズ&minus;ムチョキチルトＲ剪定タイプロング３．０　１８０ＺＴＲ３．０５Ｄ【FS】【TC】【園芸用品】 楽天[rn]
20-117602,http://tshop.r10s.jp/g-life/cabinet/tasya7/9437014-e.jpg?fitin=700:700,4519.2000,,花・ガーデン・DIY > ガーデニング・農業 > 剪定用具 > 園芸用はさみ,【送料無料】ニシガキ 木助 鍛造剪定鋏 A型 N-221【TC】【FS】剪定はさみ/剪定ハサミ/園芸用品/ガーデニング用品 楽天,,"軽量タイプで強靭なオール鍛造品なので、鋭い切れ味！<br>
鏡面仕上げなので、喰い込みがよくなってます。<br>
調整が簡単な緩み止め付ナットを使用。<br>
ハンドル部分にも高級刃物鋼を使用し、幅広形状なので握りやすくなっています。<br>
操作が簡単な止め具付なので、使用後は安全に保管できます。<br>
<br>
●商品サイズ（約）<br>
全長：20cm<br>
刃長：6.5cm<br>
●重量（約）：210g<br>
●材質：高級刃物鋼<br>
●原産国：日本<br>
●使用用途：果樹・植木剪定用（剪定全般）<br>
<br>
【注意事項】<br>
・鋭利な鋏ですので15mm以上の生枝&枯枝は、切らないでください。刃が欠ける原因になります。<br>
・枝を挟みこんだ状態でこじらないでください。刃の欠けやヒズミが変わる原因になります。<br>
・パソコン画面上と実物では、多少色合い等が異なって見える場合がございますことを予めご了承下さい。<br><br><b>★ニシガキ 木助 ライト植木鋏 2寸刃 N-705　←こちらもおすすめ♪</b><br><br><br>※こちらの商品はお取り寄せ商品です。<br>ご注文後に在庫切れが判明した場合、お届けまでお時間を頂戴致します。<br>また、完売が判明した場合、ご注文キャンセルさせていただく場合がございます。<br>予めご了承くださいませ。<br><br>",【送料無料】ニシガキ 木助 鍛造剪定鋏 A型 N-221【TC】【FS】剪定はさみ/剪定ハサミ/園芸用品/ガーデニング用品 楽天：ガーデニングライフ,通信販売通販ショッピングオンラインショッピング買い物プレゼントギフト贈り物贈答品お中元お歳暮お買い得【送料無料】ニシガキ 木助 鍛造剪定鋏 A型 N-221【TC】【FS】剪定はさみ/剪定ハサミ/園芸用品/ガーデニング用品 楽天,　。【送料無料】ニシガキ 木助 鍛造剪定鋏 A型 N-221【TC】【FS】剪定はさみ/剪定ハサミ/園芸用品/ガーデニング用品 楽天[rn]
20-117603,http://tshop.r10s.jp/g-life/cabinet/tasya8/9439195-e.jpg?fitin=700:700,747.2000,,花・ガーデン・DIY > ガーデニング・農業 > 剪定用具 > 園芸用はさみ,サボテン 両手が使える収穫鋏 曲刃 NO.1316 オレンジ【TC】【FS】 楽天,,"野菜などを傷つけず収穫する鋏です。<br>農作業の効率アップと作業をしやすくするという観点から作られ、作業性に優れています！<br>手のひらに入り手元で野菜や果実を収穫できます。<br>カーブ刃なので実をキズ付けにくく安心♪<br>手のひらサイズの軽量コンパクトタイプ。<br><br>
●曲刃<br>
●全長：約11cm<br>
●重量：約45g<br>
●材質：刃物鋼SK-5、TPR樹脂<br><br><br>
<font size=-1>◇◆おススメ商品◆◇<br>
<b>★サボテン　両手が使える収穫鋏　長直　NO.1311　オレンジ</b><br>
<b>★サボテン　両手が使える収穫鋏　短直　NO.1312　オレンジ</b><br>
<b>★サボテン　両手が使える収穫鋏　長曲　NO.1313　オレンジ</b><br>
<b>★サボテン　両手が使える収穫鋏　短曲　NO.1314　オレンジ</b><br>
<b>★サボテン　両手が使える収穫鋏　直刃　NO.1315　オレンジ</b><br>
<b>★サボテン　両手が使える収穫鋏　曲刃　NO.1316　オレンジ</b><br>
<b>★サボテン　両手が使える収穫鋏　農家用　NO.1318　オレンジ</b><br>
<b>★サボテン　両手が使える収穫鋏　農家用　NO.1318-S　オレンジ</b><br>
</font><br><br>※こちらの商品はお取り寄せ商品です。<br>ご注文後に在庫切れが判明した場合、お届けまでお時間を頂戴致します。<br>また、完売が判明した場合、ご注文キャンセルさせていただく場合がございます。<br>予めご了承くださいませ。<br><br>",サボテン 両手が使える収穫鋏 曲刃 NO.1316 オレンジ【TC】【FS】 楽天：ガーデニングライフ,通信販売通販ショッピングオンラインショッピング買い物プレゼントギフト贈り物贈答品お中元お歳暮お買い得サボテン 両手が使える収穫鋏 曲刃 NO.1316 オレンジ【TC】【FS】 楽天,　。サボテン 両手が使える収穫鋏 曲刃 NO.1316 オレンジ【TC】【FS】 楽天[rn]
20-117604,http://tshop.r10s.jp/g-life/cabinet/trusco/t010004397410.jpg?fitin=700:700,6080.0000,,花・ガーデン・DIY > ガーデニング・農業 > 剪定用具 > 園芸用はさみ,【アルス】伸縮式高枝鋏ズ－ムチョキチルトＲ刈込タイプロング３．１　１９０ＺＴＲ３．１５Ｄ【FS】【TC】【園芸用品】 楽天,,●刃が長く一度にたくさんカットできます。●高所の刈り込み作業に最適です。●左右30°に刃先角度を変えられます。●製品安全協会のSGマーク認定商品のため安全・安心です。●替刃式で経済的です。<br><br>※こちらの商品はお取り寄せ商品です。<br>ご注文後に在庫切れが判明した場合、お届けまでお時間を頂戴致します。<br>また、完売が判明した場合、ご注文キャンセルさせていただく場合がございます。<br>予めご了承くださいませ。<br><br>,【アルス】伸縮式高枝鋏ズ&minus;ムチョキチルトＲ刈込タイプロング３．１　１９０ＺＴＲ３．１５Ｄ【FS】【TC】【園芸用品】 楽天：ガーデニングライフ,通信販売通販ショッピングオンラインショッピング買い物プレゼントギフト贈り物贈答品お中元お歳暮お買い得【アルス】伸縮式高枝鋏ズ&minus;ムチョキチルトＲ刈込タイプロング３．１　１９０ＺＴＲ３．１５Ｄ【FS】【TC】【園芸用品】 楽天,　。【アルス】伸縮式高枝鋏ズ&minus;ムチョキチルトＲ刈込タイプロング３．１　１９０ＺＴＲ３．１５Ｄ【FS】【TC】【園芸用品】 楽天[rn]
20-117605,http://tshop.r10s.jp/g-life/cabinet/tasya8/9439160-e.jpg?fitin=700:700,1356.8000,,花・ガーデン・DIY > ガーデニング・農業 > 剪定用具 > 園芸用はさみ,サボテン エクセレント 剪定鋏 押切 NO.EX-5 カシスレッド【TC】【FS】 楽天,,"注油なしで長期間ガタ付きを抑え、バランスを保つ、ピポスライドシステム採用！<br>刃物用に開発したフッ素コートはサビ・ヤニに強く、軽い切れ味が長持ちします。<br><br>
●押切りタイプ<br>
●全長：約19.5cm<br><br><br>
<font size=-1>◇◆おススメ商品◆◇<br>
<b>★サボテン　エクセレント　剪定鋏　NO.EX-1　カシスレッド</b><br>
<b>★サボテン　エクセレント　替刃式剪定鋏　NO.EX-2　カシスレッド</b><br>
<b>★サボテン　エクセレント　替刃式剪定鋏　NO.EX-3　カシスレッド</b><br>
<b>★サボテン　エクセレント　剪定鋏　NO.EX-4　カシスレッド</b><br>
<b>★サボテン　エクセレント　剪定鋏　押切　NO.EX-5　カシスレッド</b><br>
<b>★サボテン　エクセレント　レディース剪定鋏　NO.EX-6　カシスレッド</b><br>
<b>★サボテン　エクセレント　レディース剪定鋏　NO.EX-7　カシスレッド</b><br>
<b>★サボテン　エクセレント　レディース剪定鋏　押切　NO.EX-8　カシスレッド</b><br>
<b>★サボテン　エクセレント　替刃（EX-2・EX-3用）NO.RB-23</b><br>
</font><br><br>※こちらの商品はお取り寄せ商品です。<br>ご注文後に在庫切れが判明した場合、お届けまでお時間を頂戴致します。<br>また、完売が判明した場合、ご注文キャンセルさせていただく場合がございます。<br>予めご了承くださいませ。<br><br>",サボテン エクセレント 剪定鋏 押切 NO.EX-5 カシスレッド【TC】【FS】 楽天：ガーデニングライフ,通信販売通販ショッピングオンラインショッピング買い物プレゼントギフト贈り物贈答品お中元お歳暮お買い得サボテン エクセレント 剪定鋏 押切 NO.EX-5 カシスレッド【TC】【FS】 楽天,　。サボテン エクセレント 剪定鋏 押切 NO.EX-5 カシスレッド【TC】【FS】 楽天[rn]
20-117606,http://tshop.r10s.jp/g-life/cabinet/tasya8/9439161-e.jpg?fitin=700:700,1204.0000,,花・ガーデン・DIY > ガーデニング・農業 > 剪定用具 > 園芸用はさみ,サボテン エクセレント レディース剪定鋏 NO.EX-6 カシスレッド【TC】【FS】 楽天,,"注油なしで長期間ガタ付きを抑え、バランスを保つ、ピポスライドシステム採用！<br>刃物用に開発したフッ素コートはサビ・ヤニに強く、軽い切れ味が長持ちします。<br><br>
●全長：約18cm<br><br><br>
<font size=-1>◇◆おススメ商品◆◇<br>
<b>★サボテン　エクセレント　剪定鋏　NO.EX-1　カシスレッド</b><br>
<b>★サボテン　エクセレント　替刃式剪定鋏　NO.EX-2　カシスレッド</b><br>
<b>★サボテン　エクセレント　替刃式剪定鋏　NO.EX-3　カシスレッド</b><br>
<b>★サボテン　エクセレント　剪定鋏　NO.EX-4　カシスレッド</b><br>
<b>★サボテン　エクセレント　剪定鋏　押切　NO.EX-5　カシスレッド</b><br>
<b>★サボテン　エクセレント　レディース剪定鋏　NO.EX-6　カシスレッド</b><br>
<b>★サボテン　エクセレント　レディース剪定鋏　NO.EX-7　カシスレッド</b><br>
<b>★サボテン　エクセレント　レディース剪定鋏　押切　NO.EX-8　カシスレッド</b><br>
<b>★サボテン　エクセレント　替刃（EX-2・EX-3用）NO.RB-23</b><br>
</font><br><br>※こちらの商品はお取り寄せ商品です。<br>ご注文後に在庫切れが判明した場合、お届けまでお時間を頂戴致します。<br>また、完売が判明した場合、ご注文キャンセルさせていただく場合がございます。<br>予めご了承くださいませ。<br><br>",サボテン エクセレント レディース剪定鋏 NO.EX-6 カシスレッド【TC】【FS】 楽天：ガーデニングライフ,通信販売通販ショッピングオンラインショッピング買い物プレゼントギフト贈り物贈答品お中元お歳暮お買い得サボテン エクセレント レディース剪定鋏 NO.EX-6 カシスレッド【TC】【FS】 楽天,　。サボテン エクセレント レディース剪定鋏 NO.EX-6 カシスレッド【TC】【FS】 楽天[rn]
20-117607,http://tshop.r10s.jp/g-life/cabinet/tasya17/9758811-e.jpg?fitin=700:700,5540.8000,,花・ガーデン・DIY > ガーデニング・農業 > 剪定用具 > 園芸用はさみ,アルス ズームチョキチルトR 160ZTR-2.0-3D【送料無料】剪定はさみ 剪定バサミ 鋏 アルスコーポレーション ARS【TC】【FS】 楽天,,"高所の枝のカットや採果に。<br>
チルト機構の採用で狙った枝を確実にカットします。<br><br>
●商品サイズ(cm)<br>
全長：約208.2<br>
刃長：約6.0<br>
●重量：約1050g<br>
●仕様<br>
・ハードクローム仕上げ<br>
・高炭素刃物鋼<br>
・カットキャッチ商品<br>
・鍛造刃<br>
・アルミダイカスト＋エラストマーグリップ<br>
・打合いクッション<br>
・替刃式構成<br>
・製品安全協会SGマーク認定製品
<br><br>◇◆おススメ商品◆◇<br>
<b>★アルス ズームチョキチルトR 180ZTR-3.0-5D</b><br>
<b>★アルス ズームチョキチルトR 190ZTR-3.1-5D</b><br>
<b>★アルス ライトチョキダブルズーム 150ZZ-4.1-6D</b><br><br><br>※こちらの商品はお取り寄せ商品です。<br>ご注文後に在庫切れが判明した場合、お届けまでお時間を頂戴致します。<br>また、完売が判明した場合、ご注文キャンセルさせていただく場合がございます。<br>予めご了承くださいませ。<br><br>",アルス ズームチョキチルトR 160ZTR-2.0-3D【送料無料】剪定はさみ 剪定バサミ 鋏 アルスコーポレーション ARS【TC】【FS】 楽天：ガーデニングライフ,通信販売通販ショッピングオンラインショッピング買い物プレゼントギフト贈り物贈答品お中元お歳暮お買い得アルス ズームチョキチルトR 160ZTR-2.0-3D【送料無料】剪定はさみ 剪定バサミ 鋏 アルスコーポレーション ARS【TC】【FS】 楽天,　。アルス ズームチョキチルトR 160ZTR-2.0-3D【送料無料】剪定はさみ 剪定バサミ 鋏 アルスコーポレーション ARS【TC】【FS】 楽天[rn]
20-117608,http://tshop.r10s.jp/g-life/cabinet/tasya17/9758802-e.jpg?fitin=700:700,4652.0000,,花・ガーデン・DIY > ガーデニング・農業 > 剪定用具 > 園芸用はさみ,剪定ばさみ 剪定鋏 岡恒 刈込鋏65型 230【送料無料】剪定はさみ 剪定ハサミ オカツネ【TC】【FS】 楽天,,"最高級刃物鋼を材料とし、刃持ちと切れ味を発揮！<br>
角ボルト、緩み止めオーディーナット使用しています。<br><br>
●商品サイズ（cm）<br>
全長：約78.5<br>
刃長：約20.0<br>
●重量：1100g<br>
●材質<br>
刃：高級刃物鋼<br>
柄：樫
<br><br>◇◆おススメ商品◆◇<br>
<b>★岡恒 採果鋏 301</b><br>
<b>★岡恒 剪定鋏 101</b><br>
<b>★岡恒 刈込鋏55型 204</b><br>
<b>★岡恒 刈込鋏55型 ショートハンドル 216</b><br>
<b>★岡恒 刈込鋏60型 ショートハンドル 217</b><br>
<b>★岡恒 刈込鋏60門型 214</b><br>
<b>★岡恒 摘果鋏 307</b><br><br><br>※こちらの商品はお取り寄せ商品です。<br>ご注文後に在庫切れが判明した場合、お届けまでお時間を頂戴致します。<br>また、完売が判明した場合、ご注文キャンセルさせていただく場合がございます。<br>予めご了承くださいませ。<br><br>",剪定ばさみ 剪定鋏 岡恒 刈込鋏65型 230【送料無料】剪定はさみ 剪定ハサミ オカツネ【TC】【FS】 楽天：ガーデニングライフ,通信販売通販ショッピングオンラインショッピング買い物プレゼントギフト贈り物贈答品お中元お歳暮お買い得剪定ばさみ 剪定鋏 岡恒 刈込鋏65型 230【送料無料】剪定はさみ 剪定ハサミ オカツネ【TC】【FS】 楽天,　。剪定ばさみ 剪定鋏 岡恒 刈込鋏65型 230【送料無料】剪定はさみ 剪定ハサミ オカツネ【TC】【FS】 楽天[rn]
20-117609,http://tshop.r10s.jp/g-life/cabinet/tasya17/9758812-e.jpg?fitin=700:700,5911.2000,,花・ガーデン・DIY > ガーデニング・農業 > 剪定用具 > 園芸用はさみ,アルス ライトチョキダブルズーム 150ZZ-4.1-6D【送料無料】剪定はさみ 剪定バサミ 鋏 アルスコーポレーション ARS【TC】【FS】 楽天,,"女性にも扱いやすい軽量タイプ！<br>
長時間使用しても、つかれにくい。取りまわしラクラク。<br>
ラクな姿勢で枝をねらいやすい、250°グリップ回転。<br>
切ってつかめる、カットキャッチ機能付。<br>
枝の太さに合わせてカットできる、グリップ開き角度2段階切替式です。<br>
●商品サイズ(cm)<br>
全長：約173.4～410.0<br>
刃長：約4.8<br>
●伸縮サイズ：6段階伸縮(最短1.8m～最長4.1m)<br>
●重量：約1140g<br>
●切断目安：直径12ｍｍ以下<br>
●仕様：<br>
・205°グリップ回転<br>
・カットキャッチ機能付<br>
・フッ素樹脂加工刃<br>
・グリップ開き角度2段階切替式<br>
・1年間無料修理保証・SG認定商品
<br><br>◇◆おススメ商品◆◇<br>
<b>★アルス ズームチョキチルトR 180ZTR-3.0-5D</b><br>
<b>★アルス ズームチョキチルトR 190ZTR-3.1-5D</b><br>
<b>★アルス ズームチョキチルトR 160ZTR-2.0-3D</b><br><br><br>※こちらの商品はお取り寄せ商品です。<br>ご注文後に在庫切れが判明した場合、お届けまでお時間を頂戴致します。<br>また、完売が判明した場合、ご注文キャンセルさせていただく場合がございます。<br>予めご了承くださいませ。<br><br>",アルス ライトチョキダブルズーム 150ZZ-4.1-6D【送料無料】剪定はさみ 剪定バサミ 鋏 アルスコーポレーション ARS【TC】【FS】 楽天：ガーデニングライフ,通信販売通販ショッピングオンラインショッピング買い物プレゼントギフト贈り物贈答品お中元お歳暮お買い得アルス ライトチョキダブルズーム 150ZZ-4.1-6D【送料無料】剪定はさみ 剪定バサミ 鋏 アルスコーポレーション ARS【TC】【FS】 楽天,　。アルス ライトチョキダブルズーム 150ZZ-4.1-6D【送料無料】剪定はさみ 剪定バサミ 鋏 アルスコーポレーション ARS【TC】【FS】 楽天[rn]
20-117610,http://tshop.r10s.jp/g-life/cabinet/tasya8/9439162-e.jpg?fitin=700:700,1204.0000,,花・ガーデン・DIY > ガーデニング・農業 > 剪定用具 > 園芸用はさみ,サボテン エクセレント レディース剪定鋏 NO.EX-7 カシスレッド【TC】【FS】 楽天,,"注油なしで長期間ガタ付きを抑え、バランスを保つ、ピポスライドシステム採用！<br>刃物用に開発したフッ素コートはサビ・ヤニに強く、軽い切れ味が長持ちします。<br><br>
●全長：約18.5cm<br><br><br>
<font size=-1>◇◆おススメ商品◆◇<br>
<b>★サボテン　エクセレント　剪定鋏　NO.EX-1　カシスレッド</b><br>
<b>★サボテン　エクセレント　替刃式剪定鋏　NO.EX-2　カシスレッド</b><br>
<b>★サボテン　エクセレント　替刃式剪定鋏　NO.EX-3　カシスレッド</b><br>
<b>★サボテン　エクセレント　剪定鋏　NO.EX-4　カシスレッド</b><br>
<b>★サボテン　エクセレント　剪定鋏　押切　NO.EX-5　カシスレッド</b><br>
<b>★サボテン　エクセレント　レディース剪定鋏　NO.EX-6　カシスレッド</b><br>
<b>★サボテン　エクセレント　レディース剪定鋏　NO.EX-7　カシスレッド</b><br>
<b>★サボテン　エクセレント　レディース剪定鋏　押切　NO.EX-8　カシスレッド</b><br>
<b>★サボテン　エクセレント　替刃（EX-2・EX-3用）NO.RB-23</b><br>
</font><br><br>※こちらの商品はお取り寄せ商品です。<br>ご注文後に在庫切れが判明した場合、お届けまでお時間を頂戴致します。<br>また、完売が判明した場合、ご注文キャンセルさせていただく場合がございます。<br>予めご了承くださいませ。<br><br>",サボテン エクセレント レディース剪定鋏 NO.EX-7 カシスレッド【TC】【FS】 楽天：ガーデニングライフ,通信販売通販ショッピングオンラインショッピング買い物プレゼントギフト贈り物贈答品お中元お歳暮お買い得サボテン エクセレント レディース剪定鋏 NO.EX-7 カシスレッド【TC】【FS】 楽天,　。サボテン エクセレント レディース剪定鋏 NO.EX-7 カシスレッド【TC】【FS】 楽天[rn]
20-117611,http://tshop.r10s.jp/g-life/cabinet/tasya8/9439163-e.jpg?fitin=700:700,1204.0000,,花・ガーデン・DIY > ガーデニング・農業 > 剪定用具 > 園芸用はさみ,サボテン エクセレント レディース剪定鋏 押切 NO.EX-8 カシスレッド【TC】【FS】 楽天,,"注油なしで長期間ガタ付きを抑え、バランスを保つ、ピポスライドシステム採用！<br>刃物用に開発したフッ素コートはサビ・ヤニに強く、軽い切れ味が長持ちします。<br><br>
●押切りタイプ<br>
●全長：約17.5cm<br><br><br>
<font size=-1>◇◆おススメ商品◆◇<br>
<b>★サボテン　エクセレント　剪定鋏　NO.EX-1　カシスレッド</b><br>
<b>★サボテン　エクセレント　替刃式剪定鋏　NO.EX-2　カシスレッド</b><br>
<b>★サボテン　エクセレント　替刃式剪定鋏　NO.EX-3　カシスレッド</b><br>
<b>★サボテン　エクセレント　剪定鋏　NO.EX-4　カシスレッド</b><br>
<b>★サボテン　エクセレント　剪定鋏　押切　NO.EX-5　カシスレッド</b><br>
<b>★サボテン　エクセレント　レディース剪定鋏　NO.EX-6　カシスレッド</b><br>
<b>★サボテン　エクセレント　レディース剪定鋏　NO.EX-7　カシスレッド</b><br>
<b>★サボテン　エクセレント　レディース剪定鋏　押切　NO.EX-8　カシスレッド</b><br>
<b>★サボテン　エクセレント　替刃（EX-2・EX-3用）NO.RB-23</b><br>
</font><br><br>※こちらの商品はお取り寄せ商品です。<br>ご注文後に在庫切れが判明した場合、お届けまでお時間を頂戴致します。<br>また、完売が判明した場合、ご注文キャンセルさせていただく場合がございます。<br>予めご了承くださいませ。<br><br>",サボテン エクセレント レディース剪定鋏 押切 NO.EX-8 カシスレッド【TC】【FS】 楽天：ガーデニングライフ,通信販売通販ショッピングオンラインショッピング買い物プレゼントギフト贈り物贈答品お中元お歳暮お買い得サボテン エクセレント レディース剪定鋏 押切 NO.EX-8 カシスレッド【TC】【FS】 楽天,　。サボテン エクセレント レディース剪定鋏 押切 NO.EX-8 カシスレッド【TC】【FS】 楽天[rn]
20-117612,http://tshop.r10s.jp/g-life/cabinet/fujimoto/t010005080415.jpg?fitin=700:700,1305.6000,,花・ガーデン・DIY > ガーデニング・農業 > 剪定用具 > 園芸用はさみ,アルス シャープクラフト 直刃 330ST[アルス 園芸用品 園芸機器 工具 園芸用品]【TC】【FS】 楽天,,●刃先がシャープでプラモデルや電線のカットなど、細かな作業に最適です。●サビに強いステンレス鋼製のハサミです。●ハードクロムメッキです。●ソフトグリップです。<br><br>【仕様】<br>●刃長(mm):40●刃厚(mm):2.4●全長(mm):160<br><br>●切断能力（アルミ板）：0.3mm●切断能力（ブリキ板）：0.2mm●切断能力（銅板）：0.3mm<br><br>【材質／仕上】●刃部：ステンレス鋼●柄:ポリプロピレン(PP)<br><br><br><br>原産国：日本<br><br>※こちらの商品はお取り寄せ商品です。<br>ご注文後に在庫切れが判明した場合、お届けまでお時間を頂戴致します。<br>また、完売が判明した場合、ご注文キャンセルさせていただく場合がございます。<br>予めご了承くださいませ。<br><br>,アルス シャープクラフト 直刃 330ST[アルス 園芸用品 園芸機器 工具 園芸用品]【TC】【FS】 楽天：ガーデニングライフ,通信販売通販ショッピングオンラインショッピング買い物プレゼントギフト贈り物贈答品お中元お歳暮お買い得アルス シャープクラフト 直刃 330ST[アルス 園芸用品 園芸機器 工具 園芸用品]【TC】【FS】 楽天,　。アルス シャープクラフト 直刃 330ST[アルス 園芸用品 園芸機器 工具 園芸用品]【TC】【FS】 楽天[rn]
20-117613,http://tshop.r10s.jp/g-life/cabinet/tasya17/9758798-e.jpg?fitin=700:700,591.2000,,花・ガーデン・DIY > ガーデニング・農業 > 剪定用具 > 園芸用はさみ,剪定ばさみ 剪定鋏 岡恒 採果鋏 301剪定はさみ 剪定ハサミ オカツネ【TC】【FS】 楽天,,"作業性の良いバネ付！<br>
柑橘を傷つけないよう刃の先が反っています。<br>
最高級刃物鋼を材料とし、刃持ちと切れ味を発揮！<br><br>
●商品サイズ（cm）<br>
全長：約16.2<br>
刃長：約2.4<br>
●重量：100g<br>
●材質<br>
刃：高級刃物鋼<br>
柄：炭素鋼<br>
●備考：反刃
<br><br>◇◆おススメ商品◆◇<br>
<b>★岡恒 剪定鋏 101</b><br>
<b>★岡恒 刈込鋏55型 204</b><br>
<b>★岡恒 刈込鋏55型 ショートハンドル 216</b><br>
<b>★岡恒 刈込鋏65型 230</b><br>
<b>★岡恒 刈込鋏60型 ショートハンドル 217</b><br>
<b>★岡恒 刈込鋏60門型 214</b><br>
<b>★岡恒 摘果鋏 307</b><br><br><br>※こちらの商品はお取り寄せ商品です。<br>ご注文後に在庫切れが判明した場合、お届けまでお時間を頂戴致します。<br>また、完売が判明した場合、ご注文キャンセルさせていただく場合がございます。<br>予めご了承くださいませ。<br><br>",剪定ばさみ 剪定鋏 岡恒 採果鋏 301剪定はさみ 剪定ハサミ オカツネ【TC】【FS】 楽天：ガーデニングライフ,通信販売通販ショッピングオンラインショッピング買い物プレゼントギフト贈り物贈答品お中元お歳暮お買い得剪定ばさみ 剪定鋏 岡恒 採果鋏 301剪定はさみ 剪定ハサミ オカツネ【TC】【FS】 楽天,　。剪定ばさみ 剪定鋏 岡恒 採果鋏 301剪定はさみ 剪定ハサミ オカツネ【TC】【FS】 楽天[rn]
20-117614,http://tshop.r10s.jp/g-life/cabinet/tasya17/9758800-e.jpg?fitin=700:700,3837.6000,,花・ガーデン・DIY > ガーデニング・農業 > 剪定用具 > 園芸用はさみ,剪定ばさみ 剪定鋏 岡恒 刈込鋏55型 204【送料無料】剪定はさみ 剪定ハサミ オカツネ【TC】【FS】 楽天,,"短柄で高所での刈り込みに便利！<br>
最高級刃物鋼を材料とし、刃持ちと切れ味を発揮します。<br>
角ボルト、緩み止めオーディーナット使用しています。<br><br>
●商品サイズ（cm）<br>
全長：約66.5<br>
刃長：約14.5<br>
●重量：885g<br>
●材質<br>
刃：高級刃物鋼<br>
柄：樫
<br><br>◇◆おススメ商品◆◇<br>
<b>★岡恒 採果鋏 301</b><br>
<b>★岡恒 剪定鋏 101</b><br>
<b>★岡恒 刈込鋏55型 ショートハンドル 216</b><br>
<b>★岡恒 刈込鋏65型 230</b><br>
<b>★岡恒 刈込鋏60型 ショートハンドル 217</b><br>
<b>★岡恒 刈込鋏60門型 214</b><br>
<b>★岡恒 摘果鋏 307</b><br><br><br>※こちらの商品はお取り寄せ商品です。<br>ご注文後に在庫切れが判明した場合、お届けまでお時間を頂戴致します。<br>また、完売が判明した場合、ご注文キャンセルさせていただく場合がございます。<br>予めご了承くださいませ。<br><br>",剪定ばさみ 剪定鋏 岡恒 刈込鋏55型 204【送料無料】剪定はさみ 剪定ハサミ オカツネ【TC】【FS】 楽天：ガーデニングライフ,通信販売通販ショッピングオンラインショッピング買い物プレゼントギフト贈り物贈答品お中元お歳暮お買い得剪定ばさみ 剪定鋏 岡恒 刈込鋏55型 204【送料無料】剪定はさみ 剪定ハサミ オカツネ【TC】【FS】 楽天,　。剪定ばさみ 剪定鋏 岡恒 刈込鋏55型 204【送料無料】剪定はさみ 剪定ハサミ オカツネ【TC】【FS】 楽天[rn]
20-117615,http://tshop.r10s.jp/g-life/cabinet/tasya17/9758803-e.jpg?fitin=700:700,4208.0000,,花・ガーデン・DIY > ガーデニング・農業 > 剪定用具 > 園芸用はさみ,剪定ばさみ 剪定鋏 岡恒 刈込鋏60型 ショートハンドル 217【送料無料】剪定はさみ 剪定ハサミ オカツネ【TC】【FS】 楽天,,"最高級刃物鋼を材料とし、刃持ちと切れ味を発揮！<br>
柄が短く、脚立に登っての高所の作業にも最適です。<br><br>
●商品サイズ（cm）<br>
全長：約53.5<br>
刃長：約17.5<br>
●重量：約800g<br>
●材質<br>
刃：高級刃物鋼<br>
柄：樫
<br><br>◇◆おススメ商品◆◇<br>
<b>★岡恒 採果鋏 301</b><br>
<b>★岡恒 剪定鋏 101</b><br>
<b>★岡恒 刈込鋏55型 204</b><br>
<b>★岡恒 刈込鋏55型 ショートハンドル 216</b><br>
<b>★岡恒 刈込鋏65型 230</b><br>
<b>★岡恒 刈込鋏60門型 214</b><br>
<b>★岡恒 摘果鋏 307</b><br><br><br>※こちらの商品はお取り寄せ商品です。<br>ご注文後に在庫切れが判明した場合、お届けまでお時間を頂戴致します。<br>また、完売が判明した場合、ご注文キャンセルさせていただく場合がございます。<br>予めご了承くださいませ。<br><br>",剪定ばさみ 剪定鋏 岡恒 刈込鋏60型 ショートハンドル 217【送料無料】剪定はさみ 剪定ハサミ オカツネ【TC】【FS】 楽天：ガーデニングライフ,通信販売通販ショッピングオンラインショッピング買い物プレゼントギフト贈り物贈答品お中元お歳暮お買い得剪定ばさみ 剪定鋏 岡恒 刈込鋏60型 ショートハンドル 217【送料無料】剪定はさみ 剪定ハサミ オカツネ【TC】【FS】 楽天,　。剪定ばさみ 剪定鋏 岡恒 刈込鋏60型 ショートハンドル 217【送料無料】剪定はさみ 剪定ハサミ オカツネ【TC】【FS】 楽天[rn]
20-117616,http://tshop.r10s.jp/g-life/cabinet/tasya17/9758804-e.jpg?fitin=700:700,4726.4000,,花・ガーデン・DIY > ガーデニング・農業 > 剪定用具 > 園芸用はさみ,剪定ばさみ 剪定鋏 岡恒 刈込鋏60門型 214【送料無料】剪定はさみ 剪定ハサミ オカツネ【TC】【FS】 楽天,,"刃の食い込みが良い門型！<br>
最高級刃物鋼を材料とし、刃持ちと切れ味を発揮します。<br>
角ボルト、緩み止めオーディーナット使用しています。<br><br>
●商品サイズ（cm）<br>
全長：約76.5<br>
刃長：約17.5<br>
●重量：約1010g<br>
●材質<br>
刃：高級刃物鋼<br>
柄：樫
<br><br>◇◆おススメ商品◆◇<br>
<b>★岡恒 採果鋏 301</b><br>
<b>★岡恒 剪定鋏 101</b><br>
<b>★岡恒 刈込鋏55型 204</b><br>
<b>★岡恒 刈込鋏55型 ショートハンドル 216</b><br>
<b>★岡恒 刈込鋏65型 230</b><br>
<b>★岡恒 刈込鋏60型 ショートハンドル 217</b><br>
<b>★岡恒 摘果鋏 307</b><br><br><br>※こちらの商品はお取り寄せ商品です。<br>ご注文後に在庫切れが判明した場合、お届けまでお時間を頂戴致します。<br>また、完売が判明した場合、ご注文キャンセルさせていただく場合がございます。<br>予めご了承くださいませ。<br><br>",剪定ばさみ 剪定鋏 岡恒 刈込鋏60門型 214【送料無料】剪定はさみ 剪定ハサミ オカツネ【TC】【FS】 楽天：ガーデニングライフ,通信販売通販ショッピングオンラインショッピング買い物プレゼントギフト贈り物贈答品お中元お歳暮お買い得剪定ばさみ 剪定鋏 岡恒 刈込鋏60門型 214【送料無料】剪定はさみ 剪定ハサミ オカツネ【TC】【FS】 楽天,　。剪定ばさみ 剪定鋏 岡恒 刈込鋏60門型 214【送料無料】剪定はさみ 剪定ハサミ オカツネ【TC】【FS】 楽天[rn]
20-117617,http://tshop.r10s.jp/g-life/cabinet/tasya17/9758805-e.jpg?fitin=700:700,948.8000,,花・ガーデン・DIY > ガーデニング・農業 > 剪定用具 > 園芸用はさみ,剪定ばさみ 剪定鋏 岡恒 摘果鋏 307剪定はさみ 剪定ハサミ オカツネ【TC】【FS】 楽天,,"作業性の良いバネ付！<br>
小枝の整枝や柑橘類の摘果などに最適です。<br>
最高級刃物鋼を材料とし、刃持ちと切れ味を発揮します。 <br><br>
●商品サイズ（cm）<br>
全長：約18.0<br>
刃長：約3.5<br>
●重量：約105g<br>
●材質<br>
刃：高級刃物鋼<br>
柄：炭素鋼
<br><br>◇◆おススメ商品◆◇<br>
<b>★岡恒 採果鋏 301</b><br>
<b>★岡恒 剪定鋏 101</b><br>
<b>★岡恒 刈込鋏55型 204</b><br>
<b>★岡恒 刈込鋏55型 ショートハンドル 216</b><br>
<b>★岡恒 刈込鋏65型 230</b><br>
<b>★岡恒 刈込鋏60型 ショートハンドル 217</b><br>
<b>★岡恒 刈込鋏60門型 214</b><br><br><br>※こちらの商品はお取り寄せ商品です。<br>ご注文後に在庫切れが判明した場合、お届けまでお時間を頂戴致します。<br>また、完売が判明した場合、ご注文キャンセルさせていただく場合がございます。<br>予めご了承くださいませ。<br><br>",剪定ばさみ 剪定鋏 岡恒 摘果鋏 307剪定はさみ 剪定ハサミ オカツネ【TC】【FS】 楽天：ガーデニングライフ,通信販売通販ショッピングオンラインショッピング買い物プレゼントギフト贈り物贈答品お中元お歳暮お買い得剪定ばさみ 剪定鋏 岡恒 摘果鋏 307剪定はさみ 剪定ハサミ オカツネ【TC】【FS】 楽天,　。剪定ばさみ 剪定鋏 岡恒 摘果鋏 307剪定はさみ 剪定ハサミ オカツネ【TC】【FS】 楽天[rn]
20-117618,http://tshop.r10s.jp/g-life/cabinet/tasya8/9439230-e.jpg?fitin=700:700,1508.8000,,花・ガーデン・DIY > ガーデニング・農業 > 剪定用具 > 園芸用はさみ,サボテン 替刃式 芝生ハサミ NO.1580 イエロー【TC】【FS】 楽天,,"芝生や雑草、小枝など多用途にカットできる替刃式芝生ハサミです！<br>切れ味調整ツマミで、ノブを右に締めれば芝生、ノブを左に緩めれば刈込にご使用できます。<br>刃物用に開発したフッ素コートはサビ・ヤニに強く、軽い切れ味が長持ちします。<br>スプリング式で連続作業もラクラク♪<br>切るものがすべらないギザ刃付きで、収納カバーも付いています。<br>ハンドルは丈夫なファイバーグラス入樹脂。<br>携帯・収納に安心なストッパーも付いています。<br><br>
●両手タイプ<br>
●生木切断目安：10mm<br>
●全長：約46cm<br>
●材質：刃物鋼SK-5、PP樹脂＋ファイバーグラス、エラストマゴム<br><br><br>
<font size=-1>◇◆おススメ商品◆◇<br>
<b>★サボテン　替刃式　芝生ハサミ　NO.1580　イエロー</b><br>
<b>★サボテン　替刃（NO.1580用）　NO.RB-80</b><br>
<b>★サボテン　刈込鋏替刃式　NO.1550R　オレンジ</b><br>
<b>★サボテン　替刃（NO.1550・NO.1551用）　NO.RB-50</b><br>
<b>★サボテン　強力型刈込鋏替刃式　NO.1560R　オレンジ</b><br>
<b>★サボテン　替刃（NO.1560・NO.1561用）　NO.RB-60</b><br>
<b>★サボテン　太枝切鋏替刃式　NO.1570R　オレンジ</b><br>
<b>★サボテン　替刃（NO.1570用）　NO.RB-70</b><br>
</font><br><br>※こちらの商品はお取り寄せ商品です。<br>ご注文後に在庫切れが判明した場合、お届けまでお時間を頂戴致します。<br>また、完売が判明した場合、ご注文キャンセルさせていただく場合がございます。<br>予めご了承くださいませ。<br><br>",サボテン 替刃式 芝生ハサミ NO.1580 イエロー【TC】【FS】 楽天：ガーデニングライフ,通信販売通販ショッピングオンラインショッピング買い物プレゼントギフト贈り物贈答品お中元お歳暮お買い得サボテン 替刃式 芝生ハサミ NO.1580 イエロー【TC】【FS】 楽天,　。サボテン 替刃式 芝生ハサミ NO.1580 イエロー【TC】【FS】 楽天[rn]
20-117619,http://tshop.r10s.jp/g-life/cabinet/tasya8/9439234-e.jpg?fitin=700:700,3048.0000,,花・ガーデン・DIY > ガーデニング・農業 > 剪定用具 > 園芸用はさみ,サボテン 強力型刈込鋏替刃式 NO.1560R オレンジ【TC】【FS】 楽天,,"生垣・植込・剪定に最適な強力型刈込鋏です。<br>高品質刃物鋼を精密加工。カッティングエッジに理想的な形状と硬度を持たせ、鋭くしなやかな切れ味を発揮します。<br>少ない力でより軽快に刈りこむことができます。<br>刃のフィーリングはお好みの硬さに刃調節ツマミを回すだけ！<br>小枝から芝生の刈りこみまで、作業に応じて刃の締め付け具合を自由に調整できます。<br>機能性を追求したハンドルは、接点部にクッション材を使用し手にかかるショックを和らげます。<br>ブレード全体はテフロン加工なので、サビにも強く耐久性バツグン！<br><br>
●生木切断目安：20mm<br>
●全長：約49cm<br>
●刃長：約13cm<br>
●重量：約570g<br>
●材質<br>
刃：刃物鋼SKS-51<br><br><br>
<font size=-1>◇◆おススメ商品◆◇<br>
<b>★サボテン　替刃式　芝生ハサミ　NO.1580　イエロー</b><br>
<b>★サボテン　替刃（NO.1580用）　NO.RB-80</b><br>
<b>★サボテン　刈込鋏替刃式　NO.1550R　オレンジ</b><br>
<b>★サボテン　替刃（NO.1550・NO.1551用）　NO.RB-50</b><br>
<b>★サボテン　強力型刈込鋏替刃式　NO.1560R　オレンジ</b><br>
<b>★サボテン　替刃（NO.1560・NO.1561用）　NO.RB-60</b><br>
<b>★サボテン　太枝切鋏替刃式　NO.1570R　オレンジ</b><br>
<b>★サボテン　替刃（NO.1570用）　NO.RB-70</b><br>
</font><br><br>※こちらの商品はお取り寄せ商品です。<br>ご注文後に在庫切れが判明した場合、お届けまでお時間を頂戴致します。<br>また、完売が判明した場合、ご注文キャンセルさせていただく場合がございます。<br>予めご了承くださいませ。<br><br>",サボテン 強力型刈込鋏替刃式 NO.1560R オレンジ【TC】【FS】 楽天：ガーデニングライフ,通信販売通販ショッピングオンラインショッピング買い物プレゼントギフト贈り物贈答品お中元お歳暮お買い得サボテン 強力型刈込鋏替刃式 NO.1560R オレンジ【TC】【FS】 楽天,　。サボテン 強力型刈込鋏替刃式 NO.1560R オレンジ【TC】【FS】 楽天[rn]
20-117620,http://tshop.r10s.jp/g-life/cabinet/tasya8/9439236-e.jpg?fitin=700:700,3048.0000,,花・ガーデン・DIY > ガーデニング・農業 > 剪定用具 > 園芸用はさみ,サボテン 太枝切鋏替刃式 NO.1570R オレンジ【TC】【FS】 楽天,,"生垣・植込に最適な太枝切鋏です。<br>高品質刃物鋼を精密加工。カッティングエッジに理想的な形状と硬度を持たせ、鋭くしなやかな切れ味を発揮します。<br>少ない力でより軽快に刈りこむことができます。<br>刃のフィーリングはお好みの硬さに刃調節ツマミを回すだけ！<br>小枝から芝生の刈りこみまで、作業に応じて刃の締め付け具合を自由に調整できます。<br>機能性を追求したハンドルは、接点部にクッション材を使用し手にかかるショックを和らげます。<br>ブレード全体はテフロン加工なので、サビにも強く耐久性バツグン！<br><br>
●生木切断目安：30mm<br>
●全長：約43cm<br>
●刃長：約7.5cm<br>
●重量：約500g<br>
●材質<br>
刃：刃物鋼SKS-51<br><br><br>
<font size=-1>◇◆おススメ商品◆◇<br>
<b>★サボテン　替刃式　芝生ハサミ　NO.1580　イエロー</b><br>
<b>★サボテン　替刃（NO.1580用）　NO.RB-80</b><br>
<b>★サボテン　刈込鋏替刃式　NO.1550R　オレンジ</b><br>
<b>★サボテン　替刃（NO.1550・NO.1551用）　NO.RB-50</b><br>
<b>★サボテン　強力型刈込鋏替刃式　NO.1560R　オレンジ</b><br>
<b>★サボテン　替刃（NO.1560・NO.1561用）　NO.RB-60</b><br>
<b>★サボテン　太枝切鋏替刃式　NO.1570R　オレンジ</b><br>
<b>★サボテン　替刃（NO.1570用）　NO.RB-70</b><br>
</font><br><br>※こちらの商品はお取り寄せ商品です。<br>ご注文後に在庫切れが判明した場合、お届けまでお時間を頂戴致します。<br>また、完売が判明した場合、ご注文キャンセルさせていただく場合がございます。<br>予めご了承くださいませ。<br><br>",サボテン 太枝切鋏替刃式 NO.1570R オレンジ【TC】【FS】 楽天：ガーデニングライフ,通信販売通販ショッピングオンラインショッピング買い物プレゼントギフト贈り物贈答品お中元お歳暮お買い得サボテン 太枝切鋏替刃式 NO.1570R オレンジ【TC】【FS】 楽天,　。サボテン 太枝切鋏替刃式 NO.1570R オレンジ【TC】【FS】 楽天[rn]
20-117621,http://tshop.r10s.jp/g-life/cabinet/tasya13/9464548-e.jpg?fitin=700:700,4652.0000,,花・ガーデン・DIY > ガーデニング・農業 > 剪定用具 > 園芸用はさみ,【送料無料】カマキ 伸縮式高枝切鋏 かるのび 6段階伸縮式 3m 1830【TC】【FS】【高枝切りバサミ 超軽量 伸縮 日本製 剪定】 楽天,,"<font size=4 color=deeppink><b>軽量なアルミポールで作業がラクな<br>
伸縮高枝切鋏 かるのびシリーズ</b></font><br><br>
2段式ポールなので高い所の剪定や果実の採取など、用途に合わせて手軽に高所の作業が行えます！<br>
10mmまで切断可能です。<br><br>
≪特長≫<br>
◇切ってもつかめる万能タイプの刃先<br>
◇女性にもラクに扱える超軽量アルミ合金<br>
◇レバーを押すだけで伸縮自在<br>
◇専用ノコギリ刃で太い枝も簡単に切断<br><br>
●商品サイズ（約）：全長1.8～3.0m<br>
●重量（約）：1.1kg <br>
●フックタイプ<br><br><font size=""-1"">◇◆おススメ商品◆◇<br>
★伸縮式高枝切鋏 かるのび 3段階伸縮式 3m 1800<br>
★伸縮式高枝切鋏 かるのび 6段階伸縮式 3m 1830<br>
★伸縮式高枝切鋏 かるのびシェイク 首振り6段伸縮 3m 1835<br>
★伸縮式高枝切鋏 かるのび 6段伸縮式 葉刈りタイプ 3m 1850<br>
★伸縮式高枝切鋏 かるのび 6段伸縮式 アンビルタイプ 3m 1860A<br>
★伸縮式高枝切鋏 かるのびサンダン 5段伸縮式 2.7m 1327<br>
★伸縮式高枝切鋏 かるのびサンダン 6段階伸縮式 3m 1430<br>
★伸縮式高枝切鋏 かるのびサンダン 6段伸縮式 葉刈りタイプ 3m 1440<br>
★伸縮式高枝切鋏 かるのびサンダン 6段伸縮式 アンビルタイプ 3m 1450A<br>
★伸縮式高枝切鋏 かるのびサンダン 6段階伸縮式 アンビルタイプ 4m 1470A<br>
</font><br><br>※こちらの商品はお取り寄せ商品です。<br>ご注文後に在庫切れが判明した場合、お届けまでお時間を頂戴致します。<br>また、完売が判明した場合、ご注文キャンセルさせていただく場合がございます。<br>予めご了承くださいませ。<br><br>",【送料無料】カマキ 伸縮式高枝切鋏 かるのび 6段階伸縮式 3m 1830【TC】【FS】【高枝切りバサミ 超軽量 伸縮 日本製 剪定】 楽天：ガーデニングライフ,通信販売通販ショッピングオンラインショッピング買い物プレゼントギフト贈り物贈答品お中元お歳暮お買い得【送料無料】カマキ 伸縮式高枝切鋏 かるのび 6段階伸縮式 3m 1830【TC】【FS】【高枝切りバサミ 超軽量 伸縮 日本製 剪定】 楽天,　。【送料無料】カマキ 伸縮式高枝切鋏 かるのび 6段階伸縮式 3m 1830【TC】【FS】【高枝切りバサミ 超軽量 伸縮 日本製 剪定】 楽天[rn]
20-117622,http://tshop.r10s.jp/g-life/cabinet/tasya17/9758796-e.jpg?fitin=700:700,6660.0000,,花・ガーデン・DIY > ガーデニング・農業 > 剪定用具 > 園芸用はさみ,高枝切りバサミ 超軽量 伸縮 kamaki ロープ式高枝切鋏 かるたか 1030DXA【送料無料】カマキ 高枝切り鋏 日本製 剪定鋏 剪定鋏【TC】【FS】 楽天,,"頭部は軽くて、強靭なグラスファイバー製！<br>
【ここがおススメ】<br>
女性にもラクに使える超軽量アルミ合金！<br>
専用ノコギリ刃で太い枝も簡単に切断！<br>
アルミポール使用のため、軽量で作業がラク。<br>
ロープを引いてラクに枝切りが出来ます。<br><br>
●商品サイズ（cm）：全長約140～300<br>
●重量：1500g<br>
●切断能力：30mm
<br><br>◇◆おススメ商品◆◇<br>
<b>★カマキ 伸縮式高枝切鋏 かるのび 1860A</b><br>
<b>★カマキ ロープ式高枝切鋏 かるたか 1000DXA</b><br>
<b>★カマキ ロープ式高枝切鋏 かるたか 1220</b><br>
<b>★カマキ ロープ式高枝切鋏 かるたか 1000D</b><br>
<b>★カマキロング剪定&採集鋏 アンビルタイプ 1m KGP-1000A</b><br><br><br>※こちらの商品はお取り寄せ商品です。<br>ご注文後に在庫切れが判明した場合、お届けまでお時間を頂戴致します。<br>また、完売が判明した場合、ご注文キャンセルさせていただく場合がございます。<br>予めご了承くださいませ。<br><br>",高枝切りバサミ 超軽量 伸縮 kamaki ロープ式高枝切鋏 かるたか 1030DXA【送料無料】カマキ 高枝切り鋏 日本製 剪定鋏 剪定鋏【TC】【FS】 楽天：ガーデニングライフ,通信販売通販ショッピングオンラインショッピング買い物プレゼントギフト贈り物贈答品お中元お歳暮お買い得高枝切りバサミ 超軽量 伸縮 kamaki ロープ式高枝切鋏 かるたか 1030DXA【送料無料】カマキ 高枝切り鋏 日本製 剪定鋏 剪定鋏【TC】【FS】 楽天,　。高枝切りバサミ 超軽量 伸縮 kamaki ロープ式高枝切鋏 かるたか 1030DXA【送料無料】カマキ 高枝切り鋏 日本製 剪定鋏 剪定鋏【TC】【FS】 楽天[rn]
20-117623,http://tshop.r10s.jp/g-life/cabinet/tasya2/9435291.jpg?fitin=700:700,9752.8000,,花・ガーデン・DIY > ガーデニング・農業 > 剪定用具 > 園芸用はさみ,【送料無料】【ニシガキ】らくらく枝切り （電動式高枝切鋏）N-804【TC】【剪定はさみ/剪定ハサミ/高枝切り/軽量/枝切り用/園芸用品/ガーデニング用品】 楽天,,簡単、軽量、らくらく剪定の決定版！<br><br>電気の力でらくらく枝切り。<br>操作レバーを引くだけの簡単操作。<br>わずか1.3kgの軽量タイプ！<br>重心が手元にあるので疲れにくく、作業しやすいです。<br>モーター音も静かです。<br><br>●用途：植木の枝切り用（家庭用）<br>●仕様  <br>　定格電圧：AC100V(一般家庭用) <br>　定格消費電力：40W <br>　定格周波数：50/60Hz <br>　定格時間：15分 <br>●安全性<br>　本体：電動工具用樹脂にモーター内臓<br>　樹脂：耐熱ABS樹脂<br>　難熱性：UL94…HB等級使用<br>●商品サイズ（約）<br>　全長：80.0cm<br>　刃長：6.0cm<br>●商品重量（約）：1400g<br><br><br>※こちらの商品はお取り寄せ商品です。<br>ご注文後に在庫切れが判明した場合、お届けまでお時間を頂戴致します。<br>また、完売が判明した場合、ご注文キャンセルさせていただく場合がございます。<br>予めご了承くださいませ。<br><br>,【送料無料】【ニシガキ】らくらく枝切り （電動式高枝切鋏）N-804【TC】【剪定はさみ/剪定ハサミ/高枝切り/軽量/枝切り用/園芸用品/ガーデニング用品】 楽天：ガーデニングライフ,通信販売通販ショッピングオンラインショッピング買い物プレゼントギフト贈り物贈答品お中元お歳暮お買い得【送料無料】【ニシガキ】らくらく枝切り （電動式高枝切鋏）N-804【TC】【剪定はさみ/剪定ハサミ/高枝切り/軽量/枝切り用/園芸用品/ガーデニング用品】 楽天,　。【送料無料】【ニシガキ】らくらく枝切り （電動式高枝切鋏）N-804【TC】【剪定はさみ/剪定ハサミ/高枝切り/軽量/枝切り用/園芸用品/ガーデニング用品】 楽天[rn]
20-117624,http://tshop.r10s.jp/g-life/cabinet/tasya13/9464549-e.jpg?fitin=700:700,5392.8000,,花・ガーデン・DIY > ガーデニング・農業 > 剪定用具 > 園芸用はさみ,【送料無料】カマキ 伸縮式高枝切鋏 かるのびシェイク 首振り6段伸縮 3m 1835【TC】【FS】【高枝切りバサミ 超軽量 伸縮 日本製 剪定】 楽天,,"<font size=4 color=deeppink><b>軽量なアルミポールで作業がラクな<br>
伸縮高枝切鋏 かるのびシリーズ</b></font><br><br>
2段式ポールなので高い所の剪定や果実の採取など、用途に合わせて手軽に高所の作業が行えます！<br>
10mmまで切断可能です。<br>
ツマミをゆるめて刃先の向きを変えることが出来ます。<br><br>
≪特長≫<br>
◇切ってもつかめる万能タイプの刃先<br>
◇女性にもラクに扱える超軽量アルミ合金<br>
◇レバーを押すだけで伸縮自在<br>
◇専用ノコギリ刃で太い枝も簡単に切断<br><br>
●商品サイズ（約）：全長1.8～3.0m<br>
●重量（約）：1.2kg <br>
●首振りタイプ<br><br><font size=""-1"">◇◆おススメ商品◆◇<br>
★伸縮式高枝切鋏 かるのび 3段階伸縮式 3m 1800<br>
★伸縮式高枝切鋏 かるのび 6段階伸縮式 3m 1830<br>
★伸縮式高枝切鋏 かるのびシェイク 首振り6段伸縮 3m 1835<br>
★伸縮式高枝切鋏 かるのび 6段伸縮式 葉刈りタイプ 3m 1850<br>
★伸縮式高枝切鋏 かるのび 6段伸縮式 アンビルタイプ 3m 1860A<br>
★伸縮式高枝切鋏 かるのびサンダン 5段伸縮式 2.7m 1327<br>
★伸縮式高枝切鋏 かるのびサンダン 6段階伸縮式 3m 1430<br>
★伸縮式高枝切鋏 かるのびサンダン 6段伸縮式 葉刈りタイプ 3m 1440<br>
★伸縮式高枝切鋏 かるのびサンダン 6段伸縮式 アンビルタイプ 3m 1450A<br>
★伸縮式高枝切鋏 かるのびサンダン 6段階伸縮式 アンビルタイプ 4m 1470A<br>
</font><br><br>※こちらの商品はお取り寄せ商品です。<br>ご注文後に在庫切れが判明した場合、お届けまでお時間を頂戴致します。<br>また、完売が判明した場合、ご注文キャンセルさせていただく場合がございます。<br>予めご了承くださいませ。<br><br>",【送料無料】カマキ 伸縮式高枝切鋏 かるのびシェイク 首振り6段伸縮 3m 1835【TC】【FS】【高枝切りバサミ 超軽量 伸縮 日本製 剪定】 楽天：ガーデニングライフ,通信販売通販ショッピングオンラインショッピング買い物プレゼントギフト贈り物贈答品お中元お歳暮お買い得【送料無料】カマキ 伸縮式高枝切鋏 かるのびシェイク 首振り6段伸縮 3m 1835【TC】【FS】【高枝切りバサミ 超軽量 伸縮 日本製 剪定】 楽天,　。【送料無料】カマキ 伸縮式高枝切鋏 かるのびシェイク 首振り6段伸縮 3m 1835【TC】【FS】【高枝切りバサミ 超軽量 伸縮 日本製 剪定】 楽天[rn]
20-117625,http://tshop.r10s.jp/g-life/cabinet/tasya13/9464551-e.jpg?fitin=700:700,4800.0000,,花・ガーデン・DIY > ガーデニング・農業 > 剪定用具 > 園芸用はさみ,【送料無料】カマキ 伸縮式高枝切鋏 かるのび 6段伸縮式 アンビルタイプ 3m 1860A【TC】【FS】【高枝切りバサミ 超軽量 伸縮 日本製 剪定】 楽天,,"<font size=4 color=deeppink><b>軽量なアルミポールで作業がラクな<br>
伸縮高枝切鋏 かるのびシリーズ</b></font><br><br>
2段式ポールなので高い所の剪定や果実の採取など、用途に合わせて手軽に高所の作業が行えます！<br>
10mmまで切断可能です。<br>
つかみ金具を外さず剪定できます。<br><br>
≪特長≫<br>
◇切ってもつかめる万能タイプの刃先<br>
◇女性にもラクに扱える超軽量アルミ合金<br>
◇レバーを押すだけで伸縮自在<br>
◇専用ノコギリ刃で太い枝も簡単に切断<br><br>
●商品サイズ（約）：全長1.8～3.0m<br>
●重量（約）：1.1kg <br>
●アンビルタイプ<br><br><font size=""-1"">◇◆おススメ商品◆◇<br>
★伸縮式高枝切鋏 かるのび 3段階伸縮式 3m 1800<br>
★伸縮式高枝切鋏 かるのび 6段階伸縮式 3m 1830<br>
★伸縮式高枝切鋏 かるのびシェイク 首振り6段伸縮 3m 1835<br>
★伸縮式高枝切鋏 かるのび 6段伸縮式 葉刈りタイプ 3m 1850<br>
★伸縮式高枝切鋏 かるのび 6段伸縮式 アンビルタイプ 3m 1860A<br>
★伸縮式高枝切鋏 かるのびサンダン 5段伸縮式 2.7m 1327<br>
★伸縮式高枝切鋏 かるのびサンダン 6段階伸縮式 3m 1430<br>
★伸縮式高枝切鋏 かるのびサンダン 6段伸縮式 葉刈りタイプ 3m 1440<br>
★伸縮式高枝切鋏 かるのびサンダン 6段伸縮式 アンビルタイプ 3m 1450A<br>
★伸縮式高枝切鋏 かるのびサンダン 6段階伸縮式 アンビルタイプ 4m 1470A<br>
</font><br><br>※こちらの商品はお取り寄せ商品です。<br>ご注文後に在庫切れが判明した場合、お届けまでお時間を頂戴致します。<br>また、完売が判明した場合、ご注文キャンセルさせていただく場合がございます。<br>予めご了承くださいませ。<br><br>",【送料無料】カマキ 伸縮式高枝切鋏 かるのび 6段伸縮式 アンビルタイプ 3m 1860A【TC】【FS】【高枝切りバサミ 超軽量 伸縮 日本製 剪定】 楽天：ガーデニングライフ,通信販売通販ショッピングオンラインショッピング買い物プレゼントギフト贈り物贈答品お中元お歳暮お買い得【送料無料】カマキ 伸縮式高枝切鋏 かるのび 6段伸縮式 アンビルタイプ 3m 1860A【TC】【FS】【高枝切りバサミ 超軽量 伸縮 日本製 剪定】 楽天,　。【送料無料】カマキ 伸縮式高枝切鋏 かるのび 6段伸縮式 アンビルタイプ 3m 1860A【TC】【FS】【高枝切りバサミ 超軽量 伸縮 日本製 剪定】 楽天[rn]
20-117626,http://tshop.r10s.jp/g-life/cabinet/tasya13/9464550-e.jpg?fitin=700:700,4948.8000,,花・ガーデン・DIY > ガーデニング・農業 > 剪定用具 > 園芸用はさみ,【送料無料】カマキ 伸縮式高枝切鋏 かるのび 6段伸縮式 葉刈りタイプ 3m 1850【TC】【FS】【高枝切りバサミ 超軽量 伸縮 日本製 剪定】 楽天,,"<font size=4 color=deeppink><b>軽量なアルミポールで作業がラクな<br>
伸縮高枝切鋏 かるのびシリーズ</b></font><br><br>
2段式ポールなので高い所の剪定や果実の採取など、用途に合わせて手軽に高所の作業が行えます！<br>
8mmまで切断可能です。<br><br>
≪特長≫<br>
◇切ってもつかめる万能タイプの刃先<br>
◇女性にもラクに扱える超軽量アルミ合金<br>
◇レバーを押すだけで伸縮自在<br>
◇専用ノコギリ刃で太い枝も簡単に切断<br><br>
●商品サイズ（約）：全長1.8～3.0m<br>
●重量（約）：1.1kg<br>
●葉刈タイプ　※このハサミは葉刈を目的とするハサミです。太い枝は切らないでください。<br><br><font size=""-1"">◇◆おススメ商品◆◇<br>
★伸縮式高枝切鋏 かるのび 3段階伸縮式 3m 1800<br>
★伸縮式高枝切鋏 かるのび 6段階伸縮式 3m 1830<br>
★伸縮式高枝切鋏 かるのびシェイク 首振り6段伸縮 3m 1835<br>
★伸縮式高枝切鋏 かるのび 6段伸縮式 葉刈りタイプ 3m 1850<br>
★伸縮式高枝切鋏 かるのび 6段伸縮式 アンビルタイプ 3m 1860A<br>
★伸縮式高枝切鋏 かるのびサンダン 5段伸縮式 2.7m 1327<br>
★伸縮式高枝切鋏 かるのびサンダン 6段階伸縮式 3m 1430<br>
★伸縮式高枝切鋏 かるのびサンダン 6段伸縮式 葉刈りタイプ 3m 1440<br>
★伸縮式高枝切鋏 かるのびサンダン 6段伸縮式 アンビルタイプ 3m 1450A<br>
★伸縮式高枝切鋏 かるのびサンダン 6段階伸縮式 アンビルタイプ 4m 1470A<br>
</font><br><br>※こちらの商品はお取り寄せ商品です。<br>ご注文後に在庫切れが判明した場合、お届けまでお時間を頂戴致します。<br>また、完売が判明した場合、ご注文キャンセルさせていただく場合がございます。<br>予めご了承くださいませ。<br><br>",【送料無料】カマキ 伸縮式高枝切鋏 かるのび 6段伸縮式 葉刈りタイプ 3m 1850【TC】【FS】【高枝切りバサミ 超軽量 伸縮 日本製 剪定】 楽天：ガーデニングライフ,通信販売通販ショッピングオンラインショッピング買い物プレゼントギフト贈り物贈答品お中元お歳暮お買い得【送料無料】カマキ 伸縮式高枝切鋏 かるのび 6段伸縮式 葉刈りタイプ 3m 1850【TC】【FS】【高枝切りバサミ 超軽量 伸縮 日本製 剪定】 楽天,　。【送料無料】カマキ 伸縮式高枝切鋏 かるのび 6段伸縮式 葉刈りタイプ 3m 1850【TC】【FS】【高枝切りバサミ 超軽量 伸縮 日本製 剪定】 楽天[rn]
20-117627,http://tshop.r10s.jp/g-life/cabinet/tasya17/9758788-e.jpg?fitin=700:700,4430.4000,,花・ガーデン・DIY > ガーデニング・農業 > 剪定用具 > 園芸用はさみ,高枝切りバサミ 超軽量 伸縮 kamaki ロープ式高枝切鋏 かるたか 1530【送料無料】カマキ 高枝切り鋏 日本製 剪定鋏 剪定鋏【TC】【FS】 楽天,,"頭部は軽くて、強靭なグラスファイバー製！<br>
【ここがおススメ】<br>
女性にもラクに使える超軽量アルミ合金。<br>
専用ノコギリ刃で太い枝も簡単に切断！<br>
アルミポール使用のため、軽量で作業がラク。<br>
ロープを引いてラクに枝切りが出来ます。<br><br>
●商品サイズ(cm)：全長約150～300<br>
●重量：約1200g<br>
●伸縮：3m(三段)<br>
●切断能力：約25mm
<br><br>◇◆おススメ商品◆◇<br>
<b>★カマキ ロープ式高枝切鋏 かるたか 1635</b><br>
<b>★カマキ ロープ式高枝切鋏 かるたか 1000DX</b><br>
<b>★カマキ ロープ式高枝切鋏 かるたか 1000DXA</b><br>
<b>★カマキ ロープ式高枝切鋏 かるたか 1220</b><br>
<b>★カマキ ロープ式高枝切鋏 かるたか 1000D</b><br>
<b>★カマキ ロープ式高枝切鋏 かるたか 1030DXA</b><br><br><br>※こちらの商品はお取り寄せ商品です。<br>ご注文後に在庫切れが判明した場合、お届けまでお時間を頂戴致します。<br>また、完売が判明した場合、ご注文キャンセルさせていただく場合がございます。<br>予めご了承くださいませ。<br><br>",高枝切りバサミ 超軽量 伸縮 kamaki ロープ式高枝切鋏 かるたか 1530【送料無料】カマキ 高枝切り鋏 日本製 剪定鋏 剪定鋏【TC】【FS】 楽天：ガーデニングライフ,通信販売通販ショッピングオンラインショッピング買い物プレゼントギフト贈り物贈答品お中元お歳暮お買い得高枝切りバサミ 超軽量 伸縮 kamaki ロープ式高枝切鋏 かるたか 1530【送料無料】カマキ 高枝切り鋏 日本製 剪定鋏 剪定鋏【TC】【FS】 楽天,　。高枝切りバサミ 超軽量 伸縮 kamaki ロープ式高枝切鋏 かるたか 1530【送料無料】カマキ 高枝切り鋏 日本製 剪定鋏 剪定鋏【TC】【FS】 楽天[rn]
20-117628,http://tshop.r10s.jp/g-life/cabinet/tasya17/9758791-e.jpg?fitin=700:700,3689.6000,,花・ガーデン・DIY > ガーデニング・農業 > 剪定用具 > 園芸用はさみ,高枝切りバサミ 軽量 伸縮 kamaki 切りりん アンビルタイプ 1150A-1.0【送料無料】カマキ 高枝切り鋏 日本製 剪定鋏 剪定鋏【TC】【FS】 楽天,,"アルミポール使用のため、軽量で作業がラク。<br>
高い所の太い枝切りなら、この商品におまかせ！<br>
【ここがおススメ】<br>
テコの原理で40ミリ生木でも抜群の切断力を発揮！<br>
打合いゴムがショックをやわらげる。<br>
切った枝などをかき出すのに便利なツメ付き。 <br><br>
●商品サイズ（cm）：全長約100<br>
●重量：約1200g<br>
●切断能力：約40mm
<br><br>◇◆おススメ商品◆◇<br>
<b>★カマキ 切りりん アンビルタイプ 1150A-1.4</b><br>
<b>★カマキ 切りりん アンビルタイプ 1150A-1.9</b><br>
<b>★カマキ 伸縮式高枝切鋏 かるのび 1860A</b><br>
<b>★カマキ ロープ式高枝切鋏 かるたか 1000DXA</b><br>
<b>★カマキ ロープ式高枝切鋏 かるたか 1030DXA</b><br><br><br>※こちらの商品はお取り寄せ商品です。<br>ご注文後に在庫切れが判明した場合、お届けまでお時間を頂戴致します。<br>また、完売が判明した場合、ご注文キャンセルさせていただく場合がございます。<br>予めご了承くださいませ。<br><br>",高枝切りバサミ 軽量 伸縮 kamaki 切りりん アンビルタイプ 1150A-1.0【送料無料】カマキ 高枝切り鋏 日本製 剪定鋏 剪定鋏【TC】【FS】 楽天：ガーデニングライフ,通信販売通販ショッピングオンラインショッピング買い物プレゼントギフト贈り物贈答品お中元お歳暮お買い得高枝切りバサミ 軽量 伸縮 kamaki 切りりん アンビルタイプ 1150A-1.0【送料無料】カマキ 高枝切り鋏 日本製 剪定鋏 剪定鋏【TC】【FS】 楽天,　。高枝切りバサミ 軽量 伸縮 kamaki 切りりん アンビルタイプ 1150A-1.0【送料無料】カマキ 高枝切り鋏 日本製 剪定鋏 剪定鋏【TC】【FS】 楽天[rn]
20-117629,http://tshop.r10s.jp/g-life/cabinet/tasya17/9758790-e.jpg?fitin=700:700,4540.8000,,花・ガーデン・DIY > ガーデニング・農業 > 剪定用具 > 園芸用はさみ,高枝切りバサミ 軽量 伸縮 kamaki 切りりん アンビルタイプ 1150A-1.4【送料無料】カマキ 高枝切り鋏 日本製 剪定鋏 剪定鋏【TC】【FS】 楽天,,"アルミポール使用のため、軽量で作業がラク。<br>
高い所の太い枝切りなら、この商品におまかせ！<br>
【ここがおススメ】<br>
テコの原理で40ミリ生木でも抜群の切断力を発揮！<br>
打合いゴムがショックをやわらげます。<br>
切った枝などをかき出すのに便利なツメ付き。<br> <br>
●商品サイズ（cm）：全長約140<br>
●重量：約1500g<br>
●切断能力：約40mm
<br><br>◇◆おススメ商品◆◇<br>
<b>★カマキ 切りりん アンビルタイプ 1150A-1.0</b><br>
<b>★カマキ 切りりん アンビルタイプ 1150A-1.9</b><br>
<b>★カマキ 伸縮式高枝切鋏 かるのび 1860A</b><br>
<b>★カマキ ロープ式高枝切鋏 かるたか 1000DXA</b><br>
<b>★カマキ ロープ式高枝切鋏 かるたか 1220</b><br>
<b>★カマキロング剪定&採集鋏 アンビルタイプ 1m KGP-1000A</b><br><br><br>※こちらの商品はお取り寄せ商品です。<br>ご注文後に在庫切れが判明した場合、お届けまでお時間を頂戴致します。<br>また、完売が判明した場合、ご注文キャンセルさせていただく場合がございます。<br>予めご了承くださいませ。<br><br>",高枝切りバサミ 軽量 伸縮 kamaki 切りりん アンビルタイプ 1150A-1.4【送料無料】カマキ 高枝切り鋏 日本製 剪定鋏 剪定鋏【TC】【FS】 楽天：ガーデニングライフ,通信販売通販ショッピングオンラインショッピング買い物プレゼントギフト贈り物贈答品お中元お歳暮お買い得高枝切りバサミ 軽量 伸縮 kamaki 切りりん アンビルタイプ 1150A-1.4【送料無料】カマキ 高枝切り鋏 日本製 剪定鋏 剪定鋏【TC】【FS】 楽天,　。高枝切りバサミ 軽量 伸縮 kamaki 切りりん アンビルタイプ 1150A-1.4【送料無料】カマキ 高枝切り鋏 日本製 剪定鋏 剪定鋏【TC】【FS】 楽天[rn]
20-117630,http://tshop.r10s.jp/g-life/cabinet/tasya17/9758794-e.jpg?fitin=700:700,4430.4000,,花・ガーデン・DIY > ガーデニング・農業 > 剪定用具 > 園芸用はさみ,高枝切りバサミ 超軽量 伸縮 kamaki ロープ式高枝切鋏 かるたか 1220【送料無料】カマキ 高枝切り鋏 日本製 剪定鋏 剪定鋏【TC】【FS】 楽天,,"頭部は軽くて、強靭なグラスファイバー製！<br>
【ここがおススメ】<br>
女性にもラクに使える超軽量アルミ合金！<br>
専用ノコギリ刃で太い枝も簡単に切断！<br>
アルミポール使用のため、軽量で作業がラク。<br>
ロープを引いてラクに枝切りが出来ます。<br><br>
●商品サイズ（cm）：全長約120～200<br>
●重量：900g<br>
●伸縮：2m(二段)<br>
●切断能力：約25mm
<br><br>◇◆おススメ商品◆◇<br>
<b>★カマキ ロープ式高枝切鋏 かるたか 1000DX</b><br>
<b>★カマキ 伸縮式高枝切鋏 かるのび 1860A</b><br>
<b>★カマキ ロープ式高枝切鋏 かるたか 1000DXA</b><br>
<b>★カマキ ロープ式高枝切鋏 かるたか 1030DXA</b><br>
<b>★カマキロング剪定&採集鋏 アンビルタイプ 1m KGP-1000A</b><br><br><br>※こちらの商品はお取り寄せ商品です。<br>ご注文後に在庫切れが判明した場合、お届けまでお時間を頂戴致します。<br>また、完売が判明した場合、ご注文キャンセルさせていただく場合がございます。<br>予めご了承くださいませ。<br><br>",高枝切りバサミ 超軽量 伸縮 kamaki ロープ式高枝切鋏 かるたか 1220【送料無料】カマキ 高枝切り鋏 日本製 剪定鋏 剪定鋏【TC】【FS】 楽天：ガーデニングライフ,通信販売通販ショッピングオンラインショッピング買い物プレゼントギフト贈り物贈答品お中元お歳暮お買い得高枝切りバサミ 超軽量 伸縮 kamaki ロープ式高枝切鋏 かるたか 1220【送料無料】カマキ 高枝切り鋏 日本製 剪定鋏 剪定鋏【TC】【FS】 楽天,　。高枝切りバサミ 超軽量 伸縮 kamaki ロープ式高枝切鋏 かるたか 1220【送料無料】カマキ 高枝切り鋏 日本製 剪定鋏 剪定鋏【TC】【FS】 楽天[rn]
20-117631,http://tshop.r10s.jp/g-life/cabinet/tasya17/9758797-e.jpg?fitin=700:700,4430.4000,,花・ガーデン・DIY > ガーデニング・農業 > 剪定用具 > 園芸用はさみ,高枝切りバサミ 超軽量 伸縮 kamaki ロング剪定&採集鋏 アンビルタイプ 1m KGP-1000A【送料無料】カマキ 高枝切り鋏 日本製 剪定鋏 剪定鋏【TC】【FS】 楽天,,"超軽量で長時間の作業もスムーズに。<br>
ロングタイプの剪定鋏なので、届きにくい所もラクな姿勢で作業できます。<br>
【ここがおすすめ】<br>
超軽量で女性にもラクラク作業！<br>
長時間の使用でも疲れにくい！<br>
剪定鋏では届きにくい所もラクな姿勢で作業できます。<br><br>
●商品サイズ（cm）：全長約100<br> 
●重量：約500g <br>
●切断能力：15mm<br>
●備考：アンビルタイプ<br>
※つかみ金具を外さず剪定できます。
<br><br>◇◆おススメ商品◆◇<br>
<b>★カマキ 切りりん アンビルタイプ 1150A-1.4</b><br>
<b>★カマキ 切りりん アンビルタイプ 1150A-1.9</b><br>
<b>★カマキ ロープ式高枝切鋏 かるたか 1000DXA</b><br>
<b>★カマキ ロープ式高枝切鋏 かるたか 1000D</b><br>
<b>★カマキ ロープ式高枝切鋏 かるたか 1030DXA</b><br><br><br>※こちらの商品はお取り寄せ商品です。<br>ご注文後に在庫切れが判明した場合、お届けまでお時間を頂戴致します。<br>また、完売が判明した場合、ご注文キャンセルさせていただく場合がございます。<br>予めご了承くださいませ。<br><br>",高枝切りバサミ 超軽量 伸縮 kamaki ロング剪定&amp;採集鋏 アンビルタイプ 1m KGP-1000A【送料無料】カマキ 高枝切り鋏 日本製 剪定鋏 剪定鋏【TC】【FS】 楽天：ガーデニングライフ,通信販売通販ショッピングオンラインショッピング買い物プレゼントギフト贈り物贈答品お中元お歳暮お買い得高枝切りバサミ 超軽量 伸縮 kamaki ロング剪定&amp;採集鋏 アンビルタイプ 1m KGP-1000A【送料無料】カマキ 高枝切り鋏 日本製 剪定鋏 剪定鋏【TC】【FS】 楽天,　。高枝切りバサミ 超軽量 伸縮 kamaki ロング剪定&amp;採集鋏 アンビルタイプ 1m KGP-1000A【送料無料】カマキ 高枝切り鋏 日本製 剪定鋏 剪定鋏【TC】【FS】 楽天[rn]
20-117632,http://tshop.r10s.jp/g-life/cabinet/tasya13/9464553-e.jpg?fitin=700:700,6652.0000,,花・ガーデン・DIY > ガーデニング・農業 > 剪定用具 > 園芸用はさみ,【送料無料】カマキ 伸縮式高枝切鋏 かるのびサンダン 6段階伸縮式 3m 1430【TC】【FS】【高枝切りバサミ 超軽量 伸縮 日本製 剪定】 楽天,,"<font size=4 color=deeppink><b>軽量なアルミポールで作業がラクな<br>
伸縮高枝切鋏 かるのびシリーズ</b></font><br><br>
3段式ポールなので高い所の剪定や果実の採取など、用途に合わせて手軽に高所の作業が行えます！<br>
10mmまで切断可能です。<br>
コンパクトサイズなので持ち運びに便利♪車のトランクにも収納可能です。<br><br>
≪特長≫<br>
◇切ってもつかめる万能タイプの刃先<br>
◇女性にもラクに扱える超軽量アルミ合金<br>
◇レバーを押すだけで伸縮自在<br>
◇専用ノコギリ刃で太い枝も簡単に切断<br><br>
●商品サイズ（約）：全長1.4～3.0m<br>
●重量（約）：1.3kg <br><br><font size=""-1"">◇◆おススメ商品◆◇<br>
★伸縮式高枝切鋏 かるのび 3段階伸縮式 3m 1800<br>
★伸縮式高枝切鋏 かるのび 6段階伸縮式 3m 1830<br>
★伸縮式高枝切鋏 かるのびシェイク 首振り6段伸縮 3m 1835<br>
★伸縮式高枝切鋏 かるのび 6段伸縮式 葉刈りタイプ 3m 1850<br>
★伸縮式高枝切鋏 かるのび 6段伸縮式 アンビルタイプ 3m 1860A<br>
★伸縮式高枝切鋏 かるのびサンダン 5段伸縮式 2.7m 1327<br>
★伸縮式高枝切鋏 かるのびサンダン 6段階伸縮式 3m 1430<br>
★伸縮式高枝切鋏 かるのびサンダン 6段伸縮式 葉刈りタイプ 3m 1440<br>
★伸縮式高枝切鋏 かるのびサンダン 6段伸縮式 アンビルタイプ 3m 1450A<br>
★伸縮式高枝切鋏 かるのびサンダン 6段階伸縮式 アンビルタイプ 4m 1470A<br>
</font><br><br>※こちらの商品はお取り寄せ商品です。<br>ご注文後に在庫切れが判明した場合、お届けまでお時間を頂戴致します。<br>また、完売が判明した場合、ご注文キャンセルさせていただく場合がございます。<br>予めご了承くださいませ。<br><br>",【送料無料】カマキ 伸縮式高枝切鋏 かるのびサンダン 6段階伸縮式 3m 1430【TC】【FS】【高枝切りバサミ 超軽量 伸縮 日本製 剪定】 楽天：ガーデニングライフ,通信販売通販ショッピングオンラインショッピング買い物プレゼントギフト贈り物贈答品お中元お歳暮お買い得【送料無料】カマキ 伸縮式高枝切鋏 かるのびサンダン 6段階伸縮式 3m 1430【TC】【FS】【高枝切りバサミ 超軽量 伸縮 日本製 剪定】 楽天,　。【送料無料】カマキ 伸縮式高枝切鋏 かるのびサンダン 6段階伸縮式 3m 1430【TC】【FS】【高枝切りバサミ 超軽量 伸縮 日本製 剪定】 楽天[rn]
20-117633,http://tshop.r10s.jp/g-life/cabinet/tasya/9758787.jpg?fitin=700:700,5392.8000,,花・ガーデン・DIY > ガーデニング・農業 > 剪定用具 > 園芸用はさみ,高枝切りバサミ 超軽量 伸縮 kamaki ロープ式高枝切鋏 かるたか 1635【送料無料】カマキ 高枝切り鋏 日本製 剪定鋏 剪定鋏【D】【FS】 楽天,,"頭部は軽くて、強靭なグラスファイバー製！<br>
【ここがおススメ】<br>
女性にもラクに使える超軽量アルミ合金。<br>
専用ノコギリ刃で太い枝も簡単に切断！<br>
アルミポール使用のため、軽量で作業がラク。<br>
ロープを引いてラクに枝切りが出来ます。<br><br>
●商品サイズ(cm)：全長約160～350<br>
●重量：約1300g<br> 
●伸縮：約3.5m(三段)<br>
●切断能力：約25mm
<br><br>◇◆おススメ商品◆◇<br>
<b>★カマキ ロープ式高枝切鋏 かるたか 1530</b><br>
<b>★カマキ ロープ式高枝切鋏 かるたか 1000DX</b><br>
<b>★カマキ 切りりん アンビルタイプ 1150A-1.4</b><br>
<b>★カマキ ロープ式高枝切鋏 かるたか 1000D</b><br>
<b>★カマキロング剪定&採集鋏 アンビルタイプ 1m KGP-1000A</b><br>",高枝切りバサミ 超軽量 伸縮 kamaki ロープ式高枝切鋏 かるたか 1635【送料無料】カマキ 高枝切り鋏 日本製 剪定鋏 剪定鋏【D】【FS】 楽天：ガーデニングライフ,通信販売通販ショッピングオンラインショッピング買い物プレゼントギフト贈り物贈答品お中元お歳暮お買い得高枝切りバサミ 超軽量 伸縮 kamaki ロープ式高枝切鋏 かるたか 1635【送料無料】カマキ 高枝切り鋏 日本製 剪定鋏 剪定鋏【D】【FS】 楽天,高枝切りバサミ 超軽量 伸縮 カマキ 日本製 選定。高枝切りバサミ 超軽量 伸縮 kamaki ロープ式高枝切鋏 かるたか 1635【送料無料】カマキ 高枝切り鋏 日本製 剪定鋏 剪定鋏【D】【FS】 楽天[rn]
20-117634,http://tshop.r10s.jp/g-life/cabinet/tasya17/9758789-e.jpg?fitin=700:700,4874.4000,,花・ガーデン・DIY > ガーデニング・農業 > 剪定用具 > 園芸用はさみ,高枝切りバサミ 超軽量 伸縮 kamaki ロープ式高枝切鋏 かるたか 1000DX【送料無料】カマキ 高枝切り鋏 日本製 剪定鋏 剪定鋏【TC】【FS】 楽天,,"頭部は軽くて、強靭なグラスファイバー製！<br>
【ここがおススメ】<br>
女性にもラクに使える超軽量アルミ合金。<br>
専用ノコギリ刃で太い枝も簡単に切断！<br>
アルミポール使用のため、軽量で作業がラク。<br>
ロープを引いてラクに枝切りが出来ます。<br><br>
●商品サイズ(cm)：全長約140～300<br>
●重量：約1200g<br>
●伸縮：3m(三段)<br>
●切断能力：約25mm
<br><br>◇◆おススメ商品◆◇<br>
<b>★カマキ ロープ式高枝切鋏 かるたか 1635</b><br>
<b>★カマキ ロープ式高枝切鋏 かるたか 1530</b><br>
<b>★カマキ ロープ式高枝切鋏 かるたか 1000DXA</b><br>
<b>★カマキ ロープ式高枝切鋏 かるたか 1220</b><br>
<b>★カマキ ロープ式高枝切鋏 かるたか 1000D</b><br>
<b>★カマキ ロープ式高枝切鋏 かるたか 1030DXA</b><br><br><br>※こちらの商品はお取り寄せ商品です。<br>ご注文後に在庫切れが判明した場合、お届けまでお時間を頂戴致します。<br>また、完売が判明した場合、ご注文キャンセルさせていただく場合がございます。<br>予めご了承くださいませ。<br><br>",高枝切りバサミ 超軽量 伸縮 kamaki ロープ式高枝切鋏 かるたか 1000DX【送料無料】カマキ 高枝切り鋏 日本製 剪定鋏 剪定鋏【TC】【FS】 楽天：ガーデニングライフ,通信販売通販ショッピングオンラインショッピング買い物プレゼントギフト贈り物贈答品お中元お歳暮お買い得高枝切りバサミ 超軽量 伸縮 kamaki ロープ式高枝切鋏 かるたか 1000DX【送料無料】カマキ 高枝切り鋏 日本製 剪定鋏 剪定鋏【TC】【FS】 楽天,　。高枝切りバサミ 超軽量 伸縮 kamaki ロープ式高枝切鋏 かるたか 1000DX【送料無料】カマキ 高枝切り鋏 日本製 剪定鋏 剪定鋏【TC】【FS】 楽天[rn]
20-117635,http://tshop.r10s.jp/g-life/cabinet/tasya13/9464552-e.jpg?fitin=700:700,5911.2000,,花・ガーデン・DIY > ガーデニング・農業 > 剪定用具 > 園芸用はさみ,【送料無料】カマキ 伸縮式高枝切鋏 かるのびサンダン 5段伸縮式 2.7m 1327【TC】【FS】【高枝切りバサミ 超軽量 伸縮 日本製 剪定】 楽天,,"<font size=4 color=deeppink><b>軽量なアルミポールで作業がラクな<br>
伸縮高枝切鋏 かるのびシリーズ</b></font><br><br>
3段式ポールなので高い所の剪定や果実の採取など、用途に合わせて手軽に高所の作業が行えます！<br>
10mmまで切断可能です。<br>
コンパクトサイズなので持ち運びに便利♪車のトランクにも収納可能です。<br><br>
≪特長≫<br>
◇切ってもつかめる万能タイプの刃先<br>
◇女性にもラクに扱える超軽量アルミ合金<br>
◇レバーを押すだけで伸縮自在<br>
◇専用ノコギリ刃で太い枝も簡単に切断<br><br>
●商品サイズ（約）：全長1.3～2.7m<br>
●重量（約）：1.1kg <br><br><font size=""-1"">◇◆おススメ商品◆◇<br>
★伸縮式高枝切鋏 かるのび 3段階伸縮式 3m 1800<br>
★伸縮式高枝切鋏 かるのび 6段階伸縮式 3m 1830<br>
★伸縮式高枝切鋏 かるのびシェイク 首振り6段伸縮 3m 1835<br>
★伸縮式高枝切鋏 かるのび 6段伸縮式 葉刈りタイプ 3m 1850<br>
★伸縮式高枝切鋏 かるのび 6段伸縮式 アンビルタイプ 3m 1860A<br>
★伸縮式高枝切鋏 かるのびサンダン 5段伸縮式 2.7m 1327<br>
★伸縮式高枝切鋏 かるのびサンダン 6段階伸縮式 3m 1430<br>
★伸縮式高枝切鋏 かるのびサンダン 6段伸縮式 葉刈りタイプ 3m 1440<br>
★伸縮式高枝切鋏 かるのびサンダン 6段伸縮式 アンビルタイプ 3m 1450A<br>
★伸縮式高枝切鋏 かるのびサンダン 6段階伸縮式 アンビルタイプ 4m 1470A<br>
</font><br><br>※こちらの商品はお取り寄せ商品です。<br>ご注文後に在庫切れが判明した場合、お届けまでお時間を頂戴致します。<br>また、完売が判明した場合、ご注文キャンセルさせていただく場合がございます。<br>予めご了承くださいませ。<br><br>",【送料無料】カマキ 伸縮式高枝切鋏 かるのびサンダン 5段伸縮式 2.7m 1327【TC】【FS】【高枝切りバサミ 超軽量 伸縮 日本製 剪定】 楽天：ガーデニングライフ,通信販売通販ショッピングオンラインショッピング買い物プレゼントギフト贈り物贈答品お中元お歳暮お買い得【送料無料】カマキ 伸縮式高枝切鋏 かるのびサンダン 5段伸縮式 2.7m 1327【TC】【FS】【高枝切りバサミ 超軽量 伸縮 日本製 剪定】 楽天,　。【送料無料】カマキ 伸縮式高枝切鋏 かるのびサンダン 5段伸縮式 2.7m 1327【TC】【FS】【高枝切りバサミ 超軽量 伸縮 日本製 剪定】 楽天[rn]
20-117636,http://tshop.r10s.jp/g-life/cabinet/tasya17/9758795-e.jpg?fitin=700:700,4800.0000,,花・ガーデン・DIY > ガーデニング・農業 > 剪定用具 > 園芸用はさみ,高枝切りバサミ 超軽量 伸縮 kamaki ロープ式高枝切鋏 かるたか 1000D【送料無料】カマキ 高枝切り鋏 日本製 剪定鋏 剪定鋏【TC】【FS】 楽天,,"頭部は軽くて、強靭なグラスファイバー製！<br>
【ここがおススメ】<br>
女性にもラクに使える超軽量アルミ合金！<br>
専用ノコギリ刃で太い枝も簡単に切断！<br>
アルミポール使用のため、軽量で作業がラク。<br>
ロープを引いてラクに枝切りが出来ます。<br><br>
●商品サイズ（cm）：全長約120～200<br>
●重量：約900g<br>
●伸縮：2m(二段)<br>
●切断能力：約25mm
<br><br>◇◆おススメ商品◆◇<br>
<b>★カマキ ロープ式高枝切鋏 かるたか 1000DX</b><br>
<b>★カマキ 伸縮式高枝切鋏 かるのび 1860A</b><br>
<b>★カマキ ロープ式高枝切鋏 かるたか 1000DXA</b><br>
<b>★カマキ ロープ式高枝切鋏 かるたか 1220</b><br>
<b>★カマキ ロープ式高枝切鋏 かるたか 1030DXA</b><br><br><br>※こちらの商品はお取り寄せ商品です。<br>ご注文後に在庫切れが判明した場合、お届けまでお時間を頂戴致します。<br>また、完売が判明した場合、ご注文キャンセルさせていただく場合がございます。<br>予めご了承くださいませ。<br><br>",高枝切りバサミ 超軽量 伸縮 kamaki ロープ式高枝切鋏 かるたか 1000D【送料無料】カマキ 高枝切り鋏 日本製 剪定鋏 剪定鋏【TC】【FS】 楽天：ガーデニングライフ,通信販売通販ショッピングオンラインショッピング買い物プレゼントギフト贈り物贈答品お中元お歳暮お買い得高枝切りバサミ 超軽量 伸縮 kamaki ロープ式高枝切鋏 かるたか 1000D【送料無料】カマキ 高枝切り鋏 日本製 剪定鋏 剪定鋏【TC】【FS】 楽天,　。高枝切りバサミ 超軽量 伸縮 kamaki ロープ式高枝切鋏 かるたか 1000D【送料無料】カマキ 高枝切り鋏 日本製 剪定鋏 剪定鋏【TC】【FS】 楽天[rn]
20-117637,http://tshop.r10s.jp/g-life/cabinet/tasya17/9758793-e.jpg?fitin=700:700,6660.0000,,花・ガーデン・DIY > ガーデニング・農業 > 剪定用具 > 園芸用はさみ,高枝切りバサミ 超軽量 伸縮 kamaki ロープ式高枝切鋏 かるたか 1000DXA【送料無料】カマキ 高枝切り鋏 日本製 剪定鋏 剪定鋏【TC】【FS】 楽天,,"頭部は軽くて、強靭なグラスファイバー製！<br>
【ここがおススメ】<br>
女性にもラクに使える超軽量アルミ合金！<br>
専用ノコギリ刃で太い枝も簡単に切断！<br>
アルミポール使用のため、軽量で作業がラク。<br>
ロープを引いてラクに枝切りが出来ます。<br><br>
●商品サイズ（cm）：全長約140～300<br>
●重量：約1300g<br>
●切断能力：約25mm
<br><br>◇◆おススメ商品◆◇<br>
<b>★カマキ ロープ式高枝切鋏 かるたか 1635</b><br>
<b>★カマキ ロープ式高枝切鋏 かるたか 1000DX</b><br>
<b>★カマキ ロープ式高枝切鋏 かるたか 1220</b><br>
<b>★カマキ ロープ式高枝切鋏 かるたか 1000D</b><br>
<b>★カマキ ロープ式高枝切鋏 かるたか 1030DXA</b><br>
<b>★カマキロング剪定&採集鋏 アンビルタイプ 1m KGP-1000A</b><br><br><br>※こちらの商品はお取り寄せ商品です。<br>ご注文後に在庫切れが判明した場合、お届けまでお時間を頂戴致します。<br>また、完売が判明した場合、ご注文キャンセルさせていただく場合がございます。<br>予めご了承くださいませ。<br><br>",高枝切りバサミ 超軽量 伸縮 kamaki ロープ式高枝切鋏 かるたか 1000DXA【送料無料】カマキ 高枝切り鋏 日本製 剪定鋏 剪定鋏【TC】【FS】 楽天：ガーデニングライフ,通信販売通販ショッピングオンラインショッピング買い物プレゼントギフト贈り物贈答品お中元お歳暮お買い得高枝切りバサミ 超軽量 伸縮 kamaki ロープ式高枝切鋏 かるたか 1000DXA【送料無料】カマキ 高枝切り鋏 日本製 剪定鋏 剪定鋏【TC】【FS】 楽天,　。高枝切りバサミ 超軽量 伸縮 kamaki ロープ式高枝切鋏 かるたか 1000DXA【送料無料】カマキ 高枝切り鋏 日本製 剪定鋏 剪定鋏【TC】【FS】 楽天[rn]
20-117638,http://tshop.r10s.jp/g-life/cabinet/tasya/9464547.jpg?fitin=700:700,3978.4000,,花・ガーデン・DIY > ガーデニング・農業 > 剪定用具 > 園芸用はさみ,高枝切りバサミ 超軽量 伸縮 kamaki　かるのび 3段階伸縮式 3m 1800【送料無料】カマキ 伸縮式高枝切鋏 高枝切り鋏 日本製 剪定鋏 剪定鋏【D】【FS】 楽天,,"<font size=4 color=deeppink><b>軽量なアルミポールで作業がラクな<br>
伸縮高枝切鋏 かるのびシリーズ</b></font><br><br>
2段式ポールなので高い所の剪定や果実の採取など、用途に合わせて手軽に高所の作業が行えます！<br>
10mmまで切断可能です。<br><br>
≪特長≫<br>
◇切ってもつかめる万能タイプの刃先<br>
◇女性にもラクに扱える超軽量アルミ合金<br>
◇レバーを押すだけで伸縮自在<br>
◇専用ノコギリ刃で太い枝も簡単に切断<br><br>
●商品サイズ（約）：全長1.8～3.0m<br>
●重量（約）：1.06kg<br>
●フックタイプ<br><br><font size=""-1"">◇◆おススメ商品◆◇<br>
★伸縮式高枝切鋏 かるのび 3段階伸縮式 3m 1800<br>
★伸縮式高枝切鋏 かるのび 6段階伸縮式 3m 1830<br>
★伸縮式高枝切鋏 かるのびシェイク 首振り6段伸縮 3m 1835<br>
★伸縮式高枝切鋏 かるのび 6段伸縮式 葉刈りタイプ 3m 1850<br>
★伸縮式高枝切鋏 かるのび 6段伸縮式 アンビルタイプ 3m 1860A<br>
★伸縮式高枝切鋏 かるのびサンダン 5段伸縮式 2.7m 1327<br>
★伸縮式高枝切鋏 かるのびサンダン 6段階伸縮式 3m 1430<br>
★伸縮式高枝切鋏 かるのびサンダン 6段伸縮式 葉刈りタイプ 3m 1440<br>
★伸縮式高枝切鋏 かるのびサンダン 6段伸縮式 アンビルタイプ 3m 1450A<br>
★伸縮式高枝切鋏 かるのびサンダン 6段階伸縮式 アンビルタイプ 4m 1470A<br>
</font>",高枝切りバサミ 超軽量 伸縮 kamaki　かるのび 3段階伸縮式 3m 1800【送料無料】カマキ 伸縮式高枝切鋏 高枝切り鋏 日本製 剪定鋏 剪定鋏【D】【FS】 楽天：ガーデニングライフ,通信販売通販ショッピングオンラインショッピング買い物プレゼントギフト贈り物贈答品お中元お歳暮お買い得高枝切りバサミ 超軽量 伸縮 kamaki　かるのび 3段階伸縮式 3m 1800【送料無料】カマキ 伸縮式高枝切鋏 高枝切り鋏 日本製 剪定鋏 剪定鋏【D】【FS】 楽天,高枝切りバサミ 超軽量 伸縮 高枝切りばさみ カマキ kamaki。高枝切りバサミ 超軽量 伸縮 kamaki　かるのび 3段階伸縮式 3m 1800【送料無料】カマキ 伸縮式高枝切鋏 高枝切り鋏 日本製 剪定鋏 剪定鋏【D】【FS】 楽天[rn]
20-117639,http://tshop.r10s.jp/g-life/cabinet/tasya8/9439222-e.jpg?fitin=700:700,2476.8000,,花・ガーデン・DIY > ガーデニング・農業 > 剪定用具 > 園芸用はさみ,サボテン 回転式芝生鋏 ニューザック NO.1030 オレンジ【TC】【FS】 楽天,,"芝生の刈込作業回転式鋏です。<br>回転式で斜め刈り・際刈りも片手でラクにでき、色々な場面で大活躍♪<br><br>
◇用途に合わせて刃先が3つの角度に回転<br>
水平刈・垂直刈、どのアングルでも力のロス無くに軽いタッチを保持できますので、道路や花壇のきわ・飛び石のまわり・植込の中・壁ぎわなど、ローンモアで刈れない所で威力を発揮します。<br><br>
●全長：約34cm<br>
●重量：約384g<br>
●材質<br>
刃部：刃物鋼、ハードクロムメッキ<br>
ハンドル：スチール<br><br><br>
<font size=-1>◇◆おススメ商品◆◇<br>
<b>★サボテン　万能刃研ぎ　NO.6-A　ブラック</b><br>
<b>★サボテン　回転式芝生鋏　ニューザック　NO.1030　オレンジ</b><br>
<b>★サボテン　回転式芝生鋏・ザックスウィパー付　NO.1030S　オレンジ</b><br>
<b>★サボテン　パワーパイントサイズ　NO.1030T　芝生鋏　片手タイプ　オレンジ</b><br>
<b>★サボテン　パワーパイントサイズ　NO.1030TS　芝生鋏　片手タイプ　オレンジ</b><br>
<b>★サボテン　芝生鋏　NO.1031　オレンジ</b><br>
<b>★サボテン　芝生鋏　NO.1031T　オレンジ</b><br>
<b>★サボテン　パワーパイントサイズ　NO.1070　新型回転式芝生鋏　オレンジ</b><br>
<b>★サボテン　ネ・プラス・ウルトラ　NO.1080　回転式芝生鋏　グリーン</b><br>
</font><br><br>※こちらの商品はお取り寄せ商品です。<br>ご注文後に在庫切れが判明した場合、お届けまでお時間を頂戴致します。<br>また、完売が判明した場合、ご注文キャンセルさせていただく場合がございます。<br>予めご了承くださいませ。<br><br>",サボテン 回転式芝生鋏 ニューザック NO.1030 オレンジ【TC】【FS】 楽天：ガーデニングライフ,通信販売通販ショッピングオンラインショッピング買い物プレゼントギフト贈り物贈答品お中元お歳暮お買い得サボテン 回転式芝生鋏 ニューザック NO.1030 オレンジ【TC】【FS】 楽天,　。サボテン 回転式芝生鋏 ニューザック NO.1030 オレンジ【TC】【FS】 楽天[rn]
20-117640,http://tshop.r10s.jp/g-life/cabinet/tasya8/9439223-e.jpg?fitin=700:700,2476.8000,,花・ガーデン・DIY > ガーデニング・農業 > 剪定用具 > 園芸用はさみ,サボテン 回転式芝生鋏・ザックスウィパー付 NO.1030S オレンジ【TC】【FS】 楽天,,"芝生の刈込作業回転式鋏です。<br>回転式で斜め刈り・際刈りも片手でラクにでき、色々な場面で大活躍♪<br>刃物用に開発したフッ素コートはサビ・ヤニに強く、軽い切れ味が長持ちします。<br><br>
◇用途に合わせて刃先が3つの角度に回転<br>
水平刈・垂直刈、どのアングルでも力のロス無くに軽いタッチを保持できますので、道路や花壇のきわ・飛び石のまわり・植込の中・壁ぎわなど、ローンモアで刈れない所で威力を発揮します。<br>スウィーパー付きなので、芝を刈った後の掃除にとても便利です。<br><br>
●全長：約34cm<br>
●重量：約450g<br>
●材質<br>
刃部：刃物鋼、ハードクロムメッキ<br>
ハンドル：スチール<br>
スウィーパー部：SUS430BA<br><br><br>
<font size=-1>◇◆おススメ商品◆◇<br>
<b>★サボテン　万能刃研ぎ　NO.6-A　ブラック</b><br>
<b>★サボテン　回転式芝生鋏　ニューザック　NO.1030　オレンジ</b><br>
<b>★サボテン　回転式芝生鋏・ザックスウィパー付　NO.1030S　オレンジ</b><br>
<b>★サボテン　パワーパイントサイズ　NO.1030T　芝生鋏　片手タイプ　オレンジ</b><br>
<b>★サボテン　パワーパイントサイズ　NO.1030TS　芝生鋏　片手タイプ　オレンジ</b><br>
<b>★サボテン　芝生鋏　NO.1031　オレンジ</b><br>
<b>★サボテン　芝生鋏　NO.1031T　オレンジ</b><br>
<b>★サボテン　パワーパイントサイズ　NO.1070　新型回転式芝生鋏　オレンジ</b><br>
<b>★サボテン　ネ・プラス・ウルトラ　NO.1080　回転式芝生鋏　グリーン</b><br>
</font><br><br>※こちらの商品はお取り寄せ商品です。<br>ご注文後に在庫切れが判明した場合、お届けまでお時間を頂戴致します。<br>また、完売が判明した場合、ご注文キャンセルさせていただく場合がございます。<br>予めご了承くださいませ。<br><br>",サボテン 回転式芝生鋏・ザックスウィパー付 NO.1030S オレンジ【TC】【FS】 楽天：ガーデニングライフ,通信販売通販ショッピングオンラインショッピング買い物プレゼントギフト贈り物贈答品お中元お歳暮お買い得サボテン 回転式芝生鋏・ザックスウィパー付 NO.1030S オレンジ【TC】【FS】 楽天,　。サボテン 回転式芝生鋏・ザックスウィパー付 NO.1030S オレンジ【TC】【FS】 楽天[rn]
20-117641,http://tshop.r10s.jp/g-life/cabinet/tasya8/9439224-e.jpg?fitin=700:700,2743.2000,,花・ガーデン・DIY > ガーデニング・農業 > 剪定用具 > 園芸用はさみ,サボテン パワーパイントサイズ NO.1030T 芝生鋏 片手タイプ オレンジ【TC】【FS】 楽天,,"芝生の刈込作業回転式鋏です。<br>回転式で斜め刈り・際刈りも片手でラクにでき、色々な場面で大活躍♪<br>刃物用に開発したフッ素コートはサビ・ヤニに強く、軽い切れ味が長持ちします。<br><br>
◇用途に合わせて刃先が3つの角度に回転<br>
水平刈・垂直刈、どのアングルでも力のロス無くに軽いタッチを保持できますので、道路や花壇のきわ・飛び石のまわり・植込の中・壁ぎわなど、ローンモアで刈れない所で威力を発揮します。<br><br>
●全長：約34cm<br>
●重量：約450g<br>
●材質<br>
刃部：刃物鋼、テフロンS<br>
ハンドル：スチール<br><br><br>
<font size=-1>◇◆おススメ商品◆◇<br>
<b>★サボテン　万能刃研ぎ　NO.6-A　ブラック</b><br>
<b>★サボテン　回転式芝生鋏　ニューザック　NO.1030　オレンジ</b><br>
<b>★サボテン　回転式芝生鋏・ザックスウィパー付　NO.1030S　オレンジ</b><br>
<b>★サボテン　パワーパイントサイズ　NO.1030T　芝生鋏　片手タイプ　オレンジ</b><br>
<b>★サボテン　パワーパイントサイズ　NO.1030TS　芝生鋏　片手タイプ　オレンジ</b><br>
<b>★サボテン　芝生鋏　NO.1031　オレンジ</b><br>
<b>★サボテン　芝生鋏　NO.1031T　オレンジ</b><br>
<b>★サボテン　パワーパイントサイズ　NO.1070　新型回転式芝生鋏　オレンジ</b><br>
<b>★サボテン　ネ・プラス・ウルトラ　NO.1080　回転式芝生鋏　グリーン</b><br>
</font><br><br>※こちらの商品はお取り寄せ商品です。<br>ご注文後に在庫切れが判明した場合、お届けまでお時間を頂戴致します。<br>また、完売が判明した場合、ご注文キャンセルさせていただく場合がございます。<br>予めご了承くださいませ。<br><br>",サボテン パワーパイントサイズ NO.1030T 芝生鋏 片手タイプ オレンジ【TC】【FS】 楽天：ガーデニングライフ,通信販売通販ショッピングオンラインショッピング買い物プレゼントギフト贈り物贈答品お中元お歳暮お買い得サボテン パワーパイントサイズ NO.1030T 芝生鋏 片手タイプ オレンジ【TC】【FS】 楽天,　。サボテン パワーパイントサイズ NO.1030T 芝生鋏 片手タイプ オレンジ【TC】【FS】 楽天[rn]
20-117642,http://tshop.r10s.jp/g-life/cabinet/tasya8/9439225-e.jpg?fitin=700:700,2743.2000,,花・ガーデン・DIY > ガーデニング・農業 > 剪定用具 > 園芸用はさみ,サボテン パワーパイントサイズ NO.1030TS 芝生鋏 片手タイプ オレンジ【TC】【FS】 楽天,,"芝生の刈込作業回転式鋏です。<br>回転式で斜め刈り・際刈りも片手でラクにでき、色々な場面で大活躍♪<br>刃物用に開発したフッ素コートはサビ・ヤニに強く、軽い切れ味が長持ちします。<br><br>
◇用途に合わせて刃先が3つの角度に回転<br>
水平刈・垂直刈、どのアングルでも力のロス無くに軽いタッチを保持できますので、道路や花壇のきわ・飛び石のまわり・植込の中・壁ぎわなど、ローンモアで刈れない所で威力を発揮します。<br>スウィーパー付きなので、芝を刈った後の掃除にとても便利です。<br><br>
●全長：約34cm<br>
●重量：約450g<br>
●材質<br>
刃部：刃物鋼、テフロンS<br>
ハンドル：スチール<br>
スウィーパー部：SUS430BA<br><br><br>
<font size=-1>◇◆おススメ商品◆◇<br>
<b>★サボテン　万能刃研ぎ　NO.6-A　ブラック</b><br>
<b>★サボテン　回転式芝生鋏　ニューザック　NO.1030　オレンジ</b><br>
<b>★サボテン　回転式芝生鋏・ザックスウィパー付　NO.1030S　オレンジ</b><br>
<b>★サボテン　パワーパイントサイズ　NO.1030T　芝生鋏　片手タイプ　オレンジ</b><br>
<b>★サボテン　パワーパイントサイズ　NO.1030TS　芝生鋏　片手タイプ　オレンジ</b><br>
<b>★サボテン　芝生鋏　NO.1031　オレンジ</b><br>
<b>★サボテン　芝生鋏　NO.1031T　オレンジ</b><br>
<b>★サボテン　パワーパイントサイズ　NO.1070　新型回転式芝生鋏　オレンジ</b><br>
<b>★サボテン　ネ・プラス・ウルトラ　NO.1080　回転式芝生鋏　グリーン</b><br>
</font><br><br>※こちらの商品はお取り寄せ商品です。<br>ご注文後に在庫切れが判明した場合、お届けまでお時間を頂戴致します。<br>また、完売が判明した場合、ご注文キャンセルさせていただく場合がございます。<br>予めご了承くださいませ。<br><br>",サボテン パワーパイントサイズ NO.1030TS 芝生鋏 片手タイプ オレンジ【TC】【FS】 楽天：ガーデニングライフ,通信販売通販ショッピングオンラインショッピング買い物プレゼントギフト贈り物贈答品お中元お歳暮お買い得サボテン パワーパイントサイズ NO.1030TS 芝生鋏 片手タイプ オレンジ【TC】【FS】 楽天,　。サボテン パワーパイントサイズ NO.1030TS 芝生鋏 片手タイプ オレンジ【TC】【FS】 楽天[rn]
20-117643,http://tshop.r10s.jp/g-life/cabinet/tasya8/9439227-e.jpg?fitin=700:700,2248.0000,,花・ガーデン・DIY > ガーデニング・農業 > 剪定用具 > 園芸用はさみ,サボテン 芝生鋏 NO.1031T オレンジ【TC】【FS】 楽天,,"軽い切れ味・軽いタッチで芝生をスムーズに刈ることができます。<br>刃は回転しない固定式です。<br>刃物用に開発したフッ素コートはサビ・ヤニに強く、軽い切れ味が長持ちします。<br><br>
●刃固定式<br>
●全長：約33cm<br>
●材質<br>
刃部：刃物鋼、テフロンS<br>
ハンドル：スチール<br><br><br>
<font size=-1>◇◆おススメ商品◆◇<br>
<b>★サボテン　万能刃研ぎ　NO.6-A　ブラック</b><br>
<b>★サボテン　回転式芝生鋏　ニューザック　NO.1030　オレンジ</b><br>
<b>★サボテン　回転式芝生鋏・ザックスウィパー付　NO.1030S　オレンジ</b><br>
<b>★サボテン　パワーパイントサイズ　NO.1030T　芝生鋏　片手タイプ　オレンジ</b><br>
<b>★サボテン　パワーパイントサイズ　NO.1030TS　芝生鋏　片手タイプ　オレンジ</b><br>
<b>★サボテン　芝生鋏　NO.1031　オレンジ</b><br>
<b>★サボテン　芝生鋏　NO.1031T　オレンジ</b><br>
<b>★サボテン　パワーパイントサイズ　NO.1070　新型回転式芝生鋏　オレンジ</b><br>
<b>★サボテン　ネ・プラス・ウルトラ　NO.1080　回転式芝生鋏　グリーン</b><br>
</font><br><br>※こちらの商品はお取り寄せ商品です。<br>ご注文後に在庫切れが判明した場合、お届けまでお時間を頂戴致します。<br>また、完売が判明した場合、ご注文キャンセルさせていただく場合がございます。<br>予めご了承くださいませ。<br><br>",サボテン 芝生鋏 NO.1031T オレンジ【TC】【FS】 楽天：ガーデニングライフ,通信販売通販ショッピングオンラインショッピング買い物プレゼントギフト贈り物贈答品お中元お歳暮お買い得サボテン 芝生鋏 NO.1031T オレンジ【TC】【FS】 楽天,　。サボテン 芝生鋏 NO.1031T オレンジ【TC】【FS】 楽天[rn]
20-117644,http://tshop.r10s.jp/g-life/cabinet/tasya8/9439229-e.jpg?fitin=700:700,3124.0000,,花・ガーデン・DIY > ガーデニング・農業 > 剪定用具 > 園芸用はさみ,サボテン ネ・プラス・ウルトラ NO.1080 回転式芝生鋏 グリーン【TC】【FS】 楽天,,"芝生の刈込作業回転式鋏です。<br>回転式で斜め刈り・際刈りも片手でラクにでき、色々な場面で大活躍♪<br>刃物用に開発したフッ素コートはサビ・ヤニに強く、軽い切れ味が長持ちします。<br><br>
◇2ステップ熱処理<br>
新しく開発した2ステップ熱処理（全面焼き入れ処理・表面硬化処理）により、長く切れ味を持続できます。<br><br>
◇給油不要（特許）<br>
金属と金属の接触を、金属と樹脂の接触に置き替えたので摩擦が少なく、スムーズに動きます。<br><br>
◇T-Tナット（特許）<br>
内蔵された特殊バネの作用で理想的なトルクとテンションを持っています。<br><br>
◇オイル・パッド（特許）<br>
防錆効果とクリーニング効果のために、ご利用後ホコリを拭いた後オイルパッドで刃を軽く拭いて下さい。<br><br>
◇強靭なポリプロピレングリップ<br>
効果的にショックを吸収します。<br><br>
●全長：約34cm<br>
●重量：約340g<br>
●材質<br>
刃部：刃物鋼、テフロンS<br>
ハンドル：スチール<br><br><br>
<font size=-1>◇◆おススメ商品◆◇<br>
<b>★サボテン　万能刃研ぎ　NO.6-A　ブラック</b><br>
<b>★サボテン　回転式芝生鋏　ニューザック　NO.1030　オレンジ</b><br>
<b>★サボテン　回転式芝生鋏・ザックスウィパー付　NO.1030S　オレンジ</b><br>
<b>★サボテン　パワーパイントサイズ　NO.1030T　芝生鋏　片手タイプ　オレンジ</b><br>
<b>★サボテン　パワーパイントサイズ　NO.1030TS　芝生鋏　片手タイプ　オレンジ</b><br>
<b>★サボテン　芝生鋏　NO.1031　オレンジ</b><br>
<b>★サボテン　芝生鋏　NO.1031T　オレンジ</b><br>
<b>★サボテン　パワーパイントサイズ　NO.1070　新型回転式芝生鋏　オレンジ</b><br>
<b>★サボテン　ネ・プラス・ウルトラ　NO.1080　回転式芝生鋏　グリーン</b><br>
</font>",サボテン ネ・プラス・ウルトラ NO.1080 回転式芝生鋏 グリーン【TC】【FS】 楽天：ガーデニングライフ,通信販売通販ショッピングオンラインショッピング買い物プレゼントギフト贈り物贈答品お中元お歳暮お買い得サボテン ネ・プラス・ウルトラ NO.1080 回転式芝生鋏 グリーン【TC】【FS】 楽天,　。サボテン ネ・プラス・ウルトラ NO.1080 回転式芝生鋏 グリーン【TC】【FS】 楽天[rn]
20-117645,http://tshop.r10s.jp/g-life/cabinet/fujimoto/t010004431281.jpg?fitin=700:700,2960.0000,,花・ガーデン・DIY > ガーデニング・農業 > 剪定用具 > 園芸用はさみ,アルス植木鋏 U600[アルス 剪定鋏 園芸用品 園芸機器 工具 園芸用品]【T園芸用品 園芸機器 工具 園芸用品]【TC】【FS】 楽天,,●繊細な作業から太い枝切りまで、すぐれた切れ味と軽量化を実現します。●軽量・高剛性なアルミダイカストグリップは理想的な形状で手にしっかりフィットします。<br><br>【用途】<br>●植木の剪定用●植木の剪定作業に<br><br>【仕様】<br>●切断能力(mm):9●刃長(mm):55●全長(mm):210<br><br><br><br>【材質／仕上】●刃：高炭素刃物鋼●アルミダイカストグリップ<br><br><br><br>原産国：日本<br><br>※こちらの商品はお取り寄せ商品です。<br>ご注文後に在庫切れが判明した場合、お届けまでお時間を頂戴致します。<br>また、完売が判明した場合、ご注文キャンセルさせていただく場合がございます。<br>予めご了承くださいませ。<br><br>,アルス植木鋏 U600[アルス 剪定鋏 園芸用品 園芸機器 工具 園芸用品]【T園芸用品 園芸機器 工具 園芸用品]【TC】【FS】 楽天：ガーデニングライフ,通信販売通販ショッピングオンラインショッピング買い物プレゼントギフト贈り物贈答品お中元お歳暮お買い得アルス植木鋏 U600[アルス 剪定鋏 園芸用品 園芸機器 工具 園芸用品]【T園芸用品 園芸機器 工具 園芸用品]【TC】【FS】 楽天,　。アルス植木鋏 U600[アルス 剪定鋏 園芸用品 園芸機器 工具 園芸用品]【T園芸用品 園芸機器 工具 園芸用品]【TC】【FS】 楽天[rn]
20-117646,http://tshop.r10s.jp/g-life/cabinet/tasya17/9758783-e.jpg?fitin=700:700,518.4000,,花・ガーデン・DIY > ガーデニング・農業 > 剪定用具 > 園芸用はさみ,剪定ばさみ 剪定鋏 近正 みかん鋏 M-100剪定はさみ 剪定ハサミ チカマサ【TC】【FS】 楽天,,"刃先丸でキズがつきにくい！<br>
みかん、デコポン、柿等の収穫に最適です。<br><br>
●商品サイズ(cm)<br>
　 全長：約14.5<br>
　 刃長：約2.4<br>
●重量：約63g<br>
　 刃：高級炭素刃物工具鋼<br>
 　柄：高衝撃ABS樹脂
<br><br>◇◆おススメ商品◆◇<br>
<b>★近正 摘果鋏 T-501</b><br>
<b>★近正 摘果鋏 T-500</b><br>
<b>★近正 青果鋏 T-700</b><br>
<b>★近正 采園鋏 T-600</b><br>
<b>★近正 採果鋏 S-200</b><br>
<b>★近正 ステンレスブドウ鋏 B-300S</b><br>
<b>★近正 青果鋏・ガード付 T-700G</b><br>
<b>★近正 みかん鋏 曲刃 M-100R</b><br><br><br>※こちらの商品はお取り寄せ商品です。<br>ご注文後に在庫切れが判明した場合、お届けまでお時間を頂戴致します。<br>また、完売が判明した場合、ご注文キャンセルさせていただく場合がございます。<br>予めご了承くださいませ。<br><br>",剪定ばさみ 剪定鋏 近正 みかん鋏 M-100剪定はさみ 剪定ハサミ チカマサ【TC】【FS】 楽天：ガーデニングライフ,通信販売通販ショッピングオンラインショッピング買い物プレゼントギフト贈り物贈答品お中元お歳暮お買い得剪定ばさみ 剪定鋏 近正 みかん鋏 M-100剪定はさみ 剪定ハサミ チカマサ【TC】【FS】 楽天,　。剪定ばさみ 剪定鋏 近正 みかん鋏 M-100剪定はさみ 剪定ハサミ チカマサ【TC】【FS】 楽天[rn]
20-117647,http://tshop.r10s.jp/g-life/cabinet/tasya2/9435206.jpg?fitin=700:700,8381.6000,,花・ガーデン・DIY > ガーデニング・農業 > 剪定用具 > 園芸用はさみ,【送料無料】【ニシガキ】伸縮高枝きり鋏太丸伸縮3段伸縮式肩掛けベルト付 N-160 1.8～2.55m【TC】【剪定はさみ/剪定ハサミ/高枝切り/植木鋏/軽量タイプ/肩掛け/園芸用品/ガーデニング用品】 楽天,,太枝切りの革命品、テコの力で切れ味抜群！！<br><br>180cm、218cm、255cmの3段階の伸縮式。<br>伸縮レバー操作で先パイプが伸び、3段階の長さで作業を行えます。<br>各部の固定金具により安全確実に伸縮操作を行えます。<br>テコの力で枝が軽い力で切り落とせます。<br>滑らかな切り口で腐れや病害虫を予防します。<br>女性でも扱いやすい約1.7kg軽量タイプです。<br>肩掛けベルトを使用することにより、さらに軽く使えます。<br>高枝切り、剪定鋏の代用としてもご使用いただけます。<br><br>●用途：植木の枝切り用<br>●材質<br>　鋏部：高級刃物鋼(SK5) <br>　パイプ部：丸型アルミ合金 <br>　ハンドル部：楕円アルミ合金/天然木 <br>　伸縮部：ABS樹脂 <br>　肩掛けベルト：ナイロン <br>●切断直径：最大生木約3.0cm<br>●商品サイズ（約）全長：1.8～2.55m<br>●商品重量（約）：1720g<br><br><br>※こちらの商品はお取り寄せ商品です。<br>ご注文後に在庫切れが判明した場合、お届けまでお時間を頂戴致します。<br>また、完売が判明した場合、ご注文キャンセルさせていただく場合がございます。<br>予めご了承くださいませ。<br><br>,【送料無料】【ニシガキ】伸縮高枝きり鋏太丸伸縮3段伸縮式肩掛けベルト付 N-160 1.8～2.55m【TC】【剪定はさみ/剪定ハサミ/高枝切り/植木鋏/軽量タイプ/肩掛け/園芸用品/ガーデニング用品】 楽天：ガーデニングライフ,通信販売通販ショッピングオンラインショッピング買い物プレゼントギフト贈り物贈答品お中元お歳暮お買い得【送料無料】【ニシガキ】伸縮高枝きり鋏太丸伸縮3段伸縮式肩掛けベルト付 N-160 1.8～2.55m【TC】【剪定はさみ/剪定ハサミ/高枝切り/植木鋏/軽量タイプ/肩掛け/園芸用品/ガーデニング用品】 楽天,　。【送料無料】【ニシガキ】伸縮高枝きり鋏太丸伸縮3段伸縮式肩掛けベルト付 N-160 1.8～2.55m【TC】【剪定はさみ/剪定ハサミ/高枝切り/植木鋏/軽量タイプ/肩掛け/園芸用品/ガーデニング用品】 楽天[rn]
20-117648,http://tshop.r10s.jp/g-life/cabinet/fujimoto/t010004958551.jpg?fitin=700:700,1215.2000,,花・ガーデン・DIY > ガーデニング・農業 > 剪定用具 > 園芸用はさみ,アルス クラフトチョキ プリザ （ブラック） FW330HCBK[アルス 園芸用品 園芸機器 工具 園芸用品]【TC】【FS】 楽天,,●マルチに活躍するクラフトチョキの刃元に、ワイヤーカットの機能をプラスしました。●手にやさしいソフトグリップ採用です。●花がら摘み、包装フィルム、ラッピングペーパー、小枝、リボン、切り戻しなど。フローリストやフラワーデザイナーにぴったりの多用途はさみです。<br><br>【用途】<br>●細いワイヤーの切断を要するクラフト作業に。<br><br>【仕様】<br>●切断能力(mm):φ1.2●刃長(mm):40●全長(mm):160<br><br><br><br>【材質／仕上】●刃部：高炭素刃物鋼(ハードクロムコーティング)<br><br><br><br>原産国：日本<br><br>※こちらの商品はお取り寄せ商品です。<br>ご注文後に在庫切れが判明した場合、お届けまでお時間を頂戴致します。<br>また、完売が判明した場合、ご注文キャンセルさせていただく場合がございます。<br>予めご了承くださいませ。<br><br>,アルス クラフトチョキ プリザ （ブラック） FW330HCBK[アルス 園芸用品 園芸機器 工具 園芸用品]【TC】【FS】 楽天：ガーデニングライフ,通信販売通販ショッピングオンラインショッピング買い物プレゼントギフト贈り物贈答品お中元お歳暮お買い得アルス クラフトチョキ プリザ （ブラック） FW330HCBK[アルス 園芸用品 園芸機器 工具 園芸用品]【TC】【FS】 楽天,　。アルス クラフトチョキ プリザ （ブラック） FW330HCBK[アルス 園芸用品 園芸機器 工具 園芸用品]【TC】【FS】 楽天[rn]
20-117649,http://tshop.r10s.jp/g-life/cabinet/tasya12/9265819.jpg?fitin=700:700,3689.6000,,花・ガーデン・DIY > ガーデニング・農業 > 剪定用具 > 園芸用はさみ,【アルス】剪定ばさみ 剪定バサミ 超軽量 伸縮式 高枝鋏ライトチョキズーム 150Z-3.0-5D【FS】【D】【高枝ハサミ 園芸用品 土木建築用品 アルスコーポレーション】,,●切断能力(mm):12<BR>●刃長(mm):48<BR>●810gと軽量なため、腕が疲れにくいです。<BR>●するどい切れ味に加え、果実、枝などの切断物を確実につかむ、カットキャッチ機能付です。<BR>●製品安全協会のSGマーク認定商品のため安全・安心です。<BR>●1.8m～3mまで5段階伸縮です。<br><br>,【アルス】剪定ばさみ 剪定バサミ 超軽量 伸縮式 高枝鋏ライトチョキズーム 150Z-3.0-5D【FS】【D】【高枝ハサミ 園芸用品 土木建築用品 アルスコーポレーション】：ガーデニングライフ,通信販売通販ショッピングオンラインショッピング買い物プレゼントギフト贈り物贈答品お中元お歳暮お買い得【アルス】剪定ばさみ 剪定バサミ 超軽量 伸縮式 高枝鋏ライトチョキズーム 150Z-3.0-5D【FS】【D】【高枝ハサミ 園芸用品 土木建築用品 アルスコーポレーション】,　。【アルス】剪定ばさみ 剪定バサミ 超軽量 伸縮式 高枝鋏ライトチョキズーム 150Z-3.0-5D【FS】【D】【高枝ハサミ 園芸用品 土木建築用品 アルスコーポレーション】[rn]
20-117650,http://tshop.r10s.jp/g-life/cabinet/garden/9439271-e.jpg?fitin=700:700,1508.8000,,花・ガーデン・DIY > ガーデニング・農業 > 剪定用具 > 園芸用はさみ,サボテン SWEETS 楽切剪定鋏 NO.S-719 ピンク【TC】【FS】 楽天,,"枝を剪定する鋏です。フッ素樹脂加工で摩擦が少なく軽い切れ味です。従来の鋏に比べて約1/2の力で枝が切れます。<br><br>
●商品サイズ（約）：幅6×奥行2×高さ17cm<br>
●重量：約170g<br>
●材質：刃物鋼、ポリエチレン樹脂、エラストマゴム<br>
●フッ素樹脂加工<br><br>※こちらの商品はお取り寄せ商品です。<br>ご注文後に在庫切れが判明した場合、お届けまでお時間を頂戴致します。<br>また、完売が判明した場合、ご注文キャンセルさせていただく場合がございます。<br>予めご了承くださいませ。<br><br>",サボテン SWEETS 楽切剪定鋏 NO.S-719 ピンク【TC】【FS】 楽天：ガーデニングライフ,通信販売通販ショッピングオンラインショッピング買い物プレゼントギフト贈り物贈答品お中元お歳暮お買い得サボテン SWEETS 楽切剪定鋏 NO.S-719 ピンク【TC】【FS】 楽天,　。サボテン SWEETS 楽切剪定鋏 NO.S-719 ピンク【TC】【FS】 楽天[rn]
20-117651,http://tshop.r10s.jp/g-life/cabinet/tasya8/9439155-e.jpg?fitin=700:700,3124.0000,,花・ガーデン・DIY > ガーデニング・農業 > 剪定用具 > 園芸用はさみ,サボテン 剪定鋏 NO.1300 アイボリー【TC】【FS】 楽天,,"業界初Wハードクロム採用！超硬質で磨耗しにくく切れ味が持続、ヤニ・サビに強い！<br>タッチストッパーで足場の不安定なところでの作業に最適です。片手で体の一部に触れるだけで外れるよう工夫されております。<br>アルミハンドル＋ラバーグリップは丈夫で軽量、すべりにくく手によくなじみます。<br><br>
●商品サイズ（約）：幅10×奥行き27×高さ2cm<br>
●全長：約20.5cm<br>
●重量：約240g<br>
●材質：最高級刃物鋼（Wハードクロム）<br><br><br>
<font size=-1>◇◆おススメ商品◆◇<br>
<b>★サボテン　楽切剪定鋏　男性用NO.1370　オレンジ</b><br>
<b>★サボテン　楽切剪定鋏　女性用NO.1371　ピンク</b><br>
<b>★サボテン　楽切剪定鋏　NO.1378　オレンジ</b><br>
<b>★サボテン　剪定鋏　NO.1300　アイボリー</b><br>
</font>",サボテン 剪定鋏 NO.1300 アイボリー【TC】【FS】 楽天：ガーデニングライフ,通信販売通販ショッピングオンラインショッピング買い物プレゼントギフト贈り物贈答品お中元お歳暮お買い得サボテン 剪定鋏 NO.1300 アイボリー【TC】【FS】 楽天,　。サボテン 剪定鋏 NO.1300 アイボリー【TC】【FS】 楽天[rn]
20-117652,http://tshop.r10s.jp/g-life/cabinet/tasya17/9758773-e.jpg?fitin=700:700,1837.6000,,花・ガーデン・DIY > ガーデニング・農業 > 剪定用具 > 園芸用はさみ,[サボテン] フッ素剪定鋸 270mm No.2370【剪定はさみ 剪定バサミ のこぎり 鋸 ガーデニング】【TC】【FS】 楽天,,"フッ素樹脂加工で摩擦が軽減し軽い切味で剪定できます。<br>
【ここがおススメ】<br>
フッ素樹工で摩擦が少なく軽い切味。<br>
フッ素樹脂加工でヤニやサビがつきにくい。<br>
先端は衝撃焼入れで耐久力に優れています。<br><br>
●商品サイズ(cm)<br>
　 本体：幅約10.5×奥行約3.0×高さ約44.5<br>
 　刃長：約27.0<br>
●重量：約235g<br>
●材質<br>
　 刃：SK-5<br>
 　柄：赤樫<br>
●仕様：フッ素樹脂加工、衝撃焼入れ<br>
●備考：本体、鞘付(ブリスター入)
<br><br>◇◆おススメ商品◆◇<br>
<b>★サボテン フッ素竹挽き鋸 270mm No.2390</b><br>
<b>★アルス 鞘入り剪定 PS-25L</b><br>
<b>★アルス 鞘入り剪定 PS-22</b><br><br><br>※こちらの商品はお取り寄せ商品です。<br>ご注文後に在庫切れが判明した場合、お届けまでお時間を頂戴致します。<br>また、完売が判明した場合、ご注文キャンセルさせていただく場合がございます。<br>予めご了承くださいませ。<br><br>",[サボテン] フッ素剪定鋸 270mm No.2370【剪定はさみ 剪定バサミ のこぎり 鋸 ガーデニング】【TC】【FS】 楽天：ガーデニングライフ,通信販売通販ショッピングオンラインショッピング買い物プレゼントギフト贈り物贈答品お中元お歳暮お買い得[サボテン] フッ素剪定鋸 270mm No.2370【剪定はさみ 剪定バサミ のこぎり 鋸 ガーデニング】【TC】【FS】 楽天,　。[サボテン] フッ素剪定鋸 270mm No.2370【剪定はさみ 剪定バサミ のこぎり 鋸 ガーデニング】【TC】【FS】 楽天[rn]
20-117653,http://tshop.r10s.jp/g-life/cabinet/tasya21/7024465-e.jpg?fitin=700:700,11840.0000,,花・ガーデン・DIY > ガーデニング・農業 > 剪定用具 > 園芸用はさみ,【送料無料】芝生・垣根兼用ばさみパワーレバーFSK9671【D】 楽天,,"腰を曲げずに立ったままで芝生が刈ることができる！<br>
はさみの角度を調整することで芝刈り・垣根の剪定のどちらにも使用可能。<br>
パワーレバー採用なので軽い力で切断が可能です。<br>
刃が270度まで回転可能。<br>
草刈りなどで無理な姿勢をせずに剪定できます。<br><br>●商品サイズ（cm）：幅約115.0<br>
●重量：約1.3kg<br>
●材質<br>
刃：サンドヴィック鋼、柄：硬質アルミニウム・グラスファイバー強化ナイロン樹脂、グリップ：グラスファイバー強化ポリプロピレン<br>",【送料無料】芝生・垣根兼用ばさみパワーレバーFSK9671【D】 楽天：ガーデニングライフ,通信販売通販ショッピングオンラインショッピング買い物プレゼントギフト贈り物贈答品お中元お歳暮お買い得【送料無料】芝生・垣根兼用ばさみパワーレバーFSK9671【D】 楽天,　。【送料無料】芝生・垣根兼用ばさみパワーレバーFSK9671【D】 楽天[rn]
20-117654,http://tshop.r10s.jp/g-life/cabinet/tasya12/9265819.jpg?fitin=700:700,4052.0000,,花・ガーデン・DIY > ガーデニング・農業 > 剪定用具 > 園芸用はさみ,【高枝切りバサミ 超軽量 伸縮 アルス】超軽量伸縮式高枝鋏 高枝切り鋏 ライトチョキズーム 150Z-3.0-5D【送料無料】【D】【FS】【高枝切りばさみ 日本製 選定】 楽天,,●切断能力(mm):12<BR>●刃長(mm):48<BR>●810gと軽量なため、腕が疲れにくいです。<BR>●するどい切れ味に加え、果実、枝などの切断物を確実につかむ、カットキャッチ機能付です。<BR>●製品安全協会のSGマーク認定商品のため安全・安心です。<BR>●1.8m～3mまで5段階伸縮です。<br><br>,【高枝切りバサミ 超軽量 伸縮 アルス】超軽量伸縮式高枝鋏 高枝切り鋏 ライトチョキズーム 150Z-3.0-5D【送料無料】【D】【FS】【高枝切りばさみ 日本製 選定】 楽天：ガーデニングライフ,通信販売通販ショッピングオンラインショッピング買い物プレゼントギフト贈り物贈答品お中元お歳暮お買い得【高枝切りバサミ 超軽量 伸縮 アルス】超軽量伸縮式高枝鋏 高枝切り鋏 ライトチョキズーム 150Z-3.0-5D【送料無料】【D】【FS】【高枝切りばさみ 日本製 選定】 楽天,高枝切りバサミ 超軽量 伸縮 アルス 日本製 選定。【高枝切りバサミ 超軽量 伸縮 アルス】超軽量伸縮式高枝鋏 高枝切り鋏 ライトチョキズーム 150Z-3.0-5D【送料無料】【D】【FS】【高枝切りばさみ 日本製 選定】 楽天[rn]
20-117655,http://tshop.r10s.jp/g-life/cabinet/garden/9439267-e.jpg?fitin=700:700,976.0000,,花・ガーデン・DIY > ガーデニング・農業 > 剪定用具 > 園芸用はさみ,サボテン SWEETS レディース剪定鋏 NO.S-715 ピンク【TC】【FS】 楽天,,"枝を剪定する鋏です。フッ素樹脂加工で摩擦が少なく軽い切れ味です。<br><br>
●商品サイズ（約）：幅4.5×奥行2×高さ17.5cm<br>
●重量：約125g<br>
●材質：刃物鋼、PVC樹脂<br>
●フッ素樹脂加工<br><br>※こちらの商品はお取り寄せ商品です。<br>ご注文後に在庫切れが判明した場合、お届けまでお時間を頂戴致します。<br>また、完売が判明した場合、ご注文キャンセルさせていただく場合がございます。<br>予めご了承くださいませ。<br><br>",サボテン SWEETS レディース剪定鋏 NO.S-715 ピンク【TC】【FS】 楽天：ガーデニングライフ,通信販売通販ショッピングオンラインショッピング買い物プレゼントギフト贈り物贈答品お中元お歳暮お買い得サボテン SWEETS レディース剪定鋏 NO.S-715 ピンク【TC】【FS】 楽天,　。サボテン SWEETS レディース剪定鋏 NO.S-715 ピンク【TC】【FS】 楽天[rn]
20-117656,http://tshop.r10s.jp/g-life/cabinet/tasya2/9436754-e.jpg?fitin=700:700,2222.4000,,花・ガーデン・DIY > ガーデニング・農業 > 剪定用具 > 園芸用はさみ,Burgon＆Ball（バーゴン＆ボール） ミニシャープナー（アルミハンドル） GTK/MSA L7cm【TC】【FS】 楽天,,ミニサイズのシャープニング（やすり）です。<br>ハサミやナイフの切れ味が悪い時や、少しサビがでた時に、手軽に研ぐことができます。<br>軽い磁気を帯びているので、研ぎ時のカスを付着してくれます。<br>使用後は、布地などで軽く拭き取ってください。<br><br>●サイズ（約）：全長7cm<br>●材質：磁気スチール/ヘッド部：アルミ<br>●イギリスブランド<br>●メーカー：Burgon＆Ball（バーゴン＆ボール）<br><br><br>※こちらの商品はお取り寄せ商品です。<br>ご注文後に在庫切れが判明した場合、お届けまでお時間を頂戴致します。<br>また、完売が判明した場合、ご注文キャンセルさせていただく場合がございます。<br>予めご了承くださいませ。<br><br>,Burgon＆Ball（バーゴン＆ボール） ミニシャープナー（アルミハンドル） GTK/MSA L7cm【TC】【FS】 楽天：ガーデニングライフ,通信販売通販ショッピングオンラインショッピング買い物プレゼントギフト贈り物贈答品お中元お歳暮お買い得Burgon＆Ball（バーゴン＆ボール） ミニシャープナー（アルミハンドル） GTK/MSA L7cm【TC】【FS】 楽天,　。Burgon＆Ball（バーゴン＆ボール） ミニシャープナー（アルミハンドル） GTK/MSA L7cm【TC】【FS】 楽天[rn]
20-117657,http://tshop.r10s.jp/g-life/cabinet/tasya4/9272541-e.jpg?fitin=700:700,5318.4000,,花・ガーデン・DIY > ガーデニング・農業 > 剪定用具 > 園芸用はさみ,【送料無料】ムサシ ポールスリム３段式４ＭNO.380 ロング【D】 楽天,,●木の伐採、丸太の切断に適したリヤハンドル仕様です。●オイルリターン機構採用で使用可能時間が従来機の約1.5倍になりました。●建築作業の荒挽き切断からマキ切り、枝打ちなどの幅広い作業。,【送料無料】ムサシ ポールスリム３段式４ＭNO.380 ロング【D】 楽天：ガーデニングライフ,通信販売通販ショッピングオンラインショッピング買い物プレゼントギフト贈り物贈答品お中元お歳暮お買い得【送料無料】ムサシ ポールスリム３段式４ＭNO.380 ロング【D】 楽天,　。【送料無料】ムサシ ポールスリム３段式４ＭNO.380 ロング【D】 楽天[rn]
20-117658,http://tshop.r10s.jp/g-life/cabinet/tasya17/9758775-e.jpg?fitin=700:700,591.2000,,花・ガーデン・DIY > ガーデニング・農業 > 剪定用具 > 園芸用はさみ,剪定ばさみ 剪定鋏 近正 芽切鋏 T-550剪定はさみ 剪定ハサミ チカマサ【TC】【FS】 楽天,,"全国各地で使用されているベストセラー！<br>
近正の芽切鋏は、果実の摘果など、幅広くご使用頂けます。<br><br>
●商品サイズ（cm）<br>
　 全長：約18.5<br>
 　刃長：約4.8<br>
●重量：約105g<br>
●材質<br>
　 刃：高級炭素刃物工具鋼<br>
　 柄：鋼板製・プラスチックコーティング
<br><br>◇◆おススメ商品◆◇<br>
<b>★近正 芽切鋏ロング T-570</b><br>
<b>★近正 芽切鋏ステンレス T-550S</b><br>
<b>★近正 采園鋏 T-600</b><br>
<b>★近正 みかん鋏 M-100</b><br>
<b>★近正 青果鋏・ガード付 T-700G</b><br>
<b>★近正 みかん鋏 曲刃 M-100R</b><br>
<b>★近正 芽切鋏 T-551</b><br><br><br>※こちらの商品はお取り寄せ商品です。<br>ご注文後に在庫切れが判明した場合、お届けまでお時間を頂戴致します。<br>また、完売が判明した場合、ご注文キャンセルさせていただく場合がございます。<br>予めご了承くださいませ。<br><br>",剪定ばさみ 剪定鋏 近正 芽切鋏 T-550剪定はさみ 剪定ハサミ チカマサ【TC】【FS】 楽天：ガーデニングライフ,通信販売通販ショッピングオンラインショッピング買い物プレゼントギフト贈り物贈答品お中元お歳暮お買い得剪定ばさみ 剪定鋏 近正 芽切鋏 T-550剪定はさみ 剪定ハサミ チカマサ【TC】【FS】 楽天,　。剪定ばさみ 剪定鋏 近正 芽切鋏 T-550剪定はさみ 剪定ハサミ チカマサ【TC】【FS】 楽天[rn]
20-117659,http://tshop.r10s.jp/g-life/cabinet/garden/9439283-e.jpg?fitin=700:700,1204.0000,,花・ガーデン・DIY > ガーデニング・農業 > 剪定用具 > 園芸用はさみ,サボテン 先丸ぶどう鋏 そり刃 NO.B-6M ピンク【TC】【FS】 楽天,,"ステンレス刃＋フッ素コートで、シブが付きにくい！軽量タイプのぶどう鋏です。<br>刃先が丸く実をつきにくい、安心の先丸形状♪<br>房作りに便利な目盛付き（3・5・8・10・13cm）。<br>衝撃を吸収するソフト樹脂製で手や手首にやさしい設計です。<br><br>
●商品サイズ（約）：刃長160mm<br>
●重量：約45g<br>
●刃背部・R面取り<br>
●刃幅極細<br><br>※こちらの商品はお取り寄せ商品です。<br>ご注文後に在庫切れが判明した場合、お届けまでお時間を頂戴致します。<br>また、完売が判明した場合、ご注文キャンセルさせていただく場合がございます。<br>予めご了承くださいませ。<br><br>",サボテン 先丸ぶどう鋏 そり刃 NO.B-6M ピンク【TC】【FS】 楽天：ガーデニングライフ,通信販売通販ショッピングオンラインショッピング買い物プレゼントギフト贈り物贈答品お中元お歳暮お買い得サボテン 先丸ぶどう鋏 そり刃 NO.B-6M ピンク【TC】【FS】 楽天,　。サボテン 先丸ぶどう鋏 そり刃 NO.B-6M ピンク【TC】【FS】 楽天[rn]
20-117660,http://tshop.r10s.jp/g-life/cabinet/tasya2/9435225.jpg?fitin=700:700,1448.0000,,花・ガーデン・DIY > ガーデニング・農業 > 剪定用具 > 園芸用はさみ,【ニシガキ】園芸ハサミ N-245 195【TC】【剪定はさみ/剪定ハサミ/剪定鋏/枝切り用/園芸用品/ガーデニング用品】 楽天,,錆びに強く、切れ味、作業性抜群！<br><br>サビに強いクロムメッキ仕上げです。<br>手にやわらかいソフトグリップ採用。<br>簡単操作の安全ストッパー付き。<br>機能性と安さを両立した逸品！<br><br>●用途：植木の剪定・ガーデニング<br>●商品サイズ（約）<br>　全長：19.5cm<br>　刃長：6.2cm<br>●商品重量（約）：150g<br><br><br>※こちらの商品はお取り寄せ商品です。<br>ご注文後に在庫切れが判明した場合、お届けまでお時間を頂戴致します。<br>また、完売が判明した場合、ご注文キャンセルさせていただく場合がございます。<br>予めご了承くださいませ。<br><br>,【ニシガキ】園芸ハサミ N-245 195【TC】【剪定はさみ/剪定ハサミ/剪定鋏/枝切り用/園芸用品/ガーデニング用品】 楽天：ガーデニングライフ,通信販売通販ショッピングオンラインショッピング買い物プレゼントギフト贈り物贈答品お中元お歳暮お買い得【ニシガキ】園芸ハサミ N-245 195【TC】【剪定はさみ/剪定ハサミ/剪定鋏/枝切り用/園芸用品/ガーデニング用品】 楽天,　。【ニシガキ】園芸ハサミ N-245 195【TC】【剪定はさみ/剪定ハサミ/剪定鋏/枝切り用/園芸用品/ガーデニング用品】 楽天[rn]
20-117661,http://tshop.r10s.jp/g-life/cabinet/tasya21/7024471-e.jpg?fitin=700:700,3584.8000,,花・ガーデン・DIY > ガーデニング・農業 > 剪定用具 > 園芸用はさみ,枝切りはさみパワーギア40FSK9617【D】 楽天,,"パワーギア採用！女性にも優しい375gの超軽量設計。<br>
複数個のギアを組み合わせることにより、パワー伝達率が上昇。<br>
従来の剪定ばさみと比べ、パワー伝達効率が約2.5倍で、剪定作業で手にかかる負担も少なくなり、疲れにくくなっています。<br>
枝切りはさみパワーギア40の刃は「アンビル」と呼ばれ、硬い木･枯木･古木の剪定に適しています！<br><br>●商品サイズ（cm）：幅約40.0<br>
●重量：約0.375kg<br>
●材質<br>
刃：サンドヴィック鋼（上刃）・グラスファイバー強化ナイロン樹脂（下刃）、柄：グラスファイバー強化ナイロン樹脂、グリップ：グラスファイバー強化ポリプロピレン<br>
●対応する枝の太さ：約35mm<br>",枝切りはさみパワーギア40FSK9617【D】 楽天：ガーデニングライフ,通信販売通販ショッピングオンラインショッピング買い物プレゼントギフト贈り物贈答品お中元お歳暮お買い得枝切りはさみパワーギア40FSK9617【D】 楽天,　。枝切りはさみパワーギア40FSK9617【D】 楽天[rn]
20-117662,http://tshop.r10s.jp/g-life/cabinet/tasya8/9439212-e.jpg?fitin=700:700,838.4000,,花・ガーデン・DIY > ガーデニング・農業 > 剪定用具 > 園芸用はさみ,サボテン 花ハサミ 軽剪定タイプ NO.1294 ピンク【TC】【FS】 楽天,,"ステンレス刃＋ハードクロムメッキでサビに強く耐久性がある花鋏です。<br>クラッシュ機能で茎の切断面をつぶし、花の水あげを良くします。<br>指を置いて握りやすいソフトグリップです。<br><br>
●軽剪定タイプ<br>
●材質：ステンレス鋼SUS440A、TPR樹脂<br><br><br>
<font size=-1>◇◆おススメ商品◆◇<br>
<b>★サボテン　花ハサミ　ロングタイプ　NO.1290　ピンク</b><br>
<b>★サボテン　花ハサミ　スタンダードタイプ　NO.1291　ピンク</b><br>
<b>★サボテン　花ハサミ　ショートタイプ　NO.1292　ピンク</b><br>
<b>★サボテン　花ハサミ　強力タイプ　NO.1293　ピンク</b><br>
<b>★サボテン　花ハサミ　軽剪定タイプ　NO.1294　ピンク</b><br>
</font>",サボテン 花ハサミ 軽剪定タイプ NO.1294 ピンク【TC】【FS】 楽天：ガーデニングライフ,通信販売通販ショッピングオンラインショッピング買い物プレゼントギフト贈り物贈答品お中元お歳暮お買い得サボテン 花ハサミ 軽剪定タイプ NO.1294 ピンク【TC】【FS】 楽天,　。サボテン 花ハサミ 軽剪定タイプ NO.1294 ピンク【TC】【FS】 楽天[rn]
20-117663,http://tshop.r10s.jp/g-life/cabinet/tasya34/7071324-e.jpg?fitin=700:700,10222.4000,,花・ガーデン・DIY > ガーデニング・農業 > 剪定用具 > 園芸用はさみ,電動高枝切りチェーンソー「高枝健太郎くんPRO」 YSGT-0513送料無料 高枝切りハサミ 剪定鋏 高枝切り鋏 高枝切りばさみ 高枝切りハサミ高枝切り鋏 高枝切りハサミ高枝切りばさみ 剪定鋏高枝切り鋏 高枝切り鋏高枝切りハサミ SIS 【Ｄ】 楽天,,"<b><font color=""#a9a9a9"">高枝切りハサミ 剪定鋏 高枝切り鋏 高枝切りばさみ 高枝切りハサミ高枝切り鋏 高枝切り鋏高枝切りハサミSIS</font></b><br>健太郎くんシリーズに高枝切りチェンソーが登場！<br>
チェーンソーの長さを調節できる機能付き。付属品にはストラップが付いており、肩にかけることで安定性を得ることができます。<br>
軽量タイプだから、女性でも簡単に作業ができるのでおすすめです♪<br>
充電式でコードレスだから、どこでも便利に使えます。<br>
先端に電動チェーンソーを採用して太めの枝打ちも力要らずでラクラク♪<br>
従来の高枝切りチェーンソーよりも進化した「高枝健太郎君プロ」です。<br>
重量は約3.4kgと軽量のため、女性からシニアまで軽々扱えます。<br>
この高枝チェンソーがあれば、高枝切りバサミや高枝のこぎりなどでは大変だった太い枝も簡単に切断することができます！<br>
不要な下枝や枯れ枝を除去するのにおすすめです♪手軽に枝打ち作業ができる電動高枝切りチェーンソー。<br>
伸縮式で扱いやすく、今まで手の届かなかった場所もラクラク届き、簡単操作でスパッと切れます。<br><br>

・手の届かない高い樹木もきれいに枝打ちしたい方。<br>
・固い枝も切り落とせるものをお探しの方。<br>
・作業効率をもっと良くしたい方。<br>
・できるだけ力を使わずに楽に作業したい方。 <br>



<br><br>●全長<br>
205～258cm(ガイドバー含まず)<br>
●バー長さ<br>
270cm<br>
●最大裁断直径<br>
18.0cm<br>
●定格電圧<br>
DC18V<br>
●消費電力<br>
80W<br>
●重量<br>
約2.4kg(バッテリー込で約3.4kg)<br>
●ピッチ<br>
3/80<br>
●ゲージ<br>
1.45mm<br>
●コマ数<br>
36E<br>
●チェーンスピード<br>
2.5m/s<br>
●オイルタンク容量<br>
70ml<br>
●運転音<br>
96dB<br>
●充電器コード長<br>
1.9m<br>
●充電時間<br>
約7-10時間<br>
●連続使用時間<br>
約15-20分<br>
●材質<br>
ABS樹脂、スチール、ポリプロピレン<br>
●セット内容<br>
充電器、バッテリー、アダプタ、ストラップ、チェーンカバー、チェーンオイル<br>",電動高枝切りチェーンソー「高枝健太郎くんPRO」 YSGT-0513送料無料 高枝切りハサミ 剪定鋏 高枝切り鋏 高枝切りばさみ 高枝切りハサミ高枝切り鋏 高枝切りハサミ高枝切りばさみ 剪定鋏高枝切り鋏 高枝切り鋏高枝切りハサミ SIS 【Ｄ】 楽天：ガーデニングライフ,通信販売通販ショッピングオンラインショッピング買い物プレゼントギフト贈り物贈答品お中元お歳暮お買い得電動高枝切りチェーンソー「高枝健太郎くんPRO」 YSGT-0513送料無料 高枝切りハサミ 剪定鋏 高枝切り鋏 高枝切りばさみ 高枝切りハサミ高枝切り鋏 高枝切りハサミ高枝切りばさみ 剪定鋏高枝切り鋏 高枝切り鋏高枝切りハサミ SIS 【Ｄ】 楽天,電動高枝切りチェーンソー「高枝健太郎くんPRO」 YSGT-0513送料無料 高枝切りハサミ 剪定鋏 高枝切り鋏 高枝切りばさみ 高枝切りハサミ高枝切り鋏 高枝切りハサミ高枝切りばさみ 剪定鋏高枝切り鋏 高枝切り鋏高枝切りハサミ SIS 【Ｄ】 楽天[rn]
20-117664,http://tshop.r10s.jp/g-life/cabinet/tasya4/9272537-e.jpg?fitin=700:700,4556.8000,,花・ガーデン・DIY > ガーデニング・農業 > 剪定用具 > 園芸用はさみ,【送料無料】ムサシ ポールスリム２段式長刃型NO.322【D】 楽天,,"<font color=""darkorange"">灯油ポリタンク、園芸用品の収納に便利なロッカーです。</font><br>窓の下や、勝手口脇に気軽に置ける小型サイズになっています。<br>住宅の外壁に合わせやすいベージュ系カラー。<br>シャッターは真空成形を採用し、しなやかでスムーズな開閉を実現しました。<br>盗難防止に市販の南京錠（＃４０ｍｍタイプ）が使える金具付です。<br><br>●商品サイズ（約）：幅57.5×奥行き48.5×高さ90.5cm<br>●重さ：約8.3kg<br>●商品内寸（約）：幅50×奥行き37×高さ80cm（棚板受け含め）<br>●シャッター開口部間口：幅45.5×高さ71.5cm<br>●耐荷重：可動棚板約30kg<br>●棚板：可動棚板1枚<br>●棚板取付時の有効内寸（高さ）：上段22.5～52.5cm、下段56～26cm、10cm毎4段階可動<br>●材質<br>　　本体：ポリプロピレン<br>　　シャッター：塩化ビニル樹脂（ＰＶＣ）<br>　　棚板：鋼板（メラミン焼付塗装）<br>　　ネジ：ステンレス、フック：ＡＢＳ樹脂<br>　　カギ用金具セット：スチール（ユニクロメッキ）",【送料無料】ムサシ ポールスリム２段式長刃型NO.322【D】 楽天：ガーデニングライフ,通信販売通販ショッピングオンラインショッピング買い物プレゼントギフト贈り物贈答品お中元お歳暮お買い得【送料無料】ムサシ ポールスリム２段式長刃型NO.322【D】 楽天,　。【送料無料】ムサシ ポールスリム２段式長刃型NO.322【D】 楽天[rn]
20-117665,http://tshop.r10s.jp/auc-genco/cabinet/i2/219/ge-oth-ng-t-00291.jpg?fitin=700:700,8132.8000,,インテリア・寝具・収納 > テーブル > ダイニングテーブル > 木製,WALNUT ダイニングテーブル 80幅  sk-vnw80/北欧/送料無料/クーポン/プレゼント/通販/後払い/新生活/オススメ/%off/ジェンコ/【RCP】/北欧/モダン/インテリア/ナチュラル/テイスト/ダイニング/ナチュラルテイスト,,"<img src=""http://image.rakuten.co.jp/auc-genco/cabinet/i2/219/ge-oth-ng-t-00291.jpg"" width=""100%"" /><br /><img src=""http://image.rakuten.co.jp/auc-genco/cabinet/i2/219/ge-oth-ng-t-00291_1.jpg"" width=""100%"" /><br /><img src=""http://image.rakuten.co.jp/auc-genco/cabinet/i2/219/ge-oth-ng-t-00291_2.jpg"" width=""100%"" /><br /><img src=""http://image.rakuten.co.jp/auc-genco/cabinet/i2/219/ge-oth-ng-t-00291_3.jpg"" width=""100%"" /><br /><br><br>[サイズ]【テーブル80幅】<br />W815xD815xH720mm（梱包サイズ：860xD870xH140mm）<br />天板厚：約30mm<br />本体重量：16.8kg（梱包重量：19.0kg）<br>[素材・仕様]【テーブル】天板：天然木（ウォールナット突き板貼り）、ポリウレタン樹脂塗装脚：天然木、ポリウレタン樹脂塗装<br>[生産国]ベトナム<br>[送料]全国一律無料<br />（北海道は別途見積もり　沖縄、その他離島は配達不可）<br />※こちらの商品沖縄県への配送が不可となります。<br>[備考]※お急ぎの場合は必ず事前に在庫確認を行って下さい。<br />※メーカー倉庫より直送になります。<br />※テーブル・ベンチ・チェア（2脚入り）すべて別売りとなります。<br><br>※ご注文タイミングやご注文内容によっては、購入履歴からのご注文の修正を受け付けることができない場合がございます。<br><br><table width=""100%""><tr><td><p>他の「テーブル」を見る</p></td></tr></table><table width=""100%""><tr><td><p>他の「ダイニングテーブル」を見る</p></td></tr></table><BR><BR>検索用ワード<table width=""100%"" border=""1""><tr><td ><font color=""#EEE8AA"" size=""-2"">-テーブル- -ダイニングテーブル-   テーブル テーブルクロス テーブル 脚 パーツ 折りたたみ 北欧 木製 テーブルランナー ビニール 撥水 テーブル脚 透明 テーブルセット 高さ調節 ガラス チェア セット 昇降式 高さ60cm 白 高さ 調整 アウトドア アイアン アンティーク 赤 金具 角枠 椅子 ウォールナット 円形 おしゃれ 子供 折り畳み 一人用 奥行30cm 猫足 ロー かわいい 角 ガード カウンター 完成品 カフェ 可愛い カバー キャスター 木 キャンプ キッズ キッチン クロス ウェイト クッション クリップ ケルト こたつ 収納 昇降 伸縮 120 正方形 ソファ 高さ70cm 高さ40 高さ55cm 高さ調整 棚 高さ80cm 高さ70 高さ50cm 小さい 天板 天板のみ 透明マット カット 猫脚 の 幅60 丸 ライト lia ガス圧式 ガス コンロ ジオ ダイニング 5 90 楕円 デスク ドレッサー バッグハンガー ビーンズ ブラック パソコン ピンク ピクニック フック 二人 引き出し ホワイト 姫 一人暮らし 一人 ミニ 無垢 ロータイプ リビング ろくろ脚 60 40 120ct 150 折り 180 1800 1200×450 3点セット 60×60 60cm 75 70 90×60 ダイニングテーブル ダイニングテーブルセット 5点セット ベンチ 低め 6人掛け 丸テーブル アウトレット アジアン アーク イザベラ5点 イタリア製 イケア イームズ インテリア モダン リック 円卓 オーク 回転イス 黒 コンパクト サロモーネ 幅135cm ブラウン 伸長式 伸長 シート スチール emo 65cm 単品 ナチュラル 半円 幅120 幅140 幅180 マット 丸3点セット 4点セット パイン 二人用 変形 l字型 一枚板 無垢材 ヴィンテージ 160 180cm 120cm 140 150cm 100 2人 200cm 2人用 3点 4人 5点 6人 660 7点セット 幅200 8人掛け 80 </font></td></tr></table>",WALNUT ダイニングテーブル 80幅  sk-vnw80/北欧/送料無料/クーポン/プレゼント/通販/後払い/新生活/オススメ/%off/ジェンコ/【RCP】/北欧/モダン/インテリア/ナチュラル/テイスト/ダイニング/ナチュラルテイスト：家具・インテリアのジェンコ,通信販売通販ショッピングオンラインショッピング買い物プレゼントギフト贈り物贈答品お中元お歳暮お買い得家具インテリア北欧送料無料デザイナーズソファベッドラックごみ箱アンティークチェアおしゃれコルビジェイームズイサムノグチ激安モダンミッドセンチュリーナチュラルテイスト無垢WALNUT ダイニングテーブル 80幅  sk-vnw80/北欧/送料無料/クーポン/プレゼント/通販/後払い/新生活/オススメ/%off/ジェンコ/【RCP】/北欧/モダン/インテリア/ナチュラル/テイスト/ダイニング/ナチュラルテイスト,/ダイニングテーブル/伸縮/低め/丸/ダイニング/食卓/木製/無垢/。WALNUT ダイニングテーブル 80幅  sk-vnw80/北欧/送料無料/クーポン/プレゼント/通販/後払い/新生活/オススメ/%off/ジェンコ/【RCP】/北欧/モダン/インテリア/ナチュラル/テイスト/ダイニング/ナチュラルテイスト[rn]
20-117666,http://tshop.r10s.jp/auc-genco/cabinet/i2/219/ge-oth-ng-t-00285.jpg?fitin=700:700,8577.6000,,インテリア・寝具・収納 > テーブル > ダイニングテーブル > 木製,ダイニング テーブル トレノ 120幅 sk-vlt120/北欧/送料無料/クーポン/プレゼント/通販/後払い/新生活/オススメ/%off/ジェンコ/【RCP】/北欧/モダン/インテリア/ナチュラル/テイスト/ダイニング/ナチュラルテイスト,,"<img src=""http://image.rakuten.co.jp/auc-genco/cabinet/i2/219/ge-oth-ng-t-00285.jpg"" width=""100%"" /><br /><img src=""http://image.rakuten.co.jp/auc-genco/cabinet/i2/219/ge-oth-ng-t-00285_1.jpg"" width=""100%"" /><br /><img src=""http://image.rakuten.co.jp/auc-genco/cabinet/i2/219/ge-oth-ng-t-00285_2.jpg"" width=""100%"" /><br /><img src=""http://image.rakuten.co.jp/auc-genco/cabinet/i2/219/ge-oth-ng-t-00285_3.jpg"" width=""100%"" /><br /><br><br>[サイズ]テーブル120幅：W1200xD750xH700mm（梱包サイズ：W1250xD780xH110mm）<br />本体重量：26kg（梱包重量：29kg）<br />組立式（付属の六角レンチにて組立）1梱包<br>[素材・仕様]テーブル：天然木（ラバーウッド） <br>[生産国]ベトナム<br>[送料]全国一律無料<br />（北海道は別途見積もり　沖縄、その他離島は配達不可）<br />※こちらの商品沖縄県への配送が不可となります。<br>[備考]※お急ぎの場合は必ず事前に在庫確認を行って下さい。<br />※メーカー倉庫より直送になります。<br />※テーブル、チェアは別売りです。<br><br>※ご注文タイミングやご注文内容によっては、購入履歴からのご注文の修正を受け付けることができない場合がございます。<br><br><table width=""100%""><tr><td><p>他の「テーブル」を見る</p></td></tr></table><table width=""100%""><tr><td><p>他の「ダイニングテーブル」を見る</p></td></tr></table><BR><BR>検索用ワード<table width=""100%"" border=""1""><tr><td ><font color=""#EEE8AA"" size=""-2"">-テーブル- -ダイニングテーブル-   テーブル テーブルクロス テーブル 脚 パーツ 折りたたみ 北欧 木製 テーブルランナー ビニール 撥水 テーブル脚 透明 テーブルセット 高さ調節 ガラス チェア セット 昇降式 高さ60cm 白 高さ 調整 アウトドア アイアン アンティーク 赤 金具 角枠 椅子 ウォールナット 円形 おしゃれ 子供 折り畳み 一人用 奥行30cm 猫足 ロー かわいい 角 ガード カウンター 完成品 カフェ 可愛い カバー キャスター 木 キャンプ キッズ キッチン クロス ウェイト クッション クリップ ケルト こたつ 収納 昇降 伸縮 120 正方形 ソファ 高さ70cm 高さ40 高さ55cm 高さ調整 棚 高さ80cm 高さ70 高さ50cm 小さい 天板 天板のみ 透明マット カット 猫脚 の 幅60 丸 ライト lia ガス圧式 ガス コンロ ジオ ダイニング 5 90 楕円 デスク ドレッサー バッグハンガー ビーンズ ブラック パソコン ピンク ピクニック フック 二人 引き出し ホワイト 姫 一人暮らし 一人 ミニ 無垢 ロータイプ リビング ろくろ脚 60 40 120ct 150 折り 180 1800 1200×450 3点セット 60×60 60cm 75 70 90×60 ダイニングテーブル ダイニングテーブルセット 5点セット ベンチ 低め 6人掛け 丸テーブル アウトレット アジアン アーク イザベラ5点 イタリア製 イケア イームズ インテリア モダン リック 円卓 オーク 回転イス 黒 コンパクト サロモーネ 幅135cm ブラウン 伸長式 伸長 シート スチール emo 65cm 単品 ナチュラル 半円 幅120 幅140 幅180 マット 丸3点セット 4点セット パイン 二人用 変形 l字型 一枚板 無垢材 ヴィンテージ 160 180cm 120cm 140 150cm 100 2人 200cm 2人用 3点 4人 5点 6人 660 7点セット 幅200 8人掛け 80 </font></td></tr></table>",ダイニング テーブル トレノ 120幅 sk-vlt120/北欧/送料無料/クーポン/プレゼント/通販/後払い/新生活/オススメ/%off/ジェンコ/【RCP】/北欧/モダン/インテリア/ナチュラル/テイスト/ダイニング/ナチュラルテイスト：家具・インテリアのジェンコ,通信販売通販ショッピングオンラインショッピング買い物プレゼントギフト贈り物贈答品お中元お歳暮お買い得家具インテリア北欧送料無料デザイナーズソファベッドラックごみ箱アンティークチェアおしゃれコルビジェイームズイサムノグチ激安モダンミッドセンチュリーナチュラルテイスト無垢ダイニング テーブル トレノ 120幅 sk-vlt120/北欧/送料無料/クーポン/プレゼント/通販/後払い/新生活/オススメ/%off/ジェンコ/【RCP】/北欧/モダン/インテリア/ナチュラル/テイスト/ダイニング/ナチュラルテイスト,/ダイニングテーブル/伸縮/低め/丸/ダイニング/食卓/木製/無垢/。ダイニング テーブル トレノ 120幅 sk-vlt120/北欧/送料無料/クーポン/プレゼント/通販/後払い/新生活/オススメ/%off/ジェンコ/【RCP】/北欧/モダン/インテリア/ナチュラル/テイスト/ダイニング/ナチュラルテイスト[rn]
20-117667,http://tshop.r10s.jp/auc-genco/cabinet/i2/229/ge-oth-ng-t-00321.jpg?fitin=700:700,16059.2000,,インテリア・寝具・収納 > テーブル > ダイニングテーブル > 木製,アンクル オーバルダイニングテーブル az-els-215/北欧/送料無料/クーポン/プレゼント/通販/後払い/新生活/オススメ/%off/ジェンコ/【RCP】/北欧/モダン/インテリア/ナチュラル/テイスト/ダイニング/ナチュラルテイスト,,"<img src=""http://image.rakuten.co.jp/auc-genco/cabinet/i2/229/ge-oth-ng-t-00321.jpg"" width=""100%"" /><br /><img src=""http://image.rakuten.co.jp/auc-genco/cabinet/i2/229/ge-oth-ng-t-00321_1.jpg"" width=""100%"" /><br /><img src=""http://image.rakuten.co.jp/auc-genco/cabinet/i2/229/ge-oth-ng-t-00321_2.jpg"" width=""100%"" /><br /><br><br>[サイズ]W 125 X D 62 X H 72（ｃｍ）<br>[素材・仕様]スチール（粉体塗装）<br />組立<br>[重量]11.5キロ<br>[生産国]中国<br>[備考]全国一律無料<br /><br />(北海道は別途見積もり　 沖縄・離島は配達不可)<br />※お急ぎの場合は必ず事前に在庫確認を行って下さい。<br />※欠品中の場合は次回入荷後の発送になります。<br />※メーカー倉庫より直送になります。<br><br>※ご注文タイミングやご注文内容によっては、購入履歴からのご注文の修正を受け付けることができない場合がございます。<br><br><table width=""100%""><tr><td><p>他の「テーブル」を見る</p></td></tr></table><table width=""100%""><tr><td><p>他の「ダイニングテーブル」を見る</p></td></tr></table><BR><BR>検索用ワード<table width=""100%"" border=""1""><tr><td ><font color=""#EEE8AA"" size=""-2"">-テーブル- -ダイニングテーブル-   テーブル テーブルクロス テーブル 脚 パーツ 折りたたみ 北欧 木製 テーブルランナー ビニール 撥水 テーブル脚 透明 テーブルセット 高さ調節 ガラス チェア セット 昇降式 高さ60cm 白 高さ 調整 アウトドア アイアン アンティーク 赤 金具 角枠 椅子 ウォールナット 円形 おしゃれ 子供 折り畳み 一人用 奥行30cm 猫足 ロー かわいい 角 ガード カウンター 完成品 カフェ 可愛い カバー キャスター 木 キャンプ キッズ キッチン クロス ウェイト クッション クリップ ケルト こたつ 収納 昇降 伸縮 120 正方形 ソファ 高さ70cm 高さ40 高さ55cm 高さ調整 棚 高さ80cm 高さ70 高さ50cm 小さい 天板 天板のみ 透明マット カット 猫脚 の 幅60 丸 ライト lia ガス圧式 ガス コンロ ジオ ダイニング 5 90 楕円 デスク ドレッサー バッグハンガー ビーンズ ブラック パソコン ピンク ピクニック フック 二人 引き出し ホワイト 姫 一人暮らし 一人 ミニ 無垢 ロータイプ リビング ろくろ脚 60 40 120ct 150 折り 180 1800 1200×450 3点セット 60×60 60cm 75 70 90×60 ダイニングテーブル ダイニングテーブルセット 5点セット ベンチ 低め 6人掛け 丸テーブル アウトレット アジアン アーク イザベラ5点 イタリア製 イケア イームズ インテリア モダン リック 円卓 オーク 回転イス 黒 コンパクト サロモーネ 幅135cm ブラウン 伸長式 伸長 シート スチール emo 65cm 単品 ナチュラル 半円 幅120 幅140 幅180 マット 丸3点セット 4点セット パイン 二人用 変形 l字型 一枚板 無垢材 ヴィンテージ 160 180cm 120cm 140 150cm 100 2人 200cm 2人用 3点 4人 5点 6人 660 7点セット 幅200 8人掛け 80 </font></td></tr></table>",アンクル オーバルダイニングテーブル az-els-215/北欧/送料無料/クーポン/プレゼント/通販/後払い/新生活/オススメ/%off/ジェンコ/【RCP】/北欧/モダン/インテリア/ナチュラル/テイスト/ダイニング/ナチュラルテイスト：家具・インテリアのジェンコ,通信販売通販ショッピングオンラインショッピング買い物プレゼントギフト贈り物贈答品お中元お歳暮お買い得家具インテリア北欧送料無料デザイナーズソファベッドラックごみ箱アンティークチェアおしゃれコルビジェイームズイサムノグチ激安モダンミッドセンチュリーナチュラルテイスト無垢アンクル オーバルダイニングテーブル az-els-215/北欧/送料無料/クーポン/プレゼント/通販/後払い/新生活/オススメ/%off/ジェンコ/【RCP】/北欧/モダン/インテリア/ナチュラル/テイスト/ダイニング/ナチュラルテイスト,/ダイニングテーブル/伸縮/低め/丸/ダイニング/食卓/木製/無垢/。アンクル オーバルダイニングテーブル az-els-215/北欧/送料無料/クーポン/プレゼント/通販/後払い/新生活/オススメ/%off/ジェンコ/【RCP】/北欧/モダン/インテリア/ナチュラル/テイスト/ダイニング/ナチュラルテイスト[rn]
20-117668,http://tshop.r10s.jp/auc-genco/cabinet/i2/230/ge-oth-ng-t-00341.jpg?fitin=700:700,33021.6000,,インテリア・寝具・収納 > テーブル > ダイニングテーブル > 木製,ダイニングテーブル az-nyt-631/北欧/送料無料/クーポン/プレゼント/通販/後払い/新生活/オススメ/%off/ジェンコ/【RCP】/北欧/モダン/インテリア/ナチュラル/テイスト/ダイニング/ナチュラルテイスト,,"<img src=""http://image.rakuten.co.jp/auc-genco/cabinet/i2/230/ge-oth-ng-t-00341.jpg"" width=""100%"" /><br /><img src=""http://image.rakuten.co.jp/auc-genco/cabinet/i2/230/ge-oth-ng-t-00341_1.jpg"" width=""100%"" /><br /><img src=""http://image.rakuten.co.jp/auc-genco/cabinet/i2/230/ge-oth-ng-t-00341_2.jpg"" width=""100%"" /><br /><img src=""http://image.rakuten.co.jp/auc-genco/cabinet/i2/230/ge-oth-ng-t-00341_3.jpg"" width=""100%"" /><br /><img src=""http://image.rakuten.co.jp/auc-genco/cabinet/i2/230/ge-oth-ng-t-00341_4.jpg"" width=""100%"" /><br /><img src=""http://image.rakuten.co.jp/auc-genco/cabinet/i2/230/ge-oth-ng-t-00341_5.jpg"" width=""100%"" /><br /><img src=""http://image.rakuten.co.jp/auc-genco/cabinet/i2/230/ge-oth-ng-t-00341_6.jpg"" width=""100%"" /><br /><img src=""http://image.rakuten.co.jp/auc-genco/cabinet/i2/230/ge-oth-ng-t-00341_7.jpg"" width=""100%"" /><br /><br><br>[サイズ]W 135 X D 80 X H 72（ｃｍ）<br>[素材・仕様]天然木（オーク）　ウレタン塗装<br />組立<br>[生産国]中国<br>[備考]全国一律無料<br /><br />(北海道は別途見積もり　 沖縄・離島は配達不可)<br />※お急ぎの場合は必ず事前に在庫確認を行って下さい。<br />※欠品中の場合は次回入荷後の発送になります。<br />※メーカー倉庫より直送になります。<br><br>※ご注文タイミングやご注文内容によっては、購入履歴からのご注文の修正を受け付けることができない場合がございます。<br><br><table width=""100%""><tr><td><p>他の「テーブル」を見る</p></td></tr></table><table width=""100%""><tr><td><p>他の「ダイニングテーブル」を見る</p></td></tr></table><BR><BR>検索用ワード<table width=""100%"" border=""1""><tr><td ><font color=""#EEE8AA"" size=""-2"">-テーブル- -ダイニングテーブル-   テーブル テーブルクロス テーブル 脚 パーツ 折りたたみ 北欧 木製 テーブルランナー ビニール 撥水 テーブル脚 透明 テーブルセット 高さ調節 ガラス チェア セット 昇降式 高さ60cm 白 高さ 調整 アウトドア アイアン アンティーク 赤 金具 角枠 椅子 ウォールナット 円形 おしゃれ 子供 折り畳み 一人用 奥行30cm 猫足 ロー かわいい 角 ガード カウンター 完成品 カフェ 可愛い カバー キャスター 木 キャンプ キッズ キッチン クロス ウェイト クッション クリップ ケルト こたつ 収納 昇降 伸縮 120 正方形 ソファ 高さ70cm 高さ40 高さ55cm 高さ調整 棚 高さ80cm 高さ70 高さ50cm 小さい 天板 天板のみ 透明マット カット 猫脚 の 幅60 丸 ライト lia ガス圧式 ガス コンロ ジオ ダイニング 5 90 楕円 デスク ドレッサー バッグハンガー ビーンズ ブラック パソコン ピンク ピクニック フック 二人 引き出し ホワイト 姫 一人暮らし 一人 ミニ 無垢 ロータイプ リビング ろくろ脚 60 40 120ct 150 折り 180 1800 1200×450 3点セット 60×60 60cm 75 70 90×60 ダイニングテーブル ダイニングテーブルセット 5点セット ベンチ 低め 6人掛け 丸テーブル アウトレット アジアン アーク イザベラ5点 イタリア製 イケア イームズ インテリア モダン リック 円卓 オーク 回転イス 黒 コンパクト サロモーネ 幅135cm ブラウン 伸長式 伸長 シート スチール emo 65cm 単品 ナチュラル 半円 幅120 幅140 幅180 マット 丸3点セット 4点セット パイン 二人用 変形 l字型 一枚板 無垢材 ヴィンテージ 160 180cm 120cm 140 150cm 100 2人 200cm 2人用 3点 4人 5点 6人 660 7点セット 幅200 8人掛け 80 </font></td></tr></table>",ダイニングテーブル az-nyt-631/北欧/送料無料/クーポン/プレゼント/通販/後払い/新生活/オススメ/%off/ジェンコ/【RCP】/北欧/モダン/インテリア/ナチュラル/テイスト/ダイニング/ナチュラルテイスト：家具・インテリアのジェンコ,通信販売通販ショッピングオンラインショッピング買い物プレゼントギフト贈り物贈答品お中元お歳暮お買い得家具インテリア北欧送料無料デザイナーズソファベッドラックごみ箱アンティークチェアおしゃれコルビジェイームズイサムノグチ激安モダンミッドセンチュリーナチュラルテイスト無垢ダイニングテーブル az-nyt-631/北欧/送料無料/クーポン/プレゼント/通販/後払い/新生活/オススメ/%off/ジェンコ/【RCP】/北欧/モダン/インテリア/ナチュラル/テイスト/ダイニング/ナチュラルテイスト,/ダイニングテーブル/伸縮/低め/丸/ダイニング/食卓/木製/無垢/。ダイニングテーブル az-nyt-631/北欧/送料無料/クーポン/プレゼント/通販/後払い/新生活/オススメ/%off/ジェンコ/【RCP】/北欧/モダン/インテリア/ナチュラル/テイスト/ダイニング/ナチュラルテイスト[rn]
20-117669,http://tshop.r10s.jp/auc-genco/cabinet/i2/230/ge-oth-ng-t-00355.jpg?fitin=700:700,21688.8000,,インテリア・寝具・収納 > テーブル > ダイニングテーブル > 木製,ビッキー ダイニングテーブル az-pm-865/北欧/送料無料/クーポン/プレゼント/通販/後払い/新生活/オススメ/%off/ジェンコ/【RCP】/北欧/モダン/インテリア/ナチュラル/テイスト/ダイニング/ナチュラルテイスト,,"<img src=""http://image.rakuten.co.jp/auc-genco/cabinet/i2/230/ge-oth-ng-t-00355.jpg"" width=""100%"" /><br /><br><br>[サイズ]W 150 X D 80 X H 72（ｃｍ）<br>[素材・仕様]天然木（パイン　マホガニー）　ラッカー塗装<br />組立<br>[重量]18キロ<br>[生産国]インドネシア<br>[備考]全国一律無料<br /><br />(北海道は別途見積もり　 沖縄・離島は配達不可)<br />※お急ぎの場合は必ず事前に在庫確認を行って下さい。<br />※欠品中の場合は次回入荷後の発送になります。<br />※メーカー倉庫より直送になります。<br><br>※ご注文タイミングやご注文内容によっては、購入履歴からのご注文の修正を受け付けることができない場合がございます。<br><br><table width=""100%""><tr><td><p>他の「テーブル」を見る</p></td></tr></table><table width=""100%""><tr><td><p>他の「ダイニングテーブル」を見る</p></td></tr></table><BR><BR>検索用ワード<table width=""100%"" border=""1""><tr><td ><font color=""#EEE8AA"" size=""-2"">-テーブル- -ダイニングテーブル-   テーブル テーブルクロス テーブル 脚 パーツ 折りたたみ 北欧 木製 テーブルランナー ビニール 撥水 テーブル脚 透明 テーブルセット 高さ調節 ガラス チェア セット 昇降式 高さ60cm 白 高さ 調整 アウトドア アイアン アンティーク 赤 金具 角枠 椅子 ウォールナット 円形 おしゃれ 子供 折り畳み 一人用 奥行30cm 猫足 ロー かわいい 角 ガード カウンター 完成品 カフェ 可愛い カバー キャスター 木 キャンプ キッズ キッチン クロス ウェイト クッション クリップ ケルト こたつ 収納 昇降 伸縮 120 正方形 ソファ 高さ70cm 高さ40 高さ55cm 高さ調整 棚 高さ80cm 高さ70 高さ50cm 小さい 天板 天板のみ 透明マット カット 猫脚 の 幅60 丸 ライト lia ガス圧式 ガス コンロ ジオ ダイニング 5 90 楕円 デスク ドレッサー バッグハンガー ビーンズ ブラック パソコン ピンク ピクニック フック 二人 引き出し ホワイト 姫 一人暮らし 一人 ミニ 無垢 ロータイプ リビング ろくろ脚 60 40 120ct 150 折り 180 1800 1200×450 3点セット 60×60 60cm 75 70 90×60 ダイニングテーブル ダイニングテーブルセット 5点セット ベンチ 低め 6人掛け 丸テーブル アウトレット アジアン アーク イザベラ5点 イタリア製 イケア イームズ インテリア モダン リック 円卓 オーク 回転イス 黒 コンパクト サロモーネ 幅135cm ブラウン 伸長式 伸長 シート スチール emo 65cm 単品 ナチュラル 半円 幅120 幅140 幅180 マット 丸3点セット 4点セット パイン 二人用 変形 l字型 一枚板 無垢材 ヴィンテージ 160 180cm 120cm 140 150cm 100 2人 200cm 2人用 3点 4人 5点 6人 660 7点セット 幅200 8人掛け 80 </font></td></tr></table>",ビッキー ダイニングテーブル az-pm-865/北欧/送料無料/クーポン/プレゼント/通販/後払い/新生活/オススメ/%off/ジェンコ/【RCP】/北欧/モダン/インテリア/ナチュラル/テイスト/ダイニング/ナチュラルテイスト：家具・インテリアのジェンコ,通信販売通販ショッピングオンラインショッピング買い物プレゼントギフト贈り物贈答品お中元お歳暮お買い得家具インテリア北欧送料無料デザイナーズソファベッドラックごみ箱アンティークチェアおしゃれコルビジェイームズイサムノグチ激安モダンミッドセンチュリーナチュラルテイスト無垢ビッキー ダイニングテーブル az-pm-865/北欧/送料無料/クーポン/プレゼント/通販/後払い/新生活/オススメ/%off/ジェンコ/【RCP】/北欧/モダン/インテリア/ナチュラル/テイスト/ダイニング/ナチュラルテイスト,/ダイニングテーブル/伸縮/低め/丸/ダイニング/食卓/木製/無垢/。ビッキー ダイニングテーブル az-pm-865/北欧/送料無料/クーポン/プレゼント/通販/後払い/新生活/オススメ/%off/ジェンコ/【RCP】/北欧/モダン/インテリア/ナチュラル/テイスト/ダイニング/ナチュラルテイスト[rn]
20-117670,http://tshop.r10s.jp/auc-genco/cabinet/i2/230/ge-oth-ng-t-00333.jpg?fitin=700:700,16059.2000,,インテリア・寝具・収納 > テーブル > ダイニングテーブル > 木製,ダイニングテーブル az-net-721t/北欧/送料無料/クーポン/プレゼント/通販/後払い/新生活/オススメ/%off/ジェンコ/【RCP】/北欧/モダン/インテリア/ナチュラル/テイスト/ダイニング/ナチュラルテイスト,,"<img src=""http://image.rakuten.co.jp/auc-genco/cabinet/i2/230/ge-oth-ng-t-00333.jpg"" width=""100%"" /><br /><img src=""http://image.rakuten.co.jp/auc-genco/cabinet/i2/230/ge-oth-ng-t-00333_1.jpg"" width=""100%"" /><br /><img src=""http://image.rakuten.co.jp/auc-genco/cabinet/i2/230/ge-oth-ng-t-00333_2.jpg"" width=""100%"" /><br /><img src=""http://image.rakuten.co.jp/auc-genco/cabinet/i2/230/ge-oth-ng-t-00333_3.jpg"" width=""100%"" /><br /><br><br>[サイズ]W 80 X D 80 X H 70（ｃｍ）<br>[素材・仕様]天然木（アカシア）　ウレタン塗装<br />組立<br>[重量]16.5キロ<br>[生産国]ベトナム<br>[備考]全国一律無料<br /><br />(北海道は別途見積もり　 沖縄・離島は配達不可)<br />※お急ぎの場合は必ず事前に在庫確認を行って下さい。<br />※欠品中の場合は次回入荷後の発送になります。<br />※メーカー倉庫より直送になります。<br><br>※ご注文タイミングやご注文内容によっては、購入履歴からのご注文の修正を受け付けることができない場合がございます。<br><br><table width=""100%""><tr><td><p>他の「テーブル」を見る</p></td></tr></table><table width=""100%""><tr><td><p>他の「ダイニングテーブル」を見る</p></td></tr></table><BR><BR>検索用ワード<table width=""100%"" border=""1""><tr><td ><font color=""#EEE8AA"" size=""-2"">-テーブル- -ダイニングテーブル-   テーブル テーブルクロス テーブル 脚 パーツ 折りたたみ 北欧 木製 テーブルランナー ビニール 撥水 テーブル脚 透明 テーブルセット 高さ調節 ガラス チェア セット 昇降式 高さ60cm 白 高さ 調整 アウトドア アイアン アンティーク 赤 金具 角枠 椅子 ウォールナット 円形 おしゃれ 子供 折り畳み 一人用 奥行30cm 猫足 ロー かわいい 角 ガード カウンター 完成品 カフェ 可愛い カバー キャスター 木 キャンプ キッズ キッチン クロス ウェイト クッション クリップ ケルト こたつ 収納 昇降 伸縮 120 正方形 ソファ 高さ70cm 高さ40 高さ55cm 高さ調整 棚 高さ80cm 高さ70 高さ50cm 小さい 天板 天板のみ 透明マット カット 猫脚 の 幅60 丸 ライト lia ガス圧式 ガス コンロ ジオ ダイニング 5 90 楕円 デスク ドレッサー バッグハンガー ビーンズ ブラック パソコン ピンク ピクニック フック 二人 引き出し ホワイト 姫 一人暮らし 一人 ミニ 無垢 ロータイプ リビング ろくろ脚 60 40 120ct 150 折り 180 1800 1200×450 3点セット 60×60 60cm 75 70 90×60 ダイニングテーブル ダイニングテーブルセット 5点セット ベンチ 低め 6人掛け 丸テーブル アウトレット アジアン アーク イザベラ5点 イタリア製 イケア イームズ インテリア モダン リック 円卓 オーク 回転イス 黒 コンパクト サロモーネ 幅135cm ブラウン 伸長式 伸長 シート スチール emo 65cm 単品 ナチュラル 半円 幅120 幅140 幅180 マット 丸3点セット 4点セット パイン 二人用 変形 l字型 一枚板 無垢材 ヴィンテージ 160 180cm 120cm 140 150cm 100 2人 200cm 2人用 3点 4人 5点 6人 660 7点セット 幅200 8人掛け 80 </font></td></tr></table>",ダイニングテーブル az-net-721t/北欧/送料無料/クーポン/プレゼント/通販/後払い/新生活/オススメ/%off/ジェンコ/【RCP】/北欧/モダン/インテリア/ナチュラル/テイスト/ダイニング/ナチュラルテイスト：家具・インテリアのジェンコ,通信販売通販ショッピングオンラインショッピング買い物プレゼントギフト贈り物贈答品お中元お歳暮お買い得家具インテリア北欧送料無料デザイナーズソファベッドラックごみ箱アンティークチェアおしゃれコルビジェイームズイサムノグチ激安モダンミッドセンチュリーナチュラルテイスト無垢ダイニングテーブル az-net-721t/北欧/送料無料/クーポン/プレゼント/通販/後払い/新生活/オススメ/%off/ジェンコ/【RCP】/北欧/モダン/インテリア/ナチュラル/テイスト/ダイニング/ナチュラルテイスト,/ダイニングテーブル/伸縮/低め/丸/ダイニング/食卓/木製/無垢/。ダイニングテーブル az-net-721t/北欧/送料無料/クーポン/プレゼント/通販/後払い/新生活/オススメ/%off/ジェンコ/【RCP】/北欧/モダン/インテリア/ナチュラル/テイスト/ダイニング/ナチュラルテイスト[rn]
20-117671,http://tshop.r10s.jp/auc-genco/cabinet/i2/230/ge-oth-ng-t-00335.jpg?fitin=700:700,26577.6000,,インテリア・寝具・収納 > テーブル > ダイニングテーブル > 木製,ダイニングテーブル az-nrs-431t/北欧/送料無料/クーポン/プレゼント/通販/後払い/新生活/オススメ/%off/ジェンコ/【RCP】/北欧/モダン/インテリア/ナチュラル/テイスト/ダイニング/ナチュラルテイスト,,"<img src=""http://image.rakuten.co.jp/auc-genco/cabinet/i2/230/ge-oth-ng-t-00335.jpg"" width=""100%"" /><br /><img src=""http://image.rakuten.co.jp/auc-genco/cabinet/i2/230/ge-oth-ng-t-00335_1.jpg"" width=""100%"" /><br /><img src=""http://image.rakuten.co.jp/auc-genco/cabinet/i2/230/ge-oth-ng-t-00335_2.jpg"" width=""100%"" /><br /><br><br>[サイズ]W 76 X D 76 X H 73（ｃｍ）<br>[素材・仕様]ポリエチレン　アルミ　5mm強化ガラス<br>[生産国]インドネシア<br>[備考]全国一律無料<br /><br />(北海道は別途見積もり　 沖縄・離島は配達不可)<br />※お急ぎの場合は必ず事前に在庫確認を行って下さい。<br />※欠品中の場合は次回入荷後の発送になります。<br />※メーカー倉庫より直送になります。<br><br>※ご注文タイミングやご注文内容によっては、購入履歴からのご注文の修正を受け付けることができない場合がございます。<br><br><table width=""100%""><tr><td><p>他の「テーブル」を見る</p></td></tr></table><table width=""100%""><tr><td><p>他の「ダイニングテーブル」を見る</p></td></tr></table><BR><BR>検索用ワード<table width=""100%"" border=""1""><tr><td ><font color=""#EEE8AA"" size=""-2"">-テーブル- -ダイニングテーブル-   テーブル テーブルクロス テーブル 脚 パーツ 折りたたみ 北欧 木製 テーブルランナー ビニール 撥水 テーブル脚 透明 テーブルセット 高さ調節 ガラス チェア セット 昇降式 高さ60cm 白 高さ 調整 アウトドア アイアン アンティーク 赤 金具 角枠 椅子 ウォールナット 円形 おしゃれ 子供 折り畳み 一人用 奥行30cm 猫足 ロー かわいい 角 ガード カウンター 完成品 カフェ 可愛い カバー キャスター 木 キャンプ キッズ キッチン クロス ウェイト クッション クリップ ケルト こたつ 収納 昇降 伸縮 120 正方形 ソファ 高さ70cm 高さ40 高さ55cm 高さ調整 棚 高さ80cm 高さ70 高さ50cm 小さい 天板 天板のみ 透明マット カット 猫脚 の 幅60 丸 ライト lia ガス圧式 ガス コンロ ジオ ダイニング 5 90 楕円 デスク ドレッサー バッグハンガー ビーンズ ブラック パソコン ピンク ピクニック フック 二人 引き出し ホワイト 姫 一人暮らし 一人 ミニ 無垢 ロータイプ リビング ろくろ脚 60 40 120ct 150 折り 180 1800 1200×450 3点セット 60×60 60cm 75 70 90×60 ダイニングテーブル ダイニングテーブルセット 5点セット ベンチ 低め 6人掛け 丸テーブル アウトレット アジアン アーク イザベラ5点 イタリア製 イケア イームズ インテリア モダン リック 円卓 オーク 回転イス 黒 コンパクト サロモーネ 幅135cm ブラウン 伸長式 伸長 シート スチール emo 65cm 単品 ナチュラル 半円 幅120 幅140 幅180 マット 丸3点セット 4点セット パイン 二人用 変形 l字型 一枚板 無垢材 ヴィンテージ 160 180cm 120cm 140 150cm 100 2人 200cm 2人用 3点 4人 5点 6人 660 7点セット 幅200 8人掛け 80 </font></td></tr></table>",ダイニングテーブル az-nrs-431t/北欧/送料無料/クーポン/プレゼント/通販/後払い/新生活/オススメ/%off/ジェンコ/【RCP】/北欧/モダン/インテリア/ナチュラル/テイスト/ダイニング/ナチュラルテイスト：家具・インテリアのジェンコ,通信販売通販ショッピングオンラインショッピング買い物プレゼントギフト贈り物贈答品お中元お歳暮お買い得家具インテリア北欧送料無料デザイナーズソファベッドラックごみ箱アンティークチェアおしゃれコルビジェイームズイサムノグチ激安モダンミッドセンチュリーナチュラルテイスト無垢ダイニングテーブル az-nrs-431t/北欧/送料無料/クーポン/プレゼント/通販/後払い/新生活/オススメ/%off/ジェンコ/【RCP】/北欧/モダン/インテリア/ナチュラル/テイスト/ダイニング/ナチュラルテイスト,/ダイニングテーブル/伸縮/低め/丸/ダイニング/食卓/木製/無垢/。ダイニングテーブル az-nrs-431t/北欧/送料無料/クーポン/プレゼント/通販/後払い/新生活/オススメ/%off/ジェンコ/【RCP】/北欧/モダン/インテリア/ナチュラル/テイスト/ダイニング/ナチュラルテイスト[rn]
20-117672,http://tshop.r10s.jp/auc-genco/cabinet/i2/230/ge-oth-ng-t-00357.jpg?fitin=700:700,18873.6000,,インテリア・寝具・収納 > テーブル > ダイニングテーブル > 木製,モティ ダイニングテーブル ナチュラル az-rto-747tna/北欧/送料無料/クーポン/プレゼント/通販/後払い/新生活/オススメ/%off/ジェンコ/【RCP】/北欧/モダン/インテリア/ナチュラル/テイスト/ダイニング/ナチュラルテイスト,,"<img src=""http://image.rakuten.co.jp/auc-genco/cabinet/i2/230/ge-oth-ng-t-00357.jpg"" width=""100%"" /><br /><img src=""http://image.rakuten.co.jp/auc-genco/cabinet/i2/230/ge-oth-ng-t-00357_1.jpg"" width=""100%"" /><br /><img src=""http://image.rakuten.co.jp/auc-genco/cabinet/i2/230/ge-oth-ng-t-00357_2.jpg"" width=""100%"" /><br /><img src=""http://image.rakuten.co.jp/auc-genco/cabinet/i2/230/ge-oth-ng-t-00357_3.jpg"" width=""100%"" /><br /><br><br>[サイズ]W 100 X D 100 X H 65（ｃｍ）<br>[素材・仕様]天然木（アッシュ）　天然木化粧繊維板（アッシュ）　ウレタン塗装<br>[重量]24.9キロ<br>[生産国]中国<br>[備考]全国一律無料<br /><br />(北海道は別途見積もり　 沖縄・離島は配達不可)<br />※お急ぎの場合は必ず事前に在庫確認を行って下さい。<br />※欠品中の場合は次回入荷後の発送になります。<br />※メーカー倉庫より直送になります。<br><br>※ご注文タイミングやご注文内容によっては、購入履歴からのご注文の修正を受け付けることができない場合がございます。<br><br><table width=""100%""><tr><td><p>他の「テーブル」を見る</p></td></tr></table><table width=""100%""><tr><td><p>他の「ダイニングテーブル」を見る</p></td></tr></table><BR><BR>検索用ワード<table width=""100%"" border=""1""><tr><td ><font color=""#EEE8AA"" size=""-2"">-テーブル- -ダイニングテーブル-   テーブル テーブルクロス テーブル 脚 パーツ 折りたたみ 北欧 木製 テーブルランナー ビニール 撥水 テーブル脚 透明 テーブルセット 高さ調節 ガラス チェア セット 昇降式 高さ60cm 白 高さ 調整 アウトドア アイアン アンティーク 赤 金具 角枠 椅子 ウォールナット 円形 おしゃれ 子供 折り畳み 一人用 奥行30cm 猫足 ロー かわいい 角 ガード カウンター 完成品 カフェ 可愛い カバー キャスター 木 キャンプ キッズ キッチン クロス ウェイト クッション クリップ ケルト こたつ 収納 昇降 伸縮 120 正方形 ソファ 高さ70cm 高さ40 高さ55cm 高さ調整 棚 高さ80cm 高さ70 高さ50cm 小さい 天板 天板のみ 透明マット カット 猫脚 の 幅60 丸 ライト lia ガス圧式 ガス コンロ ジオ ダイニング 5 90 楕円 デスク ドレッサー バッグハンガー ビーンズ ブラック パソコン ピンク ピクニック フック 二人 引き出し ホワイト 姫 一人暮らし 一人 ミニ 無垢 ロータイプ リビング ろくろ脚 60 40 120ct 150 折り 180 1800 1200×450 3点セット 60×60 60cm 75 70 90×60 ダイニングテーブル ダイニングテーブルセット 5点セット ベンチ 低め 6人掛け 丸テーブル アウトレット アジアン アーク イザベラ5点 イタリア製 イケア イームズ インテリア モダン リック 円卓 オーク 回転イス 黒 コンパクト サロモーネ 幅135cm ブラウン 伸長式 伸長 シート スチール emo 65cm 単品 ナチュラル 半円 幅120 幅140 幅180 マット 丸3点セット 4点セット パイン 二人用 変形 l字型 一枚板 無垢材 ヴィンテージ 160 180cm 120cm 140 150cm 100 2人 200cm 2人用 3点 4人 5点 6人 660 7点セット 幅200 8人掛け 80 </font></td></tr></table>",モティ ダイニングテーブル ナチュラル az-rto-747tna/北欧/送料無料/クーポン/プレゼント/通販/後払い/新生活/オススメ/%off/ジェンコ/【RCP】/北欧/モダン/インテリア/ナチュラル/テイスト/ダイニング/ナチュラルテイスト：家具・インテリアのジェンコ,通信販売通販ショッピングオンラインショッピング買い物プレゼントギフト贈り物贈答品お中元お歳暮お買い得家具インテリア北欧送料無料デザイナーズソファベッドラックごみ箱アンティークチェアおしゃれコルビジェイームズイサムノグチ激安モダンミッドセンチュリーナチュラルテイスト無垢モティ ダイニングテーブル ナチュラル az-rto-747tna/北欧/送料無料/クーポン/プレゼント/通販/後払い/新生活/オススメ/%off/ジェンコ/【RCP】/北欧/モダン/インテリア/ナチュラル/テイスト/ダイニング/ナチュラルテイスト,/ダイニングテーブル/伸縮/低め/丸/ダイニング/食卓/木製/無垢/。モティ ダイニングテーブル ナチュラル az-rto-747tna/北欧/送料無料/クーポン/プレゼント/通販/後払い/新生活/オススメ/%off/ジェンコ/【RCP】/北欧/モダン/インテリア/ナチュラル/テイスト/ダイニング/ナチュラルテイスト[rn]
20-117673,http://tshop.r10s.jp/auc-genco/cabinet/i2/230/ge-oth-ng-t-00334.jpg?fitin=700:700,20503.2000,,インテリア・寝具・収納 > テーブル > ダイニングテーブル > 木製,ダイニングテーブル az-net-722t/北欧/送料無料/クーポン/プレゼント/通販/後払い/新生活/オススメ/%off/ジェンコ/【RCP】/北欧/モダン/インテリア/ナチュラル/テイスト/ダイニング/ナチュラルテイスト,,"<img src=""http://image.rakuten.co.jp/auc-genco/cabinet/i2/230/ge-oth-ng-t-00334.jpg"" width=""100%"" /><br /><br><br>[サイズ]W 120 X D 80 X H 70（ｃｍ）<br>[素材・仕様]天然木（アカシア）　ウレタン塗装<br />組立<br>[重量]22キロ<br>[生産国]ベトナム<br>[備考]全国一律無料<br /><br />(北海道は別途見積もり　 沖縄・離島は配達不可)<br />※お急ぎの場合は必ず事前に在庫確認を行って下さい。<br />※欠品中の場合は次回入荷後の発送になります。<br />※メーカー倉庫より直送になります。<br><br>※ご注文タイミングやご注文内容によっては、購入履歴からのご注文の修正を受け付けることができない場合がございます。<br><br><table width=""100%""><tr><td><p>他の「テーブル」を見る</p></td></tr></table><table width=""100%""><tr><td><p>他の「ダイニングテーブル」を見る</p></td></tr></table><BR><BR>検索用ワード<table width=""100%"" border=""1""><tr><td ><font color=""#EEE8AA"" size=""-2"">-テーブル- -ダイニングテーブル-   テーブル テーブルクロス テーブル 脚 パーツ 折りたたみ 北欧 木製 テーブルランナー ビニール 撥水 テーブル脚 透明 テーブルセット 高さ調節 ガラス チェア セット 昇降式 高さ60cm 白 高さ 調整 アウトドア アイアン アンティーク 赤 金具 角枠 椅子 ウォールナット 円形 おしゃれ 子供 折り畳み 一人用 奥行30cm 猫足 ロー かわいい 角 ガード カウンター 完成品 カフェ 可愛い カバー キャスター 木 キャンプ キッズ キッチン クロス ウェイト クッション クリップ ケルト こたつ 収納 昇降 伸縮 120 正方形 ソファ 高さ70cm 高さ40 高さ55cm 高さ調整 棚 高さ80cm 高さ70 高さ50cm 小さい 天板 天板のみ 透明マット カット 猫脚 の 幅60 丸 ライト lia ガス圧式 ガス コンロ ジオ ダイニング 5 90 楕円 デスク ドレッサー バッグハンガー ビーンズ ブラック パソコン ピンク ピクニック フック 二人 引き出し ホワイト 姫 一人暮らし 一人 ミニ 無垢 ロータイプ リビング ろくろ脚 60 40 120ct 150 折り 180 1800 1200×450 3点セット 60×60 60cm 75 70 90×60 ダイニングテーブル ダイニングテーブルセット 5点セット ベンチ 低め 6人掛け 丸テーブル アウトレット アジアン アーク イザベラ5点 イタリア製 イケア イームズ インテリア モダン リック 円卓 オーク 回転イス 黒 コンパクト サロモーネ 幅135cm ブラウン 伸長式 伸長 シート スチール emo 65cm 単品 ナチュラル 半円 幅120 幅140 幅180 マット 丸3点セット 4点セット パイン 二人用 変形 l字型 一枚板 無垢材 ヴィンテージ 160 180cm 120cm 140 150cm 100 2人 200cm 2人用 3点 4人 5点 6人 660 7点セット 幅200 8人掛け 80 </font></td></tr></table>",ダイニングテーブル az-net-722t/北欧/送料無料/クーポン/プレゼント/通販/後払い/新生活/オススメ/%off/ジェンコ/【RCP】/北欧/モダン/インテリア/ナチュラル/テイスト/ダイニング/ナチュラルテイスト：家具・インテリアのジェンコ,通信販売通販ショッピングオンラインショッピング買い物プレゼントギフト贈り物贈答品お中元お歳暮お買い得家具インテリア北欧送料無料デザイナーズソファベッドラックごみ箱アンティークチェアおしゃれコルビジェイームズイサムノグチ激安モダンミッドセンチュリーナチュラルテイスト無垢ダイニングテーブル az-net-722t/北欧/送料無料/クーポン/プレゼント/通販/後払い/新生活/オススメ/%off/ジェンコ/【RCP】/北欧/モダン/インテリア/ナチュラル/テイスト/ダイニング/ナチュラルテイスト,/ダイニングテーブル/伸縮/低め/丸/ダイニング/食卓/木製/無垢/。ダイニングテーブル az-net-722t/北欧/送料無料/クーポン/プレゼント/通販/後払い/新生活/オススメ/%off/ジェンコ/【RCP】/北欧/モダン/インテリア/ナチュラル/テイスト/ダイニング/ナチュラルテイスト[rn]
20-117674,http://tshop.r10s.jp/auc-genco/cabinet/i2/230/ge-oth-ng-t-00351.jpg?fitin=700:700,33021.6000,,インテリア・寝具・収納 > テーブル > ダイニングテーブル > 木製,ノール ダイニングテーブル az-ttf-163/北欧/送料無料/クーポン/プレゼント/通販/後払い/新生活/オススメ/%off/ジェンコ/【RCP】/北欧/モダン/インテリア/ナチュラル/テイスト/ダイニング/ナチュラルテイスト,,"<img src=""http://image.rakuten.co.jp/auc-genco/cabinet/i2/230/ge-oth-ng-t-00351.jpg"" width=""100%"" /><br /><img src=""http://image.rakuten.co.jp/auc-genco/cabinet/i2/230/ge-oth-ng-t-00351_1.jpg"" width=""100%"" /><br /><br><br>[サイズ]W 120 X D 80 X H 72（ｃｍ）<br>[素材・仕様]天然木（チーク）　ラッカー塗装<br />組立<br>[生産国]インドネシア<br>[備考]全国一律無料<br /><br />(北海道は別途見積もり　 沖縄・離島は配達不可)<br />※お急ぎの場合は必ず事前に在庫確認を行って下さい。<br />※欠品中の場合は次回入荷後の発送になります。<br />※メーカー倉庫より直送になります。<br><br>※ご注文タイミングやご注文内容によっては、購入履歴からのご注文の修正を受け付けることができない場合がございます。<br><br><table width=""100%""><tr><td><p>他の「テーブル」を見る</p></td></tr></table><table width=""100%""><tr><td><p>他の「ダイニングテーブル」を見る</p></td></tr></table><BR><BR>検索用ワード<table width=""100%"" border=""1""><tr><td ><font color=""#EEE8AA"" size=""-2"">-テーブル- -ダイニングテーブル-   テーブル テーブルクロス テーブル 脚 パーツ 折りたたみ 北欧 木製 テーブルランナー ビニール 撥水 テーブル脚 透明 テーブルセット 高さ調節 ガラス チェア セット 昇降式 高さ60cm 白 高さ 調整 アウトドア アイアン アンティーク 赤 金具 角枠 椅子 ウォールナット 円形 おしゃれ 子供 折り畳み 一人用 奥行30cm 猫足 ロー かわいい 角 ガード カウンター 完成品 カフェ 可愛い カバー キャスター 木 キャンプ キッズ キッチン クロス ウェイト クッション クリップ ケルト こたつ 収納 昇降 伸縮 120 正方形 ソファ 高さ70cm 高さ40 高さ55cm 高さ調整 棚 高さ80cm 高さ70 高さ50cm 小さい 天板 天板のみ 透明マット カット 猫脚 の 幅60 丸 ライト lia ガス圧式 ガス コンロ ジオ ダイニング 5 90 楕円 デスク ドレッサー バッグハンガー ビーンズ ブラック パソコン ピンク ピクニック フック 二人 引き出し ホワイト 姫 一人暮らし 一人 ミニ 無垢 ロータイプ リビング ろくろ脚 60 40 120ct 150 折り 180 1800 1200×450 3点セット 60×60 60cm 75 70 90×60 ダイニングテーブル ダイニングテーブルセット 5点セット ベンチ 低め 6人掛け 丸テーブル アウトレット アジアン アーク イザベラ5点 イタリア製 イケア イームズ インテリア モダン リック 円卓 オーク 回転イス 黒 コンパクト サロモーネ 幅135cm ブラウン 伸長式 伸長 シート スチール emo 65cm 単品 ナチュラル 半円 幅120 幅140 幅180 マット 丸3点セット 4点セット パイン 二人用 変形 l字型 一枚板 無垢材 ヴィンテージ 160 180cm 120cm 140 150cm 100 2人 200cm 2人用 3点 4人 5点 6人 660 7点セット 幅200 8人掛け 80 </font></td></tr></table>",ノール ダイニングテーブル az-ttf-163/北欧/送料無料/クーポン/プレゼント/通販/後払い/新生活/オススメ/%off/ジェンコ/【RCP】/北欧/モダン/インテリア/ナチュラル/テイスト/ダイニング/ナチュラルテイスト：家具・インテリアのジェンコ,通信販売通販ショッピングオンラインショッピング買い物プレゼントギフト贈り物贈答品お中元お歳暮お買い得家具インテリア北欧送料無料デザイナーズソファベッドラックごみ箱アンティークチェアおしゃれコルビジェイームズイサムノグチ激安モダンミッドセンチュリーナチュラルテイスト無垢ノール ダイニングテーブル az-ttf-163/北欧/送料無料/クーポン/プレゼント/通販/後払い/新生活/オススメ/%off/ジェンコ/【RCP】/北欧/モダン/インテリア/ナチュラル/テイスト/ダイニング/ナチュラルテイスト,/ダイニングテーブル/伸縮/低め/丸/ダイニング/食卓/木製/無垢/。ノール ダイニングテーブル az-ttf-163/北欧/送料無料/クーポン/プレゼント/通販/後払い/新生活/オススメ/%off/ジェンコ/【RCP】/北欧/モダン/インテリア/ナチュラル/テイスト/ダイニング/ナチュラルテイスト[rn]
20-117675,http://tshop.r10s.jp/auc-genco/cabinet/i2/230/ge-oth-ng-t-00323.jpg?fitin=700:700,52948.0000,,インテリア・寝具・収納 > テーブル > ダイニングテーブル > 木製,ヴィンセント ダイニングテーブル az-vic-851t/北欧/送料無料/クーポン/プレゼント/通販/後払い/新生活/オススメ/%off/ジェンコ/【RCP】/北欧/モダン/インテリア/ナチュラル/テイスト/ダイニング/ナチュラルテイスト,,"<img src=""http://image.rakuten.co.jp/auc-genco/cabinet/i2/230/ge-oth-ng-t-00323.jpg"" width=""100%"" /><br /><img src=""http://image.rakuten.co.jp/auc-genco/cabinet/i2/230/ge-oth-ng-t-00323_1.jpg"" width=""100%"" /><br /><img src=""http://image.rakuten.co.jp/auc-genco/cabinet/i2/230/ge-oth-ng-t-00323_2.jpg"" width=""100%"" /><br /><img src=""http://image.rakuten.co.jp/auc-genco/cabinet/i2/230/ge-oth-ng-t-00323_3.jpg"" width=""100%"" /><br /><img src=""http://image.rakuten.co.jp/auc-genco/cabinet/i2/230/ge-oth-ng-t-00323_4.jpg"" width=""100%"" /><br /><img src=""http://image.rakuten.co.jp/auc-genco/cabinet/i2/230/ge-oth-ng-t-00323_5.jpg"" width=""100%"" /><br /><br><br>[サイズ]W 150 X D 80 X H 72（ｃｍ）<br>[素材・仕様]天然木（アカシア）　ラッカー塗装<br />組立<br>[重量]59.5キロ<br>[生産国]ベトナム<br>[備考]全国一律無料<br /><br />(北海道は別途見積もり　 沖縄・離島は配達不可)<br />※お急ぎの場合は必ず事前に在庫確認を行って下さい。<br />※欠品中の場合は次回入荷後の発送になります。<br />※メーカー倉庫より直送になります。<br><br>※ご注文タイミングやご注文内容によっては、購入履歴からのご注文の修正を受け付けることができない場合がございます。<br><br><table width=""100%""><tr><td><p>他の「テーブル」を見る</p></td></tr></table><table width=""100%""><tr><td><p>他の「ダイニングテーブル」を見る</p></td></tr></table><BR><BR>検索用ワード<table width=""100%"" border=""1""><tr><td ><font color=""#EEE8AA"" size=""-2"">-テーブル- -ダイニングテーブル-   テーブル テーブルクロス テーブル 脚 パーツ 折りたたみ 北欧 木製 テーブルランナー ビニール 撥水 テーブル脚 透明 テーブルセット 高さ調節 ガラス チェア セット 昇降式 高さ60cm 白 高さ 調整 アウトドア アイアン アンティーク 赤 金具 角枠 椅子 ウォールナット 円形 おしゃれ 子供 折り畳み 一人用 奥行30cm 猫足 ロー かわいい 角 ガード カウンター 完成品 カフェ 可愛い カバー キャスター 木 キャンプ キッズ キッチン クロス ウェイト クッション クリップ ケルト こたつ 収納 昇降 伸縮 120 正方形 ソファ 高さ70cm 高さ40 高さ55cm 高さ調整 棚 高さ80cm 高さ70 高さ50cm 小さい 天板 天板のみ 透明マット カット 猫脚 の 幅60 丸 ライト lia ガス圧式 ガス コンロ ジオ ダイニング 5 90 楕円 デスク ドレッサー バッグハンガー ビーンズ ブラック パソコン ピンク ピクニック フック 二人 引き出し ホワイト 姫 一人暮らし 一人 ミニ 無垢 ロータイプ リビング ろくろ脚 60 40 120ct 150 折り 180 1800 1200×450 3点セット 60×60 60cm 75 70 90×60 ダイニングテーブル ダイニングテーブルセット 5点セット ベンチ 低め 6人掛け 丸テーブル アウトレット アジアン アーク イザベラ5点 イタリア製 イケア イームズ インテリア モダン リック 円卓 オーク 回転イス 黒 コンパクト サロモーネ 幅135cm ブラウン 伸長式 伸長 シート スチール emo 65cm 単品 ナチュラル 半円 幅120 幅140 幅180 マット 丸3点セット 4点セット パイン 二人用 変形 l字型 一枚板 無垢材 ヴィンテージ 160 180cm 120cm 140 150cm 100 2人 200cm 2人用 3点 4人 5点 6人 660 7点セット 幅200 8人掛け 80 </font></td></tr></table>",ヴィンセント ダイニングテーブル az-vic-851t/北欧/送料無料/クーポン/プレゼント/通販/後払い/新生活/オススメ/%off/ジェンコ/【RCP】/北欧/モダン/インテリア/ナチュラル/テイスト/ダイニング/ナチュラルテイスト：家具・インテリアのジェンコ,通信販売通販ショッピングオンラインショッピング買い物プレゼントギフト贈り物贈答品お中元お歳暮お買い得家具インテリア北欧送料無料デザイナーズソファベッドラックごみ箱アンティークチェアおしゃれコルビジェイームズイサムノグチ激安モダンミッドセンチュリーナチュラルテイスト無垢ヴィンセント ダイニングテーブル az-vic-851t/北欧/送料無料/クーポン/プレゼント/通販/後払い/新生活/オススメ/%off/ジェンコ/【RCP】/北欧/モダン/インテリア/ナチュラル/テイスト/ダイニング/ナチュラルテイスト,/ダイニングテーブル/伸縮/低め/丸/ダイニング/食卓/木製/無垢/。ヴィンセント ダイニングテーブル az-vic-851t/北欧/送料無料/クーポン/プレゼント/通販/後払い/新生活/オススメ/%off/ジェンコ/【RCP】/北欧/モダン/インテリア/ナチュラル/テイスト/ダイニング/ナチュラルテイスト[rn]
20-117676,http://tshop.r10s.jp/komikomi/cabinet/skb2/vgl21-1a.jpg?fitin=700:700,8928.0000,,インテリア・寝具・収納 > テーブル > ダイニングテーブル > 木製,北欧風　天然木ダイニングテーブル　引き出し付　115×75 218テーブル　フリーテーブル カフェ風　リビングテーブル　ナチュラル　シンプル  VGL-21BR VGL-21NA テーブル ダイニングテーブル 木製 ナチュラル 長方,,"<img src=""http://image.rakuten.co.jp/yutoriseikatsu/cabinet/skb5/vgl21-1.jpg""><br><br>
<img src=""http://image.rakuten.co.jp/yutoriseikatsu/cabinet/skb5/vgl21-2.jpg""><br><br>
<img src=""http://image.rakuten.co.jp/yutoriseikatsu/cabinet/skb5/vgl21-3.jpg""><br><br>
<img src=""http://image.rakuten.co.jp/yutoriseikatsu/cabinet/skb5/vgl21-4.jpg""><br><br>
<img src=""http://image.rakuten.co.jp/yutoriseikatsu/cabinet/skb5/vgl21-5.jpg""><br><br>
<img src=""http://image.rakuten.co.jp/yutoriseikatsu/cabinet/skb5/vgl21-6.jpg""><br><br>
<img src=""http://image.rakuten.co.jp/yutoriseikatsu/cabinet/skb5/vgl21-7.jpg""><br><br>

<br><br>

引出し付き　フリーテーブル　115×75cmです。<br>
<br>
小さな引出しが並んで2杯付いてます。<br>
<br>
とっても便利です。<br>
<br>
引出しは落下防止ストッパーが付いていますので、<br>
<br>
引き出しても落ちません。<br>
<br>
脚先にはガタつき防止のためのアジャスターが付いています。<br>
<br>
◆引き出し付きフリーテーブル　115×75はコチラ！<br>
◆引き出し付きフリーテーブル　85×65はコチラ！<br>
◆ダイニングチェアー2脚セットはコチラ！<br>
◆ダイニングベンチはコチラ！<br>
<br>
◆引き出し付きフリーテーブル　115×75　ダイニング3点セットはコチラ！<br>
◆引き出し付きフリーテーブル　115×75　ダイニング4点セットはコチラ！<br>
◆引き出し付きフリーテーブル　115×75　ダイニング5点セットはコチラ！<br>
◆引き出し付きフリーテーブル　85×65　 ダイニング3点セットはコチラ！<br>
<br><br>
*サイズ：約) 幅1150×奥行750×高さ690mm<br>
*梱包サイズ：約) 幅1200×奥行810×高さ115mm<br>
*天板厚：約18mm<br>
*材質：天板-天然木化粧繊維板（ポリウレタン樹脂塗装）<br>
*脚：天然木ラバーウッド（ポリウレタン樹脂塗装）<br>
*アジャスター付き<br>
*本体重量：23.3kg（梱包重量：25.6kg） <br>
*組立式（約15分/付属の工具にて組立）1個口<br>
*カラー：ブラウン、ナチュラル<br>
<br>
■送料無料<br>
<br>
※沖縄県はお届けができませんのでご了承ください。<br>",北欧風　天然木ダイニングテーブル　引き出し付　115&times;75 218テーブル　フリーテーブル カフェ風　リビングテーブル　ナチュラル　シンプル  VGL-21BR VGL-21NA テーブル ダイニングテーブル 木製 ナチュラル 長方：全品送料込み！コミコミ家具,通信販売通販ショッピングオンラインショッピング買い物プレゼントギフト贈り物贈答品お中元お歳暮お買い得ダイニングセットテーブル収納用品スツールベンチチェア椅子イス机デスク寝具布団チェストラックムートンメイクボックスつっぱりパーテーションミラー昇降北欧風　天然木ダイニングテーブル　引き出し付　115&times;75 218テーブル　フリーテーブル カフェ風　リビングテーブル　ナチュラル　シンプル  VGL-21BR VGL-21NA テーブル ダイニングテーブル 木製 ナチュラル 長方,送料無料 ポイント2倍。北欧風　天然木ダイニングテーブル　引き出し付　115&times;75 218テーブル　フリーテーブル カフェ風　リビングテーブル　ナチュラル　シンプル  VGL-21BR VGL-21NA テーブル ダイニングテーブル 木製 ナチュラル 長方[rn]
20-117677,http://tshop.r10s.jp/komikomi/cabinet/skb2/831197-1.jpg?fitin=700:700,8652.0000,,インテリア・寝具・収納 > テーブル > ダイニングテーブル > 木製,ダイニングテーブル　197ダイニング　食卓テーブル　テーブル　フリーテーブル　木製　シンプル　北欧  AX-S120 axs120 Sirius テーブル ダイニングテーブル 木製 食卓テーブル フリーテーブル リビングテーブル フ,,"<img src=http://image.rakuten.co.jp/yutoriseikatsu/cabinet/skb3/631197-1.jpg width=""100%""><br><br>
<img src=http://image.rakuten.co.jp/yutoriseikatsu/cabinet/skb3/631197-7.jpg width=""100%""><br><br>
<img src=http://image.rakuten.co.jp/yutoriseikatsu/cabinet/skb3/631197-9.jpg width=""100%""><br><br>
<br>
Sirius　ダイニングテーブルです。<br>
<br>
120×75cmの長方形です。<br>
<br>
天板表面には明るく繊細な木目のホワイトアッシュ突板を使用しています。<br>
（木目は商品ごとに異なります）<br>
<br>
天板は全辺ストレートではなくラウンド形状です。<br>
<br>
脚先にアジャスターが付いていますのでガタつきを調整出来ます。<br>
<br>
■Siriusシリーズのチェアはコチラです（別売り）<br>
■Siriusシリーズのベンチはコチラです（別売り）<br>
■お得なダイニング　Sirius　4点セットはコチラです<br>
■お得なダイニング　Sirius　5点セットはコチラです<br>
<br>
*サイズ：約）〔本体〕　幅1200×奥行750×高さ680mm<br>
　　　　　　　　[天板厚]　18mm<br>
*重量：約20kg<br>
*材質：〔天板〕　天然木化粧繊維板（ホワイトアッシュ突き板）<br>
　　　　　[脚]　天然木ラバーウッド（ポリウレタン樹脂塗装）<br>
*足先アジャスター付き<br>
*組立式（約15分/付属の工具にて組立）<br>
*ベトナム製<br>
<br>
■送料無料<br>
<br>
※こちらの商品は沖縄県へのお届けはできませんのでご了承ください。<br>",ダイニングテーブル　197ダイニング　食卓テーブル　テーブル　フリーテーブル　木製　シンプル　北欧  AX-S120 axs120 Sirius テーブル ダイニングテーブル 木製 食卓テーブル フリーテーブル リビングテーブル フ：全品送料込み！コミコミ家具,通信販売通販ショッピングオンラインショッピング買い物プレゼントギフト贈り物贈答品お中元お歳暮お買い得ダイニングセットテーブル収納用品スツールベンチチェア椅子イス机デスク寝具布団チェストラックムートンメイクボックスつっぱりパーテーションミラー昇降ダイニングテーブル　197ダイニング　食卓テーブル　テーブル　フリーテーブル　木製　シンプル　北欧  AX-S120 axs120 Sirius テーブル ダイニングテーブル 木製 食卓テーブル フリーテーブル リビングテーブル フ,送料無料 ポイント2倍。ダイニングテーブル　197ダイニング　食卓テーブル　テーブル　フリーテーブル　木製　シンプル　北欧  AX-S120 axs120 Sirius テーブル ダイニングテーブル 木製 食卓テーブル フリーテーブル リビングテーブル フ[rn]
20-117678,http://tshop.r10s.jp/auc-genco/cabinet/i2/221/ge-oth-ng-t-00311.jpg?fitin=700:700,11466.4000,,インテリア・寝具・収納 > テーブル > ダイニングテーブル > 木製,KITCHEN VDT-7683NA ダイニングテーブル hag-4858887s1/北欧/送料無料/クーポン/プレゼント/通販/後払い/新生活/オススメ/%off/ジェンコ/【RCP】/北欧/モダン/インテリア/ナチュラル/テイスト/ダイニング/ナチュラルテイスト,,"<img src=""http://image.rakuten.co.jp/auc-genco/cabinet/i2/221/ge-oth-ng-t-00311.jpg"" width=""100%"" /><br /><br><br>[サイズ]■ 本体：（約）幅75×奥行75×高さ71cm<br />■ 組立式<br>[素材]本体：ラバーウッド　天板：オーク突板<br>[送料]全国一律無料<br />(北海道は別途見積もり　 沖縄・離島は配達不可)<br>[商品説明]シンプルだからこそ木目が映える、落ち着いたデザインのダイニングテーブル。丸角なので小さなお子様がいるご家庭でも安心して使えます。<br>[備考]※お急ぎの場合は必ず事前に在庫確認を行って下さい。<br />※メーカー倉庫より直送になります。<br><br>※ご注文タイミングやご注文内容によっては、購入履歴からのご注文の修正を受け付けることができない場合がございます。<br><br><table width=""100%""><tr><td><p>他の「テーブル」を見る</p></td></tr></table><table width=""100%""><tr><td><p>他の「ダイニングテーブル」を見る</p></td></tr></table><BR><BR>検索用ワード<table width=""100%"" border=""1""><tr><td ><font color=""#EEE8AA"" size=""-2"">-テーブル- -ダイニングテーブル-   テーブル テーブルクロス テーブル 脚 パーツ 折りたたみ 北欧 木製 テーブルランナー ビニール 撥水 テーブル脚 透明 テーブルセット 高さ調節 ガラス チェア セット 昇降式 高さ60cm 白 高さ 調整 アウトドア アイアン アンティーク 赤 金具 角枠 椅子 ウォールナット 円形 おしゃれ 子供 折り畳み 一人用 奥行30cm 猫足 ロー かわいい 角 ガード カウンター 完成品 カフェ 可愛い カバー キャスター 木 キャンプ キッズ キッチン クロス ウェイト クッション クリップ ケルト こたつ 収納 昇降 伸縮 120 正方形 ソファ 高さ70cm 高さ40 高さ55cm 高さ調整 棚 高さ80cm 高さ70 高さ50cm 小さい 天板 天板のみ 透明マット カット 猫脚 の 幅60 丸 ライト lia ガス圧式 ガス コンロ ジオ ダイニング 5 90 楕円 デスク ドレッサー バッグハンガー ビーンズ ブラック パソコン ピンク ピクニック フック 二人 引き出し ホワイト 姫 一人暮らし 一人 ミニ 無垢 ロータイプ リビング ろくろ脚 60 40 120ct 150 折り 180 1800 1200×450 3点セット 60×60 60cm 75 70 90×60 ダイニングテーブル ダイニングテーブルセット 5点セット ベンチ 低め 6人掛け 丸テーブル アウトレット アジアン アーク イザベラ5点 イタリア製 イケア イームズ インテリア モダン リック 円卓 オーク 回転イス 黒 コンパクト サロモーネ 幅135cm ブラウン 伸長式 伸長 シート スチール emo 65cm 単品 ナチュラル 半円 幅120 幅140 幅180 マット 丸3点セット 4点セット パイン 二人用 変形 l字型 一枚板 無垢材 ヴィンテージ 160 180cm 120cm 140 150cm 100 2人 200cm 2人用 3点 4人 5点 6人 660 7点セット 幅200 8人掛け 80 </font></td></tr></table>",KITCHEN VDT-7683NA ダイニングテーブル hag-4858887s1/北欧/送料無料/クーポン/プレゼント/通販/後払い/新生活/オススメ/%off/ジェンコ/【RCP】/北欧/モダン/インテリア/ナチュラル/テイスト/ダイニング/ナチュラルテイスト：家具・インテリアのジェンコ,通信販売通販ショッピングオンラインショッピング買い物プレゼントギフト贈り物贈答品お中元お歳暮お買い得家具インテリア北欧送料無料デザイナーズソファベッドラックごみ箱アンティークチェアおしゃれコルビジェイームズイサムノグチ激安モダンミッドセンチュリーナチュラルテイスト無垢KITCHEN VDT-7683NA ダイニングテーブル hag-4858887s1/北欧/送料無料/クーポン/プレゼント/通販/後払い/新生活/オススメ/%off/ジェンコ/【RCP】/北欧/モダン/インテリア/ナチュラル/テイスト/ダイニング/ナチュラルテイスト,/ダイニングテーブル/伸縮/低め/丸/ダイニング/食卓/木製/無垢/。KITCHEN VDT-7683NA ダイニングテーブル hag-4858887s1/北欧/送料無料/クーポン/プレゼント/通販/後払い/新生活/オススメ/%off/ジェンコ/【RCP】/北欧/モダン/インテリア/ナチュラル/テイスト/ダイニング/ナチュラルテイスト[rn]
20-117679,http://tshop.r10s.jp/auc-genco/cabinet/i2/230/ge-oth-ng-t-00356.jpg?fitin=700:700,18873.6000,,インテリア・寝具・収納 > テーブル > ダイニングテーブル > 木製,モティ ダイニングテーブル ブラウン az-rto-747tbr/北欧/送料無料/クーポン/プレゼント/通販/後払い/新生活/オススメ/%off/ジェンコ/【RCP】/北欧/モダン/インテリア/ナチュラル/テイスト/ダイニング/ナチュラルテイスト,,"<img src=""http://image.rakuten.co.jp/auc-genco/cabinet/i2/230/ge-oth-ng-t-00356.jpg"" width=""100%"" /><br /><img src=""http://image.rakuten.co.jp/auc-genco/cabinet/i2/230/ge-oth-ng-t-00356_1.jpg"" width=""100%"" /><br /><br><br>[サイズ]W 100 X D 100 X H 65（ｃｍ）<br>[素材・仕様]天然木（アッシュ）　天然木化粧繊維板（アッシュ）　ウレタン塗装<br />組立<br>[重量]24.9キロ<br>[生産国]中国<br>[備考]全国一律無料<br /><br />(北海道は別途見積もり　 沖縄・離島は配達不可)<br />※お急ぎの場合は必ず事前に在庫確認を行って下さい。<br />※欠品中の場合は次回入荷後の発送になります。<br />※メーカー倉庫より直送になります。<br><br>※ご注文タイミングやご注文内容によっては、購入履歴からのご注文の修正を受け付けることができない場合がございます。<br><br><table width=""100%""><tr><td><p>他の「テーブル」を見る</p></td></tr></table><table width=""100%""><tr><td><p>他の「ダイニングテーブル」を見る</p></td></tr></table><BR><BR>検索用ワード<table width=""100%"" border=""1""><tr><td ><font color=""#EEE8AA"" size=""-2"">-テーブル- -ダイニングテーブル-   テーブル テーブルクロス テーブル 脚 パーツ 折りたたみ 北欧 木製 テーブルランナー ビニール 撥水 テーブル脚 透明 テーブルセット 高さ調節 ガラス チェア セット 昇降式 高さ60cm 白 高さ 調整 アウトドア アイアン アンティーク 赤 金具 角枠 椅子 ウォールナット 円形 おしゃれ 子供 折り畳み 一人用 奥行30cm 猫足 ロー かわいい 角 ガード カウンター 完成品 カフェ 可愛い カバー キャスター 木 キャンプ キッズ キッチン クロス ウェイト クッション クリップ ケルト こたつ 収納 昇降 伸縮 120 正方形 ソファ 高さ70cm 高さ40 高さ55cm 高さ調整 棚 高さ80cm 高さ70 高さ50cm 小さい 天板 天板のみ 透明マット カット 猫脚 の 幅60 丸 ライト lia ガス圧式 ガス コンロ ジオ ダイニング 5 90 楕円 デスク ドレッサー バッグハンガー ビーンズ ブラック パソコン ピンク ピクニック フック 二人 引き出し ホワイト 姫 一人暮らし 一人 ミニ 無垢 ロータイプ リビング ろくろ脚 60 40 120ct 150 折り 180 1800 1200×450 3点セット 60×60 60cm 75 70 90×60 ダイニングテーブル ダイニングテーブルセット 5点セット ベンチ 低め 6人掛け 丸テーブル アウトレット アジアン アーク イザベラ5点 イタリア製 イケア イームズ インテリア モダン リック 円卓 オーク 回転イス 黒 コンパクト サロモーネ 幅135cm ブラウン 伸長式 伸長 シート スチール emo 65cm 単品 ナチュラル 半円 幅120 幅140 幅180 マット 丸3点セット 4点セット パイン 二人用 変形 l字型 一枚板 無垢材 ヴィンテージ 160 180cm 120cm 140 150cm 100 2人 200cm 2人用 3点 4人 5点 6人 660 7点セット 幅200 8人掛け 80 </font></td></tr></table>",モティ ダイニングテーブル ブラウン az-rto-747tbr/北欧/送料無料/クーポン/プレゼント/通販/後払い/新生活/オススメ/%off/ジェンコ/【RCP】/北欧/モダン/インテリア/ナチュラル/テイスト/ダイニング/ナチュラルテイスト：家具・インテリアのジェンコ,通信販売通販ショッピングオンラインショッピング買い物プレゼントギフト贈り物贈答品お中元お歳暮お買い得家具インテリア北欧送料無料デザイナーズソファベッドラックごみ箱アンティークチェアおしゃれコルビジェイームズイサムノグチ激安モダンミッドセンチュリーナチュラルテイスト無垢モティ ダイニングテーブル ブラウン az-rto-747tbr/北欧/送料無料/クーポン/プレゼント/通販/後払い/新生活/オススメ/%off/ジェンコ/【RCP】/北欧/モダン/インテリア/ナチュラル/テイスト/ダイニング/ナチュラルテイスト,/ダイニングテーブル/伸縮/低め/丸/ダイニング/食卓/木製/無垢/。モティ ダイニングテーブル ブラウン az-rto-747tbr/北欧/送料無料/クーポン/プレゼント/通販/後払い/新生活/オススメ/%off/ジェンコ/【RCP】/北欧/モダン/インテリア/ナチュラル/テイスト/ダイニング/ナチュラルテイスト[rn]
20-117680,http://tshop.r10s.jp/auc-genco/cabinet/i2/221/ge-oth-ng-t-00308.jpg?fitin=700:700,22132.8000,,インテリア・寝具・収納 > テーブル > ダイニングテーブル > 木製,KITCHEN VDT-7955DBR バタフライテーブル hag-4858890s1/北欧/送料無料/クーポン/プレゼント/通販/後払い/新生活/オススメ/%off/ジェンコ/【RCP】/北欧/モダン/インテリア/ナチュラル/テイスト/ダイニング/ナチュラルテイスト,,"<img src=""http://image.rakuten.co.jp/auc-genco/cabinet/i2/221/ge-oth-ng-t-00308.jpg"" width=""100%"" /><br /><img src=""http://image.rakuten.co.jp/auc-genco/cabinet/i2/221/ge-oth-ng-t-00308_1.jpg"" width=""100%"" /><br /><img src=""http://image.rakuten.co.jp/auc-genco/cabinet/i2/221/ge-oth-ng-t-00308_2.jpg"" width=""100%"" /><br /><img src=""http://image.rakuten.co.jp/auc-genco/cabinet/i2/221/ge-oth-ng-t-00308_3.jpg"" width=""100%"" /><br /><img src=""http://image.rakuten.co.jp/auc-genco/cabinet/i2/221/ge-oth-ng-t-00308_4.jpg"" width=""100%"" /><br /><br><br>[サイズ]■ 本体：（約）幅125（32）×奥行80×高さ72cm<br />■ キャスター付<br>[素材]本体：ラバーウッド　天板：ラバーウッド突板<br>[送料]全国一律無料<br />(北海道は別途見積もり　 沖縄・離島は配達不可)<br>[商品説明]折りたたんでコンパクト、広げて広々。用途で机の広さを使い分けられる人気のバタフライテーブル。<br>[備考]※お急ぎの場合は必ず事前に在庫確認を行って下さい。<br />※メーカー倉庫より直送になります。<br><br>※ご注文タイミングやご注文内容によっては、購入履歴からのご注文の修正を受け付けることができない場合がございます。<br><br><table width=""100%""><tr><td><p>他の「テーブル」を見る</p></td></tr></table><table width=""100%""><tr><td><p>他の「ダイニングテーブル」を見る</p></td></tr></table><BR><BR>検索用ワード<table width=""100%"" border=""1""><tr><td ><font color=""#EEE8AA"" size=""-2"">-テーブル- -ダイニングテーブル-   テーブル テーブルクロス テーブル 脚 パーツ 折りたたみ 北欧 木製 テーブルランナー ビニール 撥水 テーブル脚 透明 テーブルセット 高さ調節 ガラス チェア セット 昇降式 高さ60cm 白 高さ 調整 アウトドア アイアン アンティーク 赤 金具 角枠 椅子 ウォールナット 円形 おしゃれ 子供 折り畳み 一人用 奥行30cm 猫足 ロー かわいい 角 ガード カウンター 完成品 カフェ 可愛い カバー キャスター 木 キャンプ キッズ キッチン クロス ウェイト クッション クリップ ケルト こたつ 収納 昇降 伸縮 120 正方形 ソファ 高さ70cm 高さ40 高さ55cm 高さ調整 棚 高さ80cm 高さ70 高さ50cm 小さい 天板 天板のみ 透明マット カット 猫脚 の 幅60 丸 ライト lia ガス圧式 ガス コンロ ジオ ダイニング 5 90 楕円 デスク ドレッサー バッグハンガー ビーンズ ブラック パソコン ピンク ピクニック フック 二人 引き出し ホワイト 姫 一人暮らし 一人 ミニ 無垢 ロータイプ リビング ろくろ脚 60 40 120ct 150 折り 180 1800 1200×450 3点セット 60×60 60cm 75 70 90×60 ダイニングテーブル ダイニングテーブルセット 5点セット ベンチ 低め 6人掛け 丸テーブル アウトレット アジアン アーク イザベラ5点 イタリア製 イケア イームズ インテリア モダン リック 円卓 オーク 回転イス 黒 コンパクト サロモーネ 幅135cm ブラウン 伸長式 伸長 シート スチール emo 65cm 単品 ナチュラル 半円 幅120 幅140 幅180 マット 丸3点セット 4点セット パイン 二人用 変形 l字型 一枚板 無垢材 ヴィンテージ 160 180cm 120cm 140 150cm 100 2人 200cm 2人用 3点 4人 5点 6人 660 7点セット 幅200 8人掛け 80 </font></td></tr></table>",KITCHEN VDT-7955DBR バタフライテーブル hag-4858890s1/北欧/送料無料/クーポン/プレゼント/通販/後払い/新生活/オススメ/%off/ジェンコ/【RCP】/北欧/モダン/インテリア/ナチュラル/テイスト/ダイニング/ナチュラルテイスト：家具・インテリアのジェンコ,通信販売通販ショッピングオンラインショッピング買い物プレゼントギフト贈り物贈答品お中元お歳暮お買い得家具インテリア北欧送料無料デザイナーズソファベッドラックごみ箱アンティークチェアおしゃれコルビジェイームズイサムノグチ激安モダンミッドセンチュリーナチュラルテイスト無垢KITCHEN VDT-7955DBR バタフライテーブル hag-4858890s1/北欧/送料無料/クーポン/プレゼント/通販/後払い/新生活/オススメ/%off/ジェンコ/【RCP】/北欧/モダン/インテリア/ナチュラル/テイスト/ダイニング/ナチュラルテイスト,/ダイニングテーブル/伸縮/低め/丸/ダイニング/食卓/木製/無垢/。KITCHEN VDT-7955DBR バタフライテーブル hag-4858890s1/北欧/送料無料/クーポン/プレゼント/通販/後払い/新生活/オススメ/%off/ジェンコ/【RCP】/北欧/モダン/インテリア/ナチュラル/テイスト/ダイニング/ナチュラルテイスト[rn]
20-117681,http://tshop.r10s.jp/auc-genco/cabinet/i2/221/ge-oth-ng-t-00309.jpg?fitin=700:700,22132.8000,,インテリア・寝具・収納 > テーブル > ダイニングテーブル > 木製,KITCHEN VDT-7955NA バタフライテーブル hag-4858891s1/北欧/送料無料/クーポン/プレゼント/通販/後払い/新生活/オススメ/%off/ジェンコ/【RCP】/北欧/モダン/インテリア/ナチュラル/テイスト/ダイニング/ナチュラルテイスト,,"<img src=""http://image.rakuten.co.jp/auc-genco/cabinet/i2/221/ge-oth-ng-t-00309.jpg"" width=""100%"" /><br /><img src=""http://image.rakuten.co.jp/auc-genco/cabinet/i2/221/ge-oth-ng-t-00309_1.jpg"" width=""100%"" /><br /><img src=""http://image.rakuten.co.jp/auc-genco/cabinet/i2/221/ge-oth-ng-t-00309_2.jpg"" width=""100%"" /><br /><img src=""http://image.rakuten.co.jp/auc-genco/cabinet/i2/221/ge-oth-ng-t-00309_3.jpg"" width=""100%"" /><br /><img src=""http://image.rakuten.co.jp/auc-genco/cabinet/i2/221/ge-oth-ng-t-00309_4.jpg"" width=""100%"" /><br /><br><br>[サイズ]■ 本体：（約）幅125（32）×奥行80×高さ72cm<br />■ キャスター付<br>[素材]本体：ラバーウッド　天板：オーク突板<br>[送料]全国一律無料<br />(北海道は別途見積もり　 沖縄・離島は配達不可)<br>[商品説明]折りたたんでコンパクト、広げて広々。用途で机の広さを使い分けられる人気のバタフライテーブル。<br>[備考]※お急ぎの場合は必ず事前に在庫確認を行って下さい。<br />※メーカー倉庫より直送になります。<br><br>※ご注文タイミングやご注文内容によっては、購入履歴からのご注文の修正を受け付けることができない場合がございます。<br><br><table width=""100%""><tr><td><p>他の「テーブル」を見る</p></td></tr></table><table width=""100%""><tr><td><p>他の「ダイニングテーブル」を見る</p></td></tr></table><BR><BR>検索用ワード<table width=""100%"" border=""1""><tr><td ><font color=""#EEE8AA"" size=""-2"">-テーブル- -ダイニングテーブル-   テーブル テーブルクロス テーブル 脚 パーツ 折りたたみ 北欧 木製 テーブルランナー ビニール 撥水 テーブル脚 透明 テーブルセット 高さ調節 ガラス チェア セット 昇降式 高さ60cm 白 高さ 調整 アウトドア アイアン アンティーク 赤 金具 角枠 椅子 ウォールナット 円形 おしゃれ 子供 折り畳み 一人用 奥行30cm 猫足 ロー かわいい 角 ガード カウンター 完成品 カフェ 可愛い カバー キャスター 木 キャンプ キッズ キッチン クロス ウェイト クッション クリップ ケルト こたつ 収納 昇降 伸縮 120 正方形 ソファ 高さ70cm 高さ40 高さ55cm 高さ調整 棚 高さ80cm 高さ70 高さ50cm 小さい 天板 天板のみ 透明マット カット 猫脚 の 幅60 丸 ライト lia ガス圧式 ガス コンロ ジオ ダイニング 5 90 楕円 デスク ドレッサー バッグハンガー ビーンズ ブラック パソコン ピンク ピクニック フック 二人 引き出し ホワイト 姫 一人暮らし 一人 ミニ 無垢 ロータイプ リビング ろくろ脚 60 40 120ct 150 折り 180 1800 1200×450 3点セット 60×60 60cm 75 70 90×60 ダイニングテーブル ダイニングテーブルセット 5点セット ベンチ 低め 6人掛け 丸テーブル アウトレット アジアン アーク イザベラ5点 イタリア製 イケア イームズ インテリア モダン リック 円卓 オーク 回転イス 黒 コンパクト サロモーネ 幅135cm ブラウン 伸長式 伸長 シート スチール emo 65cm 単品 ナチュラル 半円 幅120 幅140 幅180 マット 丸3点セット 4点セット パイン 二人用 変形 l字型 一枚板 無垢材 ヴィンテージ 160 180cm 120cm 140 150cm 100 2人 200cm 2人用 3点 4人 5点 6人 660 7点セット 幅200 8人掛け 80 </font></td></tr></table>",KITCHEN VDT-7955NA バタフライテーブル hag-4858891s1/北欧/送料無料/クーポン/プレゼント/通販/後払い/新生活/オススメ/%off/ジェンコ/【RCP】/北欧/モダン/インテリア/ナチュラル/テイスト/ダイニング/ナチュラルテイスト：家具・インテリアのジェンコ,通信販売通販ショッピングオンラインショッピング買い物プレゼントギフト贈り物贈答品お中元お歳暮お買い得家具インテリア北欧送料無料デザイナーズソファベッドラックごみ箱アンティークチェアおしゃれコルビジェイームズイサムノグチ激安モダンミッドセンチュリーナチュラルテイスト無垢KITCHEN VDT-7955NA バタフライテーブル hag-4858891s1/北欧/送料無料/クーポン/プレゼント/通販/後払い/新生活/オススメ/%off/ジェンコ/【RCP】/北欧/モダン/インテリア/ナチュラル/テイスト/ダイニング/ナチュラルテイスト,/ダイニングテーブル/伸縮/低め/丸/ダイニング/食卓/木製/無垢/。KITCHEN VDT-7955NA バタフライテーブル hag-4858891s1/北欧/送料無料/クーポン/プレゼント/通販/後払い/新生活/オススメ/%off/ジェンコ/【RCP】/北欧/モダン/インテリア/ナチュラル/テイスト/ダイニング/ナチュラルテイスト[rn]
20-117682,http://tshop.r10s.jp/auc-genco/cabinet/i2/230/ge-oth-ng-t-00327.jpg?fitin=700:700,26948.0000,,インテリア・寝具・収納 > テーブル > ダイニングテーブル > 木製,エクステンションダイニングテーブル ウォールナット az-nyt-765wal/北欧/送料無料/クーポン/プレゼント/通販/後払い/新生活/オススメ/%off/ジェンコ/【RCP】/北欧/モダン/インテリア/ナチュラル/テイスト/ダイニング/ナチュラルテイスト,,"<img src=""http://image.rakuten.co.jp/auc-genco/cabinet/i2/230/ge-oth-ng-t-00327.jpg"" width=""100%"" /><br /><img src=""http://image.rakuten.co.jp/auc-genco/cabinet/i2/230/ge-oth-ng-t-00327_1.jpg"" width=""100%"" /><br /><br><br>[サイズ]W 120/165 X D 75 X H 72（ｃｍ）<br>[素材・仕様]天然木　天然木化粧繊維板（ウォルナット）　ウレタン塗装<br />組立<br>[生産国]中国<br>[備考]全国一律無料<br /><br />(北海道は別途見積もり　 沖縄・離島は配達不可)<br />※お急ぎの場合は必ず事前に在庫確認を行って下さい。<br />※欠品中の場合は次回入荷後の発送になります。<br />※メーカー倉庫より直送になります。<br><br>※ご注文タイミングやご注文内容によっては、購入履歴からのご注文の修正を受け付けることができない場合がございます。<br><br><table width=""100%""><tr><td><p>他の「テーブル」を見る</p></td></tr></table><table width=""100%""><tr><td><p>他の「ダイニングテーブル」を見る</p></td></tr></table><BR><BR>検索用ワード<table width=""100%"" border=""1""><tr><td ><font color=""#EEE8AA"" size=""-2"">-テーブル- -ダイニングテーブル-   テーブル テーブルクロス テーブル 脚 パーツ 折りたたみ 北欧 木製 テーブルランナー ビニール 撥水 テーブル脚 透明 テーブルセット 高さ調節 ガラス チェア セット 昇降式 高さ60cm 白 高さ 調整 アウトドア アイアン アンティーク 赤 金具 角枠 椅子 ウォールナット 円形 おしゃれ 子供 折り畳み 一人用 奥行30cm 猫足 ロー かわいい 角 ガード カウンター 完成品 カフェ 可愛い カバー キャスター 木 キャンプ キッズ キッチン クロス ウェイト クッション クリップ ケルト こたつ 収納 昇降 伸縮 120 正方形 ソファ 高さ70cm 高さ40 高さ55cm 高さ調整 棚 高さ80cm 高さ70 高さ50cm 小さい 天板 天板のみ 透明マット カット 猫脚 の 幅60 丸 ライト lia ガス圧式 ガス コンロ ジオ ダイニング 5 90 楕円 デスク ドレッサー バッグハンガー ビーンズ ブラック パソコン ピンク ピクニック フック 二人 引き出し ホワイト 姫 一人暮らし 一人 ミニ 無垢 ロータイプ リビング ろくろ脚 60 40 120ct 150 折り 180 1800 1200×450 3点セット 60×60 60cm 75 70 90×60 ダイニングテーブル ダイニングテーブルセット 5点セット ベンチ 低め 6人掛け 丸テーブル アウトレット アジアン アーク イザベラ5点 イタリア製 イケア イームズ インテリア モダン リック 円卓 オーク 回転イス 黒 コンパクト サロモーネ 幅135cm ブラウン 伸長式 伸長 シート スチール emo 65cm 単品 ナチュラル 半円 幅120 幅140 幅180 マット 丸3点セット 4点セット パイン 二人用 変形 l字型 一枚板 無垢材 ヴィンテージ 160 180cm 120cm 140 150cm 100 2人 200cm 2人用 3点 4人 5点 6人 660 7点セット 幅200 8人掛け 80 </font></td></tr></table>",エクステンションダイニングテーブル ウォールナット az-nyt-765wal/北欧/送料無料/クーポン/プレゼント/通販/後払い/新生活/オススメ/%off/ジェンコ/【RCP】/北欧/モダン/インテリア/ナチュラル/テイスト/ダイニング/ナチュラルテイスト：家具・インテリアのジェンコ,通信販売通販ショッピングオンラインショッピング買い物プレゼントギフト贈り物贈答品お中元お歳暮お買い得家具インテリア北欧送料無料デザイナーズソファベッドラックごみ箱アンティークチェアおしゃれコルビジェイームズイサムノグチ激安モダンミッドセンチュリーナチュラルテイスト無垢エクステンションダイニングテーブル ウォールナット az-nyt-765wal/北欧/送料無料/クーポン/プレゼント/通販/後払い/新生活/オススメ/%off/ジェンコ/【RCP】/北欧/モダン/インテリア/ナチュラル/テイスト/ダイニング/ナチュラルテイスト,/ダイニングテーブル/伸縮/低め/丸/ダイニング/食卓/木製/無垢/。エクステンションダイニングテーブル ウォールナット az-nyt-765wal/北欧/送料無料/クーポン/プレゼント/通販/後払い/新生活/オススメ/%off/ジェンコ/【RCP】/北欧/モダン/インテリア/ナチュラル/テイスト/ダイニング/ナチュラルテイスト[rn]
20-117683,http://tshop.r10s.jp/auc-genco/cabinet/i2/229/ge-oth-ng-t-00315.jpg?fitin=700:700,16873.6000,,インテリア・寝具・収納 > テーブル > ダイニングテーブル > 木製,アイアン ダイニングテーブル ダークブラウン az-nw-113dbr/北欧/送料無料/クーポン/プレゼント/通販/後払い/新生活/オススメ/%off/ジェンコ/【RCP】/北欧/モダン/インテリア/ナチュラル/テイスト/ダイニング/ナチュラルテイスト,,"<img src=""http://image.rakuten.co.jp/auc-genco/cabinet/i2/229/ge-oth-ng-t-00315.jpg"" width=""100%"" /><br /><img src=""http://image.rakuten.co.jp/auc-genco/cabinet/i2/229/ge-oth-ng-t-00315_1.jpg"" width=""100%"" /><br /><img src=""http://image.rakuten.co.jp/auc-genco/cabinet/i2/229/ge-oth-ng-t-00315_2.jpg"" width=""100%"" /><br /><br><br>[サイズ]W120xD70xH70（ｃｍ）<br>[素材・仕様]天然木(マホガニー)　ラッカー塗装　アイアン(粉体塗装) <br />組立て<br>[生産国]ベトナム<br>[備考]全国一律無料<br /><br />(北海道は別途見積もり　 沖縄・離島は配達不可)<br />※お急ぎの場合は必ず事前に在庫確認を行って下さい。<br />※欠品中の場合は次回入荷後の発送になります。<br />※メーカー倉庫より直送になります。<br><br>※ご注文タイミングやご注文内容によっては、購入履歴からのご注文の修正を受け付けることができない場合がございます。<br><br><table width=""100%""><tr><td><p>他の「テーブル」を見る</p></td></tr></table><table width=""100%""><tr><td><p>他の「ダイニングテーブル」を見る</p></td></tr></table><BR><BR>検索用ワード<table width=""100%"" border=""1""><tr><td ><font color=""#EEE8AA"" size=""-2"">-テーブル- -ダイニングテーブル-   テーブル テーブルクロス テーブル 脚 パーツ 折りたたみ 北欧 木製 テーブルランナー ビニール 撥水 テーブル脚 透明 テーブルセット 高さ調節 ガラス チェア セット 昇降式 高さ60cm 白 高さ 調整 アウトドア アイアン アンティーク 赤 金具 角枠 椅子 ウォールナット 円形 おしゃれ 子供 折り畳み 一人用 奥行30cm 猫足 ロー かわいい 角 ガード カウンター 完成品 カフェ 可愛い カバー キャスター 木 キャンプ キッズ キッチン クロス ウェイト クッション クリップ ケルト こたつ 収納 昇降 伸縮 120 正方形 ソファ 高さ70cm 高さ40 高さ55cm 高さ調整 棚 高さ80cm 高さ70 高さ50cm 小さい 天板 天板のみ 透明マット カット 猫脚 の 幅60 丸 ライト lia ガス圧式 ガス コンロ ジオ ダイニング 5 90 楕円 デスク ドレッサー バッグハンガー ビーンズ ブラック パソコン ピンク ピクニック フック 二人 引き出し ホワイト 姫 一人暮らし 一人 ミニ 無垢 ロータイプ リビング ろくろ脚 60 40 120ct 150 折り 180 1800 1200×450 3点セット 60×60 60cm 75 70 90×60 ダイニングテーブル ダイニングテーブルセット 5点セット ベンチ 低め 6人掛け 丸テーブル アウトレット アジアン アーク イザベラ5点 イタリア製 イケア イームズ インテリア モダン リック 円卓 オーク 回転イス 黒 コンパクト サロモーネ 幅135cm ブラウン 伸長式 伸長 シート スチール emo 65cm 単品 ナチュラル 半円 幅120 幅140 幅180 マット 丸3点セット 4点セット パイン 二人用 変形 l字型 一枚板 無垢材 ヴィンテージ 160 180cm 120cm 140 150cm 100 2人 200cm 2人用 3点 4人 5点 6人 660 7点セット 幅200 8人掛け 80 </font></td></tr></table>",アイアン ダイニングテーブル ダークブラウン az-nw-113dbr/北欧/送料無料/クーポン/プレゼント/通販/後払い/新生活/オススメ/%off/ジェンコ/【RCP】/北欧/モダン/インテリア/ナチュラル/テイスト/ダイニング/ナチュラルテイスト：家具・インテリアのジェンコ,通信販売通販ショッピングオンラインショッピング買い物プレゼントギフト贈り物贈答品お中元お歳暮お買い得家具インテリア北欧送料無料デザイナーズソファベッドラックごみ箱アンティークチェアおしゃれコルビジェイームズイサムノグチ激安モダンミッドセンチュリーナチュラルテイスト無垢アイアン ダイニングテーブル ダークブラウン az-nw-113dbr/北欧/送料無料/クーポン/プレゼント/通販/後払い/新生活/オススメ/%off/ジェンコ/【RCP】/北欧/モダン/インテリア/ナチュラル/テイスト/ダイニング/ナチュラルテイスト,/ダイニングテーブル/伸縮/低め/丸/ダイニング/食卓/木製/無垢/。アイアン ダイニングテーブル ダークブラウン az-nw-113dbr/北欧/送料無料/クーポン/プレゼント/通販/後払い/新生活/オススメ/%off/ジェンコ/【RCP】/北欧/モダン/インテリア/ナチュラル/テイスト/ダイニング/ナチュラルテイスト[rn]
20-117684,http://tshop.r10s.jp/auc-genco/cabinet/i2/219/ge-oth-ng-t-00281.jpg?fitin=700:700,7762.4000,,インテリア・寝具・収納 > テーブル > ダイニングテーブル > 木製,引き出し付 ダイニングテーブル 115×75幅 sk-vgl21/北欧/送料無料/クーポン/プレゼント/通販/後払い/新生活/オススメ/%off/ジェンコ/【RCP】/北欧/モダン/インテリア/ナチュラル/テイスト/ダイニング/ナチュラルテイスト,,"<img src=""http://image.rakuten.co.jp/auc-genco/cabinet/i2/219/ge-oth-ng-t-00281.jpg"" width=""100%"" /><br /><img src=""http://image.rakuten.co.jp/auc-genco/cabinet/i2/219/ge-oth-ng-t-00281_1.jpg"" width=""100%"" /><br /><img src=""http://image.rakuten.co.jp/auc-genco/cabinet/i2/219/ge-oth-ng-t-00281_2.jpg"" width=""100%"" /><br /><img src=""http://image.rakuten.co.jp/auc-genco/cabinet/i2/219/ge-oth-ng-t-00281_3.jpg"" width=""100%"" /><br /><img src=""http://image.rakuten.co.jp/auc-genco/cabinet/i2/219/ge-oth-ng-t-00281_4.jpg"" width=""100%"" /><br /><img src=""http://image.rakuten.co.jp/auc-genco/cabinet/i2/219/ge-oth-ng-t-00281_5.jpg"" width=""100%"" /><br /><img src=""http://image.rakuten.co.jp/auc-genco/cabinet/i2/219/ge-oth-ng-t-00281_6.jpg"" width=""100%"" /><br /><img src=""http://image.rakuten.co.jp/auc-genco/cabinet/i2/219/ge-oth-ng-t-00281_7.jpg"" width=""100%"" /><br /><br><br>[サイズ]W1150xD750xH690mm（梱包サイズ：W1200xD810xH115mm）<br />天板の厚み：約18mm<br />本体重量：23.3kg（梱包重量：25.6kg）<br />組立式（約15分/付属の六角レンチにて組立）1梱包<br>[素材・仕様]天板：天然木化粧繊維板（ポリウレタン樹脂塗装）脚：天然木ラバーウッド（ポリウレタン樹脂塗装）アジャスター付<br>[生産国]ベトナム<br>[送料]全国一律無料<br />（北海道は別途見積もり　沖縄、その他離島は配達不可）<br />※こちらの商品沖縄県への配送が不可となります。<br>[備考]※お急ぎの場合は必ず事前に在庫確認を行って下さい。<br />※メーカー倉庫より直送になります。<br><br>※ご注文タイミングやご注文内容によっては、購入履歴からのご注文の修正を受け付けることができない場合がございます。<br><br><table width=""100%""><tr><td><p>他の「テーブル」を見る</p></td></tr></table><table width=""100%""><tr><td><p>他の「ダイニングテーブル」を見る</p></td></tr></table><BR><BR>検索用ワード<table width=""100%"" border=""1""><tr><td ><font color=""#EEE8AA"" size=""-2"">-テーブル- -ダイニングテーブル-   テーブル テーブルクロス テーブル 脚 パーツ 折りたたみ 北欧 木製 テーブルランナー ビニール 撥水 テーブル脚 透明 テーブルセット 高さ調節 ガラス チェア セット 昇降式 高さ60cm 白 高さ 調整 アウトドア アイアン アンティーク 赤 金具 角枠 椅子 ウォールナット 円形 おしゃれ 子供 折り畳み 一人用 奥行30cm 猫足 ロー かわいい 角 ガード カウンター 完成品 カフェ 可愛い カバー キャスター 木 キャンプ キッズ キッチン クロス ウェイト クッション クリップ ケルト こたつ 収納 昇降 伸縮 120 正方形 ソファ 高さ70cm 高さ40 高さ55cm 高さ調整 棚 高さ80cm 高さ70 高さ50cm 小さい 天板 天板のみ 透明マット カット 猫脚 の 幅60 丸 ライト lia ガス圧式 ガス コンロ ジオ ダイニング 5 90 楕円 デスク ドレッサー バッグハンガー ビーンズ ブラック パソコン ピンク ピクニック フック 二人 引き出し ホワイト 姫 一人暮らし 一人 ミニ 無垢 ロータイプ リビング ろくろ脚 60 40 120ct 150 折り 180 1800 1200×450 3点セット 60×60 60cm 75 70 90×60 ダイニングテーブル ダイニングテーブルセット 5点セット ベンチ 低め 6人掛け 丸テーブル アウトレット アジアン アーク イザベラ5点 イタリア製 イケア イームズ インテリア モダン リック 円卓 オーク 回転イス 黒 コンパクト サロモーネ 幅135cm ブラウン 伸長式 伸長 シート スチール emo 65cm 単品 ナチュラル 半円 幅120 幅140 幅180 マット 丸3点セット 4点セット パイン 二人用 変形 l字型 一枚板 無垢材 ヴィンテージ 160 180cm 120cm 140 150cm 100 2人 200cm 2人用 3点 4人 5点 6人 660 7点セット 幅200 8人掛け 80 </font></td></tr></table>",引き出し付 ダイニングテーブル 115&times;75幅 sk-vgl21/北欧/送料無料/クーポン/プレゼント/通販/後払い/新生活/オススメ/%off/ジェンコ/【RCP】/北欧/モダン/インテリア/ナチュラル/テイスト/ダイニング/ナチュラルテイスト：家具・インテリアのジェンコ,通信販売通販ショッピングオンラインショッピング買い物プレゼントギフト贈り物贈答品お中元お歳暮お買い得家具インテリア北欧送料無料デザイナーズソファベッドラックごみ箱アンティークチェアおしゃれコルビジェイームズイサムノグチ激安モダンミッドセンチュリーナチュラルテイスト無垢引き出し付 ダイニングテーブル 115&times;75幅 sk-vgl21/北欧/送料無料/クーポン/プレゼント/通販/後払い/新生活/オススメ/%off/ジェンコ/【RCP】/北欧/モダン/インテリア/ナチュラル/テイスト/ダイニング/ナチュラルテイスト,/ダイニングテーブル/伸縮/低め/丸/ダイニング/食卓/木製/無垢/。引き出し付 ダイニングテーブル 115&times;75幅 sk-vgl21/北欧/送料無料/クーポン/プレゼント/通販/後払い/新生活/オススメ/%off/ジェンコ/【RCP】/北欧/モダン/インテリア/ナチュラル/テイスト/ダイニング/ナチュラルテイスト[rn]
20-117685,http://tshop.r10s.jp/auc-genco/cabinet/i2/229/ge-oth-ng-t-00320.jpg?fitin=700:700,19688.8000,,インテリア・寝具・収納 > テーブル > ダイニングテーブル > 木製,アイアン ダイニングテーブル ナチュラル az-nw-114na/北欧/送料無料/クーポン/プレゼント/通販/後払い/新生活/オススメ/%off/ジェンコ/【RCP】/北欧/モダン/インテリア/ナチュラル/テイスト/ダイニング/ナチュラルテイスト,,"<img src=""http://image.rakuten.co.jp/auc-genco/cabinet/i2/229/ge-oth-ng-t-00320.jpg"" width=""100%"" /><br /><img src=""http://image.rakuten.co.jp/auc-genco/cabinet/i2/229/ge-oth-ng-t-00320_1.jpg"" width=""100%"" /><br /><img src=""http://image.rakuten.co.jp/auc-genco/cabinet/i2/229/ge-oth-ng-t-00320_2.jpg"" width=""100%"" /><br /><img src=""http://image.rakuten.co.jp/auc-genco/cabinet/i2/229/ge-oth-ng-t-00320_3.jpg"" width=""100%"" /><br /><img src=""http://image.rakuten.co.jp/auc-genco/cabinet/i2/229/ge-oth-ng-t-00320_4.jpg"" width=""100%"" /><br /><img src=""http://image.rakuten.co.jp/auc-genco/cabinet/i2/229/ge-oth-ng-t-00320_5.jpg"" width=""100%"" /><br /><br><br>[サイズ]W150xD75xH70（ｃｍ）<br>[素材・仕様]天然木　ラッカー塗装　アイアン(粉体塗装) <br />組立て<br>[生産国]ベトナム<br>[備考]全国一律無料<br /><br />(北海道は別途見積もり　 沖縄・離島は配達不可)<br />※お急ぎの場合は必ず事前に在庫確認を行って下さい。<br />※欠品中の場合は次回入荷後の発送になります。<br />※メーカー倉庫より直送になります。<br><br>※ご注文タイミングやご注文内容によっては、購入履歴からのご注文の修正を受け付けることができない場合がございます。<br><br><table width=""100%""><tr><td><p>他の「テーブル」を見る</p></td></tr></table><table width=""100%""><tr><td><p>他の「ダイニングテーブル」を見る</p></td></tr></table><BR><BR>検索用ワード<table width=""100%"" border=""1""><tr><td ><font color=""#EEE8AA"" size=""-2"">-テーブル- -ダイニングテーブル-   テーブル テーブルクロス テーブル 脚 パーツ 折りたたみ 北欧 木製 テーブルランナー ビニール 撥水 テーブル脚 透明 テーブルセット 高さ調節 ガラス チェア セット 昇降式 高さ60cm 白 高さ 調整 アウトドア アイアン アンティーク 赤 金具 角枠 椅子 ウォールナット 円形 おしゃれ 子供 折り畳み 一人用 奥行30cm 猫足 ロー かわいい 角 ガード カウンター 完成品 カフェ 可愛い カバー キャスター 木 キャンプ キッズ キッチン クロス ウェイト クッション クリップ ケルト こたつ 収納 昇降 伸縮 120 正方形 ソファ 高さ70cm 高さ40 高さ55cm 高さ調整 棚 高さ80cm 高さ70 高さ50cm 小さい 天板 天板のみ 透明マット カット 猫脚 の 幅60 丸 ライト lia ガス圧式 ガス コンロ ジオ ダイニング 5 90 楕円 デスク ドレッサー バッグハンガー ビーンズ ブラック パソコン ピンク ピクニック フック 二人 引き出し ホワイト 姫 一人暮らし 一人 ミニ 無垢 ロータイプ リビング ろくろ脚 60 40 120ct 150 折り 180 1800 1200×450 3点セット 60×60 60cm 75 70 90×60 ダイニングテーブル ダイニングテーブルセット 5点セット ベンチ 低め 6人掛け 丸テーブル アウトレット アジアン アーク イザベラ5点 イタリア製 イケア イームズ インテリア モダン リック 円卓 オーク 回転イス 黒 コンパクト サロモーネ 幅135cm ブラウン 伸長式 伸長 シート スチール emo 65cm 単品 ナチュラル 半円 幅120 幅140 幅180 マット 丸3点セット 4点セット パイン 二人用 変形 l字型 一枚板 無垢材 ヴィンテージ 160 180cm 120cm 140 150cm 100 2人 200cm 2人用 3点 4人 5点 6人 660 7点セット 幅200 8人掛け 80 </font></td></tr></table>",アイアン ダイニングテーブル ナチュラル az-nw-114na/北欧/送料無料/クーポン/プレゼント/通販/後払い/新生活/オススメ/%off/ジェンコ/【RCP】/北欧/モダン/インテリア/ナチュラル/テイスト/ダイニング/ナチュラルテイスト：家具・インテリアのジェンコ,通信販売通販ショッピングオンラインショッピング買い物プレゼントギフト贈り物贈答品お中元お歳暮お買い得家具インテリア北欧送料無料デザイナーズソファベッドラックごみ箱アンティークチェアおしゃれコルビジェイームズイサムノグチ激安モダンミッドセンチュリーナチュラルテイスト無垢アイアン ダイニングテーブル ナチュラル az-nw-114na/北欧/送料無料/クーポン/プレゼント/通販/後払い/新生活/オススメ/%off/ジェンコ/【RCP】/北欧/モダン/インテリア/ナチュラル/テイスト/ダイニング/ナチュラルテイスト,/ダイニングテーブル/伸縮/低め/丸/ダイニング/食卓/木製/無垢/。アイアン ダイニングテーブル ナチュラル az-nw-114na/北欧/送料無料/クーポン/プレゼント/通販/後払い/新生活/オススメ/%off/ジェンコ/【RCP】/北欧/モダン/インテリア/ナチュラル/テイスト/ダイニング/ナチュラルテイスト[rn]
20-117686,http://tshop.r10s.jp/auc-genco/cabinet/i2/219/ge-oth-ng-t-00295.jpg?fitin=700:700,11614.4000,,インテリア・寝具・収納 > テーブル > ダイニングテーブル > 木製,フリーテーブル 165x80幅 ダイニングテーブル  sk-vtm165/北欧/送料無料/クーポン/プレゼント/通販/後払い/新生活/オススメ/%off/ジェンコ/【RCP】/北欧/モダン/インテリア/ナチュラル/テイスト/ダイニング/ナチュラルテイスト,,"<img src=""http://image.rakuten.co.jp/auc-genco/cabinet/i2/219/ge-oth-ng-t-00295.jpg"" width=""100%"" /><br /><img src=""http://image.rakuten.co.jp/auc-genco/cabinet/i2/219/ge-oth-ng-t-00295_1.jpg"" width=""100%"" /><br /><img src=""http://image.rakuten.co.jp/auc-genco/cabinet/i2/219/ge-oth-ng-t-00295_2.jpg"" width=""100%"" /><br /><img src=""http://image.rakuten.co.jp/auc-genco/cabinet/i2/219/ge-oth-ng-t-00295_3.jpg"" width=""100%"" /><br /><img src=""http://image.rakuten.co.jp/auc-genco/cabinet/i2/219/ge-oth-ng-t-00295_4.jpg"" width=""100%"" /><br /><img src=""http://image.rakuten.co.jp/auc-genco/cabinet/i2/219/ge-oth-ng-t-00295_5.jpg"" width=""100%"" /><br /><br><br>[サイズ]【テーブル】<br />W1650xD800xH700mm（梱包サイズ：W1680xD820xH120mm）<br />天板厚：約20mm<br />本体重量：27.3kg（梱包重量：31.7kg）<br />組立品(約10分前後・付属の六角レンチにて組立)1梱包<br /><br />※テーブル・チェア（2脚入り）は、すべて別売りです。<br>[素材・仕様]テーブル/天板：天然木化粧繊維板(ラッカー塗装)脚：天然木(ラッカー塗装)<br>[生産国]ベトナム<br>[送料]全国一律無料<br />（北海道は別途見積もり　沖縄、その他離島は配達不可）<br />※こちらの商品沖縄県への配送が不可となります。<br>[備考]※お急ぎの場合は必ず事前に在庫確認を行って下さい。<br />※メーカー倉庫より直送になります。<br /><br />※テーブル・チェア（2脚入り）は、すべて別売りです。<br><br>※ご注文タイミングやご注文内容によっては、購入履歴からのご注文の修正を受け付けることができない場合がございます。<br><br><table width=""100%""><tr><td><p>他の「テーブル」を見る</p></td></tr></table><table width=""100%""><tr><td><p>他の「ダイニングテーブル」を見る</p></td></tr></table><BR><BR>検索用ワード<table width=""100%"" border=""1""><tr><td ><font color=""#EEE8AA"" size=""-2"">-テーブル- -ダイニングテーブル-   テーブル テーブルクロス テーブル 脚 パーツ 折りたたみ 北欧 木製 テーブルランナー ビニール 撥水 テーブル脚 透明 テーブルセット 高さ調節 ガラス チェア セット 昇降式 高さ60cm 白 高さ 調整 アウトドア アイアン アンティーク 赤 金具 角枠 椅子 ウォールナット 円形 おしゃれ 子供 折り畳み 一人用 奥行30cm 猫足 ロー かわいい 角 ガード カウンター 完成品 カフェ 可愛い カバー キャスター 木 キャンプ キッズ キッチン クロス ウェイト クッション クリップ ケルト こたつ 収納 昇降 伸縮 120 正方形 ソファ 高さ70cm 高さ40 高さ55cm 高さ調整 棚 高さ80cm 高さ70 高さ50cm 小さい 天板 天板のみ 透明マット カット 猫脚 の 幅60 丸 ライト lia ガス圧式 ガス コンロ ジオ ダイニング 5 90 楕円 デスク ドレッサー バッグハンガー ビーンズ ブラック パソコン ピンク ピクニック フック 二人 引き出し ホワイト 姫 一人暮らし 一人 ミニ 無垢 ロータイプ リビング ろくろ脚 60 40 120ct 150 折り 180 1800 1200×450 3点セット 60×60 60cm 75 70 90×60 ダイニングテーブル ダイニングテーブルセット 5点セット ベンチ 低め 6人掛け 丸テーブル アウトレット アジアン アーク イザベラ5点 イタリア製 イケア イームズ インテリア モダン リック 円卓 オーク 回転イス 黒 コンパクト サロモーネ 幅135cm ブラウン 伸長式 伸長 シート スチール emo 65cm 単品 ナチュラル 半円 幅120 幅140 幅180 マット 丸3点セット 4点セット パイン 二人用 変形 l字型 一枚板 無垢材 ヴィンテージ 160 180cm 120cm 140 150cm 100 2人 200cm 2人用 3点 4人 5点 6人 660 7点セット 幅200 8人掛け 80 </font></td></tr></table>",フリーテーブル 165x80幅 ダイニングテーブル  sk-vtm165/北欧/送料無料/クーポン/プレゼント/通販/後払い/新生活/オススメ/%off/ジェンコ/【RCP】/北欧/モダン/インテリア/ナチュラル/テイスト/ダイニング/ナチュラルテイスト：家具・インテリアのジェンコ,通信販売通販ショッピングオンラインショッピング買い物プレゼントギフト贈り物贈答品お中元お歳暮お買い得家具インテリア北欧送料無料デザイナーズソファベッドラックごみ箱アンティークチェアおしゃれコルビジェイームズイサムノグチ激安モダンミッドセンチュリーナチュラルテイスト無垢フリーテーブル 165x80幅 ダイニングテーブル  sk-vtm165/北欧/送料無料/クーポン/プレゼント/通販/後払い/新生活/オススメ/%off/ジェンコ/【RCP】/北欧/モダン/インテリア/ナチュラル/テイスト/ダイニング/ナチュラルテイスト,/ダイニングテーブル/伸縮/低め/丸/ダイニング/食卓/木製/無垢/。フリーテーブル 165x80幅 ダイニングテーブル  sk-vtm165/北欧/送料無料/クーポン/プレゼント/通販/後払い/新生活/オススメ/%off/ジェンコ/【RCP】/北欧/モダン/インテリア/ナチュラル/テイスト/ダイニング/ナチュラルテイスト[rn]
20-117687,http://tshop.r10s.jp/auc-genco/cabinet/i2/230/ge-oth-ng-t-00328.jpg?fitin=700:700,21688.8000,,インテリア・寝具・収納 > テーブル > ダイニングテーブル > 木製,エコモ ダイニングテーブル ナチュラル az-hot-153na/北欧/送料無料/クーポン/プレゼント/通販/後払い/新生活/オススメ/%off/ジェンコ/【RCP】/北欧/モダン/インテリア/ナチュラル/テイスト/ダイニング/ナチュラルテイスト,,"<img src=""http://image.rakuten.co.jp/auc-genco/cabinet/i2/230/ge-oth-ng-t-00328.jpg"" width=""100%"" /><br /><img src=""http://image.rakuten.co.jp/auc-genco/cabinet/i2/230/ge-oth-ng-t-00328_1.jpg"" width=""100%"" /><br /><img src=""http://image.rakuten.co.jp/auc-genco/cabinet/i2/230/ge-oth-ng-t-00328_2.jpg"" width=""100%"" /><br /><br><br>[サイズ]W 120 X D 75 X H 68（ｃｍ）<br>[素材・仕様]天然木（アッシュ）　天然木化粧繊維板（アッシュ）　ウレタン塗装<br />組立<br>[重量]38キロ<br>[生産国]中国<br>[備考]全国一律無料<br /><br />(北海道は別途見積もり　 沖縄・離島は配達不可)<br />※お急ぎの場合は必ず事前に在庫確認を行って下さい。<br />※欠品中の場合は次回入荷後の発送になります。<br />※メーカー倉庫より直送になります。<br><br>※ご注文タイミングやご注文内容によっては、購入履歴からのご注文の修正を受け付けることができない場合がございます。<br><br><table width=""100%""><tr><td><p>他の「テーブル」を見る</p></td></tr></table><table width=""100%""><tr><td><p>他の「ダイニングテーブル」を見る</p></td></tr></table><BR><BR>検索用ワード<table width=""100%"" border=""1""><tr><td ><font color=""#EEE8AA"" size=""-2"">-テーブル- -ダイニングテーブル-   テーブル テーブルクロス テーブル 脚 パーツ 折りたたみ 北欧 木製 テーブルランナー ビニール 撥水 テーブル脚 透明 テーブルセット 高さ調節 ガラス チェア セット 昇降式 高さ60cm 白 高さ 調整 アウトドア アイアン アンティーク 赤 金具 角枠 椅子 ウォールナット 円形 おしゃれ 子供 折り畳み 一人用 奥行30cm 猫足 ロー かわいい 角 ガード カウンター 完成品 カフェ 可愛い カバー キャスター 木 キャンプ キッズ キッチン クロス ウェイト クッション クリップ ケルト こたつ 収納 昇降 伸縮 120 正方形 ソファ 高さ70cm 高さ40 高さ55cm 高さ調整 棚 高さ80cm 高さ70 高さ50cm 小さい 天板 天板のみ 透明マット カット 猫脚 の 幅60 丸 ライト lia ガス圧式 ガス コンロ ジオ ダイニング 5 90 楕円 デスク ドレッサー バッグハンガー ビーンズ ブラック パソコン ピンク ピクニック フック 二人 引き出し ホワイト 姫 一人暮らし 一人 ミニ 無垢 ロータイプ リビング ろくろ脚 60 40 120ct 150 折り 180 1800 1200×450 3点セット 60×60 60cm 75 70 90×60 ダイニングテーブル ダイニングテーブルセット 5点セット ベンチ 低め 6人掛け 丸テーブル アウトレット アジアン アーク イザベラ5点 イタリア製 イケア イームズ インテリア モダン リック 円卓 オーク 回転イス 黒 コンパクト サロモーネ 幅135cm ブラウン 伸長式 伸長 シート スチール emo 65cm 単品 ナチュラル 半円 幅120 幅140 幅180 マット 丸3点セット 4点セット パイン 二人用 変形 l字型 一枚板 無垢材 ヴィンテージ 160 180cm 120cm 140 150cm 100 2人 200cm 2人用 3点 4人 5点 6人 660 7点セット 幅200 8人掛け 80 </font></td></tr></table>",エコモ ダイニングテーブル ナチュラル az-hot-153na/北欧/送料無料/クーポン/プレゼント/通販/後払い/新生活/オススメ/%off/ジェンコ/【RCP】/北欧/モダン/インテリア/ナチュラル/テイスト/ダイニング/ナチュラルテイスト：家具・インテリアのジェンコ,通信販売通販ショッピングオンラインショッピング買い物プレゼントギフト贈り物贈答品お中元お歳暮お買い得家具インテリア北欧送料無料デザイナーズソファベッドラックごみ箱アンティークチェアおしゃれコルビジェイームズイサムノグチ激安モダンミッドセンチュリーナチュラルテイスト無垢エコモ ダイニングテーブル ナチュラル az-hot-153na/北欧/送料無料/クーポン/プレゼント/通販/後払い/新生活/オススメ/%off/ジェンコ/【RCP】/北欧/モダン/インテリア/ナチュラル/テイスト/ダイニング/ナチュラルテイスト,/ダイニングテーブル/伸縮/低め/丸/ダイニング/食卓/木製/無垢/。エコモ ダイニングテーブル ナチュラル az-hot-153na/北欧/送料無料/クーポン/プレゼント/通販/後払い/新生活/オススメ/%off/ジェンコ/【RCP】/北欧/モダン/インテリア/ナチュラル/テイスト/ダイニング/ナチュラルテイスト[rn]
20-117688,http://tshop.r10s.jp/auc-genco/cabinet/i2/230/ge-oth-ng-t-00349.jpg?fitin=700:700,18873.6000,,インテリア・寝具・収納 > テーブル > ダイニングテーブル > 木製,ティンバー ダイニングテーブル az-pm-304t/北欧/送料無料/クーポン/プレゼント/通販/後払い/新生活/オススメ/%off/ジェンコ/【RCP】/北欧/モダン/インテリア/ナチュラル/テイスト/ダイニング/ナチュラルテイスト,,"<img src=""http://image.rakuten.co.jp/auc-genco/cabinet/i2/230/ge-oth-ng-t-00349.jpg"" width=""100%"" /><br /><img src=""http://image.rakuten.co.jp/auc-genco/cabinet/i2/230/ge-oth-ng-t-00349_1.jpg"" width=""100%"" /><br /><img src=""http://image.rakuten.co.jp/auc-genco/cabinet/i2/230/ge-oth-ng-t-00349_2.jpg"" width=""100%"" /><br /><img src=""http://image.rakuten.co.jp/auc-genco/cabinet/i2/230/ge-oth-ng-t-00349_3.jpg"" width=""100%"" /><br /><img src=""http://image.rakuten.co.jp/auc-genco/cabinet/i2/230/ge-oth-ng-t-00349_4.jpg"" width=""100%"" /><br /><img src=""http://image.rakuten.co.jp/auc-genco/cabinet/i2/230/ge-oth-ng-t-00349_5.jpg"" width=""100%"" /><br /><br><br>[サイズ]W 130 X D 75 X H 72（ｃｍ）<br>[素材・仕様]天然木（ミンディ）　アイアン（粉体塗装）　ラッカー塗装<br />組立<br>[生産国]インドネシア<br>[備考]全国一律無料<br /><br />(北海道は別途見積もり　 沖縄・離島は配達不可)<br />※お急ぎの場合は必ず事前に在庫確認を行って下さい。<br />※欠品中の場合は次回入荷後の発送になります。<br />※メーカー倉庫より直送になります。<br><br>※ご注文タイミングやご注文内容によっては、購入履歴からのご注文の修正を受け付けることができない場合がございます。<br><br><table width=""100%""><tr><td><p>他の「テーブル」を見る</p></td></tr></table><table width=""100%""><tr><td><p>他の「ダイニングテーブル」を見る</p></td></tr></table><BR><BR>検索用ワード<table width=""100%"" border=""1""><tr><td ><font color=""#EEE8AA"" size=""-2"">-テーブル- -ダイニングテーブル-   テーブル テーブルクロス テーブル 脚 パーツ 折りたたみ 北欧 木製 テーブルランナー ビニール 撥水 テーブル脚 透明 テーブルセット 高さ調節 ガラス チェア セット 昇降式 高さ60cm 白 高さ 調整 アウトドア アイアン アンティーク 赤 金具 角枠 椅子 ウォールナット 円形 おしゃれ 子供 折り畳み 一人用 奥行30cm 猫足 ロー かわいい 角 ガード カウンター 完成品 カフェ 可愛い カバー キャスター 木 キャンプ キッズ キッチン クロス ウェイト クッション クリップ ケルト こたつ 収納 昇降 伸縮 120 正方形 ソファ 高さ70cm 高さ40 高さ55cm 高さ調整 棚 高さ80cm 高さ70 高さ50cm 小さい 天板 天板のみ 透明マット カット 猫脚 の 幅60 丸 ライト lia ガス圧式 ガス コンロ ジオ ダイニング 5 90 楕円 デスク ドレッサー バッグハンガー ビーンズ ブラック パソコン ピンク ピクニック フック 二人 引き出し ホワイト 姫 一人暮らし 一人 ミニ 無垢 ロータイプ リビング ろくろ脚 60 40 120ct 150 折り 180 1800 1200×450 3点セット 60×60 60cm 75 70 90×60 ダイニングテーブル ダイニングテーブルセット 5点セット ベンチ 低め 6人掛け 丸テーブル アウトレット アジアン アーク イザベラ5点 イタリア製 イケア イームズ インテリア モダン リック 円卓 オーク 回転イス 黒 コンパクト サロモーネ 幅135cm ブラウン 伸長式 伸長 シート スチール emo 65cm 単品 ナチュラル 半円 幅120 幅140 幅180 マット 丸3点セット 4点セット パイン 二人用 変形 l字型 一枚板 無垢材 ヴィンテージ 160 180cm 120cm 140 150cm 100 2人 200cm 2人用 3点 4人 5点 6人 660 7点セット 幅200 8人掛け 80 </font></td></tr></table>",ティンバー ダイニングテーブル az-pm-304t/北欧/送料無料/クーポン/プレゼント/通販/後払い/新生活/オススメ/%off/ジェンコ/【RCP】/北欧/モダン/インテリア/ナチュラル/テイスト/ダイニング/ナチュラルテイスト：家具・インテリアのジェンコ,通信販売通販ショッピングオンラインショッピング買い物プレゼントギフト贈り物贈答品お中元お歳暮お買い得家具インテリア北欧送料無料デザイナーズソファベッドラックごみ箱アンティークチェアおしゃれコルビジェイームズイサムノグチ激安モダンミッドセンチュリーナチュラルテイスト無垢ティンバー ダイニングテーブル az-pm-304t/北欧/送料無料/クーポン/プレゼント/通販/後払い/新生活/オススメ/%off/ジェンコ/【RCP】/北欧/モダン/インテリア/ナチュラル/テイスト/ダイニング/ナチュラルテイスト,/ダイニングテーブル/伸縮/低め/丸/ダイニング/食卓/木製/無垢/。ティンバー ダイニングテーブル az-pm-304t/北欧/送料無料/クーポン/プレゼント/通販/後払い/新生活/オススメ/%off/ジェンコ/【RCP】/北欧/モダン/インテリア/ナチュラル/テイスト/ダイニング/ナチュラルテイスト[rn]
20-117689,http://tshop.r10s.jp/auc-genco/cabinet/i2/230/ge-oth-ng-t-00342.jpg?fitin=700:700,14280.8000,,インテリア・寝具・収納 > テーブル > ダイニングテーブル > 木製,ダイニングテーブル ナチュラル az-plt-512na/北欧/送料無料/クーポン/プレゼント/通販/後払い/新生活/オススメ/%off/ジェンコ/【RCP】/北欧/モダン/インテリア/ナチュラル/テイスト/ダイニング/ナチュラルテイスト,,"<img src=""http://image.rakuten.co.jp/auc-genco/cabinet/i2/230/ge-oth-ng-t-00342.jpg"" width=""100%"" /><br /><img src=""http://image.rakuten.co.jp/auc-genco/cabinet/i2/230/ge-oth-ng-t-00342_1.jpg"" width=""100%"" /><br /><img src=""http://image.rakuten.co.jp/auc-genco/cabinet/i2/230/ge-oth-ng-t-00342_2.jpg"" width=""100%"" /><br /><img src=""http://image.rakuten.co.jp/auc-genco/cabinet/i2/230/ge-oth-ng-t-00342_3.jpg"" width=""100%"" /><br /><img src=""http://image.rakuten.co.jp/auc-genco/cabinet/i2/230/ge-oth-ng-t-00342_4.jpg"" width=""100%"" /><br /><img src=""http://image.rakuten.co.jp/auc-genco/cabinet/i2/230/ge-oth-ng-t-00342_5.jpg"" width=""100%"" /><br /><br><br>[サイズ]W 120 X D 75 X H 72（ｃｍ）<br>[素材・仕様]天然木化粧繊維板（アッシュ）　ウレタン塗装　スチール（粉体塗装）<br />組立<br>[生産国]中国<br>[備考]全国一律無料<br /><br />(北海道は別途見積もり　 沖縄・離島は配達不可)<br />※お急ぎの場合は必ず事前に在庫確認を行って下さい。<br />※欠品中の場合は次回入荷後の発送になります。<br />※メーカー倉庫より直送になります。<br><br>※ご注文タイミングやご注文内容によっては、購入履歴からのご注文の修正を受け付けることができない場合がございます。<br><br><table width=""100%""><tr><td><p>他の「テーブル」を見る</p></td></tr></table><table width=""100%""><tr><td><p>他の「ダイニングテーブル」を見る</p></td></tr></table><BR><BR>検索用ワード<table width=""100%"" border=""1""><tr><td ><font color=""#EEE8AA"" size=""-2"">-テーブル- -ダイニングテーブル-   テーブル テーブルクロス テーブル 脚 パーツ 折りたたみ 北欧 木製 テーブルランナー ビニール 撥水 テーブル脚 透明 テーブルセット 高さ調節 ガラス チェア セット 昇降式 高さ60cm 白 高さ 調整 アウトドア アイアン アンティーク 赤 金具 角枠 椅子 ウォールナット 円形 おしゃれ 子供 折り畳み 一人用 奥行30cm 猫足 ロー かわいい 角 ガード カウンター 完成品 カフェ 可愛い カバー キャスター 木 キャンプ キッズ キッチン クロス ウェイト クッション クリップ ケルト こたつ 収納 昇降 伸縮 120 正方形 ソファ 高さ70cm 高さ40 高さ55cm 高さ調整 棚 高さ80cm 高さ70 高さ50cm 小さい 天板 天板のみ 透明マット カット 猫脚 の 幅60 丸 ライト lia ガス圧式 ガス コンロ ジオ ダイニング 5 90 楕円 デスク ドレッサー バッグハンガー ビーンズ ブラック パソコン ピンク ピクニック フック 二人 引き出し ホワイト 姫 一人暮らし 一人 ミニ 無垢 ロータイプ リビング ろくろ脚 60 40 120ct 150 折り 180 1800 1200×450 3点セット 60×60 60cm 75 70 90×60 ダイニングテーブル ダイニングテーブルセット 5点セット ベンチ 低め 6人掛け 丸テーブル アウトレット アジアン アーク イザベラ5点 イタリア製 イケア イームズ インテリア モダン リック 円卓 オーク 回転イス 黒 コンパクト サロモーネ 幅135cm ブラウン 伸長式 伸長 シート スチール emo 65cm 単品 ナチュラル 半円 幅120 幅140 幅180 マット 丸3点セット 4点セット パイン 二人用 変形 l字型 一枚板 無垢材 ヴィンテージ 160 180cm 120cm 140 150cm 100 2人 200cm 2人用 3点 4人 5点 6人 660 7点セット 幅200 8人掛け 80 </font></td></tr></table>",ダイニングテーブル ナチュラル az-plt-512na/北欧/送料無料/クーポン/プレゼント/通販/後払い/新生活/オススメ/%off/ジェンコ/【RCP】/北欧/モダン/インテリア/ナチュラル/テイスト/ダイニング/ナチュラルテイスト：家具・インテリアのジェンコ,通信販売通販ショッピングオンラインショッピング買い物プレゼントギフト贈り物贈答品お中元お歳暮お買い得家具インテリア北欧送料無料デザイナーズソファベッドラックごみ箱アンティークチェアおしゃれコルビジェイームズイサムノグチ激安モダンミッドセンチュリーナチュラルテイスト無垢ダイニングテーブル ナチュラル az-plt-512na/北欧/送料無料/クーポン/プレゼント/通販/後払い/新生活/オススメ/%off/ジェンコ/【RCP】/北欧/モダン/インテリア/ナチュラル/テイスト/ダイニング/ナチュラルテイスト,/ダイニングテーブル/伸縮/低め/丸/ダイニング/食卓/木製/無垢/。ダイニングテーブル ナチュラル az-plt-512na/北欧/送料無料/クーポン/プレゼント/通販/後払い/新生活/オススメ/%off/ジェンコ/【RCP】/北欧/モダン/インテリア/ナチュラル/テイスト/ダイニング/ナチュラルテイスト[rn]
20-117690,http://tshop.r10s.jp/auc-genco/cabinet/i2/230/ge-oth-ng-t-00337.jpg?fitin=700:700,25762.4000,,インテリア・寝具・収納 > テーブル > ダイニングテーブル > 木製,ダイニングテーブル az-nw-853t/北欧/送料無料/クーポン/プレゼント/通販/後払い/新生活/オススメ/%off/ジェンコ/【RCP】/北欧/モダン/インテリア/ナチュラル/テイスト/ダイニング/ナチュラルテイスト,,"<img src=""http://image.rakuten.co.jp/auc-genco/cabinet/i2/230/ge-oth-ng-t-00337.jpg"" width=""100%"" /><br /><img src=""http://image.rakuten.co.jp/auc-genco/cabinet/i2/230/ge-oth-ng-t-00337_1.jpg"" width=""100%"" /><br /><img src=""http://image.rakuten.co.jp/auc-genco/cabinet/i2/230/ge-oth-ng-t-00337_2.jpg"" width=""100%"" /><br /><br><br>[サイズ]W 150 X D 80 X H 72（ｃｍ）<br>[素材・仕様]天然木（ミンディ）　ラッカー塗装　スチール（粉体塗装）<br />組立<br>[重量]25.5キロ<br>[生産国]インドネシア<br>[備考]全国一律無料<br /><br />(北海道は別途見積もり　 沖縄・離島は配達不可)<br />※お急ぎの場合は必ず事前に在庫確認を行って下さい。<br />※欠品中の場合は次回入荷後の発送になります。<br />※メーカー倉庫より直送になります。<br><br>※ご注文タイミングやご注文内容によっては、購入履歴からのご注文の修正を受け付けることができない場合がございます。<br><br><table width=""100%""><tr><td><p>他の「テーブル」を見る</p></td></tr></table><table width=""100%""><tr><td><p>他の「ダイニングテーブル」を見る</p></td></tr></table><BR><BR>検索用ワード<table width=""100%"" border=""1""><tr><td ><font color=""#EEE8AA"" size=""-2"">-テーブル- -ダイニングテーブル-   テーブル テーブルクロス テーブル 脚 パーツ 折りたたみ 北欧 木製 テーブルランナー ビニール 撥水 テーブル脚 透明 テーブルセット 高さ調節 ガラス チェア セット 昇降式 高さ60cm 白 高さ 調整 アウトドア アイアン アンティーク 赤 金具 角枠 椅子 ウォールナット 円形 おしゃれ 子供 折り畳み 一人用 奥行30cm 猫足 ロー かわいい 角 ガード カウンター 完成品 カフェ 可愛い カバー キャスター 木 キャンプ キッズ キッチン クロス ウェイト クッション クリップ ケルト こたつ 収納 昇降 伸縮 120 正方形 ソファ 高さ70cm 高さ40 高さ55cm 高さ調整 棚 高さ80cm 高さ70 高さ50cm 小さい 天板 天板のみ 透明マット カット 猫脚 の 幅60 丸 ライト lia ガス圧式 ガス コンロ ジオ ダイニング 5 90 楕円 デスク ドレッサー バッグハンガー ビーンズ ブラック パソコン ピンク ピクニック フック 二人 引き出し ホワイト 姫 一人暮らし 一人 ミニ 無垢 ロータイプ リビング ろくろ脚 60 40 120ct 150 折り 180 1800 1200×450 3点セット 60×60 60cm 75 70 90×60 ダイニングテーブル ダイニングテーブルセット 5点セット ベンチ 低め 6人掛け 丸テーブル アウトレット アジアン アーク イザベラ5点 イタリア製 イケア イームズ インテリア モダン リック 円卓 オーク 回転イス 黒 コンパクト サロモーネ 幅135cm ブラウン 伸長式 伸長 シート スチール emo 65cm 単品 ナチュラル 半円 幅120 幅140 幅180 マット 丸3点セット 4点セット パイン 二人用 変形 l字型 一枚板 無垢材 ヴィンテージ 160 180cm 120cm 140 150cm 100 2人 200cm 2人用 3点 4人 5点 6人 660 7点セット 幅200 8人掛け 80 </font></td></tr></table>",ダイニングテーブル az-nw-853t/北欧/送料無料/クーポン/プレゼント/通販/後払い/新生活/オススメ/%off/ジェンコ/【RCP】/北欧/モダン/インテリア/ナチュラル/テイスト/ダイニング/ナチュラルテイスト：家具・インテリアのジェンコ,通信販売通販ショッピングオンラインショッピング買い物プレゼントギフト贈り物贈答品お中元お歳暮お買い得家具インテリア北欧送料無料デザイナーズソファベッドラックごみ箱アンティークチェアおしゃれコルビジェイームズイサムノグチ激安モダンミッドセンチュリーナチュラルテイスト無垢ダイニングテーブル az-nw-853t/北欧/送料無料/クーポン/プレゼント/通販/後払い/新生活/オススメ/%off/ジェンコ/【RCP】/北欧/モダン/インテリア/ナチュラル/テイスト/ダイニング/ナチュラルテイスト,/ダイニングテーブル/伸縮/低め/丸/ダイニング/食卓/木製/無垢/。ダイニングテーブル az-nw-853t/北欧/送料無料/クーポン/プレゼント/通販/後払い/新生活/オススメ/%off/ジェンコ/【RCP】/北欧/モダン/インテリア/ナチュラル/テイスト/ダイニング/ナチュラルテイスト[rn]
20-117691,http://tshop.r10s.jp/auc-genco/cabinet/i2/230/ge-oth-ng-t-00329.jpg?fitin=700:700,29540.0000,,インテリア・寝具・収納 > テーブル > ダイニングテーブル > 木製,オスカー ダイニングテーブル az-vet-631t/北欧/送料無料/クーポン/プレゼント/通販/後払い/新生活/オススメ/%off/ジェンコ/【RCP】/北欧/モダン/インテリア/ナチュラル/テイスト/ダイニング/ナチュラルテイスト,,"<img src=""http://image.rakuten.co.jp/auc-genco/cabinet/i2/230/ge-oth-ng-t-00329.jpg"" width=""100%"" /><br /><img src=""http://image.rakuten.co.jp/auc-genco/cabinet/i2/230/ge-oth-ng-t-00329_1.jpg"" width=""100%"" /><br /><img src=""http://image.rakuten.co.jp/auc-genco/cabinet/i2/230/ge-oth-ng-t-00329_2.jpg"" width=""100%"" /><br /><img src=""http://image.rakuten.co.jp/auc-genco/cabinet/i2/230/ge-oth-ng-t-00329_3.jpg"" width=""100%"" /><br /><img src=""http://image.rakuten.co.jp/auc-genco/cabinet/i2/230/ge-oth-ng-t-00329_4.jpg"" width=""100%"" /><br /><img src=""http://image.rakuten.co.jp/auc-genco/cabinet/i2/230/ge-oth-ng-t-00329_5.jpg"" width=""100%"" /><br /><img src=""http://image.rakuten.co.jp/auc-genco/cabinet/i2/230/ge-oth-ng-t-00329_6.jpg"" width=""100%"" /><br /><img src=""http://image.rakuten.co.jp/auc-genco/cabinet/i2/230/ge-oth-ng-t-00329_7.jpg"" width=""100%"" /><br /><img src=""http://image.rakuten.co.jp/auc-genco/cabinet/i2/230/ge-oth-ng-t-00329_8.jpg"" width=""100%"" /><br /><img src=""http://image.rakuten.co.jp/auc-genco/cabinet/i2/230/ge-oth-ng-t-00329_9.jpg"" width=""100%"" /><br /><br><br>[サイズ]W 150 X D 90 X H 74（ｃｍ）<br>[素材・仕様]天然木化粧繊維板（チーク）　天然木（ラバーウッド　ウレタン塗装）<br />組立<br>[重量]25キロ<br>[生産国]ベトナム<br>[備考]全国一律無料<br /><br />(北海道は別途見積もり　 沖縄・離島は配達不可)<br />※お急ぎの場合は必ず事前に在庫確認を行って下さい。<br />※欠品中の場合は次回入荷後の発送になります。<br />※メーカー倉庫より直送になります。<br><br>※ご注文タイミングやご注文内容によっては、購入履歴からのご注文の修正を受け付けることができない場合がございます。<br><br><table width=""100%""><tr><td><p>他の「テーブル」を見る</p></td></tr></table><table width=""100%""><tr><td><p>他の「ダイニングテーブル」を見る</p></td></tr></table><BR><BR>検索用ワード<table width=""100%"" border=""1""><tr><td ><font color=""#EEE8AA"" size=""-2"">-テーブル- -ダイニングテーブル-   テーブル テーブルクロス テーブル 脚 パーツ 折りたたみ 北欧 木製 テーブルランナー ビニール 撥水 テーブル脚 透明 テーブルセット 高さ調節 ガラス チェア セット 昇降式 高さ60cm 白 高さ 調整 アウトドア アイアン アンティーク 赤 金具 角枠 椅子 ウォールナット 円形 おしゃれ 子供 折り畳み 一人用 奥行30cm 猫足 ロー かわいい 角 ガード カウンター 完成品 カフェ 可愛い カバー キャスター 木 キャンプ キッズ キッチン クロス ウェイト クッション クリップ ケルト こたつ 収納 昇降 伸縮 120 正方形 ソファ 高さ70cm 高さ40 高さ55cm 高さ調整 棚 高さ80cm 高さ70 高さ50cm 小さい 天板 天板のみ 透明マット カット 猫脚 の 幅60 丸 ライト lia ガス圧式 ガス コンロ ジオ ダイニング 5 90 楕円 デスク ドレッサー バッグハンガー ビーンズ ブラック パソコン ピンク ピクニック フック 二人 引き出し ホワイト 姫 一人暮らし 一人 ミニ 無垢 ロータイプ リビング ろくろ脚 60 40 120ct 150 折り 180 1800 1200×450 3点セット 60×60 60cm 75 70 90×60 ダイニングテーブル ダイニングテーブルセット 5点セット ベンチ 低め 6人掛け 丸テーブル アウトレット アジアン アーク イザベラ5点 イタリア製 イケア イームズ インテリア モダン リック 円卓 オーク 回転イス 黒 コンパクト サロモーネ 幅135cm ブラウン 伸長式 伸長 シート スチール emo 65cm 単品 ナチュラル 半円 幅120 幅140 幅180 マット 丸3点セット 4点セット パイン 二人用 変形 l字型 一枚板 無垢材 ヴィンテージ 160 180cm 120cm 140 150cm 100 2人 200cm 2人用 3点 4人 5点 6人 660 7点セット 幅200 8人掛け 80 </font></td></tr></table>",オスカー ダイニングテーブル az-vet-631t/北欧/送料無料/クーポン/プレゼント/通販/後払い/新生活/オススメ/%off/ジェンコ/【RCP】/北欧/モダン/インテリア/ナチュラル/テイスト/ダイニング/ナチュラルテイスト：家具・インテリアのジェンコ,通信販売通販ショッピングオンラインショッピング買い物プレゼントギフト贈り物贈答品お中元お歳暮お買い得家具インテリア北欧送料無料デザイナーズソファベッドラックごみ箱アンティークチェアおしゃれコルビジェイームズイサムノグチ激安モダンミッドセンチュリーナチュラルテイスト無垢オスカー ダイニングテーブル az-vet-631t/北欧/送料無料/クーポン/プレゼント/通販/後払い/新生活/オススメ/%off/ジェンコ/【RCP】/北欧/モダン/インテリア/ナチュラル/テイスト/ダイニング/ナチュラルテイスト,/ダイニングテーブル/伸縮/低め/丸/ダイニング/食卓/木製/無垢/。オスカー ダイニングテーブル az-vet-631t/北欧/送料無料/クーポン/プレゼント/通販/後払い/新生活/オススメ/%off/ジェンコ/【RCP】/北欧/モダン/インテリア/ナチュラル/テイスト/ダイニング/ナチュラルテイスト[rn]
20-117692,http://tshop.r10s.jp/auc-genco/cabinet/i2/229/ge-oth-ng-t-00318.jpg?fitin=700:700,19688.8000,,インテリア・寝具・収納 > テーブル > ダイニングテーブル > 木製,アイアン ダイニングテーブル ダークブラウン az-nw-114dbr/北欧/送料無料/クーポン/プレゼント/通販/後払い/新生活/オススメ/%off/ジェンコ/【RCP】/北欧/モダン/インテリア/ナチュラル/テイスト/ダイニング/ナチュラルテイスト,,"<img src=""http://image.rakuten.co.jp/auc-genco/cabinet/i2/229/ge-oth-ng-t-00318.jpg"" width=""100%"" /><br /><img src=""http://image.rakuten.co.jp/auc-genco/cabinet/i2/229/ge-oth-ng-t-00318_1.jpg"" width=""100%"" /><br /><img src=""http://image.rakuten.co.jp/auc-genco/cabinet/i2/229/ge-oth-ng-t-00318_2.jpg"" width=""100%"" /><br /><br><br>[サイズ]W150xD75xH70（ｃｍ）<br>[素材・仕様]天然木(マホガニー)　ラッカー塗装　アイアン(粉体塗装) <br />組立て<br>[生産国]ベトナム<br>[備考]全国一律無料<br /><br />(北海道は別途見積もり　 沖縄・離島は配達不可)<br />※お急ぎの場合は必ず事前に在庫確認を行って下さい。<br />※欠品中の場合は次回入荷後の発送になります。<br />※メーカー倉庫より直送になります。<br><br>※ご注文タイミングやご注文内容によっては、購入履歴からのご注文の修正を受け付けることができない場合がございます。<br><br><table width=""100%""><tr><td><p>他の「テーブル」を見る</p></td></tr></table><table width=""100%""><tr><td><p>他の「ダイニングテーブル」を見る</p></td></tr></table><BR><BR>検索用ワード<table width=""100%"" border=""1""><tr><td ><font color=""#EEE8AA"" size=""-2"">-テーブル- -ダイニングテーブル-   テーブル テーブルクロス テーブル 脚 パーツ 折りたたみ 北欧 木製 テーブルランナー ビニール 撥水 テーブル脚 透明 テーブルセット 高さ調節 ガラス チェア セット 昇降式 高さ60cm 白 高さ 調整 アウトドア アイアン アンティーク 赤 金具 角枠 椅子 ウォールナット 円形 おしゃれ 子供 折り畳み 一人用 奥行30cm 猫足 ロー かわいい 角 ガード カウンター 完成品 カフェ 可愛い カバー キャスター 木 キャンプ キッズ キッチン クロス ウェイト クッション クリップ ケルト こたつ 収納 昇降 伸縮 120 正方形 ソファ 高さ70cm 高さ40 高さ55cm 高さ調整 棚 高さ80cm 高さ70 高さ50cm 小さい 天板 天板のみ 透明マット カット 猫脚 の 幅60 丸 ライト lia ガス圧式 ガス コンロ ジオ ダイニング 5 90 楕円 デスク ドレッサー バッグハンガー ビーンズ ブラック パソコン ピンク ピクニック フック 二人 引き出し ホワイト 姫 一人暮らし 一人 ミニ 無垢 ロータイプ リビング ろくろ脚 60 40 120ct 150 折り 180 1800 1200×450 3点セット 60×60 60cm 75 70 90×60 ダイニングテーブル ダイニングテーブルセット 5点セット ベンチ 低め 6人掛け 丸テーブル アウトレット アジアン アーク イザベラ5点 イタリア製 イケア イームズ インテリア モダン リック 円卓 オーク 回転イス 黒 コンパクト サロモーネ 幅135cm ブラウン 伸長式 伸長 シート スチール emo 65cm 単品 ナチュラル 半円 幅120 幅140 幅180 マット 丸3点セット 4点セット パイン 二人用 変形 l字型 一枚板 無垢材 ヴィンテージ 160 180cm 120cm 140 150cm 100 2人 200cm 2人用 3点 4人 5点 6人 660 7点セット 幅200 8人掛け 80 </font></td></tr></table>",アイアン ダイニングテーブル ダークブラウン az-nw-114dbr/北欧/送料無料/クーポン/プレゼント/通販/後払い/新生活/オススメ/%off/ジェンコ/【RCP】/北欧/モダン/インテリア/ナチュラル/テイスト/ダイニング/ナチュラルテイスト：家具・インテリアのジェンコ,通信販売通販ショッピングオンラインショッピング買い物プレゼントギフト贈り物贈答品お中元お歳暮お買い得家具インテリア北欧送料無料デザイナーズソファベッドラックごみ箱アンティークチェアおしゃれコルビジェイームズイサムノグチ激安モダンミッドセンチュリーナチュラルテイスト無垢アイアン ダイニングテーブル ダークブラウン az-nw-114dbr/北欧/送料無料/クーポン/プレゼント/通販/後払い/新生活/オススメ/%off/ジェンコ/【RCP】/北欧/モダン/インテリア/ナチュラル/テイスト/ダイニング/ナチュラルテイスト,/ダイニングテーブル/伸縮/低め/丸/ダイニング/食卓/木製/無垢/。アイアン ダイニングテーブル ダークブラウン az-nw-114dbr/北欧/送料無料/クーポン/プレゼント/通販/後払い/新生活/オススメ/%off/ジェンコ/【RCP】/北欧/モダン/インテリア/ナチュラル/テイスト/ダイニング/ナチュラルテイスト[rn]
20-117693,http://tshop.r10s.jp/auc-genco/cabinet/i2/230/ge-oth-ng-t-00326.jpg?fitin=700:700,26948.0000,,インテリア・寝具・収納 > テーブル > ダイニングテーブル > 木製,エクステンションダイニングテーブル ナチュラル az-nyt-765na/北欧/送料無料/クーポン/プレゼント/通販/後払い/新生活/オススメ/%off/ジェンコ/【RCP】/北欧/モダン/インテリア/ナチュラル/テイスト/ダイニング/ナチュラルテイスト,,"<img src=""http://image.rakuten.co.jp/auc-genco/cabinet/i2/230/ge-oth-ng-t-00326.jpg"" width=""100%"" /><br /><img src=""http://image.rakuten.co.jp/auc-genco/cabinet/i2/230/ge-oth-ng-t-00326_1.jpg"" width=""100%"" /><br /><img src=""http://image.rakuten.co.jp/auc-genco/cabinet/i2/230/ge-oth-ng-t-00326_2.jpg"" width=""100%"" /><br /><img src=""http://image.rakuten.co.jp/auc-genco/cabinet/i2/230/ge-oth-ng-t-00326_3.jpg"" width=""100%"" /><br /><img src=""http://image.rakuten.co.jp/auc-genco/cabinet/i2/230/ge-oth-ng-t-00326_4.jpg"" width=""100%"" /><br /><br><br>[サイズ]W 120/165 X D 75 X H 72（ｃｍ）<br>[素材・仕様]天然木（アッシュ）　天然木化粧繊維板（アッシュ）　ウレタン塗装<br />組立<br>[生産国]中国<br>[備考]全国一律無料<br /><br />(北海道は別途見積もり　 沖縄・離島は配達不可)<br />※お急ぎの場合は必ず事前に在庫確認を行って下さい。<br />※欠品中の場合は次回入荷後の発送になります。<br />※メーカー倉庫より直送になります。<br><br>※ご注文タイミングやご注文内容によっては、購入履歴からのご注文の修正を受け付けることができない場合がございます。<br><br><table width=""100%""><tr><td><p>他の「テーブル」を見る</p></td></tr></table><table width=""100%""><tr><td><p>他の「ダイニングテーブル」を見る</p></td></tr></table><BR><BR>検索用ワード<table width=""100%"" border=""1""><tr><td ><font color=""#EEE8AA"" size=""-2"">-テーブル- -ダイニングテーブル-   テーブル テーブルクロス テーブル 脚 パーツ 折りたたみ 北欧 木製 テーブルランナー ビニール 撥水 テーブル脚 透明 テーブルセット 高さ調節 ガラス チェア セット 昇降式 高さ60cm 白 高さ 調整 アウトドア アイアン アンティーク 赤 金具 角枠 椅子 ウォールナット 円形 おしゃれ 子供 折り畳み 一人用 奥行30cm 猫足 ロー かわいい 角 ガード カウンター 完成品 カフェ 可愛い カバー キャスター 木 キャンプ キッズ キッチン クロス ウェイト クッション クリップ ケルト こたつ 収納 昇降 伸縮 120 正方形 ソファ 高さ70cm 高さ40 高さ55cm 高さ調整 棚 高さ80cm 高さ70 高さ50cm 小さい 天板 天板のみ 透明マット カット 猫脚 の 幅60 丸 ライト lia ガス圧式 ガス コンロ ジオ ダイニング 5 90 楕円 デスク ドレッサー バッグハンガー ビーンズ ブラック パソコン ピンク ピクニック フック 二人 引き出し ホワイト 姫 一人暮らし 一人 ミニ 無垢 ロータイプ リビング ろくろ脚 60 40 120ct 150 折り 180 1800 1200×450 3点セット 60×60 60cm 75 70 90×60 ダイニングテーブル ダイニングテーブルセット 5点セット ベンチ 低め 6人掛け 丸テーブル アウトレット アジアン アーク イザベラ5点 イタリア製 イケア イームズ インテリア モダン リック 円卓 オーク 回転イス 黒 コンパクト サロモーネ 幅135cm ブラウン 伸長式 伸長 シート スチール emo 65cm 単品 ナチュラル 半円 幅120 幅140 幅180 マット 丸3点セット 4点セット パイン 二人用 変形 l字型 一枚板 無垢材 ヴィンテージ 160 180cm 120cm 140 150cm 100 2人 200cm 2人用 3点 4人 5点 6人 660 7点セット 幅200 8人掛け 80 </font></td></tr></table>",エクステンションダイニングテーブル ナチュラル az-nyt-765na/北欧/送料無料/クーポン/プレゼント/通販/後払い/新生活/オススメ/%off/ジェンコ/【RCP】/北欧/モダン/インテリア/ナチュラル/テイスト/ダイニング/ナチュラルテイスト：家具・インテリアのジェンコ,通信販売通販ショッピングオンラインショッピング買い物プレゼントギフト贈り物贈答品お中元お歳暮お買い得家具インテリア北欧送料無料デザイナーズソファベッドラックごみ箱アンティークチェアおしゃれコルビジェイームズイサムノグチ激安モダンミッドセンチュリーナチュラルテイスト無垢エクステンションダイニングテーブル ナチュラル az-nyt-765na/北欧/送料無料/クーポン/プレゼント/通販/後払い/新生活/オススメ/%off/ジェンコ/【RCP】/北欧/モダン/インテリア/ナチュラル/テイスト/ダイニング/ナチュラルテイスト,/ダイニングテーブル/伸縮/低め/丸/ダイニング/食卓/木製/無垢/。エクステンションダイニングテーブル ナチュラル az-nyt-765na/北欧/送料無料/クーポン/プレゼント/通販/後払い/新生活/オススメ/%off/ジェンコ/【RCP】/北欧/モダン/インテリア/ナチュラル/テイスト/ダイニング/ナチュラルテイスト[rn]
20-117694,http://tshop.r10s.jp/auc-genco/cabinet/i2/219/ge-oth-ng-t-00282.jpg?fitin=700:700,7021.6000,,インテリア・寝具・収納 > テーブル > ダイニングテーブル > 木製,ダイニングテーブル 引き出し付 フリーテーブル 85×65幅 sk-vgl22/北欧/送料無料/クーポン/プレゼント/通販/後払い/新生活/オススメ/%off/ジェンコ/【RCP】/北欧/モダン/インテリア/ナチュラル/テイスト/ダイニング/ナチュラルテイスト,,"<img src=""http://image.rakuten.co.jp/auc-genco/cabinet/i2/219/ge-oth-ng-t-00282.jpg"" width=""100%"" /><br /><img src=""http://image.rakuten.co.jp/auc-genco/cabinet/i2/219/ge-oth-ng-t-00282_1.jpg"" width=""100%"" /><br /><img src=""http://image.rakuten.co.jp/auc-genco/cabinet/i2/219/ge-oth-ng-t-00282_2.jpg"" width=""100%"" /><br /><img src=""http://image.rakuten.co.jp/auc-genco/cabinet/i2/219/ge-oth-ng-t-00282_3.jpg"" width=""100%"" /><br /><img src=""http://image.rakuten.co.jp/auc-genco/cabinet/i2/219/ge-oth-ng-t-00282_4.jpg"" width=""100%"" /><br /><img src=""http://image.rakuten.co.jp/auc-genco/cabinet/i2/219/ge-oth-ng-t-00282_5.jpg"" width=""100%"" /><br /><img src=""http://image.rakuten.co.jp/auc-genco/cabinet/i2/219/ge-oth-ng-t-00282_6.jpg"" width=""100%"" /><br /><img src=""http://image.rakuten.co.jp/auc-genco/cabinet/i2/219/ge-oth-ng-t-00282_7.jpg"" width=""100%"" /><br /><img src=""http://image.rakuten.co.jp/auc-genco/cabinet/i2/219/ge-oth-ng-t-00282_8.jpg"" width=""100%"" /><br /><img src=""http://image.rakuten.co.jp/auc-genco/cabinet/i2/219/ge-oth-ng-t-00282_9.jpg"" width=""100%"" /><br /><br><br>[サイズ]W850xD650xH690mm（梱包サイズ：W895xD700xH115mm）<br />天板の厚み：約18mm<br />本体重量：16.4kg（梱包重量：18.4kg）<br />組立式（約15分/付属の六角レンチにて組立）1梱包<br>[素材・仕様]天板：天然木化粧繊維板（ポリウレタン樹脂塗装）脚：天然木ラバーウッド（ポリウレタン樹脂塗装）アジャスター付<br>[生産国]ベトナム<br>[送料]全国一律無料<br />（北海道は別途見積もり　沖縄、その他離島は配達不可）<br />※こちらの商品沖縄県への配送が不可となります。<br>[備考]※お急ぎの場合は必ず事前に在庫確認を行って下さい。<br />※メーカー倉庫より直送になります。<br><br>※ご注文タイミングやご注文内容によっては、購入履歴からのご注文の修正を受け付けることができない場合がございます。<br><br><table width=""100%""><tr><td><p>他の「テーブル」を見る</p></td></tr></table><table width=""100%""><tr><td><p>他の「ダイニングテーブル」を見る</p></td></tr></table><BR><BR>検索用ワード<table width=""100%"" border=""1""><tr><td ><font color=""#EEE8AA"" size=""-2"">-テーブル- -ダイニングテーブル-   テーブル テーブルクロス テーブル 脚 パーツ 折りたたみ 北欧 木製 テーブルランナー ビニール 撥水 テーブル脚 透明 テーブルセット 高さ調節 ガラス チェア セット 昇降式 高さ60cm 白 高さ 調整 アウトドア アイアン アンティーク 赤 金具 角枠 椅子 ウォールナット 円形 おしゃれ 子供 折り畳み 一人用 奥行30cm 猫足 ロー かわいい 角 ガード カウンター 完成品 カフェ 可愛い カバー キャスター 木 キャンプ キッズ キッチン クロス ウェイト クッション クリップ ケルト こたつ 収納 昇降 伸縮 120 正方形 ソファ 高さ70cm 高さ40 高さ55cm 高さ調整 棚 高さ80cm 高さ70 高さ50cm 小さい 天板 天板のみ 透明マット カット 猫脚 の 幅60 丸 ライト lia ガス圧式 ガス コンロ ジオ ダイニング 5 90 楕円 デスク ドレッサー バッグハンガー ビーンズ ブラック パソコン ピンク ピクニック フック 二人 引き出し ホワイト 姫 一人暮らし 一人 ミニ 無垢 ロータイプ リビング ろくろ脚 60 40 120ct 150 折り 180 1800 1200×450 3点セット 60×60 60cm 75 70 90×60 ダイニングテーブル ダイニングテーブルセット 5点セット ベンチ 低め 6人掛け 丸テーブル アウトレット アジアン アーク イザベラ5点 イタリア製 イケア イームズ インテリア モダン リック 円卓 オーク 回転イス 黒 コンパクト サロモーネ 幅135cm ブラウン 伸長式 伸長 シート スチール emo 65cm 単品 ナチュラル 半円 幅120 幅140 幅180 マット 丸3点セット 4点セット パイン 二人用 変形 l字型 一枚板 無垢材 ヴィンテージ 160 180cm 120cm 140 150cm 100 2人 200cm 2人用 3点 4人 5点 6人 660 7点セット 幅200 8人掛け 80 </font></td></tr></table>",ダイニングテーブル 引き出し付 フリーテーブル 85&times;65幅 sk-vgl22/北欧/送料無料/クーポン/プレゼント/通販/後払い/新生活/オススメ/%off/ジェンコ/【RCP】/北欧/モダン/インテリア/ナチュラル/テイスト/ダイニング/ナチュラルテイスト：家具・インテリアのジェンコ,通信販売通販ショッピングオンラインショッピング買い物プレゼントギフト贈り物贈答品お中元お歳暮お買い得家具インテリア北欧送料無料デザイナーズソファベッドラックごみ箱アンティークチェアおしゃれコルビジェイームズイサムノグチ激安モダンミッドセンチュリーナチュラルテイスト無垢ダイニングテーブル 引き出し付 フリーテーブル 85&times;65幅 sk-vgl22/北欧/送料無料/クーポン/プレゼント/通販/後払い/新生活/オススメ/%off/ジェンコ/【RCP】/北欧/モダン/インテリア/ナチュラル/テイスト/ダイニング/ナチュラルテイスト,/ダイニングテーブル/伸縮/低め/丸/ダイニング/食卓/木製/無垢/。ダイニングテーブル 引き出し付 フリーテーブル 85&times;65幅 sk-vgl22/北欧/送料無料/クーポン/プレゼント/通販/後払い/新生活/オススメ/%off/ジェンコ/【RCP】/北欧/モダン/インテリア/ナチュラル/テイスト/ダイニング/ナチュラルテイスト[rn]
20-117695,http://tshop.r10s.jp/auc-genco/cabinet/i2/230/ge-oth-ng-t-00343.jpg?fitin=700:700,17688.8000,,インテリア・寝具・収納 > テーブル > ダイニングテーブル > 木製,ダイニングテーブル az-pm-453t/北欧/送料無料/クーポン/プレゼント/通販/後払い/新生活/オススメ/%off/ジェンコ/【RCP】/北欧/モダン/インテリア/ナチュラル/テイスト/ダイニング/ナチュラルテイスト,,"<img src=""http://image.rakuten.co.jp/auc-genco/cabinet/i2/230/ge-oth-ng-t-00343.jpg"" width=""100%"" /><br /><img src=""http://image.rakuten.co.jp/auc-genco/cabinet/i2/230/ge-oth-ng-t-00343_1.jpg"" width=""100%"" /><br /><img src=""http://image.rakuten.co.jp/auc-genco/cabinet/i2/230/ge-oth-ng-t-00343_2.jpg"" width=""100%"" /><br /><img src=""http://image.rakuten.co.jp/auc-genco/cabinet/i2/230/ge-oth-ng-t-00343_3.jpg"" width=""100%"" /><br /><img src=""http://image.rakuten.co.jp/auc-genco/cabinet/i2/230/ge-oth-ng-t-00343_4.jpg"" width=""100%"" /><br /><img src=""http://image.rakuten.co.jp/auc-genco/cabinet/i2/230/ge-oth-ng-t-00343_5.jpg"" width=""100%"" /><br /><img src=""http://image.rakuten.co.jp/auc-genco/cabinet/i2/230/ge-oth-ng-t-00343_6.jpg"" width=""100%"" /><br /><img src=""http://image.rakuten.co.jp/auc-genco/cabinet/i2/230/ge-oth-ng-t-00343_7.jpg"" width=""100%"" /><br /><br><br>[サイズ]W 135 X D 70 X H 72（ｃｍ）<br>[素材・仕様]天然木（パイン）　ラッカー塗装<br />組立<br>[生産国]インドネシア<br>[備考]全国一律無料<br /><br />(北海道は別途見積もり　 沖縄・離島は配達不可)<br />※お急ぎの場合は必ず事前に在庫確認を行って下さい。<br />※欠品中の場合は次回入荷後の発送になります。<br />※メーカー倉庫より直送になります。<br><br>※ご注文タイミングやご注文内容によっては、購入履歴からのご注文の修正を受け付けることができない場合がございます。<br><br><table width=""100%""><tr><td><p>他の「テーブル」を見る</p></td></tr></table><table width=""100%""><tr><td><p>他の「ダイニングテーブル」を見る</p></td></tr></table><BR><BR>検索用ワード<table width=""100%"" border=""1""><tr><td ><font color=""#EEE8AA"" size=""-2"">-テーブル- -ダイニングテーブル-   テーブル テーブルクロス テーブル 脚 パーツ 折りたたみ 北欧 木製 テーブルランナー ビニール 撥水 テーブル脚 透明 テーブルセット 高さ調節 ガラス チェア セット 昇降式 高さ60cm 白 高さ 調整 アウトドア アイアン アンティーク 赤 金具 角枠 椅子 ウォールナット 円形 おしゃれ 子供 折り畳み 一人用 奥行30cm 猫足 ロー かわいい 角 ガード カウンター 完成品 カフェ 可愛い カバー キャスター 木 キャンプ キッズ キッチン クロス ウェイト クッション クリップ ケルト こたつ 収納 昇降 伸縮 120 正方形 ソファ 高さ70cm 高さ40 高さ55cm 高さ調整 棚 高さ80cm 高さ70 高さ50cm 小さい 天板 天板のみ 透明マット カット 猫脚 の 幅60 丸 ライト lia ガス圧式 ガス コンロ ジオ ダイニング 5 90 楕円 デスク ドレッサー バッグハンガー ビーンズ ブラック パソコン ピンク ピクニック フック 二人 引き出し ホワイト 姫 一人暮らし 一人 ミニ 無垢 ロータイプ リビング ろくろ脚 60 40 120ct 150 折り 180 1800 1200×450 3点セット 60×60 60cm 75 70 90×60 ダイニングテーブル ダイニングテーブルセット 5点セット ベンチ 低め 6人掛け 丸テーブル アウトレット アジアン アーク イザベラ5点 イタリア製 イケア イームズ インテリア モダン リック 円卓 オーク 回転イス 黒 コンパクト サロモーネ 幅135cm ブラウン 伸長式 伸長 シート スチール emo 65cm 単品 ナチュラル 半円 幅120 幅140 幅180 マット 丸3点セット 4点セット パイン 二人用 変形 l字型 一枚板 無垢材 ヴィンテージ 160 180cm 120cm 140 150cm 100 2人 200cm 2人用 3点 4人 5点 6人 660 7点セット 幅200 8人掛け 80 </font></td></tr></table>",ダイニングテーブル az-pm-453t/北欧/送料無料/クーポン/プレゼント/通販/後払い/新生活/オススメ/%off/ジェンコ/【RCP】/北欧/モダン/インテリア/ナチュラル/テイスト/ダイニング/ナチュラルテイスト：家具・インテリアのジェンコ,通信販売通販ショッピングオンラインショッピング買い物プレゼントギフト贈り物贈答品お中元お歳暮お買い得家具インテリア北欧送料無料デザイナーズソファベッドラックごみ箱アンティークチェアおしゃれコルビジェイームズイサムノグチ激安モダンミッドセンチュリーナチュラルテイスト無垢ダイニングテーブル az-pm-453t/北欧/送料無料/クーポン/プレゼント/通販/後払い/新生活/オススメ/%off/ジェンコ/【RCP】/北欧/モダン/インテリア/ナチュラル/テイスト/ダイニング/ナチュラルテイスト,/ダイニングテーブル/伸縮/低め/丸/ダイニング/食卓/木製/無垢/。ダイニングテーブル az-pm-453t/北欧/送料無料/クーポン/プレゼント/通販/後払い/新生活/オススメ/%off/ジェンコ/【RCP】/北欧/モダン/インテリア/ナチュラル/テイスト/ダイニング/ナチュラルテイスト[rn]
20-117696,http://tshop.r10s.jp/auc-genco/cabinet/i2/229/ge-oth-ng-t-00322.jpg?fitin=700:700,16059.2000,,インテリア・寝具・収納 > テーブル > ダイニングテーブル > 木製,アンクル ダイニングテーブル az-els-214/北欧/送料無料/クーポン/プレゼント/通販/後払い/新生活/オススメ/%off/ジェンコ/【RCP】/北欧/モダン/インテリア/ナチュラル/テイスト/ダイニング/ナチュラルテイスト,,"<img src=""http://image.rakuten.co.jp/auc-genco/cabinet/i2/229/ge-oth-ng-t-00322.jpg"" width=""100%"" /><br /><img src=""http://image.rakuten.co.jp/auc-genco/cabinet/i2/229/ge-oth-ng-t-00322_1.jpg"" width=""100%"" /><br /><img src=""http://image.rakuten.co.jp/auc-genco/cabinet/i2/229/ge-oth-ng-t-00322_2.jpg"" width=""100%"" /><br /><br><br>[サイズ]W 124 X D 64.5 X H 72（ｃｍ）<br>[素材・仕様]スチール（粉体塗装）<br />組立<br>[重量]13.8キロ<br>[生産国]中国<br>[備考]全国一律無料<br /><br />(北海道は別途見積もり　 沖縄・離島は配達不可)<br />※お急ぎの場合は必ず事前に在庫確認を行って下さい。<br />※欠品中の場合は次回入荷後の発送になります。<br />※メーカー倉庫より直送になります。<br><br>※ご注文タイミングやご注文内容によっては、購入履歴からのご注文の修正を受け付けることができない場合がございます。<br><br><table width=""100%""><tr><td><p>他の「テーブル」を見る</p></td></tr></table><table width=""100%""><tr><td><p>他の「ダイニングテーブル」を見る</p></td></tr></table><BR><BR>検索用ワード<table width=""100%"" border=""1""><tr><td ><font color=""#EEE8AA"" size=""-2"">-テーブル- -ダイニングテーブル-   テーブル テーブルクロス テーブル 脚 パーツ 折りたたみ 北欧 木製 テーブルランナー ビニール 撥水 テーブル脚 透明 テーブルセット 高さ調節 ガラス チェア セット 昇降式 高さ60cm 白 高さ 調整 アウトドア アイアン アンティーク 赤 金具 角枠 椅子 ウォールナット 円形 おしゃれ 子供 折り畳み 一人用 奥行30cm 猫足 ロー かわいい 角 ガード カウンター 完成品 カフェ 可愛い カバー キャスター 木 キャンプ キッズ キッチン クロス ウェイト クッション クリップ ケルト こたつ 収納 昇降 伸縮 120 正方形 ソファ 高さ70cm 高さ40 高さ55cm 高さ調整 棚 高さ80cm 高さ70 高さ50cm 小さい 天板 天板のみ 透明マット カット 猫脚 の 幅60 丸 ライト lia ガス圧式 ガス コンロ ジオ ダイニング 5 90 楕円 デスク ドレッサー バッグハンガー ビーンズ ブラック パソコン ピンク ピクニック フック 二人 引き出し ホワイト 姫 一人暮らし 一人 ミニ 無垢 ロータイプ リビング ろくろ脚 60 40 120ct 150 折り 180 1800 1200×450 3点セット 60×60 60cm 75 70 90×60 ダイニングテーブル ダイニングテーブルセット 5点セット ベンチ 低め 6人掛け 丸テーブル アウトレット アジアン アーク イザベラ5点 イタリア製 イケア イームズ インテリア モダン リック 円卓 オーク 回転イス 黒 コンパクト サロモーネ 幅135cm ブラウン 伸長式 伸長 シート スチール emo 65cm 単品 ナチュラル 半円 幅120 幅140 幅180 マット 丸3点セット 4点セット パイン 二人用 変形 l字型 一枚板 無垢材 ヴィンテージ 160 180cm 120cm 140 150cm 100 2人 200cm 2人用 3点 4人 5点 6人 660 7点セット 幅200 8人掛け 80 </font></td></tr></table>",アンクル ダイニングテーブル az-els-214/北欧/送料無料/クーポン/プレゼント/通販/後払い/新生活/オススメ/%off/ジェンコ/【RCP】/北欧/モダン/インテリア/ナチュラル/テイスト/ダイニング/ナチュラルテイスト：家具・インテリアのジェンコ,通信販売通販ショッピングオンラインショッピング買い物プレゼントギフト贈り物贈答品お中元お歳暮お買い得家具インテリア北欧送料無料デザイナーズソファベッドラックごみ箱アンティークチェアおしゃれコルビジェイームズイサムノグチ激安モダンミッドセンチュリーナチュラルテイスト無垢アンクル ダイニングテーブル az-els-214/北欧/送料無料/クーポン/プレゼント/通販/後払い/新生活/オススメ/%off/ジェンコ/【RCP】/北欧/モダン/インテリア/ナチュラル/テイスト/ダイニング/ナチュラルテイスト,/ダイニングテーブル/伸縮/低め/丸/ダイニング/食卓/木製/無垢/。アンクル ダイニングテーブル az-els-214/北欧/送料無料/クーポン/プレゼント/通販/後払い/新生活/オススメ/%off/ジェンコ/【RCP】/北欧/モダン/インテリア/ナチュラル/テイスト/ダイニング/ナチュラルテイスト[rn]
20-117697,http://tshop.r10s.jp/auc-genco/cabinet/i2/230/ge-oth-ng-t-00348.jpg?fitin=700:700,16873.6000,,インテリア・寝具・収納 > テーブル > ダイニングテーブル > 木製,チェスター ダイニングテーブル az-ol-572/北欧/送料無料/クーポン/プレゼント/通販/後払い/新生活/オススメ/%off/ジェンコ/【RCP】/北欧/モダン/インテリア/ナチュラル/テイスト/ダイニング/ナチュラルテイスト,,"<img src=""http://image.rakuten.co.jp/auc-genco/cabinet/i2/230/ge-oth-ng-t-00348.jpg"" width=""100%"" /><br /><img src=""http://image.rakuten.co.jp/auc-genco/cabinet/i2/230/ge-oth-ng-t-00348_1.jpg"" width=""100%"" /><br /><br><br>[サイズ]W 120 X D 80 X H 72（ｃｍ）<br>[素材・仕様]強化プリント紙化粧パーティクルボード　スチール(粉体塗装)<br />組立<br>[生産国]インドネシア<br>[備考]全国一律無料<br /><br />(北海道は別途見積もり　 沖縄・離島は配達不可)<br />※お急ぎの場合は必ず事前に在庫確認を行って下さい。<br />※欠品中の場合は次回入荷後の発送になります。<br />※メーカー倉庫より直送になります。<br><br>※ご注文タイミングやご注文内容によっては、購入履歴からのご注文の修正を受け付けることができない場合がございます。<br><br><table width=""100%""><tr><td><p>他の「テーブル」を見る</p></td></tr></table><table width=""100%""><tr><td><p>他の「ダイニングテーブル」を見る</p></td></tr></table><BR><BR>検索用ワード<table width=""100%"" border=""1""><tr><td ><font color=""#EEE8AA"" size=""-2"">-テーブル- -ダイニングテーブル-   テーブル テーブルクロス テーブル 脚 パーツ 折りたたみ 北欧 木製 テーブルランナー ビニール 撥水 テーブル脚 透明 テーブルセット 高さ調節 ガラス チェア セット 昇降式 高さ60cm 白 高さ 調整 アウトドア アイアン アンティーク 赤 金具 角枠 椅子 ウォールナット 円形 おしゃれ 子供 折り畳み 一人用 奥行30cm 猫足 ロー かわいい 角 ガード カウンター 完成品 カフェ 可愛い カバー キャスター 木 キャンプ キッズ キッチン クロス ウェイト クッション クリップ ケルト こたつ 収納 昇降 伸縮 120 正方形 ソファ 高さ70cm 高さ40 高さ55cm 高さ調整 棚 高さ80cm 高さ70 高さ50cm 小さい 天板 天板のみ 透明マット カット 猫脚 の 幅60 丸 ライト lia ガス圧式 ガス コンロ ジオ ダイニング 5 90 楕円 デスク ドレッサー バッグハンガー ビーンズ ブラック パソコン ピンク ピクニック フック 二人 引き出し ホワイト 姫 一人暮らし 一人 ミニ 無垢 ロータイプ リビング ろくろ脚 60 40 120ct 150 折り 180 1800 1200×450 3点セット 60×60 60cm 75 70 90×60 ダイニングテーブル ダイニングテーブルセット 5点セット ベンチ 低め 6人掛け 丸テーブル アウトレット アジアン アーク イザベラ5点 イタリア製 イケア イームズ インテリア モダン リック 円卓 オーク 回転イス 黒 コンパクト サロモーネ 幅135cm ブラウン 伸長式 伸長 シート スチール emo 65cm 単品 ナチュラル 半円 幅120 幅140 幅180 マット 丸3点セット 4点セット パイン 二人用 変形 l字型 一枚板 無垢材 ヴィンテージ 160 180cm 120cm 140 150cm 100 2人 200cm 2人用 3点 4人 5点 6人 660 7点セット 幅200 8人掛け 80 </font></td></tr></table>",チェスター ダイニングテーブル az-ol-572/北欧/送料無料/クーポン/プレゼント/通販/後払い/新生活/オススメ/%off/ジェンコ/【RCP】/北欧/モダン/インテリア/ナチュラル/テイスト/ダイニング/ナチュラルテイスト：家具・インテリアのジェンコ,通信販売通販ショッピングオンラインショッピング買い物プレゼントギフト贈り物贈答品お中元お歳暮お買い得家具インテリア北欧送料無料デザイナーズソファベッドラックごみ箱アンティークチェアおしゃれコルビジェイームズイサムノグチ激安モダンミッドセンチュリーナチュラルテイスト無垢チェスター ダイニングテーブル az-ol-572/北欧/送料無料/クーポン/プレゼント/通販/後払い/新生活/オススメ/%off/ジェンコ/【RCP】/北欧/モダン/インテリア/ナチュラル/テイスト/ダイニング/ナチュラルテイスト,/ダイニングテーブル/伸縮/低め/丸/ダイニング/食卓/木製/無垢/。チェスター ダイニングテーブル az-ol-572/北欧/送料無料/クーポン/プレゼント/通販/後払い/新生活/オススメ/%off/ジェンコ/【RCP】/北欧/モダン/インテリア/ナチュラル/テイスト/ダイニング/ナチュラルテイスト[rn]
20-117698,http://tshop.r10s.jp/auc-genco/cabinet/i2/219/ge-oth-ng-t-00297.jpg?fitin=700:700,6059.2000,,インテリア・寝具・収納 > テーブル > ダイニングテーブル > 木製,ダイニングテーブル フリーテーブル 75x75幅 sk-vtm75/北欧/送料無料/クーポン/プレゼント/通販/後払い/新生活/オススメ/%off/ジェンコ/【RCP】/北欧/モダン/インテリア/ナチュラル/テイスト/ダイニング/ナチュラルテイスト,,"<img src=""http://image.rakuten.co.jp/auc-genco/cabinet/i2/219/ge-oth-ng-t-00297.jpg"" width=""100%"" /><br /><img src=""http://image.rakuten.co.jp/auc-genco/cabinet/i2/219/ge-oth-ng-t-00297_1.jpg"" width=""100%"" /><br /><img src=""http://image.rakuten.co.jp/auc-genco/cabinet/i2/219/ge-oth-ng-t-00297_2.jpg"" width=""100%"" /><br /><img src=""http://image.rakuten.co.jp/auc-genco/cabinet/i2/219/ge-oth-ng-t-00297_3.jpg"" width=""100%"" /><br /><img src=""http://image.rakuten.co.jp/auc-genco/cabinet/i2/219/ge-oth-ng-t-00297_4.jpg"" width=""100%"" /><br /><br><br>[サイズ]【テーブル】<br />W750xD750xH700mm（梱包サイズ：W780xD770xH120mm）<br />天板厚：約20mm<br />本体重量：13.8kg（梱包重量：15.5kg）<br />組立品(約10分前後・付属の六角レンチにて組立)1梱包<br>[素材・仕様]テーブル/天板：天然木化粧繊維板(ラッカー塗装)脚：天然木(ラッカー塗装)<br>[生産国]ベトナム<br>[送料]全国一律無料<br />（北海道は別途見積もり　沖縄、その他離島は配達不可）<br />※こちらの商品沖縄県への配送が不可となります。<br>[備考]※お急ぎの場合は必ず事前に在庫確認を行って下さい。<br />※メーカー倉庫より直送になります。<br />※テーブル・チェア（2脚入り）は、すべて別売りです。<br><br>※ご注文タイミングやご注文内容によっては、購入履歴からのご注文の修正を受け付けることができない場合がございます。<br><br><table width=""100%""><tr><td><p>他の「テーブル」を見る</p></td></tr></table><table width=""100%""><tr><td><p>他の「ダイニングテーブル」を見る</p></td></tr></table><BR><BR>検索用ワード<table width=""100%"" border=""1""><tr><td ><font color=""#EEE8AA"" size=""-2"">-テーブル- -ダイニングテーブル-   テーブル テーブルクロス テーブル 脚 パーツ 折りたたみ 北欧 木製 テーブルランナー ビニール 撥水 テーブル脚 透明 テーブルセット 高さ調節 ガラス チェア セット 昇降式 高さ60cm 白 高さ 調整 アウトドア アイアン アンティーク 赤 金具 角枠 椅子 ウォールナット 円形 おしゃれ 子供 折り畳み 一人用 奥行30cm 猫足 ロー かわいい 角 ガード カウンター 完成品 カフェ 可愛い カバー キャスター 木 キャンプ キッズ キッチン クロス ウェイト クッション クリップ ケルト こたつ 収納 昇降 伸縮 120 正方形 ソファ 高さ70cm 高さ40 高さ55cm 高さ調整 棚 高さ80cm 高さ70 高さ50cm 小さい 天板 天板のみ 透明マット カット 猫脚 の 幅60 丸 ライト lia ガス圧式 ガス コンロ ジオ ダイニング 5 90 楕円 デスク ドレッサー バッグハンガー ビーンズ ブラック パソコン ピンク ピクニック フック 二人 引き出し ホワイト 姫 一人暮らし 一人 ミニ 無垢 ロータイプ リビング ろくろ脚 60 40 120ct 150 折り 180 1800 1200×450 3点セット 60×60 60cm 75 70 90×60 ダイニングテーブル ダイニングテーブルセット 5点セット ベンチ 低め 6人掛け 丸テーブル アウトレット アジアン アーク イザベラ5点 イタリア製 イケア イームズ インテリア モダン リック 円卓 オーク 回転イス 黒 コンパクト サロモーネ 幅135cm ブラウン 伸長式 伸長 シート スチール emo 65cm 単品 ナチュラル 半円 幅120 幅140 幅180 マット 丸3点セット 4点セット パイン 二人用 変形 l字型 一枚板 無垢材 ヴィンテージ 160 180cm 120cm 140 150cm 100 2人 200cm 2人用 3点 4人 5点 6人 660 7点セット 幅200 8人掛け 80 </font></td></tr></table>",ダイニングテーブル フリーテーブル 75x75幅 sk-vtm75/北欧/送料無料/クーポン/プレゼント/通販/後払い/新生活/オススメ/%off/ジェンコ/【RCP】/北欧/モダン/インテリア/ナチュラル/テイスト/ダイニング/ナチュラルテイスト：家具・インテリアのジェンコ,通信販売通販ショッピングオンラインショッピング買い物プレゼントギフト贈り物贈答品お中元お歳暮お買い得家具インテリア北欧送料無料デザイナーズソファベッドラックごみ箱アンティークチェアおしゃれコルビジェイームズイサムノグチ激安モダンミッドセンチュリーナチュラルテイスト無垢ダイニングテーブル フリーテーブル 75x75幅 sk-vtm75/北欧/送料無料/クーポン/プレゼント/通販/後払い/新生活/オススメ/%off/ジェンコ/【RCP】/北欧/モダン/インテリア/ナチュラル/テイスト/ダイニング/ナチュラルテイスト,/ダイニングテーブル/伸縮/低め/丸/ダイニング/食卓/木製/無垢/。ダイニングテーブル フリーテーブル 75x75幅 sk-vtm75/北欧/送料無料/クーポン/プレゼント/通販/後払い/新生活/オススメ/%off/ジェンコ/【RCP】/北欧/モダン/インテリア/ナチュラル/テイスト/ダイニング/ナチュラルテイスト[rn]
20-117699,http://tshop.r10s.jp/auc-genco/cabinet/i2/230/ge-oth-ng-t-00345.jpg?fitin=700:700,39466.4000,,インテリア・寝具・収納 > テーブル > ダイニングテーブル > 木製,ダイニングテーブル az-wps-341/北欧/送料無料/クーポン/プレゼント/通販/後払い/新生活/オススメ/%off/ジェンコ/【RCP】/北欧/モダン/インテリア/ナチュラル/テイスト/ダイニング/ナチュラルテイスト,,"<img src=""http://image.rakuten.co.jp/auc-genco/cabinet/i2/230/ge-oth-ng-t-00345.jpg"" width=""100%"" /><br /><img src=""http://image.rakuten.co.jp/auc-genco/cabinet/i2/230/ge-oth-ng-t-00345_1.jpg"" width=""100%"" /><br /><img src=""http://image.rakuten.co.jp/auc-genco/cabinet/i2/230/ge-oth-ng-t-00345_2.jpg"" width=""100%"" /><br /><img src=""http://image.rakuten.co.jp/auc-genco/cabinet/i2/230/ge-oth-ng-t-00345_3.jpg"" width=""100%"" /><br /><img src=""http://image.rakuten.co.jp/auc-genco/cabinet/i2/230/ge-oth-ng-t-00345_4.jpg"" width=""100%"" /><br /><img src=""http://image.rakuten.co.jp/auc-genco/cabinet/i2/230/ge-oth-ng-t-00345_5.jpg"" width=""100%"" /><br /><br><br>[サイズ]W 154 X D 84 X H 73（ｃｍ）<br>[素材・仕様]天然木（パイン）　ラッカー塗装　スチール（粉体塗装）<br />組立<br>[重量]22キロ<br>[生産国]中国<br>[備考]全国一律無料<br /><br />(北海道は別途見積もり　 沖縄・離島は配達不可)<br />※お急ぎの場合は必ず事前に在庫確認を行って下さい。<br />※欠品中の場合は次回入荷後の発送になります。<br />※メーカー倉庫より直送になります。<br><br>※ご注文タイミングやご注文内容によっては、購入履歴からのご注文の修正を受け付けることができない場合がございます。<br><br><table width=""100%""><tr><td><p>他の「テーブル」を見る</p></td></tr></table><table width=""100%""><tr><td><p>他の「ダイニングテーブル」を見る</p></td></tr></table><BR><BR>検索用ワード<table width=""100%"" border=""1""><tr><td ><font color=""#EEE8AA"" size=""-2"">-テーブル- -ダイニングテーブル-   テーブル テーブルクロス テーブル 脚 パーツ 折りたたみ 北欧 木製 テーブルランナー ビニール 撥水 テーブル脚 透明 テーブルセット 高さ調節 ガラス チェア セット 昇降式 高さ60cm 白 高さ 調整 アウトドア アイアン アンティーク 赤 金具 角枠 椅子 ウォールナット 円形 おしゃれ 子供 折り畳み 一人用 奥行30cm 猫足 ロー かわいい 角 ガード カウンター 完成品 カフェ 可愛い カバー キャスター 木 キャンプ キッズ キッチン クロス ウェイト クッション クリップ ケルト こたつ 収納 昇降 伸縮 120 正方形 ソファ 高さ70cm 高さ40 高さ55cm 高さ調整 棚 高さ80cm 高さ70 高さ50cm 小さい 天板 天板のみ 透明マット カット 猫脚 の 幅60 丸 ライト lia ガス圧式 ガス コンロ ジオ ダイニング 5 90 楕円 デスク ドレッサー バッグハンガー ビーンズ ブラック パソコン ピンク ピクニック フック 二人 引き出し ホワイト 姫 一人暮らし 一人 ミニ 無垢 ロータイプ リビング ろくろ脚 60 40 120ct 150 折り 180 1800 1200×450 3点セット 60×60 60cm 75 70 90×60 ダイニングテーブル ダイニングテーブルセット 5点セット ベンチ 低め 6人掛け 丸テーブル アウトレット アジアン アーク イザベラ5点 イタリア製 イケア イームズ インテリア モダン リック 円卓 オーク 回転イス 黒 コンパクト サロモーネ 幅135cm ブラウン 伸長式 伸長 シート スチール emo 65cm 単品 ナチュラル 半円 幅120 幅140 幅180 マット 丸3点セット 4点セット パイン 二人用 変形 l字型 一枚板 無垢材 ヴィンテージ 160 180cm 120cm 140 150cm 100 2人 200cm 2人用 3点 4人 5点 6人 660 7点セット 幅200 8人掛け 80 </font></td></tr></table>",ダイニングテーブル az-wps-341/北欧/送料無料/クーポン/プレゼント/通販/後払い/新生活/オススメ/%off/ジェンコ/【RCP】/北欧/モダン/インテリア/ナチュラル/テイスト/ダイニング/ナチュラルテイスト：家具・インテリアのジェンコ,通信販売通販ショッピングオンラインショッピング買い物プレゼントギフト贈り物贈答品お中元お歳暮お買い得家具インテリア北欧送料無料デザイナーズソファベッドラックごみ箱アンティークチェアおしゃれコルビジェイームズイサムノグチ激安モダンミッドセンチュリーナチュラルテイスト無垢ダイニングテーブル az-wps-341/北欧/送料無料/クーポン/プレゼント/通販/後払い/新生活/オススメ/%off/ジェンコ/【RCP】/北欧/モダン/インテリア/ナチュラル/テイスト/ダイニング/ナチュラルテイスト,/ダイニングテーブル/伸縮/低め/丸/ダイニング/食卓/木製/無垢/。ダイニングテーブル az-wps-341/北欧/送料無料/クーポン/プレゼント/通販/後払い/新生活/オススメ/%off/ジェンコ/【RCP】/北欧/モダン/インテリア/ナチュラル/テイスト/ダイニング/ナチュラルテイスト[rn]
20-117700,http://tshop.r10s.jp/auc-genco/cabinet/i2/230/ge-oth-ng-t-00347.jpg?fitin=700:700,21688.8000,,インテリア・寝具・収納 > テーブル > ダイニングテーブル > 木製,ダイニングテーブル az-wps-348/北欧/送料無料/クーポン/プレゼント/通販/後払い/新生活/オススメ/%off/ジェンコ/【RCP】/北欧/モダン/インテリア/ナチュラル/テイスト/ダイニング/ナチュラルテイスト,,"<img src=""http://image.rakuten.co.jp/auc-genco/cabinet/i2/230/ge-oth-ng-t-00347.jpg"" width=""100%"" /><br /><img src=""http://image.rakuten.co.jp/auc-genco/cabinet/i2/230/ge-oth-ng-t-00347_1.jpg"" width=""100%"" /><br /><img src=""http://image.rakuten.co.jp/auc-genco/cabinet/i2/230/ge-oth-ng-t-00347_2.jpg"" width=""100%"" /><br /><br><br>[サイズ]W 120 X D 80 X H 75（ｃｍ）<br>[素材・仕様]天然木（パイン）　ラッカー塗装　スチール（粉体塗装）　<br />組立<br>[生産国]中国<br>[備考]全国一律無料<br /><br />(北海道は別途見積もり　 沖縄・離島は配達不可)<br />※お急ぎの場合は必ず事前に在庫確認を行って下さい。<br />※欠品中の場合は次回入荷後の発送になります。<br />※メーカー倉庫より直送になります。<br><br>※ご注文タイミングやご注文内容によっては、購入履歴からのご注文の修正を受け付けることができない場合がございます。<br><br><table width=""100%""><tr><td><p>他の「テーブル」を見る</p></td></tr></table><table width=""100%""><tr><td><p>他の「ダイニングテーブル」を見る</p></td></tr></table><BR><BR>検索用ワード<table width=""100%"" border=""1""><tr><td ><font color=""#EEE8AA"" size=""-2"">-テーブル- -ダイニングテーブル-   テーブル テーブルクロス テーブル 脚 パーツ 折りたたみ 北欧 木製 テーブルランナー ビニール 撥水 テーブル脚 透明 テーブルセット 高さ調節 ガラス チェア セット 昇降式 高さ60cm 白 高さ 調整 アウトドア アイアン アンティーク 赤 金具 角枠 椅子 ウォールナット 円形 おしゃれ 子供 折り畳み 一人用 奥行30cm 猫足 ロー かわいい 角 ガード カウンター 完成品 カフェ 可愛い カバー キャスター 木 キャンプ キッズ キッチン クロス ウェイト クッション クリップ ケルト こたつ 収納 昇降 伸縮 120 正方形 ソファ 高さ70cm 高さ40 高さ55cm 高さ調整 棚 高さ80cm 高さ70 高さ50cm 小さい 天板 天板のみ 透明マット カット 猫脚 の 幅60 丸 ライト lia ガス圧式 ガス コンロ ジオ ダイニング 5 90 楕円 デスク ドレッサー バッグハンガー ビーンズ ブラック パソコン ピンク ピクニック フック 二人 引き出し ホワイト 姫 一人暮らし 一人 ミニ 無垢 ロータイプ リビング ろくろ脚 60 40 120ct 150 折り 180 1800 1200×450 3点セット 60×60 60cm 75 70 90×60 ダイニングテーブル ダイニングテーブルセット 5点セット ベンチ 低め 6人掛け 丸テーブル アウトレット アジアン アーク イザベラ5点 イタリア製 イケア イームズ インテリア モダン リック 円卓 オーク 回転イス 黒 コンパクト サロモーネ 幅135cm ブラウン 伸長式 伸長 シート スチール emo 65cm 単品 ナチュラル 半円 幅120 幅140 幅180 マット 丸3点セット 4点セット パイン 二人用 変形 l字型 一枚板 無垢材 ヴィンテージ 160 180cm 120cm 140 150cm 100 2人 200cm 2人用 3点 4人 5点 6人 660 7点セット 幅200 8人掛け 80 </font></td></tr></table>",ダイニングテーブル az-wps-348/北欧/送料無料/クーポン/プレゼント/通販/後払い/新生活/オススメ/%off/ジェンコ/【RCP】/北欧/モダン/インテリア/ナチュラル/テイスト/ダイニング/ナチュラルテイスト：家具・インテリアのジェンコ,通信販売通販ショッピングオンラインショッピング買い物プレゼントギフト贈り物贈答品お中元お歳暮お買い得家具インテリア北欧送料無料デザイナーズソファベッドラックごみ箱アンティークチェアおしゃれコルビジェイームズイサムノグチ激安モダンミッドセンチュリーナチュラルテイスト無垢ダイニングテーブル az-wps-348/北欧/送料無料/クーポン/プレゼント/通販/後払い/新生活/オススメ/%off/ジェンコ/【RCP】/北欧/モダン/インテリア/ナチュラル/テイスト/ダイニング/ナチュラルテイスト,/ダイニングテーブル/伸縮/低め/丸/ダイニング/食卓/木製/無垢/。ダイニングテーブル az-wps-348/北欧/送料無料/クーポン/プレゼント/通販/後払い/新生活/オススメ/%off/ジェンコ/【RCP】/北欧/モダン/インテリア/ナチュラル/テイスト/ダイニング/ナチュラルテイスト[rn]
