20-139301,http://tshop.r10s.jp/sadafeel/cabinet/midori/imgrc0065305894.jpg?fitin=700:700,240.0000,,日用品雑貨・文房具・手芸 > 文房具・事務用品 > 手帳・ノート > ノート,【ミドリ】トラベラーズノート リフィル画用紙008/パスポートサイズ☆,,"ミドリ　トラベラーズノート<BR>
リフィル　画用紙008<BR>
14372-006<BR>
<BR>
■パスポートサイズ用<BR>
■32ページ 、画用紙、無罫<BR>
■H124×W89×D4mm<BR>",【ミドリ】トラベラーズノート リフィル画用紙008/パスポートサイズ☆：マスキングテープの店　佐田文具店,通信販売通販ショッピングオンラインショッピング買い物プレゼントギフト贈り物贈答品お中元お歳暮お買い得文具文房具雑貨通販マスキングテープ万年筆ボールペン付箋手帳ノート福袋文具セットキーホルダー鉛筆MDノートロディアミドリプレゼントオムニウッティ郡上八幡【ミドリ】トラベラーズノート リフィル画用紙008/パスポートサイズ☆,パスポートサイズ用。【ミドリ】トラベラーズノート リフィル画用紙008/パスポートサイズ☆[rn]
20-139302,http://tshop.r10s.jp/sadafeel/cabinet/midori/imgrc0064435268.jpg?fitin=700:700,192.0000,,日用品雑貨・文房具・手芸 > 文房具・事務用品 > 手帳・ノート > ノート,【ミドリ】トラベラーズノート リフィル方眼セクション002/パスポートサイズ☆,,"ミドリ　トラベラーズノート<BR>
リフィル　方眼セクション002<BR>
14314-006<BR>
<BR>
■パスポートサイズ用<BR>
■80ページ [DP用紙]、セクション罫 5×5mm、ミシン目入り、ステッチャー綴じ<BR>
■H124×W89×D4mm",【ミドリ】トラベラーズノート リフィル方眼セクション002/パスポートサイズ☆：マスキングテープの店　佐田文具店,通信販売通販ショッピングオンラインショッピング買い物プレゼントギフト贈り物贈答品お中元お歳暮お買い得文具文房具雑貨通販マスキングテープ万年筆ボールペン付箋手帳ノート福袋文具セットキーホルダー鉛筆MDノートロディアミドリプレゼントオムニウッティ郡上八幡【ミドリ】トラベラーズノート リフィル方眼セクション002/パスポートサイズ☆,パスポートサイズ用。【ミドリ】トラベラーズノート リフィル方眼セクション002/パスポートサイズ☆[rn]
20-139303,http://tshop.r10s.jp/sadafeel/cabinet/midori/imgrc0064435267.jpg?fitin=700:700,192.0000,,日用品雑貨・文房具・手芸 > 文房具・事務用品 > 手帳・ノート > ノート,【ミドリ】トラベラーズノート リフィル横罫001/パスポートサイズ☆,,"ミドリ　トラベラーズノート<BR>
リフィル　横罫　001<BR>
<BR>
■パスポートサイズ用<BR>
■80ページ [DP用紙]、横罫6.5mm、ミシン目入り、ステッチャー綴じ<BR>
■H124×W89×D4mm<BR>
<BR>",【ミドリ】トラベラーズノート リフィル横罫001/パスポートサイズ☆：マスキングテープの店　佐田文具店,通信販売通販ショッピングオンラインショッピング買い物プレゼントギフト贈り物贈答品お中元お歳暮お買い得文具文房具雑貨通販マスキングテープ万年筆ボールペン付箋手帳ノート福袋文具セットキーホルダー鉛筆MDノートロディアミドリプレゼントオムニウッティ郡上八幡【ミドリ】トラベラーズノート リフィル横罫001/パスポートサイズ☆,パスポートサイズ用。【ミドリ】トラベラーズノート リフィル横罫001/パスポートサイズ☆[rn]
20-139304,http://tshop.r10s.jp/sadafeel/cabinet/midori/imgrc0064032895.jpg?fitin=700:700,240.0000,,日用品雑貨・文房具・手芸 > 文房具・事務用品 > 手帳・ノート > ノート,【ミドリ】トラベラーズノート リフィル　ポケットシール004,,"ミドリ　トラベラーズノート<BR>
リフィル　ポケットシール　004<BR>
<BR>
■1枚入(3ポケット)<BR>
　※台紙からはがし、お好きな所に貼って使用するシールです。<BR>
　PVC製<BR>
■H223×W110mm<BR>
<BR>",【ミドリ】トラベラーズノート リフィル　ポケットシール004：マスキングテープの店　佐田文具店,通信販売通販ショッピングオンラインショッピング買い物プレゼントギフト贈り物贈答品お中元お歳暮お買い得文具文房具雑貨通販マスキングテープ万年筆ボールペン付箋手帳ノート福袋文具セットキーホルダー鉛筆MDノートロディアミドリプレゼントオムニウッティ郡上八幡【ミドリ】トラベラーズノート リフィル　ポケットシール004,【ミドリ】トラベラーズノート リフィル　ポケットシール004[rn]
20-139305,http://tshop.r10s.jp/laughlaugh/cabinet/lucky-bag/lucky-bag2/fe03-fuku3007.jpg?fitin=700:700,416.0000,,日用品雑貨・文房具・手芸 > 文房具・事務用品 > 手帳・ノート > ノート,【福袋・ラッピング不可】3007【ディズニー】すみDECOステッカー福袋（５枚入り）,,"〔ディズニーキャラクター☆〕
<br>大人気ディズニーキャラクターの
<br>カードや写真を飾れるすみっこデコレーションシール
<br>スクラップブッキングなどのデコにピッタリ！
<br>好きなところに貼ってデコレーションを楽しもう☆
<br>
<br><FONT color=""#ff0000"">
※画像のセット内容は一例です。
<br>※商品タグには値段記載があります。
<br>プレゼントの際にはご注意ください※
<br>※こちらの商品はラッピング不可となります。</font>",【福袋・ラッピング不可】3007【ディズニー】すみDECOステッカー福袋（５枚入り）：キャラクターズショップ　ラフラフ,通信販売通販ショッピングオンラインショッピング買い物プレゼントギフト贈り物贈答品お中元お歳暮お買い得キャラクターグッズお弁当グッズサンリオキャラクタームーミンリラックマグッズスヌーピー入園入学準備ルルロロくまのがっこうアナと雪の女王ゆるキャラフィギュアぬいぐるみスケジュール帳サンエックスキャラクター文具妖怪ウォッチスケジュール帳福袋カレンダー【福袋・ラッピング不可】3007【ディズニー】すみDECOステッカー福袋（５枚入り）,【福袋・ラッピング不可】3007【ディズニー】すみDECOステッカー福袋（５枚入り）[rn]
20-139306,http://tshop.r10s.jp/laughlaugh/cabinet/disney/disney25/fl12s2627272.jpg?fitin=700:700,496.0000,,日用品雑貨・文房具・手芸 > 文房具・事務用品 > 手帳・ノート > ノート,ディズニー ●キャンパスノートドットＡ罫5冊パック（スタンダード）★デザインコレクション11★★Ｃａｍｐｕｓ★,,"<!-- START MSG【楽天ラフラフ(スマホ用)ラッピング】 -->
<br><br>
<IMG src=""http://image.rakuten.co.jp/laughlaugh/cabinet/touroku-i/r_rapping_b.jpg"" width=""100%"" border=""0"">
<!-- END MSG【楽天ラフラフ(スマホ用)ラッピング】 -->
<!-- START MSG【クロネコＤＭ便不可(スマホ用)楽天ラフラフ】-->
<br><br><IMG src=""http://image.rakuten.co.jp/laughlaugh/cabinet/mailbinhuka.jpg"" width=""100%"" border=""0"">
<!-- END MSG【クロネコＤＭ便不可(スマホ用)楽天ラフラフ】-->
<br><br><table border=""0"" cellpadding=""5"" cellspacing=""0"" width=""100%""><tr><th bgcolor=""#DCDCDC""><font size=""-2"">商品説明</font></th></tr><tr><td><font size=""-1"">
〔ディズニーキャラクター☆Mickey&Freinds〕 
<br>みんなが大好きなディズニーキャラクターからステーショナリーグッズの登場です☆彡 
<br>キャンパスノートＡ罫５冊組です！文具でおなじみの大学ノートがかわいい５冊セットになりました！使いやすい７ミリ罫だよ。全て違うペア・トリオの仲良し柄の表紙なので教科ごとに使い分けしやすいね♪
</font></td></tr><tr><th bgcolor=""#DCDCDC""><font size=""-2"">仕様内容</font></th></tr><tr><td><font size=""-1"">
【サイズ】約W179×H252×D20mm(5冊パック時) 
<br>【本体重量】592g 
<br>【材　質 】紙 
<br>【内　容】本体/5冊、表紙柄/5柄、中紙/30枚　　 
<br>【パッケージ】シュリンク 
<br>【生産国】日本
</font></td></tr><tr><th bgcolor=""#DCDCDC""><font size=""-2"">特記事項</font></th></tr><tr><td><font size=""-1"">画像はあくまでも商品イメージになります。実際の商品と色や仕様が多少異なる場合がございます。

</font></td></tr></table><br>",ディズニー ●キャンパスノートドットＡ罫5冊パック（スタンダード）★デザインコレクション11★★Ｃａｍｐｕｓ★：キャラクターズショップ　ラフラフ,通信販売通販ショッピングオンラインショッピング買い物プレゼントギフト贈り物贈答品お中元お歳暮お買い得キャラクターグッズお弁当グッズサンリオキャラクタームーミンリラックマグッズスヌーピー入園入学準備ルルロロくまのがっこうアナと雪の女王ゆるキャラフィギュアぬいぐるみスケジュール帳サンエックスキャラクター文具妖怪ウォッチスケジュール帳福袋カレンダーディズニー ●キャンパスノートドットＡ罫5冊パック（スタンダード）★デザインコレクション11★★Ｃａｍｐｕｓ★,キャラクター/文具。ディズニー ●キャンパスノートドットＡ罫5冊パック（スタンダード）★デザインコレクション11★★Ｃａｍｐｕｓ★[rn]
20-139307,http://tshop.r10s.jp/laughlaugh/cabinet/disney/disney26/gd125200053a.jpg?fitin=700:700,120.0000,,日用品雑貨・文房具・手芸 > 文房具・事務用品 > 手帳・ノート > ノート,ディズニー アバローのプリンセスエレナ Ｂ5じゆうちょう,,"<!-- START MSG【楽天ラフラフ(スマホ用)ラッピング】 -->
<br><br>
<IMG src=""http://image.rakuten.co.jp/laughlaugh/cabinet/touroku-i/r_rapping_b.jpg"" width=""100%"" border=""0"">
<!-- END MSG【楽天ラフラフ(スマホ用)ラッピング】 -->
<br><br><table border=""0"" cellpadding=""5"" cellspacing=""0"" width=""100%""><tr><th bgcolor=""#DCDCDC""><font size=""-2"">商品説明</font></th></tr><tr><td><font size=""-1"">
〔ディズニーキャラクター☆アバローのプリンセスエレナ〕 
<br>16歳のエレナは、邪悪な魔女から王国を救ったプリンセス。強さと優しさを併せ持つが、女王になるにはまだ若い。家族や仲間の助けを借りて、君主の素養を身につけていく。プリンセスエレナからＢ５サイズのjじゆうちょうが登場です☆彡
<br>エレナの世界観が楽しめる♪♪お気に入りのキャラクターを見つけてね★
</font></td></tr><tr><th bgcolor=""#DCDCDC""><font size=""-2"">仕様内容</font></th></tr><tr><td><font size=""-1"">
【サイズ】Ｗ178×Ｈ252×Ｄ4ｍｍ　120ｇ
<br>【材　質】紙
<br>【内　容】本文24ページ
<br>【生産国】日本
</font></td></tr><tr><th bgcolor=""#DCDCDC""><font size=""-2"">特記事項</font></th></tr><tr><td><font size=""-1"">画像はあくまでも商品イメージになります。実際の商品と色や仕様が多少異なる場合がございます。

</font></td></tr></table><br>",ディズニー アバローのプリンセスエレナ Ｂ5じゆうちょう：キャラクターズショップ　ラフラフ,通信販売通販ショッピングオンラインショッピング買い物プレゼントギフト贈り物贈答品お中元お歳暮お買い得キャラクターグッズお弁当グッズサンリオキャラクタームーミンリラックマグッズスヌーピー入園入学準備ルルロロくまのがっこうアナと雪の女王ゆるキャラフィギュアぬいぐるみスケジュール帳サンエックスキャラクター文具妖怪ウォッチスケジュール帳福袋カレンダーディズニー アバローのプリンセスエレナ Ｂ5じゆうちょう,ディズニー/キャラクター/雑貨/ステーショナリー/文具。ディズニー アバローのプリンセスエレナ Ｂ5じゆうちょう[rn]
20-139308,http://tshop.r10s.jp/bunbougu-shibuya/cabinet/30/4991277618196-crx.jpg?fitin=700:700,129.6000,,日用品雑貨・文房具・手芸 > 文房具・事務用品 > 手帳・ノート > ノート,ちいさなプリンセスソフィア　じゆうちょう＜自由帳＞　B5サイズ　白無地　お城柄　61819　【disneyzone】[Jitsu160622A],,"ソフィアのおしゃれな自由帳が入荷されました♪<br>
表紙が裏表とも豪華なイラストで目を引きます☆<br>
背表紙のキラキラホログラムも可愛い★<br>
本文は使いやすい白無地なので勉強やお絵かきなど自由にお使いいただけます◎<br>
<br>
【仕様】<br>
・サイズ：B5<br>
・本文：白無地<br>
・内容：28枚<br>
<br>
※商品写真はサンプルのため、デザイン等若干の差異が生じます。予めご了承ください。<br>
※お使いの画面環境により画像の色味に多少の差異が生じます。予めご了承ください。<br>",ちいさなプリンセスソフィア　じゆうちょう＜自由帳＞　B5サイズ　白無地　お城柄　61819　【disneyzone】[Jitsu160622A]：ランドセルと文房具  シブヤ文房具,通信販売通販ショッピングオンラインショッピング買い物プレゼントギフト贈り物贈答品お中元お歳暮お買い得ランドセル文房具ランドセル　通信販売文房具　通信販売ランドセル　通販文具新学期画材筆記具ランチ水筒名前入れランドセル　天使のはねランドセル　女の子ランドセル　男の子ちいさなプリンセスソフィア　じゆうちょう＜自由帳＞　B5サイズ　白無地　お城柄　61819　【disneyzone】[Jitsu160622A],ソフィアのかわいい自由帳♪disney。ちいさなプリンセスソフィア　じゆうちょう＜自由帳＞　B5サイズ　白無地　お城柄　61819　【disneyzone】[Jitsu160622A][rn]
20-139309,http://tshop.r10s.jp/bunbougu-shibuya/cabinet/33/4991277867112-crx.jpg?fitin=700:700,230.4000,,日用品雑貨・文房具・手芸 > 文房具・事務用品 > 手帳・ノート > ノート,【ゆうメール可】ディズニー・プリンセス　ルーズリーフノート　B5　6.5mm罫線　50枚　アリエル柄　86711　【disneyzone】,,"アリエルのおしゃれなルーズリーフノート♪<br>
ちぎるとB5サイズのルーズリーフとして使える優れもの◎<br>
本文にはアリエルのイラストがワンポイントで入っていて可愛い！<br>
勉強も楽しくなりそうですね☆<br>
<br>
【仕様】<br>
・サイズ：B5<br>
・本文：6.5mm罫線<br>
・中紙：50枚<br>
<br>
※商品写真はサンプルのため、デザイン等若干の差異が生じます。予めご了承ください。<br>
※お使いの画面環境により画像の色味に多少の差異が生じます。予めご了承ください。<br>",【ゆうメール可】ディズニー・プリンセス　ルーズリーフノート　B5　6.5mm罫線　50枚　アリエル柄　86711　【disneyzone】：ランドセルと文房具  シブヤ文房具,通信販売通販ショッピングオンラインショッピング買い物プレゼントギフト贈り物贈答品お中元お歳暮お買い得ランドセル文房具ランドセル　通信販売文房具　通信販売ランドセル　通販文具新学期画材筆記具ランチ水筒名前入れランドセル　天使のはねランドセル　女の子ランドセル　男の子【ゆうメール可】ディズニー・プリンセス　ルーズリーフノート　B5　6.5mm罫線　50枚　アリエル柄　86711　【disneyzone】,アリエルの可愛いルーズリーフノート♪disney。【ゆうメール可】ディズニー・プリンセス　ルーズリーフノート　B5　6.5mm罫線　50枚　アリエル柄　86711　【disneyzone】[rn]
20-139310,http://tshop.r10s.jp/bunbougu-shibuya/cabinet/33/7125680a.jpg?fitin=700:700,96.0000,,日用品雑貨・文房具・手芸 > 文房具・事務用品 > 手帳・ノート > ノート,【ゆうメール可】宇宙戦隊キュウレンジャー　B5らくがきちょう ＜ぬりえつき＞　白無地　4901771300589,,"宇宙戦隊キュウレンジャーのかっこいいラクガキ帳が登場！<br>
本文は使いやすい白無地タイプ☆<br>
キュウレンジャーたちのかっこいいぬりえ付き！<br>
<br>
【サイズ】<br>
B5<br>
<br>
【内容】<br>
ぬりえ：1枚<br>
本文：24枚<br>
<br>
※商品写真はサンプルのため、デザイン等若干の差異が生じます。予めご了承ください。<br>
※お使いの画面環境により画像の色味に多少の差異が生じます。予めご了承ください。<br>",【ゆうメール可】宇宙戦隊キュウレンジャー　B5らくがきちょう ＜ぬりえつき＞　白無地　4901771300589：ランドセルと文房具  シブヤ文房具,通信販売通販ショッピングオンラインショッピング買い物プレゼントギフト贈り物贈答品お中元お歳暮お買い得ランドセル文房具ランドセル　通信販売文房具　通信販売ランドセル　通販文具新学期画材筆記具ランチ水筒名前入れランドセル　天使のはねランドセル　女の子ランドセル　男の子【ゆうメール可】宇宙戦隊キュウレンジャー　B5らくがきちょう ＜ぬりえつき＞　白無地　4901771300589,キュウレンジャーのかっこいいらくがき帳！。【ゆうメール可】宇宙戦隊キュウレンジャー　B5らくがきちょう ＜ぬりえつき＞　白無地　4901771300589[rn]
20-139311,http://tshop.r10s.jp/bunbougu-shibuya/cabinet/33/87633001-10.jpg?fitin=700:700,936.0000,,日用品雑貨・文房具・手芸 > 文房具・事務用品 > 手帳・ノート > ノート,【大特価35%OFF】ワンピース　自由帳＜じゆうちょう＞　B5　白無地　＜10冊セット＞　［2017年度新入学文具］　4901772087038　[87633001-10],,"ワンピースの2017年度新入学文具！<br>
かっこいい自由帳がたっぷり10冊セットになって登場☆<br>
かっこいいキャラクターシール付き！<br>
たくさんお絵かきして遊んでね♪<br>
<br>
【仕様】<br>
・入数：10冊セット<br>
・サイズ：B5<br>
・本文：白無地　30枚（計60ページ）<br>
<br>
※商品写真はサンプルのため、デザイン等若干の差異が生じます。予めご了承ください。<br>
※お使いの画面環境により画像の色味に多少の差異が生じます。予めご了承ください。<br>
※メーカー希望小売価格はメーカーカタログに基づいて掲載しています。",【大特価35%OFF】ワンピース　自由帳＜じゆうちょう＞　B5　白無地　＜10冊セット＞　［2017年度新入学文具］　4901772087038　[87633001-10]：ランドセルと文房具  シブヤ文房具,通信販売通販ショッピングオンラインショッピング買い物プレゼントギフト贈り物贈答品お中元お歳暮お買い得ランドセル文房具ランドセル　通信販売文房具　通信販売ランドセル　通販文具新学期画材筆記具ランチ水筒名前入れランドセル　天使のはねランドセル　女の子ランドセル　男の子【大特価35%OFF】ワンピース　自由帳＜じゆうちょう＞　B5　白無地　＜10冊セット＞　［2017年度新入学文具］　4901772087038　[87633001-10],ワンピース2017年わくわく新学期シリーズ！。【大特価35%OFF】ワンピース　自由帳＜じゆうちょう＞　B5　白無地　＜10冊セット＞　［2017年度新入学文具］　4901772087038　[87633001-10][rn]
20-139312,http://tshop.r10s.jp/laughlaugh/cabinet/rilakkuma/rilakkuma10/fk04ny03501.jpg?fitin=700:700,115.2000,,日用品雑貨・文房具・手芸 > 文房具・事務用品 > 手帳・ノート > ノート,リラックマ 自由帳★ゴーゴースクール★,,"<!-- START MSG【楽天ラフラフ(スマホ用)ラッピング】 -->
<br><br>
<IMG src=""http://image.rakuten.co.jp/laughlaugh/cabinet/touroku-i/r_rapping_b.jpg"" width=""100%"" border=""0"">
<!-- END MSG【楽天ラフラフ(スマホ用)ラッピング】 -->
<br><br><table border=""0"" cellpadding=""5"" cellspacing=""0"" width=""100%""><tr><th bgcolor=""#DCDCDC""><font size=""-2"">商品説明</font></th></tr><tr><td><font size=""-1"">
〔サンエックスキャラクター☆Rilakkuma☆San-x〕
<br>サンエックスの人気キャラクター、リラックマからステーショナリーグッズが登場です☆彡
<br>かわいい自由帳です！大好きなキャラクター文具を揃えて楽しい新学期を迎えましょ(#^^#) 
</font></td></tr><tr><th bgcolor=""#DCDCDC""><font size=""-2"">仕様内容</font></th></tr><tr><td><font size=""-1"">
【サイズ】252×179mm
<br>【内　容】糸とじ製本・白無地本文60頁・ぬりえ付
</font></td></tr><tr><th bgcolor=""#DCDCDC""><font size=""-2"">特記事項</font></th></tr><tr><td><font size=""-1"">画像はあくまでも商品イメージになります。実際の商品と色や仕様が多少異なる場合がございます。

</font></td></tr></table><br>",リラックマ 自由帳★ゴーゴースクール★：キャラクターズショップ　ラフラフ,通信販売通販ショッピングオンラインショッピング買い物プレゼントギフト贈り物贈答品お中元お歳暮お買い得キャラクターグッズお弁当グッズサンリオキャラクタームーミンリラックマグッズスヌーピー入園入学準備ルルロロくまのがっこうアナと雪の女王ゆるキャラフィギュアぬいぐるみスケジュール帳サンエックスキャラクター文具妖怪ウォッチスケジュール帳福袋カレンダーリラックマ 自由帳★ゴーゴースクール★,サンエックス/キャラクター。リラックマ 自由帳★ゴーゴースクール★[rn]
20-139313,http://tshop.r10s.jp/bunbougu-shibuya/cabinet/29/4991863427416-ska.jpg?fitin=700:700,200.0000,,日用品雑貨・文房具・手芸 > 文房具・事務用品 > 手帳・ノート > ノート,メゾピアノ　連絡帳＜連絡ノート＞　B5　80119401　＜レインボーパーク＞ [Jitsu160625A],,"メゾピアノのかわいいキャラクターがプリントされた連絡帳♪<br>
本文もキュートなチェック柄です！<br>
キラキラの帯がおしゃれ☆<br>
<br>
【仕様】<br>
・サイズ：B5<br>
・48ページ<br>
<br>
※商品写真はサンプルのため、デザイン等若干の差異が生じます。予めご了承ください。<br>
※お使いの画面環境により画像の色味に多少の差異が生じます。予めご了承ください。<br>",メゾピアノ　連絡帳＜連絡ノート＞　B5　80119401　＜レインボーパーク＞ [Jitsu160625A]：ランドセルと文房具  シブヤ文房具,通信販売通販ショッピングオンラインショッピング買い物プレゼントギフト贈り物贈答品お中元お歳暮お買い得ランドセル文房具ランドセル　通信販売文房具　通信販売ランドセル　通販文具新学期画材筆記具ランチ水筒名前入れランドセル　天使のはねランドセル　女の子ランドセル　男の子メゾピアノ　連絡帳＜連絡ノート＞　B5　80119401　＜レインボーパーク＞ [Jitsu160625A],メゾピアノのかわいい連絡帳！。メゾピアノ　連絡帳＜連絡ノート＞　B5　80119401　＜レインボーパーク＞ [Jitsu160625A][rn]
20-139314,http://tshop.r10s.jp/bunbougu-shibuya/cabinet/13/4560107741665-kok.jpg?fitin=700:700,269.6000,,日用品雑貨・文房具・手芸 > 文房具・事務用品 > 手帳・ノート > ノート,【大特価半額】A5ノートブック　５冊セット　ReEDEN colours（リエデン カラーズ）KPSN-R103RX5,,"森をイメージしたリエデンオリジナルの<br>
デザイン背クロスと、切り取りミシン目入りの<br>
A5ノート！<br>
<br>
【内容】<br>
6.5mm横罫30枚<br>
５冊パック<br>
【セットカラー】<br>
ピスタチオ<br>
マスタード<br>
ティラミス<br>
カリブ<br>
赤いちご",【大特価半額】A5ノートブック　５冊セット　ReEDEN colours（リエデン カラーズ）KPSN-R103RX5：ランドセルと文房具  シブヤ文房具,通信販売通販ショッピングオンラインショッピング買い物プレゼントギフト贈り物贈答品お中元お歳暮お買い得ランドセル文房具ランドセル　通信販売文房具　通信販売ランドセル　通販文具新学期画材筆記具ランチ水筒名前入れランドセル　天使のはねランドセル　女の子ランドセル　男の子【大特価半額】A5ノートブック　５冊セット　ReEDEN colours（リエデン カラーズ）KPSN-R103RX5,５つのカラーのセットだよ☆。【大特価半額】A5ノートブック　５冊セット　ReEDEN colours（リエデン カラーズ）KPSN-R103RX5[rn]
20-139315,http://tshop.r10s.jp/kys/cabinet/ake14/ake-00066217.jpg?fitin=700:700,63.2000,,日用品雑貨・文房具・手芸 > 文房具・事務用品 > 手帳・ノート > ノート,アピカ オフィシャルノート30枚 B罫 6B3F,,"<p><img src=""http://image.rakuten.co.jp/kys/cabinet/index/sp_explanation.jpg"" width=""100%""></p>
<p>【メーカー】<br>●アピカ<br><br>【仕様】<br>●規格：セミＢ５判</p>",アピカ オフィシャルノート30枚 B罫 6B3F：KanamonoYaSan  ＫＹＳ,通信販売通販ショッピングオンラインショッピング買い物プレゼントギフト贈り物贈答品お中元お歳暮お買い得工具電動工具作業工具機械工具大工パナソニック日立ボッシュレーザー金物充電工具測定インパクトドライバタスコジャパン真空ポンプ空調工具マキタKYSアピカ オフィシャルノート30枚 B罫 6B3F,アピカ オフィシャルノート30枚 B罫 6B3F[rn]
20-139316,http://tshop.r10s.jp/zeitakuya/cabinet/katespade/katespade1/ks-sticky-set.jpg?fitin=700:700,2624.0000,,日用品雑貨・文房具・手芸 > 文房具・事務用品 > 手帳・ノート > ノート,ケイトスペード kate spade 付箋セット ふせん ノート メモ 文房具 ステーショナリー KS-STICKY-SET ブランド 人気,,"<img src=""http://image.rakuten.co.jp/zeitakuya/cabinet/katespade/katespade1/ks-sticky-set_1.jpg"" width=""100%""><br><br><table><tr><td width=""4"" bgcolor=""#222""></td><td width=""1""></td><td><font size=""3""><b>ケイトスペード。オシャレすぎます♪ 
<br>使い道多数。付箋セット。
<br></b></font></td></tr></table><br><table><tr><td width=""3""></td><td>ケイトスペードから、とっても可愛い付箋セットが入荷しました。
<br>これはヤバいくらいに可愛い。
<br>しかも、合計7種類で、各100シート付いています。
<br>とってもお得すぎて、嬉しい限り。
<br>いつも使っている無味乾燥な付箋が、
<br>ケイトスペードになっちゃうんです。
<br>これは、ヤバいです。
<br>仕事も遊びも最高に、はかどっちゃいます！
<br>なんといっても、ケイトスペードです。
<br>とにかく、とっても素敵で可愛いケイトスペード。
<br>ぜひ、可愛がって下さいね！</td></tr></table><br><img src=""http://image.rakuten.co.jp/zeitakuya/cabinet/katespade/katespade1/ks-sticky-set_2.jpg"" width=""100%""><br><br><table><tr><td width=""4"" bgcolor=""#222""></td><td width=""1""></td><td><b>Item Data</b></td></tr></table><hr>ケイトスペード KateSpade ステーショナリー 文房具 人気 新作
<br>
<br>【商品】ケイトスペード KateSpade 付箋セット ふせん ノート メモ 文房具 ステーショナリー KS-STICKY-SET
<br>【色】1：STRIKE GOLD 2：THIS JUST IN
<br>【サイズ】ケースサイズ約：25cm×13cm ※合計7種類のふせん入り
<br>【素材】ペーパー
<br>【付属品】無し
<br>【状態】新品
<br>【購入場所】ケイトスペード正規取扱店
<br>
<br>
<br>※商品は大切に保管しておりますが、
<br>輸入品のため、細かいスレ傷汚れ、折しわや毛羽立ち、
<br>多少の色むらなどがある場合がございます。
<br>素材の風合いや特徴を理解できない方、完璧を望む方、
<br>しわスレ一つ無いようなピカピカ商品を望む方は、通販ではなく、
<br>ご自分の目で確かめられる購入方法をお勧めいたします。 <br><br><hr>



<!--　▼SP用説明 ケイトスペード用▼　-->
<b><font size=""4"">▼ケイトスペードをお探しですか？▼</font></b><br />
新作、人気、日本未入荷、沢山ご用意してます。<br />
<b>⇒ケイトスペード TOPはこちら<br />
⇒ケイトスペード バッグはこちら<br />
⇒ケイトスペード 財布はこちら<br />
⇒ケイトスペード 小物はこちら<br />
</b><hr>
贅沢屋TOPへ戻る
<hr>
<!--　▲SP用説明 ケイトスペード用▲　-->",ケイトスペード kate spade 付箋セット ふせん ノート メモ 文房具 ステーショナリー KS-STICKY-SET ブランド 人気：贅沢屋,通信販売通販ショッピングオンラインショッピング買い物プレゼントギフト贈り物贈答品お中元お歳暮お買い得グッチ バッグGUCCI バッグバッグ財布アウトレット正規店コーチ バッグCOACH 財布トリーバーチTORYBURCHケイトスペードKATESPADE贅沢屋カペリストローワールドスカラ贅沢屋贅沢屋公式zeitakuyaプラダケイトスペード kate spade 付箋セット ふせん ノート メモ 文房具 ステーショナリー KS-STICKY-SET ブランド 人気,ケイトスペード KateSpade ステーショナリー ふせんセット。ケイトスペード kate spade 付箋セット ふせん ノート メモ 文房具 ステーショナリー KS-STICKY-SET ブランド 人気[rn]
20-139317,http://tshop.r10s.jp/dtc/cabinet/00551435/4971660030934.jpg?fitin=700:700,1008.0000,,日用品雑貨・文房具・手芸 > 文房具・事務用品 > 手帳・ノート > ノート,キングジム スマートフォン用 スマホでスキャンしやすいノートカバー (A5タテ型・ブルー) 1791 BU,,"〔スマートフォン用：デジタルノート〕
スマホの専用アプリで、ノート1ページを簡単にスキャンできるノートカバー。（A5タテ型・ブルー）",キングジム スマートフォン用 スマホでスキャンしやすいノートカバー (A5タテ型・ブルー) 1791 BU：ソフマップ楽天市場店,通信販売通販ショッピングオンラインショッピング買い物プレゼントギフト贈り物贈答品お中元お歳暮お買い得ソフマップSofmapパソコンタブレットPCHDDアセンブリパーツパソコンパーツテレビゲームブルーレイソフトDVDソフト液晶テレビブルーレイディスクレコーダーデジタル一眼レフカメラデジタルカメラ家電時計中古アウトレットiPadiPhoneキングジム スマートフォン用 スマホでスキャンしやすいノートカバー (A5タテ型・ブルー) 1791 BU,　。キングジム スマートフォン用 スマホでスキャンしやすいノートカバー (A5タテ型・ブルー) 1791 BU[rn]
20-139318,http://tshop.r10s.jp/wizmouse-m/cabinet/1000-5/1000-01493-40052-1.jpg?fitin=700:700,1160.0000,,日用品雑貨・文房具・手芸 > 文房具・事務用品 > 手帳・ノート > ノート,ディズニー・ハロウィーン2016 ヴァンパイア【ノート】A5 TDR ディズニー ディズニーリゾート(ミッキー ディズニー ハロウィン リングノート ステーショナリー グッズ)東京ディズニーリゾート限定,,"東京ディズニーリゾート TDR<br>
ディズニーハロウィーン2016　スペシャルグッズ
<br>ヴァンパイアシリーズ<br>
<br>
A5サイズ リングノート<br><br>

【サイズ】A5サイズ<br>
<br><br>
<img src=""http://image.rakuten.co.jp/wizmouse-m/cabinet/bnr/imgrc0065375764.jpg"" width=""100%"">",ディズニー・ハロウィーン2016 ヴァンパイア【ノート】A5 TDR ディズニー ディズニーリゾート(ミッキー ディズニー ハロウィン リングノート ステーショナリー グッズ)東京ディズニーリゾート限定：Mouse with me,通信販売通販ショッピングオンラインショッピング買い物プレゼントギフト贈り物贈答品お中元お歳暮お買い得ディズニー・ハロウィーン2016 ヴァンパイア【ノート】A5 TDR ディズニー ディズニーリゾート(ミッキー ディズニー ハロウィン リングノート ステーショナリー グッズ)東京ディズニーリゾート限定,ディズニー・ハロウィーン2016 ヴァンパイア【ノート】A5 TDR ディズニー ディズニーリゾート(ミッキー ディズニー ハロウィン リングノート ステーショナリー グッズ)東京ディズニーリゾート限定[rn]
20-139319,http://tshop.r10s.jp/wizmouse-m/cabinet/1000-4/1000-01320-36260-1.jpg?fitin=700:700,696.0000,,日用品雑貨・文房具・手芸 > 文房具・事務用品 > 手帳・ノート > ノート,アリス 【 ノートセット 】 ディズニー TDR 2016 ディズニーリゾート （ 不思議の国のアリス チシャネコ 　ステーショナリー　ノート　文房具　2冊　）,,"東京ディズニーリゾート限定<br><br>
2016年の新作！　アリスのノートセットです♪<br><br>

【サイズ】(大)縦約21cm×横15cm <br>
(小):縦約17cm×横約9cm <br>
2冊セット <br>
 ノート:32枚(64ページ) <br><br><br>
<img src=""http://image.rakuten.co.jp/wizmouse-m/cabinet/bnr/imgrc0065375764.jpg"" width=""100%"">",アリス 【 ノートセット 】 ディズニー TDR 2016 ディズニーリゾート （ 不思議の国のアリス チシャネコ 　ステーショナリー　ノート　文房具　2冊　）：Mouse with me,通信販売通販ショッピングオンラインショッピング買い物プレゼントギフト贈り物贈答品お中元お歳暮お買い得アリス 【 ノートセット 】 ディズニー TDR 2016 ディズニーリゾート （ 不思議の国のアリス チシャネコ 　ステーショナリー　ノート　文房具　2冊　）,アリス 【 ノートセット 】 ディズニー TDR 2016 ディズニーリゾート （ 不思議の国のアリス チシャネコ 　ステーショナリー　ノート　文房具　2冊　）[rn]
20-139320,http://tshop.r10s.jp/rennkou-syouji/cabinet/04353630/imgrc0067129488.jpg?fitin=700:700,1264.0000,,日用品雑貨・文房具・手芸 > 文房具・事務用品 > 手帳・ノート > ノート,【スヌーピーキャラクター】メモリアルブック ウッドストック　アルバム グッズ メモリアル,,"<img src=""http://image.rakuten.co.jp/rennkou-syouji/cabinet/04353630/imgrc0067129488.jpg"" width=""100%"" border=""0"">
<br>
<img src=""http://image.rakuten.co.jp/rennkou-syouji/cabinet/04353630/imgrc0067129490.jpg"" width=""100%"" border=""0"">
<br>

スヌーピーの人気キャラクター達と一緒に<br>
 お気に入りの写真を飾ろう♪<br>
高級で素敵な仕上がり！<br>
 金箔の文字がとびっきりに上品☆<br>
とびっきりラブリーな写真立てです♪<br>
そのまま飾っても可愛いです♪<br>
たくさんのキャラクターに囲まれて<br>
楽しくハッピーライフ☆<br>
お気に入りのキャラが見つかるはず！？<br>
<br>
サイズ：約H258mm×185mm<br>
（開いたとき：H258×W375mm)<br>
パッケージサイズ：H265×W192×D13mm<br>
素　材：ポリエステル・紙<br>",【スヌーピーキャラクター】メモリアルブック ウッドストック　アルバム グッズ メモリアル：快適くらし館,通信販売通販ショッピングオンラインショッピング買い物プレゼントギフト贈り物贈答品お中元お歳暮お買い得デスクライトデスクライト ledデスクスタンドモバイルバッテリー 大容量 軽量モバイルバッテリークリップライト電気スタンド電気スタンド 卓上日傘 晴雨兼用LEDクリップライトデスクライト 学習机折りたたみ傘シーリングライト ledヘアアイロン カールおしゃれ日傘 折りたたみシーリングライトデスクライト 目に優しい水森亜土ＬＥＤ キャンドル【スヌーピーキャラクター】メモリアルブック ウッドストック　アルバム グッズ メモリアル,メモリアルブック ウッドストック。【スヌーピーキャラクター】メモリアルブック ウッドストック　アルバム グッズ メモリアル[rn]
20-139321,http://tshop.r10s.jp/rennkou-syouji/cabinet/04353630/imgrc0067129489.jpg?fitin=700:700,1264.0000,,日用品雑貨・文房具・手芸 > 文房具・事務用品 > 手帳・ノート > ノート,【スヌーピーキャラクター】メモリアルブック チャーリー・ブラウン　アルバム グッズ メモリアル,,"<img src=""http://image.rakuten.co.jp/rennkou-syouji/cabinet/04353630/imgrc0067129489.jpg"" width=""100%"" border=""0"">
<br>
<img src=""http://image.rakuten.co.jp/rennkou-syouji/cabinet/04353630/imgrc0067129490.jpg"" width=""100%"" border=""0"">
<br>

スヌーピーの人気キャラクター達と一緒に<br>
 お気に入りの写真を飾ろう♪<br>
高級で素敵な仕上がり！<br>
 金箔の文字がとびっきりに上品☆<br>
とびっきりラブリーな写真立てです♪<br>
そのまま飾っても可愛いです♪<br>
たくさんのキャラクターに囲まれて<br>
楽しくハッピーライフ☆<br>
お気に入りのキャラが見つかるはず！？<br>
<br>
サイズ：約H258mm×185mm<br>
（開いたとき：H258×W375mm)<br>
パッケージサイズ：H265×W192×D13mm<br>
素　材：ポリエステル・紙<br>",【スヌーピーキャラクター】メモリアルブック チャーリー・ブラウン　アルバム グッズ メモリアル：快適くらし館,通信販売通販ショッピングオンラインショッピング買い物プレゼントギフト贈り物贈答品お中元お歳暮お買い得デスクライトデスクライト ledデスクスタンドモバイルバッテリー 大容量 軽量モバイルバッテリークリップライト電気スタンド電気スタンド 卓上日傘 晴雨兼用LEDクリップライトデスクライト 学習机折りたたみ傘シーリングライト ledヘアアイロン カールおしゃれ日傘 折りたたみシーリングライトデスクライト 目に優しい水森亜土ＬＥＤ キャンドル【スヌーピーキャラクター】メモリアルブック チャーリー・ブラウン　アルバム グッズ メモリアル,メモリアルブック  。【スヌーピーキャラクター】メモリアルブック チャーリー・ブラウン　アルバム グッズ メモリアル[rn]
20-139322,http://tshop.r10s.jp/rennkou-syouji/cabinet/04353630/imgrc0067129485.jpg?fitin=700:700,1264.0000,,日用品雑貨・文房具・手芸 > 文房具・事務用品 > 手帳・ノート > ノート,【ディズニーキャラクター】メモリアルブック アリスアルバム グッズ メモリアル ディズニー,,"<img src=""http://image.rakuten.co.jp/rennkou-syouji/cabinet/04353630/imgrc0067129485.jpg"" width=""100%"" border=""0"">
<br>
<img src=""http://image.rakuten.co.jp/rennkou-syouji/cabinet/04353630/imgrc0067129487.jpg"" width=""100%"" border=""0"">
<br>

ディズニーの人気キャラクター達と一緒に<br>
 お気に入りの写真を飾ろう♪<br>
高級で素敵な仕上がり！<br>
 金箔の文字がとびっきりに上品☆<br>
とびっきりラブリーな写真立てです♪<br>
そのまま飾っても可愛いです♪<br>
たくさんのキャラクターに囲まれて<br>
楽しくハッピーライフ☆<br>
お気に入りのキャラが見つかるはず！？<br>
<br>
サイズ：約H258mm×185mm<br>
（開いたとき：H258×W375mm)<br>
パッケージサイズ：H265×W192×D17mm<br>
素　材：ポリエステル・紙<br>
<br>
<hr>
■カテゴリ<br>
├
海外キャラクター
<br>
├
国内キャラクター
<br>
└
ディズニー(Disney) 
<br>
<hr>
<br>",【ディズニーキャラクター】メモリアルブック アリスアルバム グッズ メモリアル ディズニー：快適くらし館,通信販売通販ショッピングオンラインショッピング買い物プレゼントギフト贈り物贈答品お中元お歳暮お買い得デスクライトデスクライト ledデスクスタンドモバイルバッテリー 大容量 軽量モバイルバッテリークリップライト電気スタンド電気スタンド 卓上日傘 晴雨兼用LEDクリップライトデスクライト 学習机折りたたみ傘シーリングライト ledヘアアイロン カールおしゃれ日傘 折りたたみシーリングライトデスクライト 目に優しい水森亜土ＬＥＤ キャンドル【ディズニーキャラクター】メモリアルブック アリスアルバム グッズ メモリアル ディズニー,【ディズニーキャラクター】メモリアルブック アリス。【ディズニーキャラクター】メモリアルブック アリスアルバム グッズ メモリアル ディズニー[rn]
20-139323,http://tshop.r10s.jp/rennkou-syouji/cabinet/04353630/imgrc0067129484.jpg?fitin=700:700,1264.0000,,日用品雑貨・文房具・手芸 > 文房具・事務用品 > 手帳・ノート > ノート,【ディズニーキャラクター】メモリアルブック ドナルドとディジー アルバム グッズ メモリアル ディズニー,,"<img src=""http://image.rakuten.co.jp/rennkou-syouji/cabinet/04353630/imgrc0067129484.jpg"" width=""100%"" border=""0"">
<br>
<img src=""http://image.rakuten.co.jp/rennkou-syouji/cabinet/04353630/imgrc0067129487.jpg"" width=""100%"" border=""0"">
<br>

ディズニーの人気キャラクター達と一緒に<br>
 お気に入りの写真を飾ろう♪<br>
高級で素敵な仕上がり！<br>
 金箔の文字がとびっきりに上品☆<br>
とびっきりラブリーな写真立てです♪<br>
そのまま飾っても可愛いです♪<br>
たくさんのキャラクターに囲まれて<br>
楽しくハッピーライフ☆<br>
お気に入りのキャラが見つかるはず！？<br>
<br>
サイズ：約H258mm×185mm<br>
（開いたとき：H258×W375mm)<br>
パッケージサイズ：H265×W192×D17mm<br>
素　材：ポリエステル・紙<br>
<br>
<hr>
■カテゴリ<br>
├
海外キャラクター
<br>
├
国内キャラクター
<br>
└
ディズニー(Disney) 
<br>
<hr>
<br>",【ディズニーキャラクター】メモリアルブック ドナルドとディジー アルバム グッズ メモリアル ディズニー：快適くらし館,通信販売通販ショッピングオンラインショッピング買い物プレゼントギフト贈り物贈答品お中元お歳暮お買い得デスクライトデスクライト ledデスクスタンドモバイルバッテリー 大容量 軽量モバイルバッテリークリップライト電気スタンド電気スタンド 卓上日傘 晴雨兼用LEDクリップライトデスクライト 学習机折りたたみ傘シーリングライト ledヘアアイロン カールおしゃれ日傘 折りたたみシーリングライトデスクライト 目に優しい水森亜土ＬＥＤ キャンドル【ディズニーキャラクター】メモリアルブック ドナルドとディジー アルバム グッズ メモリアル ディズニー,【ディズニーキャラクター】メモリアルブック 。【ディズニーキャラクター】メモリアルブック ドナルドとディジー アルバム グッズ メモリアル ディズニー[rn]
20-139324,http://tshop.r10s.jp/rennkou-syouji/cabinet/03338770/03954498/img61182252.jpg?fitin=700:700,345.6000,,日用品雑貨・文房具・手芸 > 文房具・事務用品 > 手帳・ノート > ノート,2014年　アカデミー賞受賞　ディズニー(Disney)　アナと雪の女王　リングノート　IG-1069・B 文具 リングノート キャラクター グッズ アナと雪の女王グッズ,,"第86回アカデミー賞で長編アニメーション賞と主題歌賞を受賞したディズニーアニメーション最新作の「アナと雪の女王」のリングノート!! <br>
<br>
<br>
サイズ B6サイズ<br>
個装サイズ：13×20×15cm <br>
重量 個装重量：750g <br>
素材・材質 紙 <br>
製造国 日本 <br>
<br>
<br>
<hr>
■カテゴリ<br>
├
海外キャラクター
<br>
├
国内キャラクター
<br>
└
ディズニー(Disney) 
<br>
<hr>
<br>",2014年　アカデミー賞受賞　ディズニー(Disney)　アナと雪の女王　リングノート　IG-1069・B 文具 リングノート キャラクター グッズ アナと雪の女王グッズ：快適くらし館,通信販売通販ショッピングオンラインショッピング買い物プレゼントギフト贈り物贈答品お中元お歳暮お買い得デスクライトデスクライト ledデスクスタンドモバイルバッテリー 大容量 軽量モバイルバッテリークリップライト電気スタンド電気スタンド 卓上日傘 晴雨兼用LEDクリップライトデスクライト 学習机折りたたみ傘シーリングライト ledヘアアイロン カールおしゃれ日傘 折りたたみシーリングライトデスクライト 目に優しい水森亜土ＬＥＤ キャンドル2014年　アカデミー賞受賞　ディズニー(Disney)　アナと雪の女王　リングノート　IG-1069・B 文具 リングノート キャラクター グッズ アナと雪の女王グッズ,アナと雪の女王　リングノート キャラクター グッズ 。2014年　アカデミー賞受賞　ディズニー(Disney)　アナと雪の女王　リングノート　IG-1069・B 文具 リングノート キャラクター グッズ アナと雪の女王グッズ[rn]
20-139325,http://tshop.r10s.jp/rennkou-syouji/cabinet/03338770/03954498/img61182252.jpg?fitin=700:700,1728.0000,,日用品雑貨・文房具・手芸 > 文房具・事務用品 > 手帳・ノート > ノート,2014年　アカデミー賞受賞　ディズニー(Disney)　アナと雪の女王　リングノート×5冊　IG-1069・B 文具 リングノート キャラクター グッズ アナと雪の女王グッズ,,"第86回アカデミー賞で長編アニメーション賞と主題歌賞を受賞したディズニーアニメーション最新作の「アナと雪の女王」のリングノート!! <br>
<br>
<br>
サイズ B6サイズ<br>
個装サイズ：13×20×15cm <br>
重量 個装重量：750g <br>
セット内容 5冊セット 
素材・材質 紙 <br>
製造国 日本 <br>
<br>
<br>
<hr>
■カテゴリ<br>
├
海外キャラクター
<br>
├
国内キャラクター
<br>
└
ディズニー(Disney) 
<br>
<hr>
<br>",2014年　アカデミー賞受賞　ディズニー(Disney)　アナと雪の女王　リングノート&times;5冊　IG-1069・B 文具 リングノート キャラクター グッズ アナと雪の女王グッズ：快適くらし館,通信販売通販ショッピングオンラインショッピング買い物プレゼントギフト贈り物贈答品お中元お歳暮お買い得デスクライトデスクライト ledデスクスタンドモバイルバッテリー 大容量 軽量モバイルバッテリークリップライト電気スタンド電気スタンド 卓上日傘 晴雨兼用LEDクリップライトデスクライト 学習机折りたたみ傘シーリングライト ledヘアアイロン カールおしゃれ日傘 折りたたみシーリングライトデスクライト 目に優しい水森亜土ＬＥＤ キャンドル2014年　アカデミー賞受賞　ディズニー(Disney)　アナと雪の女王　リングノート&times;5冊　IG-1069・B 文具 リングノート キャラクター グッズ アナと雪の女王グッズ,アナと雪の女王　リングノート キャラクター グッズ 。2014年　アカデミー賞受賞　ディズニー(Disney)　アナと雪の女王　リングノート&times;5冊　IG-1069・B 文具 リングノート キャラクター グッズ アナと雪の女王グッズ[rn]
20-139326,http://tshop.r10s.jp/characters-lab/cabinet/03631424/img59914683.jpg?fitin=700:700,403.2000,,日用品雑貨・文房具・手芸 > 文房具・事務用品 > 手帳・ノート > ノート,リサとガスパール/Ａ５Ｗリングノート/グリーン(D060-25),,"サイズ　２１０×１４８ｍｍ<BR>
７０枚<BR>
Ｗリング<BR>
日本製<BR>
総重量　約２４０ｇ<BR>
※写真中のペンは商品に含みません<BR>
<BR>
郵便局のゆうメール８０円でお送りできます<BR>
(ゆうメールには問い合わせ番号はありません)<BR>",リサとガスパール/Ａ５Ｗリングノート/グリーン(D060-25)：キャラクターズ・ラボ,通信販売通販ショッピングオンラインショッピング買い物プレゼントギフト贈り物贈答品お中元お歳暮お買い得リサとガスパール/Ａ５Ｗリングノート/グリーン(D060-25),リサとガスパール/Ａ５Ｗリングノート/グリーン(D060-25)[rn]
20-139327,http://tshop.r10s.jp/characters-lab/cabinet/60/60402224.jpg?fitin=700:700,319.2000,,日用品雑貨・文房具・手芸 > 文房具・事務用品 > 手帳・ノート > ノート,くまのがっこう/メモパッド(S13-KMPP)/ピンク/お風呂,,"サイズ　８９×１２６ｍｍ<BR>
素材　紙製<BR>
４デザイン<BR>
１００枚<BR>
日本製<BR>
総重量　約１００ｇ<BR>
<BR>
郵便局のゆうメール８０円でお送りできます<BR>
(ゆうメールには問い合わせ番号はありません)<BR>",くまのがっこう/メモパッド(S13-KMPP)/ピンク/お風呂：キャラクターズ・ラボ,通信販売通販ショッピングオンラインショッピング買い物プレゼントギフト贈り物贈答品お中元お歳暮お買い得くまのがっこう/メモパッド(S13-KMPP)/ピンク/お風呂,くまのがっこう/メモパッド(S13-KMPP)/ピンク/お風呂[rn]
20-139328,http://tshop.r10s.jp/characters-lab/cabinet/03496407/img59462099.jpg?fitin=700:700,160.0000,,日用品雑貨・文房具・手芸 > 文房具・事務用品 > 手帳・ノート > ノート,くまのがっこう/ルルロロ/Ａ５ノート/フラワー(ED020-27),,"サイズ　２１０×１４８ｍｍ<BR>
２０枚<BR>
総重量　約６５ｇ<BR>
※写真中のペンは商品に含みません<BR>
<BR>
郵便局のゆうメール８０円でお送りできます<BR>
(ゆうメールには問い合わせ番号はありません)<BR>",くまのがっこう/ルルロロ/Ａ５ノート/フラワー(ED020-27)：キャラクターズ・ラボ,通信販売通販ショッピングオンラインショッピング買い物プレゼントギフト贈り物贈答品お中元お歳暮お買い得くまのがっこう/ルルロロ/Ａ５ノート/フラワー(ED020-27),くまのがっこう/ルルロロ/Ａ５ノート/フラワー(ED020-27)[rn]
20-139329,http://tshop.r10s.jp/characters-lab/cabinet/03631385/img60758979.jpg?fitin=700:700,235.2000,,日用品雑貨・文房具・手芸 > 文房具・事務用品 > 手帳・ノート > ノート,くまのがっこう/Ａ７リングメモ(S14-KRMW)/まほうつかい/星,,"サイズ　１０．５×７．５ｃｍ(Ａ７)<BR>
素材　紙製<BR>
日本製<BR>
６０枚<BR>
総重量　約５０ｇ<BR>
※写真中のペンは商品に含みません<BR>
<BR>
郵便局のゆうメール送料８０円でお送りします<BR>
(ゆうメールには問い合わせ番号はありません)<BR>
<BR>",くまのがっこう/Ａ７リングメモ(S14-KRMW)/まほうつかい/星：キャラクターズ・ラボ,通信販売通販ショッピングオンラインショッピング買い物プレゼントギフト贈り物贈答品お中元お歳暮お買い得くまのがっこう/Ａ７リングメモ(S14-KRMW)/まほうつかい/星,くまのがっこう/Ａ７リングメモ(S14-KRMW)/まほうつかい/星[rn]
20-139330,http://tshop.r10s.jp/b-drop/cabinet/movie2/ig-757.jpg?fitin=700:700,800.0000,,日用品雑貨・文房具・手芸 > 文房具・事務用品 > 手帳・ノート > ノート,THE AMAZING SPIDER-MAN(スパイダーマン) コスチュームノート [インロック],,サイズ: B6,THE AMAZING SPIDER-MAN(スパイダーマン) コスチュームノート [インロック]：ホビーショップバックドロップ,通信販売通販ショッピングオンラインショッピング買い物プレゼントギフト贈り物贈答品お中元お歳暮お買い得WWETシャツ新日本プロレスロス・インゴベルナブレス・デ・ハポン L・I・JBULLET CLUB バレット・クラブライオンマークSTAR WARS スターウォーズMarvel マーベルキャプテン・アメリカ　シビル・ウォーデッドプールアイアンマンスパイダーマン：ホームカミングアベンジャーズMETALLICA メタリカスーサイド・スクワッドハーレイ・クインジョーカーAC/DCSlipknot スリップノットIron Maiden アイアンメイデンTHE AMAZING SPIDER-MAN(スパイダーマン) コスチュームノート [インロック],【MARVELグッズ/映画/アメコミ】。THE AMAZING SPIDER-MAN(スパイダーマン) コスチュームノート [インロック][rn]
20-139331,http://tshop.r10s.jp/b-drop/cabinet/movie4/ig-2068-1.jpg?fitin=700:700,304.0000,,日用品雑貨・文房具・手芸 > 文房具・事務用品 > 手帳・ノート > ノート,モアナと伝説の海 クラフトノートA [インロック],,"モアナと伝説の海 クラフトノートです。<br>
サイズ：A5",モアナと伝説の海 クラフトノートA [インロック]：ホビーショップバックドロップ,通信販売通販ショッピングオンラインショッピング買い物プレゼントギフト贈り物贈答品お中元お歳暮お買い得WWETシャツ新日本プロレスロス・インゴベルナブレス・デ・ハポン L・I・JBULLET CLUB バレット・クラブライオンマークSTAR WARS スターウォーズMarvel マーベルキャプテン・アメリカ　シビル・ウォーデッドプールアイアンマンスパイダーマン：ホームカミングアベンジャーズMETALLICA メタリカスーサイド・スクワッドハーレイ・クインジョーカーAC/DCSlipknot スリップノットIron Maiden アイアンメイデンモアナと伝説の海 クラフトノートA [インロック],【Disney/ディズニー】 。モアナと伝説の海 クラフトノートA [インロック][rn]
20-139332,http://tshop.r10s.jp/nipinter/cabinet/03859352/mr-agfisa5_all.jpg?fitin=700:700,720.0000,,日用品雑貨・文房具・手芸 > 文房具・事務用品 > 手帳・ノート > ノート,ミケルリウス[【MIQUELRIUS】 Agatha Ruiz De La Prada ノート Fish A5 方眼 ](ノート)【ミケリウス かわいい アガタ リングノート キャラクター】【RCP】,,"<P><FONT size=""2"">■商品説明■<br>ポップ＆キュートなお魚さん柄の</FONT><FONT size=""2"" color=""#FF0000"">A5サイズ方眼ノート。</FONT><FONT size=""2"">内部は4色に色分けされており、書き込みに便利。ページには切り取り用のミシン目とファイリング用二穴パンチ付き。マドリード出身のデザイナー、アガタ・ルイス・デ・ラ・プラダのデザイン。<BR></FONT><FONT size=""2"" color=""#FF0000""><B>※本商品はメール便配送はできません</B></FONT></P><TABLE border=""0"" width=""100%"" cellpadding=""0"" cellspacing=""0"" bgcolor=""#cccccc"">    <TR>      <TD>      <TABLE border=""0"" width=""100%"" cellpadding=""5"" cellspacing=""1"">                  <TR>            <TD bgcolor=""#dddddd"" width=""70""><FONT size=""2""><B>サイズ</B>&nbsp;</FONT></TD>            <TD bgcolor=""#ffffff""><FONT size=""2""><FONT size=""2"">14.8×21cm <BR>    </FONT><B>(A5サイズ)</B></FONT></TD>          </TR><TR>        <TD bgcolor=""#dddddd""><B><FONT size=""2"">方眼タイプ</FONT></B></TD>        <TD bgcolor=""#ffffff""><FONT size=""2"">5mm方眼　横25マス×縦37マス</FONT></TD>          </TR><TR>        <TD bgcolor=""#dddddd""><B><FONT size=""2"">ページ数</FONT></B></TD>        <TD bgcolor=""#ffffff""><FONT size=""2"">120ページ</FONT></TD>      </TR><TR>        <TD bgcolor=""#dddddd""><B><FONT size=""2"">表紙素材</FONT></B></TD>        <TD bgcolor=""#ffffff""><FONT size=""2"">ポリプロピレン</FONT></TD>      </TR><TR>        <TD bgcolor=""#dddddd""><B><FONT size=""2"">生産</FONT></B></TD>        <TD bgcolor=""#ffffff""><FONT size=""2"">スペイン</FONT></TD>          </TR>            </TABLE>      </TD>    </TR></TABLE><br><TABLE width=""100%"" bgcolor=""#cccccc"" cellpadding=""0"" cellspacing=""0"">    <TR><TD>      <TABLE border=""0"" width=""100%"" cellpadding=""5"" cellspacing=""1"">                 <TR>            <TD bgcolor=""#dddddd""><B><FONT size=""2"">ご注意</FONT></B></TD>          </TR><TR>        <TD bgcolor=""#ffffff""><IMG src=""http://image.rakuten.co.jp/nipinter/cabinet/default/mailbinno_iconsp.gif"" border=""0""><FONT color=""#ff0000"" size=""2""><BR>        <BR>        ※本商品はメール便配送はできません。配送方法にメール便を選択された場合は宅配便のお届けに変更いたします。送料はこちら。<BR>        </FONT></TD>      </TR></TABLE>      </TD></TR></TABLE><P><FONT color=""#FF0000"" size=""2"">■Fishノートシリーズはこちら</FONT><BR><FONT color=""#FF0000"" size=""2"">■その他のMIQUELRIUS社製ノートはこちら<BR><FONT color=""#FF0000"" size=""2"">■ノートにぴったりの筆記具はこちら</FONT></FONT></P>",ミケルリウス[【MIQUELRIUS】 Agatha Ruiz De La Prada ノート Fish A5 方眼 ](ノート)【ミケリウス かわいい アガタ リングノート キャラクター】【RCP】：adesso　（アデッソ）,通信販売通販ショッピングオンラインショッピング買い物プレゼントギフト贈り物贈答品お中元お歳暮お買い得イタリア雑貨イタリアイタリア文具革小物ステーショナリーCAMPO MARZIOGIORGIO FEDON靴べらメジャーイタリア革小物イタリアボールペン名刺ケースペンケースメガネケースパスポートケースキーケースマウスパッド小物ケースデザインケースニップインターナショナルミケルリウス[【MIQUELRIUS】 Agatha Ruiz De La Prada ノート Fish A5 方眼 ](ノート)【ミケリウス かわいい アガタ リングノート キャラクター】【RCP】,メール便配送不可 ミケリウスA5方眼ノート。ミケルリウス[【MIQUELRIUS】 Agatha Ruiz De La Prada ノート Fish A5 方眼 ](ノート)【ミケリウス かわいい アガタ リングノート キャラクター】【RCP】[rn]
20-139333,http://tshop.r10s.jp/nipinter/cabinet/03859352/mr-agbga5_all.jpg?fitin=700:700,720.0000,,日用品雑貨・文房具・手芸 > 文房具・事務用品 > 手帳・ノート > ノート,ミケルリウス[【MIQUELRIUS】 Agatha Ruiz De La Prada ノート Badges A5 方眼 ](ノート)【ミケリウス かわいい アガタ リングノート ハート】【RCP】,,"<P><FONT size=""2"">■商品説明■<br>爽やかな色使いのハート柄が可愛い</FONT><FONT size=""2"" color=""#FF0000"">A5サイズ方眼ノート。</FONT><FONT size=""2"">内部は4色に色分けされており、書き込みに便利。ページには切り取り用のミシン目とファイリング用二穴パンチ付き。マドリード出身のデザイナー、アガタ・ルイス・デ・ラ・プラダのデザイン。<BR></FONT><FONT size=""2"" color=""#FF0000""><B>※本商品はメール便配送はできません</B></FONT></P><TABLE border=""0"" width=""100%"" cellpadding=""0"" cellspacing=""0"" bgcolor=""#cccccc"">    <TR>      <TD>      <TABLE border=""0"" width=""100%"" cellpadding=""5"" cellspacing=""1"">                  <TR>            <TD bgcolor=""#dddddd"" width=""70""><FONT size=""2""><B>サイズ</B>&nbsp;</FONT></TD>            <TD bgcolor=""#ffffff""><FONT size=""2""><FONT size=""2"">14.8×21cm <BR>    </FONT><B>(A5サイズ)</B></FONT></TD>          </TR><TR>        <TD bgcolor=""#dddddd""><B><FONT size=""2"">方眼タイプ</FONT></B></TD>        <TD bgcolor=""#ffffff""><FONT size=""2"">5mm方眼　横25マス×縦37マス</FONT></TD>          </TR><TR>        <TD bgcolor=""#dddddd""><B><FONT size=""2"">ページ数</FONT></B></TD>        <TD bgcolor=""#ffffff""><FONT size=""2"">120ページ</FONT></TD>      </TR><TR>        <TD bgcolor=""#dddddd""><B><FONT size=""2"">生産</FONT></B></TD>        <TD bgcolor=""#ffffff""><FONT size=""2"">スペイン</FONT></TD>          </TR>            </TABLE>      </TD>    </TR></TABLE><br><TABLE width=""100%"" bgcolor=""#cccccc"" cellpadding=""0"" cellspacing=""0"">    <TR><TD>      <TABLE border=""0"" width=""100%"" cellpadding=""5"" cellspacing=""1"">                 <TR>            <TD bgcolor=""#dddddd""><B><FONT size=""2"">ご注意</FONT></B></TD>          </TR><TR>        <TD bgcolor=""#ffffff""><IMG src=""http://image.rakuten.co.jp/nipinter/cabinet/default/mailbinno_iconsp.gif"" border=""0""><FONT color=""#ff0000"" size=""2""><BR>        <BR>        ※本商品はメール便配送はできません。配送方法にメール便を選択された場合は宅配便のお届けに変更いたします。送料はこちら。<BR>        </FONT></TD>      </TR></TABLE>      </TD></TR></TABLE><P><FONT color=""#FF0000"" size=""2"">■Badgesノートシリーズはこちら</FONT><BR><FONT color=""#FF0000"" size=""2"">■その他のMIQUELRIUS社製ノートはこちら<BR><FONT color=""#FF0000"" size=""2"">■ノートにぴったりの筆記具はこちら</FONT></FONT></P>",ミケルリウス[【MIQUELRIUS】 Agatha Ruiz De La Prada ノート Badges A5 方眼 ](ノート)【ミケリウス かわいい アガタ リングノート ハート】【RCP】：adesso　（アデッソ）,通信販売通販ショッピングオンラインショッピング買い物プレゼントギフト贈り物贈答品お中元お歳暮お買い得イタリア雑貨イタリアイタリア文具革小物ステーショナリーCAMPO MARZIOGIORGIO FEDON靴べらメジャーイタリア革小物イタリアボールペン名刺ケースペンケースメガネケースパスポートケースキーケースマウスパッド小物ケースデザインケースニップインターナショナルミケルリウス[【MIQUELRIUS】 Agatha Ruiz De La Prada ノート Badges A5 方眼 ](ノート)【ミケリウス かわいい アガタ リングノート ハート】【RCP】,メール便配送不可 ミケリウスA5方眼ノート。ミケルリウス[【MIQUELRIUS】 Agatha Ruiz De La Prada ノート Badges A5 方眼 ](ノート)【ミケリウス かわいい アガタ リングノート ハート】【RCP】[rn]
20-139334,http://tshop.r10s.jp/nipinter/cabinet/03859352/mr-agtlea5_all.jpg?fitin=700:700,720.0000,,日用品雑貨・文房具・手芸 > 文房具・事務用品 > 手帳・ノート > ノート,ミケルリウス[【MIQUELRIUS】 Agatha Ruiz De La Prada ノート Tiles A5 方眼 ](ノート)【ミケリウス かわいい アガタ リングノート キャラクター ハート】【RCP】,,"<P><FONT size=""2"">■商品説明■<br>カラフルなハート柄の</FONT><FONT size=""2"" color=""#FF0000"">A5サイズ方眼ノート。</FONT><FONT size=""2"">内部は4色に色分けされており、書き込みに便利。ページには切り取り用のミシン目とファイリング用二穴パンチ付き。マドリード出身のデザイナー、アガタ・ルイス・デ・ラ・プラダのデザイン。<BR></FONT><FONT size=""2"" color=""#FF0000""><B>※本商品はメール便配送はできません</B></FONT></P><TABLE border=""0"" width=""100%"" cellpadding=""0"" cellspacing=""0"" bgcolor=""#cccccc"">    <TR>      <TD>      <TABLE border=""0"" width=""100%"" cellpadding=""5"" cellspacing=""1"">                  <TR>            <TD bgcolor=""#dddddd"" width=""70""><FONT size=""2""><B>サイズ</B>&nbsp;</FONT></TD>            <TD bgcolor=""#ffffff""><FONT size=""2""><FONT size=""2"">14.8×21cm <BR>    </FONT><B>(A5サイズ)</B></FONT></TD>          </TR><TR>        <TD bgcolor=""#dddddd""><B><FONT size=""2"">方眼タイプ</FONT></B></TD>        <TD bgcolor=""#ffffff""><FONT size=""2"">5mm方眼　横25マス×縦37マス</FONT></TD>          </TR><TR>        <TD bgcolor=""#dddddd""><B><FONT size=""2"">ページ数</FONT></B></TD>        <TD bgcolor=""#ffffff""><FONT size=""2"">120ページ</FONT></TD>      </TR><TR>        <TD bgcolor=""#dddddd""><B><FONT size=""2"">表紙素材</FONT></B></TD>        <TD bgcolor=""#ffffff""><FONT size=""2"">ポリプロピレン</FONT></TD>      </TR><TR>        <TD bgcolor=""#dddddd""><B><FONT size=""2"">生産</FONT></B></TD>        <TD bgcolor=""#ffffff""><FONT size=""2"">スペイン</FONT></TD>          </TR>            </TABLE>      </TD>    </TR></TABLE><br><TABLE width=""100%"" bgcolor=""#cccccc"" cellpadding=""0"" cellspacing=""0"">    <TR><TD>      <TABLE border=""0"" width=""100%"" cellpadding=""5"" cellspacing=""1"">                 <TR>            <TD bgcolor=""#dddddd""><B><FONT size=""2"">ご注意</FONT></B></TD>          </TR><TR>        <TD bgcolor=""#ffffff""><IMG src=""http://image.rakuten.co.jp/nipinter/cabinet/default/mailbinno_iconsp.gif"" border=""0""><FONT color=""#ff0000"" size=""2""><BR>        <BR>        ※本商品はメール便配送はできません。配送方法にメール便を選択された場合は宅配便のお届けに変更いたします。送料はこちら。<BR>        </FONT></TD>      </TR></TABLE>      </TD></TR></TABLE><P><FONT color=""#FF0000"" size=""2"">■Tilesノートシリーズはこちら</FONT><BR><FONT color=""#FF0000"" size=""2"">■その他のMIQUELRIUS社製ノートはこちら<BR><FONT color=""#FF0000"" size=""2"">■ノートにぴったりの筆記具はこちら</FONT></FONT></P>",ミケルリウス[【MIQUELRIUS】 Agatha Ruiz De La Prada ノート Tiles A5 方眼 ](ノート)【ミケリウス かわいい アガタ リングノート キャラクター ハート】【RCP】：adesso　（アデッソ）,通信販売通販ショッピングオンラインショッピング買い物プレゼントギフト贈り物贈答品お中元お歳暮お買い得イタリア雑貨イタリアイタリア文具革小物ステーショナリーCAMPO MARZIOGIORGIO FEDON靴べらメジャーイタリア革小物イタリアボールペン名刺ケースペンケースメガネケースパスポートケースキーケースマウスパッド小物ケースデザインケースニップインターナショナルミケルリウス[【MIQUELRIUS】 Agatha Ruiz De La Prada ノート Tiles A5 方眼 ](ノート)【ミケリウス かわいい アガタ リングノート キャラクター ハート】【RCP】,メール便配送不可 ミケリウスA5方眼ノート。ミケルリウス[【MIQUELRIUS】 Agatha Ruiz De La Prada ノート Tiles A5 方眼 ](ノート)【ミケリウス かわいい アガタ リングノート キャラクター ハート】【RCP】[rn]
20-139335,http://tshop.r10s.jp/shellbeans/cabinet/03129683/img68843638.jpg?fitin=700:700,400.0000,,日用品雑貨・文房具・手芸 > 文房具・事務用品 > 手帳・ノート > ノート,☆USA直輸入品　アングリーバードミニノート☆,,"◇縦18cm 横12.5cm<br>
◇送付方法：定型外郵便（他のご注文商品がある場合は送付方法を変更する場合もございます）
<br><br>
アングリーバードのミニノート!!<br>
ノートに切り取り線が付いてるので使いやすくて便利です！",☆USA直輸入品　アングリーバードミニノート☆：Shell Beans Online Shop,通信販売通販ショッピングオンラインショッピング買い物プレゼントギフト贈り物贈答品お中元お歳暮お買い得☆USA直輸入品　アングリーバードミニノート☆,ANGRY BIRDS MINI NOTE。☆USA直輸入品　アングリーバードミニノート☆[rn]
20-139336,http://tshop.r10s.jp/nipinter/cabinet/03859352/mr-agbga6_all.jpg?fitin=700:700,560.0000,,日用品雑貨・文房具・手芸 > 文房具・事務用品 > 手帳・ノート > ノート,ミケルリウス[【MIQUELRIUS】 Agatha Ruiz De La Prada ノート Badges A6 方眼 ](ノート)【ミケリウス かわいい アガタ リングノート ハート】【RCP】,,"<P><FONT size=""2"">■商品説明■<br>爽やかな色使いのハート柄が可愛い</FONT><FONT size=""2"" color=""#FF0000"">A6サイズ方眼ノート。</FONT><FONT size=""2"">内部は4色に色分けされており、書き込みに便利。ページには切り取り用のミシン目付き。パンチ穴は付きません。マドリード出身のデザイナー、アガタ・ルイス・デ・ラ・プラダのデザイン。<BR></FONT><FONT size=""2"" color=""#FF0000""><B>※本商品はメール便配送はできません</B></FONT></P><TABLE border=""0"" width=""100%"" cellpadding=""0"" cellspacing=""0"" bgcolor=""#cccccc"">    <TR>      <TD>      <TABLE border=""0"" width=""100%"" cellpadding=""5"" cellspacing=""1"">                  <TR>            <TD bgcolor=""#dddddd"" width=""70""><FONT size=""2""><B>サイズ</B>&nbsp;</FONT></TD>            <TD bgcolor=""#ffffff""><FONT size=""2""><FONT size=""2"">10.5×14.8cm<BR>      <B>(A6サイズ)</B></FONT></FONT></TD>          </TR><TR>        <TD bgcolor=""#dddddd""><B><FONT size=""2"">方眼タイプ</FONT></B></TD>        <TD bgcolor=""#ffffff""><FONT size=""2"">5mm方眼 横18マス×縦25マス</FONT></TD>          </TR><TR>        <TD bgcolor=""#dddddd""><B><FONT size=""2"">ページ数</FONT></B></TD>        <TD bgcolor=""#ffffff""><FONT size=""2"">120ページ</FONT></TD>      </TR><TR>        <TD bgcolor=""#dddddd""><B><FONT size=""2"">生産</FONT></B></TD>        <TD bgcolor=""#ffffff""><FONT size=""2"">スペイン</FONT></TD>          </TR>            </TABLE>      </TD>    </TR></TABLE><br><TABLE width=""100%"" bgcolor=""#cccccc"" cellpadding=""0"" cellspacing=""0"">    <TR><TD>      <TABLE border=""0"" width=""100%"" cellpadding=""5"" cellspacing=""1"">                 <TR>            <TD bgcolor=""#dddddd""><B><FONT size=""2"">ご注意</FONT></B></TD>          </TR><TR>        <TD bgcolor=""#ffffff""><IMG src=""http://image.rakuten.co.jp/nipinter/cabinet/default/mailbinno_iconsp.gif"" border=""0""><FONT color=""#ff0000"" size=""2""><BR>        <BR>        ※本商品はメール便配送はできません。配送方法にメール便を選択された場合は宅配便のお届けに変更いたします。送料はこちら。<BR>        </FONT></TD>      </TR></TABLE>      </TD></TR></TABLE><P><FONT color=""#FF0000"" size=""2"">■Badgesノートシリーズはこちら</FONT><BR><FONT color=""#FF0000"" size=""2"">■その他のMIQUELRIUS社製ノートはこちら<BR><FONT color=""#FF0000"" size=""2"">■ノートにぴったりの筆記具はこちら</FONT></FONT></P>",ミケルリウス[【MIQUELRIUS】 Agatha Ruiz De La Prada ノート Badges A6 方眼 ](ノート)【ミケリウス かわいい アガタ リングノート ハート】【RCP】：adesso　（アデッソ）,通信販売通販ショッピングオンラインショッピング買い物プレゼントギフト贈り物贈答品お中元お歳暮お買い得イタリア雑貨イタリアイタリア文具革小物ステーショナリーCAMPO MARZIOGIORGIO FEDON靴べらメジャーイタリア革小物イタリアボールペン名刺ケースペンケースメガネケースパスポートケースキーケースマウスパッド小物ケースデザインケースニップインターナショナルミケルリウス[【MIQUELRIUS】 Agatha Ruiz De La Prada ノート Badges A6 方眼 ](ノート)【ミケリウス かわいい アガタ リングノート ハート】【RCP】,メール便配送不可 ミケリウスA6方眼ノート。ミケルリウス[【MIQUELRIUS】 Agatha Ruiz De La Prada ノート Badges A6 方眼 ](ノート)【ミケリウス かわいい アガタ リングノート ハート】【RCP】[rn]
20-139337,http://tshop.r10s.jp/hirosue/cabinet/avenue7/8986.jpg?fitin=700:700,475.2000,,日用品雑貨・文房具・手芸 > 文房具・事務用品 > 手帳・ノート > ノート,星の王子さま Ｂ６リングノート 星の上 D055-72 【サン＝テグジュベリ】 【星】 【王子】 【キャラクターグッズ】   【RCP】,,"世界的ベストセラー童話「星の王子さま」。童話「星の王子さま」は1943年に出版されました。著者はフランス人のアントワーヌ・ド・サン=テグジュペリ。<br>
「たいせつなことは、目では見えない・・・」この有名すぎる「星の王子さま」の中の一説。作者や物語の背景を知るほど、人生経験を重ねるほどにこの一説は深い意味を私たちに投げかけます。<br>
星の王子さまのＢ６リングノート♪ 50枚。<br>
■サイズ：約W135×H182×D10mm<br>
Le Petit PrinceTM licensed by Le Petit PrinceTM 星の王子さまTM<br>
<br><FONT color=""#ff0000"">★メール便(ゆうパケット)対応商品★※トップページ配送方法より、明細を必ずご確認ください。※メール便(ゆうパケット)ご希望の際はご購入手続きにて「配送方法」をご変更ください。</FONT>",星の王子さま Ｂ６リングノート 星の上 D055-72 【サン＝テグジュベリ】 【星】 【王子】 【キャラクターグッズ】   【RCP】：キャラクターショップＡＶＥＮＵＥ,通信販売通販ショッピングオンラインショッピング買い物プレゼントギフト贈り物贈答品お中元お歳暮お買い得となりのトトロ魔女の宅急便天空の城ラピュタ崖の上のポニョ紅の豚千と千尋の神隠しわちふぃーるどこびとづかんバムとケロルルロロムーミンひつじのショーンおさるのジョージジブリトトロジジ飛行石ダヤンジャッキーミイ星の王子さま Ｂ６リングノート 星の上 D055-72 【サン＝テグジュベリ】 【星】 【王子】 【キャラクターグッズ】   【RCP】,【星の王子さま】。星の王子さま Ｂ６リングノート 星の上 D055-72 【サン＝テグジュベリ】 【星】 【王子】 【キャラクターグッズ】   【RCP】[rn]
20-139338,http://tshop.r10s.jp/hirosue/cabinet/avenue11/123190.jpg?fitin=700:700,432.0000,,日用品雑貨・文房具・手芸 > 文房具・事務用品 > 手帳・ノート > ノート,ひつじのショーン ノートパッド A5 40149   【ショーン】 【ひつじ】 【NHK】 【キャラクターグッズ】   【RCP】,,"羊のショーンや、牧羊犬のビッツァー、牧場主たちが、のどかな牧場を舞台に繰り広げるドタバタコメディの『ひつじのショーン』。リーダー格のショーンとその仲間たちが静かな丘に巻き起こす大騒動。そんな彼らに振り回される牧羊犬のビッツァーは、牧場主に気づかれる前にいたずらをやめさせようといつもてんてこ舞い。他にも3匹のいたずらブタ、赤ちゃんひつじのティミー、そして目の前にあるものは何でも食べてしまう食いしん坊シャーリーと、魅力あふれるキャラクターが登場。<br>
ひつじのショーンのノートパッド♪　中紙40枚。<br>
■サイズ：約W149×H210×D5mm<br>
■素材：紙<br>
■中国製<br>
Copyright &copy;Aardman Animations Ltd.(ｷｬﾗｸﾀｰのｺﾋﾟｰﾗｲﾄです。商品毎のものではございません。)<br>
<br><FONT color=""#ff0000"">★メール便(ゆうパケット)対応商品★※トップページ配送方法より、明細を必ずご確認ください。※メール便(ゆうパケット)ご希望の際はご購入手続きにて「配送方法」をご変更ください。</FONT>",ひつじのショーン ノートパッド A5 40149   【ショーン】 【ひつじ】 【NHK】 【キャラクターグッズ】   【RCP】：キャラクターショップＡＶＥＮＵＥ,通信販売通販ショッピングオンラインショッピング買い物プレゼントギフト贈り物贈答品お中元お歳暮お買い得となりのトトロ魔女の宅急便天空の城ラピュタ崖の上のポニョ紅の豚千と千尋の神隠しわちふぃーるどこびとづかんバムとケロルルロロムーミンひつじのショーンおさるのジョージジブリトトロジジ飛行石ダヤンジャッキーミイひつじのショーン ノートパッド A5 40149   【ショーン】 【ひつじ】 【NHK】 【キャラクターグッズ】   【RCP】,【Shaun the Sheep】。ひつじのショーン ノートパッド A5 40149   【ショーン】 【ひつじ】 【NHK】 【キャラクターグッズ】   【RCP】[rn]
20-139339,http://tshop.r10s.jp/tigercat/cabinet/shohin01/shohin_e/e6500/e6601.jpg?fitin=700:700,560.0000,,日用品雑貨・文房具・手芸 > 文房具・事務用品 > 手帳・ノート > ノート,[ スヌーピー グッズ ] スヌーピー  Ｂ５ノート ★ 10冊 ★ 1冊あたり70円(税別) ★ 色柄は当店おまかせ ★ 【不良対応不可商品】 ★ 【スペシャルプライス】 ★ [ イベント 景品 プレゼント 子供会 子ども会 PTA 保護者会 文具 ],,【商品サイズ】<BR>約25.2×17.9cm<BR><BR>【主な仕様】<BR>本文28枚<BR><BR>【商品詳細】<BR>人気「スヌーピー」のB5サイズのノートです<BR>,[ スヌーピー グッズ ] スヌーピー  Ｂ５ノート ★ 10冊 ★ 1冊あたり70円(税別) ★ 色柄は当店おまかせ ★ 【不良対応不可商品】 ★ 【スペシャルプライス】 ★ [ イベント 景品 プレゼント 子供会 子ども会 PTA 保護者会 文具 ]：こどもモール　タイガーキャット,通信販売通販ショッピングオンラインショッピング買い物プレゼントギフト贈り物贈答品お中元お歳暮お買い得お祭り子ども会子供会イベントおもちゃ文具お菓子ディズニーワンピース妖怪ウォッチ卸価格キャラクター安い駄菓子クリスマスハロウィン夏祭りお楽しみ会お面[ スヌーピー グッズ ] スヌーピー  Ｂ５ノート ★ 10冊 ★ 1冊あたり70円(税別) ★ 色柄は当店おまかせ ★ 【不良対応不可商品】 ★ 【スペシャルプライス】 ★ [ イベント 景品 プレゼント 子供会 子ども会 PTA 保護者会 文具 ],★税込10800円以上で送料無料★。[ スヌーピー グッズ ] スヌーピー  Ｂ５ノート ★ 10冊 ★ 1冊あたり70円(税別) ★ 色柄は当店おまかせ ★ 【不良対応不可商品】 ★ 【スペシャルプライス】 ★ [ イベント 景品 プレゼント 子供会 子ども会 PTA 保護者会 文具 ][rn]
20-139340,http://tshop.r10s.jp/tigercat/cabinet/shohin01/shohin_e/e10500/e10738.jpg?fitin=700:700,560.0000,,日用品雑貨・文房具・手芸 > 文房具・事務用品 > 手帳・ノート > ノート,[ スヌーピー グッズ ] スヌーピー  方眼ノート ★ 10冊 ★ 1冊あたり70円(税別) ★ 色柄は当店おまかせ ★ 【不良対応不可商品】 【スペシャルプライス】 ★ [ イベント 景品 プレゼント 子供会 子ども会 PTA 保護者会 文具 ],,【商品サイズ】<BR>約17.9×25.2cm<BR><BR>【主な仕様】<BR>28枚｜5幅(10mm実線)<BR><BR>【商品詳細】<BR>スヌーピーキャラが表紙の方眼ノートです!両面表紙でどちらからでも使えます!<BR>,[ スヌーピー グッズ ] スヌーピー  方眼ノート ★ 10冊 ★ 1冊あたり70円(税別) ★ 色柄は当店おまかせ ★ 【不良対応不可商品】 【スペシャルプライス】 ★ [ イベント 景品 プレゼント 子供会 子ども会 PTA 保護者会 文具 ]：こどもモール　タイガーキャット,通信販売通販ショッピングオンラインショッピング買い物プレゼントギフト贈り物贈答品お中元お歳暮お買い得お祭り子ども会子供会イベントおもちゃ文具お菓子ディズニーワンピース妖怪ウォッチ卸価格キャラクター安い駄菓子クリスマスハロウィン夏祭りお楽しみ会お面[ スヌーピー グッズ ] スヌーピー  方眼ノート ★ 10冊 ★ 1冊あたり70円(税別) ★ 色柄は当店おまかせ ★ 【不良対応不可商品】 【スペシャルプライス】 ★ [ イベント 景品 プレゼント 子供会 子ども会 PTA 保護者会 文具 ],★税込10800円以上で送料無料★。[ スヌーピー グッズ ] スヌーピー  方眼ノート ★ 10冊 ★ 1冊あたり70円(税別) ★ 色柄は当店おまかせ ★ 【不良対応不可商品】 【スペシャルプライス】 ★ [ イベント 景品 プレゼント 子供会 子ども会 PTA 保護者会 文具 ][rn]
20-139341,http://tshop.r10s.jp/kg-maido/cabinet/hamaco01/hm-cb6s-21.jpg?fitin=700:700,8656.8000,,花・ガーデン・DIY > DIY・工具 > 手動工具 > ドライバー・レンチ > ドライバー,ハマコ HAMACO 防爆ソケット(差込角19.0mm)22mm CB6S-22,,"<p><img src=""http://image.rakuten.co.jp/kg-maido/cabinet/index/sp_explanation.jpg"" width=""100%""></p>
<p>【メーカー】<br>●（株）ハマコＳ．Ｓ<br><br>【品名】<br>●防爆ソケット（差込角19.0mm）22mmCB6S-22<br><br>【特長】<br>●12角ソケットです。<br><br>【用途】<br>●火花による爆発危険箇所及び磁気を嫌う作業場で使用します。<br><br>【材質・仕上げ】<br>●ベリリウム銅合金<br><br>【仕様】<br>●A：55mm、B：22mm</p>",ハマコ HAMACO 防爆ソケット(差込角19.0mm)22mm CB6S-22：工具屋「まいど！」,工具電動工具作業工具充電工具大工松下日立ボッシュレーザー金物充電工具測定LANタスコジャパン電材ハマコ HAMACO 防爆ソケット(差込角19.0mm)22mm CB6S-22,ハマコ HAMACO 防爆ソケット(差込角19.0mm)22mm CB6S-22[rn]
20-139342,http://tshop.r10s.jp/kg-maido/cabinet/hamaco01/hm-cb4s-08.jpg?fitin=700:700,4956.8000,,花・ガーデン・DIY > DIY・工具 > 手動工具 > ドライバー・レンチ > ドライバー,ハマコ HAMACO 防爆ソケット(差込角12.7mm)10mm CB4S-10,,"<p><img src=""http://image.rakuten.co.jp/kg-maido/cabinet/index/sp_explanation.jpg"" width=""100%""></p>
<p>【メーカー】<br>●（株）ハマコＳ．Ｓ<br><br>【品名】<br>●防爆ソケット（差込角12.7mm）10mmCB4S-10<br><br>【特長】<br>●12角ソケットです。<br><br>【用途】<br>●火花による爆発危険箇所及び磁気を嫌う作業場で使用します。<br><br>【材質・仕上げ】<br>●ベリリウム銅合金<br><br>【仕様】<br>●A：40mm、B：10mm</p>",ハマコ HAMACO 防爆ソケット(差込角12.7mm)10mm CB4S-10：工具屋「まいど！」,工具電動工具作業工具充電工具大工松下日立ボッシュレーザー金物充電工具測定LANタスコジャパン電材ハマコ HAMACO 防爆ソケット(差込角12.7mm)10mm CB4S-10,ハマコ HAMACO 防爆ソケット(差込角12.7mm)10mm CB4S-10[rn]
20-139343,http://tshop.r10s.jp/kg-maido/cabinet/hamaco01/hm-cbcho-05.jpg?fitin=700:700,434543.2000,,花・ガーデン・DIY > DIY・工具 > 手動工具 > ドライバー・レンチ > ドライバー,ハマコ HAMACO 防爆チェーンホイスト(0.5t) CBCHO-05,,"<p><img src=""http://image.rakuten.co.jp/kg-maido/cabinet/index/sp_explanation.jpg"" width=""100%""></p>
<p>【メーカー】<br>●（株）ハマコＳ．Ｓ<br><br>【品名】<br>●防爆チェーンホイスト（0.5t）CBCHO-05<br><br>【特長】<br>●重量物の持ち上げ作業に最適です。<br><br>【用途】<br>●火花による爆発危険箇所及び磁気を嫌う作業場で使用します。<br><br>【材質・仕上げ】<br>●ベリリウム銅合金<br><br>【仕様】<br>●A：142mm、B：120mm、C：142mm、D：270mm、釣り荷重：0.5t</p>",ハマコ HAMACO 防爆チェーンホイスト(0.5t) CBCHO-05：工具屋「まいど！」,工具電動工具作業工具充電工具大工松下日立ボッシュレーザー金物充電工具測定LANタスコジャパン電材ハマコ HAMACO 防爆チェーンホイスト(0.5t) CBCHO-05,ハマコ HAMACO 防爆チェーンホイスト(0.5t) CBCHO-05[rn]
20-139344,http://tshop.r10s.jp/kg-maido/cabinet/hamaco01/hm-cb6s-21.jpg?fitin=700:700,29120.8000,,花・ガーデン・DIY > DIY・工具 > 手動工具 > ドライバー・レンチ > ドライバー,ハマコ HAMACO 防爆ソケット(差込角19.0mm)50mm CB6S-50,,"<p><img src=""http://image.rakuten.co.jp/kg-maido/cabinet/index/sp_explanation.jpg"" width=""100%""></p>
<p>【メーカー】<br>●（株）ハマコＳ．Ｓ<br><br>【品名】<br>●防爆ソケット（差込角19.0mm）50mmCB6S-50<br><br>【特長】<br>●12角ソケットです。<br><br>【用途】<br>●火花による爆発危険箇所及び磁気を嫌う作業場で使用します。<br><br>【材質・仕上げ】<br>●ベリリウム銅合金<br><br>【仕様】<br>●A：70mm、B：50mm</p>",ハマコ HAMACO 防爆ソケット(差込角19.0mm)50mm CB6S-50：工具屋「まいど！」,工具電動工具作業工具充電工具大工松下日立ボッシュレーザー金物充電工具測定LANタスコジャパン電材ハマコ HAMACO 防爆ソケット(差込角19.0mm)50mm CB6S-50,ハマコ HAMACO 防爆ソケット(差込角19.0mm)50mm CB6S-50[rn]
20-139345,http://tshop.r10s.jp/kg-maido/cabinet/hamaco01/hm-cbp-150.jpg?fitin=700:700,4848.0000,,花・ガーデン・DIY > DIY・工具 > 手動工具 > ドライバー・レンチ > ドライバー,ハマコ HAMACO 防爆ピンセット(150mm) CBP-150,,"<p><img src=""http://image.rakuten.co.jp/kg-maido/cabinet/index/sp_explanation.jpg"" width=""100%""></p>
<p>【メーカー】<br>●（株）ハマコＳ．Ｓ<br><br>【品名】<br>●防爆ピンセット（150mm）CBP-150<br><br>【特長】<br>●小物のつかむ作業に最適です。<br><br>【用途】<br>●火花による爆発危険箇所及び磁気を嫌う作業場で使用します。<br><br>【材質・仕上げ】<br>●ベリリウム銅合金<br><br>【仕様】<br>●A：150mm、B：40mm</p>",ハマコ HAMACO 防爆ピンセット(150mm) CBP-150：工具屋「まいど！」,工具電動工具作業工具充電工具大工松下日立ボッシュレーザー金物充電工具測定LANタスコジャパン電材ハマコ HAMACO 防爆ピンセット(150mm) CBP-150,ハマコ HAMACO 防爆ピンセット(150mm) CBP-150[rn]
20-139346,http://tshop.r10s.jp/kg-maido/cabinet/hamaco01/hm-cb10is-19.jpg?fitin=700:700,33236.0000,,花・ガーデン・DIY > DIY・工具 > 手動工具 > ドライバー・レンチ > ドライバー,ハマコ HAMACO 防爆インパクトソケット(差込角25.4mm)46mm CB10IS-46,,"<p><img src=""http://image.rakuten.co.jp/kg-maido/cabinet/index/sp_explanation.jpg"" width=""100%""></p>
<p>【メーカー】<br>●（株）ハマコＳ．Ｓ<br><br>【品名】<br>●防爆インパクトソケット（差込角25.4mm）46mmCB10IS-46<br><br>【特長】<br>●12角ソケットです。<br>●差込角1インチ（25.4mm）のインパクトソケットです。<br>●インパクトレンチの打撃（インパクト）に耐える強度があります。<br><br>【用途】<br>●火花による爆発危険箇所及び磁気を嫌う作業場で使用します。<br><br>【材質・仕上げ】<br>●ベリリウム銅合金<br><br>【仕様】<br>●インパクトレンチの専用ソケットです。<br>●A：80mm、B：46mm、C：68mm</p>",ハマコ HAMACO 防爆インパクトソケット(差込角25.4mm)46mm CB10IS-46：工具屋「まいど！」,工具電動工具作業工具充電工具大工松下日立ボッシュレーザー金物充電工具測定LANタスコジャパン電材ハマコ HAMACO 防爆インパクトソケット(差込角25.4mm)46mm CB10IS-46,ハマコ HAMACO 防爆インパクトソケット(差込角25.4mm)46mm CB10IS-46[rn]
20-139347,http://tshop.r10s.jp/kg-maido/cabinet/hamaco01/hm-cb4s-08.jpg?fitin=700:700,6891.2000,,花・ガーデン・DIY > DIY・工具 > 手動工具 > ドライバー・レンチ > ドライバー,ハマコ HAMACO 防爆ソケット(差込角12.7mm)18mm CB4S-18,,"<p><img src=""http://image.rakuten.co.jp/kg-maido/cabinet/index/sp_explanation.jpg"" width=""100%""></p>
<p>【メーカー】<br>●（株）ハマコＳ．Ｓ<br><br>【品名】<br>●防爆ソケット（差込角12.7mm）18mmCB4S-18<br><br>【特長】<br>●12角ソケットです。<br><br>【用途】<br>●火花による爆発危険箇所及び磁気を嫌う作業場で使用します。<br><br>【材質・仕上げ】<br>●ベリリウム銅合金<br><br>【仕様】<br>●A：42mm、B：18mm</p>",ハマコ HAMACO 防爆ソケット(差込角12.7mm)18mm CB4S-18：工具屋「まいど！」,工具電動工具作業工具充電工具大工松下日立ボッシュレーザー金物充電工具測定LANタスコジャパン電材ハマコ HAMACO 防爆ソケット(差込角12.7mm)18mm CB4S-18,ハマコ HAMACO 防爆ソケット(差込角12.7mm)18mm CB4S-18[rn]
20-139348,http://tshop.r10s.jp/kg-maido/cabinet/anex01/no170-55-75.jpg?fitin=700:700,518.4000,,花・ガーデン・DIY > DIY・工具 > 手動工具 > ドライバー・レンチ > ドライバー,アネックス ANEX 木柄貫通ドライバー(強力級)(－6×300) No.170,,"<p><img src=""http://image.rakuten.co.jp/kg-maido/cabinet/index/sp_explanation.jpg"" width=""100%""></p>
<p>【メーカー】<br>●（株）兼古製作所<br><br>【仕様】<br>●刃先幅(mm)：6.0<br>●刃先厚(mm)：0.9<br>●軸長(mm)：300<br>●全長(mm)：420</p>",アネックス ANEX 木柄貫通ドライバー(強力級)(&minus;6&times;300) No.170：工具屋「まいど！」,工具電動工具作業工具充電工具大工松下日立ボッシュレーザー金物充電工具測定LANタスコジャパン電材アネックス ANEX 木柄貫通ドライバー(強力級)(&minus;6&times;300) No.170,アネックス ANEX 木柄貫通ドライバー(強力級)(&minus;6&times;300) No.170[rn]
20-139349,http://tshop.r10s.jp/kg-maido/cabinet/anex01/283124.jpg?fitin=700:700,175.2000,,花・ガーデン・DIY > DIY・工具 > 手動工具 > ドライバー・レンチ > ドライバー,アネックス ANEX フォーラインドライバー 精密タイプ(＋0×100) No.8200,,"<p><img src=""http://image.rakuten.co.jp/kg-maido/cabinet/index/sp_explanation.jpg"" width=""100%""></p>
<p>【メーカー】<br>●（株）兼古製作所<br><br>【特長】<br>●力が入りやすい４本溝ハンドル<br>●精密タイプ<br>●マグネット付き<br><br>【仕様】<br>●サイズ(#)：0<br>●軸長(mm)：100<br>●全長(mm)：150</p>",アネックス ANEX フォーラインドライバー 精密タイプ(＋0&times;100) No.8200：工具屋「まいど！」,工具電動工具作業工具充電工具大工松下日立ボッシュレーザー金物充電工具測定LANタスコジャパン電材アネックス ANEX フォーラインドライバー 精密タイプ(＋0&times;100) No.8200,アネックス ANEX フォーラインドライバー 精密タイプ(＋0&times;100) No.8200[rn]
20-139350,http://tshop.r10s.jp/kg-maido/cabinet/anex01/no6700-15-100.jpg?fitin=700:700,398.4000,,花・ガーデン・DIY > DIY・工具 > 手動工具 > ドライバー・レンチ > ドライバー,アネックス ANEX ボールポイント六角レンチドライバー(対辺4×130) No.6700,,"<p><img src=""http://image.rakuten.co.jp/kg-maido/cabinet/index/sp_explanation.jpg"" width=""100%""></p>
<p>【メーカー】<br>●（株）兼古製作所<br><br>【特長】<br>●力が入りやすい三角断面ハンドル<br>●耐油・耐薬品・耐衝撃性に優れた高級プラスチック、アセテート樹脂採用<br><br>【仕様】<br>●サイズ(mm)：4<br>●軸長(mm)：130<br>●全長(mm)：215</p>",アネックス ANEX ボールポイント六角レンチドライバー(対辺4&times;130) No.6700：工具屋「まいど！」,工具電動工具作業工具充電工具大工松下日立ボッシュレーザー金物充電工具測定LANタスコジャパン電材アネックス ANEX ボールポイント六角レンチドライバー(対辺4&times;130) No.6700,アネックス ANEX ボールポイント六角レンチドライバー(対辺4&times;130) No.6700[rn]
20-139351,http://tshop.r10s.jp/kg-maido/cabinet/anex01/ak-51p-b8h.jpg?fitin=700:700,844.0000,,花・ガーデン・DIY > DIY・工具 > 手動工具 > ドライバー・レンチ > ドライバー,アネックス ANEX 溝付超短ビットホルダーセット AK-51P-B8H,,"<p><img src=""http://image.rakuten.co.jp/kg-maido/cabinet/index/sp_explanation.jpg"" width=""100%""></p>
<p>【メーカー】<br>●（株）兼古製作所<br><br>【特長】<br>●手動ドライバー用<br>●超ショートタイプ<br>●ビットの取り外しがしやすい溝つき<br><br>【仕様】<br>●セット内容：ヘックスビット2.5・3・4・5・6mm、プラス#1・2・3、ビットホルダー</p>",アネックス ANEX 溝付超短ビットホルダーセット AK-51P-B8H：工具屋「まいど！」,工具電動工具作業工具充電工具大工松下日立ボッシュレーザー金物充電工具測定LANタスコジャパン電材アネックス ANEX 溝付超短ビットホルダーセット AK-51P-B8H,アネックス ANEX 溝付超短ビットホルダーセット AK-51P-B8H[rn]
20-139352,http://tshop.r10s.jp/kg-maido/cabinet/anex01/no1110-0-50.jpg?fitin=700:700,48.8000,,花・ガーデン・DIY > DIY・工具 > 手動工具 > ドライバー・レンチ > ドライバー,アネックス ANEX 精密用プラスドライバー(＋0×75) No.1110,,"<p><img src=""http://image.rakuten.co.jp/kg-maido/cabinet/index/sp_explanation.jpg"" width=""100%""></p>
<p>【メーカー】<br>●（株）兼古製作所<br><br>【仕様】<br>●サイズ：A-×B-×CNo.0×D75×E3×F120×G10</p>",アネックス ANEX 精密用プラスドライバー(＋0&times;75) No.1110：工具屋「まいど！」,工具電動工具作業工具充電工具大工松下日立ボッシュレーザー金物充電工具測定LANタスコジャパン電材アネックス ANEX 精密用プラスドライバー(＋0&times;75) No.1110,アネックス ANEX 精密用プラスドライバー(＋0&times;75) No.1110[rn]
20-139353,http://tshop.r10s.jp/kg-maido/cabinet/anex01/no3540.jpg?fitin=700:700,361.6000,,花・ガーデン・DIY > DIY・工具 > 手動工具 > ドライバー・レンチ > ドライバー,アネックス ANEX スーパーフィット精密ヘクスローブドライバー(T4×30) No.3541,,"<p><img src=""http://image.rakuten.co.jp/kg-maido/cabinet/index/sp_explanation.jpg"" width=""100%""></p>
<p>【メーカー】<br>●（株）兼古製作所<br><br>【特長】<br>●エラストマー樹脂ハンドルの強力タイプです。<br><br>【仕様】<br>●軸長(mm):30<br>●刃先:T-4<br>●全長(mm):138<br>●キャップ色:オレンジ<br>●ハンドル径(mm):17<br>●質量(g):27<br><br>【材質・仕上げ】<br>●クロム・モリブデン・バナジウム鋼<br>●ポリプロピレン+エラストマー樹脂<br><br>【注意】<br>●3545はいじり止め付です。<br><br>【原産国】<br>●日本<br><br>【質量】<br>●27G</p>",アネックス ANEX スーパーフィット精密ヘクスローブドライバー(T4&times;30) No.3541：工具屋「まいど！」,工具電動工具作業工具充電工具大工松下日立ボッシュレーザー金物充電工具測定LANタスコジャパン電材アネックス ANEX スーパーフィット精密ヘクスローブドライバー(T4&times;30) No.3541,アネックス ANEX スーパーフィット精密ヘクスローブドライバー(T4&times;30) No.3541[rn]
20-139354,http://tshop.r10s.jp/kg-maido/cabinet/anex01/no3450-esd-0-75.jpg?fitin=700:700,344.0000,,花・ガーデン・DIY > DIY・工具 > 手動工具 > ドライバー・レンチ > ドライバー,アネックス ANEX ESD精密ドライバー(+0×75) No.3450-ESD,,"<p><img src=""http://image.rakuten.co.jp/kg-maido/cabinet/index/sp_explanation.jpg"" width=""100%""></p>
<p>【メーカー】<br>
●（株）兼古製作所<br>
<br>
【特長】<br>
●?炭素材入りハンドルで帯電しにくく、静電気をゆるやかに拡散します<br>
<br>
【用途】<br>
●電子機器や精密機器などの組立・分解・調整作業に。<br>
<br>
【材質・仕上げ】<br>
●刃先：クロムモリブデンバナジウム鋼<br>
●ハンドル：ＰＣ（炭素材入）<br>
●キャップ：アセチ<br>
<br>
【仕様】<br>
●ハンドル材抵抗値：１×１０〔の５乗〕～１×１０〔の６乗〕Ω/ｓｑ<br>
●刃先:[[(+)]]No.0<br>
●軸長(mm):75<br>
●全長(mm):169<br>
●質量:16g</p>",アネックス ANEX ESD精密ドライバー(+0&times;75) No.3450-ESD：工具屋「まいど！」,工具電動工具作業工具充電工具大工松下日立ボッシュレーザー金物充電工具測定LANタスコジャパン電材アネックス ANEX ESD精密ドライバー(+0&times;75) No.3450-ESD,アネックス ANEX ESD精密ドライバー(+0&times;75) No.3450-ESD[rn]
20-139355,http://tshop.r10s.jp/finetoolpro/cabinet/toolkit_img201601/pt014839188_400.jpg?fitin=700:700,11712.0000,,花・ガーデン・DIY > DIY・工具 > 手動工具 > ドライバー・レンチ > ドライバー,差替式ドライバー Wera TOOL CHECK PLUS56490 4013288173003 ドライバー・六角棒レンチ,Wera 作業工具,"<table width=""100%"" border=""1"">
<tr>
<td>製品型番・品番</td>
</tr>
<tr>
<td>◆品番：056490 </td>
</tr>
<tr>
<td>特長・用途</td>
</tr>
<tr>
<td>●“ツール・チェック”のセット内容に、「クラフトフォーム」ドライバーハンドルが加わりました。付属のビットを差替えることで、２８種類ものドライバー作業が可能です。</td>
</tr>
<tr>
<td>仕様</td>
</tr>
<tr>
<td>●セット内容(点):39</td>
</tr>
<tr>
<td>材質・仕上・セット内容/付属品</td>
</tr>
<tr>
<td>●ラチェット<br>●アダプター<br>●ビットホルダ<br>●クラフトフォームハンドル<br>●ソケット（5.5、6、7、8、10、12、13）<br>●ビット[[(+)]]1、[[(+)]]1、[[(+)]]2、[[(+)]]2、[[(+)]]2、[[(+)]]3、[[(-)]]5.5、PZ1、PZ2、PZ2、PZ2、PZ3、T10、T15、T20、Ｔ25、T30、T40、TB10、TB15、TB20、TB25、TB30、六角3、4、5、6、8</td></tr></table>",差替式ドライバー Wera TOOL CHECK PLUS56490 4013288173003 ドライバー・六角棒レンチ：ファインツールPRO,工具レンチドライバースパナメガネペンチラチェットニッパーモンキー整備用品道具DIY電動工具インパクトコンプレッサーツールボックスネジナットボルト軍手差替式ドライバー Wera TOOL CHECK PLUS56490 4013288173003 ドライバー・六角棒レンチ,Wera 作業工具。差替式ドライバー Wera TOOL CHECK PLUS56490 4013288173003 ドライバー・六角棒レンチ[rn]
20-139356,http://tshop.r10s.jp/yoimonohonpo/cabinet/cm13/0218236.jpg?fitin=700:700,1170.4000,,花・ガーデン・DIY > DIY・工具 > 手動工具 > ドライバー・レンチ > ドライバー,コードレス電動ドライバーIII (ev),修理・組立に便利！簡単操作のコードレス電動ドライバー。,"■お取り寄せの為、ご注文を頂いた時点で完売となっている可能性がございます。 その場合はご連絡させて頂きますので予めご了承ください<br><!-- snapp capture start --><img src=""http://www.rakuten.ne.jp/gold/yoimonohonpo/compass/218236.jpg?1467255703"" width=""100%""/><!-- snapp capture end -->",コードレス電動ドライバーIII (ev)：良いもの本舗,ハイドロキノン骨盤ショーツベビーベッドパットバストアップチャイルドシートカバーボディブラシランドセルパッドコスメボックスメイクボックス虫よけパーカー除毛クリーム虫よけパンツメジカライナースキレットフェイスライン整形テープ防虫パーカートイレタンク洗浄剤ゾーリンゲン毛抜きエクスフォーレイヌリンコードレス電動ドライバーIII (ev),修理・組立に便利！簡単操作のコードレス電動ドライバー。。コードレス電動ドライバーIII (ev)[rn]
20-139357,,3707.2000,,花・ガーデン・DIY > DIY・工具 > 手動工具 > ドライバー・レンチ > ドライバー,【PBスイスツｰルズ社】　【ドライバー・六角棒レンチ/差替式ドライバー】 差替式ビットドライバｰ ｢インサイダｰ｣　（4483278）【メール便不可】【ラッピング不可】,ショップ・オブ・ジ・エリア2016受賞！,"<p><img src=""https://www.rakuten.ne.jp/gold/homeshop/w/wrapping/wrapping_ng320.jpg""></p>

<p><img src=""https://www.rakuten.ne.jp/gold/homeshop/w/mail/mailng_smp616px.gif"" border=""0""></p>

<p><img src=""https://www.rakuten.ne.jp/gold/homeshop/w/backorder/stock-smp320px.gif"" border=""0""></p>

<br>●エンドキャップがビットホルダーを兼ねたコンパクトな差し替え式ドライバーです。<br>●コンパクトなサイズですので、狭い場所での使用や出張時、車載工具にもおすすめです。<br>●ビットは防錆加工済みです。<br>●エンドキャップにビットを8本(1/4インチHEXタイプ)収納可能※ラチェット機構はありません。<br>●修理・メンテナンス作業に。<br>●軸長(mm):20<br>●全長(mm):125<br>●セット内容:[[(+)]]1・2、[[(-)]]4×0.6・[[(-)]]5.5×0.8・[[(-)]]6×1mm、ヘクスローブT10・15・20<br>●カラー:ブルー<br>●質量(ｇ):89",【PBスイスツｰルズ社】　【ドライバー・六角棒レンチ/差替式ドライバー】 差替式ビットドライバｰ ｢インサイダｰ｣　（4483278）【メール便不可】【ラッピング不可】：ホームショッピング,ホームショッピングデジカメ一眼レフカメラデジタル一眼レフ電子ピアノ激安コピー複合機G-SHOCK電波時計送料無料プラズマテレビ交換レンズビデオカメラキーボードHDDレコーダーDVD液晶テレビ福袋ホームシアター【PBスイスツｰルズ社】　【ドライバー・六角棒レンチ/差替式ドライバー】 差替式ビットドライバｰ ｢インサイダｰ｣　（4483278）【メール便不可】【ラッピング不可】,ショップ・オブ・ジ・エリア2016受賞！。【PBスイスツｰルズ社】　【ドライバー・六角棒レンチ/差替式ドライバー】 差替式ビットドライバｰ ｢インサイダｰ｣　（4483278）【メール便不可】【ラッピング不可】[rn]
20-139358,http://tshop.r10s.jp/p-tano/cabinet/shohin800_02/831-5615.jpg?fitin=700:700,2422.4000,,花・ガーデン・DIY > DIY・工具 > 手動工具 > ドライバー・レンチ > ドライバー,【お取寄せ品】 ＰＢスイスツールズ　８２０５－８－１８０　スイスグリップ六角棒ドライバー　２３０３０６８　１本 【送料無料】,,●早回しに最適なスイスグリップ六角ドライバーです。●スイスグリップはポリプロピレン・サントプレンの２種の新素材からなるハンドルです。●ハンドル形状は人間工学的デザインに基づいたマルチクラフトと同型です。●厳選された表面素材は人間の手の硬度に近く、従来のPBハンドルの特性が、軟らかく温かみのあるスイスグリップにより更に引き出されています。●ハンドル後部にはドライバーの先端形状のシンボルマークとサイズを表示していますので、作業に適したドライバーをすぐに選ぶことができます。●特殊な表面構造により、濡れた手で握っても滑りにくく、さらにオイル・ガソリンに耐性があり、汚れてもきれいに落とせます。<br>●全長(mm)／300●対辺寸法(mm)／8.00●軸長(mm)／180<br>●メーカー／ＰＢスイスツールズ<br>●型番／2303068<br>●JANコード／7610733079155<br><br>代表画像（画像はイメージです。）<br><br>※メーカー都合によりパッケージ・仕様等が予告なく変更される場合がございます。ご了承ください。<br><br>本商品は自社サイトでも販売しているため、ご注文のタイミングにより、発送までにお時間をいただいたり、やむをえずキャンセルさせていただく場合がございます。<br><br>※沖縄へのお届けは別途1620円(税込)の送料がかかります。<br><br>※本商品はメーカーより取寄せ後の発送となるため、配送日はご指定頂けません。予めご了承ください。,【お取寄せ品】 ＰＢスイスツールズ　８２０５&minus;８&minus;１８０　スイスグリップ六角棒ドライバー　２３０３０６８　１本 【送料無料】：ぱーそなるたのめーる,【お取寄せ品】 ＰＢスイスツールズ　８２０５&minus;８&minus;１８０　スイスグリップ六角棒ドライバー　２３０３０６８　１本 【送料無料】,【お取寄せ品】 ＰＢスイスツールズ　８２０５&minus;８&minus;１８０　スイスグリップ六角棒ドライバー　２３０３０６８　１本 【送料無料】[rn]
20-139359,http://tshop.r10s.jp/mine-tool/cabinet/03802132/03804665/imgrc0063809229.jpg?fitin=700:700,1540.0000,,花・ガーデン・DIY > DIY・工具 > 手動工具 > ドライバー・レンチ > ドライバー,エンジニア　ネジ外し専用工具 NEJI-BAZOOKA DBZ-55B　テレビで紹介 大好評,皿ねじを取り外す特殊なドライバー エンジニア　ENGINEER,"<img src=""http://image.rakuten.co.jp/mine-tool/cabinet/send_03.jpg"" width=""100%""><br><br>
<img src=""http://image.rakuten.co.jp/mine-tool/cabinet/sairiyo.jpg"" width=""100%""><br><br>
＜セット内容＞<br>
●ビット3本組(DBZ-51.52.53)<br>
●ラバー×2ヶ<br>
●グリップ×1ヶ<br>
＜仕様＞<br>
●重量：160g<br>
●材質<br>
＊ビット：高炭素鋼<br>
＊ラバー：エラストマー<br>
＊グリップ：ABS、ナイロン<br>
【<font color=""#FE2E64"">期間限定販売！予約受付中！！</font>】<br>
ネジザウルスシリーズにイエローver.が登場！<br>
ご予約承っております。<br>
★詳細は下記をクリック★<br>
・エンジニア　ネジザウルスGT　PZ-58Y<br>
・エンジニア　ネジザウルスRX　PZ-59Y<br><br>


<br><br>
<center>
<table width=""98%"" bgcolor=""#e5e5ef"">
<tr>
<td><img src=""http://image.rakuten.co.jp/mine-tool/cabinet/03802132/houjin01.jpg"" width=""100%""></td>
</tr>
<tr>
<td><img src=""http://image.rakuten.co.jp/mine-tool/cabinet/03802132/houjin02.jpg"" width=""100%""></td>
</tr>
</table>
</center>
<br><br>
<img src=""http://image.rakuten.co.jp/mine-tool/cabinet/imgrc0066847274.jpg"" width=""98%"">",エンジニア　ネジ外し専用工具 NEJI-BAZOOKA DBZ-55B　テレビで紹介 大好評：MINE楽天市場店,エンジニア　ネジ外し専用工具 NEJI-BAZOOKA DBZ-55B　テレビで紹介 大好評,皿ねじを取り外す特殊なドライバー エンジニア　ENGINEER。エンジニア　ネジ外し専用工具 NEJI-BAZOOKA DBZ-55B　テレビで紹介 大好評[rn]
20-139360,http://tshop.r10s.jp/unoonline/cabinet/detail/detail-2/img61188179.jpg?fitin=700:700,3912.8000,,花・ガーデン・DIY > DIY・工具 > 手動工具 > ドライバー・レンチ > ドライバー,ＨＯＺＡＮ ホーザン セラミック調整ドライバーセット ３本セット 【 3739961 】 D17 【 精密ドライバー ドライバー 精密 】 【 精密ドライバーセット 】,《ホーザン 精密ドライバーセット》がお買得！,【特長】<br>●耐摩耗性が高く、チップ形半固定ボリュームの調整作業にも、刃先精度を長く保ち続けます。奥まった所にあるパーツの調整に最適です。<br>●強度・ねばりに優れたジルコニアセラミックを使用。<br>●機器内の調整に便利なロング仕様セラミックドライバーです。<br>●軸長110mmで奥まった所にあるパーツの調整に最適です。<br><br>【用途】<br>●半固定ボリューム・コンデンサの調整<br><br>【仕様】<br>●軸長(mm):110<br>●全長(mm):175<br>●セット内容(本):3<br>●入組内容:D-271、D-272、D-275<br>●完全非磁性<br>●グリップから先端までの長さ（mm）:110<br>●ハンドル径（mmφ）:12<br><br>【材質／仕上】<br><br>【ＪＡＮコード】<br>4962772020173<br><br>【メーカ－名】<br>ホーザン（株）<br><br>【原産国】<br>日本<br><br>【質量】<br>●55g,ＨＯＺＡＮ ホーザン セラミック調整ドライバーセット ３本セット 【 3739961 】 D17 【 精密ドライバー ドライバー 精密 】 【 精密ドライバーセット 】：うのオンライン　楽天市場店,うのオンライン宇野酸素道具箱コンテナボックス電工ドラム工具箱KTC大工道具台車収納ツールボックス作業手袋工具コンテナ送料無料業務用電動工具プロ用キャスター・車輪安全靴ＨＯＺＡＮ ホーザン セラミック調整ドライバーセット ３本セット 【 3739961 】 D17 【 精密ドライバー ドライバー 精密 】 【 精密ドライバーセット 】,《ホーザン 精密ドライバーセット》がお買得！。ＨＯＺＡＮ ホーザン セラミック調整ドライバーセット ３本セット 【 3739961 】 D17 【 精密ドライバー ドライバー 精密 】 【 精密ドライバーセット 】[rn]
20-139361,http://tshop.r10s.jp/unoonline/cabinet/detail/img60385243.jpg?fitin=700:700,665.6000,,花・ガーデン・DIY > DIY・工具 > 手動工具 > ドライバー・レンチ > ドライバー,アネックス ＡＮＥＸ 精密ドライバーセット プラス マイナス６本組 【 2759438 】 800 【 精密ドライバーセット 】,《兼古製作所 精密ドライバーセット》がお買得！,"【特長】<br>●時計・メガネの分解や、精密機器などのねじ回しに便利です。<br>●ケースに立てて作業ができるドライバースタンド付です。<br><br>【用途】<br><br>【仕様】<br>●セット内容:[[（-）]]0.9・1.2・1.8・2.1、[[（+）]]No.00・0<br>●セット内容(本):6<br>●ケースサイズ:90×140×22mm<br><br>【材質／仕上】<br><br>【ＪＡＮコード】<br>4962485222024<br><br>【メーカ－名】<br>（株）兼古製作所<br><br>【原産国】<br>日本<br><br>【質量】<br>●141g<br><br><hr><font size='1'>【検索用キーワード】/ 精密ドライバー / せいみつ / どらいばー / メガネ修理 / 修理 / 時計 / セット / せっと / 精密ねじ / 精密ネジ / おもちゃ修理 / 小さいねじ / えんじにあ /<br></font>
<br><font size='1'>【販促用キーワード】/ 通販 / お買い得商品 / 人気商品 /</font>",アネックス ＡＮＥＸ 精密ドライバーセット プラス マイナス６本組 【 2759438 】 800 【 精密ドライバーセット 】：うのオンライン　楽天市場店,うのオンライン宇野酸素道具箱コンテナボックス電工ドラム工具箱KTC大工道具台車収納ツールボックス作業手袋工具コンテナ送料無料業務用電動工具プロ用キャスター・車輪安全靴アネックス ＡＮＥＸ 精密ドライバーセット プラス マイナス６本組 【 2759438 】 800 【 精密ドライバーセット 】,《兼古製作所 精密ドライバーセット》がお買得！。アネックス ＡＮＥＸ 精密ドライバーセット プラス マイナス６本組 【 2759438 】 800 【 精密ドライバーセット 】[rn]
20-139362,http://tshop.r10s.jp/ganbariya/cabinet/03685711/2014nb-28/t010005661182.jpg?fitin=700:700,732.8000,,花・ガーデン・DIY > DIY・工具 > 手動工具 > ドライバー・レンチ > ドライバー,Ｗｅｒａ社  Ｗｅｒａ　９６７ＰＫＬ　トルクスキー　４０　024210  1本【431-7572】,Ｗｅｒａ社　ヘックスローブレンチ,【特長】<br>●短尺側は通常のトルクス[[(R)]]、長尺側はボールポイントトルクス[[(R)]]仕様になっています。<br>【仕様】<br>●刃先:T40●首下寸法(mm):27●全長(mm):132●質量(g):46<br>【質量】<br>46G<br>【注意】<br>●サイズ８、９、１０はボールポイント仕様ではありません。<br>【原産国（名称）】<br>チェコ<br>【メーカー名】<br>Ｗｅｒａ社<br>【JANコード】<br>4013288019592<br>【関連キーワード：ものづくりのがんばり屋楽天市場店　作業用品　ドライバー・六角棒レンチ　ヘックスローブレンチ　ヘックスローブレンチ　工場　作業現場　DIY　ホビー　工作　工事現場　学校　自動車　バイク　メカニック　産業機械　電気工事　電設工事　強力　強い　パワフル　頑丈　簡単　便利　ツール　道具　工具　本格　プロ　職人　業務用　家庭用　修理　メンテナンス　使いやすい　鉄鋼　鉄工　締める】,Ｗｅｒａ社  Ｗｅｒａ　９６７ＰＫＬ　トルクスキー　４０　024210  1本【431-7572】：ものづくりのがんばり屋,DIYTOOLツール工具道具マキタリョービ木工ものづくり保護具電動工具ヘルメット園芸高圧洗浄機モノタロウ接着剤補修剤ホームセンター兼房3MＷｅｒａ社  Ｗｅｒａ　９６７ＰＫＬ　トルクスキー　４０　024210  1本【431-7572】,Ｗｅｒａ社　ヘックスローブレンチ。Ｗｅｒａ社  Ｗｅｒａ　９６７ＰＫＬ　トルクスキー　４０　024210  1本【431-7572】[rn]
20-139363,http://tshop.r10s.jp/ganbariya/cabinet/03251097/2013nb-27/t010004375390.jpg?fitin=700:700,180.0000,,花・ガーデン・DIY > DIY・工具 > 手動工具 > ドライバー・レンチ > ドライバー,（株）エンジニア  エンジニア　ナットドライバー　４．５ｍｍ　DN-03  1本【395-4889】,（株）エンジニア　ソケットドライバー,【特長】<br>●グリップ部はプラスチック柄です。●耐摩耗性に優れています。●ニッケルメッキ仕上げです。<br>【用途】<br>●ボルトナットの締付、緩め作業などに。<br>【仕様】<br>●対辺(mm):4.5●軸長(mm):75●全長(mm):145●グリップ径(mm):13●先端幅(mm):8●深さ(mm):9●軸径(mm):4●適合ネジ(mm):2.3●質量(g):24<br>【質量】<br>24G<br>【原産国（名称）】<br>日本<br>【メーカー名】<br>（株）エンジニア<br>【JANコード】<br>4989833017033<br>【関連キーワード：ものづくりのがんばり屋楽天市場店　作業用品　ドライバー・六角棒レンチ　ソケットドライバー　ソケットドライバー　工場　作業現場　DIY　ホビー　工作　工事現場　学校　自動車　バイク　メカニック　産業機械　電気工事　電設工事　強力　強い　パワフル　頑丈　簡単　便利　ツール　道具　工具　本格　プロ　職人　業務用　家庭用　修理　メンテナンス　使いやすい　鉄鋼　鉄工　締める】,（株）エンジニア  エンジニア　ナットドライバー　４．５ｍｍ　DN-03  1本【395-4889】：ものづくりのがんばり屋,DIYTOOLツール工具道具マキタリョービ木工ものづくり保護具電動工具ヘルメット園芸高圧洗浄機モノタロウ接着剤補修剤ホームセンター兼房3M（株）エンジニア  エンジニア　ナットドライバー　４．５ｍｍ　DN-03  1本【395-4889】,（株）エンジニア　ソケットドライバー。（株）エンジニア  エンジニア　ナットドライバー　４．５ｍｍ　DN-03  1本【395-4889】[rn]
20-139364,http://tshop.r10s.jp/unoonline/cabinet/detail/detail-2/img60890745.jpg?fitin=700:700,1011.2000,,花・ガーデン・DIY > DIY・工具 > 手動工具 > ドライバー・レンチ > ドライバー,アネックス ＡＮＥＸ フレキシブルシャフト付ラチェットドライバー 【 2759969 】 353 【 差替式ドライバー 】 【 差替式ドライバーセット 】,《兼古製作所 差替式ドライバーセット》がお買得！,【特長】<br>●角・際などのコーナー部のねじ締めに最適です。<br><br>【用途】<br><br>【仕様】<br>●セット内容:ARC[[（+）]]No.1・2、[[（-）]]6×[[（+）]]No.2両頭、[[（+）]]No.3ビット<br>●刃先:[[（-）]]6×[[（+）]]No.2両頭<br><br>【材質／仕上】<br><br>【質量】<br>193g<br><br>【JANコード】<br>4962485202125<br><br>【セット内容】<br><br>【注意】<br><br>【メーカー名】<br>（株）兼古製作所<br><br>【生産国】<br>日本,アネックス ＡＮＥＸ フレキシブルシャフト付ラチェットドライバー 【 2759969 】 353 【 差替式ドライバー 】 【 差替式ドライバーセット 】：うのオンライン　楽天市場店,うのオンライン宇野酸素道具箱コンテナボックス電工ドラム工具箱KTC大工道具台車収納ツールボックス作業手袋工具コンテナ送料無料業務用電動工具プロ用キャスター・車輪安全靴アネックス ＡＮＥＸ フレキシブルシャフト付ラチェットドライバー 【 2759969 】 353 【 差替式ドライバー 】 【 差替式ドライバーセット 】,《兼古製作所 差替式ドライバーセット》がお買得！。アネックス ＡＮＥＸ フレキシブルシャフト付ラチェットドライバー 【 2759969 】 353 【 差替式ドライバー 】 【 差替式ドライバーセット 】[rn]
20-139365,http://tshop.r10s.jp/unoonline/cabinet/detail/detail-2/img60879903.jpg?fitin=700:700,3452.8000,,花・ガーデン・DIY > DIY・工具 > 手動工具 > ドライバー・レンチ > ドライバー,アネックス ＡＮＥＸ スーパーアクショングリップドライバー ビット７本組 【 2759039 】 3350 【 差替式ドライバー 】,《兼古製作所 差替式ドライバー》がお買得！,【特長】<br>●力を必要とするねじの取り外し作業に適しています。<br>●1つのドライバーでストレートとT型の2種類の使い分けができます。<br><br>【用途】<br><br>【仕様】<br><br>【材質／仕上】<br><br>【質量】<br>363g<br><br>【JANコード】<br>4962485344115<br><br>【セット内容】<br><br>【注意】<br><br>【メーカー名】<br>（株）兼古製作所<br><br>【生産国】<br>日本,アネックス ＡＮＥＸ スーパーアクショングリップドライバー ビット７本組 【 2759039 】 3350 【 差替式ドライバー 】：うのオンライン　楽天市場店,うのオンライン宇野酸素道具箱コンテナボックス電工ドラム工具箱KTC大工道具台車収納ツールボックス作業手袋工具コンテナ送料無料業務用電動工具プロ用キャスター・車輪安全靴アネックス ＡＮＥＸ スーパーアクショングリップドライバー ビット７本組 【 2759039 】 3350 【 差替式ドライバー 】,《兼古製作所 差替式ドライバー》がお買得！。アネックス ＡＮＥＸ スーパーアクショングリップドライバー ビット７本組 【 2759039 】 3350 【 差替式ドライバー 】[rn]
20-139366,http://tshop.r10s.jp/unoonline/cabinet/item2-2b/t010005196473.jpg?fitin=700:700,5746.4000,,花・ガーデン・DIY > DIY・工具 > 手動工具 > ドライバー・レンチ > ドライバー,【送料無料】リョービ RYOBI ドライバドリルキット 【 3799042 】 FDD1010KT 【 ドリルドライバー 】 【 電動ドリルドライバー 】,《リョービ 電動ドリルドライバー》がお買得！,"【特長】<br>●ねじ締め、緩め、穴あけなどの軽作業に最適です。<br><br>【用途】<br><br>【仕様】<br>●チャック能力(mm):1.0～10<br>●消費電力(W):70<br>●定格電流(A):0.8<br>●無負荷回転数(min[[の-1乗]]):540<br>●締め付け能力:3.8mm<br>●最大締付トルク:6.4N・m<br>●キーレスチャックタイプ<br>●電源:AC100V<br>●コード長さ:2.5m<br>●２０段クラッチ<br><br>【セット内容】<br>●プラスドライバービット（No.1&No.2）<br>●鉄工キリ（2、3、4、5mm）<br>●六角ソケット（5、6、7、8、10、11mm）<br>●ビットホルダ<br>●ソケットアダプタ<br>●キャリングケース<br><br>【材質／仕上】<br><br>【ＪＡＮコード】<br>4960673662546<br><br>【メーカ－名】<br>リョービ（株）<br><br>【原産国】<br>中国<br><br>【質量】<br>●0.8kg
<br><br><hr><font size='1'>【検索用キーワード】/ 電動工具 / ドライバードリル / ドリル / どりる / リョービ / RYOBI / ＲＹＯＢＩ / リョウビ / RYOUBI / ＲＹＯＵＢＩ / プロ / 土木 / 建築 / 作業 / DIY / ＤＩＹ / </font>
<br><font size='1'>【販促用キーワード】/ 通販 / 価格 / お買い得商品 / 人気商品 /</font>",【送料無料】リョービ RYOBI ドライバドリルキット 【 3799042 】 FDD1010KT 【 ドリルドライバー 】 【 電動ドリルドライバー 】：うのオンライン　楽天市場店,うのオンライン宇野酸素道具箱コンテナボックス電工ドラム工具箱KTC大工道具台車収納ツールボックス作業手袋工具コンテナ送料無料業務用電動工具プロ用キャスター・車輪安全靴【送料無料】リョービ RYOBI ドライバドリルキット 【 3799042 】 FDD1010KT 【 ドリルドライバー 】 【 電動ドリルドライバー 】,《リョービ 電動ドリルドライバー》がお買得！。【送料無料】リョービ RYOBI ドライバドリルキット 【 3799042 】 FDD1010KT 【 ドリルドライバー 】 【 電動ドリルドライバー 】[rn]
20-139367,http://tshop.r10s.jp/unoonline/cabinet/item2-2b/t010005196468.jpg?fitin=700:700,3848.8000,,花・ガーデン・DIY > DIY・工具 > 手動工具 > ドライバー・レンチ > ドライバー,リョービ RYOBI ドライバドリル 【 3799034 】 FDD1000 【 ドリルドライバー 】 【 電動ドリルドライバー 】,《リョービ 電動ドリルドライバー》がお買得！,"【特長】<br>●ねじ締め、緩め、穴あけなどの軽作業に最適です。<br><br>【用途】<br><br>【仕様】<br>●チャック能力(mm):1.5～10<br>●消費電力(W):70<br>●定格電流(A):0.8<br>●無負荷回転数(min[[の-1乗]]):540<br>●締め付け能力:3.8mm<br>●最大締付トルク:6.4N・m<br>●チャックハンドルタイプ<br>●電源:AC100V<br>●コード長さ:2.5m<br>●２０段クラッチ<br><br>【セット内容】<br>●プラスドライバービット（No.2×65mm）<br>●チャックハンドル（L型）<br><br>【材質／仕上】<br><br>【ＪＡＮコード】<br>4960673662522<br><br>【メーカ－名】<br>リョービ（株）<br><br>【原産国】<br>中国<br><br>【質量】<br>●0.8kg
<br><br><hr><font size='1'>【検索用キーワード】/ 電動工具 / ドライバードリル / 電動  / リョービ / RYOBI / ＲＹＯＢＩ / リョウビ / RYOUBI / ＲＹＯＵＢＩ / プロ / 土木 / 建築 / 作業 / DIY / ＤＩＹ / </font>
<br><font size='1'>【販促用キーワード】/ 通販 / 価格 / お買い得商品 / 人気商品 /</font>",リョービ RYOBI ドライバドリル 【 3799034 】 FDD1000 【 ドリルドライバー 】 【 電動ドリルドライバー 】：うのオンライン　楽天市場店,うのオンライン宇野酸素道具箱コンテナボックス電工ドラム工具箱KTC大工道具台車収納ツールボックス作業手袋工具コンテナ送料無料業務用電動工具プロ用キャスター・車輪安全靴リョービ RYOBI ドライバドリル 【 3799034 】 FDD1000 【 ドリルドライバー 】 【 電動ドリルドライバー 】,《リョービ 電動ドリルドライバー》がお買得！。リョービ RYOBI ドライバドリル 【 3799034 】 FDD1000 【 ドリルドライバー 】 【 電動ドリルドライバー 】[rn]
20-139368,http://tshop.r10s.jp/unoonline/cabinet/item2-2b/t010004393293.jpg?fitin=700:700,16837.6000,,花・ガーデン・DIY > DIY・工具 > 手動工具 > ドライバー・レンチ > ドライバー,【送料無料】日立工機 HitachiKoki ３．６Ｖ コードレスドライバドリル 【 3779572 】 DB3DL22LCSK 【 ドリルドライバー 】 【 充電ドリルドライバー 】,《日立工機 充電ドリルドライバー》がお買得！,【特長】<br>●3.6Ｖリチウムイオンバッテリー仕様です。<br>●ストレート形から、ピストル形に変更可能です。<br><br>【用途】<br>●鉄工・木工の穴あけ<br><br>【仕様】<br>●無負荷回転数(min[[の-1乗]])高速:600<br>●無負荷回転数(min[[の-1乗]])低速:200<br>●最大締付トルク(N・m)高速:1.5<br>●最大締付トルク(N・m)低速:5<br>●連続作業量目安（1充電）:穴あけ鉄工(φ2×1)約210個<br>●締め付け能力:木ねじ（φ3.8×38mm）、機械ねじ（M5）<br>●穴あけ能力：鉄工5mm<br>●ビット対辺:6.35mm<br>●蓄電池電圧3.6V<br><br>【セット内容】<br>●充電器<br>●予備電池<br>●No.2プラスビット<br>●ケース<br><br>【材質／仕上】<br><br>【ＪＡＮコード】<br>4966376186570<br><br>【メーカ－名】<br>日立工機（株）<br><br>【原産国】<br>中国<br><br>【質量】<br>●0.45kg,【送料無料】日立工機 HitachiKoki ３．６Ｖ コードレスドライバドリル 【 3779572 】 DB3DL22LCSK 【 ドリルドライバー 】 【 充電ドリルドライバー 】：うのオンライン　楽天市場店,うのオンライン宇野酸素道具箱コンテナボックス電工ドラム工具箱KTC大工道具台車収納ツールボックス作業手袋工具コンテナ送料無料業務用電動工具プロ用キャスター・車輪安全靴【送料無料】日立工機 HitachiKoki ３．６Ｖ コードレスドライバドリル 【 3779572 】 DB3DL22LCSK 【 ドリルドライバー 】 【 充電ドリルドライバー 】,《日立工機 充電ドリルドライバー》がお買得！。【送料無料】日立工機 HitachiKoki ３．６Ｖ コードレスドライバドリル 【 3779572 】 DB3DL22LCSK 【 ドリルドライバー 】 【 充電ドリルドライバー 】[rn]
20-139369,http://tshop.r10s.jp/marunishi-online/cabinet/2015_nb_y2_002/t010002846673.jpg?fitin=700:700,31600.0000,,花・ガーデン・DIY > DIY・工具 > 手動工具 > ドライバー・レンチ > ドライバー,ハイオス　トランスレス電動ドライバー【VZ1510PS】 販売単位：1台(入り数：-)JAN[-](ハイオス 電動ドライバー) （株）ハイオス【05P03Dec16】,【在庫品】ハイオス　電動工具,"【特長】<br>●入力はAC100Vにダイレクトに接続できます。<br>●トルク調整は無段階調整です。<br><br>【用途】<br><br>【仕様】<br>●出力トルク(N・m):0.15～1.5<br>●無負荷回転速度(min[[の-1乗]]):1000<br>●適合ねじ(mm)小ねじ:2.0～4.0<br>●適合ねじ(mm)タッピンねじ:2.0～3.0<br>●消費電力(W):75<br>●全長(mm):243<br>●ビット形状(mm):ハイオス専用4<br>●質量(g):502<br>●プッシュスタート式<br>●電源:AC100V<br>●コード長さ:3m<br>●RoHS対応<br><br>【材質/仕上】<br><br>【セット内容/付属品】<br>●ビット<br>●カーボンブラシ<br>●ひら2P変換プラグ<br><br>【受注数(例：1Pk)内に含まれる数量(例：42本)】<BR>-<br><br>【JANコード】<br>JANコード無し<br><br>【注意】<br><br>【在庫種類】<br>●在庫品<br><br>【別途送料について】<br>* 御注文金額が5,000円(税抜)以上の場合、送料無料とさせていただきます。<br>* 御注文金額が5,000円(税抜)未満の場合、送料600円(税抜)とさせていただきます。<br>* 重量物、多量注文、長物など通常の発送ができない場合、送料についてお見積致します。<br>* 北海道、離島、沖縄を除きます。<br><br>【納期】<br>1～3日以内に発送予定(土･日・祝日を除く)<br><br>【ブランド】<br>ハイオス　　　　　<br><br>【メーカー】<br>（株）ハイオス<br><br>【原産国】<br>日本<br><br>【オレンジブック掲載箇所】<br>2015年オレンジブック  2 1395<br>* 関連商品の掲載をしております。<br><br>【商品画像】<br>※基本的にシリーズを代表する画像となります(サイズ違い・色違い)。<BR>※品番等をご確認していただき、お間違いのないようにご注文ください。<br><br>【環境配慮事項】<br>1<br><br>【エビデンス】<br>メーカー希望小売価格はメーカー広告に基づいて掲載しています。<br><br>【エビデンス出典】<br>エビデンスの出典となります。",ハイオス　トランスレス電動ドライバー【VZ1510PS】 販売単位：1台(入り数：-)JAN[-](ハイオス 電動ドライバー) （株）ハイオス【05P03Dec16】：マルニシオンライン　楽天市場店,ハイオス　トランスレス電動ドライバー【VZ1510PS】 販売単位：1台(入り数：-)JAN[-](ハイオス 電動ドライバー) （株）ハイオス【05P03Dec16】,【在庫品】ハイオス　電動工具。ハイオス　トランスレス電動ドライバー【VZ1510PS】 販売単位：1台(入り数：-)JAN[-](ハイオス 電動ドライバー) （株）ハイオス【05P03Dec16】[rn]
20-139370,http://tshop.r10s.jp/interiortool/cabinet/23-1375.jpg?fitin=700:700,1036.8000,,花・ガーデン・DIY > DIY・工具 > 手動工具 > ドライバー・レンチ > ドライバー,極東産機　ペインタークリップ　2個入　23-1375,作業資材用クリップ,"用途<br>
　床糊容器へのスプレダーや刷毛の落下防止用クリップ。<br>
<br>
特長<br>
　強カマグネットでスプレダーや刷毛をしっかり固定します。",極東産機　ペインタークリップ　2個入　23-1375：イーヅカ,壁紙クッションフロア内装工具ヤヨイ化学極東産機東リコニシ接着剤塩ビシート床材pタイルパーキリパテクロス巾木アルテコアロンアルファワーロン障子紙糊極東産機　ペインタークリップ　2個入　23-1375,作業資材用クリップ。極東産機　ペインタークリップ　2個入　23-1375[rn]
20-139371,http://tshop.r10s.jp/interiortool/cabinet/63-6060.jpg?fitin=700:700,3024.0000,,花・ガーデン・DIY > DIY・工具 > 手動工具 > ドライバー・レンチ > ドライバー,フレキシブルジョイント　全長300mm　1つ　63-6060,狭所などで効果を発揮,"用途<br>
　電動ドリルなどにセットして使用する、ドライバービットです。<br>
<br>
特長<br>
　入り込んだ壁際などのドライバーでは届かない箇所へのネジ締めに便利です。<br>
<br>
長さ:300mm",フレキシブルジョイント　全長300mm　1つ　63-6060：イーヅカ,壁紙クッションフロア内装工具ヤヨイ化学極東産機東リコニシ接着剤塩ビシート床材pタイルパーキリパテクロス巾木アルテコアロンアルファワーロン障子紙糊フレキシブルジョイント　全長300mm　1つ　63-6060,狭所などで効果を発揮。フレキシブルジョイント　全長300mm　1つ　63-6060[rn]
20-139372,http://tshop.r10s.jp/donya/cabinet/item32/2017-0209-2801-0.jpg?fitin=700:700,592.0000,,花・ガーデン・DIY > DIY・工具 > 手動工具 > ドライバー・レンチ > ドライバー,精密ドライバー ツールセット(16点)(914133),,"<!-- ▼▼▼配送方法案内_ここから▼▼▼ --><table width=""100%"" border=""0"" cellpadding=""2"" cellspacing=""0""><tr><td colspan=""3""><table width=""100%"" border=""0"" cellspacing=""0"" cellpadding=""5""><tr><td bgcolor=""#FFCC99""><b>この商品の配送方法</b></td></tr></table></td></tr><tr><td width=""33%""><img src=""http://image.rakuten.co.jp/donya/cabinet/material/deli_yes.gif"" width=""100%""></td><td width=""33%"" align=""right""><img src=""http://image.rakuten.co.jp/donya/cabinet/material/mail_no.gif"" width=""100%""></td><td width=""33%""><img src=""http://image.rakuten.co.jp/donya/cabinet/material/conv_yes.gif"" width=""100%""></td></tr></table><!-- ▲▲▲配送方法案内_ここまで▲▲▲ --><img src=""http://www.rakuten.ne.jp/gold/donya/ogaria/capture/2017-0209-2801-s1.jpg"" width=""100%"">",精密ドライバー ツールセット(16点)(914133)：上海問屋,通信販売通販ショッピングオンラインショッピング買い物プレゼントギフト贈り物贈答品お中元お歳暮お買い得PCパソコン周辺機器通販通信販売iPhoneスマートフォンタブレットスマホUSBメモリSDカードマイクロSDカードメモリーカードPCメモリカー用品カメラ充電無線LANルーターHDMI上海問屋精密ドライバー ツールセット(16点)(914133),精密ドライバー ツールセット(16点)(914133)[rn]
20-139373,http://tshop.r10s.jp/3aonlinestore/cabinet/main01/cat-p568m.jpg?fitin=700:700,2224.0000,,花・ガーデン・DIY > DIY・工具 > 手動工具 > ドライバー・レンチ > ドライバー,【72時間限定ポイント5倍】ミヨシ　かしめ工具　軽量タイプ　CAT-P568M,,"・コンパクトで軽量なかしめ工具です。<br>
・安心の指挟みこみ防止ストッパー付き。<br>
・カット・ストリップ・かしめが1台で行えます。",【72時間限定ポイント5倍】ミヨシ　かしめ工具　軽量タイプ　CAT-P568M：ケーブル・プラグカンパニー,通信販売通販ショッピングオンラインショッピング買い物プレゼントギフト贈り物贈答品お中元お歳暮お買い得アンテナケーブルPC光デジタルケーブルアンテナ接栓電話線カールコード4C5C分波器分配器SDカードファミコンHDMIケーブルレコードプラグ殺虫器3Aカンパニー変圧器XCAPTURE-1レコードプレーヤー【72時間限定ポイント5倍】ミヨシ　かしめ工具　軽量タイプ　CAT-P568M,【5800円以上送料無料！】。【72時間限定ポイント5倍】ミヨシ　かしめ工具　軽量タイプ　CAT-P568M[rn]
20-139374,http://tshop.r10s.jp/3aonlinestore/cabinet/main02/ds31a.jpg?fitin=700:700,704.0000,,花・ガーデン・DIY > DIY・工具 > 手動工具 > ドライバー・レンチ > ドライバー,【72時間限定ポイント5倍】変換名人　特殊ドライバーセット　31in1　DS31/A,,"・31種の精密ドライバーセットです。<br>
・ゲーム機、携帯電話、小型端末など特殊なネジ穴にも対応します。<br>
・PC自作などにも使用可能です。<br>
・きれいに収納できるプラケース入り。",【72時間限定ポイント5倍】変換名人　特殊ドライバーセット　31in1　DS31/A：ケーブル・プラグカンパニー,通信販売通販ショッピングオンラインショッピング買い物プレゼントギフト贈り物贈答品お中元お歳暮お買い得アンテナケーブルPC光デジタルケーブルアンテナ接栓電話線カールコード4C5C分波器分配器SDカードファミコンHDMIケーブルレコードプラグ殺虫器3Aカンパニー変圧器XCAPTURE-1レコードプレーヤー【72時間限定ポイント5倍】変換名人　特殊ドライバーセット　31in1　DS31/A,【5800円以上送料無料！】【土日も出荷します。】。【72時間限定ポイント5倍】変換名人　特殊ドライバーセット　31in1　DS31/A[rn]
20-139375,http://tshop.r10s.jp/3aonlinestore/cabinet/main02/ds45a.jpg?fitin=700:700,1104.0000,,花・ガーデン・DIY > DIY・工具 > 手動工具 > ドライバー・レンチ > ドライバー,【72時間限定ポイント5倍】変換名人　特殊ドライバーセット　45in1　DS45/A,,"・45種の精密ドライバーセットです。<br>
・ゲーム機、携帯電話、小型端末など特殊なネジ穴にも対応します。<br>
・PC自作などにも使用可能です。<br>
・きれいに収納できるプラケース入り。",【72時間限定ポイント5倍】変換名人　特殊ドライバーセット　45in1　DS45/A：ケーブル・プラグカンパニー,通信販売通販ショッピングオンラインショッピング買い物プレゼントギフト贈り物贈答品お中元お歳暮お買い得アンテナケーブルPC光デジタルケーブルアンテナ接栓電話線カールコード4C5C分波器分配器SDカードファミコンHDMIケーブルレコードプラグ殺虫器3Aカンパニー変圧器XCAPTURE-1レコードプレーヤー【72時間限定ポイント5倍】変換名人　特殊ドライバーセット　45in1　DS45/A,【5800円以上送料無料！】【土日も出荷します。】。【72時間限定ポイント5倍】変換名人　特殊ドライバーセット　45in1　DS45/A[rn]
20-139376,http://tshop.r10s.jp/parts/cabinet/detail-trusco12/t010002768932.jpg?fitin=700:700,354.4000,,花・ガーデン・DIY > DIY・工具 > 手動工具 > ドライバー・レンチ > ドライバー,ＢＲＯＷＮ　クッション電工ドライバー,,●軸はニッケルクロムモリブデンバナジウム最高級鋼です。●パワフルな締め付け力を生み、強度もあるボールクッショングリップです。●[[（+）]][[（-）]]が色分けとともにグリップエンドでも確認できます。●（[[（+）]]:黄、[[（-）]]:赤）するとともにグリップエンドでも確認できるワンポイントデザイン（特許申請済）です。<BR>●刃先:[[（+）]]No.2●軸長(mm):100●全長(mm):200●質量(g):101<BR>●全身焼入（軸長[[（+）]][[（-）]]100mmの軸のみローレット加工）●刃先:マグネット入り●ブラックポイント加工<BR>,ＢＲＯＷＮ　クッション電工ドライバー：ＰＡＲＴＳ,通信販売通販ショッピングオンラインショッピング買い物プレゼントギフト贈り物贈答品お中元お歳暮お買い得ヘッドライトテールライトコーナーライトサイドマーカーカーボンアンテナドアミラーエアロメーターパネルリップスポイラーウイングホイールカバーペダル車高調ブレーキドライブレコーダーワイパーグリルボンネットローダウンＢＲＯＷＮ　クッション電工ドライバー,ＢＲＯＷＮ　クッション電工ドライバー[rn]
20-139377,http://tshop.r10s.jp/parts/cabinet/detail-trusco12/t010003823036.jpg?fitin=700:700,480.0000,,花・ガーデン・DIY > DIY・工具 > 手動工具 > ドライバー・レンチ > ドライバー,ＫＴＣ　ソフトドライバ　マイナス５ｍｍ,,●グリップは軽く、ベタつき感がなく環境にやさしいエラストマ樹脂を採用しています。●軸は丸軸です。<BR>●刃先:[[（-）]]5.5●軸長(mm):150●全長(mm):275●質量(g):95<BR>●刃先：マグネット入り<BR>,ＫＴＣ　ソフトドライバ　マイナス５ｍｍ：ＰＡＲＴＳ,通信販売通販ショッピングオンラインショッピング買い物プレゼントギフト贈り物贈答品お中元お歳暮お買い得ヘッドライトテールライトコーナーライトサイドマーカーカーボンアンテナドアミラーエアロメーターパネルリップスポイラーウイングホイールカバーペダル車高調ブレーキドライブレコーダーワイパーグリルボンネットローダウンＫＴＣ　ソフトドライバ　マイナス５ｍｍ,ＫＴＣ　ソフトドライバ　マイナス５ｍｍ[rn]
20-139378,http://tshop.r10s.jp/parts/cabinet/detail-trusco13/t010004382358.jpg?fitin=700:700,547.2000,,花・ガーデン・DIY > DIY・工具 > 手動工具 > ドライバー・レンチ > ドライバー,ボンダス　ナットドライバー,,●ボンダスオリジナルのコンフォートグリップにより、握りやすく小さな力で最大のトルクが得られます。●ブレード部が六角のため、ペンチ・モンキーレンチで工具を回すことができます。<BR>●対辺(mm):5.5●軸長(mm):77●全長(mm):184●質量(g):80<BR>,ボンダス　ナットドライバー：ＰＡＲＴＳ,通信販売通販ショッピングオンラインショッピング買い物プレゼントギフト贈り物贈答品お中元お歳暮お買い得ヘッドライトテールライトコーナーライトサイドマーカーカーボンアンテナドアミラーエアロメーターパネルリップスポイラーウイングホイールカバーペダル車高調ブレーキドライブレコーダーワイパーグリルボンネットローダウンボンダス　ナットドライバー,ボンダス　ナットドライバー[rn]
20-139379,http://tshop.r10s.jp/parts/cabinet/detail-trusco12/t010003760333.jpg?fitin=700:700,420.8000,,花・ガーデン・DIY > DIY・工具 > 手動工具 > ドライバー・レンチ > ドライバー,ベッセル　クリスタラインドライバー　６３００　＋２×２５０,,●カラフルなクリスタライン柄で、[[（+）]][[（-）]]で色分けしています。<BR>●刃先:[[（+）]]2●軸長(mm):250●全長(mm):348●質量(g):116.7<BR>●全身焼入●刃先:マグネット入り<BR>,ベッセル　クリスタラインドライバー　６３００　＋２&times;２５０：ＰＡＲＴＳ,通信販売通販ショッピングオンラインショッピング買い物プレゼントギフト贈り物贈答品お中元お歳暮お買い得ヘッドライトテールライトコーナーライトサイドマーカーカーボンアンテナドアミラーエアロメーターパネルリップスポイラーウイングホイールカバーペダル車高調ブレーキドライブレコーダーワイパーグリルボンネットローダウンベッセル　クリスタラインドライバー　６３００　＋２&times;２５０,ベッセル　クリスタラインドライバー　６３００　＋２&times;２５０[rn]
20-139380,http://tshop.r10s.jp/parts/cabinet/detail-trusco12/t010002938992.jpg?fitin=700:700,285.6000,,花・ガーデン・DIY > DIY・工具 > 手動工具 > ドライバー・レンチ > ドライバー,アネックス　スーパーフィット精密ドライバ　－３×１００,,●作業効率を向上させる四角断面になっています。●ソフトグリップを採用しています。<BR>●刃先:[[（-）]]3.0●軸長(mm):100●全長(mm):208●質量(g):23<BR>,アネックス　スーパーフィット精密ドライバ　&minus;３&times;１００：ＰＡＲＴＳ,通信販売通販ショッピングオンラインショッピング買い物プレゼントギフト贈り物贈答品お中元お歳暮お買い得ヘッドライトテールライトコーナーライトサイドマーカーカーボンアンテナドアミラーエアロメーターパネルリップスポイラーウイングホイールカバーペダル車高調ブレーキドライブレコーダーワイパーグリルボンネットローダウンアネックス　スーパーフィット精密ドライバ　&minus;３&times;１００,アネックス　スーパーフィット精密ドライバ　&minus;３&times;１００[rn]
20-139381,http://tshop.r10s.jp/parts/cabinet/detail-trusco13/t010004383217.jpg?fitin=700:700,1714.4000,,花・ガーデン・DIY > DIY・工具 > 手動工具 > ドライバー・レンチ > ドライバー,ＫＴＣ　樹脂柄ボールポイントヘキサゴンドライバ７／３２ｉｎｃｈ,,●軸の根元についた六角形状で、スパナなどを掛けて回すことができます。●グリップエンドのサイズ表示で先端形状の区別ができます。<BR>●汎用工具<BR>●軸長(mm):100●全長(mm):209●対辺寸法(インチ):7/32●質量(g):130<BR>,ＫＴＣ　樹脂柄ボールポイントヘキサゴンドライバ７／３２ｉｎｃｈ：ＰＡＲＴＳ,通信販売通販ショッピングオンラインショッピング買い物プレゼントギフト贈り物贈答品お中元お歳暮お買い得ヘッドライトテールライトコーナーライトサイドマーカーカーボンアンテナドアミラーエアロメーターパネルリップスポイラーウイングホイールカバーペダル車高調ブレーキドライブレコーダーワイパーグリルボンネットローダウンＫＴＣ　樹脂柄ボールポイントヘキサゴンドライバ７／３２ｉｎｃｈ,ＫＴＣ　樹脂柄ボールポイントヘキサゴンドライバ７／３２ｉｎｃｈ[rn]
20-139382,http://tshop.r10s.jp/parts/cabinet/detail-trusco13/t010006148717.jpg?fitin=700:700,840.0000,,花・ガーデン・DIY > DIY・工具 > 手動工具 > ドライバー・レンチ > ドライバー,Ｗｉｈａ　システム６用プラス・マイナスブレード,,●システム６差替ブレード●両頭<BR>●軸長(mm):150●刃先:[[(+)]]1×[[(-)]]4●軸径(mm):6.0●質量(g):31<BR>●軸長(mm)：150●軸径(mm)：6.0●[[(+)]]1Ｘ[[(-)]]4<BR>●クロームバナジュウムモリブデン鋼●全身焼入れ<BR>,Ｗｉｈａ　システム６用プラス・マイナスブレード：ＰＡＲＴＳ,通信販売通販ショッピングオンラインショッピング買い物プレゼントギフト贈り物贈答品お中元お歳暮お買い得ヘッドライトテールライトコーナーライトサイドマーカーカーボンアンテナドアミラーエアロメーターパネルリップスポイラーウイングホイールカバーペダル車高調ブレーキドライブレコーダーワイパーグリルボンネットローダウンＷｉｈａ　システム６用プラス・マイナスブレード,Ｗｉｈａ　システム６用プラス・マイナスブレード[rn]
20-139383,http://tshop.r10s.jp/parts/cabinet/detail-trusco12/t010005799907.jpg?fitin=700:700,248.8000,,花・ガーデン・DIY > DIY・工具 > 手動工具 > ドライバー・レンチ > ドライバー,ベッセル　セパドラ（スタビータイプ）５７０　＋１×２５,,●軸とグリップを分別して廃棄できる、環境に配慮したドライバーです。●内部にはリサイクル樹脂を使用しています。●グリップ表面のエラストマー樹脂が手にやさしくフィットし、トルクの伝達も向上します。<BR>●あらゆるネジ締め作業に。<BR>●刃先:[[(+)]]No.1●軸長(mm):25●全長(mm):50●軸径(mm):6●質量(g):32.5●グリップ径(mm):45<BR>●刃先:マグネット入り●クロームバナジューム鋼、全身焼入。●刃先は高精度のブラックポイント加工。●軸部は六価クロムフリー。環境負荷物質を含まない表面メッキ仕上げ。●マグネット入り<BR>●軸：クロームバナジューム鋼/ブラックポイント●グリップ：樹脂<BR>●貫通ドライバーではありません。●ハンマーでたたくと軸が抜けなくなったり、変形・破損の原因となります。,ベッセル　セパドラ（スタビータイプ）５７０　＋１&times;２５：ＰＡＲＴＳ,通信販売通販ショッピングオンラインショッピング買い物プレゼントギフト贈り物贈答品お中元お歳暮お買い得ヘッドライトテールライトコーナーライトサイドマーカーカーボンアンテナドアミラーエアロメーターパネルリップスポイラーウイングホイールカバーペダル車高調ブレーキドライブレコーダーワイパーグリルボンネットローダウンベッセル　セパドラ（スタビータイプ）５７０　＋１&times;２５,ベッセル　セパドラ（スタビータイプ）５７０　＋１&times;２５[rn]
20-139384,http://tshop.r10s.jp/parts/cabinet/detail-trusco15/t010005864710.jpg?fitin=700:700,1632.0000,,花・ガーデン・DIY > DIY・工具 > 手動工具 > ドライバー・レンチ > ドライバー,Ｗｅｒａ　１６０ＩＶＤＥ　６．５Ｘ２００,,●１０００Ｖ絶縁仕様です。●欧州規格ＥＮ６０９００適合品です。●先端のレーザーチップにより、ねじへの食いつきに優れています。●特殊なグリップ形状により、つかみやすさとフィット感を実現しています。●-40℃の低温環境下でも、水中でも絶縁性を確保しています。●レーザーチップ付です。<BR>●刃先:[[(-)]]6.5●軸長(mm):200●全長(mm):305●質量(g):108<BR>●006100、006105、006150、006158はレーザーチップ加工がされていません。,Ｗｅｒａ　１６０ＩＶＤＥ　６．５Ｘ２００：ＰＡＲＴＳ,通信販売通販ショッピングオンラインショッピング買い物プレゼントギフト贈り物贈答品お中元お歳暮お買い得ヘッドライトテールライトコーナーライトサイドマーカーカーボンアンテナドアミラーエアロメーターパネルリップスポイラーウイングホイールカバーペダル車高調ブレーキドライブレコーダーワイパーグリルボンネットローダウンＷｅｒａ　１６０ＩＶＤＥ　６．５Ｘ２００,Ｗｅｒａ　１６０ＩＶＤＥ　６．５Ｘ２００[rn]
20-139385,http://tshop.r10s.jp/parts/cabinet/detail-trusco15/t010002867588.jpg?fitin=700:700,1943.2000,,花・ガーデン・DIY > DIY・工具 > 手動工具 > ドライバー・レンチ > ドライバー,バーコ　エコノミータイプ絶縁ドライバー,,●1000V絶縁仕様です。●欧州規格EN60900適合品です。●軸部は全面焼き入れニッケル・クロムメッキ、刃先はブラックポイント仕上げです。●頑丈なモリブデン・バナジウム合金です。●電気工事などに使用します。●ハンドル部はポリプロピレンと加熱プラスチックエラストマーの二重成型グリップです。<BR>●刃先:[[（+）]]No.3●軸長(mm):200●全長(mm):320●質量(g):175<BR>●1000V絶縁機能はハンドル部および軸部の赤色カバー部のみです。,バーコ　エコノミータイプ絶縁ドライバー：ＰＡＲＴＳ,通信販売通販ショッピングオンラインショッピング買い物プレゼントギフト贈り物贈答品お中元お歳暮お買い得ヘッドライトテールライトコーナーライトサイドマーカーカーボンアンテナドアミラーエアロメーターパネルリップスポイラーウイングホイールカバーペダル車高調ブレーキドライブレコーダーワイパーグリルボンネットローダウンバーコ　エコノミータイプ絶縁ドライバー,バーコ　エコノミータイプ絶縁ドライバー[rn]
20-139386,http://tshop.r10s.jp/parts/cabinet/detail-trusco13/t010006058659.jpg?fitin=700:700,846.4000,,花・ガーデン・DIY > DIY・工具 > 手動工具 > ドライバー・レンチ > ドライバー,Ｗｅｒａ　３６７　トルクスドライバー　７Ｘ６０,,●特殊なグリップ形状により、つかみやすさとフィット感を実現しています。<BR>●刃先:T7●軸長(mm):60●全長(mm):130●質量(g):23.4<BR>,Ｗｅｒａ　３６７　トルクスドライバー　７Ｘ６０：ＰＡＲＴＳ,通信販売通販ショッピングオンラインショッピング買い物プレゼントギフト贈り物贈答品お中元お歳暮お買い得ヘッドライトテールライトコーナーライトサイドマーカーカーボンアンテナドアミラーエアロメーターパネルリップスポイラーウイングホイールカバーペダル車高調ブレーキドライブレコーダーワイパーグリルボンネットローダウンＷｅｒａ　３６７　トルクスドライバー　７Ｘ６０,Ｗｅｒａ　３６７　トルクスドライバー　７Ｘ６０[rn]
20-139387,http://tshop.r10s.jp/parts/cabinet/detail-aa27/aa27-1379.jpg?fitin=700:700,428.8000,,花・ガーデン・DIY > DIY・工具 > 手動工具 > ドライバー・レンチ > ドライバー,AMON（エーモン） クリスタルドライバー 1379,,■人間工学に基づきデザインされた、手にフィットするグリップ■先端マグネット機能耐油性・耐薬品性・耐衝撃性に優れた高級プラスチック、アセテート樹脂使用■高精度ブラックポイント仕上げ<br>【仕様】・サイズ：全長192mm、+2X100mm     プラスドライバー刃先番号NO.2     軸長100.0mm、軸径6.0mm、柄径30.0mm・材質：グリップ/アセテート樹脂  軸部/クロムバナジウム鋼  【内容物】・クリスタルドライバー：1本<br>※本製品はメール便でのお届けの為、代引き不可となります。ご了承下さい。<br><br>ユニバーサル(ドライバー),AMON（エーモン） クリスタルドライバー 1379：ＰＡＲＴＳ,通信販売通販ショッピングオンラインショッピング買い物プレゼントギフト贈り物贈答品お中元お歳暮お買い得ヘッドライトテールライトコーナーライトサイドマーカーカーボンアンテナドアミラーエアロメーターパネルリップスポイラーウイングホイールカバーペダル車高調ブレーキドライブレコーダーワイパーグリルボンネットローダウンAMON（エーモン） クリスタルドライバー 1379,メール便送料無料！ 代引き不可　。AMON（エーモン） クリスタルドライバー 1379[rn]
20-139388,http://tshop.r10s.jp/parts/cabinet/detail-aa27/aa27-1377.jpg?fitin=700:700,336.0000,,花・ガーデン・DIY > DIY・工具 > 手動工具 > ドライバー・レンチ > ドライバー,AMON（エーモン） クリスタルドライバー 1377,,■人間工学に基づきデザインされた、手にフィットするグリップ■先端マグネット機能耐油性・耐薬品性・耐衝撃性に優れた高級プラスチック、アセテート樹脂使用■高精度ブラックポイント仕上げ<br>【仕様】・サイズ：全長160mm、+1X75mm     プラスドライバー刃先番号NO.1     軸長75.0mm、軸径5.0mm、柄径26.00mm・材質：グリップ/アセテート樹脂  軸部/クロムバナジウム鋼  【内容物】・クリスタルドライバー：1本<br>※本製品はメール便でのお届けの為、代引き不可となります。ご了承下さい。<br><br>ユニバーサル(ドライバー),AMON（エーモン） クリスタルドライバー 1377：ＰＡＲＴＳ,通信販売通販ショッピングオンラインショッピング買い物プレゼントギフト贈り物贈答品お中元お歳暮お買い得ヘッドライトテールライトコーナーライトサイドマーカーカーボンアンテナドアミラーエアロメーターパネルリップスポイラーウイングホイールカバーペダル車高調ブレーキドライブレコーダーワイパーグリルボンネットローダウンAMON（エーモン） クリスタルドライバー 1377,メール便送料無料！ 代引き不可　。AMON（エーモン） クリスタルドライバー 1377[rn]
20-139389,http://tshop.r10s.jp/parts/cabinet/detail-aa27/aa27-1406.jpg?fitin=700:700,728.0000,,花・ガーデン・DIY > DIY・工具 > 手動工具 > ドライバー・レンチ > ドライバー,AMON（エーモン）ドライバーセットS 1406,,■クルマによく使うドライバー類を1セットに■T型グリップにするとさらに力強い締めつけができます<br> 【内容物】・グリップ：1本・プラスドライバー(+1・+2)：各1本・マイナスドライバー(-5・-6)：各1本・ソケットドライバー(8・10)：各1本・六角レンチ(3)：1本・虫廻し：1本<br><br><br>ユニバーサル(ドライバー,AMON（エーモン）ドライバーセットS 1406：ＰＡＲＴＳ,通信販売通販ショッピングオンラインショッピング買い物プレゼントギフト贈り物贈答品お中元お歳暮お買い得ヘッドライトテールライトコーナーライトサイドマーカーカーボンアンテナドアミラーエアロメーターパネルリップスポイラーウイングホイールカバーペダル車高調ブレーキドライブレコーダーワイパーグリルボンネットローダウンAMON（エーモン）ドライバーセットS 1406,AMON（エーモン）ドライバーセットS 1406[rn]
20-139390,http://tshop.r10s.jp/parts/cabinet/detail-aa27/aa27-1380.jpg?fitin=700:700,428.8000,,花・ガーデン・DIY > DIY・工具 > 手動工具 > ドライバー・レンチ > ドライバー,AMON（エーモン） クリスタルドライバー 1380,,■人間工学に基づきデザインされた、手にフィットするグリップ■先端マグネット機能耐油性・耐薬品性・耐衝撃性に優れた高級プラスチック、アセテート樹脂使用■高精度ブラックポイント仕上げ<br>【仕様】・サイズ：全長192mm、-6X100mm     マイナスドライバー刃幅6.0mm     軸長100.0mm、軸径6.0mm、柄径30.0mm・材質：グリップ/アセテート樹脂  軸部/クロムバナジウム鋼 【内容物】・クリスタルドライバー：1本<br>※本製品はメール便でのお届けの為、代引き不可となります。ご了承下さい。<br><br>ユニバーサル(ドライバー),AMON（エーモン） クリスタルドライバー 1380：ＰＡＲＴＳ,通信販売通販ショッピングオンラインショッピング買い物プレゼントギフト贈り物贈答品お中元お歳暮お買い得ヘッドライトテールライトコーナーライトサイドマーカーカーボンアンテナドアミラーエアロメーターパネルリップスポイラーウイングホイールカバーペダル車高調ブレーキドライブレコーダーワイパーグリルボンネットローダウンAMON（エーモン） クリスタルドライバー 1380,メール便送料無料！ 代引き不可　。AMON（エーモン） クリスタルドライバー 1380[rn]
20-139391,http://tshop.r10s.jp/parts/cabinet/detail-aa27/aa27-1375.jpg?fitin=700:700,336.0000,,花・ガーデン・DIY > DIY・工具 > 手動工具 > ドライバー・レンチ > ドライバー,AMON（エーモン） クリスタルドライバー 1375,,■人間工学に基づきデザインされた、手にフィットするグリップ■先端マグネット機能耐油性・耐薬品性・耐衝撃性に優れた高級プラスチック、アセテート樹脂使用■高精度ブラックポイント仕上げ<br>【仕様】・サイズ：全長87mm、+2X38mm・プラスドライバー刃先番号NO.2・軸長38.0mm、軸径6.0mm、柄径34.00mm・材質：グリップ/アセテート樹脂  軸部/クロムバナジウム鋼  【内容物】・クリスタルドライバー：1本<br>※本製品はメール便でのお届けの為、代引き不可となります。ご了承下さい。<br><br>ユニバーサル(ドライバー),AMON（エーモン） クリスタルドライバー 1375：ＰＡＲＴＳ,通信販売通販ショッピングオンラインショッピング買い物プレゼントギフト贈り物贈答品お中元お歳暮お買い得ヘッドライトテールライトコーナーライトサイドマーカーカーボンアンテナドアミラーエアロメーターパネルリップスポイラーウイングホイールカバーペダル車高調ブレーキドライブレコーダーワイパーグリルボンネットローダウンAMON（エーモン） クリスタルドライバー 1375,メール便送料無料！ 代引き不可　。AMON（エーモン） クリスタルドライバー 1375[rn]
20-139392,http://tshop.r10s.jp/parts/cabinet/detail-trusco12/t010005448957.jpg?fitin=700:700,240.0000,,花・ガーデン・DIY > DIY・工具 > 手動工具 > ドライバー・レンチ > ドライバー,アネックス　Ｐ柄精密ドライバー　＋００×５０,,●長軸タイプです。●回転キャップ付です。<BR>●刃先:[[（+）]]No.00●軸長(mm):50●全長(mm):144●ハンドル径(mm):12●質量(g):20<BR>●クロム・モリブデン・バナジウム鋼●アセテート樹脂<BR>,アネックス　Ｐ柄精密ドライバー　＋００&times;５０：ＰＡＲＴＳ,通信販売通販ショッピングオンラインショッピング買い物プレゼントギフト贈り物贈答品お中元お歳暮お買い得ヘッドライトテールライトコーナーライトサイドマーカーカーボンアンテナドアミラーエアロメーターパネルリップスポイラーウイングホイールカバーペダル車高調ブレーキドライブレコーダーワイパーグリルボンネットローダウンアネックス　Ｐ柄精密ドライバー　＋００&times;５０,アネックス　Ｐ柄精密ドライバー　＋００&times;５０[rn]
20-139393,http://tshop.r10s.jp/parts/cabinet/detail-trusco15/t010005777290.jpg?fitin=700:700,1396.8000,,花・ガーデン・DIY > DIY・工具 > 手動工具 > ドライバー・レンチ > ドライバー,ＰＢスイスツールズ　絶縁ヘクスローブドライバー　Ｔ９,,●1000V絶縁仕様です。<BR>●電気関連に使用します。<BR>●刃先:Ｔ9●軸長(mm):70●全長(mm):165●軸径(mm):3.5●質量(ｇ):31<BR>,ＰＢスイスツールズ　絶縁ヘクスローブドライバー　Ｔ９：ＰＡＲＴＳ,通信販売通販ショッピングオンラインショッピング買い物プレゼントギフト贈り物贈答品お中元お歳暮お買い得ヘッドライトテールライトコーナーライトサイドマーカーカーボンアンテナドアミラーエアロメーターパネルリップスポイラーウイングホイールカバーペダル車高調ブレーキドライブレコーダーワイパーグリルボンネットローダウンＰＢスイスツールズ　絶縁ヘクスローブドライバー　Ｔ９,ＰＢスイスツールズ　絶縁ヘクスローブドライバー　Ｔ９[rn]
20-139394,http://tshop.r10s.jp/shopworld/cabinet/03235897/img60546708.jpg?fitin=700:700,640.0000,,花・ガーデン・DIY > DIY・工具 > 手動工具 > ドライバー・レンチ > ドライバー,送料無料 スクリュー エキストラクター 6本セット 逆タップ 逆タップスクリュー ボルト ネジ 取り外し なめたボルト 折れたボルト AK ms,,"【商品説明】
折れたボルトに穴を開け、これをねじ込み回して取る工具です。
なめたボルト、折れたボルトもこれを使えば簡単取り外し！
作業効率がグンとUP!
DIYなど幅広くお使い頂けます。

■使い方
1・あらかじめ、折れたボルト等と雌ねじの隙間に浸透潤滑剤などを塗っておきます。
2・折れたボルトやなめてしまったボルトの中心に規定寸法の下穴をボール盤等であけます。
3・あけた穴へ少量の機械油を塗布して適合するエキストラクターを左回し（反時計方向）にねじ込んでいきます。
4・エキストラクターが締めこめない状態までいってからは慎重に折れないように注意しながら
　反時計方向に回していくと折れたネジ類が緩んでいき、折れたボルト等が雌ねじから抜けていきますので
　完全に抜いてしまいます。
5・抜けたボルトはペンチや万力等ではさみ、エキストラクターを時計方向へ回して抜きます。


●適合サイズ
3-6mm　×1
6-8mm　×1
8-11mm　×1
11-14mm　×1
14-18mm　×1
18-22mm　×1

【商品仕様】
ケースサイズ(約)：幅10.3×縦7×厚さ1.8cm
<br>■輸入商品。こちらをご確認下さい。

<br><br><img src=""http://image.rakuten.co.jp/shopworld/cabinet/t_img/banner/eco600.jpg"" width=""100%"">






<!--お気に入り登録促進 変更しない-->
<br><br>
<p 　　　　　　　　　　　　　　　　　　="""" id=""bookmark_btn""></p　　　　　　>
<!--ここまで-->",送料無料 スクリュー エキストラクター 6本セット 逆タップ 逆タップスクリュー ボルト ネジ 取り外し なめたボルト 折れたボルト AK ms：ショップワールド,通信販売通販ショッピングオンラインショッピング買い物プレゼントギフト贈り物贈答品お中元お歳暮お買い得ショップワールド掃除機レコードプレーヤーLEDライトサイクロン掃除機DVDプレーヤーワインディングマシンワインディングマシーン歯ぎしり送料無料水筒サーモス冷蔵庫キックボード電動ドリルキャットタワー冷蔵庫テントＬＥＤイルミネーション送料無料 スクリュー エキストラクター 6本セット 逆タップ 逆タップスクリュー ボルト ネジ 取り外し なめたボルト 折れたボルト AK ms,折れたボルトもこれを使えば簡単に取り外しが可能！。送料無料 スクリュー エキストラクター 6本セット 逆タップ 逆タップスクリュー ボルト ネジ 取り外し なめたボルト 折れたボルト AK ms[rn]
20-139395,http://tshop.r10s.jp/shopworld/cabinet/t_img/item2/10136116_ms1.jpg?fitin=700:700,710.4000,,花・ガーデン・DIY > DIY・工具 > 手動工具 > ドライバー・レンチ > ドライバー,送料無料 電動ドライバー 装着可 なめたネジはずしビット 5mm 6mm 8mm 10mm 4本セット ネジ穴 ねじ ビス 外し 潰れ つぶれ ネジ山 はずし ビット 修理 DIY ねじ外し 2ms 日立 リョービ に取付可 ***,,"ショッピング一覧 ＞ 工具・DIY<br><br>

<CENTER>
<img src=""http://image.rakuten.co.jp/shopworld/cabinet/t_img/item2/10136116_1a.jpg"" width=""100%""><br><br>
<img src=""http://image.rakuten.co.jp/shopworld/cabinet/t_img/item2/10136116_2a.jpg"" width=""100%""><br><br>
<img src=""http://image.rakuten.co.jp/shopworld/cabinet/t_img/item2/10136116_3a.jpg"" width=""100%""><br><br>
<img src=""http://image.rakuten.co.jp/shopworld/cabinet/t_img/item2/10136116_4.jpg"" width=""100%""><br><br>


<table width=""100%"" border=""0"">
<tr><td><hr> </td></tr>
<tr><td>
<b>なめたネジはずしビット 5mm 6mm 8mm 10mm</b><br>
<font size=""2"" ><br><B>電動ドリルに装着するだけで簡単になめたネジが取り外せる</B><BR>
ネジのアタマが出ていないなめたネジや、ビス外しが簡単にできるなめたネジはずしビットです。<br>
これを使えばネジが中々外れなくてイライラする事もなくなります。<br>
スイスイネジを回せるから作業時間も大幅に短縮できます。<br>
ほとんどの電動ドリル・ドライバーにこのビットを使用する事が出来ます。<br>
<br>
<b>4種類のサイズ</b><br>
ネジのサイズに合わせて4種類のビットを使い分けれます。<br>
5～10mmまでのネジに対応できます。<br>
<br>
<B>【商品詳細】</B><BR>
サイズ：（約）20×13×4.5cm<br>
ビット：5mm 6mm 8mm 10mm<br>
重量：（約）130g<br>
※電動ドリル・ドライバーは付属しません。
</font></td></tr>
<tr><td><hr></td></tr>
<tr>
<td><font color=""#000000"" size=""2"">
<FONT color=""#000000"" size=""2"">
※こちらは輸入商品となります。ご購入前に必ず注意事項をご確認下さい。</FONT><br>
※モニターや環境により、色の見え方が実際の商品と異なる場合がございます。<br>
※ご注文が集中した場合、物流倉庫の混雑等により、発送が遅れる場合がございます。<BR>
上記の際は、ご希望の配達日時にお届け出来ない場合がございます、予めご了承下さいませ。<br>
※不正購入と判断した場合にはご注文を取り消しさせて頂く可能性がございます。</font></td></tr>
<!--リンク類の修正はここ-->
</table></CENTER><br>


<img src=""http://image.rakuten.co.jp/shopworld/cabinet/t_img/banner/eco600.jpg"" width=""100%""><br><br>

ご一緒にどうぞ 豊富なビットで作業効率アップ　電動ドリルドライバー はこちら＞＞クリック＜＜



<!--お気に入り登録促進 変更しない-->
<br><br>
<p 　　　　　　　　　　　　　　　　　　="""" id=""bookmark_btn""></p　　　　　　>
<!--ここまで-->",送料無料 電動ドライバー 装着可 なめたネジはずしビット 5mm 6mm 8mm 10mm 4本セット ネジ穴 ねじ ビス 外し 潰れ つぶれ ネジ山 はずし ビット 修理 DIY ねじ外し 2ms 日立 リョービ に取付可 ***：ショップワールド,通信販売通販ショッピングオンラインショッピング買い物プレゼントギフト贈り物贈答品お中元お歳暮お買い得ショップワールド掃除機レコードプレーヤーLEDライトサイクロン掃除機DVDプレーヤーワインディングマシンワインディングマシーン歯ぎしり送料無料水筒サーモス冷蔵庫キックボード電動ドリルキャットタワー冷蔵庫テントＬＥＤイルミネーション送料無料 電動ドライバー 装着可 なめたネジはずしビット 5mm 6mm 8mm 10mm 4本セット ネジ穴 ねじ ビス 外し 潰れ つぶれ ネジ山 はずし ビット 修理 DIY ねじ外し 2ms 日立 リョービ に取付可 ***,潰れたネジが簡単に外せる。送料無料 電動ドライバー 装着可 なめたネジはずしビット 5mm 6mm 8mm 10mm 4本セット ネジ穴 ねじ ビス 外し 潰れ つぶれ ネジ山 はずし ビット 修理 DIY ねじ外し 2ms 日立 リョービ に取付可 ***[rn]
20-139396,http://tshop.r10s.jp/pieces-interiorchabako/cabinet/tools/td_a.jpg?fitin=700:700,120.0000,,花・ガーデン・DIY > DIY・工具 > 手動工具 > ドライバー・レンチ > ドライバー,インテリア茶箱制作に！マイナスドライバー,,"マイナスドライバー6mm<br>
※写真と異なる色、形状になる場合がございます。",インテリア茶箱制作に！マイナスドライバー：クラフトマテリアル　ピーシーズ,通信販売通販ショッピングオンラインショッピング買い物プレゼントギフト贈り物贈答品お中元お歳暮お買い得タッセル生地フリンジキットハンドメイドクラフト収納茶箱インテリア防虫防湿手作りロープ布chabako輸入生地インテリア茶箱制作に！マイナスドライバー,インテリア茶箱制作に！マイナスドライバー[rn]
20-139397,http://tshop.r10s.jp/kenkocom/cabinet/e2648/e264814h_l.jpg?fitin=700:700,968.8000,,花・ガーデン・DIY > DIY・工具 > 手動工具 > ドライバー・レンチ > ドライバー,ベッセル 精密ドライバーセット TD-56[ベッセル ドライバー],,"<p>税抜1900円以上送料無料/ベッセル 精密ドライバーセット TD-56<br>ケンコーコムTOP＞DIY・ガーデン＞作業工具・大工道具＞作業工具＞ドライバー＞<br>ブランド：ベッセル/製造元：ベッセル</p>   ケースサイズ：86×140×20mm<br><br><br><hr size=""1"" color=""#e0e0e0"" noshade><br><b>商品説明</b><br>「ベッセル 精密ドライバーセット TD-56」は、高周波領域で最適な無誘導、非磁性の精密ドライバーのセットです。クッショングリップは自在にスライドできるのでお好みの位置に移動できます。携帯に便利なクリアケース入り。<br><b>製品仕様</b><br>●セット内容：(-)0.9・1.2・1.8・2.3・(+)No.00・0<br>●PAT<br>JANコード：　4907587009227<br><hr size=""1"" color=""#e0e0e0"" noshade>広告文責：ケンコーコム株式会社<br>TEL：050-5577-5042<hr size=""1"" color=""#e0e0e0"" noshade><font color =""red"">※パッケージデザイン等は予告なく変更されることがあります。</font>",ベッセル 精密ドライバーセット TD-56[ベッセル ドライバー]：ケンコーコム,通信販売通販ショッピングオンラインショッピング買い物プレゼントギフト贈り物贈答品お中元お歳暮お買い得ケンコーコムケンコーコム支店クリスタルガイザーミネラルウォーターリアップリアップx5ダウニーコンドームペリエサーモスコントレックス日焼け止めココナッツオイルえごまこめ油サンペレグリノ扇風機クリスタルガイザー 500ml 48本緑の魔女甘酒ベッセル 精密ドライバーセット TD-56[ベッセル ドライバー],ベッセル/税抜1900円以上送料無料。ベッセル 精密ドライバーセット TD-56[ベッセル ドライバー][rn]
20-139398,http://tshop.r10s.jp/marry-gift/cabinet/sice/si8259ce034.jpg?fitin=700:700,2784.0000,,花・ガーデン・DIY > DIY・工具 > 手動工具 > ドライバー・レンチ > ドライバー,[ツールセット]【ポイント2倍】春ギフトセット☆日曜大工・道具新生活/母の日/プレゼント/出産内祝い/結婚祝い/出産祝い/引き出物/お祝い/お返し/香典返し/快気祝い【楽ギフ_,,"<table width=""100%"" border=""1"" cellpadding=""10"" cellspacing=""0"" bordercolor=""#FF0000""><tr><td align=""center"" bordercolor=""#FFFFFF""><p align=""center""><font color=""#FF008E"" size=""3""><b>■Ｇ.Ｗ中の商品発送について（4/29～5/7）■</b></font></p><p align=""left""><font size=""2"">ＭＡＲＲＹの営業はカレンダー通りとさせていただきますが、在庫センター及びメーカーの休暇に伴い、<font color=""#FF0000"">商品の発送がＧ.Ｗ（ゴールデンウィーク）明けの5/8（月）以降となる場合がございます</font>。<br>ご確認・ご了承の上ご注文いただきますよう、よろしくお願いいたします。</font></p></td></tr></table><br><center><img src=""http://image.rakuten.co.jp/marry-gift/cabinet/sumaho_img/housoushi_sbn2.jpg"" width=""100%""><br><br><img src=""http://image.rakuten.co.jp/marry-gift/cabinet/sumaho_img/noshi_sbn2.jpg"" width=""100%""></center><br><br>ツールセット<br><br>●現品約22×4×15cm●ケース=EVA(ネオプレーン)、工具=炭素鋼●結束バンド×23、ドライバービット×10、ソケット×9、検電器・テスターピン・携帯用タイヤ空気圧計・懐中電灯(単3形乾電池2本使用・別売)・プライヤー・ビット式ドライバー・ビットアダプター・ビニールテープ・専用ケース×各1●中国製<br><br><center><font color=""#FF0000"">沖縄と周辺離島地域への送料について</font></center><font size=""2"" color=""#333333"">沖縄へのお届けにつきましては、ご注文画面上では送料無料となっている場合につきましても、別途2000円ご負担ください。ご注文確認メール送信時に加算させていただきますので、何卒ご了承くださいませ。<br>※詳しくは【配送方法】をご確認くださいませ。</font><br><br><center><font color=""#009900"">お買い上げ明細書のペーパーレス化について</font></center><br><br>本商品はご注文タイミングやご注文内容によっては、購入履歴からご注文キャンセル、修正を受け付けることができない場合がございます。<br><font size=2><center>○●○●○●　こんなギフトシーンにオススメ　●○●○●</center><br>内祝い 出産内祝い 命名 結婚内祝い ブライダルギフト ウェディングギフト 快気内祝い 快気祝い 結婚引出物 結婚引き出物 結婚式 披露宴 お祝い返し 慶事 新築内祝い お返し 入園内祝い 入学内祝い 進学内祝い 就職内祝い 成人内祝い 慶事 退職内祝い 満中陰志 香典返し 志 法要 年忌 仏事 法事 法事引き出物 仏事法要 四十九日 偲び草 粗供養 初盆 七七日忌明け志 弔事 お祝い 御祝い  ギフト 一周忌 三回忌 七回忌 回忌法要 お供え 御供え 出産祝い 結婚祝い 新築祝い 上棟祝い 引越し祝い 引っ越し祝い 入園祝い 入学祝い 就職祝い 成人祝い 退職祝い 昇進祝い 退職記念 お餞別 お中元 御中元 お歳暮 御歳暮 お年賀 御年賀 粗品 引越し プレゼント 初老祝い 還暦祝い 古希祝い 喜寿祝い 傘寿祝い 米寿祝い 卒寿祝い 白寿祝い 長寿祝い お見舞い 全快祝い 御見舞御礼 記念品 贈答品 ご挨拶 ごあいさつ 御挨拶 賞品 景品 二次会 卒業記念品 定年退職記念品 ゴルフコンペ ノベルティ 母の日 父の日 敬老の日 敬老祝い お誕生日お祝い バースデイ クリスマスプレゼント バレンタインデー ホワイトデー 結婚記念日 金婚式 銀婚式 ダイヤモンド婚式 贈り物 初節句 七五三 卒園 卒業 ギフト ギフトセット 詰め合わせ のし包装無料 ラッピング無料 手提げ袋無料<br><br>【楽ギフ_のし】 【楽ギフ_のし宛書】 【楽ギフ_包装】 【楽ギフ_包装選択】 【楽ギフ_メッセ】 【楽ギフ_メッセ入力】GiftFieldMARRY Gift Field MARRY ギフトフィールドマリー ギフト フィールド マリー<br>カタログギフト セレクト チョイス 選べる ギフトカタログ 旅行 ラッピング セット 送料無料 名入れ のし 熨斗 人気 内祝いとは 評判 ランキング リボン メッセージカード マナー</font>",[ツールセット]【ポイント2倍】春ギフトセット☆日曜大工・道具新生活/母の日/プレゼント/出産内祝い/結婚祝い/出産祝い/引き出物/お祝い/お返し/香典返し/快気祝い【楽ギフ_：GiftField MARRY（ギフト＆雑貨）,通信販売通販ショッピングオンラインショッピング買い物プレゼントギフト贈り物贈答品お中元お歳暮お買い得[ツールセット]【ポイント2倍】春ギフトセット☆日曜大工・道具新生活/母の日/プレゼント/出産内祝い/結婚祝い/出産祝い/引き出物/お祝い/お返し/香典返し/快気祝い【楽ギフ_,結婚出産内祝いプレゼントお祝い引き出物お返し快気祝い♪。[ツールセット]【ポイント2倍】春ギフトセット☆日曜大工・道具新生活/母の日/プレゼント/出産内祝い/結婚祝い/出産祝い/引き出物/お祝い/お返し/香典返し/快気祝い【楽ギフ_[rn]
20-139399,http://tshop.r10s.jp/auc-fookei/cabinet/za/imgrc0065424046.jpg?fitin=700:700,3024.0000,,花・ガーデン・DIY > DIY・工具 > 手動工具 > ドライバー・レンチ > ドライバー,アニマルドライバー Bear papa BLACK HM-2627【楽ギフ_包装選択】【楽ギフ_のし宛書】【楽ギフ_メッセ入力】,,高さ125mm×幅・奥行57mm(重量180g)/素材(本体): PP、TPR、クロムバナジウム鋼（クロムメッキ）、シリコン合金（銀メッキ）/ベアーハンドル1pc、スクリュービット6pcs/原産国:台湾/楽しい工具です。アニマルドライバーをお部屋に置くだけで超かわいいインテリア。眺めてよし、ドライバーでも大活躍。働き者のBear papa。,アニマルドライバー Bear papa BLACK HM-2627【楽ギフ_包装選択】【楽ギフ_のし宛書】【楽ギフ_メッセ入力】：風景Shop,通信販売通販ショッピングオンラインショッピング買い物プレゼントギフト贈り物贈答品お中元お歳暮お買い得アニマルドライバー Bear papa BLACK HM-2627【楽ギフ_包装選択】【楽ギフ_のし宛書】【楽ギフ_メッセ入力】,働き者のBear papa【送料無料】。アニマルドライバー Bear papa BLACK HM-2627【楽ギフ_包装選択】【楽ギフ_のし宛書】【楽ギフ_メッセ入力】[rn]
20-139400,http://tshop.r10s.jp/auc-fookei/cabinet/za/imgrc0067479033.jpg?fitin=700:700,2160.0000,,花・ガーデン・DIY > DIY・工具 > 手動工具 > ドライバー・レンチ > ドライバー,アニマルドライバー Penguin ブラック HM-2638【楽ギフ_包装選択】【楽ギフ_のし宛書】【楽ギフ_メッセ入力】,,幅84mm×奥行79mm×高さ91mm(重量140g)/素材(本体): PP、TPR、クロムバナジウム鋼（クロムメッキ）、シリコン合金（銀メッキ）/本体1pc、スクリュービット6pc/原産国:台湾工具をもっと楽しく!DIY工具にデコレーションの楽しさを。お部屋に置くだけで超かわいいインテリア。眺めてよし、ドライバーでも大活躍。ペンギンのミニドライバーセット。,アニマルドライバー Penguin ブラック HM-2638【楽ギフ_包装選択】【楽ギフ_のし宛書】【楽ギフ_メッセ入力】：風景Shop,通信販売通販ショッピングオンラインショッピング買い物プレゼントギフト贈り物贈答品お中元お歳暮お買い得アニマルドライバー Penguin ブラック HM-2638【楽ギフ_包装選択】【楽ギフ_のし宛書】【楽ギフ_メッセ入力】,DIY工具にデコレーションの楽しさを。アニマルドライバー Penguin ブラック HM-2638【楽ギフ_包装選択】【楽ギフ_のし宛書】【楽ギフ_メッセ入力】[rn]
