10-163801,http://tshop.r10s.jp/car-product-re/cabinet/amatop1/04126424/imgrc0070062953.jpg?fitin=700:700,53568.0000,,車用品・バイク用品 > カー用品 > 排気系パーツ > マフラー > トヨタ用,トヨタ　ソアラ　マフラー　UA-UZZ40 ／ CBA-UZZ40　430SCV　ロッソモデロ　GT-8 車検対応,【車検対応！送料無料！】40ソアラ UZZ40 マフラー,"【車種】トヨタ　ソア<BR>
【型式】UA-UZZ40 / CBA-UZZ40<BR>
【エンジン型式】3UZ-FE<BR>
【グレード】430SCV<BR>
【年式】平成13年4月～平成17年6月まで。<BR>　
【音量】近接騒音値86dB　低音系V8サウンド。保安基準適合。<BR>
【最低地上高】165mm（30mmダウン時）<BR>
【付属品】車検対応証明書、ボルト、ナット<BR>
※証明書及び付属品は箱の内側に同梱されております。<BR>
※レクサス SC430は装着不可。<BR>
※画像の車両はエンブレムだけがレクサスとなっており、車両自体はトヨタ製となります。",トヨタ　ソアラ　マフラー　UA-UZZ40 ／ CBA-UZZ40　430SCV　ロッソモデロ　GT-8 車検対応：Ｌａ Aｍａｌｆｉ,スポーツマフラー排気系パーツマフラー社外マフラーカーパーツワンオフ柿本フジツボHKSBLITZモンスターD-SPORTガナドールTRUSTトラストロッソモデロコペン LA400Kスイフトスポーツ ZC32SJQRJASMAトヨタ　ソアラ　マフラー　UA-UZZ40 ／ CBA-UZZ40　430SCV　ロッソモデロ　GT-8 車検対応,【車検対応！送料無料！】40ソアラ UZZ40 マフラー。トヨタ　ソアラ　マフラー　UA-UZZ40 ／ CBA-UZZ40　430SCV　ロッソモデロ　GT-8 車検対応[rn]
10-163802,http://tshop.r10s.jp/optionalhowa/cabinet/images/fgk/fgk-rm01a-0001.jpg?fitin=700:700,46500.8000,,車用品・バイク用品 > カー用品 > 排気系パーツ > マフラー > トヨタ用,フジツボ FGK RM01A マフラー MR2 ターボ E-SW20 H1/10～H11/10,送料無料 代引無料,<font color=#FF0000>☆適合車種を必ずご確認下さい☆</font><br>●メーカー名：トヨタ<br>●車種：MR2<br>●型式：E-SW20<br>●駆動・排気量：3S-GTE<br>●年式：H1/10～H11/10<br>●備考：ターボ<br>●オールステンレス<br>●JASMA新基準品<br>●パイプ径：70.0φ-76.3φ<br>●出口形状：99φストレート（穴あり）<br>●メーカー品番：280-23523<br><br>送料無料（離島・沖縄：1050円かかります。）<br>代引手数料無料<br>【smtb-F】<br>,フジツボ FGK RM01A マフラー MR2 ターボ E-SW20 H1/10～H11/10：オプショナル豊和,サスペンションショックアブソーバーマフラーブレーキパッドブレーキローターマフラーエアクリーナーブローオフバルブ車高調整キットメータークラッチLSDシートカバースタビライザーストラットタワーバースロットルコントローラータイヤインタークーラーワイドトレッドスペーサーダウンサスフジツボ FGK RM01A マフラー MR2 ターボ E-SW20 H1/10～H11/10,送料無料 代引無料 。フジツボ FGK RM01A マフラー MR2 ターボ E-SW20 H1/10～H11/10[rn]
10-163803,http://tshop.r10s.jp/naniwaya/cabinet/fujitsubo/rm01a.jpg?fitin=700:700,46920.0000,,車用品・バイク用品 > カー用品 > 排気系パーツ > マフラー > トヨタ用,FUJITSUBO/フジツボ RM-01A（アールエム-01A） インプレッサ WRX STI アプラドE/GDB 商品番号：290-63045,【送料無料】【代引決済不可】,"<font color=""red"">【注意】<br />
※本製品はメーカーより直送となる為、発注後のご変更、キャンセルはお受けできませんのでご注意下さい。<br />
※本製品は代引決済不可となります。ご決済方法に代引決済をお選び頂いた際にはご決済方法のご変更をお願い致します。<br />
※配送先が沖縄県全域と各都道府県の離島地域の場合は送料が異なりますのでお問合せ下さい。<br />
※写真は参考例のため車種により形状が異なります。</font><br />
<br />
タイムを削るために生まれた超軽量・競技車両向けモデル。<br />
<br />
■軽量<br />
■オールステンレス<br />
■重低音スポーティサウンド<br />
■JASMA認定<br />
<br />
【御注文方法について】<br />
1.メーカーホームページの車種別検索より、お客様の車種の適合品番（＝商品番号)をご確認下さい。 <br />
2.お調べ頂いた適合品番（＝商品番号）の商品をご選択いただき、お買い物かごにお入れ下さい。<br />
<br />
<font color=""red"">メーカーホームページは下記バナーをクリック</font><br />
<img src=""http://image.rakuten.co.jp/naniwaya/cabinet/common_img/m_fujitsubo.jpg"" alt=""メーカーホームページへ""><br />
<br />
※発送までの目安：ご注文確定後およそ1～3日。メーカー欠品、受注生産品など納期のかかる商品もございますので、お急ぎのお客様はご注文前に納期をご確認下さい。",FUJITSUBO/フジツボ RM-01A（アールエム-01A） インプレッサ WRX STI アプラドE/GDB 商品番号：290-63045：NANIWAYA 楽天市場店,自動車パーツ カーパーツ カー用品 通販バケットシート フルバケ セミバケ オリジナルシートレール ベースフレーム オリジナルステアリング ハンドル車高調 足回り ショック ダウンサス スプリング電子パーツ ブーストコントローラータワーバー ロワアームバー ボディー強化パーツブレーキパッド ブレーキローター ディスクローターシートベルト ハーネス 4点式メーター タコメーター 油温計 水温計 油圧計レカロ recaroブリッド brideクスコ cuscoエッチケーエス hksテイン teinディースポーツ d-sportエンドレス endlessナルディ nardiアールエスアール rsrブリッツ blitzFUJITSUBO/フジツボ RM-01A（アールエム-01A） インプレッサ WRX STI アプラドE/GDB 商品番号：290-63045,【送料無料】【代引決済不可】。FUJITSUBO/フジツボ RM-01A（アールエム-01A） インプレッサ WRX STI アプラドE/GDB 商品番号：290-63045[rn]
10-163804,http://tshop.r10s.jp/rs-online/cabinet/kakimoto/imgrc0068616794.gif?fitin=700:700,48960.0000,,車用品・バイク用品 > カー用品 > 排気系パーツ > マフラー > トヨタ用,【 トヨタ C-HR CHR ガソリン車 S-T/G-T 4WD CVT車 型式 DBA-NGX50 エンジン 8NR-FTS 年式 2016/12- ※寒冷地仕様未確認 TRDバンパーOK ≪ テール径：80Φ チタンフェイス シングル出し仕様 ≫≪ 品番：T443151 ≫】 柿本改マフラー 【 GTbox 06&Sマフラー 】,■ 送料無料 柿本マフラー KAKIMOTO ■,"・柿本改 KAKIMOTO
・GTbox 06&Sマフラー
※画像はメーカーさんのイメージです。
※車種や型式・年式によって詳細が異なります。
●保安基準など JASMA認証品
※一部車種・型式除く
※車検通過を保証しているわけではありません。車検受験資格を単品で持ち合わせている商品です。
●メインパイプ 50から60Φ
●テール径 80Φ ※一部車種：65Φ
●タイコ径 115Φ ※一部車種：96Φ
※インナーサイレンサー別売オプション
●材質 ステンレス製 ※一部部位除く
●テール形状 跳ね上げ仕様 ※一部車種除く
●交換部位 リアピース ※一部車種除く
・取付は車種別専用設計品ではありますが、車種によっては各所分解作業を伴いますので、作業に不安ある方は、最寄のショップ様や整備工場様などで実施なさる事をお勧めします。
・メーカーさんからのお取寄品となります。
※お時間お急ぎなお客様は、御購入お手続き前に納期のお問合せをなさって下さい。
※離島・沖縄県：送料分「着払い」",【 トヨタ C-HR CHR ガソリン車 S-T/G-T 4WD CVT車 型式 DBA-NGX50 エンジン 8NR-FTS 年式 2016/12- ※寒冷地仕様未確認 TRDバンパーOK ≪ テール径：80Φ チタンフェイス シングル出し仕様 ≫≪ 品番：T443151 ≫】 柿本改マフラー 【 GTbox 06&amp;Sマフラー 】：アールエス,clazzio無限シートカバーケンスタイルKENSTYLEタントNBOXトムスマフラーHKSフジツボGANADORBellezzaステアリングアルファードヴェルファイアヴォクシーステップワゴン柿本S660【 トヨタ C-HR CHR ガソリン車 S-T/G-T 4WD CVT車 型式 DBA-NGX50 エンジン 8NR-FTS 年式 2016/12- ※寒冷地仕様未確認 TRDバンパーOK ≪ テール径：80Φ チタンフェイス シングル出し仕様 ≫≪ 品番：T443151 ≫】 柿本改マフラー 【 GTbox 06&amp;Sマフラー 】,■ 送料無料 柿本マフラー KAKIMOTO ■。【 トヨタ C-HR CHR ガソリン車 S-T/G-T 4WD CVT車 型式 DBA-NGX50 エンジン 8NR-FTS 年式 2016/12- ※寒冷地仕様未確認 TRDバンパーOK ≪ テール径：80Φ チタンフェイス シングル出し仕様 ≫≪ 品番：T443151 ≫】 柿本改マフラー 【 GTbox 06&amp;Sマフラー 】[rn]
10-163805,http://tshop.r10s.jp/suzukimotors/cabinet/imga3/cop009.jpg?fitin=700:700,7760.0000,,車用品・バイク用品 > カー用品 > 排気系パーツ > マフラー > トヨタ用,【コペン】純正 L880 フューエルリッドガーニッシュ パーツ ダイハツ純正部品 カーボン copen オプション アクセサリー 用品,,"<!--詳細--><table border=""1"" width=""100%"" cellpadding=""5"" cellspacing=""0""><tr><td width=""150"" bgcolor=""#cccccc"">車種名</td><td>コペン</td></tr><tr><td bgcolor=""#cccccc"">品名</td><td>フューエルリッドガーニッシュ</td></tr><tr><td bgcolor=""#cccccc"">取り付けできる年式</td><td><b><font color=#0033ff><font color=""#ff0000"">(重要) </font></font></b>平成14年6月～19年9月</td></tr><tr><td bgcolor=""#cccccc"">型式</td><td>L880</td></tr><tr><td bgcolor=""#cccccc"">品番</td><td>99901680K2030</td></tr><tr><td bgcolor=""#cccccc"">詳細</td><td>給油口リッドに装着するアイテム。<br>ヘアライン入りアルミ製ベースプレートにリアルカーボンをあしらい、さらにCopenのロゴを配したデザイン。<br>上質かつスポーツマインドあふれるアクセントです。<br></td></tr></table><!--詳細END--><br><br><table border=""1"" width=""100%"" cellpadding=""5"" cellspacing=""0""><tr><td colspan=""2"" align=""center"" bgcolor=""#cccccc""><b>取り付けに関して</b></td></tr><tr><td colspan=""2"" bgcolor=""#cccccc"">取り付けできるグレード</td></tr><tr><td>全てのグレードに取り付け出来ます</td></tr></table><br><!--カテゴリ--><br><table border=""1"" cellpadding=""5"" cellspacing=""0"" width=""100%""><tr><td>取り付け出来るか確認依頼する</td></tr><tr><td>同じ車種・年式で「別の部品」を確認する</td></tr><tr><td>同じ車種で「別の年式」を確認する</td></tr><tr><td>同じメーカーで「別の車種」を確認する</td></tr></table><br><!--カテゴリend-->",【コペン】純正 L880 フューエルリッドガーニッシュ パーツ ダイハツ純正部品 カーボン copen オプション アクセサリー 用品：株式会社　スズキモータース,スズキモ【コペン】純正 L880 フューエルリッドガーニッシュ パーツ ダイハツ純正部品 カーボン copen オプション アクセサリー 用品,【コペン】純正 L880 フューエルリッドガーニッシュ パーツ ダイハツ純正部品 カーボン copen オプション アクセサリー 用品[rn]
10-163806,http://tshop.r10s.jp/t-rc/cabinet/fujitsubo/authorize-r/560-23111-1.jpg?fitin=700:700,67584.0000,,車用品・バイク用品 > カー用品 > 排気系パーツ > マフラー > トヨタ用,FUJITSUBO フジツボ(藤壷) マフラー AUTHORIZE R オーソライズR TOYOTA トヨタ 86 ZN6 2.0,【代引不可】アスリートスポーツマフラー！,"<FONT COLOR=""RED"">※こちらの商品は代金引換でのお支払いが不可になります。銀行振込(代金先払い)のみとなりますのでご了承ください。</FONT><BR><BR><FONT size=""-1"">【基本情報】<BR>[品番] 560-23111<BR>[対応車種] ZN6 86 2.0<BR>[ボディ型式] DBA-ZN6<BR>[エンジン型式] FA20<BR>[年式] H24.04～<BR>[特記事項] AT・MT共通/BRZ tS(AT・MT)共通<BR>[備考] -<BR><BR>【仕様】<BR>[出口形状] 117φラウンドスラッシュ(II・R.L)<BR>[パイプ径] 60.5φ-50.8φ<BR>[最低地上高] ルーフ高1290mmで測定、中間パイプ(後軸より72mm後方)で125mm<BR>[付属品リスト] リングガスケット×1/ガスケットパッキン×2/M10×20フランジボルト・ナットセット×2/M10×35ボルト・SW・ナットセット×4<BR><BR>【AUTHORIZE R】<BR>スポーツマフラーに要求される排気効率、サウンド、デザインをベストバランスさせ、街乗り～スポーツ走行までオールラウンドに対応。車種毎の専用設計によりサウンドやパフォーマンスにプライオリティを持たせる。<BR><BR></FONT><FONT size=""-1"" color=""#ff0000"">※離島など一部地域は追加送料がかかる場合があります。<BR>※ご注文の前に在庫のご確認をお願い致します。</FONT><BR><BR><BR><FONT size=""-1"">FUJITSUBO商品一覧はこちら</FONT>",FUJITSUBO フジツボ(藤壷) マフラー AUTHORIZE R オーソライズR TOYOTA トヨタ 86 ZN6 2.0：東京流通センター 楽天市場店,FUJITSUBO フジツボ(藤壷) マフラー AUTHORIZE R オーソライズR TOYOTA トヨタ 86 ZN6 2.0,【代引不可】アスリートスポーツマフラー！。FUJITSUBO フジツボ(藤壷) マフラー AUTHORIZE R オーソライズR TOYOTA トヨタ 86 ZN6 2.0[rn]
10-163807,http://tshop.r10s.jp/rs-online/cabinet/toms/img56771652.gif?fitin=700:700,99872.0000,,車用品・バイク用品 > カー用品 > 排気系パーツ > マフラー > トヨタ用,TOMS トムス 【 バレルマフラー ≪ 4テール仕様 チタンテール仕様 ≫ 】 トヨタ 86 ハチロク 前期 型式 ZN6 年式 H24/4-H28/7 適合エンジン FA20 ≪ トムス製リアアンダースポイラー装着車専用 ※別売ガーニッシュでも可 ≫【 品番 17400-TZN62 】,■ 送料無料 マフラー ■,"・TOMS トムス
・バレルマフラー 4テール仕様 チタンテール仕様
※トムス製リアアンダースポイラー装着車用
※純正リアバンパー車へ装着の場合、バンパー他各所の加工が必要です。
・車種 トヨタ 86 ハチロク
・型式 ZN6
・年式 H24/4-H28/7
・適合エンジン形式 FA20
・品番 17400-TZN62
・パイプ径 60.5Ф
・形状 オーバル120Ф
・材質
　本体 ステンレス製
　テールのみ チタン製
・保安基準適合品
※画像はイメージです。実際の形状とは異なる場合有ります。
・取付は車種別設定品ではありますが、車種によって諸分解作業を伴いますので、作業に不安ある方は、最寄のショップ様や整備工場様などで実施なさる事をお勧めします。
・メーカーさんからのお取寄品となります。
※お時間お急ぎなお客様は、御購入お手続き前に納期のお問合せをなさって下さい。
※離島・沖縄県のお客様は送料分「着払い」とさせて頂きます。",TOMS トムス 【 バレルマフラー ≪ 4テール仕様 チタンテール仕様 ≫ 】 トヨタ 86 ハチロク 前期 型式 ZN6 年式 H24/4-H28/7 適合エンジン FA20 ≪ トムス製リアアンダースポイラー装着車専用 ※別売ガーニッシュでも可 ≫【 品番 17400-TZN62 】：アールエス,clazzio無限シートカバーケンスタイルKENSTYLEタントNBOXトムスマフラーHKSフジツボGANADORBellezzaステアリングアルファードヴェルファイアヴォクシーステップワゴン柿本S660TOMS トムス 【 バレルマフラー ≪ 4テール仕様 チタンテール仕様 ≫ 】 トヨタ 86 ハチロク 前期 型式 ZN6 年式 H24/4-H28/7 適合エンジン FA20 ≪ トムス製リアアンダースポイラー装着車専用 ※別売ガーニッシュでも可 ≫【 品番 17400-TZN62 】,■ 送料無料 マフラー ■。TOMS トムス 【 バレルマフラー ≪ 4テール仕様 チタンテール仕様 ≫ 】 トヨタ 86 ハチロク 前期 型式 ZN6 年式 H24/4-H28/7 適合エンジン FA20 ≪ トムス製リアアンダースポイラー装着車専用 ※別売ガーニッシュでも可 ≫【 品番 17400-TZN62 】[rn]
10-163808,http://tshop.r10s.jp/suzukimotors/cabinet/img79860/zsrw008.jpg?fitin=700:700,3568.0000,,車用品・バイク用品 > カー用品 > 排気系パーツ > マフラー > トヨタ用,【ワゴンR】純正 MH55S MH35S インパネトレー パーツ スズキ純正部品 オプション アクセサリー 用品,,"<!--詳細--><table border=""1"" width=""100%"" cellpadding=""5"" cellspacing=""0""><tr><td width=""150"" bgcolor=""#cccccc"">車種名</td><td>ワゴンR</td></tr><tr><td bgcolor=""#cccccc"">品名</td><td>インパネトレー</td></tr><tr><td bgcolor=""#cccccc"">取り付けできる年式</td><td><b><font color=""#ff0000"">(重要) </font></b>平成29年2月～next</td></tr><tr><td bgcolor=""#cccccc"">型式</td><td>MH55S MH35S </td></tr><tr><td bgcolor=""#cccccc"">品番</td><td>9914E-63R10[タイプ1]<br>9914E-63R00[タイプ2]</td></tr><tr><td bgcolor=""#cccccc"">詳細</td><td>インパネトレーマットと同時装着はできません。<br></td></tr></table><!--詳細END--><br><br>選択項目をご確認ください <!--タイプ1--><br><br><table border=""1"" width=""100%"" cellpadding=""5"" cellspacing=""0""><tr><td colspan=""2"" align=""center"" bgcolor=""#cccccc""><b>[タイプ1]</b></td></tr><tr><td colspan=""2"">[設定] <b><font color=#0033ff>運転席側</font></b></td></tr><tr><td colspan=""2"" bgcolor=""#cccccc"">取り付けできるグレード</td></tr><tr><td>全てのグレードに取り付け出来ます</td></tr></table><!--タイプ1end--><!--タイプ2--><br><br><table border=""1"" width=""100%"" cellpadding=""5"" cellspacing=""0""><tr><td colspan=""2"" align=""center"" bgcolor=""#cccccc""><b>[タイプ2]</b></td></tr><tr><td colspan=""2"">[設定] <b><font color=#0033ff>助手席側</font></b></td></tr><tr><td colspan=""2"" bgcolor=""#cccccc"">取り付けできるグレード</td></tr><tr><td>全てのグレードに取り付け出来ます</td></tr></table><!--タイプ2end--><br><!--カテゴリ--><br><table border=""1"" cellpadding=""5"" cellspacing=""0"" width=""100%""><tr><td>取り付け出来るか確認依頼する</td></tr><tr><td>同じ車種・年式で「別の部品」を確認する</td></tr><tr><td>同じ車種で「別の年式」を確認する</td></tr><tr><td>同じメーカーで「別の車種」を確認する</td></tr></table><br><!--カテゴリend-->",【ワゴンR】純正 MH55S MH35S インパネトレー パーツ スズキ純正部品 オプション アクセサリー 用品：株式会社　スズキモータース,スズキモ【ワゴンR】純正 MH55S MH35S インパネトレー パーツ スズキ純正部品 オプション アクセサリー 用品,【ワゴンR】純正 MH55S MH35S インパネトレー パーツ スズキ純正部品 オプション アクセサリー 用品[rn]
10-163809,http://tshop.r10s.jp/surugaspeed111/cabinet/toyota/srt-466-1.jpg?fitin=700:700,176000.0000,,車用品・バイク用品 > カー用品 > 排気系パーツ > マフラー > トヨタ用,スルガスピード・SAI用PFSループサウンドマフラー,ハイブリッド車でもマフラー音は楽しめます,"仕様・適合<br>
【製品番号】SRT-466<br>
【適合型式】DAA-AZK10<br>
【適合エンジン形式】2AZ-FXE<br>
<br>
保安基準適合品<br>
加速騒音規制適合品<br>
SUS304オールステンレス製
<br><br>送料グループB
<br>※装着写真はダブルテールですが、製品はシングルテールです。ダブルをご希望の方はお問合せ下さい。",スルガスピード・SAI用PFSループサウンドマフラー：スルガスピード楽天市場店,surugaspeedS660IS250/350マークＸＧ&rsquo;ＳＰＦＳＰＦＳループサウンドＲＣ&minus;Ｆ新型　プリウスループサウンドＮＤロードスター車検対応エアーコントロールチャンバーＬＸ570ＲＣー200ｔＲＣ&minus;300ｈ86ＶｅｒＳＬＳ460ｈＣＰシリーズＥ52エルグランドスルガスピード・SAI用PFSループサウンドマフラー,ハイブリッド車でもマフラー音は楽しめます  。スルガスピード・SAI用PFSループサウンドマフラー[rn]
10-163810,http://tshop.r10s.jp/autofilecharge/cabinet/02695624/img63040527.jpg?fitin=700:700,18576.0000,,車用品・バイク用品 > カー用品 > 排気系パーツ > マフラー > トヨタ用,ヴァリトンVARITONE ラウンドマフラー[砲弾タイプ]70系ノア/ヴォクシー(Si/Zs) [代引不可],,"■適合車種<br>
ノア/ヴォクシー…ZRR70W　 (H19.06～)<br> 
※Si/S ・ Zs/Z専用<br>
※2WDのみ対応<br>
※ディーラーオプションのエアロ未対応<br>
※本製品は競技用です。車検非対応となります。<br>
■発送について<br>
受注生産の為、１週間～10日前後での発送予定<br>
※欠品中の場合はタイトルに納期を記載しておりますので、必ずご確認下さい。<br> 
※返品・キャンセルはお受けできません。<br>
■出口タイプ<br>
砲弾(出口径:100φ メインパイプ径：50φ)<br>
■材質<br>
【テールエンド】ステンレス　<br>
【メインパイプ部】スチール<br>
■セット内容<br>
マフラー本体 <br>
インナーサイレンサー<br>
■送料<br>
1620円<br>
2700円（北海道）<br>
3750円（沖縄・離島）<br>
■注意<br>
マフラーはリアから1つ目のフランジからの交換となります。
<br><br>
■代引不可",ヴァリトンVARITONE ラウンドマフラー[砲弾タイプ]70系ノア/ヴォクシー(Si/Zs) [代引不可]：オートファイルオンライン,通信販売通販ショッピングオンラインショッピング買い物プレゼントギフト贈り物贈答品お中元お歳暮お買い得ヴァリトンVARITONE ラウンドマフラー[砲弾タイプ]70系ノア/ヴォクシー(Si/Zs) [代引不可],独特のサウンドを『ヴァリトン』が奏でる。ヴァリトンVARITONE ラウンドマフラー[砲弾タイプ]70系ノア/ヴォクシー(Si/Zs) [代引不可][rn]
10-163811,http://tshop.r10s.jp/autofilecharge/cabinet/02695624/img60289067.jpg?fitin=700:700,91760.0000,,車用品・バイク用品 > カー用品 > 排気系パーツ > マフラー > トヨタ用,[車検対応モデル/代引不可]シルクブレイズ プレミアムサウンドマフラー(シルバー)Ver.1アルファード20/ヴェルファイア2.4L/2WD専用,,"人気商品の為現在お時間を頂いております<BR>詳しい納期はお問合せ下さい<br>キャンセル返品不可<BR><BR>
■適合<br>20アルファード/ヴェルファイア…ANH20W　2.4L[2WD車]H20.05～<br>
▼下記エアロ装着車専用<br>
・20アルファードS プレミアムライン リアスポイラー装着車<br>
・20アルファードG/X プレミアムライン リアスポイラー装着車<br>
・ヴェルファイアZ プレミアムライン リアスポイラー装着車<br>
・ヴェルファイアV/X プレミアムライン リアスポイラー装着車<br>
※プレミアムラインリアスポイラーVer.2は非対応。<br>
■サイズ<br>出口：120mm×80mmダブルテール　メインパイプ径：外径50.8φ<br>
■詳細<br>音量：近接音量約82db(アイドリング時 約98db)<br>材質：オールステンレス<br>テール形状：オーバルダブル左右出し<br>
■注意<br>※純正品の状態により車検対応外となる場合がある為車検検査員にご確認下さい <br>
※マフラーはリアから1つ目フランジから交換タイプ<br>
※Sグレード・Zグレードへの取り付けは純正バンパーの加工が必要<br> 
■送料<br>1620円<br>
2700円（北海道）<br>
3750円（沖縄・離島）<br>
■支払方法<br>
クレジットカード/銀行振込/※代引不可",[車検対応モデル/代引不可]シルクブレイズ プレミアムサウンドマフラー(シルバー)Ver.1アルファード20/ヴェルファイア2.4L/2WD専用：オートファイルオンライン,通信販売通販ショッピングオンラインショッピング買い物プレゼントギフト贈り物贈答品お中元お歳暮お買い得[車検対応モデル/代引不可]シルクブレイズ プレミアムサウンドマフラー(シルバー)Ver.1アルファード20/ヴェルファイア2.4L/2WD専用,プレミアムラインエアロ装着車専用。[車検対応モデル/代引不可]シルクブレイズ プレミアムサウンドマフラー(シルバー)Ver.1アルファード20/ヴェルファイア2.4L/2WD専用[rn]
10-163812,http://tshop.r10s.jp/autofilecharge/cabinet/02695624/imgrc0070101911.jpg?fitin=700:700,121520.0000,,車用品・バイク用品 > カー用品 > 排気系パーツ > マフラー > トヨタ用,新型 50系プリウスシルクブレイズマフラー車検対応 / チタンオーバルダブル[代引不可],,"受注生産の為4週間前後での発送<BR>
※納期が前後する場合有<br>
※キャンセル返品不可<BR><BR>
■適合<br>
50系プリウス…ZVW50W/ ZVW51W/ ZVW55W（H27.01～）　<br>
※純正バンパー専用<br><br>
■カラー<br>
チタン<br><br>
（シルバーはこちら⇒クリック）<br><br>
■サイズ<br>
120×80mm/オーバルダブル左右両側<br>
メインパイプ径：外径50.8φ<br><br>
■材質<br>SUS304ステンレス<br><br>
■音量<br>近接排気騒音：75dB<br>
加速走行騒音：74dB<br><br>
■内容<br>
付属品一式/取説/車検対応証明書<br><br>
■説明<br>
●車検対応新基準を満たす証明書付属。(本体右消音器下面に性能等確認済を示したプレートを表示)<br>
●チタンテールには、GLANZENのロゴ入り。<br>
●丹念に磨かれた鏡面仕上げのミラーステンレス仕様。<br>
●マフラー本体は2ピース構造。<br><br>
■定価<br>本体158,000円＋税<br><br>
■メーカー<br>
（株式会社 ケースペック/K'SPEC/KSPEC）<br><br>
■送料<br>1620円<br>
2700円（北海道）<br>
3750円（沖縄・離島）　<br><br>
■注意<br>※助手席側後方アンダーカバーの取外しが必要<br>
※純正品の状態により車検対応外となる場合がある為車検検査員にご確認下さい。<br><br>
■支払方法<br>
クレジットカード/銀行振込/※代引不可",新型 50系プリウスシルクブレイズマフラー車検対応 / チタンオーバルダブル[代引不可]：オートファイルオンライン,通信販売通販ショッピングオンラインショッピング買い物プレゼントギフト贈り物贈答品お中元お歳暮お買い得新型 50系プリウスシルクブレイズマフラー車検対応 / チタンオーバルダブル[代引不可],迫力の4本出しオーバルダブルマフラー。新型 50系プリウスシルクブレイズマフラー車検対応 / チタンオーバルダブル[代引不可][rn]
10-163813,http://tshop.r10s.jp/autofilecharge/cabinet/02695624/img62658253.jpg?fitin=700:700,106080.0000,,車用品・バイク用品 > カー用品 > 排気系パーツ > マフラー > トヨタ用,[車検対応モデル/代引き不可]シルクブレイズ プレミアムサウンドマフラー(チタン)Ver.2アルファード20/ヴェルファイア（前期/後期）2.4L専用,,"■適合<br>20アルファード/ヴェルファイア…ANH20W　2.4L[2WD車]H20.05～<br>
▼下記エアロ装着車専用<br>
・ヴェルファイア(Z)プレミアムラインリアマフラーガーニッシュ<br> 
・ヴェルファイア(Z)/20アルファード(S)プレミアムライン リアスポイラーVer.2<br> 
・ヴェルファイア後期Z/GLANZENリアバンパー<br>
※プレミアムライン リアスポイラーは非対応[注意] Ver.2とは形状異なります<br>
■納期<br>
3～4W前後で発送予定<BR>
※受注状況により通常納期以上必要な場合有<BR>
※キャンセル返品不可<br>
■タイプ<br>
オーバルダブル/ユーロ(120×80)<BR>
メインパイプ径：外径50.8φ
<br>
■音　量<br>
加速走行時78db以内<br>
近接騒音82db以内<br>
■内容<br>[マフラー２分割]マフラーテール/ステー/ゴムブッシュ/ガスケット/ボルトナット一式/取説<br>
■送料<br>1620円<br>
2700円（北海道）<br>
3750円（沖縄・離島）<br>
■注意<br>※純正品の状態により、車検対応外となる場合有。車検検査員にご確認下さい。<BR>
※マフラーはリアから1つ目のフランジからの交換<BR> 
※プレミアムライン リアスポイラーは非対応です。[注意！] Ver.2とは形状が異なります。<BR> 
※S/Zへの取付は純正バンパーの加工必要",[車検対応モデル/代引き不可]シルクブレイズ プレミアムサウンドマフラー(チタン)Ver.2アルファード20/ヴェルファイア（前期/後期）2.4L専用：オートファイルオンライン,通信販売通販ショッピングオンラインショッピング買い物プレゼントギフト贈り物贈答品お中元お歳暮お買い得[車検対応モデル/代引き不可]シルクブレイズ プレミアムサウンドマフラー(チタン)Ver.2アルファード20/ヴェルファイア（前期/後期）2.4L専用,プレミアムラインエアロ装着車専用。[車検対応モデル/代引き不可]シルクブレイズ プレミアムサウンドマフラー(チタン)Ver.2アルファード20/ヴェルファイア（前期/後期）2.4L専用[rn]
10-163814,http://tshop.r10s.jp/autofilecharge/cabinet/02695624/img60324094.jpg?fitin=700:700,91760.0000,,車用品・バイク用品 > カー用品 > 排気系パーツ > マフラー > トヨタ用,[車検対応モデル/代引不可]SILKBLAZE/プレミアムサウンドマフラー30系プリウス ZVW30,,"人気商品の為現在お時間を頂いております。<BR>詳しい納期はお問い合わせ下さい<br>キャンセル返品不可<BR><BR>
■適合車種<br>
 30系プリウス…ZVW30 (H21.05～)<br> 　
※プレミアムラインエアロ装着車専用<br><br>
■サイズ<br>
オーバルダブル(サイズ:120×80mm)　<br>
メインパイプ径：外径50.8φ <br><br>
■詳細<br>音量：近接音量約82db(アイドリング時 約98db)<br>材質：オールステンレス<br><br>
■注意<br>※純正品の状態により車検対応外となる場合がある為車検検査員にご確認下さい。 <br>
※マフラーはリアから1つ目フランジから交換タイプ<br><br>
■商品説明<br>
◆SilkBlazeマフラーシリーズ待望の車検対応モデル！車検対応証明書付属<br>
◆スライド機構でセッティング調整が可能<br><br>
■セット内容<br>
マフラー本体（2分割）<br>
マフラーテール×4<br>
ステー×2<br>
ゴムブッシュ×2<br>
ガスケット×1<br>
ボルトナット一式<br>
取付説明書<br><br>
■送料<br>1620円<br>
2700円（北海道）<br>
3750円（沖縄・離島）<br>
■支払方法<br>
クレジットカード/銀行振込/※代引不可",[車検対応モデル/代引不可]SILKBLAZE/プレミアムサウンドマフラー30系プリウス ZVW30：オートファイルオンライン,通信販売通販ショッピングオンラインショッピング買い物プレゼントギフト贈り物贈答品お中元お歳暮お買い得[車検対応モデル/代引不可]SILKBLAZE/プレミアムサウンドマフラー30系プリウス ZVW30,プレミアムラインエアロ装着車専用。[車検対応モデル/代引不可]SILKBLAZE/プレミアムサウンドマフラー30系プリウス ZVW30[rn]
10-163815,http://tshop.r10s.jp/autofilecharge/cabinet/02695624/img63916107.jpg?fitin=700:700,18576.0000,,車用品・バイク用品 > カー用品 > 排気系パーツ > マフラー > トヨタ用,80系ノア/ヴォクシー(Si/Zs) ラウンドマフラー[砲弾タイプ]ヴァリトンVARITONE,,"■適合車種<br>
ノア/ヴォクシー…ZRR80W （H26.01～）<BR>
※Si/Zs専用<BR>
※2WDのみ対応<BR>
※ハイブリッド車 未対応<BR>
※本製品は競技用です。車検非対応となります。<br>
■発送について<br>
受注生産の為、１週間～10日前後での発送予定<br>
※欠品中の場合はタイトルに納期を記載しておりますので、必ずご確認下さい。<br> 
※返品・キャンセルはお受けできません。<br>
■出口タイプ<br>
砲弾(出口径:100φ メインパイプ径：50φ)<br>
■材質<br>
【テールエンド】ステンレス　<br>
【メインパイプ部】スチール<br>
■セット内容<br>
マフラー本体(2分割) <BR>
フランジボルト×2<BR>
ナット×4<BR>
強化ブッシュ×1<BR>
ガスケット×1<br>
■送料<br>
1620円<br>
2700円（北海道）<br>
3750円（沖縄・離島）<br>
■注意<br>
マフラーはリアから1つ目のフランジからの交換となります。

<br>
<font size=2 color=FFFFFF>80系ノア/ヴォクシー,80系ヴォクシー/ノア,80系ノア,80系ヴォクシー,80ヴォクシー,80ノア
,誕生日,記念日,父の日,母の日,プレゼント,男性,女性,父,母,お祝い,記念品,ギフト,両親,喜ばれる,人気,人気ランキング,クリスマス,クリスマスプレゼント,バレンタインデー,便利グッズ,車,車用品,カー用品,カーパーツ,パーツ,高品質,自分へのごほうび,アイデア商品</font>",80系ノア/ヴォクシー(Si/Zs) ラウンドマフラー[砲弾タイプ]ヴァリトンVARITONE：オートファイルオンライン,通信販売通販ショッピングオンラインショッピング買い物プレゼントギフト贈り物贈答品お中元お歳暮お買い得80系ノア/ヴォクシー(Si/Zs) ラウンドマフラー[砲弾タイプ]ヴァリトンVARITONE,独特のサウンドを『ヴァリトン』が奏でる。80系ノア/ヴォクシー(Si/Zs) ラウンドマフラー[砲弾タイプ]ヴァリトンVARITONE[rn]
10-163816,http://tshop.r10s.jp/autofilecharge/cabinet/02695624/img63326421.jpg?fitin=700:700,20640.0000,,車用品・バイク用品 > カー用品 > 排気系パーツ > マフラー > トヨタ用,ヴァリトンVARITONE ラウンドマフラー[砲弾タイプ]10系ウィッシュZNE10G [代引不可],,"■適合車種<br>
ウィッシュ…ZNE10G <br>
前期Sパッケージ　（H15.01～H17.09）<br>
後期 X Aero sportsパッケージ　（H17.09～H21.04）<br>
※1.8Lのみ対応<br>
※2WDのみ対応<br>
■発送について<br>
受注生産の為、１週間～10日前後での発送予定<br>
※欠品中の場合はタイトルに納期を記載しておりますので、必ずご確認下さい。<br> 
※返品・キャンセルはお受けできません。<br>
■出口タイプ<br>
砲弾(出口径:100φ メインパイプ径：50φ)<br>
■材質<br>
【テールエンド】ステンレス　<br>
【メインパイプ部】スチール<br>
■セット内容<br>
マフラー本体 <br>
インナーサイレンサー<br>
ナット×2<br>
保安基準証明書<br>
■送料<br>
1620円<br>
2700円（北海道）<br>
3750円（沖縄・離島）<br>
■注意<br>
マフラーはリアから1つ目のフランジからの交換となります。　
<br><br>
■代引不可",ヴァリトンVARITONE ラウンドマフラー[砲弾タイプ]10系ウィッシュZNE10G [代引不可]：オートファイルオンライン,通信販売通販ショッピングオンラインショッピング買い物プレゼントギフト贈り物贈答品お中元お歳暮お買い得ヴァリトンVARITONE ラウンドマフラー[砲弾タイプ]10系ウィッシュZNE10G [代引不可],保安基準証明付き。ヴァリトンVARITONE ラウンドマフラー[砲弾タイプ]10系ウィッシュZNE10G [代引不可][rn]
10-163817,http://tshop.r10s.jp/autofilecharge/cabinet/02695624/imgrc0070873524.jpg?fitin=700:700,116000.0000,,車用品・バイク用品 > カー用品 > 排気系パーツ > マフラー > トヨタ用,30系ヴェルファイア車検対応モデル シルクブレイズマフラー[オーバルダブル]鎧リアバンパー用 チタンテール代引不可,,"受注生産の為4週間前後での発送<BR>
※納期が前後する場合有<br>
※キャンセル返品不可<BR><BR>
■適合<br>
2.5L…30ヴェルファイア…AGH 30W/35W（H27.01～）<br>
3.5L…30ヴェルファイア…GGH 30W/35W（H27.01～）<br>
ハイブリッド…30ヴェルファイア ハイブリッド…AYH30W（H27.01～）<br>
※GLANZEN 鎧リアバンパー装着車専用<br>
GLANZEN 鎧リアバンパーはこちら⇒クリック<br><br>
■カラー<br>
チタン<br><br>
■サイズ<br>
120×80mm/オーバルダブル左右両側<br>
メインパイプ径：外径50.8φ<br><br>
■材質<br>SUS304ステンレス<br><br>
■音量<br>
[近接排気騒音]<br>
AGH3#W[約92dB] / GGH3#W[約89dB] / AYH30W[約82dB]<br>
[加速走行騒音]<br>
AGH3#W[約73dB] / GGH3#W[約77dB] / AYH30W[約69dB]<br><br>
■内容<br>
付属品一式/取説/車検対応証明書<br><br>
■説明<br>
・グレンツェン鎧リアバンパー装着車専用設計で迫力の4本出し仕様<br>
・心地よい上質なサウンドで安心の車検対応品です<br>
・車検対応新基準を満たす証明書付属<br>
・マフラー本体は3ピース構造<br><br>
■定価<br>本体158,000円＋税<br><br>
■関連商品<br>
GLANZEN エアロ 鎧はこちら⇒クリック
<br>
30系アルファード/ヴェルファイア アイテムはこちら⇒クリック<br><br>
■メーカー<br>
シルクブレイズ/SilkBlaze<br>
グレンツェン/GLANZEN<br>
(株式会社 ケースペック/K'SPEC/KSPEC)<br><br>
■送料<br>1620円<br>
2700円（北海道）<br>
3750円（沖縄・離島）　<br><br>
■支払方法<br>
クレジットカード/銀行振込/※代引不可　<br><br>
■注意<br>
※本製品は、製品及び純正品などの機能全体の状態により、保安基準を満たさない状況になる場合がございます。車検検査員にご確認下さい。",30系ヴェルファイア車検対応モデル シルクブレイズマフラー[オーバルダブル]鎧リアバンパー用 チタンテール代引不可：オートファイルオンライン,通信販売通販ショッピングオンラインショッピング買い物プレゼントギフト贈り物贈答品お中元お歳暮お買い得30系ヴェルファイア車検対応モデル シルクブレイズマフラー[オーバルダブル]鎧リアバンパー用 チタンテール代引不可,迫力の4本出しオーバルダブルマフラー。30系ヴェルファイア車検対応モデル シルクブレイズマフラー[オーバルダブル]鎧リアバンパー用 チタンテール代引不可[rn]
10-163818,http://tshop.r10s.jp/autofilecharge/cabinet/02695624/img58717652.jpg?fitin=700:700,42880.0000,,車用品・バイク用品 > カー用品 > 排気系パーツ > マフラー > トヨタ用,シルクブレイズ プレミアムサウンドマフラー20系プリウス,,"■適合<br>20系プリウス…NHW20<br>
※プレミアムラインエアロ装着車専用<br>
<br>■サイズ<br>オーバルダブル/ユーロタイプ(サイズ:120×80mm)　メインパイプ径：外径50.8φ<br><br>
■商品説明<br>・内部ストレード構造による、排気効率とグラスウール調整で安定した上質なサウンドエフェクトを実現！<br>・迫力抜群、オーバルダブルテールはそれぞれ独立して前後にスライド可能！<br><br>
■注意<br>※本製品は競技用/車検非対応<br>
※マフラーはリアから1つ目のフランジからの交換となります。<br><br>
■製品詳細<br>近接音量　3000rpm時：約83db　アイドリング時：80db<br>
材質：マフラー本体…スチール　マフラーテール…ステンレス<br>
テール形状：オーバルダブル左右出し<br> <br>
■内容<br>本体×3<br>
マフラーテール×4<br>
ボルトナット一式<br>
ステー一式<br>
U字クランプ一式<br>
取説<br><br>
■納期<br>
受注生産の為、1週間～10日前後での発送予定<br>
※キャンセル返品不可<br>
※受注状況によって変動する場合有<br><br>
■送料<br>1620円<br>
2700円（北海道）<br>
3750円（沖縄・離島）<br>",シルクブレイズ プレミアムサウンドマフラー20系プリウス：オートファイルオンライン,通信販売通販ショッピングオンラインショッピング買い物プレゼントギフト贈り物贈答品お中元お歳暮お買い得シルクブレイズ プレミアムサウンドマフラー20系プリウス,プレミアムラインエアロ装着車専用。シルクブレイズ プレミアムサウンドマフラー20系プリウス[rn]
10-163819,http://tshop.r10s.jp/autofilecharge/cabinet/02695624/img63040535.jpg?fitin=700:700,28944.0000,,車用品・バイク用品 > カー用品 > 排気系パーツ > マフラー > トヨタ用,ヴァリトンVARITONE ラウンドマフラー[オーバル/ダブル]70系ノア/ヴォクシー [代引不可],,"■適合車種<br>
ノア/ヴォクシー…ZRR70W (H19.06～)  
<br> 
※Si/S ・ Zs/Z専用<br>
※2WDのみ対応<br>
※ディーラーオプションのエアロ未対応<br>
※本製品は競技用です。車検非対応となります。<br>
■発送について<br>
受注生産の為、１週間～10日前後での発送予定<br>
※欠品中の場合はタイトルに納期を記載しておりますので、必ずご確認下さい。<br> 
※返品・キャンセルはお受けできません。<br>
■出口タイプ<br>
オーバルダブル(サイズ:120×80)<br>
■材質<br>
【テールエンド】ステンレス　<br>
【メインパイプ部】スチール<br>
■セット内容<br>
マフラー本体 <br>
ボルト・ナットセット<br>
■送料<br>
1620円<br>
2700円（北海道）<br>
3750円（沖縄・離島）<br>
■注意<br>
・マフラーはリアから1つ目のフランジからの交換となります。<br>
・オーバルダブルの場合、純正開口部に接触する場合がございますのでテールエンドに合わせて加工する必要がございます。
<br><br>
■代引不可",ヴァリトンVARITONE ラウンドマフラー[オーバル/ダブル]70系ノア/ヴォクシー [代引不可]：オートファイルオンライン,通信販売通販ショッピングオンラインショッピング買い物プレゼントギフト贈り物贈答品お中元お歳暮お買い得ヴァリトンVARITONE ラウンドマフラー[オーバル/ダブル]70系ノア/ヴォクシー [代引不可],独特のサウンドを『ヴァリトン』が奏でる。ヴァリトンVARITONE ラウンドマフラー[オーバル/ダブル]70系ノア/ヴォクシー [代引不可][rn]
10-163820,http://tshop.r10s.jp/autofilecharge/cabinet/02695624/imgrc0064412835.jpg?fitin=700:700,30832.0000,,車用品・バイク用品 > カー用品 > 排気系パーツ > マフラー > トヨタ用,シルクブレイズ センターパイプマフラーアルファード20/ヴェルファイア（前期/後期）2WD/2.4L専用,,"■適合<br>トヨタ 20系アルファード/ヴェルファイア…ANH20W<br>[ 2WD車 / 2.4L ]<br>年式…H20.05～<br>※本製品は競技用となります。<br>
<br>■パイプ径<br>メインパイプ径 ： 60.4φ<br>■材質<br>オールステンレス<br>■内容<br>本体(2分割) ボルトナット一式 ガスケット×1　取説<br>■説明<br>・錆びにくいと定評のあるSUS304ステンレスにメッキ加工を施すことにより、抜群の耐腐食性を実現！<br>・排気干渉を低減し、トルクアップと質感のある絶妙な低音サウンドを実現！<br>・切断加工等不要！ボルトオン装着可能です。<br>・フランジ純正対応で純正リアマフラー及び、SilkBlazeマフラー装着対応品です。<br>■注意<br>ショーモデルの為、車検非対応となります。<br>■定価<br>本体43,000円＋税<br>■メーカー<br>株式会社ケースペック<br> 
■送料<br>1620円<br>
2700円（北海道）<br>
3750円（沖縄・離島）<br>",シルクブレイズ センターパイプマフラーアルファード20/ヴェルファイア（前期/後期）2WD/2.4L専用：オートファイルオンライン,通信販売通販ショッピングオンラインショッピング買い物プレゼントギフト贈り物贈答品お中元お歳暮お買い得シルクブレイズ センターパイプマフラーアルファード20/ヴェルファイア（前期/後期）2WD/2.4L専用,トルクアップと質感のある絶妙な低音サウンドを実現！。シルクブレイズ センターパイプマフラーアルファード20/ヴェルファイア（前期/後期）2WD/2.4L専用[rn]
10-163821,http://tshop.r10s.jp/auc-kansai/cabinet/mullerc/imgrc0064392256.jpg?fitin=700:700,9184.0000,,車用品・バイク用品 > カー用品 > 排気系パーツ > マフラー > トヨタ用,★SilkBlazeシルクブレイズ★マフラーカッターオーバルタイプ(チタンカラー)80系ノアSi/ヴォクシーZs専用,,"【適合】80系ノア/ヴォクシー<br>
【型式】ZRR80<br>
【年式】26.01～<BR>
【グレード】Si/Zs<BR>
【素材】オールステンレス<br>
【形状】オーバル(120mm×80mm)<BR>
【カラー】チタンカラー<BR>
【セット内容】<br>
本体×1/取付ボルト/ロックナット/取付レンチ/脱落防止ワイヤー<BR>
【注意事項】<br>
火傷等の危険が有るため必ずエンジンを切り、マフラーが冷めていることを確認の上で取り付けを行ってください。",★SilkBlazeシルクブレイズ★マフラーカッターオーバルタイプ(チタンカラー)80系ノアSi/ヴォクシーZs専用：関西オートパーツ販売,通信販売通販ショッピングオンラインショッピング買い物プレゼントギフト贈り物贈答品お中元お歳暮お買い得★SilkBlazeシルクブレイズ★マフラーカッターオーバルタイプ(チタンカラー)80系ノアSi/ヴォクシーZs専用,　。★SilkBlazeシルクブレイズ★マフラーカッターオーバルタイプ(チタンカラー)80系ノアSi/ヴォクシーZs専用[rn]
10-163822,http://tshop.r10s.jp/auc-kansai/cabinet/mullerc/imgrc0064392243.jpg?fitin=700:700,9184.0000,,車用品・バイク用品 > カー用品 > 排気系パーツ > マフラー > トヨタ用,★SilkBlazeシルクブレイズ★マフラーカッターオーバルタイプ(チタンカラー)80系ノア/ヴォクシーG/V/X専用,,"【適合】80系ノア/ヴォクシー<br>
【型式】ZRR80/ZWR80<br>
【年式】26.01～<BR>
【グjレード】G/V/X<BR>
【素材】オールステンレス<br>
【形状】オーバル(120mm×80mm)<BR>
【カラー】チタンカラー<BR>
【セット内容】<br>
本体×1/取付ボルト/ロックナット/取付レンチ/脱落防止ワイヤー<BR>
【注意事項】<br>
火傷等の危険が有るため必ずエンジンを切り、マフラーが冷めていることを確認の上で取り付けを行ってください。",★SilkBlazeシルクブレイズ★マフラーカッターオーバルタイプ(チタンカラー)80系ノア/ヴォクシーG/V/X専用：関西オートパーツ販売,通信販売通販ショッピングオンラインショッピング買い物プレゼントギフト贈り物贈答品お中元お歳暮お買い得★SilkBlazeシルクブレイズ★マフラーカッターオーバルタイプ(チタンカラー)80系ノア/ヴォクシーG/V/X専用,　。★SilkBlazeシルクブレイズ★マフラーカッターオーバルタイプ(チタンカラー)80系ノア/ヴォクシーG/V/X専用[rn]
10-163823,http://tshop.r10s.jp/parts/cabinet/detail-aa64/aa64-kbs301.jpg?fitin=700:700,27174.4000,,車用品・バイク用品 > カー用品 > 排気系パーツ > マフラー > トヨタ用,柿本改(カキモト) Kakimoto･R 00/1～06/1 ACR40W エスティマ 2.4L 4WD,,ハル型タイコ･楕円タイコをメインサイレンサーに採用した柿本改EXHAUST SYSTEMを代表するKakimoto･Ｒは､音･性能共にバランスのとれた､オールラウンドタイプのマフラー。重低音の利いたクオリティーの高い音質と期待を裏切らないハイトルクとハイパワーを実現。柿本改のマフラーづくりのノウハウを高密度に凝縮した Kakimoto･Ｒ高次元なパフォーマンスを実現し、ストリート・サーキット問わず、スポーティーなシーンで十二分な性能を引き出してくれる。 <br>●材質:オールステンレス ●パイプ径（パイ）60/タイコ径（パイ）-/テール径（パイ）100 ●出口:S(右) 【納期】お取り寄せ商品のため通常3～4日でのお届けとなります。(日・祝日は除く)万が一欠品の場合は別途メールにてご連絡差し上げます。お急ぎの場合はご注文前に必ず納期確認を頂きますようお願い申し上げます。<br>【注意】●リアピースのみ ●アエラス取付OK ●車輌型式[GH/TA/UA/CBA/DBA-ACR40W]はJASMA未認定 <br>対応車種：00/1～06/1 ACR40W エスティマ 2.4L 4WD エンジン型式：2AZ-FE <br>　保安基準適合品<br>排気系/マフラー<br>※送料は地域や配達場所によって変わりますが、6000円～12000円程度が目安となります。,柿本改(カキモト) Kakimoto･R 00/1～06/1 ACR40W エスティマ 2.4L 4WD：ＰＡＲＴＳ,通信販売通販ショッピングオンラインショッピング買い物プレゼントギフト贈り物贈答品お中元お歳暮お買い得ヘッドライトテールライトコーナーライトサイドマーカーカーボンアンテナドアミラーエアロメーターパネルリップスポイラーウイングホイールカバーペダル車高調ブレーキドライブレコーダーワイパーグリルボンネットローダウン柿本改(カキモト) Kakimoto･R 00/1～06/1 ACR40W エスティマ 2.4L 4WD,送料についてはお問い合わせ下さい。柿本改(カキモト) Kakimoto･R 00/1～06/1 ACR40W エスティマ 2.4L 4WD[rn]
10-163824,http://tshop.r10s.jp/parts/cabinet/detail-aa64/aa64-n42365-1.jpg?fitin=700:700,27744.0000,,車用品・バイク用品 > カー用品 > 排気系パーツ > マフラー > トヨタ用,柿本改(カキモト) GT box 06andS 00/10～～05/2 NCP13 ヴィッツ RS 1.5L 2WD,,GT boxならではの中低速でのトルクを大切にしつつ高回転域にも目を向けた、よりスポーティなモデル。hyper GT box Rev.よりもより高回転でのレスポンスを強調。メインサイレンサーはより高回転と軽量化を重視するためさらにスリム化。スポーティーなルックスにこだわったテールデザインはWagon＆Oneboxのリアビューにマッチした極端すぎない斜め跳ね上げを採用。 <br>●材質：オールステンレス ●パイプ径（パイ）50 ●タイコ径（パイ）115 ●テール径（パイ）80 ●出口：S(右) ●リアピースのみ ●納期：お取り寄せ商品のため通常3～4日でのお届けとなります。(日・祝日は除く)万が一欠品の場合は別途メールにてご連絡差し上げます。お急ぎの場合はご注文前に必ず納期確認を頂きますようお願い申し上げます。<br>【注意事項】○車輌型式[UA/CBA-NCP13]のみJASMA認定(その他車種はJASMA未認定) <br>対応車種：00/10～～05/2 NCP13 ヴィッツ RS 1.5L 2WD　エンジン型式：1NZ-FE <br>　保安基準適合品（JASMA認定）<br>排気系/マフラー<br>※送料は地域や配達場所によって変わりますが、6000円～12000円程度が目安となります。,柿本改(カキモト) GT box 06andS 00/10～～05/2 NCP13 ヴィッツ RS 1.5L 2WD：ＰＡＲＴＳ,通信販売通販ショッピングオンラインショッピング買い物プレゼントギフト贈り物贈答品お中元お歳暮お買い得ヘッドライトテールライトコーナーライトサイドマーカーカーボンアンテナドアミラーエアロメーターパネルリップスポイラーウイングホイールカバーペダル車高調ブレーキドライブレコーダーワイパーグリルボンネットローダウン柿本改(カキモト) GT box 06andS 00/10～～05/2 NCP13 ヴィッツ RS 1.5L 2WD,送料についてはお問い合わせ下さい。柿本改(カキモト) GT box 06andS 00/10～～05/2 NCP13 ヴィッツ RS 1.5L 2WD[rn]
10-163825,http://tshop.r10s.jp/parts/cabinet/detail-aa64/aa64-kbs301.jpg?fitin=700:700,44608.0000,,車用品・バイク用品 > カー用品 > 排気系パーツ > マフラー > トヨタ用,柿本改(カキモト) Kakimoto･R 93/5～02/8 JZA80 スープラ 3.0L,,ハル型タイコ･楕円タイコをメインサイレンサーに採用した柿本改EXHAUST SYSTEMを代表するKakimoto･Ｒは､音･性能共にバランスのとれた､オールラウンドタイプのマフラー。重低音の利いたクオリティーの高い音質と期待を裏切らないハイトルクとハイパワーを実現。柿本改のマフラーづくりのノウハウを高密度に凝縮した Kakimoto･Ｒ高次元なパフォーマンスを実現し、ストリート・サーキット問わず、スポーティーなシーンで十二分な性能を引き出してくれる。 <br>●材質:オールステンレス ●パイプ径（パイ）70/タイコ径（パイ）-/テール径（パイ）115 ●出口:S(左) 【納期】お取り寄せ商品のため通常3～4日でのお届けとなります。(日・祝日は除く)万が一欠品の場合は別途メールにてご連絡差し上げます。お急ぎの場合はご注文前に必ず納期確認を頂きますようお願い申し上げます。<br>【注意】●M/C後 GF-JZA80 VVTI車(97/8～)取付未確認 <br>対応車種：93/5～02/8 JZA80 スープラ 3.0L エンジン型式：2JZ-GE(NA) <br>　保安基準適合品<br>排気系/マフラー<br>※送料は地域や配達場所によって変わりますが、6000円～12000円程度が目安となります。,柿本改(カキモト) Kakimoto･R 93/5～02/8 JZA80 スープラ 3.0L：ＰＡＲＴＳ,通信販売通販ショッピングオンラインショッピング買い物プレゼントギフト贈り物贈答品お中元お歳暮お買い得ヘッドライトテールライトコーナーライトサイドマーカーカーボンアンテナドアミラーエアロメーターパネルリップスポイラーウイングホイールカバーペダル車高調ブレーキドライブレコーダーワイパーグリルボンネットローダウン柿本改(カキモト) Kakimoto･R 93/5～02/8 JZA80 スープラ 3.0L,送料についてはお問い合わせ下さい。柿本改(カキモト) Kakimoto･R 93/5～02/8 JZA80 スープラ 3.0L[rn]
10-163826,http://tshop.r10s.jp/parts/cabinet/detail-aa64/aa64-n42365-1.jpg?fitin=700:700,33184.0000,,車用品・バイク用品 > カー用品 > 排気系パーツ > マフラー > トヨタ用,柿本改(カキモト) GT box 06andS 03/10～ ACM21W イプサム 240S 2WD,,GT boxならではの中低速でのトルクを大切にしつつ高回転域にも目を向けた、よりスポーティなモデル。hyper GT box Rev.よりもより高回転でのレスポンスを強調。メインサイレンサーはより高回転と軽量化を重視するためさらにスリム化。スポーティーなルックスにこだわったテールデザインはWagon＆Oneboxのリアビューにマッチした極端すぎない斜め跳ね上げを採用。 <br>●材質：オールステンレス ●パイプ径（パイ）60 ●タイコ径（パイ）115 ●テール径（パイ）80 ●出口：S(右) ●リアピースのみ ●納期：お取り寄せ商品のため通常3～4日でのお届けとなります。(日・祝日は除く)万が一欠品の場合は別途メールにてご連絡差し上げます。お急ぎの場合はご注文前に必ず納期確認を頂きますようお願い申し上げます。<br>【注意事項】○2009年1月以降に製造された車輌は取付未確認 <br>対応車種：03/10～ ACM21W イプサム 240S 2WD　エンジン型式：2AZ-FE <br>　保安基準適合品（JASMA認定）<br>排気系/マフラー<br>※送料は地域や配達場所によって変わりますが、6000円～12000円程度が目安となります。,柿本改(カキモト) GT box 06andS 03/10～ ACM21W イプサム 240S 2WD：ＰＡＲＴＳ,通信販売通販ショッピングオンラインショッピング買い物プレゼントギフト贈り物贈答品お中元お歳暮お買い得ヘッドライトテールライトコーナーライトサイドマーカーカーボンアンテナドアミラーエアロメーターパネルリップスポイラーウイングホイールカバーペダル車高調ブレーキドライブレコーダーワイパーグリルボンネットローダウン柿本改(カキモト) GT box 06andS 03/10～ ACM21W イプサム 240S 2WD,送料についてはお問い合わせ下さい。柿本改(カキモト) GT box 06andS 03/10～ ACM21W イプサム 240S 2WD[rn]
10-163827,http://tshop.r10s.jp/parts/cabinet/detail-aa64/aa64-kmkeb.jpg?fitin=700:700,53312.0000,,車用品・バイク用品 > カー用品 > 排気系パーツ > マフラー > トヨタ用,柿本改(カキモト) KRNOBLE ELLISSE（クリスタルAB） 04/9～ CBF-TRH200V ハイエース スーパーGL,,120mm×80mmのオーバルテールは、厚すぎず薄すぎない絶妙なバランス。高級感あふれるエレガントさの中にもスポーティーさが見え隠れするスタイルは、カキモトレーシングならではの仕上がり。Ellisseテールは地上高の確保の面でも有利で非常に乗りやすいのが特徴です。また付属のロジウムコートされたグラマラスな厚みのロゴプレートには、オーストリアのスワロフスキー社製クリスタルが贅沢にセッティングされています。 <br>●材質：オールステンレス ●パイプ径（パイ）： 60 ●タイコ径（パイ）：- ●テール径（パイ）：120-80 ●出口：S(右) ●クリスタルロゴプレート付属 ●クリスタルカラー：クリスタルAB<br>【納期】お取り寄せ商品のため通常3～4日でのお届けとなります。(日・祝日は除く)万が一欠品の場合は別途メールにてご連絡差し上げます。  <br>対応車種：04/9～ CBF-TRH200V ハイエース スーパーGL ガゾリン (2WD) エンジン型式：1TR-FE <br>　保安基準適合品（JASMA認定）<br>排気系/マフラー<br>※送料は地域や配達場所によって変わりますが、6000円～12000円程度が目安となります。,柿本改(カキモト) KRNOBLE ELLISSE（クリスタルAB） 04/9～ CBF-TRH200V ハイエース スーパーGL：ＰＡＲＴＳ,通信販売通販ショッピングオンラインショッピング買い物プレゼントギフト贈り物贈答品お中元お歳暮お買い得ヘッドライトテールライトコーナーライトサイドマーカーカーボンアンテナドアミラーエアロメーターパネルリップスポイラーウイングホイールカバーペダル車高調ブレーキドライブレコーダーワイパーグリルボンネットローダウン柿本改(カキモト) KRNOBLE ELLISSE（クリスタルAB） 04/9～ CBF-TRH200V ハイエース スーパーGL,送料についてはお問い合わせ下さい。柿本改(カキモト) KRNOBLE ELLISSE（クリスタルAB） 04/9～ CBF-TRH200V ハイエース スーパーGL[rn]
10-163828,http://tshop.r10s.jp/parts/cabinet/detail-aa73/aa73-ex10188.jpg?fitin=700:700,22988.0000,,車用品・バイク用品 > カー用品 > 排気系パーツ > マフラー > トヨタ用,DangunRacing スポーツマフラー タイプH TCR10/20W エスティマ 2TZ-FZE,,高性能・高品質の国内生産品でありながら、リーズナブルなプライスでのラインナップを実現。飽きのこないベーシックなデザインが魅力です。※受注生産につき、納期　約３～４週間 <br><br>テール：100パイ タイコ：125パイ メインパイプ：50.8パイ 出方：斜め 近接騒音：ID 73dB/イン付 94dB/イン無 101dB　　※画像はイメージです<br><br>スーパーチャージャー用 2/4WD取付可 <br><br>対応車種：TRC10/20W エスティマ 94/08～00/01 (2TZ-FZE) <br><br>保安基準適合品<br><br>排気系/マフラー,DangunRacing スポーツマフラー タイプH TCR10/20W エスティマ 2TZ-FZE：ＰＡＲＴＳ,通信販売通販ショッピングオンラインショッピング買い物プレゼントギフト贈り物贈答品お中元お歳暮お買い得ヘッドライトテールライトコーナーライトサイドマーカーカーボンアンテナドアミラーエアロメーターパネルリップスポイラーウイングホイールカバーペダル車高調ブレーキドライブレコーダーワイパーグリルボンネットローダウンDangunRacing スポーツマフラー タイプH TCR10/20W エスティマ 2TZ-FZE,【代金引換利用不可】　。DangunRacing スポーツマフラー タイプH TCR10/20W エスティマ 2TZ-FZE[rn]
10-163829,http://tshop.r10s.jp/parts/cabinet/detail-aa49/aa49-excsgt.jpg?fitin=700:700,35616.0000,,車用品・バイク用品 > カー用品 > 排気系パーツ > マフラー > トヨタ用,TRUST(トラスト) コンフォートスポーツGTスラッシュ DBA-ANH20W アルファード（2AZ-FE（NA）08/05-）,,スタイリッシュ/スポーツをテーマに車のデザインを引き立てるフォルムを演出。車種別に専用設計を行い、パフォーマンスをアップ。オールステンレス製、バフ仕上げによる高級感と耐久性を両立。大型サイレンサーを採用し快適性を損なわない心地よいサウンドとローダウン時のロードクリアランスを確保。 <br>テールエンド部にチタニウム素材独特のヒートグラデーションを採用。安心のJASMA認定マフラーです。text by safe<br>テール：115パイ　メインパイプ：60パイ　分割数：1　音量：81db　材質：オールステンレス製 <br>対応車種：DBA-ANH20W アルファード <br>　車検対応品<br>排気系/マフラー,TRUST(トラスト) コンフォートスポーツGTスラッシュ DBA-ANH20W アルファード（2AZ-FE（NA）08/05-）：ＰＡＲＴＳ,通信販売通販ショッピングオンラインショッピング買い物プレゼントギフト贈り物贈答品お中元お歳暮お買い得ヘッドライトテールライトコーナーライトサイドマーカーカーボンアンテナドアミラーエアロメーターパネルリップスポイラーウイングホイールカバーペダル車高調ブレーキドライブレコーダーワイパーグリルボンネットローダウンTRUST(トラスト) コンフォートスポーツGTスラッシュ DBA-ANH20W アルファード（2AZ-FE（NA）08/05-）,　。TRUST(トラスト) コンフォートスポーツGTスラッシュ DBA-ANH20W アルファード（2AZ-FE（NA）08/05-）[rn]
10-163830,http://tshop.r10s.jp/parts/cabinet/detail-aa49/aa49-excsgt.jpg?fitin=700:700,32928.0000,,車用品・バイク用品 > カー用品 > 排気系パーツ > マフラー > トヨタ用,TRUST(トラスト) コンフォートスポーツGTスラッシュ GH/TA-MCR40W エスティマ（1MZ-FE（NA）00/01-06/01）,,スタイリッシュ/スポーツをテーマに車のデザインを引き立てるフォルムを演出。車種別に専用設計を行い、パフォーマンスをアップ。オールステンレス製、バフ仕上げによる高級感と耐久性を両立。大型サイレンサーを採用し快適性を損なわない心地よいサウンドとローダウン時のロードクリアランスを確保。 <br>テールエンド部にチタニウム素材独特のヒートグラデーションを採用。安心のJASMA認定マフラーです。text by safe<br>テール：115パイ　メインパイプ：60パイ　分割数：1　音量：88db　材質：オールステンレス製 <br>対応車種：GH/TA-MCR40W エスティマ <br>　車検対応品<br>排気系/マフラー,TRUST(トラスト) コンフォートスポーツGTスラッシュ GH/TA-MCR40W エスティマ（1MZ-FE（NA）00/01-06/01）：ＰＡＲＴＳ,通信販売通販ショッピングオンラインショッピング買い物プレゼントギフト贈り物贈答品お中元お歳暮お買い得ヘッドライトテールライトコーナーライトサイドマーカーカーボンアンテナドアミラーエアロメーターパネルリップスポイラーウイングホイールカバーペダル車高調ブレーキドライブレコーダーワイパーグリルボンネットローダウンTRUST(トラスト) コンフォートスポーツGTスラッシュ GH/TA-MCR40W エスティマ（1MZ-FE（NA）00/01-06/01）,　。TRUST(トラスト) コンフォートスポーツGTスラッシュ GH/TA-MCR40W エスティマ（1MZ-FE（NA）00/01-06/01）[rn]
10-163831,http://tshop.r10s.jp/parts/cabinet/detail-aa49/aa49-excsgt.jpg?fitin=700:700,32928.0000,,車用品・バイク用品 > カー用品 > 排気系パーツ > マフラー > トヨタ用,TRUST(トラスト) コンフォートスポーツGTスラッシュ GH/TA/UA/CBA/DBA-ACR40W エスティマ（2AZ-FE（NA）00/01-06/01）,,スタイリッシュ/スポーツをテーマに車のデザインを引き立てるフォルムを演出。車種別に専用設計を行い、パフォーマンスをアップ。オールステンレス製、バフ仕上げによる高級感と耐久性を両立。大型サイレンサーを採用し快適性を損なわない心地よいサウンドとローダウン時のロードクリアランスを確保。 <br>テールエンド部にチタニウム素材独特のヒートグラデーションを採用。安心のJASMA認定マフラーです。text by safe<br>テール：115パイ　メインパイプ：60パイ　分割数：1　音量：91db　材質：オールステンレス製 <br>対応車種：GH/TA/UA/CBA/DBA-ACR40W エスティマ <br>　車検対応品<br>排気系/マフラー,TRUST(トラスト) コンフォートスポーツGTスラッシュ GH/TA/UA/CBA/DBA-ACR40W エスティマ（2AZ-FE（NA）00/01-06/01）：ＰＡＲＴＳ,通信販売通販ショッピングオンラインショッピング買い物プレゼントギフト贈り物贈答品お中元お歳暮お買い得ヘッドライトテールライトコーナーライトサイドマーカーカーボンアンテナドアミラーエアロメーターパネルリップスポイラーウイングホイールカバーペダル車高調ブレーキドライブレコーダーワイパーグリルボンネットローダウンTRUST(トラスト) コンフォートスポーツGTスラッシュ GH/TA/UA/CBA/DBA-ACR40W エスティマ（2AZ-FE（NA）00/01-06/01）,　。TRUST(トラスト) コンフォートスポーツGTスラッシュ GH/TA/UA/CBA/DBA-ACR40W エスティマ（2AZ-FE（NA）00/01-06/01）[rn]
10-163832,http://tshop.r10s.jp/parts/cabinet/detail-aa49/aa49-excsgt.jpg?fitin=700:700,35616.0000,,車用品・バイク用品 > カー用品 > 排気系パーツ > マフラー > トヨタ用,TRUST(トラスト) コンフォートスポーツGTスラッシュ DBA-ANH20W ヴェルファイア（2AZ-FE（NA）08/08-）,,スタイリッシュ/スポーツをテーマに車のデザインを引き立てるフォルムを演出。車種別に専用設計を行い、パフォーマンスをアップ。オールステンレス製、バフ仕上げによる高級感と耐久性を両立。大型サイレンサーを採用し快適性を損なわない心地よいサウンドとローダウン時のロードクリアランスを確保。 <br>テールエンド部にチタニウム素材独特のヒートグラデーションを採用。安心のJASMA認定マフラーです。text by safe<br>テール：115パイ　メインパイプ：60パイ　分割数：1　音量：db　材質：オールステンレス製 <br>対応車種：DBA-ANH20W ヴェルファイア <br>　車検対応品<br>排気系/マフラー,TRUST(トラスト) コンフォートスポーツGTスラッシュ DBA-ANH20W ヴェルファイア（2AZ-FE（NA）08/08-）：ＰＡＲＴＳ,通信販売通販ショッピングオンラインショッピング買い物プレゼントギフト贈り物贈答品お中元お歳暮お買い得ヘッドライトテールライトコーナーライトサイドマーカーカーボンアンテナドアミラーエアロメーターパネルリップスポイラーウイングホイールカバーペダル車高調ブレーキドライブレコーダーワイパーグリルボンネットローダウンTRUST(トラスト) コンフォートスポーツGTスラッシュ DBA-ANH20W ヴェルファイア（2AZ-FE（NA）08/08-）,　。TRUST(トラスト) コンフォートスポーツGTスラッシュ DBA-ANH20W ヴェルファイア（2AZ-FE（NA）08/08-）[rn]
10-163833,http://tshop.r10s.jp/parts/cabinet/detail-aa09/aa09-prh-003.jpg?fitin=700:700,42000.0000,,車用品・バイク用品 > カー用品 > 排気系パーツ > マフラー > トヨタ用,5ZIGEN プロレーサー Aスペック マフラー DBA-NCP91 ヴィッツ RS,,サーキットの鼓動がストリートにこだまするプロ仕様の排気システム。オールステンレスのボディーとテールエンドには「インコネル」（ニッケル素材の超耐熱合金）を採用。中高速域を重視したパイプレイアウトと爽快な抜けの良い高音域のエキゾーストが最大の特徴です。もちろんJASMA認定車検対応品。  <br><br>●メインパイプ素材：SUS436（1.2mm厚）オールステンレス  ●テールエンド素材：SUS304＆インコネル600 ●パイプ径：50.8パイ ●サイレンサー径：125パイ→90パイ ●JASMA認定品 <br><br>※遮熱版の加工要  <br><br>H17/2～ DBA-NCP91 ヴィッツ RS 1NZ-FE  <br><br>　車検対応品 <br><br>排気系/マフラー,5ZIGEN プロレーサー Aスペック マフラー DBA-NCP91 ヴィッツ RS：ＰＡＲＴＳ,通信販売通販ショッピングオンラインショッピング買い物プレゼントギフト贈り物贈答品お中元お歳暮お買い得ヘッドライトテールライトコーナーライトサイドマーカーカーボンアンテナドアミラーエアロメーターパネルリップスポイラーウイングホイールカバーペダル車高調ブレーキドライブレコーダーワイパーグリルボンネットローダウン5ZIGEN プロレーサー Aスペック マフラー DBA-NCP91 ヴィッツ RS,　。5ZIGEN プロレーサー Aスペック マフラー DBA-NCP91 ヴィッツ RS[rn]
10-163834,http://tshop.r10s.jp/parts/cabinet/detail-aa73/aa73-ex10189.jpg?fitin=700:700,23576.0000,,車用品・バイク用品 > カー用品 > 排気系パーツ > マフラー > トヨタ用,DangunRacing スポーツマフラー HM2 NCP81G シエンタ,,高性能・高品質の国内生産品でありながら、リーズナブルなプライスでのラインナップを実現。飽きのこないベーシックなデザインが魅力です。※受注生産につき、納期　約３～４週間 <br><br>テール：100パイ タイコ：125パイ メインパイプ：50.8パイ 出方：ストレート　　※画像はイメージです<br><br>2WD専用 エアログレード不可 <br><br>対応車種：NCP81G シエンタ 03/9～ (1NZ-FE) <br><br>保安基準適合品<br><br>排気系/マフラー,DangunRacing スポーツマフラー HM2 NCP81G シエンタ：ＰＡＲＴＳ,通信販売通販ショッピングオンラインショッピング買い物プレゼントギフト贈り物贈答品お中元お歳暮お買い得ヘッドライトテールライトコーナーライトサイドマーカーカーボンアンテナドアミラーエアロメーターパネルリップスポイラーウイングホイールカバーペダル車高調ブレーキドライブレコーダーワイパーグリルボンネットローダウンDangunRacing スポーツマフラー HM2 NCP81G シエンタ,【代金引換利用不可】　。DangunRacing スポーツマフラー HM2 NCP81G シエンタ[rn]
10-163835,http://tshop.r10s.jp/parts/cabinet/detail-aa64/aa64-kmkeb.jpg?fitin=700:700,35360.0000,,車用品・バイク用品 > カー用品 > 排気系パーツ > マフラー > トヨタ用,柿本改(カキモト) KRNOBLE ELLISSE（クリスタルAB） 01/11～07/6 TA/CBA/DBA-AZR60G ヴォクシー/ノア Z/S,,120mm×80mmのオーバルテールは、厚すぎず薄すぎない絶妙なバランス。高級感あふれるエレガントさの中にもスポーティーさが見え隠れするスタイルは、カキモトレーシングならではの仕上がり。Ellisseテールは地上高の確保の面でも有利で非常に乗りやすいのが特徴です。また付属のロジウムコートされたグラマラスな厚みのロゴプレートには、オーストリアのスワロフスキー社製クリスタルが贅沢にセッティングされています。 <br>●材質：オールステンレス ●パイプ径（パイ）： 60 ●タイコ径（パイ）：- ●テール径（パイ）：120-80 ●出口：S(右) ●リアピースのみ ●クリスタルロゴプレート付属 ●クリスタルカラー：クリスタルAB<br>【納期】お取り寄せ商品のため通常3～4日でのお届けとなります。(日・祝日は除く)万が一欠品の場合は別途メールにてご連絡差し上げます。  <br>対応車種：01/11～07/6 TA/CBA/DBA-AZR60G ヴォクシー/ノア Z/S エアロバンパーグレード (2WD) エンジン型式：1AZ-FSE <br>　保安基準適合品（JASMA認定）<br>排気系/マフラー<br>※送料は地域や配達場所によって変わりますが、6000円～12000円程度が目安となります。,柿本改(カキモト) KRNOBLE ELLISSE（クリスタルAB） 01/11～07/6 TA/CBA/DBA-AZR60G ヴォクシー/ノア Z/S：ＰＡＲＴＳ,通信販売通販ショッピングオンラインショッピング買い物プレゼントギフト贈り物贈答品お中元お歳暮お買い得ヘッドライトテールライトコーナーライトサイドマーカーカーボンアンテナドアミラーエアロメーターパネルリップスポイラーウイングホイールカバーペダル車高調ブレーキドライブレコーダーワイパーグリルボンネットローダウン柿本改(カキモト) KRNOBLE ELLISSE（クリスタルAB） 01/11～07/6 TA/CBA/DBA-AZR60G ヴォクシー/ノア Z/S,送料についてはお問い合わせ下さい。柿本改(カキモト) KRNOBLE ELLISSE（クリスタルAB） 01/11～07/6 TA/CBA/DBA-AZR60G ヴォクシー/ノア Z/S[rn]
10-163836,http://tshop.r10s.jp/parts/cabinet/detail-aa73/aa73-ex10342.jpg?fitin=700:700,35928.8000,,車用品・バイク用品 > カー用品 > 排気系パーツ > マフラー > トヨタ用,DangunRacing スポーツマフラーGT タイプH オールステン / JZX80 スープラ ターボ,,高性能・高品質の国内生産品でありながら、リーズナブルなプライスでのラインナップを実現。飽きのこないベーシックなデザインが魅力です。※受注生産につき、納期　約３～４週間 <br><br>テール：100パイ タイコ：125パイ メインパイプ：76.3パイ 出方：斜め　　※画像はイメージです<br><br>ターボ <br><br>対応車種：JZA80 スープラ ターボ 93/05～97/08(2JZ-GTE) <br><br>保安基準適合品<br><br>排気系/マフラー,DangunRacing スポーツマフラーGT タイプH オールステン / JZX80 スープラ ターボ：ＰＡＲＴＳ,通信販売通販ショッピングオンラインショッピング買い物プレゼントギフト贈り物贈答品お中元お歳暮お買い得ヘッドライトテールライトコーナーライトサイドマーカーカーボンアンテナドアミラーエアロメーターパネルリップスポイラーウイングホイールカバーペダル車高調ブレーキドライブレコーダーワイパーグリルボンネットローダウンDangunRacing スポーツマフラーGT タイプH オールステン / JZX80 スープラ ターボ,【代金引換利用不可】　。DangunRacing スポーツマフラーGT タイプH オールステン / JZX80 スープラ ターボ[rn]
10-163837,http://tshop.r10s.jp/parts/cabinet/detail-aa64/aa64-kmked.jpg?fitin=700:700,32640.0000,,車用品・バイク用品 > カー用品 > 排気系パーツ > マフラー > トヨタ用,柿本改(カキモト) KRNOBLE ELLISSE（ジョンキル） 02/5～08/5 UA/CBA/DBA-ANH10W アルファード AX,,120mm×80mmのオーバルテールは、厚すぎず薄すぎない絶妙なバランス。高級感あふれるエレガントさの中にもスポーティーさが見え隠れするスタイルは、カキモトレーシングならではの仕上がり。Ellisseテールは地上高の確保の面でも有利で非常に乗りやすいのが特徴です。また付属のロジウムコートされたグラマラスな厚みのロゴプレートには、オーストリアのスワロフスキー社製クリスタルが贅沢にセッティングされています。 <br>●材質：オールステンレス ●パイプ径（パイ）： 60 ●タイコ径（パイ）：- ●テール径（パイ）：120-80 ●出口：S(右) ●リアピースのみ ●クリスタルロゴプレート付属 ●クリスタルカラー：ジョンキル<br>【注意事項】（1）車輌型式[UA/CBA/DBA-ANH10W・CBA/DBA-ANH15W]はJASMA未認定   【納期】お取り寄せ商品のため通常3～4日でのお届けとなります。(日・祝日は除く)万が一欠品の場合は別途メールにてご連絡差し上げます。 <br>対応車種：02/5～08/5 UA/CBA/DBA-ANH10W アルファード AX (2WD) エンジン型式：2AZ-FE <br>　保安基準適合品（JASMA認定）<br>排気系/マフラー<br>※送料は地域や配達場所によって変わりますが、6000円～12000円程度が目安となります。,柿本改(カキモト) KRNOBLE ELLISSE（ジョンキル） 02/5～08/5 UA/CBA/DBA-ANH10W アルファード AX：ＰＡＲＴＳ,通信販売通販ショッピングオンラインショッピング買い物プレゼントギフト贈り物贈答品お中元お歳暮お買い得ヘッドライトテールライトコーナーライトサイドマーカーカーボンアンテナドアミラーエアロメーターパネルリップスポイラーウイングホイールカバーペダル車高調ブレーキドライブレコーダーワイパーグリルボンネットローダウン柿本改(カキモト) KRNOBLE ELLISSE（ジョンキル） 02/5～08/5 UA/CBA/DBA-ANH10W アルファード AX,送料についてはお問い合わせ下さい。柿本改(カキモト) KRNOBLE ELLISSE（ジョンキル） 02/5～08/5 UA/CBA/DBA-ANH10W アルファード AX[rn]
10-163838,http://tshop.r10s.jp/parts/cabinet/detail-aa09/aa09-bod1101-1.jpg?fitin=700:700,41600.0000,,車用品・バイク用品 > カー用品 > 排気系パーツ > マフラー > トヨタ用,5ZIGEN BORDER S マフラー TA-AZR60G ノア 標準バンパー車,,車種別にテールエンドのベストマッチングを実現 ！性能を一切低下させることなく最適な排気レイアウトを導き出し、車種別にテール形状を変化させ、厳格なJASMA基準もクリアしています。リーズナブルながらもそのクオリティーには一切の妥協なし！  <br><br>●メインパイプ素材：SUS436ステンレス ●パイプ径：60.5パイ ●サイレンサー径：105x70 オーバル ●JASMA認定品 <br><br>※標準バンパー車専用  <br><br>適合車種：H13/11～H16/8 TA-AZR60G ノア  1AZ-FSE  <br><br>　車検対応品 <br><br>排気系/マフラー,5ZIGEN BORDER S マフラー TA-AZR60G ノア 標準バンパー車：ＰＡＲＴＳ,通信販売通販ショッピングオンラインショッピング買い物プレゼントギフト贈り物贈答品お中元お歳暮お買い得ヘッドライトテールライトコーナーライトサイドマーカーカーボンアンテナドアミラーエアロメーターパネルリップスポイラーウイングホイールカバーペダル車高調ブレーキドライブレコーダーワイパーグリルボンネットローダウン5ZIGEN BORDER S マフラー TA-AZR60G ノア 標準バンパー車,　。5ZIGEN BORDER S マフラー TA-AZR60G ノア 標準バンパー車[rn]
10-163839,http://tshop.r10s.jp/emuzuparts/cabinet/04061135/04617852/imgrc0098753707.jpg?fitin=700:700,98160.0000,,車用品・バイク用品 > カー用品 > 排気系パーツ > マフラー > トヨタ用,【M's】 プリウス α 両側4本出し マフラー Type-II ZVW40/41 前期・後期 共通 オールステンレス／チタンカラーテール ／ ROWEN ／ ロウェン エアロ ／／ MS 前 後／ 1T005Z06T TOYOTA PRIUS a alpha アルファ トヨタ,,"【商品詳細】<BR><BR>
● 全車種、車輛情報【年式／グレード】にて適合確認が必要です。弊社までお問い合わせください。<BR><BR>

※ 価格には塗装・取付工賃は含まれておりません。<BR>
※ メーカーの都合により予告なしに価格が変更になる場合がございます。<BR>
※ 画像はサンプルの場合がございます。<BR>
※ 合計金額は『商品代金』＋『消費税』＋『送料』となります。<BR>
※ 納期は受注生産のため約4～8週間程度かかります。<BR><BR>

● 価格は税別/送料別（送料一律： 10,000円 ※ 北海道・沖縄・離島は別途お見積）<BR><BR>

【メーカー】<BR>
- ROWEN ／ ロウェン<BR><BR>

【商品名】<BR>
- PREMIUM01S 両側4本出し マフラー Type-II<BR><BR>

【対応車種】<BR>
‐ トヨタ プリウスα 前期・後期 共通 <BR><BR>

【商品説明】<BR>
◎ テールスライドあり<BR>
◎ オールステンレス／チタンカラーテール<BR>
◎ メインパイプ径：φ50mm／テール径：φ95 x 70mm（オーバル形状）<BR>
◎ 近接騒音：86db／加速走行騒音：78db／保安基準適合<BR>
◎ 触媒から後ろの「リアピースタイプ」となります。<BR><BR>

【マフラーType-II価格／素材別】<BR>
（ハーフステンレス）テールスライドなし（税別： 75,000円）<BR>
（ハーフステンレス）テールスライドあり（税別： 88,000円）<BR>
＞<BR>
（ハーフステン／チタンカラーテール）テールスライドあり（税別： 100,000円）<BR>
＞<BR>
（オールステンレス）テールスライドなし（税別： 105,000円）<BR>
（オールステンレス）テールスライドあり（税別： 120,000円）<BR>
＞<BR>
（オールステン／チタンカラーテール）テールスライドなし（税別： 117,000円）<BR>
（オールステン／チタンカラーテール）テールスライドあり（税別： 132,000円）※本品<BR><BR>

※ ROWENリアハーフスポイラーと同時装着の場合は「テールスライドあり」を推奨いたします。<BR><BR>

【デモカー装着パーツ】<BR>
STYLE KIT／RRボンネットフード／RRフロントフェンダー／ルーフスポイラー／LEDブリリアントテールランプ／LEDバックフォグ／PREMIUM01S 両側4本出しマフラー TYPE-2（テールスライド付チタンテール）<BR><BR>

※ デモカーはイメージのため塗り分け塗装を施しています。<BR>
※ 製品に付属するネットの色はアルミ地（シルバー）になります。デモカーはブラックに塗装しています。<BR><BR>

【キット】<BR>
‐ STYLE KIT<BR>
（FRP）未塗装（税別： 170,000円）<BR>
＞<BR>
‐ PREMIUM STYLE KIT<BR>
（FRP＋Wet Carbon）未塗装（税別： 225,000円）<BR><BR>

【単品パーツ】<BR>
‐ フロントスポイラー（LEDスポット付）<BR>
（FRP）未塗装（税別： 60,000円）<BR>
＞<BR>
‐ RRボンネットフード<BR>
（FRP）未塗装（税別： 125,000円）<BR>
＞<BR>
‐ RRフロントフェンダー<BR>
（FRP）未塗装（税別： 115,000円）<BR>
＞<BR>
‐ RRボンネットフード＋RRフロントフェンダー<BR>
（FRP）未塗装（税別： 235,000円）<BR>
＞<BR>
‐ サイドステップ<BR>
（FRP）未塗装（税別： 62,000円）<BR>
＞<BR>
‐ サイドアンダーフラップ<BR>
（FRP）未塗装（税別： 30,000円）<BR>
＞<BR>
‐ リアハーフスポイラー<BR>
（FRP）未塗装（税別： 69,000円）<BR>
＞<BR>
‐ ルーフスポイラー<BR>
（FRP）未塗装（税別： 52,000円）<BR><BR>

◎ 塗装・カーボン仕様などの設定がある商品もございます。詳しくは弊社までお問合せください。<BR><BR>

【LED製品】<BR>
‐ LEDブリリアントテールランプ（税別： 45,000円）<BR>
◎ レンズ：ライトスモーク／リム：ブラック／インナー：レッドクローム<BR>
＞<BR>
‐ LEDバックフォグ2（税別： 16,000円）<BR>
＞<BR>
‐ LEDバックフォグ／リレーキット付（税別： 24,000円）<BR><BR>

【ステアリング】<BR>
‐ レーシングステアリング（税別： 59,000円）<BR>
◎ カーボン＋ウルトラスエード",【M's】 プリウス α 両側4本出し マフラー Type-II ZVW40/41 前期・後期 共通 オールステンレス／チタンカラーテール ／ ROWEN ／ ロウェン エアロ ／／ MS 前 後／ 1T005Z06T TOYOTA PRIUS a alpha アルファ トヨタ：エムズパーツshop　楽天市場店,通信販売通販ショッピングオンラインショッピング買い物プレゼントギフト贈り物贈答品お中元お歳暮お買い得エムズ鹿児島エムズインターナショナルメルセデスベンツベンツ部品BMW部品激安　ベンツ部品ゴルフ部品格安　ベンツ部品ポルシェ部品ボルボ部品ベンツパーツAMG輸入車パーツブラバスエアマスセンサーBRABUSラジエター　ラジエーターロリンザー【M's】 プリウス α 両側4本出し マフラー Type-II ZVW40/41 前期・後期 共通 オールステンレス／チタンカラーテール ／ ROWEN ／ ロウェン エアロ ／／ MS 前 後／ 1T005Z06T TOYOTA PRIUS a alpha アルファ トヨタ,【M's】 プリウス α 両側4本出し マフラー Type-II ZVW40/41 前期・後期 共通 オールステンレス／チタンカラーテール ／ ROWEN ／ ロウェン エアロ ／／ MS 前 後／ 1T005Z06T TOYOTA PRIUS a alpha アルファ トヨタ[rn]
10-163840,http://tshop.r10s.jp/emuzuparts/cabinet/04705545/imgrc0102065555.jpg?fitin=700:700,238400.0000,,車用品・バイク用品 > カー用品 > 排気系パーツ > マフラー > トヨタ用,【M's】プリウス 50 系 左右 4本出し チタン マフラー ／／ ROWEN PREMIUM01TR ／ ロエン ／ 保安基準適合 ／ トヨタ TOYOTA PRIUS ZVW 5# 1T022Z00TR,,"【商品詳細】<BR><BR>
● 全車種、車輛情報【年式／グレード】にて適合確認が必要です。弊社までお問い合わせください。<BR><BR>

※ 価格には塗装・取付工賃は含まれておりません。<BR>
※ メーカーの都合により予告なしに価格が変更になる場合がございます。<BR>
※ 画像はサンプルの場合がございます。<BR>
※ 合計金額は『商品代金』＋『消費税』＋『送料』となります。<BR>
※ 納期は受注生産のため約5～8週間程度かかります。<BR><BR>

● 価格は税別/送料別（送料一律： 9,000円 ※ 北海道・沖縄・離島は別途お見積）<BR><BR>

【メーカー】<BR>
- ROWEN（ロエン）<BR><BR>

【商品名】<BR>
- ECO-SPO Edition ／ PREMIUM01TR 4本出しチタンマフラー（オールチタン）<BR><BR>

【対応車種】<BR>
‐ トヨタ 50 プリウス（H27.12-）<BR><BR>

【商品説明】<BR>
◎ 2010年4月施工の交換用マフラー事前認証取得品（車検対応）<BR>
◎ 2WD / 4WD共通<BR>
◎ 純正リアバンパー・ROWENリアアンダースポイラー共に装着可能<BR>
◎ メインパイプ径：50φ／テール径：φ100（真円）<BR>
◎ 近接排気音：75db／加速走行騒音：74db<BR>
◎ 重量：8.6kg（純正は9.0kg）<BR><BR>

◎ オールステンレス仕様もございます（税別：＋130,000円）<BR><BR>

※ 画像のデモカーは「STYLE KIT」「スポットLEDアタッチメントセット」「アイラインガーニッシュ」「フロントフェイスエクステンション」「リアウイング」を装着しております。<BR>
※ 画像のデモカーはイメージのため塗り分け塗装を施しております。<BR><BR>

【キット価格】<BR>
‐ STYLE KIT<BR>
（FRP）未塗装（税別： 180,000円）<BR><BR>

【単品パーツ】<BR>
‐ フロントスポイラー<BR>
（FRP）未塗装（税別： 60,000円）<BR>
＞<BR>
‐ フロントフェイスエクステンション<BR>
（FRP）未塗装（税別： 19,000円）<BR>
（Wet carbon）クリア塗装済（税別： 40,000円）<BR>
＞<BR>
‐ アイラインガーニッシュ<BR>
（FRP）未塗装（税別： 15,000円）<BR>
（Wet Carbon）クリア塗装済（税別： 38,000円）<BR>
＞<BR>
‐ サイドステップ<BR>
（FRP）未塗装（税別： 59,000円）<BR>
＞<BR>
‐ リアアンダースポイラー<BR>
（FRP）未塗装（税別： 62,000円）<BR>
＞<BR>
‐ マフラーアタッチメント<BR>
（FRP）未塗装（税別： 16,000円）<BR>
＞<BR>
‐ リアウイング 5PCS<BR>
（FRP）未塗装（税別： 76,000円）<BR>
＞<BR>
‐ スポットLEDアタッチメントセット<BR>
（FRP）未塗装（税別： 24,800円）<BR><BR>

※ 各商品の塗装済み価格については弊社までお問い合わせください。<BR><BR>

【オプション】<BR>
‐ LEDバックフォグ Ver.II（税別： 16,000円）<BR>
＞<BR>
‐ LEDバックフォグ Ver.II リレーキット付（税別： 24,000円）",【M's】プリウス 50 系 左右 4本出し チタン マフラー ／／ ROWEN PREMIUM01TR ／ ロエン ／ 保安基準適合 ／ トヨタ TOYOTA PRIUS ZVW 5# 1T022Z00TR：エムズパーツshop　楽天市場店,通信販売通販ショッピングオンラインショッピング買い物プレゼントギフト贈り物贈答品お中元お歳暮お買い得エムズ鹿児島エムズインターナショナルメルセデスベンツベンツ部品BMW部品激安　ベンツ部品ゴルフ部品格安　ベンツ部品ポルシェ部品ボルボ部品ベンツパーツAMG輸入車パーツブラバスエアマスセンサーBRABUSラジエター　ラジエーターロリンザー【M's】プリウス 50 系 左右 4本出し チタン マフラー ／／ ROWEN PREMIUM01TR ／ ロエン ／ 保安基準適合 ／ トヨタ TOYOTA PRIUS ZVW 5# 1T022Z00TR,【M's】プリウス 50 系 左右 4本出し チタン マフラー ／／ ROWEN PREMIUM01TR ／ ロエン ／ 保安基準適合 ／ トヨタ TOYOTA PRIUS ZVW 5# 1T022Z00TR[rn]
10-163841,http://tshop.r10s.jp/emuzuparts/cabinet/04705545/imgrc0099167297.jpg?fitin=700:700,136880.0000,,車用品・バイク用品 > カー用品 > 排気系パーツ > マフラー > トヨタ用,【M's】 ランクル 200 中期・後期（H24.1-）両側 4本出し マフラー ／ ROWEN ／ ロエン／／ PREMIUM01S オールステンレス テールスライド式 ／ トヨタ ランドクルーザー TOYOTA LAND CRUISER CBA-URJ202W GX AX ZX ／ 1T011Z01 左右 デュアル ツイン オーバル テール,,"【商品詳細】<BR><BR>
● 全車種、車輛情報【年式／グレード】にて適合確認が必要です。弊社までお問い合わせください。<BR><BR>

※ 価格には塗装・取付工賃は含まれておりません。<BR>
※ メーカーの都合により予告なしに価格が変更になる場合がございます。<BR>
※ 画像はサンプルの場合がございます。<BR>
※ 合計金額は『商品代金』＋『消費税』＋『送料』となります。<BR>
※ 納期は受注生産のため約4～6週間程度かかります。<BR><BR>

● 価格は税別/送料別（送料一律： 9,000円 ※ 北海道・沖縄・離島は別途お見積）<BR><BR>

【メーカー】<BR>
- ROWEN ／ ロエン<BR><BR>

【商品名】<BR>
- PREMIUM01S 両側4本出しマフラー（オールステンレス）<BR><BR>

【対応車種】<BR>
‐ トヨタ ランドクルーザー200 中期・後期（平成24年1月～）<BR><BR>

※ 後期のGX（5人乗り）を除きます。<BR><BR>

【商品説明】<BR>
◎ オールステンレス（SUS304）<BR>
◎ メインパイプ径：φ76mm ／ テール径：φ120 x 80mm（オーバル形状）<BR>
◎ 近接排気音：83db ／ 加速走行騒音：78db<BR>
◎ テールスライド幅：50mm<BR>
◎ 保安基準適合（2010年4月施行の交換用マフラー事前認証取得品）<BR>
◎ 純正リアバンパー及びROWENリアハーフスポイラーのどちらにも装着可能です。<BR>
◎ チタンテール仕様もございます。（税別：＋30,000円）<BR>
※ 中期・後期をご指定ください。<BR><BR>

※ 画像のデモカーはイメージのため塗り分け塗装を施しております。<BR><BR>

【フロント・サイド・リア3点キット】<BR>
‐ STYLE KIT A（ハロゲンフォグ付）<BR>
（ABS＋FRP）未塗装（税別： 265,000円）<BR>
＞<BR>
‐ STYLE KIT B（LEDフォグ付）<BR>
（ABS＋FRP）未塗装（税別： 295,000円）<BR>
＞<BR>
‐ STYLE KIT C（フォグなし）<BR>
（ABS＋FRP）未塗装（税別： 247,000円）<BR><BR>

【パーツ】<BR>
‐ フロントハーフスポイラー（ハロゲンフォグ付）<BR>
（ABS）未塗装（税別： 118,000円）<BR>
＞<BR>
‐ フロントハーフスポイラー（LEDフォグ付）<BR>
（ABS）未塗装（税別： 148,000円）<BR>
＞<BR>
‐ フロントハーフスポイラー（フォグなし）<BR>
（ABS）未塗装（税別： 100,000円）<BR>
＞<BR>
‐ フロントグリル<BR>
（ABS）未塗装（税別： 48,000円）<BR>
＞<BR>
‐ サイドステップ<BR>
（FRP）未塗装（税別： 79,000円）<BR>
＞<BR>
‐ リアハーフスポイラー<BR>
（FRP）未塗装（税別： 75,000円）<BR>
＞<BR>
‐ リアゲートスポイラー<BR>
（FRP）未塗装（税別： 60,000円）<BR><BR>

● 各製品の塗装済み価格についてはお問合せください。<BR><BR>

【バックフォグ】<BR>
‐ LEDバックフォグ Ver.II（税別： 16,000円）",【M's】 ランクル 200 中期・後期（H24.1-）両側 4本出し マフラー ／ ROWEN ／ ロエン／／ PREMIUM01S オールステンレス テールスライド式 ／ トヨタ ランドクルーザー TOYOTA LAND CRUISER CBA-URJ202W GX AX ZX ／ 1T011Z01 左右 デュアル ツイン オーバル テール：エムズパーツshop　楽天市場店,通信販売通販ショッピングオンラインショッピング買い物プレゼントギフト贈り物贈答品お中元お歳暮お買い得エムズ鹿児島エムズインターナショナルメルセデスベンツベンツ部品BMW部品激安　ベンツ部品ゴルフ部品格安　ベンツ部品ポルシェ部品ボルボ部品ベンツパーツAMG輸入車パーツブラバスエアマスセンサーBRABUSラジエター　ラジエーターロリンザー【M's】 ランクル 200 中期・後期（H24.1-）両側 4本出し マフラー ／ ROWEN ／ ロエン／／ PREMIUM01S オールステンレス テールスライド式 ／ トヨタ ランドクルーザー TOYOTA LAND CRUISER CBA-URJ202W GX AX ZX ／ 1T011Z01 左右 デュアル ツイン オーバル テール,【M's】 ランクル 200 中期・後期（H24.1-）両側 4本出し マフラー ／ ROWEN ／ ロエン／／ PREMIUM01S オールステンレス テールスライド式 ／ トヨタ ランドクルーザー TOYOTA LAND CRUISER CBA-URJ202W GX AX ZX ／ 1T011Z01 左右 デュアル ツイン オーバル テール[rn]
10-163842,http://tshop.r10s.jp/emuzuparts/cabinet/04061135/04617852/imgrc0098730392.jpg?fitin=700:700,90000.0000,,車用品・バイク用品 > カー用品 > 排気系パーツ > マフラー > トヨタ用,【M's】 マーク X G's 両側 4本出し マフラー ／ ROWEN ／ ロウェン ／／ オールステンレス ／ TOYOTA MARK X Gs GRX 130／133 PREMIUM01S 1T010Z04 1T010Z02 トヨタ ジーズ ジーエス ジース,,"【商品詳細】<BR><BR>
● 全車種、車輛情報【年式／グレード】にて適合確認が必要です。弊社までお問い合わせください。<BR><BR>

※ 価格には塗装・取付工賃は含まれておりません。<BR>
※ メーカーの都合により予告なしに価格が変更になる場合がございます。<BR>
※ 画像はサンプルの場合がございます。<BR>
※ 合計金額は『商品代金』＋『消費税』＋『送料』となります。<BR>
※ 納期は受注生産のため約3～6週間程度かかります。<BR><BR>

● 価格は税別/送料別（送料一律： 8,000円 ※ 北海道・沖縄・離島は別途お見積）<BR><BR>

【メーカー】<BR>
- ROWEN ／ ロウェン<BR><BR>

【商品名】<BR>
- PREMIUM Edition ／ PREMIUM01S 両側4本出しマフラー（オールステンレス）<BR><BR>

【対応車種】<BR>
‐ トヨタ マーク X G's（平成24年8月～)<BR><BR>

【商品説明】<BR>
‐ PREMIUM01S 両側4本出しマフラー<BR>
◎ 2.5L／3.5L 各種ございます。<BR>
・ハーフステンレス（税別： 95,000円）<BR>
・オールステンレス（税別： 120,000円）※本品<BR>
・ハーフステン／チタンテール（税別： 123,000円）<BR>
・オールステン／チタンテール（税別： 148,000円）<BR>
◎ 保安基準適合品<BR>
◎ メインパイプ径：φ60mm／テール径：φ100mm<BR>
◎ 近接排気音：80db／加速走行騒音：77db<BR>
※ 画像のマフラーは「オールステン／チタンテール」になります。<BR><BR>

【ご注意】<BR>
● 画像のデモカーは「STYLE KIT」のほか、下記のオプションパーツを装着した車両が含まれます。<BR>
・フロントマスク・リアウイング・PREMIUM01S 両側4本出しマフラー（チタンテール）<BR>
● デモカーはイメージのため塗り分け塗装を施しております。<BR><BR>

【キット】<BR>
‐ STYLE KIT<BR>
（FRP）未塗装（税別： 167,000円）<BR>
＞<BR>
‐ PREMIUM STYLE KIT<BR>
（FRP＋Wet Carbon）未塗装（税別： 232,000円）<BR><BR>

【単品パーツ】<BR>
‐ フロントリップスポイラー<BR>
（FRP）未塗装（税別： 58,000円）<BR>
＞<BR>
‐ フロントマスク<BR>
（FRP）未塗装（税別： 28,000円）<BR>
＞<BR>
‐ サイドステップ<BR>
（FRP）未塗装（税別： 60,000円）<BR>
＞<BR>
‐ リアディフューザー<BR>
（FRP）未塗装（税別： 55,000円）<BR>
＞<BR>
‐ リアウイング<BR>
（FRP）未塗装（税別： 90,000円）<BR><BR>

◎ カーボン仕様の設定・塗装済み設定もございます。価格については弊社までお問い合わせください。<BR><BR>

【LED】<BR>
‐ LEDバックフォグ（税別： 34,000円）<BR>
＞<BR>
‐ LEDバックフォグ／リレーキット付（税別： 42,000円）",【M's】 マーク X G's 両側 4本出し マフラー ／ ROWEN ／ ロウェン ／／ オールステンレス ／ TOYOTA MARK X Gs GRX 130／133 PREMIUM01S 1T010Z04 1T010Z02 トヨタ ジーズ ジーエス ジース：エムズパーツshop　楽天市場店,通信販売通販ショッピングオンラインショッピング買い物プレゼントギフト贈り物贈答品お中元お歳暮お買い得エムズ鹿児島エムズインターナショナルメルセデスベンツベンツ部品BMW部品激安　ベンツ部品ゴルフ部品格安　ベンツ部品ポルシェ部品ボルボ部品ベンツパーツAMG輸入車パーツブラバスエアマスセンサーBRABUSラジエター　ラジエーターロリンザー【M's】 マーク X G's 両側 4本出し マフラー ／ ROWEN ／ ロウェン ／／ オールステンレス ／ TOYOTA MARK X Gs GRX 130／133 PREMIUM01S 1T010Z04 1T010Z02 トヨタ ジーズ ジーエス ジース,【M's】 マーク X G's 両側 4本出し マフラー ／ ROWEN ／ ロウェン ／／ オールステンレス ／ TOYOTA MARK X Gs GRX 130／133 PREMIUM01S 1T010Z04 1T010Z02 トヨタ ジーズ ジーエス ジース[rn]
10-163843,http://tshop.r10s.jp/emuzuparts/cabinet/04705545/imgrc0099379847.jpg?fitin=700:700,130000.0000,,車用品・バイク用品 > カー用品 > 排気系パーツ > マフラー > トヨタ用,【M's】 86 ／ BRZ（H24.4-）左右2本出し チタン マフラー 純正バンパー対応 ／ ROWEN／ロエン ／／ 保安基準適合 ／ トヨタ TOYOTA DBA-ZN6／スバル SUBARU DBA-ZC6 ／ 1T009Z02TR ／ 2.0 G／GT／S／R ヒートブルー PREMIUM01TR,,"【商品詳細】<BR><BR>
● 全車種、車輛情報【年式／グレード】にて適合確認が必要です。弊社までお問い合わせください。<BR><BR>

※ 価格には塗装・取付工賃は含まれておりません。<BR>
※ メーカーの都合により予告なしに価格が変更になる場合がございます。<BR>
※ 画像はサンプルの場合がございます。<BR>
※ 合計金額は『商品代金』＋『消費税』＋『送料』となります。<BR>
※ 納期は受注生産のため約4～6週間程度かかります。<BR><BR>

● 価格は税別/送料別（送料一律： 8,000円 ※ 北海道・沖縄・離島は別途お見積）<BR><BR>

【メーカー】<BR>
‐ ROWEN／ロエン<BR><BR>

【商品名】<BR>
‐ PREMIUM01TR『HEAT BLUE TITAN』左右2本出しマフラー（チタン）<BR><BR>

【対応車種】<BR>
‐ トヨタ 86（ZN6）／スバル BRZ（ZC6）共通<BR><BR>

【仕様】<BR>
‐ 素材：フルチタン製<BR>
‐ リアピースのみ<BR>
‐ 純正バンパー対応<BR>
‐ メインパイプ径：φ60.5mm ／ テール径：φ120mm<BR>
‐ 近接排気音：88db ／ 加速走行騒音：75db<BR>
‐ 重量：6.4kg（純正：12.6kg）<BR>
‐ 保安基準適合<BR><BR>

※ブルー発色部分を洗車時などに強くこするとくすみ等の原因になりますので必ず柔らかい布等で汚れをふき取ってください。<BR><BR>

【OTHER EXHAUST】<BR>
‐ センターパイプ／チタン製（税別： 110,000円）<BR>
＞<BR>
‐ 左右2本出し（リアピース）・純正バンパー対応<BR>
（競技用）フルチタン製（税別： 170,000円）<BR>
（保安基準適合）フルチタン製（税別： 170,000円）※本品<BR>
＞<BR>
‐ 左右2本出し（リアピース＋センターパイプ）・純正バンパー対応<BR>
（競技用）フルチタン製（税別： 250,000円）<BR>
（保安基準適合）フルチタン製（税別： 250,000円）<BR>
＞<BR>
‐ 両側4本出し（リアピース）・ROWENバンパー対応<BR>
（保安基準適合）オールステンレス（税別： 123,000円）<BR>
（保安基準適合）ステンレス／チタンテール（税別： 143,000円）<BR>
（競技用）フルチタン製（税別： 228,000円）<BR>
（保安基準適合）フルチタン製（税別： 228,000円）<BR>
＞<BR>
‐ 両側4本出し（リアピース＋センターパイプ）・ROWENバンパー対応<BR>
（競技用）フルチタン製（税別： 308,000円）<BR>
（保安基準適合）フルチタン製（税別： 308,000円）<BR>
＞<BR>
‐ 両側4本出し（リアピース）・純正バンパー／TRDエアロ対応<BR>
（競技用）フルチタン製（税別： 228,000円）<BR>
（保安基準適合）フルチタン製（税別： 228,000円）<BR>
＞<BR>
‐ 両側4本出し（リアピース＋センターパイプ）・純正バンパー／TRDエアロ対応<BR>
（競技用）フルチタン製（税別： 308,000円）<BR>
（保安基準適合）フルチタン製（税別： 308,000円）<BR><BR>

※ 両側4本出し・純正バンパー／TRDエアロ対応マフラーを純正バンパーに装着の際は純正バンパーをカットする必要がございます。<BR>
※ 純正バンパーカット部分に適合する「リアアンダーエクステンション」の同時装着をおすすめします。<BR><BR>

【マフラー同時装着推奨エアロパーツ】<BR>
‐ リアアンダーエクステンション<BR>
（FRP）未塗装（税別： 40,000円）<BR>
＞<BR>
‐ リアバンパー<BR>
（FRP）未塗装（税別： 110,000円）<BR><BR>

※ 塗装済みやカーボン仕様が設定されています。詳しくは弊社までお問い合わせください。<BR><BR>

【その他】<BR>
‐ オリジナルステアリング<BR>
（アルカンターラ）3色設定あり（税別： 57,000円）<BR>
（カーボン×レザー）2色設定あり（税別： 65,000円）<BR>
＞<BR>
‐ LEDバックフォグランプ（税別： 30,000円）",【M's】 86 ／ BRZ（H24.4-）左右2本出し チタン マフラー 純正バンパー対応 ／ ROWEN／ロエン ／／ 保安基準適合 ／ トヨタ TOYOTA DBA-ZN6／スバル SUBARU DBA-ZC6 ／ 1T009Z02TR ／ 2.0 G／GT／S／R ヒートブルー PREMIUM01TR：エムズパーツshop　楽天市場店,通信販売通販ショッピングオンラインショッピング買い物プレゼントギフト贈り物贈答品お中元お歳暮お買い得エムズ鹿児島エムズインターナショナルメルセデスベンツベンツ部品BMW部品激安　ベンツ部品ゴルフ部品格安　ベンツ部品ポルシェ部品ボルボ部品ベンツパーツAMG輸入車パーツブラバスエアマスセンサーBRABUSラジエター　ラジエーターロリンザー【M's】 86 ／ BRZ（H24.4-）左右2本出し チタン マフラー 純正バンパー対応 ／ ROWEN／ロエン ／／ 保安基準適合 ／ トヨタ TOYOTA DBA-ZN6／スバル SUBARU DBA-ZC6 ／ 1T009Z02TR ／ 2.0 G／GT／S／R ヒートブルー PREMIUM01TR,【M's】 86 ／ BRZ（H24.4-）左右2本出し チタン マフラー 純正バンパー対応 ／ ROWEN／ロエン ／／ 保安基準適合 ／ トヨタ TOYOTA DBA-ZN6／スバル SUBARU DBA-ZC6 ／ 1T009Z02TR ／ 2.0 G／GT／S／R ヒートブルー PREMIUM01TR[rn]
10-163844,http://tshop.r10s.jp/emuzuparts/cabinet/04705545/imgrc0098930996.jpg?fitin=700:700,104000.0000,,車用品・バイク用品 > カー用品 > 排気系パーツ > マフラー > トヨタ用,【M's】 トヨタ プリウス 50 系 両側 4本出し マフラー ／ ステンレス SUS304 ／ ROWEN PREMIUM01S ／ ロウェン ／／ ECO-SPO Edition ／ 新型 TOYOTA PRIUS ZVW 5# 1T022Z00 デュアル ツイン テール 左右,,"【商品詳細】<BR><BR>
● 全車種、車輛情報【年式／グレード】にて適合確認が必要です。弊社までお問い合わせください。<BR><BR>

※ 価格には塗装・取付工賃は含まれておりません。<BR>
※ メーカーの都合により予告なしに価格が変更になる場合がございます。<BR>
※ 画像はサンプルの場合がございます。<BR>
※ 合計金額は『商品代金』＋『消費税』＋『送料』となります。<BR>
※ 納期は受注生産のため約4～8週間程度かかります。<BR><BR>

● 価格は税別/送料別（送料一律： 8,000円 ※ 北海道・沖縄・離島は別途お見積）<BR><BR>

【メーカー】<BR>
- ROWEN ／ ロウェン<BR><BR>

【商品名】<BR>
- ECO-SPO Edition ／ PREMIUM01S 両側4本出しマフラー（オールステンレス）<BR><BR>

【対応車種】<BR>
‐ トヨタ プリウス 50系（平成27年12月～) <BR><BR>

【商品説明】<BR>
◎ 2010年4月施工の交換用マフラー事前認証取得品<BR>
◎ 2WD / 4WD共通<BR>
◎ メインパイプ径：50.8φ／テール径：φ60（オーバル）<BR>
◎ 近接排気音：75db／加速走行騒音：74db<BR>
◎ 純正リアバンパーに装着可能<BR>
◎ チタンテール仕様もございます（税別：＋26,000円）<BR><BR>

※ 画像のデモカーは「STYLE KIT」のほか、「スポットLEDアタッチメントセット」「アイラインガーニッシュ」「フロントフェイスエクステンション」「リアウイング」「PREMIUM01S マフラー」を装着しております。<BR>
※ 画像のデモカーはイメージのため塗り分け塗装を施しております。<BR><BR>

【キット価格】<BR>
‐ STYLE KIT<BR>
（FRP）未塗装（税別： 180,000円）<BR>
＞<BR>
‐ PREMIUM STYLE KIT（デモカーの黒に塗り分けられた部分にカーボンが貼られます）<BR>
（FRP＋Wet carbon）未塗装（税別： 225,000円）<BR><BR>

【単品パーツ】<BR>
‐ フロントスポイラー<BR>
（FRP）未塗装（税別： 60,000円）<BR>
（FRP＋Wet carbon）未塗装（税別： 84,000円）<BR>
＞<BR>
‐ フロントフェイスエクステンション<BR>
（FRP）未塗装（税別： 19,000円）<BR>
（Wet carbon）クリア塗装済（税別： 40,000円）<BR>
＞<BR>
‐ アイラインガーニッシュ<BR>
（FRP）未塗装（税別： 15,000円）<BR>
（Wet Carbon）クリア塗装済（税別： 38,000円）<BR>
＞<BR>
‐ サイドステップ<BR>
（FRP）未塗装（税別： 59,000円）<BR>
（FRP＋Wet carbon）未塗装（税別： 82,000円）<BR>
＞<BR>
‐ リアアンダースポイラー<BR>
（FRP）未塗装（税別： 62,000円）<BR>
＞<BR>
‐ マフラーアタッチメント<BR>
（FRP）未塗装（税別： 16,000円）<BR>
＞<BR>
‐ リアウイング 5PCS<BR>
（FRP）未塗装（税別： 76,000円）<BR>
（FRP＋Wet carbon）未塗装（税別： 115,000円）<BR>
＞<BR>
‐ スポットLEDアタッチメントセット<BR>
（FRP）未塗装（税別： 24,800円）<BR><BR>

※ 各商品の塗装済み価格については弊社までお問い合わせください。<BR><BR>

【オプション】<BR>
‐ LEDバックフォグ Ver.II（税別： 16,000円）<BR>
＞<BR>
‐ LEDバックフォグ Ver.II リレーキット付（税別： 24,000円）",【M's】 トヨタ プリウス 50 系 両側 4本出し マフラー ／ ステンレス SUS304 ／ ROWEN PREMIUM01S ／ ロウェン ／／ ECO-SPO Edition ／ 新型 TOYOTA PRIUS ZVW 5# 1T022Z00 デュアル ツイン テール 左右：エムズパーツshop　楽天市場店,通信販売通販ショッピングオンラインショッピング買い物プレゼントギフト贈り物贈答品お中元お歳暮お買い得エムズ鹿児島エムズインターナショナルメルセデスベンツベンツ部品BMW部品激安　ベンツ部品ゴルフ部品格安　ベンツ部品ポルシェ部品ボルボ部品ベンツパーツAMG輸入車パーツブラバスエアマスセンサーBRABUSラジエター　ラジエーターロリンザー【M's】 トヨタ プリウス 50 系 両側 4本出し マフラー ／ ステンレス SUS304 ／ ROWEN PREMIUM01S ／ ロウェン ／／ ECO-SPO Edition ／ 新型 TOYOTA PRIUS ZVW 5# 1T022Z00 デュアル ツイン テール 左右,【M's】 トヨタ プリウス 50 系 両側 4本出し マフラー ／ ステンレス SUS304 ／ ROWEN PREMIUM01S ／ ロウェン ／／ ECO-SPO Edition ／ 新型 TOYOTA PRIUS ZVW 5# 1T022Z00 デュアル ツイン テール 左右[rn]
10-163845,http://tshop.r10s.jp/emuzuparts/cabinet/04061135/04617852/imgrc0098237147.jpg?fitin=700:700,92528.0000,,車用品・バイク用品 > カー用品 > 排気系パーツ > マフラー > トヨタ用,【M's】 ヴェルファイア 30 系 4本出し マフラー ／ ROWEN ／ ロウェン ／ PREMIUM01S JAPAN PREMIUM Edition ／／ 2.5L 3.5L ハイブリッド ／ トヨタ VELLFIRE （平成27年1月～） TOYOTA 1T018Z00 ／ 1T018Z20,,"【商品詳細】<BR><BR>
● 全車種、車輛情報【年式／グレード】にて適合確認が必要です。弊社までお問い合わせください。<BR><BR>

※ 価格には塗装・取付工賃は含まれておりません。<BR>
※ メーカーの都合により予告なしに価格が変更になる場合がございます。<BR>
※ 画像はサンプルの場合がございます。<BR>
※ 合計金額は『商品代金』＋『消費税』＋『送料』となります。<BR>
※ 納期は受注生産のため約4～6週間程度かかります。<BR><BR>

● 価格は税別/送料別（送料一律： 10,000円 ※ 北海道・沖縄・離島は別途お見積）<BR><BR>

【メーカー】<BR>
- ROWEN ／ ロウェン<BR><BR>

【商品名】<BR>
- JAPAN PREMIUM Edition ／ PREMIUM01S マフラー（ステンレス）<BR><BR>

【対応車種】<BR>
‐ トヨタ ヴェルファイア 30系 (平成27年1月～)<BR><BR>

【商品説明】<BR>
‐ PREMIUM01S マフラー（ステンレス）<BR>
◎ 2.5L・3.5L・ハイブリッドのいずれかをお知らせください。<BR>
◎ 合わせて、純正バンパー・ROWENリアハーフスポイラーのいずれかをお知らせください。<BR>
◎ テール部分のブラスト加工を「ROWEN」ロゴ（ブロック体）と「Rowen」ロゴ（筆記体）からお選びいただけます。<BR>
◎ 事前認証取得品 ／ 2WD/4WD兼用<BR>
◎ テールエンド：φ110×4のオーバル形状<BR><BR>

※ 画像の車両は、PREMIUM STYLE KIT 2のほか、下記のパーツを装着し、塗り分け塗装を施した車両が含まれます。<BR><BR>

【デモカー装着パーツ】<BR>
フロントカナード・フロントグリル・フロントフードエクステンション・ヘッドライトガーニッシュ・レーシングボンネット・フロントフェンダー・リアコーナーパネル・リアウイング<BR><BR>

【テール別オプション】<BR>
‐ 本体ステンレス＋チタンテール（税別： ＋25,000円）<BR>
‐ 本体ステンレス＋カーボンテール（税別： ＋70,000円）<BR><BR>

【キット】<BR>
‐ STYLE KIT（フロント・リア2点セット）<BR>
（FRP）未塗装（税別： 125,000円）<BR>
＞<BR>
‐ PREMIUM STYLE KIT（フロント・リア・サイドアンダーエクステンション3点セット）<BR>
（FRP）未塗装（税別： 185,000円）<BR>
＞<BR>
‐ PREMIUM STYLE KIT 2（フロント・リア・サイドパネル3点セット） <BR>
（FRP＋ABS）未塗装（税別： 200,000円）<BR><BR>

【単品パーツ】<BR>
‐ フロントスポイラー with LED<BR>
（FRP）未塗装（税別： 72,000円）<BR>
＞<BR>
‐ フロントスポイラー （LEDなし）<BR>
（FRP）未塗装（税別： 54,000円）<BR>
＞<BR>
‐ フロントリップスポイラー（Ver.2）<BR>
（FRP）未塗装（税別： 48,000円）<BR>
（FRP＋Wet Carbon）未塗装（税別： 63,000円）<BR>
＞<BR>
‐ フロントカナード<BR>
（FRP）未塗装（税別： 26,000円）<BR>
（Wet Carbon）クリア塗装済（税別： 52,000円）<BR>
＞<BR>
‐ フロントグリルFace 1<BR>
（FRP）未塗装（税別： 54,000円）<BR>
＞<BR>
‐ フロントグリルFace 2<BR>
（FRP）未塗装（税別： 54,000円）<BR>
＞<BR>
‐ フロントフードエクステンション<BR>
（FRP）未塗装（税別： 17,000円）<BR>
（Wet Carbon）クリア塗装済（税別： 44,000円）<BR>
＞<BR>
‐ ヘッドライトガーニッシュ with LED<BR>
（FRP）未塗装（税別： 38,000円）<BR>
（Wet Carbon）クリア塗装済（税別： 68,000円）<BR>
＞<BR>
‐ レーシングボンネット<BR>
（FRP）未塗装（税別： 88,000円）<BR>
＞<BR>
‐ フロントフェンダー<BR>
（FRP）未塗装（税別： 92,000円）<BR>
＞<BR>
‐ サイドパネル<BR>
（ABS）未塗装（税別： 75,000円）<BR>
＞<BR>
‐ サイドアンダーエクステンション<BR>
（FRP）未塗装（税別： 60,000円）<BR>
＞<BR>
‐ リアハーフスポイラー<BR>
（FRP）未塗装（税別： 55,000円）<BR>
＞<BR>
‐ マフラーアタッチメント<BR>
（FRP）未塗装（税別： 16,000円）<BR>
＞<BR>
‐ リアコーナーパネル<BR>
（FRP）未塗装（税別： 36,000円）<BR>
（Wet Carbon）クリア塗装済（税別： 66,000円）<BR>
＞<BR>
‐ リアウイング<BR>
（FRP＋ABS）未塗装（税別： 68,000円）<BR>
（Carbon＋FRP＋ABS）未塗装（税別： 108,000円）<BR><BR>

◎ それぞれ塗装済み・塗り分け塗装済みもございます。価格はお問合せください。<BR>
◎ グレードによって装着できない商品もございますのでお問合せください。<BR><BR>

【マフラー】<BR>
‐ PREMIUM01S オールステンレス（税別： 125,000円）<BR>
＞<BR>
‐ PREMIUM01S ステンレス＋チタンテール（税別： 150,000円）<BR>
＞<BR>
‐ PREMIUM01S ステンレス＋カーボンテール（税別： 195,000円）<BR><BR>

【LEDバックフォグ】<BR>
‐ LEDバックフォグVer.2（税別： 16,000円）<BR>
＞<BR>
‐ LEDバックフォグVer.2／リレーキット付（税別： 24,000円）<BR><BR>

◎ ROWEN x Valenti コラボレート製品<BR>
◎ テールランプカラー：ライトスモーク／レッドクローム マットブラック】<BR>
◎ カバーカラー：ブラッククローム<BR>
◎ 保証1年間／保安基準適合（eマーク取得済み）",【M's】 ヴェルファイア 30 系 4本出し マフラー ／ ROWEN ／ ロウェン ／ PREMIUM01S JAPAN PREMIUM Edition ／／ 2.5L 3.5L ハイブリッド ／ トヨタ VELLFIRE （平成27年1月～） TOYOTA 1T018Z00 ／ 1T018Z20：エムズパーツshop　楽天市場店,通信販売通販ショッピングオンラインショッピング買い物プレゼントギフト贈り物贈答品お中元お歳暮お買い得エムズ鹿児島エムズインターナショナルメルセデスベンツベンツ部品BMW部品激安　ベンツ部品ゴルフ部品格安　ベンツ部品ポルシェ部品ボルボ部品ベンツパーツAMG輸入車パーツブラバスエアマスセンサーBRABUSラジエター　ラジエーターロリンザー【M's】 ヴェルファイア 30 系 4本出し マフラー ／ ROWEN ／ ロウェン ／ PREMIUM01S JAPAN PREMIUM Edition ／／ 2.5L 3.5L ハイブリッド ／ トヨタ VELLFIRE （平成27年1月～） TOYOTA 1T018Z00 ／ 1T018Z20,【M's】 ヴェルファイア 30 系 4本出し マフラー ／ ROWEN ／ ロウェン ／ PREMIUM01S JAPAN PREMIUM Edition ／／ 2.5L 3.5L ハイブリッド ／ トヨタ VELLFIRE （平成27年1月～） TOYOTA 1T018Z00 ／ 1T018Z20[rn]
10-163846,http://tshop.r10s.jp/creer/cabinet/blitz/imgrc0067907051.jpg?fitin=700:700,61148.8000,,車用品・バイク用品 > カー用品 > 排気系パーツ > マフラー > トヨタ用,ブリッツ NUR-SPEC Quad Model 62517 トヨタ 30系 アルファード/ヴェルファイア/アルファードハイブリッド/ヴェルファイアハイブリッド用 パイプ径:φ50.8/テール径:φ108×70×4 (Quad) 【車検対応/4本出しステンレスマフラー】,,"商品説明
<br>
<img src=""http://image.rakuten.co.jp/creer/cabinet/blitz/imgrc0067444281.jpg"" width=100%>
<br>
・ブリッツのNUR-SPEC Quad、62517です。
<br>・高い耐久性を誇る、鏡面仕上げのオールステンレス製のNUR-SPECマフラーをベースに、磨きこまれたSUS304テールがエレガントにリアビューを演出する上質なテールフェイスとニュルスペックシリーズの技術を注いだ大人のマフラーシリーズです。
<br>・一部車種では迫力の4本出し「Quad」モデルもご用意。また、Quadマフラーを装着するための専用リアディフューザー(エアロパーツ)を設定してあり、構造上装着が難しい一部車種、グレードにはダミーテールオプションを利用することで、リアビューとQuad化を実現できます。
<br>・各車種の特性に合わせたパイプ径により排気効率を向上させるとともに迫力のエキゾーストサウンドを実現します。
<br>・新制度の「交換用マフラーの事前認証制」及び外装技術基準適合製品なので、車検にも対応しています。
<br><br>
商品仕様
<br>●メインパイプ径：φ60-φ50×2
<br>●テールパイプ径：φ108OVAL-2.5R×4
<br>●音量（純正/BLITZ）：82dB / 89dB
<br>●地上高：170mm
<br>●上高 計測位置：フランジ部
<br>●分割数：2
<br>
<br>30系アルファード/ヴェルファイア 対応マフラー LINE UP
<br>
<br>型式
<br>ステンレス
<br>ステンレス(チタンカラー)
<br>
<br>2.5L 2WD
<br>AGH30W
<br>62517
<br>62517V
<br>
<br>3.5L 2WD
<br>GGH30W
<br>62518
<br>62518V
<br>
<br>3.5L 4WD
<br>GGH35W
<br>62519
<br>62519V
<br>
<br>ハイブリッド
<br>AYH30W
<br>62517
<br>62517V",ブリッツ NUR-SPEC Quad Model 62517 トヨタ 30系 アルファード/ヴェルファイア/アルファードハイブリッド/ヴェルファイアハイブリッド用 パイプ径:φ50.8/テール径:φ108&times;70&times;4 (Quad) 【車検対応/4本出しステンレスマフラー】：クレールオンラインショップ,通信販売通販ショッピングオンラインショッピング買い物プレゼントギフト贈り物贈答品お中元お歳暮お買い得オーディオテクニカコムテックセルスターユピテルカーオーディオ車高調レーダー探知機デッドニングブリッツ NUR-SPEC Quad Model 62517 トヨタ 30系 アルファード/ヴェルファイア/アルファードハイブリッド/ヴェルファイアハイブリッド用 パイプ径:φ50.8/テール径:φ108&times;70&times;4 (Quad) 【車検対応/4本出しステンレスマフラー】,【送料無料!カードOK!】。ブリッツ NUR-SPEC Quad Model 62517 トヨタ 30系 アルファード/ヴェルファイア/アルファードハイブリッド/ヴェルファイアハイブリッド用 パイプ径:φ50.8/テール径:φ108&times;70&times;4 (Quad) 【車検対応/4本出しステンレスマフラー】[rn]
10-163847,http://tshop.r10s.jp/auc-azzurricarshop/cabinet/valve/halo/img61930326.jpg?fitin=700:700,1024.0000,,車用品・バイク用品 > カー用品 > 排気系パーツ > マフラー > トヨタ用,ジムニー シエラ 後期 H16.10～H17.9 JB43W H11 イエロー/黄色　ハロゲンバルブ　純正交換　左右2個1セット【送料無料】,,【重要】同梱に関するお知らせ<br>【必読】送料に関するお知らせ,ジムニー シエラ 後期 H16.10～H17.9 JB43W H11 イエロー/黄色　ハロゲンバルブ　純正交換　左右2個1セット【送料無料】：azzurri car shop,通信販売通販ショッピングオンラインショッピング買い物プレゼントギフト贈り物贈答品お中元お歳暮お買い得hidhid h4 キットHID H4 キットhidキットhid h11HID H11ハイエース 200系プリウス 30T16 LED バックランプt20 led アンバーled ルームランプルームランプ ledヴェルファイア プリウス30 LEDプリウスα LED T20ウェッジ球セレナｃ26ウインカーポジションキットhb4 hidキットhidキット hb4ジムニー シエラ 後期 H16.10～H17.9 JB43W H11 イエロー/黄色　ハロゲンバルブ　純正交換　左右2個1セット【送料無料】,★【送料無料】同梱手数料0円★。ジムニー シエラ 後期 H16.10～H17.9 JB43W H11 イエロー/黄色　ハロゲンバルブ　純正交換　左右2個1セット【送料無料】[rn]
10-163848,http://tshop.r10s.jp/auc-azzurricarshop/cabinet/valve/halo/img61930326.jpg?fitin=700:700,1024.0000,,車用品・バイク用品 > カー用品 > 排気系パーツ > マフラー > トヨタ用,SX-4 H18.7～ YA･YB11S H11 イエロー/黄色　ハロゲンバルブ　純正交換　左右2個1セット【送料無料】,,【重要】同梱に関するお知らせ<br>【必読】送料に関するお知らせ,SX-4 H18.7～ YA･YB11S H11 イエロー/黄色　ハロゲンバルブ　純正交換　左右2個1セット【送料無料】：azzurri car shop,通信販売通販ショッピングオンラインショッピング買い物プレゼントギフト贈り物贈答品お中元お歳暮お買い得hidhid h4 キットHID H4 キットhidキットhid h11HID H11ハイエース 200系プリウス 30T16 LED バックランプt20 led アンバーled ルームランプルームランプ ledヴェルファイア プリウス30 LEDプリウスα LED T20ウェッジ球セレナｃ26ウインカーポジションキットhb4 hidキットhidキット hb4SX-4 H18.7～ YA･YB11S H11 イエロー/黄色　ハロゲンバルブ　純正交換　左右2個1セット【送料無料】,★【送料無料】同梱手数料0円★。SX-4 H18.7～ YA･YB11S H11 イエロー/黄色　ハロゲンバルブ　純正交換　左右2個1セット【送料無料】[rn]
10-163849,http://tshop.r10s.jp/auc-azzurricarshop/cabinet/valve/halo/img61930326.jpg?fitin=700:700,1024.0000,,車用品・バイク用品 > カー用品 > 排気系パーツ > マフラー > トヨタ用,ギャラン フォルティス H19.8～ CY4A H11 イエロー/黄色　ハロゲンバルブ　純正交換　左右2個1セット【送料無料】,,【重要】同梱に関するお知らせ<br>【必読】送料に関するお知らせ,ギャラン フォルティス H19.8～ CY4A H11 イエロー/黄色　ハロゲンバルブ　純正交換　左右2個1セット【送料無料】：azzurri car shop,通信販売通販ショッピングオンラインショッピング買い物プレゼントギフト贈り物贈答品お中元お歳暮お買い得hidhid h4 キットHID H4 キットhidキットhid h11HID H11ハイエース 200系プリウス 30T16 LED バックランプt20 led アンバーled ルームランプルームランプ ledヴェルファイア プリウス30 LEDプリウスα LED T20ウェッジ球セレナｃ26ウインカーポジションキットhb4 hidキットhidキット hb4ギャラン フォルティス H19.8～ CY4A H11 イエロー/黄色　ハロゲンバルブ　純正交換　左右2個1セット【送料無料】,★【送料無料】同梱手数料0円★。ギャラン フォルティス H19.8～ CY4A H11 イエロー/黄色　ハロゲンバルブ　純正交換　左右2個1セット【送料無料】[rn]
10-163850,http://tshop.r10s.jp/auc-azzurricarshop/cabinet/valve/halo/img61930326.jpg?fitin=700:700,1024.0000,,車用品・バイク用品 > カー用品 > 排気系パーツ > マフラー > トヨタ用,ソリオ H23.1～ MA15S H11 イエロー/黄色　ハロゲンバルブ　純正交換　左右2個1セット【送料無料】,,【重要】同梱に関するお知らせ<br>【必読】送料に関するお知らせ,ソリオ H23.1～ MA15S H11 イエロー/黄色　ハロゲンバルブ　純正交換　左右2個1セット【送料無料】：azzurri car shop,通信販売通販ショッピングオンラインショッピング買い物プレゼントギフト贈り物贈答品お中元お歳暮お買い得hidhid h4 キットHID H4 キットhidキットhid h11HID H11ハイエース 200系プリウス 30T16 LED バックランプt20 led アンバーled ルームランプルームランプ ledヴェルファイア プリウス30 LEDプリウスα LED T20ウェッジ球セレナｃ26ウインカーポジションキットhb4 hidキットhidキット hb4ソリオ H23.1～ MA15S H11 イエロー/黄色　ハロゲンバルブ　純正交換　左右2個1セット【送料無料】,★【送料無料】同梱手数料0円★。ソリオ H23.1～ MA15S H11 イエロー/黄色　ハロゲンバルブ　純正交換　左右2個1セット【送料無料】[rn]
10-163851,http://tshop.r10s.jp/auc-azzurricarshop/cabinet/valve/halo/img61930326.jpg?fitin=700:700,1024.0000,,車用品・バイク用品 > カー用品 > 排気系パーツ > マフラー > トヨタ用,ウイングロード 後期 H13.10～H17.10 Y11 H11 イエロー/黄色　ハロゲンバルブ　純正交換　左右2個1セット【送料無料】,,【重要】同梱に関するお知らせ<br>【必読】送料に関するお知らせ,ウイングロード 後期 H13.10～H17.10 Y11 H11 イエロー/黄色　ハロゲンバルブ　純正交換　左右2個1セット【送料無料】：azzurri car shop,通信販売通販ショッピングオンラインショッピング買い物プレゼントギフト贈り物贈答品お中元お歳暮お買い得hidhid h4 キットHID H4 キットhidキットhid h11HID H11ハイエース 200系プリウス 30T16 LED バックランプt20 led アンバーled ルームランプルームランプ ledヴェルファイア プリウス30 LEDプリウスα LED T20ウェッジ球セレナｃ26ウインカーポジションキットhb4 hidキットhidキット hb4ウイングロード 後期 H13.10～H17.10 Y11 H11 イエロー/黄色　ハロゲンバルブ　純正交換　左右2個1セット【送料無料】,★【送料無料】同梱手数料0円★。ウイングロード 後期 H13.10～H17.10 Y11 H11 イエロー/黄色　ハロゲンバルブ　純正交換　左右2個1セット【送料無料】[rn]
10-163852,http://tshop.r10s.jp/auc-azzurricarshop/cabinet/valve/halo/img61930326.jpg?fitin=700:700,1024.0000,,車用品・バイク用品 > カー用品 > 排気系パーツ > マフラー > トヨタ用,ラクティス 前期 H17.9～H19.11 NCP･SCP10#系 H11 イエロー/黄色　ハロゲンバルブ　純正交換　左右2個1セット【送料無料】,,【重要】同梱に関するお知らせ<br>【必読】送料に関するお知らせ,ラクティス 前期 H17.9～H19.11 NCP･SCP10#系 H11 イエロー/黄色　ハロゲンバルブ　純正交換　左右2個1セット【送料無料】：azzurri car shop,通信販売通販ショッピングオンラインショッピング買い物プレゼントギフト贈り物贈答品お中元お歳暮お買い得hidhid h4 キットHID H4 キットhidキットhid h11HID H11ハイエース 200系プリウス 30T16 LED バックランプt20 led アンバーled ルームランプルームランプ ledヴェルファイア プリウス30 LEDプリウスα LED T20ウェッジ球セレナｃ26ウインカーポジションキットhb4 hidキットhidキット hb4ラクティス 前期 H17.9～H19.11 NCP･SCP10#系 H11 イエロー/黄色　ハロゲンバルブ　純正交換　左右2個1セット【送料無料】,★【送料無料】同梱手数料0円★。ラクティス 前期 H17.9～H19.11 NCP･SCP10#系 H11 イエロー/黄色　ハロゲンバルブ　純正交換　左右2個1セット【送料無料】[rn]
10-163853,http://tshop.r10s.jp/auc-azzurricarshop/cabinet/valve/halo/img61930326.jpg?fitin=700:700,1024.0000,,車用品・バイク用品 > カー用品 > 排気系パーツ > マフラー > トヨタ用,プロボックス 後期 H17.8～ NCP･NLP5#系 H11 イエロー/黄色　ハロゲンバルブ　純正交換　左右2個1セット【送料無料】,,【重要】同梱に関するお知らせ<br>【必読】送料に関するお知らせ,プロボックス 後期 H17.8～ NCP･NLP5#系 H11 イエロー/黄色　ハロゲンバルブ　純正交換　左右2個1セット【送料無料】：azzurri car shop,通信販売通販ショッピングオンラインショッピング買い物プレゼントギフト贈り物贈答品お中元お歳暮お買い得hidhid h4 キットHID H4 キットhidキットhid h11HID H11ハイエース 200系プリウス 30T16 LED バックランプt20 led アンバーled ルームランプルームランプ ledヴェルファイア プリウス30 LEDプリウスα LED T20ウェッジ球セレナｃ26ウインカーポジションキットhb4 hidキットhidキット hb4プロボックス 後期 H17.8～ NCP･NLP5#系 H11 イエロー/黄色　ハロゲンバルブ　純正交換　左右2個1セット【送料無料】,★【送料無料】同梱手数料0円★。プロボックス 後期 H17.8～ NCP･NLP5#系 H11 イエロー/黄色　ハロゲンバルブ　純正交換　左右2個1セット【送料無料】[rn]
10-163854,http://tshop.r10s.jp/auc-azzurricarshop/cabinet/valve/halo/img61930326.jpg?fitin=700:700,1024.0000,,車用品・バイク用品 > カー用品 > 排気系パーツ > マフラー > トヨタ用,プレマシー 後期 H19.9～H22.6 CR系 H11 イエロー/黄色　ハロゲンバルブ　純正交換　左右2個1セット【送料無料】,,【重要】同梱に関するお知らせ<br>【必読】送料に関するお知らせ,プレマシー 後期 H19.9～H22.6 CR系 H11 イエロー/黄色　ハロゲンバルブ　純正交換　左右2個1セット【送料無料】：azzurri car shop,通信販売通販ショッピングオンラインショッピング買い物プレゼントギフト贈り物贈答品お中元お歳暮お買い得hidhid h4 キットHID H4 キットhidキットhid h11HID H11ハイエース 200系プリウス 30T16 LED バックランプt20 led アンバーled ルームランプルームランプ ledヴェルファイア プリウス30 LEDプリウスα LED T20ウェッジ球セレナｃ26ウインカーポジションキットhb4 hidキットhidキット hb4プレマシー 後期 H19.9～H22.6 CR系 H11 イエロー/黄色　ハロゲンバルブ　純正交換　左右2個1セット【送料無料】,★【送料無料】同梱手数料0円★。プレマシー 後期 H19.9～H22.6 CR系 H11 イエロー/黄色　ハロゲンバルブ　純正交換　左右2個1セット【送料無料】[rn]
10-163855,http://tshop.r10s.jp/auc-azzurricarshop/cabinet/valve/halo/img61930326.jpg?fitin=700:700,1024.0000,,車用品・バイク用品 > カー用品 > 排気系パーツ > マフラー > トヨタ用,アテンザ 後期 H22.1～ GH系 H11 イエロー/黄色　ハロゲンバルブ　純正交換　左右2個1セット【送料無料】,,【重要】同梱に関するお知らせ<br>【必読】送料に関するお知らせ,アテンザ 後期 H22.1～ GH系 H11 イエロー/黄色　ハロゲンバルブ　純正交換　左右2個1セット【送料無料】：azzurri car shop,通信販売通販ショッピングオンラインショッピング買い物プレゼントギフト贈り物贈答品お中元お歳暮お買い得hidhid h4 キットHID H4 キットhidキットhid h11HID H11ハイエース 200系プリウス 30T16 LED バックランプt20 led アンバーled ルームランプルームランプ ledヴェルファイア プリウス30 LEDプリウスα LED T20ウェッジ球セレナｃ26ウインカーポジションキットhb4 hidキットhidキット hb4アテンザ 後期 H22.1～ GH系 H11 イエロー/黄色　ハロゲンバルブ　純正交換　左右2個1セット【送料無料】,★【送料無料】同梱手数料0円★。アテンザ 後期 H22.1～ GH系 H11 イエロー/黄色　ハロゲンバルブ　純正交換　左右2個1セット【送料無料】[rn]
10-163856,http://tshop.r10s.jp/auc-azzurricarshop/cabinet/valve/halo/img61930326.jpg?fitin=700:700,1024.0000,,車用品・バイク用品 > カー用品 > 排気系パーツ > マフラー > トヨタ用,アテンザ 後期 H17.6～H19.12 GG系 H11 イエロー/黄色　ハロゲンバルブ　純正交換　左右2個1セット【送料無料】,,【重要】同梱に関するお知らせ<br>【必読】送料に関するお知らせ,アテンザ 後期 H17.6～H19.12 GG系 H11 イエロー/黄色　ハロゲンバルブ　純正交換　左右2個1セット【送料無料】：azzurri car shop,通信販売通販ショッピングオンラインショッピング買い物プレゼントギフト贈り物贈答品お中元お歳暮お買い得hidhid h4 キットHID H4 キットhidキットhid h11HID H11ハイエース 200系プリウス 30T16 LED バックランプt20 led アンバーled ルームランプルームランプ ledヴェルファイア プリウス30 LEDプリウスα LED T20ウェッジ球セレナｃ26ウインカーポジションキットhb4 hidキットhidキット hb4アテンザ 後期 H17.6～H19.12 GG系 H11 イエロー/黄色　ハロゲンバルブ　純正交換　左右2個1セット【送料無料】,★【送料無料】同梱手数料0円★。アテンザ 後期 H17.6～H19.12 GG系 H11 イエロー/黄色　ハロゲンバルブ　純正交換　左右2個1セット【送料無料】[rn]
10-163857,http://tshop.r10s.jp/auc-azzurricarshop/cabinet/valve/halo/img61930326.jpg?fitin=700:700,1024.0000,,車用品・バイク用品 > カー用品 > 排気系パーツ > マフラー > トヨタ用,シビック セダン H17.9～ FD1･2 H11 イエロー/黄色　ハロゲンバルブ　純正交換　左右2個1セット【送料無料】,,【重要】同梱に関するお知らせ<br>【必読】送料に関するお知らせ,シビック セダン H17.9～ FD1･2 H11 イエロー/黄色　ハロゲンバルブ　純正交換　左右2個1セット【送料無料】：azzurri car shop,通信販売通販ショッピングオンラインショッピング買い物プレゼントギフト贈り物贈答品お中元お歳暮お買い得hidhid h4 キットHID H4 キットhidキットhid h11HID H11ハイエース 200系プリウス 30T16 LED バックランプt20 led アンバーled ルームランプルームランプ ledヴェルファイア プリウス30 LEDプリウスα LED T20ウェッジ球セレナｃ26ウインカーポジションキットhb4 hidキットhidキット hb4シビック セダン H17.9～ FD1･2 H11 イエロー/黄色　ハロゲンバルブ　純正交換　左右2個1セット【送料無料】,★【送料無料】同梱手数料0円★。シビック セダン H17.9～ FD1･2 H11 イエロー/黄色　ハロゲンバルブ　純正交換　左右2個1セット【送料無料】[rn]
10-163858,http://tshop.r10s.jp/auc-azzurricarshop/cabinet/valve/halo/img61930326.jpg?fitin=700:700,1024.0000,,車用品・バイク用品 > カー用品 > 排気系パーツ > マフラー > トヨタ用,COO H18.5～ M400系 H11 イエロー/黄色　ハロゲンバルブ　純正交換　左右2個1セット【送料無料】,,【重要】同梱に関するお知らせ<br>【必読】送料に関するお知らせ,COO H18.5～ M400系 H11 イエロー/黄色　ハロゲンバルブ　純正交換　左右2個1セット【送料無料】：azzurri car shop,通信販売通販ショッピングオンラインショッピング買い物プレゼントギフト贈り物贈答品お中元お歳暮お買い得hidhid h4 キットHID H4 キットhidキットhid h11HID H11ハイエース 200系プリウス 30T16 LED バックランプt20 led アンバーled ルームランプルームランプ ledヴェルファイア プリウス30 LEDプリウスα LED T20ウェッジ球セレナｃ26ウインカーポジションキットhb4 hidキットhidキット hb4COO H18.5～ M400系 H11 イエロー/黄色　ハロゲンバルブ　純正交換　左右2個1セット【送料無料】,★【送料無料】同梱手数料0円★。COO H18.5～ M400系 H11 イエロー/黄色　ハロゲンバルブ　純正交換　左右2個1セット【送料無料】[rn]
10-163859,http://tshop.r10s.jp/auc-azzurricarshop/cabinet/valve/halo/img61930326.jpg?fitin=700:700,1024.0000,,車用品・バイク用品 > カー用品 > 排気系パーツ > マフラー > トヨタ用,20 アルファード 後期 H23.11～ ATH2#・ANH2#・GGH2# H11 イエロー/黄色　ハロゲンバルブ　純正交換　左右2個1セット【送料無料】,,【重要】同梱に関するお知らせ<br>【必読】送料に関するお知らせ,20 アルファード 後期 H23.11～ ATH2#・ANH2#・GGH2# H11 イエロー/黄色　ハロゲンバルブ　純正交換　左右2個1セット【送料無料】：azzurri car shop,通信販売通販ショッピングオンラインショッピング買い物プレゼントギフト贈り物贈答品お中元お歳暮お買い得hidhid h4 キットHID H4 キットhidキットhid h11HID H11ハイエース 200系プリウス 30T16 LED バックランプt20 led アンバーled ルームランプルームランプ ledヴェルファイア プリウス30 LEDプリウスα LED T20ウェッジ球セレナｃ26ウインカーポジションキットhb4 hidキットhidキット hb420 アルファード 後期 H23.11～ ATH2#・ANH2#・GGH2# H11 イエロー/黄色　ハロゲンバルブ　純正交換　左右2個1セット【送料無料】,★【送料無料】同梱手数料0円★。20 アルファード 後期 H23.11～ ATH2#・ANH2#・GGH2# H11 イエロー/黄色　ハロゲンバルブ　純正交換　左右2個1セット【送料無料】[rn]
10-163860,http://tshop.r10s.jp/auc-azzurricarshop/cabinet/valve/halo/img61930326.jpg?fitin=700:700,1024.0000,,車用品・バイク用品 > カー用品 > 排気系パーツ > マフラー > トヨタ用,マークX ジオ H19.9～ ANA・GGA1#系 H11 イエロー/黄色　ハロゲンバルブ　純正交換　左右2個1セット【送料無料】,,【重要】同梱に関するお知らせ<br>【必読】送料に関するお知らせ,マークX ジオ H19.9～ ANA・GGA1#系 H11 イエロー/黄色　ハロゲンバルブ　純正交換　左右2個1セット【送料無料】：azzurri car shop,通信販売通販ショッピングオンラインショッピング買い物プレゼントギフト贈り物贈答品お中元お歳暮お買い得hidhid h4 キットHID H4 キットhidキットhid h11HID H11ハイエース 200系プリウス 30T16 LED バックランプt20 led アンバーled ルームランプルームランプ ledヴェルファイア プリウス30 LEDプリウスα LED T20ウェッジ球セレナｃ26ウインカーポジションキットhb4 hidキットhidキット hb4マークX ジオ H19.9～ ANA・GGA1#系 H11 イエロー/黄色　ハロゲンバルブ　純正交換　左右2個1セット【送料無料】,★【送料無料】同梱手数料0円★。マークX ジオ H19.9～ ANA・GGA1#系 H11 イエロー/黄色　ハロゲンバルブ　純正交換　左右2個1セット【送料無料】[rn]
10-163861,http://tshop.r10s.jp/auc-azzurricarshop/cabinet/valve/halo/img61930326.jpg?fitin=700:700,1024.0000,,車用品・バイク用品 > カー用品 > 排気系パーツ > マフラー > トヨタ用,スプラッシュ H20.10～ XB32S H11 イエロー/黄色　ハロゲンバルブ　純正交換　左右2個1セット【送料無料】,,【重要】同梱に関するお知らせ<br>【必読】送料に関するお知らせ,スプラッシュ H20.10～ XB32S H11 イエロー/黄色　ハロゲンバルブ　純正交換　左右2個1セット【送料無料】：azzurri car shop,通信販売通販ショッピングオンラインショッピング買い物プレゼントギフト贈り物贈答品お中元お歳暮お買い得hidhid h4 キットHID H4 キットhidキットhid h11HID H11ハイエース 200系プリウス 30T16 LED バックランプt20 led アンバーled ルームランプルームランプ ledヴェルファイア プリウス30 LEDプリウスα LED T20ウェッジ球セレナｃ26ウインカーポジションキットhb4 hidキットhidキット hb4スプラッシュ H20.10～ XB32S H11 イエロー/黄色　ハロゲンバルブ　純正交換　左右2個1セット【送料無料】,★【送料無料】同梱手数料0円★。スプラッシュ H20.10～ XB32S H11 イエロー/黄色　ハロゲンバルブ　純正交換　左右2個1セット【送料無料】[rn]
10-163862,http://tshop.r10s.jp/auc-azzurricarshop/cabinet/valve/halo/img61930326.jpg?fitin=700:700,1024.0000,,車用品・バイク用品 > カー用品 > 排気系パーツ > マフラー > トヨタ用,カローラ ランクス・アレックス H14.9～H16.3 NZE12#系.ZZE123 H11 イエロー/黄色　ハロゲンバルブ　純正交換　左右2個1セット【送料無料】,,【重要】同梱に関するお知らせ<br>【必読】送料に関するお知らせ,カローラ ランクス・アレックス H14.9～H16.3 NZE12#系.ZZE123 H11 イエロー/黄色　ハロゲンバルブ　純正交換　左右2個1セット【送料無料】：azzurri car shop,通信販売通販ショッピングオンラインショッピング買い物プレゼントギフト贈り物贈答品お中元お歳暮お買い得hidhid h4 キットHID H4 キットhidキットhid h11HID H11ハイエース 200系プリウス 30T16 LED バックランプt20 led アンバーled ルームランプルームランプ ledヴェルファイア プリウス30 LEDプリウスα LED T20ウェッジ球セレナｃ26ウインカーポジションキットhb4 hidキットhidキット hb4カローラ ランクス・アレックス H14.9～H16.3 NZE12#系.ZZE123 H11 イエロー/黄色　ハロゲンバルブ　純正交換　左右2個1セット【送料無料】,★【送料無料】同梱手数料0円★。カローラ ランクス・アレックス H14.9～H16.3 NZE12#系.ZZE123 H11 イエロー/黄色　ハロゲンバルブ　純正交換　左右2個1セット【送料無料】[rn]
10-163863,http://tshop.r10s.jp/auc-azzurricarshop/cabinet/valve/halo/img61930326.jpg?fitin=700:700,1024.0000,,車用品・バイク用品 > カー用品 > 排気系パーツ > マフラー > トヨタ用,デリカ D5 H19.1～ CV5W H11 イエロー/黄色　ハロゲンバルブ　純正交換　左右2個1セット【送料無料】,,【重要】同梱に関するお知らせ<br>【必読】送料に関するお知らせ,デリカ D5 H19.1～ CV5W H11 イエロー/黄色　ハロゲンバルブ　純正交換　左右2個1セット【送料無料】：azzurri car shop,通信販売通販ショッピングオンラインショッピング買い物プレゼントギフト贈り物贈答品お中元お歳暮お買い得hidhid h4 キットHID H4 キットhidキットhid h11HID H11ハイエース 200系プリウス 30T16 LED バックランプt20 led アンバーled ルームランプルームランプ ledヴェルファイア プリウス30 LEDプリウスα LED T20ウェッジ球セレナｃ26ウインカーポジションキットhb4 hidキットhidキット hb4デリカ D5 H19.1～ CV5W H11 イエロー/黄色　ハロゲンバルブ　純正交換　左右2個1セット【送料無料】,★【送料無料】同梱手数料0円★。デリカ D5 H19.1～ CV5W H11 イエロー/黄色　ハロゲンバルブ　純正交換　左右2個1セット【送料無料】[rn]
10-163864,http://tshop.r10s.jp/auc-azzurricarshop/cabinet/valve/halo/img61930326.jpg?fitin=700:700,1024.0000,,車用品・バイク用品 > カー用品 > 排気系パーツ > マフラー > トヨタ用,コルト 前期 H14.11～H16.9 Z2#A H11 イエロー/黄色　ハロゲンバルブ　純正交換　左右2個1セット【送料無料】,,【重要】同梱に関するお知らせ<br>【必読】送料に関するお知らせ,コルト 前期 H14.11～H16.9 Z2#A H11 イエロー/黄色　ハロゲンバルブ　純正交換　左右2個1セット【送料無料】：azzurri car shop,通信販売通販ショッピングオンラインショッピング買い物プレゼントギフト贈り物贈答品お中元お歳暮お買い得hidhid h4 キットHID H4 キットhidキットhid h11HID H11ハイエース 200系プリウス 30T16 LED バックランプt20 led アンバーled ルームランプルームランプ ledヴェルファイア プリウス30 LEDプリウスα LED T20ウェッジ球セレナｃ26ウインカーポジションキットhb4 hidキットhidキット hb4コルト 前期 H14.11～H16.9 Z2#A H11 イエロー/黄色　ハロゲンバルブ　純正交換　左右2個1セット【送料無料】,★【送料無料】同梱手数料0円★。コルト 前期 H14.11～H16.9 Z2#A H11 イエロー/黄色　ハロゲンバルブ　純正交換　左右2個1セット【送料無料】[rn]
10-163865,http://tshop.r10s.jp/auc-azzurricarshop/cabinet/valve/halo/img61930326.jpg?fitin=700:700,1024.0000,,車用品・バイク用品 > カー用品 > 排気系パーツ > マフラー > トヨタ用,ティアナ 前期 H15.2～H17.11 J31 H11 イエロー/黄色　ハロゲンバルブ　純正交換　左右2個1セット【送料無料】,,【重要】同梱に関するお知らせ<br>【必読】送料に関するお知らせ,ティアナ 前期 H15.2～H17.11 J31 H11 イエロー/黄色　ハロゲンバルブ　純正交換　左右2個1セット【送料無料】：azzurri car shop,通信販売通販ショッピングオンラインショッピング買い物プレゼントギフト贈り物贈答品お中元お歳暮お買い得hidhid h4 キットHID H4 キットhidキットhid h11HID H11ハイエース 200系プリウス 30T16 LED バックランプt20 led アンバーled ルームランプルームランプ ledヴェルファイア プリウス30 LEDプリウスα LED T20ウェッジ球セレナｃ26ウインカーポジションキットhb4 hidキットhidキット hb4ティアナ 前期 H15.2～H17.11 J31 H11 イエロー/黄色　ハロゲンバルブ　純正交換　左右2個1セット【送料無料】,★【送料無料】同梱手数料0円★。ティアナ 前期 H15.2～H17.11 J31 H11 イエロー/黄色　ハロゲンバルブ　純正交換　左右2個1セット【送料無料】[rn]
10-163866,http://tshop.r10s.jp/auc-azzurricarshop/cabinet/valve/halo/img61930326.jpg?fitin=700:700,1024.0000,,車用品・バイク用品 > カー用品 > 排気系パーツ > マフラー > トヨタ用,ステップワゴン 後期 H19.11～H21.9 RG1･2･3･4 H11 イエロー/黄色　ハロゲンバルブ　純正交換　左右2個1セット【送料無料】,,【重要】同梱に関するお知らせ<br>【必読】送料に関するお知らせ,ステップワゴン 後期 H19.11～H21.9 RG1･2･3･4 H11 イエロー/黄色　ハロゲンバルブ　純正交換　左右2個1セット【送料無料】：azzurri car shop,通信販売通販ショッピングオンラインショッピング買い物プレゼントギフト贈り物贈答品お中元お歳暮お買い得hidhid h4 キットHID H4 キットhidキットhid h11HID H11ハイエース 200系プリウス 30T16 LED バックランプt20 led アンバーled ルームランプルームランプ ledヴェルファイア プリウス30 LEDプリウスα LED T20ウェッジ球セレナｃ26ウインカーポジションキットhb4 hidキットhidキット hb4ステップワゴン 後期 H19.11～H21.9 RG1･2･3･4 H11 イエロー/黄色　ハロゲンバルブ　純正交換　左右2個1セット【送料無料】,★【送料無料】同梱手数料0円★。ステップワゴン 後期 H19.11～H21.9 RG1･2･3･4 H11 イエロー/黄色　ハロゲンバルブ　純正交換　左右2個1セット【送料無料】[rn]
10-163867,http://tshop.r10s.jp/auc-azzurricarshop/cabinet/valve/halo/img61930326.jpg?fitin=700:700,1024.0000,,車用品・バイク用品 > カー用品 > 排気系パーツ > マフラー > トヨタ用,オーリス 後期 H21.10～ ZNE･ZRE15#系 H11 イエロー/黄色　ハロゲンバルブ　純正交換　左右2個1セット【送料無料】,,【重要】同梱に関するお知らせ<br>【必読】送料に関するお知らせ,オーリス 後期 H21.10～ ZNE･ZRE15#系 H11 イエロー/黄色　ハロゲンバルブ　純正交換　左右2個1セット【送料無料】：azzurri car shop,通信販売通販ショッピングオンラインショッピング買い物プレゼントギフト贈り物贈答品お中元お歳暮お買い得hidhid h4 キットHID H4 キットhidキットhid h11HID H11ハイエース 200系プリウス 30T16 LED バックランプt20 led アンバーled ルームランプルームランプ ledヴェルファイア プリウス30 LEDプリウスα LED T20ウェッジ球セレナｃ26ウインカーポジションキットhb4 hidキットhidキット hb4オーリス 後期 H21.10～ ZNE･ZRE15#系 H11 イエロー/黄色　ハロゲンバルブ　純正交換　左右2個1セット【送料無料】,★【送料無料】同梱手数料0円★。オーリス 後期 H21.10～ ZNE･ZRE15#系 H11 イエロー/黄色　ハロゲンバルブ　純正交換　左右2個1セット【送料無料】[rn]
10-163868,http://tshop.r10s.jp/auc-azzurricarshop/cabinet/valve/halo/img61930326.jpg?fitin=700:700,1024.0000,,車用品・バイク用品 > カー用品 > 排気系パーツ > マフラー > トヨタ用,アコード ツアラー H20.12～ CW1.2 H11 イエロー/黄色　ハロゲンバルブ　純正交換　左右2個1セット【送料無料】,,【重要】同梱に関するお知らせ<br>【必読】送料に関するお知らせ,アコード ツアラー H20.12～ CW1.2 H11 イエロー/黄色　ハロゲンバルブ　純正交換　左右2個1セット【送料無料】：azzurri car shop,通信販売通販ショッピングオンラインショッピング買い物プレゼントギフト贈り物贈答品お中元お歳暮お買い得hidhid h4 キットHID H4 キットhidキットhid h11HID H11ハイエース 200系プリウス 30T16 LED バックランプt20 led アンバーled ルームランプルームランプ ledヴェルファイア プリウス30 LEDプリウスα LED T20ウェッジ球セレナｃ26ウインカーポジションキットhb4 hidキットhidキット hb4アコード ツアラー H20.12～ CW1.2 H11 イエロー/黄色　ハロゲンバルブ　純正交換　左右2個1セット【送料無料】,★【送料無料】同梱手数料0円★。アコード ツアラー H20.12～ CW1.2 H11 イエロー/黄色　ハロゲンバルブ　純正交換　左右2個1セット【送料無料】[rn]
10-163869,http://tshop.r10s.jp/auc-azzurricarshop/cabinet/valve/halo/img61930326.jpg?fitin=700:700,1024.0000,,車用品・バイク用品 > カー用品 > 排気系パーツ > マフラー > トヨタ用,RX-8 前期 H15.4～H20.2 SE3P H11 イエロー/黄色　ハロゲンバルブ　純正交換　左右2個1セット【送料無料】,,【重要】同梱に関するお知らせ<br>【必読】送料に関するお知らせ,RX-8 前期 H15.4～H20.2 SE3P H11 イエロー/黄色　ハロゲンバルブ　純正交換　左右2個1セット【送料無料】：azzurri car shop,通信販売通販ショッピングオンラインショッピング買い物プレゼントギフト贈り物贈答品お中元お歳暮お買い得hidhid h4 キットHID H4 キットhidキットhid h11HID H11ハイエース 200系プリウス 30T16 LED バックランプt20 led アンバーled ルームランプルームランプ ledヴェルファイア プリウス30 LEDプリウスα LED T20ウェッジ球セレナｃ26ウインカーポジションキットhb4 hidキットhidキット hb4RX-8 前期 H15.4～H20.2 SE3P H11 イエロー/黄色　ハロゲンバルブ　純正交換　左右2個1セット【送料無料】,★【送料無料】同梱手数料0円★。RX-8 前期 H15.4～H20.2 SE3P H11 イエロー/黄色　ハロゲンバルブ　純正交換　左右2個1セット【送料無料】[rn]
10-163870,http://tshop.r10s.jp/auc-azzurricarshop/cabinet/valve/halo/img61930326.jpg?fitin=700:700,1024.0000,,車用品・バイク用品 > カー用品 > 排気系パーツ > マフラー > トヨタ用,CX-5 H24.2～ KE##W H11 イエロー/黄色　ハロゲンバルブ　純正交換　左右2個1セット【送料無料】,,【重要】同梱に関するお知らせ<br>【必読】送料に関するお知らせ,CX-5 H24.2～ KE##W H11 イエロー/黄色　ハロゲンバルブ　純正交換　左右2個1セット【送料無料】：azzurri car shop,通信販売通販ショッピングオンラインショッピング買い物プレゼントギフト贈り物贈答品お中元お歳暮お買い得hidhid h4 キットHID H4 キットhidキットhid h11HID H11ハイエース 200系プリウス 30T16 LED バックランプt20 led アンバーled ルームランプルームランプ ledヴェルファイア プリウス30 LEDプリウスα LED T20ウェッジ球セレナｃ26ウインカーポジションキットhb4 hidキットhidキット hb4CX-5 H24.2～ KE##W H11 イエロー/黄色　ハロゲンバルブ　純正交換　左右2個1セット【送料無料】,★【送料無料】同梱手数料0円★。CX-5 H24.2～ KE##W H11 イエロー/黄色　ハロゲンバルブ　純正交換　左右2個1セット【送料無料】[rn]
10-163871,http://tshop.r10s.jp/auc-azzurricarshop/cabinet/valve/halo/img61930326.jpg?fitin=700:700,1024.0000,,車用品・バイク用品 > カー用品 > 排気系パーツ > マフラー > トヨタ用,LEXUS レクサス RXハイブリッド H21.4～ GYL1# H11 イエロー/黄色　ハロゲンバルブ　純正交換　左右2個1セット【送料無料】,,【重要】同梱に関するお知らせ<br>【必読】送料に関するお知らせ,LEXUS レクサス RXハイブリッド H21.4～ GYL1# H11 イエロー/黄色　ハロゲンバルブ　純正交換　左右2個1セット【送料無料】：azzurri car shop,通信販売通販ショッピングオンラインショッピング買い物プレゼントギフト贈り物贈答品お中元お歳暮お買い得hidhid h4 キットHID H4 キットhidキットhid h11HID H11ハイエース 200系プリウス 30T16 LED バックランプt20 led アンバーled ルームランプルームランプ ledヴェルファイア プリウス30 LEDプリウスα LED T20ウェッジ球セレナｃ26ウインカーポジションキットhb4 hidキットhidキット hb4LEXUS レクサス RXハイブリッド H21.4～ GYL1# H11 イエロー/黄色　ハロゲンバルブ　純正交換　左右2個1セット【送料無料】,★【送料無料】同梱手数料0円★。LEXUS レクサス RXハイブリッド H21.4～ GYL1# H11 イエロー/黄色　ハロゲンバルブ　純正交換　左右2個1セット【送料無料】[rn]
10-163872,http://tshop.r10s.jp/auc-azzurricarshop/cabinet/valve/halo/img61930326.jpg?fitin=700:700,1024.0000,,車用品・バイク用品 > カー用品 > 排気系パーツ > マフラー > トヨタ用,エアトレック スポーツギア H16.1～H17.10 CU5W H11 イエロー/黄色　ハロゲンバルブ　純正交換　左右2個1セット【送料無料】,,【重要】同梱に関するお知らせ<br>【必読】送料に関するお知らせ,エアトレック スポーツギア H16.1～H17.10 CU5W H11 イエロー/黄色　ハロゲンバルブ　純正交換　左右2個1セット【送料無料】：azzurri car shop,通信販売通販ショッピングオンラインショッピング買い物プレゼントギフト贈り物贈答品お中元お歳暮お買い得hidhid h4 キットHID H4 キットhidキットhid h11HID H11ハイエース 200系プリウス 30T16 LED バックランプt20 led アンバーled ルームランプルームランプ ledヴェルファイア プリウス30 LEDプリウスα LED T20ウェッジ球セレナｃ26ウインカーポジションキットhb4 hidキットhidキット hb4エアトレック スポーツギア H16.1～H17.10 CU5W H11 イエロー/黄色　ハロゲンバルブ　純正交換　左右2個1セット【送料無料】,★【送料無料】同梱手数料0円★。エアトレック スポーツギア H16.1～H17.10 CU5W H11 イエロー/黄色　ハロゲンバルブ　純正交換　左右2個1セット【送料無料】[rn]
10-163873,http://tshop.r10s.jp/auc-azzurricarshop/cabinet/valve/halo/img61930326.jpg?fitin=700:700,1024.0000,,車用品・バイク用品 > カー用品 > 排気系パーツ > マフラー > トヨタ用,トライトン H18.9～ KB9T H11 イエロー/黄色　ハロゲンバルブ　純正交換　左右2個1セット【送料無料】,,【重要】同梱に関するお知らせ<br>【必読】送料に関するお知らせ,トライトン H18.9～ KB9T H11 イエロー/黄色　ハロゲンバルブ　純正交換　左右2個1セット【送料無料】：azzurri car shop,通信販売通販ショッピングオンラインショッピング買い物プレゼントギフト贈り物贈答品お中元お歳暮お買い得hidhid h4 キットHID H4 キットhidキットhid h11HID H11ハイエース 200系プリウス 30T16 LED バックランプt20 led アンバーled ルームランプルームランプ ledヴェルファイア プリウス30 LEDプリウスα LED T20ウェッジ球セレナｃ26ウインカーポジションキットhb4 hidキットhidキット hb4トライトン H18.9～ KB9T H11 イエロー/黄色　ハロゲンバルブ　純正交換　左右2個1セット【送料無料】,★【送料無料】同梱手数料0円★。トライトン H18.9～ KB9T H11 イエロー/黄色　ハロゲンバルブ　純正交換　左右2個1セット【送料無料】[rn]
10-163874,http://tshop.r10s.jp/auc-azzurricarshop/cabinet/valve/halo/img61930326.jpg?fitin=700:700,1024.0000,,車用品・バイク用品 > カー用品 > 排気系パーツ > マフラー > トヨタ用,50 エスティマ H18.1～ ACR･GSR5#系 H11 イエロー/黄色　ハロゲンバルブ　純正交換　左右2個1セット【送料無料】,,【重要】同梱に関するお知らせ<br>【必読】送料に関するお知らせ,50 エスティマ H18.1～ ACR･GSR5#系 H11 イエロー/黄色　ハロゲンバルブ　純正交換　左右2個1セット【送料無料】：azzurri car shop,通信販売通販ショッピングオンラインショッピング買い物プレゼントギフト贈り物贈答品お中元お歳暮お買い得hidhid h4 キットHID H4 キットhidキットhid h11HID H11ハイエース 200系プリウス 30T16 LED バックランプt20 led アンバーled ルームランプルームランプ ledヴェルファイア プリウス30 LEDプリウスα LED T20ウェッジ球セレナｃ26ウインカーポジションキットhb4 hidキットhidキット hb450 エスティマ H18.1～ ACR･GSR5#系 H11 イエロー/黄色　ハロゲンバルブ　純正交換　左右2個1セット【送料無料】,★【送料無料】同梱手数料0円★。50 エスティマ H18.1～ ACR･GSR5#系 H11 イエロー/黄色　ハロゲンバルブ　純正交換　左右2個1セット【送料無料】[rn]
10-163875,http://tshop.r10s.jp/auc-azzurricarshop/cabinet/valve/halo/img61930326.jpg?fitin=700:700,1024.0000,,車用品・バイク用品 > カー用品 > 排気系パーツ > マフラー > トヨタ用,フィット 前期 H13.6～H16.5 GD1･2･3･4 H11 イエロー/黄色　ハロゲンバルブ　純正交換　左右2個1セット【送料無料】,,【重要】同梱に関するお知らせ<br>【必読】送料に関するお知らせ,フィット 前期 H13.6～H16.5 GD1･2･3･4 H11 イエロー/黄色　ハロゲンバルブ　純正交換　左右2個1セット【送料無料】：azzurri car shop,通信販売通販ショッピングオンラインショッピング買い物プレゼントギフト贈り物贈答品お中元お歳暮お買い得hidhid h4 キットHID H4 キットhidキットhid h11HID H11ハイエース 200系プリウス 30T16 LED バックランプt20 led アンバーled ルームランプルームランプ ledヴェルファイア プリウス30 LEDプリウスα LED T20ウェッジ球セレナｃ26ウインカーポジションキットhb4 hidキットhidキット hb4フィット 前期 H13.6～H16.5 GD1･2･3･4 H11 イエロー/黄色　ハロゲンバルブ　純正交換　左右2個1セット【送料無料】,★【送料無料】同梱手数料0円★。フィット 前期 H13.6～H16.5 GD1･2･3･4 H11 イエロー/黄色　ハロゲンバルブ　純正交換　左右2個1セット【送料無料】[rn]
10-163876,http://tshop.r10s.jp/auc-azzurricarshop/cabinet/valve/halo/img61930326.jpg?fitin=700:700,1024.0000,,車用品・バイク用品 > カー用品 > 排気系パーツ > マフラー > トヨタ用,ステップワゴン H21.10～ RK5･6 スパーダ H11 イエロー/黄色　ハロゲンバルブ　純正交換　左右2個1セット【送料無料】,,【重要】同梱に関するお知らせ<br>【必読】送料に関するお知らせ,ステップワゴン H21.10～ RK5･6 スパーダ H11 イエロー/黄色　ハロゲンバルブ　純正交換　左右2個1セット【送料無料】：azzurri car shop,通信販売通販ショッピングオンラインショッピング買い物プレゼントギフト贈り物贈答品お中元お歳暮お買い得hidhid h4 キットHID H4 キットhidキットhid h11HID H11ハイエース 200系プリウス 30T16 LED バックランプt20 led アンバーled ルームランプルームランプ ledヴェルファイア プリウス30 LEDプリウスα LED T20ウェッジ球セレナｃ26ウインカーポジションキットhb4 hidキットhidキット hb4ステップワゴン H21.10～ RK5･6 スパーダ H11 イエロー/黄色　ハロゲンバルブ　純正交換　左右2個1セット【送料無料】,★【送料無料】同梱手数料0円★。ステップワゴン H21.10～ RK5･6 スパーダ H11 イエロー/黄色　ハロゲンバルブ　純正交換　左右2個1セット【送料無料】[rn]
10-163877,http://tshop.r10s.jp/auc-azzurricarshop/cabinet/valve/halo/img61930326.jpg?fitin=700:700,1024.0000,,車用品・バイク用品 > カー用品 > 排気系パーツ > マフラー > トヨタ用,インスパイア H19.12～ CP3 H11 イエロー/黄色　ハロゲンバルブ　純正交換　左右2個1セット【送料無料】,,【重要】同梱に関するお知らせ<br>【必読】送料に関するお知らせ,インスパイア H19.12～ CP3 H11 イエロー/黄色　ハロゲンバルブ　純正交換　左右2個1セット【送料無料】：azzurri car shop,通信販売通販ショッピングオンラインショッピング買い物プレゼントギフト贈り物贈答品お中元お歳暮お買い得hidhid h4 キットHID H4 キットhidキットhid h11HID H11ハイエース 200系プリウス 30T16 LED バックランプt20 led アンバーled ルームランプルームランプ ledヴェルファイア プリウス30 LEDプリウスα LED T20ウェッジ球セレナｃ26ウインカーポジションキットhb4 hidキットhidキット hb4インスパイア H19.12～ CP3 H11 イエロー/黄色　ハロゲンバルブ　純正交換　左右2個1セット【送料無料】,★【送料無料】同梱手数料0円★。インスパイア H19.12～ CP3 H11 イエロー/黄色　ハロゲンバルブ　純正交換　左右2個1セット【送料無料】[rn]
10-163878,http://tshop.r10s.jp/auc-azzurricarshop/cabinet/valve/halo/img61930326.jpg?fitin=700:700,1024.0000,,車用品・バイク用品 > カー用品 > 排気系パーツ > マフラー > トヨタ用,MPV H18.2～ LY3P H11 イエロー/黄色　ハロゲンバルブ　純正交換　左右2個1セット【送料無料】,,【重要】同梱に関するお知らせ<br>【必読】送料に関するお知らせ,MPV H18.2～ LY3P H11 イエロー/黄色　ハロゲンバルブ　純正交換　左右2個1セット【送料無料】：azzurri car shop,通信販売通販ショッピングオンラインショッピング買い物プレゼントギフト贈り物贈答品お中元お歳暮お買い得hidhid h4 キットHID H4 キットhidキットhid h11HID H11ハイエース 200系プリウス 30T16 LED バックランプt20 led アンバーled ルームランプルームランプ ledヴェルファイア プリウス30 LEDプリウスα LED T20ウェッジ球セレナｃ26ウインカーポジションキットhb4 hidキットhidキット hb4MPV H18.2～ LY3P H11 イエロー/黄色　ハロゲンバルブ　純正交換　左右2個1セット【送料無料】,★【送料無料】同梱手数料0円★。MPV H18.2～ LY3P H11 イエロー/黄色　ハロゲンバルブ　純正交換　左右2個1セット【送料無料】[rn]
10-163879,http://tshop.r10s.jp/auc-azzurricarshop/cabinet/valve/halo/img61930326.jpg?fitin=700:700,1024.0000,,車用品・バイク用品 > カー用品 > 排気系パーツ > マフラー > トヨタ用,スイフト 後期 H15.6～H16.10 HT51･81系 H11 イエロー/黄色　ハロゲンバルブ　純正交換　左右2個1セット【送料無料】,,【重要】同梱に関するお知らせ<br>【必読】送料に関するお知らせ,スイフト 後期 H15.6～H16.10 HT51･81系 H11 イエロー/黄色　ハロゲンバルブ　純正交換　左右2個1セット【送料無料】：azzurri car shop,通信販売通販ショッピングオンラインショッピング買い物プレゼントギフト贈り物贈答品お中元お歳暮お買い得hidhid h4 キットHID H4 キットhidキットhid h11HID H11ハイエース 200系プリウス 30T16 LED バックランプt20 led アンバーled ルームランプルームランプ ledヴェルファイア プリウス30 LEDプリウスα LED T20ウェッジ球セレナｃ26ウインカーポジションキットhb4 hidキットhidキット hb4スイフト 後期 H15.6～H16.10 HT51･81系 H11 イエロー/黄色　ハロゲンバルブ　純正交換　左右2個1セット【送料無料】,★【送料無料】同梱手数料0円★。スイフト 後期 H15.6～H16.10 HT51･81系 H11 イエロー/黄色　ハロゲンバルブ　純正交換　左右2個1セット【送料無料】[rn]
10-163880,http://tshop.r10s.jp/auc-azzurricarshop/cabinet/valve/halo/img61930326.jpg?fitin=700:700,1024.0000,,車用品・バイク用品 > カー用品 > 排気系パーツ > マフラー > トヨタ用,bB 前期 H17.12～H19.7 QNC2#系 H11 イエロー/黄色　ハロゲンバルブ　純正交換　左右2個1セット【送料無料】,,【重要】同梱に関するお知らせ<br>【必読】送料に関するお知らせ,bB 前期 H17.12～H19.7 QNC2#系 H11 イエロー/黄色　ハロゲンバルブ　純正交換　左右2個1セット【送料無料】：azzurri car shop,通信販売通販ショッピングオンラインショッピング買い物プレゼントギフト贈り物贈答品お中元お歳暮お買い得hidhid h4 キットHID H4 キットhidキットhid h11HID H11ハイエース 200系プリウス 30T16 LED バックランプt20 led アンバーled ルームランプルームランプ ledヴェルファイア プリウス30 LEDプリウスα LED T20ウェッジ球セレナｃ26ウインカーポジションキットhb4 hidキットhidキット hb4bB 前期 H17.12～H19.7 QNC2#系 H11 イエロー/黄色　ハロゲンバルブ　純正交換　左右2個1セット【送料無料】,★【送料無料】同梱手数料0円★。bB 前期 H17.12～H19.7 QNC2#系 H11 イエロー/黄色　ハロゲンバルブ　純正交換　左右2個1セット【送料無料】[rn]
10-163881,http://tshop.r10s.jp/auc-azzurricarshop/cabinet/valve/halo/img61930326.jpg?fitin=700:700,1024.0000,,車用品・バイク用品 > カー用品 > 排気系パーツ > マフラー > トヨタ用,キザシ H21.10～ RE･RF91S H11 イエロー/黄色　ハロゲンバルブ　純正交換　左右2個1セット【送料無料】,,【重要】同梱に関するお知らせ<br>【必読】送料に関するお知らせ,キザシ H21.10～ RE･RF91S H11 イエロー/黄色　ハロゲンバルブ　純正交換　左右2個1セット【送料無料】：azzurri car shop,通信販売通販ショッピングオンラインショッピング買い物プレゼントギフト贈り物贈答品お中元お歳暮お買い得hidhid h4 キットHID H4 キットhidキットhid h11HID H11ハイエース 200系プリウス 30T16 LED バックランプt20 led アンバーled ルームランプルームランプ ledヴェルファイア プリウス30 LEDプリウスα LED T20ウェッジ球セレナｃ26ウインカーポジションキットhb4 hidキットhidキット hb4キザシ H21.10～ RE･RF91S H11 イエロー/黄色　ハロゲンバルブ　純正交換　左右2個1セット【送料無料】,★【送料無料】同梱手数料0円★。キザシ H21.10～ RE･RF91S H11 イエロー/黄色　ハロゲンバルブ　純正交換　左右2個1セット【送料無料】[rn]
10-163882,http://tshop.r10s.jp/auc-azzurricarshop/cabinet/valve/halo/img61930326.jpg?fitin=700:700,1024.0000,,車用品・バイク用品 > カー用品 > 排気系パーツ > マフラー > トヨタ用,アルティス H18.1～ ACV4#系 H11 イエロー/黄色　ハロゲンバルブ　純正交換　左右2個1セット【送料無料】,,【重要】同梱に関するお知らせ<br>【必読】送料に関するお知らせ,アルティス H18.1～ ACV4#系 H11 イエロー/黄色　ハロゲンバルブ　純正交換　左右2個1セット【送料無料】：azzurri car shop,通信販売通販ショッピングオンラインショッピング買い物プレゼントギフト贈り物贈答品お中元お歳暮お買い得hidhid h4 キットHID H4 キットhidキットhid h11HID H11ハイエース 200系プリウス 30T16 LED バックランプt20 led アンバーled ルームランプルームランプ ledヴェルファイア プリウス30 LEDプリウスα LED T20ウェッジ球セレナｃ26ウインカーポジションキットhb4 hidキットhidキット hb4アルティス H18.1～ ACV4#系 H11 イエロー/黄色　ハロゲンバルブ　純正交換　左右2個1セット【送料無料】,★【送料無料】同梱手数料0円★。アルティス H18.1～ ACV4#系 H11 イエロー/黄色　ハロゲンバルブ　純正交換　左右2個1セット【送料無料】[rn]
10-163883,http://tshop.r10s.jp/auc-azzurricarshop/cabinet/valve/halo/img61930326.jpg?fitin=700:700,1024.0000,,車用品・バイク用品 > カー用品 > 排気系パーツ > マフラー > トヨタ用,カローラ フィールダー 前期 H18.10～H20.9 NZE･ZRE14#系 H11 イエロー/黄色　ハロゲンバルブ　純正交換　左右2個1セット【送料無料】,,【重要】同梱に関するお知らせ<br>【必読】送料に関するお知らせ,カローラ フィールダー 前期 H18.10～H20.9 NZE･ZRE14#系 H11 イエロー/黄色　ハロゲンバルブ　純正交換　左右2個1セット【送料無料】：azzurri car shop,通信販売通販ショッピングオンラインショッピング買い物プレゼントギフト贈り物贈答品お中元お歳暮お買い得hidhid h4 キットHID H4 キットhidキットhid h11HID H11ハイエース 200系プリウス 30T16 LED バックランプt20 led アンバーled ルームランプルームランプ ledヴェルファイア プリウス30 LEDプリウスα LED T20ウェッジ球セレナｃ26ウインカーポジションキットhb4 hidキットhidキット hb4カローラ フィールダー 前期 H18.10～H20.9 NZE･ZRE14#系 H11 イエロー/黄色　ハロゲンバルブ　純正交換　左右2個1セット【送料無料】,★【送料無料】同梱手数料0円★。カローラ フィールダー 前期 H18.10～H20.9 NZE･ZRE14#系 H11 イエロー/黄色　ハロゲンバルブ　純正交換　左右2個1セット【送料無料】[rn]
10-163884,http://tshop.r10s.jp/auc-azzurricarshop/cabinet/valve/halo/img61930326.jpg?fitin=700:700,1024.0000,,車用品・バイク用品 > カー用品 > 排気系パーツ > マフラー > トヨタ用,SX-4 セダン H19.7～ YC11S H11 イエロー/黄色　ハロゲンバルブ　純正交換　左右2個1セット【送料無料】,,【重要】同梱に関するお知らせ<br>【必読】送料に関するお知らせ,SX-4 セダン H19.7～ YC11S H11 イエロー/黄色　ハロゲンバルブ　純正交換　左右2個1セット【送料無料】：azzurri car shop,通信販売通販ショッピングオンラインショッピング買い物プレゼントギフト贈り物贈答品お中元お歳暮お買い得hidhid h4 キットHID H4 キットhidキットhid h11HID H11ハイエース 200系プリウス 30T16 LED バックランプt20 led アンバーled ルームランプルームランプ ledヴェルファイア プリウス30 LEDプリウスα LED T20ウェッジ球セレナｃ26ウインカーポジションキットhb4 hidキットhidキット hb4SX-4 セダン H19.7～ YC11S H11 イエロー/黄色　ハロゲンバルブ　純正交換　左右2個1セット【送料無料】,★【送料無料】同梱手数料0円★。SX-4 セダン H19.7～ YC11S H11 イエロー/黄色　ハロゲンバルブ　純正交換　左右2個1セット【送料無料】[rn]
10-163885,http://tshop.r10s.jp/auc-azzurricarshop/cabinet/valve/halo/img61930326.jpg?fitin=700:700,1024.0000,,車用品・バイク用品 > カー用品 > 排気系パーツ > マフラー > トヨタ用,オーリス 前期 H18.10～H21.9 NZE･ZRE15#系 H11 イエロー/黄色　ハロゲンバルブ　純正交換　左右2個1セット【送料無料】,,【重要】同梱に関するお知らせ<br>【必読】送料に関するお知らせ,オーリス 前期 H18.10～H21.9 NZE･ZRE15#系 H11 イエロー/黄色　ハロゲンバルブ　純正交換　左右2個1セット【送料無料】：azzurri car shop,通信販売通販ショッピングオンラインショッピング買い物プレゼントギフト贈り物贈答品お中元お歳暮お買い得hidhid h4 キットHID H4 キットhidキットhid h11HID H11ハイエース 200系プリウス 30T16 LED バックランプt20 led アンバーled ルームランプルームランプ ledヴェルファイア プリウス30 LEDプリウスα LED T20ウェッジ球セレナｃ26ウインカーポジションキットhb4 hidキットhidキット hb4オーリス 前期 H18.10～H21.9 NZE･ZRE15#系 H11 イエロー/黄色　ハロゲンバルブ　純正交換　左右2個1セット【送料無料】,★【送料無料】同梱手数料0円★。オーリス 前期 H18.10～H21.9 NZE･ZRE15#系 H11 イエロー/黄色　ハロゲンバルブ　純正交換　左右2個1セット【送料無料】[rn]
10-163886,http://tshop.r10s.jp/auc-azzurricarshop/cabinet/valve/halo/img61930326.jpg?fitin=700:700,1024.0000,,車用品・バイク用品 > カー用品 > 排気系パーツ > マフラー > トヨタ用,インサイト H21.2～ ZE2 H11 イエロー/黄色　ハロゲンバルブ　純正交換　左右2個1セット【送料無料】,,【重要】同梱に関するお知らせ<br>【必読】送料に関するお知らせ,インサイト H21.2～ ZE2 H11 イエロー/黄色　ハロゲンバルブ　純正交換　左右2個1セット【送料無料】：azzurri car shop,通信販売通販ショッピングオンラインショッピング買い物プレゼントギフト贈り物贈答品お中元お歳暮お買い得hidhid h4 キットHID H4 キットhidキットhid h11HID H11ハイエース 200系プリウス 30T16 LED バックランプt20 led アンバーled ルームランプルームランプ ledヴェルファイア プリウス30 LEDプリウスα LED T20ウェッジ球セレナｃ26ウインカーポジションキットhb4 hidキットhidキット hb4インサイト H21.2～ ZE2 H11 イエロー/黄色　ハロゲンバルブ　純正交換　左右2個1セット【送料無料】,★【送料無料】同梱手数料0円★。インサイト H21.2～ ZE2 H11 イエロー/黄色　ハロゲンバルブ　純正交換　左右2個1セット【送料無料】[rn]
10-163887,http://tshop.r10s.jp/auc-azzurricarshop/cabinet/valve/halo/img61930326.jpg?fitin=700:700,1024.0000,,車用品・バイク用品 > カー用品 > 排気系パーツ > マフラー > トヨタ用,ストリーム 前期 H12.9～H15.8 RN1･2･3･4 H11 イエロー/黄色　ハロゲンバルブ　純正交換　左右2個1セット【送料無料】,,【重要】同梱に関するお知らせ<br>【必読】送料に関するお知らせ,ストリーム 前期 H12.9～H15.8 RN1･2･3･4 H11 イエロー/黄色　ハロゲンバルブ　純正交換　左右2個1セット【送料無料】：azzurri car shop,通信販売通販ショッピングオンラインショッピング買い物プレゼントギフト贈り物贈答品お中元お歳暮お買い得hidhid h4 キットHID H4 キットhidキットhid h11HID H11ハイエース 200系プリウス 30T16 LED バックランプt20 led アンバーled ルームランプルームランプ ledヴェルファイア プリウス30 LEDプリウスα LED T20ウェッジ球セレナｃ26ウインカーポジションキットhb4 hidキットhidキット hb4ストリーム 前期 H12.9～H15.8 RN1･2･3･4 H11 イエロー/黄色　ハロゲンバルブ　純正交換　左右2個1セット【送料無料】,★【送料無料】同梱手数料0円★。ストリーム 前期 H12.9～H15.8 RN1･2･3･4 H11 イエロー/黄色　ハロゲンバルブ　純正交換　左右2個1セット【送料無料】[rn]
10-163888,http://tshop.r10s.jp/auc-azzurricarshop/cabinet/valve/halo/img61930326.jpg?fitin=700:700,1024.0000,,車用品・バイク用品 > カー用品 > 排気系パーツ > マフラー > トヨタ用,アリオン 前期 H19.6～H22.3 NZT260､ZRT26#系 H11 イエロー/黄色　ハロゲンバルブ　純正交換　左右2個1セット【送料無料】,,【重要】同梱に関するお知らせ<br>【必読】送料に関するお知らせ,アリオン 前期 H19.6～H22.3 NZT260､ZRT26#系 H11 イエロー/黄色　ハロゲンバルブ　純正交換　左右2個1セット【送料無料】：azzurri car shop,通信販売通販ショッピングオンラインショッピング買い物プレゼントギフト贈り物贈答品お中元お歳暮お買い得hidhid h4 キットHID H4 キットhidキットhid h11HID H11ハイエース 200系プリウス 30T16 LED バックランプt20 led アンバーled ルームランプルームランプ ledヴェルファイア プリウス30 LEDプリウスα LED T20ウェッジ球セレナｃ26ウインカーポジションキットhb4 hidキットhidキット hb4アリオン 前期 H19.6～H22.3 NZT260､ZRT26#系 H11 イエロー/黄色　ハロゲンバルブ　純正交換　左右2個1セット【送料無料】,★【送料無料】同梱手数料0円★。アリオン 前期 H19.6～H22.3 NZT260､ZRT26#系 H11 イエロー/黄色　ハロゲンバルブ　純正交換　左右2個1セット【送料無料】[rn]
10-163889,http://tshop.r10s.jp/auc-azzurricarshop/cabinet/valve/halo/img61930326.jpg?fitin=700:700,1024.0000,,車用品・バイク用品 > カー用品 > 排気系パーツ > マフラー > トヨタ用,スイフト 後期 H19.5～H22.8 ZC11・71系 H11 イエロー/黄色　ハロゲンバルブ　純正交換　左右2個1セット【送料無料】,,【重要】同梱に関するお知らせ<br>【必読】送料に関するお知らせ,スイフト 後期 H19.5～H22.8 ZC11・71系 H11 イエロー/黄色　ハロゲンバルブ　純正交換　左右2個1セット【送料無料】：azzurri car shop,通信販売通販ショッピングオンラインショッピング買い物プレゼントギフト贈り物贈答品お中元お歳暮お買い得hidhid h4 キットHID H4 キットhidキットhid h11HID H11ハイエース 200系プリウス 30T16 LED バックランプt20 led アンバーled ルームランプルームランプ ledヴェルファイア プリウス30 LEDプリウスα LED T20ウェッジ球セレナｃ26ウインカーポジションキットhb4 hidキットhidキット hb4スイフト 後期 H19.5～H22.8 ZC11・71系 H11 イエロー/黄色　ハロゲンバルブ　純正交換　左右2個1セット【送料無料】,★【送料無料】同梱手数料0円★。スイフト 後期 H19.5～H22.8 ZC11・71系 H11 イエロー/黄色　ハロゲンバルブ　純正交換　左右2個1セット【送料無料】[rn]
10-163890,http://tshop.r10s.jp/auc-azzurricarshop/cabinet/valve/halo/img61930326.jpg?fitin=700:700,1024.0000,,車用品・バイク用品 > カー用品 > 排気系パーツ > マフラー > トヨタ用,トレジア H23.11～ NCP・NSP12# H11 イエロー/黄色　ハロゲンバルブ　純正交換　左右2個1セット【送料無料】,,【重要】同梱に関するお知らせ<br>【必読】送料に関するお知らせ,トレジア H23.11～ NCP・NSP12# H11 イエロー/黄色　ハロゲンバルブ　純正交換　左右2個1セット【送料無料】：azzurri car shop,通信販売通販ショッピングオンラインショッピング買い物プレゼントギフト贈り物贈答品お中元お歳暮お買い得hidhid h4 キットHID H4 キットhidキットhid h11HID H11ハイエース 200系プリウス 30T16 LED バックランプt20 led アンバーled ルームランプルームランプ ledヴェルファイア プリウス30 LEDプリウスα LED T20ウェッジ球セレナｃ26ウインカーポジションキットhb4 hidキットhidキット hb4トレジア H23.11～ NCP・NSP12# H11 イエロー/黄色　ハロゲンバルブ　純正交換　左右2個1セット【送料無料】,★【送料無料】同梱手数料0円★。トレジア H23.11～ NCP・NSP12# H11 イエロー/黄色　ハロゲンバルブ　純正交換　左右2個1セット【送料無料】[rn]
10-163891,http://tshop.r10s.jp/auc-azzurricarshop/cabinet/valve/halo/img61930326.jpg?fitin=700:700,1024.0000,,車用品・バイク用品 > カー用品 > 排気系パーツ > マフラー > トヨタ用,SAI H21.12～ AZK10 H11 イエロー/黄色　ハロゲンバルブ　純正交換　左右2個1セット【送料無料】,,【重要】同梱に関するお知らせ<br>【必読】送料に関するお知らせ,SAI H21.12～ AZK10 H11 イエロー/黄色　ハロゲンバルブ　純正交換　左右2個1セット【送料無料】：azzurri car shop,通信販売通販ショッピングオンラインショッピング買い物プレゼントギフト贈り物贈答品お中元お歳暮お買い得hidhid h4 キットHID H4 キットhidキットhid h11HID H11ハイエース 200系プリウス 30T16 LED バックランプt20 led アンバーled ルームランプルームランプ ledヴェルファイア プリウス30 LEDプリウスα LED T20ウェッジ球セレナｃ26ウインカーポジションキットhb4 hidキットhidキット hb4SAI H21.12～ AZK10 H11 イエロー/黄色　ハロゲンバルブ　純正交換　左右2個1セット【送料無料】,★【送料無料】同梱手数料0円★。SAI H21.12～ AZK10 H11 イエロー/黄色　ハロゲンバルブ　純正交換　左右2個1セット【送料無料】[rn]
10-163892,http://tshop.r10s.jp/auc-azzurricarshop/cabinet/valve/halo/img61930326.jpg?fitin=700:700,1024.0000,,車用品・バイク用品 > カー用品 > 排気系パーツ > マフラー > トヨタ用,ビアンテ H20.7～ CC系 H11 イエロー/黄色　ハロゲンバルブ　純正交換　左右2個1セット【送料無料】,,【重要】同梱に関するお知らせ<br>【必読】送料に関するお知らせ,ビアンテ H20.7～ CC系 H11 イエロー/黄色　ハロゲンバルブ　純正交換　左右2個1セット【送料無料】：azzurri car shop,通信販売通販ショッピングオンラインショッピング買い物プレゼントギフト贈り物贈答品お中元お歳暮お買い得hidhid h4 キットHID H4 キットhidキットhid h11HID H11ハイエース 200系プリウス 30T16 LED バックランプt20 led アンバーled ルームランプルームランプ ledヴェルファイア プリウス30 LEDプリウスα LED T20ウェッジ球セレナｃ26ウインカーポジションキットhb4 hidキットhidキット hb4ビアンテ H20.7～ CC系 H11 イエロー/黄色　ハロゲンバルブ　純正交換　左右2個1セット【送料無料】,★【送料無料】同梱手数料0円★。ビアンテ H20.7～ CC系 H11 イエロー/黄色　ハロゲンバルブ　純正交換　左右2個1セット【送料無料】[rn]
10-163893,http://tshop.r10s.jp/auc-azzurricarshop/cabinet/valve/halo/img61930326.jpg?fitin=700:700,1024.0000,,車用品・バイク用品 > カー用品 > 排気系パーツ > マフラー > トヨタ用,サファリ（マイナー2回目） H16.8～H19.6 Y61 H11 イエロー/黄色　ハロゲンバルブ　純正交換　左右2個1セット【送料無料】,,【重要】同梱に関するお知らせ<br>【必読】送料に関するお知らせ,サファリ（マイナー2回目） H16.8～H19.6 Y61 H11 イエロー/黄色　ハロゲンバルブ　純正交換　左右2個1セット【送料無料】：azzurri car shop,通信販売通販ショッピングオンラインショッピング買い物プレゼントギフト贈り物贈答品お中元お歳暮お買い得hidhid h4 キットHID H4 キットhidキットhid h11HID H11ハイエース 200系プリウス 30T16 LED バックランプt20 led アンバーled ルームランプルームランプ ledヴェルファイア プリウス30 LEDプリウスα LED T20ウェッジ球セレナｃ26ウインカーポジションキットhb4 hidキットhidキット hb4サファリ（マイナー2回目） H16.8～H19.6 Y61 H11 イエロー/黄色　ハロゲンバルブ　純正交換　左右2個1セット【送料無料】,★【送料無料】同梱手数料0円★。サファリ（マイナー2回目） H16.8～H19.6 Y61 H11 イエロー/黄色　ハロゲンバルブ　純正交換　左右2個1セット【送料無料】[rn]
10-163894,http://tshop.r10s.jp/carparts2/cabinet/gazou3/31019ah005.jpg?fitin=700:700,50400.0000,,車用品・バイク用品 > カー用品 > 排気系パーツ > マフラー > ホンダ用,[送料無料][在庫有り]HKS（エッチ・ケー・エス）HiPower Muffler Spec-L/ ハイパワーマフラー スペック L S660用品番：31019-AH005,排気効率を重視したストレート構造,"軽量に拘った真のチューニングスペックマフラー。
　抜けの良いストレート構造とノーマルから1.5kg減の軽さ。
　チタンではなくSUS304を使用することで軽さとお求めやすさを両立。
　街乗りでは脈動を伴ったワイルドな低音、高回転ではやや荒れた力強い高音と、
　全領域で厚みのある低音や高音が大きめの音量で楽しめる。
　カーボンのテールカバーでストイックなコンセプトを表現する。",[送料無料][在庫有り]HKS（エッチ・ケー・エス）HiPower Muffler Spec-L/ ハイパワーマフラー スペック L S660用品番：31019-AH005：CARPARTS Web Store,カー用品カーパーツアーシングドレスアップチューンアップフジツボマフラーレーダー探知機スプリング盗難防止品TRDカーセキュリティカーナビゲーションエアロパーツエアクリーナー燃費向上車高調ドアバイザーカスタムカーエンジンオイル[送料無料][在庫有り]HKS（エッチ・ケー・エス）HiPower Muffler Spec-L/ ハイパワーマフラー スペック L S660用品番：31019-AH005,排気効率を重視したストレート構造。[送料無料][在庫有り]HKS（エッチ・ケー・エス）HiPower Muffler Spec-L/ ハイパワーマフラー スペック L S660用品番：31019-AH005[rn]
10-163895,http://tshop.r10s.jp/yatoh/cabinet/hks/31019ah005-1.jpg?fitin=700:700,54432.0000,,車用品・バイク用品 > カー用品 > 排気系パーツ > マフラー > ホンダ用,HKS Hi Power SPEC-L ホンダ S660 JW5用 (31019-AH005)【JQR認定品】【マフラー】,【送料無料】エッチケーエス ハイパワースペックエル,"<TABLE cellpadding=""10"" cellspacing=""1"" bgcolor=""#000080"" width=""300""><TR><TD colspan=""2"" bgcolor=""#333366""><FONT color=""#000040""><B><FONT color=""#ffffff"">商品情報</FONT></B></FONT></TD></TR><TR><TD bgcolor=""#f4f4ff"" width=""80""><FONT color=""#333366"">【商品名】</FONT></TD><TD bgcolor=""#f4f4ff""><FONT color=""#333366"">HKS Hi POWER SPEC-L MUFFLER<br>エッチケーエス ハイパワースペックエル マフラー</FONT></TD></TR><TR><TD bgcolor=""#f4f4ff"" width=""80""><FONT color=""#333366"">【設定車種】</FONT></TD><TD bgcolor=""#f4f4ff""><FONT color=""#333366"">

対応車種： HONDA S660<BR>
適応型式： DBA-JW5<BR>
エンジン型式： S07A<BR>
年式： 2015年4月～
</FONT></TD></TR><TR><TD bgcolor=""#f4f4ff"" width=""80""><FONT color=""#333366"">【特長】</FONT></TD><TD bgcolor=""#f4f4ff""><FONT color=""#333366""><B>＜スペック＞</B><BR>出口形状： HP（カーボン）<BR>
材質： SUS304<BR>
出口径： 75φx2<BR>
メイン径： 45-50-45φx2<BR>
近接排気騒音： 88dB(CVT：90dB)
<BR><BR><B>＜備考＞</B><BR>
● JQR認定品 JQR10162109<BR>
</FONT></TD></TR><TR><TD bgcolor=""#f4f4ff"" width=""80""><FONT color=""#333366"">【納期】</FONT></TD><TD bgcolor=""#f4f4ff""><FONT color=""#333366"">こちらの商品はメーカー取寄せです。メーカーに在庫がある場合で2～3日程でご用意可能です。但し、メーカーが在庫を切らしている場合には商品のご用意にお時間が掛かる場合がございます。<BR><BR>※ お急ぎご入用の場合にはご注文前に一度納期をお問合せ下さい。<BR></FONT></TD></TR><TR><TD bgcolor=""#f4f4ff"" width=""80""><FONT color=""#333366"">【注意事項】</FONT></TD><TD bgcolor=""#f4f4ff""><FONT color=""#333366""><FONT color=""#fb9306""><B>★ 御注文をいただける際には装着可否もございますので装着予定の車種、グレード、年式、型式、をご記入下さいませ。</B></FONT><BR><BR><B>● 通信販売お取扱店舗<BR>矢東タイヤ富士店（TEL：0545-72-0123）<BR>お電話でのお問い合わせは上記店舗宛てにお願いします。</B><BR><BR>● 店頭にご来店頂いての取付作業も可能です。（一部店舗及び一部車種は承ってません）作業工賃は別途発生します。詳しくは各店舗へと直接お問い合わせ下さい。<BR><BR>● 記載対応車種でも車輌の個体差、諸条件により装着できない場合があります。<BR><BR>● 排気管にダブル出口、左右出口の場合、均等に排気しないことがあります。<BR><BR>● 遠隔地、島嶼部など一部地域につきましては別途追加送料が掛かる場合がございますので予めご了承下さい。<BR><BR>＜車検について＞<BR>製品のご使用はユーザー様の責任において道路運送法の保安基準の合致内容をご理解の上ご使用下さい。<BR><BR>※掲載写真は商品イメージです。品番、仕様により現品と異なる場合がございます。</FONT></TD></TR></TABLE>",HKS Hi Power SPEC-L ホンダ S660 JW5用 (31019-AH005)【JQR認定品】【マフラー】：矢東タイヤ,タイヤホィールマックガードレカロジャッキホイールスタッドレスシートベルトチャイルドシート東京静岡タイヤ交換パンクアライメントサスペンションスプリングショックアブソーバートルクレンチHKS Hi Power SPEC-L ホンダ S660 JW5用 (31019-AH005)【JQR認定品】【マフラー】,【送料無料】エッチケーエス ハイパワースペックエル。HKS Hi Power SPEC-L ホンダ S660 JW5用 (31019-AH005)【JQR認定品】【マフラー】[rn]
10-163896,http://tshop.r10s.jp/yatoh/cabinet/kakimoto/h713103-1.jpg?fitin=700:700,64627.2000,,車用品・バイク用品 > カー用品 > 排気系パーツ > マフラー > ホンダ用,柿本改 カキモトレーシング Class KR ホンダ S660 JW5用 (H713103)【マフラー】,【送料無料】【代引手数料無料】KAKIMOTO,"<TABLE cellpadding=""10"" cellspacing=""1"" bgcolor=""#000080"" width=""300""><TR><TD colspan=""2"" bgcolor=""#333366""><FONT color=""#000040""><B><FONT color=""#ffffff"">商品情報</FONT></B></FONT></TD></TR><TR><TD bgcolor=""#f4f4ff"" width=""80""><FONT color=""#333366"">【商品名】</FONT></TD><TD bgcolor=""#f4f4ff""><FONT color=""#333366"">KAKIMOTO Class KR<br>カキモト（柿本）クラスケーアール</FONT></TD></TR><TR><TD bgcolor=""#f4f4ff"" width=""80""><FONT color=""#333366"">【設定車種】</FONT></TD><TD bgcolor=""#f4f4ff""><FONT color=""#333366"">

対応車種： HONDA S660<BR>
適応グレード： アルファ/ベータ 6MT/CVT<BR>適応型式： DBA-JW5<BR>
エンジン型式： S07A（T）<BR>
年式： 2015/4～</FONT></TD></TR><TR><TD bgcolor=""#f4f4ff"" width=""80""><FONT color=""#333366"">【特長】</FONT></TD><TD bgcolor=""#f4f4ff""><FONT color=""#333366""><B>■スペック</B><BR>
メイン径： 50φ<BR>
タイコ： -<BR>
出口径： φ70W SLASH<BR>
材質： SUS304ステンレス<BR>
近接排気騒音： 90dB<BR>
<BR>
<B>■備考</B><BR>
● JQR認定品　JQR10152141<BR>● リアピースのみ<BR>● 取付にはバンパー及び遮熱版の脱着が必要<BR></FONT></TD></TR><TR><TD bgcolor=""#f4f4ff"" width=""80""><FONT color=""#333366"">【納期】</FONT></TD><TD bgcolor=""#f4f4ff""><FONT color=""#333366"">こちらの商品はメーカー取寄せです。メーカーに在庫がある場合は数日でご用意可能です。但し、メーカーが在庫を切らしている場合、一部の受注生産品につきましては商品のご用意に2週間～数ヶ月を要する場合がございます。<BR><BR>※ お急ぎご入用の場合にはご注文前に一度納期をお問合せ下さい。<BR></FONT></TD></TR><TR><TD bgcolor=""#f4f4ff"" width=""80""><FONT color=""#333366"">【注意事項】</FONT></TD><TD bgcolor=""#f4f4ff""><FONT color=""#333366""><FONT color=""#fb9306""><B>御注文をいただける際には装着可否もございますので装着予定の車種、グレード、年式、型式、をご記入下さいませ。</B></FONT><BR><BR><B><FONT color=""#fb9306""><FONT color=""#333366"">● 通信販売お取扱店舗<BR><FONT color=""#fb9306""><FONT color=""#333366"">伊豆函南店（TEL：055-979-4646）</FONT></FONT><BR>お電話でのお問い合わせは上記店舗宛てにお願いします。</FONT></FONT></B><BR><BR>● 店頭にご来店頂いての取付作業も可能です。（一部店舗では承ってません）作業工賃は別途発生します。詳しくは各店舗へと直接お問い合わせ下さい。<BR><BR>● 記載対応車種でも車輌の個体差、諸条件により装着できない場合があります。<BR><BR>● 排気管にダブル出口、左右出口の場合、均等に排気しないことがあります。<BR><BR>＜車検について＞<BR>製品のご使用はユーザー様の責任において道路運送法の保安基準の合致内容をご理解の上ご使用下さい。<BR><BR>※掲載写真は商品イメージです。車種、仕様により現品と異なります。</FONT></TD></TR></TABLE>",柿本改 カキモトレーシング Class KR ホンダ S660 JW5用 (H713103)【マフラー】：矢東タイヤ,タイヤホィールマックガードレカロジャッキホイールスタッドレスシートベルトチャイルドシート東京静岡タイヤ交換パンクアライメントサスペンションスプリングショックアブソーバートルクレンチ柿本改 カキモトレーシング Class KR ホンダ S660 JW5用 (H713103)【マフラー】,【送料無料】【代引手数料無料】KAKIMOTO。柿本改 カキモトレーシング Class KR ホンダ S660 JW5用 (H713103)【マフラー】[rn]
10-163897,http://tshop.r10s.jp/car-product-re/cabinet/6fh/imgrc0079367504.jpg?fitin=700:700,57200.0000,,車用品・バイク用品 > カー用品 > 排気系パーツ > マフラー > ホンダ用,【車検対応】ロッソモデロ COLBASSO FORTUNA マフラーホンダ S660 JW5 MT / CVT 共用 S660マフラー,【送料無料！車検対応！】ホンダ JW5 S660マフラー MT/CVT共用,"【車種】<BR>ホンダ S660<BR><BR>
【型式】<BR>DBA-JW5（MT / CVT共用）<BR><BR>
【エンジン型式】<BR>S07A<BR><BR>
【グレード】<BR>α、β（MT / CVT共用）<BR><BR>
【年式】<BR>平成27年4月～現行<BR><BR>
【音量】<BR>
MT：91dB（4,500回転時）<BR>
CVT：86dB（4,000回転時：回転カット） <BR>
走りのマインドを刺激する軽快な低音系スポーツサウンド。<BR>車検・新規制対応マフラーです。<BR><BR>
【最低地上高】<BR>170mm（テール部）<BR><BR>
【備考】<BR>MT / CVT共用<BR>ノーマル車高用<BR>
無限エアロ対応<BR>
モデューロエアロ対応<BR>中間パイプからの交換タイプ（3ピース構成）<BR><BR>
【付属品】<BR>M8ナット×2<BR>平ワッシャー×2<BR>M10ボルト×4<BR>M10ナット×4<BR>ガスケット×2<BR>取扱説明書。<BR>（その他の部品は純正を再利用して頂きます。）<BR><BR>
【テールカラー】<BR>ブルー、サンセットブルー、クリアチタン<BR><BR><BR>

※マフラー取付時、要バンパー脱着<BR>
※無限エアロ対応<BR>
※モデューロエアロ対応<BR>
※車検対応証明プレートはマフラー本体に溶接されております。",【車検対応】ロッソモデロ COLBASSO FORTUNA マフラーホンダ S660 JW5 MT / CVT 共用 S660マフラー：Ｌａ Aｍａｌｆｉ,スポーツマフラー排気系パーツマフラー社外マフラーカーパーツワンオフ柿本フジツボHKSBLITZモンスターD-SPORTガナドールTRUSTトラストロッソモデロコペン LA400Kスイフトスポーツ ZC32SJQRJASMA【車検対応】ロッソモデロ COLBASSO FORTUNA マフラーホンダ S660 JW5 MT / CVT 共用 S660マフラー,【送料無料！車検対応！】ホンダ JW5 S660マフラー MT/CVT共用。【車検対応】ロッソモデロ COLBASSO FORTUNA マフラーホンダ S660 JW5 MT / CVT 共用 S660マフラー[rn]
10-163898,http://tshop.r10s.jp/rs-online/cabinet/hks/imgrc0066396417.gif?fitin=700:700,50400.0000,,車用品・バイク用品 > カー用品 > 排気系パーツ > マフラー > ホンダ用,【 ホンダ S660 型式 DBA-JW5 エンジン形式 S07Aターボ 年式 2015/4- ≪ テール カーボン仕様 75Φセンターダブル出し仕様 ≫】【 HKSマフラー ハイパワースペックL 】【 品番 31019-AH005 】,■ 送料無料 HKS HiPower SPEC L マフラー ■,"・HKS エッチケーエス
・マフラーシリーズ
　エンジンチューナーとしての視点からもエキゾーストを開発。総合的にマシンを仕上げる「トータルチューニング」を確立し、エキゾースト単体では味わえない性能を引き出してきました。これまでの経験で培ったすべてがマフラーシリーズにも込められています。
・適合車種詳細、製品詳細などに関しては、2枚目・3枚目の画像に掲載御座います。
※車種別設計品ではありますが、車輌個体差などによって、各所加工を要する場合もございます。
※効果は車種個体差により異なります。
・取付に関しては、車種によって個人様では取付困難な内容もある場合ありますので、最寄のショップ様や整備工場様等でのお取付も合わせてお薦め致します。
※車種別の取付方法や装着後の使用や作動に関する一切のフォローはメーカーさんへお問合せ下さい。
●メーカーさんからの取寄品となります。
・欠品中の場合納期かかる場合がございます。お時間に限りある方、お急ぎな方は納期の確認をお願いします。
※離島の御客様は送料分「着払い」となる場合がございます",【 ホンダ S660 型式 DBA-JW5 エンジン形式 S07Aターボ 年式 2015/4- ≪ テール カーボン仕様 75Φセンターダブル出し仕様 ≫】【 HKSマフラー ハイパワースペックL 】【 品番 31019-AH005 】：アールエス,clazzio無限シートカバーケンスタイルKENSTYLEタントNBOXトムスマフラーHKSフジツボGANADORBellezzaステアリングアルファードヴェルファイアヴォクシーステップワゴン柿本S660【 ホンダ S660 型式 DBA-JW5 エンジン形式 S07Aターボ 年式 2015/4- ≪ テール カーボン仕様 75Φセンターダブル出し仕様 ≫】【 HKSマフラー ハイパワースペックL 】【 品番 31019-AH005 】,■ 送料無料 HKS HiPower SPEC L マフラー ■。【 ホンダ S660 型式 DBA-JW5 エンジン形式 S07Aターボ 年式 2015/4- ≪ テール カーボン仕様 75Φセンターダブル出し仕様 ≫】【 HKSマフラー ハイパワースペックL 】【 品番 31019-AH005 】[rn]
10-163899,http://tshop.r10s.jp/gyouhan-shop/cabinet/hardparts/g1016080000487.jpg?fitin=700:700,97995.2000,,車用品・バイク用品 > カー用品 > 排気系パーツ > マフラー > ホンダ用,無限 MUGEN 61000-XMDE-K0S0-PO ｽﾀｲﾘﾝｸﾞｾｯﾄ ﾎﾟﾘｯｼｭﾄﾞﾒﾀﾙ･ﾒﾀﾘｯｸ N-BOX/ｶｽﾀﾑ,【HONDA WORKS 純正パーツ】,"<b>【クレジットカード使用OK！】</b><br>【納期目安】3～8営業日<br><br>

<b>◆お取引上のご注意◆</b><br>
<b>1.この商品はメーカー直送商品のため、代引でのお取引はできません</b><br>
<b>2.この商品は発送先が限定されております。個人宅への発送はできません。</b><br>
商品をお取付される<b>整備工場、ディーラー、ガソリンスタンドなどの業者様へのみ発送</b>のみとなっております。<br><br>
上記内容をご確認の上、ご注文いただけます様、よろしくお願い致します。<br><br>
尚、確認のため、ご注文の際、<b>以下の各項目に確認済みのチェックを入れていただいてから</b>ご注文のお手続きを進めてください。<br><br>

●適合・詳細はメーカーHPをご確認下さい。当店とメーカー表記が異なった場合、メーカー表記を優先させていただきます●<br><br><img src=""http://image.rakuten.co.jp/gyouhan-shop/cabinet/hardparts/mugen-1.jpg"" width=""320"">
<br><br>
<b>【HONDA WORKS】無限 MUGEN マフラー スポーツサイレンサー 18000-XG4 -K1S0 ビート PP1  エムテック</b><br><br>
<img src=""http://image.rakuten.co.jp/gyouhan-shop/cabinet/hardparts/g1014050000008-1.jpg"" width=""320""><br><br>

商品の詳細や適合等は必ずメーカーホームページ等でご確認下さい。<br><br>

メーカーＨＰはこちらから",無限 MUGEN 61000-XMDE-K0S0-PO ｽﾀｲﾘﾝｸﾞｾｯﾄ ﾎﾟﾘｯｼｭﾄﾞﾒﾀﾙ･ﾒﾀﾘｯｸ N-BOX/ｶｽﾀﾑ：業販ネットショップ楽天市場店,ADK-6150036パンク修理レーダーETCカーメイトキャリアPIAAINNOEXGELエクスジェル腰痛エルゴテックスロッドホルダースライム横浜油脂ADK-51LC04ヴァレンティRBR-T2無限 MUGEN 61000-XMDE-K0S0-PO ｽﾀｲﾘﾝｸﾞｾｯﾄ ﾎﾟﾘｯｼｭﾄﾞﾒﾀﾙ･ﾒﾀﾘｯｸ N-BOX/ｶｽﾀﾑ,【HONDA WORKS 純正パーツ】。無限 MUGEN 61000-XMDE-K0S0-PO ｽﾀｲﾘﾝｸﾞｾｯﾄ ﾎﾟﾘｯｼｭﾄﾞﾒﾀﾙ･ﾒﾀﾘｯｸ N-BOX/ｶｽﾀﾑ[rn]
10-163900,http://tshop.r10s.jp/gyouhan-shop/cabinet/hardparts/er-tune.jpg?fitin=700:700,59422.4000,,車用品・バイク用品 > カー用品 > 排気系パーツ > マフラー > ホンダ用,TANABE  タナベ Medarion　eR-TUNE GA メダリオン ユーロチューン GA エリシオン プレステージ RR5 SUS304オ-ルステン サイレント系マフラー EH16SS-GA,【期間限定特価】★クレジットカード利用可★,"TANABE  タナベ Medarion　eR-TUNE GA メダリオン ユーロチューン GA エリシオン プレステージ RR5 SUS304オ-ルステン サイレント系マフラー EH16SS-GA【クレジットカード使用OK！】【納期目安】4～14営業日での出荷
※こちらの商品はメーカー直送商品となります。
※商品手配・発送後のキャンセルはお受けできませんので、お気をつけください。
※商品発送後の商品交換はお受けできません。適合は必ずご確認ください。
●商品ページに記載しております確認事項を必読願います。●適合・詳細はメーカーHPをご確認下さい。当店とメーカー表記が異なった場合、メーカー表記を優先させていただきます●",TANABE  タナベ Medarion　eR-TUNE GA メダリオン ユーロチューン GA エリシオン プレステージ RR5 SUS304オ-ルステン サイレント系マフラー EH16SS-GA：業販ネットショップ楽天市場店,ADK-6150036パンク修理レーダーETCカーメイトキャリアPIAAINNOEXGELエクスジェル腰痛エルゴテックスロッドホルダースライム横浜油脂ADK-51LC04ヴァレンティRBR-T2TANABE  タナベ Medarion　eR-TUNE GA メダリオン ユーロチューン GA エリシオン プレステージ RR5 SUS304オ-ルステン サイレント系マフラー EH16SS-GA,【期間限定特価】★クレジットカード利用可★。TANABE  タナベ Medarion　eR-TUNE GA メダリオン ユーロチューン GA エリシオン プレステージ RR5 SUS304オ-ルステン サイレント系マフラー EH16SS-GA[rn]
