10-61301,http://tshop.r10s.jp/hotroadtoyohashi/cabinet/1605/7160524916_1.jpg?fitin=700:700,1022.4000,,車用品・バイク用品 > カー用品 > 内装パーツ > フロアマット > その他,シーエー：フロアーマット フロント 軽自動車 コンパクトカー 610×460mm 黒 ブラック/M-667,【10000円～送料無料】【定番商品】,軽自動車・コンパクトカー用(1000cc～1500ccの乗用車)ズレないカーマット!!<br><br>製品サイズと車内のスペースをお調べ頂いてからご購入をお願い致します。<br><br>【製品サイズ】<br>610×460mm<br><br>【メーカー】<br>シーエー産商<br><br>,シーエー：フロアーマット フロント 軽自動車 コンパクトカー 610&times;460mm 黒 ブラック/M-667：カー用品のHot Road Second Shop,シーエー：フロアーマット フロント 軽自動車 コンパクトカー 610&times;460mm 黒 ブラック/M-667,【10000円～送料無料】【定番商品】。シーエー：フロアーマット フロント 軽自動車 コンパクトカー 610&times;460mm 黒 ブラック/M-667[rn]
10-61302,http://tshop.r10s.jp/hotroadtoyohashi/cabinet/1605/7160524917_1.jpg?fitin=700:700,814.4000,,車用品・バイク用品 > カー用品 > 内装パーツ > フロアマット > その他,シーエー：フロアーマット リア 軽自動車用 コンパクトカー 380×440mm 黒 ブラック/M-670,【10000円～送料無料】【定番商品】,軽自動車・コンパクトカー用(1000cc～1500ccの乗用車)ズレないカーマット!!<br><br>製品サイズと車内のスペースをお調べ頂いてからご購入をお願い致します。<br><br>【製品サイズ】<br>610×460mm<br><br>【メーカー】<br>シーエー産商<br><br>,シーエー：フロアーマット リア 軽自動車用 コンパクトカー 380&times;440mm 黒 ブラック/M-670：カー用品のHot Road Second Shop,シーエー：フロアーマット リア 軽自動車用 コンパクトカー 380&times;440mm 黒 ブラック/M-670,【10000円～送料無料】【定番商品】。シーエー：フロアーマット リア 軽自動車用 コンパクトカー 380&times;440mm 黒 ブラック/M-670[rn]
10-61303,http://tshop.r10s.jp/hotroadtoyohashi/cabinet/1605/7160524918_1.jpg?fitin=700:700,745.6000,,車用品・バイク用品 > カー用品 > 内装パーツ > フロアマット > その他,シーエー：フロアーマット ピタマット 車 ベージュ Sサイズ 450×400mm /M-714,【10000円～送料無料】【定番商品】,ズレにくいピタマット!!<br><br>PVC発砲素材でズレを防ぎます。<br><br>製品サイズと車内のスペースをお調べ頂いてからご購入をお願い致します。<br><br>【製品サイズ】<br>Sサイズ約(450×400mm)<br><br>【メーカー】<br>シーエー産商<br><br>【素材】<br>表:ポリエステル100%<br>裏:PVC発砲樹脂100%<br><br>,シーエー：フロアーマット ピタマット 車 ベージュ Sサイズ 450&times;400mm /M-714：カー用品のHot Road Second Shop,シーエー：フロアーマット ピタマット 車 ベージュ Sサイズ 450&times;400mm /M-714,【10000円～送料無料】【定番商品】。シーエー：フロアーマット ピタマット 車 ベージュ Sサイズ 450&times;400mm /M-714[rn]
10-61304,http://tshop.r10s.jp/hotroadtoyohashi/cabinet/1605/7160524922_1.jpg?fitin=700:700,1022.4000,,車用品・バイク用品 > カー用品 > 内装パーツ > フロアマット > その他,シーエー：フロアーマット ピタマット 黒 ブラック Mサイズ 450×600mm/M-718,【10000円～送料無料】【定番商品】,ズレにくいピタマット!!<br><br>PVC発砲素材でズレを防ぎます。<br><br>製品サイズと車内のスペースをお調べ頂いてからご購入をお願い致します。<br><br>【製品サイズ】<br>Mサイズ約(450×600mm)<br><br>【メーカー】<br>シーエー産商<br><br>【素材】<br>表:ポリエステル100%<br>裏:PVC発砲樹脂100%<br><br>,シーエー：フロアーマット ピタマット 黒 ブラック Mサイズ 450&times;600mm/M-718：カー用品のHot Road Second Shop,シーエー：フロアーマット ピタマット 黒 ブラック Mサイズ 450&times;600mm/M-718,【10000円～送料無料】【定番商品】。シーエー：フロアーマット ピタマット 黒 ブラック Mサイズ 450&times;600mm/M-718[rn]
10-61305,http://tshop.r10s.jp/hotroadtoyohashi/cabinet/1605/7160524930_1.jpg?fitin=700:700,388.8000,,車用品・バイク用品 > カー用品 > 内装パーツ > フロアマット > その他,シーエー：フロアーマット カーマット 車 ヘリンボン 450×400mm/M-772,【10000円～送料無料】【定番商品】,車内用フロアーマット。<br><br>製品サイズと車内のスペースをお調べ頂いてからご購入をお願い致します。<br><br>【製品サイズ】<br>約(横450×縦400mm)<br><br>【メーカー】<br>シーエー産商<br><br><br>,シーエー：フロアーマット カーマット 車 ヘリンボン 450&times;400mm/M-772：カー用品のHot Road Second Shop,シーエー：フロアーマット カーマット 車 ヘリンボン 450&times;400mm/M-772,【10000円～送料無料】【定番商品】。シーエー：フロアーマット カーマット 車 ヘリンボン 450&times;400mm/M-772[rn]
10-61306,http://tshop.r10s.jp/hotroadtoyohashi/cabinet/1605/7160524931_1.jpg?fitin=700:700,979.2000,,車用品・バイク用品 > カー用品 > 内装パーツ > フロアマット > その他,シーエー：フロアーマット カーマット 車 フロント リア 450×590mm ベージュ/M-834,【10000円～送料無料】【定番商品】,車内用フロアーマット。<br><br>製品サイズと車内のスペースをお調べ頂いてからご購入をお願い致します。<br><br>【製品サイズ】<br>約(横450×縦590mm)<br><br>【品質】<br>(表)ポリエステル<br>(中)低反発ポリウレタン<br>(裏)SBR<br><br>【メーカー】<br>シーエー産商<br><br><br>,シーエー：フロアーマット カーマット 車 フロント リア 450&times;590mm ベージュ/M-834：カー用品のHot Road Second Shop,シーエー：フロアーマット カーマット 車 フロント リア 450&times;590mm ベージュ/M-834,【10000円～送料無料】【定番商品】。シーエー：フロアーマット カーマット 車 フロント リア 450&times;590mm ベージュ/M-834[rn]
10-61307,http://tshop.r10s.jp/hotroadtoyohashi/cabinet/1605/7160524928_1.jpg?fitin=700:700,331.2000,,車用品・バイク用品 > カー用品 > 内装パーツ > フロアマット > その他,シーエー：フロアーマット カーマット 車 チェック 450×400mm/M-759,【10000円～送料無料】【定番商品】,車内用フロアーマット。<br><br>製品サイズと車内のスペースをお調べ頂いてからご購入をお願い致します。<br><br>【製品サイズ】<br>約(横450×縦400mm)<br><br>【メーカー】<br>シーエー産商<br><br><br>,シーエー：フロアーマット カーマット 車 チェック 450&times;400mm/M-759：カー用品のHot Road Second Shop,シーエー：フロアーマット カーマット 車 チェック 450&times;400mm/M-759,【10000円～送料無料】【定番商品】。シーエー：フロアーマット カーマット 車 チェック 450&times;400mm/M-759[rn]
10-61308,http://tshop.r10s.jp/hotroadtoyohashi/cabinet/1605/7160524926_1.jpg?fitin=700:700,360.0000,,車用品・バイク用品 > カー用品 > 内装パーツ > フロアマット > その他,シーエー：フロアーマット カーマット 車 黒 ブラック 450×600mm/M-755,【10000円～送料無料】【定番商品】,車内用フロアーマット。<br><br>製品サイズと車内のスペースをお調べ頂いてからご購入をお願い致します。<br><br>【製品サイズ】<br>約(横450×縦600mm)<br><br>【メーカー】<br>シーエー産商<br><br><br>,シーエー：フロアーマット カーマット 車 黒 ブラック 450&times;600mm/M-755：カー用品のHot Road Second Shop,シーエー：フロアーマット カーマット 車 黒 ブラック 450&times;600mm/M-755,【10000円～送料無料】【定番商品】。シーエー：フロアーマット カーマット 車 黒 ブラック 450&times;600mm/M-755[rn]
10-61309,http://tshop.r10s.jp/gyouhan-shop/cabinet/etc2/m-718m.jpg?fitin=700:700,844.8000,,車用品・バイク用品 > カー用品 > 内装パーツ > フロアマット > その他,CAアーガイルピタマット【普通自動車用】サイズM 汎用モデル M-718M ＣＡ産商,★クレジットカード利用可★,"CAアーガイルピタマット【普通自動車用】サイズM 汎用モデル M-718M ＣＡ産商【クレジットカード使用OK！】【納期目安】3～8営業日
●適合・詳細はメーカーHPをご確認下さい。当店とメーカー表記が異なった場合、メーカー表記を優先させていただきます●",CAアーガイルピタマット【普通自動車用】サイズM 汎用モデル M-718M ＣＡ産商：業販ネットショップ楽天市場店,ADK-6150036パンク修理レーダーETCカーメイトキャリアPIAAINNOEXGELエクスジェル腰痛エルゴテックスロッドホルダースライム横浜油脂ADK-51LC04ヴァレンティRBR-T2CAアーガイルピタマット【普通自動車用】サイズM 汎用モデル M-718M ＣＡ産商,★クレジットカード利用可★。CAアーガイルピタマット【普通自動車用】サイズM 汎用モデル M-718M ＣＡ産商[rn]
10-61310,http://tshop.r10s.jp/hotroadparts/cabinet/1205/9120516200_1.jpg?fitin=700:700,2600.0000,,車用品・バイク用品 > カー用品 > 内装パーツ > フロアマット > その他,アルミ調メタルマット 汎用フロアマット4枚 イルミも反射 アメ車風/ブレイス/BRAiTH：BM-618,【あす楽対応】,メタルの輝きで車内のアクセントに！<br>アルミ調の汎用フロアマットです。<br><br><br>●フロント用2セット・リア用2セットの4枚組です。<br>●お手軽、安価でアメリカンな雰囲気に！！<br>●車内のおしゃれに！フロアの保護に！<br>●水洗いOKです。裏面は滑り止めラバー仕様です。<br>●足元にイルミネーションを設置しているお車でしたら、メタルマットに反射して派手に輝きます！<br><br><br>【サイズ】<br>フロント：長さ/約70cm 幅/約45.6cm<br>リア：長さ/約41.7cm 幅/約45.6cm<br><br>【注意事項】<br>本製品は汎用品となりますので、車種によっては適合しない場合がございます。<br>事前にお取付するお車のフロアの寸法をご確認ください。<br><br>品番：BM-618<br>メーカー：ブレイス/BRAiTH,アルミ調メタルマット 汎用フロアマット4枚 イルミも反射 アメ車風/ブレイス/BRAiTH：BM-618：カー用品通販のホットロードパーツ,アルミ調メタルマット 汎用フロアマット4枚 イルミも反射 アメ車風/ブレイス/BRAiTH：BM-618,【あす楽対応】。アルミ調メタルマット 汎用フロアマット4枚 イルミも反射 アメ車風/ブレイス/BRAiTH：BM-618[rn]
10-61311,http://tshop.r10s.jp/hotroadparts/cabinet/1605/7160524926_1.jpg?fitin=700:700,400.0000,,車用品・バイク用品 > カー用品 > 内装パーツ > フロアマット > その他,シーエー：フロアーマット カーマット 車 黒 ブラック 450×600mm/M-755,,車内用フロアーマット。<br><br>製品サイズと車内のスペースをお調べ頂いてからご購入をお願い致します。<br><br>【製品サイズ】<br>約(横450×縦600mm)<br><br>【メーカー】<br>シーエー産商<br><br><br>,シーエー：フロアーマット カーマット 車 黒 ブラック 450&times;600mm/M-755：カー用品通販のホットロードパーツ,シーエー：フロアーマット カーマット 車 黒 ブラック 450&times;600mm/M-755,シーエー：フロアーマット カーマット 車 黒 ブラック 450&times;600mm/M-755[rn]
10-61312,http://tshop.r10s.jp/hotroadparts/cabinet/1507/7150716200_1.jpg?fitin=700:700,3352.8000,,車用品・バイク用品 > カー用品 > 内装パーツ > フロアマット > その他,フロアマット 4ピースセット ブラック/レッド 汎用マット /スパルコ/sparco CORSA：SPC1903,【あす楽対応】,イタリアを代表するカー用品ブランド「スパルコ」！！<br>「スパルコ」のイメージをそのままアクセサリーに反映させたのが「SPARCO CORSA」です。<br><br><br>室内をスポーティに演出する、SPCフロアマット<br><br>●spcのロゴが足元で目立つ汎用マット。<br><br>●4ピースセットで、運転席、助手席、そして後部座席の左右のフロアに敷くこと可能。<br><br>●ほとんどの車種をカバーするユニバーサル形状。<br><br>●オールシーズン対応<br><br>●すべり止めバッキング<br><br>●お手入れ簡単<br><br>●左ハンドル・右ハンドル共通<br><br>■セット内容<br>・フロントマット×2枚、リアマット×2枚<br><br>■サイズ<br>・フロント：650mm×470mm<br>・リア：300mm×400mm<br><br>カラー：ブラック/レッド<br>メーカー：スパルコ/sparco CORSA<br>品番：SPC1903<br><br>,フロアマット 4ピースセット ブラック/レッド 汎用マット /スパルコ/sparco CORSA：SPC1903：カー用品通販のホットロードパーツ,フロアマット 4ピースセット ブラック/レッド 汎用マット /スパルコ/sparco CORSA：SPC1903,【あす楽対応】。フロアマット 4ピースセット ブラック/レッド 汎用マット /スパルコ/sparco CORSA：SPC1903[rn]
10-61313,http://tshop.r10s.jp/hotroadparts/cabinet/1605/7160524921_1.jpg?fitin=700:700,1136.0000,,車用品・バイク用品 > カー用品 > 内装パーツ > フロアマット > その他,シーエー：フロアーマット ピタマット ベージュ Mサイズ 450×600mm/M-717,ズレにくいシートで乗り降り楽々!,ズレにくいピタマット!!<br><br>PVC発砲素材でズレを防ぎます。<br><br>製品サイズと車内のスペースをお調べ頂いてからご購入をお願い致します。<br><br>【製品サイズ】<br>Mサイズ約(450×600mm)<br><br>【メーカー】<br>シーエー産商<br><br>【素材】<br>表:ポリエステル100%<br>裏:PVC発砲樹脂100%<br><br>,シーエー：フロアーマット ピタマット ベージュ Mサイズ 450&times;600mm/M-717：カー用品通販のホットロードパーツ,シーエー：フロアーマット ピタマット ベージュ Mサイズ 450&times;600mm/M-717,ズレにくいシートで乗り降り楽々!。シーエー：フロアーマット ピタマット ベージュ Mサイズ 450&times;600mm/M-717[rn]
10-61314,http://tshop.r10s.jp/hotroadparts/cabinet/1605/7160524929_1.jpg?fitin=700:700,512.0000,,車用品・バイク用品 > カー用品 > 内装パーツ > フロアマット > その他,シーエー：フロアーマット カーマット 車 ヘリンボン 450×600mm/M-771,,車内用フロアーマット。<br><br>製品サイズと車内のスペースをお調べ頂いてからご購入をお願い致します。<br><br>【製品サイズ】<br>約(横450×縦600mm)<br><br>【メーカー】<br>シーエー産商<br><br><br>,シーエー：フロアーマット カーマット 車 ヘリンボン 450&times;600mm/M-771：カー用品通販のホットロードパーツ,シーエー：フロアーマット カーマット 車 ヘリンボン 450&times;600mm/M-771,シーエー：フロアーマット カーマット 車 ヘリンボン 450&times;600mm/M-771[rn]
10-61315,http://tshop.r10s.jp/ainekusu/cabinet/02559909/imgrc0067785050.gif?fitin=700:700,704.0000,,車用品・バイク用品 > カー用品 > 内装パーツ > フロアマット > その他,【NAPOLEX ナポレックス】スターウォーズマルチトレイ【SW-22】,店内複数エントリーPT最大24倍チャンス！4/17 9:59まで,"<br>色々便利に使えるマルチトレイ。<br><br>
パッケージサイズ 高×幅×厚(mm)■37×378×298<br>製品寸法 高×幅×厚(mm)■37×378×45<br>単品(g)■430g<br>",【NAPOLEX ナポレックス】スターウォーズマルチトレイ【SW-22】：アットマックス＠,cn-gp550dポータブル電源ガーデンバリアゴリラセットアップ込40b19lドライブレコーダーカーナビゲーションワコーズ GDXゴリラレーダー探知機静音計画100d23lサーキュレータージャンプスターターカーバッテリーcarrozzeriaジェントスエアコンガス【NAPOLEX ナポレックス】スターウォーズマルチトレイ【SW-22】,店内複数エントリーPT最大24倍チャンス！4/17 9:59まで。【NAPOLEX ナポレックス】スターウォーズマルチトレイ【SW-22】[rn]
10-61316,http://tshop.r10s.jp/gold/1boxcar/rakuten_images/4001302021.jpg?fitin=700:700,15048.8000,,車用品・バイク用品 > カー用品 > 内装パーツ > フロアマット > その他,【ギャルソン】【エルグランド ELGRAND】【ダッシュマット】ラブラブダッシュマット2【RCP】,受注生産品の為お時間がかかります。通常納期2～3ヶ月,"ジャンル：マット<br>
メーカー：ギャルソン<br>
ブランド：DAD<br>
詳細レザーカラー、ボタンカラーの2項目ともお選び下さい。

受注生産となりますので納期まで2～4週間程かかります。

装着予定のお車の年式、型式、グレードを備考欄にご記入ください。

ご注文後の変更及びキャンセルはできませんのでご了承下さい。
<br>
※メーカー取り寄せ品です。<br>
ご注文後、メールにて納期をご連絡いたします。<br>
お急ぎの場合等は、事前にお問い合わせください。<br>",【ギャルソン】【エルグランド ELGRAND】【ダッシュマット】ラブラブダッシュマット2【RCP】：カー用品・家電通販の1BOX,カー用品販売通販1boxアルファードエルグランドハイエースカーライフarwinアーウィンポータブルＤＶＤプレイヤー【ギャルソン】【エルグランド ELGRAND】【ダッシュマット】ラブラブダッシュマット2【RCP】,受注生産品の為お時間がかかります。通常納期2～3ヶ月。【ギャルソン】【エルグランド ELGRAND】【ダッシュマット】ラブラブダッシュマット2【RCP】[rn]
10-61317,http://tshop.r10s.jp/gold/1boxcar/rakuten_images/4001302017.jpg?fitin=700:700,14156.8000,,車用品・バイク用品 > カー用品 > 内装パーツ > フロアマット > その他,【ギャルソン　GARSON】【エルグランド】【ダッシュマット】DADデザインダッシュマット【RCP】,受注生産品の為お時間がかかります。通常納期2～3ヶ月,"ジャンル：マット<br>
メーカー：ギャルソン<br>
ブランド：DAD<br>
詳細：■生地・パイピングカラーは、オールパールホワイト・<br>　 オールブラックの2色になります。2色以外の組合せ<br>　 については、オプショナルカラー仕様になります。 <br>■D.A.Dブラスエンブレムを標準装備しており、車内を<br>　 よりラグジュアリーに演出します<br>
備考：ブラック<br>
※メーカー取り寄せ品です。<br>
ご注文後、メールにて納期をご連絡いたします。<br>
お急ぎの場合等は、事前にお問い合わせください。<br>",【ギャルソン　GARSON】【エルグランド】【ダッシュマット】DADデザインダッシュマット【RCP】：カー用品・家電通販の1BOX,カー用品販売通販1boxアルファードエルグランドハイエースカーライフarwinアーウィンポータブルＤＶＤプレイヤー【ギャルソン　GARSON】【エルグランド】【ダッシュマット】DADデザインダッシュマット【RCP】,受注生産品の為お時間がかかります。通常納期2～3ヶ月。【ギャルソン　GARSON】【エルグランド】【ダッシュマット】DADデザインダッシュマット【RCP】[rn]
10-61318,http://tshop.r10s.jp/gold/1boxcar/rakuten_images/4001302019.jpg?fitin=700:700,15048.8000,,車用品・バイク用品 > カー用品 > 内装パーツ > フロアマット > その他,【ギャルソン】【日産　エルグランド】【ダッシュマット】プレミアムダッシュマット【RCP】,受注生産品の為お時間がかかります。通常納期2～3ヶ月,"ジャンル：マット<br>
メーカー：ギャルソン<br>
ブランド：DAD<br>
詳細：生地・パイピングカラーは、どのお色をお選び頂いても価格は変わりません。<br>
備考：ブラック<br>
※メーカー取り寄せ品です。<br>
ご注文後、メールにて納期をご連絡いたします。<br>
お急ぎの場合等は、事前にお問い合わせください。<br>",【ギャルソン】【日産　エルグランド】【ダッシュマット】プレミアムダッシュマット【RCP】：カー用品・家電通販の1BOX,カー用品販売通販1boxアルファードエルグランドハイエースカーライフarwinアーウィンポータブルＤＶＤプレイヤー【ギャルソン】【日産　エルグランド】【ダッシュマット】プレミアムダッシュマット【RCP】,受注生産品の為お時間がかかります。通常納期2～3ヶ月。【ギャルソン】【日産　エルグランド】【ダッシュマット】プレミアムダッシュマット【RCP】[rn]
10-61319,http://tshop.r10s.jp/gold/1boxcar/rakuten_images/4001302017.jpg?fitin=700:700,14156.8000,,車用品・バイク用品 > カー用品 > 内装パーツ > フロアマット > その他,【ギャルソン garson】【エルグランド elgrand】【ダッシュマット】DADデザインダッシュマット【RCP】,受注生産品の為お時間がかかります。通常納期2～3ヶ月,"ジャンル：マット<br>
メーカー：ギャルソン<br>
ブランド：DAD<br>
詳細：■生地・パイピングカラーは、オールパールホワイト・<br>　 オールブラックの2色になります。2色以外の組合せ<br>　 については、オプショナルカラー仕様になります。 <br>■D.A.Dブラスエンブレムを標準装備しており、車内を<br>　 よりラグジュアリーに演出します<br>
備考：パールホワイト<br>
※メーカー取り寄せ品です。<br>
ご注文後、メールにて納期をご連絡いたします。<br>
お急ぎの場合等は、事前にお問い合わせください。<br>",【ギャルソン garson】【エルグランド elgrand】【ダッシュマット】DADデザインダッシュマット【RCP】：カー用品・家電通販の1BOX,カー用品販売通販1boxアルファードエルグランドハイエースカーライフarwinアーウィンポータブルＤＶＤプレイヤー【ギャルソン garson】【エルグランド elgrand】【ダッシュマット】DADデザインダッシュマット【RCP】,受注生産品の為お時間がかかります。通常納期2～3ヶ月。【ギャルソン garson】【エルグランド elgrand】【ダッシュマット】DADデザインダッシュマット【RCP】[rn]
10-61320,http://tshop.r10s.jp/gold/1boxcar/rakuten_images/4001302019.jpg?fitin=700:700,15048.8000,,車用品・バイク用品 > カー用品 > 内装パーツ > フロアマット > その他,【ギャルソン GARSON】【エルグランド】【ダッシュマット】プレミアムダッシュマット【RCP】,受注生産品の為お時間がかかります。通常納期2～3ヶ月,"ジャンル：マット<br>
メーカー：ギャルソン<br>
ブランド：DAD<br>
詳細：生地・パイピングカラーは、どのお色をお選び頂いても価格は変わりません。<br>
備考：パールホワイト<br>
※メーカー取り寄せ品です。<br>
ご注文後、メールにて納期をご連絡いたします。<br>
お急ぎの場合等は、事前にお問い合わせください。<br>",【ギャルソン GARSON】【エルグランド】【ダッシュマット】プレミアムダッシュマット【RCP】：カー用品・家電通販の1BOX,カー用品販売通販1boxアルファードエルグランドハイエースカーライフarwinアーウィンポータブルＤＶＤプレイヤー【ギャルソン GARSON】【エルグランド】【ダッシュマット】プレミアムダッシュマット【RCP】,受注生産品の為お時間がかかります。通常納期2～3ヶ月。【ギャルソン GARSON】【エルグランド】【ダッシュマット】プレミアムダッシュマット【RCP】[rn]
10-61321,http://tshop.r10s.jp/1boxcar/cabinet/coleman1105/0001302004.jpg?fitin=700:700,13680.0000,,車用品・バイク用品 > カー用品 > 内装パーツ > フロアマット > その他,【ギャルソン】【ＤＡＤ】【マット】ラティスモノグラムデザインマット　２列目のみ／サイズ：Ｍ【RCP】,受注生産品。メーカー取り寄せとなります。,"ジャンル：マット<br>
メーカー：ギャルソン<br>
ブランド：ＤＡＤ<br>
詳細：※この商品は、車種別専用設計となっております。<br>
ご注文の前にかならず、お問い合わせをお願いします。<br>
受注生産品ですので、返品はできません。<br>
適合しない車種もございます。<br>
予めご了承ください。<br>
備考：２列目のみ／サイズ：Ｍ<br>
※メーカー取り寄せ品です。<br>
ご注文後、メールにて納期をご連絡いたします。<br>
お急ぎの場合等は、事前にお問い合わせください。<br>",【ギャルソン】【ＤＡＤ】【マット】ラティスモノグラムデザインマット　２列目のみ／サイズ：Ｍ【RCP】：カー用品・家電通販の1BOX,カー用品販売通販1boxアルファードエルグランドハイエースカーライフarwinアーウィンポータブルＤＶＤプレイヤー【ギャルソン】【ＤＡＤ】【マット】ラティスモノグラムデザインマット　２列目のみ／サイズ：Ｍ【RCP】,受注生産品。メーカー取り寄せとなります。。【ギャルソン】【ＤＡＤ】【マット】ラティスモノグラムデザインマット　２列目のみ／サイズ：Ｍ【RCP】[rn]
10-61322,http://tshop.r10s.jp/1boxcar/cabinet/coleman1105/0001302026.jpg?fitin=700:700,9880.8000,,車用品・バイク用品 > カー用品 > 内装パーツ > フロアマット > その他,【ギャルソン】【ＤＡＤ】【ハイエース２００系専用マット】ラティスモノグラムデザインオプションマット　エントランスマット　両開き用【RCP】,受注生産品。メーカー取り寄せとなります。,"ジャンル：マット<br>
メーカー：ギャルソン<br>
ブランド：ＤＡＤ<br>
詳細：※この商品は、車種別専用設計となっております。<br>
ご注文の前にかならず、お問い合わせをお願いします。<br>
受注生産品ですので、返品はできません。<br>
適合しない車種もございます。<br>
予めご了承ください。<br>

備考：エントランスマット　両開き用<br>
※メーカー取り寄せ品です。<br>
ご注文後、メールにて納期をご連絡いたします。<br>
お急ぎの場合等は、事前にお問い合わせください。<br>",【ギャルソン】【ＤＡＤ】【ハイエース２００系専用マット】ラティスモノグラムデザインオプションマット　エントランスマット　両開き用【RCP】：カー用品・家電通販の1BOX,カー用品販売通販1boxアルファードエルグランドハイエースカーライフarwinアーウィンポータブルＤＶＤプレイヤー【ギャルソン】【ＤＡＤ】【ハイエース２００系専用マット】ラティスモノグラムデザインオプションマット　エントランスマット　両開き用【RCP】,受注生産品。メーカー取り寄せとなります。。【ギャルソン】【ＤＡＤ】【ハイエース２００系専用マット】ラティスモノグラムデザインオプションマット　エントランスマット　両開き用【RCP】[rn]
10-61323,http://tshop.r10s.jp/1boxcar/cabinet/coleman1105/0001302004.jpg?fitin=700:700,17480.8000,,車用品・バイク用品 > カー用品 > 内装パーツ > フロアマット > その他,【ギャルソン】【ＤＡＤ】【マット】ラティスモノグラムデザインマット　２列目のみ／サイズ：ＸＬ【RCP】,受注生産品。メーカー取り寄せとなります。,"ジャンル：マット<br>
メーカー：ギャルソン<br>
ブランド：ＤＡＤ<br>
詳細：※この商品は、車種別専用設計となっております。<br>
ご注文の前にかならず、お問い合わせをお願いします。<br>
受注生産品ですので、返品はできません。<br>
適合しない車種もございます。<br>
予めご了承ください。<br>
備考：２列目のみ／サイズ：ＸＬ<br>
※メーカー取り寄せ品です。<br>
ご注文後、メールにて納期をご連絡いたします。<br>
お急ぎの場合等は、事前にお問い合わせください。<br>",【ギャルソン】【ＤＡＤ】【マット】ラティスモノグラムデザインマット　２列目のみ／サイズ：ＸＬ【RCP】：カー用品・家電通販の1BOX,カー用品販売通販1boxアルファードエルグランドハイエースカーライフarwinアーウィンポータブルＤＶＤプレイヤー【ギャルソン】【ＤＡＤ】【マット】ラティスモノグラムデザインマット　２列目のみ／サイズ：ＸＬ【RCP】,受注生産品。メーカー取り寄せとなります。。【ギャルソン】【ＤＡＤ】【マット】ラティスモノグラムデザインマット　２列目のみ／サイズ：ＸＬ【RCP】[rn]
10-61324,http://tshop.r10s.jp/1boxcar/cabinet/coleman1105/0001302004.jpg?fitin=700:700,52000.0000,,車用品・バイク用品 > カー用品 > 内装パーツ > フロアマット > その他,【ギャルソン】【ＤＡＤ】【マット】ラティスモノグラムデザインマット　１台分／サイズ：ＸＬ【RCP】,受注生産品。メーカー取り寄せとなります。,"ジャンル：マット<br>
メーカー：ギャルソン<br>
ブランド：ＤＡＤ<br>
詳細：※この商品は、車種別専用設計となっております。<br>
ご注文の前にかならず、お問い合わせをお願いします。<br>
受注生産品ですので、返品はできません。<br>
適合しない車種もございます。<br>
予めご了承ください。<br>
備考：１台分／サイズ：ＸＬ<br>
※メーカー取り寄せ品です。<br>
ご注文後、メールにて納期をご連絡いたします。<br>
お急ぎの場合等は、事前にお問い合わせください。<br>",【ギャルソン】【ＤＡＤ】【マット】ラティスモノグラムデザインマット　１台分／サイズ：ＸＬ【RCP】：カー用品・家電通販の1BOX,カー用品販売通販1boxアルファードエルグランドハイエースカーライフarwinアーウィンポータブルＤＶＤプレイヤー【ギャルソン】【ＤＡＤ】【マット】ラティスモノグラムデザインマット　１台分／サイズ：ＸＬ【RCP】,受注生産品。メーカー取り寄せとなります。。【ギャルソン】【ＤＡＤ】【マット】ラティスモノグラムデザインマット　１台分／サイズ：ＸＬ【RCP】[rn]
10-61325,http://tshop.r10s.jp/1boxcar/cabinet/coleman1105/0001302004.jpg?fitin=700:700,18400.0000,,車用品・バイク用品 > カー用品 > 内装パーツ > フロアマット > その他,【ギャルソン】【ＤＡＤ】【マット】ラティスモノグラムデザインマット　１列のみ／サイズ：Ｌ【RCP】,受注生産品。メーカー取り寄せとなります。,"ジャンル：マット<br>
メーカー：ギャルソン<br>
ブランド：ＤＡＤ<br>
詳細：※この商品は、車種別専用設計となっております。<br>
ご注文の前にかならず、お問い合わせをお願いします。<br>
受注生産品ですので、返品はできません。<br>
適合しない車種もございます。<br>
予めご了承ください。<br>
備考：１列目のみ／サイズ：Ｌ<br>
※メーカー取り寄せ品です。<br>
ご注文後、メールにて納期をご連絡いたします。<br>
お急ぎの場合等は、事前にお問い合わせください。<br>",【ギャルソン】【ＤＡＤ】【マット】ラティスモノグラムデザインマット　１列のみ／サイズ：Ｌ【RCP】：カー用品・家電通販の1BOX,カー用品販売通販1boxアルファードエルグランドハイエースカーライフarwinアーウィンポータブルＤＶＤプレイヤー【ギャルソン】【ＤＡＤ】【マット】ラティスモノグラムデザインマット　１列のみ／サイズ：Ｌ【RCP】,受注生産品。メーカー取り寄せとなります。。【ギャルソン】【ＤＡＤ】【マット】ラティスモノグラムデザインマット　１列のみ／サイズ：Ｌ【RCP】[rn]
10-61326,http://tshop.r10s.jp/1boxcar/cabinet/coleman1105/0001302004.jpg?fitin=700:700,9120.0000,,車用品・バイク用品 > カー用品 > 内装パーツ > フロアマット > その他,【ギャルソン】【ＤＡＤ】【マット】ラティスモノグラムデザインマット　２列目のみ／サイズ：Ｓ【RCP】,受注生産品。メーカー取り寄せとなります。,"ジャンル：マット<br>
メーカー：ギャルソン<br>
ブランド：ＤＡＤ<br>
詳細：※この商品は、車種別専用設計となっております。<br>
ご注文の前にかならず、お問い合わせをお願いします。<br>
受注生産品ですので、返品はできません。<br>
適合しない車種もございます。<br>
予めご了承ください。<br>
備考：２列目のみ／サイズ：Ｓ<br>
※メーカー取り寄せ品です。<br>
ご注文後、メールにて納期をご連絡いたします。<br>
お急ぎの場合等は、事前にお問い合わせください。<br>",【ギャルソン】【ＤＡＤ】【マット】ラティスモノグラムデザインマット　２列目のみ／サイズ：Ｓ【RCP】：カー用品・家電通販の1BOX,カー用品販売通販1boxアルファードエルグランドハイエースカーライフarwinアーウィンポータブルＤＶＤプレイヤー【ギャルソン】【ＤＡＤ】【マット】ラティスモノグラムデザインマット　２列目のみ／サイズ：Ｓ【RCP】,受注生産品。メーカー取り寄せとなります。。【ギャルソン】【ＤＡＤ】【マット】ラティスモノグラムデザインマット　２列目のみ／サイズ：Ｓ【RCP】[rn]
10-61327,http://tshop.r10s.jp/1boxcar/cabinet/coleman1105/0001302004.jpg?fitin=700:700,9120.0000,,車用品・バイク用品 > カー用品 > 内装パーツ > フロアマット > その他,【ギャルソン】【ＤＡＤ】【マット】ラティスモノグラムデザインマット　３列目のみ／サイズ：Ｓ【RCP】,受注生産品。メーカー取り寄せとなります。,"ジャンル：マット<br>
メーカー：ギャルソン<br>
ブランド：ＤＡＤ<br>
詳細：※この商品は、車種別専用設計となっております。<br>
ご注文の前にかならず、お問い合わせをお願いします。<br>
受注生産品ですので、返品はできません。<br>
適合しない車種もございます。<br>
予めご了承ください。<br>
備考：３列目のみ／サイズ：Ｓ<br>
※メーカー取り寄せ品です。<br>
ご注文後、メールにて納期をご連絡いたします。<br>
お急ぎの場合等は、事前にお問い合わせください。<br>",【ギャルソン】【ＤＡＤ】【マット】ラティスモノグラムデザインマット　３列目のみ／サイズ：Ｓ【RCP】：カー用品・家電通販の1BOX,カー用品販売通販1boxアルファードエルグランドハイエースカーライフarwinアーウィンポータブルＤＶＤプレイヤー【ギャルソン】【ＤＡＤ】【マット】ラティスモノグラムデザインマット　３列目のみ／サイズ：Ｓ【RCP】,受注生産品。メーカー取り寄せとなります。。【ギャルソン】【ＤＡＤ】【マット】ラティスモノグラムデザインマット　３列目のみ／サイズ：Ｓ【RCP】[rn]
10-61328,http://tshop.r10s.jp/auc-automax/cabinet/02420231/02420288/img60956548.jpg?fitin=700:700,5796.0000,,車用品・バイク用品 > カー用品 > 内装パーツ > フロアマット > その他,セカンドラグマット (M)チェック柄♪注文日当日発送/最短 納期トヨタ20系アルファード/ヴェルファイア専用設計2ND フロアマット 汎用 ステップマットブラック/黒検:立体柄/正方形/凹凸柄/ワッフル/織柄/専用 サイズ,この商品は送料 全国一律600円 です(北海道/沖縄除く)同梱可能。,即日発送可能！！【ご購入サイズ】タイトルのものになります。※他サイズ出品しております。落札後のサイズの変更は出来ません。【適合車種】20系アルファード/ヴェルファイア専用(全グレード対応)※7人乗り・8人乗り共に適合※画像2枚目を必ずご確認下さい。※後期モデル（H23年11月～）は、ガソリン車のみ【レール移動の際に引っかからない】サイズ設計！韓国で純正ラグマットを生産している工場に生産依頼し当店オリジナルのサイズで製作。前席の特殊な形状にもフィットするよう考案製作。立ち上がり部分は樹脂部分までカバーし、オットマンに干渉することもございません。表面は毛足を長くし密度を高めボリューム感を最大限に引き出した造り！【重要】モバイルでの閲覧は字数制限が限られる為、商品説明を省いている場合が御座います。当店ではPC版商品説明を基に販売を行っておりますので、ご購入前に必ずPCにて商品詳細・発送方法・同梱に関しての詳細・重要事項等をご確認下さい。ご購入された方は上記全てをご了承を得たものとし販売となります。【検索用】ハイエース、BMW、ワゴンR、ジムニーアルファード等あらゆる車種に使用できます。BBS/SR400/NSR50/GPZ900Rなど,セカンドラグマット (M)チェック柄♪注文日当日発送/最短 納期トヨタ20系アルファード/ヴェルファイア専用設計2ND フロアマット 汎用 ステップマットブラック/黒検:立体柄/正方形/凹凸柄/ワッフル/織柄/専用 サイズ：AUTOMAX izumi,カッティングシートモニタースタンドアルカンターラ調スエード生地シート汎用パーツ自動車アクセサリーメッキモール送料無料ステッカーカー用品バイク用品ドレスアップラグジュアリー内装外装カット済みカーフィルム大阪通販激安格安施工セカンドラグマット (M)チェック柄♪注文日当日発送/最短 納期トヨタ20系アルファード/ヴェルファイア専用設計2ND フロアマット 汎用 ステップマットブラック/黒検:立体柄/正方形/凹凸柄/ワッフル/織柄/専用 サイズ,この商品は送料 全国一律600円 です(北海道/沖縄除く)同梱可能。。セカンドラグマット (M)チェック柄♪注文日当日発送/最短 納期トヨタ20系アルファード/ヴェルファイア専用設計2ND フロアマット 汎用 ステップマットブラック/黒検:立体柄/正方形/凹凸柄/ワッフル/織柄/専用 サイズ[rn]
10-61329,http://tshop.r10s.jp/hotroadtoyohashi/cabinet/1605/7160524929_1.jpg?fitin=700:700,460.8000,,車用品・バイク用品 > カー用品 > 内装パーツ > フロアマット > その他,シーエー：フロアーマット カーマット 車 ヘリンボン 450×600mm/M-771,【10000円～送料無料】【定番商品】,車内用フロアーマット。<br><br>製品サイズと車内のスペースをお調べ頂いてからご購入をお願い致します。<br><br>【製品サイズ】<br>約(横450×縦600mm)<br><br>【メーカー】<br>シーエー産商<br><br><br>,シーエー：フロアーマット カーマット 車 ヘリンボン 450&times;600mm/M-771：カー用品のHot Road Second Shop,シーエー：フロアーマット カーマット 車 ヘリンボン 450&times;600mm/M-771,【10000円～送料無料】【定番商品】。シーエー：フロアーマット カーマット 車 ヘリンボン 450&times;600mm/M-771[rn]
10-61330,http://tshop.r10s.jp/geki-car/cabinet/00806769/img56381340.jpg?fitin=700:700,352.0000,,車用品・バイク用品 > カー用品 > 内装パーツ > フロアマット > その他,TOHPO エースマットT-502M(中)ブラック,　,"◆ＰＶＣ素材の定番マット

フロント用 1枚
サイズ：約４５x６０ｃｍ
品質：ＰＶＣ１００％
カラー：ブラック

日本製",TOHPO エースマットT-502M(中)ブラック：激安カー用品　Webいち店,激安カー用品ナビレーダースターターオーディオ燃費向上ポータブルＭＤＣＤタイヤトーヨーダンロップヨコハマ低反発カーロケシュアラスターオイルＧＰＳカーモニTOHPO エースマットT-502M(中)ブラック,　。TOHPO エースマットT-502M(中)ブラック[rn]
10-61331,http://tshop.r10s.jp/geki-car/cabinet/20/627701cl.jpg?fitin=700:700,588.8000,,車用品・バイク用品 > カー用品 > 内装パーツ > フロアマット > その他,ボンフォーム6277-01　アローネクスト　前席用　クリア,　,"PVC製ベーシックマット<br>
      サイズ<br>
46X65cm (前席)<br>
カラー<br>
      クリア<br>
材　質<br>
(ブラック) ポリ塩化ビニル・合成ゴム<br>
(クリアー・スモーク) ポリ塩化ビニル<br>
(スベリ止めスパイク加工)",ボンフォーム6277-01　アローネクスト　前席用　クリア：激安カー用品　Webいち店,激安カー用品ナビレーダースターターオーディオ燃費向上ポータブルＭＤＣＤタイヤトーヨーダンロップヨコハマ低反発カーロケシュアラスターオイルＧＰＳカーモニボンフォーム6277-01　アローネクスト　前席用　クリア,　。ボンフォーム6277-01　アローネクスト　前席用　クリア[rn]
10-61332,http://tshop.r10s.jp/geki-car/cabinet/20/627701bk.jpg?fitin=700:700,588.8000,,車用品・バイク用品 > カー用品 > 内装パーツ > フロアマット > その他,ボンフォーム6277-01　アローネクスト　前席用　ブラック,　,"PVC製ベーシックマット<br>
      サイズ<br>
46X65cm (前席)<br>
カラー<br>
      ブラック<br>
材　質<br>
(ブラック) ポリ塩化ビニル・合成ゴム<br>
(クリアー・スモーク) ポリ塩化ビニル<br>
(スベリ止めスパイク加工)",ボンフォーム6277-01　アローネクスト　前席用　ブラック：激安カー用品　Webいち店,激安カー用品ナビレーダースターターオーディオ燃費向上ポータブルＭＤＣＤタイヤトーヨーダンロップヨコハマ低反発カーロケシュアラスターオイルＧＰＳカーモニボンフォーム6277-01　アローネクスト　前席用　ブラック,　。ボンフォーム6277-01　アローネクスト　前席用　ブラック[rn]
10-61333,http://tshop.r10s.jp/geki-car/cabinet/20/2001051.jpg?fitin=700:700,588.8000,,車用品・バイク用品 > カー用品 > 内装パーツ > フロアマット > その他,ボンフォーム6277-01　アローネクスト　前席用　スモーク,　,"PVC製ベーシックマット<br>
      サイズ<br>
46X65cm (前席)<br>
カラー<br>
      スモーク<br>
材　質<br>
(ブラック) ポリ塩化ビニル・合成ゴム<br>
(クリアー・スモーク) ポリ塩化ビニル<br>
(スベリ止めスパイク加工)<br><br><table  border=""1"" cellspacing=""0"" cellpadding=""5"" bordercolor=""#ABABAB""><tr><td>激安カー用品 Webいち店TOP ＞ 車用品・バイク用品 ＞ カー用品 ＞ 内装パーツ ＞ フロアマット ＞ その他</td></tr></table>",ボンフォーム6277-01　アローネクスト　前席用　スモーク：激安カー用品　Webいち店,激安カー用品ナビレーダースターターオーディオ燃費向上ポータブルＭＤＣＤタイヤトーヨーダンロップヨコハマ低反発カーロケシュアラスターオイルＧＰＳカーモニボンフォーム6277-01　アローネクスト　前席用　スモーク,　。ボンフォーム6277-01　アローネクスト　前席用　スモーク[rn]
10-61334,http://tshop.r10s.jp/geki-car/cabinet/20/punch5bk-1.jpg?fitin=700:700,1319.2000,,車用品・バイク用品 > カー用品 > 内装パーツ > フロアマット > その他,TOHPO　セットマット普通車用5点セット　パンチ　ブラックPC-87073,　,"普通車・汎用セットマット。<br>
    アクセルペダルがオルガン式(床からペダルが支えられているタイプ)の<br>
    お車にはご使用になられないでください。<br>
    新形状セットマット。ヒールパット付き。<br>
    <br>
    材質：表地・ポリエステル　裏地・PVC<br>",TOHPO　セットマット普通車用5点セット　パンチ　ブラックPC-87073：激安カー用品　Webいち店,激安カー用品ナビレーダースターターオーディオ燃費向上ポータブルＭＤＣＤタイヤトーヨーダンロップヨコハマ低反発カーロケシュアラスターオイルＧＰＳカーモニTOHPO　セットマット普通車用5点セット　パンチ　ブラックPC-87073,　。TOHPO　セットマット普通車用5点セット　パンチ　ブラックPC-87073[rn]
10-61335,http://tshop.r10s.jp/geki-car/cabinet/20/punch5bk-1.jpg?fitin=700:700,1466.4000,,車用品・バイク用品 > カー用品 > 内装パーツ > フロアマット > その他,TOHPO　セットマット普通車用5点セット　パンチ　グレーPC-87071,　,"普通車・汎用セットマット。<br>
    アクセルペダルがオルガン式(床からペダルが支えられているタイプ)の<br>
    お車にはご使用になられないでください。<br>
    新形状セットマット。ヒールパット付き。<br>
    <br>
    材質：表地・ポリエステル　裏地・PVC<br>",TOHPO　セットマット普通車用5点セット　パンチ　グレーPC-87071：激安カー用品　Webいち店,激安カー用品ナビレーダースターターオーディオ燃費向上ポータブルＭＤＣＤタイヤトーヨーダンロップヨコハマ低反発カーロケシュアラスターオイルＧＰＳカーモニTOHPO　セットマット普通車用5点セット　パンチ　グレーPC-87071,　。TOHPO　セットマット普通車用5点セット　パンチ　グレーPC-87071[rn]
10-61336,http://tshop.r10s.jp/geki-car/cabinet/20/627708cl.jpg?fitin=700:700,443.2000,,車用品・バイク用品 > カー用品 > 内装パーツ > フロアマット > その他,ボンフォーム6277-08　アローネクスト　後席用　クリア,　,"PVC製ベーシックマット<br>
      サイズ<br>
      48X45cm (後席)<br>
カラー<br>
      クリア<br>
      材　質<br>
(ブラック) ポリ塩化ビニル・合成ゴム<br>
(クリアー・スモーク) ポリ塩化ビニル<br>
(スベリ止めスパイク加工)",ボンフォーム6277-08　アローネクスト　後席用　クリア：激安カー用品　Webいち店,激安カー用品ナビレーダースターターオーディオ燃費向上ポータブルＭＤＣＤタイヤトーヨーダンロップヨコハマ低反発カーロケシュアラスターオイルＧＰＳカーモニボンフォーム6277-08　アローネクスト　後席用　クリア,　。ボンフォーム6277-08　アローネクスト　後席用　クリア[rn]
10-61337,http://tshop.r10s.jp/geki-car/cabinet/20/639708bk.jpg?fitin=700:700,652.8000,,車用品・バイク用品 > カー用品 > 内装パーツ > フロアマット > その他,ボンフォーム6397-08　3Dイプシロン　後席用　ブラック,　,"立体構造で汚れをこぼさず<br>
サイズ<br>
50X45cm (後席)<br>
カラー<br>
      ブラック<br>
(表) ポリエステル<br>
(裏) ポリエステル・ポリプロピレン<br>
(スベリ止め加工)<br><br><table  border=""1"" cellspacing=""0"" cellpadding=""5"" bordercolor=""#ABABAB""><tr><td>激安カー用品 Webいち店TOP ＞ 車用品・バイク用品 ＞ カー用品 ＞ 内装パーツ ＞ フロアマット ＞ その他</td></tr></table>",ボンフォーム6397-08　3Dイプシロン　後席用　ブラック：激安カー用品　Webいち店,激安カー用品ナビレーダースターターオーディオ燃費向上ポータブルＭＤＣＤタイヤトーヨーダンロップヨコハマ低反発カーロケシュアラスターオイルＧＰＳカーモニボンフォーム6397-08　3Dイプシロン　後席用　ブラック,　。ボンフォーム6397-08　3Dイプシロン　後席用　ブラック[rn]
10-61338,http://tshop.r10s.jp/geki-car/cabinet/20/627708bk.jpg?fitin=700:700,443.2000,,車用品・バイク用品 > カー用品 > 内装パーツ > フロアマット > その他,ボンフォーム6277-08　アローネクスト　後席用　ブラック,　,"PVC製ベーシックマット<br>
      サイズ<br>
      48X45cm (後席)<br>
カラー<br>
      ブラック<br>
材　質<br>
(ブラック) ポリ塩化ビニル・合成ゴム<br>
(クリアー・スモーク) ポリ塩化ビニル<br>
(スベリ止めスパイク加工",ボンフォーム6277-08　アローネクスト　後席用　ブラック：激安カー用品　Webいち店,激安カー用品ナビレーダースターターオーディオ燃費向上ポータブルＭＤＣＤタイヤトーヨーダンロップヨコハマ低反発カーロケシュアラスターオイルＧＰＳカーモニボンフォーム6277-08　アローネクスト　後席用　ブラック,　。ボンフォーム6277-08　アローネクスト　後席用　ブラック[rn]
10-61339,http://tshop.r10s.jp/geki-car/cabinet/20/639701bk.jpg?fitin=700:700,984.0000,,車用品・バイク用品 > カー用品 > 内装パーツ > フロアマット > その他,ボンフォーム6397-01　3Dイプシロン　前席用　ブラック,　,"立体構造で汚れをこぼさず<br>
      サイズ<br>
48X65cm (前席)<br>
カラー<br>
      ブラック<br>
材　質<br>
(表) ポリエステル<br>
(裏) ポリエステル・ポリプロピレン<br>
(スベリ止め加工)",ボンフォーム6397-01　3Dイプシロン　前席用　ブラック：激安カー用品　Webいち店,激安カー用品ナビレーダースターターオーディオ燃費向上ポータブルＭＤＣＤタイヤトーヨーダンロップヨコハマ低反発カーロケシュアラスターオイルＧＰＳカーモニボンフォーム6397-01　3Dイプシロン　前席用　ブラック,　。ボンフォーム6397-01　3Dイプシロン　前席用　ブラック[rn]
10-61340,http://tshop.r10s.jp/geki-car/cabinet/20/627708sm.jpg?fitin=700:700,443.2000,,車用品・バイク用品 > カー用品 > 内装パーツ > フロアマット > その他,ボンフォーム6277-08　アローネクスト　後席用　スモーク,　,"PVC製ベーシックマット<br>
      サイズ<br>
      48X45cm (後席)<br>
カラー<br>
      スモーク<br>
      材　質<br>
(ブラック) ポリ塩化ビニル・合成ゴム<br>
(クリアー・スモーク) ポリ塩化ビニル<br>
(スベリ止めスパイク加工)",ボンフォーム6277-08　アローネクスト　後席用　スモーク：激安カー用品　Webいち店,激安カー用品ナビレーダースターターオーディオ燃費向上ポータブルＭＤＣＤタイヤトーヨーダンロップヨコハマ低反発カーロケシュアラスターオイルＧＰＳカーモニボンフォーム6277-08　アローネクスト　後席用　スモーク,　。ボンフォーム6277-08　アローネクスト　後席用　スモーク[rn]
10-61341,http://tshop.r10s.jp/geki-car/cabinet/20/check.jpg?fitin=700:700,1319.2000,,車用品・バイク用品 > カー用品 > 内装パーツ > フロアマット > その他,TOHPO　セットマット軽・コンパクトカー用5点セット　パンチ　グレーPC-87081,　,"軽・コンパクトカー用セットマット。<br>
    アクセルペダルがオルガン式(床からペダルが支えられているタイプ)の<br>
    お車にはご使用になられないでください。<br>
    新形状セットマット。ヒールパット付き。<br>
    <br>
    材質：表地・ポリエステル　裏地・PVC<br>
<br><br><table  border=""1"" cellspacing=""0"" cellpadding=""5"" bordercolor=""#ABABAB""><tr><td>激安カー用品 Webいち店TOP ＞ 車用品・バイク用品 ＞ カー用品 ＞ 内装パーツ ＞ フロアマット ＞ その他</td></tr></table>",TOHPO　セットマット軽・コンパクトカー用5点セット　パンチ　グレーPC-87081：激安カー用品　Webいち店,激安カー用品ナビレーダースターターオーディオ燃費向上ポータブルＭＤＣＤタイヤトーヨーダンロップヨコハマ低反発カーロケシュアラスターオイルＧＰＳカーモニTOHPO　セットマット軽・コンパクトカー用5点セット　パンチ　グレーPC-87081,　。TOHPO　セットマット軽・コンパクトカー用5点セット　パンチ　グレーPC-87081[rn]
10-61342,http://tshop.r10s.jp/geki-car/cabinet/20/639731bk.jpg?fitin=700:700,984.0000,,車用品・バイク用品 > カー用品 > 内装パーツ > フロアマット > その他,ボンフォーム(BONFORM) 3Dイプシロン フロアマット フロントS1枚 ブラック 6397-31BK,　,"立体構造で汚れをこぼさず<br>
サイズ<br>
46X60cm (前席S)<br>
カラー<br>
      ブラック<br>
材　質<br>
(表) ポリエステル<br>
(裏) ポリエステル・ポリプロピレン<br>
(スベリ止め加工)",ボンフォーム(BONFORM) 3Dイプシロン フロアマット フロントS1枚 ブラック 6397-31BK：激安カー用品　Webいち店,激安カー用品ナビレーダースターターオーディオ燃費向上ポータブルＭＤＣＤタイヤトーヨーダンロップヨコハマ低反発カーロケシュアラスターオイルＧＰＳカーモニボンフォーム(BONFORM) 3Dイプシロン フロアマット フロントS1枚 ブラック 6397-31BK,　。ボンフォーム(BONFORM) 3Dイプシロン フロアマット フロントS1枚 ブラック 6397-31BK[rn]
10-61343,http://tshop.r10s.jp/geki-car/cabinet/20-2/2007389.jpg?fitin=700:700,681.6000,,車用品・バイク用品 > カー用品 > 内装パーツ > フロアマット > その他,ボンフォーム　6395-08　3Dグランツ　後席用,　,"立体構造で汚れをこぼさず

カラー：クリアー
サイズ：50X45cm (後席)
材　質：ポリ塩化ビニル<br><br><table  border=""1"" cellspacing=""0"" cellpadding=""5"" bordercolor=""#ABABAB""><tr><td>激安カー用品 Webいち店TOP ＞ 車用品・バイク用品 ＞ カー用品 ＞ 内装パーツ ＞ フロアマット ＞ その他</td></tr></table>",ボンフォーム　6395-08　3Dグランツ　後席用：激安カー用品　Webいち店,激安カー用品ナビレーダースターターオーディオ燃費向上ポータブルＭＤＣＤタイヤトーヨーダンロップヨコハマ低反発カーロケシュアラスターオイルＧＰＳカーモニボンフォーム　6395-08　3Dグランツ　後席用,　。ボンフォーム　6395-08　3Dグランツ　後席用[rn]
10-61344,http://tshop.r10s.jp/geki-car/cabinet/20-2/2007479.jpg?fitin=700:700,334.4000,,車用品・バイク用品 > カー用品 > 内装パーツ > フロアマット > その他,シーエー産商　M-753　ストレートラインマット　Sサイズ　BK,　,"サイズ：S
カラー：BK
製品サイズ：W400×D450×H7
製品重量：410g<br><br><table  border=""1"" cellspacing=""0"" cellpadding=""5"" bordercolor=""#ABABAB""><tr><td>激安カー用品 Webいち店TOP ＞ 車用品・バイク用品 ＞ カー用品 ＞ 内装パーツ ＞ フロアマット ＞ その他</td></tr></table>",シーエー産商　M-753　ストレートラインマット　Sサイズ　BK：激安カー用品　Webいち店,激安カー用品ナビレーダースターターオーディオ燃費向上ポータブルＭＤＣＤタイヤトーヨーダンロップヨコハマ低反発カーロケシュアラスターオイルＧＰＳカーモニシーエー産商　M-753　ストレートラインマット　Sサイズ　BK,　。シーエー産商　M-753　ストレートラインマット　Sサイズ　BK[rn]
10-61345,http://tshop.r10s.jp/geki-car/cabinet/20-4/2007512.jpg?fitin=700:700,792.8000,,車用品・バイク用品 > カー用品 > 内装パーツ > フロアマット > その他,ボンフォーム　6412-31BK　3Dステンガード　前席用S　46X60　1枚入り ブラック,　,"立体構造でドロ・ゴミをキャッチ !
特殊素材でズレにくい !

車両フロアに合った形状を採用 !
マット前方の勾配角度をなだらかにしてフィッティング向上 !
裏面に折曲げライン入りでフィッティング向上 !

(別売りの丸穴用ズレ防止フック使用可能)

サイズ 46X60cm (前席S)
カラー ブラック
材　質 ポリエステル (スベリ止め加工)<br><br><table  border=""1"" cellspacing=""0"" cellpadding=""5"" bordercolor=""#ABABAB""><tr><td>激安カー用品 Webいち店TOP ＞ 車用品・バイク用品 ＞ カー用品 ＞ 内装パーツ ＞ フロアマット ＞ その他</td></tr></table>",ボンフォーム　6412-31BK　3Dステンガード　前席用S　46X60　1枚入り ブラック：激安カー用品　Webいち店,激安カー用品ナビレーダースターターオーディオ燃費向上ポータブルＭＤＣＤタイヤトーヨーダンロップヨコハマ低反発カーロケシュアラスターオイルＧＰＳカーモニボンフォーム　6412-31BK　3Dステンガード　前席用S　46X60　1枚入り ブラック,　。ボンフォーム　6412-31BK　3Dステンガード　前席用S　46X60　1枚入り ブラック[rn]
10-61346,http://tshop.r10s.jp/geki-car/cabinet/20-4/202002093.jpg?fitin=700:700,844.0000,,車用品・バイク用品 > カー用品 > 内装パーツ > フロアマット > その他,【421在】ボンフォーム　4361-10BK　シートカバー ファインテックス フロント 1枚入り　BK,キズや汚れに強い　防水シートカバー　,"【商品仕様】 
材質・素材:(表地)ポリエステル100% ※裏面PVCコーティング

【商品説明】
・防水生地を採用。ヘッドレストまですっぽりくるむ取付け簡単シートカバー。
・ほとんどの車に装着可能。
・防水加工。
・軽 普通車用 エプロンタイプ


サイズ : H1460×W550×D3(mm)
カラー : ブラック<br><br><table  border=""1"" cellspacing=""0"" cellpadding=""5"" bordercolor=""#ABABAB""><tr><td>激安カー用品 Webいち店TOP ＞ 車用品・バイク用品 ＞ カー用品 ＞ 内装パーツ ＞ フロアマット ＞ その他</td></tr></table>",【421在】ボンフォーム　4361-10BK　シートカバー ファインテックス フロント 1枚入り　BK：激安カー用品　Webいち店,激安カー用品ナビレーダースターターオーディオ燃費向上ポータブルＭＤＣＤタイヤトーヨーダンロップヨコハマ低反発カーロケシュアラスターオイルＧＰＳカーモニ【421在】ボンフォーム　4361-10BK　シートカバー ファインテックス フロント 1枚入り　BK,キズや汚れに強い　防水シートカバー　。【421在】ボンフォーム　4361-10BK　シートカバー ファインテックス フロント 1枚入り　BK[rn]
10-61347,http://tshop.r10s.jp/ainekusu/cabinet/02567527/imgrc0068005165.jpg?fitin=700:700,1024.0000,,車用品・バイク用品 > カー用品 > 内装パーツ > フロアマット > その他,【ボンフォーム BONFORM】【6416-01】 魅せるレザーマット  3Dレザーマット 前席用,店内複数エントリーPT最大24倍チャンス！4/17 9:59まで,"<p>Premium Car Mat ! 魅せるレザー !<br>
  今までになかった素材・デザインを実現 !<br>
  立体構造でドロ・ゴミをキャッチ !<br>
  高級レザー使用 !<br>
  特殊素材でズレにくい !<br>
  <br>
  車両フロアに合った形状を採用 !<br>
  マット前方の勾配角度をなだらかにしてフィッティング向上 !<br>
  裏面に折曲げライン入りでフィッティング向上 !<br>
  <br>
  (別売りの丸穴用ズレ防止フック使用可能)<br>
  <br>
サイズ：48X65cm (前席)<br>
カラー：ブラック・レッド<br>
材　質：
(表) 合成皮革
(裏) ポリエステル
(スベリ止め加工)</p><br />
<br />
<table bgcolor=""#FF9900"" cellspacing=""1"" cellpadding=""10"" align=""center"" width=""320"">
  <tr>
    <td bgcolor=""#FFE5BF""><center>
      <font size=""5"" color=""red"">※ご注意※ <br />
        ご購入前に必ずメーカーページ適合をご確認ください。</font>
    </center>
      <br />
      <font size=""5"">メーカー適合確認は、コチラ<br />
        <br />
      </font><font size=""2""><b> こちらの商品は、適合車種のみご利用いただける製品です。
          ご購入前に必ず適合表をご確認ください。上記をご確認のうえ、ご購入をお願い致します。<br />
          <font color=""red"">ご注文後、お客様のご都合による返品・交換は、お受けいたしかねます</font>ので予め、ご了承の上お買い求めください。</b> <br />
          <b>※ページが表示できない・不明時は、お手数ですが店舗までご連絡をお願い致します。 </b></font></td>
  </tr>
</table>
<br />
<br />",【ボンフォーム BONFORM】【6416-01】 魅せるレザーマット  3Dレザーマット 前席用：アットマックス＠,cn-gp550dポータブル電源ガーデンバリアゴリラセットアップ込40b19lドライブレコーダーカーナビゲーションワコーズ GDXゴリラレーダー探知機静音計画100d23lサーキュレータージャンプスターターカーバッテリーcarrozzeriaジェントスエアコンガス【ボンフォーム BONFORM】【6416-01】 魅せるレザーマット  3Dレザーマット 前席用,店内複数エントリーPT最大24倍チャンス！4/17 9:59まで。【ボンフォーム BONFORM】【6416-01】 魅せるレザーマット  3Dレザーマット 前席用[rn]
10-61348,http://tshop.r10s.jp/ainekusu/cabinet/02567527/imgrc0068005160.jpg?fitin=700:700,944.0000,,車用品・バイク用品 > カー用品 > 内装パーツ > フロアマット > その他,【ボンフォーム BONFORM】【6416-06】魅せるレザーマット 3Dレザーマット 後席用S 2カラー：ブラック・レッド,店内複数エントリーPT最大24倍チャンス！4/17 9:59まで,"<p>Premium Car Mat ! 魅せるレザー !<br>
  今までになかった素材・デザインを実現 !<br>
  <br>
  立体構造でドロ・ゴミをキャッチ !<br>
  高級レザー使用 !<br>
  特殊素材でズレにくい !<br>
  <br>
  車両フロアに合った形状を採用 !<br>
  <br>
サイズ：48X41cm (後席S)<br>
カラー：ブラック・レッド<br>
材　質：
(表) 合成皮革
(裏) ポリエステル
(スベリ止め加工)</p><br />
<br />
<table bgcolor=""#FF9900"" cellspacing=""1"" cellpadding=""10"" align=""center"" width=""320"">
  <tr>
    <td bgcolor=""#FFE5BF""><center>
      <font size=""5"" color=""red"">※ご注意※ <br />
        ご購入前に必ずメーカーページ適合をご確認ください。</font>
    </center>
      <br />
      <font size=""5"">メーカー適合確認は、コチラ<br />
        <br />
      </font><font size=""2""><b> こちらの商品は、適合車種のみご利用いただける製品です。
          ご購入前に必ず適合表をご確認ください。上記をご確認のうえ、ご購入をお願い致します。<br />
          <font color=""red"">ご注文後、お客様のご都合による返品・交換は、お受けいたしかねます</font>ので予め、ご了承の上お買い求めください。</b> <br />
          <b>※ページが表示できない・不明時は、お手数ですが店舗までご連絡をお願い致します。 </b></font></td>
  </tr>
</table>
<br />
<br />",【ボンフォーム BONFORM】【6416-06】魅せるレザーマット 3Dレザーマット 後席用S 2カラー：ブラック・レッド：アットマックス＠,cn-gp550dポータブル電源ガーデンバリアゴリラセットアップ込40b19lドライブレコーダーカーナビゲーションワコーズ GDXゴリラレーダー探知機静音計画100d23lサーキュレータージャンプスターターカーバッテリーcarrozzeriaジェントスエアコンガス【ボンフォーム BONFORM】【6416-06】魅せるレザーマット 3Dレザーマット 後席用S 2カラー：ブラック・レッド,店内複数エントリーPT最大24倍チャンス！4/17 9:59まで。【ボンフォーム BONFORM】【6416-06】魅せるレザーマット 3Dレザーマット 後席用S 2カラー：ブラック・レッド[rn]
10-61349,http://tshop.r10s.jp/ainekusu/cabinet/02559909/img62450319.gif?fitin=700:700,584.0000,,車用品・バイク用品 > カー用品 > 内装パーツ > フロアマット > その他,【BONFORM ボンフォーム】カーマットプレスマットネクスト前席用【6276-31】,店内複数エントリーPT最大24倍チャンス！4/17 9:59まで,"ファブリック表皮のベーシックマット。フロア形状に合わせた形状でフィット感向上！<br><br>
品　質：（表）ポリエステル１００％　(裏）ポリエステル８０％・ポリプロピレン20％<br>
サイズ：（３１）４６Ｘ６０ｃｍ前席用Ｓ<br>
カラー：ＢＫ（ブラック）　ＢＥ（ベージュ）　ＧＲ（グレー）<br><br><br />
<br />
<table bgcolor=""#FF9900"" cellspacing=""1"" cellpadding=""10"" align=""center"" width=""320"">
  <tr>
    <td bgcolor=""#FFE5BF""><center>
      <font size=""5"" color=""red"">※ご注意※ <br />
        ご購入前に必ずメーカーページ適合をご確認ください。</font>
    </center>
      <br />
      <font size=""5"">メーカー適合確認は、コチラ<br />
        <br />
      </font><font size=""2""><b> こちらの商品は、適合車種のみご利用いただける製品です。
          ご購入前に必ず適合表をご確認ください。上記をご確認のうえ、ご購入をお願い致します。<br />
          <font color=""red"">ご注文後、お客様のご都合による返品・交換は、お受けいたしかねます</font>ので予め、ご了承の上お買い求めください。</b> <br />
          <b>※ページが表示できない・不明時は、お手数ですが店舗までご連絡をお願い致します。 </b></font></td>
  </tr>
</table>
<br />
<br />",【BONFORM ボンフォーム】カーマットプレスマットネクスト前席用【6276-31】：アットマックス＠,cn-gp550dポータブル電源ガーデンバリアゴリラセットアップ込40b19lドライブレコーダーカーナビゲーションワコーズ GDXゴリラレーダー探知機静音計画100d23lサーキュレータージャンプスターターカーバッテリーcarrozzeriaジェントスエアコンガス【BONFORM ボンフォーム】カーマットプレスマットネクスト前席用【6276-31】,店内複数エントリーPT最大24倍チャンス！4/17 9:59まで。【BONFORM ボンフォーム】カーマットプレスマットネクスト前席用【6276-31】[rn]
10-61350,http://tshop.r10s.jp/ainekusu/cabinet/02559909/carmat_01.jpg?fitin=700:700,1728.0000,,車用品・バイク用品 > カー用品 > 内装パーツ > フロアマット > その他,普通車セダン 汎用カーマット 4点セット 【ベージュ】 G-CAR001-BG,店内複数エントリーPT最大24倍チャンス！4/17 9:59まで,普通車セダン汎用カーマット 4点セット 【ベージュ】,普通車セダン 汎用カーマット 4点セット 【ベージュ】 G-CAR001-BG：アットマックス＠,cn-gp550dポータブル電源ガーデンバリアゴリラセットアップ込40b19lドライブレコーダーカーナビゲーションワコーズ GDXゴリラレーダー探知機静音計画100d23lサーキュレータージャンプスターターカーバッテリーcarrozzeriaジェントスエアコンガス普通車セダン 汎用カーマット 4点セット 【ベージュ】 G-CAR001-BG,店内複数エントリーPT最大24倍チャンス！4/17 9:59まで。普通車セダン 汎用カーマット 4点セット 【ベージュ】 G-CAR001-BG[rn]
10-61351,http://tshop.r10s.jp/candytower/cabinet/190000-191000/190921.jpg?fitin=700:700,7200.0000,,車用品・バイク用品 > カー用品 > 内装パーツ > フロアマット > その他,ストーム・トゥルーパーのラバーフロアーマット（2枚1組） ■ カーアクセサリー ガレージグッズ アメリカ雑貨 アメリカン雑貨 通販 室内 車内用 生活雑貨 インテリアグッズ カッコイイ男の部屋を目指せ！ アメリカ雑貨屋,ラバー製だから汚れてもゴシゴシと水で洗えて便利！,"これさえあれば愛車がスターウォーズの特別仕様車に変身！ストームトゥルーパーのラバーフロアマットです。<br><br>サイズはユニバーサルタイプになっていて、名前のとおりラバー製だから汚れてもゴシゴシと水で洗えて便利！<br><br>足元を変えると想像していた以上に車内の見た目がガラッと変わってイイ感じに！<br><br>ストームトゥルーパーがかもし出すスターウォーズ感が猛烈で、ボクらのハートにグサッと来る感じ！<br><br>アメリカからのインポート物にもかかわらず、左右ペアセットでこのプライスも嬉しいでしょ！<br><br>ディーラーで何の変哲もないマットに高いお金を払うことを思えばそうとうお買い得感があると思います。<br><br>さあ、大好きなスターウォーズ特別仕様車にすべく、クリックをどうぞ！(ｏ￣∇￣)ｏ

<hr>サイズ：横42cm×縦64cm（約）

<br><br>
<img src=""http://image.rakuten.co.jp/candytower/cabinet/190000-191000/190922.jpg"" width=""100%"">
<br><br>
<img src=""http://image.rakuten.co.jp/candytower/cabinet/190000-191000/190923.jpg"" width=""100%"">
<br><br>
<img src=""http://image.rakuten.co.jp/candytower/cabinet/190000-191000/190924.jpg"" width=""100%"">
<br><br>
<img src=""http://image.rakuten.co.jp/candytower/cabinet/190000-191000/190925.jpg"" width=""100%"">
<br><br>
<img src=""http://image.rakuten.co.jp/candytower/cabinet/190000-191000/190926.jpg"" width=""100%"">
<br><br>
<img src=""http://image.rakuten.co.jp/candytower/cabinet/190000-191000/190927.jpg"" width=""100%"">
<br><br>
<table width=""100%"" border=""1"" cellpadding=""5"" cellspacing=""0"" bordercolor=""#CCCCCC"">
  <tr> 
    <td bgcolor=""#CCCCCC""> <b>■ まだまだあります</b></td>
  </tr>
 <tr> 
    <td>⇒ 「まだまだあります！他のデザインはこちら」</td>
  </tr>
   <tr> 
    <td>⇒ 『スターウォーズ』グッズはこちら！</td>
  </tr>
</table>",ストーム・トゥルーパーのラバーフロアーマット（2枚1組） ■ カーアクセサリー ガレージグッズ アメリカ雑貨 アメリカン雑貨 通販 室内 車内用 生活雑貨 インテリアグッズ カッコイイ男の部屋を目指せ！ アメリカ雑貨屋：アメリカ雑貨通販キャンディタワー,アメリカ雑貨アメリカン雑貨ステンシル輸入雑貨ブリキ看板インテリア雑貨星条旗グッズ世田谷ベース木製看板木箱ジュークボックスルート66グッズハワイアン雑貨リトルツリーコカ・コーラグッズハロウィングッズ人工芝輸入家具ネオン管錆塗装ストーム・トゥルーパーのラバーフロアーマット（2枚1組） ■ カーアクセサリー ガレージグッズ アメリカ雑貨 アメリカン雑貨 通販 室内 車内用 生活雑貨 インテリアグッズ カッコイイ男の部屋を目指せ！ アメリカ雑貨屋,ラバー製だから汚れてもゴシゴシと水で洗えて便利！。ストーム・トゥルーパーのラバーフロアーマット（2枚1組） ■ カーアクセサリー ガレージグッズ アメリカ雑貨 アメリカン雑貨 通販 室内 車内用 生活雑貨 インテリアグッズ カッコイイ男の部屋を目指せ！ アメリカ雑貨屋[rn]
10-61352,http://tshop.r10s.jp/ainekusu/cabinet/02749100/03315425/imgrc0068094181.gif?fitin=700:700,11600.0000,,車用品・バイク用品 > カー用品 > 内装パーツ > フロアマット > その他,【ミッションプライズ】J-Sleep アクティブ 軽量マットレス7カラー【JS-ACTIVE680】680MMタイプ 車中泊をおしゃれに！,店内複数エントリーPT最大24倍チャンス！4/17 9:59まで,"<br>車中泊も上質に！車中泊用マットレスが新登場！軽量、コンパクトなのに快適な寝心地のマットレス。<br>
ミニバン、ワンボックス、キャンピング、ベッドキットカーで快適な睡眠を<br>",【ミッションプライズ】J-Sleep アクティブ 軽量マットレス7カラー【JS-ACTIVE680】680MMタイプ 車中泊をおしゃれに！：アットマックス＠,cn-gp550dポータブル電源ガーデンバリアゴリラセットアップ込40b19lドライブレコーダーカーナビゲーションワコーズ GDXゴリラレーダー探知機静音計画100d23lサーキュレータージャンプスターターカーバッテリーcarrozzeriaジェントスエアコンガス【ミッションプライズ】J-Sleep アクティブ 軽量マットレス7カラー【JS-ACTIVE680】680MMタイプ 車中泊をおしゃれに！,店内複数エントリーPT最大24倍チャンス！4/17 9:59まで。【ミッションプライズ】J-Sleep アクティブ 軽量マットレス7カラー【JS-ACTIVE680】680MMタイプ 車中泊をおしゃれに！[rn]
10-61353,http://tshop.r10s.jp/ainekusu/cabinet/02749100/03315425/imgrc0068094181.gif?fitin=700:700,15600.0000,,車用品・バイク用品 > カー用品 > 内装パーツ > フロアマット > その他,【ミッションプライズ】J-Sleep アクティブ 軽量マットレス7カラー【JS-ACTIVE980】980MMタイプ 車中泊をおしゃれに！,店内複数エントリーPT最大24倍チャンス！4/17 9:59まで,"<br>車中泊も上質に！車中泊用マットレスが新登場！軽量、コンパクトなのに快適な寝心地のマットレス。<br>
ミニバン、ワンボックス、キャンピング、ベッドキットカーで快適な睡眠を<br>",【ミッションプライズ】J-Sleep アクティブ 軽量マットレス7カラー【JS-ACTIVE980】980MMタイプ 車中泊をおしゃれに！：アットマックス＠,cn-gp550dポータブル電源ガーデンバリアゴリラセットアップ込40b19lドライブレコーダーカーナビゲーションワコーズ GDXゴリラレーダー探知機静音計画100d23lサーキュレータージャンプスターターカーバッテリーcarrozzeriaジェントスエアコンガス【ミッションプライズ】J-Sleep アクティブ 軽量マットレス7カラー【JS-ACTIVE980】980MMタイプ 車中泊をおしゃれに！,店内複数エントリーPT最大24倍チャンス！4/17 9:59まで。【ミッションプライズ】J-Sleep アクティブ 軽量マットレス7カラー【JS-ACTIVE980】980MMタイプ 車中泊をおしゃれに！[rn]
10-61354,http://tshop.r10s.jp/ainekusu/cabinet/02559909/img60349882.jpg?fitin=700:700,846.4000,,車用品・バイク用品 > カー用品 > 内装パーツ > フロアマット > その他,ボンフォーム 3Dマット 3Dイプシロン 前席用48X65cm6397-01GR グレー 6397-01BK ブラック,店内複数エントリーPT最大24倍チャンス！4/17 9:59まで,"大人気の３Ｄタイプのマットが新形状で新登場！
底面がなだらかな形状で段差がないので、使い勝手は抜群です。裏面は不織布を使用した軽量タイプ。前席用はストッパー(別売り）が使えるアイレット付き。
<br />
<br />
<table bgcolor=""#FF9900"" cellspacing=""1"" cellpadding=""10"" align=""center"" width=""320"">
  <tr>
    <td bgcolor=""#FFE5BF""><center>
      <font size=""5"" color=""red"">※ご注意※ <br />
        ご購入前に必ずメーカーページ適合をご確認ください。</font>
    </center>
      <br />
      <font size=""5"">メーカー適合確認は、コチラ<br />
        <br />
      </font><font size=""2""><b> こちらの商品は、適合車種のみご利用いただける製品です。
          ご購入前に必ず適合表をご確認ください。上記をご確認のうえ、ご購入をお願い致します。<br />
          <font color=""red"">ご注文後、お客様のご都合による返品・交換は、お受けいたしかねます</font>ので予め、ご了承の上お買い求めください。</b> <br />
          <b>※ページが表示できない・不明時は、お手数ですが店舗までご連絡をお願い致します。 </b></font></td>
  </tr>
</table>
<br />
<br />",ボンフォーム 3Dマット 3Dイプシロン 前席用48X65cm6397-01GR グレー 6397-01BK ブラック：アットマックス＠,cn-gp550dポータブル電源ガーデンバリアゴリラセットアップ込40b19lドライブレコーダーカーナビゲーションワコーズ GDXゴリラレーダー探知機静音計画100d23lサーキュレータージャンプスターターカーバッテリーcarrozzeriaジェントスエアコンガスボンフォーム 3Dマット 3Dイプシロン 前席用48X65cm6397-01GR グレー 6397-01BK ブラック,店内複数エントリーPT最大24倍チャンス！4/17 9:59まで。ボンフォーム 3Dマット 3Dイプシロン 前席用48X65cm6397-01GR グレー 6397-01BK ブラック[rn]
10-61355,http://tshop.r10s.jp/ainekusu/cabinet/02559909/img60350067.jpg?fitin=700:700,846.4000,,車用品・バイク用品 > カー用品 > 内装パーツ > フロアマット > その他,ボンフォーム 3Dマット 3Dイプシロン前席用 サイズS45X60cm ブラック・ベージュ・グレーの3色 6397-31,店内複数エントリーPT最大24倍チャンス！4/17 9:59まで,"大人気の３Ｄタイプのマットが新形状で新登場！
底面がなだらかな形状で段差がないので、使い勝手は抜群です。裏面は不織布を使用した軽量タイプ。前席用はストッパー(別売り）が使えるアイレット付き。
<br />
<br />
<table bgcolor=""#FF9900"" cellspacing=""1"" cellpadding=""10"" align=""center"" width=""320"">
  <tr>
    <td bgcolor=""#FFE5BF""><center>
      <font size=""5"" color=""red"">※ご注意※ <br />
        ご購入前に必ずメーカーページ適合をご確認ください。</font>
    </center>
      <br />
      <font size=""5"">メーカー適合確認は、コチラ<br />
        <br />
      </font><font size=""2""><b> こちらの商品は、適合車種のみご利用いただける製品です。
          ご購入前に必ず適合表をご確認ください。上記をご確認のうえ、ご購入をお願い致します。<br />
          <font color=""red"">ご注文後、お客様のご都合による返品・交換は、お受けいたしかねます</font>ので予め、ご了承の上お買い求めください。</b> <br />
          <b>※ページが表示できない・不明時は、お手数ですが店舗までご連絡をお願い致します。 </b></font></td>
  </tr>
</table>
<br />
<br />",ボンフォーム 3Dマット 3Dイプシロン前席用 サイズS45X60cm ブラック・ベージュ・グレーの3色 6397-31：アットマックス＠,cn-gp550dポータブル電源ガーデンバリアゴリラセットアップ込40b19lドライブレコーダーカーナビゲーションワコーズ GDXゴリラレーダー探知機静音計画100d23lサーキュレータージャンプスターターカーバッテリーcarrozzeriaジェントスエアコンガスボンフォーム 3Dマット 3Dイプシロン前席用 サイズS45X60cm ブラック・ベージュ・グレーの3色 6397-31,店内複数エントリーPT最大24倍チャンス！4/17 9:59まで。ボンフォーム 3Dマット 3Dイプシロン前席用 サイズS45X60cm ブラック・ベージュ・グレーの3色 6397-31[rn]
10-61356,http://tshop.r10s.jp/ainekusu/cabinet/02559909/img60349463.jpg?fitin=700:700,1850.4000,,車用品・バイク用品 > カー用品 > 内装パーツ > フロアマット > その他,ボンフォーム 3Dマット 3Dイプシロンロングバスケット主に後席用 サイズ40X125cm 6400-05,店内複数エントリーPT最大24倍チャンス！4/17 9:59まで,"人気のロングマットが新サイズで登場しました。ふちの折り返し部分が大きくなっ、床面によりフィットする新形状。
サイズはミニバンやコンパクトカーの２列目席にピッタリな１２５ＣＭタイプと軽自動車の後席に合う１１５ＣＭタイプの２サイズを用意しました。(フロア形状がフラットな車両にご使用いただけます）
裏面はずれにくい滑り止め加工。<br />
<br />
<table bgcolor=""#FF9900"" cellspacing=""1"" cellpadding=""10"" align=""center"" width=""320"">
  <tr>
    <td bgcolor=""#FFE5BF""><center>
      <font size=""5"" color=""red"">※ご注意※ <br />
        ご購入前に必ずメーカーページ適合をご確認ください。</font>
    </center>
      <br />
      <font size=""5"">メーカー適合確認は、コチラ<br />
        <br />
      </font><font size=""2""><b> こちらの商品は、適合車種のみご利用いただける製品です。
          ご購入前に必ず適合表をご確認ください。上記をご確認のうえ、ご購入をお願い致します。<br />
          <font color=""red"">ご注文後、お客様のご都合による返品・交換は、お受けいたしかねます</font>ので予め、ご了承の上お買い求めください。</b> <br />
          <b>※ページが表示できない・不明時は、お手数ですが店舗までご連絡をお願い致します。 </b></font></td>
  </tr>
</table>
<br />
<br />",ボンフォーム 3Dマット 3Dイプシロンロングバスケット主に後席用 サイズ40X125cm 6400-05：アットマックス＠,cn-gp550dポータブル電源ガーデンバリアゴリラセットアップ込40b19lドライブレコーダーカーナビゲーションワコーズ GDXゴリラレーダー探知機静音計画100d23lサーキュレータージャンプスターターカーバッテリーcarrozzeriaジェントスエアコンガスボンフォーム 3Dマット 3Dイプシロンロングバスケット主に後席用 サイズ40X125cm 6400-05,店内複数エントリーPT最大24倍チャンス！4/17 9:59まで。ボンフォーム 3Dマット 3Dイプシロンロングバスケット主に後席用 サイズ40X125cm 6400-05[rn]
10-61357,http://tshop.r10s.jp/ainekusu/cabinet/02559909/img60348048.jpg?fitin=700:700,904.0000,,車用品・バイク用品 > カー用品 > 内装パーツ > フロアマット > その他,ボンフォーム 3Dカーマット 3Dマックスパイダー後席用グレー6398-08 ブラック6398-06,店内複数エントリーPT最大24倍チャンス！4/17 9:59まで,"裏面素材に超強力ノンスリップ素材(マクスパイダー)を使用。車両本体のニードルパンチカーペットにマックスパイダーがガッチリと絡みます。
底面形状は前方の傾斜が緩やかなオリジナル形状(意匠登録申請中）でフィット性も向上しました。前席用には別売のズレ防止フックが使える丸穴付き。
<br />
<br />
<table bgcolor=""#FF9900"" cellspacing=""1"" cellpadding=""10"" align=""center"" width=""320"">
  <tr>
    <td bgcolor=""#FFE5BF""><center>
      <font size=""5"" color=""red"">※ご注意※ <br />
        ご購入前に必ずメーカーページ適合をご確認ください。</font>
    </center>
      <br />
      <font size=""5"">メーカー適合確認は、コチラ<br />
        <br />
      </font><font size=""2""><b> こちらの商品は、適合車種のみご利用いただける製品です。
          ご購入前に必ず適合表をご確認ください。上記をご確認のうえ、ご購入をお願い致します。<br />
          <font color=""red"">ご注文後、お客様のご都合による返品・交換は、お受けいたしかねます</font>ので予め、ご了承の上お買い求めください。</b> <br />
          <b>※ページが表示できない・不明時は、お手数ですが店舗までご連絡をお願い致します。 </b></font></td>
  </tr>
</table>
<br />
<br />",ボンフォーム 3Dカーマット 3Dマックスパイダー後席用グレー6398-08 ブラック6398-06：アットマックス＠,cn-gp550dポータブル電源ガーデンバリアゴリラセットアップ込40b19lドライブレコーダーカーナビゲーションワコーズ GDXゴリラレーダー探知機静音計画100d23lサーキュレータージャンプスターターカーバッテリーcarrozzeriaジェントスエアコンガスボンフォーム 3Dカーマット 3Dマックスパイダー後席用グレー6398-08 ブラック6398-06,店内複数エントリーPT最大24倍チャンス！4/17 9:59まで。ボンフォーム 3Dカーマット 3Dマックスパイダー後席用グレー6398-08 ブラック6398-06[rn]
10-61358,http://tshop.r10s.jp/ainekusu/cabinet/02559909/img60349463.jpg?fitin=700:700,1520.8000,,車用品・バイク用品 > カー用品 > 内装パーツ > フロアマット > その他,ボンフォーム 3Dマット 3Dイプシロンロングバスケット 40X115CM6400-04,店内複数エントリーPT最大24倍チャンス！4/17 9:59まで,"人気のロングマットが新サイズで登場しました。ふちの折り返し部分が大きくなっ、床面によりフィットする新形状。
サイズはミニバンやコンパクトカーの２列目席にピッタリな１２５ＣＭタイプと軽自動車の後席に合う１１５ＣＭタイプの２サイズを用意しました。(フロア形状がフラットな車両にご使用いただけます）
裏面はずれにくい滑り止め加工。<br />
<br />
<table bgcolor=""#FF9900"" cellspacing=""1"" cellpadding=""10"" align=""center"" width=""320"">
  <tr>
    <td bgcolor=""#FFE5BF""><center>
      <font size=""5"" color=""red"">※ご注意※ <br />
        ご購入前に必ずメーカーページ適合をご確認ください。</font>
    </center>
      <br />
      <font size=""5"">メーカー適合確認は、コチラ<br />
        <br />
      </font><font size=""2""><b> こちらの商品は、適合車種のみご利用いただける製品です。
          ご購入前に必ず適合表をご確認ください。上記をご確認のうえ、ご購入をお願い致します。<br />
          <font color=""red"">ご注文後、お客様のご都合による返品・交換は、お受けいたしかねます</font>ので予め、ご了承の上お買い求めください。</b> <br />
          <b>※ページが表示できない・不明時は、お手数ですが店舗までご連絡をお願い致します。 </b></font></td>
  </tr>
</table>
<br />
<br />",ボンフォーム 3Dマット 3Dイプシロンロングバスケット 40X115CM6400-04：アットマックス＠,cn-gp550dポータブル電源ガーデンバリアゴリラセットアップ込40b19lドライブレコーダーカーナビゲーションワコーズ GDXゴリラレーダー探知機静音計画100d23lサーキュレータージャンプスターターカーバッテリーcarrozzeriaジェントスエアコンガスボンフォーム 3Dマット 3Dイプシロンロングバスケット 40X115CM6400-04,店内複数エントリーPT最大24倍チャンス！4/17 9:59まで。ボンフォーム 3Dマット 3Dイプシロンロングバスケット 40X115CM6400-04[rn]
10-61359,http://tshop.r10s.jp/ainekusu/cabinet/02559909/img62450339.gif?fitin=700:700,2399.2000,,車用品・バイク用品 > カー用品 > 内装パーツ > フロアマット > その他,【BONFORM ボンフォーム】カーマット３Ｄプレステージ セカンド用【6293-05SM】,店内複数エントリーPT最大24倍チャンス！4/17 9:59まで,"雨・雪・泥などの汚れの飛散を防ぐ深型マットです。<br>
多彩なサイズの中よりお選びいただけ、周囲部分をフロアの形状に合わせて
自在にカットできます。<br>
フロント用はズレ防止のフック付で純正マットからのズレを防ぎます。<br><br>

品　質：ポリ塩化ビニール１００％<br>
サイズ：（０５）４６ｘ１３６ｃｍ〈セカンド用〉<br>　
カラー：ＳＭ（スモーク）<br><br><br />
<br />
<table bgcolor=""#FF9900"" cellspacing=""1"" cellpadding=""10"" align=""center"" width=""320"">
  <tr>
    <td bgcolor=""#FFE5BF""><center>
      <font size=""5"" color=""red"">※ご注意※ <br />
        ご購入前に必ずメーカーページ適合をご確認ください。</font>
    </center>
      <br />
      <font size=""5"">メーカー適合確認は、コチラ<br />
        <br />
      </font><font size=""2""><b> こちらの商品は、適合車種のみご利用いただける製品です。
          ご購入前に必ず適合表をご確認ください。上記をご確認のうえ、ご購入をお願い致します。<br />
          <font color=""red"">ご注文後、お客様のご都合による返品・交換は、お受けいたしかねます</font>ので予め、ご了承の上お買い求めください。</b> <br />
          <b>※ページが表示できない・不明時は、お手数ですが店舗までご連絡をお願い致します。 </b></font></td>
  </tr>
</table>
<br />
<br />",【BONFORM ボンフォーム】カーマット３Ｄプレステージ セカンド用【6293-05SM】：アットマックス＠,cn-gp550dポータブル電源ガーデンバリアゴリラセットアップ込40b19lドライブレコーダーカーナビゲーションワコーズ GDXゴリラレーダー探知機静音計画100d23lサーキュレータージャンプスターターカーバッテリーcarrozzeriaジェントスエアコンガス【BONFORM ボンフォーム】カーマット３Ｄプレステージ セカンド用【6293-05SM】,店内複数エントリーPT最大24倍チャンス！4/17 9:59まで。【BONFORM ボンフォーム】カーマット３Ｄプレステージ セカンド用【6293-05SM】[rn]
10-61360,http://tshop.r10s.jp/ainekusu/cabinet/02559909/img62450328.gif?fitin=700:700,4736.0000,,車用品・バイク用品 > カー用品 > 内装パーツ > フロアマット > その他,【送料無料!! 代引無料!!】【BONFORM ボンフォーム】カーマットクワトロ カラー３色【6392-36】,店内複数エントリーPT最大24倍チャンス！4/17 9:59まで,"チェック柄で足元をお洒落に演出！<br>
裏側は滑りにくいニードルパンチ生地。カジュアルなチェック柄が足元を引き立てます。<br>
４種類のタイプからお選びいただけます。<br>
フリーサイズのため一部のお車には適合しない場合があります。<br><br><br>
品　質：(表）ポリプロピレン　（裏）ポリエステル<br>
サイズ：（０９）普通車５点セット<br>
カラー：Ｂ(ブルー）　Ｒ（レッド）　ＧＲ（グレー）<br><br>
<br />
<br />
<table bgcolor=""#FF9900"" cellspacing=""1"" cellpadding=""10"" align=""center"" width=""320"">
  <tr>
    <td bgcolor=""#FFE5BF""><center>
      <font size=""5"" color=""red"">※ご注意※ <br />
        ご購入前に必ずメーカーページ適合をご確認ください。</font>
    </center>
      <br />
      <font size=""5"">メーカー適合確認は、コチラ<br />
        <br />
      </font><font size=""2""><b> こちらの商品は、適合車種のみご利用いただける製品です。
          ご購入前に必ず適合表をご確認ください。上記をご確認のうえ、ご購入をお願い致します。<br />
          <font color=""red"">ご注文後、お客様のご都合による返品・交換は、お受けいたしかねます</font>ので予め、ご了承の上お買い求めください。</b> <br />
          <b>※ページが表示できない・不明時は、お手数ですが店舗までご連絡をお願い致します。 </b></font></td>
  </tr>
</table>
<br />
<br />",【送料無料!! 代引無料!!】【BONFORM ボンフォーム】カーマットクワトロ カラー３色【6392-36】：アットマックス＠,cn-gp550dポータブル電源ガーデンバリアゴリラセットアップ込40b19lドライブレコーダーカーナビゲーションワコーズ GDXゴリラレーダー探知機静音計画100d23lサーキュレータージャンプスターターカーバッテリーcarrozzeriaジェントスエアコンガス【送料無料!! 代引無料!!】【BONFORM ボンフォーム】カーマットクワトロ カラー３色【6392-36】,店内複数エントリーPT最大24倍チャンス！4/17 9:59まで。【送料無料!! 代引無料!!】【BONFORM ボンフォーム】カーマットクワトロ カラー３色【6392-36】[rn]
10-61361,http://tshop.r10s.jp/ainekusu/cabinet/02559909/img62450326.gif?fitin=700:700,5112.0000,,車用品・バイク用品 > カー用品 > 内装パーツ > フロアマット > その他,【BONFORM ボンフォーム】カーマットクワトロ カラー３色【6392-09】【5枚で1セット】,店内複数エントリーPT最大24倍チャンス！4/17 9:59まで,"チェック柄で足元をお洒落に演出！<br>
裏側は滑りにくいニードルパンチ生地。カジュアルなチェック柄が足元を引き立てます。<br>
４種類のタイプからお選びいただけます。<br>
フリーサイズのため一部のお車には適合しない場合があります。<br><br><br>
品　質：(表）ポリプロピレン　（裏）ポリエステル<br>
サイズ：（０９）普通車５点セット<br>
カラー：Ｂ(ブルー）　Ｒ（レッド）　ＧＲ（グレー）<br><br>
<br />
<br />
<table bgcolor=""#FF9900"" cellspacing=""1"" cellpadding=""10"" align=""center"" width=""320"">
  <tr>
    <td bgcolor=""#FFE5BF""><center>
      <font size=""5"" color=""red"">※ご注意※ <br />
        ご購入前に必ずメーカーページ適合をご確認ください。</font>
    </center>
      <br />
      <font size=""5"">メーカー適合確認は、コチラ<br />
        <br />
      </font><font size=""2""><b> こちらの商品は、適合車種のみご利用いただける製品です。
          ご購入前に必ず適合表をご確認ください。上記をご確認のうえ、ご購入をお願い致します。<br />
          <font color=""red"">ご注文後、お客様のご都合による返品・交換は、お受けいたしかねます</font>ので予め、ご了承の上お買い求めください。</b> <br />
          <b>※ページが表示できない・不明時は、お手数ですが店舗までご連絡をお願い致します。 </b></font></td>
  </tr>
</table>
<br />
<br />",【BONFORM ボンフォーム】カーマットクワトロ カラー３色【6392-09】【5枚で1セット】：アットマックス＠,cn-gp550dポータブル電源ガーデンバリアゴリラセットアップ込40b19lドライブレコーダーカーナビゲーションワコーズ GDXゴリラレーダー探知機静音計画100d23lサーキュレータージャンプスターターカーバッテリーcarrozzeriaジェントスエアコンガス【BONFORM ボンフォーム】カーマットクワトロ カラー３色【6392-09】【5枚で1セット】,店内複数エントリーPT最大24倍チャンス！4/17 9:59まで。【BONFORM ボンフォーム】カーマットクワトロ カラー３色【6392-09】【5枚で1セット】[rn]
10-61362,http://tshop.r10s.jp/ainekusu/cabinet/02559909/06gr.jpg?fitin=700:700,480.0000,,車用品・バイク用品 > カー用品 > 内装パーツ > フロアマット > その他,【ボンフォーム】【6397-06GR】カーマット 3Dイプシロン 後席用S グレー,店内複数エントリーPT最大24倍チャンス！4/17 9:59まで,"立体構造で汚れをこぼさず安心です。作りも丈夫なので車内をキレイに保ちます。<br />
            <br />
            <b>主な適合について</b><br />
            日産：マーチ、キューブ<br />
            ホンダ：インサイト<br />
スズキ：スイフト、ソリオ、ワゴンR、ワゴンRスティングレー、アルト、アルトランバン、MRワゴン<br />
ダイハツ：タント<br /> 
※上記適合は、平成23年のものとなります。最新の情報はメーカーサイトにて必ずご確認ください。
<br />
<br />
<br />
            <b>サイズ：</b>48X41cm (後席S) <br />
            <br />
            <b>材質： </b><br />
            (表) ポリエステル<br />
            (裏) ポリエステル・ポリプロピレン<br />
            (スベリ止め加工) <br />
<br />
<table bgcolor=""#FF9900"" cellspacing=""1"" cellpadding=""10"" align=""center"" width=""320"">
  <tr>
    <td bgcolor=""#FFE5BF""><center>
      <font size=""5"" color=""red"">※ご注意※ <br />
        ご購入前に下記のメーカー適合情報をご確認ください。</font>
    </center>
      <br />
      <font size=""5"">車種適合確認は、コチラ<br />
        <br />
      </font><font size=""2""><b> こちらの商品は、適合車種のみご利用いただける製品です。<br />
          ご購入前に必ず適合表をご確認ください。上記をご確認のうえ、ご購入をお願い致します。<br />
          <font color=""red"">ご注文後、お客様のご都合による返品・交換は、お受けいたしかねます</font>ので予め、ご了承の上お買い求めください。</b> <br />
          <b>※ページが表示できない・不明時は、お手数ですが店舗までご連絡をお願い致します。 </b></font></td>
  </tr>
</table>
<br />
<br /><br />
<br />
<table bgcolor=""#FF9900"" cellspacing=""1"" cellpadding=""10"" align=""center"" width=""320"">
  <tr>
    <td bgcolor=""#FFE5BF""><center>
      <font size=""5"" color=""red"">※ご注意※ <br />
        ご購入前に必ずメーカーページ適合をご確認ください。</font>
    </center>
      <br />
      <font size=""5"">メーカー適合確認は、コチラ<br />
        <br />
      </font><font size=""2""><b> こちらの商品は、適合車種のみご利用いただける製品です。
          ご購入前に必ず適合表をご確認ください。上記をご確認のうえ、ご購入をお願い致します。<br />
          <font color=""red"">ご注文後、お客様のご都合による返品・交換は、お受けいたしかねます</font>ので予め、ご了承の上お買い求めください。</b> <br />
          <b>※ページが表示できない・不明時は、お手数ですが店舗までご連絡をお願い致します。 </b></font></td>
  </tr>
</table>
<br />
<br />",【ボンフォーム】【6397-06GR】カーマット 3Dイプシロン 後席用S グレー：アットマックス＠,cn-gp550dポータブル電源ガーデンバリアゴリラセットアップ込40b19lドライブレコーダーカーナビゲーションワコーズ GDXゴリラレーダー探知機静音計画100d23lサーキュレータージャンプスターターカーバッテリーcarrozzeriaジェントスエアコンガス【ボンフォーム】【6397-06GR】カーマット 3Dイプシロン 後席用S グレー,店内複数エントリーPT最大24倍チャンス！4/17 9:59まで。【ボンフォーム】【6397-06GR】カーマット 3Dイプシロン 後席用S グレー[rn]
10-61363,http://tshop.r10s.jp/ainekusu/cabinet/02559909/img62450337.gif?fitin=700:700,1248.0000,,車用品・バイク用品 > カー用品 > 内装パーツ > フロアマット > その他,【BONFORM ボンフォーム】カーマット３Ｄプレステージ フロント用【6293-01SM】,店内複数エントリーPT最大24倍チャンス！4/17 9:59まで,"雨・雪・泥などの汚れの飛散を防ぐ深型マットです。<br>
多彩なサイズの中よりお選びいただけ、周囲部分をフロアの形状に合わせて
自在にカットできます。<br>
フロント用はズレ防止のフック付で純正マットからのズレを防ぎます。<br><br>
品　質：ポリ塩化ビニール１００％<br>
サイズ：（０１）５０Ｘ７０ｃｍ〈フロント用〉<br>
カラー：ＳＭ（スモーク）<br><br />
<br />
<table bgcolor=""#FF9900"" cellspacing=""1"" cellpadding=""10"" align=""center"" width=""320"">
  <tr>
    <td bgcolor=""#FFE5BF""><center>
      <font size=""5"" color=""red"">※ご注意※ <br />
        ご購入前に必ずメーカーページ適合をご確認ください。</font>
    </center>
      <br />
      <font size=""5"">メーカー適合確認は、コチラ<br />
        <br />
      </font><font size=""2""><b> こちらの商品は、適合車種のみご利用いただける製品です。
          ご購入前に必ず適合表をご確認ください。上記をご確認のうえ、ご購入をお願い致します。<br />
          <font color=""red"">ご注文後、お客様のご都合による返品・交換は、お受けいたしかねます</font>ので予め、ご了承の上お買い求めください。</b> <br />
          <b>※ページが表示できない・不明時は、お手数ですが店舗までご連絡をお願い致します。 </b></font></td>
  </tr>
</table>
<br />
<br />",【BONFORM ボンフォーム】カーマット３Ｄプレステージ フロント用【6293-01SM】：アットマックス＠,cn-gp550dポータブル電源ガーデンバリアゴリラセットアップ込40b19lドライブレコーダーカーナビゲーションワコーズ GDXゴリラレーダー探知機静音計画100d23lサーキュレータージャンプスターターカーバッテリーcarrozzeriaジェントスエアコンガス【BONFORM ボンフォーム】カーマット３Ｄプレステージ フロント用【6293-01SM】,店内複数エントリーPT最大24倍チャンス！4/17 9:59まで。【BONFORM ボンフォーム】カーマット３Ｄプレステージ フロント用【6293-01SM】[rn]
10-61364,http://tshop.r10s.jp/ainekusu/cabinet/02567527/imgrc0068005845.jpg?fitin=700:700,1840.0000,,車用品・バイク用品 > カー用品 > 内装パーツ > フロアマット > その他,【BONFORM ボンフォーム】【6416-04】汚れ防止フロアマット 40X115cm 3Dレザーマット ロング (115)立体構造でドロ・ゴミをキャッチ !ブラックとレッド2色有,店内複数エントリーPT最大24倍チャンス！4/17 9:59まで,"<p>Premium Car Mat ! 魅せるレザー !<br>
  今までになかった素材・デザインを実現 !<br>
  <br>
  立体構造でドロ・ゴミをキャッチ !<br>
  高級レザー使用 !<br>
  特殊素材でズレにくい !<br>
  <br>
  軽自動車の後席にピッタリ !<br>
  <br>
サイズ：40X115cm<br>
カラー：ブラック・レッド<br>
材　質：(表) 合成皮革
(裏) ポリエステル
(スベリ止め加工)</p><br />
<br />
<table bgcolor=""#FF9900"" cellspacing=""1"" cellpadding=""10"" align=""center"" width=""320"">
  <tr>
    <td bgcolor=""#FFE5BF""><center>
      <font size=""5"" color=""red"">※ご注意※ <br />
        ご購入前に必ずメーカーページ適合をご確認ください。</font>
    </center>
      <br />
      <font size=""5"">メーカー適合確認は、コチラ<br />
        <br />
      </font><font size=""2""><b> こちらの商品は、適合車種のみご利用いただける製品です。
          ご購入前に必ず適合表をご確認ください。上記をご確認のうえ、ご購入をお願い致します。<br />
          <font color=""red"">ご注文後、お客様のご都合による返品・交換は、お受けいたしかねます</font>ので予め、ご了承の上お買い求めください。</b> <br />
          <b>※ページが表示できない・不明時は、お手数ですが店舗までご連絡をお願い致します。 </b></font></td>
  </tr>
</table>
<br />
<br />",【BONFORM ボンフォーム】【6416-04】汚れ防止フロアマット 40X115cm 3Dレザーマット ロング (115)立体構造でドロ・ゴミをキャッチ !ブラックとレッド2色有：アットマックス＠,cn-gp550dポータブル電源ガーデンバリアゴリラセットアップ込40b19lドライブレコーダーカーナビゲーションワコーズ GDXゴリラレーダー探知機静音計画100d23lサーキュレータージャンプスターターカーバッテリーcarrozzeriaジェントスエアコンガス【BONFORM ボンフォーム】【6416-04】汚れ防止フロアマット 40X115cm 3Dレザーマット ロング (115)立体構造でドロ・ゴミをキャッチ !ブラックとレッド2色有,店内複数エントリーPT最大24倍チャンス！4/17 9:59まで。【BONFORM ボンフォーム】【6416-04】汚れ防止フロアマット 40X115cm 3Dレザーマット ロング (115)立体構造でドロ・ゴミをキャッチ !ブラックとレッド2色有[rn]
10-61365,http://tshop.r10s.jp/ainekusu/cabinet/02559909/imgrc0068086209.gif?fitin=700:700,13840.0000,,車用品・バイク用品 > カー用品 > 内装パーツ > フロアマット > その他,【SilkBlaze シルクブレイズ】プリウス50系フロアマットEX マットフルセットベージュチェック/スペアタイヤ有り車【AR-FLOOR-EX-45】,店内複数エントリーPT最大24倍チャンス！4/17 9:59まで,"<br>【SilkBlaze シルクブレイズ】プリウス50系<br>フロアマットEX/ベージュチェック/スペア有<br>
1台分オールインワンフルセットでご用意！<br>ズレにくいように裏面には滑り止めスパイク加工を施してあります。<br>
運転席側のヒールパッドが、汚れや頻繁な摩耗を抑えます。<br>トヨタ後期用に使用される固定方法(回転ノブ式ストッパー)に対応。<br>立体的にチェック柄を表現し、高級感を演出。<br>

<br />
<br /><center>

<b><font size=""4""> ラインアップ</font></b><b><font size=""4""><br />
プリウス50系 フロアマットEX マット<br />
フルセットベージュチェック <br />
</font></b><br />
<img src=""http://image.rakuten.co.jp/ainekusu/cabinet/02559909/imgrc0068086209.gif"" border=""0"" width=""150"" /><br />
<font size=""4"" color=""#CC0066""><b> スペアタイヤ有り車<br />
【AR-FLOOR-EX-45】</b></font><br />
<br />
<br />
<img src=""http://image.rakuten.co.jp/ainekusu/cabinet/02559909/imgrc0068086213.gif"" border=""0"" width=""150"" /><br />
<font size=""4"" color=""#CC0066""><b> スペアタイヤ無し車<br />
【AR-FLOOR-EX-47】</b></font>
</center>",【SilkBlaze シルクブレイズ】プリウス50系フロアマットEX マットフルセットベージュチェック/スペアタイヤ有り車【AR-FLOOR-EX-45】：アットマックス＠,cn-gp550dポータブル電源ガーデンバリアゴリラセットアップ込40b19lドライブレコーダーカーナビゲーションワコーズ GDXゴリラレーダー探知機静音計画100d23lサーキュレータージャンプスターターカーバッテリーcarrozzeriaジェントスエアコンガス【SilkBlaze シルクブレイズ】プリウス50系フロアマットEX マットフルセットベージュチェック/スペアタイヤ有り車【AR-FLOOR-EX-45】,店内複数エントリーPT最大24倍チャンス！4/17 9:59まで。【SilkBlaze シルクブレイズ】プリウス50系フロアマットEX マットフルセットベージュチェック/スペアタイヤ有り車【AR-FLOOR-EX-45】[rn]
10-61366,http://tshop.r10s.jp/ainekusu/cabinet/02559909/imgrc0068086198.gif?fitin=700:700,14240.0000,,車用品・バイク用品 > カー用品 > 内装パーツ > フロアマット > その他,【SilkBlaze シルクブレイズ】プリウス50系フロアマット プレミアム ZVW50系フルセット1台分 2カラー【AR-FLOOR-50PRI-P】,店内複数エントリーPT最大24倍チャンス！4/17 9:59まで,"<br>【SilkBlaze シルクブレイズ】プリウス50系 フロアマット プレミアム ZVW50系<br>
専用設計なので、フィッティング抜群！分割構造ですが、見た目も綺麗な仕上がり。<br>運転席側のヒールパッドが汚れや頻繁な摩耗を抑えます。<br>
回転ノブ式ストッパー対応。背面ラバー加工が耐久性を高め、しっかりグリップし滑りを抑えます。<br>",【SilkBlaze シルクブレイズ】プリウス50系フロアマット プレミアム ZVW50系フルセット1台分 2カラー【AR-FLOOR-50PRI-P】：アットマックス＠,cn-gp550dポータブル電源ガーデンバリアゴリラセットアップ込40b19lドライブレコーダーカーナビゲーションワコーズ GDXゴリラレーダー探知機静音計画100d23lサーキュレータージャンプスターターカーバッテリーcarrozzeriaジェントスエアコンガス【SilkBlaze シルクブレイズ】プリウス50系フロアマット プレミアム ZVW50系フルセット1台分 2カラー【AR-FLOOR-50PRI-P】,店内複数エントリーPT最大24倍チャンス！4/17 9:59まで。【SilkBlaze シルクブレイズ】プリウス50系フロアマット プレミアム ZVW50系フルセット1台分 2カラー【AR-FLOOR-50PRI-P】[rn]
10-61367,http://tshop.r10s.jp/ainekusu/cabinet/02559909/img62450323.gif?fitin=700:700,824.0000,,車用品・バイク用品 > カー用品 > 内装パーツ > フロアマット > その他,【BONFORM ボンフォーム】カーマット3Dグランツ カラー３色【6395-01】ブラック：6395-01BKクリアー：6395-01CLスモーク：6395-01SM,店内複数エントリーPT最大24倍チャンス！4/17 9:59まで,"汚れの防止 防水！<br>
ＰＶＣ製の透明タイプ。立体成型で汚れの飛散を防止します。<br>
前方の段差ををなだらかにした新設計の形状で、使いやすさは大きく向上。<br>
前席用は別売りのズレ止めストッパーが使える丸穴付きで、安全対策もバッチリ！
<br><br>
品　質：ＰＶＣ１００％<br>
サイズ：（０１）４８Ｘ６５ｃｍ前席用<br>
カラー：ＢＫ（ブラック）　ＣＬ（クリアー）　ＳＭ（スモーク）<br><br><br />
<br />
<table bgcolor=""#FF9900"" cellspacing=""1"" cellpadding=""10"" align=""center"" width=""320"">
  <tr>
    <td bgcolor=""#FFE5BF""><center>
      <font size=""5"" color=""red"">※ご注意※ <br />
        ご購入前に必ずメーカーページ適合をご確認ください。</font>
    </center>
      <br />
      <font size=""5"">メーカー適合確認は、コチラ<br />
        <br />
      </font><font size=""2""><b> こちらの商品は、適合車種のみご利用いただける製品です。
          ご購入前に必ず適合表をご確認ください。上記をご確認のうえ、ご購入をお願い致します。<br />
          <font color=""red"">ご注文後、お客様のご都合による返品・交換は、お受けいたしかねます</font>ので予め、ご了承の上お買い求めください。</b> <br />
          <b>※ページが表示できない・不明時は、お手数ですが店舗までご連絡をお願い致します。 </b></font></td>
  </tr>
</table>
<br />
<br />",【BONFORM ボンフォーム】カーマット3Dグランツ カラー３色【6395-01】ブラック：6395-01BKクリアー：6395-01CLスモーク：6395-01SM：アットマックス＠,cn-gp550dポータブル電源ガーデンバリアゴリラセットアップ込40b19lドライブレコーダーカーナビゲーションワコーズ GDXゴリラレーダー探知機静音計画100d23lサーキュレータージャンプスターターカーバッテリーcarrozzeriaジェントスエアコンガス【BONFORM ボンフォーム】カーマット3Dグランツ カラー３色【6395-01】ブラック：6395-01BKクリアー：6395-01CLスモーク：6395-01SM,店内複数エントリーPT最大24倍チャンス！4/17 9:59まで。【BONFORM ボンフォーム】カーマット3Dグランツ カラー３色【6395-01】ブラック：6395-01BKクリアー：6395-01CLスモーク：6395-01SM[rn]
10-61368,http://tshop.r10s.jp/ainekusu/cabinet/02559909/img62450340.gif?fitin=700:700,1584.0000,,車用品・バイク用品 > カー用品 > 内装パーツ > フロアマット > その他,【BONFORM ボンフォーム】カーマット３Ｄプレステージ サード用【6293-04SM】,店内複数エントリーPT最大24倍チャンス！4/17 9:59まで,"雨・雪・泥などの汚れの飛散を防ぐ深型マットです。<br>
多彩なサイズの中よりお選びいただけ、周囲部分をフロアの形状に合わせて
自在にカットできます。<br>
フロント用はズレ防止のフック付で純正マットからのズレを防ぎます。<br><br>
品　質：ポリ塩化ビニール１００％<br>
サイズ：（０４）４０ｘ１２０ｃｍ〈サード用〉<br>
カラー：ＳＭ（スモーク）<br><br><br />
<br />
<table bgcolor=""#FF9900"" cellspacing=""1"" cellpadding=""10"" align=""center"" width=""320"">
  <tr>
    <td bgcolor=""#FFE5BF""><center>
      <font size=""5"" color=""red"">※ご注意※ <br />
        ご購入前に必ずメーカーページ適合をご確認ください。</font>
    </center>
      <br />
      <font size=""5"">メーカー適合確認は、コチラ<br />
        <br />
      </font><font size=""2""><b> こちらの商品は、適合車種のみご利用いただける製品です。
          ご購入前に必ず適合表をご確認ください。上記をご確認のうえ、ご購入をお願い致します。<br />
          <font color=""red"">ご注文後、お客様のご都合による返品・交換は、お受けいたしかねます</font>ので予め、ご了承の上お買い求めください。</b> <br />
          <b>※ページが表示できない・不明時は、お手数ですが店舗までご連絡をお願い致します。 </b></font></td>
  </tr>
</table>
<br />
<br />",【BONFORM ボンフォーム】カーマット３Ｄプレステージ サード用【6293-04SM】：アットマックス＠,cn-gp550dポータブル電源ガーデンバリアゴリラセットアップ込40b19lドライブレコーダーカーナビゲーションワコーズ GDXゴリラレーダー探知機静音計画100d23lサーキュレータージャンプスターターカーバッテリーcarrozzeriaジェントスエアコンガス【BONFORM ボンフォーム】カーマット３Ｄプレステージ サード用【6293-04SM】,店内複数エントリーPT最大24倍チャンス！4/17 9:59まで。【BONFORM ボンフォーム】カーマット３Ｄプレステージ サード用【6293-04SM】[rn]
10-61369,http://tshop.r10s.jp/hotroad/cabinet/1605/7160524934_1.jpg?fitin=700:700,1136.0000,,車用品・バイク用品 > カー用品 > 内装パーツ > フロアマット > その他,シーエー：フロアーマット カーマット 車 フロント リア 50×150cm 黒/M-851,,直線、曲線を簡単にカットできます。<br>カット面は、カットした時に手で払っていただくとその後はほつれません。<br>切り込みを入れる事により車内の形状にフィットします。<br>裏面は、すべり止め加工しています。<br><br>製品サイズと車内のスペースをお調べ頂いてからご購入をお願い致します。<br><br>【製品サイズ】<br>約(横50×縦150cm)<br><br>【品質】<br>(表)PP ポリエステル<br>(裏)PVC<br><br>【メーカー】<br>シーエー産商<br><br><br>自由にカット出来る,シーエー：フロアーマット カーマット 車 フロント リア 50&times;150cm 黒/M-851：カー用品のホットロード春日井西店,カー用品コンソールボックススマホ充電器ナンバーフレームスピーカーオーディオ塗装ウーファーキャリアフリードシエンタノアマジカルカーボンステアリングボスタイヤチェーンスタッドレスタイヤアウトレットシーエー：フロアーマット カーマット 車 フロント リア 50&times;150cm 黒/M-851,シーエー：フロアーマット カーマット 車 フロント リア 50&times;150cm 黒/M-851[rn]
10-61370,http://tshop.r10s.jp/geki-car/cabinet/20-3/2036357_1.jpg?fitin=700:700,592.0000,,車用品・バイク用品 > カー用品 > 内装パーツ > フロアマット > その他,ナポレックス　WD-326　マルチトレイ　＜ミッキー＞,小物の整理やシューズ収納まで,"●マルチに使える便利トレイです。<br>
●小物の整理やシューズ収納まで用途もいろいろ。<br>
<br>
製品寸法 高×幅×厚(mm)<br>
37×378×298<br><br><table  border=""1"" cellspacing=""0"" cellpadding=""5"" bordercolor=""#ABABAB""><tr><td>激安カー用品 Webいち店TOP ＞ 車用品・バイク用品 ＞ カー用品 ＞ 内装パーツ ＞ フロアマット ＞ その他</td></tr></table>",ナポレックス　WD-326　マルチトレイ　＜ミッキー＞：激安カー用品　Webいち店,激安カー用品ナビレーダースターターオーディオ燃費向上ポータブルＭＤＣＤタイヤトーヨーダンロップヨコハマ低反発カーロケシュアラスターオイルＧＰＳカーモニナポレックス　WD-326　マルチトレイ　＜ミッキー＞,小物の整理やシューズ収納まで。ナポレックス　WD-326　マルチトレイ　＜ミッキー＞[rn]
10-61371,http://tshop.r10s.jp/geki-car/cabinet/20-3/2036356_1.jpg?fitin=700:700,1175.2000,,車用品・バイク用品 > カー用品 > 内装パーツ > フロアマット > その他,ナポレックス　WD-325　フロアマット　＜ミッキー＞,軽自動車・コンパクトカーに最適,"●軽自動車・コンパクトカーに最適。<br>
●ミッキーマウスの立体的なアイコンとエンブレムが<br>
　 車内を演出するフロント用フロアマットです。<br>
●立体形状で雨、雪、砂などの汚れからお車のフロアをガードします。<br>
●汚れた場合は水洗いが可能です。<br>
<br>
製品寸法 高×幅×厚(mm)<br>
25×460×580
　<br><br><table  border=""1"" cellspacing=""0"" cellpadding=""5"" bordercolor=""#ABABAB""><tr><td>激安カー用品 Webいち店TOP ＞ 車用品・バイク用品 ＞ カー用品 ＞ 内装パーツ ＞ フロアマット ＞ その他</td></tr></table>",ナポレックス　WD-325　フロアマット　＜ミッキー＞：激安カー用品　Webいち店,激安カー用品ナビレーダースターターオーディオ燃費向上ポータブルＭＤＣＤタイヤトーヨーダンロップヨコハマ低反発カーロケシュアラスターオイルＧＰＳカーモニナポレックス　WD-325　フロアマット　＜ミッキー＞,軽自動車・コンパクトカーに最適。ナポレックス　WD-325　フロアマット　＜ミッキー＞[rn]
10-61372,http://tshop.r10s.jp/geki-car/cabinet/00158030/img56799327.jpg?fitin=700:700,666.4000,,車用品・バイク用品 > カー用品 > 内装パーツ > フロアマット > その他,ボンフォーム　スヌーピー　フロント1枚　クリア,　,"足元にスヌーピーのワンポイント ベーシックマットの定番にスヌーピーのポイントをプラスしました。
足元部分のスヌーピーがとても可愛いマットです。
丸洗いＯＫです!
４５Ｘ６０ｃｍフロント1枚ＣＬ（クリアー）",ボンフォーム　スヌーピー　フロント1枚　クリア：激安カー用品　Webいち店,激安カー用品ナビレーダースターターオーディオ燃費向上ポータブルＭＤＣＤタイヤトーヨーダンロップヨコハマ低反発カーロケシュアラスターオイルＧＰＳカーモニボンフォーム　スヌーピー　フロント1枚　クリア,　。ボンフォーム　スヌーピー　フロント1枚　クリア[rn]
10-61373,http://tshop.r10s.jp/geki-car/cabinet/00158030/img56799328.jpg?fitin=700:700,561.6000,,車用品・バイク用品 > カー用品 > 内装パーツ > フロアマット > その他,ボンフォーム　スヌーピー　リア1枚　クリア,　,"足元にスヌーピーのワンポイント ベーシックマットの定番にスヌーピーのポイントをプラスしました。
足元部分のスヌーピーがとても可愛いマットです。
丸洗いＯＫです!
４３Ｘ４０ｃｍリア1枚ＣＬ（クリアー） 
 
 
　<br><br><table  border=""1"" cellspacing=""0"" cellpadding=""5"" bordercolor=""#ABABAB""><tr><td>激安カー用品 Webいち店TOP ＞ 車用品・バイク用品 ＞ カー用品 ＞ 内装パーツ ＞ フロアマット ＞ その他</td></tr></table>",ボンフォーム　スヌーピー　リア1枚　クリア：激安カー用品　Webいち店,激安カー用品ナビレーダースターターオーディオ燃費向上ポータブルＭＤＣＤタイヤトーヨーダンロップヨコハマ低反発カーロケシュアラスターオイルＧＰＳカーモニボンフォーム　スヌーピー　リア1枚　クリア,　。ボンフォーム　スヌーピー　リア1枚　クリア[rn]
10-61374,http://tshop.r10s.jp/gyouhan-shop/cabinet/etc2/m-717m.jpg?fitin=700:700,844.8000,,車用品・バイク用品 > カー用品 > 内装パーツ > フロアマット > その他,CAアーガイルピタマット【普通自動車用】サイズM 汎用モデル M-717M ＣＡ産商,★クレジットカード利用可★,"CAアーガイルピタマット【普通自動車用】サイズM 汎用モデル M-717M ＣＡ産商【クレジットカード使用OK！】【納期目安】3～8営業日
●適合・詳細はメーカーHPをご確認下さい。当店とメーカー表記が異なった場合、メーカー表記を優先させていただきます●",CAアーガイルピタマット【普通自動車用】サイズM 汎用モデル M-717M ＣＡ産商：業販ネットショップ楽天市場店,ADK-6150036パンク修理レーダーETCカーメイトキャリアPIAAINNOEXGELエクスジェル腰痛エルゴテックスロッドホルダースライム横浜油脂ADK-51LC04ヴァレンティRBR-T2CAアーガイルピタマット【普通自動車用】サイズM 汎用モデル M-717M ＣＡ産商,★クレジットカード利用可★。CAアーガイルピタマット【普通自動車用】サイズM 汎用モデル M-717M ＣＡ産商[rn]
10-61375,http://tshop.r10s.jp/gold/1boxcar/rakuten_images/4001302021.jpg?fitin=700:700,15048.8000,,車用品・バイク用品 > カー用品 > 内装パーツ > フロアマット > その他,【ギャルソン】【エルグランド】【ダッシュマット】ラブラブダッシュマット2【RCP】,受注生産品の為お時間がかかります。通常納期2～3ヶ月,"ジャンル：マット<br>
メーカー：ギャルソン<br>
ブランド：DAD<br>
詳細：■スタンダードカラー仕様について<br>　 生地・パイピング・ボタンカラーは、オールパールホワイト・オールブラックの2色に<br>　 なります。2色以外の組合せについては、オプショナルカラー仕様になります。<br>
備考：ブラック<br>
※メーカー取り寄せ品です。<br>
ご注文後、メールにて納期をご連絡いたします。<br>
お急ぎの場合等は、事前にお問い合わせください。<br>",【ギャルソン】【エルグランド】【ダッシュマット】ラブラブダッシュマット2【RCP】：カー用品・家電通販の1BOX,カー用品販売通販1boxアルファードエルグランドハイエースカーライフarwinアーウィンポータブルＤＶＤプレイヤー【ギャルソン】【エルグランド】【ダッシュマット】ラブラブダッシュマット2【RCP】,受注生産品の為お時間がかかります。通常納期2～3ヶ月。【ギャルソン】【エルグランド】【ダッシュマット】ラブラブダッシュマット2【RCP】[rn]
10-61376,http://tshop.r10s.jp/auc-automax/cabinet/02420231/02420288/img59168261.jpg?fitin=700:700,10142.4000,,車用品・バイク用品 > カー用品 > 内装パーツ > フロアマット > その他,セカンドラグマット (前) ロングセット♪注文日当日発送/最短 納期トヨタ20系アルファード/ヴェルファイア専用設計2ND フロアマット 汎用 ステップマットブラック/黒検:立体柄/凹凸柄/ワッフル/織柄/専用 サイズ/分割マット,この商品は送料 全国一律600円 です(北海道/沖縄除く)同梱可能。,即日発送可能！！【ご購入サイズ】タイトルのものになります。※他サイズ出品しております。落札後のサイズの変更は出来ません。【適合車種】20系アルファード/ヴェルファイア専用(全グレード対応)※7人乗り・8人乗り共に適合※画像2枚目を必ずご確認下さい。※後期モデル（H23年11月～）は、ガソリン車のみ【レール移動の際に引っかからない】サイズ設計！韓国で純正ラグマットを生産している工場に生産依頼し当店オリジナルのサイズで製作。前席の特殊な形状にもフィットするよう考案製作。立ち上がり部分は樹脂部分までカバーし、オットマンに干渉することもございません。表面は毛足を長くし密度を高めボリューム感を最大限に引き出した造り！【重要】モバイルでの閲覧は字数制限が限られる為、商品説明を省いている場合が御座います。当店ではPC版商品説明を基に販売を行っておりますので、ご購入前に必ずPCにて商品詳細・発送方法・同梱に関しての詳細・重要事項等をご確認下さい。ご購入された方は上記全てをご了承を得たものとし販売となります。【検索用】ハイエース、BMW、ワゴンR、ジムニーアルファード等あらゆる車種に使用できます。BBS/SR400/NSR50/GPZ900Rなど,セカンドラグマット (前) ロングセット♪注文日当日発送/最短 納期トヨタ20系アルファード/ヴェルファイア専用設計2ND フロアマット 汎用 ステップマットブラック/黒検:立体柄/凹凸柄/ワッフル/織柄/専用 サイズ/分割マット：AUTOMAX izumi,カッティングシートモニタースタンドアルカンターラ調スエード生地シート汎用パーツ自動車アクセサリーメッキモール送料無料ステッカーカー用品バイク用品ドレスアップラグジュアリー内装外装カット済みカーフィルム大阪通販激安格安施工セカンドラグマット (前) ロングセット♪注文日当日発送/最短 納期トヨタ20系アルファード/ヴェルファイア専用設計2ND フロアマット 汎用 ステップマットブラック/黒検:立体柄/凹凸柄/ワッフル/織柄/専用 サイズ/分割マット,この商品は送料 全国一律600円 です(北海道/沖縄除く)同梱可能。。セカンドラグマット (前) ロングセット♪注文日当日発送/最短 納期トヨタ20系アルファード/ヴェルファイア専用設計2ND フロアマット 汎用 ステップマットブラック/黒検:立体柄/凹凸柄/ワッフル/織柄/専用 サイズ/分割マット[rn]
10-61377,http://tshop.r10s.jp/auc-automax/cabinet/02420231/02420288/img59168262.jpg?fitin=700:700,5796.0000,,車用品・バイク用品 > カー用品 > 内装パーツ > フロアマット > その他,セカンドラグマット (前) M♪注文日当日発送/最短 納期トヨタ20系アルファード/ヴェルファイア専用設計2ND フロアマット 汎用 ステップマットブラック/黒検:立体柄/凹凸柄/ワッフル/織柄/専用 サイズ,この商品は送料 全国一律600円 です(北海道/沖縄除く)同梱可能。,即日発送可能！！【ご購入サイズ】タイトルのものになります。※他サイズ出品しております。落札後のサイズの変更は出来ません。【適合車種】20系アルファード/ヴェルファイア専用(全グレード対応)※7人乗り・8人乗り共に適合※画像2枚目を必ずご確認下さい。※後期モデル（H23年11月～）は、ガソリン車のみ【レール移動の際に引っかからない】サイズ設計！韓国で純正ラグマットを生産している工場に生産依頼し当店オリジナルのサイズで製作。前席の特殊な形状にもフィットするよう考案製作。立ち上がり部分は樹脂部分までカバーし、オットマンに干渉することもございません。表面は毛足を長くし密度を高めボリューム感を最大限に引き出した造り！【重要】モバイルでの閲覧は字数制限が限られる為、商品説明を省いている場合が御座います。当店ではPC版商品説明を基に販売を行っておりますので、ご購入前に必ずPCにて商品詳細・発送方法・同梱に関しての詳細・重要事項等をご確認下さい。ご購入された方は上記全てをご了承を得たものとし販売となります。【検索用】ハイエース、BMW、ワゴンR、ジムニーアルファード等あらゆる車種に使用できます。BBS/SR400/NSR50/GPZ900Rなど,セカンドラグマット (前) M♪注文日当日発送/最短 納期トヨタ20系アルファード/ヴェルファイア専用設計2ND フロアマット 汎用 ステップマットブラック/黒検:立体柄/凹凸柄/ワッフル/織柄/専用 サイズ：AUTOMAX izumi,カッティングシートモニタースタンドアルカンターラ調スエード生地シート汎用パーツ自動車アクセサリーメッキモール送料無料ステッカーカー用品バイク用品ドレスアップラグジュアリー内装外装カット済みカーフィルム大阪通販激安格安施工セカンドラグマット (前) M♪注文日当日発送/最短 納期トヨタ20系アルファード/ヴェルファイア専用設計2ND フロアマット 汎用 ステップマットブラック/黒検:立体柄/凹凸柄/ワッフル/織柄/専用 サイズ,この商品は送料 全国一律600円 です(北海道/沖縄除く)同梱可能。。セカンドラグマット (前) M♪注文日当日発送/最短 納期トヨタ20系アルファード/ヴェルファイア専用設計2ND フロアマット 汎用 ステップマットブラック/黒検:立体柄/凹凸柄/ワッフル/織柄/専用 サイズ[rn]
10-61378,http://tshop.r10s.jp/geki-car/cabinet/20-4/2007427.jpg?fitin=700:700,1051.2000,,車用品・バイク用品 > カー用品 > 内装パーツ > フロアマット > その他,ボンフォーム 6372-31CL　3Dダイヤモンド 軽前席用1枚 (46x63cm) クリア,　,"雨・雪・泥などの汚れをマットでキャッチ !
キラキラ輝くダイヤモンドカット !
(別売りの角穴用ズレ防止フック使用可能)

カラー：クリア
サイズ：46X63cm
材　質：表) ポリ塩化ビニル(スベリ止めスパイク加工)<br><br><table  border=""1"" cellspacing=""0"" cellpadding=""5"" bordercolor=""#ABABAB""><tr><td>激安カー用品 Webいち店TOP ＞ 車用品・バイク用品 ＞ カー用品 ＞ 内装パーツ ＞ フロアマット ＞ その他</td></tr></table>",ボンフォーム 6372-31CL　3Dダイヤモンド 軽前席用1枚 (46x63cm) クリア：激安カー用品　Webいち店,激安カー用品ナビレーダースターターオーディオ燃費向上ポータブルＭＤＣＤタイヤトーヨーダンロップヨコハマ低反発カーロケシュアラスターオイルＧＰＳカーモニボンフォーム 6372-31CL　3Dダイヤモンド 軽前席用1枚 (46x63cm) クリア,　。ボンフォーム 6372-31CL　3Dダイヤモンド 軽前席用1枚 (46x63cm) クリア[rn]
10-61379,http://tshop.r10s.jp/geki-car/cabinet/20-2/2007477.jpg?fitin=700:700,1032.0000,,車用品・バイク用品 > カー用品 > 内装パーツ > フロアマット > その他,シーエー産商　M-851　ストレートライン フリーカットマット　BK,　,"カラー：BK
製品サイズ：W1500xD500xH5
製品重量：1600g
<br><br><table  border=""1"" cellspacing=""0"" cellpadding=""5"" bordercolor=""#ABABAB""><tr><td>激安カー用品 Webいち店TOP ＞ 車用品・バイク用品 ＞ カー用品 ＞ 内装パーツ ＞ フロアマット ＞ その他</td></tr></table>",シーエー産商　M-851　ストレートライン フリーカットマット　BK：激安カー用品　Webいち店,激安カー用品ナビレーダースターターオーディオ燃費向上ポータブルＭＤＣＤタイヤトーヨーダンロップヨコハマ低反発カーロケシュアラスターオイルＧＰＳカーモニシーエー産商　M-851　ストレートライン フリーカットマット　BK,　。シーエー産商　M-851　ストレートライン フリーカットマット　BK[rn]
10-61380,http://tshop.r10s.jp/geki-car/cabinet/20-3/2007491.jpg?fitin=700:700,760.0000,,車用品・バイク用品 > カー用品 > 内装パーツ > フロアマット > その他,ボンフォーム　6395-31SM　3Dグランツ　前席用S　46X60cm　スモーク,　,"雨・雪・泥をしっかりキャッチ ! 汚れに強い3Dマット !
車両フロアにあった形状を採用。マット前方の勾配角度を
なだらかにしフィッティング向上 !
先端のカットラインをカットするとよりフィッティングが向上します。
(別売りの丸穴用ズレ防止フック使用可能)

カラー：スモーク
サイズ 46X60cm (前席S)
材　質
(ブラック) ポリ塩化ビニル・合成ゴム
(クリアー・スモーク) ポリ塩化ビニル
(スベリ止めスパイク加工)<br><br><table  border=""1"" cellspacing=""0"" cellpadding=""5"" bordercolor=""#ABABAB""><tr><td>激安カー用品 Webいち店TOP ＞ 車用品・バイク用品 ＞ カー用品 ＞ 内装パーツ ＞ フロアマット ＞ その他</td></tr></table>",ボンフォーム　6395-31SM　3Dグランツ　前席用S　46X60cm　スモーク：激安カー用品　Webいち店,激安カー用品ナビレーダースターターオーディオ燃費向上ポータブルＭＤＣＤタイヤトーヨーダンロップヨコハマ低反発カーロケシュアラスターオイルＧＰＳカーモニボンフォーム　6395-31SM　3Dグランツ　前席用S　46X60cm　スモーク,　。ボンフォーム　6395-31SM　3Dグランツ　前席用S　46X60cm　スモーク[rn]
10-61381,http://tshop.r10s.jp/geki-car/cabinet/20-2/2007429.jpg?fitin=700:700,424.0000,,車用品・バイク用品 > カー用品 > 内装パーツ > フロアマット > その他,ボンフォーム　カーマット　6385-06　3Dシンフォニー　後席用S　ブラック,　,"後席用Sサイズ
雨・雪・泥などの汚れに強い !
軽自動車、コンパクトカーにピッタリ !

サイズ:50X45cm
カラー:ブラック
材　質:
(ブラック) ポリ塩化ビニル樹脂・合成ゴム
(スベリ止めスパイク加工)<br><br><table  border=""1"" cellspacing=""0"" cellpadding=""5"" bordercolor=""#ABABAB""><tr><td>激安カー用品 Webいち店TOP ＞ 車用品・バイク用品 ＞ カー用品 ＞ 内装パーツ ＞ フロアマット ＞ その他</td></tr></table>",ボンフォーム　カーマット　6385-06　3Dシンフォニー　後席用S　ブラック：激安カー用品　Webいち店,激安カー用品ナビレーダースターターオーディオ燃費向上ポータブルＭＤＣＤタイヤトーヨーダンロップヨコハマ低反発カーロケシュアラスターオイルＧＰＳカーモニボンフォーム　カーマット　6385-06　3Dシンフォニー　後席用S　ブラック,　。ボンフォーム　カーマット　6385-06　3Dシンフォニー　後席用S　ブラック[rn]
10-61382,http://tshop.r10s.jp/geki-car/cabinet/20-2/2007430.jpg?fitin=700:700,740.8000,,車用品・バイク用品 > カー用品 > 内装パーツ > フロアマット > その他,ボンフォーム　6397-01　3Dイプシロン　前席用　グレー,　,"立体構造で汚れをこぼさず
(別売りの丸穴用ズレ防止フック使用可能)

カラー：グレー
サイズ：48X65cm (前席)
材　質：(表) ポリエステル
　　　　(裏) ポリエステル・ポリプロピレン
　　　　(スベリ止め加工)<br><br><table  border=""1"" cellspacing=""0"" cellpadding=""5"" bordercolor=""#ABABAB""><tr><td>激安カー用品 Webいち店TOP ＞ 車用品・バイク用品 ＞ カー用品 ＞ 内装パーツ ＞ フロアマット ＞ その他</td></tr></table>",ボンフォーム　6397-01　3Dイプシロン　前席用　グレー：激安カー用品　Webいち店,激安カー用品ナビレーダースターターオーディオ燃費向上ポータブルＭＤＣＤタイヤトーヨーダンロップヨコハマ低反発カーロケシュアラスターオイルＧＰＳカーモニボンフォーム　6397-01　3Dイプシロン　前席用　グレー,　。ボンフォーム　6397-01　3Dイプシロン　前席用　グレー[rn]
10-61383,http://tshop.r10s.jp/geki-car/cabinet/20-2/2001759.jpg?fitin=700:700,284.8000,,車用品・バイク用品 > カー用品 > 内装パーツ > フロアマット > その他,ボンフォーム　6368-01　フラット　前席用　スモーク,　,"汚れても簡単水洗い !
丈夫な防水マットです !


カラー：スモーク
サイズ：43X64cm
材　質：ポリ塩化ビニル(スベリ止めスパイク加工)<br><br><table  border=""1"" cellspacing=""0"" cellpadding=""5"" bordercolor=""#ABABAB""><tr><td>激安カー用品 Webいち店TOP ＞ 車用品・バイク用品 ＞ カー用品 ＞ 内装パーツ ＞ フロアマット ＞ その他</td></tr></table>",ボンフォーム　6368-01　フラット　前席用　スモーク：激安カー用品　Webいち店,激安カー用品ナビレーダースターターオーディオ燃費向上ポータブルＭＤＣＤタイヤトーヨーダンロップヨコハマ低反発カーロケシュアラスターオイルＧＰＳカーモニボンフォーム　6368-01　フラット　前席用　スモーク,　。ボンフォーム　6368-01　フラット　前席用　スモーク[rn]
10-61384,http://tshop.r10s.jp/geki-car/cabinet/20-4/2007502.jpg?fitin=700:700,814.4000,,車用品・バイク用品 > カー用品 > 内装パーツ > フロアマット > その他,ボンフォーム　6412-08BK　3Dステンガード　後席用　50x45 1枚入り ブラック,　,"立体構造でドロ・ゴミをキャッチ !
特殊素材でズレにくい !

車両フロアに合った形状を採用 !

サイズ　    50X45cm (後席)
カラー　    ブラック
材　質
    ポリエステル
    (スベリ止め加工)<br><br><table  border=""1"" cellspacing=""0"" cellpadding=""5"" bordercolor=""#ABABAB""><tr><td>激安カー用品 Webいち店TOP ＞ 車用品・バイク用品 ＞ カー用品 ＞ 内装パーツ ＞ フロアマット ＞ その他</td></tr></table>",ボンフォーム　6412-08BK　3Dステンガード　後席用　50x45 1枚入り ブラック：激安カー用品　Webいち店,激安カー用品ナビレーダースターターオーディオ燃費向上ポータブルＭＤＣＤタイヤトーヨーダンロップヨコハマ低反発カーロケシュアラスターオイルＧＰＳカーモニボンフォーム　6412-08BK　3Dステンガード　後席用　50x45 1枚入り ブラック,　。ボンフォーム　6412-08BK　3Dステンガード　後席用　50x45 1枚入り ブラック[rn]
10-61385,http://tshop.r10s.jp/geki-car/cabinet/20-2/2001039.jpg?fitin=700:700,1912.0000,,車用品・バイク用品 > カー用品 > 内装パーツ > フロアマット > その他,ボンフォーム　カーマット クワトロ　6392-20-R レッド 1枚　ロールタイプ,　,"切って使えるフリーカットマット
軽量タイプのマットなので低燃費走行に貢献 !
裏面スベリ止め加工採用 !


サイズ:50X150cm
カラー:レッド
材　質:(表) ポリプロピレン
(裏) ポリエステル・ポリプロピレン
(スベリ止め加工) <br><br><table  border=""1"" cellspacing=""0"" cellpadding=""5"" bordercolor=""#ABABAB""><tr><td>激安カー用品 Webいち店TOP ＞ 車用品・バイク用品 ＞ カー用品 ＞ 内装パーツ ＞ フロアマット ＞ その他</td></tr></table>",ボンフォーム　カーマット クワトロ　6392-20-R レッド 1枚　ロールタイプ：激安カー用品　Webいち店,激安カー用品ナビレーダースターターオーディオ燃費向上ポータブルＭＤＣＤタイヤトーヨーダンロップヨコハマ低反発カーロケシュアラスターオイルＧＰＳカーモニボンフォーム　カーマット クワトロ　6392-20-R レッド 1枚　ロールタイプ,　。ボンフォーム　カーマット クワトロ　6392-20-R レッド 1枚　ロールタイプ[rn]
10-61386,http://tshop.r10s.jp/geki-car/cabinet/20-3/2007391.jpg?fitin=700:700,681.6000,,車用品・バイク用品 > カー用品 > 内装パーツ > フロアマット > その他,ボンフォーム　6395-08スモーク　3Dグランツ　後席用　カーマット,　,"立体構造で汚れをこぼさず


サイズ　50X45cm (後席)
カラー 　スモーク
材質
(ブラック) ポリ塩化ビニル・合成ゴム
(クリアー・スモーク) ポリ塩化ビニル
(スベリ止めスパイク加工)

JANコード　　4967098587898<br><br><table  border=""1"" cellspacing=""0"" cellpadding=""5"" bordercolor=""#ABABAB""><tr><td>激安カー用品 Webいち店TOP ＞ 車用品・バイク用品 ＞ カー用品 ＞ 内装パーツ ＞ フロアマット ＞ その他</td></tr></table>",ボンフォーム　6395-08スモーク　3Dグランツ　後席用　カーマット：激安カー用品　Webいち店,激安カー用品ナビレーダースターターオーディオ燃費向上ポータブルＭＤＣＤタイヤトーヨーダンロップヨコハマ低反発カーロケシュアラスターオイルＧＰＳカーモニボンフォーム　6395-08スモーク　3Dグランツ　後席用　カーマット,　。ボンフォーム　6395-08スモーク　3Dグランツ　後席用　カーマット[rn]
10-61387,http://tshop.r10s.jp/geki-car/cabinet/20-3/2007514.jpg?fitin=700:700,792.8000,,車用品・バイク用品 > カー用品 > 内装パーツ > フロアマット > その他,ボンフォーム　6412-31GR　3Dステンガード　前席用S　46X60　1枚入り グレー,　,"立体構造でドロ・ゴミをキャッチ !
特殊素材でズレにくい !

車両フロアに合った形状を採用 !
マット前方の勾配角度をなだらかにしてフィッティング向上 !
裏面に折曲げライン入りでフィッティング向上 !

(別売りの丸穴用ズレ防止フック使用可能)

サイズ 46X60cm (前席S)
カラー グレー
材　質 ポリエステル (スベリ止め加工)<br><br><table  border=""1"" cellspacing=""0"" cellpadding=""5"" bordercolor=""#ABABAB""><tr><td>激安カー用品 Webいち店TOP ＞ 車用品・バイク用品 ＞ カー用品 ＞ 内装パーツ ＞ フロアマット ＞ その他</td></tr></table>",ボンフォーム　6412-31GR　3Dステンガード　前席用S　46X60　1枚入り グレー：激安カー用品　Webいち店,激安カー用品ナビレーダースターターオーディオ燃費向上ポータブルＭＤＣＤタイヤトーヨーダンロップヨコハマ低反発カーロケシュアラスターオイルＧＰＳカーモニボンフォーム　6412-31GR　3Dステンガード　前席用S　46X60　1枚入り グレー,　。ボンフォーム　6412-31GR　3Dステンガード　前席用S　46X60　1枚入り グレー[rn]
10-61388,http://tshop.r10s.jp/geki-car/cabinet/20-2/2007476.jpg?fitin=700:700,1024.0000,,車用品・バイク用品 > カー用品 > 内装パーツ > フロアマット > その他,シーエー産商　M-852　ストレートライン フリーカットマット　GY,　,"カラー：GY
製品サイズ：W1500xD500xH5
製品重量：1600g
<br><br><table  border=""1"" cellspacing=""0"" cellpadding=""5"" bordercolor=""#ABABAB""><tr><td>激安カー用品 Webいち店TOP ＞ 車用品・バイク用品 ＞ カー用品 ＞ 内装パーツ ＞ フロアマット ＞ その他</td></tr></table>",シーエー産商　M-852　ストレートライン フリーカットマット　GY：激安カー用品　Webいち店,激安カー用品ナビレーダースターターオーディオ燃費向上ポータブルＭＤＣＤタイヤトーヨーダンロップヨコハマ低反発カーロケシュアラスターオイルＧＰＳカーモニシーエー産商　M-852　ストレートライン フリーカットマット　GY,　。シーエー産商　M-852　ストレートライン フリーカットマット　GY[rn]
10-61389,http://tshop.r10s.jp/geki-car/cabinet/20-2/2007487.jpg?fitin=700:700,727.2000,,車用品・バイク用品 > カー用品 > 内装パーツ > フロアマット > その他,シーエー産商　M-715　アーガイルピタマット　Sサイズ　BK,　,"品質：(表)ポリエステル100％　(裏)PVC発泡樹脂100％
サイズ：S
カラー：BK
製品サイズ：W450×D405×H8
製品重量：600g 
<br><br><table  border=""1"" cellspacing=""0"" cellpadding=""5"" bordercolor=""#ABABAB""><tr><td>激安カー用品 Webいち店TOP ＞ 車用品・バイク用品 ＞ カー用品 ＞ 内装パーツ ＞ フロアマット ＞ その他</td></tr></table>",シーエー産商　M-715　アーガイルピタマット　Sサイズ　BK：激安カー用品　Webいち店,激安カー用品ナビレーダースターターオーディオ燃費向上ポータブルＭＤＣＤタイヤトーヨーダンロップヨコハマ低反発カーロケシュアラスターオイルＧＰＳカーモニシーエー産商　M-715　アーガイルピタマット　Sサイズ　BK,　。シーエー産商　M-715　アーガイルピタマット　Sサイズ　BK[rn]
10-61390,http://tshop.r10s.jp/auc-kansai/cabinet/seatcover/img56523138.jpg?fitin=700:700,11600.0000,,車用品・バイク用品 > カー用品 > 内装パーツ > シート > シートカバー,★Artina アルティナ★車種専用スタンダードシートカバーJB23ジムニー(10型)XG/XCAR-S9916 ブラック,専用設計のためフィッティングは抜群！,"【メーカー】Artina<BR>
【適合車種】JB23Wジムニー(10型)<BR>
【適合年式】H26.08～<BR>
【適合グレード】XG/XC<BR>
【カラー】ブラック<BR>
【人　数】4人乗<BR>
【備　考】-<BR>
仕　様<br>
【完全車種専用設計】<BR>
各車専用設計で作られたシートカバーはフィッティング抜群！<BR>
【シートを守る】<BR>
シートカバーの素材は難燃性、耐水性の高いPVCレザーでイザという時にも安心です！<BR>
【取り付けに便利なアイテム付き】<BR>
取り付けに役立つスパチュラ、緩み止めストッパー、取り付け説明書がセットに！",★Artina アルティナ★車種専用スタンダードシートカバーJB23ジムニー(10型)XG/XCAR-S9916 ブラック：関西オートパーツ販売,★Artina アルティナ★車種専用スタンダードシートカバーJB23ジムニー(10型)XG/XCAR-S9916 ブラック,専用設計のためフィッティングは抜群！。★Artina アルティナ★車種専用スタンダードシートカバーJB23ジムニー(10型)XG/XCAR-S9916 ブラック[rn]
10-61391,http://tshop.r10s.jp/auc-kansai/cabinet/seatcover/img59219800.jpg?fitin=700:700,11600.0000,,車用品・バイク用品 > カー用品 > 内装パーツ > シート > シートカバー,★Artina アルティナ★車種専用スタンダードシートカバーJF1/JF2 前期 N-BOX（Gグレード）[H23.12～H25.12]AR-H3726,専用設計のためフィッティングは抜群！,"【メーカー】　Artina<br>
【シート品番】　3726<BR>
【適合車種】　N-BOX（JF1/JF2）
<BR>
【適合年式】　H23.12～H25.12 (前期)<BR>
【適合グレード】　G<BR>
【カラー】　ブラック/ベージュ<BR>
【人　数】　4人乗<BR>
【備　考】<BR>
2列目アームレスト無<BR>
※G-Lパッケージ （2列目アームレスト有り）<BR>
【納期】<br>在庫ありの場合、記載納期で発送予定<br>在庫無しの場合、入荷までお時間がかかります。<br>受注生産品は注文確定後のキャンセル・変更・返品は一切不可となります。<br>
<br>
仕　様<br>
【完全車種専用設計】<BR>
各車専用設計で作られたシートカバーはフィッティング抜群！<BR>
【シートを守る】<BR>
シートカバーの素材は難燃性、耐水性の高いPVCレザーでイザという時にも安心です！<BR>
【取り付けに便利なアイテム付き】<BR>
取り付けに役立つスパチュラ、緩み止めストッパー、取り付け説明書がセットに！",★Artina アルティナ★車種専用スタンダードシートカバーJF1/JF2 前期 N-BOX（Gグレード）[H23.12～H25.12]AR-H3726：関西オートパーツ販売,★Artina アルティナ★車種専用スタンダードシートカバーJF1/JF2 前期 N-BOX（Gグレード）[H23.12～H25.12]AR-H3726,専用設計のためフィッティングは抜群！。★Artina アルティナ★車種専用スタンダードシートカバーJF1/JF2 前期 N-BOX（Gグレード）[H23.12～H25.12]AR-H3726[rn]
10-61392,http://tshop.r10s.jp/auc-kansai/cabinet/seatcover/img59219800.jpg?fitin=700:700,11600.0000,,車用品・バイク用品 > カー用品 > 内装パーツ > シート > シートカバー,★Artina アルティナ★車種専用スタンダードシートカバーJF1/JF2 N-BOX カスタム [2列目アームレスト有り車][H26.01～H27.01]AR-H3737,専用設計のためフィッティングは抜群！,"【メーカー】　Artina<br>
【シート品番】　3737<BR>
【適合車種】　N-BOXカスタム（JF1/JF2）
<BR>
【適合年式】　H26.01～H27.01<BR>
【適合グレード】　G-Aパッケージ / G-ターボAパッケージ<BR>
2トーンカラースタイル G-Aパッケージ<BR>
2トーンカラースタイル G-ターボAパッケージ<BR>
モデューロX G / モデューロX G-ターボパッケージ<BR>
2トーンカラースタイル モデューロX G<BR>
2トーンカラースタイル モデューロX G-ターボパッケージ
<BR>
【カラー】　ブラック/ベージュ<BR>
【人　数】　4人乗<BR>
【備　考】<BR>
2列目アームレスト有り<BR>
シートリフター(ハイトアジャスター)有り<BR>
サイドエアバッグ有り
<BR>
【納期】<br>在庫ありの場合、記載納期で発送予定<br>在庫無しの場合、入荷までお時間がかかります。<br>受注生産品は注文確定後のキャンセル・変更・返品は一切不可となります。<br>
<br>
仕　様<br>
【完全車種専用設計】<BR>
各車専用設計で作られたシートカバーはフィッティング抜群！<BR>
【シートを守る】<BR>
シートカバーの素材は難燃性、耐水性の高いPVCレザーでイザという時にも安心です！<BR>
【取り付けに便利なアイテム付き】<BR>
取り付けに役立つスパチュラ、緩み止めストッパー、取り付け説明書がセットに！",★Artina アルティナ★車種専用スタンダードシートカバーJF1/JF2 N-BOX カスタム [2列目アームレスト有り車][H26.01～H27.01]AR-H3737：関西オートパーツ販売,★Artina アルティナ★車種専用スタンダードシートカバーJF1/JF2 N-BOX カスタム [2列目アームレスト有り車][H26.01～H27.01]AR-H3737,専用設計のためフィッティングは抜群！。★Artina アルティナ★車種専用スタンダードシートカバーJF1/JF2 N-BOX カスタム [2列目アームレスト有り車][H26.01～H27.01]AR-H3737[rn]
10-61393,http://tshop.r10s.jp/auc-kansai/cabinet/seatcover/img59219800.jpg?fitin=700:700,11600.0000,,車用品・バイク用品 > カー用品 > 内装パーツ > シート > シートカバー,★Artina アルティナ★車種専用スタンダードシートカバーJF1/JF2 (前期) N-BOX（G-Lパッケージ）[H23.12～H25.12]AR-H3725,専用設計のためフィッティングは抜群！,"【メーカー】　Artina<br>
【シート品番】　3725<BR>
【適合車種】　N-BOX（JF1/JF2）
<BR>
【適合年式】　H23.12～H25.12 (前期)<BR>
【適合グレード】　G-Lパッケージ<BR>
【カラー】　ブラック/ベージュ<BR>
【人　数】　4人乗<BR>
【備　考】<BR>
2列目アームレスト有<BR>
※Gグレード不可(2列目アームレスト無し)<BR>
【納期】<br>在庫ありの場合、記載納期で発送予定<br>在庫無しの場合、入荷までお時間がかかります。<br>受注生産品は注文確定後のキャンセル・変更・返品は一切不可となります。<br>
<br>
<br>
仕　様<br>
【完全車種専用設計】<BR>
各車専用設計で作られたシートカバーはフィッティング抜群！<BR>
【シートを守る】<BR>
シートカバーの素材は難燃性、耐水性の高いPVCレザーでイザという時にも安心です！<BR>
【取り付けに便利なアイテム付き】<BR>
取り付けに役立つスパチュラ、緩み止めストッパー、取り付け説明書がセットに！",★Artina アルティナ★車種専用スタンダードシートカバーJF1/JF2 (前期) N-BOX（G-Lパッケージ）[H23.12～H25.12]AR-H3725：関西オートパーツ販売,★Artina アルティナ★車種専用スタンダードシートカバーJF1/JF2 (前期) N-BOX（G-Lパッケージ）[H23.12～H25.12]AR-H3725,専用設計のためフィッティングは抜群！。★Artina アルティナ★車種専用スタンダードシートカバーJF1/JF2 (前期) N-BOX（G-Lパッケージ）[H23.12～H25.12]AR-H3725[rn]
10-61394,http://tshop.r10s.jp/auc-kansai/cabinet/seatcover/img61276369.jpg?fitin=700:700,27152.0000,,車用品・バイク用品 > カー用品 > 内装パーツ > シート > シートカバー,★Artina アルティナ★ロイヤルカスタムシートカバー（ダイヤキルト）JF1/JF2 N-BOXプラスカスタム[H24.07～]RC-H3727,セミオーダータイプのアルティナロイヤルカスタムシートカバー！,"【シート品番】　RC-H3727<br>
【適合車種】　N-BOXプラスカスタム<BR>
【適合型式】　JF1/JF2<BR>
【適合年式】　H24.07～<BR>
【人数】　4人乗<BR>
【適合グレード】 <br>
G / G・Lパッケージ / G・ターボパッケージ<BR>
【備　考】 <br> 
-
<br>
<br>
【選択項目】<br>
[デザイン（必須）]<br>
E：シングルダイヤキルト　F：ダブルダイヤキルト<BR>
[ベース/ツートンカラー（必須）]<br> 
全15色
<br>
[ステッチカラー（必須）]<br> 
全22色
<br>
[パイピング（選択式）]<br> 
全16色<br>
<br>
【納　期】 <BR>
本品は受注生産品のため、6週間～8週間程度かかります。<br>
 ※完成次第での発送となりますので、メーカー繁忙期等は前後する可能性がございます。<br>
※セミオーダーのため、注文確定後のキャンセル・変更・返品は一切不可となります。",★Artina アルティナ★ロイヤルカスタムシートカバー（ダイヤキルト）JF1/JF2 N-BOXプラスカスタム[H24.07～]RC-H3727：関西オートパーツ販売,★Artina アルティナ★ロイヤルカスタムシートカバー（ダイヤキルト）JF1/JF2 N-BOXプラスカスタム[H24.07～]RC-H3727,セミオーダータイプのアルティナロイヤルカスタムシートカバー！。★Artina アルティナ★ロイヤルカスタムシートカバー（ダイヤキルト）JF1/JF2 N-BOXプラスカスタム[H24.07～]RC-H3727[rn]
10-61395,http://tshop.r10s.jp/auc-kansai/cabinet/seatcover/img59219800.jpg?fitin=700:700,11600.0000,,車用品・バイク用品 > カー用品 > 内装パーツ > シート > シートカバー,★Artina アルティナ★車種専用スタンダードシートカバーJF1/JF2 N-BOX カスタム [G][H26.01～H27.01]AR-H3738,専用設計のためフィッティングは抜群！,"【メーカー】　Artina<br>
【シート品番】　3738<BR>
【適合車種】　N-BOXカスタム（JF1/JF2）
<BR>
【適合年式】　H26.01～H27.01<BR>
【適合グレード】　G<BR>
【カラー】　ブラック/ベージュ<BR>
【人　数】　4人乗<BR>
【備　考】<BR>
2列目アームレスト無し<BR>
シートリフター(ハイトアジャスター)有り<BR>
サイドエアバッグ有り
<BR>
【納期】<br>在庫ありの場合、記載納期で発送予定<br>在庫無しの場合、入荷までお時間がかかります。<br>受注生産品は注文確定後のキャンセル・変更・返品は一切不可となります。<br>
仕　様<br>
【完全車種専用設計】<BR>
各車専用設計で作られたシートカバーはフィッティング抜群！<BR>
【シートを守る】<BR>
シートカバーの素材は難燃性、耐水性の高いPVCレザーでイザという時にも安心です！<BR>
【取り付けに便利なアイテム付き】<BR>
取り付けに役立つスパチュラ、緩み止めストッパー、取り付け説明書がセットに！",★Artina アルティナ★車種専用スタンダードシートカバーJF1/JF2 N-BOX カスタム [G][H26.01～H27.01]AR-H3738：関西オートパーツ販売,★Artina アルティナ★車種専用スタンダードシートカバーJF1/JF2 N-BOX カスタム [G][H26.01～H27.01]AR-H3738,専用設計のためフィッティングは抜群！。★Artina アルティナ★車種専用スタンダードシートカバーJF1/JF2 N-BOX カスタム [G][H26.01～H27.01]AR-H3738[rn]
10-61396,http://tshop.r10s.jp/auc-kansai/cabinet/seatcover/img59219800.jpg?fitin=700:700,11600.0000,,車用品・バイク用品 > カー用品 > 内装パーツ > シート > シートカバー,★Artina アルティナ★車種専用スタンダードシートカバーJF1/JF2 N-BOXプラスカスタム[H24.07～H25.12]AR-H3727,専用設計のためフィッティングは抜群！,"【シート品番】　3727<BR>
【適合車種】　N-BOXプラスカスタム<br>
【適合型式】　JF1/JF2 <BR>
【適合年式】　H24.07～H25.12<BR>
【適合グレード】<br>
G / G・Lパッケージ / G・ターボパッケージ<BR>
【カラー】　ブラック/ベージュ<BR>
【人　数】　4人乗<BR>
【備　考】　-<br>
【納期】<br>在庫ありの場合、記載納期で発送予定<br>在庫無しの場合、入荷までお時間がかかります。<br>受注生産品は注文確定後のキャンセル・変更・返品は一切不可となります。<br>
<br>
仕　様<br>
【完全車種専用設計】<BR>
各車専用設計で作られたシートカバーはフィッティング抜群！<BR>
【シートを守る】<BR>
シートカバーの素材は難燃性、耐水性の高いPVCレザーでイザという時にも安心です！<BR>
【取り付けに便利なアイテム付き】<BR>
取り付けに役立つスパチュラ、緩み止めストッパー、取り付け説明書がセットに！",★Artina アルティナ★車種専用スタンダードシートカバーJF1/JF2 N-BOXプラスカスタム[H24.07～H25.12]AR-H3727：関西オートパーツ販売,★Artina アルティナ★車種専用スタンダードシートカバーJF1/JF2 N-BOXプラスカスタム[H24.07～H25.12]AR-H3727,専用設計のためフィッティングは抜群！。★Artina アルティナ★車種専用スタンダードシートカバーJF1/JF2 N-BOXプラスカスタム[H24.07～H25.12]AR-H3727[rn]
10-61397,http://tshop.r10s.jp/auc-kansai/cabinet/seatcover/img59219800.jpg?fitin=700:700,11600.0000,,車用品・バイク用品 > カー用品 > 内装パーツ > シート > シートカバー,★Artina アルティナ★車種専用スタンダードシートカバーJF1/2 後期 N-BOX プラス [G-L系][H26.01～]AR-H3728,専用設計のためフィッティングは抜群！,"【メーカー】Artina<br>
【シート品番】3737<BR>
【適合車種】N-BOX プラス（JF1/JF2）<BR>
【適合年式】H26.01～現行 (後期)<BR>
【適合グレード】G,G-Lパッケージ,G-ターボLパッケージ/2トーンカラースタイル(G-Lパッケージ/G-ターボLパッケージ) ※車いす仕様車対応可 後付けの車いす仕様車キット取り付け車対応可<BR>
【カラー】ブラック/ベージュ<BR>
【人　数】4人乗<BR>
【備　考】※2列目ヘッドレストの中央穴はカバーで塞がります/シートリフター(ハイトアジャスター)有り
/サイドエアバッグ無し<BR>
【適合不可】車いす仕様車でリアシート未装備車<br>
【納期】<br>在庫ありの場合、記載納期で発送予定<br>在庫無しの場合、入荷までお時間がかかります。<br>受注生産品は注文確定後のキャンセル・変更・返品は一切不可となります。<br>
<br>
仕　様<br>
【完全車種専用設計】<BR>
各車専用設計で作られたシートカバーはフィッティング抜群！<BR>
【シートを守る】<BR>
シートカバーの素材は難燃性、耐水性の高いPVCレザーでイザという時にも安心です！<BR>
【取り付けに便利なアイテム付き】<BR>
取り付けに役立つスパチュラ、緩み止めストッパー、取り付け説明書がセットに！",★Artina アルティナ★車種専用スタンダードシートカバーJF1/2 後期 N-BOX プラス [G-L系][H26.01～]AR-H3728：関西オートパーツ販売,★Artina アルティナ★車種専用スタンダードシートカバーJF1/2 後期 N-BOX プラス [G-L系][H26.01～]AR-H3728,専用設計のためフィッティングは抜群！。★Artina アルティナ★車種専用スタンダードシートカバーJF1/2 後期 N-BOX プラス [G-L系][H26.01～]AR-H3728[rn]
10-61398,http://tshop.r10s.jp/auc-kansai/cabinet/seatcover/img61276369.jpg?fitin=700:700,27152.0000,,車用品・バイク用品 > カー用品 > 内装パーツ > シート > シートカバー,★Artina アルティナ★ロイヤルカスタムシートカバー（ダイヤキルト）JF1/JF2 N-BOX[H27/2～]RCD-H3739,セミオーダータイプのアルティナロイヤルカスタムシートカバー！,"【シート品番】RC-H3739<br>
【適合車種】N-BOX<BR>
【適合型式】JF1/JF2<BR>
【適合年式】H27/2～<BR>
【人数】4人乗<BR>
【適合グレード】 <br>
G-Lパッケージ / G-Lパッケージ 2トーンカラースタイル / G-ターボLパッケージ / G-ターボLパッケージ 2トーンカラースタイル / SSパッケージ<BR>
【備　考】 <br>
シートリフター（ハイトアジャスター）装備車<br>
スライドリアシート・シートバックテーブル装備車<br>
２列目アームレスト有り<br>
サイドエアバッグ有り、無し両対応<br>
シートヒーター有り、無し両対応） <br>
<br>
【選択項目】<br>
[デザイン（必須）]<br>
E：シングルダイヤキルト　F：ダブルダイヤキルト<BR>
[ベース/ツートンカラー（必須）]<br> 
全15色
<br>
[ステッチカラー（必須）]<br> 
全22色
<br>
[パイピング（選択式）]<br> 
全16色<br>
<br>
【納　期】 <BR>
本品は受注生産品のため、6週間～8週間程度かかります。<br>
 ※完成次第での発送となりますので、メーカー繁忙期等は前後する可能性がございます。<br>
※セミオーダーのため、注文確定後のキャンセル・変更・返品は一切不可となります。",★Artina アルティナ★ロイヤルカスタムシートカバー（ダイヤキルト）JF1/JF2 N-BOX[H27/2～]RCD-H3739：関西オートパーツ販売,★Artina アルティナ★ロイヤルカスタムシートカバー（ダイヤキルト）JF1/JF2 N-BOX[H27/2～]RCD-H3739,セミオーダータイプのアルティナロイヤルカスタムシートカバー！。★Artina アルティナ★ロイヤルカスタムシートカバー（ダイヤキルト）JF1/JF2 N-BOX[H27/2～]RCD-H3739[rn]
10-61399,http://tshop.r10s.jp/auc-kansai/cabinet/seatcover/img61276369.jpg?fitin=700:700,23448.0000,,車用品・バイク用品 > カー用品 > 内装パーツ > シート > シートカバー,★Artina アルティナ★ロイヤルカスタムシートカバーJF1/JF2 前期 N-BOXカスタムG-Lパッケージ / G-ターボパッケージ[H23.12～H25.12]RC-H3725,セミオーダータイプのアルティナロイヤルカスタムシートカバー！,"【シート品番】　RC-H3725<br>
【適合車種】　N-BOXカスタム<BR>
【適合型式】　JF1/JF2<BR>
【適合年式】　H23.12～H25.12 (前期)<BR>
【人数】　4人乗<BR>
【適合グレード】 <br>
G-Lパッケージ / G-ターボパッケージ<br>
【備　考】 <br>
2列目アームレスト装備車<br> 
◎適合不可<br>
G（2列目アームレスト無し） <br>
<br>
【選択項目】<br>
[デザイン（必須）]<br>
A：スタンダードパンチング　B：サイドギャザー<br>
C：ナチュラルギャザー　D：スポーツラインパンチング<BR>
[ベース/ツートンカラー（必須）]<br> 
全15色
<br>
[ステッチカラー（必須）]<br> 
全22色
<br>
[パイピング（選択式）]<br> 
全16色<br>
<br>
【納　期】 <BR>
本品は受注生産品のため、6週間～8週間程度かかります。<br>
 ※完成次第での発送となりますので、メーカー繁忙期等は前後する可能性がございます。<br>
※セミオーダーのため、注文確定後のキャンセル・変更・返品は一切不可となります。",★Artina アルティナ★ロイヤルカスタムシートカバーJF1/JF2 前期 N-BOXカスタムG-Lパッケージ / G-ターボパッケージ[H23.12～H25.12]RC-H3725：関西オートパーツ販売,★Artina アルティナ★ロイヤルカスタムシートカバーJF1/JF2 前期 N-BOXカスタムG-Lパッケージ / G-ターボパッケージ[H23.12～H25.12]RC-H3725,セミオーダータイプのアルティナロイヤルカスタムシートカバー！。★Artina アルティナ★ロイヤルカスタムシートカバーJF1/JF2 前期 N-BOXカスタムG-Lパッケージ / G-ターボパッケージ[H23.12～H25.12]RC-H3725[rn]
10-61400,http://tshop.r10s.jp/senmon/cabinet/07/0068126495.jpg?fitin=700:700,3264.0000,,車用品・バイク用品 > カー用品 > 内装パーツ > シート > シートカバー,☆軽ベンチフロントシートカバー☆グランドレザー ベンチシート用 ブラック　汎用  サイドエアバック対応！ 車内の汚れ防止に♪ ベーシックデザインのソフトレザーシートカバー ボンフォーム（BONFORM）4364（66）,,<BR>【必読】在庫について<HR>,☆軽ベンチフロントシートカバー☆グランドレザー ベンチシート用 ブラック　汎用  サイドエアバック対応！ 車内の汚れ防止に♪ ベーシックデザインのソフトレザーシートカバー ボンフォーム（BONFORM）4364（66）：タイヤチェーン＆バッテリー専門店,タイヤチェーンバッテリー専門店通販バイアスロン195/65R15215/45R17激安販売福岡カー用品☆軽ベンチフロントシートカバー☆グランドレザー ベンチシート用 ブラック　汎用  サイドエアバック対応！ 車内の汚れ防止に♪ ベーシックデザインのソフトレザーシートカバー ボンフォーム（BONFORM）4364（66）,☆軽ベンチフロントシートカバー☆グランドレザー ベンチシート用 ブラック　汎用  サイドエアバック対応！ 車内の汚れ防止に♪ ベーシックデザインのソフトレザーシートカバー ボンフォーム（BONFORM）4364（66）[rn]
