26-22501,http://tshop.r10s.jp/cinemacollection/cabinet/r20160721/sm-tedr726-27.jpg?fitin=700:700,1031.2000,,おもちゃ・ホビー・ゲーム > 趣味・コレクション > アニメグッズ > セット・小物,Drスランプ アラレちゃん 男性用下着 メンズボクサーパンツ カラフルうんちくん  スモールプラネット ブリーフ メンズインナー アニメキャラクターグッズ通販 【メール便可】【あす楽】シネマコレクション,,"Drスランプ アラレちゃん 男性用下着 メンズボクサーパンツ カラフルうんちくん  スモールプラネット ブリーフ メンズインナー アニメキャラクターグッズ通販 【メール便可】【あす楽】シネマコレクション<BR><BR><!-- ★お気に入り--><div class=""w280-c""><div class=""center-m-0a""><img class=""item-oki-bn"" alt=""キャラクターグッズ通販シネマコレクションのお気に入りリストを確認する"" src=""http://image.rakuten.co.jp/cinemacollection/cabinet/oki-2.gif""></div></div><!-- ★お気に入りココまで--><!--★削除不可--></span></td></tr></table><br></td></tr></table><br><table cellpadding=""0"" border=""0""><tr><td><table cellpadding=""0"" border=""0""><tr><td><span><!--関連検索キーワード--><div style=""width:100%;text-align: center""><h3 style=""color:#7f7f7f;"">はき心地バツグンでインパクト大のMEN'Sボクサーブリーフ<br><!--★K-->アンダーウェア/高校生/中学生/面白グッズ/景品</h3><img style=""margin:15px 0 10px 0;width:100% ;border:none;"" alt=""キャラクターグッズ専門店/シネマコレクション/商品詳細"" src=""http://www.rakuten.ne.jp/gold/cinemacollection/bn/item-bn01.gif"" /><div style=""color:#7f7f7f;width:90%;margin:0 auto;#efefef solid 1px;padding:10px;text-align: left;"">あの《ドラゴンボール》の鳥山明のデビュー作『Dr.スランプ』グッズにまたまた可愛いNEWアイテム登場☆彡<br>こちらははき心地バツグンでインパクト大の【MEN'Sボクサーブリーフ】<br>ゴム部分にもロゴがデザインされてるので見せパンとしてもGOOD◎<br>いろんなデザインあるからお気に入りみつけてね♪<br><br>■サイズ<br>Mサイズ（ウエスト76～84cm）<br>Lサイズ（ウエスト84～92cm）<br>■素材：綿95％/ポリウレタン5％<BR><BR>■カラー ピンク系（フューシャピンク・ライトピンク）:ピンク系（フューシャピンク・ライトピンク）<BR><BR></div></div><div style=""width:100%;text-align: center;""><img style=""margin:15px 0 10px 0;width:100% ;border:none;"" alt=""キャラクターグッズ専門店/シネマコレクション/詳細画像"" src=""http://www.rakuten.ne.jp/gold/cinemacollection/bn/item-bn02.gif"" /><div style=""width:100%;margin:0 auto;""><img style=""width:260px;margin:2px;border:none;"" src=""http://image.rakuten.co.jp/cinemacollection/cabinet/r20160721/sm-tedr726-27.jpg""><img style=""width:260px;margin:2px;border:none;"" src=""http://image.rakuten.co.jp/cinemacollection/cabinet/r20160721/sm-tedr726-27_2.jpg""><img style=""width:260px;margin:2px;border:none;"" src=""http://image.rakuten.co.jp/cinemacollection/cabinet/r20160721/sm-tedr726-27_3.jpg""><img style=""width:260px;margin:2px;border:none;"" src=""http://image.rakuten.co.jp/cinemacollection/cabinet/r20160721/sm-tedr726-27_4.jpg""></div></div><div style=""width:100%;text-align: center;""><img style=""margin:15px 0 10px 0;width:100% ;border:none;"" alt=""キャラクターグッズ専門店/シネマコレクション/詳細画像"" src=""http://www.rakuten.ne.jp/gold/cinemacollection/bn/item-bn03.gif"" /><div style=""width:50%;top:75px;float:left;text-align: left;"">【Drスランプ アラレちゃん】他の種類はこちらから &gt;&gt;</div><div style=""width:50%;float:left;text-align:right;""><img style=""width:250px;border:none;"" src=""http://image.rakuten.co.jp/cinemacollection/cabinet/002lbn/toplb170.jpg""></div><div style=""clear:both;""></div></div><!--関連検索キーワード--><div class=""kanren-link"">このカテゴリにはこんな商品が含まれています<br><br><span class=""kanren-link"">アパレル【下着：メンズ】</span></div><!--★ココまで--><!--関連検索キーワード--><div class=""kanren-link"">これを見た人はこんなキーワードで検索しています<br><br><span class=""kanren-link"">キャラクター柄</span><span class=""kanren-link"">男性用 下着</span><span class=""kanren-link"">ボクサーパンツ</span><span class=""kanren-link"">メンズ 下着</span><span class=""kanren-link"">かわいい パンツ</span><span class=""kanren-link"">キャラクター ファッション</span><span class=""kanren-link"">キャラクター パンツ</span><span class=""kanren-link"">キャラクター シャツ</span><span class=""kanren-link"">キャラクター ソックス</span><span class=""kanren-link"">キャラクター バッグ</span></div><!--★ココまで--><!--7600-->

</TD></TR></TABLE><br><br>


<!--新着 -->

<img style=""width:800px;margin:0 0 10px 0;border:none;"" src=""http://image.rakuten.co.jp/cinemacollection/cabinet/sin.gif""><br>
<div style=""width:750px;margin: 0 auto;padding:15px;text-align:right;font-weight:bold;font-size:18px;"">>>新着情報のつづきはこちら</div>
<br>
<div style=""width:750px;margin: 0 auto;padding:15px;text-align:right;font-weight:bold;font-size:18px;"">>>新着情報のつづきはこちら</div>






<img style=""width:800px;margin:0 0 10px 0;border:none;"" src=""http://image.rakuten.co.jp/cinemacollection/cabinet/car.gif""><br>
<table width=""800""><tr><td width=""800"" align=""right"">⇒すべてのキャラクターはこちら</td></tr><tr><td><br><br>

<br><br>
</td></tr></table><br><br>


<img style=""width:800px;margin:0 0 10px 0;border:none;"" src=""http://image.rakuten.co.jp/cinemacollection/cabinet/cat.gif""><br>
</center>


<!-- -->

<style>
/*買い物カゴボタン*/
#rakutenLimitedId_aroundCart input {
	width: 280px;
	height: 150px;
	background:url(http://image.rakuten.co.jp/cinemacollection/cabinet/cart.gif) #ffffff no-repeat;
	overflow: hidden;
	border-width: 0px;
	cursor: pointer !important;
	text-indent: 150%;
	white-space: nowrap;
	margin: 5px 0 0 0;
	display:block;
}

#rakutenLimitedId_aroundCart .inventory input {
	background:none !important;
	width: 2em!important;
	height: 1.2em!important;
	display:inline;
}


/*個数テキスト*/
#rakutenLimitedId_aroundCart .unit {
	font-size:16px;
}

/*個数入力*/
#rakutenLimitedId_aroundCart input#units {
	border:solid #ccc 1px;
	background:#fff!important;
	width:30px;
	height:30px;
	cursor:auto;
	padding:7px 7px 7px 3px;
	text-indent: 0px;
	overflow: hidden;
	display:inline;
	font-size:16px;
}

/*お問い合わせボタン*/
#rakutenLimitedId_aroundCart font input {
	width: 280px;
	height: 80px;
	background:url(http://image.rakuten.co.jp/cinemacollection/cabinet/toi.gif) #ffffff no-repeat;
	overflow: hidden;
	border-width: 0px;
	cursor: pointer !important;
	text-indent: 150%;
	white-space: nowrap;
	margin: 5px 0 0 0;
	display:block;
}

#serviceTableSml .favorite {
	display:block;
	width: 280px;
}

#serviceTableSml .favorite .bookmarkArea div{
	width: 280px!important;
}

#serviceTableSml .favorite .bkm a {
	width: 280px!important;
	height: 300px!important;
	background:url(http://image.rakuten.co.jp/cinemacollection/cabinet/oki.gif) #ffffff no-repeat;
	overflow: hidden;
	border-width: 0px;
	cursor: pointer !important;
	text-indent:-150%;
	margin: 5px 0 0 0;
	display:block;
}


/*お気に入り*/

div.w280-c  {width:280px;text-align: center;}
div.center-m-0a  {margin:0 auto;}
.item-oki-bn  {width:280px;margin:2px 0;border:none;}
.item-iframe  {margin:0px;border:0px;}

div.kanren-link {color:#7f7f7f;width:90%;margin:20px auto;padding:20px;text-align: left;font-size:1.2em;background-color:#ffffff;border:dotted 2px #ff8033;}
span.kanren-link {margin:10px ;padding: 0 0 0 0.5em;font-size:1.2em;
background:url(http://image.rakuten.co.jp/mm-pop/cabinet/link-head-pk.gif) no-repeat 0 0.45em;
}
a:link kanren-link{font-size:1.2em; color:#3380ff;text-decoration:none;}

</style>




<!-- 
<syle type=""text/css"">
 html,body{ overflow-x:hidden; }

a:link {color:#3380ff;}
a:visited {color:#666;}
a:hover {color:#333;}
a:active {color:#333;}
a{text-decoration:none;}
img {border:none; vertical-align:bottom;}
p {margin:0; padding:0; font-size:80%;}
p.resizeimage img { width: 98%; }
p.resizeimage2 img { width: 90%; }
a:hover img {opacity: 0.6; filter: alpha(opacity=60); -moz-opacity: 0.6;}


img.topbn{margin:10px 0;border:none;}
div.disc3 {width:100%;margin: 0 auto;padding:15px;background:#efefef;text-align:left;font-weight:bold;font-size:18px;}

 </style>
-->


<style type=""text/css"">
<!--

div#HeaderKeyword {
	position:absolute;
	top:60px;/*一番上からの位置*/
	left:60px;/*左端からの位置*/
}

div#HeaderKeyword span {
	background: #bf0000;
	color:#fff;
	font-weight:bold;
	padding:2px 5px;
}

div#HeaderKeyword a {
	color:#0044CC;
}

-->
</style>
<div id=""HeaderKeyword"">
<span>注目のキーワード</span>
>>文房具
>>バッグ
>>お財布
>>スヌーピー

</div>",Drスランプ アラレちゃん 男性用下着 メンズボクサーパンツ カラフルうんちくん  スモールプラネット ブリーフ メンズインナー アニメキャラクターグッズ通販 【メール便可】【あす楽】シネマコレクション：キャラクターのシネマコレクション,キャラクターキャラクターグッズキャラクター雑貨雑貨サンリオディズニーゆるキャラミッキーキティくまモンワンピースアニメアニメグッズタオル文具文房具インテリア生活雑貨キッズ子どもDrスランプ アラレちゃん 男性用下着 メンズボクサーパンツ カラフルうんちくん  スモールプラネット ブリーフ メンズインナー アニメキャラクターグッズ通販 【メール便可】【あす楽】シネマコレクション,Drスランプ アラレちゃん 男性用下着 メンズボクサーパンツ カラフルうんちくん  スモールプラネット ブリーフ メンズインナー アニメキャラクターグッズ通販 【メール便可】【あす楽】シネマコレクション[rn]
26-22502,http://tshop.r10s.jp/cinemacollection/cabinet/r20160621/gr-mha-01.jpg?fitin=700:700,1727.2000,,おもちゃ・ホビー・ゲーム > 趣味・コレクション > アニメグッズ > セット・小物,僕のヒーローアカデミア iPhone6Sケース アイフォン6Sシェルジャケット グルマンディーズ 4.7インチモデル アイフォーン6Sカバー アニメキャラクターグッズ通販 【メール便可】【あす楽】シネマコレクション,,"僕のヒーローアカデミア iPhone6Sケース アイフォン6Sシェルジャケット グルマンディーズ 4.7インチモデル アイフォーン6Sカバー アニメキャラクターグッズ通販 【メール便可】【あす楽】シネマコレクション<BR><BR><!-- ★お気に入り--><div class=""w280-c""><div class=""center-m-0a""><img class=""item-oki-bn"" alt=""キャラクターグッズ通販シネマコレクションのお気に入りリストを確認する"" src=""http://image.rakuten.co.jp/cinemacollection/cabinet/oki-2.gif""></div></div><!-- ★お気に入りココまで--><!--★削除不可--></span></td></tr></table><br></td></tr></table><br><table cellpadding=""0"" border=""0""><tr><td><table cellpadding=""0"" border=""0""><tr><td><span><!--関連検索キーワード--><div style=""width:100%;text-align: center""><h3 style=""color:#7f7f7f;"">週刊少年ジャンプにて連載中の人気アニメ<br><!--★K-->ｉＰｈｏｎｅ/アイフォン/ケース/カバー/キャラクターケース</h3><img style=""margin:15px 0 10px 0;width:100% ;border:none;"" alt=""キャラクターグッズ専門店/シネマコレクション/商品詳細"" src=""http://www.rakuten.ne.jp/gold/cinemacollection/bn/item-bn01.gif"" /><div style=""color:#7f7f7f;width:90%;margin:0 auto;#efefef solid 1px;padding:10px;text-align: left;"">iPhone6sの裏面を覆うプラスチック製の専用プロテクトジャケットに人気アニメ《僕のヒーローアカデミア》が登場!!<br>機種が透ける透明タイプでキャラクターの世界観をデザイン♪<br>大切なアイフォンのキズやヨゴレを防ぎ、軽度な振動や衝撃から守ります。<br>取り付けたままでLightningコネクタの接続も可能◎<br>お気に入りのストラップがつけられるストラップホールも付いています。<br>もちろんカメラ・各種ボタンの操作も可能です☆彡<br><br>※iPhone6s/iPhone6専用<BR><BR>■カラー <BR><BR></div></div><div style=""width:100%;text-align: center;""><img style=""margin:15px 0 10px 0;width:100% ;border:none;"" alt=""キャラクターグッズ専門店/シネマコレクション/詳細画像"" src=""http://www.rakuten.ne.jp/gold/cinemacollection/bn/item-bn02.gif"" /><div style=""width:100%;margin:0 auto;""><img style=""width:260px;margin:2px;border:none;"" src=""http://image.rakuten.co.jp/cinemacollection/cabinet/r20160621/gr-mha-01.jpg""><img style=""width:260px;margin:2px;border:none;"" src=""http://image.rakuten.co.jp/cinemacollection/cabinet/r20160621/gr-mha-01_2.jpg""><img style=""width:260px;margin:2px;border:none;"" src=""http://image.rakuten.co.jp/cinemacollection/cabinet/r20160621/gr-mha-01_3.jpg""><img style=""width:260px;margin:2px;border:none;"" src=""http://image.rakuten.co.jp/cinemacollection/cabinet/r20160621/gr-mha-01_4.jpg""><img style=""width:260px;margin:2px;border:none;"" src=""http://image.rakuten.co.jp/cinemacollection/cabinet/r20160621/gr-mha-01_5.jpg""><img style=""width:260px;margin:2px;border:none;"" src=""http://image.rakuten.co.jp/cinemacollection/cabinet/r20160621/gr-mha-01_6.jpg""><img style=""width:260px;margin:2px;border:none;"" src=""http://image.rakuten.co.jp/cinemacollection/cabinet/r20160621/gr-mha-01_7.jpg""><img style=""width:260px;margin:2px;border:none;"" src=""http://image.rakuten.co.jp/cinemacollection/cabinet/r20160621/gr-mha-01_8.jpg""><img style=""width:260px;margin:2px;border:none;"" src=""http://image.rakuten.co.jp/cinemacollection/cabinet/r20160621/gr-mha-01_9.jpg""></div></div><div style=""width:100%;text-align: center;""><img style=""margin:15px 0 10px 0;width:100% ;border:none;"" alt=""キャラクターグッズ専門店/シネマコレクション/詳細画像"" src=""http://www.rakuten.ne.jp/gold/cinemacollection/bn/item-bn03.gif"" /><div style=""width:50%;top:75px;float:left;text-align: left;"">【フ・ヘ・ホ キャラクターその他】他の種類はこちらから &gt;&gt;</div><div style=""width:50%;float:left;text-align:right;""><img style=""width:250px;border:none;"" src=""http://image.rakuten.co.jp/cinemacollection/cabinet/002lbn/toplb00.jpg""></div><div style=""clear:both;""></div></div><!--関連検索キーワード--><div class=""kanren-link"">このカテゴリにはこんな商品が含まれています<br><br><span class=""kanren-link"">スマホ・PC関連グッズ【iPhone6ケース】</span></div><!--★ココまで--><!--関連検索キーワード--><div class=""kanren-link"">これを見た人はこんなキーワードで検索しています<br><br><span class=""kanren-link"">iPhone6 ケース</span><span class=""kanren-link"">アイフォン6 ケース</span><span class=""kanren-link"">iPhone6 ケース 手帳型</span><span class=""kanren-link"">iPhone6 プラス ケース</span><span class=""kanren-link"">アイフォン6 プラス ケース</span><span class=""kanren-link"">スマホ ケース</span><span class=""kanren-link"">スマホ ポーチ</span><span class=""kanren-link"">スマホ</span><span class=""kanren-link"">スマホ カバー</span><span class=""kanren-link"">iPhone</span></div><!--★ココまで--><!--7600-->

</TD></TR></TABLE><br><br>


<!--新着 -->

<img style=""width:800px;margin:0 0 10px 0;border:none;"" src=""http://image.rakuten.co.jp/cinemacollection/cabinet/sin.gif""><br>
<div style=""width:750px;margin: 0 auto;padding:15px;text-align:right;font-weight:bold;font-size:18px;"">>>新着情報のつづきはこちら</div>
<br>
<div style=""width:750px;margin: 0 auto;padding:15px;text-align:right;font-weight:bold;font-size:18px;"">>>新着情報のつづきはこちら</div>






<img style=""width:800px;margin:0 0 10px 0;border:none;"" src=""http://image.rakuten.co.jp/cinemacollection/cabinet/car.gif""><br>
<table width=""800""><tr><td width=""800"" align=""right"">⇒すべてのキャラクターはこちら</td></tr><tr><td><br><br>

<br><br>
</td></tr></table><br><br>


<img style=""width:800px;margin:0 0 10px 0;border:none;"" src=""http://image.rakuten.co.jp/cinemacollection/cabinet/cat.gif""><br>
</center>


<!-- -->

<style>
/*買い物カゴボタン*/
#rakutenLimitedId_aroundCart input {
	width: 280px;
	height: 150px;
	background:url(http://image.rakuten.co.jp/cinemacollection/cabinet/cart.gif) #ffffff no-repeat;
	overflow: hidden;
	border-width: 0px;
	cursor: pointer !important;
	text-indent: 150%;
	white-space: nowrap;
	margin: 5px 0 0 0;
	display:block;
}

#rakutenLimitedId_aroundCart .inventory input {
	background:none !important;
	width: 2em!important;
	height: 1.2em!important;
	display:inline;
}


/*個数テキスト*/
#rakutenLimitedId_aroundCart .unit {
	font-size:16px;
}

/*個数入力*/
#rakutenLimitedId_aroundCart input#units {
	border:solid #ccc 1px;
	background:#fff!important;
	width:30px;
	height:30px;
	cursor:auto;
	padding:7px 7px 7px 3px;
	text-indent: 0px;
	overflow: hidden;
	display:inline;
	font-size:16px;
}

/*お問い合わせボタン*/
#rakutenLimitedId_aroundCart font input {
	width: 280px;
	height: 80px;
	background:url(http://image.rakuten.co.jp/cinemacollection/cabinet/toi.gif) #ffffff no-repeat;
	overflow: hidden;
	border-width: 0px;
	cursor: pointer !important;
	text-indent: 150%;
	white-space: nowrap;
	margin: 5px 0 0 0;
	display:block;
}

#serviceTableSml .favorite {
	display:block;
	width: 280px;
}

#serviceTableSml .favorite .bookmarkArea div{
	width: 280px!important;
}

#serviceTableSml .favorite .bkm a {
	width: 280px!important;
	height: 300px!important;
	background:url(http://image.rakuten.co.jp/cinemacollection/cabinet/oki.gif) #ffffff no-repeat;
	overflow: hidden;
	border-width: 0px;
	cursor: pointer !important;
	text-indent:-150%;
	margin: 5px 0 0 0;
	display:block;
}


/*お気に入り*/

div.w280-c  {width:280px;text-align: center;}
div.center-m-0a  {margin:0 auto;}
.item-oki-bn  {width:280px;margin:2px 0;border:none;}
.item-iframe  {margin:0px;border:0px;}

div.kanren-link {color:#7f7f7f;width:90%;margin:20px auto;padding:20px;text-align: left;font-size:1.2em;background-color:#ffffff;border:dotted 2px #ff8033;}
span.kanren-link {margin:10px ;padding: 0 0 0 0.5em;font-size:1.2em;
background:url(http://image.rakuten.co.jp/mm-pop/cabinet/link-head-pk.gif) no-repeat 0 0.45em;
}
a:link kanren-link{font-size:1.2em; color:#3380ff;text-decoration:none;}

</style>




<!-- 
<syle type=""text/css"">
 html,body{ overflow-x:hidden; }

a:link {color:#3380ff;}
a:visited {color:#666;}
a:hover {color:#333;}
a:active {color:#333;}
a{text-decoration:none;}
img {border:none; vertical-align:bottom;}
p {margin:0; padding:0; font-size:80%;}
p.resizeimage img { width: 98%; }
p.resizeimage2 img { width: 90%; }
a:hover img {opacity: 0.6; filter: alpha(opacity=60); -moz-opacity: 0.6;}


img.topbn{margin:10px 0;border:none;}
div.disc3 {width:100%;margin: 0 auto;padding:15px;background:#efefef;text-align:left;font-weight:bold;font-size:18px;}

 </style>
-->


<style type=""text/css"">
<!--

div#HeaderKeyword {
	position:absolute;
	top:60px;/*一番上からの位置*/
	left:60px;/*左端からの位置*/
}

div#HeaderKeyword span {
	background: #bf0000;
	color:#fff;
	font-weight:bold;
	padding:2px 5px;
}

div#HeaderKeyword a {
	color:#0044CC;
}

-->
</style>
<div id=""HeaderKeyword"">
<span>注目のキーワード</span>
>>文房具
>>バッグ
>>お財布
>>スヌーピー

</div>",僕のヒーローアカデミア iPhone6Sケース アイフォン6Sシェルジャケット グルマンディーズ 4.7インチモデル アイフォーン6Sカバー アニメキャラクターグッズ通販 【メール便可】【あす楽】シネマコレクション：キャラクターのシネマコレクション,キャラクターキャラクターグッズキャラクター雑貨雑貨サンリオディズニーゆるキャラミッキーキティくまモンワンピースアニメアニメグッズタオル文具文房具インテリア生活雑貨キッズ子ども僕のヒーローアカデミア iPhone6Sケース アイフォン6Sシェルジャケット グルマンディーズ 4.7インチモデル アイフォーン6Sカバー アニメキャラクターグッズ通販 【メール便可】【あす楽】シネマコレクション,僕のヒーローアカデミア iPhone6Sケース アイフォン6Sシェルジャケット グルマンディーズ 4.7インチモデル アイフォーン6Sカバー アニメキャラクターグッズ通販 【メール便可】【あす楽】シネマコレクション[rn]
26-22503,http://tshop.r10s.jp/cinemacollection/cabinet/r20150113/sans-451442-59.jpg?fitin=700:700,551.2000,,おもちゃ・ホビー・ゲーム > 趣味・コレクション > アニメグッズ > セット・小物,美少女戦士セーラームーン シール ロマンスピースシール 63pieces サンスター文具 フレークシール ミニステッカー アニメキャラクターグッズ通販 【メール便可】【あす楽】,,"美少女戦士セーラームーン/シール◎ロマンスピースシール（63pieces）☆サンスター文具(フレークシール)ミニステッカー/アニメキャラクターグッズ通販☆【メール便可】【あす楽】【RCP】◆<!-- ★お気に入り--><div class=""w280-c""><div class=""center-m-0a""><img class=""item-oki-bn"" alt=""キャラクターグッズ通販シネマコレクションのお気に入りリストを確認する"" src=""http://image.rakuten.co.jp/cinemacollection/cabinet/oki-2.gif""></div></div><!-- ★お気に入りココまで--><!--★削除不可--></span></td></tr></table><br></td></tr></table><br><table cellpadding=""0"" border=""0""><tr><td><table cellpadding=""0"" border=""0""><tr><td><span><!--関連検索キーワード--><div style=""width:100%;text-align: center""><h3 style=""color:#7f7f7f;"">使いやすい透明タイプでお気に入りのモノをMake Up<br><!--★K-->女子向け/可愛い/コレクターグッズ/アニメキャラ/文房具</h3><img style=""margin:15px 0 10px 0;width:100% ;border:none;"" alt=""キャラクターグッズ専門店/シネマコレクション/商品詳細"" src=""http://www.rakuten.ne.jp/gold/cinemacollection/bn/item-bn01.gif"" /><div style=""color:#7f7f7f;width:90%;margin:0 auto;#efefef solid 1px;padding:10px;text-align: left;"">20周年を迎えた女の子に大人気の《美少女戦士セーラームーン》グッズが続々登場☆<br>こちらはルナをはじめ、ムーンスティックやロッドなどのミニシールが63枚入った【ロマンスピースシール】<br>他にもかわいいグッズいろいろあるのでお気に入りを探してね♪<br><br>■パッケージサイズ：約100×125mm</div></div><div style=""width:100%;text-align: center;""><img style=""margin:15px 0 10px 0;width:100% ;border:none;"" alt=""キャラクターグッズ専門店/シネマコレクション/詳細画像"" src=""http://www.rakuten.ne.jp/gold/cinemacollection/bn/item-bn02.gif"" /><div style=""width:100%;margin:0 auto;""><img style=""width:260px;margin:2px;border:none;"" src=""http://image.rakuten.co.jp/cinemacollection/cabinet/r20150113/sans-451442-59.jpg""><img style=""width:260px;margin:2px;border:none;"" src=""http://image.rakuten.co.jp/cinemacollection/cabinet/r20150113/sans-451442-59_2.jpg""><img style=""width:260px;margin:2px;border:none;"" src=""http://image.rakuten.co.jp/cinemacollection/cabinet/r20150113/sans-451442-59_3.jpg""><img style=""width:260px;margin:2px;border:none;"" src=""http://image.rakuten.co.jp/cinemacollection/cabinet/r20150113/sans-451442-59_4.jpg""><img style=""width:260px;margin:2px;border:none;"" src=""http://image.rakuten.co.jp/cinemacollection/cabinet/r20150113/sans-451442-59_5.jpg""><img style=""width:260px;margin:2px;border:none;"" src=""http://image.rakuten.co.jp/cinemacollection/cabinet/r20150113/sans-451442-59_6.jpg""></div></div><div style=""width:100%;text-align: center;""><img style=""margin:15px 0 10px 0;width:100% ;border:none;"" alt=""キャラクターグッズ専門店/シネマコレクション/詳細画像"" src=""http://www.rakuten.ne.jp/gold/cinemacollection/bn/item-bn03.gif"" /><div style=""width:50%;top:75px;float:left;text-align: left;"">【セーラームーン】他の種類はこちらから &gt;&gt;</div><div style=""width:50%;float:left;text-align:right;""><img style=""width:250px;border:none;"" src=""http://image.rakuten.co.jp/cinemacollection/cabinet/002lbn/toplb187.jpg""></div><div style=""clear:both;""></div></div><!--7600-->

</TD></TR></TABLE><br><br>


<!--新着 -->

<img style=""width:800px;margin:0 0 10px 0;border:none;"" src=""http://image.rakuten.co.jp/cinemacollection/cabinet/sin.gif""><br>
<div style=""width:750px;margin: 0 auto;padding:15px;text-align:right;font-weight:bold;font-size:18px;"">>>新着情報のつづきはこちら</div>
<br>
<div style=""width:750px;margin: 0 auto;padding:15px;text-align:right;font-weight:bold;font-size:18px;"">>>新着情報のつづきはこちら</div>






<img style=""width:800px;margin:0 0 10px 0;border:none;"" src=""http://image.rakuten.co.jp/cinemacollection/cabinet/car.gif""><br>
<table width=""800""><tr><td width=""800"" align=""right"">⇒すべてのキャラクターはこちら</td></tr><tr><td><br><br>

<br><br>
</td></tr></table><br><br>


<img style=""width:800px;margin:0 0 10px 0;border:none;"" src=""http://image.rakuten.co.jp/cinemacollection/cabinet/cat.gif""><br>
</center>


<!-- -->

<style>
/*買い物カゴボタン*/
#rakutenLimitedId_aroundCart input {
	width: 280px;
	height: 150px;
	background:url(http://image.rakuten.co.jp/cinemacollection/cabinet/cart.gif) #ffffff no-repeat;
	overflow: hidden;
	border-width: 0px;
	cursor: pointer !important;
	text-indent: 150%;
	white-space: nowrap;
	margin: 5px 0 0 0;
	display:block;
}

#rakutenLimitedId_aroundCart .inventory input {
	background:none !important;
	width: 2em!important;
	height: 1.2em!important;
	display:inline;
}


/*個数テキスト*/
#rakutenLimitedId_aroundCart .unit {
	font-size:16px;
}

/*個数入力*/
#rakutenLimitedId_aroundCart input#units {
	border:solid #ccc 1px;
	background:#fff!important;
	width:30px;
	height:30px;
	cursor:auto;
	padding:7px 7px 7px 3px;
	text-indent: 0px;
	overflow: hidden;
	display:inline;
	font-size:16px;
}

/*お問い合わせボタン*/
#rakutenLimitedId_aroundCart font input {
	width: 280px;
	height: 80px;
	background:url(http://image.rakuten.co.jp/cinemacollection/cabinet/toi.gif) #ffffff no-repeat;
	overflow: hidden;
	border-width: 0px;
	cursor: pointer !important;
	text-indent: 150%;
	white-space: nowrap;
	margin: 5px 0 0 0;
	display:block;
}

#serviceTableSml .favorite {
	display:block;
	width: 280px;
}

#serviceTableSml .favorite .bookmarkArea div{
	width: 280px!important;
}

#serviceTableSml .favorite .bkm a {
	width: 280px!important;
	height: 300px!important;
	background:url(http://image.rakuten.co.jp/cinemacollection/cabinet/oki.gif) #ffffff no-repeat;
	overflow: hidden;
	border-width: 0px;
	cursor: pointer !important;
	text-indent:-150%;
	margin: 5px 0 0 0;
	display:block;
}


/*お気に入り*/

div.w280-c  {width:280px;text-align: center;}
div.center-m-0a  {margin:0 auto;}
.item-oki-bn  {width:280px;margin:2px 0;border:none;}
.item-iframe  {margin:0px;border:0px;}

div.kanren-link {color:#7f7f7f;width:90%;margin:20px auto;padding:20px;text-align: left;font-size:1.2em;background-color:#ffffff;border:dotted 2px #ff8033;}
span.kanren-link {margin:10px ;padding: 0 0 0 0.5em;font-size:1.2em;
background:url(http://image.rakuten.co.jp/mm-pop/cabinet/link-head-pk.gif) no-repeat 0 0.45em;
}
a:link kanren-link{font-size:1.2em; color:#3380ff;text-decoration:none;}

</style>




<!-- 
<syle type=""text/css"">
 html,body{ overflow-x:hidden; }

a:link {color:#3380ff;}
a:visited {color:#666;}
a:hover {color:#333;}
a:active {color:#333;}
a{text-decoration:none;}
img {border:none; vertical-align:bottom;}
p {margin:0; padding:0; font-size:80%;}
p.resizeimage img { width: 98%; }
p.resizeimage2 img { width: 90%; }
a:hover img {opacity: 0.6; filter: alpha(opacity=60); -moz-opacity: 0.6;}


img.topbn{margin:10px 0;border:none;}
div.disc3 {width:100%;margin: 0 auto;padding:15px;background:#efefef;text-align:left;font-weight:bold;font-size:18px;}

 </style>
-->


<style type=""text/css"">
<!--

div#HeaderKeyword {
	position:absolute;
	top:60px;/*一番上からの位置*/
	left:60px;/*左端からの位置*/
}

div#HeaderKeyword span {
	background: #bf0000;
	color:#fff;
	font-weight:bold;
	padding:2px 5px;
}

div#HeaderKeyword a {
	color:#0044CC;
}

-->
</style>
<div id=""HeaderKeyword"">
<span>注目のキーワード</span>
>>文房具
>>バッグ
>>お財布
>>スヌーピー

</div>",美少女戦士セーラームーン シール ロマンスピースシール 63pieces サンスター文具 フレークシール ミニステッカー アニメキャラクターグッズ通販 【メール便可】【あす楽】：キャラクターのシネマコレクション,キャラクターキャラクターグッズキャラクター雑貨雑貨サンリオディズニーゆるキャラミッキーキティくまモンワンピースアニメアニメグッズタオル文具文房具インテリア生活雑貨キッズ子ども美少女戦士セーラームーン シール ロマンスピースシール 63pieces サンスター文具 フレークシール ミニステッカー アニメキャラクターグッズ通販 【メール便可】【あす楽】,美少女戦士セーラームーン シール ロマンスピースシール 63pieces サンスター文具 フレークシール ミニステッカー アニメキャラクターグッズ通販 【メール便可】【あす楽】[rn]
26-22504,http://tshop.r10s.jp/cinemacollection/cabinet/r20140606/skm-24300101-501.jpg?fitin=700:700,471.2000,,おもちゃ・ホビー・ゲーム > 趣味・コレクション > アニメグッズ > セット・小物,黒子のバスケ 黒赤2色ボールペン mimiペン サカモト 可愛い 文具 アニメキャラクターグッズ通販 シネマコレクション【メール便可】【あす楽】,,"黒子のバスケ/黒赤2色ボールペン◎mimiペン☆サカモト(可愛い)文具/アニメキャラクターグッズ通販☆シネマコレクション【メール便可】【あす楽】【RCP】◆<!-- ★お気に入り--><div class=""w280-c""><div class=""center-m-0a""><img class=""item-oki-bn"" alt=""キャラクターグッズ通販シネマコレクションのお気に入りリストを確認する"" src=""http://image.rakuten.co.jp/cinemacollection/cabinet/oki-2.gif""></div></div><!-- ★お気に入りココまで--><!--★削除不可--></span></td></tr></table><br></td></tr></table><br><table cellpadding=""0"" border=""0""><tr><td><table cellpadding=""0"" border=""0""><tr><td><span><!--関連検索キーワード--><div style=""width:100%;text-align: center""><h3 style=""color:#7f7f7f;"">大ヒットアイテム《mimiペン》に黒バスが登場!!</h3><img style=""margin:15px 0 10px 0;width:100% ;border:none;"" alt=""キャラクターグッズ専門店/シネマコレクション/商品詳細"" src=""http://www.rakuten.ne.jp/gold/cinemacollection/bn/item-bn01.gif"" /><div style=""color:#7f7f7f;width:90%;margin:0 auto;#efefef solid 1px;padding:10px;text-align: left;"">大ヒットアイテム【mimi ペン】に黒子のバスケが新登場☆<br>黒と赤の2色が一本で使い分けできるのがとっても便利☆<br>他にもかわいいキャラクターいっぱいあるからコレクションしちゃおう☆<br><br>■サイズ：直径約11×138mm</div></div><div style=""width:100%;text-align: center;""><img style=""margin:15px 0 10px 0;width:100% ;border:none;"" alt=""キャラクターグッズ専門店/シネマコレクション/詳細画像"" src=""http://www.rakuten.ne.jp/gold/cinemacollection/bn/item-bn02.gif"" /><div style=""width:100%;margin:0 auto;""><img style=""width:260px;margin:2px;border:none;"" src=""http://image.rakuten.co.jp/cinemacollection/cabinet/r20140606/skm-24300101-501.jpg""><img style=""width:260px;margin:2px;border:none;"" src=""http://image.rakuten.co.jp/cinemacollection/cabinet/r20140606/skm-24300101-501_2.jpg""><img style=""width:260px;margin:2px;border:none;"" src=""http://image.rakuten.co.jp/cinemacollection/cabinet/r20140606/skm-24300101-501_3.jpg""><img style=""width:260px;margin:2px;border:none;"" src=""http://image.rakuten.co.jp/cinemacollection/cabinet/r20140606/skm-24300101-501_4.jpg""><img style=""width:260px;margin:2px;border:none;"" src=""http://image.rakuten.co.jp/cinemacollection/cabinet/r20140606/skm-24300101-501_5.jpg""><img style=""width:260px;margin:2px;border:none;"" src=""http://image.rakuten.co.jp/cinemacollection/cabinet/r20140606/skm-24300101-501_6.jpg""><img style=""width:260px;margin:2px;border:none;"" src=""http://image.rakuten.co.jp/cinemacollection/cabinet/r20140606/skm-24300101-501_7.jpg""><img style=""width:260px;margin:2px;border:none;"" src=""http://image.rakuten.co.jp/cinemacollection/cabinet/r20140606/skm-24300101-501_8.jpg""></div></div><div style=""width:100%;text-align: center;""><img style=""margin:15px 0 10px 0;width:100% ;border:none;"" alt=""キャラクターグッズ専門店/シネマコレクション/詳細画像"" src=""http://www.rakuten.ne.jp/gold/cinemacollection/bn/item-bn03.gif"" /><div style=""width:50%;top:75px;float:left;text-align: left;"">【黒子のバスケ】他の種類はこちらから &gt;&gt;</div><div style=""width:50%;float:left;text-align:right;""><img style=""width:250px;border:none;"" src=""http://image.rakuten.co.jp/cinemacollection/cabinet/002lbn/toplb131.jpg""></div><div style=""clear:both;""></div></div><!--7600-->

</TD></TR></TABLE><br><br>


<!--新着 -->

<img style=""width:800px;margin:0 0 10px 0;border:none;"" src=""http://image.rakuten.co.jp/cinemacollection/cabinet/sin.gif""><br>
<div style=""width:750px;margin: 0 auto;padding:15px;text-align:right;font-weight:bold;font-size:18px;"">>>新着情報のつづきはこちら</div>
<br>
<div style=""width:750px;margin: 0 auto;padding:15px;text-align:right;font-weight:bold;font-size:18px;"">>>新着情報のつづきはこちら</div>






<img style=""width:800px;margin:0 0 10px 0;border:none;"" src=""http://image.rakuten.co.jp/cinemacollection/cabinet/car.gif""><br>
<table width=""800""><tr><td width=""800"" align=""right"">⇒すべてのキャラクターはこちら</td></tr><tr><td><br><br>

<br><br>
</td></tr></table><br><br>


<img style=""width:800px;margin:0 0 10px 0;border:none;"" src=""http://image.rakuten.co.jp/cinemacollection/cabinet/cat.gif""><br>
</center>


<!-- -->

<style>
/*買い物カゴボタン*/
#rakutenLimitedId_aroundCart input {
	width: 280px;
	height: 150px;
	background:url(http://image.rakuten.co.jp/cinemacollection/cabinet/cart.gif) #ffffff no-repeat;
	overflow: hidden;
	border-width: 0px;
	cursor: pointer !important;
	text-indent: 150%;
	white-space: nowrap;
	margin: 5px 0 0 0;
	display:block;
}

#rakutenLimitedId_aroundCart .inventory input {
	background:none !important;
	width: 2em!important;
	height: 1.2em!important;
	display:inline;
}


/*個数テキスト*/
#rakutenLimitedId_aroundCart .unit {
	font-size:16px;
}

/*個数入力*/
#rakutenLimitedId_aroundCart input#units {
	border:solid #ccc 1px;
	background:#fff!important;
	width:30px;
	height:30px;
	cursor:auto;
	padding:7px 7px 7px 3px;
	text-indent: 0px;
	overflow: hidden;
	display:inline;
	font-size:16px;
}

/*お問い合わせボタン*/
#rakutenLimitedId_aroundCart font input {
	width: 280px;
	height: 80px;
	background:url(http://image.rakuten.co.jp/cinemacollection/cabinet/toi.gif) #ffffff no-repeat;
	overflow: hidden;
	border-width: 0px;
	cursor: pointer !important;
	text-indent: 150%;
	white-space: nowrap;
	margin: 5px 0 0 0;
	display:block;
}

#serviceTableSml .favorite {
	display:block;
	width: 280px;
}

#serviceTableSml .favorite .bookmarkArea div{
	width: 280px!important;
}

#serviceTableSml .favorite .bkm a {
	width: 280px!important;
	height: 300px!important;
	background:url(http://image.rakuten.co.jp/cinemacollection/cabinet/oki.gif) #ffffff no-repeat;
	overflow: hidden;
	border-width: 0px;
	cursor: pointer !important;
	text-indent:-150%;
	margin: 5px 0 0 0;
	display:block;
}


/*お気に入り*/

div.w280-c  {width:280px;text-align: center;}
div.center-m-0a  {margin:0 auto;}
.item-oki-bn  {width:280px;margin:2px 0;border:none;}
.item-iframe  {margin:0px;border:0px;}

div.kanren-link {color:#7f7f7f;width:90%;margin:20px auto;padding:20px;text-align: left;font-size:1.2em;background-color:#ffffff;border:dotted 2px #ff8033;}
span.kanren-link {margin:10px ;padding: 0 0 0 0.5em;font-size:1.2em;
background:url(http://image.rakuten.co.jp/mm-pop/cabinet/link-head-pk.gif) no-repeat 0 0.45em;
}
a:link kanren-link{font-size:1.2em; color:#3380ff;text-decoration:none;}

</style>




<!-- 
<syle type=""text/css"">
 html,body{ overflow-x:hidden; }

a:link {color:#3380ff;}
a:visited {color:#666;}
a:hover {color:#333;}
a:active {color:#333;}
a{text-decoration:none;}
img {border:none; vertical-align:bottom;}
p {margin:0; padding:0; font-size:80%;}
p.resizeimage img { width: 98%; }
p.resizeimage2 img { width: 90%; }
a:hover img {opacity: 0.6; filter: alpha(opacity=60); -moz-opacity: 0.6;}


img.topbn{margin:10px 0;border:none;}
div.disc3 {width:100%;margin: 0 auto;padding:15px;background:#efefef;text-align:left;font-weight:bold;font-size:18px;}

 </style>
-->


<style type=""text/css"">
<!--

div#HeaderKeyword {
	position:absolute;
	top:60px;/*一番上からの位置*/
	left:60px;/*左端からの位置*/
}

div#HeaderKeyword span {
	background: #bf0000;
	color:#fff;
	font-weight:bold;
	padding:2px 5px;
}

div#HeaderKeyword a {
	color:#0044CC;
}

-->
</style>
<div id=""HeaderKeyword"">
<span>注目のキーワード</span>
>>文房具
>>バッグ
>>お財布
>>スヌーピー

</div>",黒子のバスケ 黒赤2色ボールペン mimiペン サカモト 可愛い 文具 アニメキャラクターグッズ通販 シネマコレクション【メール便可】【あす楽】：キャラクターのシネマコレクション,キャラクターキャラクターグッズキャラクター雑貨雑貨サンリオディズニーゆるキャラミッキーキティくまモンワンピースアニメアニメグッズタオル文具文房具インテリア生活雑貨キッズ子ども黒子のバスケ 黒赤2色ボールペン mimiペン サカモト 可愛い 文具 アニメキャラクターグッズ通販 シネマコレクション【メール便可】【あす楽】,黒子のバスケ 黒赤2色ボールペン mimiペン サカモト 可愛い 文具 アニメキャラクターグッズ通販 シネマコレクション【メール便可】【あす楽】[rn]
26-22505,http://tshop.r10s.jp/cinemacollection/cabinet/r20141221/hsp-520343-98.jpg?fitin=700:700,495.2000,,おもちゃ・ホビー・ゲーム > 趣味・コレクション > アニメグッズ > セット・小物,美少女戦士 セーラームーン ネックストラップ ネックストラップ ちびムーン＆外部太陽系戦士＆タキシード仮面 ハセプロ 可愛い スマホストラップ アニメキャラクターグッズ通販 【メール便可】【あす楽】,,"美少女戦士 セーラームーン/ネックストラップ◎ネックストラップ《ちびムーン＆外部太陽系戦士＆タキシード仮面》☆ハセプロ(可愛い)スマホストラップ/アニメキャラクターグッズ通販☆【メール便可】【あす楽】【RCP】◆<!-- ★お気に入り--><div class=""w280-c""><div class=""center-m-0a""><img class=""item-oki-bn"" alt=""キャラクターグッズ通販シネマコレクションのお気に入りリストを確認する"" src=""http://image.rakuten.co.jp/cinemacollection/cabinet/oki-2.gif""></div></div><!-- ★お気に入りココまで--><!--★削除不可--></span></td></tr></table><br></td></tr></table><br><table cellpadding=""0"" border=""0""><tr><td><table cellpadding=""0"" border=""0""><tr><td><span><!--関連検索キーワード--><div style=""width:100%;text-align: center""><h3 style=""color:#7f7f7f;"">便利で可愛いネックストラップに新作登場!!<br><!--★K-->オシャレ/人気/カワイイ/懐かしい/プレゼント</h3><img style=""margin:15px 0 10px 0;width:100% ;border:none;"" alt=""キャラクターグッズ専門店/シネマコレクション/商品詳細"" src=""http://www.rakuten.ne.jp/gold/cinemacollection/bn/item-bn01.gif"" /><div style=""color:#7f7f7f;width:90%;margin:0 auto;#efefef solid 1px;padding:10px;text-align: left;"">20周年を迎えた女の子に大人気の《美少女戦士セーラームーン》グッズが続々登場☆彡<br>こちらは定番アイテム【ネックストラップ】<br>紐部分にイラストがデザインされていてとっても可愛い!<br>デザインは11種類あるからお気に入りをゲットしてね♪<br><br>■サイズ：約20×455mm</div></div><div style=""width:100%;text-align: center;""><img style=""margin:15px 0 10px 0;width:100% ;border:none;"" alt=""キャラクターグッズ専門店/シネマコレクション/詳細画像"" src=""http://www.rakuten.ne.jp/gold/cinemacollection/bn/item-bn02.gif"" /><div style=""width:100%;margin:0 auto;""><img style=""width:260px;margin:2px;border:none;"" src=""http://image.rakuten.co.jp/cinemacollection/cabinet/r20141221/hsp-520343-98.jpg""><img style=""width:260px;margin:2px;border:none;"" src=""http://image.rakuten.co.jp/cinemacollection/cabinet/r20141221/hsp-520343-98_2.jpg""><img style=""width:260px;margin:2px;border:none;"" src=""http://image.rakuten.co.jp/cinemacollection/cabinet/r20141221/hsp-520343-98_3.jpg""><img style=""width:260px;margin:2px;border:none;"" src=""http://image.rakuten.co.jp/cinemacollection/cabinet/r20141221/hsp-520343-98_4.jpg""><img style=""width:260px;margin:2px;border:none;"" src=""http://image.rakuten.co.jp/cinemacollection/cabinet/r20141221/hsp-520343-98_5.jpg""><img style=""width:260px;margin:2px;border:none;"" src=""http://image.rakuten.co.jp/cinemacollection/cabinet/r20141221/hsp-520343-98_6.jpg""><img style=""width:260px;margin:2px;border:none;"" src=""http://image.rakuten.co.jp/cinemacollection/cabinet/r20141221/hsp-520343-98_7.jpg""></div></div><div style=""width:100%;text-align: center;""><img style=""margin:15px 0 10px 0;width:100% ;border:none;"" alt=""キャラクターグッズ専門店/シネマコレクション/詳細画像"" src=""http://www.rakuten.ne.jp/gold/cinemacollection/bn/item-bn03.gif"" /><div style=""width:50%;top:75px;float:left;text-align: left;"">【セーラームーン】他の種類はこちらから &gt;&gt;</div><div style=""width:50%;float:left;text-align:right;""><img style=""width:250px;border:none;"" src=""http://image.rakuten.co.jp/cinemacollection/cabinet/002lbn/toplb187.jpg""></div><div style=""clear:both;""></div></div><!--関連検索キーワード--><div class=""kanren-link"">このカテゴリにはこんな商品が含まれています<br><br><span class=""kanren-link"">スマホ・PC関連グッズ【ネックストラップ】</span></div><!--★ココまで--><!--関連検索キーワード--><div class=""kanren-link"">これを見た人はこんなキーワードで検索しています<br><br><span class=""kanren-link"">ロングストラップ</span><span class=""kanren-link"">携帯ストラップ</span><span class=""kanren-link"">スマホ ストラップ</span><span class=""kanren-link"">スマートフォン ストラップ</span><span class=""kanren-link"">スマホアクセ</span><span class=""kanren-link"">スマホ ケース</span><span class=""kanren-link"">スマホ ポーチ</span><span class=""kanren-link"">スマホ</span><span class=""kanren-link"">スマホ カバー</span><span class=""kanren-link"">iPhone</span></div><!--★ココまで--><!--7600-->

</TD></TR></TABLE><br><br>


<!--新着 -->

<img style=""width:800px;margin:0 0 10px 0;border:none;"" src=""http://image.rakuten.co.jp/cinemacollection/cabinet/sin.gif""><br>
<div style=""width:750px;margin: 0 auto;padding:15px;text-align:right;font-weight:bold;font-size:18px;"">>>新着情報のつづきはこちら</div>
<br>
<div style=""width:750px;margin: 0 auto;padding:15px;text-align:right;font-weight:bold;font-size:18px;"">>>新着情報のつづきはこちら</div>






<img style=""width:800px;margin:0 0 10px 0;border:none;"" src=""http://image.rakuten.co.jp/cinemacollection/cabinet/car.gif""><br>
<table width=""800""><tr><td width=""800"" align=""right"">⇒すべてのキャラクターはこちら</td></tr><tr><td><br><br>

<br><br>
</td></tr></table><br><br>


<img style=""width:800px;margin:0 0 10px 0;border:none;"" src=""http://image.rakuten.co.jp/cinemacollection/cabinet/cat.gif""><br>
</center>


<!-- -->

<style>
/*買い物カゴボタン*/
#rakutenLimitedId_aroundCart input {
	width: 280px;
	height: 150px;
	background:url(http://image.rakuten.co.jp/cinemacollection/cabinet/cart.gif) #ffffff no-repeat;
	overflow: hidden;
	border-width: 0px;
	cursor: pointer !important;
	text-indent: 150%;
	white-space: nowrap;
	margin: 5px 0 0 0;
	display:block;
}

#rakutenLimitedId_aroundCart .inventory input {
	background:none !important;
	width: 2em!important;
	height: 1.2em!important;
	display:inline;
}


/*個数テキスト*/
#rakutenLimitedId_aroundCart .unit {
	font-size:16px;
}

/*個数入力*/
#rakutenLimitedId_aroundCart input#units {
	border:solid #ccc 1px;
	background:#fff!important;
	width:30px;
	height:30px;
	cursor:auto;
	padding:7px 7px 7px 3px;
	text-indent: 0px;
	overflow: hidden;
	display:inline;
	font-size:16px;
}

/*お問い合わせボタン*/
#rakutenLimitedId_aroundCart font input {
	width: 280px;
	height: 80px;
	background:url(http://image.rakuten.co.jp/cinemacollection/cabinet/toi.gif) #ffffff no-repeat;
	overflow: hidden;
	border-width: 0px;
	cursor: pointer !important;
	text-indent: 150%;
	white-space: nowrap;
	margin: 5px 0 0 0;
	display:block;
}

#serviceTableSml .favorite {
	display:block;
	width: 280px;
}

#serviceTableSml .favorite .bookmarkArea div{
	width: 280px!important;
}

#serviceTableSml .favorite .bkm a {
	width: 280px!important;
	height: 300px!important;
	background:url(http://image.rakuten.co.jp/cinemacollection/cabinet/oki.gif) #ffffff no-repeat;
	overflow: hidden;
	border-width: 0px;
	cursor: pointer !important;
	text-indent:-150%;
	margin: 5px 0 0 0;
	display:block;
}


/*お気に入り*/

div.w280-c  {width:280px;text-align: center;}
div.center-m-0a  {margin:0 auto;}
.item-oki-bn  {width:280px;margin:2px 0;border:none;}
.item-iframe  {margin:0px;border:0px;}

div.kanren-link {color:#7f7f7f;width:90%;margin:20px auto;padding:20px;text-align: left;font-size:1.2em;background-color:#ffffff;border:dotted 2px #ff8033;}
span.kanren-link {margin:10px ;padding: 0 0 0 0.5em;font-size:1.2em;
background:url(http://image.rakuten.co.jp/mm-pop/cabinet/link-head-pk.gif) no-repeat 0 0.45em;
}
a:link kanren-link{font-size:1.2em; color:#3380ff;text-decoration:none;}

</style>




<!-- 
<syle type=""text/css"">
 html,body{ overflow-x:hidden; }

a:link {color:#3380ff;}
a:visited {color:#666;}
a:hover {color:#333;}
a:active {color:#333;}
a{text-decoration:none;}
img {border:none; vertical-align:bottom;}
p {margin:0; padding:0; font-size:80%;}
p.resizeimage img { width: 98%; }
p.resizeimage2 img { width: 90%; }
a:hover img {opacity: 0.6; filter: alpha(opacity=60); -moz-opacity: 0.6;}


img.topbn{margin:10px 0;border:none;}
div.disc3 {width:100%;margin: 0 auto;padding:15px;background:#efefef;text-align:left;font-weight:bold;font-size:18px;}

 </style>
-->


<style type=""text/css"">
<!--

div#HeaderKeyword {
	position:absolute;
	top:60px;/*一番上からの位置*/
	left:60px;/*左端からの位置*/
}

div#HeaderKeyword span {
	background: #bf0000;
	color:#fff;
	font-weight:bold;
	padding:2px 5px;
}

div#HeaderKeyword a {
	color:#0044CC;
}

-->
</style>
<div id=""HeaderKeyword"">
<span>注目のキーワード</span>
>>文房具
>>バッグ
>>お財布
>>スヌーピー

</div>",美少女戦士 セーラームーン ネックストラップ ネックストラップ ちびムーン＆外部太陽系戦士＆タキシード仮面 ハセプロ 可愛い スマホストラップ アニメキャラクターグッズ通販 【メール便可】【あす楽】：キャラクターのシネマコレクション,キャラクターキャラクターグッズキャラクター雑貨雑貨サンリオディズニーゆるキャラミッキーキティくまモンワンピースアニメアニメグッズタオル文具文房具インテリア生活雑貨キッズ子ども美少女戦士 セーラームーン ネックストラップ ネックストラップ ちびムーン＆外部太陽系戦士＆タキシード仮面 ハセプロ 可愛い スマホストラップ アニメキャラクターグッズ通販 【メール便可】【あす楽】,美少女戦士 セーラームーン ネックストラップ ネックストラップ ちびムーン＆外部太陽系戦士＆タキシード仮面 ハセプロ 可愛い スマホストラップ アニメキャラクターグッズ通販 【メール便可】【あす楽】[rn]
26-22506,http://tshop.r10s.jp/vs-vs66/cabinet/04122851/imgrc0067934559.jpg?fitin=700:700,8400.0000,,おもちゃ・ホビー・ゲーム > 趣味・コレクション > キャラクターグッズ > セット・小物,ザ・シンプソンズ シーズン6 DVD 4枚組 コレクターズBOX セット -The Simpsons The Complete Sixth Season DVD Collector's Edition-,【年中無休で発送OK】【送料無料！！】,"<img src=""http://image.rakuten.co.jp/vs-vs66/cabinet/imgrc0067841141.jpg""><br>
<br>
<IMG SRC=""http://image.rakuten.co.jp/vs-vs66/cabinet/04122465/imgrc0067896088.jpg"" ALT=シンプソンズバナー><br>
<br>
<br>
アメリカで一番愛されているTVシリーズ！<br> 
<br>
『ザ・シンプソンズ』シーズン6全25話収録のDVD4枚組コレクターズBOX！！<br>
<br>
<br>
■他にもシンプソンズグッズをたくさん取り揃えております♪⇒コチラから♪<br>
<br>
<br>
・声の出演: 大平透<br>
　　　　　　　一城みゆ希<br>
　　　　　　　堀絢子<br>
　　　　　　　神代知衣 ほか<br>
<br>
・形式: Color, Dolby<br>
<br>
・言語: 英語, 日本語<br>
<br>
・字幕: 日本語, 英語<br>
<br>
・リージョンコード: リージョン2<br>
(このDVDは、他の国では再生できない可能性があります。)<br>
<br>
・画面サイズ: 1.33:1<br>
<br>
・BOXサイズ：H19xW14.3xD2.2cm<br>
<br>
・ディスク枚数: 4枚<br>
<br>
・販売元: 20世紀 フォックス ホーム エンターテイメント<br>
<br>
・DVD発売日: 2006/05/26<br>
<br>
・時間: 567 分（1話約23分）<br>
<br>
■こちらの商品は【送料無料】です！！<br>
　配送方法は【宅配便】となります。<br>
　店内全ての商品と同梱が可能です♪<br>
　何点同梱しても送料は無料です！！！<br>
<br>",ザ・シンプソンズ シーズン6 DVD 4枚組 コレクターズBOX セット -The Simpsons The Complete Sixth Season DVD Collector's Edition-：バニティスタジオＶＳ６６,アメリカ雑貨アメリカン雑貨世田谷ベース名古屋 大須 雑貨屋アメカジアメリカンキャラクターグッズ通販アメリカンショップVS66VS66ワーゲンバスルート66トイレマット アメリカンバニティスタジオVS66楽天 アメリカ雑貨バニティスタジオ大須 雑貨楽天 VS66vs66ザ・シンプソンズ シーズン6 DVD 4枚組 コレクターズBOX セット -The Simpsons The Complete Sixth Season DVD Collector's Edition-,【年中無休で発送OK】【送料無料！！】。ザ・シンプソンズ シーズン6 DVD 4枚組 コレクターズBOX セット -The Simpsons The Complete Sixth Season DVD Collector's Edition-[rn]
26-22507,http://tshop.r10s.jp/vs-vs66/cabinet/04122851/imgrc0072087187.jpg?fitin=700:700,15840.0000,,おもちゃ・ホビー・ゲーム > 趣味・コレクション > キャラクターグッズ > セット・小物,シンプソンズ ホーマー トーキング ジャンボ プラッシュ  70cm ぬいぐるみ 人形 25周年記念 限定生産品 シンプソンズ グッズ 雑貨 ギフト プレゼント,【年中無休で発送OK】【送料無料！】,"<img src=""http://image.rakuten.co.jp/vs-vs66/cabinet/imgrc0067841141.jpg""><br>
<br>
<IMG SRC=""http://image.rakuten.co.jp/vs-vs66/cabinet/04122465/imgrc0067896088.jpg"" ALT=シンプソンズバナー><br>
<br>
<br>
シンプソンズ25周年記念の限定レアアイテムが登場！！<br>
<br>
もちろんアメリカ直輸入品♪<br>
<br>
高さ70cmもあるハイクオリティなこのぬいぐるみ、<br>
なんと！胸部を押すと9種類のセリフをトーキング★<br>
<br>
Simpsonsファンは絶対に手に入れて欲しい★<br>
超～マストなアイテムです！！<br>
<br>
限定品なので再入荷はありません！<br>
お早めにぜひぜひ！！！<br>
<br>
<br>
■バートの66cmトーキングぬいぐるみもあります♪⇒コチラ♪<br>
<br>
■他にもシンプソンズグッズをたくさん取り揃えております♪⇒コチラから♪<br>
<br><br>
■本体サイズ：約H70cm<br>
<br>
■こちらの商品は【送料無料】です！<br>
（ほかの商品を何点同梱しても送料は無料です！）<br>
<br>",シンプソンズ ホーマー トーキング ジャンボ プラッシュ  70cm ぬいぐるみ 人形 25周年記念 限定生産品 シンプソンズ グッズ 雑貨 ギフト プレゼント：バニティスタジオＶＳ６６,アメリカ雑貨アメリカン雑貨世田谷ベース名古屋 大須 雑貨屋アメカジアメリカンキャラクターグッズ通販アメリカンショップVS66VS66ワーゲンバスルート66トイレマット アメリカンバニティスタジオVS66楽天 アメリカ雑貨バニティスタジオ大須 雑貨楽天 VS66vs66シンプソンズ ホーマー トーキング ジャンボ プラッシュ  70cm ぬいぐるみ 人形 25周年記念 限定生産品 シンプソンズ グッズ 雑貨 ギフト プレゼント,【年中無休で発送OK】【送料無料！】。シンプソンズ ホーマー トーキング ジャンボ プラッシュ  70cm ぬいぐるみ 人形 25周年記念 限定生産品 シンプソンズ グッズ 雑貨 ギフト プレゼント[rn]
26-22508,http://tshop.r10s.jp/vs-vs66/cabinet/04122851/imgrc0075984354.jpg?fitin=700:700,3984.0000,,おもちゃ・ホビー・ゲーム > 趣味・コレクション > キャラクターグッズ > セット・小物,シンプソンズ 壁掛け時計 ウォールクロック TheSimpsons バート ホーマー マージ リサ マギー グッズ プレゼント ギフト 子供部屋 インテリア 時計 クロック,【年中無休で発送OK】,"<img src=""http://image.rakuten.co.jp/vs-vs66/cabinet/imgrc0067841140.jpg""><br>
<br>
<IMG SRC=""http://image.rakuten.co.jp/vs-vs66/cabinet/04122465/imgrc0067896088.jpg"" ALT=シンプソンズバナー><br>
<br>
<br>
未使用未開封のデッドストック品！！！<br>
<br>
今では中々手に入りにくいシンプソンズの壁掛け時計です♪<br>
<br>
次回入荷なしのアイテムですので<br>
シンプソンズFAN必見アイテムです！！！<br>
<br>
ギフトにも喜ばれるアイテムでオススメですよ～☆<br>
<br>
<br>
<br>
■他にもシンプソンズグッズをたくさん取り揃えております♪⇒コチラから♪<br>
<br>
<br>
■サイズ：約縦３０x横２７．５cm（ボックスのサイズです）<br>
<br>
■単三電池１本（別売り）<br>
<br>
■デッドストック品ですので多少BOXにダメージがある場合がございます。何卒ご了承下さいませ。<br>
<br>
■可能な配送方法：【宅配便】<br>
<br>
<br>",シンプソンズ 壁掛け時計 ウォールクロック TheSimpsons バート ホーマー マージ リサ マギー グッズ プレゼント ギフト 子供部屋 インテリア 時計 クロック：バニティスタジオＶＳ６６,アメリカ雑貨アメリカン雑貨世田谷ベース名古屋 大須 雑貨屋アメカジアメリカンキャラクターグッズ通販アメリカンショップVS66VS66ワーゲンバスルート66トイレマット アメリカンバニティスタジオVS66楽天 アメリカ雑貨バニティスタジオ大須 雑貨楽天 VS66vs66シンプソンズ 壁掛け時計 ウォールクロック TheSimpsons バート ホーマー マージ リサ マギー グッズ プレゼント ギフト 子供部屋 インテリア 時計 クロック,【年中無休で発送OK】。シンプソンズ 壁掛け時計 ウォールクロック TheSimpsons バート ホーマー マージ リサ マギー グッズ プレゼント ギフト 子供部屋 インテリア 時計 クロック[rn]
26-22509,http://tshop.r10s.jp/vs-vs66/cabinet/04122851/imgrc0067933003.jpg?fitin=700:700,4144.0000,,おもちゃ・ホビー・ゲーム > 趣味・コレクション > キャラクターグッズ > セット・小物,シンプソンズ ホーマー 40cm ビッグ プラッシュ ぬいぐるみ 人形,【年中無休で発送OK】【エコ配OK！】,"<img src=""http://image.rakuten.co.jp/vs-vs66/cabinet/imgrc0067841139.jpg""><br>
<br>
<IMG SRC=""http://image.rakuten.co.jp/vs-vs66/cabinet/04122465/imgrc0067896088.jpg"" ALT=シンプソンズバナー><br>
<br>
<br>
アメリカ直輸入♪シンプソンズグッズ★<br>
<br>
ホーマーのBIGなぬいぐるみです♪<br>
<br>
なんと40cm！！こりゃマジでデカい！！！<br>
<br>
どこに飾っても抜群の存在感＆破壊力☆<br>
<br>
手足はベンダブルになっているのでお好きなポーズが楽しめます♪<br>
<br>
<br>
■他にもシンプソンズグッズをたくさん取り揃えております♪⇒コチラから♪<br>
<br>
<br>
■サイズ：H400xW240mm<br>
<br>
■可能な配送方法：【宅配便】【エコ配】<br>
<br>",シンプソンズ ホーマー 40cm ビッグ プラッシュ ぬいぐるみ 人形：バニティスタジオＶＳ６６,アメリカ雑貨アメリカン雑貨世田谷ベース名古屋 大須 雑貨屋アメカジアメリカンキャラクターグッズ通販アメリカンショップVS66VS66ワーゲンバスルート66トイレマット アメリカンバニティスタジオVS66楽天 アメリカ雑貨バニティスタジオ大須 雑貨楽天 VS66vs66シンプソンズ ホーマー 40cm ビッグ プラッシュ ぬいぐるみ 人形,【年中無休で発送OK】【エコ配OK！】。シンプソンズ ホーマー 40cm ビッグ プラッシュ ぬいぐるみ 人形[rn]
26-22510,http://tshop.r10s.jp/vs-vs66/cabinet/04122851/imgrc0077656865.jpg?fitin=700:700,4144.0000,,おもちゃ・ホビー・ゲーム > 趣味・コレクション > キャラクターグッズ > セット・小物,シンプソンズ マージ ボビングヘッド 首振り人形 ボブルヘッド フィギュア TheSimpsons Marge グッズ キャラクター プレゼント ギフト,【年中無休で発送OK】,"<img src=""http://image.rakuten.co.jp/vs-vs66/cabinet/imgrc0067841140.jpg""><br>
<br>
<IMG SRC=""http://image.rakuten.co.jp/vs-vs66/cabinet/04122465/imgrc0067896088.jpg"" ALT=シンプソンズバナー><br>
<br>
<br>
アメリカ直輸入♪<br>
<br>
<br>
1972年にアメリカで設立された、高品質ギフトウェアやコレクタブルグッズの有名ブランド<br>
『WESTLAND GIFTWARE社』のボビングヘッドシリーズに
シンプソンズのマージが登場！！！！！<br>
<br>
頭がゆらゆら揺れます♪<br>
<br>
海外直輸入品のため本当に少量入荷です！<br>
<br>
今後再入荷出来るかどうかも未定ですのでお見逃しなく！！！<br>
<br>
<br>
■他にもシンプソンズグッズをたくさん取り揃えております♪⇒コチラから♪<br>
<br>
<br>
■専用BOX入（輸入品のため、BOXに多少の損傷がございます。）<br>
<br>
■パッケージサイズ：約H18.5xW9.5xD7.5cm<br>
<br>
■サイズ：約H15.5xW4.5cm<br>
<br>
■可能な配送方法：【宅配便】<br>
<br>",シンプソンズ マージ ボビングヘッド 首振り人形 ボブルヘッド フィギュア TheSimpsons Marge グッズ キャラクター プレゼント ギフト：バニティスタジオＶＳ６６,アメリカ雑貨アメリカン雑貨世田谷ベース名古屋 大須 雑貨屋アメカジアメリカンキャラクターグッズ通販アメリカンショップVS66VS66ワーゲンバスルート66トイレマット アメリカンバニティスタジオVS66楽天 アメリカ雑貨バニティスタジオ大須 雑貨楽天 VS66vs66シンプソンズ マージ ボビングヘッド 首振り人形 ボブルヘッド フィギュア TheSimpsons Marge グッズ キャラクター プレゼント ギフト,【年中無休で発送OK】。シンプソンズ マージ ボビングヘッド 首振り人形 ボブルヘッド フィギュア TheSimpsons Marge グッズ キャラクター プレゼント ギフト[rn]
26-22511,http://tshop.r10s.jp/vs-vs66/cabinet/04122851/imgrc0075209784.jpg?fitin=700:700,14240.0000,,おもちゃ・ホビー・ゲーム > 趣味・コレクション > キャラクターグッズ > セット・小物,シンプソンズ マギー トーキング ジャンボ プラッシュ 50cm ぬいぐるみ 人形 25周年記念 限定生産品 シンプソンズ グッズ 雑貨 ギフト プレゼント,【年中無休で発送OK】【送料無料！】,"<img src=""http://image.rakuten.co.jp/vs-vs66/cabinet/imgrc0067841141.jpg""><br>
<br>
<IMG SRC=""http://image.rakuten.co.jp/vs-vs66/cabinet/04122465/imgrc0067896088.jpg"" ALT=シンプソンズバナー><br>
<br>
<br>
シンプソンズ25周年記念の限定レアアイテムが登場！！<br>
<br>
もちろんアメリカ直輸入品♪<br>
<br>
高さ50cmもあるハイクオリティなこのぬいぐるみ、<br>
なんと！胸部を押すと9種類のセリフをトーキング★<br>
<br>
Simpsonsファンは絶対に手に入れて欲しい★<br>
超～マストなアイテムです！！<br>
<br>
限定品なので再入荷はありません！<br>
お早めにぜひぜひ！！！<br>
<br>
<br>
■他にもシンプソンズファミリーのトーキングぬいぐるみあります♪⇒コチラ♪<br>
<br>
■他にもシンプソンズグッズをたくさん取り揃えております♪⇒コチラから♪<br>
<br><br>
■本体サイズ：約H50cm<br>
<br>
■こちらの商品は【送料無料】です！<br>
（ほかの商品を何点同梱しても送料は無料です！）<br>
<br>
<br>",シンプソンズ マギー トーキング ジャンボ プラッシュ 50cm ぬいぐるみ 人形 25周年記念 限定生産品 シンプソンズ グッズ 雑貨 ギフト プレゼント：バニティスタジオＶＳ６６,アメリカ雑貨アメリカン雑貨世田谷ベース名古屋 大須 雑貨屋アメカジアメリカンキャラクターグッズ通販アメリカンショップVS66VS66ワーゲンバスルート66トイレマット アメリカンバニティスタジオVS66楽天 アメリカ雑貨バニティスタジオ大須 雑貨楽天 VS66vs66シンプソンズ マギー トーキング ジャンボ プラッシュ 50cm ぬいぐるみ 人形 25周年記念 限定生産品 シンプソンズ グッズ 雑貨 ギフト プレゼント,【年中無休で発送OK】【送料無料！】。シンプソンズ マギー トーキング ジャンボ プラッシュ 50cm ぬいぐるみ 人形 25周年記念 限定生産品 シンプソンズ グッズ 雑貨 ギフト プレゼント[rn]
26-22512,http://tshop.r10s.jp/vs-vs66/cabinet/04122851/imgrc0067932989.jpg?fitin=700:700,4144.0000,,おもちゃ・ホビー・ゲーム > 趣味・コレクション > キャラクターグッズ > セット・小物,シンプソンズ バート ぬいぐるみ 38cm ビッグ プラッシュ 人形 シンプソンズグッズ,【年中無休で発送OK】【エコ配OK！】,"<img src=""http://image.rakuten.co.jp/vs-vs66/cabinet/imgrc0067841139.jpg""><br>
<br>
<IMG SRC=""http://image.rakuten.co.jp/vs-vs66/cabinet/04122465/imgrc0067896088.jpg"" ALT=シンプソンズバナー><br>
<br>
<br>
アメリカ直輸入♪シンプソンズグッズ★<br>
<br>
バートのBIGなぬいぐるみです♪<br>
<br>
なんと38cm！！こりゃマジでデカい！！！<br>
<br>
どこに飾っても抜群の存在感＆破壊力☆<br>
<br>
手足はベンダブルになっているのでお好きなポーズが楽しめます♪<br>
<br>
<br>
■他にもシンプソンズグッズをたくさん取り揃えております♪⇒コチラから♪<br>
<br>
<br>
■サイズ：H380xW240mm<br>
<br>
■可能な配送方法：【宅配便】【エコ配】<br>
<br>",シンプソンズ バート ぬいぐるみ 38cm ビッグ プラッシュ 人形 シンプソンズグッズ：バニティスタジオＶＳ６６,アメリカ雑貨アメリカン雑貨世田谷ベース名古屋 大須 雑貨屋アメカジアメリカンキャラクターグッズ通販アメリカンショップVS66VS66ワーゲンバスルート66トイレマット アメリカンバニティスタジオVS66楽天 アメリカ雑貨バニティスタジオ大須 雑貨楽天 VS66vs66シンプソンズ バート ぬいぐるみ 38cm ビッグ プラッシュ 人形 シンプソンズグッズ,【年中無休で発送OK】【エコ配OK！】。シンプソンズ バート ぬいぐるみ 38cm ビッグ プラッシュ 人形 シンプソンズグッズ[rn]
26-22513,http://tshop.r10s.jp/vs-vs66/cabinet/04122851/imgrc0067934049.jpg?fitin=700:700,2144.0000,,おもちゃ・ホビー・ゲーム > 趣味・コレクション > キャラクターグッズ > セット・小物,シンプソンズ フロア カーペット マット （Homer&KIDS） アメリカン キャラクター,【年中無休で発送OK】,"<img src=""http://image.rakuten.co.jp/vs-vs66/cabinet/imgrc0067841140.jpg""><br>
<br>
<IMG SRC=""http://image.rakuten.co.jp/vs-vs66/cabinet/04122465/imgrc0067896088.jpg"" ALT=シンプソンズバナー><br>
<br>
<br>
アメリカ直輸入！！<br>
<br>
大人気のシンプソンズのフロアカーペットマットが新登場★<br>
<br>
ナイロン100％のしっかりとした丈夫な素材で<br>
お部屋や玄関などに最適です♪<br>
<br>
<br>
■他にもシンプソンズグッズをたくさん取り揃えております♪⇒コチラから♪<br>
<br>
<br>
■サイズ：H750×W500mm<br>
<br>
■素材：ナイロン100％<br>
<br>
■可能な配送方法：【宅配便】<br>
<br>",シンプソンズ フロア カーペット マット （Homer&amp;KIDS） アメリカン キャラクター：バニティスタジオＶＳ６６,アメリカ雑貨アメリカン雑貨世田谷ベース名古屋 大須 雑貨屋アメカジアメリカンキャラクターグッズ通販アメリカンショップVS66VS66ワーゲンバスルート66トイレマット アメリカンバニティスタジオVS66楽天 アメリカ雑貨バニティスタジオ大須 雑貨楽天 VS66vs66シンプソンズ フロア カーペット マット （Homer&amp;KIDS） アメリカン キャラクター,【年中無休で発送OK】。シンプソンズ フロア カーペット マット （Homer&amp;KIDS） アメリカン キャラクター[rn]
26-22514,http://tshop.r10s.jp/vs-vs66/cabinet/04122851/imgrc0069966690.jpg?fitin=700:700,3504.0000,,おもちゃ・ホビー・ゲーム > 趣味・コレクション > キャラクターグッズ > セット・小物,シンプソンズ バート ソフビ 貯金箱 フィギュア Simpsons グッズ 人形 雑貨,【年中無休で発送OK】,"<img src=""http://image.rakuten.co.jp/vs-vs66/cabinet/imgrc0067841140.jpg""><br>
<br>
<IMG SRC=""http://image.rakuten.co.jp/vs-vs66/cabinet/04122465/imgrc0067896088.jpg"" ALT=シンプソンズバナー><br>
<br>
<br>
海外直輸入！<br>
<br>
シンプソンズ バートのソフビ製貯金箱♪<br>
<br>
大きめサイズで存在感抜群！！<br>
<br>
ギフトにもオススメ★<br>
<br>
<br>
■他にもシンプソンズグッズをたくさん取り揃えております♪⇒コチラから♪<br>
<br>
<br>
■サイズ：約H17xW8xD8(cm)<br>
<br>
■新品ですが、輸入品のため多少のペイントロス等がある場合がございます。何卒ご了承下さい。<br>
<br>
■可能な配送方法：【宅配便】<br>
<br>",シンプソンズ バート ソフビ 貯金箱 フィギュア Simpsons グッズ 人形 雑貨：バニティスタジオＶＳ６６,アメリカ雑貨アメリカン雑貨世田谷ベース名古屋 大須 雑貨屋アメカジアメリカンキャラクターグッズ通販アメリカンショップVS66VS66ワーゲンバスルート66トイレマット アメリカンバニティスタジオVS66楽天 アメリカ雑貨バニティスタジオ大須 雑貨楽天 VS66vs66シンプソンズ バート ソフビ 貯金箱 フィギュア Simpsons グッズ 人形 雑貨,【年中無休で発送OK】。シンプソンズ バート ソフビ 貯金箱 フィギュア Simpsons グッズ 人形 雑貨[rn]
26-22515,http://tshop.r10s.jp/vs-vs66/cabinet/04148112/imgrc0074208526.jpg?fitin=700:700,4384.0000,,おもちゃ・ホビー・ゲーム > 趣味・コレクション > キャラクターグッズ > セット・小物,ファインディング ドリー (ドリー ニモ スクワート) ラージサイズ リュック レディース バックパック ディズニー Finding Dory ピクサー ニモ グッズ,【年中無休で発送OK】【エコ配OK！】,"<img src=""http://image.rakuten.co.jp/vs-vs66/cabinet/imgrc0067841139.jpg""><br>
<br>
<IMG SRC=""http://image.rakuten.co.jp/vs-vs66/cabinet/04122465/imgrc0074208523.jpg"" ALT=ドリーバナー><br>
<br>
<br>
海外直輸入♪<br>
<br>
大人気ピクサー映画『ファインディング・ドリー』のリュックが登場！！<br>
<br>
前面にファスナー式のポケットが2つ、<br>
両サイドにメッシュポケット2つと収納たっぷり♪<br>
<br>
海外キッズサイズなのでお子様はもちろん、大人の女性の方でもご使用できます♪<br>
<br>
プレゼントにもゼヒ～♪<br>
<br>
<br>
■他にもキャラクターバッグをたくさん取り揃えております♪⇒コチラから♪<br>
<br>
■他にもファインディング・ドリー グッズをたくさん取り揃えております♪⇒コチラから♪<br>
<br>
<br>
■サイズ：<br>
・縦：約40cm<br>
・幅：約30cm<br>
・マチ：約12cm<br>
<br>
■レディースもOKなキッズサイズ♪<br>
<br>
■海外輸入品のため多少縫製の乱れ等ございます。<br>
<br>
<br>
■可能な配送方法：【宅配便】【エコ配】<br>
<br>
<br>",ファインディング ドリー (ドリー ニモ スクワート) ラージサイズ リュック レディース バックパック ディズニー Finding Dory ピクサー ニモ グッズ：バニティスタジオＶＳ６６,アメリカ雑貨アメリカン雑貨世田谷ベース名古屋 大須 雑貨屋アメカジアメリカンキャラクターグッズ通販アメリカンショップVS66VS66ワーゲンバスルート66トイレマット アメリカンバニティスタジオVS66楽天 アメリカ雑貨バニティスタジオ大須 雑貨楽天 VS66vs66ファインディング ドリー (ドリー ニモ スクワート) ラージサイズ リュック レディース バックパック ディズニー Finding Dory ピクサー ニモ グッズ,【年中無休で発送OK】【エコ配OK！】。ファインディング ドリー (ドリー ニモ スクワート) ラージサイズ リュック レディース バックパック ディズニー Finding Dory ピクサー ニモ グッズ[rn]
26-22516,http://tshop.r10s.jp/vs-vs66/cabinet/04259470/imgrc0072969183.jpg?fitin=700:700,6144.0000,,おもちゃ・ホビー・ゲーム > 趣味・コレクション > キャラクターグッズ > セット・小物,ディズニー プリンセス ローリング バックパック トドラーサイズ リュック キャリーバッグ 白雪姫 アリエル ベル ラプンツェル シンデレラ オーロラ姫 プリンセス グッズ 子供用 女の子用,【年中無休で発送OK】【送料無料！】,"<img src=""http://image.rakuten.co.jp/vs-vs66/cabinet/imgrc0067841141.jpg""><br>
<br>
<IMG SRC=""http://image.rakuten.co.jp/vs-vs66/cabinet/04122465/imgrc0069382846.jpg"" ALT=プリンセスバナー><br>
<br>
<br>
海外直輸入♪<br>
<br>
<br>
幼稚園児～小学校低学年サイズのプリンセストドラーローリングバックパックです♪<br>
<br>
サイドにはポケット・メッシュポケットが付いていて<br>
全面にもポケットが２つあるので収納ばっちり♪<br>
<br>
背負う時はカートを覆うカバーが後ろに付いてるので汚れの心配なし！<br>
<br>
キャリーがついてる分重いと思いがちですが、そんなに重く感じないし、<br>
とにかく便利なのでオススメです★<br>
<br>
少量入荷で次回入荷未定アイテムですのでお見逃しなく♪
<br>
<br>
<br>
■他にもキャラクターバッグをたくさん取り揃えております♪⇒コチラから♪<br>
<br>
■他にもディズニープリンセスグッズをたくさん取り揃えております♪⇒コチラから♪<br>
<br>
<br>
■サイズ：約H30(全長52)xW27xD12(cm)<br>
<br>
■対象年齢：幼稚園児～小学生くらい<br>
<br>
■海外輸入品のため多少縫製の乱れ等ございます。
<br><br>
<br>",ディズニー プリンセス ローリング バックパック トドラーサイズ リュック キャリーバッグ 白雪姫 アリエル ベル ラプンツェル シンデレラ オーロラ姫 プリンセス グッズ 子供用 女の子用：バニティスタジオＶＳ６６,アメリカ雑貨アメリカン雑貨世田谷ベース名古屋 大須 雑貨屋アメカジアメリカンキャラクターグッズ通販アメリカンショップVS66VS66ワーゲンバスルート66トイレマット アメリカンバニティスタジオVS66楽天 アメリカ雑貨バニティスタジオ大須 雑貨楽天 VS66vs66ディズニー プリンセス ローリング バックパック トドラーサイズ リュック キャリーバッグ 白雪姫 アリエル ベル ラプンツェル シンデレラ オーロラ姫 プリンセス グッズ 子供用 女の子用,【年中無休で発送OK】【送料無料！】。ディズニー プリンセス ローリング バックパック トドラーサイズ リュック キャリーバッグ 白雪姫 アリエル ベル ラプンツェル シンデレラ オーロラ姫 プリンセス グッズ 子供用 女の子用[rn]
26-22517,http://tshop.r10s.jp/vs-vs66/cabinet/04259470/imgrc0076827464.jpg?fitin=700:700,3824.0000,,おもちゃ・ホビー・ゲーム > 趣味・コレクション > キャラクターグッズ > セット・小物,ディズニー プリンセス アリエル ミニ リュック (ribbon) (２～５歳児) リトルマーメイド Ariel 幼稚園児 保育園 子供用 女の子 Disney グッズ 通園バッグ 遠足 バックパック プレゼント ギフト ピンク,【年中無休で発送OK】【エコ配対応！】,"<img src=""http://image.rakuten.co.jp/vs-vs66/cabinet/imgrc0067841139.jpg""><br>
<br>
<br>
<IMG SRC=""http://image.rakuten.co.jp/vs-vs66/cabinet/04122465/imgrc0069382846.jpg"" ALT=プリンセスバナー><br>
<br>
<br>
海外直輸入♪<br>
<br>
大人気のアリエルの可愛い子供用リュックが登場！<br>
<br>
2歳くらいのお子様から幼稚園のお子様のお出かけに最適!<br>
<br>
全面にファスナー式のポケット、<br>
サイドにマジックテープ式のポケットが２つ付いているので収納ばっちり！<br>
<br>
とっても可愛いデザインなので<br>
お子様のお気に入りバッグになること間違いなし♪<br>
<br>
プレゼントにも大人気です！！！<br>
<br>
<br>
■他にもキャラクターバッグをたくさん取り揃えております♪⇒コチラから♪<br>
<br>
■他にもディズニープリンセスグッズをたくさん取り揃えております♪⇒コチラから♪<br>
<br>
<br>
■サイズ<br>
・縦：約26cm<br>
・幅：約25cm<br>
・マチ：約7cm<br>
・対象年齢（目安）：2歳～5歳くらい（身長110cmくらいまで）<br>
<br>
■海外輸入品のため多少縫製の乱れ等ございます。<br>
<br>
<br>
■可能な配送方法：【宅配便】【エコ配】<br>
<br>
<br>",ディズニー プリンセス アリエル ミニ リュック (ribbon) (２～５歳児) リトルマーメイド Ariel 幼稚園児 保育園 子供用 女の子 Disney グッズ 通園バッグ 遠足 バックパック プレゼント ギフト ピンク：バニティスタジオＶＳ６６,アメリカ雑貨アメリカン雑貨世田谷ベース名古屋 大須 雑貨屋アメカジアメリカンキャラクターグッズ通販アメリカンショップVS66VS66ワーゲンバスルート66トイレマット アメリカンバニティスタジオVS66楽天 アメリカ雑貨バニティスタジオ大須 雑貨楽天 VS66vs66ディズニー プリンセス アリエル ミニ リュック (ribbon) (２～５歳児) リトルマーメイド Ariel 幼稚園児 保育園 子供用 女の子 Disney グッズ 通園バッグ 遠足 バックパック プレゼント ギフト ピンク,【年中無休で発送OK】【エコ配対応！】。ディズニー プリンセス アリエル ミニ リュック (ribbon) (２～５歳児) リトルマーメイド Ariel 幼稚園児 保育園 子供用 女の子 Disney グッズ 通園バッグ 遠足 バックパック プレゼント ギフト ピンク[rn]
26-22518,http://tshop.r10s.jp/vs-vs66/cabinet/04148112/imgrc0075380409.jpg?fitin=700:700,3984.0000,,おもちゃ・ホビー・ゲーム > 趣味・コレクション > キャラクターグッズ > セット・小物,ファインディング・ドリー トドラー リュック バックパック (fish line) バッグ （幼稚園児～小学生低学年用）ディズニー Finding Dory ピクサー ニモ ハンク ベイリー デスティニー グッズ,【年中無休で発送OK】【エコ配OK！】,"<img src=""http://image.rakuten.co.jp/vs-vs66/cabinet/imgrc0067841139.jpg""><br>
<br>
<IMG SRC=""http://image.rakuten.co.jp/vs-vs66/cabinet/04122465/imgrc0074208523.jpg"" ALT=ドリーバナー><br>
<br>
<br>
アメリカ直輸入♪<br>
<br>
前面にファスナー式のポケットが2つ、<br>
サイドにメッシュポケット1つ・マジックテープ式ポケットが1つ♪と収納たっぷり！<br>
<br>
デザインがとっても可愛くて、フチやサイドのポケットにもイラストが♪＾＾
<br>
<br>
お子様のお気に入りバッグになること間違いなしです♪<br>
<br>
プレゼントにもゼヒ～♪<br>
<br>
<br>
■他にもキャラクターバッグをたくさん取り揃えております♪⇒コチラから♪<br>
<br>
■他にもファインディング・ドリー グッズをたくさん取り揃えております♪⇒コチラから♪<br>
<br>
<br>
■サイズ：<br>
・縦：約32cm<br>
・幅：約27cm<br>
・マチ：約10cm<br>
<br>
■海外輸入品のため多少縫製の乱れ等ございます。<br>
<br>
<br>
■可能な配送方法：【宅配便】【エコ配】<br>
<br>
<br>",ファインディング・ドリー トドラー リュック バックパック (fish line) バッグ （幼稚園児～小学生低学年用）ディズニー Finding Dory ピクサー ニモ ハンク ベイリー デスティニー グッズ：バニティスタジオＶＳ６６,アメリカ雑貨アメリカン雑貨世田谷ベース名古屋 大須 雑貨屋アメカジアメリカンキャラクターグッズ通販アメリカンショップVS66VS66ワーゲンバスルート66トイレマット アメリカンバニティスタジオVS66楽天 アメリカ雑貨バニティスタジオ大須 雑貨楽天 VS66vs66ファインディング・ドリー トドラー リュック バックパック (fish line) バッグ （幼稚園児～小学生低学年用）ディズニー Finding Dory ピクサー ニモ ハンク ベイリー デスティニー グッズ,【年中無休で発送OK】【エコ配OK！】。ファインディング・ドリー トドラー リュック バックパック (fish line) バッグ （幼稚園児～小学生低学年用）ディズニー Finding Dory ピクサー ニモ ハンク ベイリー デスティニー グッズ[rn]
26-22519,http://tshop.r10s.jp/vs-vs66/cabinet/04148112/imgrc0075170458.jpg?fitin=700:700,1584.0000,,おもちゃ・ホビー・ゲーム > 趣味・コレクション > キャラクターグッズ > セット・小物,ファインディング ドリー ヘアアクセサリーセット (heart) ミニリュック お洒落 女の子 子供用 玩具 おもちゃ ディズニー Finding Dory ピクサー ニモ グッズ,【年中無休で発送OK】【エコ配OK！】,"<img src=""http://image.rakuten.co.jp/vs-vs66/cabinet/imgrc0067841139.jpg""><br>
<br>
<IMG SRC=""http://image.rakuten.co.jp/vs-vs66/cabinet/04122465/imgrc0074208523.jpg"" ALT=ドリーバナー><br>
<br>
<br>
海外直輸入♪<br>
<br>
大人気ピクサー映画『ファインディング・ドリー』のリュック型ヘアアクセサリーセットが登場！！<br>
<br>
小さなビニールリュックに<br>
ヘアゴム６個・ヘアクリップ２つ・コーム・ミラーと<br>
とても可愛いヘアアクセが詰まっています♪<br>
<br>
中身を抜いてリュックやポーチとしてご使用いただけたり、<br>
カラビナをつけてバッグにつけるのもとっても可愛いです★<br>
<br>
プレゼントにもオススメ！<br>
<br>
<br>
■他にもファインディング・ドリー グッズをたくさん取り揃えております♪⇒コチラから♪<br>
<br>
<br>
■パッケージサイズ：H15.5xW17.5xD5.5(cm)<br>
<br>
■対象年齢3歳以上 <br>
<br>
■輸入品の為パッケージに傷みがある場合もあります。ご了承ください。<br>
<br>
<br>
■可能な配送方法：【宅配便】【エコ配】<br>
<br>
<br>",ファインディング ドリー ヘアアクセサリーセット (heart) ミニリュック お洒落 女の子 子供用 玩具 おもちゃ ディズニー Finding Dory ピクサー ニモ グッズ：バニティスタジオＶＳ６６,アメリカ雑貨アメリカン雑貨世田谷ベース名古屋 大須 雑貨屋アメカジアメリカンキャラクターグッズ通販アメリカンショップVS66VS66ワーゲンバスルート66トイレマット アメリカンバニティスタジオVS66楽天 アメリカ雑貨バニティスタジオ大須 雑貨楽天 VS66vs66ファインディング ドリー ヘアアクセサリーセット (heart) ミニリュック お洒落 女の子 子供用 玩具 おもちゃ ディズニー Finding Dory ピクサー ニモ グッズ,【年中無休で発送OK】【エコ配OK！】。ファインディング ドリー ヘアアクセサリーセット (heart) ミニリュック お洒落 女の子 子供用 玩具 おもちゃ ディズニー Finding Dory ピクサー ニモ グッズ[rn]
26-22520,http://tshop.r10s.jp/vs-vs66/cabinet/04411872/imgrc0075425313.jpg?fitin=700:700,3184.0000,,おもちゃ・ホビー・ゲーム > 趣味・コレクション > キャラクターグッズ > セット・小物,バービー ビニール トートバッグ Barbie サブバッグ トート バッグ エナメル ラメ 手提げ プールバッグ 水泳 ピンク 女の子 グッズ 子供用～大人用 レディース グッズ,【年中無休で発送OK】【エコ配OK!】,"<img src=""http://image.rakuten.co.jp/vs-vs66/cabinet/imgrc0067841139.jpg""><br>
<br>
<IMG SRC=""http://image.rakuten.co.jp/vs-vs66/cabinet/04122465/imgrc0069096919.jpg"" ALT=バービーバナー><br>
<br>
<br>
アメリカ直輸入！！<br>
<br>
女の子の憧れ♪バービーのトートバッグが登場♪<br>
<br>
キラキラなピンクのビニール素材なので、これからの季節にぴったり♪<br>
<br>
デザインはシンプルですが<br>
内側はファスナー式のポケットもついてるので収納ばっちりです！<br>
<br>
大きめなサイズでファスナー式なので荷物をたっぷり入れても安心♪<br>
<br>
入荷後すぐに完売してしまうとっても大人気アイテムで、
少量入荷の次回入荷未定ですのでお見逃しなく！！！！！！<br>
<br>
プレゼントにもゼヒ～♪<br>
<br>
<br>
■他にもバービーグッズをたくさん取り揃えております♪⇒コチラから♪<br>
<br>
<br>
■サイズ：<br>
・縦：約35cm（取っ手含む約59cm）<br>
・横：約35cm<br>
・幅：約9.5cm<br>
<br>
■可能な配送方法：【宅配便】【エコ配】<br>
<br>
<br>",バービー ビニール トートバッグ Barbie サブバッグ トート バッグ エナメル ラメ 手提げ プールバッグ 水泳 ピンク 女の子 グッズ 子供用～大人用 レディース グッズ：バニティスタジオＶＳ６６,アメリカ雑貨アメリカン雑貨世田谷ベース名古屋 大須 雑貨屋アメカジアメリカンキャラクターグッズ通販アメリカンショップVS66VS66ワーゲンバスルート66トイレマット アメリカンバニティスタジオVS66楽天 アメリカ雑貨バニティスタジオ大須 雑貨楽天 VS66vs66バービー ビニール トートバッグ Barbie サブバッグ トート バッグ エナメル ラメ 手提げ プールバッグ 水泳 ピンク 女の子 グッズ 子供用～大人用 レディース グッズ,【年中無休で発送OK】【エコ配OK!】。バービー ビニール トートバッグ Barbie サブバッグ トート バッグ エナメル ラメ 手提げ プールバッグ 水泳 ピンク 女の子 グッズ 子供用～大人用 レディース グッズ[rn]
26-22521,http://tshop.r10s.jp/vs-vs66/cabinet/04148112/imgrc0075322957.jpg?fitin=700:700,2624.0000,,おもちゃ・ホビー・ゲーム > 趣味・コレクション > キャラクターグッズ > セット・小物,ファインディングドリー ラージサイズ リュック (aurora) レディース バックパック ディズニー Finding Dory ピクサー ニモ グッズ 子供用～大人用,【年中無休で発送OK】【エコ配OK！】,"<img src=""http://image.rakuten.co.jp/vs-vs66/cabinet/imgrc0067841139.jpg""><br>
<br>
<IMG SRC=""http://image.rakuten.co.jp/vs-vs66/cabinet/04122465/imgrc0074208523.jpg"" ALT=ドリーバナー><br>
<br>
<br>
海外直輸入♪<br>
<br>
大人気ピクサー映画『ファインディング・ドリー』のリュックが登場！！<br>
<br>
シンプルなデザインなので使いやすさ抜群♪<br>
<br>
海外キッズサイズなのでお子様はもちろん、大人の女性の方でもご使用できます♪<br>
<br>
プレゼントにもゼヒ～♪<br>
<br>
<br>
■他にもキャラクターバッグをたくさん取り揃えております♪⇒コチラから♪<br>
<br>
■他にもファインディング・ドリー グッズをたくさん取り揃えております♪⇒コチラから♪<br>
<br>
<br>
■サイズ：<br>
・縦：約40cm<br>
・幅：約30cm<br>
・マチ：約13cm<br>
<br>
■レディースもOKなキッズサイズ♪<br>
<br>
■海外輸入品のため多少縫製の乱れ等ございます。<br>
<br>
<br>
■可能な配送方法：【宅配便】【エコ配】<br>
<br>
<br>",ファインディングドリー ラージサイズ リュック (aurora) レディース バックパック ディズニー Finding Dory ピクサー ニモ グッズ 子供用～大人用：バニティスタジオＶＳ６６,アメリカ雑貨アメリカン雑貨世田谷ベース名古屋 大須 雑貨屋アメカジアメリカンキャラクターグッズ通販アメリカンショップVS66VS66ワーゲンバスルート66トイレマット アメリカンバニティスタジオVS66楽天 アメリカ雑貨バニティスタジオ大須 雑貨楽天 VS66vs66ファインディングドリー ラージサイズ リュック (aurora) レディース バックパック ディズニー Finding Dory ピクサー ニモ グッズ 子供用～大人用,【年中無休で発送OK】【エコ配OK！】。ファインディングドリー ラージサイズ リュック (aurora) レディース バックパック ディズニー Finding Dory ピクサー ニモ グッズ 子供用～大人用[rn]
26-22522,http://tshop.r10s.jp/vs-vs66/cabinet/04148112/imgrc0075438149.jpg?fitin=700:700,1344.0000,,おもちゃ・ホビー・ゲーム > 趣味・コレクション > キャラクターグッズ > セット・小物,ファインディング・ドリー ＆ Mr.インクレディブル ペア グラス セット コップ ディズニー ピクサー プレゼント ギフト グッズ 食器,【年中無休で発送OK】,"<img src=""http://image.rakuten.co.jp/vs-vs66/cabinet/imgrc0067841140.jpg""><br>
<br>
<IMG SRC=""http://image.rakuten.co.jp/vs-vs66/cabinet/04122465/imgrc0074208523.jpg"" ALT=ドリーバナー><br>
<br>
<br>
海外直輸入☆<br>
<br>
大人気ディズニーピクサー映画の<br>
『ファインディング・ドリー』と『Mr.インクレディブル』のペアグラスが登場！<br>
<br>
１００年以上歴史のあるアメリカ発の老舗ブランド『HALLMARK』社製♪<br>
<br>
イラストがぐる～っと入っていてどこから眺めてもとっても可愛いです！<br>
<br>
毎日使う食器を可愛く楽しんでみてはいかがですか？♪<br>
<br>
また、ボックス付なのでプレゼントにもぴったりです★<br>
<br>
<br>
日本では中々手に入らないアイテムですのでFANの方要必見です！！<br>
<br>
<br>
■こちらのシリーズは『トイストーリー』＆『モンスターズインク』のペアグラスもあります♪ ⇒コチラから♪<br>
<br>
■他にもファインディング・ドリー グッズをたくさん取り揃えております♪⇒コチラから♪<br>
<br>
<br>
■サイズ：約H14xW7cm<br>
<br>
■輸入品ですので多少BOXの傷み等ある場合があります。ご了承ください。<br>
<br>
■可能な配送方法：【宅配便】<br>
<br>
<br>",ファインディング・ドリー ＆ Mr.インクレディブル ペア グラス セット コップ ディズニー ピクサー プレゼント ギフト グッズ 食器：バニティスタジオＶＳ６６,アメリカ雑貨アメリカン雑貨世田谷ベース名古屋 大須 雑貨屋アメカジアメリカンキャラクターグッズ通販アメリカンショップVS66VS66ワーゲンバスルート66トイレマット アメリカンバニティスタジオVS66楽天 アメリカ雑貨バニティスタジオ大須 雑貨楽天 VS66vs66ファインディング・ドリー ＆ Mr.インクレディブル ペア グラス セット コップ ディズニー ピクサー プレゼント ギフト グッズ 食器,【年中無休で発送OK】。ファインディング・ドリー ＆ Mr.インクレディブル ペア グラス セット コップ ディズニー ピクサー プレゼント ギフト グッズ 食器[rn]
26-22523,http://tshop.r10s.jp/vs-vs66/cabinet/04148112/imgrc0075170460.jpg?fitin=700:700,1584.0000,,おもちゃ・ホビー・ゲーム > 趣味・コレクション > キャラクターグッズ > セット・小物,ファインディング ドリー ヘアアクセサリーセット (normal) ミニリュック お洒落 女の子 子供用 玩具 おもちゃ ディズニー Finding Dory ピクサー ニモ グッズ,【年中無休で発送OK】【エコ配OK！】,"<img src=""http://image.rakuten.co.jp/vs-vs66/cabinet/imgrc0067841139.jpg""><br>
<br>
<IMG SRC=""http://image.rakuten.co.jp/vs-vs66/cabinet/04122465/imgrc0074208523.jpg"" ALT=ドリーバナー><br>
<br>
<br>
海外直輸入♪<br>
<br>
大人気ピクサー映画『ファインディング・ドリー』のリュック型ヘアアクセサリーセットが登場！！<br>
<br>
小さなビニールリュックに<br>
ヘアゴム６個・ヘアクリップ２つ・コーム・ミラーと<br>
とても可愛いヘアアクセが詰まっています♪<br>
<br>
中身を抜いてリュックやポーチとしてご使用いただけたり、<br>
カラビナをつけてバッグにつけるのもとっても可愛いです★<br>
<br>
プレゼントにもオススメ！<br>
<br>
<br>
■他にもファインディング・ドリー グッズをたくさん取り揃えております♪⇒コチラから♪<br>
<br>
<br>
■パッケージサイズ：H18xW15.5xD5(cm)<br>
<br>
■対象年齢3歳以上 <br>
<br>
■輸入品の為パッケージに傷みがある場合もあります。ご了承ください。<br>
<br>
<br>
■可能な配送方法：【宅配便】【エコ配】<br>
<br>
<br>",ファインディング ドリー ヘアアクセサリーセット (normal) ミニリュック お洒落 女の子 子供用 玩具 おもちゃ ディズニー Finding Dory ピクサー ニモ グッズ：バニティスタジオＶＳ６６,アメリカ雑貨アメリカン雑貨世田谷ベース名古屋 大須 雑貨屋アメカジアメリカンキャラクターグッズ通販アメリカンショップVS66VS66ワーゲンバスルート66トイレマット アメリカンバニティスタジオVS66楽天 アメリカ雑貨バニティスタジオ大須 雑貨楽天 VS66vs66ファインディング ドリー ヘアアクセサリーセット (normal) ミニリュック お洒落 女の子 子供用 玩具 おもちゃ ディズニー Finding Dory ピクサー ニモ グッズ,【年中無休で発送OK】【エコ配OK！】。ファインディング ドリー ヘアアクセサリーセット (normal) ミニリュック お洒落 女の子 子供用 玩具 おもちゃ ディズニー Finding Dory ピクサー ニモ グッズ[rn]
26-22524,http://tshop.r10s.jp/vs-vs66/cabinet/04259470/05402257/imgrc0078227800.jpg?fitin=700:700,4544.0000,,おもちゃ・ホビー・ゲーム > 趣味・コレクション > キャラクターグッズ > セット・小物,ディズニー ティンカー・ベル ミディアムサイズ (小学高学年～レディース 身長約150cm) リュック (ピンク) 子供用 レディース 女の子 Disney ティンカーベル ティンク ピーターパン フェアリーズ グッズ ピンク プレゼント ギフト,【年中無休で発送OK】【エコ配対応！】,"<img src=""http://image.rakuten.co.jp/vs-vs66/cabinet/imgrc0067841139.jpg""><br>
<br>
<IMG SRC=""http://image.rakuten.co.jp/vs-vs66/cabinet/04122465/imgrc0069382846.jpg"" ALT=プリンセスバナー><br>
<br>
<br>
海外直輸入♪<br>
<br>
<br>
アメリカのジュニアサイズのトドラーリュックです♪<br>
<br>
とっても可愛いティンカーベルのバックパック♪<br>
<br>
前面にはファスナー式のポケットが２つ、<br>
サイドにはメッシュポケット・マジックテープ式ポケットが付いていて収納ばっちり♪<br>
<br>
お子様も使いやすいシンプルな作りでお気に入りのリュックになる事間違いなし★<br>
<br>
フチの部分までプリントされていてどこから見ても可愛いので、<br>
プレゼントにも喜ばれるアイテムです♪<br>
<br>
<br>
■他にもキャラクターバッグをたくさん取り揃えております♪⇒コチラから♪<br>
<br>
■他にもディズニープリンセスグッズをたくさん取り揃えております♪⇒コチラから♪<br>
<br>
<br>
■サイズ<br>
・縦：約36cm<br>
・幅：約30cm<br>
・マチ：約9cm<br>
・対象年齢（目安）：小学高学年～レディースまで<br>
<br>
■可能な配送方法：【宅配便】【エコ配】<br><br>",ディズニー ティンカー・ベル ミディアムサイズ (小学高学年～レディース 身長約150cm) リュック (ピンク) 子供用 レディース 女の子 Disney ティンカーベル ティンク ピーターパン フェアリーズ グッズ ピンク プレゼント ギフト：バニティスタジオＶＳ６６,アメリカ雑貨アメリカン雑貨世田谷ベース名古屋 大須 雑貨屋アメカジアメリカンキャラクターグッズ通販アメリカンショップVS66VS66ワーゲンバスルート66トイレマット アメリカンバニティスタジオVS66楽天 アメリカ雑貨バニティスタジオ大須 雑貨楽天 VS66vs66ディズニー ティンカー・ベル ミディアムサイズ (小学高学年～レディース 身長約150cm) リュック (ピンク) 子供用 レディース 女の子 Disney ティンカーベル ティンク ピーターパン フェアリーズ グッズ ピンク プレゼント ギフト,【年中無休で発送OK】【エコ配対応！】。ディズニー ティンカー・ベル ミディアムサイズ (小学高学年～レディース 身長約150cm) リュック (ピンク) 子供用 レディース 女の子 Disney ティンカーベル ティンク ピーターパン フェアリーズ グッズ ピンク プレゼント ギフト[rn]
26-22525,http://tshop.r10s.jp/vs-vs66/cabinet/04259470/imgrc0076477232.jpg?fitin=700:700,4144.0000,,おもちゃ・ホビー・ゲーム > 趣味・コレクション > キャラクターグッズ > セット・小物,ディズニー アナと雪の女王 ラージ リュック （アナ エルサ） プリンセス アナ雪グッズ 子供用～大人用 女の子用 女の子 プレゼント ギフト,【年中無休で発送OK】【エコ配対応！】,"<img src=""http://image.rakuten.co.jp/vs-vs66/cabinet/imgrc0067841139.jpg""><br>
<br>
<IMG SRC=""http://image.rakuten.co.jp/vs-vs66/cabinet/04122465/imgrc0069382846.jpg"" ALT=プリンセスバナー><br>
<br>
<br>
海外直輸入♪<br><br>
アメリカのジュニア（小学生向け）サイズのトドラーリュックです♪<br>
<br>
ジュニアサイズですが、40cmと大きめサイズなのでお子様はもちろん、日本では大人の方まで使えるサイズです！<br><br>
前面にはチャック付きのポケット、両サイドにはメッシュポケットがあるので収納力は抜群!!<br><br>
ギフト、プレゼントにもオススメ！！<br>
<br>
<br>
■他にもキャラクターバッグをたくさん取り揃えております♪⇒コチラから♪<br>
<br>
■他にもディズニープリンセスグッズをたくさん取り揃えております♪⇒コチラから♪<br>
<br>
<br>
■サイズ<br>
・縦：約40cm<br>
・幅：約30cm<br>
・マチ：約13cm<br>
<br>
■右側に小さな汚れがあります。（写真参照）<br>
<br>
<br>
■可能な配送方法：【宅配便】【エコ配】<br><br>",ディズニー アナと雪の女王 ラージ リュック （アナ エルサ） プリンセス アナ雪グッズ 子供用～大人用 女の子用 女の子 プレゼント ギフト：バニティスタジオＶＳ６６,アメリカ雑貨アメリカン雑貨世田谷ベース名古屋 大須 雑貨屋アメカジアメリカンキャラクターグッズ通販アメリカンショップVS66VS66ワーゲンバスルート66トイレマット アメリカンバニティスタジオVS66楽天 アメリカ雑貨バニティスタジオ大須 雑貨楽天 VS66vs66ディズニー アナと雪の女王 ラージ リュック （アナ エルサ） プリンセス アナ雪グッズ 子供用～大人用 女の子用 女の子 プレゼント ギフト,【年中無休で発送OK】【エコ配対応！】。ディズニー アナと雪の女王 ラージ リュック （アナ エルサ） プリンセス アナ雪グッズ 子供用～大人用 女の子用 女の子 プレゼント ギフト[rn]
26-22526,http://tshop.r10s.jp/vs-vs66/cabinet/04259470/imgrc0071167098.jpg?fitin=700:700,7120.0000,,おもちゃ・ホビー・ゲーム > 趣味・コレクション > キャラクターグッズ > セット・小物,ディズニー プリンセス アリエル ローリング バックパック リュック キャリーバッグ トローリーバッグ リトルマーメイド プリンセス グッズ 子供用～大人用 女の子用,【年中無休で発送OK】【送料無料！】,"<img src=""http://image.rakuten.co.jp/vs-vs66/cabinet/imgrc0067841141.jpg""><br>
<br>
<IMG SRC=""http://image.rakuten.co.jp/vs-vs66/cabinet/04122465/imgrc0069382846.jpg"" ALT=プリンセスバナー><br>
<br>
<br>
ディズニー プリンセス アリエル ローリング バッグパック キャリーバッグ♪
<br><br>
アメリカ直輸入♪
<br><br>
アメリカのジュニア（小学生向け）サイズのローリングバックパック♪
<br><br>
リュックとしても、キャリーバッグとしても使用できる優れもの！
<br><br>
リュックとしてはアメリカジュニアサイズのトドラーリュックで、40cmと大きめサイズ。<br><br>
お子様はもちろん、日本では大人の方まで使えるサイズです！
<br><br>
サイドにはポケットが付いていて、前面にもファスナーポケットが２つあるので収納ばっちり♪
<br><br>
背負う時はカートを覆うカバーが後ろに付いてるので汚れの心配なし！
<br><br>
キャリーがついてる分重いと思いがちですが、そんなに重く感じないし、とにかく便利なのでオススメです★
<br><br>
少量入荷で次回入荷未定のレアアイテムですのでお見逃しなく♪
<br><br>
<br>
<br>
■他にもキャラクターバッグをたくさん取り揃えております♪⇒コチラから♪<br>
<br>
■他にもディズニープリンセスグッズをたくさん取り揃えております♪⇒コチラから♪<br>
<br>
<br>
■サイズ<br>
・縦：約42cm<br>
・幅：約30cm<br>
・マチ：約13cm<br>
・奥行：約16.5cm<br>
・台車高さ：約45～74cm
<br><br>
■レディースもOKなラージサイズ♪
<br><br>
■海外輸入品のため多少縫製の乱れ等ある場合がございます。
<br><br>
■こちらの商品は【送料無料】でお届けいたします。<br>
　店内どの商品を何点同梱しても送料は無料です！<br>
<br>",ディズニー プリンセス アリエル ローリング バックパック リュック キャリーバッグ トローリーバッグ リトルマーメイド プリンセス グッズ 子供用～大人用 女の子用：バニティスタジオＶＳ６６,アメリカ雑貨アメリカン雑貨世田谷ベース名古屋 大須 雑貨屋アメカジアメリカンキャラクターグッズ通販アメリカンショップVS66VS66ワーゲンバスルート66トイレマット アメリカンバニティスタジオVS66楽天 アメリカ雑貨バニティスタジオ大須 雑貨楽天 VS66vs66ディズニー プリンセス アリエル ローリング バックパック リュック キャリーバッグ トローリーバッグ リトルマーメイド プリンセス グッズ 子供用～大人用 女の子用,【年中無休で発送OK】【送料無料！】。ディズニー プリンセス アリエル ローリング バックパック リュック キャリーバッグ トローリーバッグ リトルマーメイド プリンセス グッズ 子供用～大人用 女の子用[rn]
26-22527,http://tshop.r10s.jp/vs-vs66/cabinet/04259470/imgrc0077545996.jpg?fitin=700:700,4144.0000,,おもちゃ・ホビー・ゲーム > 趣味・コレクション > キャラクターグッズ > セット・小物,ディズニー プリンセス トドラー リュック 幼稚園児～小学生低学年 (オーロラ姫 アリエル 白雪姫 ベル シンデレラ ラプンツェル) Disney princess グッズ 子供用 女の子用 女の子 バックパック バッグ ピンク 可愛い かわいい ギフト プレゼント,【年中無休で発送OK】【エコ配OK！】,"<img src=""http://image.rakuten.co.jp/vs-vs66/cabinet/imgrc0067841139.jpg""><br>
<br>
<IMG SRC=""http://image.rakuten.co.jp/vs-vs66/cabinet/04122465/imgrc0069382846.jpg"" ALT=プリンセスバナー><br>
<br>
<br>
海外直輸入！！<br>
<br>
幼稚園児～小学校低学年サイズのプリンセストドラーリュックです♪<br>
<br>
女の子のあこがれ★人気のプリンセス6人が勢ぞろい♪<br>
<br>
前面にファスナー式ポケットが２つ、<br>
サイドにはフラップ式ポケットにメッシュポケット付で収納もバッチリ♪<br>
<br>
どこから見ても可愛くてお出かけが楽しくなっちゃいます♪<br>
<br>
女の子へのプレゼント・ギフトにもオススメ！！！<br>
<br>
<br>
■他にもキャラクターバッグをたくさん取り揃えております♪⇒コチラから♪<br>
<br>
■他にもディズニープリンセスグッズをたくさん取り揃えております♪⇒コチラから♪<br>
<br>
<br>
■サイズ<br>
・縦：約32cm<br>
・幅：約27cm<br>
・マチ：約10cm<br>
<br>
■可能な配送方法：【宅配便】【エコ配】<br><br>",ディズニー プリンセス トドラー リュック 幼稚園児～小学生低学年 (オーロラ姫 アリエル 白雪姫 ベル シンデレラ ラプンツェル) Disney princess グッズ 子供用 女の子用 女の子 バックパック バッグ ピンク 可愛い かわいい ギフト プレゼント：バニティスタジオＶＳ６６,アメリカ雑貨アメリカン雑貨世田谷ベース名古屋 大須 雑貨屋アメカジアメリカンキャラクターグッズ通販アメリカンショップVS66VS66ワーゲンバスルート66トイレマット アメリカンバニティスタジオVS66楽天 アメリカ雑貨バニティスタジオ大須 雑貨楽天 VS66vs66ディズニー プリンセス トドラー リュック 幼稚園児～小学生低学年 (オーロラ姫 アリエル 白雪姫 ベル シンデレラ ラプンツェル) Disney princess グッズ 子供用 女の子用 女の子 バックパック バッグ ピンク 可愛い かわいい ギフト プレゼント,【年中無休で発送OK】【エコ配OK！】。ディズニー プリンセス トドラー リュック 幼稚園児～小学生低学年 (オーロラ姫 アリエル 白雪姫 ベル シンデレラ ラプンツェル) Disney princess グッズ 子供用 女の子用 女の子 バックパック バッグ ピンク 可愛い かわいい ギフト プレゼント[rn]
26-22528,http://tshop.r10s.jp/vs-vs66/cabinet/04259470/imgrc0076740245.jpg?fitin=700:700,4384.0000,,おもちゃ・ホビー・ゲーム > 趣味・コレクション > キャラクターグッズ > セット・小物,ディズニー ちいさなプリンセス ソフィア トドラー リュック (フラワー) 幼稚園児～小学低学年 子供用 女の子 Sofia ディズニーチャンネル グッズ バッグ バックパック プレゼント ギフト,【年中無休で発送OK】【エコ配OK！】,"<img src=""http://image.rakuten.co.jp/vs-vs66/cabinet/imgrc0067841139.jpg""><br>
<br>
<IMG SRC=""http://image.rakuten.co.jp/vs-vs66/cabinet/04122465/imgrc0069382846.jpg"" ALT=プリンセスバナー><br>
<br>
<br>
海外直輸入！！<br>
<br>
幼稚園児～小学校低学年サイズのソフィア トドラーリュックです♪<br>
<br>
女の子に大人気なソフィアのリュックは、<br>
前面にハート型のファスナー式ポケット、<br>
サイドにはメッシュポケット２つと収納もバッチリ♪<br>
<br>
キラキラしていて女の子に大人気です♪<br>
<br>
どこから見ても可愛くてお出かけが楽しくなっちゃいます♪<br>
<br>
女の子へのプレゼント・ギフトにもオススメ！！！<br>
<br>
<br>
■他にもキャラクターバッグをたくさん取り揃えております♪⇒コチラから♪<br>
<br>
■他にもディズニープリンセスグッズをたくさん取り揃えております♪⇒コチラから♪<br>
<br>
<br>
■サイズ<br>
・縦：約33cm<br>
・幅：約27cm<br>
・マチ：約12cm<br>
<br>
■可能な配送方法：【宅配便】【エコ配】<br><br>",ディズニー ちいさなプリンセス ソフィア トドラー リュック (フラワー) 幼稚園児～小学低学年 子供用 女の子 Sofia ディズニーチャンネル グッズ バッグ バックパック プレゼント ギフト：バニティスタジオＶＳ６６,アメリカ雑貨アメリカン雑貨世田谷ベース名古屋 大須 雑貨屋アメカジアメリカンキャラクターグッズ通販アメリカンショップVS66VS66ワーゲンバスルート66トイレマット アメリカンバニティスタジオVS66楽天 アメリカ雑貨バニティスタジオ大須 雑貨楽天 VS66vs66ディズニー ちいさなプリンセス ソフィア トドラー リュック (フラワー) 幼稚園児～小学低学年 子供用 女の子 Sofia ディズニーチャンネル グッズ バッグ バックパック プレゼント ギフト,【年中無休で発送OK】【エコ配OK！】。ディズニー ちいさなプリンセス ソフィア トドラー リュック (フラワー) 幼稚園児～小学低学年 子供用 女の子 Sofia ディズニーチャンネル グッズ バッグ バックパック プレゼント ギフト[rn]
26-22529,http://tshop.r10s.jp/vs-vs66/cabinet/04139212/imgrc0075522313.jpg?fitin=700:700,3984.0000,,おもちゃ・ホビー・ゲーム > 趣味・コレクション > キャラクターグッズ > セット・小物,スヌーピー ぬいぐるみ リュック バックパック バッグ SNOOPY PEANUTS 子供用～レディース グッズ,【年中無休で発送OK】【エコ配OK】,"<img src=""http://image.rakuten.co.jp/vs-vs66/cabinet/imgrc0067841139.jpg""><br>
<br>
<IMG SRC=""http://image.rakuten.co.jp/vs-vs66/cabinet/04122465/imgrc0067981884.jpg"" ALT=ピーナッツ(スヌーピー)バナー><br>
<br>
<br>
アメリカ直輸入♪<br>
<br>
スヌーピーのぬいぐるみリュックが登場！！<br>
<br>
とってもふかふか・サラサラで抱き心地◎！<br>
<br>
スヌーピーの背中にはちょっとした小物を入れる事ができるポケットがあります♪<br>
<br>
紐の調節が出来るのでお子様からレディースの方までご使用いただけます！<br>
（スタッフ160cmも着用できましたが少し小さめでした・・・）<br>
<br>
ぬいぐるみとして、<br>
ソファーやベッド・愛車などにちょこんと座らせておくのも可愛いです★<br>
<br>
少量入荷ですのでお見逃しなく！<br>
<br>
プレゼントにもオススメ！！！<br>
<br>
<br>
■他にもキャラクターバッグをたくさん取り揃えております♪⇒コチラから♪<br>
<br>
■他にもスヌーピーグッズをたくさん取り揃えております♪⇒コチラから♪<br>
<br>
<br>
■サイズ：約 H40xW33xD22cm<br>
<br>
■可能な配送方法：【宅配便】【エコ配】<br>
<br>",スヌーピー ぬいぐるみ リュック バックパック バッグ SNOOPY PEANUTS 子供用～レディース グッズ：バニティスタジオＶＳ６６,アメリカ雑貨アメリカン雑貨世田谷ベース名古屋 大須 雑貨屋アメカジアメリカンキャラクターグッズ通販アメリカンショップVS66VS66ワーゲンバスルート66トイレマット アメリカンバニティスタジオVS66楽天 アメリカ雑貨バニティスタジオ大須 雑貨楽天 VS66vs66スヌーピー ぬいぐるみ リュック バックパック バッグ SNOOPY PEANUTS 子供用～レディース グッズ,【年中無休で発送OK】【エコ配OK】。スヌーピー ぬいぐるみ リュック バックパック バッグ SNOOPY PEANUTS 子供用～レディース グッズ[rn]
26-22530,http://tshop.r10s.jp/vs-vs66/cabinet/04139212/imgrc0075184219.jpg?fitin=700:700,3424.0000,,おもちゃ・ホビー・ゲーム > 趣味・コレクション > キャラクターグッズ > セット・小物,ピーナッツ スヌーピー ウォーターボトル 水筒 タンブラー ギフト PEANUTS グッズ スヌーピー グッズ,【年中無休で発送OK】,"<img src=""http://image.rakuten.co.jp/vs-vs66/cabinet/imgrc0067841140.jpg""><br>
<br>
<IMG SRC=""http://image.rakuten.co.jp/vs-vs66/cabinet/04122465/imgrc0067981884.jpg"" ALT=ピーナッツ(スヌーピー)バナー><br>
<br>
<br>
アメリカ直輸入♪<br>
<br>
アメリカVandor社製！<br>
スヌーピーのウォーターボトルが登場！<br>
<br>
サングラス姿のスヌーピーのイラストがPOPでとっても可愛い！<br>
<br>
キャップの飲み口をワンタッチで立てて、すぐ飲めます。<br>
<br>
ダブルウォールになっているので結露せず、<br>
若干の保冷もでき、年中活躍してくれます☆<br>
<br>
プレゼントにもオススメです★<br>
<br>
<br>
■他にもスヌーピーグッズをたくさん取り揃えております♪⇒コチラから♪<br>
<br>
<br>
■サイズ<br>
本体：高さ18cm<br>
容量：14オンス(約410ml)<br>
素材：プラスチック(BPA Free)<br>
<br>
<br>
■可能な配送方法：【宅配便】<br>
<br>
<br>",ピーナッツ スヌーピー ウォーターボトル 水筒 タンブラー ギフト PEANUTS グッズ スヌーピー グッズ：バニティスタジオＶＳ６６,アメリカ雑貨アメリカン雑貨世田谷ベース名古屋 大須 雑貨屋アメカジアメリカンキャラクターグッズ通販アメリカンショップVS66VS66ワーゲンバスルート66トイレマット アメリカンバニティスタジオVS66楽天 アメリカ雑貨バニティスタジオ大須 雑貨楽天 VS66vs66ピーナッツ スヌーピー ウォーターボトル 水筒 タンブラー ギフト PEANUTS グッズ スヌーピー グッズ,【年中無休で発送OK】。ピーナッツ スヌーピー ウォーターボトル 水筒 タンブラー ギフト PEANUTS グッズ スヌーピー グッズ[rn]
26-22531,http://tshop.r10s.jp/vs-vs66/cabinet/04139212/imgrc0076943631.jpg?fitin=700:700,1904.0000,,おもちゃ・ホビー・ゲーム > 趣味・コレクション > キャラクターグッズ > セット・小物,スヌーピー ラージサイズ リュック (white) バックパック バッグ 子供用～大人用 SNOOPY PEANUTS グッズ プレゼント ギフト かわいい USJ チャーリーブラウン,【年中無休で発送OK】【エコ配OK】,"<img src=""http://image.rakuten.co.jp/vs-vs66/cabinet/imgrc0067841139.jpg""><br>
<br>
<IMG SRC=""http://image.rakuten.co.jp/vs-vs66/cabinet/04122465/imgrc0067981884.jpg"" ALT=ピーナッツ(スヌーピー)バナー><br>
<br>
<br>
海外直輸入♪<br>
<br>
PEANUTSのラージリュックが登場！！<br>
<br>
スヌーピーの兄弟が勢揃いの総柄♪<br>
<br>
前面にはファスナー式ポケットがあり収納もばっちり！<br>
<br>
容量もたっぷりで、シンプルなデザインなので使いやすさ抜群です！<br>
<br>
プレゼントにもオススメ！！！<br>
<br>
<br>
■他にもキャラクターバッグをたくさん取り揃えております♪⇒コチラから♪<br>
<br>
■他にもスヌーピーグッズをたくさん取り揃えております♪⇒コチラから♪<br>
<br>
<br>
■サイズ：約 H43xW30xD15(cm)<br>
<br>
■可能な配送方法：【宅配便】【エコ配】<br>
<br>",スヌーピー ラージサイズ リュック (white) バックパック バッグ 子供用～大人用 SNOOPY PEANUTS グッズ プレゼント ギフト かわいい USJ チャーリーブラウン：バニティスタジオＶＳ６６,アメリカ雑貨アメリカン雑貨世田谷ベース名古屋 大須 雑貨屋アメカジアメリカンキャラクターグッズ通販アメリカンショップVS66VS66ワーゲンバスルート66トイレマット アメリカンバニティスタジオVS66楽天 アメリカ雑貨バニティスタジオ大須 雑貨楽天 VS66vs66スヌーピー ラージサイズ リュック (white) バックパック バッグ 子供用～大人用 SNOOPY PEANUTS グッズ プレゼント ギフト かわいい USJ チャーリーブラウン,【年中無休で発送OK】【エコ配OK】。スヌーピー ラージサイズ リュック (white) バックパック バッグ 子供用～大人用 SNOOPY PEANUTS グッズ プレゼント ギフト かわいい USJ チャーリーブラウン[rn]
26-22532,http://tshop.r10s.jp/vs-vs66/cabinet/04139212/imgrc0068002498.jpg?fitin=700:700,2784.0000,,おもちゃ・ホビー・ゲーム > 趣味・コレクション > キャラクターグッズ > セット・小物,PEANUTS SNOOPY マグカップ 4P セット ピーナッツ スヌーピー グッズ,【年中無休で発送OK】,"<img src=""http://image.rakuten.co.jp/vs-vs66/cabinet/imgrc0067841140.jpg""><br>
<br>
<IMG SRC=""http://image.rakuten.co.jp/vs-vs66/cabinet/04122465/imgrc0067981884.jpg"" ALT=ピーナッツ(スヌーピー)バナー><br>
<br>
<br>
USA直輸入！<br>
<br>
スヌーピーのカワイイマグカップ4Pセット♪<br>
<br>
PEANUTS好きなあの人へのギフトにもオススメ！<br>
<br>
<br>
■他にもスヌーピーグッズをたくさん取り揃えております♪⇒コチラから♪<br>
<br>
<br>
■本体サイズ：約φ95ｘ110mm<br>
<br>
■可能な配送方法：【宅配便】<br>
<br>
<br>",PEANUTS SNOOPY マグカップ 4P セット ピーナッツ スヌーピー グッズ：バニティスタジオＶＳ６６,アメリカ雑貨アメリカン雑貨世田谷ベース名古屋 大須 雑貨屋アメカジアメリカンキャラクターグッズ通販アメリカンショップVS66VS66ワーゲンバスルート66トイレマット アメリカンバニティスタジオVS66楽天 アメリカ雑貨バニティスタジオ大須 雑貨楽天 VS66vs66PEANUTS SNOOPY マグカップ 4P セット ピーナッツ スヌーピー グッズ,【年中無休で発送OK】。PEANUTS SNOOPY マグカップ 4P セット ピーナッツ スヌーピー グッズ[rn]
26-22533,http://tshop.r10s.jp/vs-vs66/cabinet/04139212/imgrc0076943388.jpg?fitin=700:700,1904.0000,,おもちゃ・ホビー・ゲーム > 趣味・コレクション > キャラクターグッズ > セット・小物,スヌーピー ラージサイズ リュック (Red) バックパック バッグ 子供用～大人用 SNOOPY PEANUTS グッズ プレゼント ギフト かわいい USJ チャーリーブラウン,【年中無休で発送OK】【エコ配OK】,"<img src=""http://image.rakuten.co.jp/vs-vs66/cabinet/imgrc0067841139.jpg""><br>
<br>
<IMG SRC=""http://image.rakuten.co.jp/vs-vs66/cabinet/04122465/imgrc0067981884.jpg"" ALT=ピーナッツ(スヌーピー)バナー><br>
<br>
<br>
海外直輸入♪<br>
<br>
PEANUTSのラージリュックが登場！！<br>
<br>
スヌーピーをはじめ人気キャラクターが勢揃いの総柄♪<br>
<br>
前面にはファスナー式ポケットがあり収納もばっちり！<br>
<br>
容量もたっぷりで、シンプルなデザインなので使いやすさ抜群です！<br>
<br>
プレゼントにもオススメ！！！<br>
<br>
<br>
■他にもキャラクターバッグをたくさん取り揃えております♪⇒コチラから♪<br>
<br>
■他にもスヌーピーグッズをたくさん取り揃えております♪⇒コチラから♪<br>
<br>
<br>
■サイズ：約 H43xW30xD15(cm)<br>
<br>
■可能な配送方法：【宅配便】【エコ配】<br>
<br>",スヌーピー ラージサイズ リュック (Red) バックパック バッグ 子供用～大人用 SNOOPY PEANUTS グッズ プレゼント ギフト かわいい USJ チャーリーブラウン：バニティスタジオＶＳ６６,アメリカ雑貨アメリカン雑貨世田谷ベース名古屋 大須 雑貨屋アメカジアメリカンキャラクターグッズ通販アメリカンショップVS66VS66ワーゲンバスルート66トイレマット アメリカンバニティスタジオVS66楽天 アメリカ雑貨バニティスタジオ大須 雑貨楽天 VS66vs66スヌーピー ラージサイズ リュック (Red) バックパック バッグ 子供用～大人用 SNOOPY PEANUTS グッズ プレゼント ギフト かわいい USJ チャーリーブラウン,【年中無休で発送OK】【エコ配OK】。スヌーピー ラージサイズ リュック (Red) バックパック バッグ 子供用～大人用 SNOOPY PEANUTS グッズ プレゼント ギフト かわいい USJ チャーリーブラウン[rn]
26-22534,http://tshop.r10s.jp/vs-vs66/cabinet/04148112/imgrc0077421404.jpg?fitin=700:700,2400.0000,,おもちゃ・ホビー・ゲーム > 趣味・コレクション > キャラクターグッズ > セット・小物,A&W グレートルートベアー プラッシュ ぬいぐるみ ルートビア ハンバーガー カンパニー 企業キャラ アメリカン キャラクター 雑貨 プレゼント ギフト 子供用 かわいい くま インテリア コレクション,【年中無休で発送OK】,"<img src=""http://image.rakuten.co.jp/vs-vs66/cabinet/imgrc0067841140.jpg""><br>
<br>
<br>
海外直輸入♪<br>
<br>
アメリカのハンバーガーチェーン店<br>
【A&W】のマスコットキャラクター！！！<br>
70年代にアメリカで誕生した、グレートルートベアのぬいぐるみが登場♪<br>
<br>
抱き心地抜群なほど、ふっかふかで<br>
A&Wの刺繍ロゴ入りのユニフォームを着ていて<br>
細かい所までこだわって作られていて◎！！<br>
<br>
お子様のぬいぐるみや、インテリアなどにも♪<br>
<br>
少量入荷で無くなり次第終了のアイテムですのでお見逃しなく！！<br>
<br>
<br>
■サイズ：約H27xW21xD12cm<br>
<br>
■海外輸入品のため多少縫製の乱れ等ございます。ご了承ください。<br>
<br>
■可能な配送方法：【宅配便】<br>
<br>
<br>",A&amp;W グレートルートベアー プラッシュ ぬいぐるみ ルートビア ハンバーガー カンパニー 企業キャラ アメリカン キャラクター 雑貨 プレゼント ギフト 子供用 かわいい くま インテリア コレクション：バニティスタジオＶＳ６６,アメリカ雑貨アメリカン雑貨世田谷ベース名古屋 大須 雑貨屋アメカジアメリカンキャラクターグッズ通販アメリカンショップVS66VS66ワーゲンバスルート66トイレマット アメリカンバニティスタジオVS66楽天 アメリカ雑貨バニティスタジオ大須 雑貨楽天 VS66vs66A&amp;W グレートルートベアー プラッシュ ぬいぐるみ ルートビア ハンバーガー カンパニー 企業キャラ アメリカン キャラクター 雑貨 プレゼント ギフト 子供用 かわいい くま インテリア コレクション,【年中無休で発送OK】。A&amp;W グレートルートベアー プラッシュ ぬいぐるみ ルートビア ハンバーガー カンパニー 企業キャラ アメリカン キャラクター 雑貨 プレゼント ギフト 子供用 かわいい くま インテリア コレクション[rn]
26-22535,http://tshop.r10s.jp/vs-vs66/cabinet/04139212/imgrc0071704860.jpg?fitin=700:700,7584.0000,,おもちゃ・ホビー・ゲーム > 趣味・コレクション > キャラクターグッズ > セット・小物,PEANUTS スヌーピー チャーリーブラウン セラミック クッキージャー 小物入れ 陶器 フィギュア ピーナッツ グッズ,【年中無休で発送OK】【送料無料！】,"<img src=""http://image.rakuten.co.jp/vs-vs66/cabinet/imgrc0067841141.jpg""><br>
<br>
<IMG SRC=""http://image.rakuten.co.jp/vs-vs66/cabinet/04122465/imgrc0067981884.jpg"" ALT=ピーナッツ(スヌーピー)バナー><br>
<br>
<br>
アメリカ直輸入♪
<br><br>
スヌーピー＆チャーリーブラウンの陶器製クッキージャーが登場♪
<br><br>
存在感抜群のBIGサイズ！！
<br><br>
胸上からがフタになってます★
<br><br>
キッチンにはもちろん、小物入れなどにしてお部屋に飾るのも◎！！
<br><br>
BOXもとっても可愛いのでギフトにも喜ばれます♪
<br>
<br>
<br>
■他にもスヌーピーグッズをたくさん取り揃えております♪⇒コチラから♪<br>
<br>
<br>
■専用BOX入<br>
<br>
■陶器製<br>
<br>
■本体サイズ：約H270mm<br>
<br>
■こちらの商品は【送料無料】でお届けいたします♪<br>
　ほかの商品を何点同梱しても送料は無料です★
<br>
<br>",PEANUTS スヌーピー チャーリーブラウン セラミック クッキージャー 小物入れ 陶器 フィギュア ピーナッツ グッズ：バニティスタジオＶＳ６６,アメリカ雑貨アメリカン雑貨世田谷ベース名古屋 大須 雑貨屋アメカジアメリカンキャラクターグッズ通販アメリカンショップVS66VS66ワーゲンバスルート66トイレマット アメリカンバニティスタジオVS66楽天 アメリカ雑貨バニティスタジオ大須 雑貨楽天 VS66vs66PEANUTS スヌーピー チャーリーブラウン セラミック クッキージャー 小物入れ 陶器 フィギュア ピーナッツ グッズ,【年中無休で発送OK】【送料無料！】。PEANUTS スヌーピー チャーリーブラウン セラミック クッキージャー 小物入れ 陶器 フィギュア ピーナッツ グッズ[rn]
26-22536,http://tshop.r10s.jp/vs-vs66/cabinet/04139212/imgrc0067981976.jpg?fitin=700:700,2940.0000,,おもちゃ・ホビー・ゲーム > 趣味・コレクション > キャラクターグッズ > セット・小物,WESTLAND社 セラミック ソルト アンド ペッパー シェイカー PEANUTS （スヌーピー ＆ チャーリー ブラウン） S&P チャーリー スヌーピー グッズ,【年中無休で発送OK】,"<img src=""http://image.rakuten.co.jp/vs-vs66/cabinet/imgrc0067841140.jpg""><br>
<br>
<IMG SRC=""http://image.rakuten.co.jp/vs-vs66/cabinet/04122465/imgrc0067981884.jpg"" ALT=ピーナッツ(スヌーピー)バナー><br>
<br>
<br>
1972年にアメリカで設立された、<br>
高品質ギフトウェアやコレクタブルグッズの有名ブランド<br>
『WESTLAND GIFTWARE社』のセラミック ソルトアンドペッパーシェイカー！<br>
<br>
スヌーピーとチャーリーブラウンの表情からポーズからすべてが可愛い！！！<br>
<br>
スヌーピーとチャーリーはマグネットでくっついています♪<br>
<br>
使ってよし、飾ってよし！<br>
PEANUTS FAN必見アイテムです！！<br>
<br>
<br>
■他にもスヌーピーグッズをたくさん取り揃えております♪⇒コチラから♪<br>
<br>
<br>
■専用BOX入（輸入品のため、BOXに多少の損傷があることがございます。）<br>
<br>
■本体サイズ<br>
・チャーリー：H110xW40xD40mm<br>
・スヌーピー：H65xW45xD40mm<br>
<br>
■可能な配送方法：【宅配便】<br>
<br>
<br>",WESTLAND社 セラミック ソルト アンド ペッパー シェイカー PEANUTS （スヌーピー ＆ チャーリー ブラウン） S&amp;P チャーリー スヌーピー グッズ：バニティスタジオＶＳ６６,アメリカ雑貨アメリカン雑貨世田谷ベース名古屋 大須 雑貨屋アメカジアメリカンキャラクターグッズ通販アメリカンショップVS66VS66ワーゲンバスルート66トイレマット アメリカンバニティスタジオVS66楽天 アメリカ雑貨バニティスタジオ大須 雑貨楽天 VS66vs66WESTLAND社 セラミック ソルト アンド ペッパー シェイカー PEANUTS （スヌーピー ＆ チャーリー ブラウン） S&amp;P チャーリー スヌーピー グッズ,【年中無休で発送OK】。WESTLAND社 セラミック ソルト アンド ペッパー シェイカー PEANUTS （スヌーピー ＆ チャーリー ブラウン） S&amp;P チャーリー スヌーピー グッズ[rn]
26-22537,http://tshop.r10s.jp/vs-vs66/cabinet/04130558/imgrc0077702964.jpg?fitin=700:700,3040.0000,,おもちゃ・ホビー・ゲーム > 趣味・コレクション > キャラクターグッズ > セット・小物,Reddykilowatt 51cm プラスチック ダイカット カッティング サイン ボード レディキロワット 企業 カンパニー キャラクター グッズ インテリア プレート 看板 雑貨 世田谷ベース,【年中無休で発送OK】,"<img src=""http://image.rakuten.co.jp/vs-vs66/cabinet/imgrc0067841140.jpg""><br>
<br>
<IMG SRC=""http://image.rakuten.co.jp/vs-vs66/cabinet/04122465/imgrc0067957691.jpg"" ALT=ベティ・ブープバナー><br>
<br>
<br>
アメリカンなデザインと使いやすさで大人気のダイカットカッティングサインです。
<br><br>
アメリカの企業キャラクターの元祖的存在『Reddykilowatt（レディキロワット）』デザイン！！
<br><br>
厚さ約1mmのヘビーオンスなプラスティック製なので、屋外でも気軽に使えるのもとっても魅力的♪
<br><br>
51ｘ50cmの大型サイズ！壁掛け穴もあるのでカンタンに飾ることができます！
<br><br>
■サイズ：H51×W50cm 
<br><br>
■素材：プラスチック（ヘヴィーオンス）<br>
<br>
■可能な配送方法：【宅配便】<br>
<br>
■他にもレディキロワットグッズをたくさん取り揃えております♪⇒コチラから♪<br>
<br>
■他にもプレートをたくさん取り揃えております♪⇒コチラから♪<br>
<br>",Reddykilowatt 51cm プラスチック ダイカット カッティング サイン ボード レディキロワット 企業 カンパニー キャラクター グッズ インテリア プレート 看板 雑貨 世田谷ベース：バニティスタジオＶＳ６６,アメリカ雑貨アメリカン雑貨世田谷ベース名古屋 大須 雑貨屋アメカジアメリカンキャラクターグッズ通販アメリカンショップVS66VS66ワーゲンバスルート66トイレマット アメリカンバニティスタジオVS66楽天 アメリカ雑貨バニティスタジオ大須 雑貨楽天 VS66vs66Reddykilowatt 51cm プラスチック ダイカット カッティング サイン ボード レディキロワット 企業 カンパニー キャラクター グッズ インテリア プレート 看板 雑貨 世田谷ベース,【年中無休で発送OK】。Reddykilowatt 51cm プラスチック ダイカット カッティング サイン ボード レディキロワット 企業 カンパニー キャラクター グッズ インテリア プレート 看板 雑貨 世田谷ベース[rn]
26-22538,http://tshop.r10s.jp/vs-vs66/cabinet/04139349/imgrc0077610722.jpg?fitin=700:700,5344.0000,,おもちゃ・ホビー・ゲーム > 趣味・コレクション > キャラクターグッズ > セット・小物,チャターテレフォン チャターフォン 玩具 おもちゃ フィギュア 電話 チャッターテレフォン フィッシャープライス TOYSTORY グッズ PIXAR ピクサー トイストーリー TOYSTORY3 ギフト プレゼント,【年中無休で発送OK】【送料無料！！】,"<img src=""http://image.rakuten.co.jp/vs-vs66/cabinet/imgrc0067841141.jpg""><br>
<br>
<IMG SRC=""http://image.rakuten.co.jp/vs-vs66/cabinet/04122465/imgrc0067982007.jpg"" ALT=トイストーリーバナー><br>
<br>
<br>
アメリカ直輸入♪<br>
<br>
アメリカで有名な子供の玩具メーカー<br>
【Fisher-Price】のチャターテレフォンのキーホルダー♪<br>
<br>
1961年の発売以来アメリカの子供たちから愛され続けたベストセラーし、<br>
トイストーリー３に登場し、お馴染みのキャクターです♪<br>
<br>
ダイヤルをまわすとチリンチリン♪と音が鳴ります！<br>
<br>
ひもがついているのでガラガラとひく事ができ、<br>
車輪が回転すると連動して目が上下に動きます★<br>
<br>
再入荷未定アイテムですのでお早めに！！！<br>
<br>
<br>
■他にもトイストーリーグッズをたくさん取り揃えております♪⇒コチラから♪<br>
<br>
<br>
■パッケージサイズ：約H14xW23xD19cm<br>
<br>
■本体サイズ：約H16xW19xD10cm<br>
<br>
■TOYSTORY版ではございません。<br>
<br>
<br>
■こちらの商品は【送料無料】です♪<br>
　店内商品を何点同梱しても送料は無料です！<br>
<br>
<br>",チャターテレフォン チャターフォン 玩具 おもちゃ フィギュア 電話 チャッターテレフォン フィッシャープライス TOYSTORY グッズ PIXAR ピクサー トイストーリー TOYSTORY3 ギフト プレゼント：バニティスタジオＶＳ６６,アメリカ雑貨アメリカン雑貨世田谷ベース名古屋 大須 雑貨屋アメカジアメリカンキャラクターグッズ通販アメリカンショップVS66VS66ワーゲンバスルート66トイレマット アメリカンバニティスタジオVS66楽天 アメリカ雑貨バニティスタジオ大須 雑貨楽天 VS66vs66チャターテレフォン チャターフォン 玩具 おもちゃ フィギュア 電話 チャッターテレフォン フィッシャープライス TOYSTORY グッズ PIXAR ピクサー トイストーリー TOYSTORY3 ギフト プレゼント,【年中無休で発送OK】【送料無料！！】。チャターテレフォン チャターフォン 玩具 おもちゃ フィギュア 電話 チャッターテレフォン フィッシャープライス TOYSTORY グッズ PIXAR ピクサー トイストーリー TOYSTORY3 ギフト プレゼント[rn]
26-22539,http://tshop.r10s.jp/vs-vs66/cabinet/04130558/imgrc0075938043.jpg?fitin=700:700,1584.0000,,おもちゃ・ホビー・ゲーム > 趣味・コレクション > キャラクターグッズ > セット・小物,アメリカン ヴィンテージ風 ウッド サイン プレート 木製 ボード D-Thunder Bolt 世田谷ベース グッズ インテリア 看板 ビンテージ アメリカン雑貨 アメリカ 雑貨 企業 カンパニー キャラクター,【年中無休で発送OK】,"<img src=""http://image.rakuten.co.jp/vs-vs66/cabinet/imgrc0067841140.jpg""><br>
<br>
<br>
木製で重みのあるヴィンテージ風の加工が施されたサインボードです♪
<br><br>
インダストリアルな素材とも相性抜群で、壁に飾られているだけでインテリアの雰囲気がガラリと変わります◎
<br><br>
背面に壁掛け用フック、穴がありますので簡単に取り付け可能。
<br><br>
お部屋、ショップ、カフェインテリアなどに最適です★
<br><br>
<br>
■他のデザイン（全5柄）をチェック！⇒コチラ！
<br><br>
■他にも色々な種類の看板・プレートを取り揃えております♪⇒コチラ♪
<br><br>
■SIZE：W450×D18×H300mm
<br>
<br>
■裏面に固定用の穴があります。<br>
<br>
■素材：木製（MDF）<br>
<br>
■可能な配送方法：【宅配便】<br>
<br>
<br>",アメリカン ヴィンテージ風 ウッド サイン プレート 木製 ボード D-Thunder Bolt 世田谷ベース グッズ インテリア 看板 ビンテージ アメリカン雑貨 アメリカ 雑貨 企業 カンパニー キャラクター：バニティスタジオＶＳ６６,アメリカ雑貨アメリカン雑貨世田谷ベース名古屋 大須 雑貨屋アメカジアメリカンキャラクターグッズ通販アメリカンショップVS66VS66ワーゲンバスルート66トイレマット アメリカンバニティスタジオVS66楽天 アメリカ雑貨バニティスタジオ大須 雑貨楽天 VS66vs66アメリカン ヴィンテージ風 ウッド サイン プレート 木製 ボード D-Thunder Bolt 世田谷ベース グッズ インテリア 看板 ビンテージ アメリカン雑貨 アメリカ 雑貨 企業 カンパニー キャラクター,【年中無休で発送OK】。アメリカン ヴィンテージ風 ウッド サイン プレート 木製 ボード D-Thunder Bolt 世田谷ベース グッズ インテリア 看板 ビンテージ アメリカン雑貨 アメリカ 雑貨 企業 カンパニー キャラクター[rn]
26-22540,http://tshop.r10s.jp/vs-vs66/cabinet/04139349/imgrc0070582039.jpg?fitin=700:700,2624.0000,,おもちゃ・ホビー・ゲーム > 趣味・コレクション > キャラクターグッズ > セット・小物,SLINKY DOG トーキング フラッシュ ライト 懐中電灯 スリンキードッグ トイストーリー グッズ,【年中無休で発送OK】,"<img src=""http://image.rakuten.co.jp/vs-vs66/cabinet/imgrc0067841140.jpg""><br>
<br>
<IMG SRC=""http://image.rakuten.co.jp/vs-vs66/cabinet/04122465/imgrc0067982007.jpg"" ALT=トイストーリーバナー><br>
<br>
<br>
USA直輸入♪<br>
<br>
トイストーリーでも人気キャラクター！<br>
仲間思いでちょっとお節介だけど気の良い『スリンキードッグ』♪<br>
<br>
そんなスリンキーのしっぽを握ると<br>
『バウバウ！！！』っと吠えながら口からライトが♪<br>
<br>
玩具にしても◎！ 懐中電灯としても◎！！<br>
お部屋に飾っても良いですね♪<br>
<br>
次回いつ入荷か未定なITEMですのでお早めに！！！<br>
<br>
<br>
■他にもトイストーリーグッズをたくさん取り揃えております♪⇒コチラから♪<br>
<br>
<br>
■パッケージサイズ：H14xW24xD10<br>
<br>
■本体サイズ：約21cm<br>
<br>
■可能な配送方法：【宅配便】<br>
<br>
<br>",SLINKY DOG トーキング フラッシュ ライト 懐中電灯 スリンキードッグ トイストーリー グッズ：バニティスタジオＶＳ６６,アメリカ雑貨アメリカン雑貨世田谷ベース名古屋 大須 雑貨屋アメカジアメリカンキャラクターグッズ通販アメリカンショップVS66VS66ワーゲンバスルート66トイレマット アメリカンバニティスタジオVS66楽天 アメリカ雑貨バニティスタジオ大須 雑貨楽天 VS66vs66SLINKY DOG トーキング フラッシュ ライト 懐中電灯 スリンキードッグ トイストーリー グッズ,【年中無休で発送OK】。SLINKY DOG トーキング フラッシュ ライト 懐中電灯 スリンキードッグ トイストーリー グッズ[rn]
26-22541,http://tshop.r10s.jp/vs-vs66/cabinet/04139349/imgrc0076418652.jpg?fitin=700:700,2240.0000,,おもちゃ・ホビー・ゲーム > 趣味・コレクション > キャラクターグッズ > セット・小物,TOYSTORY トイストーリー ストレージボックス 小物入れ おもちゃ箱 スツール 椅子 イス ウッディ バズライトイヤー Mr.ポテトヘッド エイリアン ジェシー ブルズアイ ハム ロッツォ レックス スリンキードッグ グッズ アメリカン 雑貨 子供部屋 プレゼント ギフト,【年中無休で発送OK】,"<img src=""http://image.rakuten.co.jp/vs-vs66/cabinet/imgrc0067841140.jpg""><br>
<br>
<IMG SRC=""http://image.rakuten.co.jp/vs-vs66/cabinet/04122465/imgrc0067982007.jpg"" ALT=トイストーリーバナー><br>
<br>
<br>
大人気★トイストーリーの<br>
ストレージボックスが登場！！<br>
<br>
バスにお馴染キャラクターが沢山乗っていて<br>
どこから見ても可愛いデザインが人気です！！<br>
<br>
フタの部分はふかふかクッション入りなので椅子としてもご使用いただけますし、<br>
フタを開ければ、おもちゃや衣類などをたっぷり収納できちゃう優れもの！！<br>
<br>
お子様のお部屋などにもオススメ！！<br>
<br>
プレゼントにもどうぞ⌒♪<br>
<br>
<br>
■他にもトイストーリーグッズをたくさん取り揃えております♪⇒コチラから♪<br>
<br>
<br>
■サイズ：約H310xW480xD310mm<br>
<br>
■可能な配送方法：【宅配便】<br>
<br>
<br>",TOYSTORY トイストーリー ストレージボックス 小物入れ おもちゃ箱 スツール 椅子 イス ウッディ バズライトイヤー Mr.ポテトヘッド エイリアン ジェシー ブルズアイ ハム ロッツォ レックス スリンキードッグ グッズ アメリカン 雑貨 子供部屋 プレゼント ギフト：バニティスタジオＶＳ６６,アメリカ雑貨アメリカン雑貨世田谷ベース名古屋 大須 雑貨屋アメカジアメリカンキャラクターグッズ通販アメリカンショップVS66VS66ワーゲンバスルート66トイレマット アメリカンバニティスタジオVS66楽天 アメリカ雑貨バニティスタジオ大須 雑貨楽天 VS66vs66TOYSTORY トイストーリー ストレージボックス 小物入れ おもちゃ箱 スツール 椅子 イス ウッディ バズライトイヤー Mr.ポテトヘッド エイリアン ジェシー ブルズアイ ハム ロッツォ レックス スリンキードッグ グッズ アメリカン 雑貨 子供部屋 プレゼント ギフト,【年中無休で発送OK】。TOYSTORY トイストーリー ストレージボックス 小物入れ おもちゃ箱 スツール 椅子 イス ウッディ バズライトイヤー Mr.ポテトヘッド エイリアン ジェシー ブルズアイ ハム ロッツォ レックス スリンキードッグ グッズ アメリカン 雑貨 子供部屋 プレゼント ギフト[rn]
26-22542,http://tshop.r10s.jp/vs-vs66/cabinet/04148112/imgrc0075547956.jpg?fitin=700:700,6240.0000,,おもちゃ・ホビー・ゲーム > 趣味・コレクション > キャラクターグッズ > セット・小物,Jelly Belly ビーンズ ディスペンサー 雑貨 ジェリービーンズ ゼリービーンズ グッズ アメキャラ カンパニー キャラクター アメリカン,【年中無休で発送OK】,"<img src=""http://image.rakuten.co.jp/vs-vs66/cabinet/imgrc0067841141.jpg""><br>
<br>
<br>
アメリカ直輸入♪<br>
<br>
「JellyBelly」ビーンズディスペンサー★<br>
<br>
Mr.JellyBellyの持っているレバーを引くとジェリービーンズがコロコロと転がって出てきます♪<br>
<br>
インテリアとして飾っておいてもおしゃれですね。<br>
<br>
ギフト・プレゼントにもおすすめ！！<br>
<br>
<br>
■本体サイズ：H23.5/W15/D16cm<br>
<br>
■可能な配送方法：【宅配便】<br>
<br>
<br>",Jelly Belly ビーンズ ディスペンサー 雑貨 ジェリービーンズ ゼリービーンズ グッズ アメキャラ カンパニー キャラクター アメリカン：バニティスタジオＶＳ６６,アメリカ雑貨アメリカン雑貨世田谷ベース名古屋 大須 雑貨屋アメカジアメリカンキャラクターグッズ通販アメリカンショップVS66VS66ワーゲンバスルート66トイレマット アメリカンバニティスタジオVS66楽天 アメリカ雑貨バニティスタジオ大須 雑貨楽天 VS66vs66Jelly Belly ビーンズ ディスペンサー 雑貨 ジェリービーンズ ゼリービーンズ グッズ アメキャラ カンパニー キャラクター アメリカン,【年中無休で発送OK】。Jelly Belly ビーンズ ディスペンサー 雑貨 ジェリービーンズ ゼリービーンズ グッズ アメキャラ カンパニー キャラクター アメリカン[rn]
26-22543,http://tshop.r10s.jp/vs-vs66/cabinet/04130570/imgrc0068026104.jpg?fitin=700:700,11840.0000,,おもちゃ・ホビー・ゲーム > 趣味・コレクション > キャラクターグッズ > セット・小物,FUNKO ファンコ ボビングヘッド BUGBOY ビッグボーイ ジャンボ ボビングヘッド フィギュア 首振り人形,【年中無休で発送OK】,"<img src=""http://image.rakuten.co.jp/vs-vs66/cabinet/imgrc0067841141.jpg""><br><br>
<IMG SRC=""http://image.rakuten.co.jp/vs-vs66/cabinet/04122465/imgrc0067993392.jpg"" ALT=FUNKOバナー><br>
<br>
<br>
お馴染みFUNKOの首振り人形<br>
<br>
1939年創業レストランチェーン『ビッグボーイ』<br>
マスコットキャラクター ボビー君の<br>
高さ45cmもある超ビッグサイズなボビングヘッドが登場！！<br>
<br>
首の振り具合も半端じゃないです！！！<br>
<br>
インパクト大なボビー君を是非♪お部屋に♪<br>
<br>
<br>
■他にもFUNKOをたくさん取り揃えております♪⇒コチラから♪<br>
<br>
<br>
■サイズ：H45cm<br>
<br>
※画像左の通常サイズのビッグボーイは大きさ比較の為の参考商品です。本商品には含まれません。<br>
<br>
■可能な配送方法：【宅配便】<br>
<br>
<br>",FUNKO ファンコ ボビングヘッド BUGBOY ビッグボーイ ジャンボ ボビングヘッド フィギュア 首振り人形：バニティスタジオＶＳ６６,アメリカ雑貨アメリカン雑貨世田谷ベース名古屋 大須 雑貨屋アメカジアメリカンキャラクターグッズ通販アメリカンショップVS66VS66ワーゲンバスルート66トイレマット アメリカンバニティスタジオVS66楽天 アメリカ雑貨バニティスタジオ大須 雑貨楽天 VS66vs66FUNKO ファンコ ボビングヘッド BUGBOY ビッグボーイ ジャンボ ボビングヘッド フィギュア 首振り人形,【年中無休で発送OK】。FUNKO ファンコ ボビングヘッド BUGBOY ビッグボーイ ジャンボ ボビングヘッド フィギュア 首振り人形[rn]
26-22544,http://tshop.r10s.jp/vs-vs66/cabinet/04139349/imgrc0073817037.jpg?fitin=700:700,1920.0000,,おもちゃ・ホビー・ゲーム > 趣味・コレクション > キャラクターグッズ > セット・小物,トイストーリー バズライトイヤー＆ウッディ ペアマグ マグカップ ２セット グッズ TOY STORY カップル 夫婦 ギフト プレゼント,【年中無休で発送OK】,"<img src=""http://image.rakuten.co.jp/vs-vs66/cabinet/imgrc0067841140.jpg""><br>
<br>
<IMG SRC=""http://image.rakuten.co.jp/vs-vs66/cabinet/04122465/imgrc0067982007.jpg"" ALT=トイストーリーバナー><br>
<br>
<br>
トイストーリー バズライトイヤー＆ウッディ ペアマグ♪
<br><br>
バズとウッディのとっても可愛いペアマグ♪
<br><br>
立体的になってます！！
<br><br>
カップルや夫婦で毎日使う食器も可愛く楽しんでみてはいかがですか？♪
<br><br>
プレゼントにもぴったりです★
<br>
<br>
■他にもトイストーリーグッズをたくさん取り揃えております♪⇒コチラから♪<br>
<br>
<br>
■サイズ：約H8.5xφ7.5cm
<br><br>
■内容量：300cc
<br>
<br>
■陶器製<br><br>
■可能な配送方法：【宅配便】<br>
<br>
<br>",トイストーリー バズライトイヤー＆ウッディ ペアマグ マグカップ ２セット グッズ TOY STORY カップル 夫婦 ギフト プレゼント：バニティスタジオＶＳ６６,アメリカ雑貨アメリカン雑貨世田谷ベース名古屋 大須 雑貨屋アメカジアメリカンキャラクターグッズ通販アメリカンショップVS66VS66ワーゲンバスルート66トイレマット アメリカンバニティスタジオVS66楽天 アメリカ雑貨バニティスタジオ大須 雑貨楽天 VS66vs66トイストーリー バズライトイヤー＆ウッディ ペアマグ マグカップ ２セット グッズ TOY STORY カップル 夫婦 ギフト プレゼント,【年中無休で発送OK】。トイストーリー バズライトイヤー＆ウッディ ペアマグ マグカップ ２セット グッズ TOY STORY カップル 夫婦 ギフト プレゼント[rn]
26-22545,http://tshop.r10s.jp/vs-vs66/cabinet/04139349/imgrc0071717845.jpg?fitin=700:700,3984.0000,,おもちゃ・ホビー・ゲーム > 趣味・コレクション > キャラクターグッズ > セット・小物,TOY STORY トイストーリー ミニ リュック キッズ ディズニー ピクサー グッズ バズ ウッディ 子供用 2歳～5歳児 幼稚園児 幼児 バッグ,【年中無休で発送OK】【エコ配OK！】,"<img src=""http://image.rakuten.co.jp/vs-vs66/cabinet/imgrc0067841139.jpg""><br>
<br>
<IMG SRC=""http://image.rakuten.co.jp/vs-vs66/cabinet/04122465/imgrc0067982007.jpg"" ALT=トイストーリーバナー><br>
<br>
<br>
ディズニー トイストーリー ミニサイズ バックパック♪<br>
<br>
<br>
アメリカ直輸入♪<br>
<br>
大人気トイストーリーのミニリュックが登場♪<br>
<br>
ウッディ、バズをはじめ、レックス、ブルズアイ、ハム、エイリアンと<br>
人気キャラクター勢揃い！！<br>
<br>
ラメ入りのプリントで輸入グッズならではのデザインです★<br>
<br>
お子様のお気に入りバッグになること間違いなし♪<br>
<br>
プレゼントにもゼヒ～♪<br>
<br>
<br>
■他にもキャラクターバッグをたくさん取り揃えております♪⇒コチラから♪<br>
<br>
■他にもトイストーリーグッズをたくさん取り揃えております♪⇒コチラから♪<br>
<br>
<br>
■サイズ：約H26×W22×D11.5(cm)<br>
<br>
■可能な配送方法：【宅配便】【エコ配】<br>
<br>
<br>",TOY STORY トイストーリー ミニ リュック キッズ ディズニー ピクサー グッズ バズ ウッディ 子供用 2歳～5歳児 幼稚園児 幼児 バッグ：バニティスタジオＶＳ６６,アメリカ雑貨アメリカン雑貨世田谷ベース名古屋 大須 雑貨屋アメカジアメリカンキャラクターグッズ通販アメリカンショップVS66VS66ワーゲンバスルート66トイレマット アメリカンバニティスタジオVS66楽天 アメリカ雑貨バニティスタジオ大須 雑貨楽天 VS66vs66TOY STORY トイストーリー ミニ リュック キッズ ディズニー ピクサー グッズ バズ ウッディ 子供用 2歳～5歳児 幼稚園児 幼児 バッグ,【年中無休で発送OK】【エコ配OK！】。TOY STORY トイストーリー ミニ リュック キッズ ディズニー ピクサー グッズ バズ ウッディ 子供用 2歳～5歳児 幼稚園児 幼児 バッグ[rn]
26-22546,http://tshop.r10s.jp/vs-vs66/cabinet/04139349/imgrc0073519690.jpg?fitin=700:700,7584.0000,,おもちゃ・ホビー・ゲーム > 趣味・コレクション > キャラクターグッズ > セット・小物,TOYSTORY トイストーリー ローリング バックパック リュック キャリーバッグ （子供用～大人用）キッズ レディース バッグ バズ ウッディ エイリアン トイストーリー グッズ,【年中無休で発送OK】【送料無料！】,"<img src=""http://image.rakuten.co.jp/vs-vs66/cabinet/imgrc0067841141.jpg""><br>
<br>
<IMG SRC=""http://image.rakuten.co.jp/vs-vs66/cabinet/04122465/imgrc0067982007.jpg"" ALT=トイストーリーバナー><br>
<br>
<br>
アメリカ直輸入♪<br>
<br>
<br>
大人気『トイストーリー』のローリングバッグパック♪<br>
<br>
リュックとしても、キャリーバッグとしても使用できる優れもの！<br>
<br>
<br>
リュックとしては<br>
アメリカジュニアサイズのトドラーリュックで、<br>
44cmと大きめサイズなので、お子様はもちろん、日本では大人の方まで使えるサイズです！<br>
<br>
サイドにはポケットが付いていて<br>
全面にもファスナーポケットが２つあるので収納ばっちり♪<br>
<br>
背負う時はカートを覆うカバーが後ろに付いてるので汚れの心配なし！<br>
<br>
<br>
キャリーがついてる分重いと思いがちですが、そんなに重く感じないし、<br>
とにかく便利なのでオススメです★<br>
<br>
デザインもとっても可愛く、<br>
チャンクやスパーク・トゥイッチと珍しいキャラクターもプリントされてるのが◎！！<br>
<br>
少量入荷で次回入荷未定アイテムですのでお見逃しなく♪<br>
<br>
<br>
■他にもキャラクターバッグをたくさん取り揃えております♪⇒コチラから♪<br>
<br>
■他にもトイストーリーグッズをたくさん取り揃えております♪⇒コチラから♪<br>
<br>
<br>
■サイズ<br>
縦：約７１cm<br>
幅：約２８cm<br>
マチ：約１８cm<br>
<br>
<br>",TOYSTORY トイストーリー ローリング バックパック リュック キャリーバッグ （子供用～大人用）キッズ レディース バッグ バズ ウッディ エイリアン トイストーリー グッズ：バニティスタジオＶＳ６６,アメリカ雑貨アメリカン雑貨世田谷ベース名古屋 大須 雑貨屋アメカジアメリカンキャラクターグッズ通販アメリカンショップVS66VS66ワーゲンバスルート66トイレマット アメリカンバニティスタジオVS66楽天 アメリカ雑貨バニティスタジオ大須 雑貨楽天 VS66vs66TOYSTORY トイストーリー ローリング バックパック リュック キャリーバッグ （子供用～大人用）キッズ レディース バッグ バズ ウッディ エイリアン トイストーリー グッズ,【年中無休で発送OK】【送料無料！】。TOYSTORY トイストーリー ローリング バックパック リュック キャリーバッグ （子供用～大人用）キッズ レディース バッグ バズ ウッディ エイリアン トイストーリー グッズ[rn]
26-22547,http://tshop.r10s.jp/vs-vs66/cabinet/04411872/imgrc0075921462.jpg?fitin=700:700,1024.0000,,おもちゃ・ホビー・ゲーム > 趣味・コレクション > キャラクターグッズ > セット・小物,バービー サテン パスケース 定期入れ カード入れ カードホルダー ピンク 女の子 可愛い かわいい Barbie グッズ プレゼント ギフト,【年中無休で発送OK】【エコ配OK！】,"<img src=""http://image.rakuten.co.jp/vs-vs66/cabinet/imgrc0067841139.jpg""><br>
<br>
<IMG SRC=""http://image.rakuten.co.jp/vs-vs66/cabinet/04122465/imgrc0069096919.jpg"" ALT=バービーバナー><br>
<br>
<br>
バービーのサテンポーチシリーズに新たにパスケースが登場♪<br>
<br>
バービーは女の子のファッションリーダー！憧れのキャラクターですよね♪<br>
<br>
リボンやハート＆パールのチャーム付き♪<br>
<br>
２つ折りタイプになっていて、内側にもカードを収納できます♪<br>
<br>
また、裏面にクリアポケットが付いているので定期をはじめ社員証などにも◎！<br>
<br>
お気に入りの写真など入れても可愛いですね♪<br>
<br>
カラー、デザインは2種類♪<br>
<br>
カラーによってバービーも洋服や髪形など雰囲気が違ってどちらも可愛いです！<br>
<br>
定番アイテムでとっても人気なのでプレゼントにも間違いなしです！＾＾<br>
<br>
<br>
■他にもバービーグッズをたくさん取り揃えております♪⇒コチラから♪<br>
<br>
<br>
■サイズ：約H16xW11cm<br>
<br>
■可能な配送方法：【宅配便】【エコ配】<br>
<br>
<br>",バービー サテン パスケース 定期入れ カード入れ カードホルダー ピンク 女の子 可愛い かわいい Barbie グッズ プレゼント ギフト：バニティスタジオＶＳ６６,アメリカ雑貨アメリカン雑貨世田谷ベース名古屋 大須 雑貨屋アメカジアメリカンキャラクターグッズ通販アメリカンショップVS66VS66ワーゲンバスルート66トイレマット アメリカンバニティスタジオVS66楽天 アメリカ雑貨バニティスタジオ大須 雑貨楽天 VS66vs66バービー サテン パスケース 定期入れ カード入れ カードホルダー ピンク 女の子 可愛い かわいい Barbie グッズ プレゼント ギフト,【年中無休で発送OK】【エコ配OK！】。バービー サテン パスケース 定期入れ カード入れ カードホルダー ピンク 女の子 可愛い かわいい Barbie グッズ プレゼント ギフト[rn]
26-22548,http://tshop.r10s.jp/vs-vs66/cabinet/04139349/imgrc0075521249.jpg?fitin=700:700,1344.0000,,おもちゃ・ホビー・ゲーム > 趣味・コレクション > キャラクターグッズ > セット・小物,トイストーリー ＆ モンスターズ・インク ペア グラス セット コップ ディズニー ピクサー プレゼント ギフト TOYSTORY Monsters Inc モンスターズインク モンスターズユニバーシティ グッズ 食器,【年中無休で発送OK】,"<img src=""http://image.rakuten.co.jp/vs-vs66/cabinet/imgrc0067841140.jpg""><br>
<br>
<IMG SRC=""http://image.rakuten.co.jp/vs-vs66/cabinet/04122465/imgrc0067982007.jpg"" ALT=トイストーリーバナー><br>
<br>
<br>
海外直輸入☆<br>
<br>
大人気ディズニーピクサー映画の<br>
『トイストーリー』と『モンスターズ・インク』のペアグラスが登場！<br>
<br>
１００年以上歴史のあるアメリカ発の老舗ブランド『HALLMARK』社製♪<br>
<br>
イラストがぐる～っと入っていてどこから眺めてもとっても可愛いです！<br>
<br>
毎日使う食器を可愛く楽しんでみてはいかがですか？♪<br>
<br>
また、ボックス付なのでプレゼントにもぴったりです★<br>
<br>
<br>
日本では中々手に入らないアイテムですのでFANの方要必見です！！<br>
<br>
<br>
■こちらのシリーズは『ファインディング・ドリー』＆『Mr.インクレディブル』のペアグラスもあります♪ ⇒コチラから♪<br>
<br>
■他にもトイストーリー グッズをたくさん取り揃えております♪⇒コチラから♪<br>
<br>
■他にもモンスターズ・インク グッズをたくさん取り揃えております♪⇒コチラから♪<br>
<br>
<br>
■サイズ：約H14xW7cm<br>
<br>
■輸入品ですので多少BOXの傷み等ある場合があります。ご了承ください。<br>
<br>
■可能な配送方法：【宅配便】<br>
<br>
<br>",トイストーリー ＆ モンスターズ・インク ペア グラス セット コップ ディズニー ピクサー プレゼント ギフト TOYSTORY Monsters Inc モンスターズインク モンスターズユニバーシティ グッズ 食器：バニティスタジオＶＳ６６,アメリカ雑貨アメリカン雑貨世田谷ベース名古屋 大須 雑貨屋アメカジアメリカンキャラクターグッズ通販アメリカンショップVS66VS66ワーゲンバスルート66トイレマット アメリカンバニティスタジオVS66楽天 アメリカ雑貨バニティスタジオ大須 雑貨楽天 VS66vs66トイストーリー ＆ モンスターズ・インク ペア グラス セット コップ ディズニー ピクサー プレゼント ギフト TOYSTORY Monsters Inc モンスターズインク モンスターズユニバーシティ グッズ 食器,【年中無休で発送OK】。トイストーリー ＆ モンスターズ・インク ペア グラス セット コップ ディズニー ピクサー プレゼント ギフト TOYSTORY Monsters Inc モンスターズインク モンスターズユニバーシティ グッズ 食器[rn]
26-22549,http://tshop.r10s.jp/vs-vs66/cabinet/04411872/imgrc0075743578.jpg?fitin=700:700,3984.0000,,おもちゃ・ホビー・ゲーム > 趣味・コレクション > キャラクターグッズ > セット・小物,バービー Barbie ラージ リュック (silhouette) バックパック 子供用～大人用 女の子 女の子用 鞄 バッグ バービー人形 グッズ ピンク,【年中無休で発送OK】【エコ配OK！】,"<img src=""http://image.rakuten.co.jp/vs-vs66/cabinet/imgrc0067841139.jpg""><br>
<br>
<IMG SRC=""http://image.rakuten.co.jp/vs-vs66/cabinet/04122465/imgrc0069096919.jpg"" ALT=バービーバナー><br>
<br>
<br>
アメリカ直輸入♪<br>
<br>
<br>
大人もOKなサイズのバービーラージリュックです♪<br>
<br>
お子様はもちろん、日本では大人の方まで使えるサイズです！<br>
<br>
前面にはチャック付きのポケット、<br>
ファスナーを開けた中にもポケットがあり収納ばっちりです♪<br>
<br>
シンプルなデザインなのでとっても使いやすいです！！<br>
<br>
大人気のバービーのリュックは<br>
在庫がなくなっちゃうとなかなか再入荷しないのでお早めに♪<br>
<br>
ギフト、プレゼントにもオススメ！！<br>
<br>
<br>
■他にもキャラクターバッグをたくさん取り揃えております♪⇒コチラから♪<br>
<br>
■他にもバービーグッズをたくさん取り揃えております♪⇒コチラから♪<br>
<br>
<br>
■サイズ<br>
・縦：約44cm<br>
・幅：約33cm<br>
・マチ：約13cm<br>
<br>
■可能な配送方法：【宅配便】【エコ配】<br>
<br>",バービー Barbie ラージ リュック (silhouette) バックパック 子供用～大人用 女の子 女の子用 鞄 バッグ バービー人形 グッズ ピンク：バニティスタジオＶＳ６６,アメリカ雑貨アメリカン雑貨世田谷ベース名古屋 大須 雑貨屋アメカジアメリカンキャラクターグッズ通販アメリカンショップVS66VS66ワーゲンバスルート66トイレマット アメリカンバニティスタジオVS66楽天 アメリカ雑貨バニティスタジオ大須 雑貨楽天 VS66vs66バービー Barbie ラージ リュック (silhouette) バックパック 子供用～大人用 女の子 女の子用 鞄 バッグ バービー人形 グッズ ピンク,【年中無休で発送OK】【エコ配OK！】。バービー Barbie ラージ リュック (silhouette) バックパック 子供用～大人用 女の子 女の子用 鞄 バッグ バービー人形 グッズ ピンク[rn]
26-22550,http://tshop.r10s.jp/vs-vs66/cabinet/04139349/imgrc0071224884.jpg?fitin=700:700,3992.0000,,おもちゃ・ホビー・ゲーム > 趣味・コレクション > キャラクターグッズ > セット・小物,TOY STORY トイストーリー ショルダーバッグ ランチバッグ キッズ レディース バッグ ウッディ バズ グッズ 雑貨 レジャー,【年中無休で発送OK】【エコ配OK！】,"<img src=""http://image.rakuten.co.jp/vs-vs66/cabinet/imgrc0067841139.jpg""><br>
<br>
<IMG SRC=""http://image.rakuten.co.jp/vs-vs66/cabinet/04122465/imgrc0067982007.jpg"" ALT=トイストーリーバナー><br>
<br>
<br>
ディズニー トイストーリー ショルダーバッグ♪
<br><br>
アメリカ直輸入♪
<br><br>
バズとウッディやレックス、ハム、リトルグリーンメン、ウィージーのカラフルなプリントがとってもかわいいショルダーバッグが登場♪
<br><br>
細かいものが収納出来る便利な小さなポケット付き！
<br><br>
１年中使える保冷保温効果があるので、ママさん方も安心♪
<br><br>
お子様のお弁当やお菓子、ジュースなどを入れてお出掛けしましょう！！
<br><br>
プレゼントにもゼヒ～
<br>
<br>
■他にもキャラクターバッグをたくさん取り揃えております♪⇒コチラから♪<br>
<br>
■他にもトイストーリーグッズをたくさん取り揃えております♪⇒コチラから♪<br>
<br>
<br>
■サイズ：約H27×W19.5×底マチ9cm<br>
<br>
<br>
■海外輸入品のため多少縫製の乱れ等ある場合がございます。
<br>
<br>
■可能な配送方法：【宅配便】【エコ配】<br>
<br>
<br>",TOY STORY トイストーリー ショルダーバッグ ランチバッグ キッズ レディース バッグ ウッディ バズ グッズ 雑貨 レジャー：バニティスタジオＶＳ６６,アメリカ雑貨アメリカン雑貨世田谷ベース名古屋 大須 雑貨屋アメカジアメリカンキャラクターグッズ通販アメリカンショップVS66VS66ワーゲンバスルート66トイレマット アメリカンバニティスタジオVS66楽天 アメリカ雑貨バニティスタジオ大須 雑貨楽天 VS66vs66TOY STORY トイストーリー ショルダーバッグ ランチバッグ キッズ レディース バッグ ウッディ バズ グッズ 雑貨 レジャー,【年中無休で発送OK】【エコ配OK！】。TOY STORY トイストーリー ショルダーバッグ ランチバッグ キッズ レディース バッグ ウッディ バズ グッズ 雑貨 レジャー[rn]
26-22551,http://tshop.r10s.jp/vs-vs66/cabinet/04411872/imgrc0077358919.jpg?fitin=700:700,4224.0000,,おもちゃ・ホビー・ゲーム > 趣味・コレクション > キャラクターグッズ > セット・小物,バービー Barbie ラージ リュック (R&R) バックパック 子供用～大人用 女の子 女の子用 鞄 バッグ バービー人形 グッズ ピンク かわいい プレゼント ギフト,【年中無休で発送OK】【エコ配OK！】,"<img src=""http://image.rakuten.co.jp/vs-vs66/cabinet/imgrc0067841139.jpg""><br>
<br>
<IMG SRC=""http://image.rakuten.co.jp/vs-vs66/cabinet/04122465/imgrc0069096919.jpg"" ALT=バービーバナー><br>
<br>
<br>
アメリカ直輸入♪<br>
<br>
<br>
大人もOKなサイズのバービーラージリュックです♪<br>
<br>
お子様はもちろん、日本では大人の方まで使えるサイズです！<br>
<br>
前面にはチャック付きのポケット、<br>
サイドにはメッシュポケットが２つと収納ばっちり♪<br>
<br>
シンプルなデザインなのでとっても使いやすいです！！<br>
<br>
大人気のバービーのリュックは<br>
在庫がなくなっちゃうとなかなか再入荷しないのでお早めに♪<br>
<br>
ギフト、プレゼントにもオススメ！！<br>
<br>
<br>
■他にもキャラクターバッグをたくさん取り揃えております♪⇒コチラから♪<br>
<br>
■他にもバービーグッズをたくさん取り揃えております♪⇒コチラから♪<br>
<br>
<br>
■サイズ<br>
・縦：約38cm<br>
・幅：約29cm<br>
・マチ：約12cm<br>
<br>
■可能な配送方法：【宅配便】【エコ配】<br>
<br>",バービー Barbie ラージ リュック (R&amp;R) バックパック 子供用～大人用 女の子 女の子用 鞄 バッグ バービー人形 グッズ ピンク かわいい プレゼント ギフト：バニティスタジオＶＳ６６,アメリカ雑貨アメリカン雑貨世田谷ベース名古屋 大須 雑貨屋アメカジアメリカンキャラクターグッズ通販アメリカンショップVS66VS66ワーゲンバスルート66トイレマット アメリカンバニティスタジオVS66楽天 アメリカ雑貨バニティスタジオ大須 雑貨楽天 VS66vs66バービー Barbie ラージ リュック (R&amp;R) バックパック 子供用～大人用 女の子 女の子用 鞄 バッグ バービー人形 グッズ ピンク かわいい プレゼント ギフト,【年中無休で発送OK】【エコ配OK！】。バービー Barbie ラージ リュック (R&amp;R) バックパック 子供用～大人用 女の子 女の子用 鞄 バッグ バービー人形 グッズ ピンク かわいい プレゼント ギフト[rn]
26-22552,http://tshop.r10s.jp/vs-vs66/cabinet/04139349/imgrc0071728155.jpg?fitin=700:700,1344.0000,,おもちゃ・ホビー・ゲーム > 趣味・コレクション > キャラクターグッズ > セット・小物,トイストーリー リトルグリーンメン エイリアン 貯金箱 コインバンク  陶器 フィギュア Little Green Men LGM グッズ TOY STORY ギフト プレゼント,【年中無休で発送OK】,"<img src=""http://image.rakuten.co.jp/vs-vs66/cabinet/imgrc0067841140.jpg""><br>
<br>
<IMG SRC=""http://image.rakuten.co.jp/vs-vs66/cabinet/04122465/imgrc0067982007.jpg"" ALT=トイストーリーバナー><br>
<br>
<br>
トイストーリー リトルグリーンメン エイリアン 陶器製 貯金箱♪
<br><br>
エイリアン好き必見！
<br><br>
陶器製のリトルグリーンメンの貯金箱が登場♪
<br><br>
後ろの頭からコインを入れ、底を外すと中身を取り出すことができます。
<br><br>
コレクションとして飾るととってもナイスな存在感をかもし出してくれます☆
<br><br>
ボックスも可愛いのでギフトにもオススメ★
<br>
<br>
■他にもトイストーリーグッズをたくさん取り揃えております♪⇒コチラから♪<br>
<br>
<br>
■サイズ：約H13xW8.2xD8cm
<br>
<br>
■陶器製<br><br>
■可能な配送方法：【宅配便】<br>
<br>
<br>",トイストーリー リトルグリーンメン エイリアン 貯金箱 コインバンク  陶器 フィギュア Little Green Men LGM グッズ TOY STORY ギフト プレゼント：バニティスタジオＶＳ６６,アメリカ雑貨アメリカン雑貨世田谷ベース名古屋 大須 雑貨屋アメカジアメリカンキャラクターグッズ通販アメリカンショップVS66VS66ワーゲンバスルート66トイレマット アメリカンバニティスタジオVS66楽天 アメリカ雑貨バニティスタジオ大須 雑貨楽天 VS66vs66トイストーリー リトルグリーンメン エイリアン 貯金箱 コインバンク  陶器 フィギュア Little Green Men LGM グッズ TOY STORY ギフト プレゼント,【年中無休で発送OK】。トイストーリー リトルグリーンメン エイリアン 貯金箱 コインバンク  陶器 フィギュア Little Green Men LGM グッズ TOY STORY ギフト プレゼント[rn]
26-22553,http://tshop.r10s.jp/vs-vs66/cabinet/04411872/imgrc0075743586.jpg?fitin=700:700,7184.0000,,おもちゃ・ホビー・ゲーム > 趣味・コレクション > キャラクターグッズ > セット・小物,バービー Barbie ラージ リュック (jewelry) バックパック 子供用～大人用 女の子 女の子用 鞄 バッグ バービー人形 グッズ ピンク ロゴ,【年中無休で発送OK】【エコ配OK！】,"<img src=""http://image.rakuten.co.jp/vs-vs66/cabinet/imgrc0067841139.jpg""><br>
<br>
<IMG SRC=""http://image.rakuten.co.jp/vs-vs66/cabinet/04122465/imgrc0069096919.jpg"" ALT=バービーバナー><br>
<br>
<br>
アメリカ直輸入♪<br>
<br>
<br>
大人もOKなサイズのバービーラージリュックです♪<br>
<br>
お子様はもちろん、日本では大人の方まで使えるサイズです！<br>
<br>
前面にはチャック付きのポケット、サイドにはメッシュポケットが２つ、<br>
ファスナーを開けた中にもポケットがあり収納ばっちりです♪<br>
<br>
大人気のバービーのリュックは<br>
在庫がなくなっちゃうとなかなか再入荷しないのでお早めに♪<br>
<br>
日本では中々見かけないアイテムですので<br>
ギフト、プレゼントにもオススメ！！<br>
<br>
<br>
■他にもキャラクターバッグをたくさん取り揃えております♪⇒コチラから♪<br>
<br>
■他にもバービーグッズをたくさん取り揃えております♪⇒コチラから♪<br>
<br>
<br>
■サイズ<br>
・縦：約41cm<br>
・幅：約30cm<br>
・マチ：約13cm<br>
<br>
■可能な配送方法：【宅配便】【エコ配】<br>
<br>",バービー Barbie ラージ リュック (jewelry) バックパック 子供用～大人用 女の子 女の子用 鞄 バッグ バービー人形 グッズ ピンク ロゴ：バニティスタジオＶＳ６６,アメリカ雑貨アメリカン雑貨世田谷ベース名古屋 大須 雑貨屋アメカジアメリカンキャラクターグッズ通販アメリカンショップVS66VS66ワーゲンバスルート66トイレマット アメリカンバニティスタジオVS66楽天 アメリカ雑貨バニティスタジオ大須 雑貨楽天 VS66vs66バービー Barbie ラージ リュック (jewelry) バックパック 子供用～大人用 女の子 女の子用 鞄 バッグ バービー人形 グッズ ピンク ロゴ,【年中無休で発送OK】【エコ配OK！】。バービー Barbie ラージ リュック (jewelry) バックパック 子供用～大人用 女の子 女の子用 鞄 バッグ バービー人形 グッズ ピンク ロゴ[rn]
26-22554,http://tshop.r10s.jp/vs-vs66/cabinet/04139349/imgrc0078227802.jpg?fitin=700:700,4784.0000,,おもちゃ・ホビー・ゲーム > 趣味・コレクション > キャラクターグッズ > セット・小物,TOYSTORY ミディアムサイズ (小学高学年～レディース 身長約150cm) リュック バックパック キッズ レディース バッグ バズ ウッディ トイストーリー グッズ プレゼント ギフト 女の子 男の子,【年中無休で発送OK】【エコ配OK！】,"<img src=""http://image.rakuten.co.jp/vs-vs66/cabinet/imgrc0067841139.jpg""><br>
<br>
<IMG SRC=""http://image.rakuten.co.jp/vs-vs66/cabinet/04122465/imgrc0067982007.jpg"" ALT=トイストーリーバナー><br>
<br>
<br>
トイストーリー キッズサイズ バックパック♪<br>
<br>
アメリカ直輸入♪<br>
<br>
前面にファスナー式のポケットが2つ、<br>
両サイドにメッシュポケット2つと収納たっぷり！<br>
<br>
今にも飛び出してきそうなトイストーリーのキャラクター達が、可愛くてファンにはたまりません！！<br>
<br>
お気に入りバッグになること間違いなし♪<br>
<br>
海外キッズサイズなのでお子様はもちろん、大人の女性の方でもご使用できます♪<br>
<br>
プレゼントにもゼヒ～♪<br>
<br>
<br>
■他にもキャラクターバッグをたくさん取り揃えております♪⇒コチラから♪<br>
<br>
■他にもトイストーリーグッズをたくさん取り揃えております♪⇒コチラから♪<br>
<br>
<br>
■サイズ：約H36×W30×D14(cm)<br>
<br>
■可能な配送方法：【宅配便】【エコ配】<br>
<br>
<br>",TOYSTORY ミディアムサイズ (小学高学年～レディース 身長約150cm) リュック バックパック キッズ レディース バッグ バズ ウッディ トイストーリー グッズ プレゼント ギフト 女の子 男の子：バニティスタジオＶＳ６６,アメリカ雑貨アメリカン雑貨世田谷ベース名古屋 大須 雑貨屋アメカジアメリカンキャラクターグッズ通販アメリカンショップVS66VS66ワーゲンバスルート66トイレマット アメリカンバニティスタジオVS66楽天 アメリカ雑貨バニティスタジオ大須 雑貨楽天 VS66vs66TOYSTORY ミディアムサイズ (小学高学年～レディース 身長約150cm) リュック バックパック キッズ レディース バッグ バズ ウッディ トイストーリー グッズ プレゼント ギフト 女の子 男の子,【年中無休で発送OK】【エコ配OK！】。TOYSTORY ミディアムサイズ (小学高学年～レディース 身長約150cm) リュック バックパック キッズ レディース バッグ バズ ウッディ トイストーリー グッズ プレゼント ギフト 女の子 男の子[rn]
26-22555,http://tshop.r10s.jp/vs-vs66/cabinet/04411872/imgrc0075793670.jpg?fitin=700:700,3744.0000,,おもちゃ・ホビー・ゲーム > 趣味・コレクション > キャラクターグッズ > セット・小物,バービー Barbie トドラーサイズ リュック (幼稚園児～小学低学年) （R&R) バックパック 子供用 キッズ 女の子 鞄 バッグ グッズ バービー人形 グッズ ピンク ロゴ,【年中無休で発送OK】【エコ配OK！】,"<img src=""http://image.rakuten.co.jp/vs-vs66/cabinet/imgrc0067841139.jpg""><br>
<br>
<IMG SRC=""http://image.rakuten.co.jp/vs-vs66/cabinet/04122465/imgrc0069096919.jpg"" ALT=バービーバナー><br>
<br>
<br>
アメリカ直輸入♪<br>
<br>
<br>
幼稚園児～小学校低学年サイズのバービーのトドラーリュックです♪<br>
<br>
女の子のあこがれ★大人気のバービーのお子様用サイズリュックは珍しい！！<br>
<br>
表面のバービーのプリント部分がポケットになっていて、<br>
サイドにもフリルの付いたメッシュポケットが２つあり収納ばっちりです♪<br>
<br>
なにより！チャームがバービーのシルエット・キーホルダー付！<br>
<br>
どこから見ても可愛くてお出かけが楽しくなっちゃいます♪<br>
<br>
お気に入りのリュックになること間違いなしなので、<br>
女の子へのプレゼント・ギフトにもオススメです⌒☆！<br>
<br>
<br>
■他にもキャラクターバッグをたくさん取り揃えております♪⇒コチラから♪<br>
<br>
■他にもバービーグッズをたくさん取り揃えております♪⇒コチラから♪<br>
<br>
<br>
■サイズ<br>
・縦：約31cm<br>
・幅：約27cm<br>
・マチ：約11cm<br>
<br>
■可能な配送方法：【宅配便】【エコ配】<br>
<br>",バービー Barbie トドラーサイズ リュック (幼稚園児～小学低学年) （R&amp;R) バックパック 子供用 キッズ 女の子 鞄 バッグ グッズ バービー人形 グッズ ピンク ロゴ：バニティスタジオＶＳ６６,アメリカ雑貨アメリカン雑貨世田谷ベース名古屋 大須 雑貨屋アメカジアメリカンキャラクターグッズ通販アメリカンショップVS66VS66ワーゲンバスルート66トイレマット アメリカンバニティスタジオVS66楽天 アメリカ雑貨バニティスタジオ大須 雑貨楽天 VS66vs66バービー Barbie トドラーサイズ リュック (幼稚園児～小学低学年) （R&amp;R) バックパック 子供用 キッズ 女の子 鞄 バッグ グッズ バービー人形 グッズ ピンク ロゴ,【年中無休で発送OK】【エコ配OK！】。バービー Barbie トドラーサイズ リュック (幼稚園児～小学低学年) （R&amp;R) バックパック 子供用 キッズ 女の子 鞄 バッグ グッズ バービー人形 グッズ ピンク ロゴ[rn]
26-22556,http://tshop.r10s.jp/vs-vs66/cabinet/04148112/imgrc0069043729.jpg?fitin=700:700,1584.0000,,おもちゃ・ホビー・ゲーム > 趣味・コレクション > キャラクターグッズ > セット・小物,Barbie バービー ダストボックス ゴミ箱 小物入れ バービー グッズ,【年中無休で発送OK】,"<img src=""http://image.rakuten.co.jp/vs-vs66/cabinet/imgrc0067841140.jpg""><br>
<br>
<IMG SRC=""http://image.rakuten.co.jp/vs-vs66/cabinet/04122465/imgrc0069096919.jpg"" ALT=バービーバナー><br>
<br>
<br>
海外直輸入のバービーのレアなグッズ♪<br>
<br>
プラ製のダストボックスが登場！！<br>
<br>
とっても可愛くてキレイなバービーがUP♪<br>
<br>
女の子らしいITEMのイラストもあり、お部屋が華やかに変身してくれます！！<br>
<br>
ゴミ箱以外にも小物入れや玩具入れにしても◎！<br>
<br>
<br>
■他にもバービーグッズをたくさん取り揃えております♪⇒コチラから♪<br>
<br>
<br>
■サイズ：H23xφ16cm<br>
<br>
■可能な配送方法：【宅配便】<br>
<br>
<br>",Barbie バービー ダストボックス ゴミ箱 小物入れ バービー グッズ：バニティスタジオＶＳ６６,アメリカ雑貨アメリカン雑貨世田谷ベース名古屋 大須 雑貨屋アメカジアメリカンキャラクターグッズ通販アメリカンショップVS66VS66ワーゲンバスルート66トイレマット アメリカンバニティスタジオVS66楽天 アメリカ雑貨バニティスタジオ大須 雑貨楽天 VS66vs66Barbie バービー ダストボックス ゴミ箱 小物入れ バービー グッズ,【年中無休で発送OK】。Barbie バービー ダストボックス ゴミ箱 小物入れ バービー グッズ[rn]
26-22557,http://tshop.r10s.jp/vs-vs66/cabinet/04139349/imgrc0076367695.jpg?fitin=700:700,544.0000,,おもちゃ・ホビー・ゲーム > 趣味・コレクション > キャラクターグッズ > セット・小物,トイストーリー マグカップ コップ ウッディ バズライトイヤー ジェシー ハム スリンキードッグ エイリアン TOYSTORY プレゼント ギフト アメリカン 雑貨 食器 生活雑貨 キャラクター,【年中無休で発送OK】,"<img src=""http://image.rakuten.co.jp/vs-vs66/cabinet/imgrc0067841140.jpg""><br>
<br>
<IMG SRC=""http://image.rakuten.co.jp/vs-vs66/cabinet/04122465/imgrc0067982007.jpg"" ALT=トイストーリーバナー><br>
<br>
<br>
トイストーリーFAN必見！<br>
<br>
大人気☆トイストーリーのマグカップが登場♪<br>
<br>
バスの中にはお馴染メンバーが勢揃い！！<br>
<br>
マグとして使用するのはもちろん！小物入れにしても◎！<br>
<br>
ボックスも可愛いのでギフトにもオススメです★<br>
<br>
<br>
■他にもトイストーリーグッズをたくさん取り揃えております♪⇒コチラから♪<br>
<br>
<br>
■本体サイズ：約H80xφ85mm<br>
<br>
■パッケージサイズ：H85xW120xD95mm<br>
<br>
■材質：陶器<br>
<br>
■可能な配送方法：【宅配便】<br>
<br>
<br>",トイストーリー マグカップ コップ ウッディ バズライトイヤー ジェシー ハム スリンキードッグ エイリアン TOYSTORY プレゼント ギフト アメリカン 雑貨 食器 生活雑貨 キャラクター：バニティスタジオＶＳ６６,アメリカ雑貨アメリカン雑貨世田谷ベース名古屋 大須 雑貨屋アメカジアメリカンキャラクターグッズ通販アメリカンショップVS66VS66ワーゲンバスルート66トイレマット アメリカンバニティスタジオVS66楽天 アメリカ雑貨バニティスタジオ大須 雑貨楽天 VS66vs66トイストーリー マグカップ コップ ウッディ バズライトイヤー ジェシー ハム スリンキードッグ エイリアン TOYSTORY プレゼント ギフト アメリカン 雑貨 食器 生活雑貨 キャラクター,【年中無休で発送OK】。トイストーリー マグカップ コップ ウッディ バズライトイヤー ジェシー ハム スリンキードッグ エイリアン TOYSTORY プレゼント ギフト アメリカン 雑貨 食器 生活雑貨 キャラクター[rn]
26-22558,http://tshop.r10s.jp/vs-vs66/cabinet/04139349/imgrc0076911525.jpg?fitin=700:700,2944.0000,,おもちゃ・ホビー・ゲーム > 趣味・コレクション > キャラクターグッズ > セット・小物,トイストーリー ショルダーバッグ 保冷 ランチバッグ ディズニー ピクサーTOYSTORY ウッディ バズ レックス グッズ 鞄 カバン キッズ レディース 子供用 大人用 女の子 男の子 プレゼント ギフト,【年中無休で発送OK】【エコ配OK！】,"<img src=""http://image.rakuten.co.jp/vs-vs66/cabinet/imgrc0067841139.jpg""><br>
<br>
<IMG SRC=""http://image.rakuten.co.jp/vs-vs66/cabinet/04122465/imgrc0067982007.jpg"" ALT=トイストーリーバナー><br>
<br>
<br>
海外直輸入♪<br>
<br>
大人気ディズニーピクサー映画『TOYSTORY3』の<br>
かっこいいショルダーバッグが登場！<br>
<br>
保冷可能なショルダーバッグですので、ランチバッグとしてもOK！<br>
<br>
サイドにはメッシュポケットもあり収納ばっちり♪<br>
<br>
使いやすさ抜群なのでお子様の、お気に入りバッグになること間違いなし♪<br>
<br>
肩紐の調節が出来るのでお子様～大人の方までご使用いただけます！！<br>
<br>
プレゼントにもゼヒ～♪<br>
<br>
<br>
■他にもキャラクターバッグをたくさん取り揃えております♪⇒コチラから♪<br>
<br>
■他にもトイストーリーグッズをたくさん取り揃えております♪⇒コチラから♪<br>
<br>
<br>
■サイズ：約H22xW19xD8(cm)<br>
<br>
■海外輸入品のため多少縫製の乱れ等ある場合がございます。
<br>
<br>
■可能な配送方法：【宅配便】【エコ配】<br>
<br>
<br>",トイストーリー ショルダーバッグ 保冷 ランチバッグ ディズニー ピクサーTOYSTORY ウッディ バズ レックス グッズ 鞄 カバン キッズ レディース 子供用 大人用 女の子 男の子 プレゼント ギフト：バニティスタジオＶＳ６６,アメリカ雑貨アメリカン雑貨世田谷ベース名古屋 大須 雑貨屋アメカジアメリカンキャラクターグッズ通販アメリカンショップVS66VS66ワーゲンバスルート66トイレマット アメリカンバニティスタジオVS66楽天 アメリカ雑貨バニティスタジオ大須 雑貨楽天 VS66vs66トイストーリー ショルダーバッグ 保冷 ランチバッグ ディズニー ピクサーTOYSTORY ウッディ バズ レックス グッズ 鞄 カバン キッズ レディース 子供用 大人用 女の子 男の子 プレゼント ギフト,【年中無休で発送OK】【エコ配OK！】。トイストーリー ショルダーバッグ 保冷 ランチバッグ ディズニー ピクサーTOYSTORY ウッディ バズ レックス グッズ 鞄 カバン キッズ レディース 子供用 大人用 女の子 男の子 プレゼント ギフト[rn]
26-22559,http://tshop.r10s.jp/soukai/cabinet/45/4975723033245.jpg?fitin=700:700,312.8000,,水・ソフトドリンク > お茶・紅茶 > 茶葉・ティーバッグ > 中国茶,茶語 三角型ティーバッグ中国茶 凍頂烏龍茶(トウチョウウーロンチャ) 台湾青茶 41001(2g*8パック)【茶語(チャユー)】,茶語(チャユー)★税抜1900円以上で送料無料★,<div id='prd-page'><img src='http://www.rakuten.ne.jp/gold/soukai/image/0_r_cam.jpg' border='0'><br><br>お店TOP＞水 ミネラルウォーター ドリンク＞お茶＞烏龍茶(ウーロン茶)＞茶語 三角型ティーバッグ中国茶 凍頂烏龍茶(トウチョウウーロンチャ) 台湾青茶 41001 (2g*8パック)<br><br>★税抜1900円以上で送料無料★<br><br><img src='http://image.rakuten.co.jp/soukai/cabinet/z45/z4975723033245.jpg' width='100%'><br><br>【茶語 三角型ティーバッグ中国茶 凍頂烏龍茶(トウチョウウーロンチャ) 台湾青茶 41001の商品詳細】<br>●台湾南投県鹿谷郷凍頂山一帯で作られている銘茶です。<br>●硬く締まった球状の茶葉は湯の中で開くと蒼々しい緑色がよみがえり、黄金色の水色は蘭のような香りとまろやかな甘味がある台湾青茶です。<br>●手軽に中国茶を楽しみたい時に便利な三角型ティーバッグタイプです。思い立ったらすぐに飲むことが出来、茶葉の片付けも簡単です。<br>●保存にも便利なチャック付きスタンディング袋を使用しています。<br>●三角型ティーバッグ・・・中国茶を美味しく入れるコツはお湯の中で茶葉をきちんと開かせること。<br>●三角型ティーバッグは茶葉が大きく開く余裕があり、美味しさを十分に引き出すので本格的な味を手軽にお楽しみ頂くことが出来ます。<br>●茶葉がティーバッグいっぱいに膨らみます。<br><br>【茶語 三角型ティーバッグ中国茶 凍頂烏龍茶(トウチョウウーロンチャ) 台湾青茶 41001の原材料】<br>茶(半発酵茶)<br>【規格概要】<br>本体サイズ・・・D50*W110*H180mm<br>【注意事項】<br>・直射日光、高温多湿な場所は避けて常温で保存してください<br>・熱湯のお取り扱いには十分ご注意ください。<br>・虫害を避けるため、開封後は密封容器入れてお早めにお召し上がりください。<br><br>【ブランド】<br>茶語(チャユー)<br><br>【発売元、製造元、輸入元又は販売元】<br>日本緑茶センター<br><br>(ChaYu ちゃゆー チャユー さんかくがたてぃーばっぐちゅうごくちゃ 三角形ティーバッグ中国茶 とうちょううーろん 凍頂ウーロン 凍頂うーろん とうちょうウーロン とうちょう烏龍 たいわんせいちゃ たいわんあおちゃ)<br><br>日本緑茶センター<br>150-0031 東京都渋谷区桜丘町24-2 東武富士ビル<br>03-5728-6800<br><br>広告文責：株式会社爽快ドラッグ<br><br>[お茶/ブランド：茶語(チャユー)/]</div><!---->,茶語 三角型ティーバッグ中国茶 凍頂烏龍茶(トウチョウウーロンチャ) 台湾青茶 41001(2g*8パック)【茶語(チャユー)】：爽快ドラッグ,掃除洗濯健康食品水・ドリンク食料品医薬品ヘルスケアベビー日用品ビューティ家電ペットスポーツリラクゼーション茶語 三角型ティーバッグ中国茶 凍頂烏龍茶(トウチョウウーロンチャ) 台湾青茶 41001(2g*8パック)【茶語(チャユー)】,茶語(チャユー)★税抜1900円以上で送料無料★。茶語 三角型ティーバッグ中国茶 凍頂烏龍茶(トウチョウウーロンチャ) 台湾青茶 41001(2g*8パック)【茶語(チャユー)】[rn]
26-22560,http://tshop.r10s.jp/soukai/cabinet/09/4560256051509.jpg?fitin=700:700,227.2000,,水・ソフトドリンク > お茶・紅茶 > 茶葉・ティーバッグ > 中国茶,黒烏龍茶(3g*30袋入)[烏龍茶 ウーロン茶 お茶],烏龍茶 ウーロン茶 お茶★税抜1900円以上で送料無料★,<div id='prd-page'>お店TOP＞水 ミネラルウォーター ドリンク＞お茶＞烏龍茶(ウーロン茶)＞黒烏龍茶 (3g*30袋入)<br><br>★税抜1900円以上で送料無料★<br><br>【黒烏龍茶の商品詳細】<br>●香ばしく爽やかな味わいです。<br>●ティーバッグタイプで手軽にお飲みいただけます。<br>●冷やしても美味しくいただけます。<br><br>【召し上がり方】<br>★濃いめのお茶をお好みの方<br>・沸騰したお湯(約500～1000mL)の中に1～2袋を入れ、弱火で5～10分間よく煮沸して火を止め、袋を取り出してポットに入れていただくか、湯呑みに注いでお飲みください。<br>・また、あら熱を取った後、他の容器に移し冷蔵庫で冷やしてお飲みいただいても結構です。<br>★薄めのお茶をお好みの方<br>・急須に1袋を入れて、お飲みいただく量のお湯を注いで、適宜な色・香りがでましたら湯呑みに注いでお飲みください。<br><br>【黒烏龍茶の原材料】<br>半発酵茶(黒烏龍茶)<br>【栄養成分】<br>(100g中)<br>エネルギー・・・0kcaL<br>たんぱく質・・・0.1g<br>脂質・・・0.1g<br>炭水化物・・・0.1g<br>ナトリウム・・・検出せず<br>【注意事項】<br>・天然品の原材料を使用しているため、味や色、香りが多少変わる場合もありますが、品質には問題ありません。<br>・開封後は直射日光をさけ、なるべく湿気の少ない涼しいところに保管してください。<br>・品質保持の意味から、開封後はお早めにお飲みください。<br>・お作り頂いたお茶を保存される場合は必ず冷蔵庫に保存し、その日のうちにお飲みください。<br>・乳幼児の手の届かない所に保管してください。<br>・高温、多湿、直射日光を避け、涼しい所に保管してください。<br><br>【発売元、製造元、輸入元又は販売元】<br>HIKARI<br><br>(ケース セット 黒ウーロン茶)<br><br>HIKARI<br>389-0104 長野県北佐久郡軽井沢町軽井沢東1-3<br>0267-41-2424<br><br>広告文責：株式会社爽快ドラッグ<br>0570-666-632<br><br>[お茶]</div><!---->,黒烏龍茶(3g*30袋入)[烏龍茶 ウーロン茶 お茶]：爽快ドラッグ,掃除洗濯健康食品水・ドリンク食料品医薬品ヘルスケアベビー日用品ビューティ家電ペットスポーツリラクゼーション黒烏龍茶(3g*30袋入)[烏龍茶 ウーロン茶 お茶],烏龍茶 ウーロン茶 お茶★税抜1900円以上で送料無料★。黒烏龍茶(3g*30袋入)[烏龍茶 ウーロン茶 お茶][rn]
26-22561,http://tshop.r10s.jp/soukai/cabinet/23/4952773709023.jpg?fitin=700:700,615.2000,,水・ソフトドリンク > お茶・紅茶 > 茶葉・ティーバッグ > 中国茶,烏龍茶(500g)[烏龍茶 ウーロン茶 お茶],烏龍茶 ウーロン茶 お茶★税抜1900円以上で送料無料★,<div id='prd-page'><img src='https://www.rakuten.ne.jp/gold/soukai/image/sd/sale/saleitem_20170525.gif' border='0' width='100%'><br><br>お店TOP＞水 ミネラルウォーター ドリンク＞お茶＞烏龍茶(ウーロン茶)＞烏龍茶 (500g)<br><br>★税抜1900円以上で送料無料★<br><br>【烏龍茶の商品詳細】<br>●本品は、世界の銘茶の故郷とされる、中国福建省産の烏龍茶100％です。<br>●発酵によりもたらされる華やかな香りとさっぱりとした味わいが特徴です。<br>●ご家族皆様の健康生活にお役立てください。<br><br>【召し上がり方】<br>・急須・カップの場合・・・1包を急須に入れて、熱湯を注ぎ2～3分ほど蒸らしてからお飲みください。<br>・煮出す場合・・・約1Lのお湯を沸騰させ、2～3包を入れて、2～3分お好みの濃さになるまで煮出してください。出来上がったらポット等に移してお召し上がりください。<br><br>【烏龍茶の原材料】<br>烏龍茶100％<br>【注意事項】<br>・開封後はなるべくお早めにお召し上がりください。<br>・開封後は密閉できる容器に移して保管してください。<br>・日光の当たる所や湿度の高い所で保存されますと、変質や変色を起こす恐れがあります。<br>・体調に合わないと思われる時は、すぐに摂取をお止め下さい。<br><br>【発売元、製造元、輸入元又は販売元】<br>アルファ<br><br>(ウーロン茶)<br><br>アルファ<br>190-0033 東京都立川市一番町1-6-27<br>042-564-7119<br><br>広告文責：株式会社爽快ドラッグ<br>0570-666-632<br><br>[お茶]</div><!---->,烏龍茶(500g)[烏龍茶 ウーロン茶 お茶]：爽快ドラッグ,掃除洗濯健康食品水・ドリンク食料品医薬品ヘルスケアベビー日用品ビューティ家電ペットスポーツリラクゼーション烏龍茶(500g)[烏龍茶 ウーロン茶 お茶],烏龍茶 ウーロン茶 お茶★税抜1900円以上で送料無料★。烏龍茶(500g)[烏龍茶 ウーロン茶 お茶][rn]
26-22562,http://tshop.r10s.jp/soukai/cabinet/79/4530133003679.jpg?fitin=700:700,360.0000,,水・ソフトドリンク > お茶・紅茶 > 茶葉・ティーバッグ > 中国茶,凍頂烏龍茶 ティーバック(5g*15袋入),★税抜1900円以上で送料無料★,<div id='prd-page'>お店TOP＞水 ミネラルウォーター ドリンク＞お茶＞烏龍茶(ウーロン茶)＞凍頂烏龍茶 ティーバック (5g*15袋入)<br><br>★税抜1900円以上で送料無料★<br><br>【凍頂烏龍茶 ティーバックの商品詳細】<br>●台湾・凍頂山一帯で採取された凍頂烏龍茶のみを原料に使用して作りました。<br>●タンニン(烏龍茶ポリフェノール)が豊富で甘い香りが残ります。<br>●メチル化カテキン含有量310mg(茶葉100g中)<br>●水出しOK！<br>●タグ無しティーバッグ<br>●1包で1リットル抽出<br><br>【召し上がり方】<br>・1包で1リットル抽出<br><br>【凍頂烏龍茶 ティーバックの原材料】<br>茶<br>【栄養成分】<br>エネルギー・・・1kcaL未満<br>たんぱく質・・・0g<br>脂質・・・0g<br>炭水化物・・・0.2g<br>食塩相当量・・・0g<br>【注意事項】<br>・やけどに注意<br><br>【発売元、製造元、輸入元又は販売元】<br>久順銘茶<br><br>(ウーロン茶)<br><br>久順銘茶<br>306-0622 茨城県坂東市大崎214-1<br>0297-30-2588<br><br>広告文責：株式会社爽快ドラッグ<br>0570-666-632<br><br>[お茶]</div><!---->,凍頂烏龍茶 ティーバック(5g*15袋入)：爽快ドラッグ,掃除洗濯健康食品水・ドリンク食料品医薬品ヘルスケアベビー日用品ビューティ家電ペットスポーツリラクゼーション凍頂烏龍茶 ティーバック(5g*15袋入),★税抜1900円以上で送料無料★。凍頂烏龍茶 ティーバック(5g*15袋入)[rn]
26-22563,http://tshop.r10s.jp/soukai/cabinet/11/4901027608711.jpg?fitin=700:700,443.2000,,水・ソフトドリンク > お茶・紅茶 > 茶葉・ティーバッグ > 中国茶,OSK 黒烏龍茶(5g*40袋入),★税抜1900円以上で送料無料★,<div id='prd-page'><img src='http://www.rakuten.ne.jp/gold/soukai/image/0_r_cam.jpg' border='0'><br><br>お店TOP＞水 ミネラルウォーター ドリンク＞お茶＞烏龍茶(ウーロン茶)＞OSK 黒烏龍茶 (5g*40袋入)<br><br>★税抜1900円以上で送料無料★<br><br><img src='http://image.rakuten.co.jp/soukai/cabinet/z11/z4901027608711.jpg' width='100%'><br><br>【OSK 黒烏龍茶の商品詳細】<br>●中国・福建省の茶葉を使用した黒烏龍茶です。<br>●のど越しの良い純朴かつ爽やかな味わいをお楽しみください。<br>●ペットボトルにいれるだけ！水出しOKです。もちろんお湯でも大丈夫です。<br>●肉料理・中華料理・洋風料理、その他揚げ物などの料理に！<br>●残留農薬国内検査済み・国内再度焙煎<br>●手軽に楽しめるティーバッグタイプ<br><br>【召し上がり方】<br>＜お湯出しの場合＞<br>・約500mL～1Lの沸騰したお湯にティーバッグ1袋を入れ、火を止めてください。<br>・お好みの濃さになりましたらティーバッグを取り出し、お召し上がりください。<br>・冷やしてお飲み頂く場合、粗冷ましをした後に容器に移し、冷蔵庫で冷やしてお召し上がりください。<br>＜水出しの場合＞<br>・約500mLの水にティーバッグ1袋を入れ、そのまま冷蔵庫で冷やしてください。<br>・一晩おくとほどよい黒烏龍茶が出来ます。<br>・お湯出しに比べ色は多少うすく出来上がりますが、軽く振ってお好みの濃さになりましたらティーバッグを取り出しお召し上がりください。<br>※お茶の濃さは抽出時間やティーバッグの数量で調整してください。<br><br>【OSK 黒烏龍茶の原材料】<br>茶(半発酵茶)<br>【栄養成分】<br>(お茶一杯100mL当たり)<br>エネルギー・・・0.4kcaL<br>たんぱく質・・・0g<br>脂質・・・0g<br>炭水化物・・・0.1g<br>ナトリウム・・・0mg<br>タンニン・・・0.07g<br>無水カフェイン・・・0.021g<br>【注意事項】<br>・熱湯をご使用の場合は充分ご注意ください。<br>・本商品は、そば・小麦を加工している工場で製造しております。<br>・万一、体質に合わない場合は、飲用をお控えください。<br>・ティーバッグのシール部分に斑点のある場合がありますが、これはパック加工する時に、烏龍茶をはさみこんだものですので、異物ではありません。<br>・直射日光や高温多湿の場所を避けて保存してください。<br><br>【発売元、製造元、輸入元又は販売元】<br>小谷穀粉<br><br>(オーエスケー 黒ウーロン茶)<br><br>小谷穀粉<br>781-8123 高知県高知市高須939-4<br>088-883-3807<br><br>広告文責：株式会社爽快ドラッグ<br><br>[お茶]</div><!---->,OSK 黒烏龍茶(5g*40袋入)：爽快ドラッグ,掃除洗濯健康食品水・ドリンク食料品医薬品ヘルスケアベビー日用品ビューティ家電ペットスポーツリラクゼーションOSK 黒烏龍茶(5g*40袋入),★税抜1900円以上で送料無料★。OSK 黒烏龍茶(5g*40袋入)[rn]
26-22564,http://tshop.r10s.jp/soukai/cabinet/67/4979654025867.jpg?fitin=700:700,535.2000,,水・ソフトドリンク > お茶・紅茶 > 茶葉・ティーバッグ > 中国茶,山本漢方 濃い旨い 烏龍茶(8g*24包),★税抜1900円以上で送料無料★,<div id='prd-page'>お店TOP＞水 ミネラルウォーター ドリンク＞お茶＞烏龍茶(ウーロン茶)＞山本漢方 濃い旨い 烏龍茶 (8g*24包)<br><br>★税抜1900円以上で送料無料★<br><br>【山本漢方 濃い旨い 烏龍茶の商品詳細】<br>●「山本漢方の濃い旨い烏龍茶 8g*24パック」は、ポリフェノールを含有したおいしい風味の濃い烏龍茶です。<br>●1包8g中に総ポリフェノール624mgを含有しています。<br>●黄金桂(烏龍茶)、プーアル茶に濃縮した烏龍茶エキスとプーアル茶エキスをバランスよくブレンドしました。毎日の健康維持にお役立てください。<br><br>【召し上がり方】<br>・やかんの場合<br>沸騰したお湯、約600～1000ccの中へ1バッグ(8g)を入れ、弱火にて軽く泡立つ程度に約3分間以上よく煮だしてお召し上がりください。<br>バッグを入れたままにしておきますと濃くなる場合には、バッグを取除いてください。<br>・アイスの場合<br>やかんで煮だしたあと、湯ざましをしてペットボトルまたは、ウォーターポットに入れ替え冷蔵庫に保管、お飲みください。<br>・冷水だしの場合<br>ウォーターポットの中へ水約400～600ccを注ぎ1バッグをポンと入れ、冷蔵庫に保管すると、約15～30分後に冷水烏龍茶になります。<br>・急須の場合<br>ご使用中の急須に1袋をポンと入れ、お飲みいただく量の湯を入れてお飲みください。<br>濃いめをお好みの方はゆっくり、薄めをお好みの方は、手ばやに茶碗へ給湯してください。<br>・お水の量はお好みにより加減してください。<br>・本品は食品ですので、いつお召し上がりいただいても結構です。<br><br>【山本漢方 濃い旨い 烏龍茶の原材料】<br>烏龍茶(黄金桂)、プーアル茶、カンゾウ、烏龍茶エキス、プーアル茶エキス<br>【栄養成分】<br>1杯100cc(烏龍茶1.3g)当たり<br>エネルギー・・・1kcaL<br>たんぱく質・・・0.1g<br>脂質・・・0g<br>炭水化物・・・0.2g<br>ナトリウム・・・1mg<br>総ポリフェノール・・・104mg<br>【注意事項】<br>・開封後はお早めにご使用ください。<br>・本品は食品ですが、必要以上に大量に摂ることを避けてください。<br>・薬の服用中または、通院中、妊娠中、授乳中の方は、薬剤師またはお医者様にご相談ください。<br>・体調不良時、食品アレルギーの方は、お飲みにならないでください。<br>・万一からだに変調がでましたら、直ちにご使用を中止してください。<br>・天然の素材原料ですので、色、風味が変化する場合がありますが、品質には問題ありません。<br>・煮出したあと、成分等が浮遊して見えることがありますが、問題ありません。<br>・小児の手の届かない所へ保管してください。<br>・食生活は、主食、主菜、副菜を基本に、食事のバランスを。<br>・烏龍茶はツバキ科の植物で天然由来の脂質成分を含みます。その為、お茶面に脂質成分が油のように浮くことがありますが、問題はありませんので安心してご使用ください。<br>・煮だした時間や、お湯の量、火力により、お茶の色や風味に多少のバラツキがでることがございますので、ご了承ください。<br>・そのまま放置しておきますと、腐敗、カビが発生することがありますので、当日中にご使用ください。残りは冷蔵庫に保存ください。<br>・本品のティーバッグの材質は、風味をよくだすために薄い材質を使用しておりますので、バッグ中の原材料の微粒が漏れて内袋に付着する場合がありますが、品質には問題ありませんので、ご安心してご使用ください。<br>・原材料は中国、日本のものを使用して日本国内で製造しています。<br>・栄養成分表示につきましては、沸騰したお湯600ccの中へ1バッグ(8g)を入れ5分間煮出した液の1杯当たりです。<br><br>【発売元、製造元、輸入元又は販売元】<br>山本漢方製薬<br><br>(やまもと漢方 こいうまい うーろんちゃ ウーロン茶)<br><br>山本漢方製薬<br>130-0021　東京都墨田区緑3丁目17-1山本漢方製薬ビル<br>03-5669-5566<br><br>広告文責：株式会社爽快ドラッグ<br>0570-666-632<br><br>[お茶]</div><!---->,山本漢方 濃い旨い 烏龍茶(8g*24包)：爽快ドラッグ,掃除洗濯健康食品水・ドリンク食料品医薬品ヘルスケアベビー日用品ビューティ家電ペットスポーツリラクゼーション山本漢方 濃い旨い 烏龍茶(8g*24包),★税抜1900円以上で送料無料★。山本漢方 濃い旨い 烏龍茶(8g*24包)[rn]
26-22565,http://tshop.r10s.jp/soukai/cabinet/23/4971617050923.jpg?fitin=700:700,296.8000,,水・ソフトドリンク > お茶・紅茶 > 茶葉・ティーバッグ > 中国茶,国太楼 ノンカフェイン 杜仲葉茶 ティーバッグ(18袋入)[お茶],お茶★税抜1900円以上で送料無料★,<div id='prd-page'>お店TOP＞水 ミネラルウォーター ドリンク＞お茶＞杜仲茶(とちゅう茶)＞国太楼 ノンカフェイン 杜仲葉茶 ティーバッグ (18袋入)<br><br>★税抜1900円以上で送料無料★<br><br>【国太楼 ノンカフェイン 杜仲葉茶 ティーバッグの商品詳細】<br>●ノンカフェイン飲料である杜仲葉茶はどなたでも安心してお飲みいただけます。<br>●中国南西部が原産地の杜仲葉茶は、古くから漢方薬として珍重されています。本品は中国産杜仲葉を100％使用し、口当たりよく焙煎して仕上げました。<br>●環境にやさしいコットンフィルター使用<br>●急須でも手軽においしい！<br>●煮出し用<br><br>【召し上がり方】<br>・抽出後は24時間以内にお召し上がり下さい。<br>・一度使用したティーバッグの再利用はご遠慮ください。<br><br>【国太楼 ノンカフェイン 杜仲葉茶 ティーバッグの原材料】<br>杜仲葉(中国)<br>【栄養成分】<br>(抽出液100mL当り)<br>エネルギー・・・1.32kcaL<br>タンパク質・・・0.01g<br>脂質・・・0.04g<br>炭水化物・・・0.23g<br>ナトリウム・・・0.05mg<br>ゲニポシド酸・・・2.3mg<br>カフェイン・・・0.00g<br>【注意事項】<br>・熱湯を使用しますので火傷にご注意ください。<br>・開封後は密閉容器に入れて、お早めにお飲みください。<br><br>【発売元、製造元、輸入元又は販売元】<br>国太楼<br><br>(とちゅう茶)<br><br>国太楼<br>359-0023 埼玉県所沢市東所沢和田2丁目1-11<br>0120-04-0171<br><br>広告文責：株式会社爽快ドラッグ<br><br>[お茶]</div><!---->,国太楼 ノンカフェイン 杜仲葉茶 ティーバッグ(18袋入)[お茶]：爽快ドラッグ,掃除洗濯健康食品水・ドリンク食料品医薬品ヘルスケアベビー日用品ビューティ家電ペットスポーツリラクゼーション国太楼 ノンカフェイン 杜仲葉茶 ティーバッグ(18袋入)[お茶],お茶★税抜1900円以上で送料無料★。国太楼 ノンカフェイン 杜仲葉茶 ティーバッグ(18袋入)[お茶][rn]
26-22566,http://tshop.r10s.jp/soukai/cabinet/02/4524326100702.jpg?fitin=700:700,320.0000,,水・ソフトドリンク > お茶・紅茶 > 茶葉・ティーバッグ > 中国茶,徳用 烏龍茶(5g*52包),★税抜1900円以上で送料無料★,<div id='prd-page'><img src='http://www.rakuten.ne.jp/gold/soukai/image/0_r_cam.jpg' border='0'><br><br>お店TOP＞水 ミネラルウォーター ドリンク＞お茶＞烏龍茶(ウーロン茶)＞徳用 烏龍茶 (5g*52包)<br><br>★税抜1900円以上で送料無料★<br><br>【徳用 烏龍茶の商品詳細】<br>●烏龍茶の名前の由来は、烏のように黒くなり、形も萎縮して曲がりくねり、龍に似ている事から烏龍(ウーロン)と名付けられたと言われています。<br>●ウーロン茶100％をおいしく二度焙煎した徳用ティーバックタイプの健康茶です。<br>●油ものの食事が好きな方など、皆様の健康と美容にお役立てください。<br><br>【召し上がり方】<br>＜煮出す場合＞<br>・500mL～1Lの沸騰したお湯に1～2包を入れ、とろ火で2～3分ほど煮出して1日数回に分けてご飲用ください。<br>・煮出した後、ティーバックをそのまま入れておきますと苦味が出ますので、取り出してください。<br>・冷やしても美味しくご飲用頂けます。<br>＜急須の場合＞<br>・急須に1包入れて、熱湯を注ぎ、2～3分間蒸らして、お好みの色・香りにしてご飲用ください。<br>・1包で数回ご飲用頂けます。<br><br>【徳用 烏龍茶の原材料】<br>烏龍茶100％<br>【注意事項】<br>・表示事項をお読みの上、ご飲用ください。<br>・植物を原料として使用しておりますので、風味や香りなど商品によって違いがあることがありますが、品質に変わりありません。<br>・ティーパックの端に黒い斑点がつくことがありますが、原料の一部がはさまれたものですので、品質には全く問題ありません。<br>・開封前は温度、湿度、光によって変化しやすいので、涼しい所で保存してください。<br>・吸湿性が高いため、開封後は袋をしっかり締め、涼しい所で保存し、出来るだけ早くお召し上がりください。<br>・小さなお子様の手の届かない所に保存してください。<br>・アレルギー体質等まれに体質に合わない方もいますので、ご飲用後体調のすぐれない時は中止してください。<br><br>【発売元、製造元、輸入元又は販売元】<br>ユウキ製薬<br><br>(ウーロン茶)<br><br>ユウキ製薬<br>336-0926 埼玉県さいたま市緑区東浦和5-12-6<br>048-810-4441<br><br>広告文責：株式会社爽快ドラッグ<br><br>[お茶]</div><!---->,徳用 烏龍茶(5g*52包)：爽快ドラッグ,掃除洗濯健康食品水・ドリンク食料品医薬品ヘルスケアベビー日用品ビューティ家電ペットスポーツリラクゼーション徳用 烏龍茶(5g*52包),★税抜1900円以上で送料無料★。徳用 烏龍茶(5g*52包)[rn]
26-22567,http://tshop.r10s.jp/soukai/cabinet/95/4975723014695.jpg?fitin=700:700,480.0000,,水・ソフトドリンク > お茶・紅茶 > 茶葉・ティーバッグ > 中国茶,茶語 オリジナルパック中国茶 安渓鉄観音(アンケイテッカンノン) 中国青茶(70g)【茶語(チャユー)】[烏龍茶 ウーロン茶 お茶],茶語(チャユー) / 烏龍茶 ウーロン茶 お茶,<div id='prd-page'>お店TOP＞水 ミネラルウォーター ドリンク＞お茶＞烏龍茶(ウーロン茶)＞茶語 オリジナルパック中国茶 安渓鉄観音(アンケイテッカンノン) 中国青茶 (70g)<br><br>★税抜1900円以上で送料無料★<br><br>【茶語 オリジナルパック中国茶 安渓鉄観音(アンケイテッカンノン) 中国青茶の商品詳細】<br>●青茶<br>●福建省安渓県の銘茶で肉厚で光沢のある茶葉。味は芳醇で甘く蘭や金木犀の香りと表現されます。<br>●ご自宅用に、またちょっとした贈り物にも最適な、気軽に楽しめるパック入り中国茶です。大変人気のあるアイテムを毎日でもお飲み頂けるお得な商品で、保存にも便利なチャック付アルミ蒸着袋を使用しています。茶語オリジナル六角缶の詰め替え用にもご利用下さい。<br><br>【ブランド】<br>茶語(チャユー)<br><br>【発売元、製造元、輸入元又は販売元】<br>日本緑茶センター<br><br><font color='red'>本品はメーカー製造中止のため、在庫限りで販売終了となります。</font><br><br>(チャユー)<br><br>日本緑茶センター<br>150-0031 東京都渋谷区桜丘町24-2 東武富士ビル<br>03-5728-6800<br><br>広告文責：株式会社爽快ドラッグ<br>0570-666-632<br><br>[お茶/ブランド：茶語(チャユー)/]</div><!---->,茶語 オリジナルパック中国茶 安渓鉄観音(アンケイテッカンノン) 中国青茶(70g)【茶語(チャユー)】[烏龍茶 ウーロン茶 お茶]：爽快ドラッグ,掃除洗濯健康食品水・ドリンク食料品医薬品ヘルスケアベビー日用品ビューティ家電ペットスポーツリラクゼーション茶語 オリジナルパック中国茶 安渓鉄観音(アンケイテッカンノン) 中国青茶(70g)【茶語(チャユー)】[烏龍茶 ウーロン茶 お茶],茶語(チャユー) / 烏龍茶 ウーロン茶 お茶。茶語 オリジナルパック中国茶 安渓鉄観音(アンケイテッカンノン) 中国青茶(70g)【茶語(チャユー)】[烏龍茶 ウーロン茶 お茶][rn]
26-22568,http://tshop.r10s.jp/soukai/cabinet/43/4970058483543.jpg?fitin=700:700,422.4000,,水・ソフトドリンク > お茶・紅茶 > 茶葉・ティーバッグ > 中国茶,宇治森徳かおりちゃん 黒烏龍茶ティーパック(5g*40袋入),★税抜1900円以上で送料無料★,<div id='prd-page'><img src='http://www.rakuten.ne.jp/gold/soukai/image/0_r_cam.jpg' border='0'><br><br>お店TOP＞水 ミネラルウォーター ドリンク＞お茶＞烏龍茶(ウーロン茶)＞宇治森徳かおりちゃん 黒烏龍茶ティーパック (5g*40袋入)<br><br>★税抜1900円以上で送料無料★<br><br>【宇治森徳かおりちゃん 黒烏龍茶ティーパックの商品詳細】<br>●充分に発酵・焙煎した黒くツヤのある烏龍茶<br>●のど越しの良い純朴かつ爽やかな味<br>●肉料理・中華料理・洋風料理・その他揚げ物などの料理に<br><br>【使用方法】<br>・500mLで1パック<br>・お好みの濃さになりましたらパックを取り出してください。<br><br>【宇治森徳かおりちゃん 黒烏龍茶ティーパックの原材料】<br>茶(半発酵茶(中国))<br>【栄養成分】<br>エネルギー・・・1kcaL<br>たんぱく質・・・0g<br>脂質・・・0g<br>炭水化物・・・0.2g<br>ナトリウム・・・0mg<br>タンニン・・・0.05g<br>無水カフェイン・・・0.016g<br>【注意事項】<br>・直射日光、高温多湿を避けて保存してください。<br>・熱湯をご使用の場合は十分ご注意ください。<br>・ウーロン茶は油分を洗い流す性質があります。お茶に出して、少し時間が経つと微量にうつわに残っていた油分や、もとよりお茶に含有している油分が分離し、お茶の上に薄く浮き上がって見える場合がありますが、製品には別に支障ありませんので安心してご愛用ください。<br>・ティーバッグのシール部分に斑点のある場合がありますが、これはパック加工する時に、ウーロン茶をかみこんだもので、異物ではありません。<br><br>【発売元、製造元、輸入元又は販売元】<br>宇治森徳<br><br>(宇治森徳カオリちゃん うじもりとくカオリちゃん うじもりとくかおりちゃん 黒ウーロン茶ティーパック くろウーロンちゃティーパック くろうーろんちゃてぃーぱっく)<br><br>宇治森徳<br>580-0045 大阪府松原市三宅西5-716-3<br>0723-35-7000<br><br>広告文責：株式会社爽快ドラッグ<br><br>[お茶]</div><!---->,宇治森徳かおりちゃん 黒烏龍茶ティーパック(5g*40袋入)：爽快ドラッグ,掃除洗濯健康食品水・ドリンク食料品医薬品ヘルスケアベビー日用品ビューティ家電ペットスポーツリラクゼーション宇治森徳かおりちゃん 黒烏龍茶ティーパック(5g*40袋入),★税抜1900円以上で送料無料★。宇治森徳かおりちゃん 黒烏龍茶ティーパック(5g*40袋入)[rn]
26-22569,http://tshop.r10s.jp/soukai/cabinet/63/12063.jpg?fitin=700:700,2560.0000,,水・ソフトドリンク > お茶・紅茶 > 茶葉・ティーバッグ > 中国茶,烏龍茶 ブラック(2L*6本入*2コセット)[12本 烏龍茶 ウーロン茶 お茶]【送料無料】,12本 烏龍茶 ウーロン茶 お茶☆送料無料☆,<div id='prd-page'><img src='http://www.rakuten.ne.jp/gold/soukai/image/0_r_cam.jpg' border='0'><br><br>お店TOP＞水 ミネラルウォーター ドリンク＞お茶＞烏龍茶(ウーロン茶)＞烏龍茶 ブラック (2L*6本入*2コセット)<br><br>☆送料無料☆<br><br>【烏龍茶 ブラックの商品詳細】<br>●油っぽい料理好きの現代人にぴったり合う食事の味をひきたてる、コクとキレのある烏龍茶です。<br>●ポリフェノールたっぷり！<br>●濃い味抽出<br><br>【烏龍茶 ブラックの原材料】<br>烏龍茶、ビタミンC<br>【栄養成分】<br>(100mL当り)<br>エネルギー・・・0kcaL<br>たんぱく質・・・0g<br>脂質・・・0g<br>炭水化物・・・0g<br>ナトリウム・・・2～11mg<br><br>【発売元、製造元、輸入元又は販売元】<br>ポッカサッポロフード＆ビバレッジ<br><br><font color='red'>※説明文は単品の内容です。</font><br><br>(ケース セット pokka BLACK 2000mL ウーロン茶)<br><br>・単品JAN：4560151627175<br><br>/(/F265802/)/<br><br>ポッカサッポロフード＆ビバレッジ<br>460-8415 愛知県名古屋市中区栄4-2-29<br>0120-885547<br><br>広告文責：株式会社爽快ドラッグ<br><br>[お茶]</div><!---->,烏龍茶 ブラック(2L*6本入*2コセット)[12本 烏龍茶 ウーロン茶 お茶]【送料無料】：爽快ドラッグ,掃除洗濯健康食品水・ドリンク食料品医薬品ヘルスケアベビー日用品ビューティ家電ペットスポーツリラクゼーション烏龍茶 ブラック(2L*6本入*2コセット)[12本 烏龍茶 ウーロン茶 お茶]【送料無料】,12本 烏龍茶 ウーロン茶 お茶☆送料無料☆。烏龍茶 ブラック(2L*6本入*2コセット)[12本 烏龍茶 ウーロン茶 お茶]【送料無料】[rn]
26-22570,http://tshop.r10s.jp/soukai/cabinet/75/4560151627175.jpg?fitin=700:700,1280.0000,,水・ソフトドリンク > お茶・紅茶 > 茶葉・ティーバッグ > 中国茶,烏龍茶 ブラック(2L*6本入)[烏龍茶 ウーロン茶 お茶],烏龍茶 ウーロン茶 お茶★税抜1900円以上で送料無料★,<div id='prd-page'><img src='http://www.rakuten.ne.jp/gold/soukai/image/0_r_cam.jpg' border='0'><br><br>お店TOP＞水 ミネラルウォーター ドリンク＞お茶＞烏龍茶(ウーロン茶)＞烏龍茶 ブラック (2L*6本入)<br><br>★税抜1900円以上で送料無料★<br><br>【烏龍茶 ブラックの商品詳細】<br>●油っぽい料理好きの現代人にぴったり合う食事の味をひきたてる、コクとキレのある烏龍茶です。<br>●ポリフェノールたっぷり！<br>●濃い味抽出<br><br>【烏龍茶 ブラックの原材料】<br>烏龍茶、ビタミンC<br>【栄養成分】<br>(100mL当り)<br>エネルギー・・・0kcaL<br>たんぱく質・・・0g<br>脂質・・・0g<br>炭水化物・・・0g<br>ナトリウム・・・2～11mg<br><br>【発売元、製造元、輸入元又は販売元】<br>ポッカサッポロフード＆ビバレッジ<br><br><font color='red'>弊社での販売が在庫限りで終了となるため訳あり処分価格になっております。</font><br><br>(ケース セット pokka BLACK 2000mL ウーロン茶)<br><br>ポッカサッポロフード＆ビバレッジ<br>460-8415 愛知県名古屋市中区栄4-2-29<br>0120-885547<br><br>広告文責：株式会社爽快ドラッグ<br><br>[お茶]</div><!---->,烏龍茶 ブラック(2L*6本入)[烏龍茶 ウーロン茶 お茶]：爽快ドラッグ,掃除洗濯健康食品水・ドリンク食料品医薬品ヘルスケアベビー日用品ビューティ家電ペットスポーツリラクゼーション烏龍茶 ブラック(2L*6本入)[烏龍茶 ウーロン茶 お茶],烏龍茶 ウーロン茶 お茶★税抜1900円以上で送料無料★。烏龍茶 ブラック(2L*6本入)[烏龍茶 ウーロン茶 お茶][rn]
26-22571,http://tshop.r10s.jp/soukai/cabinet/46/4979654022446.jpg?fitin=700:700,266.4000,,水・ソフトドリンク > お茶・紅茶 > 茶葉・ティーバッグ > 中国茶,山本漢方 ダイエット烏龍茶(5g*32分包),★税抜1900円以上で送料無料★,<div id='prd-page'>お店TOP＞水 ミネラルウォーター ドリンク＞お茶＞烏龍茶(ウーロン茶)＞山本漢方 ダイエット烏龍茶 (5g*32分包)<br><br>★税抜1900円以上で送料無料★<br><br>【山本漢方 ダイエット烏龍茶の商品詳細】<br>●烏龍茶に、12種類をブレンドしたおいし風味の健康茶です。<br>●ダイエット烏龍茶に、杜仲茶をはじめ、小豆、ナンバの実、オオバコの種皮、そしておいしい風味を増すハトムギ、ハブ茶等をブレンドし、健康維持を心がけている方におすすめいたします。<br>●夏はアイスで冬はホットで<br><br>【召し上がり方】<br>おいしいつくりかた<br>お水の量はお好みにより、加減してください。<br>本品は食品ですから、いつお召し上がりいただいてもけっこうです。<br>・やかんで煮出す場合<br>水又は沸騰したお湯、約350cc-500ccの中へ1バッグを入れ、沸騰後約5分間以上、充分に煮だし、お飲みください。バッグを入れたままにしておきますと、一層おいしくなりますが、濃く感じる方は、バッグを取り除いてください。<br>・アイスの場合<br>煮だしたあと、湯ざましをして、ペットボトル又はウォーターポットに入れ替え、冷蔵庫で冷やして、お飲みください。<br>・冷水だしの場合<br>ウォーターポットの中へ、1バッグを入れ、水約200cc-400ccを注ぎ、冷蔵庫に入れて、約15-30分待てば冷水烏龍茶になります。<br>・キュウスの場合<br>ご使用中の急須に１袋をポンと入れ、お飲みいただく量の湯を入れてお飲みください。濃いめをお好みの方はゆっくり、薄めをお好みの方は、手ばやに茶碗へ給湯してください。<br><br>【山本漢方 ダイエット烏龍茶の原材料】<br>ハブ茶、烏龍茶、玄米、大麦、カンゾウ、大豆、ハトムギ、杜仲茶、オオバコの種皮、ナンバの実、小豆、スギナ、難消化性デキストリン<br>【栄養成分】<br>100cc(茶葉1.1g)当たり<br>エネルギー・・・1kcaL<br>たんぱく質・・・0g<br>脂質・・・0g<br>炭水化物・・・0.3g<br>ナトリウム・・・6mg<br>【注意事項】<br>・開封後はお早めにご使用ください。<br>・本品は食品ですが、必要以上に大量に摂ることを避けてください。<br>・薬の服用中又は、通院中、妊娠中、授乳中の方は、医師又は薬剤師に、ご相談ください。<br>・体調不良時、食品アレルギーの方は、お飲みにならないでください。<br>・万一からだに変調がでましたら、直ちに、ご使用を中止してください。<br>・天然の素材原料ですので、色、風味が変化する場合がありますが、品質に問題ありません。<br>・ごくまれに煮出したあと、液表面に原材料由来の油脂、脂肪などが油のように見えたり、また沈殿物が見えることがありますが、問題ありません。<br>・ティーバッグを直接口に入れ、のどにつまらせたりしないように小児の手の届かない所へ保管してください。<br>・栄養のバランスを考えて無理な減量法などは充分に注意してください。本品だけの多量摂取により、効果がでるものではありません。日頃から間食、多食、甘いものは避けて、お食事は腹八分目、からだを動かし、軽く運動などに心がけてください。<br>・食生活は、主食、主菜、副菜を基本に、食事のバランスを。<br><br>【発売元、製造元、輸入元又は販売元】<br>山本漢方製薬<br><br>(だいえっとうーろんちゃ ダイエットウーロン茶 ダイエットうーろん茶 だいえっと烏龍茶 diet烏龍茶)<br><br>山本漢方製薬<br>130-0021　東京都墨田区緑3丁目17-1山本漢方製薬ビル<br>03-5669-5566<br><br>広告文責：株式会社爽快ドラッグ<br><br>[お茶]</div><!---->,山本漢方 ダイエット烏龍茶(5g*32分包)：爽快ドラッグ,掃除洗濯健康食品水・ドリンク食料品医薬品ヘルスケアベビー日用品ビューティ家電ペットスポーツリラクゼーション山本漢方 ダイエット烏龍茶(5g*32分包),★税抜1900円以上で送料無料★。山本漢方 ダイエット烏龍茶(5g*32分包)[rn]
26-22572,http://tshop.r10s.jp/soukai/cabinet/92/4530133003792.jpg?fitin=700:700,360.0000,,水・ソフトドリンク > お茶・紅茶 > 茶葉・ティーバッグ > 中国茶,謝さんのリーフティーバック 凍頂烏龍茶(2g*10袋入),★税抜1900円以上で送料無料★,<div id='prd-page'><img src='http://www.rakuten.ne.jp/gold/soukai/image/0_r_cam.jpg' border='0'><br><br>お店TOP＞水 ミネラルウォーター ドリンク＞お茶＞烏龍茶(ウーロン茶)＞謝さんのリーフティーバック 凍頂烏龍茶 (2g*10袋入)<br><br>★税抜1900円以上で送料無料★<br><br>【謝さんのリーフティーバック 凍頂烏龍茶の商品詳細】<br>●台湾・凍頂山一帯にある謝さんの茶園で作られた烏龍茶で、清新な自然の香りが特徴です。<br>●タンニン(烏龍茶ポリフェノール)が豊富で甘い香りが残ります。<br>●メチル化カテキン含有量310mg(茶葉100g中)<br>●水出しOK！<br>●タグ付ティーバッグ<br>●250～350mL抽出<br><br>【召し上がり方】<br>・1包で250～350mL抽出<br><br>【謝さんのリーフティーバック 凍頂烏龍茶の原材料】<br>茶<br>【栄養成分】<br>エネルギー・・・1kcaL未満<br>たんぱく質・・・0g<br>脂質・・・0g<br>炭水化物・・・0.2g<br>食塩相当量・・・0g<br>【注意事項】<br>・やけどに注意<br><br>【発売元、製造元、輸入元又は販売元】<br>久順銘茶<br><br>(ウーロン茶)<br><br>久順銘茶<br>306-0622 茨城県坂東市大崎214-1<br>0297-30-2588<br><br>広告文責：株式会社爽快ドラッグ<br><br>[お茶]</div><!---->,謝さんのリーフティーバック 凍頂烏龍茶(2g*10袋入)：爽快ドラッグ,掃除洗濯健康食品水・ドリンク食料品医薬品ヘルスケアベビー日用品ビューティ家電ペットスポーツリラクゼーション謝さんのリーフティーバック 凍頂烏龍茶(2g*10袋入),★税抜1900円以上で送料無料★。謝さんのリーフティーバック 凍頂烏龍茶(2g*10袋入)[rn]
26-22573,http://tshop.r10s.jp/soukai/cabinet/63/4901085128763.jpg?fitin=700:700,318.4000,,水・ソフトドリンク > お茶・紅茶 > 茶葉・ティーバッグ > 中国茶,ウーロン茶 ティーバッグ(4.5g*54袋入),★税抜1900円以上で送料無料★,<div id='prd-page'>お店TOP＞水 ミネラルウォーター ドリンク＞お茶＞烏龍茶(ウーロン茶)＞ウーロン茶 ティーバッグ (4.5g*54袋入)<br><br>★税抜1900円以上で送料無料★<br><br>【ウーロン茶 ティーバッグの商品詳細】<br>●苦渋みの少ないすっきりとした飲み口のティーバッグ<br>●中国福建省産の茶葉を砕いて使用<br>●お茶の味と色が濃く出る「コク出る不織布フィルター」を採用<br>●水出し・お湯出し両用で、54袋入りと経済的<br><br>【ウーロン茶 ティーバッグの原材料】<br>茶<br><br>【発売元、製造元、輸入元又は販売元】<br>伊藤園<br><br>(うーろんちゃ 烏龍茶 てぃーばっぐ teabag TEABAG)<br><br>伊藤園<br>151-8550 東京都渋谷区本町3-47-10<br>03-5371-7110<br><br>広告文責：株式会社爽快ドラッグ<br>0570-666-632<br><br>[お茶]</div><!---->,ウーロン茶 ティーバッグ(4.5g*54袋入)：爽快ドラッグ,掃除洗濯健康食品水・ドリンク食料品医薬品ヘルスケアベビー日用品ビューティ家電ペットスポーツリラクゼーションウーロン茶 ティーバッグ(4.5g*54袋入),★税抜1900円以上で送料無料★。ウーロン茶 ティーバッグ(4.5g*54袋入)[rn]
26-22574,http://tshop.r10s.jp/soukai/cabinet/34/4901085129234.jpg?fitin=700:700,400.0000,,水・ソフトドリンク > お茶・紅茶 > 茶葉・ティーバッグ > 中国茶,伊藤園 プレミアムティーバック 金の烏龍茶(20袋入)[烏龍茶 ウーロン茶 お茶],烏龍茶 ウーロン茶 お茶★税抜1900円以上で送料無料★,<div id='prd-page'><img src='http://www.rakuten.ne.jp/gold/soukai/image/0_r_cam.jpg' border='0'><br><br>お店TOP＞水 ミネラルウォーター ドリンク＞お茶＞烏龍茶(ウーロン茶)＞伊藤園 プレミアムティーバック 金の烏龍茶 (20袋入)<br><br>★税抜1900円以上で送料無料★<br><br>【伊藤園 プレミアムティーバック 金の烏龍茶の商品詳細】<br>●稀少品種「黄金桂」・「鉄観音」を使用した華やかな香りの烏龍茶です。<br>●香りと味わいを最大限に引き出す三角ナイロンパックを使用<br>●1袋で2杯分<br><br>【伊藤園 プレミアムティーバック 金の烏龍茶の原材料】<br>烏龍茶(中国)<br><br>【発売元、製造元、輸入元又は販売元】<br>伊藤園<br><br>伊藤園<br>151-8550 東京都渋谷区本町3－47－10<br>03-5371-7110<br><br>広告文責：株式会社爽快ドラッグ<br><br>[お茶]</div><!---->,伊藤園 プレミアムティーバック 金の烏龍茶(20袋入)[烏龍茶 ウーロン茶 お茶]：爽快ドラッグ,掃除洗濯健康食品水・ドリンク食料品医薬品ヘルスケアベビー日用品ビューティ家電ペットスポーツリラクゼーション伊藤園 プレミアムティーバック 金の烏龍茶(20袋入)[烏龍茶 ウーロン茶 お茶],烏龍茶 ウーロン茶 お茶★税抜1900円以上で送料無料★。伊藤園 プレミアムティーバック 金の烏龍茶(20袋入)[烏龍茶 ウーロン茶 お茶][rn]
26-22575,http://tshop.r10s.jp/soukai/cabinet/47/4530133003747.jpg?fitin=700:700,155.2000,,水・ソフトドリンク > お茶・紅茶 > 茶葉・ティーバッグ > 中国茶,黒茶烏龍茶 ティーバック(5g*15袋入),★税抜1900円以上で送料無料★,<div id='prd-page'>お店TOP＞水 ミネラルウォーター ドリンク＞お茶＞烏龍茶(ウーロン茶)＞黒茶烏龍茶 ティーバック (5g*15袋入)<br><br>★税抜1900円以上で送料無料★<br><br>【黒茶烏龍茶 ティーバックの商品詳細】<br>●自社茶園で作られた2種類の台湾烏龍茶と黒茶(プーアル茶)をブレンドして作った、健康サポート茶です。<br>●ウーロン茶ポリフェノール846mg(1000mLあたり)<br>●水出しOK！<br>●タグ無しティーバッグ<br>●1リットル抽出<br><br>【召し上がり方】<br>・1包で1リットル抽出<br><br>【黒茶烏龍茶 ティーバックの原材料】<br>茶<br>【栄養成分】<br>エネルギー・・・1kcaL未満<br>たんぱく質・・・0g<br>脂質・・・0g<br>炭水化物・・・0.2g<br>食塩相当量・・・0g<br>【注意事項】<br>・やけどに注意<br><br>【発売元、製造元、輸入元又は販売元】<br>久順銘茶<br><br>(ウーロン茶)<br><br>久順銘茶<br>306-0622 茨城県坂東市大崎214-1<br>0297-30-2588<br><br>広告文責：株式会社爽快ドラッグ<br>0570-666-632<br><br>[お茶]</div><!---->,黒茶烏龍茶 ティーバック(5g*15袋入)：爽快ドラッグ,掃除洗濯健康食品水・ドリンク食料品医薬品ヘルスケアベビー日用品ビューティ家電ペットスポーツリラクゼーション黒茶烏龍茶 ティーバック(5g*15袋入),★税抜1900円以上で送料無料★。黒茶烏龍茶 ティーバック(5g*15袋入)[rn]
26-22576,http://tshop.r10s.jp/soukai/cabinet/32/4530133003532.jpg?fitin=700:700,800.0000,,水・ソフトドリンク > お茶・紅茶 > 茶葉・ティーバッグ > 中国茶,謝さんの茶園で作った 凍頂烏龍茶(80g),★税抜1900円以上で送料無料★,<div id='prd-page'><img src='http://www.rakuten.ne.jp/gold/soukai/image/0_r_cam.jpg' border='0'><br><br>お店TOP＞水 ミネラルウォーター ドリンク＞お茶＞烏龍茶(ウーロン茶)＞謝さんの茶園で作った 凍頂烏龍茶 (80g)<br><br>★税抜1900円以上で送料無料★<br><br>【謝さんの茶園で作った 凍頂烏龍茶の商品詳細】<br>●台湾中部・凍頂山一帯で謝さんが丁寧に作りました。清新な香りが特徴の台湾茶の中で最も有名な烏龍茶です。<br>●仕上げまでに丸1日を要し、揉捻を繰り返したため堅く絡まった球状になります。<br>●からだに優しい発酵食品です。<br><br>【召し上がり方】<br>・茶葉に(1人前3～5g)熱湯を注ぎ、2～3分後にお飲みください。<br><br>【謝さんの茶園で作った 凍頂烏龍茶の原材料】<br>茶<br>【栄養成分】<br>エネルギー・・・1kcaL未満<br>たんぱく質・・・0g<br>脂質・・・0g<br>炭水化物・・・0.2g<br>食塩相当量・・・0g<br>【注意事項】<br>・やけどに注意<br><br>【発売元、製造元、輸入元又は販売元】<br>久順銘茶<br><br>(ウーロン茶)<br><br>久順銘茶<br>306-0622 茨城県坂東市大崎214-1<br>0297-30-2588<br><br>広告文責：株式会社爽快ドラッグ<br><br>[お茶]</div><!---->,謝さんの茶園で作った 凍頂烏龍茶(80g)：爽快ドラッグ,掃除洗濯健康食品水・ドリンク食料品医薬品ヘルスケアベビー日用品ビューティ家電ペットスポーツリラクゼーション謝さんの茶園で作った 凍頂烏龍茶(80g),★税抜1900円以上で送料無料★。謝さんの茶園で作った 凍頂烏龍茶(80g)[rn]
26-22577,http://tshop.r10s.jp/soukai/cabinet/06/4971617020506.jpg?fitin=700:700,240.0000,,水・ソフトドリンク > お茶・紅茶 > 茶葉・ティーバッグ > 中国茶,国太楼 ウーロン茶 チャイナ40 ティーバッグ(40袋入)[烏龍茶 ウーロン茶 お茶],烏龍茶 ウーロン茶 お茶★税抜1900円以上で送料無料★,<div id='prd-page'><img src='http://www.rakuten.ne.jp/gold/soukai/image/0_r_cam.jpg' border='0'><br><br>お店TOP＞水 ミネラルウォーター ドリンク＞お茶＞烏龍茶(ウーロン茶)＞国太楼 ウーロン茶 チャイナ40 ティーバッグ (40袋入)<br><br>★税抜1900円以上で送料無料★<br><br>【国太楼 ウーロン茶 チャイナ40 ティーバッグの商品詳細】<br>●発酵度の高い茶葉を使い、香り高い製法でつくりました。<br>●抽出性を高めるため、贅沢に茶葉を刻んでティーバッグにしました。<br>●国内検査・国内製造<br>●水・湯共用タイプ<br>●1L用40袋入<br><br>【召し上がり方】<br>・1袋あたり1Lのお湯またはお水でお作りください。<br>・一度使用したティーバッグの再利用はご遠慮ください。<br><br>【国太楼 ウーロン茶 チャイナ40 ティーバッグの原材料】<br>半発酵茶(中国、スリランカ)<br>【栄養成分】<br>(抽出液180mL当り)<br>エネルギー・・・0kcaL<br>タンパク質・・・0.09g<br>脂質・・・0.13g<br>炭水化物・・・0.50g<br>ナトリウム・・・0.13mg<br>【注意事項】<br>・熱湯を使用しますので火傷にご注意ください。<br>・開封後は密閉容器に入れて、お早めにお飲みください。<br><br>【発売元、製造元、輸入元又は販売元】<br>国太楼<br><br>国太楼<br>359-0023 埼玉県所沢市東所沢和田2丁目1-11<br>0120-04-0171<br><br>広告文責：株式会社爽快ドラッグ<br><br>[お茶]</div><!---->,国太楼 ウーロン茶 チャイナ40 ティーバッグ(40袋入)[烏龍茶 ウーロン茶 お茶]：爽快ドラッグ,掃除洗濯健康食品水・ドリンク食料品医薬品ヘルスケアベビー日用品ビューティ家電ペットスポーツリラクゼーション国太楼 ウーロン茶 チャイナ40 ティーバッグ(40袋入)[烏龍茶 ウーロン茶 お茶],烏龍茶 ウーロン茶 お茶★税抜1900円以上で送料無料★。国太楼 ウーロン茶 チャイナ40 ティーバッグ(40袋入)[烏龍茶 ウーロン茶 お茶][rn]
26-22578,http://tshop.r10s.jp/soukai/cabinet/79/4979654024679.jpg?fitin=700:700,1020.8000,,水・ソフトドリンク > お茶・紅茶 > 茶葉・ティーバッグ > 中国茶,凍頂烏龍茶(5g*24包),★税抜1900円以上で送料無料★,<div id='prd-page'>お店TOP＞水 ミネラルウォーター ドリンク＞お茶＞烏龍茶(ウーロン茶)＞凍頂烏龍茶 (5g*24包)<br><br>★税抜1900円以上で送料無料★<br><br>商品区分：健康食品<br><br>【凍頂烏龍茶の商品詳細】<br>●発酵度が低く何度となく揉捻された茶葉に特徴があります。茶杯に注ぐとすがすがしい華やかな香りが立ちのぼり、のどを滑り落ちていった後の甘い余韻が続きます。<br>●香りと味、そしてコクのバランスがいい、まろやかな風味の烏龍茶です。<br><br>【召し上がり方】<br>＜急須の場合＞<br>ご使用中の急須に1袋をポンと入れ、お飲みいただく量の湯を入れてお飲みください。濃い目をお好みの方はゆっくり、薄めをお好みの方は、手早に茶碗へ給湯してください。<br>＜やかんの場合＞<br>沸騰したお湯約1000-1500ccの中へ、1パックを入れ、とろ火にて約3分間以上充分に煮出し、お飲みください。パックを入れたままにしておきますと、一層おいしくなりますが、濃く感じる方は、パックを取り除いてください。<br>＜冷蔵庫に冷やして＞<br>上記のとおり煮出したあと、湯冷ましをして、ペットボトル又は、ウォーターポットに入れ替え、冷蔵庫に保管、お飲みください。<br><br>【凍頂烏龍茶の原材料】<br>凍頂烏龍茶(台湾産)<br>【栄養成分】<br>エネルギー・・・1kcaL<br>たんぱく質・・・0g<br>脂質・・・0g<br>炭水化物・・・0.3g<br>ナトリウム・・・1mg<br>ティーパック1袋を700ccのお湯で3分間煮だした液について試験しました。<br>【注意事項】<br>・本品は自然食品でありますが、体調不良時、アレルギー症など、お体に合わない場合にはご使用をおやめ下さい。<br>・また無理な減量法などは充分に注意してください。<br>・小児の手の届かないところに保管してください。<br><br>【発売元、製造元、輸入元又は販売元】<br>山本漢方製薬<br><br>山本漢方製薬<br>130-0021　東京都墨田区緑3丁目17-1山本漢方製薬ビル<br>03-5669-5566<br><br>広告文責：株式会社爽快ドラッグ<br>0570-666-632<br><br>[お茶]</div><!---->,凍頂烏龍茶(5g*24包)：爽快ドラッグ,掃除洗濯健康食品水・ドリンク食料品医薬品ヘルスケアベビー日用品ビューティ家電ペットスポーツリラクゼーション凍頂烏龍茶(5g*24包),★税抜1900円以上で送料無料★。凍頂烏龍茶(5g*24包)[rn]
26-22579,http://tshop.r10s.jp/soukai/cabinet/71/4972455032171.jpg?fitin=700:700,332.0000,,水・ソフトドリンク > お茶・紅茶 > 茶葉・ティーバッグ > 中国茶,健茶館 黒烏龍茶(5g*52包)【健茶館】[烏龍茶 ウーロン茶 お茶],健茶館 / 烏龍茶 ウーロン茶 お茶★税抜1900円以上で送料無料★,<div id='prd-page'><img src='https://www.rakuten.ne.jp/gold/soukai/image/sd/sale/saleitem_20170525.gif' border='0' width='100%'><br><br>お店TOP＞水 ミネラルウォーター ドリンク＞お茶＞烏龍茶(ウーロン茶)＞健茶館 黒烏龍茶 (5g*52包)<br><br>★税抜1900円以上で送料無料★<br><br>【健茶館 黒烏龍茶の商品詳細】<br>●長時間発酵・焙煎し、濃厚な風味に仕上げました。<br>●後味すっきりで飲みやすい！<br>●福健省健欧産茶葉使用<br>●煮出し・水出し両用<br><br>【召し上がり方】<br>★煮出しの場合<br>・約1リットルの沸騰したお湯にティーバッグを1P入れ、約3～5分煮出してください。お好みの色が出ましたら、ティーバッグを取り、お飲みください。<br>・クールポットに移して冷やしてもおいしくお飲みいただけます。作られたお茶はお早めにお飲みください。<br>★水出しの場合<br>・約500mLの水を入れた容器にティーバッグ1Pを入れてから、冷蔵庫でお好みの色が出ましたら、ティーバッグを撹拌してから取り出してください。<br>・抽出時間の目安は2～3時間です。<br>・作られたお茶はお早めにお飲みください。濃いめがお好みの場合は抽出時間を長くするかティーバッグを1パック足してください。<br>★急須の場合<br>・急須にティーバッグ1Pを入れ、約400mLのお湯を注ぎ、3～5分後、湯呑みに注いでお飲みください。<br><br>【健茶館 黒烏龍茶の原材料】<br>茶(半発酵茶)<br>【注意事項】<br>・熱湯によるやけどにご注意ください。<br>・お茶に油膜が浮くことがありますが、お茶の成分ですので問題ありません。<br>・ティーバッグのシール部分に斑点がある場合がありますが、これはパックするとき原料がかみこんだものですので異物ではありません。<br>・開封後は密閉容器などで保管し、なるべくお早めにお飲みください。<br><br>【ブランド】<br>健茶館<br><br>【発売元、製造元、輸入元又は販売元】<br>梶商店<br><br>(黒ウーロン茶)<br><br>梶商店<br>578-0905 大阪府東大阪市川田2-23-18<br>0120-410303<br><br>広告文責：株式会社爽快ドラッグ<br>0570-666-632<br><br>[お茶/ブランド：健茶館/]</div><!---->,健茶館 黒烏龍茶(5g*52包)【健茶館】[烏龍茶 ウーロン茶 お茶]：爽快ドラッグ,掃除洗濯健康食品水・ドリンク食料品医薬品ヘルスケアベビー日用品ビューティ家電ペットスポーツリラクゼーション健茶館 黒烏龍茶(5g*52包)【健茶館】[烏龍茶 ウーロン茶 お茶],健茶館 / 烏龍茶 ウーロン茶 お茶★税抜1900円以上で送料無料★。健茶館 黒烏龍茶(5g*52包)【健茶館】[烏龍茶 ウーロン茶 お茶][rn]
26-22580,http://tshop.r10s.jp/soukai/cabinet/62/4901111268562.jpg?fitin=700:700,141.6000,,水・ソフトドリンク > お茶・紅茶 > 茶葉・ティーバッグ > 中国茶,ブレンディ スティック ティーハート ウーロンブレンド(1.5g*8本入)【ブレンディ(Blendy) スティック ティーハート】,ブレンディ(Blendy) スティック ティーハート,<div id='prd-page'>お店TOP＞水 ミネラルウォーター ドリンク＞お茶＞烏龍茶(ウーロン茶)＞ブレンディ スティック ティーハート ウーロンブレンド (1.5g*8本入)<br><br>★税抜1900円以上で送料無料★<br><br>【ブレンディ スティック ティーハート ウーロンブレンドの商品詳細】<br>●スティック1本にハートを込めて。ふわりと広がるフレッシュな香りと、お茶の豊かな味わいが楽しめる「ブレンディ ティーハート」シリーズです。<br>●香り高い台湾烏龍茶をベースに、はと麦や玄米、はぶ茶など天然由来の素材を合わせました。<br>●甘さのない、すっきりとした味わいです。<br>●水にも溶けて便利！ホットでもアイスでも美味しくお飲みいただけます。<br><br>【召し上がり方】<br>・スティック1本とお湯または水(150mL)を注ぎ、よくかきまぜてお召し上がりください。<br><br>【ブレンディ スティック ティーハート ウーロンブレンドの原材料】<br>デキストリン、烏龍茶エキス、ティーミックスエキスパウダー(デキストリン、はと麦、とうもろこし、玄米、はぶ茶、チコリー、アロエ)、香料、ビタミンC<br>【栄養成分】<br>エネルギー・・・6kcaL<br>たんぱく質・・・0.03g<br>脂質・・・0g<br>炭水化物・・・1.4g<br>ナトリウム・・・0-2mg<br>【注意事項】<br>・高温、多湿をさけて保存してください。<br><br>【ブランド】<br>ブレンディ(Blendy) スティック ティーハート<br><br>【発売元、製造元、輸入元又は販売元】<br>AGF<br><br><font color='red'>本品はメーカー製造中止のため、在庫限りで販売終了となります。</font><br><br>(Blendy TEAハート STICK 烏龍ブレンド)<br><br>AGF<br>163-1440 東京都新宿区 西新宿区3-20-2 東京都オペラシティ味の素ゼネラルフーヅ(株)<br>0120-17-8651<br><br>広告文責：株式会社爽快ドラッグ<br>0570-666-632<br><br>[お茶/ブランド：ブレンディ(Blendy) スティック ティーハート/]</div><!---->,ブレンディ スティック ティーハート ウーロンブレンド(1.5g*8本入)【ブレンディ(Blendy) スティック ティーハート】：爽快ドラッグ,掃除洗濯健康食品水・ドリンク食料品医薬品ヘルスケアベビー日用品ビューティ家電ペットスポーツリラクゼーションブレンディ スティック ティーハート ウーロンブレンド(1.5g*8本入)【ブレンディ(Blendy) スティック ティーハート】,ブレンディ(Blendy) スティック ティーハート。ブレンディ スティック ティーハート ウーロンブレンド(1.5g*8本入)【ブレンディ(Blendy) スティック ティーハート】[rn]
26-22581,http://tshop.r10s.jp/soukai/cabinet/60/4975723009660.jpg?fitin=700:700,320.0000,,水・ソフトドリンク > お茶・紅茶 > 茶葉・ティーバッグ > 中国茶,茶語 オリジナルティーバッグ 凍頂烏龍(トウチョウウーロン)(2.5g*10パック)【茶語(チャユー)】[烏龍茶 ウーロン茶 お茶],茶語(チャユー) / 烏龍茶 ウーロン茶 お茶,<div id='prd-page'>お店TOP＞水 ミネラルウォーター ドリンク＞お茶＞烏龍茶(ウーロン茶)＞茶語 オリジナルティーバッグ 凍頂烏龍(トウチョウウーロン) (2.5g*10パック)<br><br>★税抜1900円以上で送料無料★<br><br>【茶語 オリジナルティーバッグ 凍頂烏龍(トウチョウウーロン)の商品詳細】<br>●台湾青茶<br>●台湾南投県鹿谷郷凍頂山一帯で栽培されます。<br>●堅く締まった球状の茶葉は湯の中で開くと蒼々しい緑色がよみがえり、水色は黄金色で蘭のようなかぐわしい香りとまろやかな甘味があります。<br>●テトラ型ティーバッグは手軽に中国茶を楽しみたい時に便利なアイテムです。思い立ったらすぐに飲むことが出来、茶葉の片付けも簡単です。保存にも便利なチャック付きスタンディング袋を使用し、ラインナップを豊富に取り揃えております。<br>●テトラ型ティーバッグ：中国茶を美味しく入れるコツはお湯の中で茶葉をきちんと開かせること。テトラ型(三角錐)ティーバッグは茶葉が大きく開く余裕があり、美味しさを十分に引き出すので本格的な味を手軽にお楽しみ頂くことが出来ます。茶葉がティーバッグいっぱいに膨らみます。<br><br>【ブランド】<br>茶語(チャユー)<br><br>【発売元、製造元、輸入元又は販売元】<br>日本緑茶センター<br><br><font color='red'>本品はメーカー製造中止のため、在庫限りで販売終了となります。</font><br><br>(ケース セット チャユー)<br><br>日本緑茶センター<br>150-0031 東京都渋谷区桜丘町24-2 東武富士ビル<br>03-5728-6800<br><br>広告文責：株式会社爽快ドラッグ<br>0570-666-632<br><br>[お茶/ブランド：茶語(チャユー)/]</div><!---->,茶語 オリジナルティーバッグ 凍頂烏龍(トウチョウウーロン)(2.5g*10パック)【茶語(チャユー)】[烏龍茶 ウーロン茶 お茶]：爽快ドラッグ,掃除洗濯健康食品水・ドリンク食料品医薬品ヘルスケアベビー日用品ビューティ家電ペットスポーツリラクゼーション茶語 オリジナルティーバッグ 凍頂烏龍(トウチョウウーロン)(2.5g*10パック)【茶語(チャユー)】[烏龍茶 ウーロン茶 お茶],茶語(チャユー) / 烏龍茶 ウーロン茶 お茶。茶語 オリジナルティーバッグ 凍頂烏龍(トウチョウウーロン)(2.5g*10パック)【茶語(チャユー)】[烏龍茶 ウーロン茶 お茶][rn]
26-22582,http://tshop.r10s.jp/soukai/cabinet/28/4979654022828.jpg?fitin=700:700,366.4000,,水・ソフトドリンク > お茶・紅茶 > 茶葉・ティーバッグ > 中国茶,お徳用 烏龍茶(5g*52包)[烏龍茶 ウーロン茶 お茶],烏龍茶 ウーロン茶 お茶★税抜1900円以上で送料無料★,<div id='prd-page'><img src='http://www.rakuten.ne.jp/gold/soukai/image/0_r_cam.jpg' border='0'><br><br>お店TOP＞水 ミネラルウォーター ドリンク＞お茶＞烏龍茶(ウーロン茶)＞お徳用 烏龍茶 (5g*52包)<br><br>★税抜1900円以上で送料無料★<br><br>【お徳用 烏龍茶の商品詳細】<br>●「焙煎烏龍茶(袋入)5g*52包」は、半発酵の独特の香りを浅炒り焙煎で取り除き、更に二度目の深炒り焙煎を行い、日本茶に近い烏龍茶に仕上げました。自然の中で育ち、天地の恵みに富んだ健康維持に最適な烏龍茶です。<br>●煮出してお飲み頂けるほか、冷水出しでもお飲み頂けます。<br>●脂っこい食事を好まれる方などにオススメです。<br><br>【召し上がり方】<br>★煮出しの場合<br>・沸騰したお湯、約600cc-700ccの中へ1パックを入れ、とろ火にて約3分間以上、充分に煮出し、お飲みください。<br>★アイスの場合<br>・上記のとおり煮出したあと、湯冷ましをして、空の大型ペットボトル又は、ウォーターポットに入れ替え、冷蔵庫に保存してください。<br>・冷ましますと容器の底にうま味の成分(アミノ酸等)が見えることがありますが、安心してください。<br>★冷水だしの場合<br>・ウォーターポットの中へ、1パックを入れ、水約400cc-500ccを注ぎ、冷蔵庫に保存、約20-30分後冷水烏龍茶になります。<br>★手軽においしくお飲みいただく法<br>・ご使用のきゅうすに、1袋をポンと入れ、お飲みいただく量のお湯を入れ、濃いめをお好みの方はゆっくり、薄めをお好みの方は手ばやに茶碗へ、給湯してください。<br><br>【お徳用 烏龍茶の原材料】<br>烏龍茶<br>【栄養成分】<br>(100cc(茶葉0.71g)あたり)<br>エネルギー・・・1kcaL<br>たんぱく質・・・0g<br>脂質・・・0g<br>炭水化物・・・0.2g<br>ナトリウム・・・1mg<br>※試料5gを熱湯700mLで3分間煮だした液について試験した。<br>【注意事項】<br>・烏龍茶はツバキ科の植物で天然由来の皮脂成分を含みます。その為、お茶面に脂質成分が油の様に浮くことがありますが、ご安心してご使用ください。<br>・本品は天然物を使用しておりますので、虫、カビの発生を防ぐために、開封後はお早めに、ご使用ください。尚、開封後は輪ゴム、又はクリップなどでキッチリと封を閉め、涼しい所に保管してください。特に夏季は要注意です。<br><br>【発売元、製造元、輸入元又は販売元】<br>山本漢方製薬<br><br>(ケース セット ウーロン茶)<br><br>/(/F265802/)/<br><br>山本漢方製薬<br>130-0021　東京都墨田区緑3丁目17-1山本漢方製薬ビル<br>03-5669-5566<br><br>広告文責：株式会社爽快ドラッグ<br><br>[お茶]</div><!---->,お徳用 烏龍茶(5g*52包)[烏龍茶 ウーロン茶 お茶]：爽快ドラッグ,掃除洗濯健康食品水・ドリンク食料品医薬品ヘルスケアベビー日用品ビューティ家電ペットスポーツリラクゼーションお徳用 烏龍茶(5g*52包)[烏龍茶 ウーロン茶 お茶],烏龍茶 ウーロン茶 お茶★税抜1900円以上で送料無料★。お徳用 烏龍茶(5g*52包)[烏龍茶 ウーロン茶 お茶][rn]
26-22583,http://tshop.r10s.jp/lamd/cabinet/00745832/img59147657.jpg?fitin=700:700,2111.2000,,学び・サービス・保険 > 業務用品・サービス > その他,カバーワーク[COVER WORK]レインウェア クリティカルハード　F-8300[F8300]　4L　グレー,,"<TABLE border=""2"" style=""border-collapse: collapse"" width=""600"" id=""table1"" height=""143"" bordercolor=""#000000"">
<tr>
      <TD bgcolor=""#CCCCCC"" width=""115""><font size=""2"">ブランド名</font></TD>
      <TD width=""467""><font size=""2"">COVER WORK(カバーワーク)</font></TD>
    </tr>
<tr>
      <TD bgcolor=""#CCCCCC"" width=""115""><font size=""2"">商品名</font></TD>
      <TD width=""467""><font size=""2"">COVER WORK　レインウエア クリティカルハード　F-8300<b></b></font></TD>
    </tr>
<tr>
      <TD bgcolor=""#CCCCCC"" width=""115""><font size=""2"">特長</font></TD>
      <TD width=""467""><font size=""2""><FONT size=""2"">高い耐久性でハードワークをサポート[オックスフォード採用] 
 <BR>防水性能と補強あて付がハードなシーンで活躍 <BR>
      視界のよい透明フード<BR>
      背面反射テープ付<BR>
      肩・肘・膝部分に補強あて付<BR>
      携帯に便利　[袋付] <BR>
      </FONT></font></TD>
    </tr>
<tr>
      <TD bgcolor=""#CCCCCC"" width=""115""><font size=""2"">カラー</font></TD>
      <TD width=""467""><B><FONT size=""-1"">グレー</FONT></B></TD>
    </tr>
<tr>
      <TD bgcolor=""#CCCCCC"" width=""115""><font size=""2"">サイズ</font></TD>
      <TD width=""467""><B><FONT color=""#ff0000"">4L</FONT></B></TD>
    </tr>
<tr>
      <TD bgcolor=""#CCCCCC"" width=""115""><font size=""2"">適応寸法(cm)</font></TD>
      <TD width=""467""><font size=""2"">身長：175～185 、胸囲：108～122 、胴囲：102～112</font></TD>
    </tr>
<tr>
      <TD bgcolor=""#CCCCCC"" width=""115""><font size=""2"">商品寸法(cm)</font></TD>
      <TD width=""467""><font size=""2"">上衣（着丈：85、胸囲：140、袖丈：94）、ズボン（総丈：119、股下：84、腰囲：142）</font></TD>
    </tr>
<tr>
      <TD bgcolor=""#CCCCCC"" width=""115""><font size=""2"">素材</font></TD>
      <TD width=""467"">
      <FONT size=""2"">表：ナイロンビニール引き、100％<BR>
      裏：ポリエステルメッシュ、100％</FONT></TD>
    </tr>
<tr>
      <TD bgcolor=""#CCCCCC"" width=""115""><font size=""2"">販売者</font></TD>
      <TD width=""467""><font size=""2"">(株) 布施商店</font></TD>
    </tr>
</TABLE>
<P><FONT size=""2"">※品質向上のため予告無く仕様を変更する場合がございます。<BR>
※商品画像の色合いは、画像処理上　若干異なる場合がございます。予めご了承下さい。 <BR>
※パッケージリニューアル等につき、商品画像が異なる場合がございます。予めご了承下さい。 </FONT></P><TABLE border=""0"" bgcolor=""#ff0000"">
  <TBODY>
    <TR>
      <TD align=""center"" bgcolor=""#ff0000""><FONT size=""+1"" color=""#ffffff""><B>送料について</B></FONT></TD>
    </TR>
    <TR>
      <TD bgcolor=""#ffffff""><FONT size=""-1"">複数の商品をご購入した場合、送料が自動計算されないため、注文手続き画面では確定できません。<BR>
      ご注文を受付する際に送料を確定させていただきます。予めご了承ください。</FONT></TD>
    </TR>
  </TBODY>
</TABLE>",カバーワーク[COVER WORK]レインウェア クリティカルハード　F-8300[F8300]　4L　グレー：アークランド楽天市場ショップ,工具塗料・接着・補修作業用品園芸用品農業用品水道用品エクステリアペット用品照明インテリア収納家庭用品カー用品アウトドア防犯防災クラフト電材ガーデン安全用品サイクル用品カバーワーク[COVER WORK]レインウェア クリティカルハード　F-8300[F8300]　4L　グレー,カバーワーク[COVER WORK]レインウェア クリティカルハード　F-8300[F8300]　4L　グレー[rn]
26-22584,http://tshop.r10s.jp/lamd/cabinet/00745832/img59147657.jpg?fitin=700:700,2111.2000,,学び・サービス・保険 > 業務用品・サービス > その他,カバーワーク[COVER WORK]レインウェア クリティカルハード　F-8300[F8300]　3L　グレー,,"<TABLE border=""2"" style=""border-collapse: collapse"" width=""600"" id=""table1"" height=""143"" bordercolor=""#000000"">
<tr>
      <TD bgcolor=""#CCCCCC"" width=""115""><font size=""2"">ブランド名</font></TD>
      <TD width=""467""><font size=""2"">COVER WORK(カバーワーク)</font></TD>
    </tr>
<tr>
      <TD bgcolor=""#CCCCCC"" width=""115""><font size=""2"">商品名</font></TD>
      <TD width=""467""><font size=""2"">COVER WORK　レインウエア クリティカルハード　F-8300<b></b></font></TD>
    </tr>
<tr>
      <TD bgcolor=""#CCCCCC"" width=""115""><font size=""2"">特長</font></TD>
      <TD width=""467""><font size=""2""><FONT size=""2"">高い耐久性でハードワークをサポート[オックスフォード採用] 
 <BR>防水性能と補強あて付がハードなシーンで活躍 <BR>
      視界のよい透明フード<BR>
      背面反射テープ付<BR>
      肩・肘・膝部分に補強あて付<BR>
      携帯に便利　[袋付] <BR>
      </FONT></font></TD>
    </tr>
<tr>
      <TD bgcolor=""#CCCCCC"" width=""115""><font size=""2"">カラー</font></TD>
      <TD width=""467""><B><FONT size=""-1"">グレー</FONT></B></TD>
    </tr>
<tr>
      <TD bgcolor=""#CCCCCC"" width=""115""><font size=""2"">サイズ</font></TD>
      <TD width=""467""><B><FONT color=""#ff0000"">3L</FONT></B></TD>
    </tr>
<tr>
      <TD bgcolor=""#CCCCCC"" width=""115""><font size=""2"">適応寸法(cm)</font></TD>
      <TD width=""467""><font size=""2"">身長：170～180 、胸囲：102～110 、胴囲：94～104</font></TD>
    </tr>
<tr>
      <TD bgcolor=""#CCCCCC"" width=""115""><font size=""2"">商品寸法(cm)</font></TD>
      <TD width=""467""><font size=""2"">上衣（着丈：82、胸囲：135、袖丈：92）、ズボン（総丈：116、股下：81、腰囲：134）</font></TD>
    </tr>
<tr>
      <TD bgcolor=""#CCCCCC"" width=""115""><font size=""2"">素材</font></TD>
      <TD width=""467"">
      <FONT size=""2"">表：ナイロンビニール引き、100％<BR>
      裏：ポリエステルメッシュ、100％</FONT></TD>
    </tr>
<tr>
      <TD bgcolor=""#CCCCCC"" width=""115""><font size=""2"">販売者</font></TD>
      <TD width=""467""><font size=""2"">(株) 布施商店</font></TD>
    </tr>
</TABLE>
<P><FONT size=""2"">※品質向上のため予告無く仕様を変更する場合がございます。<BR>
※商品画像の色合いは、画像処理上　若干異なる場合がございます。予めご了承下さい。 <BR>
※パッケージリニューアル等につき、商品画像が異なる場合がございます。予めご了承下さい。 </FONT></P><TABLE border=""0"" bgcolor=""#ff0000"">
  <TBODY>
    <TR>
      <TD align=""center"" bgcolor=""#ff0000""><FONT size=""+1"" color=""#ffffff""><B>送料について</B></FONT></TD>
    </TR>
    <TR>
      <TD bgcolor=""#ffffff""><FONT size=""-1"">複数の商品をご購入した場合、送料が自動計算されないため、注文手続き画面では確定できません。<BR>
      ご注文を受付する際に送料を確定させていただきます。予めご了承ください。</FONT></TD>
    </TR>
  </TBODY>
</TABLE>",カバーワーク[COVER WORK]レインウェア クリティカルハード　F-8300[F8300]　3L　グレー：アークランド楽天市場ショップ,工具塗料・接着・補修作業用品園芸用品農業用品水道用品エクステリアペット用品照明インテリア収納家庭用品カー用品アウトドア防犯防災クラフト電材ガーデン安全用品サイクル用品カバーワーク[COVER WORK]レインウェア クリティカルハード　F-8300[F8300]　3L　グレー,カバーワーク[COVER WORK]レインウェア クリティカルハード　F-8300[F8300]　3L　グレー[rn]
26-22585,http://tshop.r10s.jp/lamd/cabinet/00745832/img59147657.jpg?fitin=700:700,2111.2000,,学び・サービス・保険 > 業務用品・サービス > その他,カバーワーク[COVER WORK]レインウェア クリティカルハード　F-8300[F8300]　S　グレー,,"<TABLE border=""2"" style=""border-collapse: collapse"" width=""600"" id=""table1"" height=""143"" bordercolor=""#000000"">
<tr>
      <TD bgcolor=""#CCCCCC"" width=""115""><font size=""2"">ブランド名</font></TD>
      <TD width=""467""><font size=""2"">COVER WORK(カバーワーク)</font></TD>
    </tr>
<tr>
      <TD bgcolor=""#CCCCCC"" width=""115""><font size=""2"">商品名</font></TD>
      <TD width=""467""><font size=""2"">COVER WORK　レインウエア クリティカルハード　F-8300<b></b></font></TD>
    </tr>
<tr>
      <TD bgcolor=""#CCCCCC"" width=""115""><font size=""2"">特長</font></TD>
      <TD width=""467""><font size=""2""><FONT size=""2"">高い耐久性でハードワークをサポート[オックスフォード採用] 
 <BR>防水性能と補強あて付がハードなシーンで活躍 <BR>
      視界のよい透明フード<BR>
      背面反射テープ付<BR>
      肩・肘・膝部分に補強あて付
<BR>携帯に便利　[袋付] <BR>
      </FONT></font></TD>
    </tr>
<tr>
      <TD bgcolor=""#CCCCCC"" width=""115""><font size=""2"">カラー</font></TD>
      <TD width=""467""><B><FONT size=""-1"">グレー</FONT></B></TD>
    </tr>
<tr>
      <TD bgcolor=""#CCCCCC"" width=""115""><font size=""2"">サイズ</font></TD>
      <TD width=""467""><B><FONT color=""#ff0000"">S</FONT></B></TD>
    </tr>
<tr>
      <TD bgcolor=""#CCCCCC"" width=""115""><font size=""2"">適応寸法(cm)</font></TD>
      <TD width=""467""><font size=""2"">身長：150～160 、胸囲：78～86 、胴囲：66～74</font></TD>
    </tr>
<tr>
      <TD bgcolor=""#CCCCCC"" width=""115""><font size=""2"">商品寸法(cm)</font></TD>
      <TD width=""467""><font size=""2"">上衣（着丈：70、胸囲：116、袖丈：83）、ズボン（総丈：104、股下：71、腰囲：112）</font></TD>
    </tr>
<tr>
      <TD bgcolor=""#CCCCCC"" width=""115""><font size=""2"">素材</font></TD>
      <TD width=""467"">
      <FONT size=""2"">表：ナイロンビニール引き、100％<BR>
      裏：ポリエステルメッシュ、100％</FONT></TD>
    </tr>
<tr>
      <TD bgcolor=""#CCCCCC"" width=""115""><font size=""2"">販売者</font></TD>
      <TD width=""467""><font size=""2"">(株) 布施商店</font></TD>
    </tr>
</TABLE>
<P><FONT size=""2"">※品質向上のため予告無く仕様を変更する場合がございます。<BR>
※商品画像の色合いは、画像処理上　若干異なる場合がございます。予めご了承下さい。 <BR>
※パッケージリニューアル等につき、商品画像が異なる場合がございます。予めご了承下さい。 </FONT></P>
</BODY><TABLE border=""0"" bgcolor=""#ff0000"">
  <TBODY>
    <TR>
      <TD align=""center"" bgcolor=""#ff0000""><FONT size=""+1"" color=""#ffffff""><B>送料について</B></FONT></TD>
    </TR>
    <TR>
      <TD bgcolor=""#ffffff""><FONT size=""-1"">複数の商品をご購入した場合、送料が自動計算されないため、注文手続き画面では確定できません。<BR>
      ご注文を受付する際に送料を確定させていただきます。予めご了承ください。</FONT></TD>
    </TR>
  </TBODY>
</TABLE>",カバーワーク[COVER WORK]レインウェア クリティカルハード　F-8300[F8300]　S　グレー：アークランド楽天市場ショップ,工具塗料・接着・補修作業用品園芸用品農業用品水道用品エクステリアペット用品照明インテリア収納家庭用品カー用品アウトドア防犯防災クラフト電材ガーデン安全用品サイクル用品カバーワーク[COVER WORK]レインウェア クリティカルハード　F-8300[F8300]　S　グレー,カバーワーク[COVER WORK]レインウェア クリティカルハード　F-8300[F8300]　S　グレー[rn]
26-22586,http://tshop.r10s.jp/lamd/cabinet/00745832/img59147657.jpg?fitin=700:700,2111.2000,,学び・サービス・保険 > 業務用品・サービス > その他,カバーワーク[COVER WORK]レインウェア クリティカルハード　F-8300[F8300]　LL　グレー,,"<TABLE border=""2"" style=""border-collapse: collapse"" width=""600"" id=""table1"" height=""143"" bordercolor=""#000000"">
<tr>
      <TD bgcolor=""#CCCCCC"" width=""115""><font size=""2"">ブランド名</font></TD>
      <TD width=""467""><font size=""2"">COVER WORK(カバーワーク)</font></TD>
    </tr>
<tr>
      <TD bgcolor=""#CCCCCC"" width=""115""><font size=""2"">商品名</font></TD>
      <TD width=""467""><font size=""2"">COVER WORK　レインウエア クリティカルハード　F-8300<b></b></font></TD>
    </tr>
<tr>
      <TD bgcolor=""#CCCCCC"" width=""115""><font size=""2"">特長</font></TD>
      <TD width=""467""><font size=""2""><FONT size=""2"">高い耐久性でハードワークをサポート[オックスフォード採用] 
 <BR>防水性能と補強あて付がハードなシーンで活躍 <BR>
      視界のよい透明フード<BR>
      背面反射テープ付<BR>
      肩・肘・膝部分に補強あて付<BR>
      携帯に便利　[袋付] <BR>
      </FONT></font></TD>
    </tr>
<tr>
      <TD bgcolor=""#CCCCCC"" width=""115""><font size=""2"">カラー</font></TD>
      <TD width=""467""><B><FONT size=""-1"">グレー</FONT></B></TD>
    </tr>
<tr>
      <TD bgcolor=""#CCCCCC"" width=""115""><font size=""2"">サイズ</font></TD>
      <TD width=""467""><B><FONT color=""#ff0000"">LL</FONT></B></TD>
    </tr>
<tr>
      <TD bgcolor=""#CCCCCC"" width=""115""><font size=""2"">適応寸法(cm)</font></TD>
      <TD width=""467""><font size=""2"">身長：165～175 、胸囲：96～104 、胴囲：86～96</font></TD>
    </tr>
<tr>
      <TD bgcolor=""#CCCCCC"" width=""115""><font size=""2"">商品寸法(cm)</font></TD>
      <TD width=""467""><font size=""2"">上衣（着丈：78、胸囲：130、袖丈：90）、ズボン（総丈：112、股下：78、腰囲：122）</font></TD>
    </tr>
<tr>
      <TD bgcolor=""#CCCCCC"" width=""115""><font size=""2"">素材</font></TD>
      <TD width=""467"">
      <FONT size=""2"">表：ナイロンビニール引き、100％<BR>
      裏：ポリエステルメッシュ、100％</FONT></TD>
    </tr>
<tr>
      <TD bgcolor=""#CCCCCC"" width=""115""><font size=""2"">販売者</font></TD>
      <TD width=""467""><font size=""2"">(株) 布施商店</font></TD>
    </tr>
</TABLE>
<P><FONT size=""2"">※品質向上のため予告無く仕様を変更する場合がございます。<BR>
※商品画像の色合いは、画像処理上　若干異なる場合がございます。予めご了承下さい。 <BR>
※パッケージリニューアル等につき、商品画像が異なる場合がございます。予めご了承下さい。 </FONT></P><TABLE border=""0"" bgcolor=""#ff0000"">
  <TBODY>
    <TR>
      <TD align=""center"" bgcolor=""#ff0000""><FONT size=""+1"" color=""#ffffff""><B>送料について</B></FONT></TD>
    </TR>
    <TR>
      <TD bgcolor=""#ffffff""><FONT size=""-1"">複数の商品をご購入した場合、送料が自動計算されないため、注文手続き画面では確定できません。<BR>
      ご注文を受付する際に送料を確定させていただきます。予めご了承ください。</FONT></TD>
    </TR>
  </TBODY>
</TABLE>",カバーワーク[COVER WORK]レインウェア クリティカルハード　F-8300[F8300]　LL　グレー：アークランド楽天市場ショップ,工具塗料・接着・補修作業用品園芸用品農業用品水道用品エクステリアペット用品照明インテリア収納家庭用品カー用品アウトドア防犯防災クラフト電材ガーデン安全用品サイクル用品カバーワーク[COVER WORK]レインウェア クリティカルハード　F-8300[F8300]　LL　グレー,カバーワーク[COVER WORK]レインウェア クリティカルハード　F-8300[F8300]　LL　グレー[rn]
26-22587,http://tshop.r10s.jp/lamd/cabinet/00745832/img59147657.jpg?fitin=700:700,2111.2000,,学び・サービス・保険 > 業務用品・サービス > その他,カバーワーク[COVER WORK]レインウェア クリティカルハード　F-8300[F8300]　M　グレー,,"<TABLE border=""2"" style=""border-collapse: collapse"" width=""600"" id=""table1"" height=""143"" bordercolor=""#000000"">
<tr>
      <TD bgcolor=""#CCCCCC"" width=""115""><font size=""2"">ブランド名</font></TD>
      <TD width=""467""><font size=""2"">COVER WORK(カバーワーク)</font></TD>
    </tr>
<tr>
      <TD bgcolor=""#CCCCCC"" width=""115""><font size=""2"">商品名</font></TD>
      <TD width=""467""><font size=""2"">COVER WORK　レインウエア クリティカルハード　F-8300<b></b></font></TD>
    </tr>
<tr>
      <TD bgcolor=""#CCCCCC"" width=""115""><font size=""2"">特長</font></TD>
      <TD width=""467""><font size=""2""><FONT size=""2"">高い耐久性でハードワークをサポート[オックスフォード採用] 
 <BR>防水性能と補強あて付がハードなシーンで活躍 <BR>
      視界のよい透明フード<BR>
      背面反射テープ付<BR>
      肩・肘・膝部分に補強あて付
<BR>
      携帯に便利　[袋付] <BR>
      </FONT></font></TD>
    </tr>
<tr>
      <TD bgcolor=""#CCCCCC"" width=""115""><font size=""2"">カラー</font></TD>
      <TD width=""467""><B><FONT size=""-1"">グレー</FONT></B></TD>
    </tr>
<tr>
      <TD bgcolor=""#CCCCCC"" width=""115""><font size=""2"">サイズ</font></TD>
      <TD width=""467""><B><FONT color=""#ff0000"">M</FONT></B></TD>
    </tr>
<tr>
      <TD bgcolor=""#CCCCCC"" width=""115""><font size=""2"">適応寸法(cm)</font></TD>
      <TD width=""467""><font size=""2"">身長：155～165 、胸囲：84～92 、胴囲：72～80</font></TD>
    </tr>
<tr>
      <TD bgcolor=""#CCCCCC"" width=""115""><font size=""2"">商品寸法(cm)</font></TD>
      <TD width=""467""><font size=""2"">上衣（着丈：72、胸囲：120、袖丈：85）、ズボン（総丈：106、股下：73、腰囲：114）</font></TD>
    </tr>
<tr>
      <TD bgcolor=""#CCCCCC"" width=""115""><font size=""2"">素材</font></TD>
      <TD width=""467"">
      <FONT size=""2"">表：ナイロンビニール引き、100％<BR>
      裏：ポリエステルメッシュ、100％</FONT></TD>
    </tr>
<tr>
      <TD bgcolor=""#CCCCCC"" width=""115""><font size=""2"">販売者</font></TD>
      <TD width=""467""><font size=""2"">(株) 布施商店</font></TD>
    </tr>
</TABLE>
<P><FONT size=""2"">※品質向上のため予告無く仕様を変更する場合がございます。<BR>
※商品画像の色合いは、画像処理上　若干異なる場合がございます。予めご了承下さい。 <BR>
※パッケージリニューアル等につき、商品画像が異なる場合がございます。予めご了承下さい。 </FONT></P><TABLE border=""0"" bgcolor=""#ff0000"">
  <TBODY>
    <TR>
      <TD align=""center"" bgcolor=""#ff0000""><FONT size=""+1"" color=""#ffffff""><B>送料について</B></FONT></TD>
    </TR>
    <TR>
      <TD bgcolor=""#ffffff""><FONT size=""-1"">複数の商品をご購入した場合、送料が自動計算されないため、注文手続き画面では確定できません。<BR>
      ご注文を受付する際に送料を確定させていただきます。予めご了承ください。</FONT></TD>
    </TR>
  </TBODY>
</TABLE>",カバーワーク[COVER WORK]レインウェア クリティカルハード　F-8300[F8300]　M　グレー：アークランド楽天市場ショップ,工具塗料・接着・補修作業用品園芸用品農業用品水道用品エクステリアペット用品照明インテリア収納家庭用品カー用品アウトドア防犯防災クラフト電材ガーデン安全用品サイクル用品カバーワーク[COVER WORK]レインウェア クリティカルハード　F-8300[F8300]　M　グレー,カバーワーク[COVER WORK]レインウェア クリティカルハード　F-8300[F8300]　M　グレー[rn]
26-22588,http://tshop.r10s.jp/lamd/cabinet/00745832/img59147936.jpg?fitin=700:700,2111.2000,,学び・サービス・保険 > 業務用品・サービス > その他,カバーワーク[COVER WORK]レインウェア クリティカルハード　F-8300[F8300]　S　オレンジ,,"<TABLE border=""2"" style=""border-collapse: collapse"" width=""600"" id=""table1"" height=""143"" bordercolor=""#000000"">
<tr>
      <TD bgcolor=""#CCCCCC"" width=""115""><font size=""2"">ブランド名</font></TD>
      <TD width=""467""><font size=""2"">COVER WORK(カバーワーク)</font></TD>
    </tr>
<tr>
      <TD bgcolor=""#CCCCCC"" width=""115""><font size=""2"">商品名</font></TD>
      <TD width=""467""><font size=""2"">COVER WORK　レインウエア クリティカルハード　F-8300<b></b></font></TD>
    </tr>
<tr>
      <TD bgcolor=""#CCCCCC"" width=""115""><font size=""2"">特長</font></TD>
      <TD width=""467""><font size=""2""><FONT size=""2"">高い耐久性でハードワークをサポート[オックスフォード採用] 
 <BR>防水性能と補強あて付がハードなシーンで活躍 <BR>
      視界のよい透明フード<BR>
      背面反射テープ付<BR>
      肩・肘・膝部分に補強あて付<BR>
      携帯に便利　[袋付] <BR>
      </FONT></font></TD>
    </tr>
<tr>
      <TD bgcolor=""#CCCCCC"" width=""115""><font size=""2"">カラー</font></TD>
      <TD width=""467""><B><FONT size=""-1"">オレンジ</FONT></B></TD>
    </tr>
<tr>
      <TD bgcolor=""#CCCCCC"" width=""115""><font size=""2"">サイズ</font></TD>
      <TD width=""467""><B><FONT color=""#ff0000"">S</FONT></B></TD>
    </tr>
<tr>
      <TD bgcolor=""#CCCCCC"" width=""115""><font size=""2"">適応寸法(cm)</font></TD>
      <TD width=""467""><font size=""2"">身長：150～160 、胸囲：78～86 、胴囲：66～74</font></TD>
    </tr>
<tr>
      <TD bgcolor=""#CCCCCC"" width=""115""><font size=""2"">商品寸法(cm)</font></TD>
      <TD width=""467""><font size=""2"">上衣（着丈：70、胸囲：116、袖丈：83）、ズボン（総丈：104、股下：71、腰囲：112）</font></TD>
    </tr>
<tr>
      <TD bgcolor=""#CCCCCC"" width=""115""><font size=""2"">素材</font></TD>
      <TD width=""467"">
      <FONT size=""2"">表：ナイロンビニール引き、100％<BR>
      裏：ポリエステルメッシュ、100％</FONT></TD>
    </tr>
<tr>
      <TD bgcolor=""#CCCCCC"" width=""115""><font size=""2"">販売者</font></TD>
      <TD width=""467""><font size=""2"">(株) 布施商店</font></TD>
    </tr>
</TABLE>
<P><FONT size=""2"">※品質向上のため予告無く仕様を変更する場合がございます。<BR>
※商品画像の色合いは、画像処理上　若干異なる場合がございます。予めご了承下さい。 <BR>
※パッケージリニューアル等につき、商品画像が異なる場合がございます。予めご了承下さい。 </FONT></P><TABLE border=""0"" bgcolor=""#ff0000"">
  <TBODY>
    <TR>
      <TD align=""center"" bgcolor=""#ff0000""><FONT size=""+1"" color=""#ffffff""><B>送料について</B></FONT></TD>
    </TR>
    <TR>
      <TD bgcolor=""#ffffff""><FONT size=""-1"">複数の商品をご購入した場合、送料が自動計算されないため、注文手続き画面では確定できません。<BR>
      ご注文を受付する際に送料を確定させていただきます。予めご了承ください。</FONT></TD>
    </TR>
  </TBODY>
</TABLE>",カバーワーク[COVER WORK]レインウェア クリティカルハード　F-8300[F8300]　S　オレンジ：アークランド楽天市場ショップ,工具塗料・接着・補修作業用品園芸用品農業用品水道用品エクステリアペット用品照明インテリア収納家庭用品カー用品アウトドア防犯防災クラフト電材ガーデン安全用品サイクル用品カバーワーク[COVER WORK]レインウェア クリティカルハード　F-8300[F8300]　S　オレンジ,カバーワーク[COVER WORK]レインウェア クリティカルハード　F-8300[F8300]　S　オレンジ[rn]
26-22589,http://tshop.r10s.jp/lamd/cabinet/00745832/img59147936.jpg?fitin=700:700,2111.2000,,学び・サービス・保険 > 業務用品・サービス > その他,カバーワーク[COVER WORK]レインウェア クリティカルハード　F-8300[F8300]　LL　オレンジ,,"<TABLE border=""2"" style=""border-collapse: collapse"" width=""600"" id=""table1"" height=""143"" bordercolor=""#000000"">
<tr>
      <TD bgcolor=""#CCCCCC"" width=""115""><font size=""2"">ブランド名</font></TD>
      <TD width=""467""><font size=""2"">COVER WORK(カバーワーク)</font></TD>
    </tr>
<tr>
      <TD bgcolor=""#CCCCCC"" width=""115""><font size=""2"">商品名</font></TD>
      <TD width=""467""><font size=""2"">COVER WORK　レインウエア クリティカルハード　F-8300<b></b></font></TD>
    </tr>
<tr>
      <TD bgcolor=""#CCCCCC"" width=""115""><font size=""2"">特長</font></TD>
      <TD width=""467""><font size=""2""><FONT size=""2"">高い耐久性でハードワークをサポート[オックスフォード採用] 
 <BR>防水性能と補強あて付がハードなシーンで活躍 <BR>
      視界のよい透明フード<BR>
      背面反射テープ付<BR>
      肩・肘・膝部分に補強あて付<BR>
      携帯に便利　[袋付] <BR>
      </FONT></font></TD>
    </tr>
<tr>
      <TD bgcolor=""#CCCCCC"" width=""115""><font size=""2"">カラー</font></TD>
      <TD width=""467""><B><FONT size=""-1"">オレンジ</FONT></B></TD>
    </tr>
<tr>
      <TD bgcolor=""#CCCCCC"" width=""115""><font size=""2"">サイズ</font></TD>
      <TD width=""467""><B><FONT color=""#ff0000"">LL</FONT></B></TD>
    </tr>
<tr>
      <TD bgcolor=""#CCCCCC"" width=""115""><font size=""2"">適応寸法(cm)</font></TD>
      <TD width=""467""><font size=""2"">身長：165～175 、胸囲：96～104 、胴囲：86～96</font></TD>
    </tr>
<tr>
      <TD bgcolor=""#CCCCCC"" width=""115""><font size=""2"">商品寸法(cm)</font></TD>
      <TD width=""467""><font size=""2"">上衣（着丈：78、胸囲：130、袖丈：90）、ズボン（総丈：112、股下：78、腰囲：122）</font></TD>
    </tr>
<tr>
      <TD bgcolor=""#CCCCCC"" width=""115""><font size=""2"">素材</font></TD>
      <TD width=""467"">
      <FONT size=""2"">表：ナイロンビニール引き、100％<BR>
      裏：ポリエステルメッシュ、100％</FONT></TD>
    </tr>
<tr>
      <TD bgcolor=""#CCCCCC"" width=""115""><font size=""2"">販売者</font></TD>
      <TD width=""467""><font size=""2"">(株) 布施商店</font></TD>
    </tr>
</TABLE>
<P><FONT size=""2"">※品質向上のため予告無く仕様を変更する場合がございます。<BR>
※商品画像の色合いは、画像処理上　若干異なる場合がございます。予めご了承下さい。 <BR>
※パッケージリニューアル等につき、商品画像が異なる場合がございます。予めご了承下さい。 </FONT></P><TABLE border=""0"" bgcolor=""#ff0000"">
  <TBODY>
    <TR>
      <TD align=""center"" bgcolor=""#ff0000""><FONT size=""+1"" color=""#ffffff""><B>送料について</B></FONT></TD>
    </TR>
    <TR>
      <TD bgcolor=""#ffffff""><FONT size=""-1"">複数の商品をご購入した場合、送料が自動計算されないため、注文手続き画面では確定できません。<BR>
      ご注文を受付する際に送料を確定させていただきます。予めご了承ください。</FONT></TD>
    </TR>
  </TBODY>
</TABLE>",カバーワーク[COVER WORK]レインウェア クリティカルハード　F-8300[F8300]　LL　オレンジ：アークランド楽天市場ショップ,工具塗料・接着・補修作業用品園芸用品農業用品水道用品エクステリアペット用品照明インテリア収納家庭用品カー用品アウトドア防犯防災クラフト電材ガーデン安全用品サイクル用品カバーワーク[COVER WORK]レインウェア クリティカルハード　F-8300[F8300]　LL　オレンジ,カバーワーク[COVER WORK]レインウェア クリティカルハード　F-8300[F8300]　LL　オレンジ[rn]
26-22590,http://tshop.r10s.jp/lamd/cabinet/00745832/img59147936.jpg?fitin=700:700,2111.2000,,学び・サービス・保険 > 業務用品・サービス > その他,カバーワーク[COVER WORK]レインウェア クリティカルハード　F-8300[F8300]　M　オレンジ,,"<TABLE border=""2"" style=""border-collapse: collapse"" width=""600"" id=""table1"" height=""143"" bordercolor=""#000000"">
<tr>
      <TD bgcolor=""#CCCCCC"" width=""115""><font size=""2"">ブランド名</font></TD>
      <TD width=""467""><font size=""2"">COVER WORK(カバーワーク)</font></TD>
    </tr>
<tr>
      <TD bgcolor=""#CCCCCC"" width=""115""><font size=""2"">商品名</font></TD>
      <TD width=""467""><font size=""2"">COVER WORK　レインウエア クリティカルハード　F-8300<b></b></font></TD>
    </tr>
<tr>
      <TD bgcolor=""#CCCCCC"" width=""115""><font size=""2"">特長</font></TD>
      <TD width=""467""><font size=""2""><FONT size=""2"">高い耐久性でハードワークをサポート[オックスフォード採用] 
 <BR>防水性能と補強あて付がハードなシーンで活躍 <BR>
      視界のよい透明フード<BR>
      背面反射テープ付<BR>
      肩・肘・膝部分に補強あて付<BR>
      携帯に便利　[袋付] <BR>
      </FONT></font></TD>
    </tr>
<tr>
      <TD bgcolor=""#CCCCCC"" width=""115""><font size=""2"">カラー</font></TD>
      <TD width=""467""><B><FONT size=""-1"">オレンジ</FONT></B></TD>
    </tr>
<tr>
      <TD bgcolor=""#CCCCCC"" width=""115""><font size=""2"">サイズ</font></TD>
      <TD width=""467""><B><FONT color=""#ff0000"">M</FONT></B></TD>
    </tr>
<tr>
      <TD bgcolor=""#CCCCCC"" width=""115""><font size=""2"">適応寸法(cm)</font></TD>
      <TD width=""467""><font size=""2"">身長：155～165 、胸囲：84～92 、胴囲：72～80</font></TD>
    </tr>
<tr>
      <TD bgcolor=""#CCCCCC"" width=""115""><font size=""2"">商品寸法(cm)</font></TD>
      <TD width=""467""><font size=""2"">上衣（着丈：72、胸囲：120、袖丈：85）、ズボン（総丈：106、股下：73、腰囲：114）</font></TD>
    </tr>
<tr>
      <TD bgcolor=""#CCCCCC"" width=""115""><font size=""2"">素材</font></TD>
      <TD width=""467"">
      <FONT size=""2"">表：ナイロンビニール引き、100％<BR>
      裏：ポリエステルメッシュ、100％</FONT></TD>
    </tr>
<tr>
      <TD bgcolor=""#CCCCCC"" width=""115""><font size=""2"">販売者</font></TD>
      <TD width=""467""><font size=""2"">(株) 布施商店</font></TD>
    </tr>
</TABLE>
<P><FONT size=""2"">※品質向上のため予告無く仕様を変更する場合がございます。<BR>
※商品画像の色合いは、画像処理上　若干異なる場合がございます。予めご了承下さい。 <BR>
※パッケージリニューアル等につき、商品画像が異なる場合がございます。予めご了承下さい。 </FONT></P><TABLE border=""0"" bgcolor=""#ff0000"">
  <TBODY>
    <TR>
      <TD align=""center"" bgcolor=""#ff0000""><FONT size=""+1"" color=""#ffffff""><B>送料について</B></FONT></TD>
    </TR>
    <TR>
      <TD bgcolor=""#ffffff""><FONT size=""-1"">複数の商品をご購入した場合、送料が自動計算されないため、注文手続き画面では確定できません。<BR>
      ご注文を受付する際に送料を確定させていただきます。予めご了承ください。</FONT></TD>
    </TR>
  </TBODY>
</TABLE>",カバーワーク[COVER WORK]レインウェア クリティカルハード　F-8300[F8300]　M　オレンジ：アークランド楽天市場ショップ,工具塗料・接着・補修作業用品園芸用品農業用品水道用品エクステリアペット用品照明インテリア収納家庭用品カー用品アウトドア防犯防災クラフト電材ガーデン安全用品サイクル用品カバーワーク[COVER WORK]レインウェア クリティカルハード　F-8300[F8300]　M　オレンジ,カバーワーク[COVER WORK]レインウェア クリティカルハード　F-8300[F8300]　M　オレンジ[rn]
26-22591,http://tshop.r10s.jp/lamd/cabinet/00745832/img59147936.jpg?fitin=700:700,2111.2000,,学び・サービス・保険 > 業務用品・サービス > その他,カバーワーク[COVER WORK]レインウェア クリティカルハード　F-8300[F8300]　3L　オレンジ,,"<TABLE border=""2"" style=""border-collapse: collapse"" width=""600"" id=""table1"" height=""143"" bordercolor=""#000000"">
<tr>
      <TD bgcolor=""#CCCCCC"" width=""115""><font size=""2"">ブランド名</font></TD>
      <TD width=""467""><font size=""2"">COVER WORK(カバーワーク)</font></TD>
    </tr>
<tr>
      <TD bgcolor=""#CCCCCC"" width=""115""><font size=""2"">商品名</font></TD>
      <TD width=""467""><font size=""2"">COVER WORK　レインウエア クリティカルハード　F-8300<b></b></font></TD>
    </tr>
<tr>
      <TD bgcolor=""#CCCCCC"" width=""115""><font size=""2"">特長</font></TD>
      <TD width=""467""><font size=""2""><FONT size=""2"">高い耐久性でハードワークをサポート[オックスフォード採用] 
 <BR>防水性能と補強あて付がハードなシーンで活躍 <BR>
      視界のよい透明フード<BR>
      背面反射テープ付<BR>
      肩・肘・膝部分に補強あて付<BR>
      携帯に便利　[袋付] <BR>
      </FONT></font></TD>
    </tr>
<tr>
      <TD bgcolor=""#CCCCCC"" width=""115""><font size=""2"">カラー</font></TD>
      <TD width=""467""><B><FONT size=""-1"">オレンジ</FONT></B></TD>
    </tr>
<tr>
      <TD bgcolor=""#CCCCCC"" width=""115""><font size=""2"">サイズ</font></TD>
      <TD width=""467""><B><FONT color=""#ff0000"">3L</FONT></B></TD>
    </tr>
<tr>
      <TD bgcolor=""#CCCCCC"" width=""115""><font size=""2"">適応寸法(cm)</font></TD>
      <TD width=""467""><font size=""2"">身長：170～180 、胸囲：102～110 、胴囲：94～104</font></TD>
    </tr>
<tr>
      <TD bgcolor=""#CCCCCC"" width=""115""><font size=""2"">商品寸法(cm)</font></TD>
      <TD width=""467""><font size=""2"">上衣（着丈：82、胸囲：135、袖丈：92）、ズボン（総丈：116、股下：81、腰囲：134）</font></TD>
    </tr>
<tr>
      <TD bgcolor=""#CCCCCC"" width=""115""><font size=""2"">素材</font></TD>
      <TD width=""467"">
      <FONT size=""2"">表：ナイロンビニール引き、100％<BR>
      裏：ポリエステルメッシュ、100％</FONT></TD>
    </tr>
<tr>
      <TD bgcolor=""#CCCCCC"" width=""115""><font size=""2"">販売者</font></TD>
      <TD width=""467""><font size=""2"">(株) 布施商店</font></TD>
    </tr>
</TABLE>
<P><FONT size=""2"">※品質向上のため予告無く仕様を変更する場合がございます。<BR>
※商品画像の色合いは、画像処理上　若干異なる場合がございます。予めご了承下さい。 <BR>
※パッケージリニューアル等につき、商品画像が異なる場合がございます。予めご了承下さい。 </FONT></P><TABLE border=""0"" bgcolor=""#ff0000"">
  <TBODY>
    <TR>
      <TD align=""center"" bgcolor=""#ff0000""><FONT size=""+1"" color=""#ffffff""><B>送料について</B></FONT></TD>
    </TR>
    <TR>
      <TD bgcolor=""#ffffff""><FONT size=""-1"">複数の商品をご購入した場合、送料が自動計算されないため、注文手続き画面では確定できません。<BR>
      ご注文を受付する際に送料を確定させていただきます。予めご了承ください。</FONT></TD>
    </TR>
  </TBODY>
</TABLE>",カバーワーク[COVER WORK]レインウェア クリティカルハード　F-8300[F8300]　3L　オレンジ：アークランド楽天市場ショップ,工具塗料・接着・補修作業用品園芸用品農業用品水道用品エクステリアペット用品照明インテリア収納家庭用品カー用品アウトドア防犯防災クラフト電材ガーデン安全用品サイクル用品カバーワーク[COVER WORK]レインウェア クリティカルハード　F-8300[F8300]　3L　オレンジ,カバーワーク[COVER WORK]レインウェア クリティカルハード　F-8300[F8300]　3L　オレンジ[rn]
26-22592,http://tshop.r10s.jp/lamd/cabinet/00745832/img59147936.jpg?fitin=700:700,2111.2000,,学び・サービス・保険 > 業務用品・サービス > その他,カバーワーク[COVER WORK]レインウェア クリティカルハード　F-8300[F8300]　4L　オレンジ,,"<TABLE border=""2"" style=""border-collapse: collapse"" width=""600"" id=""table1"" height=""143"" bordercolor=""#000000"">
<tr>
      <TD bgcolor=""#CCCCCC"" width=""115""><font size=""2"">ブランド名</font></TD>
      <TD width=""467""><font size=""2"">COVER WORK(カバーワーク)</font></TD>
    </tr>
<tr>
      <TD bgcolor=""#CCCCCC"" width=""115""><font size=""2"">商品名</font></TD>
      <TD width=""467""><font size=""2"">COVER WORK　レインウエア クリティカルハード　F-8300<b></b></font></TD>
    </tr>
<tr>
      <TD bgcolor=""#CCCCCC"" width=""115""><font size=""2"">特長</font></TD>
      <TD width=""467""><font size=""2""><FONT size=""2"">高い耐久性でハードワークをサポート[オックスフォード採用] 
 <BR>防水性能と補強あて付がハードなシーンで活躍 <BR>
      視界のよい透明フード<BR>
      背面反射テープ付<BR>
      肩・肘・膝部分に補強あて付<BR>
      携帯に便利　[袋付] <BR>
      </FONT></font></TD>
    </tr>
<tr>
      <TD bgcolor=""#CCCCCC"" width=""115""><font size=""2"">カラー</font></TD>
      <TD width=""467""><B><FONT size=""-1"">オレンジ</FONT></B></TD>
    </tr>
<tr>
      <TD bgcolor=""#CCCCCC"" width=""115""><font size=""2"">サイズ</font></TD>
      <TD width=""467""><B><FONT color=""#ff0000"">4L</FONT></B></TD>
    </tr>
<tr>
      <TD bgcolor=""#CCCCCC"" width=""115""><font size=""2"">適応寸法(cm)</font></TD>
      <TD width=""467""><font size=""2"">身長：175～185 、胸囲：108～122 、胴囲：102～112</font></TD>
    </tr>
<tr>
      <TD bgcolor=""#CCCCCC"" width=""115""><font size=""2"">商品寸法(cm)</font></TD>
      <TD width=""467""><font size=""2"">上衣（着丈：85、胸囲：140、袖丈：94）、ズボン（総丈：119、股下：84、腰囲：142）</font></TD>
    </tr>
<tr>
      <TD bgcolor=""#CCCCCC"" width=""115""><font size=""2"">素材</font></TD>
      <TD width=""467"">
      <FONT size=""2"">表：ナイロンビニール引き、100％<BR>
      裏：ポリエステルメッシュ、100％</FONT></TD>
    </tr>
<tr>
      <TD bgcolor=""#CCCCCC"" width=""115""><font size=""2"">販売者</font></TD>
      <TD width=""467""><font size=""2"">(株) 布施商店</font></TD>
    </tr>
</TABLE>
<P><FONT size=""2"">※品質向上のため予告無く仕様を変更する場合がございます。<BR>
※商品画像の色合いは、画像処理上　若干異なる場合がございます。予めご了承下さい。 <BR>
※パッケージリニューアル等につき、商品画像が異なる場合がございます。予めご了承下さい。 </FONT></P><TABLE border=""0"" bgcolor=""#ff0000"">
  <TBODY>
    <TR>
      <TD align=""center"" bgcolor=""#ff0000""><FONT size=""+1"" color=""#ffffff""><B>送料について</B></FONT></TD>
    </TR>
    <TR>
      <TD bgcolor=""#ffffff""><FONT size=""-1"">複数の商品をご購入した場合、送料が自動計算されないため、注文手続き画面では確定できません。<BR>
      ご注文を受付する際に送料を確定させていただきます。予めご了承ください。</FONT></TD>
    </TR>
  </TBODY>
</TABLE>",カバーワーク[COVER WORK]レインウェア クリティカルハード　F-8300[F8300]　4L　オレンジ：アークランド楽天市場ショップ,工具塗料・接着・補修作業用品園芸用品農業用品水道用品エクステリアペット用品照明インテリア収納家庭用品カー用品アウトドア防犯防災クラフト電材ガーデン安全用品サイクル用品カバーワーク[COVER WORK]レインウェア クリティカルハード　F-8300[F8300]　4L　オレンジ,カバーワーク[COVER WORK]レインウェア クリティカルハード　F-8300[F8300]　4L　オレンジ[rn]
26-22593,http://tshop.r10s.jp/lamd/cabinet/00745832/img59147936.jpg?fitin=700:700,2111.2000,,学び・サービス・保険 > 業務用品・サービス > その他,カバーワーク[COVER WORK]レインウェア クリティカルハード　F-8300[F8300]　L　オレンジ,,"<TABLE border=""2"" style=""border-collapse: collapse"" width=""600"" id=""table1"" height=""143"" bordercolor=""#000000"">
<tr>
      <TD bgcolor=""#CCCCCC"" width=""115""><font size=""2"">ブランド名</font></TD>
      <TD width=""467""><font size=""2"">COVER WORK(カバーワーク)</font></TD>
    </tr>
<tr>
      <TD bgcolor=""#CCCCCC"" width=""115""><font size=""2"">商品名</font></TD>
      <TD width=""467""><font size=""2"">COVER WORK　レインウエア クリティカルハード　F-8300<b></b></font></TD>
    </tr>
<tr>
      <TD bgcolor=""#CCCCCC"" width=""115""><font size=""2"">特長</font></TD>
      <TD width=""467""><font size=""2""><FONT size=""2"">高い耐久性でハードワークをサポート[オックスフォード採用] 
 <BR>防水性能と補強あて付がハードなシーンで活躍 <BR>
      視界のよい透明フード<BR>
      背面反射テープ付<BR>
      肩・肘・膝部分に補強あて付<BR>
      携帯に便利　[袋付] <BR>
      </FONT></font></TD>
    </tr>
<tr>
      <TD bgcolor=""#CCCCCC"" width=""115""><font size=""2"">カラー</font></TD>
      <TD width=""467""><B><FONT size=""-1"">オレンジ</FONT></B></TD>
    </tr>
<tr>
      <TD bgcolor=""#CCCCCC"" width=""115""><font size=""2"">サイズ</font></TD>
      <TD width=""467""><B><FONT color=""#ff0000"">L</FONT></B></TD>
    </tr>
<tr>
      <TD bgcolor=""#CCCCCC"" width=""115""><font size=""2"">適応寸法(cm)</font></TD>
      <TD width=""467""><font size=""2"">身長：160～170 、胸囲：90～98 、胴囲：78～88</font></TD>
    </tr>
<tr>
      <TD bgcolor=""#CCCCCC"" width=""115""><font size=""2"">商品寸法(cm)</font></TD>
      <TD width=""467""><font size=""2"">上衣（着丈：75、胸囲：125、袖丈：87）、ズボン（総丈：108、股下：75、腰囲：116）</font></TD>
    </tr>
<tr>
      <TD bgcolor=""#CCCCCC"" width=""115""><font size=""2"">素材</font></TD>
      <TD width=""467"">
      <FONT size=""2"">表：ナイロンビニール引き、100％<BR>
      裏：ポリエステルメッシュ、100％</FONT></TD>
    </tr>
<tr>
      <TD bgcolor=""#CCCCCC"" width=""115""><font size=""2"">販売者</font></TD>
      <TD width=""467""><font size=""2"">(株) 布施商店</font></TD>
    </tr>
</TABLE>
<P><FONT size=""2"">※品質向上のため予告無く仕様を変更する場合がございます。<BR>
※商品画像の色合いは、画像処理上　若干異なる場合がございます。予めご了承下さい。 <BR>
※パッケージリニューアル等につき、商品画像が異なる場合がございます。予めご了承下さい。 </FONT></P><TABLE border=""0"" bgcolor=""#ff0000"">
  <TBODY>
    <TR>
      <TD align=""center"" bgcolor=""#ff0000""><FONT size=""+1"" color=""#ffffff""><B>送料について</B></FONT></TD>
    </TR>
    <TR>
      <TD bgcolor=""#ffffff""><FONT size=""-1"">複数の商品をご購入した場合、送料が自動計算されないため、注文手続き画面では確定できません。<BR>
      ご注文を受付する際に送料を確定させていただきます。予めご了承ください。</FONT></TD>
    </TR>
  </TBODY>
</TABLE>",カバーワーク[COVER WORK]レインウェア クリティカルハード　F-8300[F8300]　L　オレンジ：アークランド楽天市場ショップ,工具塗料・接着・補修作業用品園芸用品農業用品水道用品エクステリアペット用品照明インテリア収納家庭用品カー用品アウトドア防犯防災クラフト電材ガーデン安全用品サイクル用品カバーワーク[COVER WORK]レインウェア クリティカルハード　F-8300[F8300]　L　オレンジ,カバーワーク[COVER WORK]レインウェア クリティカルハード　F-8300[F8300]　L　オレンジ[rn]
26-22594,http://tshop.r10s.jp/lamd/cabinet/00745832/img59147758.jpg?fitin=700:700,2111.2000,,学び・サービス・保険 > 業務用品・サービス > その他,カバーワーク[COVER WORK]レインウェア クリティカルハード　F-8300[F8300]　L　ネイビー,,"<TABLE border=""2"" style=""border-collapse: collapse"" width=""600"" id=""table1"" height=""143"" bordercolor=""#000000"">
<tr>
      <TD bgcolor=""#CCCCCC"" width=""115""><font size=""2"">ブランド名</font></TD>
      <TD width=""467""><font size=""2"">COVER WORK(カバーワーク)</font></TD>
    </tr>
<tr>
      <TD bgcolor=""#CCCCCC"" width=""115""><font size=""2"">商品名</font></TD>
      <TD width=""467""><font size=""2"">COVER WORK　レインウエア クリティカルハード　F-8300<b></b></font></TD>
    </tr>
<tr>
      <TD bgcolor=""#CCCCCC"" width=""115""><font size=""2"">特長</font></TD>
      <TD width=""467""><font size=""2""><FONT size=""2"">高い耐久性でハードワークをサポート[オックスフォード採用] 
 <BR>防水性能と補強あて付がハードなシーンで活躍 <BR>
      視界のよい透明フード<BR>
      背面反射テープ付<BR>
      肩・肘・膝部分に補強あて付<BR>
      携帯に便利　[袋付] <BR>
      </FONT></font></TD>
    </tr>
<tr>
      <TD bgcolor=""#CCCCCC"" width=""115""><font size=""2"">カラー</font></TD>
      <TD width=""467""><B><FONT size=""-1"">ネイビー</FONT></B></TD>
    </tr>
<tr>
      <TD bgcolor=""#CCCCCC"" width=""115""><font size=""2"">サイズ</font></TD>
      <TD width=""467""><B><FONT color=""#ff0000"">L</FONT></B></TD>
    </tr>
<tr>
      <TD bgcolor=""#CCCCCC"" width=""115""><font size=""2"">適応寸法(cm)</font></TD>
      <TD width=""467""><font size=""2"">身長：160～170 、胸囲：90～98 、胴囲：78～88</font></TD>
    </tr>
<tr>
      <TD bgcolor=""#CCCCCC"" width=""115""><font size=""2"">商品寸法(cm)</font></TD>
      <TD width=""467""><font size=""2"">上衣（着丈：75、胸囲：125、袖丈：87）、ズボン（総丈：108、股下：75、腰囲：116）</font></TD>
    </tr>
<tr>
      <TD bgcolor=""#CCCCCC"" width=""115""><font size=""2"">素材</font></TD>
      <TD width=""467"">
      <FONT size=""2"">表：ナイロンビニール引き、100％<BR>
      裏：ポリエステルメッシュ、100％</FONT></TD>
    </tr>
<tr>
      <TD bgcolor=""#CCCCCC"" width=""115""><font size=""2"">販売者</font></TD>
      <TD width=""467""><font size=""2"">(株) 布施商店</font></TD>
    </tr>
</TABLE>
<P><FONT size=""2"">※品質向上のため予告無く仕様を変更する場合がございます。<BR>
※商品画像の色合いは、画像処理上　若干異なる場合がございます。予めご了承下さい。 <BR>
※パッケージリニューアル等につき、商品画像が異なる場合がございます。予めご了承下さい。 </FONT></P><TABLE border=""0"" bgcolor=""#ff0000"">
  <TBODY>
    <TR>
      <TD align=""center"" bgcolor=""#ff0000""><FONT size=""+1"" color=""#ffffff""><B>送料について</B></FONT></TD>
    </TR>
    <TR>
      <TD bgcolor=""#ffffff""><FONT size=""-1"">複数の商品をご購入した場合、送料が自動計算されないため、注文手続き画面では確定できません。<BR>
      ご注文を受付する際に送料を確定させていただきます。予めご了承ください。</FONT></TD>
    </TR>
  </TBODY>
</TABLE>",カバーワーク[COVER WORK]レインウェア クリティカルハード　F-8300[F8300]　L　ネイビー：アークランド楽天市場ショップ,工具塗料・接着・補修作業用品園芸用品農業用品水道用品エクステリアペット用品照明インテリア収納家庭用品カー用品アウトドア防犯防災クラフト電材ガーデン安全用品サイクル用品カバーワーク[COVER WORK]レインウェア クリティカルハード　F-8300[F8300]　L　ネイビー,カバーワーク[COVER WORK]レインウェア クリティカルハード　F-8300[F8300]　L　ネイビー[rn]
26-22595,http://tshop.r10s.jp/lamd/cabinet/00745832/img59147758.jpg?fitin=700:700,2111.2000,,学び・サービス・保険 > 業務用品・サービス > その他,カバーワーク[COVER WORK]レインウェア クリティカルハード　F-8300[F8300]　S　ネイビー,,"<TABLE border=""2"" style=""border-collapse: collapse"" width=""600"" id=""table1"" height=""143"" bordercolor=""#000000"">
<tr>
      <TD bgcolor=""#CCCCCC"" width=""115""><font size=""2"">ブランド名</font></TD>
      <TD width=""467""><font size=""2"">COVER WORK(カバーワーク)</font></TD>
    </tr>
<tr>
      <TD bgcolor=""#CCCCCC"" width=""115""><font size=""2"">商品名</font></TD>
      <TD width=""467""><font size=""2"">COVER WORK　レインウエア クリティカルハード　F-8300<b></b></font></TD>
    </tr>
<tr>
      <TD bgcolor=""#CCCCCC"" width=""115""><font size=""2"">特長</font></TD>
      <TD width=""467""><font size=""2""><FONT size=""2"">高い耐久性でハードワークをサポート[オックスフォード採用] 
 <BR>防水性能と補強あて付がハードなシーンで活躍 <BR>
      視界のよい透明フード<BR>
      背面反射テープ付<BR>
      肩・肘・膝部分に補強あて付
<BR>携帯に便利　[袋付] <BR>
      </FONT></font></TD>
    </tr>
<tr>
      <TD bgcolor=""#CCCCCC"" width=""115""><font size=""2"">カラー</font></TD>
      <TD width=""467""><B><FONT size=""-1"">ネイビー</FONT></B></TD>
    </tr>
<tr>
      <TD bgcolor=""#CCCCCC"" width=""115""><font size=""2"">サイズ</font></TD>
      <TD width=""467""><B><FONT color=""#ff0000"">S</FONT></B></TD>
    </tr>
<tr>
      <TD bgcolor=""#CCCCCC"" width=""115""><font size=""2"">適応寸法(cm)</font></TD>
      <TD width=""467""><font size=""2"">身長：150～160 、胸囲：78～86 、胴囲：66～74</font></TD>
    </tr>
<tr>
      <TD bgcolor=""#CCCCCC"" width=""115""><font size=""2"">商品寸法(cm)</font></TD>
      <TD width=""467""><font size=""2"">上衣（着丈：70、胸囲：116、袖丈：83）、ズボン（総丈：104、股下：71、腰囲：112）</font></TD>
    </tr>
<tr>
      <TD bgcolor=""#CCCCCC"" width=""115""><font size=""2"">素材</font></TD>
      <TD width=""467"">
      <FONT size=""2"">表：ナイロンビニール引き、100％<BR>
      裏：ポリエステルメッシュ、100％</FONT></TD>
    </tr>
<tr>
      <TD bgcolor=""#CCCCCC"" width=""115""><font size=""2"">販売者</font></TD>
      <TD width=""467""><font size=""2"">(株) 布施商店</font></TD>
    </tr>
</TABLE>
<P><FONT size=""2"">※品質向上のため予告無く仕様を変更する場合がございます。<BR>
※商品画像の色合いは、画像処理上　若干異なる場合がございます。予めご了承下さい。 <BR>
※パッケージリニューアル等につき、商品画像が異なる場合がございます。予めご了承下さい。 </FONT></P><TABLE border=""0"" bgcolor=""#ff0000"">
  <TBODY>
    <TR>
      <TD align=""center"" bgcolor=""#ff0000""><FONT size=""+1"" color=""#ffffff""><B>送料について</B></FONT></TD>
    </TR>
    <TR>
      <TD bgcolor=""#ffffff""><FONT size=""-1"">複数の商品をご購入した場合、送料が自動計算されないため、注文手続き画面では確定できません。<BR>
      ご注文を受付する際に送料を確定させていただきます。予めご了承ください。</FONT></TD>
    </TR>
  </TBODY>
</TABLE>",カバーワーク[COVER WORK]レインウェア クリティカルハード　F-8300[F8300]　S　ネイビー：アークランド楽天市場ショップ,工具塗料・接着・補修作業用品園芸用品農業用品水道用品エクステリアペット用品照明インテリア収納家庭用品カー用品アウトドア防犯防災クラフト電材ガーデン安全用品サイクル用品カバーワーク[COVER WORK]レインウェア クリティカルハード　F-8300[F8300]　S　ネイビー,カバーワーク[COVER WORK]レインウェア クリティカルハード　F-8300[F8300]　S　ネイビー[rn]
26-22596,http://tshop.r10s.jp/lamd/cabinet/00745832/img59147758.jpg?fitin=700:700,2111.2000,,学び・サービス・保険 > 業務用品・サービス > その他,カバーワーク[COVER WORK]レインウェア クリティカルハード　F-8300[F8300]　LL　ネイビー,,"<TABLE border=""2"" style=""border-collapse: collapse"" width=""600"" id=""table1"" height=""143"" bordercolor=""#000000"">
<tr>
      <TD bgcolor=""#CCCCCC"" width=""115""><font size=""2"">ブランド名</font></TD>
      <TD width=""467""><font size=""2"">COVER WORK(カバーワーク)</font></TD>
    </tr>
<tr>
      <TD bgcolor=""#CCCCCC"" width=""115""><font size=""2"">商品名</font></TD>
      <TD width=""467""><font size=""2"">COVER WORK　レインウエア クリティカルハード　F-8300<b></b></font></TD>
    </tr>
<tr>
      <TD bgcolor=""#CCCCCC"" width=""115""><font size=""2"">特長</font></TD>
      <TD width=""467""><font size=""2""><FONT size=""2"">高い耐久性でハードワークをサポート[オックスフォード採用] 
 <BR>防水性能と補強あて付がハードなシーンで活躍 <BR>
      視界のよい透明フード<BR>
      背面反射テープ付<BR>
      肩・肘・膝部分に補強あて付<BR>
      携帯に便利　[袋付] <BR>
      </FONT></font></TD>
    </tr>
<tr>
      <TD bgcolor=""#CCCCCC"" width=""115""><font size=""2"">カラー</font></TD>
      <TD width=""467""><B><FONT size=""-1"">ネイビー</FONT></B></TD>
    </tr>
<tr>
      <TD bgcolor=""#CCCCCC"" width=""115""><font size=""2"">サイズ</font></TD>
      <TD width=""467""><B><FONT color=""#ff0000"">LL</FONT></B></TD>
    </tr>
<tr>
      <TD bgcolor=""#CCCCCC"" width=""115""><font size=""2"">適応寸法(cm)</font></TD>
      <TD width=""467""><font size=""2"">身長：165～175 、胸囲：96～104 、胴囲：86～96</font></TD>
    </tr>
<tr>
      <TD bgcolor=""#CCCCCC"" width=""115""><font size=""2"">商品寸法(cm)</font></TD>
      <TD width=""467""><font size=""2"">上衣（着丈：78、胸囲：130、袖丈：90）、ズボン（総丈：112、股下：78、腰囲：122）</font></TD>
    </tr>
<tr>
      <TD bgcolor=""#CCCCCC"" width=""115""><font size=""2"">素材</font></TD>
      <TD width=""467"">
      <FONT size=""2"">表：ナイロンビニール引き、100％<BR>
      裏：ポリエステルメッシュ、100％</FONT></TD>
    </tr>
<tr>
      <TD bgcolor=""#CCCCCC"" width=""115""><font size=""2"">販売者</font></TD>
      <TD width=""467""><font size=""2"">(株) 布施商店</font></TD>
    </tr>
</TABLE>
<P><FONT size=""2"">※品質向上のため予告無く仕様を変更する場合がございます。<BR>
※商品画像の色合いは、画像処理上　若干異なる場合がございます。予めご了承下さい。 <BR>
※パッケージリニューアル等につき、商品画像が異なる場合がございます。予めご了承下さい。 </FONT></P><TABLE border=""0"" bgcolor=""#ff0000"">
  <TBODY>
    <TR>
      <TD align=""center"" bgcolor=""#ff0000""><FONT size=""+1"" color=""#ffffff""><B>送料について</B></FONT></TD>
    </TR>
    <TR>
      <TD bgcolor=""#ffffff""><FONT size=""-1"">複数の商品をご購入した場合、送料が自動計算されないため、注文手続き画面では確定できません。<BR>
      ご注文を受付する際に送料を確定させていただきます。予めご了承ください。</FONT></TD>
    </TR>
  </TBODY>
</TABLE>",カバーワーク[COVER WORK]レインウェア クリティカルハード　F-8300[F8300]　LL　ネイビー：アークランド楽天市場ショップ,工具塗料・接着・補修作業用品園芸用品農業用品水道用品エクステリアペット用品照明インテリア収納家庭用品カー用品アウトドア防犯防災クラフト電材ガーデン安全用品サイクル用品カバーワーク[COVER WORK]レインウェア クリティカルハード　F-8300[F8300]　LL　ネイビー,カバーワーク[COVER WORK]レインウェア クリティカルハード　F-8300[F8300]　LL　ネイビー[rn]
26-22597,http://tshop.r10s.jp/lamd/cabinet/00745832/img59147758.jpg?fitin=700:700,2111.2000,,学び・サービス・保険 > 業務用品・サービス > その他,カバーワーク[COVER WORK]レインウェア クリティカルハード　F-8300[F8300]　4L　ネイビー,,"<TABLE border=""2"" style=""border-collapse: collapse"" width=""600"" id=""table1"" height=""143"" bordercolor=""#000000"">
<tr>
      <TD bgcolor=""#CCCCCC"" width=""115""><font size=""2"">ブランド名</font></TD>
      <TD width=""467""><font size=""2"">COVER WORK(カバーワーク)</font></TD>
    </tr>
<tr>
      <TD bgcolor=""#CCCCCC"" width=""115""><font size=""2"">商品名</font></TD>
      <TD width=""467""><font size=""2"">COVER WORK　レインウエア クリティカルハード　F-8300<b></b></font></TD>
    </tr>
<tr>
      <TD bgcolor=""#CCCCCC"" width=""115""><font size=""2"">特長</font></TD>
      <TD width=""467""><font size=""2""><FONT size=""2"">高い耐久性でハードワークをサポート[オックスフォード採用] 
 <BR>防水性能と補強あて付がハードなシーンで活躍 <BR>
      視界のよい透明フード<BR>
      背面反射テープ付<BR>
      肩・肘・膝部分に補強あて付<BR>
      携帯に便利　[袋付] <BR>
      </FONT></font></TD>
    </tr>
<tr>
      <TD bgcolor=""#CCCCCC"" width=""115""><font size=""2"">カラー</font></TD>
      <TD width=""467""><B><FONT size=""-1"">ネイビー</FONT></B></TD>
    </tr>
<tr>
      <TD bgcolor=""#CCCCCC"" width=""115""><font size=""2"">サイズ</font></TD>
      <TD width=""467""><B><FONT color=""#ff0000"">4L</FONT></B></TD>
    </tr>
<tr>
      <TD bgcolor=""#CCCCCC"" width=""115""><font size=""2"">適応寸法(cm)</font></TD>
      <TD width=""467""><font size=""2"">身長：175～185 、胸囲：108～122 、胴囲：102～112</font></TD>
    </tr>
<tr>
      <TD bgcolor=""#CCCCCC"" width=""115""><font size=""2"">商品寸法(cm)</font></TD>
      <TD width=""467""><font size=""2"">上衣（着丈：85、胸囲：140、袖丈：94）、ズボン（総丈：119、股下：84、腰囲：142）</font></TD>
    </tr>
<tr>
      <TD bgcolor=""#CCCCCC"" width=""115""><font size=""2"">素材</font></TD>
      <TD width=""467"">
      <FONT size=""2"">表：ナイロンビニール引き、100％<BR>
      裏：ポリエステルメッシュ、100％</FONT></TD>
    </tr>
<tr>
      <TD bgcolor=""#CCCCCC"" width=""115""><font size=""2"">販売者</font></TD>
      <TD width=""467""><font size=""2"">(株) 布施商店</font></TD>
    </tr>
</TABLE>
<P><FONT size=""2"">※品質向上のため予告無く仕様を変更する場合がございます。<BR>
※商品画像の色合いは、画像処理上　若干異なる場合がございます。予めご了承下さい。 <BR>
※パッケージリニューアル等につき、商品画像が異なる場合がございます。予めご了承下さい。 </FONT></P><TABLE border=""0"" bgcolor=""#ff0000"">
  <TBODY>
    <TR>
      <TD align=""center"" bgcolor=""#ff0000""><FONT size=""+1"" color=""#ffffff""><B>送料について</B></FONT></TD>
    </TR>
    <TR>
      <TD bgcolor=""#ffffff""><FONT size=""-1"">複数の商品をご購入した場合、送料が自動計算されないため、注文手続き画面では確定できません。<BR>
      ご注文を受付する際に送料を確定させていただきます。予めご了承ください。</FONT></TD>
    </TR>
  </TBODY>
</TABLE>",カバーワーク[COVER WORK]レインウェア クリティカルハード　F-8300[F8300]　4L　ネイビー：アークランド楽天市場ショップ,工具塗料・接着・補修作業用品園芸用品農業用品水道用品エクステリアペット用品照明インテリア収納家庭用品カー用品アウトドア防犯防災クラフト電材ガーデン安全用品サイクル用品カバーワーク[COVER WORK]レインウェア クリティカルハード　F-8300[F8300]　4L　ネイビー,カバーワーク[COVER WORK]レインウェア クリティカルハード　F-8300[F8300]　4L　ネイビー[rn]
26-22598,http://tshop.r10s.jp/lamd/cabinet/00745832/img59147758.jpg?fitin=700:700,2111.2000,,学び・サービス・保険 > 業務用品・サービス > その他,カバーワーク[COVER WORK]レインウェア クリティカルハード　F-8300[F8300]　M　ネイビー,,"<TABLE border=""2"" style=""border-collapse: collapse"" width=""600"" id=""table1"" height=""143"" bordercolor=""#000000"">
<tr>
      <TD bgcolor=""#CCCCCC"" width=""115""><font size=""2"">ブランド名</font></TD>
      <TD width=""467""><font size=""2"">COVER WORK(カバーワーク)</font></TD>
    </tr>
<tr>
      <TD bgcolor=""#CCCCCC"" width=""115""><font size=""2"">商品名</font></TD>
      <TD width=""467""><font size=""2"">COVER WORK　レインウエア クリティカルハード　F-8300<b></b></font></TD>
    </tr>
<tr>
      <TD bgcolor=""#CCCCCC"" width=""115""><font size=""2"">特長</font></TD>
      <TD width=""467""><font size=""2""><FONT size=""2"">高い耐久性でハードワークをサポート[オックスフォード採用] 
 <BR>防水性能と補強あて付がハードなシーンで活躍 <BR>
      視界のよい透明フード<BR>
      背面反射テープ付<BR>
      肩・肘・膝部分に補強あて付
<BR>
      携帯に便利　[袋付] <BR>
      </FONT></font></TD>
    </tr>
<tr>
      <TD bgcolor=""#CCCCCC"" width=""115""><font size=""2"">カラー</font></TD>
      <TD width=""467""><B><FONT size=""-1"">ネイビー</FONT></B></TD>
    </tr>
<tr>
      <TD bgcolor=""#CCCCCC"" width=""115""><font size=""2"">サイズ</font></TD>
      <TD width=""467""><B><FONT color=""#ff0000"">M</FONT></B></TD>
    </tr>
<tr>
      <TD bgcolor=""#CCCCCC"" width=""115""><font size=""2"">適応寸法(cm)</font></TD>
      <TD width=""467""><font size=""2"">身長：155～165 、胸囲：84～92 、胴囲：72～80</font></TD>
    </tr>
<tr>
      <TD bgcolor=""#CCCCCC"" width=""115""><font size=""2"">商品寸法(cm)</font></TD>
      <TD width=""467""><font size=""2"">上衣（着丈：72、胸囲：120、袖丈：85）、ズボン（総丈：106、股下：73、腰囲：114）</font></TD>
    </tr>
<tr>
      <TD bgcolor=""#CCCCCC"" width=""115""><font size=""2"">素材</font></TD>
      <TD width=""467"">
      <FONT size=""2"">表：ナイロンビニール引き、100％<BR>
      裏：ポリエステルメッシュ、100％</FONT></TD>
    </tr>
<tr>
      <TD bgcolor=""#CCCCCC"" width=""115""><font size=""2"">販売者</font></TD>
      <TD width=""467""><font size=""2"">(株) 布施商店</font></TD>
    </tr>
</TABLE>
<P><FONT size=""2"">※品質向上のため予告無く仕様を変更する場合がございます。<BR>
※商品画像の色合いは、画像処理上　若干異なる場合がございます。予めご了承下さい。 <BR>
※パッケージリニューアル等につき、商品画像が異なる場合がございます。予めご了承下さい。 </FONT></P><TABLE border=""0"" bgcolor=""#ff0000"">
  <TBODY>
    <TR>
      <TD align=""center"" bgcolor=""#ff0000""><FONT size=""+1"" color=""#ffffff""><B>送料について</B></FONT></TD>
    </TR>
    <TR>
      <TD bgcolor=""#ffffff""><FONT size=""-1"">複数の商品をご購入した場合、送料が自動計算されないため、注文手続き画面では確定できません。<BR>
      ご注文を受付する際に送料を確定させていただきます。予めご了承ください。</FONT></TD>
    </TR>
  </TBODY>
</TABLE>",カバーワーク[COVER WORK]レインウェア クリティカルハード　F-8300[F8300]　M　ネイビー：アークランド楽天市場ショップ,工具塗料・接着・補修作業用品園芸用品農業用品水道用品エクステリアペット用品照明インテリア収納家庭用品カー用品アウトドア防犯防災クラフト電材ガーデン安全用品サイクル用品カバーワーク[COVER WORK]レインウェア クリティカルハード　F-8300[F8300]　M　ネイビー,カバーワーク[COVER WORK]レインウェア クリティカルハード　F-8300[F8300]　M　ネイビー[rn]
26-22599,http://tshop.r10s.jp/lamd/cabinet/00745832/img59147758.jpg?fitin=700:700,2111.2000,,学び・サービス・保険 > 業務用品・サービス > その他,カバーワーク[COVER WORK]レインウェア クリティカルハード　F-8300[F8300]　3L　ネイビー,,"<TABLE border=""2"" style=""border-collapse: collapse"" width=""600"" id=""table1"" height=""143"" bordercolor=""#000000"">
<tr>
      <TD bgcolor=""#CCCCCC"" width=""115""><font size=""2"">ブランド名</font></TD>
      <TD width=""467""><font size=""2"">COVER WORK(カバーワーク)</font></TD>
    </tr>
<tr>
      <TD bgcolor=""#CCCCCC"" width=""115""><font size=""2"">商品名</font></TD>
      <TD width=""467""><font size=""2"">COVER WORK　レインウエア クリティカルハード　F-8300<b></b></font></TD>
    </tr>
<tr>
      <TD bgcolor=""#CCCCCC"" width=""115""><font size=""2"">特長</font></TD>
      <TD width=""467""><font size=""2""><FONT size=""2"">高い耐久性でハードワークをサポート[オックスフォード採用] 
 <BR>防水性能と補強あて付がハードなシーンで活躍 <BR>
      視界のよい透明フード<BR>
      背面反射テープ付<BR>
      肩・肘・膝部分に補強あて付<BR>
      携帯に便利　[袋付] <BR>
      </FONT></font></TD>
    </tr>
<tr>
      <TD bgcolor=""#CCCCCC"" width=""115""><font size=""2"">カラー</font></TD>
      <TD width=""467""><B><FONT size=""-1"">ネイビー</FONT></B></TD>
    </tr>
<tr>
      <TD bgcolor=""#CCCCCC"" width=""115""><font size=""2"">サイズ</font></TD>
      <TD width=""467""><B><FONT color=""#ff0000"">3L</FONT></B></TD>
    </tr>
<tr>
      <TD bgcolor=""#CCCCCC"" width=""115""><font size=""2"">適応寸法(cm)</font></TD>
      <TD width=""467""><font size=""2"">身長：170～180 、胸囲：102～110 、胴囲：94～104</font></TD>
    </tr>
<tr>
      <TD bgcolor=""#CCCCCC"" width=""115""><font size=""2"">商品寸法(cm)</font></TD>
      <TD width=""467""><font size=""2"">上衣（着丈：82、胸囲：135、袖丈：92）、ズボン（総丈：116、股下：81、腰囲：134）</font></TD>
    </tr>
<tr>
      <TD bgcolor=""#CCCCCC"" width=""115""><font size=""2"">素材</font></TD>
      <TD width=""467"">
      <FONT size=""2"">表：ナイロンビニール引き、100％<BR>
      裏：ポリエステルメッシュ、100％</FONT></TD>
    </tr>
<tr>
      <TD bgcolor=""#CCCCCC"" width=""115""><font size=""2"">販売者</font></TD>
      <TD width=""467""><font size=""2"">(株) 布施商店</font></TD>
    </tr>
</TABLE>
<P><FONT size=""2"">※品質向上のため予告無く仕様を変更する場合がございます。<BR>
※商品画像の色合いは、画像処理上　若干異なる場合がございます。予めご了承下さい。 <BR>
※パッケージリニューアル等につき、商品画像が異なる場合がございます。予めご了承下さい。 </FONT></P><TABLE border=""0"" bgcolor=""#ff0000"">
  <TBODY>
    <TR>
      <TD align=""center"" bgcolor=""#ff0000""><FONT size=""+1"" color=""#ffffff""><B>送料について</B></FONT></TD>
    </TR>
    <TR>
      <TD bgcolor=""#ffffff""><FONT size=""-1"">複数の商品をご購入した場合、送料が自動計算されないため、注文手続き画面では確定できません。<BR>
      ご注文を受付する際に送料を確定させていただきます。予めご了承ください。</FONT></TD>
    </TR>
  </TBODY>
</TABLE>",カバーワーク[COVER WORK]レインウェア クリティカルハード　F-8300[F8300]　3L　ネイビー：アークランド楽天市場ショップ,工具塗料・接着・補修作業用品園芸用品農業用品水道用品エクステリアペット用品照明インテリア収納家庭用品カー用品アウトドア防犯防災クラフト電材ガーデン安全用品サイクル用品カバーワーク[COVER WORK]レインウェア クリティカルハード　F-8300[F8300]　3L　ネイビー,カバーワーク[COVER WORK]レインウェア クリティカルハード　F-8300[F8300]　3L　ネイビー[rn]
26-22600,http://tshop.r10s.jp/lamd/cabinet/00547252/imgrc0063720394.jpg?fitin=700:700,486.4000,,学び・サービス・保険 > 業務用品・サービス > その他,COVER WORK ヒートフェイスマスク FT-561 フリー［ブラック］,,"<TABLE border=""1"" style=""border-collapse: collapse"" width=""680"" id=""table1"" height=""50"" bordercolor=""#000000"">
  <TBODY>
    <TR>
      <TD width=""147""><FONT color=""#666666"" size=""3"">特長</FONT></TD>
      <TD width=""542""><FONT color=""#666666"" size=""3"">高い保温性を実現した超軽量・薄手仕様のフェイスマスク。<BR>
      さらにストレッチ素材採用でフィット感・通気性に優れ、<BR>
      ６通りの装着方法であらゆる場面に対応。 </FONT></TD>
    </TR>
    <TR>
      <TD><FONT color=""#666666"" size=""3"">カラー</FONT></TD>
      <TD><FONT color=""#666666"" size=""3"">ブラック
</FONT></TD>
    </TR>
    <TR>
      <TD><FONT color=""#666666"" size=""3"">サイズ</FONT></TD>
      <TD><FONT color=""#666666"" size=""3"">フリー</FONT></TD>
    </TR>
    <TR>
      <TD><FONT color=""#666666"" size=""3"">材質</FONT></TD>
      <TD><FONT color=""#666666"" size=""3"">ポリエステル・ポリウレタン    </FONT></TR>
    <TR>
      <TD><FONT color=""#666666"" size=""3"">原産国
</FONT></TD>
      <TD><FONT color=""#666666"" size=""3"">中国</FONT></TD>
    </TR>
    <TR>
      <TD width=""147""><FONT color=""#666666"" size=""3"">発売元</FONT></TD>
      <TD width=""542""><FONT color=""#666666"" size=""3"">株式会社布施商店</FONT></TD>
    </TR>
  </TBODY>
</TABLE>
<P><FONT size=""2"" color=""#666666""><BR>
※品質向上のため予告無く仕様を変更する場合がございます。<BR>
※商品画像の色合いは、画像処理上　若干異なる場合がございます。予めご了承下さい。<BR>
※パッケージリニューアル等につき、商品画像が異なる場合がございます。予めご了承下さい。 </FONT><BR>
</P>
<BR>
<BR><TABLE border=""0"" bgcolor=""#ff0000"">
  <TBODY>
    <TR>
      <TD align=""center"" bgcolor=""#ff0000""><FONT size=""+1"" color=""#ffffff""><B>送料について</B></FONT></TD>
    </TR>
    <TR>
      <TD bgcolor=""#ffffff""><FONT size=""-1"">複数の商品をご購入した場合、送料が自動計算されないため、注文手続き画面では確定できません。<BR>
      ご注文を受付する際に送料を確定させていただきます。予めご了承ください。</FONT></TD>
    </TR>
  </TBODY>
</TABLE>",COVER WORK ヒートフェイスマスク FT-561 フリー［ブラック］：アークランド楽天市場ショップ,工具塗料・接着・補修作業用品園芸用品農業用品水道用品エクステリアペット用品照明インテリア収納家庭用品カー用品アウトドア防犯防災クラフト電材ガーデン安全用品サイクル用品COVER WORK ヒートフェイスマスク FT-561 フリー［ブラック］,COVER WORK ヒートフェイスマスク FT-561 フリー［ブラック］[rn]
