16-95701,http://tshop.r10s.jp/kurashikenkou/cabinet/tasya31/7058653-e.jpg?fitin=700:700,400.0000,,キッチン用品・食器・調理器具 > キッチン用品・雑貨・エプロン > キッチン小物 > その他,ヌメリ防止リング PM76-2ぬめり 防止 お風呂 バス ぬめりお風呂 ぬめりバス 防止お風呂 お風呂ぬめり バスぬめり お風呂防止 【D】 【三栄水栓】,【税込3990円以上で送料無料】,"<!--▼カゴ下バナー--><center><font color=""#ff1493"" size=""6""></center></font><iframe src=""http://www.rakuten.ne.jp/gold/kurashikenkou/cart_161018.html"" width=""100%"" height=""670"" scrolling=""no"" frameborder=""0"" =""""></iframe 　><!--▲カゴ下バナー--><br>

<b><font color=""#DCDCDC"">ぬめり 防止 お風呂 バス ぬめりお風呂 お風呂ぬめり</font></b><br>ヌメリストップ PH6532F-7S専用のヌメリ防止リングです。<br><br>●ヌメリ防止リング薬剤成分<br>
酢酸ナトリウム、アロマレイン酸、ステアリン酸カルシウム、第四アンモニウム塩<br>
●液性<br>
弱酸性<br>
●用途<br>
台所排水口の洗浄除菌<br>
●重量<br>
約4.3g<br>
●材質<br>
ポリプロピレン<br>
●商・iサイズ（cm）<br>
直径約11.9ｘ高さ約1.7<br>
●耐熱温度<br>
80℃<br>",ヌメリ防止リング PM76-2ぬめり 防止 お風呂 バス ぬめりお風呂 ぬめりバス 防止お風呂 お風呂ぬめり バスぬめり お風呂防止 【D】 【三栄水栓】：暮らし健康ネット館,キッチンバス調理器具洗剤クリスタルガイザー500ml柔軟剤室内物干し物干し健康食品アイリスオーヤマ掃除ハンガー洗濯収納米ダイエット水ダウニーフライパン特茶ヌメリ防止リング PM76-2ぬめり 防止 お風呂 バス ぬめりお風呂 ぬめりバス 防止お風呂 お風呂ぬめり バスぬめり お風呂防止 【D】 【三栄水栓】,【税込3990円以上で送料無料】。ヌメリ防止リング PM76-2ぬめり 防止 お風呂 バス ぬめりお風呂 ぬめりバス 防止お風呂 お風呂ぬめり バスぬめり お風呂防止 【D】 【三栄水栓】[rn]
16-95702,http://tshop.r10s.jp/kurashikenkou/cabinet/tasya24/7034706-e.jpg?fitin=700:700,2800.0000,,キッチン用品・食器・調理器具 > キッチン用品・雑貨・エプロン > キッチン小物 > その他,【ジョセフジョセフ シンク収納】キャディ ラージ【キッチン収納 スポンジ置き おしゃれ】JosephJoseph 850499・ホワイト/グリーン【TC】,【100円クーポン有】【税込3990円以上で送料無料】,"<!--▼カゴ下バナー--><center><font color=""#ff1493"" size=""6""></center></font><iframe src=""http://www.rakuten.ne.jp/gold/kurashikenkou/cart_161018.html"" width=""100%"" height=""670"" scrolling=""no"" frameborder=""0"" =""""></iframe 　><!--▲カゴ下バナー--><br>



















<b><font color=""#DCDCDC"">【ジョセフジョセフ シンク収納 キッチン収納　スポンジ置き おしゃれ】JosephJoseph</font></b><br>シンク周りの道具を機能的に収納できるツール♪<br>ふきんを乾かすためのバーや、濡れたスポンジを置くためのトレイ付き。<br>深いユニットには、背の高いボトルやブラシなどを収納できます。<br><br><br>●サイズ（cm）：約30.3×約12.8×約14.4<br>●重量：約392g<br>●素材：ABS樹脂、シリコーン<br>●食器洗浄乾燥器：使用可（最高庫内温度80℃以下に限る）<br><br>◇◆おススメ商品◆◇<br>
★キャディ ラージ 850499 ホワイト/グリーン JosephJoseph<br>
★エクステンド JosephJoseph<br>
★シンクセーバー JosephJoseph<br>",【ジョセフジョセフ シンク収納】キャディ ラージ【キッチン収納 スポンジ置き おしゃれ】JosephJoseph 850499・ホワイト/グリーン【TC】：暮らし健康ネット館,キッチンバス調理器具洗剤クリスタルガイザー500ml柔軟剤室内物干し物干し健康食品アイリスオーヤマ掃除ハンガー洗濯収納米ダイエット水ダウニーフライパン特茶【ジョセフジョセフ シンク収納】キャディ ラージ【キッチン収納 スポンジ置き おしゃれ】JosephJoseph 850499・ホワイト/グリーン【TC】,【100円クーポン有】【税込3990円以上で送料無料】。【ジョセフジョセフ シンク収納】キャディ ラージ【キッチン収納 スポンジ置き おしゃれ】JosephJoseph 850499・ホワイト/グリーン【TC】[rn]
16-95703,http://tshop.r10s.jp/kurashikenkou/cabinet/tasya18/7013008-e.jpg?fitin=700:700,252.0000,,キッチン用品・食器・調理器具 > キッチン用品・雑貨・エプロン > キッチン小物 > その他,チンするレシピ クッキーマジック 電子レンジ専用 3セット入 【TC】,【税込3990円以上で送料無料】,"<font color=""deeppink""><b>予熱いらず！ レンジで簡単手作り3分クッキー！</b></font><br>
<br>
キチントさん「チンするレシピ クッキーマジック」は、電子レンジでスピーディーにクッキーが焼ける商品です。<br>
両面発熱シートでこんがり焼けて、後片付けも簡単です。<br>
1セットで32個のクッキーが焼けます。（16×2回）本品は2回目まで使用可能です。<br>
<br>
●商品サイズ（cm）：トレー・縦約18ｘ横約18、フタ・縦約21.6ｘ横約21.6<br>
●重量（約）：130g<br>
●内容・付属品：フタ・トレー各3セット入＋プレーン＆2種類のアレンジレシピ<br>
●材質：紙・ポリエステル・アルミニウム・シリコーン樹脂<br>
●本品の他に必要な物：バター・砂糖・卵1個・薄力粉<br>
●加熱室の有効寸法：庫内左右幅と奥行きが315mm以上・ターンテーブルの直径が260mm以上<br>
●調理時間の目安：500Wで3分・600Wで2分50秒<br>
<br>
★★おススメ商品★★<br>
★HOT&COOL ランチバッグ スープジャーケース S グリーン&ピンク LF-563(GP)【TC】<br>
★HOT&COOL ランチバッグ スープジャーケース S グリーン&ネイビー LF-563(GN)【TC】<br>
★1段2段共用保冷ランチバッグ ブラック LF-574(BK)【TC】<br>
★箸箱セット 19.5cm H-581(BC)【TC】<br>
★万能分別鋏 DH-2467【TC】<br>
★角型米カップ DH-2472【TC】",チンするレシピ クッキーマジック 電子レンジ専用 3セット入 【TC】：暮らし健康ネット館,キッチンバス調理器具洗剤クリスタルガイザー500ml柔軟剤室内物干し物干し健康食品アイリスオーヤマ掃除ハンガー洗濯収納米ダイエット水ダウニーフライパン特茶チンするレシピ クッキーマジック 電子レンジ専用 3セット入 【TC】,【税込3990円以上で送料無料】。チンするレシピ クッキーマジック 電子レンジ専用 3セット入 【TC】[rn]
16-95704,http://tshop.r10s.jp/kurashikenkou/cabinet/skater/9471365.jpg?fitin=700:700,380.0000,,キッチン用品・食器・調理器具 > キッチン用品・雑貨・エプロン > キッチン小物 > その他,マグネットクリップＭ　ＣＬＷ１３ミッキー　アイコン【D】≪スケーター≫[入園グッズ/キャラクター/キャラクターグッズ/ディズニー/Disney/お弁当/水筒/おでかけ/]【ギフト/贈り物】【楽ギフ_包装】【RCP】【Disneyzone】,【税込3990円以上で送料無料】,"<!--▼カゴ下バナー--><center><font color=""#ff1493"" size=""6""></center></font><iframe src=""http://www.rakuten.ne.jp/gold/kurashikenkou/cart_161018.html"" width=""100%"" height=""670"" scrolling=""no"" frameborder=""0"" =""""></iframe 　><!--▲カゴ下バナー--><br>

















★便利グッズもお気に入りキャラで楽しく★<br>

●裏面にマグネットの付いたクリップです。<br>
●冷蔵庫の扉などにピタッとくっつくので、買い物メモやレシピをはさむのに便利！<br>
●袋のクリップとしても使えます。<br>
●かわいいミッキーアイコンのデザイン。<br><br>

■商品サイズ（約）：幅5.1×奥行き13.0×高さ3.3cm<br>

<br>
※お取り寄せ商品の為、お届けまで7～10日ほどお時間をいただく場合がございます。予めご了承ください。",マグネットクリップＭ　ＣＬＷ１３ミッキー　アイコン【D】≪スケーター≫[入園グッズ/キャラクター/キャラクターグッズ/ディズニー/Disney/お弁当/水筒/おでかけ/]【ギフト/贈り物】【楽ギフ_包装】【RCP】【Disneyzone】：暮らし健康ネット館,キッチンバス調理器具洗剤クリスタルガイザー500ml柔軟剤室内物干し物干し健康食品アイリスオーヤマ掃除ハンガー洗濯収納米ダイエット水ダウニーフライパン特茶マグネットクリップＭ　ＣＬＷ１３ミッキー　アイコン【D】≪スケーター≫[入園グッズ/キャラクター/キャラクターグッズ/ディズニー/Disney/お弁当/水筒/おでかけ/]【ギフト/贈り物】【楽ギフ_包装】【RCP】【Disneyzone】,【税込3990円以上で送料無料】。マグネットクリップＭ　ＣＬＷ１３ミッキー　アイコン【D】≪スケーター≫[入園グッズ/キャラクター/キャラクターグッズ/ディズニー/Disney/お弁当/水筒/おでかけ/]【ギフト/贈り物】【楽ギフ_包装】【RCP】【Disneyzone】[rn]
16-95705,http://tshop.r10s.jp/edion/cabinet/goods/ll/img_148/4536117018998_ll.jpg?fitin=700:700,544.0000,,キッチン用品・食器・調理器具 > キッチン用品・雑貨・エプロン > キッチン小物 > その他,ドリテック カッター付ハンディシーラー ホワイト HS-110WT [HS110WT],,□商品説明<br>●袋の口をピタッと閉じる!<br>●食べかけのお菓子や野菜類の保存に大活躍。<br>●マグネット付きで冷蔵庫などに貼付けられます。<br>●カッター付きで簡単に袋を開封できます。<br>□商品仕様<br>●使用電池:単3形アルカリ乾電池×2個(動作確認用電池付き)<br>●電池寿命:約1ヶ月(新しい電池使用時)<br>●本体寸法:W3.7×H3.6×D10.2cm<br>●本体質量:約56g(電池は除く)<br>●付属品:単3形アルカリ電池×2個(動作確認用電池),ドリテック カッター付ハンディシーラー ホワイト HS-110WT [HS110WT]：エディオン　楽天市場店,ドリテック カッター付ハンディシーラー ホワイト HS-110WT [HS110WT],ドリテック カッター付ハンディシーラー ホワイト HS-110WT [HS110WT][rn]
16-95706,http://tshop.r10s.jp/edion/cabinet/goods/ll/img_074/4962752007347_ll.jpg?fitin=700:700,1752.0000,,キッチン用品・食器・調理器具 > キッチン用品・雑貨・エプロン > キッチン小物 > その他,三菱ケミカル ポット型浄水器 クリンスイ CP012-WT [CP012WT],,□商品説明<br>●高速除菌も可能な中空糸膜フィルター採用のカートリッジで、15物質除去の優れた浄水性能。<br>●コンパクトで無駄の無いスクエアボディ。<br>●より持ちやすく改良。指がかかりやすい形状で水が入っていてもラクに持てます。<br>●片手で簡単。蓋を外さずラクラク給水可能。<br>□商品仕様<br>●浄水部容量:0.9L<br>●材料の種類:本体/SAN(AS)樹脂、カートリッジ/ABS樹脂、フタ/ABS樹脂・ポリプロピレン、リザーバータンク/MBS樹脂<br>●ろ材の種類:中空糸膜(ポリエチレン)、セラミック、活性炭<br>●ろ過流量:0.10L/分<br>●浄水能力:遊離残留塩素/総ろ過水量200L・除去率80%、濁り/総ろ過水量200L・ろ過流量50%、総トリハロメタン/総ろ過水量200L・除去率80%、クロロホルム/総ろ過水量200L・除去率80%、ブロモジクロロメタン/総ろ過水量200L・除去率80%、ジブロモクロロメタン/総ろ過水量200L・除去率80%、ブロモホルム/総ろ過水量200L・除去率80%、溶解性鉛/総ろ過水量200L・除去率80%、CAT(農薬)/総ろ過水量200L・除去率80%、2-MIB(カビ臭)/総ろ過水量200L・除去率80%、テトラクロロエチレン/総ろ過水量200L・除去率80%、トリクロロエチレン/総ろ過水量200L・除去率80%、111-トリクロロエタン/総ろ過水量200L・除去率80%、鉄(微粒子状)/除去率80%、アルミニウム(中性)/除去率80%<br>●ろ材の交換時期の目安:3ヶ月(1日2L使用の場合)<br>●寸法:W10.5×H28.8×D10.5cm<br>●質量:550g(満水時1550g),三菱ケミカル ポット型浄水器 クリンスイ CP012-WT [CP012WT]：エディオン　楽天市場店,三菱ケミカル ポット型浄水器 クリンスイ CP012-WT [CP012WT],三菱ケミカル ポット型浄水器 クリンスイ CP012-WT [CP012WT][rn]
16-95707,http://tshop.r10s.jp/edion/cabinet/goods/ll/img_089/4976790203784_ll.jpg?fitin=700:700,195.2000,,キッチン用品・食器・調理器具 > キッチン用品・雑貨・エプロン > キッチン小物 > その他,パール金属 ColorsカラフルクリップL8P C0378 [C0378],,□商品説明<br>●開閉しやすいR形状のクリップ<br>□商品仕様<br>●材質：本体/ポリプロピレン,パール金属 ColorsカラフルクリップL8P C0378 [C0378]：エディオン　楽天市場店,パール金属 ColorsカラフルクリップL8P C0378 [C0378],パール金属 ColorsカラフルクリップL8P C0378 [C0378][rn]
16-95708,http://tshop.r10s.jp/edion/cabinet/goods/ll/img_143/4987167081904_ll.jpg?fitin=700:700,518.4000,,キッチン用品・食器・調理器具 > キッチン用品・雑貨・エプロン > キッチン小物 > その他,ニチバン Dear kitchen ワザアリテープ 2巻パック 25mm×6m 白 DKWA2552P [DKWA2552P],,□商品説明<br>●ハサミいらず！手で切れるから、手軽にすぐ使えます。<br>●食品の袋止めはもちろん、保存容器やフリーザーバッグの日付・内容物のラベルに便利<br>●冷蔵庫(4℃)、冷凍庫(-18℃)内でも使用できます。<br>●油性ペンで保存日や内容物が書き込めるので、ラベルのような使い方もできます。<br>●注意：電気絶縁用、重量物の梱包には使用しないでください。<br>●テープを貼ったまま電子レンジやオーブン、ガスコンロ等で使用しないでください。<br>●お買い得な2巻パック。<br>□商品仕様<br>●商品サイズ：直径4.8cm×奥行2.5cm<br>●材質：基材/ポリエチレンクロス、粘着剤/アクリル系、テープホルダー/合成紙・PET・ウレタン・磁石,ニチバン Dear kitchen ワザアリテープ 2巻パック 25mm&times;6m 白 DKWA2552P [DKWA2552P]：エディオン　楽天市場店,ニチバン Dear kitchen ワザアリテープ 2巻パック 25mm&times;6m 白 DKWA2552P [DKWA2552P],ニチバン Dear kitchen ワザアリテープ 2巻パック 25mm&times;6m 白 DKWA2552P [DKWA2552P][rn]
16-95709,http://tshop.r10s.jp/edion/cabinet/goods/ll/img_129/4903288028291_ll.jpg?fitin=700:700,976.0000,,キッチン用品・食器・調理器具 > キッチン用品・雑貨・エプロン > キッチン小物 > その他,アネスティ Karari 珪藻土 グラスドライヤー グレー グラスドライヤ-HO1829 [グラスドライヤ-HO1829],,□商品説明<br>●滴り落ちる水滴をサッと吸い取り自然に乾燥、手間いらず。<br>●コップ内の水滴を垂らさない。<br>□商品仕様<br>●寸法：H1×W23×D10cm<br>●重量：250g<br>●生産国：中国,アネスティ Karari 珪藻土 グラスドライヤー グレー グラスドライヤ-HO1829 [グラスドライヤ-HO1829]：エディオン　楽天市場店,アネスティ Karari 珪藻土 グラスドライヤー グレー グラスドライヤ-HO1829 [グラスドライヤ-HO1829],アネスティ Karari 珪藻土 グラスドライヤー グレー グラスドライヤ-HO1829 [グラスドライヤ-HO1829][rn]
16-95710,http://tshop.r10s.jp/edion/cabinet/goods/ll/img_135/4971881160137_ll.jpg?fitin=700:700,1024.0000,,キッチン用品・食器・調理器具 > キッチン用品・雑貨・エプロン > キッチン小物 > その他,リス ウーデスチール皿立てスリム ピンク ｳ-ﾃﾞｽﾁ-ﾙｻﾗﾀﾃｽﾘﾑPI [ｳ-ﾃﾞｽﾁ-ﾙｻﾗﾀﾃｽﾘﾑPI],,●可動式樋で排水方向を調節でき、左右縦横どこにでも配置可能です。<br>●仕切り付カトラリーポケット付。<br>●皿は直径28cmまで、まな板は厚さ2.5cmまで対応。<br>●材質：皿立て/スチール紛体塗装、トレー・樋・ポケット/PP、スベリ止め/エラストマー<br>●サイズ：22×39.5×16.8h(cm),リス ウーデスチール皿立てスリム ピンク ｳ-ﾃﾞｽﾁ-ﾙｻﾗﾀﾃｽﾘﾑPI [ｳ-ﾃﾞｽﾁ-ﾙｻﾗﾀﾃｽﾘﾑPI]：エディオン　楽天市場店,リス ウーデスチール皿立てスリム ピンク ｳ-ﾃﾞｽﾁ-ﾙｻﾗﾀﾃｽﾘﾑPI [ｳ-ﾃﾞｽﾁ-ﾙｻﾗﾀﾃｽﾘﾑPI],リス ウーデスチール皿立てスリム ピンク ｳ-ﾃﾞｽﾁ-ﾙｻﾗﾀﾃｽﾘﾑPI [ｳ-ﾃﾞｽﾁ-ﾙｻﾗﾀﾃｽﾘﾑPI][rn]
16-95711,http://tshop.r10s.jp/edion/cabinet/goods/ll/img_143/4987167074944_ll.jpg?fitin=700:700,259.2000,,キッチン用品・食器・調理器具 > キッチン用品・雑貨・エプロン > キッチン小物 > その他,ニチバン Dear kitchen ワザアリテープ 25mm×6m 赤 DKWA251 [DKWA251],,□商品説明<br>●ハサミいらず！手で切れるから、手軽にすぐ使えます。<br>●食品の袋止めはもちろん、保存容器やフリーザーバッグの日付・内容物のラベルに便利<br>●冷蔵庫(4℃)、冷凍庫(-18℃)内でも使用できます。<br>●油性ペンで保存日や内容物が書き込めるので、ラベルのような使い方もできます。<br>●注意：電気絶縁用、重量物の梱包には使用しないでください。<br>●テープを貼ったまま電子レンジやオーブン、ガスコンロ等で使用しないでください。<br>□商品仕様<br>●商品サイズ：直径4.8cm×奥行2.5cm<br>●材質：基材/ポリエチレンクロス、粘着剤/アクリル系,ニチバン Dear kitchen ワザアリテープ 25mm&times;6m 赤 DKWA251 [DKWA251]：エディオン　楽天市場店,ニチバン Dear kitchen ワザアリテープ 25mm&times;6m 赤 DKWA251 [DKWA251],ニチバン Dear kitchen ワザアリテープ 25mm&times;6m 赤 DKWA251 [DKWA251][rn]
16-95712,http://tshop.r10s.jp/edion/cabinet/goods/ll/img_143/4987167074982_ll.jpg?fitin=700:700,259.2000,,キッチン用品・食器・調理器具 > キッチン用品・雑貨・エプロン > キッチン小物 > その他,ニチバン Dear kitchen ワザアリテープ 25mm×6m 白 DKWA255 [DKWA255],,□商品説明<br>●ハサミいらず！手で切れるから、手軽にすぐ使えます。<br>●食品の袋止めはもちろん、保存容器やフリーザーバッグの日付・内容物のラベルに便利<br>●冷蔵庫(4℃)、冷凍庫(-18℃)内でも使用できます。<br>●油性ペンで保存日や内容物が書き込めるので、ラベルのような使い方もできます。<br>●注意：電気絶縁用、重量物の梱包には使用しないでください。<br>●テープを貼ったまま電子レンジやオーブン、ガスコンロ等で使用しないでください。<br>□商品仕様<br>●商品サイズ：直径4.8cm×奥行2.5cm<br>●材質：基材/ポリエチレンクロス、粘着剤/アクリル系,ニチバン Dear kitchen ワザアリテープ 25mm&times;6m 白 DKWA255 [DKWA255]：エディオン　楽天市場店,ニチバン Dear kitchen ワザアリテープ 25mm&times;6m 白 DKWA255 [DKWA255],ニチバン Dear kitchen ワザアリテープ 25mm&times;6m 白 DKWA255 [DKWA255][rn]
16-95713,http://tshop.r10s.jp/edion/cabinet/goods/ll/img_146/4933776476495_ll.jpg?fitin=700:700,672.0000,,キッチン用品・食器・調理器具 > キッチン用品・雑貨・エプロン > キッチン小物 > その他,ワイズ すべりを防ぐシート AYAru クッカ AY010 [AY010],,□商品説明<br>●キッチンの引き出しや、シンクマット、まな板や置物の下などのキズつけ防止・すべり防止にお使い頂けます。<br>□商品仕様<br>●材質:PVC、ポリエステル<br>●原産国:中国<br>●寸法:W120.0×H0.2×D50.0cm<br>●質量:約170g,ワイズ すべりを防ぐシート AYAru クッカ AY010 [AY010]：エディオン　楽天市場店,ワイズ すべりを防ぐシート AYAru クッカ AY010 [AY010],ワイズ すべりを防ぐシート AYAru クッカ AY010 [AY010][rn]
16-95714,http://tshop.r10s.jp/edion/cabinet/goods/ll/img_129/4903288028123_ll.jpg?fitin=700:700,328.0000,,キッチン用品・食器・調理器具 > キッチン用品・雑貨・エプロン > キッチン小物 > その他,アネスティ Karari 珪藻土 ブロックレクタングル2P ホワイト ブロツクレクタングル2PホワイトHO1812 [ブロツクレクタングル2PホワイトHO1812],,□商品説明<br>●レンジ加熱で雑菌消滅、衛生的。入れるだけの抜群調湿力。<br>●1個約30g2個入り。<br>□商品仕様<br>●寸法：H0.8×W6×D4.5cm<br>●重量：30g<br>●生産国：中国,アネスティ Karari 珪藻土 ブロックレクタングル2P ホワイト ブロツクレクタングル2PホワイトHO1812 [ブロツクレクタングル2PホワイトHO1812]：エディオン　楽天市場店,アネスティ Karari 珪藻土 ブロックレクタングル2P ホワイト ブロツクレクタングル2PホワイトHO1812 [ブロツクレクタングル2PホワイトHO1812],アネスティ Karari 珪藻土 ブロックレクタングル2P ホワイト ブロツクレクタングル2PホワイトHO1812 [ブロツクレクタングル2PホワイトHO1812][rn]
16-95715,http://tshop.r10s.jp/edion/cabinet/goods/ll/img_129/4903288028130_ll.jpg?fitin=700:700,168.0000,,キッチン用品・食器・調理器具 > キッチン用品・雑貨・エプロン > キッチン小物 > その他,アネスティ Karari 珪藻土 ブロックヘキサゴン2P ホワイト ブロツクヘキサゴン2PホワイトHO1813 [ブロツクヘキサゴン2PホワイトHO1813],,□商品説明<br>●レンジ加熱で雑菌消滅、衛生的。入れるだけの抜群調湿力。<br>●1個約13g2個入り。<br>□商品仕様<br>●寸法：H0.8×W4.5×D4cm<br>●重量：13g<br>●生産国：中国,アネスティ Karari 珪藻土 ブロックヘキサゴン2P ホワイト ブロツクヘキサゴン2PホワイトHO1813 [ブロツクヘキサゴン2PホワイトHO1813]：エディオン　楽天市場店,アネスティ Karari 珪藻土 ブロックヘキサゴン2P ホワイト ブロツクヘキサゴン2PホワイトHO1813 [ブロツクヘキサゴン2PホワイトHO1813],アネスティ Karari 珪藻土 ブロックヘキサゴン2P ホワイト ブロツクヘキサゴン2PホワイトHO1813 [ブロツクヘキサゴン2PホワイトHO1813][rn]
16-95716,http://tshop.r10s.jp/edion/cabinet/goods/l1/img079/4973655116722_l1.jpg?fitin=700:700,1073.6000,,キッチン用品・食器・調理器具 > キッチン用品・雑貨・エプロン > キッチン小物 > その他,リッチェル トレーＳレッド　ラクール レッド ﾗｸ-ﾙﾄﾚ-Sﾚﾂﾄﾞ [ﾗｸ-ﾙﾄﾚ-Sﾚﾂﾄﾞ],,□商品説明<br>●食器やコップの縁が排水面に触れにくい清潔設計です。<br>●排水用の穴からシンクへ直接排水できます。<br>●止水栓を取り付けることで、排水できない場所でも設置できます。<br>●独自の凹凸パターンと傾斜で水の流れを誘導し、トレーを乾きやすくします。<br>□商品仕様<br>●トレー:ポリプロピレン、止水栓:シリコーンゴム<br>●商品サイズ：W（幅）45.5cm×Ｈ（高さ）4cm×Ｄ（奥行）22.5cm,リッチェル トレーＳレッド　ラクール レッド ﾗｸ-ﾙﾄﾚ-Sﾚﾂﾄﾞ [ﾗｸ-ﾙﾄﾚ-Sﾚﾂﾄﾞ]：エディオン　楽天市場店,リッチェル トレーＳレッド　ラクール レッド ﾗｸ-ﾙﾄﾚ-Sﾚﾂﾄﾞ [ﾗｸ-ﾙﾄﾚ-Sﾚﾂﾄﾞ],リッチェル トレーＳレッド　ラクール レッド ﾗｸ-ﾙﾄﾚ-Sﾚﾂﾄﾞ [ﾗｸ-ﾙﾄﾚ-Sﾚﾂﾄﾞ][rn]
16-95717,http://tshop.r10s.jp/edion/cabinet/goods/ll/img_089/4976404249924_ll.jpg?fitin=700:700,412.0000,,キッチン用品・食器・調理器具 > キッチン用品・雑貨・エプロン > キッチン小物 > その他,マーナ ぺんぎんスクレーパー イエロー K499Y [K499Y],,□商品説明<br>●カレー料理やソースなど皿や鍋・フライパンについたベタベタ汚れをサッとひとぬぐい。あとの食器洗いを楽にします。しつこい汚れも、少量の洗剤できれいになります。食器洗い乾燥機入れる前のご使用にも、大変便利です。<br>□商品仕様<br>●材質／スチレン系エラストマー　耐熱温度／１００℃<br>●寸法：W7.6×H11.3×D0.5cm,マーナ ぺんぎんスクレーパー イエロー K499Y [K499Y]：エディオン　楽天市場店,マーナ ぺんぎんスクレーパー イエロー K499Y [K499Y],マーナ ぺんぎんスクレーパー イエロー K499Y [K499Y][rn]
16-95718,http://tshop.r10s.jp/edion/cabinet/goods/ll/img_089/4976404210009_ll.jpg?fitin=700:700,536.0000,,キッチン用品・食器・調理器具 > キッチン用品・雑貨・エプロン > キッチン小物 > その他,マーナ Ｇ＋らくらくオープナー イエロー ﾏ-ﾅK100 [ﾏ-ﾅK100],,□商品説明<br>●ビンのフタはもちろん、缶詰のプルタブ、ペットボトルのキャップまでオープナーはこれ一本でＯＫ。<br>□商品仕様<br>●材質：本体／ABS樹脂、滑り止め部／内側：合成ゴム、外側：スチレン系エラストマー<br>●寸法：W9.2×H19.5×D1.8cm,マーナ Ｇ＋らくらくオープナー イエロー ﾏ-ﾅK100 [ﾏ-ﾅK100]：エディオン　楽天市場店,マーナ Ｇ＋らくらくオープナー イエロー ﾏ-ﾅK100 [ﾏ-ﾅK100],マーナ Ｇ＋らくらくオープナー イエロー ﾏ-ﾅK100 [ﾏ-ﾅK100][rn]
16-95719,http://tshop.r10s.jp/edion/cabinet/goods/ll/img_146/4933776476693_ll.jpg?fitin=700:700,672.0000,,キッチン用品・食器・調理器具 > キッチン用品・雑貨・エプロン > キッチン小物 > その他,ワイズ すべりを防ぐシート AYAru サイン AY012 [AY012],,□商品説明<br>●キッチンの引き出しや、シンクマット、まな板や置物の下などのキズつけ防止・すべり防止にお使い頂けます。<br>□商品仕様<br>●材質:PVC、ポリエステル<br>●原産国:中国<br>●寸法:W120.0×H0.2×D50.0cm<br>●質量:約170g,ワイズ すべりを防ぐシート AYAru サイン AY012 [AY012]：エディオン　楽天市場店,ワイズ すべりを防ぐシート AYAru サイン AY012 [AY012],ワイズ すべりを防ぐシート AYAru サイン AY012 [AY012][rn]
16-95720,http://tshop.r10s.jp/edion/cabinet/goods/l1/img079/4545229102488_l1.jpg?fitin=700:700,818.4000,,キッチン用品・食器・調理器具 > キッチン用品・雑貨・エプロン > キッチン小物 > その他,橋本達之助工芸 フローリングおすすめ　木目塗りの屑入れ　マーブルＳ マーブル ﾀﾞｽﾊﾟｰ ｸｽﾞｲﾚ ﾏｰﾌﾞﾙS [ﾀﾞｽﾊﾟDS1ﾏ-ﾌﾞﾙ],,□商品説明<br>●紀州漆器の職人がひとつひとつ木目塗りを施しています。同じ木目模様はありません。<br>●塗りものならではの奥行き深い質感がフローリングや畳にもよく合います。<br>●丸型タイプ。<br>□商品仕様<br>●材質：ＡＢＳ樹脂・ウレタン塗装。容量：３．４Ｌ<br>●商品サイズ：W（幅）15.6cm×Ｈ（高さ）20cm×Ｄ（奥行）15.6cm,橋本達之助工芸 フローリングおすすめ　木目塗りの屑入れ　マーブルＳ マーブル ﾀﾞｽﾊﾟｰ ｸｽﾞｲﾚ ﾏｰﾌﾞﾙS [ﾀﾞｽﾊﾟDS1ﾏ-ﾌﾞﾙ]：エディオン　楽天市場店,橋本達之助工芸 フローリングおすすめ　木目塗りの屑入れ　マーブルＳ マーブル ﾀﾞｽﾊﾟｰ ｸｽﾞｲﾚ ﾏｰﾌﾞﾙS [ﾀﾞｽﾊﾟDS1ﾏ-ﾌﾞﾙ],橋本達之助工芸 フローリングおすすめ　木目塗りの屑入れ　マーブルＳ マーブル ﾀﾞｽﾊﾟｰ ｸｽﾞｲﾚ ﾏｰﾌﾞﾙS [ﾀﾞｽﾊﾟDS1ﾏ-ﾌﾞﾙ][rn]
16-95721,http://tshop.r10s.jp/edion/cabinet/goods/ll/img_076/4966511227953_ll.jpg?fitin=700:700,479.2000,,キッチン用品・食器・調理器具 > キッチン用品・雑貨・エプロン > キッチン小物 > その他,八幡化成 ダストボックス ウェイビー503 ブラウン ｳｴｲﾋﾞ-503 [ｳｴｲﾋﾞ-503],,□商品説明<br>●丸型ダストボックス。容量5L。<br>●アクセントのハンドルは、袋掛けとして使用できます。<br>□商品仕様<br>●容量:5L<br>●材質:ポリプロピレン、ポリスチレン<br>●寸法:W24.7×H20.5×D21.2cm,八幡化成 ダストボックス ウェイビー503 ブラウン ｳｴｲﾋﾞ-503 [ｳｴｲﾋﾞ-503]：エディオン　楽天市場店,八幡化成 ダストボックス ウェイビー503 ブラウン ｳｴｲﾋﾞ-503 [ｳｴｲﾋﾞ-503],八幡化成 ダストボックス ウェイビー503 ブラウン ｳｴｲﾋﾞ-503 [ｳｴｲﾋﾞ-503][rn]
16-95722,http://tshop.r10s.jp/candytower/cabinet/191000-192000/191710.jpg?fitin=700:700,1777.6000,,キッチン用品・食器・調理器具 > キッチン用品・雑貨・エプロン > キッチン小物 > その他,映画「ゴーストバスターズ」　スライマーのピザカッター ■ アメリカ雑貨 アメリカン雑貨,こういうのに出会ったら無条件に迎え入れるべし！,"映画界きっての食いしん坊キャラ、ゴーストバスターズのスライマーのピザカッターです。<br><br>もうピザなんか切ること置いといても欲しくなっちゃう・・・・アメ雑好きのツボをついたアイテムでしょ！<br><br>こんなの手にしてコストコのピザとかカットしたら、もうちょっとしたイベントだよ！こんなのが無造作にキッチンに転がってるシーンって、ボクらの想像する楽園だもんね！スライマーは立体的に再現されていて、姿かたちから色までメチャリアルに仕上がってます。<br><br>ゴーストバスターズ3の映画公開の時に初回生産のみでリリースされたアイテムなので、すでにメーカー在庫は完売しています。<br><br>アメ雑好きならこれをおいて他に何を買う。こういうのに出会ったら無条件に迎え入れるべし。きっと人生を幸せにしてくれますから！(〃￣▽￣〃）

<hr>サイズ：横11cm×縦17cm×厚み3cm（約）
<br><br>
<img src=""http://image.rakuten.co.jp/candytower/cabinet/191000-192000/191711.jpg"" width=""100%"">
<br><br>
<img src=""http://image.rakuten.co.jp/candytower/cabinet/191000-192000/191712.jpg"" width=""100%"">
<br><br>
<img src=""http://image.rakuten.co.jp/candytower/cabinet/191000-192000/191713.jpg"" width=""100%"">
<br><br>
<img src=""http://image.rakuten.co.jp/candytower/cabinet/191000-192000/191714.jpg"" width=""100%"">
<br><br>
<img src=""http://image.rakuten.co.jp/candytower/cabinet/191000-192000/191715.jpg"" width=""100%"">
<br><br>
<img src=""http://image.rakuten.co.jp/candytower/cabinet/191000-192000/191716.jpg"" width=""100%"">
<br><br>
<img src=""http://image.rakuten.co.jp/candytower/cabinet/191000-192000/191717.jpg"" width=""100%"">
<br><br>
<img src=""http://image.rakuten.co.jp/candytower/cabinet/191000-192000/191718.jpg"" width=""100%"">
<br><br>
<img src=""http://image.rakuten.co.jp/candytower/cabinet/191000-192000/191709.jpg"" width=""100%"">

<br><br>
<table width=""100%"" border=""1"" cellpadding=""5"" cellspacing=""0"" bordercolor=""#CCCCCC"">
  <tr> 
    <td bgcolor=""#CCCCCC""> <b>■ まだまだあります</b></td>
  </tr>
  <tr> 
    <td>⇒ 『ゴーストバスターズ』グッズはこちら！ 
    </td>
  </tr>
</table>",映画「ゴーストバスターズ」　スライマーのピザカッター ■ アメリカ雑貨 アメリカン雑貨：アメリカ雑貨通販キャンディタワー,アメリカ雑貨アメリカン雑貨ステンシル輸入雑貨ブリキ看板インテリア雑貨星条旗グッズ世田谷ベース木製看板木箱ジュークボックスルート66グッズハワイアン雑貨リトルツリーコカ・コーラグッズハロウィングッズ人工芝輸入家具ネオン管錆塗装映画「ゴーストバスターズ」　スライマーのピザカッター ■ アメリカ雑貨 アメリカン雑貨,こういうのに出会ったら無条件に迎え入れるべし！。映画「ゴーストバスターズ」　スライマーのピザカッター ■ アメリカ雑貨 アメリカン雑貨[rn]
16-95723,http://tshop.r10s.jp/candytower/cabinet/107000-108000/107958.jpg?fitin=700:700,600.0000,,キッチン用品・食器・調理器具 > キッチン用品・雑貨・エプロン > キッチン小物 > その他,ヴィンテージアックスのボトルオープナー ■ アメリカ雑貨 アメリカン雑貨,想像してるアンティークシーン作りにぜひとも活用してみては！,"アメリカのアンティークショップに行くと、見つけそうなアックス（オノ）の形をした古めかしいボトルオープナーです。<br><br>実用的に使えるアイテムですが、この手のヤツはそこらにさりげに転がしておいて演出として飾っちゃうってのが正解！<br><br>壁にフックなんかで引っ掛けておいても、ワンポイントアクセントになって粋な演出になるんです。<br><br>決して主役になるようなアイテムじゃないんだけど、こういう名脇役がちょこちょこと集まって、カッコイイシーンって実は完成するんです。<br><br>なかなか目が行かないけど、これにビビビっと来たアナタはかなりセンスあると思いますよ！想像してるアンティークシーン作りにぜひとも活用してみてはいかが！

<hr>サイズ：横4cm×縦10.5cm×厚み0.8cm（約）
<br><br>
<img src=""http://image.rakuten.co.jp/candytower/cabinet/107000-108000/107959.jpg"" width=""100%"">
<br><br>
<img src=""http://image.rakuten.co.jp/candytower/cabinet/107000-108000/107960.jpg"" width=""100%"">
<br><br>
<img src=""http://image.rakuten.co.jp/candytower/cabinet/107000-108000/107961.jpg"" width=""100%"">
<br><br>
<img src=""http://image.rakuten.co.jp/candytower/cabinet/107000-108000/107962.jpg"" width=""100%"">",ヴィンテージアックスのボトルオープナー ■ アメリカ雑貨 アメリカン雑貨：アメリカ雑貨通販キャンディタワー,アメリカ雑貨アメリカン雑貨ステンシル輸入雑貨ブリキ看板インテリア雑貨星条旗グッズ世田谷ベース木製看板木箱ジュークボックスルート66グッズハワイアン雑貨リトルツリーコカ・コーラグッズハロウィングッズ人工芝輸入家具ネオン管錆塗装ヴィンテージアックスのボトルオープナー ■ アメリカ雑貨 アメリカン雑貨,想像してるアンティークシーン作りにぜひとも活用してみては！。ヴィンテージアックスのボトルオープナー ■ アメリカ雑貨 アメリカン雑貨[rn]
16-95724,http://tshop.r10s.jp/candytower/cabinet/178000-179000/178691.jpg?fitin=700:700,544.0000,,キッチン用品・食器・調理器具 > キッチン用品・雑貨・エプロン > キッチン小物 > その他,シュポーンと気持ちよーく栓抜きしたい人に！ ワンパンチ栓抜き（ホワイト） ■ 栓抜き アメリカ雑貨 アメリカン雑貨,見た目が気に入ったら絶対にオススメ！,"昔、コーラやビールのノベルティとかであったシュポーンと抜けるボトルキャップ型をしたワンパンチ栓抜きです。 <br><br> アンティーク品を探してたら、とある倉庫から新品がドサッと出てきました。<br><br> まさにデッドストックとはこのことです。ボトルの先端に差し込んで、上から押さえつけると栓がスポーンと気持ちよーく抜けちゃう・・・・<br> ちょっとした<b>イベント的な栓抜き</b>。<br> <br> 本体はマークやロゴが入っていないシンプルな見た目になってるので、ステッカーチューンでオリジナルを作るベースにも持ってこいなの！<br><br> 赤はコーラ、<br>
  黒はハーレー、<br>
  白はキャラクターモノ・・・・<br>
なーんて具合で好きなデザインに変身させれちゃうの！<br>
<br>
ちなみに<b><font size=""+1"">デッドストック</font></b>だからこのプライスです。<br>
<br>
今、同じモノを作るとなるとこの価格では難しいと思います。<br>
<br>
見た目が気に入ったら<b><font color=""#FF0000"">絶対にオススメ</font></b>！<br>
  <b>シュポーンと気持ちよーく栓抜きしたい人に！</b><br>
  (〃￣▽￣〃）
<hr>サイズ：直径6cm×高さ9.5cm（約）
<br><br>
<img src=""http://image.rakuten.co.jp/candytower/cabinet/178000-179000/178692.jpg"" width=""100%"">
<br><br>
<img src=""http://image.rakuten.co.jp/candytower/cabinet/178000-179000/178693.jpg"" width=""100%"">
<br><br>
<img src=""http://image.rakuten.co.jp/candytower/cabinet/178000-179000/178694.jpg"" width=""100%"">
<br><br>
<img src=""http://image.rakuten.co.jp/candytower/cabinet/178000-179000/178695.jpg"" width=""100%"">
<br><br>
<img src=""http://image.rakuten.co.jp/candytower/cabinet/178000-179000/178696.jpg"" width=""100%"">

<br><br>
<table width=""100%"" border=""1"" cellpadding=""5"" cellspacing=""0"" bordercolor=""#CCCCCC"">
  <tr> 
    <td bgcolor=""#CCCCCC""> <b>■ まだまだあります</b></td>
  </tr>
  <tr> 
    <td>⇒ 『レッド』</td>
  </tr>
  <tr> 
    <td>⇒ 『ブラック』</td>
  </tr>
  
</table>",シュポーンと気持ちよーく栓抜きしたい人に！ ワンパンチ栓抜き（ホワイト） ■ 栓抜き アメリカ雑貨 アメリカン雑貨：アメリカ雑貨通販キャンディタワー,アメリカ雑貨アメリカン雑貨ステンシル輸入雑貨ブリキ看板インテリア雑貨星条旗グッズ世田谷ベース木製看板木箱ジュークボックスルート66グッズハワイアン雑貨リトルツリーコカ・コーラグッズハロウィングッズ人工芝輸入家具ネオン管錆塗装シュポーンと気持ちよーく栓抜きしたい人に！ ワンパンチ栓抜き（ホワイト） ■ 栓抜き アメリカ雑貨 アメリカン雑貨,見た目が気に入ったら絶対にオススメ！。シュポーンと気持ちよーく栓抜きしたい人に！ ワンパンチ栓抜き（ホワイト） ■ 栓抜き アメリカ雑貨 アメリカン雑貨[rn]
16-95725,http://tshop.r10s.jp/candytower/cabinet/165000-166000/165950.jpg?fitin=700:700,560.0000,,キッチン用品・食器・調理器具 > キッチン用品・雑貨・エプロン > キッチン小物 > その他,あなたの気持ちを可愛いハートで伝えてみては♪ ハートストロー　20Pセット　■パーティーが盛り上がるユニーク雑貨で差を付けちゃえ♪ アメリカ雑貨 アメリカン雑貨 　プレゼント　ギフト　生活雑貨　パーティー雑貨　パーティーグッズ　ホームパーティー,これで飲むジュースはきっといつもの10倍はウマイに違いない！,"よーく見るとストローがハートの形をしてるというホッコリとさせてくれるラブラブアイテムです。<br><br>これで飲むジュースはきっといつもの10倍はウマイに違いない！<br><br>ちょっとしたことなんですが、みんなが喜ぶツボってのは、こんな些細なところまで気が利くアナタの心配りってヤツなんです。<br><br>なのでホームパーティーなんかでさりげにこれでジュースを出してあげると、みんな感動してくれますよえ！<br><br>あなたの気持ち、可愛いハートで伝えてみてはいかが！(〃￣▽￣〃）
<hr>サイズ：直径0.5cm×長さ22.5cm（約）
<br><br>
<img src=""http://image.rakuten.co.jp/candytower/cabinet/165000-166000/165951.jpg"" width=""100%"">
<br><br>
<img src=""http://image.rakuten.co.jp/candytower/cabinet/165000-166000/165952.jpg"" width=""100%"">
<br><br>
<img src=""http://image.rakuten.co.jp/candytower/cabinet/165000-166000/165953.jpg"" width=""100%"">
<br><br>
<img src=""http://image.rakuten.co.jp/candytower/cabinet/165000-166000/165954.jpg"" width=""100%"">
<br><br>
<img src=""http://image.rakuten.co.jp/candytower/cabinet/165000-166000/165957.jpg"" width=""100%"">
<br><br>
<img src=""http://image.rakuten.co.jp/candytower/cabinet/165000-166000/165955.jpg"" width=""100%"">
<br><br>
<img src=""http://image.rakuten.co.jp/candytower/cabinet/165000-166000/165956.jpg"" width=""100%"">",あなたの気持ちを可愛いハートで伝えてみては♪ ハートストロー　20Pセット　■パーティーが盛り上がるユニーク雑貨で差を付けちゃえ♪ アメリカ雑貨 アメリカン雑貨 　プレゼント　ギフト　生活雑貨　パーティー雑貨　パーティーグッズ　ホームパーティー：アメリカ雑貨通販キャンディタワー,アメリカ雑貨アメリカン雑貨ステンシル輸入雑貨ブリキ看板インテリア雑貨星条旗グッズ世田谷ベース木製看板木箱ジュークボックスルート66グッズハワイアン雑貨リトルツリーコカ・コーラグッズハロウィングッズ人工芝輸入家具ネオン管錆塗装あなたの気持ちを可愛いハートで伝えてみては♪ ハートストロー　20Pセット　■パーティーが盛り上がるユニーク雑貨で差を付けちゃえ♪ アメリカ雑貨 アメリカン雑貨 　プレゼント　ギフト　生活雑貨　パーティー雑貨　パーティーグッズ　ホームパーティー,これで飲むジュースはきっといつもの10倍はウマイに違いない！。あなたの気持ちを可愛いハートで伝えてみては♪ ハートストロー　20Pセット　■パーティーが盛り上がるユニーク雑貨で差を付けちゃえ♪ アメリカ雑貨 アメリカン雑貨 　プレゼント　ギフト　生活雑貨　パーティー雑貨　パーティーグッズ　ホームパーティー[rn]
16-95726,http://tshop.r10s.jp/usstylemart/cabinet/03892823/imgrc0066305594.jpg?fitin=700:700,2080.0000,,キッチン用品・食器・調理器具 > キッチン用品・雑貨・エプロン > キッチン小物 > その他,【M&M'S】【キッチングッズ】【スプーン】【アイスクリームスプーン】【エムアンドエムズ】【M&M’s】【ICE CREAM SCOOP】,,,【M&amp;M'S】【キッチングッズ】【スプーン】【アイスクリームスプーン】【エムアンドエムズ】【M&amp;M&rsquo;s】【ICE CREAM SCOOP】：US STYLE MART,【M&amp;M'S】【キッチングッズ】【スプーン】【アイスクリームスプーン】【エムアンドエムズ】【M&amp;M&rsquo;s】【ICE CREAM SCOOP】,【M&amp;M'S】【キッチングッズ】【スプーン】【アイスクリームスプーン】【エムアンドエムズ】【M&amp;M&rsquo;s】【ICE CREAM SCOOP】[rn]
16-95727,http://tshop.r10s.jp/tsutsu-uraura/cabinet/productpic/imgrc0066969800.jpg?fitin=700:700,1555.2000,,キッチン用品・食器・調理器具 > キッチン用品・雑貨・エプロン > キッチン小物 > その他,《あす楽》 キュジーヌ キッチンソープボトル（LA CUISINE）【IBUKI CRAFT（イブキクラフト）】【MEISTER HAND（マイスターハンド）】［品番:06159］,あす楽対応！5000円以上お買い上げで送料無料です。,"バランスの良いフォルムを追求した、キリリとした印象のキッチンソープボトル。<br>
こんなボトルがあったら楽しく食器を洗えるはず!?<br>
500mlが入るサイズで、裏にはシリコンクッションが付いています。<br>
<br>

<img src=""http://image.rakuten.co.jp/tsutsu-uraura/cabinet/productpic/imgrc0066969802.jpg"" width=""100%"" alt=""LA CUISINE（キュジーヌ） キッチンソープボトル"" ><br><br>
【 <b>キュジーヌ</b> - LA CUISINE - 】<br>
洗練された形状の真っ白いボディによく馴染むブルーのパターン。<br>
何となく北欧をイメージしてしまいませんか？<br>
キュジーヌシリーズは元々きたヨーロッパ向けに作られたシリーズが基礎になっています。<br>
<br>
■商品名<br>
LA CUISINE（キュジーヌ） キッチンソープボトル　［品番：06159］ <br>
※底面シリコンクッション付き<br>
■サイズ<br>
500ml（推奨容量）、最大径8.5cm × 高さ20.5cm<br>
■素材<br>
磁器、樹脂",《あす楽》 キュジーヌ キッチンソープボトル（LA CUISINE）【IBUKI CRAFT（イブキクラフト）】【MEISTER HAND（マイスターハンド）】［品番:06159］：にっぽん津々浦々,にっぽん津々浦々にほんオイルJapan日本シュールストレミング健康調味料健康食品手作り人気ヘンプ送料無料輸入食品酵素おすすめオススメ職人唐辛子《あす楽》 キュジーヌ キッチンソープボトル（LA CUISINE）【IBUKI CRAFT（イブキクラフト）】【MEISTER HAND（マイスターハンド）】［品番:06159］,あす楽対応！5000円以上お買い上げで送料無料です。。《あす楽》 キュジーヌ キッチンソープボトル（LA CUISINE）【IBUKI CRAFT（イブキクラフト）】【MEISTER HAND（マイスターハンド）】［品番:06159］[rn]
16-95728,http://tshop.r10s.jp/kaedesou/cabinet/imagebox10/10389-1-ps-quo300.jpg?fitin=700:700,5360.0000,,キッチン用品・食器・調理器具 > キッチン用品・雑貨・エプロン > キッチン小物 > その他,【ポイント10倍】 水切りかご 【送料無料】倉敷意匠×野田琺瑯 ステンレスワイヤーの水切りかごとほうろうトレイのセット ディッシュラック 水切りかご 水切りカゴ 水切りラック 倉敷意匠計画室 野田琺瑯 楽天 224389,送料無料 倉敷意匠&times;野田琺瑯の水切りかごと琺瑯トレイのセット,"<img src=""http://image.rakuten.co.jp/zakkashop/cabinet/kurasiki/10389-smart-1.jpg"" border=""0"" width=""100%""><br><img src=""http://image.rakuten.co.jp/zakkashop/cabinet/kurasiki/10389-smart-2.jpg"" border=""0"" width=""100%""><br><img src=""http://image.rakuten.co.jp/zakkashop/cabinet/kurasiki/10389-smart-03.jpg"" border=""0"" width=""100%""><BR><br>【倉敷意匠×野田琺瑯 ステンレスワイヤーの水切りかごとほうろうトレイのセット】<br><br>倉敷意匠計画室×野田琺瑯の清潔感あるステンレス製の水切りかごです。<BR>置いてあるだけで、インテリアとしても映えるおしゃれな水切りかごです。<br>かご、箸立て、皿立ては錆びにくい18-8ステンレス製でトレイは鋼板琺瑯(ほうろう)仕上げ。琺瑯とは鉄とガラスを組み合わせた素材で細菌を繁殖させにくく、汚れも落としやすいのが特徴です。また、においもつきにくく、とても衛生的。すべすべしたガラス質なので、お手入れも簡単です。<br><br>実用性とデザインを兼ね備えた、この水切りかごはどんなキッチンにも好相性。<br>かご、琺瑯トレイ、皿立て、箸立てと必要に応じて個別に揃えていただけます。一式すべて揃えると、すっきり片付き、あたたかみのある白さと光沢はキッチンを明るくしてくれます。<br>劣化しにくく長持ちするので、お手入れして末永く大切に使いたい水切りかごです。<br><br><TABLE cellpadding=""5"" cellspacing=""0"" border=""1"" bordercolor=""#96514d"" width=""100%""><TR><TD width=""30%"" bgcolor=""#e9dfe5"">サイズ</TD><TD width=""70%"">【水切りカゴ】<br>W41×D28.5×H12 cm<br>【トレイ】<br>W41×D28.5×H6.5 cm</TD></TR><TR><TD width=""30%"" bgcolor=""#e9dfe5"">セット内容</TD><TD width=""70%"">・水切りカゴ<br>・琺瑯トレイ</TD></TR><tr><TD width=""30%"" bgcolor=""#e9dfe5"">素　材</TD><TD width=""70%"">【水切りカゴ】<br>18-8ステンレス粉体焼付け塗装<br>【トレイ】<br>鋼板琺瑯仕上げ　</TD></TR><TR><TD width=""30%"" bgcolor=""#e9dfe5"">備　考</TD><TD width=""70%"">■日本製<br>■琺瑯製品の特性上、製造過程において釉薬の色ムラ、凹凸、色欠け、色とびなどが見られます。これはどの商品にも見られますため、不良品ではございません。</TD></TR><TR><TD width=""30%"" bgcolor=""#e9dfe5"">無料ラッピング</TD><TD width=""70%"">対応</TD></TR></TABLE><br><TABLE cellpadding=""10"" cellspacing=""0"" border=""1"" bordercolor=""#999999"" width=""100%"" bgcolor=""#cccccc""><TR><TD width=""100%"" align=""CENTER""><B>オプションはこちらから<br></B></TD></TR><TR><TD width=""100%"" bgcolor=""ffffff"" align=""CENTER"">箸立て<br></TD></TR><TR><TD width=""100%"" bgcolor=""ffffff"" align=""CENTER"">皿立て<br></TD></TR></TABLE><br><br><TABLE cellpadding=""10"" cellspacing=""0"" border=""1"" bordercolor=""#ff8686"" width=""100%"" bgcolor=""#ff8686""><TR><TD width=""100%"" align=""CENTER""><font color=""#ffffff""><B>＞＞ 倉敷意匠計画室特集はここから</font><br></B></TD></TR></TABLE><br><!-- 201506スマホリンク始まり --><br><br><TABLE cellpadding=""10"" cellspacing=""0"" border=""1"" bordercolor=""#99999"" width=""100%"" bgcolor=""#33CCFF""><TR><TD width=""100%"" align=""CENTER""><B>↓　倉敷意匠計画室 人気アイテムをチェック　↓<br></B></TD></TR><TR><TD width=""100%"" bgcolor=""ffffff"">蚊帳生地ふきん　倉敷意匠計画室/中川政七商店/mituou/コラボ商品　<br></TD></TR><TR><TD width=""100%"" bgcolor=""ffffff"">救急箱 l-size<br></TD></TR><TR><TD width=""100%"" bgcolor=""ffffff"">ブラックロゴ トイレブラシスタンド＆サニタリーポット セット<br></TD></TR><TR><TD width=""100%"" bgcolor=""ffffff"">磁器プレート トイレ、バスルーム<br></TD></TR></TABLE><!-- 201506スマホリンク終わり --><br><br><!--クーポンスマホ始まり--><img src=""http://image.rakuten.co.jp/zakkashop/cabinet/cupon700-smart.jpg"" width=""100%""><br><br><!--クーポンスマホ終わり-->",【ポイント10倍】 水切りかご 【送料無料】倉敷意匠&times;野田琺瑯 ステンレスワイヤーの水切りかごとほうろうトレイのセット ディッシュラック 水切りかご 水切りカゴ 水切りラック 倉敷意匠計画室 野田琺瑯 楽天 224389：楓奏（ナチュラル雑貨かえでそう）,ナチュラル雑貨アイロン台かえでそう楓奏kaedesou化粧ボックスバスマットキッチン 水切りかご倉敷意匠リバティランドリー バスケット レインコート救急箱キッチン雑貨母子手帳ケース収納ボックススマホポーチ電波時計蚊帳ふきんGLOBAL（グローバル）【ポイント10倍】 水切りかご 【送料無料】倉敷意匠&times;野田琺瑯 ステンレスワイヤーの水切りかごとほうろうトレイのセット ディッシュラック 水切りかご 水切りカゴ 水切りラック 倉敷意匠計画室 野田琺瑯 楽天 224389,送料無料 倉敷意匠&times;野田琺瑯の水切りかごと琺瑯トレイのセット。【ポイント10倍】 水切りかご 【送料無料】倉敷意匠&times;野田琺瑯 ステンレスワイヤーの水切りかごとほうろうトレイのセット ディッシュラック 水切りかご 水切りカゴ 水切りラック 倉敷意匠計画室 野田琺瑯 楽天 224389[rn]
16-95729,http://tshop.r10s.jp/fukuroya-shop/cabinet/02093156/poli/02579653/imgrc0076180038.jpg?fitin=700:700,784.0000,,キッチン用品・食器・調理器具 > キッチン用品・雑貨・エプロン > キッチン小物 > その他,【オリジナル】レジ袋４Ｌ半透明【100枚入】【厚み0.023×幅350／全体幅520×高さ700ｍｍ】,ゆったり、たっぷりの半透明レジ袋,"●メーカー：オリジナル
●材質：HDPE（外観は不透明で、シャリシャリとした素材。引っ張りに強く、伸びにくい強さがある）
●寸法：厚み０．０２３×幅３５０／マチ幅５２０×高さ７００ｍｍ
●出荷：１袋１００枚入【参考】ケースの場合　５袋（５００枚入）
●半透明レジ袋。
●ゆったり、たっぷり。ビックサイズの半透明レジ袋です。
●半透明袋ですので、中身が透けて見えます。
●袋の強度にも限度がございますので、過度に重量のあるものや、とがったものを入れると、袋が裂け、破けることがあります。",【オリジナル】レジ袋４Ｌ半透明【100枚入】【厚み0.023&times;幅350／全体幅520&times;高さ700ｍｍ】：ふくろや楽天市場店,ポリ袋野菜袋ボードンボードン袋ＯＰＰポリ半透明レジ袋ナイロンポリ真空袋ゴミ袋クリスタルパックチャック付ユニパック結束テープ容器惣菜容器弁当容器ゴムバンド保冷バック【オリジナル】レジ袋４Ｌ半透明【100枚入】【厚み0.023&times;幅350／全体幅520&times;高さ700ｍｍ】,ゆったり、たっぷりの半透明レジ袋。【オリジナル】レジ袋４Ｌ半透明【100枚入】【厚み0.023&times;幅350／全体幅520&times;高さ700ｍｍ】[rn]
16-95730,http://tshop.r10s.jp/fukuroya-shop/cabinet/02093156/poli/02579653/img67171107.jpg?fitin=700:700,1120.0000,,キッチン用品・食器・調理器具 > キッチン用品・雑貨・エプロン > キッチン小物 > その他,【オリジナル】オードブルバック大　半透明【１００枚入】【サイズ：0.02×800(460)×600ｍｍ】,オードブル大が入り風呂敷より、安価で効率的,"<img width=""100%"" src=""http://image.rakuten.co.jp/fukuroya-shop/cabinet/drks21.jpg""/>

【商品特徴】
●オードブル直径４６センチが２段入ります。
●風呂敷（９０センチ角）と比較すると、作業性も良く、価格も安いです。 
●半透明ですので、中身が見えやすいです。
●オードブル以外にも、化粧箱、発泡箱、フルーツ箱などを入れるのに便利です。

【サイズ/素材】
外寸：厚み0.02×横800(460)×縦600ｍｍ<br>
素材：ＨＤＰＥ

【出荷単位】
１袋１００枚単位

【出荷時の当店の商品梱包について】
梱包用の段ボールは当店使用のリサイクル（再利用）段ボールを利用させていただきます。パッキンは新聞紙などを使用させていただきますので、ご了承願います。
もし、商品が破損した場合は返品をさせていただきます。",【オリジナル】オードブルバック大　半透明【１００枚入】【サイズ：0.02&times;800(460)&times;600ｍｍ】：ふくろや楽天市場店,ポリ袋野菜袋ボードンボードン袋ＯＰＰポリ半透明レジ袋ナイロンポリ真空袋ゴミ袋クリスタルパックチャック付ユニパック結束テープ容器惣菜容器弁当容器ゴムバンド保冷バック【オリジナル】オードブルバック大　半透明【１００枚入】【サイズ：0.02&times;800(460)&times;600ｍｍ】,オードブル大が入り風呂敷より、安価で効率的。【オリジナル】オードブルバック大　半透明【１００枚入】【サイズ：0.02&times;800(460)&times;600ｍｍ】[rn]
16-95731,http://tshop.r10s.jp/fukuroya-shop/cabinet/02093156/poli/02579653/img69583280.jpg?fitin=700:700,880.0000,,キッチン用品・食器・調理器具 > キッチン用品・雑貨・エプロン > キッチン小物 > その他,【オリジナル】オードブルバック中　半透明【１００枚入】【サイズ：0.018×700（370)×550ｍｍ】,オードブル中が入り風呂敷より、安価で効率的,"<img width=""100%"" src=""http://image.rakuten.co.jp/fukuroya-shop/cabinet/drks21.jpg""/>

【商品特徴】
●オードブル直径３８センチが２段入ります。
●風呂敷（７５センチ角）と比較すると、作業性も良く、価格も安いです。 
●半透明ですので、中身が見えやすいです。
●オードブル以外にも、化粧箱、発泡箱、フルーツ箱などを入れるのに便利です。

【サイズ/素材】
外寸：厚み0.018×横700(370)×縦550ｍｍ<br>
素材：ＨＤＰＥ

【出荷単位】
１袋１００枚単位

【出荷時の当店の商品梱包について】
梱包用の段ボールは当店使用のリサイクル（再利用）段ボールを利用させていただきます。パッキンは新聞紙などを使用させていただきますので、ご了承願います。
もし、商品が破損した場合は返品をさせていただきます。",【オリジナル】オードブルバック中　半透明【１００枚入】【サイズ：0.018&times;700（370)&times;550ｍｍ】：ふくろや楽天市場店,ポリ袋野菜袋ボードンボードン袋ＯＰＰポリ半透明レジ袋ナイロンポリ真空袋ゴミ袋クリスタルパックチャック付ユニパック結束テープ容器惣菜容器弁当容器ゴムバンド保冷バック【オリジナル】オードブルバック中　半透明【１００枚入】【サイズ：0.018&times;700（370)&times;550ｍｍ】,オードブル中が入り風呂敷より、安価で効率的。【オリジナル】オードブルバック中　半透明【１００枚入】【サイズ：0.018&times;700（370)&times;550ｍｍ】[rn]
16-95732,http://tshop.r10s.jp/fukuroya-shop/cabinet/crk21.jpg?fitin=700:700,528.0000,,キッチン用品・食器・調理器具 > キッチン用品・雑貨・エプロン > キッチン小物 > その他,【オリジナル】レジ袋弁当バック超特大ナチュラル【１００枚入】【厚０．０１５×幅３００／マチ幅５８０×高さ５００ｍｍ】,超特大弁当袋サイズ,"<img width=""100%"" src=""http://image.rakuten.co.jp/fukuroya-shop/cabinet/crks21.jpg""/><img width=""100%"" src=""http://image.rakuten.co.jp/fukuroya-shop/cabinet/crks22.jpg""/>

●メーカー：ふくろやオリジナル
●材質：HDPE（外観は不透明で、シャリシャリとした素材。引っ張りに強く、伸びにくい強さがある）
●寸法：幅３００／マチ幅５８０×高さ５００ｍｍ
●出荷：１袋１００枚
●店舗販売やイベントなど、レジ袋としてご利用ください。
●半透明袋ですので、中身が透けて見えます。
●袋の強度にも限度がございますので、過度に重量のあるものや、とがったものを入れると、袋が裂け、破けることがあります。

【出荷時の当店の商品梱包について】
梱包用の段ボールは当店使用のリサイクル（再利用）段ボールを利用させていただきます。パッキンは新聞紙などを使用させていただきますので、ご了承願います。
もし、商品が破損した場合は返品をさせていただきます。",【オリジナル】レジ袋弁当バック超特大ナチュラル【１００枚入】【厚０．０１５&times;幅３００／マチ幅５８０&times;高さ５００ｍｍ】：ふくろや楽天市場店,ポリ袋野菜袋ボードンボードン袋ＯＰＰポリ半透明レジ袋ナイロンポリ真空袋ゴミ袋クリスタルパックチャック付ユニパック結束テープ容器惣菜容器弁当容器ゴムバンド保冷バック【オリジナル】レジ袋弁当バック超特大ナチュラル【１００枚入】【厚０．０１５&times;幅３００／マチ幅５８０&times;高さ５００ｍｍ】,超特大弁当袋サイズ。【オリジナル】レジ袋弁当バック超特大ナチュラル【１００枚入】【厚０．０１５&times;幅３００／マチ幅５８０&times;高さ５００ｍｍ】[rn]
16-95733,http://tshop.r10s.jp/fukuroya-shop/cabinet/02093156/poli/02767457/imgrc0071744703.jpg?fitin=700:700,1224.0000,,キッチン用品・食器・調理器具 > キッチン用品・雑貨・エプロン > キッチン小物 > その他,【オリジナル】ポリ袋【０．０４×４００×９００mm】【１００枚入】,ネギ・ゴボウ、鮭などを入れる袋として,"【サイズ】
・厚み0.04mm×幅400mm×長900mm
・1包100枚入
・厚手ポリ袋ですので、破れにくいです。
・野菜や穀物などを入れる厚手ポリ袋としてご利用いただけます。
【出荷時の当店の商品梱包について】
梱包用の段ボールは当店使用のリサイクル（再利用）段ボールを利用させていただきます。パッキンは新聞紙などを使用させていただきますので、ご了承願います。
もし、商品が破損した場合は返品をさせていただきます。",【オリジナル】ポリ袋【０．０４&times;４００&times;９００mm】【１００枚入】：ふくろや楽天市場店,ポリ袋野菜袋ボードンボードン袋ＯＰＰポリ半透明レジ袋ナイロンポリ真空袋ゴミ袋クリスタルパックチャック付ユニパック結束テープ容器惣菜容器弁当容器ゴムバンド保冷バック【オリジナル】ポリ袋【０．０４&times;４００&times;９００mm】【１００枚入】,ネギ・ゴボウ、鮭などを入れる袋として。【オリジナル】ポリ袋【０．０４&times;４００&times;９００mm】【１００枚入】[rn]
16-95734,http://tshop.r10s.jp/fukuroya-shop/cabinet/02093156/poli/02767457/img59976294.jpg?fitin=700:700,4264.0000,,キッチン用品・食器・調理器具 > キッチン用品・雑貨・エプロン > キッチン小物 > その他,【オリジナル】ポリ袋【０．０７×１０００×１３００mm】【５０枚入】,用途に応じて入れるポリ袋,"【サイズ】
・厚み0.07mm×幅1000mm×長1300mm
【入数】
・1包50枚入（クラフト包）
【特徴】
・用途に応じてご利用ください。
【出荷時の当店の商品梱包について】
梱包用の段ボールは当店使用のリサイクル（再利用）段ボールを利用させていただきます。パッキンは新聞紙などを使用させていただきますので、ご了承願います。
もし、商品が破損した場合は返品をさせていただきます。",【オリジナル】ポリ袋【０．０７&times;１０００&times;１３００mm】【５０枚入】：ふくろや楽天市場店,ポリ袋野菜袋ボードンボードン袋ＯＰＰポリ半透明レジ袋ナイロンポリ真空袋ゴミ袋クリスタルパックチャック付ユニパック結束テープ容器惣菜容器弁当容器ゴムバンド保冷バック【オリジナル】ポリ袋【０．０７&times;１０００&times;１３００mm】【５０枚入】,用途に応じて入れるポリ袋。【オリジナル】ポリ袋【０．０７&times;１０００&times;１３００mm】【５０枚入】[rn]
16-95735,http://tshop.r10s.jp/fukuroya-shop/cabinet/02093156/poli/02648346/img59400209.jpg?fitin=700:700,504.0000,,キッチン用品・食器・調理器具 > キッチン用品・雑貨・エプロン > キッチン小物 > その他,ユニパックA‐4【厚み0.04×幅50mm×チャック下長70mm】【300枚入】【セイニチ】,汎用性の高いチャック付袋,"小さいサイズから特大サイズまで、汎用性の高いチャック付袋

・厚み0.04mm×幅50mm×チャック下長70mm
・1袋　300枚入",ユニパックA‐4【厚み0.04&times;幅50mm&times;チャック下長70mm】【300枚入】【セイニチ】：ふくろや楽天市場店,ポリ袋野菜袋ボードンボードン袋ＯＰＰポリ半透明レジ袋ナイロンポリ真空袋ゴミ袋クリスタルパックチャック付ユニパック結束テープ容器惣菜容器弁当容器ゴムバンド保冷バックユニパックA‐4【厚み0.04&times;幅50mm&times;チャック下長70mm】【300枚入】【セイニチ】,汎用性の高いチャック付袋。ユニパックA‐4【厚み0.04&times;幅50mm&times;チャック下長70mm】【300枚入】【セイニチ】[rn]
16-95736,http://tshop.r10s.jp/fukuroya-shop/cabinet/02093156/poli/02648346/img59400210.jpg?fitin=700:700,528.0000,,キッチン用品・食器・調理器具 > キッチン用品・雑貨・エプロン > キッチン小物 > その他,ユニパックB‐4【厚み0.04×幅60mm×チャック下長85mm】【300枚入】【セイニチ】,汎用性の高いチャック付袋,"小さいサイズから特大サイズまで、汎用性の高いチャック付袋

・厚み0.04mm×幅60mm×チャック下長85mm
・1袋　300枚入",ユニパックB‐4【厚み0.04&times;幅60mm&times;チャック下長85mm】【300枚入】【セイニチ】：ふくろや楽天市場店,ポリ袋野菜袋ボードンボードン袋ＯＰＰポリ半透明レジ袋ナイロンポリ真空袋ゴミ袋クリスタルパックチャック付ユニパック結束テープ容器惣菜容器弁当容器ゴムバンド保冷バックユニパックB‐4【厚み0.04&times;幅60mm&times;チャック下長85mm】【300枚入】【セイニチ】,汎用性の高いチャック付袋。ユニパックB‐4【厚み0.04&times;幅60mm&times;チャック下長85mm】【300枚入】【セイニチ】[rn]
16-95737,http://tshop.r10s.jp/fukuroya-shop/cabinet/02093156/poli/02648346/img59400211.jpg?fitin=700:700,386.4000,,キッチン用品・食器・調理器具 > キッチン用品・雑貨・エプロン > キッチン小物 > その他,ユニパックD‐4【厚み0.04×幅85mm×チャック下長120mm】【200枚入】【セイニチ】,汎用性の高いチャック付袋,"小さいサイズから特大サイズまで、汎用性の高いチャック付袋

・厚み0.04mm×幅85mm×チャック下長120mm
・1袋　200枚入",ユニパックD‐4【厚み0.04&times;幅85mm&times;チャック下長120mm】【200枚入】【セイニチ】：ふくろや楽天市場店,ポリ袋野菜袋ボードンボードン袋ＯＰＰポリ半透明レジ袋ナイロンポリ真空袋ゴミ袋クリスタルパックチャック付ユニパック結束テープ容器惣菜容器弁当容器ゴムバンド保冷バックユニパックD‐4【厚み0.04&times;幅85mm&times;チャック下長120mm】【200枚入】【セイニチ】,汎用性の高いチャック付袋。ユニパックD‐4【厚み0.04&times;幅85mm&times;チャック下長120mm】【200枚入】【セイニチ】[rn]
16-95738,http://tshop.r10s.jp/fukuroya-shop/cabinet/02093156/poli/02648346/img59400212.jpg?fitin=700:700,470.4000,,キッチン用品・食器・調理器具 > キッチン用品・雑貨・エプロン > キッチン小物 > その他,ユニパックE‐4【厚み0.04×幅100mm×チャック下長140mm】【200枚入】【セイニチ】,汎用性の高いチャック付袋,"小さいサイズから特大サイズまで、汎用性の高いチャック付袋

・厚み0.04mm×幅100mm×チャック下長140mm
・1袋　200枚入",ユニパックE‐4【厚み0.04&times;幅100mm&times;チャック下長140mm】【200枚入】【セイニチ】：ふくろや楽天市場店,ポリ袋野菜袋ボードンボードン袋ＯＰＰポリ半透明レジ袋ナイロンポリ真空袋ゴミ袋クリスタルパックチャック付ユニパック結束テープ容器惣菜容器弁当容器ゴムバンド保冷バックユニパックE‐4【厚み0.04&times;幅100mm&times;チャック下長140mm】【200枚入】【セイニチ】,汎用性の高いチャック付袋。ユニパックE‐4【厚み0.04&times;幅100mm&times;チャック下長140mm】【200枚入】【セイニチ】[rn]
16-95739,http://tshop.r10s.jp/fukuroya-shop/cabinet/02093156/poli/02648346/img59400213.jpg?fitin=700:700,285.6000,,キッチン用品・食器・調理器具 > キッチン用品・雑貨・エプロン > キッチン小物 > その他,ユニパックF‐4【厚み0.04×幅120mm×チャック下長170mm】【100枚入】【セイニチ】,汎用性の高いチャック付袋,"小さいサイズから特大サイズまで、汎用性の高いチャック付袋

・厚み0.04mm×幅120mm×チャック下長170mm
・1袋　100枚入",ユニパックF‐4【厚み0.04&times;幅120mm&times;チャック下長170mm】【100枚入】【セイニチ】：ふくろや楽天市場店,ポリ袋野菜袋ボードンボードン袋ＯＰＰポリ半透明レジ袋ナイロンポリ真空袋ゴミ袋クリスタルパックチャック付ユニパック結束テープ容器惣菜容器弁当容器ゴムバンド保冷バックユニパックF‐4【厚み0.04&times;幅120mm&times;チャック下長170mm】【100枚入】【セイニチ】,汎用性の高いチャック付袋。ユニパックF‐4【厚み0.04&times;幅120mm&times;チャック下長170mm】【100枚入】【セイニチ】[rn]
16-95740,http://tshop.r10s.jp/fukuroya-shop/cabinet/02093156/poli/02648346/img59400214.jpg?fitin=700:700,344.0000,,キッチン用品・食器・調理器具 > キッチン用品・雑貨・エプロン > キッチン小物 > その他,ユニパックG‐4【厚み0.04×幅140mm×チャック下長200mm】【100枚入】【セイニチ】,汎用性の高いチャック付袋,"小さいサイズから特大サイズまで、汎用性の高いチャック付袋

・厚み0.04mm×幅140mm×チャック下長200mm
・1袋　100枚入",ユニパックG‐4【厚み0.04&times;幅140mm&times;チャック下長200mm】【100枚入】【セイニチ】：ふくろや楽天市場店,ポリ袋野菜袋ボードンボードン袋ＯＰＰポリ半透明レジ袋ナイロンポリ真空袋ゴミ袋クリスタルパックチャック付ユニパック結束テープ容器惣菜容器弁当容器ゴムバンド保冷バックユニパックG‐4【厚み0.04&times;幅140mm&times;チャック下長200mm】【100枚入】【セイニチ】,汎用性の高いチャック付袋。ユニパックG‐4【厚み0.04&times;幅140mm&times;チャック下長200mm】【100枚入】【セイニチ】[rn]
16-95741,http://tshop.r10s.jp/fukuroya-shop/cabinet/02093156/poli/02648346/img59400215.jpg?fitin=700:700,453.6000,,キッチン用品・食器・調理器具 > キッチン用品・雑貨・エプロン > キッチン小物 > その他,ユニパックH‐4【厚み0.04×幅170mm×チャック下長2４0mm】【100枚入】【セイニチ】,汎用性の高いチャック付袋,"小さいサイズから特大サイズまで、汎用性の高いチャック付袋

・厚み0.04mm×幅170mm×チャック下長240mm
・1袋　100枚入",ユニパックH‐4【厚み0.04&times;幅170mm&times;チャック下長2４0mm】【100枚入】【セイニチ】：ふくろや楽天市場店,ポリ袋野菜袋ボードンボードン袋ＯＰＰポリ半透明レジ袋ナイロンポリ真空袋ゴミ袋クリスタルパックチャック付ユニパック結束テープ容器惣菜容器弁当容器ゴムバンド保冷バックユニパックH‐4【厚み0.04&times;幅170mm&times;チャック下長2４0mm】【100枚入】【セイニチ】,汎用性の高いチャック付袋。ユニパックH‐4【厚み0.04&times;幅170mm&times;チャック下長2４0mm】【100枚入】【セイニチ】[rn]
16-95742,http://tshop.r10s.jp/fukuroya-shop/cabinet/02093156/poli/02648346/img59400216.jpg?fitin=700:700,656.0000,,キッチン用品・食器・調理器具 > キッチン用品・雑貨・エプロン > キッチン小物 > その他,ユニパックI‐4【厚み0.04×幅200mm×チャック下長280mm】【100枚入】【セイニチ】,汎用性の高いチャック付袋,"小さいサイズから特大サイズまで、汎用性の高いチャック付袋

・厚み0.04mm×幅200mm×チャック下長280mm
・1袋　100枚入",ユニパックI‐4【厚み0.04&times;幅200mm&times;チャック下長280mm】【100枚入】【セイニチ】：ふくろや楽天市場店,ポリ袋野菜袋ボードンボードン袋ＯＰＰポリ半透明レジ袋ナイロンポリ真空袋ゴミ袋クリスタルパックチャック付ユニパック結束テープ容器惣菜容器弁当容器ゴムバンド保冷バックユニパックI‐4【厚み0.04&times;幅200mm&times;チャック下長280mm】【100枚入】【セイニチ】,汎用性の高いチャック付袋。ユニパックI‐4【厚み0.04&times;幅200mm&times;チャック下長280mm】【100枚入】【セイニチ】[rn]
16-95743,http://tshop.r10s.jp/fukuroya-shop/cabinet/02093156/poli/02648346/img59840153.jpg?fitin=700:700,696.8000,,キッチン用品・食器・調理器具 > キッチン用品・雑貨・エプロン > キッチン小物 > その他,ユニパックJ‐4【厚み0.04×幅240mm×チャック下長340mm】【100枚入】【セイニチ】,汎用性の高いチャック付袋,"小さいサイズから特大サイズまで、汎用性の高いチャック付袋

・厚み0.04mm×幅240mm×チャック下長340mm
・1袋　100枚入",ユニパックJ‐4【厚み0.04&times;幅240mm&times;チャック下長340mm】【100枚入】【セイニチ】：ふくろや楽天市場店,ポリ袋野菜袋ボードンボードン袋ＯＰＰポリ半透明レジ袋ナイロンポリ真空袋ゴミ袋クリスタルパックチャック付ユニパック結束テープ容器惣菜容器弁当容器ゴムバンド保冷バックユニパックJ‐4【厚み0.04&times;幅240mm&times;チャック下長340mm】【100枚入】【セイニチ】,汎用性の高いチャック付袋。ユニパックJ‐4【厚み0.04&times;幅240mm&times;チャック下長340mm】【100枚入】【セイニチ】[rn]
16-95744,http://tshop.r10s.jp/fukuroya-shop/cabinet/02093156/poli/02648346/img59400217.jpg?fitin=700:700,881.6000,,キッチン用品・食器・調理器具 > キッチン用品・雑貨・エプロン > キッチン小物 > その他,ユニパックK‐4【厚み0.04×幅280mm×チャック下長400mm】【100枚入】【セイニチ】,汎用性の高いチャック付袋,"小さいサイズから特大サイズまで、汎用性の高いチャック付袋

・厚み0.04mm×幅280mm×チャック下長400mm
・1袋　100枚入",ユニパックK‐4【厚み0.04&times;幅280mm&times;チャック下長400mm】【100枚入】【セイニチ】：ふくろや楽天市場店,ポリ袋野菜袋ボードンボードン袋ＯＰＰポリ半透明レジ袋ナイロンポリ真空袋ゴミ袋クリスタルパックチャック付ユニパック結束テープ容器惣菜容器弁当容器ゴムバンド保冷バックユニパックK‐4【厚み0.04&times;幅280mm&times;チャック下長400mm】【100枚入】【セイニチ】,汎用性の高いチャック付袋。ユニパックK‐4【厚み0.04&times;幅280mm&times;チャック下長400mm】【100枚入】【セイニチ】[rn]
16-95745,http://tshop.r10s.jp/tsuruyakagu/cabinet/jr15.gif?fitin=700:700,2360.0000,,キッチン用品・食器・調理器具 > キッチン用品・雑貨・エプロン > キッチン小物 > その他,【セール価格】野田琺瑯　ホワイトジャムロート,,"野田ホーロー　ホワイトジャムロート<BR>上部：直径14.5cm＊高さ１0.5cm<BR>注ぎ口：直径4.2cm　<BR>
お醤油や汁物を別の容器に移すとき　液だれせずに便利に使えます。注ぎ口が　広いので　量が多い時や、ジャムやソースなどに適しています",【セール価格】野田琺瑯　ホワイトジャムロート：インテリア　つるや,かごマニーステンドグラス　ランプ薔薇インテリアつるや水切りかご玄関マット　屋外バスケット　かごスイッチカバースイッチプレート琺瑯ココマットスツールバスケット野田琺瑯　ホワイトシリーズ野田琺瑯ステンドグラスカラーボックスピクニックバスケット収納【セール価格】野田琺瑯　ホワイトジャムロート,【セール価格】野田琺瑯　ホワイトジャムロート[rn]
16-95746,http://tshop.r10s.jp/tsuruyakagu/cabinet/btb22.gif?fitin=700:700,1120.0000,,キッチン用品・食器・調理器具 > キッチン用品・雑貨・エプロン > キッチン小物 > その他,野田琺瑯　バターウォーマー,,野田琺瑯　バターウォーマー<br> 全長：18cm　ハンドルの長さ：11cm<BR>カップの部分：底部直径７cm　容量：0.22Lバターを溶かしたり　ドレッシングをつくったり、ゆっくりと温めながら調理する時にお使いください。,野田琺瑯　バターウォーマー：インテリア　つるや,かごマニーステンドグラス　ランプ薔薇インテリアつるや水切りかご玄関マット　屋外バスケット　かごスイッチカバースイッチプレート琺瑯ココマットスツールバスケット野田琺瑯　ホワイトシリーズ野田琺瑯ステンドグラスカラーボックスピクニックバスケット収納野田琺瑯　バターウォーマー,野田琺瑯　バターウォーマー[rn]
16-95747,http://tshop.r10s.jp/fukuroya-shop/cabinet/02093156/poli/02648344/imgrc0070924565.jpg?fitin=700:700,848.0000,,キッチン用品・食器・調理器具 > キッチン用品・雑貨・エプロン > キッチン小物 > その他,ポリパック No.12（0.007×230×340ｍｍ）【1000枚入】【シモジマ】,１枚ずつ取り出せる極薄強化ポリ袋,"ボックステッシュのように１枚ずつ取り出せる極薄強化ポリ袋です。

・厚み：0.007
・230×340
・1ケース1000枚入",ポリパック No.12（0.007&times;230&times;340ｍｍ）【1000枚入】【シモジマ】：ふくろや楽天市場店,ポリ袋野菜袋ボードンボードン袋ＯＰＰポリ半透明レジ袋ナイロンポリ真空袋ゴミ袋クリスタルパックチャック付ユニパック結束テープ容器惣菜容器弁当容器ゴムバンド保冷バックポリパック No.12（0.007&times;230&times;340ｍｍ）【1000枚入】【シモジマ】,１枚ずつ取り出せる極薄強化ポリ袋。ポリパック No.12（0.007&times;230&times;340ｍｍ）【1000枚入】【シモジマ】[rn]
16-95748,http://tshop.r10s.jp/fukuroya-shop/cabinet/02093156/img_index/porifukuro/npe09.jpg?fitin=700:700,1072.0000,,キッチン用品・食器・調理器具 > キッチン用品・雑貨・エプロン > キッチン小物 > その他,ニューポリ袋No.１【0.03×70×100mm】【2000枚入】【ポリ袋】【福助】,強度、透明度、開口性に優れてます,"ニューポリ袋は強度、透明度、開口性に優れております。

【サイズ】
・厚み０．０３mm×幅７０mm×長さ１００mm
【入り数】
・１箱２０００枚入（１袋１００枚入×２０袋）
【材質】
・最も一般的に利用されるプラスチックフィルム。手触りが柔らかく、しなやかな素材。しわになりにくい。
【商品特徴】
・１袋１００枚入りとなっています。
・取り出し口は付いていません。
【使用例】
・服のボタンなど小さいな小物
・植物の種等
【出荷時の当店の商品梱包について】
梱包用の段ボールは当店使用のリサイクル（再利用）段ボールを利用させていただきます。パッキンは新聞紙などを使用させていただきますので、ご了承願います。
もし、商品が破損した場合は返品をさせていただきます。",ニューポリ袋No.１【0.03&times;70&times;100mm】【2000枚入】【ポリ袋】【福助】：ふくろや楽天市場店,ポリ袋野菜袋ボードンボードン袋ＯＰＰポリ半透明レジ袋ナイロンポリ真空袋ゴミ袋クリスタルパックチャック付ユニパック結束テープ容器惣菜容器弁当容器ゴムバンド保冷バックニューポリ袋No.１【0.03&times;70&times;100mm】【2000枚入】【ポリ袋】【福助】,強度、透明度、開口性に優れてます。ニューポリ袋No.１【0.03&times;70&times;100mm】【2000枚入】【ポリ袋】【福助】[rn]
16-95749,http://tshop.r10s.jp/fukuroya-shop/cabinet/02093156/poli/02648344/imgrc0071002568.jpg?fitin=700:700,680.0000,,キッチン用品・食器・調理器具 > キッチン用品・雑貨・エプロン > キッチン小物 > その他,ポリパック No.１１【0.007×200×300ｍｍ】【1000枚入】【シモジマ】,１枚ずつ取り出せる極薄強化ポリ袋,"ボックステッシュのように１枚ずつ取り出せる極薄強化ポリ袋です。

・厚み：0.007
・200×300
・1ケース1000枚入り",ポリパック No.１１【0.007&times;200&times;300ｍｍ】【1000枚入】【シモジマ】：ふくろや楽天市場店,ポリ袋野菜袋ボードンボードン袋ＯＰＰポリ半透明レジ袋ナイロンポリ真空袋ゴミ袋クリスタルパックチャック付ユニパック結束テープ容器惣菜容器弁当容器ゴムバンド保冷バックポリパック No.１１【0.007&times;200&times;300ｍｍ】【1000枚入】【シモジマ】,１枚ずつ取り出せる極薄強化ポリ袋。ポリパック No.１１【0.007&times;200&times;300ｍｍ】【1000枚入】【シモジマ】[rn]
16-95750,http://tshop.r10s.jp/fukuroya-shop/cabinet/02093156/img_index/porifukuro/npe10.jpg?fitin=700:700,1120.0000,,キッチン用品・食器・調理器具 > キッチン用品・雑貨・エプロン > キッチン小物 > その他,【ポリ袋】【福助】ニューポリ袋No.２【0.03×80×120mm】【2000枚入】,ニューポリ袋は強度、透明度、開口性に優れております。,"ニューポリ袋は強度、透明度、開口性に優れております。

・厚み：0.03
・厚み0.03mm×幅80mm×長さ120mm
・1ケース2000枚入

【出荷時の当店の商品梱包について】
梱包用の段ボールは当店使用のリサイクル（再利用）段ボールを利用させていただきます。パッキンは新聞紙などを使用させていただきますので、ご了承願います。
もし、商品が破損した場合は返品をさせていただきます。",【ポリ袋】【福助】ニューポリ袋No.２【0.03&times;80&times;120mm】【2000枚入】：ふくろや楽天市場店,ポリ袋野菜袋ボードンボードン袋ＯＰＰポリ半透明レジ袋ナイロンポリ真空袋ゴミ袋クリスタルパックチャック付ユニパック結束テープ容器惣菜容器弁当容器ゴムバンド保冷バック【ポリ袋】【福助】ニューポリ袋No.２【0.03&times;80&times;120mm】【2000枚入】,ニューポリ袋は強度、透明度、開口性に優れております。。【ポリ袋】【福助】ニューポリ袋No.２【0.03&times;80&times;120mm】【2000枚入】[rn]
16-95751,http://tshop.r10s.jp/fukuroya-shop/cabinet/02093156/img_index/porifukuro/npe11.jpg?fitin=700:700,1152.0000,,キッチン用品・食器・調理器具 > キッチン用品・雑貨・エプロン > キッチン小物 > その他,【ポリ袋】【福助】ニューポリ袋No.３【0.03×80×150mm】【2000枚入】,ニューポリ袋は強度、透明度、開口性に優れております。,"ニューポリ袋は強度、透明度、開口性に優れております。

・厚み0.03mm×幅80mm×長150mm
・1ケース2000枚入り

【出荷時の当店の商品梱包について】
梱包用の段ボールは当店使用のリサイクル（再利用）段ボールを利用させていただきます。パッキンは新聞紙などを使用させていただきますので、ご了承願います。
もし、商品が破損した場合は返品をさせていただきます。",【ポリ袋】【福助】ニューポリ袋No.３【0.03&times;80&times;150mm】【2000枚入】：ふくろや楽天市場店,ポリ袋野菜袋ボードンボードン袋ＯＰＰポリ半透明レジ袋ナイロンポリ真空袋ゴミ袋クリスタルパックチャック付ユニパック結束テープ容器惣菜容器弁当容器ゴムバンド保冷バック【ポリ袋】【福助】ニューポリ袋No.３【0.03&times;80&times;150mm】【2000枚入】,ニューポリ袋は強度、透明度、開口性に優れております。。【ポリ袋】【福助】ニューポリ袋No.３【0.03&times;80&times;150mm】【2000枚入】[rn]
16-95752,http://tshop.r10s.jp/fukuroya-shop/cabinet/02093156/img_index/porifukuro/npe12.jpg?fitin=700:700,672.0000,,キッチン用品・食器・調理器具 > キッチン用品・雑貨・エプロン > キッチン小物 > その他,【ポリ袋】【福助】ニューポリ袋No.４【0.03×90×170mm】【1000枚入】,ニューポリ袋は強度、透明度、開口性に優れております。,"ニューポリ袋は強度、透明度、開口性に優れております。

・厚み：0.03mm
・幅90mm×長さ170mm
・1ケース1000枚入り

【出荷時の当店の商品梱包について】
梱包用の段ボールは当店使用のリサイクル（再利用）段ボールを利用させていただきます。パッキンは新聞紙などを使用させていただきますので、ご了承願います。
もし、商品が破損した場合は返品をさせていただきます。",【ポリ袋】【福助】ニューポリ袋No.４【0.03&times;90&times;170mm】【1000枚入】：ふくろや楽天市場店,ポリ袋野菜袋ボードンボードン袋ＯＰＰポリ半透明レジ袋ナイロンポリ真空袋ゴミ袋クリスタルパックチャック付ユニパック結束テープ容器惣菜容器弁当容器ゴムバンド保冷バック【ポリ袋】【福助】ニューポリ袋No.４【0.03&times;90&times;170mm】【1000枚入】,ニューポリ袋は強度、透明度、開口性に優れております。。【ポリ袋】【福助】ニューポリ袋No.４【0.03&times;90&times;170mm】【1000枚入】[rn]
16-95753,http://tshop.r10s.jp/fukuroya-shop/cabinet/02093156/img_index/porifukuro/img58467066.jpg?fitin=700:700,752.0000,,キッチン用品・食器・調理器具 > キッチン用品・雑貨・エプロン > キッチン小物 > その他,【ポリ袋】【福助】ニューポリ袋No.６【0.03×100×120mm】【1000枚入】,ニューポリ袋は強度、透明度、開口性に優れております。,"ニューポリ袋は強度、透明度、開口性に優れております。

・厚み：0.03
・厚み0.03mm×幅100mm×長さ120mm
・1ケース1000枚入

【出荷時の当店の商品梱包について】
梱包用の段ボールは当店使用のリサイクル（再利用）段ボールを利用させていただきます。パッキンは新聞紙などを使用させていただきますので、ご了承願います。
もし、商品が破損した場合は返品をさせていただきます。",【ポリ袋】【福助】ニューポリ袋No.６【0.03&times;100&times;120mm】【1000枚入】：ふくろや楽天市場店,ポリ袋野菜袋ボードンボードン袋ＯＰＰポリ半透明レジ袋ナイロンポリ真空袋ゴミ袋クリスタルパックチャック付ユニパック結束テープ容器惣菜容器弁当容器ゴムバンド保冷バック【ポリ袋】【福助】ニューポリ袋No.６【0.03&times;100&times;120mm】【1000枚入】,ニューポリ袋は強度、透明度、開口性に優れております。。【ポリ袋】【福助】ニューポリ袋No.６【0.03&times;100&times;120mm】【1000枚入】[rn]
16-95754,http://tshop.r10s.jp/fukuroya-shop/cabinet/02093156/img_index/porifukuro/img59339524.jpg?fitin=700:700,776.0000,,キッチン用品・食器・調理器具 > キッチン用品・雑貨・エプロン > キッチン小物 > その他,【ポリ袋】【福助】ニューポリ袋No.７【0.03×120×230mm】【1000枚入】,ニューポリ袋は強度、透明度、開口性に優れております。,"ニューポリ袋は強度、透明度、開口性に優れております。

・厚み0.03mm×幅120mm×長230mm
・1ケース1000枚入り

【出荷時の当店の商品梱包について】
梱包用の段ボールは当店使用のリサイクル（再利用）段ボールを利用させていただきます。パッキンは新聞紙などを使用させていただきますので、ご了承願います。
もし、商品が破損した場合は返品をさせていただきます。",【ポリ袋】【福助】ニューポリ袋No.７【0.03&times;120&times;230mm】【1000枚入】：ふくろや楽天市場店,ポリ袋野菜袋ボードンボードン袋ＯＰＰポリ半透明レジ袋ナイロンポリ真空袋ゴミ袋クリスタルパックチャック付ユニパック結束テープ容器惣菜容器弁当容器ゴムバンド保冷バック【ポリ袋】【福助】ニューポリ袋No.７【0.03&times;120&times;230mm】【1000枚入】,ニューポリ袋は強度、透明度、開口性に優れております。。【ポリ袋】【福助】ニューポリ袋No.７【0.03&times;120&times;230mm】【1000枚入】[rn]
16-95755,http://tshop.r10s.jp/fukuroya-shop/cabinet/02093156/img_index/porifukuro/img58467067.jpg?fitin=700:700,832.0000,,キッチン用品・食器・調理器具 > キッチン用品・雑貨・エプロン > キッチン小物 > その他,【ポリ袋】【福助】ニューポリ袋No.８【0.03×130×250mm】【1000枚入】,ニューポリ袋は強度、透明度、開口性に優れております。,"ニューポリ袋は強度、透明度、開口性に優れております。

・厚み0.03mm×幅80mm×長150mm
・1ケース1000枚入

【出荷時の当店の商品梱包について】
梱包用の段ボールは当店使用のリサイクル（再利用）段ボールを利用させていただきます。パッキンは新聞紙などを使用させていただきますので、ご了承願います。
もし、商品が破損した場合は返品をさせていただきます。",【ポリ袋】【福助】ニューポリ袋No.８【0.03&times;130&times;250mm】【1000枚入】：ふくろや楽天市場店,ポリ袋野菜袋ボードンボードン袋ＯＰＰポリ半透明レジ袋ナイロンポリ真空袋ゴミ袋クリスタルパックチャック付ユニパック結束テープ容器惣菜容器弁当容器ゴムバンド保冷バック【ポリ袋】【福助】ニューポリ袋No.８【0.03&times;130&times;250mm】【1000枚入】,ニューポリ袋は強度、透明度、開口性に優れております。。【ポリ袋】【福助】ニューポリ袋No.８【0.03&times;130&times;250mm】【1000枚入】[rn]
16-95756,http://tshop.r10s.jp/fukuroya-shop/cabinet/02093156/img_index/porifukuro/img58467068.jpg?fitin=700:700,880.0000,,キッチン用品・食器・調理器具 > キッチン用品・雑貨・エプロン > キッチン小物 > その他,【ポリ袋】【福助】ニューポリ袋No.９【0.03×150×250mm】【1000枚入】,ニューポリ袋は強度、透明度、開口性に優れております。,"ニューポリ袋は強度、透明度、開口性に優れております。

・厚み0.03mm×幅150mm×長250mm
・1ケース1000枚入り

【出荷時の当店の商品梱包について】
梱包用の段ボールは当店使用のリサイクル（再利用）段ボールを利用させていただきます。パッキンは新聞紙などを使用させていただきますので、ご了承願います。
もし、商品が破損した場合は返品をさせていただきます。",【ポリ袋】【福助】ニューポリ袋No.９【0.03&times;150&times;250mm】【1000枚入】：ふくろや楽天市場店,ポリ袋野菜袋ボードンボードン袋ＯＰＰポリ半透明レジ袋ナイロンポリ真空袋ゴミ袋クリスタルパックチャック付ユニパック結束テープ容器惣菜容器弁当容器ゴムバンド保冷バック【ポリ袋】【福助】ニューポリ袋No.９【0.03&times;150&times;250mm】【1000枚入】,ニューポリ袋は強度、透明度、開口性に優れております。。【ポリ袋】【福助】ニューポリ袋No.９【0.03&times;150&times;250mm】【1000枚入】[rn]
16-95757,http://tshop.r10s.jp/fukuroya-shop/cabinet/02093156/img_index/porifukuro/img59339526.jpg?fitin=700:700,1120.0000,,キッチン用品・食器・調理器具 > キッチン用品・雑貨・エプロン > キッチン小物 > その他,【ポリ袋】【福助】ニューポリ袋No.10【0.03×180×270mm】【1000枚入】,ニューポリ袋は強度、透明度、開口性に優れております。,"ニューポリ袋は強度、透明度、開口性に優れております。

・厚み0.03mm×幅180mm×長270mm
・1ケース1000枚入

【出荷時の当店の商品梱包について】
梱包用の段ボールは当店使用のリサイクル（再利用）段ボールを利用させていただきます。パッキンは新聞紙などを使用させていただきますので、ご了承願います。
もし、商品が破損した場合は返品をさせていただきます。",【ポリ袋】【福助】ニューポリ袋No.10【0.03&times;180&times;270mm】【1000枚入】：ふくろや楽天市場店,ポリ袋野菜袋ボードンボードン袋ＯＰＰポリ半透明レジ袋ナイロンポリ真空袋ゴミ袋クリスタルパックチャック付ユニパック結束テープ容器惣菜容器弁当容器ゴムバンド保冷バック【ポリ袋】【福助】ニューポリ袋No.10【0.03&times;180&times;270mm】【1000枚入】,ニューポリ袋は強度、透明度、開口性に優れております。。【ポリ袋】【福助】ニューポリ袋No.10【0.03&times;180&times;270mm】【1000枚入】[rn]
16-95758,http://tshop.r10s.jp/fukuroya-shop/cabinet/02093156/img_index/porifukuro/img59339528.jpg?fitin=700:700,1352.0000,,キッチン用品・食器・調理器具 > キッチン用品・雑貨・エプロン > キッチン小物 > その他,【ポリ袋】【福助】ニューポリ袋No.１１【0.03×200×300mm】【1000枚入】,ニューポリ袋は強度、透明度、開口性に優れております。,"ニューポリ袋は強度、透明度、開口性に優れております。

・厚み0.03mm×幅200mm×長300mm
・1ケース1000枚入

【出荷時の当店の商品梱包について】
梱包用の段ボールは当店使用のリサイクル（再利用）段ボールを利用させていただきます。パッキンは新聞紙などを使用させていただきますので、ご了承願います。
もし、商品が破損した場合は返品をさせていただきます。",【ポリ袋】【福助】ニューポリ袋No.１１【0.03&times;200&times;300mm】【1000枚入】：ふくろや楽天市場店,ポリ袋野菜袋ボードンボードン袋ＯＰＰポリ半透明レジ袋ナイロンポリ真空袋ゴミ袋クリスタルパックチャック付ユニパック結束テープ容器惣菜容器弁当容器ゴムバンド保冷バック【ポリ袋】【福助】ニューポリ袋No.１１【0.03&times;200&times;300mm】【1000枚入】,ニューポリ袋は強度、透明度、開口性に優れております。。【ポリ袋】【福助】ニューポリ袋No.１１【0.03&times;200&times;300mm】【1000枚入】[rn]
16-95759,http://tshop.r10s.jp/fukuroya-shop/cabinet/02093156/img_index/porifukuro/img58833607.jpg?fitin=700:700,1712.0000,,キッチン用品・食器・調理器具 > キッチン用品・雑貨・エプロン > キッチン小物 > その他,【ポリ袋】【福助】ニューポリ袋No.12【0.03×230×340mm】【1000枚入】,ニューポリ袋は強度、透明度、開口性に優れております。,"ニューポリ袋は強度、透明度、開口性に優れております。

・厚み0.03mm×幅200mm×長300mm
・1ケース1000枚入

【出荷時の当店の商品梱包について】
梱包用の段ボールは当店使用のリサイクル（再利用）段ボールを利用させていただきます。パッキンは新聞紙などを使用させていただきますので、ご了承願います。
もし、商品が破損した場合は返品をさせていただきます。",【ポリ袋】【福助】ニューポリ袋No.12【0.03&times;230&times;340mm】【1000枚入】：ふくろや楽天市場店,ポリ袋野菜袋ボードンボードン袋ＯＰＰポリ半透明レジ袋ナイロンポリ真空袋ゴミ袋クリスタルパックチャック付ユニパック結束テープ容器惣菜容器弁当容器ゴムバンド保冷バック【ポリ袋】【福助】ニューポリ袋No.12【0.03&times;230&times;340mm】【1000枚入】,ニューポリ袋は強度、透明度、開口性に優れております。。【ポリ袋】【福助】ニューポリ袋No.12【0.03&times;230&times;340mm】【1000枚入】[rn]
16-95760,http://tshop.r10s.jp/fukuroya-shop/cabinet/02093156/img_index/porifukuro/img58467069.jpg?fitin=700:700,2120.0000,,キッチン用品・食器・調理器具 > キッチン用品・雑貨・エプロン > キッチン小物 > その他,【ポリ袋】【福助】ニューポリ袋No.１３【0.03×260×380mm】【1000枚入】,ニューポリ袋は強度、透明度、開口性に優れております。,"ニューポリ袋は強度、透明度、開口性に優れております。

・厚み0.03mm×幅200mm×長300mm
・1ケース1000枚入

【出荷時の当店の商品梱包について】
梱包用の段ボールは当店使用のリサイクル（再利用）段ボールを利用させていただきます。パッキンは新聞紙などを使用させていただきますので、ご了承願います。
もし、商品が破損した場合は返品をさせていただきます。",【ポリ袋】【福助】ニューポリ袋No.１３【0.03&times;260&times;380mm】【1000枚入】：ふくろや楽天市場店,ポリ袋野菜袋ボードンボードン袋ＯＰＰポリ半透明レジ袋ナイロンポリ真空袋ゴミ袋クリスタルパックチャック付ユニパック結束テープ容器惣菜容器弁当容器ゴムバンド保冷バック【ポリ袋】【福助】ニューポリ袋No.１３【0.03&times;260&times;380mm】【1000枚入】,ニューポリ袋は強度、透明度、開口性に優れております。。【ポリ袋】【福助】ニューポリ袋No.１３【0.03&times;260&times;380mm】【1000枚入】[rn]
16-95761,http://tshop.r10s.jp/fukuroya-shop/cabinet/02093156/img_index/porifukuro/img58467070.jpg?fitin=700:700,2480.0000,,キッチン用品・食器・調理器具 > キッチン用品・雑貨・エプロン > キッチン小物 > その他,【ポリ袋】【福助】ニューポリ袋No.１４【0.03×280×410mm】【1000枚入】,ニューポリ袋は強度、透明度、開口性に優れております。,"ニューポリ袋は強度、透明度、開口性に優れております。

・厚み0.03mm×幅280mm×長410mm
・1ケース1000枚入

【出荷時の当店の商品梱包について】
梱包用の段ボールは当店使用のリサイクル（再利用）段ボールを利用させていただきます。パッキンは新聞紙などを使用させていただきますので、ご了承願います。
もし、商品が破損した場合は返品をさせていただきます。",【ポリ袋】【福助】ニューポリ袋No.１４【0.03&times;280&times;410mm】【1000枚入】：ふくろや楽天市場店,ポリ袋野菜袋ボードンボードン袋ＯＰＰポリ半透明レジ袋ナイロンポリ真空袋ゴミ袋クリスタルパックチャック付ユニパック結束テープ容器惣菜容器弁当容器ゴムバンド保冷バック【ポリ袋】【福助】ニューポリ袋No.１４【0.03&times;280&times;410mm】【1000枚入】,ニューポリ袋は強度、透明度、開口性に優れております。。【ポリ袋】【福助】ニューポリ袋No.１４【0.03&times;280&times;410mm】【1000枚入】[rn]
16-95762,http://tshop.r10s.jp/fukuroya-shop/cabinet/02093156/img_index/porifukuro/img58467071.jpg?fitin=700:700,2840.0000,,キッチン用品・食器・調理器具 > キッチン用品・雑貨・エプロン > キッチン小物 > その他,【ポリ袋】【福助】ニューポリ袋No.１５【0.03×300×450mm】【1000枚入】,ニューポリ袋は強度、透明度、開口性に優れております。,"ニューポリ袋は強度、透明度、開口性に優れております。

・厚み0.03mm×幅200mm×長300mm
・1ケース1000枚入

【出荷時の当店の商品梱包について】
梱包用の段ボールは当店使用のリサイクル（再利用）段ボールを利用させていただきます。パッキンは新聞紙などを使用させていただきますので、ご了承願います。
もし、商品が破損した場合は返品をさせていただきます。",【ポリ袋】【福助】ニューポリ袋No.１５【0.03&times;300&times;450mm】【1000枚入】：ふくろや楽天市場店,ポリ袋野菜袋ボードンボードン袋ＯＰＰポリ半透明レジ袋ナイロンポリ真空袋ゴミ袋クリスタルパックチャック付ユニパック結束テープ容器惣菜容器弁当容器ゴムバンド保冷バック【ポリ袋】【福助】ニューポリ袋No.１５【0.03&times;300&times;450mm】【1000枚入】,ニューポリ袋は強度、透明度、開口性に優れております。。【ポリ袋】【福助】ニューポリ袋No.１５【0.03&times;300&times;450mm】【1000枚入】[rn]
16-95763,http://tshop.r10s.jp/fukuroya-shop/cabinet/02093156/img_index/porifukuro/img58467086.jpg?fitin=700:700,1768.0000,,キッチン用品・食器・調理器具 > キッチン用品・雑貨・エプロン > キッチン小物 > その他,【ポリ袋】【福助】ニューポリ袋No.１６【0.03×340×480mm】【500枚入】,ニューポリ袋は強度、透明度、開口性に優れております。,"ニューポリ袋は強度、透明度、開口性に優れております。

・厚み0.03mm×幅340mm×長480mm
・1ケース500枚入

【出荷時の当店の商品梱包について】
梱包用の段ボールは当店使用のリサイクル（再利用）段ボールを利用させていただきます。パッキンは新聞紙などを使用させていただきますので、ご了承願います。
もし、商品が破損した場合は返品をさせていただきます。",【ポリ袋】【福助】ニューポリ袋No.１６【0.03&times;340&times;480mm】【500枚入】：ふくろや楽天市場店,ポリ袋野菜袋ボードンボードン袋ＯＰＰポリ半透明レジ袋ナイロンポリ真空袋ゴミ袋クリスタルパックチャック付ユニパック結束テープ容器惣菜容器弁当容器ゴムバンド保冷バック【ポリ袋】【福助】ニューポリ袋No.１６【0.03&times;340&times;480mm】【500枚入】,ニューポリ袋は強度、透明度、開口性に優れております。。【ポリ袋】【福助】ニューポリ袋No.１６【0.03&times;340&times;480mm】【500枚入】[rn]
16-95764,http://tshop.r10s.jp/fukuroya-shop/cabinet/02093156/img_index/porifukuro/img58467087.jpg?fitin=700:700,2016.0000,,キッチン用品・食器・調理器具 > キッチン用品・雑貨・エプロン > キッチン小物 > その他,【ポリ袋】【福助】ニューポリ袋No.１７【0.03×360×500mm】【500枚入】,ニューポリ袋は強度、透明度、開口性に優れております。,"ニューポリ袋は強度、透明度、開口性に優れております。

・厚み0.03mm×幅360mm×長500mm
・1ケース500枚入

【出荷時の当店の商品梱包について】
梱包用の段ボールは当店使用のリサイクル（再利用）段ボールを利用させていただきます。パッキンは新聞紙などを使用させていただきますので、ご了承願います。
もし、商品が破損した場合は返品をさせていただきます。",【ポリ袋】【福助】ニューポリ袋No.１７【0.03&times;360&times;500mm】【500枚入】：ふくろや楽天市場店,ポリ袋野菜袋ボードンボードン袋ＯＰＰポリ半透明レジ袋ナイロンポリ真空袋ゴミ袋クリスタルパックチャック付ユニパック結束テープ容器惣菜容器弁当容器ゴムバンド保冷バック【ポリ袋】【福助】ニューポリ袋No.１７【0.03&times;360&times;500mm】【500枚入】,ニューポリ袋は強度、透明度、開口性に優れております。。【ポリ袋】【福助】ニューポリ袋No.１７【0.03&times;360&times;500mm】【500枚入】[rn]
16-95765,http://tshop.r10s.jp/fukuroya-shop/cabinet/02093156/img_index/porifukuro/img58467088.jpg?fitin=700:700,2200.0000,,キッチン用品・食器・調理器具 > キッチン用品・雑貨・エプロン > キッチン小物 > その他,【ポリ袋】【福助】ニューポリ袋No.１８【0.03×380×530mm】【500枚入】,ニューポリ袋は強度、透明度、開口性に優れております。,"ニューポリ袋は強度、透明度、開口性に優れております。

・厚み0.03mm×幅380mm×長530mm
・1ケース500枚入

【出荷時の当店の商品梱包について】
梱包用の段ボールは当店使用のリサイクル（再利用）段ボールを利用させていただきます。パッキンは新聞紙などを使用させていただきますので、ご了承願います。
もし、商品が破損した場合は返品をさせていただきます。",【ポリ袋】【福助】ニューポリ袋No.１８【0.03&times;380&times;530mm】【500枚入】：ふくろや楽天市場店,ポリ袋野菜袋ボードンボードン袋ＯＰＰポリ半透明レジ袋ナイロンポリ真空袋ゴミ袋クリスタルパックチャック付ユニパック結束テープ容器惣菜容器弁当容器ゴムバンド保冷バック【ポリ袋】【福助】ニューポリ袋No.１８【0.03&times;380&times;530mm】【500枚入】,ニューポリ袋は強度、透明度、開口性に優れております。。【ポリ袋】【福助】ニューポリ袋No.１８【0.03&times;380&times;530mm】【500枚入】[rn]
16-95766,http://tshop.r10s.jp/fukuroya-shop/cabinet/02093156/02552688/02552689/img68084775.jpg?fitin=700:700,1584.0000,,キッチン用品・食器・調理器具 > キッチン用品・雑貨・エプロン > キッチン小物 > その他,どうぶつランチＹＦ‐２　いぬセット【５０枚入】【本体：２０３×１６０×２８ｍｍ】【アヅミ産業】,保育園のイベントに！お子様向け容器,"お子様向けイベントなどでご利用いただけます。
【サイズ】
本体：２０３×１６０×２８ｍｍ
【素材】
本体：ＰＰＦ
蓋：ＯＰＳ

【数量】
１袋５０枚セット
【商品特徴】
蓋は乗せ蓋ですので、粘着テープなどで止めてください。

【出荷時の当店の商品梱包について】
梱包用の段ボールは当店使用のリサイクル（再利用）段ボールを利用させていただきます。パッキンは新聞紙などを使用させていただきますので、ご了承願います。
もし、商品が破損した場合は返品をさせていただきます。",どうぶつランチＹＦ‐２　いぬセット【５０枚入】【本体：２０３&times;１６０&times;２８ｍｍ】【アヅミ産業】：ふくろや楽天市場店,ポリ袋野菜袋ボードンボードン袋ＯＰＰポリ半透明レジ袋ナイロンポリ真空袋ゴミ袋クリスタルパックチャック付ユニパック結束テープ容器惣菜容器弁当容器ゴムバンド保冷バックどうぶつランチＹＦ‐２　いぬセット【５０枚入】【本体：２０３&times;１６０&times;２８ｍｍ】【アヅミ産業】,保育園のイベントに！お子様向け容器。どうぶつランチＹＦ‐２　いぬセット【５０枚入】【本体：２０３&times;１６０&times;２８ｍｍ】【アヅミ産業】[rn]
16-95767,http://tshop.r10s.jp/fukuroya-shop/cabinet/02093156/02552688/02552689/img68084781.jpg?fitin=700:700,1584.0000,,キッチン用品・食器・調理器具 > キッチン用品・雑貨・エプロン > キッチン小物 > その他,どうぶつランチＹＦ‐３　ひよこセット【５０枚入】【本体：２０３×１６０×２８ｍｍ】【アヅミ産業】,保育園のイベントに！お子様向け容器,"お子様向けイベントなどでご利用いただけます。
【サイズ】
本体：２０３×１６０×２８ｍｍ
【素材】
本体：ＰＰＦ
蓋：ＯＰＳ

【数量】
１袋５０枚セット
【商品特徴】
蓋は乗せ蓋ですので、粘着テープなどで止めてください。

【出荷時の当店の商品梱包について】
梱包用の段ボールは当店使用のリサイクル（再利用）段ボールを利用させていただきます。パッキンは新聞紙などを使用させていただきますので、ご了承願います。
もし、商品が破損した場合は返品をさせていただきます。",どうぶつランチＹＦ‐３　ひよこセット【５０枚入】【本体：２０３&times;１６０&times;２８ｍｍ】【アヅミ産業】：ふくろや楽天市場店,ポリ袋野菜袋ボードンボードン袋ＯＰＰポリ半透明レジ袋ナイロンポリ真空袋ゴミ袋クリスタルパックチャック付ユニパック結束テープ容器惣菜容器弁当容器ゴムバンド保冷バックどうぶつランチＹＦ‐３　ひよこセット【５０枚入】【本体：２０３&times;１６０&times;２８ｍｍ】【アヅミ産業】,保育園のイベントに！お子様向け容器。どうぶつランチＹＦ‐３　ひよこセット【５０枚入】【本体：２０３&times;１６０&times;２８ｍｍ】【アヅミ産業】[rn]
16-95768,http://tshop.r10s.jp/fukuroya-shop/cabinet/02093156/02552688/02552689/img68084772.jpg?fitin=700:700,1480.0000,,キッチン用品・食器・調理器具 > キッチン用品・雑貨・エプロン > キッチン小物 > その他,どうぶつランチＹＦ‐５　なかよしセット【５０枚入】【本体：１６７×１５０×２８ｍｍ】【アヅミ産業】,保育園のイベントに！お子様向け容器,"お子様向けイベントなどでご利用いただけます。
【サイズ】
本体：１６７×１５０×２８ｍｍ
【素材】
本体：ＰＰＦ
蓋：ＯＰＳ

【数量】
１袋５０枚セット
【商品特徴】
蓋は乗せ蓋ですので、粘着テープなどで止めてください。

【出荷時の当店の商品梱包について】
梱包用の段ボールは当店使用のリサイクル（再利用）段ボールを利用させていただきます。パッキンは新聞紙などを使用させていただきますので、ご了承願います。
もし、商品が破損した場合は返品をさせていただきます。",どうぶつランチＹＦ‐５　なかよしセット【５０枚入】【本体：１６７&times;１５０&times;２８ｍｍ】【アヅミ産業】：ふくろや楽天市場店,ポリ袋野菜袋ボードンボードン袋ＯＰＰポリ半透明レジ袋ナイロンポリ真空袋ゴミ袋クリスタルパックチャック付ユニパック結束テープ容器惣菜容器弁当容器ゴムバンド保冷バックどうぶつランチＹＦ‐５　なかよしセット【５０枚入】【本体：１６７&times;１５０&times;２８ｍｍ】【アヅミ産業】,保育園のイベントに！お子様向け容器。どうぶつランチＹＦ‐５　なかよしセット【５０枚入】【本体：１６７&times;１５０&times;２８ｍｍ】【アヅミ産業】[rn]
16-95769,http://tshop.r10s.jp/fukuroya-shop/cabinet/02093156/02552688/02552689/img59176444.jpg?fitin=700:700,1352.0000,,キッチン用品・食器・調理器具 > キッチン用品・雑貨・エプロン > キッチン小物 > その他,【中央化学】CT仕切折R2.5E2　BK透明蓋セット【１００枚入】【本体：長辺２３２mm×短辺１７２mm×高さ３２mm】,イベントなど、弁当容器として,"【商品特徴】
●店舗販売やイベントなど、弁当容器としてご利用ください。<br>  
●電子レンジもOKです。
【メーカー名】
中央化学
【サイズ】
本体　外寸：長辺２３２mm×短辺１７２mm×高さ３２mm
蓋　　長辺２３４mm×短辺１７４mm×高さ１３mm
【素材】
本体：ＣＴ【耐熱温度：１３０℃】
蓋　：ＯＰＳ【耐熱温度：８０℃】
【数量】
１袋１００枚セット

【出荷時の当店の商品梱包について】
梱包用の段ボールは当店使用のリサイクル（再利用）段ボールを利用させていただきます。パッキンは新聞紙などを使用させていただきますので、ご了承願います。
もし、商品が破損した場合は返品をさせていただきます。",【中央化学】CT仕切折R2.5E2　BK透明蓋セット【１００枚入】【本体：長辺２３２mm&times;短辺１７２mm&times;高さ３２mm】：ふくろや楽天市場店,ポリ袋野菜袋ボードンボードン袋ＯＰＰポリ半透明レジ袋ナイロンポリ真空袋ゴミ袋クリスタルパックチャック付ユニパック結束テープ容器惣菜容器弁当容器ゴムバンド保冷バック【中央化学】CT仕切折R2.5E2　BK透明蓋セット【１００枚入】【本体：長辺２３２mm&times;短辺１７２mm&times;高さ３２mm】,イベントなど、弁当容器として。【中央化学】CT仕切折R2.5E2　BK透明蓋セット【１００枚入】【本体：長辺２３２mm&times;短辺１７２mm&times;高さ３２mm】[rn]
16-95770,http://tshop.r10s.jp/fukuroya-shop/cabinet/02093156/02552688/02552689/img59176433.jpg?fitin=700:700,1496.0000,,キッチン用品・食器・調理器具 > キッチン用品・雑貨・エプロン > キッチン小物 > その他,【中央化学】CT仕切折R2.7A　BK透明蓋セット【１００枚入】【本体：長辺２３８mm×短辺１９０mm×高さ３２mm】,イベントなど、弁当容器として,"【商品特徴】
●店舗販売やイベントなど、弁当容器として大活躍！電子レンジもＯＫ。しかも、価格も安い！
【メーカー名】
中央化学
【サイズ】
本体　外寸：長辺２３８mm×短辺１９０mm×高さ３２mm
蓋　　外寸：長辺２４０mm×短辺１９２mm×高さ１３mm
【素材】
本体：ＣＴ【耐熱温度：１３０℃】
蓋　：ＯＰＳ【耐熱温度：８０℃】
【数量】
１袋１００枚セット

【出荷時の当店の商品梱包について】
梱包用の段ボールは当店使用のリサイクル（再利用）段ボールを利用させていただきます。パッキンは新聞紙などを使用させていただきますので、ご了承願います。
もし、商品が破損した場合は返品をさせていただきます。",【中央化学】CT仕切折R2.7A　BK透明蓋セット【１００枚入】【本体：長辺２３８mm&times;短辺１９０mm&times;高さ３２mm】：ふくろや楽天市場店,ポリ袋野菜袋ボードンボードン袋ＯＰＰポリ半透明レジ袋ナイロンポリ真空袋ゴミ袋クリスタルパックチャック付ユニパック結束テープ容器惣菜容器弁当容器ゴムバンド保冷バック【中央化学】CT仕切折R2.7A　BK透明蓋セット【１００枚入】【本体：長辺２３８mm&times;短辺１９０mm&times;高さ３２mm】,イベントなど、弁当容器として。【中央化学】CT仕切折R2.7A　BK透明蓋セット【１００枚入】【本体：長辺２３８mm&times;短辺１９０mm&times;高さ３２mm】[rn]
16-95771,http://tshop.r10s.jp/fukuroya-shop/cabinet/02093156/02552688/02552689/img59202258.jpg?fitin=700:700,768.0000,,キッチン用品・食器・調理器具 > キッチン用品・雑貨・エプロン > キッチン小物 > その他,【ＣＰ化成】ＢＦランチ１ライス　ホワイト共蓋セット【５０枚入】【本体：長さ１７７mm×幅１３０mm×高さ３２mm】,イベントなど、ライス容器として大活躍！,"【商品特徴】
●店舗販売やイベントなど、ライス容器としてご利用ください。
●電子レンジもOKです。
【メーカー名】
ＣＰ化成
【サイズ】
本体　外寸：長さ１７７mm×幅１３０mm×高さ３２mm
蓋　　外寸：長さ１８２mm×幅１３５mm×高さ４mm
【素材】
本体：ＢＦ（低発泡ＰＳ（ＰＰ入）
蓋　：ＢＦ（低発泡ＰＳ（ＰＰ入）
【販売単位】
１袋５０枚単位
【１枚当たりの単価】
１枚当たり１９．２０円
【出荷時の当店の商品梱包について】
梱包用の段ボールは当店使用のリサイクル（再利用）段ボールを利用させていただきます。パッキンは新聞紙などを使用させていただきますので、ご了承願います。
もし、商品が破損した場合は返品をさせていただきます。",【ＣＰ化成】ＢＦランチ１ライス　ホワイト共蓋セット【５０枚入】【本体：長さ１７７mm&times;幅１３０mm&times;高さ３２mm】：ふくろや楽天市場店,ポリ袋野菜袋ボードンボードン袋ＯＰＰポリ半透明レジ袋ナイロンポリ真空袋ゴミ袋クリスタルパックチャック付ユニパック結束テープ容器惣菜容器弁当容器ゴムバンド保冷バック【ＣＰ化成】ＢＦランチ１ライス　ホワイト共蓋セット【５０枚入】【本体：長さ１７７mm&times;幅１３０mm&times;高さ３２mm】,イベントなど、ライス容器として大活躍！。【ＣＰ化成】ＢＦランチ１ライス　ホワイト共蓋セット【５０枚入】【本体：長さ１７７mm&times;幅１３０mm&times;高さ３２mm】[rn]
16-95772,http://tshop.r10s.jp/fukuroya-shop/cabinet/02093156/02552688/02552689/img62667727.jpg?fitin=700:700,792.0000,,キッチン用品・食器・調理器具 > キッチン用品・雑貨・エプロン > キッチン小物 > その他,【ＣＰ化成】ＢＦランチ１オカズ　ホワイト共蓋セット【５０枚入】【本体：長さ１７７mm×幅１３０mm×高さ３２mm】,イベントなど、オカズ容器として大活躍！,"【商品特徴】
●店舗販売やイベントなど、オカズ容器としてご利用ください。
●電子レンジもOKです。
【メーカー名】
ＣＰ化成
【サイズ】
本体　外寸：長さ１７７mm×幅１３０mm×高さ３２mm
蓋　　外寸：長さ１８２mm×幅１３５mm×高さ４mm
【素材】
本体：ＢＦ（低発泡ＰＳ（ＰＰ入）
蓋　：ＢＦ（低発泡ＰＳ（ＰＰ入）
【販売単位】
１袋５０枚単位
【１枚当たりの単価】
１枚当たり１９．８０円
【出荷時の当店の商品梱包について】
梱包用の段ボールは当店使用のリサイクル（再利用）段ボールを利用させていただきます。パッキンは新聞紙などを使用させていただきますので、ご了承願います。
もし、商品が破損した場合は返品をさせていただきます。",【ＣＰ化成】ＢＦランチ１オカズ　ホワイト共蓋セット【５０枚入】【本体：長さ１７７mm&times;幅１３０mm&times;高さ３２mm】：ふくろや楽天市場店,ポリ袋野菜袋ボードンボードン袋ＯＰＰポリ半透明レジ袋ナイロンポリ真空袋ゴミ袋クリスタルパックチャック付ユニパック結束テープ容器惣菜容器弁当容器ゴムバンド保冷バック【ＣＰ化成】ＢＦランチ１オカズ　ホワイト共蓋セット【５０枚入】【本体：長さ１７７mm&times;幅１３０mm&times;高さ３２mm】,イベントなど、オカズ容器として大活躍！。【ＣＰ化成】ＢＦランチ１オカズ　ホワイト共蓋セット【５０枚入】【本体：長さ１７７mm&times;幅１３０mm&times;高さ３２mm】[rn]
16-95773,http://tshop.r10s.jp/fukuroya-shop/cabinet/02093156/02552688/02552689/img64322383.jpg?fitin=700:700,1208.0000,,キッチン用品・食器・調理器具 > キッチン用品・雑貨・エプロン > キッチン小物 > その他,【中央化学】ＣＦカレーＮＯ．１透明蓋セット【５０枚入】【本体外寸：楕円長さ２４０mm×幅１４８mm×高さ４５mm】,カレーやピラフ・パスタ容器として,"店舗販売やイベントなど、カレーや、ピラフ・パスタ容器としてご利用ください
【サイズ】
本体　外寸：楕円長さ２４０mm×幅１４８mm×高さ４５mm
蓋　　外寸：長さ２４３mm×幅１５１mm×高さ２０mm【素材】
本体　：ＣＦ（シーファイン）
蓋　　：ＯＰＳ
【数量】
１袋５０枚セット
【商品特徴】
透明蓋もカチッと閉まります。

【出荷時の当店の商品梱包について】
梱包用の段ボールは当店使用のリサイクル（再利用）段ボールを利用させていただきます。パッキンは新聞紙などを使用させていただきますので、ご了承願います。
もし、商品が破損した場合は返品をさせていただきます。",【中央化学】ＣＦカレーＮＯ．１透明蓋セット【５０枚入】【本体外寸：楕円長さ２４０mm&times;幅１４８mm&times;高さ４５mm】：ふくろや楽天市場店,ポリ袋野菜袋ボードンボードン袋ＯＰＰポリ半透明レジ袋ナイロンポリ真空袋ゴミ袋クリスタルパックチャック付ユニパック結束テープ容器惣菜容器弁当容器ゴムバンド保冷バック【中央化学】ＣＦカレーＮＯ．１透明蓋セット【５０枚入】【本体外寸：楕円長さ２４０mm&times;幅１４８mm&times;高さ４５mm】,カレーやピラフ・パスタ容器として。【中央化学】ＣＦカレーＮＯ．１透明蓋セット【５０枚入】【本体外寸：楕円長さ２４０mm&times;幅１４８mm&times;高さ４５mm】[rn]
16-95774,http://tshop.r10s.jp/fukuroya-shop/cabinet/02093156/02552688/02552689/img64322382.jpg?fitin=700:700,1208.0000,,キッチン用品・食器・調理器具 > キッチン用品・雑貨・エプロン > キッチン小物 > その他,【中央化学】ＣＦカレーＮＯ．１共蓋セット【５０枚入】【本体外寸：楕円長さ２４０mm×幅１４８mm×高さ４５mm】,カレーやピラフ・パスタ容器として,"店舗販売やイベントなど、カレーや、ピラフ・パスタ容器としてご利用ください
【サイズ】
本体　外寸：楕円長さ２４０mm×幅１４８mm×高さ４５mm
蓋　　外寸：楕円長さ２４３mm×幅１５１mm×高さ２５mm
【素材】
本体・蓋　：ＣＦ（シーファイン）

【数量】
１袋５０枚セット
【商品特徴】
透明蓋もカチッと閉まります。

【出荷時の当店の商品梱包について】
梱包用の段ボールは当店使用のリサイクル（再利用）段ボールを利用させていただきます。パッキンは新聞紙などを使用させていただきますので、ご了承願います。
もし、商品が破損した場合は返品をさせていただきます。",【中央化学】ＣＦカレーＮＯ．１共蓋セット【５０枚入】【本体外寸：楕円長さ２４０mm&times;幅１４８mm&times;高さ４５mm】：ふくろや楽天市場店,ポリ袋野菜袋ボードンボードン袋ＯＰＰポリ半透明レジ袋ナイロンポリ真空袋ゴミ袋クリスタルパックチャック付ユニパック結束テープ容器惣菜容器弁当容器ゴムバンド保冷バック【中央化学】ＣＦカレーＮＯ．１共蓋セット【５０枚入】【本体外寸：楕円長さ２４０mm&times;幅１４８mm&times;高さ４５mm】,カレーやピラフ・パスタ容器として。【中央化学】ＣＦカレーＮＯ．１共蓋セット【５０枚入】【本体外寸：楕円長さ２４０mm&times;幅１４８mm&times;高さ４５mm】[rn]
16-95775,http://tshop.r10s.jp/fukuroya-shop/cabinet/02093156/02552688/02552689/img60170639.jpg?fitin=700:700,1024.0000,,キッチン用品・食器・調理器具 > キッチン用品・雑貨・エプロン > キッチン小物 > その他,【ＣＰ化成】BF‐１７２フルーツセット【５０枚入】【外寸：１８５×１２８×４０ｍｍ】,お子様ランチや、フルーツの詰め合わせ容器,"お子様ランチや、フルーツの盛り合わせにご利用下さい。
【サイズ】
本体　外寸：楕円　長さ１８５mm×幅１２８mm×高さ４０mm
蓋　　外寸：長さ１８７mm×幅１３０mm×高さ７mm【素材】
本体　：BF（低発泡PS（PP入）
蓋　　：OPS
【数量】
１袋５０枚セット
【商品特徴】
電子レンジもOKです。
透明蓋もカチッと閉まります。

【出荷時の当店の商品梱包について】
梱包用の段ボールは当店使用のリサイクル（再利用）段ボールを利用させていただきます。パッキンは新聞紙などを使用させていただきますので、ご了承願います。
もし、商品が破損した場合は返品をさせていただきます。",【ＣＰ化成】BF‐１７２フルーツセット【５０枚入】【外寸：１８５&times;１２８&times;４０ｍｍ】：ふくろや楽天市場店,ポリ袋野菜袋ボードンボードン袋ＯＰＰポリ半透明レジ袋ナイロンポリ真空袋ゴミ袋クリスタルパックチャック付ユニパック結束テープ容器惣菜容器弁当容器ゴムバンド保冷バック【ＣＰ化成】BF‐１７２フルーツセット【５０枚入】【外寸：１８５&times;１２８&times;４０ｍｍ】,お子様ランチや、フルーツの詰め合わせ容器。【ＣＰ化成】BF‐１７２フルーツセット【５０枚入】【外寸：１８５&times;１２８&times;４０ｍｍ】[rn]
16-95776,http://tshop.r10s.jp/fukuroya-shop/cabinet/02093156/02552688/02552689/img60505491.jpg?fitin=700:700,1344.0000,,キッチン用品・食器・調理器具 > キッチン用品・雑貨・エプロン > キッチン小物 > その他,【ＣＰ化成】BF弁当７１黒　透明蓋セット【５０枚入】【本体：１８７mm×１８７mm×高さ２７mm（蓋１８mm）】,ミニ弁当、お子様弁当で盛り上げよう！,"【商品特徴】
●ミニ弁当やお子様ランチなどのサイズです。
●レンジＯＫ！
●断熱、保温、耐油
●透明外勘合蓋（パチッ！蓋がはまります）
【メーカー名】
ＣＰ化成
【サイズ】
本体　外寸：１８７×１８７mm×高さ２６mm
蓋　　外寸：１９０×１９０mm×高さ１８mm
【素材】
本体：ＢＦ（低発泡ＰＳ（ＰＰ入）
蓋　：ＯＰＳ
【耐熱温度】
耐熱：１０５℃
【数量】
１袋５０枚セット
【１枚当たり】
３３．６０円
【出荷時の当店の商品梱包について】
梱包用の段ボールは当店使用のリサイクル（再利用）段ボールを利用させていただきます。パッキンは新聞紙などを使用させていただきますので、ご了承願います。
もし、商品が破損した場合は返品をさせていただきます。",【ＣＰ化成】BF弁当７１黒　透明蓋セット【５０枚入】【本体：１８７mm&times;１８７mm&times;高さ２７mm（蓋１８mm）】：ふくろや楽天市場店,ポリ袋野菜袋ボードンボードン袋ＯＰＰポリ半透明レジ袋ナイロンポリ真空袋ゴミ袋クリスタルパックチャック付ユニパック結束テープ容器惣菜容器弁当容器ゴムバンド保冷バック【ＣＰ化成】BF弁当７１黒　透明蓋セット【５０枚入】【本体：１８７mm&times;１８７mm&times;高さ２７mm（蓋１８mm）】,ミニ弁当、お子様弁当で盛り上げよう！。【ＣＰ化成】BF弁当７１黒　透明蓋セット【５０枚入】【本体：１８７mm&times;１８７mm&times;高さ２７mm（蓋１８mm）】[rn]
16-95777,http://tshop.r10s.jp/fukuroya-shop/cabinet/02093156/02552688/02552689/img60505579.jpg?fitin=700:700,1904.0000,,キッチン用品・食器・調理器具 > キッチン用品・雑貨・エプロン > キッチン小物 > その他,【ＣＰ化成】ＢＦ‐２１９ホワイト　透明蓋セット【５０枚入】【本体：２１４mm×２１４mm×高さ４５mm（蓋１５mm）】,カレーライスのテイクアウトでレンジＯＫ！,"【商品特徴】
●カレールーとご飯が分けられる仕切りが付いています。
●レンジＯＫ！
●断熱、保温、耐油
●透明外勘合蓋（パチッ！蓋がはまります）
【メーカー名】
ＣＰ化成
【サイズ】
本体　外寸：２１４×２１４mm×高さ４５mm
蓋　　外寸：２１６×２１６mm×高さ１５mm
【素材】
本体：ＢＦ（低発泡ＰＳ（ＰＰ入）
蓋　：ＯＰＳ
【耐熱温度】
耐熱：１０５℃
【数量】
１袋５０枚セット
【１枚当たり】
４７．６０円
【出荷時の当店の商品梱包について】
梱包用の段ボールは当店使用のリサイクル（再利用）段ボールを利用させていただきます。パッキンは新聞紙などを使用させていただきますので、ご了承願います。
もし、商品が破損した場合は返品をさせていただきます。",【ＣＰ化成】ＢＦ‐２１９ホワイト　透明蓋セット【５０枚入】【本体：２１４mm&times;２１４mm&times;高さ４５mm（蓋１５mm）】：ふくろや楽天市場店,ポリ袋野菜袋ボードンボードン袋ＯＰＰポリ半透明レジ袋ナイロンポリ真空袋ゴミ袋クリスタルパックチャック付ユニパック結束テープ容器惣菜容器弁当容器ゴムバンド保冷バック【ＣＰ化成】ＢＦ‐２１９ホワイト　透明蓋セット【５０枚入】【本体：２１４mm&times;２１４mm&times;高さ４５mm（蓋１５mm）】,カレーライスのテイクアウトでレンジＯＫ！。【ＣＰ化成】ＢＦ‐２１９ホワイト　透明蓋セット【５０枚入】【本体：２１４mm&times;２１４mm&times;高さ４５mm（蓋１５mm）】[rn]
16-95778,http://tshop.r10s.jp/fukuroya-shop/cabinet/02093156/02552688/02552689/img60508496.jpg?fitin=700:700,920.0000,,キッチン用品・食器・調理器具 > キッチン用品・雑貨・エプロン > キッチン小物 > その他,【ＣＰ化成】Ｚ‐２５８欄透明のせ蓋セット【２０枚入】【本体：２６５mm×２１６ｍｍ×高さ３３mm（蓋７mm）】【レンジ不可】,華やかなデザインで料理が引き立ちます！,"【商品特徴】
●レンジ不可
●断熱、保温、耐油
●透明蓋はのせ蓋です。
【メーカー名】
ＣＰ化成
【サイズ】
本体　外寸：２６５ｍｍ×２１６ｍｍ×高さ３３ｍｍ蓋　　外寸：２６７ｍｍ×２１８ｍｍ×高さ７ｍｍ【素材】
本体　：ＨＩＰＳ（ハイインパクトポリスチレン）
（説明）成型性が良く、耐衝撃性がある素材です。主にＰＰフィルムをラミして耐油性を持たせています。
（注意）電子レンジやオーブンで使用しないでください。
蓋　　：ＯＰＳ（二軸延伸ポリスチレン）
（説明）ポリスチレンを縦横二方向に延伸した素材です。透明性・光沢性があります。
【耐熱温度】
耐熱：８５℃
【数量】
１袋２０枚セット
【１枚当たり】
５７．５０円
【参考】袋/ケース入数
２０枚（１袋）/４００枚（２０袋）

【出荷時の当店の商品梱包について】
梱包用の段ボールは当店使用のリサイクル（再利用）段ボールを利用させていただきます。パッキンは新聞紙などを使用させていただきますので、ご了承願います。
もし、商品が破損した場合は返品をさせていただきます。",【ＣＰ化成】Ｚ‐２５８欄透明のせ蓋セット【２０枚入】【本体：２６５mm&times;２１６ｍｍ&times;高さ３３mm（蓋７mm）】【レンジ不可】：ふくろや楽天市場店,ポリ袋野菜袋ボードンボードン袋ＯＰＰポリ半透明レジ袋ナイロンポリ真空袋ゴミ袋クリスタルパックチャック付ユニパック結束テープ容器惣菜容器弁当容器ゴムバンド保冷バック【ＣＰ化成】Ｚ‐２５８欄透明のせ蓋セット【２０枚入】【本体：２６５mm&times;２１６ｍｍ&times;高さ３３mm（蓋７mm）】【レンジ不可】,華やかなデザインで料理が引き立ちます！。【ＣＰ化成】Ｚ‐２５８欄透明のせ蓋セット【２０枚入】【本体：２６５mm&times;２１６ｍｍ&times;高さ３３mm（蓋７mm）】【レンジ不可】[rn]
16-95779,http://tshop.r10s.jp/fukuroya-shop/cabinet/02093156/02552688/02552689/img61703952.jpg?fitin=700:700,696.0000,,キッチン用品・食器・調理器具 > キッチン用品・雑貨・エプロン > キッチン小物 > その他,【中央化学】５号角丸折セット【共蓋付】【５０枚入】【本体：１８０mm×１１５ｍｍ×高さ３０mm（蓋高さ：１５ｍｍ）】【レンジ不可】,発泡素材容器。弁当・惣菜、赤飯などに,"【商品特徴】
●レンジ不可
●断熱、保温、耐油
●透明蓋はのせ蓋です。
【メーカー名】
中央化学株式会社
【サイズ】
外寸：１８０mm×１１５ｍｍ×高さ３０ｍｍ（蓋高さ１５ｍｍ）
【素材】
発泡ポリスチレン
（説明）ポリスチレンを１０倍以上発泡させた素材です。現在、食品包装用トレーとして、最も多く利用されている素材の一つです。
【耐熱温度】
耐熱：８０℃
【数量】
１袋５０枚セット
【参考】袋/ケース入数
５０枚（１袋）/６００枚（１２袋）

【出荷時の当店の商品梱包について】
梱包用の段ボールは当店使用のリサイクル（再利用）段ボールを利用させていただきます。パッキンは新聞紙などを使用させていただきますので、ご了承願います。
もし、商品が破損した場合は返品をさせていただきます。",【中央化学】５号角丸折セット【共蓋付】【５０枚入】【本体：１８０mm&times;１１５ｍｍ&times;高さ３０mm（蓋高さ：１５ｍｍ）】【レンジ不可】：ふくろや楽天市場店,ポリ袋野菜袋ボードンボードン袋ＯＰＰポリ半透明レジ袋ナイロンポリ真空袋ゴミ袋クリスタルパックチャック付ユニパック結束テープ容器惣菜容器弁当容器ゴムバンド保冷バック【中央化学】５号角丸折セット【共蓋付】【５０枚入】【本体：１８０mm&times;１１５ｍｍ&times;高さ３０mm（蓋高さ：１５ｍｍ）】【レンジ不可】,発泡素材容器。弁当・惣菜、赤飯などに。【中央化学】５号角丸折セット【共蓋付】【５０枚入】【本体：１８０mm&times;１１５ｍｍ&times;高さ３０mm（蓋高さ：１５ｍｍ）】【レンジ不可】[rn]
16-95780,http://tshop.r10s.jp/fukuroya-shop/cabinet/02093156/02552688/02552689/img61703953.jpg?fitin=700:700,704.0000,,キッチン用品・食器・調理器具 > キッチン用品・雑貨・エプロン > キッチン小物 > その他,【中央化学】６号角丸折セット【共蓋付】【５０枚入】【本体：１８０mm×１２０ｍｍ×高さ３５mm（蓋高さ：１５ｍｍ）】【レンジ不可】,発泡素材容器。弁当・惣菜、赤飯などに,"【商品特徴】
●レンジ不可
●断熱、保温、耐油
●透明蓋はのせ蓋です。
【メーカー名】
中央化学株式会社
【サイズ】
外寸：１８０mm×１２０ｍｍ×高さ３５mm（蓋高さ：１５ｍｍ）
【素材】
発泡ポリスチレン
（説明）ポリスチレンを１０倍以上発泡させた素材です。現在、食品包装用トレーとして、最も多く利用されている素材の一つです。
【耐熱温度】
耐熱：８０℃
【数量】
１袋５０枚セット
【参考】袋/ケース入数
５０枚（１袋）/１０００枚（２０袋）

【出荷時の当店の商品梱包について】
梱包用の段ボールは当店使用のリサイクル（再利用）段ボールを利用させていただきます。パッキンは新聞紙などを使用させていただきますので、ご了承願います。
もし、商品が破損した場合は返品をさせていただきます。",【中央化学】６号角丸折セット【共蓋付】【５０枚入】【本体：１８０mm&times;１２０ｍｍ&times;高さ３５mm（蓋高さ：１５ｍｍ）】【レンジ不可】：ふくろや楽天市場店,ポリ袋野菜袋ボードンボードン袋ＯＰＰポリ半透明レジ袋ナイロンポリ真空袋ゴミ袋クリスタルパックチャック付ユニパック結束テープ容器惣菜容器弁当容器ゴムバンド保冷バック【中央化学】６号角丸折セット【共蓋付】【５０枚入】【本体：１８０mm&times;１２０ｍｍ&times;高さ３５mm（蓋高さ：１５ｍｍ）】【レンジ不可】,発泡素材容器。弁当・惣菜、赤飯などに。【中央化学】６号角丸折セット【共蓋付】【５０枚入】【本体：１８０mm&times;１２０ｍｍ&times;高さ３５mm（蓋高さ：１５ｍｍ）】【レンジ不可】[rn]
16-95781,http://tshop.r10s.jp/fukuroya-shop/cabinet/02093156/02552688/02552689/img61703954.jpg?fitin=700:700,848.0000,,キッチン用品・食器・調理器具 > キッチン用品・雑貨・エプロン > キッチン小物 > その他,【中央化学】７号角丸折セット【共蓋付】【５０枚入】【本体：２１０mm×１３０ｍｍ×高さ３５mm（蓋高さ：１５ｍｍ）】【レンジ不可】,発泡素材容器。弁当・惣菜、赤飯などに,"【商品特徴】
●レンジ不可
●断熱、保温、耐油
●透明蓋はのせ蓋です。
【メーカー名】
中央化学株式会社
【サイズ】
外寸：２１０mm×１３０ｍｍ×高さ３５mm（蓋高さ：１５ｍｍ）
【素材】
発泡ポリスチレン
（説明）ポリスチレンを１０倍以上発泡させた素材です。現在、食品包装用トレーとして、最も多く利用されている素材の一つです。
【耐熱温度】
耐熱：８０℃
【数量】
１袋５０枚セット
【参考】袋/ケース入数
５０枚（１袋）/８００枚（１６袋）

【出荷時の当店の商品梱包について】
梱包用の段ボールは当店使用のリサイクル（再利用）段ボールを利用させていただきます。パッキンは新聞紙などを使用させていただきますので、ご了承願います。
もし、商品が破損した場合は返品をさせていただきます。",【中央化学】７号角丸折セット【共蓋付】【５０枚入】【本体：２１０mm&times;１３０ｍｍ&times;高さ３５mm（蓋高さ：１５ｍｍ）】【レンジ不可】：ふくろや楽天市場店,ポリ袋野菜袋ボードンボードン袋ＯＰＰポリ半透明レジ袋ナイロンポリ真空袋ゴミ袋クリスタルパックチャック付ユニパック結束テープ容器惣菜容器弁当容器ゴムバンド保冷バック【中央化学】７号角丸折セット【共蓋付】【５０枚入】【本体：２１０mm&times;１３０ｍｍ&times;高さ３５mm（蓋高さ：１５ｍｍ）】【レンジ不可】,発泡素材容器。弁当・惣菜、赤飯などに。【中央化学】７号角丸折セット【共蓋付】【５０枚入】【本体：２１０mm&times;１３０ｍｍ&times;高さ３５mm（蓋高さ：１５ｍｍ）】【レンジ不可】[rn]
16-95782,http://tshop.r10s.jp/fukuroya-shop/cabinet/02093156/poli/02579653/img59219606.jpg?fitin=700:700,84.0000,,キッチン用品・食器・調理器具 > キッチン用品・雑貨・エプロン > キッチン小物 > その他,レジ袋EFハンド３Ｓナチュラル（１００枚入）【シモジマ】,買い物袋必需品,"●メーカー：シモジマ
●材質：HDPE（外観は不透明で、シャリシャリとした素材。引っ張りに強く、伸びにくい強さがある）
●寸法：厚み０．０１２×幅１５０/マチ幅２４０×高さ３１０mm
●出荷：１袋１００枚入
●店舗販売やイベントなど、レジ袋としてご利用ください。
●半透明袋ですので、中身が透けて見えます。<br>
●袋の強度にも限度がございますので、過度に重量のあるものや、とがったものを入れると、袋が裂け、破けることがあります。",レジ袋EFハンド３Ｓナチュラル（１００枚入）【シモジマ】：ふくろや楽天市場店,ポリ袋野菜袋ボードンボードン袋ＯＰＰポリ半透明レジ袋ナイロンポリ真空袋ゴミ袋クリスタルパックチャック付ユニパック結束テープ容器惣菜容器弁当容器ゴムバンド保冷バックレジ袋EFハンド３Ｓナチュラル（１００枚入）【シモジマ】,買い物袋必需品。レジ袋EFハンド３Ｓナチュラル（１００枚入）【シモジマ】[rn]
16-95783,http://tshop.r10s.jp/fukuroya-shop/cabinet/02093156/poli/02579653/img59219604.jpg?fitin=700:700,90.4000,,キッチン用品・食器・調理器具 > キッチン用品・雑貨・エプロン > キッチン小物 > その他,レジ袋EFハンドＳＳナチュラル【１００枚入】【厚み０．０１２×幅１５０／マチ幅２５０×高さ３６０ｍｍ】【シモジマ】,買い物袋必需品,"●メーカー：シモジマ
●材質：HDPE（外観は不透明で、シャリシャリとした素材。引っ張りに強く、伸びにくい強さがある）
●寸法：厚み０．０１２×幅１５０/マチ幅２５０×高さ３６０mm
●出荷：１袋１００枚入
●店舗販売やイベントなど、レジ袋としてご利用ください。
●半透明袋ですので、中身が透けて見えます。<br>
●袋の強度にも限度がございますので、過度に重量のあるものや、とがったものを入れると、袋が裂け、破けることがあります。",レジ袋EFハンドＳＳナチュラル【１００枚入】【厚み０．０１２&times;幅１５０／マチ幅２５０&times;高さ３６０ｍｍ】【シモジマ】：ふくろや楽天市場店,ポリ袋野菜袋ボードンボードン袋ＯＰＰポリ半透明レジ袋ナイロンポリ真空袋ゴミ袋クリスタルパックチャック付ユニパック結束テープ容器惣菜容器弁当容器ゴムバンド保冷バックレジ袋EFハンドＳＳナチュラル【１００枚入】【厚み０．０１２&times;幅１５０／マチ幅２５０&times;高さ３６０ｍｍ】【シモジマ】,買い物袋必需品。レジ袋EFハンドＳＳナチュラル【１００枚入】【厚み０．０１２&times;幅１５０／マチ幅２５０&times;高さ３６０ｍｍ】【シモジマ】[rn]
16-95784,http://tshop.r10s.jp/fukuroya-shop/cabinet/02093156/poli/02579653/img59219610.jpg?fitin=700:700,96.8000,,キッチン用品・食器・調理器具 > キッチン用品・雑貨・エプロン > キッチン小物 > その他,レジ袋EFハンドＳナチュラル【１００枚入】【厚み０．０１２×幅１９０／マチ幅３００×高さ４００ｍｍ】【シモジマ】,買い物袋必需品,"●メーカー：シモジマ
●材質：HDPE（外観は不透明で、シャリシャリとした素材。引っ張りに強く、伸びにくい強さがある）
●寸法：厚み０．０１２×幅１９０/マチ幅３００×高さ４００mm
●出荷：１袋１００枚入
●店舗販売やイベントなど、レジ袋としてご利用ください。
●半透明袋ですので、中身が透けて見えます。<br>
●袋の強度にも限度がございますので、過度に重量のあるものや、とがったものを入れると、袋が裂け、破けることがあります。",レジ袋EFハンドＳナチュラル【１００枚入】【厚み０．０１２&times;幅１９０／マチ幅３００&times;高さ４００ｍｍ】【シモジマ】：ふくろや楽天市場店,ポリ袋野菜袋ボードンボードン袋ＯＰＰポリ半透明レジ袋ナイロンポリ真空袋ゴミ袋クリスタルパックチャック付ユニパック結束テープ容器惣菜容器弁当容器ゴムバンド保冷バックレジ袋EFハンドＳナチュラル【１００枚入】【厚み０．０１２&times;幅１９０／マチ幅３００&times;高さ４００ｍｍ】【シモジマ】,買い物袋必需品。レジ袋EFハンドＳナチュラル【１００枚入】【厚み０．０１２&times;幅１９０／マチ幅３００&times;高さ４００ｍｍ】【シモジマ】[rn]
16-95785,http://tshop.r10s.jp/fukuroya-shop/cabinet/02093156/poli/02579653/img59219609.jpg?fitin=700:700,135.2000,,キッチン用品・食器・調理器具 > キッチン用品・雑貨・エプロン > キッチン小物 > その他,レジ袋EFハンドＭナチュラル【１００枚入】【厚み０．０１２×幅２１５／マチ幅３４０×高さ４３０ｍｍ】【シモジマ】,買い物袋必需品,"●メーカー：シモジマ
●材質：HDPE（外観は不透明で、シャリシャリとした素材。引っ張りに強く、伸びにくい強さがある）
●寸法：厚み０．０１２×幅２１５/マチ幅３４０×高さ４３０mm
●出荷：１袋１００枚入
●店舗販売やイベントなど、レジ袋としてご利用ください。
●半透明袋ですので、中身が透けて見えます。<br>
●袋の強度にも限度がございますので、過度に重量のあるものや、とがったものを入れると、袋が裂け、破けることがあります。",レジ袋EFハンドＭナチュラル【１００枚入】【厚み０．０１２&times;幅２１５／マチ幅３４０&times;高さ４３０ｍｍ】【シモジマ】：ふくろや楽天市場店,ポリ袋野菜袋ボードンボードン袋ＯＰＰポリ半透明レジ袋ナイロンポリ真空袋ゴミ袋クリスタルパックチャック付ユニパック結束テープ容器惣菜容器弁当容器ゴムバンド保冷バックレジ袋EFハンドＭナチュラル【１００枚入】【厚み０．０１２&times;幅２１５／マチ幅３４０&times;高さ４３０ｍｍ】【シモジマ】,買い物袋必需品。レジ袋EFハンドＭナチュラル【１００枚入】【厚み０．０１２&times;幅２１５／マチ幅３４０&times;高さ４３０ｍｍ】【シモジマ】[rn]
16-95786,http://tshop.r10s.jp/fukuroya-shop/cabinet/02093156/poli/02579653/img59219607.jpg?fitin=700:700,187.2000,,キッチン用品・食器・調理器具 > キッチン用品・雑貨・エプロン > キッチン小物 > その他,レジ袋EFハンドLナチュラル【１００枚入】【厚み０．０１４×幅２５５／マチ幅３９０×高さ４８０ｍｍ】【シモジマ】,買い物袋必需品,"●メーカー：シモジマ
●材質：HDPE（外観は不透明で、シャリシャリとした素材。引っ張りに強く、伸びにくい強さがある）
●寸法：厚み０．０１４×幅２５５/マチ幅３９０×高さ４８０mm
●出荷：１袋１００枚入
●店舗販売やイベントなど、レジ袋としてご利用ください。
●半透明袋ですので、中身が透けて見えます。<br>
●袋の強度にも限度がございますので、過度に重量のあるものや、とがったものを入れると、袋が裂け、破けることがあります。",レジ袋EFハンドLナチュラル【１００枚入】【厚み０．０１４&times;幅２５５／マチ幅３９０&times;高さ４８０ｍｍ】【シモジマ】：ふくろや楽天市場店,ポリ袋野菜袋ボードンボードン袋ＯＰＰポリ半透明レジ袋ナイロンポリ真空袋ゴミ袋クリスタルパックチャック付ユニパック結束テープ容器惣菜容器弁当容器ゴムバンド保冷バックレジ袋EFハンドLナチュラル【１００枚入】【厚み０．０１４&times;幅２５５／マチ幅３９０&times;高さ４８０ｍｍ】【シモジマ】,買い物袋必需品。レジ袋EFハンドLナチュラル【１００枚入】【厚み０．０１４&times;幅２５５／マチ幅３９０&times;高さ４８０ｍｍ】【シモジマ】[rn]
16-95787,http://tshop.r10s.jp/fukuroya-shop/cabinet/02093156/poli/02579653/img59219608.jpg?fitin=700:700,270.4000,,キッチン用品・食器・調理器具 > キッチン用品・雑貨・エプロン > キッチン小物 > その他,レジ袋EFハンドLLナチュラル【１００枚入】【厚み０．０１７×幅２９５／マチ幅４４０×高さ５３０ｍｍ】【シモジマ】,買い物袋必需品,"●メーカー：シモジマ
●材質：HDPE（外観は不透明で、シャリシャリとした素材。引っ張りに強く、伸びにくい強さがある）
●寸法：厚み０．０１７×幅２９５/マチ幅４４０×高さ５３０mm
●出荷：１袋１００枚
●店舗販売やイベントなど、レジ袋としてご利用ください。
●半透明袋ですので、中身が透けて見えます。<br>
●袋の強度にも限度がございますので、過度に重量のあるものや、とがったものを入れると、袋が裂け、破けることがあります。",レジ袋EFハンドLLナチュラル【１００枚入】【厚み０．０１７&times;幅２９５／マチ幅４４０&times;高さ５３０ｍｍ】【シモジマ】：ふくろや楽天市場店,ポリ袋野菜袋ボードンボードン袋ＯＰＰポリ半透明レジ袋ナイロンポリ真空袋ゴミ袋クリスタルパックチャック付ユニパック結束テープ容器惣菜容器弁当容器ゴムバンド保冷バックレジ袋EFハンドLLナチュラル【１００枚入】【厚み０．０１７&times;幅２９５／マチ幅４４０&times;高さ５３０ｍｍ】【シモジマ】,買い物袋必需品。レジ袋EFハンドLLナチュラル【１００枚入】【厚み０．０１７&times;幅２９５／マチ幅４４０&times;高さ５３０ｍｍ】【シモジマ】[rn]
16-95788,http://tshop.r10s.jp/fukuroya-shop/cabinet/02093156/poli/02579653/img59219605.jpg?fitin=700:700,384.0000,,キッチン用品・食器・調理器具 > キッチン用品・雑貨・エプロン > キッチン小物 > その他,レジ袋EFハンド３Lナチュラル【１００枚入】【厚み０．０２×幅３４５／マチ幅４９０×高さ５８０ｍｍ】【シモジマ】,買い物袋必需品,"●メーカー：シモジマ
●材質：HDPE（外観は不透明で、シャリシャリとした素材。引っ張りに強く、伸びにくい強さがある）
●寸法：厚み０．０２×幅３４５／マチ幅４９０×高さ５８０ｍｍ
●出荷：１袋１００枚入
●店舗販売やイベントなど、レジ袋としてご利用ください。
●半透明袋ですので、中身が透けて見えます。<br>
●袋の強度にも限度がございますので、過度に重量のあるものや、とがったものを入れると、袋が裂け、破けることがあります。",レジ袋EFハンド３Lナチュラル【１００枚入】【厚み０．０２&times;幅３４５／マチ幅４９０&times;高さ５８０ｍｍ】【シモジマ】：ふくろや楽天市場店,ポリ袋野菜袋ボードンボードン袋ＯＰＰポリ半透明レジ袋ナイロンポリ真空袋ゴミ袋クリスタルパックチャック付ユニパック結束テープ容器惣菜容器弁当容器ゴムバンド保冷バックレジ袋EFハンド３Lナチュラル【１００枚入】【厚み０．０２&times;幅３４５／マチ幅４９０&times;高さ５８０ｍｍ】【シモジマ】,買い物袋必需品。レジ袋EFハンド３Lナチュラル【１００枚入】【厚み０．０２&times;幅３４５／マチ幅４９０&times;高さ５８０ｍｍ】【シモジマ】[rn]
16-95789,http://tshop.r10s.jp/fukuroya-shop/cabinet/02093156/poli/02579653/img59428493.jpg?fitin=700:700,2000.0000,,キッチン用品・食器・調理器具 > キッチン用品・雑貨・エプロン > キッチン小物 > その他,レジ袋弁当バック別小【１０００枚入】【幅２２０／マチ幅３５０×高さ３５０ｍｍ】【福助】,お弁当販売等、買い物袋必需品,"●メーカー：福助
●材質：HDPE（外観は不透明で、シャリシャリとした素材。引っ張りに強く、伸びにくい強さがある）
●寸法：幅２２０／マチ幅３５０×高さ３５０ｍｍ
●出荷：１箱１０００枚（１袋１００枚入×１０袋）
●店舗販売やイベントなど、レジ袋としてご利用ください。
●乳白色袋ですので、中身が見えにくいです。
●袋の強度にも限度がございますので、過度に重量のあるものや、とがったものを入れると、袋が裂け、破けることがあります。

【出荷時の当店の商品梱包について】
梱包用の段ボールは当店使用のリサイクル（再利用）段ボールを利用させていただきます。パッキンは新聞紙などを使用させていただきますので、ご了承願います。
もし、商品が破損した場合は返品をさせていただきます。",レジ袋弁当バック別小【１０００枚入】【幅２２０／マチ幅３５０&times;高さ３５０ｍｍ】【福助】：ふくろや楽天市場店,ポリ袋野菜袋ボードンボードン袋ＯＰＰポリ半透明レジ袋ナイロンポリ真空袋ゴミ袋クリスタルパックチャック付ユニパック結束テープ容器惣菜容器弁当容器ゴムバンド保冷バックレジ袋弁当バック別小【１０００枚入】【幅２２０／マチ幅３５０&times;高さ３５０ｍｍ】【福助】,お弁当販売等、買い物袋必需品。レジ袋弁当バック別小【１０００枚入】【幅２２０／マチ幅３５０&times;高さ３５０ｍｍ】【福助】[rn]
16-95790,http://tshop.r10s.jp/fukuroya-shop/cabinet/02093156/poli/02579653/img59428494.jpg?fitin=700:700,2880.0000,,キッチン用品・食器・調理器具 > キッチン用品・雑貨・エプロン > キッチン小物 > その他,レジ袋弁当バック別大【１０００枚入】【幅２５０／マチ幅４５０×高さ４００ｍｍ】【福助】,お弁当販売等、買い物袋必需品,"●メーカー：福助
●材質：HDPE（外観は不透明で、シャリシャリとした素材。引っ張りに強く、伸びにくい強さがある）
●寸法：幅２５０／マチ幅４５０×高さ４００ｍｍ
●出荷：１箱１０００枚（１袋１００枚入×１０袋）
●店舗販売やイベントなど、レジ袋としてご利用ください。
●乳白色袋ですので、中身が見えにくいです。
●袋の強度にも限度がございますので、過度に重量のあるものや、とがったものを入れると、袋が裂け、破けることがあります。

【出荷時の当店の商品梱包について】
梱包用の段ボールは当店使用のリサイクル（再利用）段ボールを利用させていただきます。パッキンは新聞紙などを使用させていただきますので、ご了承願います。
もし、商品が破損した場合は返品をさせていただきます。",レジ袋弁当バック別大【１０００枚入】【幅２５０／マチ幅４５０&times;高さ４００ｍｍ】【福助】：ふくろや楽天市場店,ポリ袋野菜袋ボードンボードン袋ＯＰＰポリ半透明レジ袋ナイロンポリ真空袋ゴミ袋クリスタルパックチャック付ユニパック結束テープ容器惣菜容器弁当容器ゴムバンド保冷バックレジ袋弁当バック別大【１０００枚入】【幅２５０／マチ幅４５０&times;高さ４００ｍｍ】【福助】,お弁当販売等、買い物袋必需品。レジ袋弁当バック別大【１０００枚入】【幅２５０／マチ幅４５０&times;高さ４００ｍｍ】【福助】[rn]
16-95791,http://tshop.r10s.jp/fukuroya-shop/cabinet/02093156/poli/02579653/img59428490.jpg?fitin=700:700,3376.0000,,キッチン用品・食器・調理器具 > キッチン用品・雑貨・エプロン > キッチン小物 > その他,レジ袋弁当バック特大【１０００枚入】【幅３３０／マチ幅５００×高さ４００ｍｍ】【福助】,お弁当販売等、買い物袋必需品,"●メーカー：福助
●材質：HDPE（外観は不透明で、シャリシャリとした素材。引っ張りに強く、伸びにくい強さがある）
●寸法：幅３３０／マチ幅５００×高さ４００ｍｍ
●出荷：１箱１０００枚（１袋１００枚入×１０袋）
●店舗販売やイベントなど、レジ袋としてご利用ください。
●乳白色袋ですので、中身が見えにくいです。
●袋の強度にも限度がございますので、過度に重量のあるものや、とがったものを入れると、袋が裂け、破けることがあります。

【出荷時の当店の商品梱包について】
梱包用の段ボールは当店使用のリサイクル（再利用）段ボールを利用させていただきます。パッキンは新聞紙などを使用させていただきますので、ご了承願います。
もし、商品が破損した場合は返品をさせていただきます。",レジ袋弁当バック特大【１０００枚入】【幅３３０／マチ幅５００&times;高さ４００ｍｍ】【福助】：ふくろや楽天市場店,ポリ袋野菜袋ボードンボードン袋ＯＰＰポリ半透明レジ袋ナイロンポリ真空袋ゴミ袋クリスタルパックチャック付ユニパック結束テープ容器惣菜容器弁当容器ゴムバンド保冷バックレジ袋弁当バック特大【１０００枚入】【幅３３０／マチ幅５００&times;高さ４００ｍｍ】【福助】,お弁当販売等、買い物袋必需品。レジ袋弁当バック特大【１０００枚入】【幅３３０／マチ幅５００&times;高さ４００ｍｍ】【福助】[rn]
16-95792,http://tshop.r10s.jp/fukuroya-shop/cabinet/02093156/poli/02579653/img59219606.jpg?fitin=700:700,1456.0000,,キッチン用品・食器・調理器具 > キッチン用品・雑貨・エプロン > キッチン小物 > その他,レジ袋EFハンド３Ｓナチュラル【２０００枚入】【厚み０．０１２×幅１５０／マチ幅２４０×高さ３１０ｍｍ】【シモジマ】,買い物袋必需品,"●メーカー：シモジマ
●材質：HDPE（外観は不透明で、シャリシャリとした素材。引っ張りに強く、伸びにくい強さがある）
●寸法：厚み０．０１２×幅１５０/マチ幅２４０×高さ３１０mm
●出荷：１箱２０００枚（１袋１００枚入×２０袋）
●店舗販売やイベントなど、レジ袋としてご利用ください。
●半透明袋ですので、中身が透けて見えます。<br>
●袋の強度にも限度がございますので、過度に重量のあるものや、とがったものを入れると、袋が裂け、破けることがあります。",レジ袋EFハンド３Ｓナチュラル【２０００枚入】【厚み０．０１２&times;幅１５０／マチ幅２４０&times;高さ３１０ｍｍ】【シモジマ】：ふくろや楽天市場店,ポリ袋野菜袋ボードンボードン袋ＯＰＰポリ半透明レジ袋ナイロンポリ真空袋ゴミ袋クリスタルパックチャック付ユニパック結束テープ容器惣菜容器弁当容器ゴムバンド保冷バックレジ袋EFハンド３Ｓナチュラル【２０００枚入】【厚み０．０１２&times;幅１５０／マチ幅２４０&times;高さ３１０ｍｍ】【シモジマ】,買い物袋必需品。レジ袋EFハンド３Ｓナチュラル【２０００枚入】【厚み０．０１２&times;幅１５０／マチ幅２４０&times;高さ３１０ｍｍ】【シモジマ】[rn]
16-95793,http://tshop.r10s.jp/fukuroya-shop/cabinet/02093156/poli/02579653/img59219604.jpg?fitin=700:700,1576.0000,,キッチン用品・食器・調理器具 > キッチン用品・雑貨・エプロン > キッチン小物 > その他,レジ袋EFハンドＳＳナチュラル【２０００枚入】【厚み０．０１２×幅１５０／マチ幅２５０×高さ３６０ｍｍ】【シモジマ】,買い物袋必需品,"●メーカー：シモジマ
●材質：HDPE（外観は不透明で、シャリシャリとした素材。引っ張りに強く、伸びにくい強さがある）
●寸法：厚み０．０１２×幅１５０/マチ幅２５０×高さ３６０mm
●出荷：１箱２０００枚（１袋１００枚入×２０袋）
●店舗販売やイベントなど、レジ袋としてご利用ください。
●半透明袋ですので、中身が透けて見えます。<br>
●袋の強度にも限度がございますので、過度に重量のあるものや、とがったものを入れると、袋が裂け、破けることがあります。",レジ袋EFハンドＳＳナチュラル【２０００枚入】【厚み０．０１２&times;幅１５０／マチ幅２５０&times;高さ３６０ｍｍ】【シモジマ】：ふくろや楽天市場店,ポリ袋野菜袋ボードンボードン袋ＯＰＰポリ半透明レジ袋ナイロンポリ真空袋ゴミ袋クリスタルパックチャック付ユニパック結束テープ容器惣菜容器弁当容器ゴムバンド保冷バックレジ袋EFハンドＳＳナチュラル【２０００枚入】【厚み０．０１２&times;幅１５０／マチ幅２５０&times;高さ３６０ｍｍ】【シモジマ】,買い物袋必需品。レジ袋EFハンドＳＳナチュラル【２０００枚入】【厚み０．０１２&times;幅１５０／マチ幅２５０&times;高さ３６０ｍｍ】【シモジマ】[rn]
16-95794,http://tshop.r10s.jp/fukuroya-shop/cabinet/02093156/poli/02579653/img59219610.jpg?fitin=700:700,1784.0000,,キッチン用品・食器・調理器具 > キッチン用品・雑貨・エプロン > キッチン小物 > その他,レジ袋EFハンドＳナチュラル【２０００枚入】【厚み０．０１２×幅１９０／マチ幅３００×高さ４００ｍｍ】【シモジマ】,買い物袋必需品,"●メーカー：シモジマ
●材質：HDPE（外観は不透明で、シャリシャリとした素材。引っ張りに強く、伸びにくい強さがある）
●寸法：厚み０．０１２×幅１９０/マチ幅３００×高さ４００mm
●出荷：１箱２０００枚（１袋１００枚入×２０袋）
●店舗販売やイベントなど、レジ袋としてご利用ください。
●半透明袋ですので、中身が透けて見えます。<br>
●袋の強度にも限度がございますので、過度に重量のあるものや、とがったものを入れると、袋が裂け、破けることがあります。",レジ袋EFハンドＳナチュラル【２０００枚入】【厚み０．０１２&times;幅１９０／マチ幅３００&times;高さ４００ｍｍ】【シモジマ】：ふくろや楽天市場店,ポリ袋野菜袋ボードンボードン袋ＯＰＰポリ半透明レジ袋ナイロンポリ真空袋ゴミ袋クリスタルパックチャック付ユニパック結束テープ容器惣菜容器弁当容器ゴムバンド保冷バックレジ袋EFハンドＳナチュラル【２０００枚入】【厚み０．０１２&times;幅１９０／マチ幅３００&times;高さ４００ｍｍ】【シモジマ】,買い物袋必需品。レジ袋EFハンドＳナチュラル【２０００枚入】【厚み０．０１２&times;幅１９０／マチ幅３００&times;高さ４００ｍｍ】【シモジマ】[rn]
16-95795,http://tshop.r10s.jp/fukuroya-shop/cabinet/02093156/poli/02579653/img59219609.jpg?fitin=700:700,2352.0000,,キッチン用品・食器・調理器具 > キッチン用品・雑貨・エプロン > キッチン小物 > その他,レジ袋EFハンドＭナチュラル【２０００枚入】【厚み０．０１２×幅２１５／マチ幅３４０×高さ４３０ｍｍ】【シモジマ】,買い物袋必需品,"●メーカー：シモジマ
●材質：HDPE（外観は不透明で、シャリシャリとした素材。引っ張りに強く、伸びにくい強さがある）
●寸法：厚み０．０１２×幅２１５/マチ幅３４０×高さ４３０mm
●出荷：１箱２０００枚（１袋１００枚入×２０袋）
●店舗販売やイベントなど、レジ袋としてご利用ください。
●半透明袋ですので、中身が透けて見えます。<br>
●袋の強度にも限度がございますので、過度に重量のあるものや、とがったものを入れると、袋が裂け、破けることがあります。",レジ袋EFハンドＭナチュラル【２０００枚入】【厚み０．０１２&times;幅２１５／マチ幅３４０&times;高さ４３０ｍｍ】【シモジマ】：ふくろや楽天市場店,ポリ袋野菜袋ボードンボードン袋ＯＰＰポリ半透明レジ袋ナイロンポリ真空袋ゴミ袋クリスタルパックチャック付ユニパック結束テープ容器惣菜容器弁当容器ゴムバンド保冷バックレジ袋EFハンドＭナチュラル【２０００枚入】【厚み０．０１２&times;幅２１５／マチ幅３４０&times;高さ４３０ｍｍ】【シモジマ】,買い物袋必需品。レジ袋EFハンドＭナチュラル【２０００枚入】【厚み０．０１２&times;幅２１５／マチ幅３４０&times;高さ４３０ｍｍ】【シモジマ】[rn]
16-95796,http://tshop.r10s.jp/fukuroya-shop/cabinet/02093156/poli/02579653/img59219607.jpg?fitin=700:700,1704.0000,,キッチン用品・食器・調理器具 > キッチン用品・雑貨・エプロン > キッチン小物 > その他,レジ袋EFハンドLナチュラル【１０００枚入】【厚み０．０１４×幅２５５／マチ幅３９０×高さ４８０ｍｍ】【シモジマ】,買い物袋必需品,"●メーカー：シモジマ
●材質：HDPE（外観は不透明で、シャリシャリとした素材。引っ張りに強く、伸びにくい強さがある）
●寸法：厚み０．０１４×幅２５５/マチ幅３９０×高さ４８０mm
●出荷：１箱１０００枚（１袋１００枚入×１０袋）
●店舗販売やイベントなど、レジ袋としてご利用ください。
●半透明袋ですので、中身が透けて見えます。<br>
●袋の強度にも限度がございますので、過度に重量のあるものや、とがったものを入れると、袋が裂け、破けることがあります。",レジ袋EFハンドLナチュラル【１０００枚入】【厚み０．０１４&times;幅２５５／マチ幅３９０&times;高さ４８０ｍｍ】【シモジマ】：ふくろや楽天市場店,ポリ袋野菜袋ボードンボードン袋ＯＰＰポリ半透明レジ袋ナイロンポリ真空袋ゴミ袋クリスタルパックチャック付ユニパック結束テープ容器惣菜容器弁当容器ゴムバンド保冷バックレジ袋EFハンドLナチュラル【１０００枚入】【厚み０．０１４&times;幅２５５／マチ幅３９０&times;高さ４８０ｍｍ】【シモジマ】,買い物袋必需品。レジ袋EFハンドLナチュラル【１０００枚入】【厚み０．０１４&times;幅２５５／マチ幅３９０&times;高さ４８０ｍｍ】【シモジマ】[rn]
16-95797,http://tshop.r10s.jp/fukuroya-shop/cabinet/02093156/poli/02579653/img59219608.jpg?fitin=700:700,2472.0000,,キッチン用品・食器・調理器具 > キッチン用品・雑貨・エプロン > キッチン小物 > その他,レジ袋EFハンドＬＬナチュラル【１０００枚入】【厚み０．０１７×幅２９５／マチ幅４４０×高さ５３０ｍｍ】【シモジマ】,買い物袋必需品,"●メーカー：シモジマ
●材質：HDPE（外観は不透明で、シャリシャリとした素材。引っ張りに強く、伸びにくい強さがある）
●寸法：厚み０．０１７×幅２９５/マチ幅４４０×高さ５３０mm
●出荷：１箱１０００枚（１袋１００枚入×１０袋）
●店舗販売やイベントなど、レジ袋としてご利用ください。
●半透明袋ですので、中身が透けて見えます。<br>
●袋の強度にも限度がございますので、過度に重量のあるものや、とがったものを入れると、袋が裂け、破けることがあります。",レジ袋EFハンドＬＬナチュラル【１０００枚入】【厚み０．０１７&times;幅２９５／マチ幅４４０&times;高さ５３０ｍｍ】【シモジマ】：ふくろや楽天市場店,ポリ袋野菜袋ボードンボードン袋ＯＰＰポリ半透明レジ袋ナイロンポリ真空袋ゴミ袋クリスタルパックチャック付ユニパック結束テープ容器惣菜容器弁当容器ゴムバンド保冷バックレジ袋EFハンドＬＬナチュラル【１０００枚入】【厚み０．０１７&times;幅２９５／マチ幅４４０&times;高さ５３０ｍｍ】【シモジマ】,買い物袋必需品。レジ袋EFハンドＬＬナチュラル【１０００枚入】【厚み０．０１７&times;幅２９５／マチ幅４４０&times;高さ５３０ｍｍ】【シモジマ】[rn]
16-95798,http://tshop.r10s.jp/fukuroya-shop/cabinet/02093156/poli/02579653/img59219605.jpg?fitin=700:700,3504.0000,,キッチン用品・食器・調理器具 > キッチン用品・雑貨・エプロン > キッチン小物 > その他,レジ袋EFハンド３Ｌナチュラル【１０００枚入】【厚み０．０２×幅３４５／マチ幅４９０×高さ５８０ｍｍ】【シモジマ】,買い物袋必需品,"●メーカー：シモジマ
●材質：HDPE（外観は不透明で、シャリシャリとした素材。引っ張りに強く、伸びにくい強さがある）
●寸法：厚み０．０２×幅３４５／マチ幅４９０×高さ５８０ｍｍ
●出荷：１箱１０００枚（１袋１００枚入×１０袋）
●店舗販売やイベントなど、レジ袋としてご利用ください。
●半透明袋ですので、中身が透けて見えます。<br>
●袋の強度にも限度がございますので、過度に重量のあるものや、とがったものを入れると、袋が裂け、破けることがあります。",レジ袋EFハンド３Ｌナチュラル【１０００枚入】【厚み０．０２&times;幅３４５／マチ幅４９０&times;高さ５８０ｍｍ】【シモジマ】：ふくろや楽天市場店,ポリ袋野菜袋ボードンボードン袋ＯＰＰポリ半透明レジ袋ナイロンポリ真空袋ゴミ袋クリスタルパックチャック付ユニパック結束テープ容器惣菜容器弁当容器ゴムバンド保冷バックレジ袋EFハンド３Ｌナチュラル【１０００枚入】【厚み０．０２&times;幅３４５／マチ幅４９０&times;高さ５８０ｍｍ】【シモジマ】,買い物袋必需品。レジ袋EFハンド３Ｌナチュラル【１０００枚入】【厚み０．０２&times;幅３４５／マチ幅４９０&times;高さ５８０ｍｍ】【シモジマ】[rn]
16-95799,http://tshop.r10s.jp/fukuroya-shop/cabinet/02093156/img_index/02331969/img60349225.jpg?fitin=700:700,600.0000,,キッチン用品・食器・調理器具 > キッチン用品・雑貨・エプロン > キッチン小物 > その他,【ハニー】氷みつ【ピーチ】【 容量１．８Ｌ】,夏はこれ！冷た～いかき氷を食べよう！,"ハニーの氷みつは「色」カラフル、「味」バラエティ！！
【メーカー】株式会社ハニー
【味】ピーチ
【容量】１．８Ｌ
【原材料名】
果糖ブドウ糖液糖、はちみつ、食塩、甘味料（サッカリンＮａ、ステビア、甘草）、酸味料、保存料（安息香酸Ｎａ）、リン酸塩（Ｎａ）、香料、着色料（赤３、赤１０６）
【数量】１本
【作り方】
・１３オンスカップに、１／３位かき氷を入れ、その上から一度氷みつをかける。次にまたかき氷をカップのふちから少し出るくらい盛り、ふちを手のひらで整えてから２回目の氷みつをかけて出来上がり。
【特徴】
・糖度が高く、蜜のノリが良く、色も鮮やかな為、収益率がＵＰ！軽くて丈夫なロングライフの紙パック入り。
・開けやすい口栓付で取り扱いが簡単！開封後も日持ちします。
・メーカーオリジナルのシャワーが取り付けられて便利です。

【出荷時の当店の商品梱包について】
梱包用の段ボールは当店使用のリサイクル（再利用）段ボールを利用させていただきます。パッキンは新聞紙などを使用させていただきますので、ご了承願います。
もし、商品が破損した場合は返品をさせていただきます。",【ハニー】氷みつ【ピーチ】【 容量１．８Ｌ】：ふくろや楽天市場店,ポリ袋野菜袋ボードンボードン袋ＯＰＰポリ半透明レジ袋ナイロンポリ真空袋ゴミ袋クリスタルパックチャック付ユニパック結束テープ容器惣菜容器弁当容器ゴムバンド保冷バック【ハニー】氷みつ【ピーチ】【 容量１．８Ｌ】,夏はこれ！冷た～いかき氷を食べよう！。【ハニー】氷みつ【ピーチ】【 容量１．８Ｌ】[rn]
16-95800,http://tshop.r10s.jp/fukuroya-shop/cabinet/02093156/img_index/02331969/img60349235.jpg?fitin=700:700,600.0000,,キッチン用品・食器・調理器具 > キッチン用品・雑貨・エプロン > キッチン小物 > その他,【ハニー】氷みつ【チェリー】【 容量１．８Ｌ】,夏はこれ！冷た～いかき氷を食べよう！,"ハニーの氷みつは「色」カラフル、「味」バラエティ！！
【メーカー】株式会社ハニー
【味】チェリー
【容量】１．８Ｌ
【原材料名】
果糖ブドウ糖液糖、はちみつ、食塩、チェリーブランデー、甘味料（サッカリンＮａ、ステビア、甘草）、酸味料、保存料（安息香酸Ｎａ）、リン酸塩（Ｎａ）、香料、着色料（赤３、赤１０６）
【数量】１本
【作り方】
・１３オンスカップに、１／３位かき氷を入れ、その上から一度氷みつをかける。次にまたかき氷をカップのふちから少し出るくらい盛り、ふちを手のひらで整えてから２回目の氷みつをかけて出来上がり。
【特徴】
・糖度が高く、蜜のノリが良く、色も鮮やかな為、収益率がＵＰ！軽くて丈夫なロングライフの紙パック入り。
・開けやすい口栓付で取り扱いが簡単！開封後も日持ちします。
・メーカーオリジナルのシャワーが取り付けられて便利です。

【出荷時の当店の商品梱包について】
梱包用の段ボールは当店使用のリサイクル（再利用）段ボールを利用させていただきます。パッキンは新聞紙などを使用させていただきますので、ご了承願います。
もし、商品が破損した場合は返品をさせていただきます。",【ハニー】氷みつ【チェリー】【 容量１．８Ｌ】：ふくろや楽天市場店,ポリ袋野菜袋ボードンボードン袋ＯＰＰポリ半透明レジ袋ナイロンポリ真空袋ゴミ袋クリスタルパックチャック付ユニパック結束テープ容器惣菜容器弁当容器ゴムバンド保冷バック【ハニー】氷みつ【チェリー】【 容量１．８Ｌ】,夏はこれ！冷た～いかき氷を食べよう！。【ハニー】氷みつ【チェリー】【 容量１．８Ｌ】[rn]
