13-36501,http://tshop.r10s.jp/candytower/cabinet/195000-196000/195367.jpg?fitin=700:700,800.0000,,バッグ・小物・ブランド雑貨 > 帽子 > メンズ帽子 > キャップ,カルチャーマートのメッシュキャップ（プリントタイプ/シリーズ1/No.6） ■ アメリカ雑貨 アメリカン雑貨 アメリカ 雑貨 キャップ メンズ 帽子 レディース 夏 アウトドア つば付き 男女兼用 フリーサイズ 人気 かわいい ファッション,アメリカ好きのキャンディタワーから自信を持ってお届け！,"50年代のアドバタイジングをモチーフに、人気のトラッカーキャップをベースに仕上げたカルチャーマートのアメリカンメッシュキャップです。<br><br>この帽子、ちょっと出かけたりする時にメチャクチャ便利なんです。頭がボサっててもこれを被るとオシャレにまとまっちゃうの！<br><br>それこそワンコ連れて散歩に出かけるなんてカジュアルな服装から、週末のデニムスタイル、そしてワーク系の服装まで・・・・デザインされたアルファベットがそつなく演出してくれちゃうんです。そしてこの帽子の人気の理由はこの豊富なデザインから選ぶという楽しさもその一つ！「もうねー直感だけで選んじゃう」ってのが正解です。「これ好きな色の組み合わせだ！」とか「このデザイン、何か好きだなー」とか、そういうので全然OKなんです。<br><br>それがそのままアナタのスタイルになって、自己主張してくれるアイテムになってくれるの！それこそいくつかストックしておいて、その日の気分や服装でチョイスするってのもオススメです。会う度に帽子が変わってるだけで、ものすごくオシャレな人に見えちゃうから不思議なんだよね！<br><br>部屋にさりげに掛けておいても絵になるし、クルマの助手席やリアシートに転がしておいても良い雰囲気！<br><br>毎年新作を更新し10年以上も売れ続けてるロングテールアイテムにはやっぱり理由あり！<br><br>カルチャーマートブランドを有名にしたフラグシップアイテムを、アメリカ好きのキャンディタワーから自信を持ってお届けします！(≧∀≦)/

<hr>サイズ：フリーサイズ
<br>・後部でサイズ調整可能
<br><br>
<img src=""http://image.rakuten.co.jp/candytower/cabinet/195000-196000/195368.jpg"" width=""100%"">
<br><br>
<img src=""http://image.rakuten.co.jp/candytower/cabinet/195000-196000/195369.jpg"" width=""100%"">
<br><br>
<img src=""http://image.rakuten.co.jp/candytower/cabinet/195000-196000/195370.jpg"" width=""100%"">
<br><br>
<img src=""http://image.rakuten.co.jp/candytower/cabinet/195000-196000/195371.jpg"" width=""100%"">
<br><br>
<img src=""http://image.rakuten.co.jp/candytower/cabinet/195000-196000/195372.jpg"" width=""100%"">
<br><br>
<img src=""http://image.rakuten.co.jp/candytower/cabinet/195000-196000/195374.jpg"" width=""100%"">
<br><br>
<img src=""http://image.rakuten.co.jp/candytower/cabinet/195000-196000/195373.jpg"" width=""100%"">
<br><br>
<img src=""http://image.rakuten.co.jp/candytower/cabinet/195000-196000/195375.jpg"" width=""100%"">

<br><br>
<table width=""100%"" border=""1"" cellpadding=""5"" cellspacing=""0"" bordercolor=""#CCCCCC"">
  <tr> 
    <td bgcolor=""#CCCCCC""> <b>■ まだまだあります</b></td>
  </tr>
  <tr> 
    <td>⇒ 『カルチャーマートのメッシュキャップ』はこちら！</td>
  </tr>
  <tr> 
    <td>⇒ 『カルチャーマート』グッズはこちら！</td>
  </tr>
</table>",カルチャーマートのメッシュキャップ（プリントタイプ/シリーズ1/No.6） ■ アメリカ雑貨 アメリカン雑貨 アメリカ 雑貨 キャップ メンズ 帽子 レディース 夏 アウトドア つば付き 男女兼用 フリーサイズ 人気 かわいい ファッション：アメリカ雑貨通販キャンディタワー,アメリカ雑貨アメリカン雑貨ステンシル輸入雑貨ブリキ看板インテリア雑貨星条旗グッズ世田谷ベース木製看板木箱ジュークボックスルート66グッズハワイアン雑貨リトルツリーコカ・コーラグッズハロウィングッズ人工芝輸入家具ネオン管錆塗装カルチャーマートのメッシュキャップ（プリントタイプ/シリーズ1/No.6） ■ アメリカ雑貨 アメリカン雑貨 アメリカ 雑貨 キャップ メンズ 帽子 レディース 夏 アウトドア つば付き 男女兼用 フリーサイズ 人気 かわいい ファッション,アメリカ好きのキャンディタワーから自信を持ってお届け！。カルチャーマートのメッシュキャップ（プリントタイプ/シリーズ1/No.6） ■ アメリカ雑貨 アメリカン雑貨 アメリカ 雑貨 キャップ メンズ 帽子 レディース 夏 アウトドア つば付き 男女兼用 フリーサイズ 人気 かわいい ファッション[rn]
13-36502,http://tshop.r10s.jp/jicoman/cabinet/ratfink3/2/17220.jpg?fitin=700:700,1792.0000,,バッグ・小物・ブランド雑貨 > 帽子 > メンズ帽子 > キャップ,ラットフィンク メッシュキャップ 帽子 メンズ レディース RAT FINK エンブロイダリー ピンク＿CP-RICF035PK-MON,デザイン＆配色がシンプル、飽きのこないスタンダードタイプ♪,"ラットフィンクのメッシュキャップ（帽子）です。全6カラーの豊富なラインナップ♪フロントにスタンディングしたラットフィンクを刺繍したシンプルデザインのメッシュキャップです。バックには「RATFINK」の文字をアーチ状に刺繍しております。色使いやデザインをシンプルにすることで着合わせし易く、飽きのこない仕上がりになってます。サイズはフリーサイズで後部のベルトにて調節することができます。ド派手なデザインが人気のメッシュキャップシリーズでしたが、スタンダードなデザインもまた1つあってイイと思っちゃいますね♪　■サイズ（約）フリー　■備考　素材：ポリエステル製　サイズ調節可能<BR><center><IMG src=""http://image.rakuten.co.jp/jicoman/cabinet/bn/doucon_300.gif"" border=""0"" alt=""送料無料商品カテゴリーのバナー""><BR><BR><IMG src=""http://image.rakuten.co.jp/jicoman/cabinet/bn/mailmagazine_300.gif"" border=""0"" alt=""メルマガ登録のバナー""></center>",ラットフィンク メッシュキャップ 帽子 メンズ レディース RAT FINK エンブロイダリー ピンク＿CP-RICF035PK-MON：自己満足,ラットフィンクステッカーロードランナーフィリックス・ザ・キャットナンバーフレームミリタリーステンシルカーアクセサリーミリタリーエアフォース世田谷ベースサインプレートクレイスミスムーンアイズカーマットミシュランエッソESSOつなぎアルファベットステッカーラットフィンク メッシュキャップ 帽子 メンズ レディース RAT FINK エンブロイダリー ピンク＿CP-RICF035PK-MON,デザイン＆配色がシンプル、飽きのこないスタンダードタイプ♪。ラットフィンク メッシュキャップ 帽子 メンズ レディース RAT FINK エンブロイダリー ピンク＿CP-RICF035PK-MON[rn]
13-36503,http://tshop.r10s.jp/jicoman/cabinet/bagcap/cp-101150bk2-jtg_1.jpg?fitin=700:700,1200.0000,,バッグ・小物・ブランド雑貨 > 帽子 > メンズ帽子 > キャップ,ワークメッシュキャップ（帽子） ブラック CULMART DETROIT＿CP-101150BK2-JTG,ワークキャップ&times;メッシュキャップ、人気シリーズ第７弾♪,"ワークメッシュキャップになります。<BR>
<BR>
メッシュ素材のワークキャップ、<FONT color=""#ff0000"">人気シリーズ第７弾</FONT>です！<BR>
<BR>
フラットトップが特徴のワークキャップと通気性の良いメッシュキャップをドッキング。<BR>
<BR>
車のパフォーマンスパーツを取り扱うディーラーの広告をイメージにしたデザインです。<BR>
<BR>
サイドに<FONT color=""#ff0000"">オレンジタグ</FONT>のワンポイントが入ることでサイドビューもCQQLに！<BR>
<BR>
また、バイザー裏面を<FONT color=""#ff0000"">グリーン色</FONT>に切り替えすことでチラっとオシャレをアピールできますね♪<BR>
<BR>
サイズは後部のベルトにて調節することができます。<BR>
<BR>
アメカジやワークスタイル、アウトドアにオススメな定番人気キャップだと思いますよ♪<BR>
<BR>
<BR>
サイズ（約）<BR>
フリー<BR>
<BR>
素材　ポリエステル製<BR>
<BR>
ベルト調節可能<BR><BR>その他のワークメッシュキャップはコチラ＞＞<BR><center><IMG src=""http://image.rakuten.co.jp/jicoman/cabinet/bn/doucon_300.gif"" border=""0"" alt=""送料無料商品カテゴリーのバナー""><BR><BR><IMG src=""http://image.rakuten.co.jp/jicoman/cabinet/bn/mailmagazine_300.gif"" border=""0"" alt=""メルマガ登録のバナー""></center>",ワークメッシュキャップ（帽子） ブラック CULMART DETROIT＿CP-101150BK2-JTG：自己満足,ラットフィンクステッカーロードランナーフィリックス・ザ・キャットナンバーフレームミリタリーステンシルカーアクセサリーミリタリーエアフォース世田谷ベースサインプレートクレイスミスムーンアイズカーマットミシュランエッソESSOつなぎアルファベットステッカーワークメッシュキャップ（帽子） ブラック CULMART DETROIT＿CP-101150BK2-JTG,ワークキャップ&times;メッシュキャップ、人気シリーズ第７弾♪。ワークメッシュキャップ（帽子） ブラック CULMART DETROIT＿CP-101150BK2-JTG[rn]
13-36504,http://tshop.r10s.jp/jicoman/cabinet/bagcap/cp-101150be-jtg_1.jpg?fitin=700:700,1200.0000,,バッグ・小物・ブランド雑貨 > 帽子 > メンズ帽子 > キャップ,ワークメッシュキャップ（帽子） ベージュ CULMARX＿CP-101150BE-JTG,ワークキャップ&times;メッシュキャップ、人気シリーズ第７弾♪,"ワークメッシュキャップになります。<BR>
<BR>
メッシュ素材のワークキャップ、<FONT color=""#ff0000"">人気シリーズ第７弾</FONT>です！<BR>
<BR>
フラットトップが特徴のワークキャップと通気性の良いメッシュキャップをドッキング。<BR>
<BR>
殺菌、漂白、汚れ落としに最適な洗浄剤の広告をイメージにしたデザインになっています。<BR>
<BR>
サイドに<FONT color=""#ff0000"">オレンジタグ</FONT>のワンポイントが入ることでサイドビューもCQQLに！<BR>
<BR>
また、バイザー裏面を<FONT color=""#ff0000"">グリーン色</FONT>に切り替えすことでチラっとオシャレをアピールできますね♪<BR>
<BR>
サイズは後部のベルトにて調節することができます。<BR>
<BR>
アメカジやワークスタイル、アウトドアにオススメな定番人気キャップだと思いますよ♪<BR>
<BR>
<BR>
サイズ（約）<BR>
フリー<BR>
<BR>
素材　ポリエステル製<BR>
<BR>
ベルト調節可能<BR><BR>その他のワークメッシュキャップはコチラ＞＞<BR><center><IMG src=""http://image.rakuten.co.jp/jicoman/cabinet/bn/doucon_300.gif"" border=""0"" alt=""送料無料商品カテゴリーのバナー""><BR><BR><IMG src=""http://image.rakuten.co.jp/jicoman/cabinet/bn/mailmagazine_300.gif"" border=""0"" alt=""メルマガ登録のバナー""></center>",ワークメッシュキャップ（帽子） ベージュ CULMARX＿CP-101150BE-JTG：自己満足,ラットフィンクステッカーロードランナーフィリックス・ザ・キャットナンバーフレームミリタリーステンシルカーアクセサリーミリタリーエアフォース世田谷ベースサインプレートクレイスミスムーンアイズカーマットミシュランエッソESSOつなぎアルファベットステッカーワークメッシュキャップ（帽子） ベージュ CULMARX＿CP-101150BE-JTG,ワークキャップ&times;メッシュキャップ、人気シリーズ第７弾♪。ワークメッシュキャップ（帽子） ベージュ CULMARX＿CP-101150BE-JTG[rn]
13-36505,http://tshop.r10s.jp/jicoman/cabinet/bagcap/cp-101150bk1-jtg_1.jpg?fitin=700:700,1200.0000,,バッグ・小物・ブランド雑貨 > 帽子 > メンズ帽子 > キャップ,ワークメッシュキャップ（帽子） ブラック CUL-SPEC MOTOR OIL＿CP-101150BK1-JTG,ワークキャップ&times;メッシュキャップ、人気シリーズ第７弾♪,"ワークメッシュキャップになります。<BR>
<BR>
メッシュ素材のワークキャップ、<FONT color=""#ff0000"">人気シリーズ第７弾</FONT>です！<BR>
<BR>
フラットトップが特徴のワークキャップと通気性の良いメッシュキャップをドッキング。<BR>
<BR>
エンジンを甦らせる高性能オイルの広告をイメージしたデザインがプリントされています。<BR>
<BR>
サイドに<FONT color=""#ff0000"">オレンジタグ</FONT>のワンポイントが入ることでサイドビューもCQQLに！<BR>
<BR>
また、バイザー裏面を<FONT color=""#ff0000"">グリーン色</FONT>に切り替えすことでチラっとオシャレをアピールできますね♪<BR>
<BR>
サイズは後部のベルトにて調節することができます。<BR>
<BR>
アメカジやワークスタイル、アウトドアにオススメな定番人気キャップだと思いますよ♪<BR>
<BR>
<BR>
サイズ（約）<BR>
フリー<BR>
<BR>
素材　ポリエステル製<BR>
<BR>
ベルト調節可能<BR><BR>その他のワークメッシュキャップはコチラ＞＞<BR><center><IMG src=""http://image.rakuten.co.jp/jicoman/cabinet/bn/doucon_300.gif"" border=""0"" alt=""送料無料商品カテゴリーのバナー""><BR><BR><IMG src=""http://image.rakuten.co.jp/jicoman/cabinet/bn/mailmagazine_300.gif"" border=""0"" alt=""メルマガ登録のバナー""></center>",ワークメッシュキャップ（帽子） ブラック CUL-SPEC MOTOR OIL＿CP-101150BK1-JTG：自己満足,ラットフィンクステッカーロードランナーフィリックス・ザ・キャットナンバーフレームミリタリーステンシルカーアクセサリーミリタリーエアフォース世田谷ベースサインプレートクレイスミスムーンアイズカーマットミシュランエッソESSOつなぎアルファベットステッカーワークメッシュキャップ（帽子） ブラック CUL-SPEC MOTOR OIL＿CP-101150BK1-JTG,ワークキャップ&times;メッシュキャップ、人気シリーズ第７弾♪。ワークメッシュキャップ（帽子） ブラック CUL-SPEC MOTOR OIL＿CP-101150BK1-JTG[rn]
13-36506,http://tshop.r10s.jp/jicoman/cabinet/bagcap/cp-101150ny1-jtg_1.jpg?fitin=700:700,1200.0000,,バッグ・小物・ブランド雑貨 > 帽子 > メンズ帽子 > キャップ,ワークメッシュキャップ（帽子） ネイビー all through the house＿CP-101150NY1-JTG,ワークキャップ&times;メッシュキャップ、人気シリーズ第７弾♪,"ワークメッシュキャップになります。<BR>
<BR>
メッシュ素材のワークキャップ、<FONT color=""#ff0000"">人気シリーズ第７弾</FONT>です！<BR>
<BR>
フラットトップが特徴のワークキャップと通気性の良いメッシュキャップをドッキング。<BR>
<BR>
リフォーム用品やツールを販売する企業広告をイメージしたデザインになっております。<BR>
<BR>
サイドに<FONT color=""#ff0000"">オレンジタグ</FONT>のワンポイントが入ることでサイドビューもCQQLに！<BR>
<BR>
また、バイザー裏面を<FONT color=""#ff0000"">グリーン色</FONT>に切り替えすことでチラっとオシャレをアピールできますね♪<BR>
<BR>
サイズは後部のベルトにて調節することができます。<BR>
<BR>
アメカジやワークスタイル、アウトドアにオススメな定番人気キャップだと思いますよ♪<BR>
<BR>
<BR>
サイズ（約）<BR>
フリー<BR>
<BR>
素材　ポリエステル製<BR>
<BR>
ベルト調節可能<BR><BR>その他のワークメッシュキャップはコチラ＞＞<BR><center><IMG src=""http://image.rakuten.co.jp/jicoman/cabinet/bn/doucon_300.gif"" border=""0"" alt=""送料無料商品カテゴリーのバナー""><BR><BR><IMG src=""http://image.rakuten.co.jp/jicoman/cabinet/bn/mailmagazine_300.gif"" border=""0"" alt=""メルマガ登録のバナー""></center>",ワークメッシュキャップ（帽子） ネイビー all through the house＿CP-101150NY1-JTG：自己満足,ラットフィンクステッカーロードランナーフィリックス・ザ・キャットナンバーフレームミリタリーステンシルカーアクセサリーミリタリーエアフォース世田谷ベースサインプレートクレイスミスムーンアイズカーマットミシュランエッソESSOつなぎアルファベットステッカーワークメッシュキャップ（帽子） ネイビー all through the house＿CP-101150NY1-JTG,ワークキャップ&times;メッシュキャップ、人気シリーズ第７弾♪。ワークメッシュキャップ（帽子） ネイビー all through the house＿CP-101150NY1-JTG[rn]
13-36507,http://tshop.r10s.jp/jicoman/cabinet/bagcap/cp-101150ny2-jtg_1.jpg?fitin=700:700,1200.0000,,バッグ・小物・ブランド雑貨 > 帽子 > メンズ帽子 > キャップ,ワークキャップ メンズ メッシュキャップ 帽子 ネイビー CHAINHAWK TIRE＿CP-101150NY2-JTG,ワークキャップ&times;メッシュキャップ、人気シリーズ第７弾♪,"ワークメッシュキャップになります。<BR>
<BR>
メッシュ素材のワークキャップ、<FONT color=""#ff0000"">人気シリーズ第７弾</FONT>です！<BR>
<BR>
フラットトップが特徴のワークキャップと通気性の良いメッシュキャップをドッキング。<BR>
<BR>
<FONT color=""#ff0000"">レースタイヤブランド</FONT>の広告をイメージにしたワーキッシュなデザインです。<BR>
<BR>
サイドに<FONT color=""#ff0000"">オレンジタグ</FONT>のワンポイントが入ることでサイドビューもCQQLに！<BR>
<BR>
また、バイザー裏面を<FONT color=""#ff0000"">グリーン色</FONT>に切り替えすことでチラっとオシャレをアピールできますね♪<BR>
<BR>
サイズは後部のベルトにて調節することができます。<BR>
<BR>
アメカジやワークスタイル、アウトドアにオススメな定番人気キャップだと思いますよ♪<BR>
<BR>
<BR>
サイズ（約）<BR>
フリー<BR>
<BR>
素材　ポリエステル製<BR>
<BR>
ベルト調節可能<BR><BR>その他のワークメッシュキャップはコチラ＞＞<BR><center><IMG src=""http://image.rakuten.co.jp/jicoman/cabinet/bn/doucon_300.gif"" border=""0"" alt=""送料無料商品カテゴリーのバナー""><BR><BR><IMG src=""http://image.rakuten.co.jp/jicoman/cabinet/bn/mailmagazine_300.gif"" border=""0"" alt=""メルマガ登録のバナー""></center>",ワークキャップ メンズ メッシュキャップ 帽子 ネイビー CHAINHAWK TIRE＿CP-101150NY2-JTG：自己満足,ラットフィンクステッカーロードランナーフィリックス・ザ・キャットナンバーフレームミリタリーステンシルカーアクセサリーミリタリーエアフォース世田谷ベースサインプレートクレイスミスムーンアイズカーマットミシュランエッソESSOつなぎアルファベットステッカーワークキャップ メンズ メッシュキャップ 帽子 ネイビー CHAINHAWK TIRE＿CP-101150NY2-JTG,ワークキャップ&times;メッシュキャップ、人気シリーズ第７弾♪。ワークキャップ メンズ メッシュキャップ 帽子 ネイビー CHAINHAWK TIRE＿CP-101150NY2-JTG[rn]
13-36508,http://tshop.r10s.jp/jicoman/cabinet/bagcap/cp-101150gy-jtg_1.jpg?fitin=700:700,1200.0000,,バッグ・小物・ブランド雑貨 > 帽子 > メンズ帽子 > キャップ,ワークメッシュキャップ（帽子） グレー Polishing WAX＿CP-101150GY-JTG,ワークキャップ&times;メッシュキャップ、人気シリーズ第７弾♪,"ワークメッシュキャップになります。<BR>
<BR>
メッシュ素材のワークキャップ、<FONT color=""#ff0000"">人気シリーズ第７弾</FONT>です！<BR>
<BR>
フラットトップが特徴のワークキャップと通気性の良いメッシュキャップをドッキング。<BR>
<BR>
簡単！早い！を謳い文句にしたフロアー用ワックスの広告をイメージにしたデザインです。<BR>
<BR>
サイドに<FONT color=""#ff0000"">オレンジタグ</FONT>のワンポイントが入ることでサイドビューもCQQLに！<BR>
<BR>
また、バイザー裏面を<FONT color=""#ff0000"">グリーン色</FONT>に切り替えすことでチラっとオシャレをアピールできますね♪<BR>
<BR>
サイズは後部のベルトにて調節することができます。<BR>
<BR>
アメカジやワークスタイル、アウトドアにオススメな定番人気キャップだと思いますよ♪<BR>
<BR>
<BR>
サイズ（約）<BR>
フリー<BR>
<BR>
素材　ポリエステル製<BR>
<BR>
ベルト調節可能<BR><BR>その他のワークメッシュキャップはコチラ＞＞<BR><center><IMG src=""http://image.rakuten.co.jp/jicoman/cabinet/bn/doucon_300.gif"" border=""0"" alt=""送料無料商品カテゴリーのバナー""><BR><BR><IMG src=""http://image.rakuten.co.jp/jicoman/cabinet/bn/mailmagazine_300.gif"" border=""0"" alt=""メルマガ登録のバナー""></center>",ワークメッシュキャップ（帽子） グレー Polishing WAX＿CP-101150GY-JTG：自己満足,ラットフィンクステッカーロードランナーフィリックス・ザ・キャットナンバーフレームミリタリーステンシルカーアクセサリーミリタリーエアフォース世田谷ベースサインプレートクレイスミスムーンアイズカーマットミシュランエッソESSOつなぎアルファベットステッカーワークメッシュキャップ（帽子） グレー Polishing WAX＿CP-101150GY-JTG,ワークキャップ&times;メッシュキャップ、人気シリーズ第７弾♪。ワークメッシュキャップ（帽子） グレー Polishing WAX＿CP-101150GY-JTG[rn]
13-36509,http://tshop.r10s.jp/jicoman/cabinet/bagcap/cp-sn001-fnm-1.jpg?fitin=700:700,3040.0000,,バッグ・小物・ブランド雑貨 > 帽子 > メンズ帽子 > キャップ,スナップオン（Snap-on） キャップ（帽子） S-WAVE CAP＿CP-SN001-FNM,スナップオンのアメリカ流通アイテム、メカニックキャップ♪,"スナップオン（Snap-on）のキャップ（帽子）です。<BR>
<BR>
レースシーンでお馴染みのアメリカの工具ブランド、スナップオンのキャップになります。<BR>
<BR>
フロントにはスナップオンのS字ロゴマークを刺繍でデザイン。<BR>
<BR>
バイザー先端部分にトレードカラーのレッド色を覗かせる点がちょっとオシャレですね。<BR>
<BR>
サイズ調節用ベルトにもスナップオンのロゴ刺繍が入っています。<BR>
<BR>
ブラック色ベースで着合わせ易くワークスタイルのアクセントにイイかもしれませんね♪<BR>
<BR>
<BR>サイズ（約）<BR>
フリー<BR>
<BR>
素材　コットン製<BR><BR>その他のスナップオンアイテムはコチラ＞＞<BR><center><IMG src=""http://image.rakuten.co.jp/jicoman/cabinet/bn/doucon_300.gif"" border=""0"" alt=""送料無料商品カテゴリーのバナー""><BR><BR><IMG src=""http://image.rakuten.co.jp/jicoman/cabinet/bn/mailmagazine_300.gif"" border=""0"" alt=""メルマガ登録のバナー""></center>",スナップオン（Snap-on） キャップ（帽子） S-WAVE CAP＿CP-SN001-FNM：自己満足,ラットフィンクステッカーロードランナーフィリックス・ザ・キャットナンバーフレームミリタリーステンシルカーアクセサリーミリタリーエアフォース世田谷ベースサインプレートクレイスミスムーンアイズカーマットミシュランエッソESSOつなぎアルファベットステッカースナップオン（Snap-on） キャップ（帽子） S-WAVE CAP＿CP-SN001-FNM,スナップオンのアメリカ流通アイテム、メカニックキャップ♪。スナップオン（Snap-on） キャップ（帽子） S-WAVE CAP＿CP-SN001-FNM[rn]
13-36510,http://tshop.r10s.jp/jicoman/cabinet/interior3/10/18933.jpg?fitin=700:700,2720.0000,,バッグ・小物・ブランド雑貨 > 帽子 > メンズ帽子 > キャップ,エッソ（ESSO）ワークキャップ（帽子）/HIC X NY X RD＿CP-480249-M2S,ワークスタイルに最適な米国オイルカンパニーのワークキャップ♪,"エッソ（ESSO）のワークキャップです。ワークスタイルに最適♪エッソボーイでお馴染みのオイルブランド、ESSOのワークキャップ（帽子）です。フロントには小さくESSOのエンブレムが刺繍されております。また、サイドに縫いつけられたレトロ感のあるワッペンがこのシリーズの最大の魅力でしょう♪デザインは人気のヒッコリー生地にバランスの良いネイビー＆レッドのパターンをプラス。オシャレですね♪サービスステーションを彷彿させるデザインとワーキーなシルエットはアメカジとの相性もバッチリでしょう♪　■サイズ（約）フリー　■備考　素材：コットン製　ベルト調節可能<BR><center><IMG src=""http://image.rakuten.co.jp/jicoman/cabinet/bn/doucon_300.gif"" border=""0"" alt=""送料無料商品カテゴリーのバナー""><BR><BR><IMG src=""http://image.rakuten.co.jp/jicoman/cabinet/bn/mailmagazine_300.gif"" border=""0"" alt=""メルマガ登録のバナー""></center>",エッソ（ESSO）ワークキャップ（帽子）/HIC X NY X RD＿CP-480249-M2S：自己満足,ラットフィンクステッカーロードランナーフィリックス・ザ・キャットナンバーフレームミリタリーステンシルカーアクセサリーミリタリーエアフォース世田谷ベースサインプレートクレイスミスムーンアイズカーマットミシュランエッソESSOつなぎアルファベットステッカーエッソ（ESSO）ワークキャップ（帽子）/HIC X NY X RD＿CP-480249-M2S,ワークスタイルに最適な米国オイルカンパニーのワークキャップ♪。エッソ（ESSO）ワークキャップ（帽子）/HIC X NY X RD＿CP-480249-M2S[rn]
13-36511,http://tshop.r10s.jp/jicoman/cabinet/interior3/6/14943.jpg?fitin=700:700,2720.0000,,バッグ・小物・ブランド雑貨 > 帽子 > メンズ帽子 > キャップ,エッソ（ESSO） ワークキャップ（帽子） ヒッコリー＿CP-480065-M2S,サイドのワッペンがポイント、人気の高いワークキャップです♪,"エッソ（ESSO）のキャップ（帽子）になります。人気の高いヒッコリータイプです♪エッソボーイでもお馴染みのアメリカの燃料系オイルカンパニー、エッソ（ESSO）になります。ヒッコリー生地を使用したワークキャップでクラシックな雰囲気とその可愛さがたまりません♪サイドにはオイル缶がデザインされた大きめのワッペンを使用。コレが意外性もあって人の目を引いちゃうワケです♪また、フロントには控えめにエッソのエンブレムワッペンが付いております。バランスも非常にイイですよね。可愛いヒッコリー生地にワッペンのアクセントが効いた人気のワークキャップです。アメカジとの相性はバッチリでしょう♪　■サイズ（約）フリー　■備考　サイズ調節可<BR><center><IMG src=""http://image.rakuten.co.jp/jicoman/cabinet/bn/doucon_300.gif"" border=""0"" alt=""送料無料商品カテゴリーのバナー""><BR><BR><IMG src=""http://image.rakuten.co.jp/jicoman/cabinet/bn/mailmagazine_300.gif"" border=""0"" alt=""メルマガ登録のバナー""></center>",エッソ（ESSO） ワークキャップ（帽子） ヒッコリー＿CP-480065-M2S：自己満足,ラットフィンクステッカーロードランナーフィリックス・ザ・キャットナンバーフレームミリタリーステンシルカーアクセサリーミリタリーエアフォース世田谷ベースサインプレートクレイスミスムーンアイズカーマットミシュランエッソESSOつなぎアルファベットステッカーエッソ（ESSO） ワークキャップ（帽子） ヒッコリー＿CP-480065-M2S,サイドのワッペンがポイント、人気の高いワークキャップです♪。エッソ（ESSO） ワークキャップ（帽子） ヒッコリー＿CP-480065-M2S[rn]
13-36512,http://tshop.r10s.jp/jicoman/cabinet/interior3/8/17427.jpg?fitin=700:700,2720.0000,,バッグ・小物・ブランド雑貨 > 帽子 > メンズ帽子 > キャップ,エッソ（ESSO）ワークキャップ（帽子）/ブラウン＿CP-480171-M2S,ワークキャップはアメリカンカンパニー系でキマリでしょう♪,"エッソ（ESSO）のワークキャップになります。ワークスタイルの必需品♪エッソボーイでもお馴染みのアメリカの燃料系オイルカンパニー、エッソ（ESSO）になります。サイドにはサービスステーションと敬礼ポーズのエッソボーイのワッペンが配置。コレがまた大きめでキャッチーなんです♪また、フロントには控えめにエッソのエンブレムワッペンが付いております。バランスも非常にイイですよね。サービスステーションを彷彿させるデザインとワーキーなシルエットはアメカジとの相性もバッチリでしょう♪　■サイズ（約）フリー　■備考　サイズ調節可<BR><center><IMG src=""http://image.rakuten.co.jp/jicoman/cabinet/bn/doucon_300.gif"" border=""0"" alt=""送料無料商品カテゴリーのバナー""><BR><BR><IMG src=""http://image.rakuten.co.jp/jicoman/cabinet/bn/mailmagazine_300.gif"" border=""0"" alt=""メルマガ登録のバナー""></center>",エッソ（ESSO）ワークキャップ（帽子）/ブラウン＿CP-480171-M2S：自己満足,ラットフィンクステッカーロードランナーフィリックス・ザ・キャットナンバーフレームミリタリーステンシルカーアクセサリーミリタリーエアフォース世田谷ベースサインプレートクレイスミスムーンアイズカーマットミシュランエッソESSOつなぎアルファベットステッカーエッソ（ESSO）ワークキャップ（帽子）/ブラウン＿CP-480171-M2S,ワークキャップはアメリカンカンパニー系でキマリでしょう♪。エッソ（ESSO）ワークキャップ（帽子）/ブラウン＿CP-480171-M2S[rn]
13-36513,http://tshop.r10s.jp/jicoman/cabinet/cp160614/cp-pup11-sho-1.jpg?fitin=700:700,1440.0000,,バッグ・小物・ブランド雑貨 > 帽子 > メンズ帽子 > キャップ,メッシュキャップ アメカジ メンズ レディース 帽子 夏 おしゃれ ワーク ピースキャップ パロディ タコベル＿CP-PUP11-SHO,アメカジに最適なメッシュキャップ、ワークテイストなデザイン♪,"<P>アメリカンなメッシュキャップになります。<BR>
<BR>
「ポップでファンキー、ロックでステディ」をテーマにしたアメカジブランド、<FONT color=""#105efe"">チップスカンパニー</FONT>。<BR>
<BR>良質なモノをリーズナブルな価格で提供しているブランドですね！<BR>
<BR>
そんな同ブランドのメッシュキャップシリーズ、<FONT color=""#105efe"">ピースキャップ</FONT>になります♪<BR>
<BR>
デザインはアメリカのメキシカン料理チェーン、<FONT color=""#105efe"">タコベル</FONT>のパロディー。<BR>
<BR>
日本では渋谷に店舗を持つほど世界にも展開しているＢＩＧチェーンですね♪<BR>
<BR>
ピスネームには７０年代を匂わせる<FONT color=""#ff0000"">ピースマーク</FONT>をデザイン。<BR>
<BR>後部のベルトにてサイズを調節することができます。<BR>
<BR>
<FONT color=""#ff0000"">１,８００円（税抜）</FONT>にしては軽くてしっかりしたデキだと思いますよ！<BR>
<BR>
ザックリ被って、のんびりドライブでも楽しんでみてください♪<BR>
<BR>
<BR>
サイズ（約）<BR>
フリーサイズ（57-59cm）<BR>
<BR>
素材　ポリエステル製<BR>
<BR>
サイズ調節可能</P>

<BR><BR>
<img src=""http://image.rakuten.co.jp/jicoman/cabinet/bn/bn1/peacecap_306.jpg"" alt=""メッシュキャップ アメカジ メンズ レディース 帽子 夏 おしゃれ ワーク ピースキャップのバナー"" border=""0"">

<BR><BR><center><IMG src=""http://image.rakuten.co.jp/jicoman/cabinet/bn/doucon_300.gif"" border=""0"" alt=""送料無料商品カテゴリーのバナー"">

<BR><BR><IMG src=""http://image.rakuten.co.jp/jicoman/cabinet/bn/mailmagazine_300.gif"" border=""0"" alt=""メルマガ登録のバナー""></center>",メッシュキャップ アメカジ メンズ レディース 帽子 夏 おしゃれ ワーク ピースキャップ パロディ タコベル＿CP-PUP11-SHO：自己満足,ラットフィンクステッカーロードランナーフィリックス・ザ・キャットナンバーフレームミリタリーステンシルカーアクセサリーミリタリーエアフォース世田谷ベースサインプレートクレイスミスムーンアイズカーマットミシュランエッソESSOつなぎアルファベットステッカーメッシュキャップ アメカジ メンズ レディース 帽子 夏 おしゃれ ワーク ピースキャップ パロディ タコベル＿CP-PUP11-SHO,アメカジに最適なメッシュキャップ、ワークテイストなデザイン♪。メッシュキャップ アメカジ メンズ レディース 帽子 夏 おしゃれ ワーク ピースキャップ パロディ タコベル＿CP-PUP11-SHO[rn]
13-36514,http://tshop.r10s.jp/jicoman/cabinet/cp160614/cp-pup08-sho-1.jpg?fitin=700:700,1440.0000,,バッグ・小物・ブランド雑貨 > 帽子 > メンズ帽子 > キャップ,メッシュキャップ アメカジ メンズ レディース 帽子 夏 おしゃれ ワーク ピースキャップ パロディ PEP BOYS＿CP-PUP08-SHO,アメカジに最適なメッシュキャップ、ワークテイストなデザイン♪,"<P>アメリカンなメッシュキャップになります。<BR>
<BR>
「ポップでファンキー、ロックでステディ」をテーマにしたアメカジブランド、<FONT color=""#105efe"">チップスカンパニー</FONT>。<BR>
<BR>良質なモノをリーズナブルな価格で提供しているブランドですね！<BR>
<BR>
そんな同ブランドのメッシュキャップシリーズ、<FONT color=""#105efe"">ピースキャップ</FONT>になります♪<BR>
<BR>
デザインはアメリカのカー用品販売店、<FONT color=""#105efe"">ＰＥＰ ＢＯＹＳ</FONT>のパロディー。<BR>
<BR>
顔のデザインはキャッチーですからね、それ何のデザイン？ってことになりそうです♪<BR>
<BR>
ピスネームには７０年代を匂わせる<FONT color=""#ff0000"">ピースマーク</FONT>をデザイン。<BR>
<BR>後部のベルトにてサイズを調節することができます。<BR>
<BR>
<FONT color=""#ff0000"">１,８００円（税抜）</FONT>にしては軽くてしっかりしたデキだと思いますよ！<BR>
<BR>
ザックリ被って、のんびりドライブでも楽しんでみてください♪<BR>
<BR>
<BR>
サイズ（約）<BR>
フリーサイズ（57-59cm）<BR>
<BR>
素材　ポリエステル製<BR>
<BR>
サイズ調節可能</P>

<BR><BR>
<img src=""http://image.rakuten.co.jp/jicoman/cabinet/bn/bn1/peacecap_306.jpg"" alt=""メッシュキャップ アメカジ メンズ レディース 帽子 夏 おしゃれ ワーク ピースキャップのバナー"" border=""0"">

<BR><BR><center><IMG src=""http://image.rakuten.co.jp/jicoman/cabinet/bn/doucon_300.gif"" border=""0"" alt=""送料無料商品カテゴリーのバナー"">

<BR><BR><IMG src=""http://image.rakuten.co.jp/jicoman/cabinet/bn/mailmagazine_300.gif"" border=""0"" alt=""メルマガ登録のバナー""></center>",メッシュキャップ アメカジ メンズ レディース 帽子 夏 おしゃれ ワーク ピースキャップ パロディ PEP BOYS＿CP-PUP08-SHO：自己満足,ラットフィンクステッカーロードランナーフィリックス・ザ・キャットナンバーフレームミリタリーステンシルカーアクセサリーミリタリーエアフォース世田谷ベースサインプレートクレイスミスムーンアイズカーマットミシュランエッソESSOつなぎアルファベットステッカーメッシュキャップ アメカジ メンズ レディース 帽子 夏 おしゃれ ワーク ピースキャップ パロディ PEP BOYS＿CP-PUP08-SHO,アメカジに最適なメッシュキャップ、ワークテイストなデザイン♪。メッシュキャップ アメカジ メンズ レディース 帽子 夏 おしゃれ ワーク ピースキャップ パロディ PEP BOYS＿CP-PUP08-SHO[rn]
13-36515,http://tshop.r10s.jp/jicoman/cabinet/cp160614/cp-pup24-sho-1.jpg?fitin=700:700,1440.0000,,バッグ・小物・ブランド雑貨 > 帽子 > メンズ帽子 > キャップ,メッシュキャップ アメカジ メンズ レディース 帽子 夏 おしゃれ ワーク ピースキャップ 水道設備サービス＿CP-PUP24-SHO,アメカジに最適なメッシュキャップ、ワークテイストなデザイン♪,"<P>アメリカンなメッシュキャップになります。<BR>
<BR>
「ポップでファンキー、ロックでステディ」をテーマにしたアメカジブランド、<FONT color=""#105efe"">チップスカンパニー</FONT>。<BR>
<BR>良質なモノをリーズナブルな価格で提供しているブランドですね！<BR>
<BR>
そんな同ブランドのメッシュキャップシリーズ、<FONT color=""#105efe"">ピースキャップ</FONT>になります♪<BR>
<BR>
デザインは水道設備サービスの広告デザインをイメージ。<BR>
<BR>
水まわりのトラブルはコチラへ！なんてちょっと変わったデザインでしょう♪<BR>
<BR>
ピスネームには７０年代を匂わせる<FONT color=""#ff0000"">ピースマーク</FONT>をデザイン。<BR>
<BR>後部のベルトにてサイズを調節することができます。<BR>
<BR>
<FONT color=""#ff0000"">１,８００円（税抜）</FONT>にしては軽くてしっかりしたデキだと思いますよ！<BR>
<BR>
ザックリ被って、のんびりドライブでも楽しんでみてください♪<BR>
<BR>
<BR>
サイズ（約）<BR>
フリーサイズ（57-59cm）<BR>
<BR>
素材　ポリエステル製<BR>
<BR>
サイズ調節可能</P>

<BR><BR>
<img src=""http://image.rakuten.co.jp/jicoman/cabinet/bn/bn1/peacecap_306.jpg"" alt=""メッシュキャップ アメカジ メンズ レディース 帽子 夏 おしゃれ ワーク ピースキャップのバナー"" border=""0"">

<BR><BR><center><IMG src=""http://image.rakuten.co.jp/jicoman/cabinet/bn/doucon_300.gif"" border=""0"" alt=""送料無料商品カテゴリーのバナー"">

<BR><BR><IMG src=""http://image.rakuten.co.jp/jicoman/cabinet/bn/mailmagazine_300.gif"" border=""0"" alt=""メルマガ登録のバナー""></center>",メッシュキャップ アメカジ メンズ レディース 帽子 夏 おしゃれ ワーク ピースキャップ 水道設備サービス＿CP-PUP24-SHO：自己満足,ラットフィンクステッカーロードランナーフィリックス・ザ・キャットナンバーフレームミリタリーステンシルカーアクセサリーミリタリーエアフォース世田谷ベースサインプレートクレイスミスムーンアイズカーマットミシュランエッソESSOつなぎアルファベットステッカーメッシュキャップ アメカジ メンズ レディース 帽子 夏 おしゃれ ワーク ピースキャップ 水道設備サービス＿CP-PUP24-SHO,アメカジに最適なメッシュキャップ、ワークテイストなデザイン♪。メッシュキャップ アメカジ メンズ レディース 帽子 夏 おしゃれ ワーク ピースキャップ 水道設備サービス＿CP-PUP24-SHO[rn]
13-36516,http://tshop.r10s.jp/jicoman/cabinet/cp160614/cp-pup18-sho-1.jpg?fitin=700:700,1440.0000,,バッグ・小物・ブランド雑貨 > 帽子 > メンズ帽子 > キャップ,メッシュキャップ アメカジ メンズ レディース 帽子 夏 おしゃれ ワーク ピースキャップ トラック＿CP-PUP18-SHO,アメカジに最適なメッシュキャップ、ワークテイストなデザイン♪,"<P>アメリカンなメッシュキャップになります。<BR>
<BR>
「ポップでファンキー、ロックでステディ」をテーマにしたアメカジブランド、<FONT color=""#105efe"">チップスカンパニー</FONT>。<BR>
<BR>良質なモノをリーズナブルな価格で提供しているブランドですね！<BR>
<BR>
そんな同ブランドのメッシュキャップシリーズ、<FONT color=""#105efe"">ピースキャップ</FONT>になります♪<BR>
<BR>
デザインはアメリカのトラックサービスをイメージ。<BR>
<BR>
このトラックのデザインだけで参ってしまいそうなＣＱＱＬキャップです♪<BR>
<BR>
ピスネームには７０年代を匂わせる<FONT color=""#ff0000"">ピースマーク</FONT>をデザイン。<BR>
<BR>後部のベルトにてサイズを調節することができます。<BR>
<BR>
<FONT color=""#ff0000"">１,８００円（税抜）</FONT>にしては軽くてしっかりしたデキだと思いますよ！<BR>
<BR>
ザックリ被って、のんびりドライブでも楽しんでみてください♪<BR>
<BR>
<BR>
サイズ（約）<BR>
フリーサイズ（57-59cm）<BR>
<BR>
素材　ポリエステル製<BR>
<BR>
サイズ調節可能</P>

<BR><BR>
<img src=""http://image.rakuten.co.jp/jicoman/cabinet/bn/bn1/peacecap_306.jpg"" alt=""メッシュキャップ アメカジ メンズ レディース 帽子 夏 おしゃれ ワーク ピースキャップのバナー"" border=""0"">

<BR><BR><center><IMG src=""http://image.rakuten.co.jp/jicoman/cabinet/bn/doucon_300.gif"" border=""0"" alt=""送料無料商品カテゴリーのバナー"">

<BR><BR><IMG src=""http://image.rakuten.co.jp/jicoman/cabinet/bn/mailmagazine_300.gif"" border=""0"" alt=""メルマガ登録のバナー""></center>",メッシュキャップ アメカジ メンズ レディース 帽子 夏 おしゃれ ワーク ピースキャップ トラック＿CP-PUP18-SHO：自己満足,ラットフィンクステッカーロードランナーフィリックス・ザ・キャットナンバーフレームミリタリーステンシルカーアクセサリーミリタリーエアフォース世田谷ベースサインプレートクレイスミスムーンアイズカーマットミシュランエッソESSOつなぎアルファベットステッカーメッシュキャップ アメカジ メンズ レディース 帽子 夏 おしゃれ ワーク ピースキャップ トラック＿CP-PUP18-SHO,アメカジに最適なメッシュキャップ、ワークテイストなデザイン♪。メッシュキャップ アメカジ メンズ レディース 帽子 夏 おしゃれ ワーク ピースキャップ トラック＿CP-PUP18-SHO[rn]
13-36517,http://tshop.r10s.jp/jicoman/cabinet/cp160614/cp-pup23-sho-1.jpg?fitin=700:700,1440.0000,,バッグ・小物・ブランド雑貨 > 帽子 > メンズ帽子 > キャップ,メッシュキャップ アメカジ メンズ レディース 帽子 夏 おしゃれ ワーク ピースキャップ ラジオ＿CP-PUP23-SHO,アメカジに最適なメッシュキャップ、ワークテイストなデザイン♪,"<P>アメリカンなメッシュキャップになります。<BR>
<BR>
「ポップでファンキー、ロックでステディ」をテーマにしたアメカジブランド、<FONT color=""#105efe"">チップスカンパニー</FONT>。<BR>
<BR>良質なモノをリーズナブルな価格で提供しているブランドですね！<BR>
<BR>
そんな同ブランドのメッシュキャップシリーズ、<FONT color=""#105efe"">ピースキャップ</FONT>になります♪<BR>
<BR>
デザインは<FONT color=""#ff0000"">ＦＭラジオ局</FONT>をイメージ。<BR>
<BR>
車にはやっぱりラジオなんですよね！アメリカのロードムービー気分♪<BR>
<BR>
ピスネームには７０年代を匂わせる<FONT color=""#ff0000"">ピースマーク</FONT>をデザイン。<BR>
<BR>後部のベルトにてサイズを調節することができます。<BR>
<BR>
<FONT color=""#ff0000"">１,８００円（税抜）</FONT>にしては軽くてしっかりしたデキだと思いますよ！<BR>
<BR>
ザックリ被って、のんびりドライブでも楽しんでみてください♪<BR>
<BR>
<BR>
サイズ（約）<BR>
フリーサイズ（57-59cm）<BR>
<BR>
素材　ポリエステル製<BR>
<BR>
サイズ調節可能</P>

<BR><BR>
<img src=""http://image.rakuten.co.jp/jicoman/cabinet/bn/bn1/peacecap_306.jpg"" alt=""メッシュキャップ アメカジ メンズ レディース 帽子 夏 おしゃれ ワーク ピースキャップのバナー"" border=""0"">

<BR><BR><center><IMG src=""http://image.rakuten.co.jp/jicoman/cabinet/bn/doucon_300.gif"" border=""0"" alt=""送料無料商品カテゴリーのバナー"">

<BR><BR><IMG src=""http://image.rakuten.co.jp/jicoman/cabinet/bn/mailmagazine_300.gif"" border=""0"" alt=""メルマガ登録のバナー""></center>",メッシュキャップ アメカジ メンズ レディース 帽子 夏 おしゃれ ワーク ピースキャップ ラジオ＿CP-PUP23-SHO：自己満足,ラットフィンクステッカーロードランナーフィリックス・ザ・キャットナンバーフレームミリタリーステンシルカーアクセサリーミリタリーエアフォース世田谷ベースサインプレートクレイスミスムーンアイズカーマットミシュランエッソESSOつなぎアルファベットステッカーメッシュキャップ アメカジ メンズ レディース 帽子 夏 おしゃれ ワーク ピースキャップ ラジオ＿CP-PUP23-SHO,アメカジに最適なメッシュキャップ、ワークテイストなデザイン♪。メッシュキャップ アメカジ メンズ レディース 帽子 夏 おしゃれ ワーク ピースキャップ ラジオ＿CP-PUP23-SHO[rn]
13-36518,http://tshop.r10s.jp/jicoman/cabinet/cp160614/cp-pup01-sho-1.jpg?fitin=700:700,1440.0000,,バッグ・小物・ブランド雑貨 > 帽子 > メンズ帽子 > キャップ,メッシュキャップ アメカジ メンズ レディース 帽子 夏 おしゃれ ワーク ピースキャップ パロディ フォード＿CP-PUP01-SHO,アメカジに最適なメッシュキャップ、ワークテイストなデザイン♪,"<P>アメリカンなメッシュキャップになります。<BR>
<BR>
「ポップでファンキー、ロックでステディ」をテーマにしたアメカジブランド、<FONT color=""#105efe"">チップスカンパニー</FONT>。<BR>
<BR>良質なモノをリーズナブルな価格で提供しているブランドですね！<BR>
<BR>
そんな同ブランドのメッシュキャップシリーズ、<FONT color=""#105efe"">ピースキャップ</FONT>になります♪<BR>
<BR>
デザインは<FONT color=""#105efe"">フォード（FORD）</FONT>ロゴのパロディー。<BR>
<BR>
<FONT color=""#105efe"">世田谷ベース</FONT>っぽいパロディーグッズですよね♪<BR>
<BR>
ピスネームには７０年代を匂わせる<FONT color=""#ff0000"">ピースマーク</FONT>をデザイン。<BR>
<BR>後部のベルトにてサイズを調節することができます。<BR>
<BR>
<FONT color=""#ff0000"">１,８００円（税抜）</FONT>にしては軽くてしっかりしたデキだと思いますよ！<BR>
<BR>
ザックリ被って、のんびりドライブでも楽しんでみてください♪<BR>
<BR>
<BR>
サイズ（約）<BR>
フリーサイズ（57-59cm）<BR>
<BR>
素材　ポリエステル製<BR>
<BR>
サイズ調節可能</P>

<BR><BR>
<img src=""http://image.rakuten.co.jp/jicoman/cabinet/bn/bn1/peacecap_306.jpg"" alt=""メッシュキャップ アメカジ メンズ レディース 帽子 夏 おしゃれ ワーク ピースキャップのバナー"" border=""0"">

<BR><BR><center><IMG src=""http://image.rakuten.co.jp/jicoman/cabinet/bn/doucon_300.gif"" border=""0"" alt=""送料無料商品カテゴリーのバナー"">

<BR><BR><IMG src=""http://image.rakuten.co.jp/jicoman/cabinet/bn/mailmagazine_300.gif"" border=""0"" alt=""メルマガ登録のバナー""></center>",メッシュキャップ アメカジ メンズ レディース 帽子 夏 おしゃれ ワーク ピースキャップ パロディ フォード＿CP-PUP01-SHO：自己満足,ラットフィンクステッカーロードランナーフィリックス・ザ・キャットナンバーフレームミリタリーステンシルカーアクセサリーミリタリーエアフォース世田谷ベースサインプレートクレイスミスムーンアイズカーマットミシュランエッソESSOつなぎアルファベットステッカーメッシュキャップ アメカジ メンズ レディース 帽子 夏 おしゃれ ワーク ピースキャップ パロディ フォード＿CP-PUP01-SHO,アメカジに最適なメッシュキャップ、ワークテイストなデザイン♪。メッシュキャップ アメカジ メンズ レディース 帽子 夏 おしゃれ ワーク ピースキャップ パロディ フォード＿CP-PUP01-SHO[rn]
13-36519,http://tshop.r10s.jp/jicoman/cabinet/cp160614/cp-pup17-sho-1.jpg?fitin=700:700,1440.0000,,バッグ・小物・ブランド雑貨 > 帽子 > メンズ帽子 > キャップ,メッシュキャップ アメカジ メンズ レディース 帽子 夏 おしゃれ ワーク ピースキャップ バイク＿CP-PUP17-SHO,アメカジに最適なメッシュキャップ、ワークテイストなデザイン♪,"<P>アメリカンなメッシュキャップになります。<BR>
<BR>
「ポップでファンキー、ロックでステディ」をテーマにしたアメカジブランド、<FONT color=""#105efe"">チップスカンパニー</FONT>。<BR>
<BR>良質なモノをリーズナブルな価格で提供しているブランドですね！<BR>
<BR>
そんな同ブランドのメッシュキャップシリーズ、<FONT color=""#105efe"">ピースキャップ</FONT>になります♪<BR>
<BR>
こちらはバイクのカスタムショップ風デザイン。<BR>
<BR>
カリフォルニア州ロングビーチのアドレスが雰囲気アリアリでしょう♪<BR>
<BR>
ピスネームには７０年代を匂わせる<FONT color=""#ff0000"">ピースマーク</FONT>をデザイン。<BR>
<BR>後部のベルトにてサイズを調節することができます。<BR>
<BR>
<FONT color=""#ff0000"">１,８００円（税抜）</FONT>にしては軽くてしっかりしたデキだと思いますよ！<BR>
<BR>
ザックリ被って、のんびりドライブでも楽しんでみてください♪<BR>
<BR>
<BR>
サイズ（約）<BR>
フリーサイズ（57-59cm）<BR>
<BR>
素材　ポリエステル製<BR>
<BR>
サイズ調節可能</P>

<BR><BR>
<img src=""http://image.rakuten.co.jp/jicoman/cabinet/bn/bn1/peacecap_306.jpg"" alt=""メッシュキャップ アメカジ メンズ レディース 帽子 夏 おしゃれ ワーク ピースキャップのバナー"" border=""0"">

<BR><BR><center><IMG src=""http://image.rakuten.co.jp/jicoman/cabinet/bn/doucon_300.gif"" border=""0"" alt=""送料無料商品カテゴリーのバナー"">

<BR><BR><IMG src=""http://image.rakuten.co.jp/jicoman/cabinet/bn/mailmagazine_300.gif"" border=""0"" alt=""メルマガ登録のバナー""></center>",メッシュキャップ アメカジ メンズ レディース 帽子 夏 おしゃれ ワーク ピースキャップ バイク＿CP-PUP17-SHO：自己満足,ラットフィンクステッカーロードランナーフィリックス・ザ・キャットナンバーフレームミリタリーステンシルカーアクセサリーミリタリーエアフォース世田谷ベースサインプレートクレイスミスムーンアイズカーマットミシュランエッソESSOつなぎアルファベットステッカーメッシュキャップ アメカジ メンズ レディース 帽子 夏 おしゃれ ワーク ピースキャップ バイク＿CP-PUP17-SHO,アメカジに最適なメッシュキャップ、ワークテイストなデザイン♪。メッシュキャップ アメカジ メンズ レディース 帽子 夏 おしゃれ ワーク ピースキャップ バイク＿CP-PUP17-SHO[rn]
13-36520,http://tshop.r10s.jp/jicoman/cabinet/cp160614/cp-pup16-sho-1.jpg?fitin=700:700,1440.0000,,バッグ・小物・ブランド雑貨 > 帽子 > メンズ帽子 > キャップ,メッシュキャップ アメカジ メンズ レディース 帽子 夏 おしゃれ ワーク ピースキャップ パロディ バーガーキング＿CP-PUP16-SHO,アメカジに最適なメッシュキャップ、ワークテイストなデザイン♪,"<P>アメリカンなメッシュキャップになります。<BR>
<BR>
「ポップでファンキー、ロックでステディ」をテーマにしたアメカジブランド、<FONT color=""#105efe"">チップスカンパニー</FONT>。<BR>
<BR>良質なモノをリーズナブルな価格で提供しているブランドですね！<BR>
<BR>
そんな同ブランドのメッシュキャップシリーズ、<FONT color=""#105efe"">ピースキャップ</FONT>になります♪<BR>
<BR>
昔の<FONT color=""#105efe"">バーガーキング</FONT>のマークのようなデザインですね！<BR>
<BR>
フード系のデザインはポップで受け入れやすいですよね♪<BR>
<BR>
ピスネームには７０年代を匂わせる<FONT color=""#ff0000"">ピースマーク</FONT>をデザイン。<BR>
<BR>後部のベルトにてサイズを調節することができます。<BR>
<BR>
<FONT color=""#ff0000"">１,８００円（税抜）</FONT>にしては軽くてしっかりしたデキだと思いますよ！<BR>
<BR>
ザックリ被って、のんびりドライブでも楽しんでみてください♪<BR>
<BR>
<BR>
サイズ（約）<BR>
フリーサイズ（57-59cm）<BR>
<BR>
素材　ポリエステル製<BR>
<BR>
サイズ調節可能</P>

<BR><BR>
<img src=""http://image.rakuten.co.jp/jicoman/cabinet/bn/bn1/peacecap_306.jpg"" alt=""メッシュキャップ アメカジ メンズ レディース 帽子 夏 おしゃれ ワーク ピースキャップのバナー"" border=""0"">

<BR><BR><center><IMG src=""http://image.rakuten.co.jp/jicoman/cabinet/bn/doucon_300.gif"" border=""0"" alt=""送料無料商品カテゴリーのバナー"">

<BR><BR><IMG src=""http://image.rakuten.co.jp/jicoman/cabinet/bn/mailmagazine_300.gif"" border=""0"" alt=""メルマガ登録のバナー""></center>",メッシュキャップ アメカジ メンズ レディース 帽子 夏 おしゃれ ワーク ピースキャップ パロディ バーガーキング＿CP-PUP16-SHO：自己満足,ラットフィンクステッカーロードランナーフィリックス・ザ・キャットナンバーフレームミリタリーステンシルカーアクセサリーミリタリーエアフォース世田谷ベースサインプレートクレイスミスムーンアイズカーマットミシュランエッソESSOつなぎアルファベットステッカーメッシュキャップ アメカジ メンズ レディース 帽子 夏 おしゃれ ワーク ピースキャップ パロディ バーガーキング＿CP-PUP16-SHO,アメカジに最適なメッシュキャップ、ワークテイストなデザイン♪。メッシュキャップ アメカジ メンズ レディース 帽子 夏 おしゃれ ワーク ピースキャップ パロディ バーガーキング＿CP-PUP16-SHO[rn]
13-36521,http://tshop.r10s.jp/jicoman/cabinet/cp160614/cp-pup06-sho-1.jpg?fitin=700:700,1440.0000,,バッグ・小物・ブランド雑貨 > 帽子 > メンズ帽子 > キャップ,メッシュキャップ アメカジ メンズ レディース 帽子 夏 おしゃれ ワーク ピースキャップ パロディ CNN＿CP-PUP06-SHO,アメカジに最適なメッシュキャップ、ワークテイストなデザイン♪,"<P>アメリカンなメッシュキャップになります。<BR>
<BR>
「ポップでファンキー、ロックでステディ」をテーマにしたアメカジブランド、<FONT color=""#105efe"">チップスカンパニー</FONT>。<BR>
<BR>良質なモノをリーズナブルな価格で提供しているブランドですね！<BR>
<BR>
そんな同ブランドのメッシュキャップシリーズ、<FONT color=""#105efe"">ピースキャップ</FONT>になります♪<BR>
<BR>
デザインはアメリカのニュースチャンネル、<FONT color=""#105efe"">ＣＮＮ</FONT>のパロディーロゴ。<BR>
<BR>
アメリカ好きを面白くオシャレにアピールできそうですね♪<BR>
<BR>
ピスネームには７０年代を匂わせる<FONT color=""#ff0000"">ピースマーク</FONT>をデザイン。<BR>
<BR>後部のベルトにてサイズを調節することができます。<BR>
<BR>
<FONT color=""#ff0000"">１,８００円（税抜）</FONT>にしては軽くてしっかりしたデキだと思いますよ！<BR>
<BR>
ザックリ被って、のんびりドライブでも楽しんでみてください♪<BR>
<BR>
<BR>
サイズ（約）<BR>
フリーサイズ（57-59cm）<BR>
<BR>
素材　ポリエステル製<BR>
<BR>
サイズ調節可能</P>

<BR><BR>
<img src=""http://image.rakuten.co.jp/jicoman/cabinet/bn/bn1/peacecap_306.jpg"" alt=""メッシュキャップ アメカジ メンズ レディース 帽子 夏 おしゃれ ワーク ピースキャップのバナー"" border=""0"">

<BR><BR><center><IMG src=""http://image.rakuten.co.jp/jicoman/cabinet/bn/doucon_300.gif"" border=""0"" alt=""送料無料商品カテゴリーのバナー"">

<BR><BR><IMG src=""http://image.rakuten.co.jp/jicoman/cabinet/bn/mailmagazine_300.gif"" border=""0"" alt=""メルマガ登録のバナー""></center>",メッシュキャップ アメカジ メンズ レディース 帽子 夏 おしゃれ ワーク ピースキャップ パロディ CNN＿CP-PUP06-SHO：自己満足,ラットフィンクステッカーロードランナーフィリックス・ザ・キャットナンバーフレームミリタリーステンシルカーアクセサリーミリタリーエアフォース世田谷ベースサインプレートクレイスミスムーンアイズカーマットミシュランエッソESSOつなぎアルファベットステッカーメッシュキャップ アメカジ メンズ レディース 帽子 夏 おしゃれ ワーク ピースキャップ パロディ CNN＿CP-PUP06-SHO,アメカジに最適なメッシュキャップ、ワークテイストなデザイン♪。メッシュキャップ アメカジ メンズ レディース 帽子 夏 おしゃれ ワーク ピースキャップ パロディ CNN＿CP-PUP06-SHO[rn]
13-36522,http://tshop.r10s.jp/jicoman/cabinet/cp160614/cp-pup09-sho-1.jpg?fitin=700:700,1440.0000,,バッグ・小物・ブランド雑貨 > 帽子 > メンズ帽子 > キャップ,メッシュキャップ アメカジ メンズ レディース 帽子 夏 おしゃれ ワーク ピースキャップ 自転車＿CP-PUP09-SHO,アメカジに最適なメッシュキャップ、ワークテイストなデザイン♪,"<P>アメリカンなメッシュキャップになります。<BR>
<BR>
「ポップでファンキー、ロックでステディ」をテーマにしたアメカジブランド、<FONT color=""#105efe"">チップスカンパニー</FONT>。<BR>
<BR>良質なモノをリーズナブルな価格で提供しているブランドですね！<BR>
<BR>
そんな同ブランドのメッシュキャップシリーズ、<FONT color=""#105efe"">ピースキャップ</FONT>になります♪<BR>
<BR>
デザインはアメリカの自転車カタログ。<BR>
<BR>
アメリカの老舗自転車ブランド、<FONT color=""#105efe"">シュウィン</FONT>のレトロ広告をイメージしているようですね♪<BR>
<BR>
ピスネームには７０年代を匂わせる<FONT color=""#ff0000"">ピースマーク</FONT>をデザイン。<BR>
<BR>後部のベルトにてサイズを調節することができます。<BR>
<BR>
<FONT color=""#ff0000"">１,８００円（税抜）</FONT>にしては軽くてしっかりしたデキだと思いますよ！<BR>
<BR>
ザックリ被って、のんびりドライブでも楽しんでみてください♪<BR>
<BR>
<BR>
サイズ（約）<BR>
フリーサイズ（57-59cm）<BR>
<BR>
素材　ポリエステル製<BR>
<BR>
サイズ調節可能</P>

<BR><BR>
<img src=""http://image.rakuten.co.jp/jicoman/cabinet/bn/bn1/peacecap_306.jpg"" alt=""メッシュキャップ アメカジ メンズ レディース 帽子 夏 おしゃれ ワーク ピースキャップのバナー"" border=""0"">

<BR><BR><center><IMG src=""http://image.rakuten.co.jp/jicoman/cabinet/bn/doucon_300.gif"" border=""0"" alt=""送料無料商品カテゴリーのバナー"">

<BR><BR><IMG src=""http://image.rakuten.co.jp/jicoman/cabinet/bn/mailmagazine_300.gif"" border=""0"" alt=""メルマガ登録のバナー""></center>",メッシュキャップ アメカジ メンズ レディース 帽子 夏 おしゃれ ワーク ピースキャップ 自転車＿CP-PUP09-SHO：自己満足,ラットフィンクステッカーロードランナーフィリックス・ザ・キャットナンバーフレームミリタリーステンシルカーアクセサリーミリタリーエアフォース世田谷ベースサインプレートクレイスミスムーンアイズカーマットミシュランエッソESSOつなぎアルファベットステッカーメッシュキャップ アメカジ メンズ レディース 帽子 夏 おしゃれ ワーク ピースキャップ 自転車＿CP-PUP09-SHO,アメカジに最適なメッシュキャップ、ワークテイストなデザイン♪。メッシュキャップ アメカジ メンズ レディース 帽子 夏 おしゃれ ワーク ピースキャップ 自転車＿CP-PUP09-SHO[rn]
13-36523,http://tshop.r10s.jp/jicoman/cabinet/cp160614/cp-pup10-sho-1.jpg?fitin=700:700,1440.0000,,バッグ・小物・ブランド雑貨 > 帽子 > メンズ帽子 > キャップ,メッシュキャップ アメカジ メンズ レディース 帽子 夏 おしゃれ ワーク ピースキャップ パロディ JACK in THE BOX＿CP-PUP10-SHO,アメカジに最適なメッシュキャップ、ワークテイストなデザイン♪,"<P>アメリカンなメッシュキャップになります。<BR>
<BR>
「ポップでファンキー、ロックでステディ」をテーマにしたアメカジブランド、<FONT color=""#105efe"">チップスカンパニー</FONT>。<BR>
<BR>良質なモノをリーズナブルな価格で提供しているブランドですね！<BR>
<BR>
そんな同ブランドのメッシュキャップシリーズ、<FONT color=""#105efe"">ピースキャップ</FONT>になります♪<BR>
<BR>
デザインはアメリカのハンバーガーチェーン、<FONT color=""#105efe"">ジャック・イン・ザ・ボックス</FONT>のパロディー。<BR>
<BR>
日本には馴染みがないですからね、通なアメリカ好きアピールができそうです♪<BR>
<BR>
ピスネームには７０年代を匂わせる<FONT color=""#ff0000"">ピースマーク</FONT>をデザイン。<BR>
<BR>後部のベルトにてサイズを調節することができます。<BR>
<BR>
<FONT color=""#ff0000"">１,８００円（税抜）</FONT>にしては軽くてしっかりしたデキだと思いますよ！<BR>
<BR>
ザックリ被って、のんびりドライブでも楽しんでみてください♪<BR>
<BR>
<BR>
サイズ（約）<BR>
フリーサイズ（57-59cm）<BR>
<BR>
素材　ポリエステル製<BR>
<BR>
サイズ調節可能</P>

<BR><BR>
<img src=""http://image.rakuten.co.jp/jicoman/cabinet/bn/bn1/peacecap_306.jpg"" alt=""メッシュキャップ アメカジ メンズ レディース 帽子 夏 おしゃれ ワーク ピースキャップのバナー"" border=""0"">

<BR><BR><center><IMG src=""http://image.rakuten.co.jp/jicoman/cabinet/bn/doucon_300.gif"" border=""0"" alt=""送料無料商品カテゴリーのバナー"">

<BR><BR><IMG src=""http://image.rakuten.co.jp/jicoman/cabinet/bn/mailmagazine_300.gif"" border=""0"" alt=""メルマガ登録のバナー""></center>",メッシュキャップ アメカジ メンズ レディース 帽子 夏 おしゃれ ワーク ピースキャップ パロディ JACK in THE BOX＿CP-PUP10-SHO：自己満足,ラットフィンクステッカーロードランナーフィリックス・ザ・キャットナンバーフレームミリタリーステンシルカーアクセサリーミリタリーエアフォース世田谷ベースサインプレートクレイスミスムーンアイズカーマットミシュランエッソESSOつなぎアルファベットステッカーメッシュキャップ アメカジ メンズ レディース 帽子 夏 おしゃれ ワーク ピースキャップ パロディ JACK in THE BOX＿CP-PUP10-SHO,アメカジに最適なメッシュキャップ、ワークテイストなデザイン♪。メッシュキャップ アメカジ メンズ レディース 帽子 夏 おしゃれ ワーク ピースキャップ パロディ JACK in THE BOX＿CP-PUP10-SHO[rn]
13-36524,http://tshop.r10s.jp/jicoman/cabinet/cp160614/cp-pup15-sho-1.jpg?fitin=700:700,1440.0000,,バッグ・小物・ブランド雑貨 > 帽子 > メンズ帽子 > キャップ,メッシュキャップ アメカジ メンズ レディース 帽子 夏 おしゃれ ワーク ピースキャップ スマイル＿CP-PUP15-SHO,アメカジに最適なメッシュキャップ、ワークテイストなデザイン♪,"<P>アメリカンなメッシュキャップになります。<BR>
<BR>
「ポップでファンキー、ロックでステディ」をテーマにしたアメカジブランド、<FONT color=""#105efe"">チップスカンパニー</FONT>。<BR>
<BR>良質なモノをリーズナブルな価格で提供しているブランドですね！<BR>
<BR>
そんな同ブランドのメッシュキャップシリーズ、<FONT color=""#105efe"">ピースキャップ</FONT>になります♪<BR>
<BR>
デザインはスマイルマーク。<BR>
<BR>
車のカスタムショップをイメージしたデザインになってますね♪<BR>
<BR>
ピスネームには７０年代を匂わせる<FONT color=""#ff0000"">ピースマーク</FONT>をデザイン。<BR>
<BR>後部のベルトにてサイズを調節することができます。<BR>
<BR>
<FONT color=""#ff0000"">１,８００円（税抜）</FONT>にしては軽くてしっかりしたデキだと思いますよ！<BR>
<BR>
ザックリ被って、のんびりドライブでも楽しんでみてください♪<BR>
<BR>
<BR>
サイズ（約）<BR>
フリーサイズ（57-59cm）<BR>
<BR>
素材　ポリエステル製<BR>
<BR>
サイズ調節可能</P>

<BR><BR>
<img src=""http://image.rakuten.co.jp/jicoman/cabinet/bn/bn1/peacecap_306.jpg"" alt=""メッシュキャップ アメカジ メンズ レディース 帽子 夏 おしゃれ ワーク ピースキャップのバナー"" border=""0"">

<BR><BR><center><IMG src=""http://image.rakuten.co.jp/jicoman/cabinet/bn/doucon_300.gif"" border=""0"" alt=""送料無料商品カテゴリーのバナー"">

<BR><BR><IMG src=""http://image.rakuten.co.jp/jicoman/cabinet/bn/mailmagazine_300.gif"" border=""0"" alt=""メルマガ登録のバナー""></center>",メッシュキャップ アメカジ メンズ レディース 帽子 夏 おしゃれ ワーク ピースキャップ スマイル＿CP-PUP15-SHO：自己満足,ラットフィンクステッカーロードランナーフィリックス・ザ・キャットナンバーフレームミリタリーステンシルカーアクセサリーミリタリーエアフォース世田谷ベースサインプレートクレイスミスムーンアイズカーマットミシュランエッソESSOつなぎアルファベットステッカーメッシュキャップ アメカジ メンズ レディース 帽子 夏 おしゃれ ワーク ピースキャップ スマイル＿CP-PUP15-SHO,アメカジに最適なメッシュキャップ、ワークテイストなデザイン♪。メッシュキャップ アメカジ メンズ レディース 帽子 夏 おしゃれ ワーク ピースキャップ スマイル＿CP-PUP15-SHO[rn]
13-36525,http://tshop.r10s.jp/jicoman/cabinet/cp160614/cp-pup19-sho-1.jpg?fitin=700:700,1440.0000,,バッグ・小物・ブランド雑貨 > 帽子 > メンズ帽子 > キャップ,メッシュキャップ アメカジ メンズ レディース 帽子 夏 おしゃれ ワーク ピースキャップ パロディ テキサコ＿CP-PUP19-SHO,アメカジに最適なメッシュキャップ、ワークテイストなデザイン♪,"<P>アメリカンなメッシュキャップになります。<BR>
<BR>
「ポップでファンキー、ロックでステディ」をテーマにしたアメカジブランド、<FONT color=""#105efe"">チップスカンパニー</FONT>。<BR>
<BR>良質なモノをリーズナブルな価格で提供しているブランドですね！<BR>
<BR>
そんな同ブランドのメッシュキャップシリーズ、<FONT color=""#105efe"">ピースキャップ</FONT>になります♪<BR>
<BR>
デザインはモーターオイルブランドのイメージ。<BR>
<BR>
アメリカのオイルブランド、<FONT color=""#105efe"">テキサコ</FONT>にも似たような看板があったかと思います♪<BR>
<BR>
ピスネームには７０年代を匂わせる<FONT color=""#ff0000"">ピースマーク</FONT>をデザイン。<BR>
<BR>後部のベルトにてサイズを調節することができます。<BR>
<BR>
<FONT color=""#ff0000"">１,８００円（税抜）</FONT>にしては軽くてしっかりしたデキだと思いますよ！<BR>
<BR>
ザックリ被って、のんびりドライブでも楽しんでみてください♪<BR>
<BR>
<BR>
サイズ（約）<BR>
フリーサイズ（57-59cm）<BR>
<BR>
素材　ポリエステル製<BR>
<BR>
サイズ調節可能</P>

<BR><BR>
<img src=""http://image.rakuten.co.jp/jicoman/cabinet/bn/bn1/peacecap_306.jpg"" alt=""メッシュキャップ アメカジ メンズ レディース 帽子 夏 おしゃれ ワーク ピースキャップのバナー"" border=""0"">

<BR><BR><center><IMG src=""http://image.rakuten.co.jp/jicoman/cabinet/bn/doucon_300.gif"" border=""0"" alt=""送料無料商品カテゴリーのバナー"">

<BR><BR><IMG src=""http://image.rakuten.co.jp/jicoman/cabinet/bn/mailmagazine_300.gif"" border=""0"" alt=""メルマガ登録のバナー""></center>",メッシュキャップ アメカジ メンズ レディース 帽子 夏 おしゃれ ワーク ピースキャップ パロディ テキサコ＿CP-PUP19-SHO：自己満足,ラットフィンクステッカーロードランナーフィリックス・ザ・キャットナンバーフレームミリタリーステンシルカーアクセサリーミリタリーエアフォース世田谷ベースサインプレートクレイスミスムーンアイズカーマットミシュランエッソESSOつなぎアルファベットステッカーメッシュキャップ アメカジ メンズ レディース 帽子 夏 おしゃれ ワーク ピースキャップ パロディ テキサコ＿CP-PUP19-SHO,アメカジに最適なメッシュキャップ、ワークテイストなデザイン♪。メッシュキャップ アメカジ メンズ レディース 帽子 夏 おしゃれ ワーク ピースキャップ パロディ テキサコ＿CP-PUP19-SHO[rn]
13-36526,http://tshop.r10s.jp/jicoman/cabinet/cp160614/cp-pup07-sho-1.jpg?fitin=700:700,1440.0000,,バッグ・小物・ブランド雑貨 > 帽子 > メンズ帽子 > キャップ,メッシュキャップ アメカジ メンズ レディース 帽子 夏 おしゃれ ワーク ピースキャップ ハワイ＿CP-PUP07-SHO,アメカジに最適なメッシュキャップ、ワークテイストなデザイン♪,"<P>アメリカンなメッシュキャップになります。<BR>
<BR>
「ポップでファンキー、ロックでステディ」をテーマにしたアメカジブランド、<FONT color=""#105efe"">チップスカンパニー</FONT>。<BR>
<BR>良質なモノをリーズナブルな価格で提供しているブランドですね！<BR>
<BR>
そんな同ブランドのメッシュキャップシリーズ、<FONT color=""#105efe"">ピースキャップ</FONT>になります♪<BR>
<BR>
デザインはハワイロゴ。<BR>
<BR>
グラフィックっぽくもあり、コミカルでもあり、色使いがポップで絶妙なデザインでしょう♪<BR>
<BR>
ピスネームには７０年代を匂わせる<FONT color=""#ff0000"">ピースマーク</FONT>をデザイン。<BR>
<BR>後部のベルトにてサイズを調節することができます。<BR>
<BR>
<FONT color=""#ff0000"">１,８００円（税抜）</FONT>にしては軽くてしっかりしたデキだと思いますよ！<BR>
<BR>
ザックリ被って、のんびりドライブでも楽しんでみてください♪<BR>
<BR>
<BR>
サイズ（約）<BR>
フリーサイズ（57-59cm）<BR>
<BR>
素材　ポリエステル製<BR>
<BR>
サイズ調節可能</P>

<BR><BR>
<img src=""http://image.rakuten.co.jp/jicoman/cabinet/bn/bn1/peacecap_306.jpg"" alt=""メッシュキャップ アメカジ メンズ レディース 帽子 夏 おしゃれ ワーク ピースキャップのバナー"" border=""0"">

<BR><BR><center><IMG src=""http://image.rakuten.co.jp/jicoman/cabinet/bn/doucon_300.gif"" border=""0"" alt=""送料無料商品カテゴリーのバナー"">

<BR><BR><IMG src=""http://image.rakuten.co.jp/jicoman/cabinet/bn/mailmagazine_300.gif"" border=""0"" alt=""メルマガ登録のバナー""></center>",メッシュキャップ アメカジ メンズ レディース 帽子 夏 おしゃれ ワーク ピースキャップ ハワイ＿CP-PUP07-SHO：自己満足,ラットフィンクステッカーロードランナーフィリックス・ザ・キャットナンバーフレームミリタリーステンシルカーアクセサリーミリタリーエアフォース世田谷ベースサインプレートクレイスミスムーンアイズカーマットミシュランエッソESSOつなぎアルファベットステッカーメッシュキャップ アメカジ メンズ レディース 帽子 夏 おしゃれ ワーク ピースキャップ ハワイ＿CP-PUP07-SHO,アメカジに最適なメッシュキャップ、ワークテイストなデザイン♪。メッシュキャップ アメカジ メンズ レディース 帽子 夏 おしゃれ ワーク ピースキャップ ハワイ＿CP-PUP07-SHO[rn]
13-36527,http://tshop.r10s.jp/jicoman/cabinet/cp160614/cp-pup22-sho-1.jpg?fitin=700:700,1440.0000,,バッグ・小物・ブランド雑貨 > 帽子 > メンズ帽子 > キャップ,メッシュキャップ アメカジ メンズ レディース 帽子 夏 おしゃれ ワーク ピースキャップ サーフボード 車 ワゴン＿CP-PUP22-SHO,アメカジに最適なメッシュキャップ、ワークテイストなデザイン♪,"<P>アメリカンなメッシュキャップになります。<BR>
<BR>
「ポップでファンキー、ロックでステディ」をテーマにしたアメカジブランド、<FONT color=""#105efe"">チップスカンパニー</FONT>。<BR>
<BR>良質なモノをリーズナブルな価格で提供しているブランドですね！<BR>
<BR>
そんな同ブランドのメッシュキャップシリーズ、<FONT color=""#105efe"">ピースキャップ</FONT>になります♪<BR>
<BR>
デザインはサーフクラブをイメージ。<BR>
<BR>
<FONT color=""#ff0000"">ウッディーワゴン＆サーフボード</FONT>のコンビにときめく方も多いのではないでしょうか♪<BR>
<BR>
ピスネームには７０年代を匂わせる<FONT color=""#ff0000"">ピースマーク</FONT>をデザイン。<BR>
<BR>後部のベルトにてサイズを調節することができます。<BR>
<BR>
<FONT color=""#ff0000"">１,８００円（税抜）</FONT>にしては軽くてしっかりしたデキだと思いますよ！<BR>
<BR>
ザックリ被って、のんびりドライブでも楽しんでみてください♪<BR>
<BR>
<BR>
サイズ（約）<BR>
フリーサイズ（57-59cm）<BR>
<BR>
素材　ポリエステル製<BR>
<BR>
サイズ調節可能</P>

<BR><BR>
<img src=""http://image.rakuten.co.jp/jicoman/cabinet/bn/bn1/peacecap_306.jpg"" alt=""メッシュキャップ アメカジ メンズ レディース 帽子 夏 おしゃれ ワーク ピースキャップのバナー"" border=""0"">

<BR><BR><center><IMG src=""http://image.rakuten.co.jp/jicoman/cabinet/bn/doucon_300.gif"" border=""0"" alt=""送料無料商品カテゴリーのバナー"">

<BR><BR><IMG src=""http://image.rakuten.co.jp/jicoman/cabinet/bn/mailmagazine_300.gif"" border=""0"" alt=""メルマガ登録のバナー""></center>",メッシュキャップ アメカジ メンズ レディース 帽子 夏 おしゃれ ワーク ピースキャップ サーフボード 車 ワゴン＿CP-PUP22-SHO：自己満足,ラットフィンクステッカーロードランナーフィリックス・ザ・キャットナンバーフレームミリタリーステンシルカーアクセサリーミリタリーエアフォース世田谷ベースサインプレートクレイスミスムーンアイズカーマットミシュランエッソESSOつなぎアルファベットステッカーメッシュキャップ アメカジ メンズ レディース 帽子 夏 おしゃれ ワーク ピースキャップ サーフボード 車 ワゴン＿CP-PUP22-SHO,アメカジに最適なメッシュキャップ、ワークテイストなデザイン♪。メッシュキャップ アメカジ メンズ レディース 帽子 夏 おしゃれ ワーク ピースキャップ サーフボード 車 ワゴン＿CP-PUP22-SHO[rn]
13-36528,http://tshop.r10s.jp/jicoman/cabinet/cp160614/cp-pup05-sho-1.jpg?fitin=700:700,1440.0000,,バッグ・小物・ブランド雑貨 > 帽子 > メンズ帽子 > キャップ,メッシュキャップ アメカジ メンズ レディース 帽子 夏 おしゃれ ワーク ピースキャップ ８６＿CP-PUP05-SHO,アメカジに最適なメッシュキャップ、ワークテイストなデザイン♪,"<P>アメリカンなメッシュキャップになります。<BR>
<BR>
「ポップでファンキー、ロックでステディ」をテーマにしたアメカジブランド、<FONT color=""#105efe"">チップスカンパニー</FONT>。<BR>
<BR>良質なモノをリーズナブルな価格で提供しているブランドですね！<BR>
<BR>
そんな同ブランドのメッシュキャップシリーズ、<FONT color=""#105efe"">ピースキャップ</FONT>になります♪<BR>
<BR>
デザインはアメリカのスポーツクラブをイメージ。<BR>
<BR>
アメカジにはピッタリな着合わせやすいデザインでしょう♪<BR>
<BR>
ピスネームには７０年代を匂わせる<FONT color=""#ff0000"">ピースマーク</FONT>をデザイン。<BR>
<BR>後部のベルトにてサイズを調節することができます。<BR>
<BR>
<FONT color=""#ff0000"">１,８００円（税抜）</FONT>にしては軽くてしっかりしたデキだと思いますよ！<BR>
<BR>
ザックリ被って、のんびりドライブでも楽しんでみてください♪<BR>
<BR>
<BR>
サイズ（約）<BR>
フリーサイズ（57-59cm）<BR>
<BR>
素材　ポリエステル製<BR>
<BR>
サイズ調節可能</P>

<BR><BR>
<img src=""http://image.rakuten.co.jp/jicoman/cabinet/bn/bn1/peacecap_306.jpg"" alt=""メッシュキャップ アメカジ メンズ レディース 帽子 夏 おしゃれ ワーク ピースキャップのバナー"" border=""0"">

<BR><BR><center><IMG src=""http://image.rakuten.co.jp/jicoman/cabinet/bn/doucon_300.gif"" border=""0"" alt=""送料無料商品カテゴリーのバナー"">

<BR><BR><IMG src=""http://image.rakuten.co.jp/jicoman/cabinet/bn/mailmagazine_300.gif"" border=""0"" alt=""メルマガ登録のバナー""></center>",メッシュキャップ アメカジ メンズ レディース 帽子 夏 おしゃれ ワーク ピースキャップ ８６＿CP-PUP05-SHO：自己満足,ラットフィンクステッカーロードランナーフィリックス・ザ・キャットナンバーフレームミリタリーステンシルカーアクセサリーミリタリーエアフォース世田谷ベースサインプレートクレイスミスムーンアイズカーマットミシュランエッソESSOつなぎアルファベットステッカーメッシュキャップ アメカジ メンズ レディース 帽子 夏 おしゃれ ワーク ピースキャップ ８６＿CP-PUP05-SHO,アメカジに最適なメッシュキャップ、ワークテイストなデザイン♪。メッシュキャップ アメカジ メンズ レディース 帽子 夏 おしゃれ ワーク ピースキャップ ８６＿CP-PUP05-SHO[rn]
13-36529,http://tshop.r10s.jp/jicoman/cabinet/mo160622/cp-cm135bk-mon-1.jpg?fitin=700:700,2240.0000,,バッグ・小物・ブランド雑貨 > 帽子 > メンズ帽子 > キャップ,ムーンアイズ メッシュキャップ アメカジ メンズ 帽子 夏 おしゃれ ホットロッド MOONEYES ３０周年記念＿CP-CM135BK-MON,日本上陸３０周年を迎えたムーンアイズのメッシュキャップ♪,"<P>ムーンアイズのメッシュキャップになります。<BR>
<BR>
１９８６年に日本へ上陸し２０１６年で<FONT color=""#ff0000"">３０周年</FONT>を迎えたアメリカンカスタムブランド、ムーンアイズ。<BR>
<BR>
当店も約１０年お付き合いさせていただいております！おめでとうございます♪<BR>
<BR>
そんな３０周年を記念してトラッカーキャップが登場！<BR>
<BR>
<FONT color=""#ff0000"">発砲プリント</FONT>でちょっと立体的に表現したアニバーサリーデザイン♪<BR>
<BR>
ワーク＆メカニックスタイルに合わせたいシンプルでＣＱＱＬなデザインでしょう。<BR>
<BR>後部のベルトにてサイズを調節することができます。
<BR>
<BR>
リアルアメリカに拘ったムーンアイズ、、これからも見逃せないブランドですね♪<BR>
<BR>
<BR>サイズ（約）<BR>
フリー <BR>
<BR>
素材　ナイロン製<BR>
<BR>
サイズ調節可能</P>

<BR><BR>
<img src=""http://image.rakuten.co.jp/jicoman/cabinet/bn/moon30th_306.jpg"" alt=""ムーンアイズ ３０周年記念のバナー"" border=""0"">

<BR><BR>
<center><IMG src=""http://image.rakuten.co.jp/jicoman/cabinet/bn/doucon_300.gif"" border=""0"" alt=""送料無料商品カテゴリーのバナー""><BR><BR><IMG src=""http://image.rakuten.co.jp/jicoman/cabinet/bn/mailmagazine_300.gif"" border=""0"" alt=""メルマガ登録のバナー""></center>",ムーンアイズ メッシュキャップ アメカジ メンズ 帽子 夏 おしゃれ ホットロッド MOONEYES ３０周年記念＿CP-CM135BK-MON：自己満足,ラットフィンクステッカーロードランナーフィリックス・ザ・キャットナンバーフレームミリタリーステンシルカーアクセサリーミリタリーエアフォース世田谷ベースサインプレートクレイスミスムーンアイズカーマットミシュランエッソESSOつなぎアルファベットステッカームーンアイズ メッシュキャップ アメカジ メンズ 帽子 夏 おしゃれ ホットロッド MOONEYES ３０周年記念＿CP-CM135BK-MON,日本上陸３０周年を迎えたムーンアイズのメッシュキャップ♪。ムーンアイズ メッシュキャップ アメカジ メンズ 帽子 夏 おしゃれ ホットロッド MOONEYES ３０周年記念＿CP-CM135BK-MON[rn]
13-36530,http://tshop.r10s.jp/jicoman/cabinet/mo/in/cp-mqc028bk-mon_1.jpg?fitin=700:700,3680.0000,,バッグ・小物・ブランド雑貨 > 帽子 > メンズ帽子 > キャップ,ムーンアイズ メッシュキャップ 帽子 メンズ レディース MOONEYES OTTO オットー BK＿CP-MQC028BK-MON,オットー（OTTO）がベースのフラットバイザーメッシュキャップ♪,"ムーンアイズのメッシュキャップ（帽子）になります。<BR>
<BR>
アメリカの<FONT color=""#ff0000"">ホットロッドカルチャー</FONT>や西海岸スタイルを提案するムーンアイズ。<BR>
<BR>
ムーンアイズと<FONT color=""#105efe"">オットー（OTTO）</FONT>のコラボキャップになります。<BR>
<BR>
オットーは５０年以上に渡りアメリカのヘッドウエア業界をリーディングしているブランドです。<BR>
<BR>
日本でも高品質ながら低価格のプレーンなキャップが人気ですね！<BR>
<BR>
こちらは<FONT color=""#ff0000"">フラットバイザー</FONT>のメッシュキャップをベースにムーンアイズのＢＩＧワッペンをプラス。<BR>
<BR>
レッド色のトリミングがキャッチーでオシャレでしょう♪<BR>
<BR>
サイズは後部のベルトで調節することができます。<BR>
<BR>
ベースボールキャップがお好みの方にはオススメしたいですね♪<BR>
<BR>
<BR>
サイズ（約）<BR>
フリー<BR>
<BR>
素材　コットン（フロント）、ナイロン（メッシュ）製

<BR><BR>
<img src=""http://image.rakuten.co.jp/jicoman/cabinet/mo/in/cp-mqc028bw-mon_0.jpg"" alt=""ムーンアイズ メッシュキャップ（帽子） MOONEYES OTTO（オットー） BW"" border=""0"">
<img src=""http://image.rakuten.co.jp/jicoman/cabinet/mo/in/cp-mqc028bc-mon_0.jpg"" alt=""ムーンアイズ メッシュキャップ（帽子） MOONEYES OTTO（オットー） BC"" border=""0"">
<img src=""http://image.rakuten.co.jp/jicoman/cabinet/mo/in/cp-mqc028bk-mon_0.jpg"" alt=""ムーンアイズ メッシュキャップ（帽子） MOONEYES OTTO（オットー） BK"" border=""0""><BR><center><IMG src=""http://image.rakuten.co.jp/jicoman/cabinet/bn/doucon_300.gif"" border=""0"" alt=""送料無料商品カテゴリーのバナー""><BR><BR><IMG src=""http://image.rakuten.co.jp/jicoman/cabinet/bn/mailmagazine_300.gif"" border=""0"" alt=""メルマガ登録のバナー""></center>",ムーンアイズ メッシュキャップ 帽子 メンズ レディース MOONEYES OTTO オットー BK＿CP-MQC028BK-MON：自己満足,ラットフィンクステッカーロードランナーフィリックス・ザ・キャットナンバーフレームミリタリーステンシルカーアクセサリーミリタリーエアフォース世田谷ベースサインプレートクレイスミスムーンアイズカーマットミシュランエッソESSOつなぎアルファベットステッカームーンアイズ メッシュキャップ 帽子 メンズ レディース MOONEYES OTTO オットー BK＿CP-MQC028BK-MON,オットー（OTTO）がベースのフラットバイザーメッシュキャップ♪。ムーンアイズ メッシュキャップ 帽子 メンズ レディース MOONEYES OTTO オットー BK＿CP-MQC028BK-MON[rn]
13-36531,http://tshop.r10s.jp/jicoman/cabinet/mo/in/cp-mqc028bw-mon_1.jpg?fitin=700:700,3680.0000,,バッグ・小物・ブランド雑貨 > 帽子 > メンズ帽子 > キャップ,ムーンアイズ メッシュキャップ 帽子 メンズ レディース MOONEYES OTTO オットー BW＿CP-MQC028BW-MON,オットー（OTTO）がベースのフラットバイザーメッシュキャップ♪,"ムーンアイズのメッシュキャップ（帽子）になります。<BR>
<BR>
アメリカの<FONT color=""#ff0000"">ホットロッドカルチャー</FONT>や西海岸スタイルを提案するムーンアイズ。<BR>
<BR>
ムーンアイズと<FONT color=""#105efe"">オットー（OTTO）</FONT>のコラボキャップになります。<BR>
<BR>
オットーは５０年以上に渡りアメリカのヘッドウエア業界をリーディングしているブランドです。<BR>
<BR>
日本でも高品質ながら低価格のプレーンなキャップが人気ですね！<BR>
<BR>
こちらは<FONT color=""#ff0000"">フラットバイザー</FONT>のメッシュキャップをベースにムーンアイズのＢＩＧワッペンをプラス。<BR>
<BR>
レッド色のトリミングがキャッチーでオシャレでしょう♪<BR>
<BR>
サイズは後部のベルトで調節することができます。<BR>
<BR>
ベースボールキャップがお好みの方にはオススメしたいですね♪<BR>
<BR>
<BR>
サイズ（約）<BR>
フリー<BR>
<BR>
素材　コットン（フロント）、ナイロン（メッシュ）製

<BR><BR>
<img src=""http://image.rakuten.co.jp/jicoman/cabinet/mo/in/cp-mqc028bw-mon_0.jpg"" alt=""ムーンアイズ メッシュキャップ（帽子） MOONEYES OTTO（オットー） BW"" border=""0"">
<img src=""http://image.rakuten.co.jp/jicoman/cabinet/mo/in/cp-mqc028bc-mon_0.jpg"" alt=""ムーンアイズ メッシュキャップ（帽子） MOONEYES OTTO（オットー） BC"" border=""0"">
<img src=""http://image.rakuten.co.jp/jicoman/cabinet/mo/in/cp-mqc028bk-mon_0.jpg"" alt=""ムーンアイズ メッシュキャップ（帽子） MOONEYES OTTO（オットー） BK"" border=""0""><BR><center><IMG src=""http://image.rakuten.co.jp/jicoman/cabinet/bn/doucon_300.gif"" border=""0"" alt=""送料無料商品カテゴリーのバナー""><BR><BR><IMG src=""http://image.rakuten.co.jp/jicoman/cabinet/bn/mailmagazine_300.gif"" border=""0"" alt=""メルマガ登録のバナー""></center>",ムーンアイズ メッシュキャップ 帽子 メンズ レディース MOONEYES OTTO オットー BW＿CP-MQC028BW-MON：自己満足,ラットフィンクステッカーロードランナーフィリックス・ザ・キャットナンバーフレームミリタリーステンシルカーアクセサリーミリタリーエアフォース世田谷ベースサインプレートクレイスミスムーンアイズカーマットミシュランエッソESSOつなぎアルファベットステッカームーンアイズ メッシュキャップ 帽子 メンズ レディース MOONEYES OTTO オットー BW＿CP-MQC028BW-MON,オットー（OTTO）がベースのフラットバイザーメッシュキャップ♪。ムーンアイズ メッシュキャップ 帽子 メンズ レディース MOONEYES OTTO オットー BW＿CP-MQC028BW-MON[rn]
13-36532,http://tshop.r10s.jp/jicoman/cabinet/mo/in/cp-mqc028bc-mon_1.jpg?fitin=700:700,3680.0000,,バッグ・小物・ブランド雑貨 > 帽子 > メンズ帽子 > キャップ,ムーンアイズ メッシュキャップ 帽子 メンズ レディース MOONEYES OTTO オットー BC＿CP-MQC028BC-MON,オットー（OTTO）がベースのフラットバイザーメッシュキャップ♪,"ムーンアイズのメッシュキャップ（帽子）になります。<BR>
<BR>
アメリカの<FONT color=""#ff0000"">ホットロッドカルチャー</FONT>や西海岸スタイルを提案するムーンアイズ。<BR>
<BR>
ムーンアイズと<FONT color=""#105efe"">オットー（OTTO）</FONT>のコラボキャップになります。<BR>
<BR>
オットーは５０年以上に渡りアメリカのヘッドウエア業界をリーディングしているブランドです。<BR>
<BR>
日本でも高品質ながら低価格のプレーンなキャップが人気ですね！<BR>
<BR>
こちらは<FONT color=""#ff0000"">フラットバイザー</FONT>のメッシュキャップをベースにムーンアイズのＢＩＧワッペンをプラス。<BR>
<BR>
レッド色のトリミングがキャッチーでオシャレでしょう♪<BR>
<BR>
サイズは後部のベルトで調節することができます。<BR>
<BR>
ベースボールキャップがお好みの方にはオススメしたいですね♪<BR>
<BR>
<BR>
サイズ（約）<BR>
フリー<BR>
<BR>
素材　コットン（フロント）、ナイロン（メッシュ）製

<BR><BR>
<img src=""http://image.rakuten.co.jp/jicoman/cabinet/mo/in/cp-mqc028bw-mon_0.jpg"" alt=""ムーンアイズ メッシュキャップ（帽子） MOONEYES OTTO（オットー） BW"" border=""0"">
<img src=""http://image.rakuten.co.jp/jicoman/cabinet/mo/in/cp-mqc028bc-mon_0.jpg"" alt=""ムーンアイズ メッシュキャップ（帽子） MOONEYES OTTO（オットー） BC"" border=""0"">
<img src=""http://image.rakuten.co.jp/jicoman/cabinet/mo/in/cp-mqc028bk-mon_0.jpg"" alt=""ムーンアイズ メッシュキャップ（帽子） MOONEYES OTTO（オットー） BK"" border=""0""><BR><center><IMG src=""http://image.rakuten.co.jp/jicoman/cabinet/bn/doucon_300.gif"" border=""0"" alt=""送料無料商品カテゴリーのバナー""><BR><BR><IMG src=""http://image.rakuten.co.jp/jicoman/cabinet/bn/mailmagazine_300.gif"" border=""0"" alt=""メルマガ登録のバナー""></center>",ムーンアイズ メッシュキャップ 帽子 メンズ レディース MOONEYES OTTO オットー BC＿CP-MQC028BC-MON：自己満足,ラットフィンクステッカーロードランナーフィリックス・ザ・キャットナンバーフレームミリタリーステンシルカーアクセサリーミリタリーエアフォース世田谷ベースサインプレートクレイスミスムーンアイズカーマットミシュランエッソESSOつなぎアルファベットステッカームーンアイズ メッシュキャップ 帽子 メンズ レディース MOONEYES OTTO オットー BC＿CP-MQC028BC-MON,オットー（OTTO）がベースのフラットバイザーメッシュキャップ♪。ムーンアイズ メッシュキャップ 帽子 メンズ レディース MOONEYES OTTO オットー BC＿CP-MQC028BC-MON[rn]
13-36533,http://tshop.r10s.jp/candytower/cabinet/195000-196000/195276.jpg?fitin=700:700,1584.0000,,バッグ・小物・ブランド雑貨 > 帽子 > メンズ帽子 > キャップ,カルチャーマートのデニムメッシュキャップ（No.2） ■ アメリカ雑貨 アメリカン雑貨 アメリカ 雑貨 キャップ メンズ 帽子 レディース 夏 アウトドア つば付き 男女兼用 フリーサイズ 人気 かわいい ファッション,アメリカ好きのキャンディタワーから自信を持ってお届け！,"デニム素材の新シリーズ誕生！
<br><br>50年代のアドバタイジングデザインを得意とするカルチャーカートの人気アイテム、メッシュキャップにデニムバージョンが仲間入り！<br><br>アメリカ好きのファッションには欠かせないデニムだけに、今日は頭もデニムで決めたいって時ありますよね！<br><br>そんな時にこのデニムメッシュキャップが大活躍してくれるんです。<br><br>デニム系のキャップって素材が素材だけにブランドモノだと結構しちゃいますが、カルチャーマートシリーズなら手軽に手が出せるラインナップで取り揃えてくれてるのが嬉しいの！<br><br>しかも後ろ部分がメッシュタイプになってるので、夏に被っても通気が良いからオールデニムと比べると断然蒸れにくいってところも人気のポイントです。<br><br>アメリカ好きのメーカーが手掛けただけあって、色んな経験や趣味をそこに活かして誕生したキャップなのでボクらのツボをよーく心得てくれてます。<br><br>帽子はアメリカのトラッカーキャップをベースに仕上げてあるので、カジュアルな服装から、スポーツ系のジャージ系の服装まで幅広く着こなせちゃうのが特徴で、ちょっと出かけたりする時にメチャクチャ便利なんです。<br><br>頭がボサっててもこれを被るとオシャレにまとまっちゃうの！それこそワンコ連れて散歩に出かけるなんてシーンから、週末のバーベキューや公園に遊びに行く時、さらにはバイクでヘルメットを脱いだ時もこれさえあればシュッと決まっちゃうからね！<br><br>そしてこの帽子の人気の理由はこの豊富なデザインから選ぶという楽しさもその一つ！「もうねー直感だけで選んじゃう」ってのが正解です。「これ好きな色の組み合わせだ！」とか「このデザイン、何か好きだなー」とか、そういうので全然OKなんです。<br><br>それがそのままアナタのスタイルになって、自己主張してくれるアイテムになってくれるの！それこそいくつかストックしておいて、その日の気分や服装でチョイスするってのもオススメです。<br><br>会う度に帽子が変わってるだけで、ものすごくオシャレな人に見えちゃうから不思議なんだよね！<br><br>部屋にさりげに掛けておいても絵になるし、クルマの助手席やリアシートに転がしておいても良い雰囲気！<br><br>毎年新作を更新し10年以上も売れ続けてるロングテールアイテムにはやっぱり理由あり！<br><br>カルチャーマートブランドを有名にしたフラグシップアイテムを、アメリカ好きのキャンディタワーから自信を持ってお届けします！(≧∀≦)/

<hr>サイズ：フリーサイズ部でサイズ調整可能
<br>・後部でサイズ調整可能

<br><br>
<img src=""http://image.rakuten.co.jp/candytower/cabinet/195000-196000/195277.jpg"" width=""100%"">
<br><br>
<img src=""http://image.rakuten.co.jp/candytower/cabinet/195000-196000/195278.jpg"" width=""100%"">
<br><br>
<img src=""http://image.rakuten.co.jp/candytower/cabinet/195000-196000/195279.jpg"" width=""100%"">
<br><br>
<img src=""http://image.rakuten.co.jp/candytower/cabinet/195000-196000/195280.jpg"" width=""100%"">
<br><br>
<img src=""http://image.rakuten.co.jp/candytower/cabinet/195000-196000/195281.jpg"" width=""100%"">
<br><br>
<img src=""http://image.rakuten.co.jp/candytower/cabinet/195000-196000/195283.jpg"" width=""100%"">
<br><br>
<img src=""http://image.rakuten.co.jp/candytower/cabinet/195000-196000/195282.jpg"" width=""100%"">
<br><br>
<img src=""http://image.rakuten.co.jp/candytower/cabinet/195000-196000/195284.jpg"" width=""100%"">


<br><br>
<table width=""100%"" border=""1"" cellpadding=""5"" cellspacing=""0"" bordercolor=""#CCCCCC"">
  <tr> 
    <td bgcolor=""#CCCCCC""> <b>■ まだまだあります</b></td>
  </tr>
  <tr> 
    <td>⇒ 『カルチャーマートのデニムメッシュキャップ』はこちら！</td>
  </tr>
  <tr> 
    <td>⇒ 『カルチャーマート』グッズはこちら！</td>
  </tr>
</table>",カルチャーマートのデニムメッシュキャップ（No.2） ■ アメリカ雑貨 アメリカン雑貨 アメリカ 雑貨 キャップ メンズ 帽子 レディース 夏 アウトドア つば付き 男女兼用 フリーサイズ 人気 かわいい ファッション：アメリカ雑貨通販キャンディタワー,アメリカ雑貨アメリカン雑貨ステンシル輸入雑貨ブリキ看板インテリア雑貨星条旗グッズ世田谷ベース木製看板木箱ジュークボックスルート66グッズハワイアン雑貨リトルツリーコカ・コーラグッズハロウィングッズ人工芝輸入家具ネオン管錆塗装カルチャーマートのデニムメッシュキャップ（No.2） ■ アメリカ雑貨 アメリカン雑貨 アメリカ 雑貨 キャップ メンズ 帽子 レディース 夏 アウトドア つば付き 男女兼用 フリーサイズ 人気 かわいい ファッション,アメリカ好きのキャンディタワーから自信を持ってお届け！。カルチャーマートのデニムメッシュキャップ（No.2） ■ アメリカ雑貨 アメリカン雑貨 アメリカ 雑貨 キャップ メンズ 帽子 レディース 夏 アウトドア つば付き 男女兼用 フリーサイズ 人気 かわいい ファッション[rn]
13-36534,http://tshop.r10s.jp/candytower/cabinet/196000-197000/196696.jpg?fitin=700:700,800.0000,,バッグ・小物・ブランド雑貨 > 帽子 > メンズ帽子 > キャップ,【子供用サイズ】カルチャーマートのキッズメッシュキャップ（プリントタイプ/シリーズ1/No.9） ■ アメリカ雑貨 アメリカン雑貨,待望の子供用サイズが仲間入り！,"待望の子供用サイズが仲間入り！
<br><br>50年代のアドバタイジングをモチーフに、人気のトラッカーキャップをベースに仕上げたカルチャーマートの超ヒットアイテム、アメリカンメッシュキャップのキッズサイズです。<br><br>週末は親子でテイストを合わせたオシャレをしたい人も少なくないんじゃない？　<br><br>特にアメカジだとお父さんの方が力が入っちゃうでしょ！豊富なデザインから「自分の好き」を選ぶ楽しさ、これぞこの帽子の人気の理由です。<br><br>「もうねー直感だけで選んじゃう」ってのが正解です。「これ好きな色の組み合わせだ！」とか「このデザイン、何か好きだなー」とか、そういうので全然OKなんです。<br><br>それがそのままその子のスタイルになって、自己主張してくれるアイテムになってくれるの！それこそいくつかストックしておいて、その日の気分や服装でチョイスするってのもオススメです。<br><br>会う度に帽子が変わってるだけで、ものすごくオシャレな人に見えちゃうから不思議なんだよね！<br><br>あと、遊び盛りの子供だとついつい強い日差しを忘れて、気がついた時には熱中症寸前・・・・なんてことも最近では珍しくないケースです。<br><br>出先でも帽子を忘れないようにクルマのトランクにストックしておくのも、いざという時に助かりますよ！<br><br>部屋にさりげに掛けておいても絵になるし、机の上に転がしておいても良い雰囲気！<br><br>毎年新作を更新し10年以上も売れ続けてるロングテールアイテムにはやっぱり理由あり！<br><br>カルチャーマートブランドを有名にしたフラグシップアイテムを、アメリカ好きのキャンディタワーから自信を持ってお届けします！(≧∀≦)/

<hr>サイズ：子供用フリーサイズ
<br>・後部でサイズ調整可能
<br><br>
<img src=""http://image.rakuten.co.jp/candytower/cabinet/196000-197000/196697.jpg"" width=""100%"">
<br><br>
<img src=""http://image.rakuten.co.jp/candytower/cabinet/196000-197000/196698.jpg"" width=""100%"">
<br><br>
<img src=""http://image.rakuten.co.jp/candytower/cabinet/196000-197000/196699.jpg"" width=""100%"">
<br><br>
<img src=""http://image.rakuten.co.jp/candytower/cabinet/196000-197000/196700.jpg"" width=""100%"">
<br><br>
<img src=""http://image.rakuten.co.jp/candytower/cabinet/196000-197000/196701.jpg"" width=""100%"">
<br><br>
<img src=""http://image.rakuten.co.jp/candytower/cabinet/196000-197000/196703.jpg"" width=""100%"">
<br><br>
<img src=""http://image.rakuten.co.jp/candytower/cabinet/196000-197000/196702.jpg"" width=""100%"">
<br><br>
<img src=""http://image.rakuten.co.jp/candytower/cabinet/196000-197000/196704.jpg"" width=""100%"">

<br><br>
<table width=""100%"" border=""1"" cellpadding=""5"" cellspacing=""0"" bordercolor=""#CCCCCC"">
  <tr> 
    <td bgcolor=""#CCCCCC""> <b>■ まだまだあります</b></td>
  </tr>
  <tr> 
    <td>⇒ 『カルチャーマートのキッズメッシュキャップ』はこちら！</td>
  </tr>
  <tr> 
    <td>⇒ 『カルチャーマート』グッズはこちら！</td>
  </tr>
</table>",【子供用サイズ】カルチャーマートのキッズメッシュキャップ（プリントタイプ/シリーズ1/No.9） ■ アメリカ雑貨 アメリカン雑貨：アメリカ雑貨通販キャンディタワー,アメリカ雑貨アメリカン雑貨ステンシル輸入雑貨ブリキ看板インテリア雑貨星条旗グッズ世田谷ベース木製看板木箱ジュークボックスルート66グッズハワイアン雑貨リトルツリーコカ・コーラグッズハロウィングッズ人工芝輸入家具ネオン管錆塗装【子供用サイズ】カルチャーマートのキッズメッシュキャップ（プリントタイプ/シリーズ1/No.9） ■ アメリカ雑貨 アメリカン雑貨,待望の子供用サイズが仲間入り！。【子供用サイズ】カルチャーマートのキッズメッシュキャップ（プリントタイプ/シリーズ1/No.9） ■ アメリカ雑貨 アメリカン雑貨[rn]
13-36535,http://tshop.r10s.jp/candytower/cabinet/195000-196000/195258.jpg?fitin=700:700,1584.0000,,バッグ・小物・ブランド雑貨 > 帽子 > メンズ帽子 > キャップ,カルチャーマートのツイル・メッシュキャップ（ビッグパッチ/No.6） ■ アメリカ雑貨 アメリカン雑貨 アメリカ 雑貨 キャップ メンズ 帽子 レディース 夏 アウトドア つば付き 男女兼用 フリーサイズ 人気 かわいい ファッション,アメリカ好きのキャンディタワーから自信を持ってお届け！,"ワンランク上のこだわりの作りが自慢！
<br><br>50年代のアドバタイジングデザインを得意とするカルチャーカートの人気アイテム、メッシュキャップにワンランク上のリッチバージョンがあるんですが、それがコチラ！<br><br>ノーマルタイプはボディにポリエステル生地を使用してるんですが、こちらはコットン生地を使用し、さらにデザイン部分にはレトロなアドバタイジングワッペンがされてるという・・・・素材と仕上げにもこだわった自信作なんです。<br><br>アメリカのトラッカーキャップをベースに仕上げてあるので、カジュアルな服装から、スポーツ系のジャージ系の服装まで幅広く着こなせちゃうのが特徴で、ちょっと出かけたりする時にメチャクチャ便利なんです。<br><br>頭がボサっててもこれを被るとオシャレにまとまっちゃうの！それこそワンコ連れて散歩に出かけるなんてシーンから、週末のバーベキューや公園に遊びに行く時、さらにはバイクでヘルメットを脱いだ時もこれさえあればシュッと決まっちゃうからね！<br><br>そしてこの帽子の人気の理由はこの豊富なデザインから選ぶという楽しさもその一つ！「もうねー直感だけで選んじゃう」ってのが正解です。「これ好きな色の組み合わせだ！」とか「このデザイン、何か好きだなー」とか、そういうので全然OKなんです。<br><br>それがそのままアナタのスタイルになって、自己主張してくれるアイテムになってくれるの！それこそいくつかストックしておいて、その日の気分や服装でチョイスするってのもオススメです。会う度に帽子が変わってるだけで、ものすごくオシャレな人に見えちゃうから不思議なんだよね！<br><br>部屋にさりげに掛けておいても絵になるし、クルマの助手席やリアシートに転がしておいても良い雰囲気！<br><br>毎年新作を更新し10年以上も売れ続けてるロングテールアイテムにはやっぱり理由あり！<br><br>カルチャーマートブランドを有名にしたフラグシップアイテムを、アメリカ好きのキャンディタワーから自信を持ってお届けします！(≧∀≦)/

<hr>サイズ：フリーサイズ
<br>・後部でサイズ調整可能


<br><br>
<img src=""http://image.rakuten.co.jp/candytower/cabinet/195000-196000/195259.jpg"" width=""100%"">
<br><br>
<img src=""http://image.rakuten.co.jp/candytower/cabinet/195000-196000/195260.jpg"" width=""100%"">
<br><br>
<img src=""http://image.rakuten.co.jp/candytower/cabinet/195000-196000/195261.jpg"" width=""100%"">
<br><br>
<img src=""http://image.rakuten.co.jp/candytower/cabinet/195000-196000/195262.jpg"" width=""100%"">
<br><br>
<img src=""http://image.rakuten.co.jp/candytower/cabinet/195000-196000/195263.jpg"" width=""100%"">
<br><br>
<img src=""http://image.rakuten.co.jp/candytower/cabinet/195000-196000/195265.jpg"" width=""100%"">
<br><br>
<img src=""http://image.rakuten.co.jp/candytower/cabinet/195000-196000/195264.jpg"" width=""100%"">
<br><br>
<img src=""http://image.rakuten.co.jp/candytower/cabinet/195000-196000/195266.jpg"" width=""100%"">

<br><br>
<table width=""100%"" border=""1"" cellpadding=""5"" cellspacing=""0"" bordercolor=""#CCCCCC"">
  <tr> 
    <td bgcolor=""#CCCCCC""> <b>■ まだまだあります</b></td>
  </tr>
  <tr> 
    <td>⇒ 『カルチャーマートのツイル・メッシュキャップ』はこちら！</td>
  </tr>
  <tr> 
    <td>⇒ 『カルチャーマート』グッズはこちら！</td>
  </tr>
</table>",カルチャーマートのツイル・メッシュキャップ（ビッグパッチ/No.6） ■ アメリカ雑貨 アメリカン雑貨 アメリカ 雑貨 キャップ メンズ 帽子 レディース 夏 アウトドア つば付き 男女兼用 フリーサイズ 人気 かわいい ファッション：アメリカ雑貨通販キャンディタワー,アメリカ雑貨アメリカン雑貨ステンシル輸入雑貨ブリキ看板インテリア雑貨星条旗グッズ世田谷ベース木製看板木箱ジュークボックスルート66グッズハワイアン雑貨リトルツリーコカ・コーラグッズハロウィングッズ人工芝輸入家具ネオン管錆塗装カルチャーマートのツイル・メッシュキャップ（ビッグパッチ/No.6） ■ アメリカ雑貨 アメリカン雑貨 アメリカ 雑貨 キャップ メンズ 帽子 レディース 夏 アウトドア つば付き 男女兼用 フリーサイズ 人気 かわいい ファッション,アメリカ好きのキャンディタワーから自信を持ってお届け！。カルチャーマートのツイル・メッシュキャップ（ビッグパッチ/No.6） ■ アメリカ雑貨 アメリカン雑貨 アメリカ 雑貨 キャップ メンズ 帽子 レディース 夏 アウトドア つば付き 男女兼用 フリーサイズ 人気 かわいい ファッション[rn]
13-36536,http://tshop.r10s.jp/clour/cabinet/fukusyoku/cap/k17031101.jpg?fitin=700:700,2240.0000,,バッグ・小物・ブランド雑貨 > 帽子 > メンズ帽子 > キャップ,アロハヘッドウエア スナップバックキャップ （#パイナップル）　／ALOHA HEADWERE／帽子／ハワイアン雑貨／,,"ハワイのトロピカルな生地を大胆に使用した「ALOHA HEADWEAR ／アロハヘッドウエア」 のスナップバックキャップです!!<br>
<br>
ハワイで過ごすON or OFF　Time 問わずどんなシチュエーションでもバッチリ！<br>
ビーチに、ハイキング、ショッピングにも、またお洒落なラウンジなんかにもOK!!<br>
<br>
ハワイでデザインされたハワイオリジナルブランド「ALOHA HEADWEAR」です。<br>
キャップのつば部分にブランドロゴのの丸いステッカーが貼り付けられています。<br>
<br>
<br>
正面に「＃」「パイナップルのイラスト」が刺繍で大きく描かれています。<br>
後ろに「ハワイ諸島」に刺繍、調節用ベルトに「#ALOHA」の刺繍、キャップつばの内側に「#islandlife」の刺繍入りです。<br>
左側面に丸いTIKIをモチーフにしたパッチ付きです。<br>
<br>
男女問わず使えるユニセックスデザインです。<br>
<br>
サイズは大人向けワンサイズ。<br>
キャップ背面にアジャスタブルなバックルがあり、大体の方にフィットします。<br>
<br>
<br>
【商品スペック】<br>
ブランド：ALOHA HEADWEAR ／アロハヘッドウエア<br>
サイズ：大人向けフリーサイズ（約54cm～）<br>
素材：コットン<br>
メーカー：KC HAWAII<br>
Designed in Hawaii<br>
<br>
<br>
【ご購入の前に】<br>
キャップの布地は大きなハワイアン生地から作られていますので、それぞれにカットされた部分によりデザインが異なります。<br>
その為、掲載画像とお届けの商品の布地の柄は異なりますので、予めご了承くださいませ。<br>
<br>",アロハヘッドウエア スナップバックキャップ （#パイナップル）　／ALOHA HEADWERE／帽子／ハワイアン雑貨／：アメリカン雑貨ＣＯＬＯＵＲ,アメリカン雑貨アメリカ雑貨輸入雑貨 輸入洗剤 タイド Tide ゲイン Gainハーレーダビッドソン Harley-Davidsonネオンサイン アメリカの照明 インテリア照明アメリカ直輸入の日用品雑貨 キッチン用品アメリカ製子供用リュックサック バックパック 幼稚園バッグアメリカ製ダイキャストミニカー JADA人気のガムボールマシーン フォード社製 カルーセル キャローセルステンシルプレート 真鍮製 ハンソン Hanson所ジョージ 世田谷ベース USエアフォース アーミーハワイ雑貨 ハワイアン雑貨 ハワイのインテリアグッズダルトン DULTON マーキュリー Mercuryラジオフライヤー Radio Flyer 赤いワゴンハワイアンポスター ヴィンテージ メタルサインヴィンテージアメリカン ノスタルジック ルート６６ Route66ガムボールマシーン用の詰替えガム ガムリフィル 日本製ガムプレゼント ギフト 通信販売 通販 香川県 四国 関西 送料無料輸入食材 アメリカのジュース モンスターエナジー スパムランチョンミート輸入家具 コカコーラ Coca-Cola　コーラのイス コーラのテーブルアロハヘッドウエア スナップバックキャップ （#パイナップル）　／ALOHA HEADWERE／帽子／ハワイアン雑貨／,アロハヘッドウエア スナップバックキャップ （#パイナップル）　／ALOHA HEADWERE／帽子／ハワイアン雑貨／[rn]
13-36537,http://tshop.r10s.jp/clour/cabinet/fukusyoku/img56066030.jpg?fitin=700:700,1440.0000,,バッグ・小物・ブランド雑貨 > 帽子 > メンズ帽子 > キャップ,FELIX フィリックス メッシュキャップ（C）,,"フィリックスのメッシュキャップです。<br>
正面のイラストはプリントです。<br>
サイズはフリーで、後ろで調節可能です。<br>素材：ポリエステル100%<br>
サイズ：フリーサイズ（58cm）<br>
カラー：レッド、ブラック<br>
正規ライセンス商品",FELIX フィリックス メッシュキャップ（C）：アメリカン雑貨ＣＯＬＯＵＲ,アメリカン雑貨アメリカ雑貨輸入雑貨 輸入洗剤 タイド Tide ゲイン Gainハーレーダビッドソン Harley-Davidsonネオンサイン アメリカの照明 インテリア照明アメリカ直輸入の日用品雑貨 キッチン用品アメリカ製子供用リュックサック バックパック 幼稚園バッグアメリカ製ダイキャストミニカー JADA人気のガムボールマシーン フォード社製 カルーセル キャローセルステンシルプレート 真鍮製 ハンソン Hanson所ジョージ 世田谷ベース USエアフォース アーミーハワイ雑貨 ハワイアン雑貨 ハワイのインテリアグッズダルトン DULTON マーキュリー Mercuryラジオフライヤー Radio Flyer 赤いワゴンハワイアンポスター ヴィンテージ メタルサインヴィンテージアメリカン ノスタルジック ルート６６ Route66ガムボールマシーン用の詰替えガム ガムリフィル 日本製ガムプレゼント ギフト 通信販売 通販 香川県 四国 関西 送料無料輸入食材 アメリカのジュース モンスターエナジー スパムランチョンミート輸入家具 コカコーラ Coca-Cola　コーラのイス コーラのテーブルFELIX フィリックス メッシュキャップ（C）,FELIX フィリックス メッシュキャップ（C）[rn]
13-36538,http://tshop.r10s.jp/clour/cabinet/fukusyoku/img56066042.jpg?fitin=700:700,1440.0000,,バッグ・小物・ブランド雑貨 > 帽子 > メンズ帽子 > キャップ,FELIX フィリックス メッシュキャップ（B）,,"フィリックスのメッシュキャップです。<br>
正面のイラストはプリントです。<br>
サイズはフリーで、後ろで調節可能です。<br>素材：ポリエステル100%<br>
サイズ：フリーサイズ（58cm）<br>
カラー：レッド、ブラック<br>
正規ライセンス商品",FELIX フィリックス メッシュキャップ（B）：アメリカン雑貨ＣＯＬＯＵＲ,アメリカン雑貨アメリカ雑貨輸入雑貨 輸入洗剤 タイド Tide ゲイン Gainハーレーダビッドソン Harley-Davidsonネオンサイン アメリカの照明 インテリア照明アメリカ直輸入の日用品雑貨 キッチン用品アメリカ製子供用リュックサック バックパック 幼稚園バッグアメリカ製ダイキャストミニカー JADA人気のガムボールマシーン フォード社製 カルーセル キャローセルステンシルプレート 真鍮製 ハンソン Hanson所ジョージ 世田谷ベース USエアフォース アーミーハワイ雑貨 ハワイアン雑貨 ハワイのインテリアグッズダルトン DULTON マーキュリー Mercuryラジオフライヤー Radio Flyer 赤いワゴンハワイアンポスター ヴィンテージ メタルサインヴィンテージアメリカン ノスタルジック ルート６６ Route66ガムボールマシーン用の詰替えガム ガムリフィル 日本製ガムプレゼント ギフト 通信販売 通販 香川県 四国 関西 送料無料輸入食材 アメリカのジュース モンスターエナジー スパムランチョンミート輸入家具 コカコーラ Coca-Cola　コーラのイス コーラのテーブルFELIX フィリックス メッシュキャップ（B）,FELIX フィリックス メッシュキャップ（B）[rn]
13-36539,http://tshop.r10s.jp/nr714/cabinet/00244825/t637.jpg?fitin=700:700,1520.0000,,バッグ・小物・ブランド雑貨 > 帽子 > メンズ帽子 > キャップ,【ゆうメール不可】メンズ キャップ レディース キャップ 帽子 CAPナンバリング 刺繍 シンプル キャップ ワークキャップ【T637】韓国ファッション ダンス 衣装 ヒップホップ ストリートファッション,キャップ CAP ダンス 衣装 ヒップホップ 衣装 HIPHOP 帽子,"<center>
<!---------- ▼キャンセル不可ここから ---------->
<img src=""http://thumbnail.image.rakuten.co.jp/@0_mall/nr714/cabinet/cxl-1.jpg"" border=""0""><br><br>
<!---------- ▲キャンセル不可ここまで ---------->


<!---------- ▼商品詳細画像ここから ---------->
<img src=""http://thumbnail.image.rakuten.co.jp/@0_mall/nr714/cabinet/00244825/t637.jpg"" width=""100%""><br>
<img src=""http://thumbnail.image.rakuten.co.jp/@0_mall/nr714/cabinet/00244825/t637_1.jpg"" width=""100%""><br>
<!---------- ▲商品詳細画像ここまで ---------->


<!---------- ▼ゆうメールNGここから ---------->
<img src=""http://www.rakuten.ne.jp/gold/nr714/syouhinpage-img/mail-ng.jpg"" width=""100%"" border=""0""><br><br>
<!---------- ▲ゆうメールNGここまで ---------->

<!---------- ▼商品詳細　ここから ---------->
<table border=""0"" bgcolor=""#cccccc"" cellpadding=""8"" cellspacing=""1"" width=""100%"">
<tr>
<td bgcolor=""#cccccc"" align=""center"" colspan=""2""><b>商　品　詳　細</b></td></tr>

<tr>
<td bgcolor=""#ffffff"" align=""center"" colspan=""2"">
<font size=""2"">
海外輸入商品</font>
</td></tr>

<tr>
<td bgcolor=""ffffff"" width=""90"">
<font size=""2"">
　商品名</font></td>
<td bgcolor=""ffffff"">
<font size=""2"">
ナンバリング 刺繍 シンプル キャップ ワークキャップ
</font></td></tr>

<tr>
<td bgcolor=""ffffff"" width=""90"">
<font size=""2"">
　カラー
</font></td>
<td bgcolor=""ffffff"">
<font size=""2"">
ブラック×ホワイト<br>
ブラック×ブラック
</font></td></tr>

<tr>
<td bgcolor=""ffffff"" width=""90"">
<font size=""2"">
　サイズ
</font></td>
<td bgcolor=""ffffff"">
<font size=""2"">
フリーサイズ：約56-58cm<br>
※おおよその目安※
</font></td></tr>

<tr>
<td bgcolor=""ffffff"" width=""90"">
<font size=""2"">
　仕様
</font></td>
<td bgcolor=""ffffff"">
<font size=""2"">
後ろアジャスターでサイズ調整可能
</font></td></tr>

<tr>
<td bgcolor=""ffffff"" width=""90"">
<font size=""2"">
　コメント
</font></td>
<td bgcolor=""ffffff"">
<font size=""2"">
刺繍デザインがかっこいいワークキャップ♪<br>
いつものコーデに取り入れるだけでお洒落度がグンっとあがります♪<br>
フリーサイズで、男女共にお使い頂けます♪<br>
ダンスキッズにもオススメ★☆
</font></td></tr>

<tr>
<td bgcolor=""ffffff"" width=""90"">
<font size=""2"">
　注意事項
</font></td>
<td bgcolor=""ffffff"">
<font size=""2"" color=""red"">
海外輸入商品の為、日本とは商品管理、検品基準に少々違いがございます。<br>
汚れ、糸のほつれ、縫製のずれ等が見受けられる場合もございます。<br>
上記の事をご了承の上お買い求めください。
</font></td></tr>
</table>
<!---------- ▲商品詳細　ここまで ---------->
<br><br>




<!---------- ▼ひとこと ---------->
<table border=""0"" cellpadding=""8"" cellspacing=""1"" width=""100%"">
<tr>
<td>
<font color=""#8e6d70"" size=""2"">
※掲載商品はすべて、実店舗、複数店舗と在庫システムを共有販売している為、
在庫等の更新作業が間に合わず注文商品が欠品となる場合がございます。<br>
迅速に対応させて頂きますが、ご理解頂いた上でご注文をお願い致します。<br>
ブラウザや設定により、画像と実物の色合いが多少異なって見える場合があります。<br>
ご了承下さい。
</font>
</td></tr>
</table>
<!---------- ▲ひとこと ---------->

</center>",【ゆうメール不可】メンズ キャップ レディース キャップ 帽子 CAPナンバリング 刺繍 シンプル キャップ ワークキャップ【T637】韓国ファッション ダンス 衣装 ヒップホップ ストリートファッション：子供服のリトルウッド KIDS＆DANCE,ダンス 衣装 ヒップホップムームーレイアリスガウチョパンツ子供服 ヒップホップアロハシャツ子供服 アウター福袋 キッズダンス スニーカー キッズかりゆしウェア韓国子供服ダンス Tシャツダンス スウェット子供服 男の子ダンス 衣装 キッズ子供服 ヒップホップヒップホップ 衣装ダンス キッズ Tシャツ子供服 男の子ドーリーリボン【ゆうメール不可】メンズ キャップ レディース キャップ 帽子 CAPナンバリング 刺繍 シンプル キャップ ワークキャップ【T637】韓国ファッション ダンス 衣装 ヒップホップ ストリートファッション,キャップ CAP ダンス 衣装 ヒップホップ 衣装 HIPHOP 帽子。【ゆうメール不可】メンズ キャップ レディース キャップ 帽子 CAPナンバリング 刺繍 シンプル キャップ ワークキャップ【T637】韓国ファッション ダンス 衣装 ヒップホップ ストリートファッション[rn]
13-36540,http://tshop.r10s.jp/nr714/cabinet/00244825/t636.jpg?fitin=700:700,1520.0000,,バッグ・小物・ブランド雑貨 > 帽子 > メンズ帽子 > キャップ,【ゆうメール不可】メンズ キャップ レディース キャップ 帽子 CAPPREMIER サークル ロゴ シンプル キャップ ワークキャップ CAP【T636】韓国ファッション ダンス 衣装 ヒップホップ ストリートファッション,キャップ CAP ダンス 衣装 ヒップホップ 衣装 HIPHOP 帽子,"<center>
<!---------- ▼キャンセル不可ここから ---------->
<img src=""http://thumbnail.image.rakuten.co.jp/@0_mall/nr714/cabinet/cxl-1.jpg"" border=""0""><br><br>
<!---------- ▲キャンセル不可ここまで ---------->


<!---------- ▼商品詳細画像ここから ---------->
<img src=""http://thumbnail.image.rakuten.co.jp/@0_mall/nr714/cabinet/00244825/t636.jpg"" width=""100%""><br>
<img src=""http://thumbnail.image.rakuten.co.jp/@0_mall/nr714/cabinet/00244825/t636_1.jpg"" width=""100%""><br>
<img src=""http://thumbnail.image.rakuten.co.jp/@0_mall/nr714/cabinet/00244825/t636_2.jpg"" width=""100%""><br>
<!---------- ▲商品詳細画像ここまで ---------->


<!---------- ▼ゆうメールNGここから ---------->
<img src=""http://www.rakuten.ne.jp/gold/nr714/syouhinpage-img/mail-ng.jpg"" width=""100%"" border=""0""><br><br>
<!---------- ▲ゆうメールNGここまで ---------->

<!---------- ▼商品詳細　ここから ---------->
<table border=""0"" bgcolor=""#cccccc"" cellpadding=""8"" cellspacing=""1"" width=""100%"">
<tr>
<td bgcolor=""#cccccc"" align=""center"" colspan=""2""><b>商　品　詳　細</b></td></tr>

<tr>
<td bgcolor=""#ffffff"" align=""center"" colspan=""2"">
<font size=""2"">
海外輸入商品</font>
</td></tr>

<tr>
<td bgcolor=""ffffff"" width=""90"">
<font size=""2"">
　商品名</font></td>
<td bgcolor=""ffffff"">
<font size=""2"">
I'M HAPPY 刺繍 ロゴ シンプル キャップ
</font></td></tr>

<tr>
<td bgcolor=""ffffff"" width=""90"">
<font size=""2"">
　カラー
</font></td>
<td bgcolor=""ffffff"">
<font size=""2"">
ブラック<br>
ホワイト
</font></td></tr>

<tr>
<td bgcolor=""ffffff"" width=""90"">
<font size=""2"">
　サイズ
</font></td>
<td bgcolor=""ffffff"">
<font size=""2"">
フリーサイズ：約56-58cm<br>
※おおよその目安※
</font></td></tr>

<tr>
<td bgcolor=""ffffff"" width=""90"">
<font size=""2"">
　仕様
</font></td>
<td bgcolor=""ffffff"">
<font size=""2"">
後ろひもでサイズ調整可能
</font></td></tr>

<tr>
<td bgcolor=""ffffff"" width=""90"">
<font size=""2"">
　コメント
</font></td>
<td bgcolor=""ffffff"">
<font size=""2"">
フロントのサークルデザインがかっこいいワークキャップ♪<br>
いつものコーデに取り入れるだけでお洒落度がグンっとあがります♪<br>
フリーサイズで、男女共にお使い頂けます♪<br>
ダンスキッズにもオススメ★☆
</font></td></tr>

<tr>
<td bgcolor=""ffffff"" width=""90"">
<font size=""2"">
　注意事項
</font></td>
<td bgcolor=""ffffff"">
<font size=""2"" color=""red"">
海外輸入商品の為、日本とは商品管理、検品基準に少々違いがございます。<br>
汚れ、糸のほつれ、縫製のずれ等が見受けられる場合もございます。<br>
上記の事をご了承の上お買い求めください。
</font></td></tr>
</table>
<!---------- ▲商品詳細　ここまで ---------->




<!---------- ▼ひとこと ---------->
<table border=""0"" cellpadding=""8"" cellspacing=""1"" width=""100%"">
<tr>
<td>
<font color=""#8e6d70"" size=""2"">
※掲載商品はすべて、実店舗、複数店舗と在庫システムを共有販売している為、
在庫等の更新作業が間に合わず注文商品が欠品となる場合がございます。<br>
迅速に対応させて頂きますが、ご理解頂いた上でご注文をお願い致します。<br>
ブラウザや設定により、画像と実物の色合いが多少異なって見える場合があります。<br>
ご了承下さい。
</font>
</td></tr>
</table>
<!---------- ▲ひとこと ---------->

</center>",【ゆうメール不可】メンズ キャップ レディース キャップ 帽子 CAPPREMIER サークル ロゴ シンプル キャップ ワークキャップ CAP【T636】韓国ファッション ダンス 衣装 ヒップホップ ストリートファッション：子供服のリトルウッド KIDS＆DANCE,ダンス 衣装 ヒップホップムームーレイアリスガウチョパンツ子供服 ヒップホップアロハシャツ子供服 アウター福袋 キッズダンス スニーカー キッズかりゆしウェア韓国子供服ダンス Tシャツダンス スウェット子供服 男の子ダンス 衣装 キッズ子供服 ヒップホップヒップホップ 衣装ダンス キッズ Tシャツ子供服 男の子ドーリーリボン【ゆうメール不可】メンズ キャップ レディース キャップ 帽子 CAPPREMIER サークル ロゴ シンプル キャップ ワークキャップ CAP【T636】韓国ファッション ダンス 衣装 ヒップホップ ストリートファッション,キャップ CAP ダンス 衣装 ヒップホップ 衣装 HIPHOP 帽子。【ゆうメール不可】メンズ キャップ レディース キャップ 帽子 CAPPREMIER サークル ロゴ シンプル キャップ ワークキャップ CAP【T636】韓国ファッション ダンス 衣装 ヒップホップ ストリートファッション[rn]
13-36541,http://tshop.r10s.jp/nr714/cabinet/00244825/t632.jpg?fitin=700:700,1520.0000,,バッグ・小物・ブランド雑貨 > 帽子 > メンズ帽子 > キャップ,【ゆうメール不可】メンズ キャップ レディース キャップ 帽子 CAPI'M HAPPY 刺繍 ロゴ シンプル キャップ ワークキャップ【T632】韓国ファッション ダンス 衣装 ヒップホップ ストリートファッション,キャップ CAP ダンス 衣装 ヒップホップ 衣装 HIPHOP 帽子,"<center>
<!---------- ▼キャンセル不可ここから ---------->
<img src=""http://thumbnail.image.rakuten.co.jp/@0_mall/nr714/cabinet/cxl-1.jpg"" border=""0""><br><br>
<!---------- ▲キャンセル不可ここまで ---------->


<!---------- ▼商品詳細画像ここから ---------->
<img src=""http://thumbnail.image.rakuten.co.jp/@0_mall/nr714/cabinet/00244825/t632.jpg"" width=""100%""><br>
<img src=""http://thumbnail.image.rakuten.co.jp/@0_mall/nr714/cabinet/00244825/t632_1.jpg"" width=""100%""><br>
<img src=""http://thumbnail.image.rakuten.co.jp/@0_mall/nr714/cabinet/00244825/t632_2.jpg"" width=""100%""><br>
<!---------- ▲商品詳細画像ここまで ---------->


<!---------- ▼ゆうメールNGここから ---------->
<img src=""http://www.rakuten.ne.jp/gold/nr714/syouhinpage-img/mail-ng.jpg"" width=""100%"" border=""0""><br><br>
<!---------- ▲ゆうメールNGここまで ---------->

<!---------- ▼商品詳細　ここから ---------->
<table border=""0"" bgcolor=""#cccccc"" cellpadding=""8"" cellspacing=""1"" width=""100%"">
<tr>
<td bgcolor=""#cccccc"" align=""center"" colspan=""2""><b>商　品　詳　細</b></td></tr>

<tr>
<td bgcolor=""#ffffff"" align=""center"" colspan=""2"">
<font size=""2"">
海外輸入商品</font>
</td></tr>

<tr>
<td bgcolor=""ffffff"" width=""90"">
<font size=""2"">
　商品名</font></td>
<td bgcolor=""ffffff"">
<font size=""2"">
I'M HAPPY 刺繍 ロゴ シンプル キャップ
</font></td></tr>

<tr>
<td bgcolor=""ffffff"" width=""90"">
<font size=""2"">
　カラー
</font></td>
<td bgcolor=""ffffff"">
<font size=""2"">
ブラック<br>
ホワイト
</font></td></tr>

<tr>
<td bgcolor=""ffffff"" width=""90"">
<font size=""2"">
　サイズ
</font></td>
<td bgcolor=""ffffff"">
<font size=""2"">
フリーサイズ：約56-58cm<br>
※おおよその目安※
</font></td></tr>

<tr>
<td bgcolor=""ffffff"" width=""90"">
<font size=""2"">
　仕様
</font></td>
<td bgcolor=""ffffff"">
<font size=""2"">
後ろひもでサイズ調整可能
</font></td></tr>

<tr>
<td bgcolor=""ffffff"" width=""90"">
<font size=""2"">
　コメント
</font></td>
<td bgcolor=""ffffff"">
<font size=""2"">
刺繍デザインがかっこいいワークキャップ♪<br>
いつものコーデに取り入れるだけでお洒落度がグンっとあがります♪<br>
フリーサイズで、男女共にお使い頂けます♪<br>
ダンスキッズにもオススメ★☆
</font></td></tr>

<tr>
<td bgcolor=""ffffff"" width=""90"">
<font size=""2"">
　注意事項
</font></td>
<td bgcolor=""ffffff"">
<font size=""2"" color=""red"">
海外輸入商品の為、日本とは商品管理、検品基準に少々違いがございます。<br>
汚れ、糸のほつれ、縫製のずれ等が見受けられる場合もございます。<br>
上記の事をご了承の上お買い求めください。
</font></td></tr>
</table>
<!---------- ▲商品詳細　ここまで ---------->
<br><br>




<!---------- ▼ひとこと ---------->
<table border=""0"" cellpadding=""8"" cellspacing=""1"" width=""100%"">
<tr>
<td>
<font color=""#8e6d70"" size=""2"">
※掲載商品はすべて、実店舗、複数店舗と在庫システムを共有販売している為、
在庫等の更新作業が間に合わず注文商品が欠品となる場合がございます。<br>
迅速に対応させて頂きますが、ご理解頂いた上でご注文をお願い致します。<br>
ブラウザや設定により、画像と実物の色合いが多少異なって見える場合があります。<br>
ご了承下さい。
</font>
</td></tr>
</table>
<!---------- ▲ひとこと ---------->

</center>",【ゆうメール不可】メンズ キャップ レディース キャップ 帽子 CAPI'M HAPPY 刺繍 ロゴ シンプル キャップ ワークキャップ【T632】韓国ファッション ダンス 衣装 ヒップホップ ストリートファッション：子供服のリトルウッド KIDS＆DANCE,ダンス 衣装 ヒップホップムームーレイアリスガウチョパンツ子供服 ヒップホップアロハシャツ子供服 アウター福袋 キッズダンス スニーカー キッズかりゆしウェア韓国子供服ダンス Tシャツダンス スウェット子供服 男の子ダンス 衣装 キッズ子供服 ヒップホップヒップホップ 衣装ダンス キッズ Tシャツ子供服 男の子ドーリーリボン【ゆうメール不可】メンズ キャップ レディース キャップ 帽子 CAPI'M HAPPY 刺繍 ロゴ シンプル キャップ ワークキャップ【T632】韓国ファッション ダンス 衣装 ヒップホップ ストリートファッション,キャップ CAP ダンス 衣装 ヒップホップ 衣装 HIPHOP 帽子。【ゆうメール不可】メンズ キャップ レディース キャップ 帽子 CAPI'M HAPPY 刺繍 ロゴ シンプル キャップ ワークキャップ【T632】韓国ファッション ダンス 衣装 ヒップホップ ストリートファッション[rn]
13-36542,http://tshop.r10s.jp/nr714/cabinet/00244825/t639.jpg?fitin=700:700,1520.0000,,バッグ・小物・ブランド雑貨 > 帽子 > メンズ帽子 > キャップ,【ゆうメール不可】メンズ キャップ レディース キャップ 帽子 CAPSNAPBACK スナップバック ロゴ 刺繍 ベースボール キャップ フリーサイズ【T639】ダンス 衣装 ヒップホップ ストリートファッション,キャップ CAP ダンス 衣装 ヒップホップ 衣装 HIPHOP 帽子,"<center>
<!---------- ▼キャンセル不可ここから ---------->
<img src=""http://thumbnail.image.rakuten.co.jp/@0_mall/nr714/cabinet/cxl-1.jpg"" border=""0""><br><br>
<!---------- ▲キャンセル不可ここまで ---------->


<!---------- ▼商品詳細画像ここから ---------->
<img src=""http://thumbnail.image.rakuten.co.jp/@0_mall/nr714/cabinet/00244825/t639.jpg"" width=""100%""><br>
<img src=""http://thumbnail.image.rakuten.co.jp/@0_mall/nr714/cabinet/00244825/t639_1.jpg"" width=""100%""><br>
<!---------- ▲商品詳細画像ここまで ---------->


<!---------- ▼ゆうメールNGここから ---------->
<img src=""http://www.rakuten.ne.jp/gold/nr714/syouhinpage-img/mail-ng.jpg"" width=""100%"" border=""0""><br><br>
<!---------- ▲ゆうメールNGここまで ---------->


<!---------- ▼商品詳細　ここから ---------->
<table border=""0"" bgcolor=""#cccccc"" cellpadding=""8"" cellspacing=""1"" width=""100%"">
<tr>
<td bgcolor=""#cccccc"" align=""center"" colspan=""2""><b>商　品　詳　細</b></td></tr>

<tr>
<td bgcolor=""#ffffff"" align=""center"" colspan=""2"">
<font size=""2"">
海外輸入商品</font>
</td></tr>

<tr>
<td bgcolor=""ffffff"" width=""90"">
<font size=""2"">
　商品名</font></td>
<td bgcolor=""ffffff"">
<font size=""2"">
ロゴ 刺繍 ベースボール キャップ
</font></td></tr>

<tr>
<td bgcolor=""ffffff"" width=""90"">
<font size=""2"">
　カラー
</font></td>
<td bgcolor=""ffffff"">
<font size=""2"">
ブラック<br>
グレー
</font></td></tr>

<tr>
<td bgcolor=""ffffff"" width=""90"">
<font size=""2"">
　サイズ
</font></td>
<td bgcolor=""ffffff"">
<font size=""2"">
フリーサイズ：約56-58cm<br>
※おおよその目安※
</font></td></tr>

<tr>
<td bgcolor=""ffffff"" width=""90"">
<font size=""2"">
　仕様
</font></td>
<td bgcolor=""ffffff"">
<font size=""2"">
SNAPBACK<br>
アジャスター付き<br>
(サイズ調整可能)
</font></td></tr>

<tr>
<td bgcolor=""ffffff"" width=""90"">
<font size=""2"">
　コメント
</font></td>
<td bgcolor=""ffffff"">
<font size=""2"">
フロントのZ刺繍がPOINTのスナップバック♪<br>
普段のコーデのアクセントに♪<br>
フリーサイズのスナップバック仕様で、男女共にお使い頂けます♪<br>
ダンスキッズにもオススメ★☆
</font></td></tr>

<tr>
<td bgcolor=""ffffff"" width=""90"">
<font size=""2"">
　注意事項
</font></td>
<td bgcolor=""ffffff"">
<font size=""2"" color=""red"">
海外輸入商品の為、日本とは商品管理、検品基準に少々違いがございます。<br>
汚れ、糸のほつれ、縫製のずれ等が見受けられる場合もございます。<br>
上記の事をご了承の上お買い求めください。
</font></td></tr>
</table>
<!---------- ▲商品詳細　ここまで ---------->
<br><br>




<!---------- ▼ひとこと ---------->
<table border=""0"" cellpadding=""8"" cellspacing=""1"" width=""100%"">
<tr>
<td>
<font color=""#8e6d70"" size=""2"">
※掲載商品はすべて、実店舗、複数店舗と在庫システムを共有販売している為、
在庫等の更新作業が間に合わず注文商品が欠品となる場合がございます。<br>
迅速に対応させて頂きますが、ご理解頂いた上でご注文をお願い致します。<br>
ブラウザや設定により、画像と実物の色合いが多少異なって見える場合があります。<br>
ご了承下さい。
</font>
</td></tr>
</table>
<!---------- ▲ひとこと ---------->

</center>",【ゆうメール不可】メンズ キャップ レディース キャップ 帽子 CAPSNAPBACK スナップバック ロゴ 刺繍 ベースボール キャップ フリーサイズ【T639】ダンス 衣装 ヒップホップ ストリートファッション：子供服のリトルウッド KIDS＆DANCE,ダンス 衣装 ヒップホップムームーレイアリスガウチョパンツ子供服 ヒップホップアロハシャツ子供服 アウター福袋 キッズダンス スニーカー キッズかりゆしウェア韓国子供服ダンス Tシャツダンス スウェット子供服 男の子ダンス 衣装 キッズ子供服 ヒップホップヒップホップ 衣装ダンス キッズ Tシャツ子供服 男の子ドーリーリボン【ゆうメール不可】メンズ キャップ レディース キャップ 帽子 CAPSNAPBACK スナップバック ロゴ 刺繍 ベースボール キャップ フリーサイズ【T639】ダンス 衣装 ヒップホップ ストリートファッション,キャップ CAP ダンス 衣装 ヒップホップ 衣装 HIPHOP 帽子。【ゆうメール不可】メンズ キャップ レディース キャップ 帽子 CAPSNAPBACK スナップバック ロゴ 刺繍 ベースボール キャップ フリーサイズ【T639】ダンス 衣装 ヒップホップ ストリートファッション[rn]
13-36543,http://tshop.r10s.jp/nr714/cabinet/00244825/t629.jpg?fitin=700:700,1520.0000,,バッグ・小物・ブランド雑貨 > 帽子 > メンズ帽子 > キャップ,【ゆうメール不可】メンズ キャップ レディース キャップ 帽子SNAPBACK スナップバック ワッペン グラフィティ ロゴ 刺繍 ベースボール キャップ 【T629】ダンス 衣装 ヒップホップ ストリートファッション,キャップ CAP ダンス 衣装 ヒップホップ 衣装 HIPHOP 帽子,"<center>
<!---------- ▼キャンセル不可ここから ---------->
<img src=""http://thumbnail.image.rakuten.co.jp/@0_mall/nr714/cabinet/cxl-1.jpg"" border=""0""><br><br>
<!---------- ▲キャンセル不可ここまで ---------->


<!---------- ▼商品詳細画像ここから ---------->
<img src=""http://thumbnail.image.rakuten.co.jp/@0_mall/nr714/cabinet/00244825/t629.jpg"" width=""100%""><br>
<img src=""http://thumbnail.image.rakuten.co.jp/@0_mall/nr714/cabinet/00244825/t629_1.jpg"" width=""100%""><br>
<img src=""http://thumbnail.image.rakuten.co.jp/@0_mall/nr714/cabinet/00244825/t629_2.jpg"" width=""100%""><br>
<!---------- ▲商品詳細画像ここまで ---------->


<!---------- ▼ゆうメールNGここから ---------->
<img src=""http://www.rakuten.ne.jp/gold/nr714/syouhinpage-img/mail-ng.jpg"" width=""100%"" border=""0""><br><br>
<!---------- ▲ゆうメールNGここまで ---------->

<!---------- ▼商品詳細　ここから ---------->
<table border=""0"" bgcolor=""#cccccc"" cellpadding=""8"" cellspacing=""1"" width=""100%"">
<tr>
<td bgcolor=""#cccccc"" align=""center"" colspan=""2""><b>商　品　詳　細</b></td></tr>

<tr>
<td bgcolor=""#ffffff"" align=""center"" colspan=""2"">
<font size=""2"">
海外輸入商品</font>
</td></tr>

<tr>
<td bgcolor=""ffffff"" width=""90"">
<font size=""2"">
　商品名</font></td>
<td bgcolor=""ffffff"">
<font size=""2"">
ワッペン グラフィティ 刺繍 ベースボール キャップ
</font></td></tr>

<tr>
<td bgcolor=""ffffff"" width=""90"">
<font size=""2"">
　カラー
</font></td>
<td bgcolor=""ffffff"">
<font size=""2"">
グレー<br>
ホワイト
</font></td></tr>

<tr>
<td bgcolor=""ffffff"" width=""90"">
<font size=""2"">
　サイズ
</font></td>
<td bgcolor=""ffffff"">
<font size=""2"">
フリーサイズ：約56-58cm<br>
※おおよその目安※
</font></td></tr>

<tr>
<td bgcolor=""ffffff"" width=""90"">
<font size=""2"">
　仕様
</font></td>
<td bgcolor=""ffffff"">
<font size=""2"">
SNAPBACK<br>
アジャスター付き<br>
(サイズ調整可能)
</font></td></tr>

<tr>
<td bgcolor=""ffffff"" width=""90"">
<font size=""2"">
　コメント
</font></td>
<td bgcolor=""ffffff"">
<font size=""2"">
インパクト大!!のロゴワッペン付きスナップバック♪<br>
いつものコーデに取り入れるだけでお洒落度がグンっとあがります♪<br>
フリーサイズのスナップバック仕様で、男女共にお使い頂けます♪<br>
ダンスキッズにもオススメ★☆
</font></td></tr>

<tr>
<td bgcolor=""ffffff"" width=""90"">
<font size=""2"">
　注意事項
</font></td>
<td bgcolor=""ffffff"">
<font size=""2"" color=""red"">
海外輸入商品の為、日本とは商品管理、検品基準に少々違いがございます。<br>
汚れ、糸のほつれ、縫製のずれ等が見受けられる場合もございます。<br>
上記の事をご了承の上お買い求めください。
</font></td></tr>
</table>
<!---------- ▲商品詳細　ここまで ---------->
<br><br>




<!---------- ▼ひとこと ---------->
<table border=""0"" cellpadding=""8"" cellspacing=""1"" width=""100%"">
<tr>
<td>
<font color=""#8e6d70"" size=""2"">
※掲載商品はすべて、実店舗、複数店舗と在庫システムを共有販売している為、
在庫等の更新作業が間に合わず注文商品が欠品となる場合がございます。<br>
迅速に対応させて頂きますが、ご理解頂いた上でご注文をお願い致します。<br>
ブラウザや設定により、画像と実物の色合いが多少異なって見える場合があります。<br>
ご了承下さい。
</font>
</td></tr>
</table>
<!---------- ▲ひとこと ---------->

</center>",【ゆうメール不可】メンズ キャップ レディース キャップ 帽子SNAPBACK スナップバック ワッペン グラフィティ ロゴ 刺繍 ベースボール キャップ 【T629】ダンス 衣装 ヒップホップ ストリートファッション：子供服のリトルウッド KIDS＆DANCE,ダンス 衣装 ヒップホップムームーレイアリスガウチョパンツ子供服 ヒップホップアロハシャツ子供服 アウター福袋 キッズダンス スニーカー キッズかりゆしウェア韓国子供服ダンス Tシャツダンス スウェット子供服 男の子ダンス 衣装 キッズ子供服 ヒップホップヒップホップ 衣装ダンス キッズ Tシャツ子供服 男の子ドーリーリボン【ゆうメール不可】メンズ キャップ レディース キャップ 帽子SNAPBACK スナップバック ワッペン グラフィティ ロゴ 刺繍 ベースボール キャップ 【T629】ダンス 衣装 ヒップホップ ストリートファッション,キャップ CAP ダンス 衣装 ヒップホップ 衣装 HIPHOP 帽子。【ゆうメール不可】メンズ キャップ レディース キャップ 帽子SNAPBACK スナップバック ワッペン グラフィティ ロゴ 刺繍 ベースボール キャップ 【T629】ダンス 衣装 ヒップホップ ストリートファッション[rn]
13-36544,http://tshop.r10s.jp/cavatina/cabinet/ronherman-01/ronherman-020.jpg?fitin=700:700,8640.0000,,バッグ・小物・ブランド雑貨 > 帽子 > メンズ帽子 > キャップ,ロンハーマン Ron Herman RH メッシュキャップ 帽子 NAVY ネイビー スタンダードカリフォルニア STANDARD CALFORNIA 正規品/就職祝い 新生活 敬老の日 セール 2017/ブランド品,ロンハーマン Ron Herman RH メッシュキャップ 帽子,"<img border=""0"" src=""http://image.rakuten.co.jp/cavatina/cabinet/ronherman-01/ronherman-020.jpg"" width=""100%"" alt=""ブランド正規品""><br>
<img border=""0"" src=""http://image.rakuten.co.jp/cavatina/cabinet/ronherman-01/ronherman-020_1.jpg"" width=""100%"" alt=""ブランド正規品""><br>
<br>
<br>
商品サイズ(約):ツバの長さ：8cm サイズ：FREE<BR><BR>
仕様:メッシュキャップ<BR><BR>
カラー＆品番:NAVY  STANDARD CALFORNIA for RHC CAP<BR><BR>
付属品:なし<BR><BR>
 関連キーワード：敬老の日 入社祝い 入学祝い 卒業祝い お返し セール プレゼント ギフト 贈り物 ギフトセット 2017春夏 2017年 2way おしゃれ かわいい<br><br>324円有料ラッピングもしちゃうよッ☆<br><br>人気のティファニーはこちらから！！<br><br>母の日早割！！今買うとお得な価格でGETのチャンス！！<br><br>新着アイテムはコチラ！！<br><br>
ロンハーマンの全アイテムを見る！！<br><br>",ロンハーマン Ron Herman RH メッシュキャップ 帽子 NAVY ネイビー スタンダードカリフォルニア STANDARD CALFORNIA 正規品/就職祝い 新生活 敬老の日 セール 2017/ブランド品：ワールドギフト　カヴァティーナ,アナスイの財布から香水・アクセサリーなどの雑貨まで多数取り揃えております。サマンサタバサは楽しく素敵に&rdquo;女性のライフスタイルを演出し、多くの女性に支持されるブランドルイヴィトンの財布をご紹介します。さまざまなデザインと機能性を兼ね備えた長財布 や小銭入れなどを取り揃えています。ルイ・ヴィトンの財布＆小物のラインナップクロエ（Chloe）の最新アイテムを通販！クロエ（Chloe）の定番から日本未入荷、 入手困難なアイテムを世界のバイヤーからいち早く通販コーチ(COACH)今季の新作ハンドバッグやお財布、 リストレットや小銭入れ、アパレルとジュエリー、そして人気のメンズアイテムが勢揃い。ボッテガヴェネタ 最新コレクション情報、新作アイテム、ストア 情報の紹介から、メンズ・レディースのバッグ、財布、アクセサリー、小物などの取り扱いMarimekko（マリメッコ）世界中の人に愛されているフィンランドのライフ スタイルブランド。特徴的なパターンをもとに、ファッション・インテリア・バッグ・生活雑貨などデュベティカ（DUVETICA）2002年よりイタリア、ベニス郊外のモリアーノ・ベネトでダウンのスペシャリスト達が集結 し誕生。シャネル(chanel)を通販でお届けします。ファッション＆アクセサリー、フレグランス＆ビューティ、 ウォッチ＆ファイン ジュエリー、それぞれの最新クリエイションをご覧ください。MARY QUANT マリークワント ファッション; トップス＆ボトムス ・ バッグ＆ポーチ ・ アクセサリー ・ 小物・などを中心とした人気のアイテムを通信販売人気ブランドのバレンシアガ（BALENCIAGA）の商品を紹介しています。新作 バッグや財布など情報満載！ハンティングワールド(HUNTING WORLD)上品でクラシックなブリティッシュテイストや自然のなか に存在するダイナミックさを創造させるカラーイメージや素材感レペット（repetto）の最新アイテムを通販！レペット（repetto）の定番から日本未 入荷、入手困難なアイテムを世界のバイヤーからいち早く通販ゴヤール 通販店舗ゴヤール サンルイゴヤール バッグゴヤール 財布 リーズナブルな価格でご提供.ゴヤール サンルイゴヤール バッグゴヤール 財布高 品質のゴヤール商品！人気ブランドのロエベ（LOEWE）の商品を紹介しています。新作バッグや財布 など情報満載！セール商品や送料無料商品など取扱商品数が日本最大 級のインターネット通販サイト人気ブランドのエルメス（HERMES）の商品を紹介しています。新作バッグや 財布など情報満載！&hellip;バーキンやケリー・ガーデンパーティ・フールトゥなど幅広く 取り揃えています。ガガミラノ【GaGa Milano】、メッシ愛用のシーピーファイブ【CP5】正規品 バランススタイル！今、話題のレイン【REIGN】やヴァベーネ【VABENE】サングラスなど 、どこよりも品揃えも豊富です！ポールスミス(Paul Smith)通販サイト 財布長財布手帳名刺入れカードケース キーケースコインケース定期入れのメンズ商品一覧クリスチャンルブタン（Christian Louboutin）の最新アイテムを通販で！クリスチャン ルブタン（Christian Louboutin）の定番から日本未入荷、入手困難なアイテムを世界の バイヤーからいち早く通販ライジング ウェーブ ゼロ ギルティー100ml RISINGWAVE ZERO GUILTY 100ml　は、戦いを重ねた男の心に宿る落ち着きと強さを表現した香り自然に香り立つ色気を演出。ロンハーマン Ron Herman RH メッシュキャップ 帽子 NAVY ネイビー スタンダードカリフォルニア STANDARD CALFORNIA 正規品/就職祝い 新生活 敬老の日 セール 2017/ブランド品,ロンハーマン Ron Herman RH メッシュキャップ 帽子。ロンハーマン Ron Herman RH メッシュキャップ 帽子 NAVY ネイビー スタンダードカリフォルニア STANDARD CALFORNIA 正規品/就職祝い 新生活 敬老の日 セール 2017/ブランド品[rn]
13-36545,http://tshop.r10s.jp/cavatina/cabinet/ronherman-01/ronherman-033.jpg?fitin=700:700,8640.0000,,バッグ・小物・ブランド雑貨 > 帽子 > メンズ帽子 > キャップ,送料無料 新品 ロンハーマン Ron Herman RH メンズ RHC×SURTコラボキャップ 帽子 デニム ART SURF SKATE CAP 正規品/ホワイトデー お返し セール 2017/ブランド品 シンプル,ロンハーマン Ron Herman デニム キャップ サート,"商品サイズ(約):ワンサイズ　（調節可能）<BR>
仕様:RHC×SURTコラボキャップ<BR>
素材:デニム<BR>
カラー＆品番:LIGHT BLUE  ART SURF SKATE CAP<BR>
付属品:なし<BR>",送料無料 新品 ロンハーマン Ron Herman RH メンズ RHC&times;SURTコラボキャップ 帽子 デニム ART SURF SKATE CAP 正規品/ホワイトデー お返し セール 2017/ブランド品 シンプル：ワールドギフト　カヴァティーナ,アナスイの財布から香水・アクセサリーなどの雑貨まで多数取り揃えております。サマンサタバサは楽しく素敵に&rdquo;女性のライフスタイルを演出し、多くの女性に支持されるブランドルイヴィトンの財布をご紹介します。さまざまなデザインと機能性を兼ね備えた長財布 や小銭入れなどを取り揃えています。ルイ・ヴィトンの財布＆小物のラインナップクロエ（Chloe）の最新アイテムを通販！クロエ（Chloe）の定番から日本未入荷、 入手困難なアイテムを世界のバイヤーからいち早く通販コーチ(COACH)今季の新作ハンドバッグやお財布、 リストレットや小銭入れ、アパレルとジュエリー、そして人気のメンズアイテムが勢揃い。ボッテガヴェネタ 最新コレクション情報、新作アイテム、ストア 情報の紹介から、メンズ・レディースのバッグ、財布、アクセサリー、小物などの取り扱いMarimekko（マリメッコ）世界中の人に愛されているフィンランドのライフ スタイルブランド。特徴的なパターンをもとに、ファッション・インテリア・バッグ・生活雑貨などデュベティカ（DUVETICA）2002年よりイタリア、ベニス郊外のモリアーノ・ベネトでダウンのスペシャリスト達が集結 し誕生。シャネル(chanel)を通販でお届けします。ファッション＆アクセサリー、フレグランス＆ビューティ、 ウォッチ＆ファイン ジュエリー、それぞれの最新クリエイションをご覧ください。MARY QUANT マリークワント ファッション; トップス＆ボトムス ・ バッグ＆ポーチ ・ アクセサリー ・ 小物・などを中心とした人気のアイテムを通信販売人気ブランドのバレンシアガ（BALENCIAGA）の商品を紹介しています。新作 バッグや財布など情報満載！ハンティングワールド(HUNTING WORLD)上品でクラシックなブリティッシュテイストや自然のなか に存在するダイナミックさを創造させるカラーイメージや素材感レペット（repetto）の最新アイテムを通販！レペット（repetto）の定番から日本未 入荷、入手困難なアイテムを世界のバイヤーからいち早く通販ゴヤール 通販店舗ゴヤール サンルイゴヤール バッグゴヤール 財布 リーズナブルな価格でご提供.ゴヤール サンルイゴヤール バッグゴヤール 財布高 品質のゴヤール商品！人気ブランドのロエベ（LOEWE）の商品を紹介しています。新作バッグや財布 など情報満載！セール商品や送料無料商品など取扱商品数が日本最大 級のインターネット通販サイト人気ブランドのエルメス（HERMES）の商品を紹介しています。新作バッグや 財布など情報満載！&hellip;バーキンやケリー・ガーデンパーティ・フールトゥなど幅広く 取り揃えています。ガガミラノ【GaGa Milano】、メッシ愛用のシーピーファイブ【CP5】正規品 バランススタイル！今、話題のレイン【REIGN】やヴァベーネ【VABENE】サングラスなど 、どこよりも品揃えも豊富です！ポールスミス(Paul Smith)通販サイト 財布長財布手帳名刺入れカードケース キーケースコインケース定期入れのメンズ商品一覧クリスチャンルブタン（Christian Louboutin）の最新アイテムを通販で！クリスチャン ルブタン（Christian Louboutin）の定番から日本未入荷、入手困難なアイテムを世界の バイヤーからいち早く通販ライジング ウェーブ ゼロ ギルティー100ml RISINGWAVE ZERO GUILTY 100ml　は、戦いを重ねた男の心に宿る落ち着きと強さを表現した香り自然に香り立つ色気を演出。送料無料 新品 ロンハーマン Ron Herman RH メンズ RHC&times;SURTコラボキャップ 帽子 デニム ART SURF SKATE CAP 正規品/ホワイトデー お返し セール 2017/ブランド品 シンプル,ロンハーマン Ron Herman デニム キャップ サート。送料無料 新品 ロンハーマン Ron Herman RH メンズ RHC&times;SURTコラボキャップ 帽子 デニム ART SURF SKATE CAP 正規品/ホワイトデー お返し セール 2017/ブランド品 シンプル[rn]
13-36546,http://tshop.r10s.jp/cavatina/cabinet/ronherman-01/ronherman-064.jpg?fitin=700:700,7840.0000,,バッグ・小物・ブランド雑貨 > 帽子 > メンズ帽子 > キャップ,ロンハーマン Ron Herman RH 帽子 キャップ メンズ メッシュキャップ CIA C.I.A CAP オリーブ OLIVE 正規品/就職祝い 敬老の日 セール 2017/ブランド品,ロンハーマン Ron Herman メンズ プレゼント,"商品サイズ(約):ワンサイズ　（調節可能）<BR>
仕様:キャップ<BR>
カラー＆品番:オリーブ OLIVE<BR>
付属品:なし<BR>",ロンハーマン Ron Herman RH 帽子 キャップ メンズ メッシュキャップ CIA C.I.A CAP オリーブ OLIVE 正規品/就職祝い 敬老の日 セール 2017/ブランド品：ワールドギフト　カヴァティーナ,アナスイの財布から香水・アクセサリーなどの雑貨まで多数取り揃えております。サマンサタバサは楽しく素敵に&rdquo;女性のライフスタイルを演出し、多くの女性に支持されるブランドルイヴィトンの財布をご紹介します。さまざまなデザインと機能性を兼ね備えた長財布 や小銭入れなどを取り揃えています。ルイ・ヴィトンの財布＆小物のラインナップクロエ（Chloe）の最新アイテムを通販！クロエ（Chloe）の定番から日本未入荷、 入手困難なアイテムを世界のバイヤーからいち早く通販コーチ(COACH)今季の新作ハンドバッグやお財布、 リストレットや小銭入れ、アパレルとジュエリー、そして人気のメンズアイテムが勢揃い。ボッテガヴェネタ 最新コレクション情報、新作アイテム、ストア 情報の紹介から、メンズ・レディースのバッグ、財布、アクセサリー、小物などの取り扱いMarimekko（マリメッコ）世界中の人に愛されているフィンランドのライフ スタイルブランド。特徴的なパターンをもとに、ファッション・インテリア・バッグ・生活雑貨などデュベティカ（DUVETICA）2002年よりイタリア、ベニス郊外のモリアーノ・ベネトでダウンのスペシャリスト達が集結 し誕生。シャネル(chanel)を通販でお届けします。ファッション＆アクセサリー、フレグランス＆ビューティ、 ウォッチ＆ファイン ジュエリー、それぞれの最新クリエイションをご覧ください。MARY QUANT マリークワント ファッション; トップス＆ボトムス ・ バッグ＆ポーチ ・ アクセサリー ・ 小物・などを中心とした人気のアイテムを通信販売人気ブランドのバレンシアガ（BALENCIAGA）の商品を紹介しています。新作 バッグや財布など情報満載！ハンティングワールド(HUNTING WORLD)上品でクラシックなブリティッシュテイストや自然のなか に存在するダイナミックさを創造させるカラーイメージや素材感レペット（repetto）の最新アイテムを通販！レペット（repetto）の定番から日本未 入荷、入手困難なアイテムを世界のバイヤーからいち早く通販ゴヤール 通販店舗ゴヤール サンルイゴヤール バッグゴヤール 財布 リーズナブルな価格でご提供.ゴヤール サンルイゴヤール バッグゴヤール 財布高 品質のゴヤール商品！人気ブランドのロエベ（LOEWE）の商品を紹介しています。新作バッグや財布 など情報満載！セール商品や送料無料商品など取扱商品数が日本最大 級のインターネット通販サイト人気ブランドのエルメス（HERMES）の商品を紹介しています。新作バッグや 財布など情報満載！&hellip;バーキンやケリー・ガーデンパーティ・フールトゥなど幅広く 取り揃えています。ガガミラノ【GaGa Milano】、メッシ愛用のシーピーファイブ【CP5】正規品 バランススタイル！今、話題のレイン【REIGN】やヴァベーネ【VABENE】サングラスなど 、どこよりも品揃えも豊富です！ポールスミス(Paul Smith)通販サイト 財布長財布手帳名刺入れカードケース キーケースコインケース定期入れのメンズ商品一覧クリスチャンルブタン（Christian Louboutin）の最新アイテムを通販で！クリスチャン ルブタン（Christian Louboutin）の定番から日本未入荷、入手困難なアイテムを世界の バイヤーからいち早く通販ライジング ウェーブ ゼロ ギルティー100ml RISINGWAVE ZERO GUILTY 100ml　は、戦いを重ねた男の心に宿る落ち着きと強さを表現した香り自然に香り立つ色気を演出。ロンハーマン Ron Herman RH 帽子 キャップ メンズ メッシュキャップ CIA C.I.A CAP オリーブ OLIVE 正規品/就職祝い 敬老の日 セール 2017/ブランド品,ロンハーマン Ron Herman メンズ プレゼント。ロンハーマン Ron Herman RH 帽子 キャップ メンズ メッシュキャップ CIA C.I.A CAP オリーブ OLIVE 正規品/就職祝い 敬老の日 セール 2017/ブランド品[rn]
13-36547,http://tshop.r10s.jp/cavatina/cabinet/ronherman-01/ronherman-015.jpg?fitin=700:700,7840.0000,,バッグ・小物・ブランド雑貨 > 帽子 > メンズ帽子 > キャップ,ロンハーマン Ron Herman RH メッシュキャップ 帽子 RED レッド キックスハワイ コラボ KICKS 正規品/就職祝い 新生活 敬老の日 セール 2017/ブランド品,ロンハーマン Ron Herman RH メッシュキャップ,"<img border=""0"" src=""http://image.rakuten.co.jp/cavatina/cabinet/ronherman-01/ronherman-015.jpg"" width=""100%"" alt=""ブランド正規品""><br>
<img border=""0"" src=""http://image.rakuten.co.jp/cavatina/cabinet/ronherman-01/ronherman-015_1.jpg"" width=""100%"" alt=""ブランド正規品""><br>
<br>
<br>
商品サイズ(約):ツバの長さ：8cm サイズ：FREE<BR><BR>
仕様:メッシュキャップ<BR><BR>
カラー＆品番:RED  KICKS for RHC CAP<BR><BR>
付属品:なし<BR><BR>
 関連キーワード：敬老の日 入社祝い 入学祝い 卒業祝い お返し セール プレゼント ギフト 贈り物 ギフトセット 2017春夏 2017年 2way おしゃれ かわいい<br><br>324円有料ラッピングもしちゃうよッ☆<br><br>人気のティファニーはこちらから！！<br><br>母の日早割！！今買うとお得な価格でGETのチャンス！！<br><br>新着アイテムはコチラ！！<br><br>
ロンハーマンの全アイテムを見る！！<br><br>",ロンハーマン Ron Herman RH メッシュキャップ 帽子 RED レッド キックスハワイ コラボ KICKS 正規品/就職祝い 新生活 敬老の日 セール 2017/ブランド品：ワールドギフト　カヴァティーナ,アナスイの財布から香水・アクセサリーなどの雑貨まで多数取り揃えております。サマンサタバサは楽しく素敵に&rdquo;女性のライフスタイルを演出し、多くの女性に支持されるブランドルイヴィトンの財布をご紹介します。さまざまなデザインと機能性を兼ね備えた長財布 や小銭入れなどを取り揃えています。ルイ・ヴィトンの財布＆小物のラインナップクロエ（Chloe）の最新アイテムを通販！クロエ（Chloe）の定番から日本未入荷、 入手困難なアイテムを世界のバイヤーからいち早く通販コーチ(COACH)今季の新作ハンドバッグやお財布、 リストレットや小銭入れ、アパレルとジュエリー、そして人気のメンズアイテムが勢揃い。ボッテガヴェネタ 最新コレクション情報、新作アイテム、ストア 情報の紹介から、メンズ・レディースのバッグ、財布、アクセサリー、小物などの取り扱いMarimekko（マリメッコ）世界中の人に愛されているフィンランドのライフ スタイルブランド。特徴的なパターンをもとに、ファッション・インテリア・バッグ・生活雑貨などデュベティカ（DUVETICA）2002年よりイタリア、ベニス郊外のモリアーノ・ベネトでダウンのスペシャリスト達が集結 し誕生。シャネル(chanel)を通販でお届けします。ファッション＆アクセサリー、フレグランス＆ビューティ、 ウォッチ＆ファイン ジュエリー、それぞれの最新クリエイションをご覧ください。MARY QUANT マリークワント ファッション; トップス＆ボトムス ・ バッグ＆ポーチ ・ アクセサリー ・ 小物・などを中心とした人気のアイテムを通信販売人気ブランドのバレンシアガ（BALENCIAGA）の商品を紹介しています。新作 バッグや財布など情報満載！ハンティングワールド(HUNTING WORLD)上品でクラシックなブリティッシュテイストや自然のなか に存在するダイナミックさを創造させるカラーイメージや素材感レペット（repetto）の最新アイテムを通販！レペット（repetto）の定番から日本未 入荷、入手困難なアイテムを世界のバイヤーからいち早く通販ゴヤール 通販店舗ゴヤール サンルイゴヤール バッグゴヤール 財布 リーズナブルな価格でご提供.ゴヤール サンルイゴヤール バッグゴヤール 財布高 品質のゴヤール商品！人気ブランドのロエベ（LOEWE）の商品を紹介しています。新作バッグや財布 など情報満載！セール商品や送料無料商品など取扱商品数が日本最大 級のインターネット通販サイト人気ブランドのエルメス（HERMES）の商品を紹介しています。新作バッグや 財布など情報満載！&hellip;バーキンやケリー・ガーデンパーティ・フールトゥなど幅広く 取り揃えています。ガガミラノ【GaGa Milano】、メッシ愛用のシーピーファイブ【CP5】正規品 バランススタイル！今、話題のレイン【REIGN】やヴァベーネ【VABENE】サングラスなど 、どこよりも品揃えも豊富です！ポールスミス(Paul Smith)通販サイト 財布長財布手帳名刺入れカードケース キーケースコインケース定期入れのメンズ商品一覧クリスチャンルブタン（Christian Louboutin）の最新アイテムを通販で！クリスチャン ルブタン（Christian Louboutin）の定番から日本未入荷、入手困難なアイテムを世界の バイヤーからいち早く通販ライジング ウェーブ ゼロ ギルティー100ml RISINGWAVE ZERO GUILTY 100ml　は、戦いを重ねた男の心に宿る落ち着きと強さを表現した香り自然に香り立つ色気を演出。ロンハーマン Ron Herman RH メッシュキャップ 帽子 RED レッド キックスハワイ コラボ KICKS 正規品/就職祝い 新生活 敬老の日 セール 2017/ブランド品,ロンハーマン Ron Herman RH メッシュキャップ。ロンハーマン Ron Herman RH メッシュキャップ 帽子 RED レッド キックスハワイ コラボ KICKS 正規品/就職祝い 新生活 敬老の日 セール 2017/ブランド品[rn]
13-36548,http://tshop.r10s.jp/vantann/cabinet/01421072/01690864/imgrc0063832077.jpg?fitin=700:700,1872.0000,,バッグ・小物・ブランド雑貨 > 帽子 > メンズ帽子 > キャップ,送料無料）グレイトフル・デッド (Grateful Dead) メンズ　帽子　メッシュ生地キャップ(B柄）,送料無料）グレイトフル・デッド (Grateful Dead),"<link rel=""stylesheet""　　　　　　　　　　　        
href=""http://www.rakuten.ne.jp/gold/vantann/rakutenstyle.css""><BR>
■サイズ<BR>
フリー58cm<BR><BR>
■品質<BR>
本体：ポリエステル100％<BR><BR>
メッシュ：ポリエステル100％<BR><BR>
■詳細<BR>
・グレイトフル・デッド (Grateful Dead)の帽子<BR><BR>
・グレイトフル・デッド (Grateful Dead) は、アメリカのロックバンド。1965年にカリフォルニア州サンフランシスコで結成された。<BR><BR>そのほかのメンズアパレルはこちら→",送料無料）グレイトフル・デッド (Grateful Dead) メンズ　帽子　メッシュ生地キャップ(B柄）：メンズインナーSHOPバンタン,ステテコチャンピオンアディダスヘインズ高島ちぢみサーマルSAPPY楽天 下着 メンズあったかBVD東レグンゼ父の日チャンピオンメンズ脇汗対策送料無料）グレイトフル・デッド (Grateful Dead) メンズ　帽子　メッシュ生地キャップ(B柄）,送料無料）グレイトフル・デッド (Grateful Dead)。送料無料）グレイトフル・デッド (Grateful Dead) メンズ　帽子　メッシュ生地キャップ(B柄）[rn]
13-36549,http://tshop.r10s.jp/vantann/cabinet/shop/01170431/img56047022.jpg?fitin=700:700,1040.0000,,メンズファッション > トップス > Tシャツ > 長袖 > プリント,【THE　PREMIUM　TENDER】マイクロＦＩＴ！長袖クルーネックＴシャツ【ハウンズ・トゥース】【％OFF】,スタイリッシュ＆ラグジュアリー,"■サイズ<BR>
Ｓ　チェスト80-88cm<BR>

Ｍ　チェスト88-96cm<BR>

Ｌ　チェスト96-104cm<BR>

ＬＬ　チェスト104-112cm<BR>
<BR>


■品質<BR>

ナイロン90％ポリウレタン10％<BR>
<BR>


■詳細<BR>
・柄入りのFITシャツの登場！<BR>
・無地のフィットするシャツが多くなってきましたが、<BR>
こちらはなんと柄入りのフィットするインナーシャツです。<BR>
・デザイナー自身がこんなの欲しかったを形にしております。<BR>
・一度お試しください！PREMIUMシャツ（半袖長袖、丸首Ｖ首）→/
PREMIUMすべて（ボクサーやビキニも）/
人気ＳＡＰＰＹ/",【THE　PREMIUM　TENDER】マイクロＦＩＴ！長袖クルーネックＴシャツ【ハウンズ・トゥース】【％OFF】：メンズインナーSHOPバンタン,ステテコチャンピオンアディダスヘインズ高島ちぢみサーマルSAPPY楽天 下着 メンズあったかBVD東レグンゼ父の日チャンピオンメンズ脇汗対策【THE　PREMIUM　TENDER】マイクロＦＩＴ！長袖クルーネックＴシャツ【ハウンズ・トゥース】【％OFF】,スタイリッシュ＆ラグジュアリー。【THE　PREMIUM　TENDER】マイクロＦＩＴ！長袖クルーネックＴシャツ【ハウンズ・トゥース】【％OFF】[rn]
13-36550,http://tshop.r10s.jp/vantann/cabinet/01421072/01571733/imgrc0069821986.jpg?fitin=700:700,2208.0000,,メンズファッション > トップス > Tシャツ > 長袖 > プリント,PUMA(プーマ)長袖ｔシャツ（コットン100％吸汗速乾）,送料無料プーマＰＵＭＡロングスリーブｔシャツ,"■サイズ<BR>
M胸囲89-95（着丈68身幅50袖丈61）<BR>
L胸囲93-99（着丈70身幅53袖丈63）<BR>
<BR>

モデル身長175胸囲98（L)着用<BR><BR>


■品質<BR>
綿１００％<BR><BR>

■詳細<BR>
・ＰＵＭＡメンズアパレル<BR><BR>


人気ブランドPUMA(プーマ)のトレーニング メンズ ロングスリーブ。<BR><BR>
コットン100%のLS Tee。<BR><BR>

厚盛プリントとラバープリントを再起反射を使用したグラフィックを使用。<BR><BR>

DRY CELL(吸汗速乾)機能付。<BR><BR>
【DRY CELL】吸水速乾の高機能素材により運動中の衣服内はドライで快適<BR><BR>
【PUMA TRAINING】<BR><BR>
PUMA特集→ほぼすべて商品で割引",PUMA(プーマ)長袖ｔシャツ（コットン100％吸汗速乾）：メンズインナーSHOPバンタン,ステテコチャンピオンアディダスヘインズ高島ちぢみサーマルSAPPY楽天 下着 メンズあったかBVD東レグンゼ父の日チャンピオンメンズ脇汗対策PUMA(プーマ)長袖ｔシャツ（コットン100％吸汗速乾）,送料無料プーマＰＵＭＡロングスリーブｔシャツ。PUMA(プーマ)長袖ｔシャツ（コットン100％吸汗速乾）[rn]
13-36551,http://tshop.r10s.jp/limited2nd/cabinet/top/ny175.jpg?fitin=700:700,518.4000,,メンズファッション > トップス > Tシャツ > 長袖 > プリント,【送料無料】メール便 Tシャツ メンズ 長袖 カットソー ロンt ロングtシャツ クルー vネック アメカジ ロゴ ミリタリー 通販M1【NY175】,オールシーズンで使える定番長袖Tシャツ,"<img src=""http://image.rakuten.co.jp/limited2nd/cabinet/img14/ny175-y1.jpg"" width=""100%""><br>
<img src=""http://image.rakuten.co.jp/limited2nd/cabinet/img14/ny175-y2.jpg"" width=""100%""><br>
<img src=""http://image.rakuten.co.jp/limited2nd/cabinet/img14/ny175-y3.jpg"" width=""100%""><br>
<img src=""http://image.rakuten.co.jp/limited2nd/cabinet/img14/ny175-y4.jpg"" width=""100%""><br>
<img src=""http://image.rakuten.co.jp/limited2nd/cabinet/img14/ny175-y5.jpg"" width=""100%""><br>

<table width=""100%"" cellpadding=""5"" border=""0"">
  <tr>
    <td><hr></td>
  </tr>
  <tr>
    <td>◆商品説明</td>
  </tr>
  <tr>
    <td>オールシーズンで使える定番長袖Tシャツのご紹介です。<br>
柔らかで肌触りの良い薄手のTC天竺素材を使用しております。<br>
合計18のバリエーションからお選びいただける、リミテッドオリジナルTシャツです。<br>
アメカジからストリートまで幅広いアイテムと合わせられる<br>
カジュアルスタイルにオススメの着回しのきくアイテムです。</td>
  </tr>
  <tr>
    <td><hr></td>
  </tr>
  <tr>
    <td>◆モデルコメント</td>
  </tr>
  <tr>
    <td>Mサイズでぴったり、Lサイズでゆったりでした。<br>
自分で購入するならMサイズを選びます。<br>
<br>
=身長170cm、体重60kg、胸囲84cmのモデルがMサイズを着用=</td>
  </tr>
  <tr>
    <td><hr></td>
  </tr>
  <tr>
    <td>◆サイズ</td>
  </tr>
  <tr>
    <td><table border=""0"" width=""100%"" cellspacing=""1"" cellpadding=""0"" bgcolor=""#606060"">
<tr bgcolor=""#efefef"" align=""center"" valign=""middle""> 
<td></td>
<td>着丈</td>
<td>身幅</td>
<td>肩幅</td>
<td>袖丈</td>
<td>裾幅</td>
<td>袖口</td>
</tr>

<tr bgcolor=""#ffffff"" align=""center"" valign=""middle""> 
<td>M</td>
<td>66.5</td>
<td>47</td>
<td>42</td>
<td>59</td>
<td>47</td>
<td>10</td>
</tr>

<tr bgcolor=""#efefef"" align=""center"" valign=""middle"">
<td>L</td>
<td>69</td>
<td>51</td>
<td>44</td>
<td>61</td>
<td>51</td>
<td>10</td>
</tr>

<tr bgcolor=""#ffffff"" align=""center"" valign=""middle""> 
<td>LL</td>
<td>71</td>
<td>53</td>
<td>45</td>
<td>64</td>
<td>53</td>
<td>10.5</td>
</tr>

<tr bgcolor=""#efefef"" align=""center"" valign=""middle"">
<td>3L</td>
<td>75</td>
<td>56</td>
<td>46</td>
<td>65</td>
<td>56</td>
<td>11</td>
</tr>

</table>
<br>
<br>
実寸法の為、多少の誤差がある場合がございます。(単位：cm)
<br>

    </td>
  </tr>
  <tr>
    <td><hr></td>
  </tr>
  <tr>
    <td>◆素材</td>
  </tr>
  <tr>
    <td>ポリエステル65％、綿35％</td>
  </tr>
  <tr>
    <td><hr></td>
  </tr>
</table>",【送料無料】メール便 Tシャツ メンズ 長袖 カットソー ロンt ロングtシャツ クルー vネック アメカジ ロゴ ミリタリー 通販M1【NY175】：LIMITED 2ND,【送料無料】メール便 Tシャツ メンズ 長袖 カットソー ロンt ロングtシャツ クルー vネック アメカジ ロゴ ミリタリー 通販M1【NY175】,オールシーズンで使える定番長袖Tシャツ。【送料無料】メール便 Tシャツ メンズ 長袖 カットソー ロンt ロングtシャツ クルー vネック アメカジ ロゴ ミリタリー 通販M1【NY175】[rn]
13-36552,http://tshop.r10s.jp/vantann/cabinet/02037983/imgrc0064628667.jpg?fitin=700:700,1280.0000,,メンズファッション > トップス > Tシャツ > 長袖 > プリント,送料無料ドナルドダッグの長袖 ロンｔシャツ（メンズ アパレル）Disneyディズニーキャラクターグッズ,Disneyディズニー,"<table width=""100%"" cellpadding=""0"" cellspacing=""0"" border=""0"" align=""center"">
<tr>
<td><font size=""3"">ディズニーキャラ　ドナルドダッグのロンｔ</font></td>
</tr>
<tr>
<td><img src=""http://image.rakuten.co.jp/vantann/cabinet/02037983/imgrc0064628683.jpg"" width=""100%""></td>
</tr>
<tr>
<td><img src=""http://image.rakuten.co.jp/vantann/cabinet/02037983/imgrc0064628684.jpg"" width=""100%""></td>
</tr>
<tr>
<td><img src=""http://image.rakuten.co.jp/vantann/cabinet/02037983/imgrc0064628667.jpg"" width=""100%""></td>
</tr>

</table> ■サイズ<BR>
M　胸囲88-96（着丈66身幅48そで丈60）<BR>
L　胸囲96-104（着丈68身幅50そで丈61）<BR>
モデル胸囲98（L)着用<BR><BR>

■品質<BR>
綿60％ポリエステル40％<BR><BR>

■詳細<BR>
・ディズニーのキャラクター（ドナルドダッグ）より
秋冬ロングスリーブｔシャツ登場<BR><BR>
・薄手の生地でIN/OUT問わず着用でき便利<BR><BR>



・キャラクター特集→<BR><BR>",送料無料ドナルドダッグの長袖 ロンｔシャツ（メンズ アパレル）Disneyディズニーキャラクターグッズ：メンズインナーSHOPバンタン,ステテコチャンピオンアディダスヘインズ高島ちぢみサーマルSAPPY楽天 下着 メンズあったかBVD東レグンゼ父の日チャンピオンメンズ脇汗対策送料無料ドナルドダッグの長袖 ロンｔシャツ（メンズ アパレル）Disneyディズニーキャラクターグッズ,Disneyディズニー。送料無料ドナルドダッグの長袖 ロンｔシャツ（メンズ アパレル）Disneyディズニーキャラクターグッズ[rn]
13-36553,http://tshop.r10s.jp/vantann/cabinet/category/01349369/01410924/imgrc0064522380.jpg?fitin=700:700,2640.0000,,メンズファッション > トップス > Tシャツ > 長袖 > プリント,アディダス (adidas)モードミックス（胸ポケット）長袖Tシャツ BCN68（ロングスリーブｔ）,アディダス長袖ポケ付きＴシャツ,"<table width=""100%"" cellpadding=""0"" cellspacing=""0"" border=""0"" align=""center"">
<tr>
<td><font size=""3"">アディダス (adidas)モードミックス（胸ポケット）長袖Tシャツ BCN68（ロングスリーブｔ）メンズ</font></td>
</tr>
<tr>
<td><img src=""http://image.rakuten.co.jp/vantann/cabinet/category/01349369/01410924/imgrc0064522393.jpg"" width=""100%""></td>
</tr>
<tr>
<td><img src=""http://image.rakuten.co.jp/vantann/cabinet/category/01349369/01410924/imgrc0064522394.jpg"" width=""100%""></td>
</tr>
<tr>
<td><img src=""http://image.rakuten.co.jp/vantann/cabinet/category/01349369/01410924/imgrc0064522458.jpg"" width=""100%""></td>
</tr>

</table> 

■サイズ(ＪＡＳＰＯ規格)<BR><BR>

Ｍサイズ：167-173ｃｍ(胸囲89-95cm)(実寸着丈66身幅55袖丈60）<BR><BR>
Ｌサイズ：172-178ｃｍ(胸囲93-99cm)(実寸着丈68身幅51袖丈61）<BR><BR>
Ｏサイズ：177-183ｃｍ（胸囲97-103cm）(実寸着丈70身幅52袖丈62）<BR><BR>



■品質<BR><BR>

綿100％<BR><BR>
シングルジャージー<BR><BR>

■詳細<BR><BR>
・アディダス (adidas)モードミックス（胸ポケット）長袖Tシャツ BCN68（ロングスリーブｔ）<BR><BR>
・adidas NEO Label（アディダス ネオ レーベル）<BR><BR>
今季のHi-MIXレンジはトレンドの90年代調のデザイン。<BR><BR>
ウィンターコレクションのモードミックスシリーズ。<BR><BR>
ワイド３ストライプがポイントの長袖Tシャツ。<BR><BR>
サイドのカッティングがスタイルをよく見せる仕様です。<BR><BR>
（Lサイズ：着丈68）<BR><BR>・アディダス特集→<BR><BR>
・メンズアパレル特集→<BR><BR>",アディダス (adidas)モードミックス（胸ポケット）長袖Tシャツ BCN68（ロングスリーブｔ）：メンズインナーSHOPバンタン,ステテコチャンピオンアディダスヘインズ高島ちぢみサーマルSAPPY楽天 下着 メンズあったかBVD東レグンゼ父の日チャンピオンメンズ脇汗対策アディダス (adidas)モードミックス（胸ポケット）長袖Tシャツ BCN68（ロングスリーブｔ）,アディダス長袖ポケ付きＴシャツ。アディダス (adidas)モードミックス（胸ポケット）長袖Tシャツ BCN68（ロングスリーブｔ）[rn]
13-36554,http://tshop.r10s.jp/vantann/cabinet/ikou_20090615/01242462/imgrc0062649074.jpg?fitin=700:700,1467.2000,,メンズファッション > トップス > Tシャツ > 長袖 > プリント,送料無料SAPPY（サピー）クルーネックロングスリーブTシャツ（メンズストレッチインナー）オールシーズン用（D-604　sappyロンＴ）,SAPPYのオールシーズン用ロンＴ,"■サイズ<BR>
Ｍ　胸囲88-96（実寸約　着丈64身幅40そで丈55）<BR><BR>
Ｌ　胸囲96-104（実寸約　着丈68身幅42そで丈57）<BR><BR>
ＬＬ　胸囲104-112（実寸約　着丈70身幅44そで丈58）<BR><BR>

■品質<BR>
ポリエステル90％ポリウレタン10％<BR>
オールシーズン用ストレッチ<BR><BR>

■詳細<BR><BR>
■限定送料無料■<BR><BR>
・SAPPY（サピー）ブランドのストレッチインナー<BR><BR>
・なかなかストレッチがありフィットするお洒落なインナーシャツがないということで生産されたご要望多数の商品！！<BR><BR>

・カジュアルにスポーツにオススメ<BR><BR>
・かっこいいスポーティーなロングＴシャツです<BR><BR>
・エステルベア天ストレッチ生地<BR><BR>

・一度お試しくださいませ
<BR><BR>


SAPPY特集→",送料無料SAPPY（サピー）クルーネックロングスリーブTシャツ（メンズストレッチインナー）オールシーズン用（D-604　sappyロンＴ）：メンズインナーSHOPバンタン,ステテコチャンピオンアディダスヘインズ高島ちぢみサーマルSAPPY楽天 下着 メンズあったかBVD東レグンゼ父の日チャンピオンメンズ脇汗対策送料無料SAPPY（サピー）クルーネックロングスリーブTシャツ（メンズストレッチインナー）オールシーズン用（D-604　sappyロンＴ）,SAPPYのオールシーズン用ロンＴ。送料無料SAPPY（サピー）クルーネックロングスリーブTシャツ（メンズストレッチインナー）オールシーズン用（D-604　sappyロンＴ）[rn]
13-36555,http://tshop.r10s.jp/limited2nd/cabinet/top/rq0655b.jpg?fitin=700:700,518.4000,,メンズファッション > トップス > Tシャツ > 長袖 > プリント,送料無料 プリントロンT メンズ 長袖Tシャツ 3L 4L 大きめ キングサイズ ロングTシャツ 通販M【RQ0655】,3L4Lの大きめサイズ豊富なカラバリ。定番のプリントロンT,"<img src=""http://image.rakuten.co.jp/limited2nd/cabinet/img12/rq0655-s1.jpg"" width=""100%""><br><br><br><br>
<img src=""http://image.rakuten.co.jp/limited2nd/cabinet/img12/rq0655-s2.jpg"" width=""100%""><br><br><br><br>
<img src=""http://image.rakuten.co.jp/limited2nd/cabinet/img12/rq0655-s3.jpg"" width=""100%""><br><br><br><br>

【こちらの商品のレギュラーサイズはこちら】
<br>
<br>

<table width=""100%"" cellpadding=""5"" border=""0"">
  <tr>
    <td><hr></td>
  </tr>
  <tr>
    <td>◆商品説明</td>
  </tr>
  <tr>
    <td>幅広いアイテムと合わせられるプリント長袖Tシャツのご紹介です。<br>
程よい肉厚感で、さらりとした肌触りが心地よい、TC天竺素材を使用しております。<br>
デニムからチノパンまで幅広いアイテムと合わせられる<br>
カジュアルスタイルにおススメの着回しの効くアイテムです。</td>
  </tr>
  <tr>
    <td><hr></td>
  </tr>
  <tr>
    <td>◆モデルコメント</td>
  </tr>
  <tr>
    <td>1枚ではもちろん、インナーにもなるTシャツは何枚でも欲しくなるアイテムですね。<br>
Mサイズでぴったり、Lサイズでゆったりでした。<br>
自分で購入するならMサイズを選びます。<br>
<br>
=身長170cm、体重60kg、胸囲84cmのモデルがMサイズを着用=</td>
  </tr>
  <tr>
    <td><hr></td>
  </tr>
  <tr>
    <td>◆サイズ</td>
  </tr>
  <tr>
    <td><table border=""0"" width=""100%"" cellspacing=""1"" cellpadding=""0"" bgcolor=""#606060"">
<tr bgcolor=""#efefef"" align=""center"" valign=""middle""> 
<td></td>
<td>着丈</td>
<td>身幅</td>
<td>肩幅</td>
<td>袖丈</td>
<td>裾幅</td>
<td>袖口</td>
</tr>

<tr bgcolor=""#ffffff"" align=""center"" valign=""middle"">
<td>3L</td>
<td>74</td>
<td>53</td>
<td>49</td>
<td>65</td>
<td>53</td>
<td>12</td>
</tr>

<tr bgcolor=""#efefef"" align=""center"" valign=""middle"">
<td>4L</td>
<td>76</td>
<td>56</td>
<td>53</td>
<td>67</td>
<td>56</td>
<td>12</td>
</tr>

</table>
<br>
<br>
実寸法の為、多少の誤差がある場合がございます。(単位：cm)
<br>

    </td>
  </tr>
  <tr>
    <td><hr></td>
  </tr>
  <tr>
    <td>◆素材</td>
  </tr>
  <tr>
    <td>綿100％<br>
※杢カラーのみ：ポリエステル65％、綿35％</td>
  </tr>
  <tr>
    <td><hr></td>
  </tr>
</table>",送料無料 プリントロンT メンズ 長袖Tシャツ 3L 4L 大きめ キングサイズ ロングTシャツ 通販M【RQ0655】：LIMITED 2ND,送料無料 プリントロンT メンズ 長袖Tシャツ 3L 4L 大きめ キングサイズ ロングTシャツ 通販M【RQ0655】,3L4Lの大きめサイズ豊富なカラバリ。定番のプリントロンT。送料無料 プリントロンT メンズ 長袖Tシャツ 3L 4L 大きめ キングサイズ ロングTシャツ 通販M【RQ0655】[rn]
13-36556,http://tshop.r10s.jp/limited2nd/cabinet/top/6b0628.jpg?fitin=700:700,1689.6000,,メンズファッション > トップス > Tシャツ > 長袖 > プリント,disney mickey 長袖tシャツ メンズ ディズニー ミッキーマウス ドナルドダック プリント ロンT 通販M1【6B0628】,ディズニーのミッキーとドナルドがプリントされた長袖Tシャツ,"<img src=""http://image.rakuten.co.jp/limited2nd/cabinet/img14/6b0628-r1.jpg"" width=""100%""><br>
<img src=""http://image.rakuten.co.jp/limited2nd/cabinet/img14/6b0628-r2.jpg"" width=""100%""><br>
<img src=""http://image.rakuten.co.jp/limited2nd/cabinet/img14/6b0628-r3.jpg"" width=""100%""><br>
<img src=""http://image.rakuten.co.jp/limited2nd/cabinet/img14/6b0628-r4.jpg"" width=""100%""><br>
<img src=""http://image.rakuten.co.jp/limited2nd/cabinet/img14/6b0628-r5.jpg"" width=""100%""><br>
<img src=""http://image.rakuten.co.jp/limited2nd/cabinet/img14/6b0628-r6.jpg"" width=""100%""><br>


<table width=""100%"" cellpadding=""5"" border=""0"">
  <tr>
    <td><hr></td>
  </tr>
  <tr>
    <td>◆商品説明</td>
  </tr>
  <tr>
    <td>アメリカ文化のシンボル的キャラクターがプリントされた長袖Tシャツのご紹介です。<br>
程良い厚みでしっかりとした綿100％天竺素材を使用しております。<br>
世代、性別を問わず着こなしていただけるキャラクターの王道ミッキーと<br>
ドナルドがプリントされたとてもかわいいTシャツです。<br>
この機会にいかがですか。</td>
  </tr>
  <tr>
    <td><hr></td>
  </tr>
  <tr>
    <td>◆モデルコメント</td>
  </tr>
  <tr>
    <td>Mサイズでぴったり、Lサイズでゆったりでした。<br>
自分で購入するならMサイズを選びます。<br>
<br>
=身長170cm、体重60kg、胸囲84cmのモデルがMサイズを着用=</td>
  </tr>
  <tr>
    <td><hr></td>
  </tr>
  <tr>
    <td>◆サイズ</td>
  </tr>
  <tr>
    <td><table border=""0"" width=""100%"" cellspacing=""1"" cellpadding=""0"" bgcolor=""#606060"">
<tr bgcolor=""#efefef"" align=""center"" valign=""middle""> 
<td></td>
<td>着丈</td>
<td>身幅</td>
<td>肩幅</td>
<td>袖丈</td>
<td>裾幅</td>
<td>袖口</td>
</tr>

<tr bgcolor=""#ffffff"" align=""center"" valign=""middle""> 
<td>M</td>
<td>65</td>
<td>50</td>
<td>47</td>
<td>61</td>
<td>50</td>
<td>11</td>
</tr>

<tr bgcolor=""#efefef"" align=""center"" valign=""middle"">
<td>L</td>
<td>67</td>
<td>52</td>
<td>48</td>
<td>63</td>
<td>52</td>
<td>11.5</td>
</tr>

<tr bgcolor=""#ffffff"" align=""center"" valign=""middle""> 
<td>LL</td>
<td>69</td>
<td>54</td>
<td>49</td>
<td>63</td>
<td>54</td>
<td>11.5</td>
</tr>

</table>
<br>
<br>
実寸法の為、多少の誤差がある場合がございます。(単位：cm)
<br>

    </td>
  </tr>
  <tr>
    <td><hr></td>
  </tr>
  <tr>
    <td>◆素材</td>
  </tr>
  <tr>
    <td>綿100％</td>
  </tr>
  <tr>
    <td><hr></td>
  </tr>
</table>",disney mickey 長袖tシャツ メンズ ディズニー ミッキーマウス ドナルドダック プリント ロンT 通販M1【6B0628】：LIMITED 2ND,disney mickey 長袖tシャツ メンズ ディズニー ミッキーマウス ドナルドダック プリント ロンT 通販M1【6B0628】,ディズニーのミッキーとドナルドがプリントされた長袖Tシャツ。disney mickey 長袖tシャツ メンズ ディズニー ミッキーマウス ドナルドダック プリント ロンT 通販M1【6B0628】[rn]
13-36557,http://tshop.r10s.jp/limited2nd/cabinet/top/rq0700.jpg?fitin=700:700,444.0000,,メンズファッション > トップス > Tシャツ > 長袖 > プリント,メール便【送料無料】プリント長袖Tシャツ メンズ ロンT ロングTシャツ アメカジ メッセージ 通販M1【RQ0700】,オールシーズンで使える定番のプリント長袖Tシャツ,"<img src=""http://www.rakuten.ne.jp/gold/limited2nd/smf/rq0700/rq0700-s1n.jpg"" width=""100%""><br>
<img src=""http://www.rakuten.ne.jp/gold/limited2nd/smf/rq0700/rq0700-s2n.jpg"" width=""100%""><br>
<img src=""http://www.rakuten.ne.jp/gold/limited2nd/smf/rq0700/rq0700-s3n.jpg"" width=""100%""><br>
<img src=""http://www.rakuten.ne.jp/gold/limited2nd/smf/rq0700/rq0700-s4.jpg"" width=""100%""><br>
<img src=""http://www.rakuten.ne.jp/gold/limited2nd/smf/rq0700/rq0700-s5.jpg"" width=""100%""><br>
<img src=""http://www.rakuten.ne.jp/gold/limited2nd/smf/rq0700/rq0700-s6.jpg"" width=""100%""><br>
<img src=""http://www.rakuten.ne.jp/gold/limited2nd/smf/rq0700/rq0700-s7.jpg"" width=""100%""><br>
<img src=""http://www.rakuten.ne.jp/gold/limited2nd/smf/rq0700/rq0700-s8.jpg"" width=""100%""><br>
<img src=""http://www.rakuten.ne.jp/gold/limited2nd/smf/rq0700/rq0700-s9.jpg"" width=""100%""><br>
<img src=""http://www.rakuten.ne.jp/gold/limited2nd/smf/rq0700/rq0700-s10.jpg"" width=""100%""><br>

<table width=""100%"" cellpadding=""5"" border=""0"">
  <tr>
    <td><hr></td>
  </tr>
  <tr>
    <td>◆商品説明</td>
  </tr>
  <tr>
    <td>オールシーズンで使える定番長袖Tシャツのご紹介です。<br>
程よい肉厚感でサラリとした肌触りが心地よいコットン100％天竺素材を使用しております。<br>
合計18のバリエーションからお選びいただけるリミテッドオリジナルTシャツです。<br>
デニムからチノパンまで幅広いアイテムと合わせられる<br>
カジュアルスタイルにおすすめの着回しのきくアイテムです。</td>
  </tr>
  <tr>
    <td><hr></td>
  </tr>
  <tr>
    <td>◆モデルコメント</td>
  </tr>
  <tr>
    <td>Mサイズでぴったり、Lサイズでゆったりでした。<br>
自分で購入するならMサイズを選びます。<br>
<br>
=身長170cm、体重60kg、胸囲84cmのモデルがMサイズを着用=</td>
  </tr>
  <tr>
    <td><hr></td>
  </tr>
  <tr>
    <td>◆サイズ</td>
  </tr>
  <tr>
    <td><table border=""0"" width=""100%"" cellspacing=""1"" cellpadding=""0"" bgcolor=""#606060"">
<tr bgcolor=""#efefef"" align=""center"" valign=""middle""> 
<td></td>
<td>着丈</td>
<td>身幅</td>
<td>肩幅</td>
<td>袖丈</td>
<td>裾幅</td>
<td>袖口</td>
</tr>

<tr bgcolor=""#ffffff"" align=""center"" valign=""middle""> 
<td>M</td>
<td>67</td>
<td>47</td>
<td>42</td>
<td>60</td>
<td>46</td>
<td>11</td>
</tr>

<tr bgcolor=""#efefef"" align=""center"" valign=""middle"">
<td>L</td>
<td>72</td>
<td>49</td>
<td>44</td>
<td>62</td>
<td>49</td>
<td>11</td>
</tr>

<tr bgcolor=""#ffffff"" align=""center"" valign=""middle""> 
<td>LL</td>
<td>76</td>
<td>53</td>
<td>46</td>
<td>64</td>
<td>53</td>
<td>11.5</td>
</tr>

</table>
<br>
<br>
実寸法の為、多少の誤差がある場合がございます。(単位：cm)
<br>

    </td>
  </tr>
  <tr>
    <td><hr></td>
  </tr>
  <tr>
    <td>◆素材</td>
  </tr>
  <tr>
    <td>綿100％<br>
グレーのみ：綿85％、ポリエステル15％<br>
チャコールのみ：綿80％、ポリエステル20％</td>
  </tr>
  <tr>
    <td><hr></td>
  </tr>
</table>",メール便【送料無料】プリント長袖Tシャツ メンズ ロンT ロングTシャツ アメカジ メッセージ 通販M1【RQ0700】：LIMITED 2ND,メール便【送料無料】プリント長袖Tシャツ メンズ ロンT ロングTシャツ アメカジ メッセージ 通販M1【RQ0700】,オールシーズンで使える定番のプリント長袖Tシャツ。メール便【送料無料】プリント長袖Tシャツ メンズ ロンT ロングTシャツ アメカジ メッセージ 通販M1【RQ0700】[rn]
13-36558,http://tshop.r10s.jp/limited2nd/cabinet/top/5a0606.jpg?fitin=700:700,1184.0000,,メンズファッション > トップス > Tシャツ > 長袖 > プリント,長袖Tシャツ メンズ カンゴール KANGOL モックネック カットソー ハイネック ロンT 通販M【5A0606】,著名人から愛されるブランドKANGOLのモックネックカットソー,"<img src=""http://image.rakuten.co.jp/limited2nd/cabinet/img12/5a0606-s1.jpg"" width=""100%""><br><br><br><br>
<img src=""http://image.rakuten.co.jp/limited2nd/cabinet/img12/5a0606-s2.jpg"" width=""100%""><br><br><br><br>
<img src=""http://image.rakuten.co.jp/limited2nd/cabinet/img12/5a0606-s3.jpg"" width=""100%""><br><br><br><br>

<table width=""100%"" cellpadding=""5"" border=""0"">
  <tr>
    <td><hr></td>
  </tr>
  <tr>
    <td>◆商品説明</td>
  </tr>
  <tr>
    <td>著名人から愛されるブランド「KANGOL」モックネックカットソーのご紹介です。<br>
柔らかで快適な着心地の綿100％天竺素材を使用しております。<br>
この秋注目のモックネック、高すぎず低すぎない襟の立ち上がりが絶妙でオシャレ。<br>
フロントにはカンガルーをモチーフにしたブランドロゴをオン。<br>
モノトーンをベースにバランスのとれた配色でスタイリッシュなルックスに仕上がっております。</td>
  </tr>
  <tr>
    <td><hr></td>
  </tr>
  <tr>
    <td>◆モデルコメント</td>
  </tr>
  <tr>
    <td>Mサイズでぴったり、Lサイズでゆったりでした。<br>
自分で購入するならMサイズを選びます。<br>
<br>
=身長170cm、体重60kg、胸囲84cmのモデルがMサイズを着用=</td>
  </tr>
  <tr>
    <td><hr></td>
  </tr>
  <tr>
    <td>◆サイズ</td>
  </tr>
  <tr>
    <td><table border=""0"" width=""100%"" cellspacing=""1"" cellpadding=""0"" bgcolor=""#606060"">
<tr bgcolor=""#efefef"" align=""center"" valign=""middle""> 
<td></td>
<td>着丈</td>
<td>身幅</td>
<td>肩幅</td>
<td>袖丈</td>
<td>裾幅</td>
<td>袖口</td>
</tr>

<tr bgcolor=""#ffffff"" align=""center"" valign=""middle""> 
<td>M</td>
<td>65</td>
<td>49</td>
<td>44</td>
<td>63</td>
<td>49</td>
<td>10.5</td>
</tr>

<tr bgcolor=""#efefef"" align=""center"" valign=""middle"">
<td>L</td>
<td>69</td>
<td>52</td>
<td>46</td>
<td>63</td>
<td>52</td>
<td>11.5</td>
</tr>

<tr bgcolor=""#ffffff"" align=""center"" valign=""middle""> 
<td>XL</td>
<td>70</td>
<td>55</td>
<td>48</td>
<td>63</td>
<td>55</td>
<td>12.5</td>
</tr>

</table>
<br>
<br>
実寸法の為、多少の誤差がある場合がございます。(単位：cm)
<br>

    </td>
  </tr>
  <tr>
    <td><hr></td>
  </tr>
  <tr>
    <td>◆素材</td>
  </tr>
  <tr>
    <td>綿100％</td>
  </tr>
  <tr>
    <td><hr></td>
  </tr>
</table>",長袖Tシャツ メンズ カンゴール KANGOL モックネック カットソー ハイネック ロンT 通販M【5A0606】：LIMITED 2ND,長袖Tシャツ メンズ カンゴール KANGOL モックネック カットソー ハイネック ロンT 通販M【5A0606】,著名人から愛されるブランドKANGOLのモックネックカットソー。長袖Tシャツ メンズ カンゴール KANGOL モックネック カットソー ハイネック ロンT 通販M【5A0606】[rn]
13-36559,http://tshop.r10s.jp/limited2nd/cabinet/top/8d0615.jpg?fitin=700:700,1480.0000,,メンズファッション > トップス > Tシャツ > 長袖 > プリント,長袖 Tシャツ メンズ ロンT DISNEY ミッキーマウス MICKEY MOUSE 通販M【8D0615】,キャラクターの王様ミッキーマウスがプリントされた長袖Tシャツ,"<img src=""http://image.rakuten.co.jp/limited2nd/cabinet/img12/8d0615-s1.jpg"" width=""100%""><br><br><br><br>
<img src=""http://image.rakuten.co.jp/limited2nd/cabinet/img12/8d0615-s2.jpg"" width=""100%""><br><br><br><br>
<img src=""http://image.rakuten.co.jp/limited2nd/cabinet/img12/8d0615-s3.jpg"" width=""100%""><br><br><br><br>

<table width=""100%"" cellpadding=""5"" border=""0"">
  <tr>
    <td><hr></td>
  </tr>
  <tr>
    <td>◆商品説明</td>
  </tr>
  <tr>
    <td>アメリカ文化のシンボル的キャラクター、ミッキーマウス長袖Tシャツのご紹介です。<br>
程良い厚みでしっかりとした綿100％天竺素材を使用しております。<br>
世代、性別を問わず着こなしていただける<br>
キャラクターの王様ミッキーマウスがプリントされた、とてもかわいいTシャツです。<br>
この機会にいかがですか。</td>
  </tr>
  <tr>
    <td><hr></td>
  </tr>
  <tr>
    <td>◆モデルコメント</td>
  </tr>
  <tr>
    <td>Mサイズでぴったり、Lサイズでゆったりでした。<br>
自分で購入するならMサイズを選びます。<br>
<br>
=身長170cm、体重60kg、胸囲84cmのモデルがMサイズを着用=</td>
  </tr>
  <tr>
    <td><hr></td>
  </tr>
  <tr>
    <td>◆サイズ</td>
  </tr>
  <tr>
    <td><table border=""0"" width=""100%"" cellspacing=""1"" cellpadding=""0"" bgcolor=""#606060"">
<tr bgcolor=""#efefef"" align=""center"" valign=""middle""> 
<td></td>
<td>着丈</td>
<td>身幅</td>
<td>肩幅</td>
<td>袖丈</td>
<td>裾幅</td>
<td>袖口</td>
</tr>

<tr bgcolor=""#ffffff"" align=""center"" valign=""middle""> 
<td>M</td>
<td>65</td>
<td>50</td>
<td>47</td>
<td>62</td>
<td>50</td>
<td>10</td>
</tr>

<tr bgcolor=""#efefef"" align=""center"" valign=""middle"">
<td>L</td>
<td>67</td>
<td>52</td>
<td>48</td>
<td>63</td>
<td>51</td>
<td>11</td>
</tr>

<tr bgcolor=""#ffffff"" align=""center"" valign=""middle""> 
<td>XL</td>
<td>69</td>
<td>54</td>
<td>50</td>
<td>63</td>
<td>53</td>
<td>12</td>
</tr>

</table>
<br>
<br>
実寸法の為、多少の誤差がある場合がございます。(単位：cm)
<br>

    </td>
  </tr>
  <tr>
    <td><hr></td>
  </tr>
  <tr>
    <td>◆素材</td>
  </tr>
  <tr>
    <td>綿100％</td>
  </tr>
  <tr>
    <td><hr></td>
  </tr>
</table>",長袖 Tシャツ メンズ ロンT DISNEY ミッキーマウス MICKEY MOUSE 通販M【8D0615】：LIMITED 2ND,長袖 Tシャツ メンズ ロンT DISNEY ミッキーマウス MICKEY MOUSE 通販M【8D0615】,キャラクターの王様ミッキーマウスがプリントされた長袖Tシャツ。長袖 Tシャツ メンズ ロンT DISNEY ミッキーマウス MICKEY MOUSE 通販M【8D0615】[rn]
13-36560,http://tshop.r10s.jp/limited2nd/cabinet/top/13c0333.jpg?fitin=700:700,1763.2000,,メンズファッション > トップス > Tシャツ > 長袖 > プリント,長袖Tシャツ メンズ ロンT ラグラン コンバース CONVERSE ロングTシャツ 通販M1【13C0333】,男女問わず使えるコンバース定番のカジュアルロンT,"<img src=""http://image.rakuten.co.jp/limited2nd/cabinet/img12/13c0333-s1.jpg"" width=""100%""><br><br><br><br>
<img src=""http://image.rakuten.co.jp/limited2nd/cabinet/img12/13c0333-s2.jpg"" width=""100%""><br><br><br><br>
<img src=""http://image.rakuten.co.jp/limited2nd/cabinet/img12/13c0333-s3.jpg"" width=""100%""><br><br><br><br>

<table width=""100%"" cellpadding=""5"" border=""0"">
  <tr>
    <td><hr></td>
  </tr>
  <tr>
    <td>◆商品説明</td>
  </tr>
  <tr>
    <td>男女問わず着ていただけるコンバースロンTのご紹介です。<br>
柔らかで快適な着心地のTC天竺素材を使用しております。<br>
目を引く胸元にほどこされたブランドロゴプリント刺繍が魅力。<br>
1枚でも重ね着アイテムとしても着用しやすい、定番カジュアルアイテムです。</td>
  </tr>
  <tr>
    <td><hr></td>
  </tr>
  <tr>
    <td>◆モデルコメント</td>
  </tr>
  <tr>
    <td>Mサイズでぴったり、Lサイズでゆったりでした。<br>
自分で購入するならMサイズを選びます。<br>
<br>
=身長170cm、体重60kg、胸囲84cmのモデルがMサイズを着用=</td>
  </tr>
  <tr>
    <td><hr></td>
  </tr>
  <tr>
    <td>◆サイズ</td>
  </tr>
  <tr>
    <td><table border=""0"" width=""100%"" cellspacing=""1"" cellpadding=""0"" bgcolor=""#606060"">
<tr bgcolor=""#efefef"" align=""center"" valign=""middle""> 
<td></td>
<td>着丈</td>
<td>身幅</td>
<td>ゆき丈</td>
<td>裾幅</td>
<td>袖口</td>
</tr>

<tr bgcolor=""#ffffff"" align=""center"" valign=""middle""> 
<td>M</td>
<td>65</td>
<td>49</td>
<td>82</td>
<td>50</td>
<td>10</td>
</tr>

<tr bgcolor=""#efefef"" align=""center"" valign=""middle"">
<td>L</td>
<td>66</td>
<td>53</td>
<td>82.5</td>
<td>51</td>
<td>11</td>
</tr>

<tr bgcolor=""#ffffff"" align=""center"" valign=""middle""> 
<td>LL</td>
<td>69</td>
<td>56</td>
<td>85</td>
<td>57</td>
<td>12</td>
</tr>

</table>
<br>
<br>
実寸法の為、多少の誤差がある場合がございます。(単位：cm)
<br>

    </td>
  </tr>
  <tr>
    <td><hr></td>
  </tr>
  <tr>
    <td>◆素材</td>
  </tr>
  <tr>
    <td>ポリエステル65％、綿35％</td>
  </tr>
  <tr>
    <td><hr></td>
  </tr>
</table>",長袖Tシャツ メンズ ロンT ラグラン コンバース CONVERSE ロングTシャツ 通販M1【13C0333】：LIMITED 2ND,長袖Tシャツ メンズ ロンT ラグラン コンバース CONVERSE ロングTシャツ 通販M1【13C0333】,男女問わず使えるコンバース定番のカジュアルロンT。長袖Tシャツ メンズ ロンT ラグラン コンバース CONVERSE ロングTシャツ 通販M1【13C0333】[rn]
13-36561,http://tshop.r10s.jp/nr714/cabinet/00244825/t601.jpg?fitin=700:700,800.0000,,メンズファッション > トップス > Tシャツ > 長袖 > プリント,メンズ tシャツ レディース tシャツ ロック tシャツ ロンTSons of Anarchy サン・オブ・アナーキー かすれ プリント 長袖 Tシャツ S M L XL 2XL【T601】ストリートファッション,メンズ ロック tシャツ 海外映画 長袖 Tシャツ 男女兼用,"<center>

<!---------- ▼商品詳細画像ここから ---------->
<img src=""http://thumbnail.image.rakuten.co.jp/@0_mall/nr714/cabinet/00244825/t601_1.jpg"" width=""100%""><br>
<img src=""http://thumbnail.image.rakuten.co.jp/@0_mall/nr714/cabinet/00244825/t601_2.jpg"" width=""100%""><br>
<!---------- ▲商品詳細画像ここまで ---------->


<!---------- ▼ゆうメールここから ---------->

<img src=""http://image.rakuten.co.jp/nr714/cabinet/smmail-1ok.jpg"" width=""100%""><br>

<!---------- ▲ゆうメールここまで ---------->


<!---------- ▼サイズ表　ここから---------->
<table width=""100%"" border=""0"" cellpadding=""0"" cellspacing=""1"" bgcolor=""#cccccc""><tr height=""20"" ><td colspan=""7"" align=""center"">
<center><font size=""2""><b>　　　★　   サ　イ  ズ　　★　　</b></font></center></td></tr>

<tr height=""20"" ><td align=""center"" bgcolor=""#ffffff"" width=""18%""><font size=""2""><b>SIZE</b></font></td>
<td  align=""center"" bgcolor=""#ffffff""><b>S</b></td>
<td  align=""center"" bgcolor=""#ffffff""><b>M</b></td>
<td  align=""center"" bgcolor=""#ffffff""><b>L</b></td>
<td  align=""center"" bgcolor=""#ffffff""><b>XL</b></td>
<td  align=""center"" bgcolor=""#ffffff""><b>2XL</b></td>
</tr>

<tr height=""20"" ><td align=""center"" bgcolor=""#ffffff"" width=""18%""><font size=""2""><b>着丈</b></font></td>
<td  align=""center"" bgcolor=""#ffffff"" width=""16%"">67.5</td>
<td  align=""center"" bgcolor=""#ffffff"" width=""16%"">73</td>
<td  align=""center"" bgcolor=""#ffffff"" width=""16%"">78</td>
<td  align=""center"" bgcolor=""#ffffff"" width=""16%"">79</td>
<td  align=""center"" bgcolor=""#ffffff"" width=""16%"">80</td>
</tr>

<tr height=""20"" ><td align=""center"" bgcolor=""#ffffff"" width=""18%""><font size=""2""><b>身幅</b></font></td>
<td  align=""center"" bgcolor=""#ffffff"" width=""16%"">43.5</td>
<td  align=""center"" bgcolor=""#ffffff"" width=""16%"">50.5</td>
<td  align=""center"" bgcolor=""#ffffff"" width=""16%"">54</td>
<td  align=""center"" bgcolor=""#ffffff"" width=""16%"">59</td>
<td  align=""center"" bgcolor=""#ffffff"" width=""16%"">61</td>
</tr>

<tr height=""20"" ><td align=""center"" bgcolor=""#ffffff"" width=""18%""><font size=""2""><b>袖丈</b></font></td>
<td  align=""center"" bgcolor=""#ffffff"" width=""16%"">54</td>
<td  align=""center"" bgcolor=""#ffffff"" width=""16%"">59</td>
<td  align=""center"" bgcolor=""#ffffff"" width=""16%"">62</td>
<td  align=""center"" bgcolor=""#ffffff"" width=""16%"">65</td>
<td  align=""center"" bgcolor=""#ffffff"" width=""16%"">66</td>
</tr>
</TABLE>
<br>
<font size=""2"">
※平置きの状態で計測しています。(単位：cm)<br>
※測る箇所により若干誤差が生じる場合もございます。ご了承下さいませ。</font>
<!---------- ▲サイズ表　ここまで----------->
<br><br>


<!---------- ▼注意書き　ここから----------->
<table border=""0"" bgcolor=""#cccccc"" cellpadding=""8"" cellspacing=""1"" width=""100%""><tr>
<td bgcolor=""ffffff"">
<font size=""2"" color=""red"">
【海外製品のサイズにつきまして】<br>
こちらは海外輸入製品となっており大き目のつくりとなっております。<br>
サイズ表の表記は、商品タグに明記されているサイズ表記です。<br>
サイズには個人差もございますので、必ずサイズ表の数字と比較して頂いてからお求め下さいませ。</font><br>
</td></tr>
</table>
<!---------- ▲注意書き　ここまで----------->
<br><br>

<!---------- ▼商品詳細　ここから----------->
<table border=""0"" bgcolor=""#cccccc"" cellpadding=""8"" cellspacing=""1"" width=""100%"">
<tr>
<td bgcolor=""#cccccc"" align=""center"" colspan=""2""><b>商　品　詳　細</b></td></tr>

<tr>
<td bgcolor=""#ffffff"" align=""center"" colspan=""2"">
<font size=""2"">
海外輸入商品<br>Sons of Anarchy サン・オブ・アナーキー</font>
</td></tr>

<tr>
<td bgcolor=""ffffff"" width=""60"">
<font size=""2"">
商品名</font>
</td>
<td bgcolor=""ffffff"">
<font size=""2"">
かすれ プリント 長袖 Tシャツ
</font></td></tr>

<tr>
<td bgcolor=""ffffff"" width=""60"">
<font size=""2"">
カラー</font>
</td>
<td bgcolor=""ffffff"">
<font size=""2"">
ブラック
</font></td></tr>

<tr>
<td bgcolor=""ffffff"" width=""60"">
<font size=""2"">
素材<br>生産国</font>
</td>
<td bgcolor=""ffffff"">
<font size=""2"">
コットン100%<br>
メキシコ製
</font></td></tr>

<tr>
<td bgcolor=""ffffff"" width=""60"">
<font size=""2"">
生地感</font>
</td>
<td bgcolor=""ffffff"">
<font size=""2"">
伸縮性：ややあり<br>
透け感：なし<br>
厚み：普通
</font></td></tr>

<tr>
<td bgcolor=""ffffff"" width=""60"">
<font size=""2"">
コメント</font>
</td>
<td bgcolor=""ffffff"">
<font size=""2"">
カリフォルニアを舞台にしたバイク・クラブのドラマ<br>
サン・オブ・アナーキーのロックTシャツ☆★<br>
長袖タイプも入荷致しました♪<br>
オーバーサイズで着てもかわいい♪<br>
コットン100%で着心地もさわり心地もGOOD♪
</font></td></tr>
</table>
<!---------- ▲商品詳細　ここまで----------->
<br>



<!---------- ▼バンドTEE関連商品　ここから----------->
<center>
<FONT Size=""3"" color=""#4169E1"">
■□バンドTEE/海外アイテム満載□■<br>
▼一気にcheck!!▼</font><br>
<TABLE border=""0"" cellspacing=""10""> 

<TR>
<TD>

<img src=""http://image.rakuten.co.jp/nr714/cabinet/top-page/smartphone/bandtee-banner2.jpg"" width=""100%"" border=""0"">
</TD></TR></TABLE>
</center>
<!---------- ▲関連商品　ここまで-----------><br>

<!---------- ▼ひとことここから----------->
<table border=""0"" cellpadding=""8"" cellspacing=""1"" width=""100%"">
<tr>
<td>
<font color=""#8e6d70"" size=""2"">
※掲載商品はすべて複数店舗と在庫システムを共有販売している為、在庫等の更新作業が間に合わず、欠品となる場合がございます。<br>
迅速に対応させて頂きますが、ご理解頂いた上でご注文をお願い致します。<br>
ブラウザや設定により、画像と実物の色合いが多少異なって見える場合があります。<br>
ご了承下さい。
</font>
</td></tr>
</table>
<!---------- ▲ひとことここまで----------->

</center>",メンズ tシャツ レディース tシャツ ロック tシャツ ロンTSons of Anarchy サン・オブ・アナーキー かすれ プリント 長袖 Tシャツ S M L XL 2XL【T601】ストリートファッション：子供服のリトルウッド KIDS＆DANCE,ダンス 衣装 ヒップホップムームーレイアリスガウチョパンツ子供服 ヒップホップアロハシャツ子供服 アウター福袋 キッズダンス スニーカー キッズかりゆしウェア韓国子供服ダンス Tシャツダンス スウェット子供服 男の子ダンス 衣装 キッズ子供服 ヒップホップヒップホップ 衣装ダンス キッズ Tシャツ子供服 男の子ドーリーリボンメンズ tシャツ レディース tシャツ ロック tシャツ ロンTSons of Anarchy サン・オブ・アナーキー かすれ プリント 長袖 Tシャツ S M L XL 2XL【T601】ストリートファッション,メンズ ロック tシャツ 海外映画 長袖 Tシャツ 男女兼用。メンズ tシャツ レディース tシャツ ロック tシャツ ロンTSons of Anarchy サン・オブ・アナーキー かすれ プリント 長袖 Tシャツ S M L XL 2XL【T601】ストリートファッション[rn]
13-36562,http://tshop.r10s.jp/vantann/cabinet/01421072/01571733/img61211303.jpg?fitin=700:700,1520.0000,,メンズファッション > トップス > Tシャツ > 長袖 > プリント,送料無料【Lotto ロット】吸汗速乾消臭デザインTシャツ（長袖）メンズアパレル,送料無料人気ロットの長袖エステルTシャツ,"■サイズ<BR>
M　胸囲88-96（着丈67身幅50袖丈60）<BR><BR>

L　胸囲96-104（着丈69身幅53袖丈61）<BR><BR>

LL　胸囲104-112（着丈71身幅56袖丈62）<BR><BR>

■品質<BR>
ポリエステル100％<BR><BR>



■詳細<BR>
・【Lotto ロット】吸汗速乾消臭ポリエステル長袖デザインTシャツ<BR><BR>

・人気ブランドのロットのTシャツ<BR><BR>

・吸汗速乾消臭<BR><BR>

・柔らかなエステル素材<BR><BR>

・スポーツアウトドアにオススメ<BR><BR>ロット特集→
<BR><BR>
・メンズアパレル特集→",送料無料【Lotto ロット】吸汗速乾消臭デザインTシャツ（長袖）メンズアパレル：メンズインナーSHOPバンタン,ステテコチャンピオンアディダスヘインズ高島ちぢみサーマルSAPPY楽天 下着 メンズあったかBVD東レグンゼ父の日チャンピオンメンズ脇汗対策送料無料【Lotto ロット】吸汗速乾消臭デザインTシャツ（長袖）メンズアパレル,送料無料人気ロットの長袖エステルTシャツ。送料無料【Lotto ロット】吸汗速乾消臭デザインTシャツ（長袖）メンズアパレル[rn]
13-36563,http://tshop.r10s.jp/limited2nd/cabinet/top/rq0655.jpg?fitin=700:700,518.4000,,メンズファッション > トップス > Tシャツ > 長袖 > プリント,【送料無料】メール便 アメカジカレッジロゴプリントロンT 長袖Tシャツ ロングTシャツ 通販M1【RQ0655】,定番のプリントロンT,"<img src=""http://image.rakuten.co.jp/limited2nd/cabinet/img12/rq0655-s1.jpg"" width=""100%""><br><br><br><br>
<img src=""http://image.rakuten.co.jp/limited2nd/cabinet/img12/rq0655-s2.jpg"" width=""100%""><br><br><br><br>
<img src=""http://image.rakuten.co.jp/limited2nd/cabinet/img12/rq0655-s3.jpg"" width=""100%""><br><br><br><br>

【こちらの商品のキングサイズはこちら】
<br>
<br>

<table width=""100%"" cellpadding=""5"" border=""0"">
  <tr>
    <td><hr></td>
  </tr>
  <tr>
    <td>◆商品説明</td>
  </tr>
  <tr>
    <td>幅広いアイテムと合わせられるプリント長袖Tシャツのご紹介です。<br>
程よい肉厚感で、さらりとした肌触りが心地よい、TC天竺素材を使用しております。<br>
デニムからチノパンまで幅広いアイテムと合わせられる<br>
カジュアルスタイルにおススメの着回しの効くアイテムです。</td>
  </tr>
  <tr>
    <td><hr></td>
  </tr>
  <tr>
    <td>◆モデルコメント</td>
  </tr>
  <tr>
    <td>1枚ではもちろん、インナーにもなるTシャツは何枚でも欲しくなるアイテムですね。<br>
Mサイズでぴったり、Lサイズでゆったりでした。<br>
自分で購入するならMサイズを選びます。<br>
<br>
=身長170cm、体重60kg、胸囲84cmのモデルがMサイズを着用=</td>
  </tr>
  <tr>
    <td><hr></td>
  </tr>
  <tr>
    <td>◆サイズ</td>
  </tr>
  <tr>
    <td><table border=""0"" width=""100%"" cellspacing=""1"" cellpadding=""0"" bgcolor=""#606060"">
<tr bgcolor=""#efefef"" align=""center"" valign=""middle""> 
<td></td>
<td>着丈</td>
<td>身幅</td>
<td>肩幅</td>
<td>袖丈</td>
<td>裾幅</td>
<td>袖口</td>
</tr>

<tr bgcolor=""#ffffff"" align=""center"" valign=""middle"">
<td>M</td>
<td>65</td>
<td>45</td>
<td>40</td>
<td>58</td>
<td>45</td>
<td>10</td>
</tr>

<tr bgcolor=""#efefef"" align=""center"" valign=""middle"">
<td>L</td>
<td>69</td>
<td>50</td>
<td>46</td>
<td>63</td>
<td>50</td>
<td>11</td>
</tr>

<tr bgcolor=""#ffffff"" align=""center"" valign=""middle"">
<td>LL</td>
<td>73</td>
<td>52</td>
<td>48</td>
<td>64</td>
<td>52</td>
<td>11</td>
</tr>

</table>
<br>
<br>
実寸法の為、多少の誤差がある場合がございます。(単位：cm)
<br>

    </td>
  </tr>
  <tr>
    <td><hr></td>
  </tr>
  <tr>
    <td>◆素材</td>
  </tr>
  <tr>
    <td>綿100％<br>
※杢カラーのみ：ポリエステル65％、綿35％</td>
  </tr>
  <tr>
    <td><hr></td>
  </tr>
</table>",【送料無料】メール便 アメカジカレッジロゴプリントロンT 長袖Tシャツ ロングTシャツ 通販M1【RQ0655】：LIMITED 2ND,【送料無料】メール便 アメカジカレッジロゴプリントロンT 長袖Tシャツ ロングTシャツ 通販M1【RQ0655】,定番のプリントロンT。【送料無料】メール便 アメカジカレッジロゴプリントロンT 長袖Tシャツ ロングTシャツ 通販M1【RQ0655】[rn]
13-36564,http://tshop.r10s.jp/limited2nd/cabinet/top/12a0237.jpg?fitin=700:700,1332.0000,,メンズファッション > トップス > Tシャツ > 長袖 > プリント,ロンT プリント長袖Tシャツ メンズ ロングTシャツ コンバース converse 通販M1【12A0237】,男女問わず着れるカジュアルなコンバースのプリントロンT,"<img src=""http://image.rakuten.co.jp/limited2nd/cabinet/img11/12a0237-s1.jpg"" width=""100%""><br><br><br><br>
<img src=""http://image.rakuten.co.jp/limited2nd/cabinet/img11/12a0237-s2.jpg"" width=""100%""><br><br><br><br>
<img src=""http://image.rakuten.co.jp/limited2nd/cabinet/img11/12a0237-s3.jpg"" width=""100%""><br><br><br><br>

<table width=""100%"" cellpadding=""5"" border=""0"">
  <tr>
    <td><hr></td>
  </tr>
  <tr>
    <td>◆商品説明</td>
  </tr>
  <tr>
    <td>男女を問わず着ていただけるコンバースプリントTシャツのご紹介です。<br>
柔らかで快適な着心地のTC天竺素材を使用しております。<br>
目を引く胸元の大きなプリントが魅力。<br>
1枚でも重ね着アイテムとしても着回しやすい定番カジュアルアイテムです。</td>
  </tr>
  <tr>
    <td><hr></td>
  </tr>
  <tr>
    <td>◆モデルコメント</td>
  </tr>
  <tr>
    <td>カジュアルに着こなしたいプリントTシャツです。<br>
標準的なサイズ感になっていました。<br>
Mサイズではぴったり、Lサイズでややゆったりでした。<br>
自分で購入するならMサイズを選びます。<br>
<br>
=身長170cm、体重60kg、胸囲84cmのモデルがMサイズを着用=</td>
  </tr>
  <tr>
    <td><hr></td>
  </tr>
  <tr>
    <td>◆サイズ</td>
  </tr>
  <tr>
    <td><table border=""0"" width=""100%"" cellspacing=""1"" cellpadding=""0"" bgcolor=""#606060"">
<tr bgcolor=""#efefef"" align=""center"" valign=""middle""> 
<td></td>
<td>着丈</td>
<td>身幅</td>
<td>肩幅</td>
<td>袖丈</td>
<td>裾幅</td>
<td>袖口</td>
</tr>

<tr bgcolor=""#ffffff"" align=""center"" valign=""middle""> 
<td>M</td>
<td>67</td>
<td>48</td>
<td>41</td>
<td>60</td>
<td>48</td>
<td>10</td>
</tr>

<tr bgcolor=""#efefef"" align=""center"" valign=""middle"">
<td>L</td>
<td>68</td>
<td>52</td>
<td>43</td>
<td>61</td>
<td>52</td>
<td>10</td>
</tr>

<tr bgcolor=""#ffffff"" align=""center"" valign=""middle""> 
<td>LL</td>
<td>70</td>
<td>55</td>
<td>45</td>
<td>62</td>
<td>55</td>
<td>12</td>
</tr>

</table>
<br>
※ラグラン<br><table border=""0"" width=""100%"" cellspacing=""1"" cellpadding=""0"" bgcolor=""#606060"">
<tr bgcolor=""#efefef"" align=""center"" valign=""middle""> 
<td></td>
<td>着丈</td>
<td>身幅</td>
<td>ゆき丈</td>
<td>裾幅</td>
<td>袖口</td>
</tr>

<tr bgcolor=""#ffffff"" align=""center"" valign=""middle""> 
<td>M</td>
<td>65</td>
<td>50</td>
<td>82</td>
<td>50</td>
<td>10</td>
</tr>

<tr bgcolor=""#efefef"" align=""center"" valign=""middle"">
<td>L</td>
<td>67</td>
<td>53</td>
<td>83</td>
<td>51</td>
<td>11</td>
</tr>

<tr bgcolor=""#ffffff"" align=""center"" valign=""middle""> 
<td>LL</td>
<td>72</td>
<td>55</td>
<td>85</td>
<td>54</td>
<td>12</td>
</tr>

</table>
<br>
<br>
実寸法の為、多少の誤差がある場合がございます。(単位：cm)
<br>

    </td>
  </tr>
  <tr>
    <td><hr></td>
  </tr>
  <tr>
    <td>◆素材</td>
  </tr>
  <tr>
    <td>ポリエステル65％、綿35％</td>
  </tr>
  <tr>
    <td><hr></td>
  </tr>
</table>",ロンT プリント長袖Tシャツ メンズ ロングTシャツ コンバース converse 通販M1【12A0237】：LIMITED 2ND,ロンT プリント長袖Tシャツ メンズ ロングTシャツ コンバース converse 通販M1【12A0237】,男女問わず着れるカジュアルなコンバースのプリントロンT。ロンT プリント長袖Tシャツ メンズ ロングTシャツ コンバース converse 通販M1【12A0237】[rn]
13-36565,http://tshop.r10s.jp/limited2nd/cabinet/top/rq0563.jpg?fitin=700:700,370.4000,,メンズファッション > トップス > Tシャツ > 長袖 > プリント,メンズ キングサイズ アメカジカレッジロゴプリント長袖Tシャツ ロンT 通販M【RQ0563】,定番のプリントロンT♪,"<img src=""http://image.rakuten.co.jp/limited2nd/cabinet/img9/rq0563-s1.jpg"" width=""100%""><br><br><br><br>
<img src=""http://image.rakuten.co.jp/limited2nd/cabinet/img9/rq0563-s2.jpg"" width=""100%""><br><br><br><br>
<img src=""http://image.rakuten.co.jp/limited2nd/cabinet/img9/rq0563-s3.jpg"" width=""100%""><br><br><br><br>

<table width=""100%"" cellpadding=""5"" border=""0"">
  <tr>
    <td><hr></td>
  </tr>
  <tr>
    <td>◆商品説明</td>
  </tr>
  <tr>
    <td>幅広いアイテムと合わせられるプリント長袖Tシャツのご紹介です。<br>
程よい肉厚感で、さらりとした肌触りが心地よい、TC天竺素材を使用しております。<br>
デニムからチノパンまで幅広いアイテムと合わせられる<br>
カジュアルスタイルにおススメの着回しの効くアイテムです。</td>
  </tr>
  <tr>
    <td><hr></td>
  </tr>
  <tr>
    <td>◆モデルコメント</td>
  </tr>
  <tr>
    <td>1枚ではもちろん、インナーにもなるTシャツは何枚でも欲しくなるアイテムですね。<br>
Mサイズでぴったり、Lサイズでゆったりでした。<br>
自分で購入するならMサイズを選びます。<br>
<br>
=身長170cm、体重60kg、胸囲84cmのモデルがMサイズを着用=</td>
  </tr>
  <tr>
    <td><hr></td>
  </tr>
  <tr>
    <td>◆サイズ</td>
  </tr>
  <tr>
    <td><table border=""0"" width=""100%"" cellspacing=""1"" cellpadding=""0"" bgcolor=""#606060"">
<tr bgcolor=""#efefef"" align=""center"" valign=""middle""> 
<td></td>
<td>着丈</td>
<td>身幅</td>
<td>肩幅</td>
<td>袖丈</td>
<td>裾幅</td>
<td>袖口</td>
</tr>

<tr bgcolor=""#ffffff"" align=""center"" valign=""middle"">
<td>M</td>
<td>64</td>
<td>47</td>
<td>42</td>
<td>60</td>
<td>46</td>
<td>11</td>
</tr>

<tr bgcolor=""#efefef"" align=""center"" valign=""middle"">
<td>L</td>
<td>67</td>
<td>50</td>
<td>45</td>
<td>61</td>
<td>50</td>
<td>11</td>
</tr>

<tr bgcolor=""#ffffff"" align=""center"" valign=""middle"">
<td>LL</td>
<td>69</td>
<td>53</td>
<td>47</td>
<td>62</td>
<td>53</td>
<td>11</td>
</tr>

<tr bgcolor=""#efefef"" align=""center"" valign=""middle"">
<td>3L</td>
<td>71</td>
<td>55</td>
<td>49</td>
<td>64</td>
<td>55</td>
<td>12</td>
</tr>

<tr bgcolor=""#ffffff"" align=""center"" valign=""middle"">
<td>4L</td>
<td>75</td>
<td>58</td>
<td>52</td>
<td>67</td>
<td>58</td>
<td>12</td>
</tr>

</table>
<br>
<br>
実寸法の為、多少の誤差がある場合がございます。(単位：cm)
<br>

    </td>
  </tr>
  <tr>
    <td><hr></td>
  </tr>
  <tr>
    <td>◆素材</td>
  </tr>
  <tr>
    <td>綿100％<br>
※杢カラーのみ：ポリエステル65％、綿35％</td>
  </tr>
  <tr>
    <td><hr></td>
  </tr>
</table>",メンズ キングサイズ アメカジカレッジロゴプリント長袖Tシャツ ロンT 通販M【RQ0563】：LIMITED 2ND,メンズ キングサイズ アメカジカレッジロゴプリント長袖Tシャツ ロンT 通販M【RQ0563】,定番のプリントロンT♪。メンズ キングサイズ アメカジカレッジロゴプリント長袖Tシャツ ロンT 通販M【RQ0563】[rn]
13-36566,http://tshop.r10s.jp/union06/cabinet/tops/tops2/imgrc0066634127.jpg?fitin=700:700,2224.0000,,メンズファッション > トップス > Tシャツ > 長袖 > プリント,MANET Tシャツ/メンズ レディース ユニセックス ストリート 長袖 マリア キリスト ジーザス エドゥアール マネ 名画 聖母  宗教画 西洋画 ロンt tee tシャツ,【▼▼楽天スーパーセール▼▼全商品大特価祭り▼▼】,"<table width=""305"" border=""0"" align=""center"" cellpadding=""0"" cellspacing=""0"">
<tr>
  <td>
<br><img src=""http://image.rakuten.co.jp/union06/cabinet/tops/tops2/imgrc0066634127.jpg"" width=""300""><br>
<br><img src=""http://image.rakuten.co.jp/union06/cabinet/tops/tops2/imgrc0066634126.jpg"" width=""300""><br>
<br><img src=""http://image.rakuten.co.jp/union06/cabinet/tops/tops2/imgrc0066634128.jpg"" width=""300""><br>

</td></tr></table>



16世紀のフランスの画家""エドゥアール・マネ""による作品""死せるキリストと二人の天使""を落とし込んだ一枚。<br>
{infomation}<br>
着丈 S約65cm M約69cm L約73cm XL約77cm<br>
身幅 S約49cm M約52cm L約55cm XL約58cm<br>
袖丈 S約60cm M約62cm L約63cm XL約64cm<br>
肩幅 S約42cm M約45cm L約48cm XL約52cm<br>
※縫製製品ですので1～2cmの誤差が御座います。<br>
素材 コットン100%<br>
<br>
※こちらは海外倉庫からのお取り寄せ商品となりますので、<br>
お届けまで7～14営業日程頂いております。<br>
取り寄せ商品のご注文後のキャンセル、変更は出来ません。<br>
また、他店舗でも販売しているため在庫有りとなっていても完売している場合が<br>
御座いますので予めご了承下さい。<br>
※お使いのモニターにより若干、色味が変わって見える場合が御座います。<br>
予めご了承下さい。<br>",MANET Tシャツ/メンズ レディース ユニセックス ストリート 長袖 マリア キリスト ジーザス エドゥアール マネ 名画 聖母  宗教画 西洋画 ロンt tee tシャツ：ONLINESHOP COLDSTEEL,バンダナ柄supremeiphoneケースメンズストリートレディース激安格安チカーノ西海岸ギャングファッションパーカーtシャツline教えて出会い糞ビッチチカーナhiphopiphone6MANET Tシャツ/メンズ レディース ユニセックス ストリート 長袖 マリア キリスト ジーザス エドゥアール マネ 名画 聖母  宗教画 西洋画 ロンt tee tシャツ,【▼▼楽天スーパーセール▼▼全商品大特価祭り▼▼】。MANET Tシャツ/メンズ レディース ユニセックス ストリート 長袖 マリア キリスト ジーザス エドゥアール マネ 名画 聖母  宗教画 西洋画 ロンt tee tシャツ[rn]
13-36567,http://tshop.r10s.jp/union06/cabinet/tops/tops2/imgrc0066634115.jpg?fitin=700:700,2224.0000,,メンズファッション > トップス > Tシャツ > 長袖 > プリント,FREEMASON teeシャツ/三色展開 長袖 メンズ レディース ユニセックス freemason ストリート コンパス 三角形 デルタ フリーメーソン 六芒星  フリーメイソン ダビデの星 illuminati イルミナティ 字 デザイン グラフィック tee tシャツ ロング ロンt,【▼▼楽天スーパーセール▼▼全商品大特価祭り▼▼】,"<table width=""305"" border=""0"" align=""center"" cellpadding=""0"" cellspacing=""0"">
<tr>
  <td>
<br><img src=""http://image.rakuten.co.jp/union06/cabinet/tops/tops2/imgrc0066634115.jpg"" width=""300""><br>
<br><img src=""http://image.rakuten.co.jp/union06/cabinet/tops/tops2/imgrc0066634116.jpg"" width=""300""><br>
<br><img src=""http://image.rakuten.co.jp/union06/cabinet/tops/tops2/imgrc0066634117.jpg"" width=""300""><br>
</td></tr></table>
石工ギルドが始まりと云われる秘密結社フリーメイソンの
シンボルを落とし込んだ一枚。<br>

{infomation}<br>
着丈 S約65cm M約69cm L約73cm XL約77cm<br>
身幅 S約49cm M約52cm L約55cm XL約58cm<br>
袖丈 S約60cm M約62cm L約63cm XL約64cm<br>
肩幅 S約42cm M約45cm L約48cm XL約52cm<br>
※縫製製品ですので1～2cmの誤差が御座います。<br>

<br>
※こちらは海外倉庫からのお取り寄せ商品となりますので、<br>
お届けまで7～14営業日程頂いております。<br>
取り寄せ商品のご注文後のキャンセル、変更は出来ません。<br>
また、他店舗でも販売しているため在庫有りとなっていても完売している場合が<br>
御座いますので予めご了承下さい。<br>
※お使いのモニターにより若干、色味が変わって見える場合が御座います。<br>
予めご了承下さい。<br>",FREEMASON teeシャツ/三色展開 長袖 メンズ レディース ユニセックス freemason ストリート コンパス 三角形 デルタ フリーメーソン 六芒星  フリーメイソン ダビデの星 illuminati イルミナティ 字 デザイン グラフィック tee tシャツ ロング ロンt：ONLINESHOP COLDSTEEL,バンダナ柄supremeiphoneケースメンズストリートレディース激安格安チカーノ西海岸ギャングファッションパーカーtシャツline教えて出会い糞ビッチチカーナhiphopiphone6FREEMASON teeシャツ/三色展開 長袖 メンズ レディース ユニセックス freemason ストリート コンパス 三角形 デルタ フリーメーソン 六芒星  フリーメイソン ダビデの星 illuminati イルミナティ 字 デザイン グラフィック tee tシャツ ロング ロンt,【▼▼楽天スーパーセール▼▼全商品大特価祭り▼▼】。FREEMASON teeシャツ/三色展開 長袖 メンズ レディース ユニセックス freemason ストリート コンパス 三角形 デルタ フリーメーソン 六芒星  フリーメイソン ダビデの星 illuminati イルミナティ 字 デザイン グラフィック tee tシャツ ロング ロンt[rn]
13-36568,http://tshop.r10s.jp/union06/cabinet/tops/tops2/imgrc0066634109.jpg?fitin=700:700,2224.0000,,メンズファッション > トップス > Tシャツ > 長袖 > プリント,ANGEL FUCK ロングTシャツ メンズ レディース ストリート ブランド fuck angel ロゴ 英字 単語 シンプル　ロゴ トップス ギャング ロンt ロング tee tシャツ,【▼▼楽天スーパーセール▼▼全商品大特価祭り▼▼】,"<table width=""305"" border=""0"" align=""center"" cellpadding=""0"" cellspacing=""0"">
<tr>
  <td>
<br><img src=""http://image.rakuten.co.jp/union06/cabinet/tops/tops2/imgrc0066634109.jpg"" width=""300""><br>
<br><img src=""http://image.rakuten.co.jp/union06/cabinet/tops/tops2/imgrc0066634110.jpg"" width=""300""><br>
<br><img src=""http://image.rakuten.co.jp/union06/cabinet/tops/tops2/imgrc0066634111.jpg"" width=""300""><br>
</td></tr></table>


アメリカのパンクバンド、ミスフィッツからインスパイアされた一枚。<br>
{infomation}<br>
着丈 S約65cm M約69cm L約73cm XL約77cm<br>
身幅 S約49cm M約52cm L約55cm XL約58cm<br>
袖丈 S約60cm M約62cm L約63cm XL約64cm<br>
肩幅 S約42cm M約45cm L約48cm XL約52cm<br>
※縫製製品ですので1～2cmの誤差が御座います。<br>
素材 コットン100%<br>
<br>
※こちらは海外倉庫からのお取り寄せ商品となりますので、<br>
お届けまで7～14営業日程頂いております。<br>
取り寄せ商品のご注文後のキャンセル、変更は出来ません。<br>
また、他店舗でも販売しているため在庫有りとなっていても完売している場合が<br>
御座いますので予めご了承下さい。<br>
※お使いのモニターにより若干、色味が変わって見える場合が御座います。<br>
予めご了承下さい。<br>",ANGEL FUCK ロングTシャツ メンズ レディース ストリート ブランド fuck angel ロゴ 英字 単語 シンプル　ロゴ トップス ギャング ロンt ロング tee tシャツ：ONLINESHOP COLDSTEEL,バンダナ柄supremeiphoneケースメンズストリートレディース激安格安チカーノ西海岸ギャングファッションパーカーtシャツline教えて出会い糞ビッチチカーナhiphopiphone6ANGEL FUCK ロングTシャツ メンズ レディース ストリート ブランド fuck angel ロゴ 英字 単語 シンプル　ロゴ トップス ギャング ロンt ロング tee tシャツ,【▼▼楽天スーパーセール▼▼全商品大特価祭り▼▼】。ANGEL FUCK ロングTシャツ メンズ レディース ストリート ブランド fuck angel ロゴ 英字 単語 シンプル　ロゴ トップス ギャング ロンt ロング tee tシャツ[rn]
13-36569,http://tshop.r10s.jp/union06/cabinet/tops/imgrc0066580363.jpg?fitin=700:700,2224.0000,,メンズファッション > トップス > Tシャツ > 長袖 > プリント,ILLUMINATI teeシャツ/三色展開 長袖 メンズ レディース ユニセックス freemason ストリート コンパス 三角形 デルタ フリーメーソン 六芒星  フリーメイソン ダビデの星 illuminati イルミナティ 字 デザイン グラフィック tee tシャツ ロング ロンt,【▼▼楽天スーパーセール▼▼全商品大特価祭り▼▼】,"<table width=""305"" border=""0"" align=""center"" cellpadding=""0"" cellspacing=""0"">
<tr>
  <td>
<br><img src=""http://image.rakuten.co.jp/union06/cabinet/tops/imgrc0066580363.jpg"" width=""300""><br>
<br><img src=""http://image.rakuten.co.jp/union06/cabinet/tops/imgrc0066580364.jpg"" width=""300""><br>
<br><img src=""http://image.rakuten.co.jp/union06/cabinet/tops/imgrc0066580365.jpg"" width=""300""><br>
</td></tr></table>
全てにおいて一つ上を目指し世界を裏から牛耳っていると言われている
組織イルミナティのロゴを落とし込んだ一枚。<br>


{infomation}<br>
着丈 S約65cm M約69cm L約73cm XL約77cm<br>
身幅 S約49cm M約52cm L約55cm XL約58cm<br>
袖丈 S約60cm M約62cm L約63cm XL約64cm<br>
肩幅 S約42cm M約45cm L約48cm XL約52cm<br>
※縫製製品ですので1～2cmの誤差が御座います。<br>

<br>
※こちらは海外倉庫からのお取り寄せ商品となりますので、<br>
お届けまで7～14営業日程頂いております。<br>
取り寄せ商品のご注文後のキャンセル、変更は出来ません。<br>
また、他店舗でも販売しているため在庫有りとなっていても完売している場合が<br>
御座いますので予めご了承下さい。<br>
※お使いのモニターにより若干、色味が変わって見える場合が御座います。<br>
予めご了承下さい。<br>",ILLUMINATI teeシャツ/三色展開 長袖 メンズ レディース ユニセックス freemason ストリート コンパス 三角形 デルタ フリーメーソン 六芒星  フリーメイソン ダビデの星 illuminati イルミナティ 字 デザイン グラフィック tee tシャツ ロング ロンt：ONLINESHOP COLDSTEEL,バンダナ柄supremeiphoneケースメンズストリートレディース激安格安チカーノ西海岸ギャングファッションパーカーtシャツline教えて出会い糞ビッチチカーナhiphopiphone6ILLUMINATI teeシャツ/三色展開 長袖 メンズ レディース ユニセックス freemason ストリート コンパス 三角形 デルタ フリーメーソン 六芒星  フリーメイソン ダビデの星 illuminati イルミナティ 字 デザイン グラフィック tee tシャツ ロング ロンt,【▼▼楽天スーパーセール▼▼全商品大特価祭り▼▼】。ILLUMINATI teeシャツ/三色展開 長袖 メンズ レディース ユニセックス freemason ストリート コンパス 三角形 デルタ フリーメーソン 六芒星  フリーメイソン ダビデの星 illuminati イルミナティ 字 デザイン グラフィック tee tシャツ ロング ロンt[rn]
13-36570,http://tshop.r10s.jp/union06/cabinet/tops/imgrc0066580357.jpg?fitin=700:700,2224.0000,,メンズファッション > トップス > Tシャツ > 長袖 > プリント,ILLUMINATI teeシャツ/三色展開 長袖 メンズ レディース ユニセックス freemason ストリート コンパス 三角形 デルタ フリーメーソン 六芒星  フリーメイソン ダビデの星 illuminati イルミナティ 字 デザイン グラフィック tee tシャツ ロング ロンt,【▼▼楽天スーパーセール▼▼全商品大特価祭り▼▼】,"<table width=""305"" border=""0"" align=""center"" cellpadding=""0"" cellspacing=""0"">
<tr>
  <td>
<br><img src=""http://image.rakuten.co.jp/union06/cabinet/tops/imgrc0066580357.jpg"" width=""300""><br>
<br><img src=""http://image.rakuten.co.jp/union06/cabinet/tops/imgrc0066580358.jpg"" width=""300""><br>
<br><img src=""http://image.rakuten.co.jp/union06/cabinet/tops/imgrc0066580359.jpg"" width=""300""><br>
</td></tr></table>
全てにおいて一つ上を目指し世界を裏から牛耳っていると言われている
組織イルミナティのロゴを落とし込んだ一枚。<br>


{infomation}<br>
着丈 S約65cm M約69cm L約73cm XL約77cm<br>
身幅 S約49cm M約52cm L約55cm XL約58cm<br>
袖丈 S約60cm M約62cm L約63cm XL約64cm<br>
肩幅 S約42cm M約45cm L約48cm XL約52cm<br>
※縫製製品ですので1～2cmの誤差が御座います。<br>

<br>
※こちらは海外倉庫からのお取り寄せ商品となりますので、<br>
お届けまで7～14営業日程頂いております。<br>
取り寄せ商品のご注文後のキャンセル、変更は出来ません。<br>
また、他店舗でも販売しているため在庫有りとなっていても完売している場合が<br>
御座いますので予めご了承下さい。<br>
※お使いのモニターにより若干、色味が変わって見える場合が御座います。<br>
予めご了承下さい。<br>",ILLUMINATI teeシャツ/三色展開 長袖 メンズ レディース ユニセックス freemason ストリート コンパス 三角形 デルタ フリーメーソン 六芒星  フリーメイソン ダビデの星 illuminati イルミナティ 字 デザイン グラフィック tee tシャツ ロング ロンt：ONLINESHOP COLDSTEEL,バンダナ柄supremeiphoneケースメンズストリートレディース激安格安チカーノ西海岸ギャングファッションパーカーtシャツline教えて出会い糞ビッチチカーナhiphopiphone6ILLUMINATI teeシャツ/三色展開 長袖 メンズ レディース ユニセックス freemason ストリート コンパス 三角形 デルタ フリーメーソン 六芒星  フリーメイソン ダビデの星 illuminati イルミナティ 字 デザイン グラフィック tee tシャツ ロング ロンt,【▼▼楽天スーパーセール▼▼全商品大特価祭り▼▼】。ILLUMINATI teeシャツ/三色展開 長袖 メンズ レディース ユニセックス freemason ストリート コンパス 三角形 デルタ フリーメーソン 六芒星  フリーメイソン ダビデの星 illuminati イルミナティ 字 デザイン グラフィック tee tシャツ ロング ロンt[rn]
13-36571,http://tshop.r10s.jp/union06/cabinet/tops/imgrc0066580360.jpg?fitin=700:700,2224.0000,,メンズファッション > トップス > Tシャツ > 長袖 > プリント,ILLUMINATI teeシャツ/三色展開 長袖 メンズ レディース ユニセックス freemason ストリート コンパス 三角形 デルタ フリーメーソン 六芒星  フリーメイソン ダビデの星 illuminati イルミナティ 字 デザイン グラフィック tee tシャツ ロング ロンt,【▼▼楽天スーパーセール▼▼全商品大特価祭り▼▼】,"<table width=""305"" border=""0"" align=""center"" cellpadding=""0"" cellspacing=""0"">
<tr>
  <td>
<br><img src=""http://image.rakuten.co.jp/union06/cabinet/tops/imgrc0066580360.jpg"" width=""300""><br>
<br><img src=""http://image.rakuten.co.jp/union06/cabinet/tops/imgrc0066580361.jpg"" width=""300""><br>
<br><img src=""http://image.rakuten.co.jp/union06/cabinet/tops/imgrc0066580362.jpg"" width=""300""><br>
</td></tr></table>
全てにおいて一つ上を目指し世界を裏から牛耳っていると言われている
組織イルミナティのロゴを落とし込んだ一枚。<br>


{infomation}<br>
着丈 S約65cm M約69cm L約73cm XL約77cm<br>
身幅 S約49cm M約52cm L約55cm XL約58cm<br>
袖丈 S約60cm M約62cm L約63cm XL約64cm<br>
肩幅 S約42cm M約45cm L約48cm XL約52cm<br>
※縫製製品ですので1～2cmの誤差が御座います。<br>

<br>
※こちらは海外倉庫からのお取り寄せ商品となりますので、<br>
お届けまで7～14営業日程頂いております。<br>
取り寄せ商品のご注文後のキャンセル、変更は出来ません。<br>
また、他店舗でも販売しているため在庫有りとなっていても完売している場合が<br>
御座いますので予めご了承下さい。<br>
※お使いのモニターにより若干、色味が変わって見える場合が御座います。<br>
予めご了承下さい。<br>",ILLUMINATI teeシャツ/三色展開 長袖 メンズ レディース ユニセックス freemason ストリート コンパス 三角形 デルタ フリーメーソン 六芒星  フリーメイソン ダビデの星 illuminati イルミナティ 字 デザイン グラフィック tee tシャツ ロング ロンt：ONLINESHOP COLDSTEEL,バンダナ柄supremeiphoneケースメンズストリートレディース激安格安チカーノ西海岸ギャングファッションパーカーtシャツline教えて出会い糞ビッチチカーナhiphopiphone6ILLUMINATI teeシャツ/三色展開 長袖 メンズ レディース ユニセックス freemason ストリート コンパス 三角形 デルタ フリーメーソン 六芒星  フリーメイソン ダビデの星 illuminati イルミナティ 字 デザイン グラフィック tee tシャツ ロング ロンt,【▼▼楽天スーパーセール▼▼全商品大特価祭り▼▼】。ILLUMINATI teeシャツ/三色展開 長袖 メンズ レディース ユニセックス freemason ストリート コンパス 三角形 デルタ フリーメーソン 六芒星  フリーメイソン ダビデの星 illuminati イルミナティ 字 デザイン グラフィック tee tシャツ ロング ロンt[rn]
13-36572,http://tshop.r10s.jp/5445ra/cabinet/ae/ae262a.jpg?fitin=700:700,3555.2000,,メンズファッション > トップス > Tシャツ > 長袖 > プリント,【スーパーDEALで　ポイント15％+5％】　＼20%還元／4/17までゆうパケット送料無料American Eagle アメリカンイーグル　メンズAE ロングTシャツ ロンTee ae262 ホワイト　ブラック,長袖　AE　メンズ　長袖　男性用ロン,"■こちらの商品はゆうパケット送料無料となります■<BR>
※代金引換の場合、宅配便料金・手数料が加算されます。<BR><IMG SRC=""http://image.rakuten.co.jp/5445ra/cabinet/ae/ae262a.jpg""width=""80%""><BR><BR>
<IMG SRC=""http://image.rakuten.co.jp/5445ra/cabinet/ae/ae262a-white1.jpg""width=""80%""><BR>
<IMG SRC=""http://image.rakuten.co.jp/5445ra/cabinet/ae/ae262a-white2.jpg""width=""80%""><BR>
<IMG SRC=""http://image.rakuten.co.jp/5445ra/cabinet/ae/ae262a-white3.jpg""width=""80%""><BR><BR>
<IMG SRC=""http://image.rakuten.co.jp/5445ra/cabinet/ae/ae262a-black1.jpg""width=""80%""><BR>
<IMG SRC=""http://image.rakuten.co.jp/5445ra/cabinet/ae/ae262a-black2.jpg""width=""80%""><BR>
<IMG SRC=""http://image.rakuten.co.jp/5445ra/cabinet/ae/ae262a-black3.jpg""width=""80%""><BR><BR>
<BR>


派手すぎずアメリカンイーグルの存在感が漂う<BR>プリントが人気の秘訣<BR>素材は肌触りのよく乾きやすい素材<BR>コットン60％ポリエステル40%<BR>MADE IN VIETNAM<BR>
<BR>Ｓ（着丈 約64cm・身幅 約49cm・肩幅 約45cm・袖丈 約65cm）<BR>Ｍ（着丈 約68cm・身幅 約51cm・肩幅 約48cm・袖丈 約66cm）<BR>Ｌ（着丈 約70cm・身幅 約56cm・肩幅 約51cm・袖丈 約67cm）<BR>※商品の特性上、サイズの詳細は誤差が生じます。<BR>※アメリカサイズとなりワンサイズ下をおすすめします。<BR>通常Mサイズの場合、Sサイズの大きさとなります。",【スーパーDEALで　ポイント15％+5％】　＼20%還元／4/17までゆうパケット送料無料American Eagle アメリカンイーグル　メンズAE ロングTシャツ ロンTee ae262 ホワイト　ブラック：5445楽天市場店,アメリカンイーグル AmericanEagle5445アバクロ Abercrombie激安通販アメリカ 正規品 並行輸入ラルフローレンアウトレットメンズオークリー OAKLEYイタリア ヨーロッパDIESEL　ディーゼルホリスターA/X　アルマーニアメカジディーゼルCKラコステ大人カジュアルコーチ　COACHベルト【スーパーDEALで　ポイント15％+5％】　＼20%還元／4/17までゆうパケット送料無料American Eagle アメリカンイーグル　メンズAE ロングTシャツ ロンTee ae262 ホワイト　ブラック,長袖　AE　メンズ　長袖　男性用ロン。【スーパーDEALで　ポイント15％+5％】　＼20%還元／4/17までゆうパケット送料無料American Eagle アメリカンイーグル　メンズAE ロングTシャツ ロンTee ae262 ホワイト　ブラック[rn]
13-36573,http://tshop.r10s.jp/ever-green/cabinet/177/17777_01.jpg?fitin=700:700,3360.0000,,メンズファッション > トップス > Tシャツ > 長袖 > プリント,ロング丈Tシャツ ロンT ロング丈 ロングTシャツ 無地 長袖 ストリート系 ラグラン 春 春服 春物 おしゃれ お兄系 三代目 オラオラ系 BITTER ビター系 DIVINER ディバイナー,■DIVINER ディバイナー■クラックプリント長袖Tシャツ,"<table width=""100%"" border=""0"" cellspacing=""0"" cellpadding=""5""><iframe 　　　　　　　　　　　　　　　　　　="""" src=""http://www.rakuten.ne.jp/gold/ever-green/sp/item/17777.html"" frameborder=""0"" id=""categoryFrame"" height=""5550"" width=""100%""></iframe  　><tr><td align=""center"">&nbsp;</td></tr><tr><td bgcolor=""#000000""><font color=""#FFFFFF"">■モデルデータ</font></td></tr><tr><td>YUUUKI(180cm/59kg) 着用サイズ：M<br><br></td></tr><tr><td bgcolor=""#000000""><font color=""#FFFFFF"">■素材</font></td></tr><tr><td>綿100％<br><br></td></tr><tr><td bgcolor=""#000000""><font color=""#FFFFFF"">■SIZE</font></td></tr><tr><td>SIZE：M/L/XL<br>着丈：77/79/81cm<br>身幅：54/56/58cm<br>裄丈：86/87/89cm<br>アームホール：31/32/33cm<br><br><br>※上記表は弊社にて採寸を行った【実寸サイズ】となります。 タグに書かれておりますサイズとは異なる場合がございます。<br>詳しい採寸の方法はこちらからご確認ください</td></tr><tr><td bgcolor=""#000000""><font color=""#FFFFFF"">■商品説明</font></td></tr><tr><td>DIVINERから【クラックプリントラグラン長袖Tシャツ】が登場!!人とカブらない、ロックな見た目のプリントTシャツ。<br>今季もっとも注目されているロックTを演出した、男らしくてクールなロゴをクラックプリントで仕上げている。<br>古着のようにインクの割れたプリントを再現した手法のことをクロックプリントと呼び立体感のある風合いによって、限りなく本物の古着に近いプリントを再現。<br>武骨な男を演出させる今季トレンドの一着。<br><br></td></tr><tr><td bgcolor=""#000000""><font color=""#FFFFFF"">■YUUUKI POINT</font></td></tr><tr><td>普段のコーデにマッチしやすい、個性的なようでシンプルなアイテムですね♪味のあるヴィンテージ感溢れるプリントがポイントです！<br><br></td></tr><tr><td bgcolor=""#000000""><font color=""#FFFFFF"">■スタッフ着用コメント</font></td></tr><tr><td>170cm/56kg（細身のやせ形）普段S～M<br><b>Mサイズ</b>を着用しました！<br>余裕で着れました！ややロングなので、今季のストリートスタイルにも上手くマッチしそうですね◎<hr>175cm/63kg（筋肉質やせ形）普段M～L<br><b>Lサイズ</b>を着用しました！<br>ゆったりとした着用感です。男らしい雰囲気のアイテムなので、カッコよく着こなしたいですね！<hr>174cm/73kg（がっちり体系）普段L～XL<br><b>XLサイズ</b>を着用しました！<br>着れました！トレンド感溢れてて、一気にトレンド感が増しますね♪<hr></td></tr><tr><td bgcolor=""#000000""><font color=""#FFFFFF"">■関連商品</font></td></tr><tr><td>■他の長袖Tシャツは【コチラ】<br>■DIVINERアイテムは【コチラ】<br>■トップス一覧は【コチラ】</td></tr><tr><td>&nbsp;</td></tr><tr align=""center""><td></td></tr></table><table width=""100%"" border=""0""><tr align=""center""><td><b>▼▼もっと他の画像も見る▼▼</b></td></tr><tr align=""center""><td bgcolor=""#FF0000""><b><font size=""+2"" color=""#ffffff"">詳細はコチラ　＞</font></b></td></tr></table>",ロング丈Tシャツ ロンT ロング丈 ロングTシャツ 無地 長袖 ストリート系 ラグラン 春 春服 春物 おしゃれ お兄系 三代目 オラオラ系 BITTER ビター系 DIVINER ディバイナー：JOKER by EverGreen／ジョーカー,DIVINER ディバイナー 通販JOKER ジョーカー 通販メンズファッションBITTER　ビター びたー送料無料20代後半 30代前モテる アラサー世代ビタ男DIVINER ディヴァイナー悪羅悪羅 オラオラ艶男クラブ CLUB夏服メンズお洒落 オシャレ おしゃれお兄系雑誌 掲載コーディネート着こなしデート コーデロング丈Tシャツ ロンT ロング丈 ロングTシャツ 無地 長袖 ストリート系 ラグラン 春 春服 春物 おしゃれ お兄系 三代目 オラオラ系 BITTER ビター系 DIVINER ディバイナー,■DIVINER ディバイナー■クラックプリント長袖Tシャツ。ロング丈Tシャツ ロンT ロング丈 ロングTシャツ 無地 長袖 ストリート系 ラグラン 春 春服 春物 おしゃれ お兄系 三代目 オラオラ系 BITTER ビター系 DIVINER ディバイナー[rn]
13-36574,http://tshop.r10s.jp/ever-green/cabinet/dvb/dvbg-0044_01-.jpg?fitin=700:700,1110.4000,,メンズファッション > トップス > Tシャツ > 長袖 > プリント,【メール便対象】【まとめ割対象商品】ロンT メンズ ロングTシャツ 長袖Tシャツ Uネック 長袖T Tシャツ 無地 シンプル トップス カットソー フライス スカル ドクロ 黒 白 グレー ブラック ホワイト おしゃれ タイト 細身 オラオラ系,メンズ Uネック ロンT 長袖Tシャツ 長袖T BITTER,"<table width=""100%"" border=""0"" cellspacing=""0"" cellpadding=""5""><tr><td><img src=""http://image.rakuten.co.jp/ever-green/cabinet/dvb/dvbg-0044_01-.jpg"" width=""100%""><img src=""http://image.rakuten.co.jp/ever-green/cabinet/dvb/dvbg-0044_02-.jpg"" width=""100%""><img src=""http://image.rakuten.co.jp/ever-green/cabinet/dvb/dvbg-0044_03-.jpg"" width=""100%""></td></tr><tr><td align=""center"">&nbsp;</td></tr><tr><td bgcolor=""#000000""><font color=""#FFFFFF"">■モデルデータ</font></td></tr><tr><td>YUUUKI(180cm/59kg) 着用サイズ：M<br><br></td></tr><tr><td bgcolor=""#000000""><font color=""#FFFFFF"">■素材</font></td></tr><tr><td>ポリエステル65％　綿35％<br><br></td></tr><tr><td bgcolor=""#000000""><font color=""#FFFFFF"">■SIZE</font></td></tr><tr><td>SIZE：M/L/XL/XXL<br>着丈：62/65/67/69<br>身幅：43/44/45/46<br>肩幅：41/42/44/46<br>袖丈：59/61/62/63<br><br><br>※上記表は弊社にて採寸を行った【実寸サイズ】となります。 タグに書かれておりますサイズとは異なる場合がございます。<br>詳しい採寸の方法はこちらからご確認ください</td></tr><tr><td bgcolor=""#000000""><font color=""#FFFFFF"">■商品説明</font></td></tr><tr><td>DIVINERから、どんなコーデにもハマるカラバリ豊富な【ロゴプリントベーシッククルーネック長袖Tシャツ】が登場！<br>胸元にはオリジナルロゴをプリントし、ワンポイントアクセントをプラス。<br>裾口に配置されたピスネームや、バックにプリントされたDIVINERのスカルサークルロゴが男度をアゲてくれます！<br>美シルエットなTシャツは一枚着はもちろん、インナーとしてもマルチに使え、カラー違いで揃えておくのもオススメです。<br>★YUUUKIの着用コメント★Ｍサイズ着用。<br>　ジャストでした。<br>肌触りが良く、カラー展開豊富で何着持っていても使える商品です♪<br><br></td></tr><tr><td bgcolor=""#000000""><font color=""#FFFFFF"">■スタッフ着用コメント</font></td></tr><tr><td><b>170cm/56kg Mサイズ着用</b><br>→　程よいサイズ感でした。お好みのフィット感で選ぶのがベストだと思います。<br><b>175cm/63kg Lサイズ着用</b><br>→　丁度良いサイズ感でした！Mサイズでも着れましたが丈の長さが少し短いかな？と感じました。<br><b>174cm/73kg XXLサイズ着用</b><br>→　かなり伸縮性があるので着用は出来ましたが、キツキツな着用感でした・・・<br><br></td></tr><tr><td bgcolor=""#000000""><font color=""#FFFFFF"">■関連商品</font></td></tr><tr><td>■他の長袖Tシャツは【コチラ】<br>■DIVINERアイテムは【コチラ】<br>■トップス一覧は【コチラ】</td></tr><tr><td>&nbsp;</td></tr><tr align=""center""><td><table width=""100%"" border=""0"" cellpadding=""10"" cellspacing=""2"" bgcolor=""#990000""><tr><td align=""center"" bgcolor=""#FFFFFF""> <font size=""+1"" color=""#990000"">★送料全国一律２５０円★<br>※こちらの商品はメール便対象商品です※</font><br><font color=""#990000"">　必ず下記をご確認くださいますようお願いいたします。<br><b> 【メール便について】</b></font></td></tr></table></td></tr></table><table width=""100%"" border=""0""><tr align=""center""><td><b>▼▼もっと他の画像も見る▼▼</b></td></tr><tr align=""center""><td bgcolor=""#FF0000""><b><font size=""+2"" color=""#ffffff"">詳細はコチラ　＞</font></b></td></tr><tr><td align=""center"" bgcolor=""#FFFF00""><font size=""+3"">＞＞まとめ割についてはこちら＜＜</font></td></tr></table><hr id=""attencion""　　　　　　　　　　　        >",【メール便対象】【まとめ割対象商品】ロンT メンズ ロングTシャツ 長袖Tシャツ Uネック 長袖T Tシャツ 無地 シンプル トップス カットソー フライス スカル ドクロ 黒 白 グレー ブラック ホワイト おしゃれ タイト 細身 オラオラ系：JOKER by EverGreen／ジョーカー,DIVINER ディバイナー 通販JOKER ジョーカー 通販メンズファッションBITTER　ビター びたー送料無料20代後半 30代前モテる アラサー世代ビタ男DIVINER ディヴァイナー悪羅悪羅 オラオラ艶男クラブ CLUB夏服メンズお洒落 オシャレ おしゃれお兄系雑誌 掲載コーディネート着こなしデート コーデ【メール便対象】【まとめ割対象商品】ロンT メンズ ロングTシャツ 長袖Tシャツ Uネック 長袖T Tシャツ 無地 シンプル トップス カットソー フライス スカル ドクロ 黒 白 グレー ブラック ホワイト おしゃれ タイト 細身 オラオラ系,メンズ Uネック ロンT 長袖Tシャツ 長袖T BITTER。【メール便対象】【まとめ割対象商品】ロンT メンズ ロングTシャツ 長袖Tシャツ Uネック 長袖T Tシャツ 無地 シンプル トップス カットソー フライス スカル ドクロ 黒 白 グレー ブラック ホワイト おしゃれ タイト 細身 オラオラ系[rn]
13-36575,http://tshop.r10s.jp/flagon/cabinet/2017_img/d2fx1.jpg?fitin=700:700,370.4000,,メンズファッション > トップス > Tシャツ > 長袖 > プリント,送料無料 メンズ 長袖Tシャツ アメカジ ロゴ ミリタリー シンプルプリント ロンT【D2F】【パケ1】,送料無料中☆飾り気の少ないシンプルプリントのロンTeeです。,"<table width=""100%"" border=""0"" cellspacing=""0"" cellpadding=""0"">
<tr> 
    <td><img src=""http://www.rakuten.ne.jp/gold/flagon/smart/d2f_1.jpg"" width=""100%"" border=""0""><br>
      <br>
      <br>
      </td>
  </tr>
</table>
<table width=""100%"" border=""0"" cellspacing=""0"" cellpadding=""5"">
  <tr> 
    <td bgcolor=#CCCCCC><font size=2><b>商品説明</b></font></td>
  </tr>
  <tr> 
    <td > <font size=2>※こちらのお品はゆうパケット便発送にて送料無料中です。<br><br>
 本品を含め複数点のご注文を下さった場合には宅配便にて発送致します。<br><br>
※ゆうパケット便発送にはお買い上げ明細が付属致しません。<br><br><br>

 ●綿×化繊・T/C天竺生地を使用した、中肉厚のクルーネック長袖Tシャツです。<br><br>
T/C素材特有のサラッとシルキーな肌触りと、
発色の良さでビジュアルの良さで着心地と着映えが◎<br><br>
また、乾きの良さも特徴です。<br><br>
フロントや胸に、アメカジ系・ミリタリー系・ワンポイント風の
シンプルなプリントを施し、
レギュラーサイズで仕上げた、プレーンな1着。<br><br>
ナチュラルな存在感で、誰もが好印象♪</font><br>
      <br>
      <br>
      <font size=2 color=#333333>■上記掲載画像のモデルは身長174cm・体重63kgでMサイズを着用しております。</font><br>
      <br>
      <font size=2 color=#FF0000>※お客様のディスプレー環境により色が多少違って見える場合がございます。予めご了承ください。<br><br></font> 
    </td>
  </tr>
</table>
<table width=""100%"" border=""0"" cellspacing=""0"" cellpadding=""5"">
  <tr> 
    <td bgcolor=#CCCCCC><font size=2><b>素材</b></font></td>
  </tr>
  <tr> 
    <td> <font size=2 color=#FF6600>ポリエステル65%　綿35%
<br><br></font></td>
  </tr>
</table>
<table width=""100%"" border=""0"" cellspacing=""0"" cellpadding=""5"">
  <tr> 
    <td bgcolor=#CCCCCC><font size=2><b>サイズ</b></font></td>
  </tr>
</table>
<br>
<table width=100% border=0>
  <tr align=center> 
    <td> 
      <table width=100% border=0 cellspacing=2 cellpadding=5>
        <tr bgcolor=#999999 align=center> 
          <td><font size=2>サイズ<br>(cm)</font></td>
          <td><font size=2 >着丈</font></td>
          <td><font size=2 >身幅</font></td>
          <td><font size=2 >袖丈</font></td>
          <td><font size=2 >肩幅</font></td>
          <td><font size=2 >アーム<br>
            ホール</font></td>
        </tr>
        <tr bgcolor=#EEEEEE align=center> 
          <td><font size=""3"">M</font></td>
          <td><font size=""3"">64</font></td>
          <td><font size=""3"">96</font></td>
          <td><font size=""3"">60</font></td>
          <td><font size=""3"">41</font></td>
          <td><font size=""3"">46</font></td>
        </tr>
        <tr bgcolor=#DDDDDD align=center> 
          <td><font size=""3"">L</font></td>
          <td><font size=""3"">66</font></td>
          <td><font size=""3"">102</font></td>
          <td><font size=""3"">62</font></td>
          <td><font size=""3"">42</font></td>
          <td><font size=""3"">48</font></td>
        </tr>
        <tr bgcolor=#EEEEEE align=center> 
          <td><font size=""3"">LL</font></td>
          <td><font size=""3"">69</font></td>
          <td><font size=""3"">108</font></td>
          <td><font size=""3"">64</font></td>
          <td><font size=""3"">44</font></td>
          <td><font size=""3"">50</font></td>
        </tr>
<tr bgcolor=#DDDDDD align=center> 
          <td><font size=""3"">3L</font></td>
          <td><font size=""3"">72</font></td>
          <td><font size=""3"">114</font></td>
          <td><font size=""3"">66</font></td>
          <td><font size=""3"">47</font></td>
          <td><font size=""3"">52</font></td>
        </tr>
        </table>
    </td>
  </tr>
</table>
<table width=""100%"" border=""0"" cellspacing=""0"" cellpadding=""5"">
  <tr> 
    <td ><font size=2 color=#FF0000>※個体差により多少の誤差が生じる場合がございます。予めご了承ください。<br><br></font> 
    </td>
  </tr>
</table>
<br>
<table width=""100%"" border=""0"" cellspacing=""0"" cellpadding=""0"">
  <tr> 
    <td><img src=""http://www.rakuten.ne.jp/gold/flagon/smart/d2f_2.jpg"" width=""100%"" border=""0""><br>
      <br>
      <br>
      </td>
  </tr>
  <tr>
    <td><img src=""http://www.rakuten.ne.jp/gold/flagon/event/img/2016_yupake_600.gif"" width=""100%"" border=""0""><br><br><br></td>
</tr>
</table>",送料無料 メンズ 長袖Tシャツ アメカジ ロゴ ミリタリー シンプルプリント ロンT【D2F】【パケ1】：FLAG ON CREW,送料無料 メンズ 長袖Tシャツ アメカジ ロゴ ミリタリー シンプルプリント ロンT【D2F】【パケ1】,送料無料中☆飾り気の少ないシンプルプリントのロンTeeです。。送料無料 メンズ 長袖Tシャツ アメカジ ロゴ ミリタリー シンプルプリント ロンT【D2F】【パケ1】[rn]
13-36576,http://tshop.r10s.jp/flagon/cabinet/2017_img/d2ix1.jpg?fitin=700:700,479.2000,,メンズファッション > トップス > Tシャツ > 長袖 > プリント,送料無料 長袖Tシャツ メンズ バイカーズプリント 杢染め ロンT 大きいサイズ M L LL 3L 4L【D2I】【パケ1】,雰囲気のある杢染め生地。クールなバイカープリントが決め手♪,"<table width=""100%"" border=""0"" cellspacing=""0"" cellpadding=""0"">
  <tr> 
    <td><img src=""http://www.rakuten.ne.jp/gold/flagon/smart/d2i_1.jpg"" width=""100%"" border=""0""><br>
      <br>
      <br>
      </td>
  </tr>
</table>
<table width=""100%"" border=""0"" cellspacing=""0"" cellpadding=""5"">
  <tr> 
    <td bgcolor=#CCCCCC><font size=2><b>商品説明</b></font></td>
  </tr>
  <tr> 
    <td > <font size=2>●こちらのお品はゆうパケット便発送にて送料無料中です。<br><br>
 本品を含め複数点のご注文を下さった場合には宅配便にて発送致します。<br><br>
※ゆうパケット便発送にはお買い上げ明細が付属致しません。<br><br>
 明細書をご希望の場合は、コメント欄にその旨をご記入下さい。<br><br><br>

 杢染め天竺素材を使用した、長袖プリントTシャツです。<br><br>
 色が混ざり合った杢染めミックスカラー生地のクルーネックロンTをベースに、
フロントにバイカーズ柄プリントを施してあります。<br><br>
 主張し過ぎず、トゲトゲしさもクセもない、バイカープリントが決め手です。<br><br>
またレギュラーサイジングで、どなたでも着易い1着です。<br><br>
※3Lサイズ・4Lサイズは、KINGサイズ基準で作られた大きなサイズです。<br><br>
ご注文の際は、計測サイズ値をご確認下さいませ。</font><br>
      <br>
      <br>
      <font size=2 color=#333333>■上記掲載画像のモデルは身長174cm・体重63kgでMサイズを着用しております。</font><br>
      <br>
      <font size=2 color=#FF0000>※お客様のディスプレー環境により色が多少違って見える場合がございます。予めご了承ください。<br><br></font> 
    </td>
  </tr>
</table>
<table width=""100%"" border=""0"" cellspacing=""0"" cellpadding=""5"">
  <tr> 
    <td bgcolor=#CCCCCC><font size=2><b>素材</b></font></td>
  </tr>
  <tr> 
    <td> <font size=2 color=#FF6600>ポリエステル65%　綿35%<br><br></font></td>
  </tr>
</table>
<table width=""100%"" border=""0"" cellspacing=""0"" cellpadding=""5"">
  <tr> 
    <td bgcolor=#CCCCCC><font size=2><b>サイズ</b></font></td>
  </tr>
</table>
<br>
<table width=100% border=0>
  <tr align=center> 
    <td> 
      <table width=100% border=0 cellspacing=2 cellpadding=5>
        <tr bgcolor=#999999 align=center> 
          <td><font size=2>サイズ<br>(cm)</font></td>
          <td><font size=2 >着丈</font></td>
          <td><font size=2 >身幅</font></td>
          <td><font size=2 >袖丈</font></td>
          <td><font size=2 >肩幅</font></td>
          <td><font size=2 >アーム<br>
            ホール</font></td>
        </tr>
        <tr bgcolor=#EEEEEE align=center> 
          <td><font size=""3"">M</font></td>
          <td><font size=""3"">66</font></td>
          <td><font size=""3"">100</font></td>
          <td><font size=""3"">59</font></td>
          <td><font size=""3"">42</font></td>
          <td><font size=""3"">48</font></td>
        </tr>
        <tr bgcolor=#DDDDDD align=center> 
          <td><font size=""3"">L</font></td>
          <td><font size=""3"">68</font></td>
          <td><font size=""3"">104</font></td>
          <td><font size=""3"">60</font></td>
          <td><font size=""3"">43.5</font></td>
          <td><font size=""3"">50</font></td>
        </tr>
        <tr bgcolor=#EEEEEE align=center> 
          <td><font size=""3"">LL</font></td>
          <td><font size=""3"">70</font></td>
          <td><font size=""3"">108</font></td>
          <td><font size=""3"">61</font></td>
          <td><font size=""3"">45</font></td>
          <td><font size=""3"">52</font></td>
        </tr>
<tr bgcolor=#DDDDDD align=center> 
          <td><font size=""3"">3L</font></td>
          <td><font size=""3"">74</font></td>
          <td><font size=""3"">114</font></td>
          <td><font size=""3"">62</font></td>
          <td><font size=""3"">46</font></td>
          <td><font size=""3"">54</font></td>
        </tr>
        <tr bgcolor=#EEEEEE align=center> 
          <td><font size=""3"">4L</font></td>
          <td><font size=""3"">76</font></td>
          <td><font size=""3"">120</font></td>
          <td><font size=""3"">64</font></td>
          <td><font size=""3"">48</font></td>
          <td><font size=""3"">56</font></td>
        </tr>
        </table>
    </td>
  </tr>
</table>
<table width=""100%"" border=""0"" cellspacing=""0"" cellpadding=""5"">
  <tr> 
    <td ><font size=2 color=#FF0000>※個体差により多少の誤差が生じる場合がございます。予めご了承ください。<br><br></font> 
    </td>
  </tr>
</table>
<br>
<table width=""100%"" border=""0"" cellspacing=""0"" cellpadding=""0"">
  <tr> 
    <td><img src=""http://www.rakuten.ne.jp/gold/flagon/smart/d2i_2.jpg"" width=""100%"" border=""0""><br>
      <br>
      <br>
      </td>
  </tr>
  <tr> 
    <td><img src=""http://www.rakuten.ne.jp/gold/flagon/smart/yupake600.gif"" width=""100%"" border=""0""><br>
      <br>
      <br>
      </td>
  </tr>
</table>",送料無料 長袖Tシャツ メンズ バイカーズプリント 杢染め ロンT 大きいサイズ M L LL 3L 4L【D2I】【パケ1】：FLAG ON CREW,送料無料 長袖Tシャツ メンズ バイカーズプリント 杢染め ロンT 大きいサイズ M L LL 3L 4L【D2I】【パケ1】,雰囲気のある杢染め生地。クールなバイカープリントが決め手♪。送料無料 長袖Tシャツ メンズ バイカーズプリント 杢染め ロンT 大きいサイズ M L LL 3L 4L【D2I】【パケ1】[rn]
13-36577,http://tshop.r10s.jp/flagon/cabinet/2017_img/d1yx1.jpg?fitin=700:700,479.2000,,メンズファッション > トップス > Tシャツ > 長袖 > プリント,Tシャツ メンズ 長袖 ミリタリー系 送料無料 プリント ロンTee【D1Y】【パケ1】,ゆうパケット送料無料☆王道のミリタリープリント長袖Tシャツ！,"<table width=""100%"" border=""0"" cellspacing=""0"" cellpadding=""0"">
  <tr> 
    <td><img src=""http://www.rakuten.ne.jp/gold/flagon/smart/d1y_1.jpg"" width=""100%"" border=""0""><br>
      <br>
      <br>
      </td>
  </tr>
</table>
<table width=""100%"" border=""0"" cellspacing=""0"" cellpadding=""5"">
  <tr> 
    <td bgcolor=#CCCCCC><font size=2><b>商品説明</b></font></td>
  </tr>
  <tr> 
    <td > <font size=2>●こちらのお品はゆうパケット便発送にて送料無料中です。<br><br>
 本品を含め複数点のご注文を下さった場合には宅配便にて発送致します。<br><br>
※ゆうパケット便発送にはお買い上げ明細が付属致しません。<br><br>
 明細書をご希望の場合は、コメント欄にその旨をご記入下さい。<br><br><br>

 綿天竺生地を使用し、レギュラーサイズに仕上げた、プリント長袖Tシャツです。<br><br>
※色名に「杢」と記載のあるカラーはポリエステル混天竺となります。<br><br>
フロントに一目で分かる王道のミリタリープリントを施した、永遠不滅の定番デザイン。<br><br>
いつ着てもハズレなしのロンTeeです！</font><br>
      <br>
      <br>
      <font size=2 color=#333333>■上記掲載画像のモデルは身長174cm・体重63kgでMサイズを着用しております。</font><br>
      <br>
      <font size=2 color=#FF0000>※お客様のディスプレー環境により色が多少違って見える場合がございます。予めご了承ください。<br><br></font> 
    </td>
  </tr>
</table>
<table width=""100%"" border=""0"" cellspacing=""0"" cellpadding=""5"">
  <tr> 
    <td bgcolor=#CCCCCC><font size=2><b>素材</b></font></td>
  </tr>
  <tr> 
    <td> <font size=2 color=#FF6600>綿100%（色名に「杢」と記載のある色のみポリエステル65%　綿35%）<br><br></font></td>
  </tr>
</table>
<table width=""100%"" border=""0"" cellspacing=""0"" cellpadding=""5"">
  <tr> 
    <td bgcolor=#CCCCCC><font size=2><b>サイズ</b></font></td>
  </tr>
</table>
<br>
<table width=100% border=0>
  <tr align=center> 
    <td> 
      <table width=100% border=0 cellspacing=2 cellpadding=5>
        <tr bgcolor=#999999 align=center> 
          <td><font size=2>サイズ<br>(cm)</font></td>
          <td><font size=2 >着丈</font></td>
          <td><font size=2 >身幅</font></td>
          <td><font size=2 >袖丈</font></td>
          <td><font size=2 >肩幅</font></td>
          <td><font size=2 >アーム<br>
            ホール</font></td>
        </tr>
        <tr bgcolor=#EEEEEE align=center> 
          <td><font size=""3"">M</font></td>
          <td><font size=""3"">65</font></td>
          <td><font size=""3"">100</font></td>
          <td><font size=""3"">59</font></td>
          <td><font size=""3"">42</font></td>
          <td><font size=""3"">50</font></td>
        </tr>
        <tr bgcolor=#DDDDDD align=center> 
          <td><font size=""3"">L</font></td>
          <td><font size=""3"">67</font></td>
          <td><font size=""3"">106</font></td>
          <td><font size=""3"">60</font></td>
          <td><font size=""3"">44</font></td>
          <td><font size=""3"">52</font></td>
        </tr>
        <tr bgcolor=#EEEEEE align=center> 
          <td><font size=""3"">LL</font></td>
          <td><font size=""3"">69</font></td>
          <td><font size=""3"">112</font></td>
          <td><font size=""3"">62</font></td>
          <td><font size=""3"">46</font></td>
          <td><font size=""3"">54</font></td>
        </tr>
<tr bgcolor=#DDDDDD align=center> 
          <td><font size=""3"">3L</font></td>
          <td><font size=""3"">72</font></td>
          <td><font size=""3"">118</font></td>
          <td><font size=""3"">64</font></td>
          <td><font size=""3"">48</font></td>
          <td><font size=""3"">56</font></td>
        </tr>
        <tr bgcolor=#EEEEEE align=center> 
          <td><font size=""3"">4L</font></td>
          <td><font size=""3"">76</font></td>
          <td><font size=""3"">126</font></td>
          <td><font size=""3"">66</font></td>
          <td><font size=""3"">51</font></td>
          <td><font size=""3"">58</font></td>
        </tr>
        </table>
    </td>
  </tr>
</table>
<table width=""100%"" border=""0"" cellspacing=""0"" cellpadding=""5"">
  <tr> 
    <td ><font size=2 color=#FF0000>※個体差により多少の誤差が生じる場合がございます。予めご了承ください。<br><br></font> 
    </td>
  </tr>
</table>
<br>
<table width=""100%"" border=""0"" cellspacing=""0"" cellpadding=""0"">
  <tr> 
    <td><img src=""http://www.rakuten.ne.jp/gold/flagon/smart/d1y_2.jpg"" width=""100%"" border=""0""><br>
      <br>
      <br>
      </td>
  </tr>
  <tr> 
    <td><img src=""http://www.rakuten.ne.jp/gold/flagon/smart/yupake600.gif"" width=""100%"" border=""0""><br>
      <br>
      <br>
      </td>
  </tr>
</table>",Tシャツ メンズ 長袖 ミリタリー系 送料無料 プリント ロンTee【D1Y】【パケ1】：FLAG ON CREW,Tシャツ メンズ 長袖 ミリタリー系 送料無料 プリント ロンTee【D1Y】【パケ1】,ゆうパケット送料無料☆王道のミリタリープリント長袖Tシャツ！。Tシャツ メンズ 長袖 ミリタリー系 送料無料 プリント ロンTee【D1Y】【パケ1】[rn]
13-36578,http://tshop.r10s.jp/flagon/cabinet/2017_img/d2wx1.jpg?fitin=700:700,479.2000,,メンズファッション > トップス > Tシャツ > 長袖 > プリント,送料無料 メンズ 長袖 Tシャツ アメカジロゴ プリント ロンT クルーネック【D2W】【パケ1】,送料無料中☆レギュラーサイズ仕上げの着易いロンTee。,"<table width=""100%"" border=""0"" cellspacing=""0"" cellpadding=""0"">
<tr> 
    <td><img src=""http://www.rakuten.ne.jp/gold/flagon/smart/d2w_1.jpg"" width=""100%"" border=""0""><br>
      <br>
      <br>
      </td>
  </tr>
</table>
<table width=""100%"" border=""0"" cellspacing=""0"" cellpadding=""5"">
  <tr> 
    <td bgcolor=#CCCCCC><font size=2><b>商品説明</b></font></td>
  </tr>
  <tr> 
    <td > <font size=2>こちらのお品はゆうパケット便発送にて送料無料中です。<br><br>
 本品を含め複数点のご注文を下さった場合には宅配便にて発送致します。<br><br>
※ゆうパケット便発送にはお買い上げ明細が付属致しません。<br><br>

 ●綿100％天竺生地を使用した、プリント長袖Tシャツです。<br><br>
※杢オートミール色はポリエステル混天竺となります。<br><br>
 無難にまとめたアメカジ系のロゴプリント、クルーネック(丸首)、
 体型を選ばずに着られるレギュラーサイジングで、
コーデやスタイルを選ばずに着られる仕上がり♪<br><br>
クセのない、ベーシックな1着です。<br><br>
※3Lサイズ・4Lサイズは、KINGサイズ基準で作られた大きなサイズです。<br><br>
ご注文の際は、計測サイズ値をご確認下さいませ。</font><br>
      <br>
      <br>
      <font size=2 color=#333333>■上記掲載画像のモデルは身長174cm・体重63kgでMサイズを着用しております。</font><br>
      <br>
      <font size=2 color=#FF0000>※お客様のディスプレー環境により色が多少違って見える場合がございます。予めご了承ください。<br><br></font> 
    </td>
  </tr>
</table>
<table width=""100%"" border=""0"" cellspacing=""0"" cellpadding=""5"">
  <tr> 
    <td bgcolor=#CCCCCC><font size=2><b>素材</b></font></td>
  </tr>
  <tr> 
    <td> <font size=2 color=#FF6600>綿100%（オートミールのみポリエステル65%　綿35%）
<br><br></font></td>
  </tr>
</table>
<table width=""100%"" border=""0"" cellspacing=""0"" cellpadding=""5"">
  <tr> 
    <td bgcolor=#CCCCCC><font size=2><b>サイズ</b></font></td>
  </tr>
</table>
<br>
<table width=100% border=0>
  <tr align=center> 
    <td> 
      <table width=100% border=0 cellspacing=2 cellpadding=5>
        <tr bgcolor=#999999 align=center> 
          <td><font size=2>サイズ<br>(cm)</font></td>
          <td><font size=2 >着丈</font></td>
          <td><font size=2 >身幅</font></td>
          <td><font size=2 >袖丈</font></td>
          <td><font size=2 >肩幅</font></td>
          <td><font size=2 >アーム<br>
            ホール</font></td>
        </tr>
        <tr bgcolor=#EEEEEE align=center> 
          <td><font size=""3"">M</font></td>
          <td><font size=""3"">65</font></td>
          <td><font size=""3"">100</font></td>
          <td><font size=""3"">58</font></td>
          <td><font size=""3"">41</font></td>
          <td><font size=""3"">48</font></td>
        </tr>
        <tr bgcolor=#DDDDDD align=center> 
          <td><font size=""3"">L</font></td>
          <td><font size=""3"">68</font></td>
          <td><font size=""3"">106</font></td>
          <td><font size=""3"">62</font></td>
          <td><font size=""3"">43</font></td>
          <td><font size=""3"">50</font></td>
        </tr>
        <tr bgcolor=#EEEEEE align=center> 
          <td><font size=""3"">LL</font></td>
          <td><font size=""3"">70</font></td>
          <td><font size=""3"">112</font></td>
          <td><font size=""3"">64</font></td>
          <td><font size=""3"">45</font></td>
          <td><font size=""3"">52</font></td>
        </tr>
<tr bgcolor=#DDDDDD align=center> 
          <td><font size=""3"">3L</font></td>
          <td><font size=""3"">74</font></td>
          <td><font size=""3"">122</font></td>
          <td><font size=""3"">66</font></td>
          <td><font size=""3"">47</font></td>
          <td><font size=""3"">54</font></td>
        </tr>
        <tr bgcolor=#EEEEEE align=center> 
          <td><font size=""3"">4L</font></td>
          <td><font size=""3"">76</font></td>
          <td><font size=""3"">128</font></td>
          <td><font size=""3"">68</font></td>
          <td><font size=""3"">50</font></td>
          <td><font size=""3"">56</font></td>
        </tr>
        </table>
    </td>
  </tr>
</table>
<table width=""100%"" border=""0"" cellspacing=""0"" cellpadding=""5"">
  <tr> 
    <td ><font size=2 color=#FF0000>※個体差により多少の誤差が生じる場合がございます。予めご了承ください。<br><br></font> 
    </td>
  </tr>
</table>
<br>
<table width=""100%"" border=""0"" cellspacing=""0"" cellpadding=""0"">
  <tr> 
    <td><img src=""http://www.rakuten.ne.jp/gold/flagon/smart/d2w_2.jpg"" width=""100%"" border=""0""><br>
      <br>
      <br>
      </td>
  </tr>
  <tr>
    <td><img src=""http://www.rakuten.ne.jp/gold/flagon/event/img/2016_yupake_600.gif"" width=""100%"" border=""0""><br><br><br></td>
</tr>
</table>",送料無料 メンズ 長袖 Tシャツ アメカジロゴ プリント ロンT クルーネック【D2W】【パケ1】：FLAG ON CREW,送料無料 メンズ 長袖 Tシャツ アメカジロゴ プリント ロンT クルーネック【D2W】【パケ1】,送料無料中☆レギュラーサイズ仕上げの着易いロンTee。。送料無料 メンズ 長袖 Tシャツ アメカジロゴ プリント ロンT クルーネック【D2W】【パケ1】[rn]
13-36579,http://tshop.r10s.jp/limited2nd/cabinet/top/r2i-0750.jpg?fitin=700:700,740.8000,,メンズファッション > トップス > カジュアルシャツ > 長袖 > ボタンダウンシャツ,【送料無料】メール便 シャツ メンズ 長袖 ボタンダウン チェックシャツ 長袖シャツ マドラス ストライプ ウインドペン ギンガム 通販M1【R2I-0750】,コーデのポイントに使える定番チェックシャツ,"<img src=""http://image.rakuten.co.jp/limited2nd/cabinet/img14/r2i-0750-y1.jpg"" width=""100%""><br>
<img src=""http://image.rakuten.co.jp/limited2nd/cabinet/img14/r2i-0750-y2.jpg"" width=""100%""><br>
<img src=""http://image.rakuten.co.jp/limited2nd/cabinet/img14/r2i-0750-y3.jpg"" width=""100%""><br>
<img src=""http://image.rakuten.co.jp/limited2nd/cabinet/img14/r2i-0750-y4.jpg"" width=""100%""><br>
<img src=""http://image.rakuten.co.jp/limited2nd/cabinet/img14/r2i-0750-y5.jpg"" width=""100%""><br>


<table width=""100%"" cellpadding=""5"" border=""0"">
  <tr>
    <td><hr></td>
  </tr>
  <tr>
    <td>◆商品説明</td>
  </tr>
  <tr>
    <td>コーデのポイントに使える定番チェックシャツのご紹介です。<br>
サラリとした肌触りで、シャキっとした素材感のTCブロード素材を使用しております。<br>
ボタンダウンカラーを採用することでカジュアルになりすぎない<br>
落ち着きのある雰囲気を感じさせてくれます。<br>
スタンダードなシルエットなので、幅広いスタイルに対応できるオススメの1着です。</td>
  </tr>
  <tr>
    <td><hr></td>
  </tr>
  <tr>
    <td>◆モデルコメント</td>
  </tr>
  <tr>
    <td>Mサイズでゆったり、Lサイズでかなりゆったりでした。<br>
自分で購入するならMサイズを選びます。<br>
<br>
=身長170cm、体重60kg、胸囲84cmのモデルがMサイズを着用=</td>
  </tr>
  <tr>
    <td><hr></td>
  </tr>
  <tr>
    <td>◆サイズ</td>
  </tr>
  <tr>
    <td><table border=""0"" width=""100%"" cellspacing=""1"" cellpadding=""0"" bgcolor=""#606060"">
<tr bgcolor=""#efefef"" align=""center"" valign=""middle""> 
<td></td>
<td>着丈</td>
<td>身幅</td>
<td>肩幅</td>
<td>袖丈</td>
<td>裾幅</td>
<td>袖口</td>
</tr>

<tr bgcolor=""#ffffff"" align=""center"" valign=""middle""> 
<td>M</td>
<td>71</td>
<td>52</td>
<td>45</td>
<td>62</td>
<td>53</td>
<td>9.5</td>
</tr>

<tr bgcolor=""#efefef"" align=""center"" valign=""middle"">
<td>L</td>
<td>74</td>
<td>54</td>
<td>46</td>
<td>62</td>
<td>55</td>
<td>10.5</td>
</tr>

<tr bgcolor=""#ffffff"" align=""center"" valign=""middle""> 
<td>LL</td>
<td>79</td>
<td>57</td>
<td>49</td>
<td>63</td>
<td>56</td>
<td>12</td>
</tr>

</table>
<br>
<br>
実寸法の為、多少の誤差がある場合がございます。(単位：cm)
<br>

    </td>
  </tr>
  <tr>
    <td><hr></td>
  </tr>
  <tr>
    <td>◆素材</td>
  </tr>
  <tr>
    <td>綿55％、ポリエステル45％</td>
  </tr>
  <tr>
    <td><hr></td>
  </tr>
</table>",【送料無料】メール便 シャツ メンズ 長袖 ボタンダウン チェックシャツ 長袖シャツ マドラス ストライプ ウインドペン ギンガム 通販M1【R2I-0750】：LIMITED 2ND,【送料無料】メール便 シャツ メンズ 長袖 ボタンダウン チェックシャツ 長袖シャツ マドラス ストライプ ウインドペン ギンガム 通販M1【R2I-0750】,コーデのポイントに使える定番チェックシャツ。【送料無料】メール便 シャツ メンズ 長袖 ボタンダウン チェックシャツ 長袖シャツ マドラス ストライプ ウインドペン ギンガム 通販M1【R2I-0750】[rn]
13-36580,http://tshop.r10s.jp/limited2nd/cabinet/top/r3k-0654.jpg?fitin=700:700,740.8000,,メンズファッション > トップス > カジュアルシャツ > 長袖 > ボタンダウンシャツ,【送料無料】メール便 オックスフォードシャツ メンズ ボタンダウンシャツ 長袖シャツ 通販M1【R3K-0654】,幅広いスタイルに使える無地の定番シャツ,"<img src=""http://image.rakuten.co.jp/limited2nd/cabinet/img13/r3k-0654-r1n.jpg"" width=""100%""><br>
<img src=""http://image.rakuten.co.jp/limited2nd/cabinet/img13/r3k-0654-r2n.jpg"" width=""100%""><br>
<img src=""http://image.rakuten.co.jp/limited2nd/cabinet/img13/r3k-0654-r3n.jpg"" width=""100%""><br>
<img src=""http://image.rakuten.co.jp/limited2nd/cabinet/img13/r3k-0654-r4n.jpg"" width=""100%""><br>
<img src=""http://image.rakuten.co.jp/limited2nd/cabinet/img13/r3k-0654-r5n.jpg"" width=""100%""><br>
<img src=""http://image.rakuten.co.jp/limited2nd/cabinet/img13/r3k-0654-r6n.jpg"" width=""100%""><br>
<img src=""http://image.rakuten.co.jp/limited2nd/cabinet/img13/r3k-0654-r7n.jpg"" width=""100%""><br>
<img src=""http://image.rakuten.co.jp/limited2nd/cabinet/img14/r3k-0654-r11n.jpg"" width=""100%""><br>
<img src=""http://image.rakuten.co.jp/limited2nd/cabinet/img13/r3k-0654-r9n.jpg"" width=""100%""><br>

<table width=""100%"" cellpadding=""5"" border=""0"">
  <tr>
    <td><hr></td>
  </tr>
  <tr>
    <td>◆商品説明</td>
  </tr>
  <tr>
    <td>幅広いスタイルに使える定番シャツのご紹介です。<br>
サラリとした肌触りで通気性が良く、快適な着心地のT/Cオックスフォード素材を使用しております。<br>
ボタンダウンを採用する事により<br>
オンオフ問わずコーディネイトに取り入れる事が出来るエレガントさをプラス。<br>
スッキリとしたシルエットでどんなアイテムにも合わせやすいオススメの1着です。</td>
  </tr>
  <tr>
    <td><hr></td>
  </tr>
  <tr>
    <td>◆モデルコメント</td>
  </tr>
  <tr>
    <td>清涼感のある爽やかなシャツですね。<br>
Mサイズではぴったり、Lサイズでややゆったりでした。<br>
自分で購入するならMサイズを選びます。<br>
<br>
=身長170cm、体重60kg、胸囲84cmのモデルがMサイズを着用=</td>
  </tr>
  <tr>
    <td><hr></td>
  </tr>
  <tr>
    <td>◆サイズ</td>
  </tr>
  <tr>
    <td><table border=""0"" width=""100%"" cellspacing=""1"" cellpadding=""0"" bgcolor=""#606060"">
<tr bgcolor=""#efefef"" align=""center"" valign=""middle""> 
<td></td>
<td>着丈</td>
<td>身幅</td>
<td>肩幅</td>
<td>袖丈</td>
<td>裾幅</td>
<td>袖口</td>
</tr>

<tr bgcolor=""#ffffff"" align=""center"" valign=""middle""> 
<td>M</td>
<td>72</td>
<td>51</td>
<td>44</td>
<td>61</td>
<td>52</td>
<td>11</td>
</tr>

<tr bgcolor=""#efefef"" align=""center"" valign=""middle"">
<td>L</td>
<td>74</td>
<td>54</td>
<td>46</td>
<td>62</td>
<td>54</td>
<td>11</td>
</tr>

<tr bgcolor=""#ffffff"" align=""center"" valign=""middle""> 
<td>LL</td>
<td>77</td>
<td>56</td>
<td>48</td>
<td>63</td>
<td>56</td>
<td>12</td>
</tr>

</table>
<br>
<br>
実寸法の為、多少の誤差がある場合がございます。(単位：cm)
<br>

    </td>
  </tr>
  <tr>
    <td><hr></td>
  </tr>
  <tr>
    <td>◆素材</td>
  </tr>
  <tr>
    <td>綿55％、ポリエステル45％</td>
  </tr>
  <tr>
    <td><hr></td>
  </tr>
</table>",【送料無料】メール便 オックスフォードシャツ メンズ ボタンダウンシャツ 長袖シャツ 通販M1【R3K-0654】：LIMITED 2ND,【送料無料】メール便 オックスフォードシャツ メンズ ボタンダウンシャツ 長袖シャツ 通販M1【R3K-0654】,幅広いスタイルに使える無地の定番シャツ。【送料無料】メール便 オックスフォードシャツ メンズ ボタンダウンシャツ 長袖シャツ 通販M1【R3K-0654】[rn]
13-36581,http://tshop.r10s.jp/limited2nd/cabinet/top/2b0321.jpg?fitin=700:700,666.4000,,メンズファッション > トップス > カジュアルシャツ > 長袖 > ボタンダウンシャツ,【送料無料】メール便 長袖シャツ メンズ チェックシャツ ボタンダウンシャツ マドラス ウインドペン 通販M1【2B0321】,コーデのポイントに使える定番チェックシャツ,"<img src=""http://www.rakuten.ne.jp/gold/limited2nd/smf/2b0321/2b0321n-r1.jpg"" width=""100%""><br>
<img src=""http://www.rakuten.ne.jp/gold/limited2nd/smf/2b0321/2b0321n-r2.jpg"" width=""100%""><br>
<img src=""http://www.rakuten.ne.jp/gold/limited2nd/smf/2b0321/2b0321n-r3.jpg"" width=""100%""><br>
<img src=""http://www.rakuten.ne.jp/gold/limited2nd/smf/2b0321/2b0321n-r4.jpg"" width=""100%""><br>
<img src=""http://www.rakuten.ne.jp/gold/limited2nd/smf/2b0321/2b0321n-r5.jpg"" width=""100%""><br>
<img src=""http://www.rakuten.ne.jp/gold/limited2nd/smf/2b0321/2b0321n-r6.jpg"" width=""100%""><br>
<img src=""http://www.rakuten.ne.jp/gold/limited2nd/smf/2b0321/2b0321n-r7.jpg"" width=""100%""><br>
<img src=""http://www.rakuten.ne.jp/gold/limited2nd/smf/2b0321/2b0321n-r8.jpg"" width=""100%""><br>
<img src=""http://www.rakuten.ne.jp/gold/limited2nd/smf/2b0321/2b0321n-r9.jpg"" width=""100%""><br>
<img src=""http://www.rakuten.ne.jp/gold/limited2nd/smf/2b0321/2b0321n-r10.jpg"" width=""100%""><br>

<table width=""100%"" cellpadding=""5"" border=""0"">
  <tr>
    <td><hr></td>
  </tr>
  <tr>
    <td>◆商品説明</td>
  </tr>
  <tr>
    <td>コーデのポイントに使える定番チェックシャツのご紹介です。<br>
サラリとした肌触りで、シャキっとした素材感のTCブロード素材を使用しております。<br>
ボタンダウンカラーを採用することでカジュアルになりすぎない<br>
落ち着きのある雰囲気を感じさせてくれます。<br>
スタンダードなシルエットなので、幅広いスタイルに対応できるオススメの1着です。</td>
  </tr>
  <tr>
    <td><hr></td>
  </tr>
  <tr>
    <td>◆モデルコメント</td>
  </tr>
  <tr>
    <td>Mサイズでぴったり、Lサイズでゆったりでした。<br>
自分で購入するならMサイズを選びます。<br>
<br>
=身長170cm、体重60kg、胸囲84cmのモデルがMサイズを着用=</td>
  </tr>
  <tr>
    <td><hr></td>
  </tr>
  <tr>
    <td>◆サイズ</td>
  </tr>
  <tr>
    <td><table border=""0"" width=""100%"" cellspacing=""1"" cellpadding=""0"" bgcolor=""#606060"">
<tr bgcolor=""#efefef"" align=""center"" valign=""middle""> 
<td></td>
<td>着丈</td>
<td>身幅</td>
<td>肩幅</td>
<td>袖丈</td>
<td>裾幅</td>
<td>袖口</td>
</tr>

<tr bgcolor=""#ffffff"" align=""center"" valign=""middle""> 
<td>M</td>
<td>71</td>
<td>51</td>
<td>44</td>
<td>61</td>
<td>53</td>
<td>10</td>
</tr>

<tr bgcolor=""#efefef"" align=""center"" valign=""middle"">
<td>L</td>
<td>74</td>
<td>54</td>
<td>46</td>
<td>62</td>
<td>55</td>
<td>11</td>
</tr>

<tr bgcolor=""#ffffff"" align=""center"" valign=""middle""> 
<td>LL</td>
<td>77</td>
<td>57</td>
<td>48</td>
<td>63</td>
<td>57</td>
<td>12</td>
</tr>

</table>
<br>
<br>
実寸法の為、多少の誤差がある場合がございます。(単位：cm)
<br>

    </td>
  </tr>
  <tr>
    <td><hr></td>
  </tr>
  <tr>
    <td>◆素材</td>
  </tr>
  <tr>
    <td>綿55％、ポリエステル45％</td>
  </tr>
  <tr>
    <td><hr></td>
  </tr>
</table>",【送料無料】メール便 長袖シャツ メンズ チェックシャツ ボタンダウンシャツ マドラス ウインドペン 通販M1【2B0321】：LIMITED 2ND,【送料無料】メール便 長袖シャツ メンズ チェックシャツ ボタンダウンシャツ マドラス ウインドペン 通販M1【2B0321】,コーデのポイントに使える定番チェックシャツ。【送料無料】メール便 長袖シャツ メンズ チェックシャツ ボタンダウンシャツ マドラス ウインドペン 通販M1【2B0321】[rn]
13-36582,http://tshop.r10s.jp/clozest/cabinet/01381972/prettygreen/grxg52418363-bld.jpg?fitin=700:700,4838.4000,,メンズファッション > トップス > カジュアルシャツ > 長袖 > ボタンダウンシャツ,プリティーグリーン Pretty Green 長袖シャツ Shirt シャツ 2016 リーフカモ プリント メンズ ギフト,プリティーグリーン Pretty Green 長袖シャツ,"ギフト包装無料です <br><br><center>
<img width=""100%"" border=""0""src=""http://image.rakuten.co.jp/clozest/cabinet/01381972/prettygreen/grxg52418363-ble.jpg"">

<img width=""100%"" border=""0""src=""http://image.rakuten.co.jp/clozest/cabinet/01381972/prettygreen/grxg52418363-blf.jpg"">
<br>
<br>OASIS（オアシス）の
<br>リアム・ギャラガープロデュース
<br>ブリティッシュスタイルの
<br>原点に根ざしたブランド
<br>Pretty Green プリティーグリーン の
<br>リーフカモプリント
<br>ボタンダウン長袖シャツです。
<br>
<br>シンプルな色合いのベージュベースに
<br>全体に上品なリーフカモプリントがデザイン。
<br>大胆ながらもコーデしやすいカラーリングも魅力的です。
<br>首裏や下前立て,裾元のラインには花柄の配色がデザイン。
<br>一枚でもジャケットのインナーとしてもおススメの一品。
<br>素材は通気性に優れた麻と柔らかなコットンを使用しています。
<br>
<br>サイズ/着丈/身幅/肩幅/袖丈
<br>1/XXS/71cm/45cm/40cm/62cm
<br>2/XS/72cm/47cm/42cm/63cm
<br>3/S/73cm/49cm/44cm/64cm
参考モデル:178cm 60kg (2/XSサイズ着用）<br>
<br>
*日本サイズよりワンサイズ上をお選びください。 <br>
商品名:grxg52418363<br>
素材:麻53% 綿47%<br>
<br>
<br>全国送料無料
<br>
</center><br>
<center>
<br>
Pretty Green 長袖シャツ Tシャツ ポロシャツ一覧はこちら！<br>
<br>
Pretty Green 一覧はこちら！<br>
</center>",プリティーグリーン Pretty Green 長袖シャツ Shirt シャツ 2016 リーフカモ プリント メンズ ギフト：CLOZEST モッズメンズレディース,フレッドペリーFred PerryBen ShermanベンシャーマンメルクmercフルトンFultonロークLoakeジョンストンズモッズファッションツイードミルモッズ傘レディースメンズ通販バラクータバブアープリティーグリーン Pretty Green 長袖シャツ Shirt シャツ 2016 リーフカモ プリント メンズ ギフト,プリティーグリーン Pretty Green 長袖シャツ 。プリティーグリーン Pretty Green 長袖シャツ Shirt シャツ 2016 リーフカモ プリント メンズ ギフト[rn]
13-36583,http://tshop.r10s.jp/vantann/cabinet/category/01349369/01410924/img60104469.jpg?fitin=700:700,3528.0000,,メンズファッション > トップス > カジュアルシャツ > 長袖 > ボタンダウンシャツ,楽天スーパーセール送料無料【アディダス】adidas NEOメンズロングスリーブシャツｗｅ271　アディダス　シャツ　メンズ,アディダスNEO,"<link rel=""stylesheet""　　　　　　　　　　　        
href=""http://www.rakuten.ne.jp/gold/vantann/rakutenstyle.css""><BR>■サイズ<br> 
M：チェスト89～95cmウエスト75～81cm（前身頃73後身頃77身幅50）<br> 
L：チェスト93～99cmウエスト79～85cm（前身頃75後身頃78身幅52）<br> 
O：チェスト97～103cmウエスト83～89cm（前身頃77後身頃80身幅55）<br> 
XO：チェスト101～107cmウエスト87～93cm（前身頃79後身頃82身幅57）<br> <br>  

■品質<br> 
綿100％厚地<br> <br> 
■素材<br> 
プレーンウィーブ<br> <br> 

■詳細<br> 
・adidas NEO LABELシリーズより
メンズアパレル　シャツ　登場<br> <br> 

・季節の変わり目に最適なシャツです<br> <br> 
・小さめの襟とトレンドシルエットがポイントです<br> <br> 
・右肩部分と左下前部分にロゴが入っております<br> <br> 
・長袖はボタンダウン<br> <br> ・そのほかのアディダスはこちら→<br><br>
・そのほかのメンズアパレルはこちら→",楽天スーパーセール送料無料【アディダス】adidas NEOメンズロングスリーブシャツｗｅ271　アディダス　シャツ　メンズ：メンズインナーSHOPバンタン,ステテコチャンピオンアディダスヘインズ高島ちぢみサーマルSAPPY楽天 下着 メンズあったかBVD東レグンゼ父の日チャンピオンメンズ脇汗対策楽天スーパーセール送料無料【アディダス】adidas NEOメンズロングスリーブシャツｗｅ271　アディダス　シャツ　メンズ,アディダスNEO。楽天スーパーセール送料無料【アディダス】adidas NEOメンズロングスリーブシャツｗｅ271　アディダス　シャツ　メンズ[rn]
13-36584,http://tshop.r10s.jp/vantann/cabinet/02106115/imgrc0068729878.jpg?fitin=700:700,5520.0000,,メンズファッション > トップス > カジュアルシャツ > 長袖 > ボタンダウンシャツ,2016秋冬新作 送料無料 チャンピオン（Champion）メンズボタンダウン長袖オックスフォードシャツ（吸汗速乾クールマックス素材）C3-F405チャンピオン長袖ボタンダウンシャツ,送料無料チャンピオンのボタンダウンOXフォードシャツ,"■サイズ<BR>
Ｍ　胸囲88-96（着丈68.5身幅52）<BR>
Ｌ　胸囲96-104（着丈71身幅54）<BR>
ＸＬ　胸囲104-112（着丈73.5身幅56）<BR><BR>
モデル胸囲98（L）<BR><BR>

■品質<BR>
オックスフォード(コットン35%　ポリエステル65%)<BR><BR>
クールマックス素材採用<BR><BR>
ダブルドライ<BR><BR>

■詳細<BR>
・2016秋冬新作 送料無料 チャンピオン（Champion）メンズボタンダウン長袖オックスフォードシャツ（吸汗速乾クールマックス素材）C3-F405チャンピオン長袖ボタンダウンシャツ<BR><BR>



・機能性に優れたボタンダウンシャツ。<BR><BR>

・独自の毛管作用により、体から汗を吸い上げて外へ排出、また空気を外気から取り込んで冷却し乾燥させる吸水速乾性能が特長の「COOLMAX(クールマックス)」素材を使用。<BR><BR> 
・メンズアパレル商品<BR><BR>
<BR><BR>チャンピオン特集→",2016秋冬新作 送料無料 チャンピオン（Champion）メンズボタンダウン長袖オックスフォードシャツ（吸汗速乾クールマックス素材）C3-F405チャンピオン長袖ボタンダウンシャツ：メンズインナーSHOPバンタン,ステテコチャンピオンアディダスヘインズ高島ちぢみサーマルSAPPY楽天 下着 メンズあったかBVD東レグンゼ父の日チャンピオンメンズ脇汗対策2016秋冬新作 送料無料 チャンピオン（Champion）メンズボタンダウン長袖オックスフォードシャツ（吸汗速乾クールマックス素材）C3-F405チャンピオン長袖ボタンダウンシャツ,送料無料チャンピオンのボタンダウンOXフォードシャツ。2016秋冬新作 送料無料 チャンピオン（Champion）メンズボタンダウン長袖オックスフォードシャツ（吸汗速乾クールマックス素材）C3-F405チャンピオン長袖ボタンダウンシャツ[rn]
13-36585,http://tshop.r10s.jp/limited2nd/cabinet/top/1a0334.jpg?fitin=700:700,1480.0000,,メンズファッション > トップス > カジュアルシャツ > 長袖 > ボタンダウンシャツ,【送料無料】メール便 チェック柄 シャツ メンズ 長袖 ボタンダウン ストライプ マドラス ウインドペン 大きいサイズ 3L 4L キングサイズ 通販M【1A0334】,コーデのポイントに使える定番チェックシャツ,"<img src=""http://www.rakuten.ne.jp/gold/limited2nd/smf/r3g-0706/r3g-0706-s1n.jpg"" width=""100%""><br>
<img src=""http://www.rakuten.ne.jp/gold/limited2nd/smf/r3g-0706/r3g-0706-s2n.jpg"" width=""100%""><br>
<img src=""http://www.rakuten.ne.jp/gold/limited2nd/smf/r3g-0706/r3g-0706-s3n.jpg"" width=""100%""><br>
<img src=""http://www.rakuten.ne.jp/gold/limited2nd/smf/r3g-0706/r3g-0706-s4.jpg"" width=""100%""><br>
<img src=""http://www.rakuten.ne.jp/gold/limited2nd/smf/r3g-0706/r3g-0706-s5.jpg"" width=""100%""><br>
<img src=""http://www.rakuten.ne.jp/gold/limited2nd/smf/r3g-0706/r3g-0706-s6.jpg"" width=""100%""><br>
<img src=""http://www.rakuten.ne.jp/gold/limited2nd/smf/r3g-0706/r3g-0706-s7.jpg"" width=""100%""><br>

<img src=""http://image.rakuten.co.jp/limited2nd/cabinet/size/kingsize_m.jpg"" width=""100%"">
<img src=""http://image.rakuten.co.jp/limited2nd/cabinet/top/r3g-0706.jpg"" width=""100%"" border=""0""><img src=""http://image.rakuten.co.jp/limited2nd/cabinet/size/kingsize_link.jpg"" border=""0"" width=""100%"">

<table width=""100%"" cellpadding=""5"" border=""0"">
  <tr>
    <td><hr></td>
  </tr>
  <tr>
    <td>◆商品説明</td>
  </tr>
  <tr>
    <td>コーデのポイントに使える定番チェックシャツのご紹介です。<br>
サラリとした肌触りで、シャキっとした素材感のTCブロード素材を使用しております。<br>
ボタンダウンカラーを採用することでカジュアルになりすぎない<br>
落ち着きのある雰囲気を感じさせてくれます。<br>
スタンダードなシルエットなので、幅広いスタイルに対応できるオススメの1着です。</td>
  </tr>
  <tr>
    <td><hr></td>
  </tr>
  <tr>
    <td>◆モデルコメント</td>
  </tr>
  <tr>
    <td>Mサイズでぴったり、Lサイズでゆったりでした。<br>
自分で購入するならMサイズを選びます。<br>
<br>
=身長170cm、体重60kg、胸囲84cmのモデルがMサイズを着用=</td>
  </tr>
  <tr>
    <td><hr></td>
  </tr>
  <tr>
    <td>◆サイズ</td>
  </tr>
  <tr>
    <td><table border=""0"" width=""100%"" cellspacing=""1"" cellpadding=""0"" bgcolor=""#606060"">
<tr bgcolor=""#efefef"" align=""center"" valign=""middle""> 
<td></td>
<td>着丈</td>
<td>身幅</td>
<td>肩幅</td>
<td>袖丈</td>
<td>裾幅</td>
<td>袖口</td>
</tr>

<tr bgcolor=""#ffffff"" align=""center"" valign=""middle""> 
<td>3L</td>
<td>80</td>
<td>58</td>
<td>49</td>
<td>63</td>
<td>58</td>
<td>12</td>
</tr>

<tr bgcolor=""#efefef"" align=""center"" valign=""middle"">
<td>4L</td>
<td>82</td>
<td>61</td>
<td>52</td>
<td>64</td>
<td>60</td>
<td>13</td>
</tr>

</table>
<br>
<br>
実寸法の為、多少の誤差がある場合がございます。(単位：cm)
<br>

    </td>
  </tr>
  <tr>
    <td><hr></td>
  </tr>
  <tr>
    <td>◆素材</td>
  </tr>
  <tr>
    <td>綿55％、ポリエステル45％</td>
  </tr>
  <tr>
    <td><hr></td>
  </tr>
</table>",【送料無料】メール便 チェック柄 シャツ メンズ 長袖 ボタンダウン ストライプ マドラス ウインドペン 大きいサイズ 3L 4L キングサイズ 通販M【1A0334】：LIMITED 2ND,【送料無料】メール便 チェック柄 シャツ メンズ 長袖 ボタンダウン ストライプ マドラス ウインドペン 大きいサイズ 3L 4L キングサイズ 通販M【1A0334】,コーデのポイントに使える定番チェックシャツ。【送料無料】メール便 チェック柄 シャツ メンズ 長袖 ボタンダウン ストライプ マドラス ウインドペン 大きいサイズ 3L 4L キングサイズ 通販M【1A0334】[rn]
13-36586,http://tshop.r10s.jp/limited2nd/cabinet/top/11b0250.jpg?fitin=700:700,1776.8000,,メンズファッション > トップス > カジュアルシャツ > 長袖 > ボタンダウンシャツ,【送料無料】ゆうパケ シャツ メンズ 長袖 ボタンダウン パナマ織り チェック ボーダー 通販P【11B0250】,素材感の良さを存分に満喫できる長袖シャツ,"<img src=""http://image.rakuten.co.jp/limited2nd/cabinet/img14/11b0250-r1.jpg"" width=""100%""><br>
<img src=""http://image.rakuten.co.jp/limited2nd/cabinet/img14/11b0250-r2.jpg"" width=""100%""><br>
<img src=""http://image.rakuten.co.jp/limited2nd/cabinet/img14/11b0250-r3.jpg"" width=""100%""><br>
<img src=""http://image.rakuten.co.jp/limited2nd/cabinet/img14/11b0250-r4.jpg"" width=""100%""><br>
<img src=""http://image.rakuten.co.jp/limited2nd/cabinet/img14/11b0250-r5.jpg"" width=""100%""><br>


<table width=""100%"" cellpadding=""5"" border=""0"">
  <tr>
    <td><hr></td>
  </tr>
  <tr>
    <td>◆商品説明</td>
  </tr>
  <tr>
    <td>素材感の良さを存分に満喫できる長袖シャツのご紹介です。<br>
ザックリとした肌触りと通気性の良さが魅力のパナマ織コットン素材を使用しております。<br>
ベーシックで上品なボタンダウンカラーにジャガードで表現した<br>
チェックやストライプ柄がさりげなくオシャレ。<br>
カジュアルからキレイめまで幅広く使えるおススメの1着です。</td>
  </tr>
  <tr>
    <td><hr></td>
  </tr>
  <tr>
    <td>◆モデルコメント</td>
  </tr>
  <tr>
    <td>Mサイズでぴったり、Lサイズでゆったりでした。<br>
自分で購入するならMサイズを選びます。<br>
<br>
=身長170cm、体重60kg、胸囲84cmのモデルがMサイズを着用=</td>
  </tr>
  <tr>
    <td><hr></td>
  </tr>
  <tr>
    <td>◆サイズ</td>
  </tr>
  <tr>
    <td><table border=""0"" width=""100%"" cellspacing=""1"" cellpadding=""0"" bgcolor=""#606060"">
<tr bgcolor=""#efefef"" align=""center"" valign=""middle""> 
<td></td>
<td>着丈</td>
<td>身幅</td>
<td>肩幅</td>
<td>袖丈</td>
<td>裾幅</td>
<td>袖口</td>
</tr>

<tr bgcolor=""#ffffff"" align=""center"" valign=""middle""> 
<td>M</td>
<td>69</td>
<td>50</td>
<td>44</td>
<td>60</td>
<td>49</td>
<td>10.5</td>
</tr>

<tr bgcolor=""#efefef"" align=""center"" valign=""middle"">
<td>L</td>
<td>71</td>
<td>52</td>
<td>45</td>
<td>63</td>
<td>51</td>
<td>10.5</td>
</tr>

<tr bgcolor=""#ffffff"" align=""center"" valign=""middle""> 
<td>LL</td>
<td>73</td>
<td>54</td>
<td>47</td>
<td>63</td>
<td>54</td>
<td>11</td>
</tr>

</table>
<br>
<br>
実寸法の為、多少の誤差がある場合がございます。(単位：cm)
<br>

    </td>
  </tr>
  <tr>
    <td><hr></td>
  </tr>
  <tr>
    <td>◆素材</td>
  </tr>
  <tr>
    <td>綿100％</td>
  </tr>
  <tr>
    <td><hr></td>
  </tr>
</table>",【送料無料】ゆうパケ シャツ メンズ 長袖 ボタンダウン パナマ織り チェック ボーダー 通販P【11B0250】：LIMITED 2ND,【送料無料】ゆうパケ シャツ メンズ 長袖 ボタンダウン パナマ織り チェック ボーダー 通販P【11B0250】,素材感の良さを存分に満喫できる長袖シャツ。【送料無料】ゆうパケ シャツ メンズ 長袖 ボタンダウン パナマ織り チェック ボーダー 通販P【11B0250】[rn]
13-36587,http://tshop.r10s.jp/limited2nd/cabinet/top/r3e-0705.jpg?fitin=700:700,2220.8000,,メンズファッション > トップス > カジュアルシャツ > 長袖 > ボタンダウンシャツ,【送料無料】ゆうパケ ストレッチボタンダウンシャツ メンズ ドビー織柄 長袖シャツボタン ダウンシャツ ドレスシャツ 通販P【R3E-0705】,高級感と機能性を兼ね備えたストレッチ素材のボタンダウンシャツ,"<img src=""http://image.rakuten.co.jp/limited2nd/cabinet/img13/r3e-0705-s1.jpg"" width=""100%""><br><br><br><br>
<img src=""http://image.rakuten.co.jp/limited2nd/cabinet/img13/r3e-0705-s2.jpg"" width=""100%""><br><br><br><br>
<img src=""http://image.rakuten.co.jp/limited2nd/cabinet/img13/r3e-0705-s3.jpg"" width=""100%""><br><br><br><br>

<table width=""100%"" cellpadding=""5"" border=""0"">
  <tr>
    <td><hr></td>
  </tr>
  <tr>
    <td>◆商品説明</td>
  </tr>
  <tr>
    <td>高級感と機能性を兼ね備えたストレッチシャツのご紹介です。<br>
程良い光沢とドビー織柄が存在感と高級感を醸し出すストレッチサテン素材を使用しております。<br>
ストレスフリーな着用感を実現してくれるストレッチ素材。<br>
スタイリッシュなフォルムが特徴のこのシャツなら上品かつ華やかなシャツスタイルが手軽に完成。<br>
パーティーやビジネスなど様々なシーンで使えるおススメの1着です。</td>
  </tr>
  <tr>
    <td><hr></td>
  </tr>
  <tr>
    <td>◆モデルコメント</td>
  </tr>
  <tr>
    <td>Mサイズでぴったり、Lサイズでゆったりでした。<br>
自分で購入するならMサイズを選びます。<br>
<br>
=身長170cm、体重60kg、胸囲84cmのモデルがMサイズを着用=</td>
  </tr>
  <tr>
    <td><hr></td>
  </tr>
  <tr>
    <td>◆サイズ</td>
  </tr>
  <tr>
    <td><table border=""0"" width=""100%"" cellspacing=""1"" cellpadding=""0"" bgcolor=""#606060"">
<tr bgcolor=""#efefef"" align=""center"" valign=""middle""> 
<td></td>
<td>着丈</td>
<td>身幅</td>
<td>肩幅</td>
<td>袖丈</td>
<td>裾幅</td>
<td>袖口</td>
</tr>

<tr bgcolor=""#ffffff"" align=""center"" valign=""middle""> 
<td>M</td>
<td>74</td>
<td>52</td>
<td>46</td>
<td>59</td>
<td>53</td>
<td>10.5</td>
</tr>

<tr bgcolor=""#efefef"" align=""center"" valign=""middle"">
<td>L</td>
<td>76</td>
<td>54</td>
<td>48</td>
<td>60</td>
<td>55</td>
<td>11</td>
</tr>

<tr bgcolor=""#ffffff"" align=""center"" valign=""middle""> 
<td>LL</td>
<td>78</td>
<td>57</td>
<td>50</td>
<td>61</td>
<td>58</td>
<td>11</td>
</tr>

</table>
<br>
<br>
実寸法の為、多少の誤差がある場合がございます。(単位：cm)
<br>

    </td>
  </tr>
  <tr>
    <td><hr></td>
  </tr>
  <tr>
    <td>◆素材</td>
  </tr>
  <tr>
    <td>ポリエステル95％、ポリウレタン5％</td>
  </tr>
  <tr>
    <td><hr></td>
  </tr>
</table>",【送料無料】ゆうパケ ストレッチボタンダウンシャツ メンズ ドビー織柄 長袖シャツボタン ダウンシャツ ドレスシャツ 通販P【R3E-0705】：LIMITED 2ND,【送料無料】ゆうパケ ストレッチボタンダウンシャツ メンズ ドビー織柄 長袖シャツボタン ダウンシャツ ドレスシャツ 通販P【R3E-0705】,高級感と機能性を兼ね備えたストレッチ素材のボタンダウンシャツ。【送料無料】ゆうパケ ストレッチボタンダウンシャツ メンズ ドビー織柄 長袖シャツボタン ダウンシャツ ドレスシャツ 通販P【R3E-0705】[rn]
13-36588,http://tshop.r10s.jp/limited2nd/cabinet/top/6d0622.jpg?fitin=700:700,1924.8000,,メンズファッション > トップス > カジュアルシャツ > 長袖 > ボタンダウンシャツ,ボタンダウンシャツ メンズ 長袖シャツ ストライプ切替 コットン チェック 二重襟 通販M【6D0622】,ベーシックなデザインのボタンダウンカラーシャツ,"<img src=""http://image.rakuten.co.jp/limited2nd/cabinet/img12/6d0622-s1.jpg"" width=""100%""><br><br><br><br>
<img src=""http://image.rakuten.co.jp/limited2nd/cabinet/img12/6d0622-s2.jpg"" width=""100%""><br><br><br><br>
<img src=""http://image.rakuten.co.jp/limited2nd/cabinet/img12/6d0622-s3.jpg"" width=""100%""><br><br><br><br>

<table width=""100%"" cellpadding=""5"" border=""0"">
  <tr>
    <td><hr></td>
  </tr>
  <tr>
    <td>◆商品説明</td>
  </tr>
  <tr>
    <td>カジュアルなアイテムとも相性の良いキレイめ長袖シャツのご紹介です。<br>
サラリとした肌触りでハリとツヤのある綿100％TCドビー素材を使用しております。<br>
襟や袖裏、前立てなどにセンス良くチェックやストライプ柄を配置した<br>
スパイスの効いたデザインが目を引きます。<br>
ベーシックなデザインのボタンダウンカラーを採用し、上品な表情に仕上げたおススメのシャツです。</td>
  </tr>
  <tr>
    <td><hr></td>
  </tr>
  <tr>
    <td>◆モデルコメント</td>
  </tr>
  <tr>
    <td>Mサイズでぴったり、Lサイズでゆったりでした。<br>
自分で購入するならMサイズを選びます。<br>
<br>
=身長170cm、体重60kg、胸囲84cmのモデルがMサイズを着用=</td>
  </tr>
  <tr>
    <td><hr></td>
  </tr>
  <tr>
    <td>◆サイズ</td>
  </tr>
  <tr>
    <td><table border=""0"" width=""100%"" cellspacing=""1"" cellpadding=""0"" bgcolor=""#606060"">
<tr bgcolor=""#efefef"" align=""center"" valign=""middle""> 
<td></td>
<td>着丈</td>
<td>身幅</td>
<td>肩幅</td>
<td>袖丈</td>
<td>裾幅</td>
<td>袖口</td>
</tr>

<tr bgcolor=""#ffffff"" align=""center"" valign=""middle""> 
<td>M</td>
<td>72</td>
<td>52</td>
<td>44</td>
<td>62</td>
<td>52</td>
<td>11</td>
</tr>

<tr bgcolor=""#efefef"" align=""center"" valign=""middle"">
<td>L</td>
<td>74</td>
<td>54</td>
<td>46</td>
<td>63</td>
<td>54</td>
<td>11</td>
</tr>

<tr bgcolor=""#ffffff"" align=""center"" valign=""middle""> 
<td>LL</td>
<td>77</td>
<td>57</td>
<td>47</td>
<td>64</td>
<td>57</td>
<td>11</td>
</tr>

</table>
<br>
<br>
実寸法の為、多少の誤差がある場合がございます。(単位：cm)
<br>

    </td>
  </tr>
  <tr>
    <td><hr></td>
  </tr>
  <tr>
    <td>◆素材</td>
  </tr>
  <tr>
    <td>綿100％</td>
  </tr>
  <tr>
    <td><hr></td>
  </tr>
</table>",ボタンダウンシャツ メンズ 長袖シャツ ストライプ切替 コットン チェック 二重襟 通販M【6D0622】：LIMITED 2ND,ボタンダウンシャツ メンズ 長袖シャツ ストライプ切替 コットン チェック 二重襟 通販M【6D0622】,ベーシックなデザインのボタンダウンカラーシャツ。ボタンダウンシャツ メンズ 長袖シャツ ストライプ切替 コットン チェック 二重襟 通販M【6D0622】[rn]
13-36589,http://tshop.r10s.jp/limited2nd/cabinet/top/6h0611.jpg?fitin=700:700,1924.8000,,メンズファッション > トップス > カジュアルシャツ > 長袖 > ボタンダウンシャツ,ボタンダウンシャツ メンズ 7分袖 アンサンブル ボーダーTシャツ Vネック 通販P【6H0611】,ボーダーTシャツと7分袖のシャツがセットになったアンサンブル,"<img src=""http://image.rakuten.co.jp/limited2nd/cabinet/img11/6h0611-s1.jpg"" width=""100%""><br><br><br><br>
<img src=""http://image.rakuten.co.jp/limited2nd/cabinet/img11/6h0611-s2.jpg"" width=""100%""><br><br><br><br>
<img src=""http://image.rakuten.co.jp/limited2nd/cabinet/img11/6h0611-s3.jpg"" width=""100%""><br><br><br><br>


<table width=""100%"" cellpadding=""5"" border=""0"">
  <tr>
    <td><hr></td>
  </tr>
  <tr>
    <td>◆商品説明</td>
  </tr>
  <tr>
    <td>コーデいらずの便利なシャツアンサンブルのご紹介です。<br>
通気性が良く爽やかな着心地のコットンガーゼ素材を使ったシャツと<br>
肌触りの良いTC天竺素材を使ったVネックボーダーTシャツがセットになっております。<br>
袖は7分袖から半袖へロールアップすることができるので長い期間使うことができてとても便利です。<br>
シーンやスタイルを選ばず幅広い年齢層の方に着ていただけるスタンダードなシャツアンサンブルです。</td>
  </tr>
  <tr>
    <td><hr></td>
  </tr>
  <tr>
    <td>◆モデルコメント</td>
  </tr>
  <tr>
    <td>色々な組み合わせが楽しめるお得なアイテムですね。<br>
Mサイズではぴったり、Lサイズでゆったりでした。<br>
自分で購入するならMサイズを選びます。<br>
<br>
=身長170cm、体重60kg、胸囲84cmのモデルがMサイズを着用=</td>
  </tr>
  <tr>
    <td><hr></td>
  </tr>
  <tr>
    <td>◆サイズ</td>
  </tr>
  <tr>
    <td>※アウター※<table border=""0"" width=""100%"" cellspacing=""1"" cellpadding=""0"" bgcolor=""#606060"">
<tr bgcolor=""#efefef"" align=""center"" valign=""middle""> 
<td></td>
<td>着丈</td>
<td>身幅</td>
<td>肩幅</td>
<td>袖丈</td>
<td>裾幅</td>
<td>袖口</td>
</tr>

<tr bgcolor=""#ffffff"" align=""center"" valign=""middle"">
<td>M</td>
<td>71</td>
<td>53</td>
<td>45</td>
<td>42</td>
<td>53</td>
<td>13</td>
</tr>

<tr bgcolor=""#efefef"" align=""center"" valign=""middle"">
<td>L</td>
<td>73</td>
<td>55</td>
<td>46</td>
<td>43</td>
<td>55</td>
<td>14</td>
</tr>

<tr bgcolor=""#ffffff"" align=""center"" valign=""middle"">
<td>LL</td>
<td>76</td>
<td>57</td>
<td>48</td>
<td>44</td>
<td>57</td>
<td>15</td>
</tr>

</table>
<br>
<br>
※インナー※
<table border=""0"" width=""100%"" cellspacing=""1"" cellpadding=""0"" bgcolor=""#606060"">
<tr bgcolor=""#efefef"" align=""center"" valign=""middle""> 
<td></td>
<td>着丈</td>
<td>身幅</td>
<td>肩幅</td>
<td>袖丈</td>
<td>裾幅</td>
<td>袖口</td>
</tr>

<tr bgcolor=""#ffffff"" align=""center"" valign=""middle"">
<td>M</td>
<td>64</td>
<td>48</td>
<td>44</td>
<td>20</td>
<td>48</td>
<td>16</td>
</tr>

<tr bgcolor=""#efefef"" align=""center"" valign=""middle"">
<td>L</td>
<td>66</td>
<td>49</td>
<td>45</td>
<td>20</td>
<td>49</td>
<td>16</td>
</tr>

<tr bgcolor=""#ffffff"" align=""center"" valign=""middle"">
<td>LL</td>
<td>70</td>
<td>53</td>
<td>46</td>
<td>21</td>
<td>53</td>
<td>18</td>
</tr>

</table>
<br>
<br>
実寸法の為、多少の誤差がある場合がございます。(単位：cm)
<br>

    </td>
  </tr>
  <tr>
    <td><hr></td>
  </tr>
  <tr>
    <td>◆素材</td>
  </tr>
  <tr>
    <td>シャツ：綿100％<br>
インナー：ポリエステル65％、綿35％</td>
  </tr>
  <tr>
    <td><hr></td>
  </tr>
</table>",ボタンダウンシャツ メンズ 7分袖 アンサンブル ボーダーTシャツ Vネック 通販P【6H0611】：LIMITED 2ND,ボタンダウンシャツ メンズ 7分袖 アンサンブル ボーダーTシャツ Vネック 通販P【6H0611】,ボーダーTシャツと7分袖のシャツがセットになったアンサンブル。ボタンダウンシャツ メンズ 7分袖 アンサンブル ボーダーTシャツ Vネック 通販P【6H0611】[rn]
13-36590,http://tshop.r10s.jp/clozest/cabinet/01381972/relco/mshtflrl10d.jpg?fitin=700:700,6393.6000,,メンズファッション > トップス > カジュアルシャツ > 長袖 > ボタンダウンシャツ,RELCO 花柄シャツ 花柄 メンズ 長袖 シャツ モッズ ネイビー ホワイト モッズシャツ プレゼント ギフト,【送料無料】 RELCO 長袖シャツ mshtflrl10 *m,"ギフト包装無料です <br><br><center>
<img width=""100%"" border=""0""src=""http://image.rakuten.co.jp/clozest/cabinet/01381972/relco/mshtflrl10d.jpg"">

<img width=""100%"" border=""0""src=""http://image.rakuten.co.jp/clozest/cabinet/01381972/relco/mshtflrl10e.gif"">

<img width=""100%"" border=""0""src=""http://image.rakuten.co.jp/clozest/cabinet/01381972/relco/mshtflrl10ff.jpg"">
<br>
<br>本場英国で注目を集める
<br>UKモッズブランド""RELCO"" レルコの
<br>長袖シャツです。
<br>
<br>落ち着いた雰囲気の花柄デザインが
<br>上品かつ華やかな印象を与えてくれます。
<br>カジュアルからキレイめまで
<br>様々なシーンやスタイルに対応してくれます。
<br>一枚でも存在感抜群です。
<br>
<br>素材は柔らかいコットン100%を使用しているので
<br>肌触りも良く一枚でもサラッとした着心地が続きます。
<br>透明ボタンや左胸ポケット、
<br>衿がばたつかないボタンダウン仕様など
<br>細部にまでこだわった一品です。
<br>ギフトとしても喜ばれること間違いなしです。
<br>
<br>サイズ着丈/身幅/肩幅/袖丈
<br>S/70cm/52cm/43cm/63cm
<br>M/72cm/54cm/44cm/64cm
<br>L/74cm/56cm/46cm/65cm
<br>XL/76cm/58cm/48cm/67cm
参考モデル:身長178cm/体重60kg(Sサイズ着用)<br>
<br>
商品名: mshtflrl10<br>
カラー: ホワイト×ダークネイビー<br>
素材：コットン 100%<br>
<br>
全国一律送料無料<br>
<br>
</center>
<center>
<br>
RELCO 長袖シャツ 一覧はこちら！<br>
<br>
RELCO 一覧はこちら！<br>
</center>",RELCO 花柄シャツ 花柄 メンズ 長袖 シャツ モッズ ネイビー ホワイト モッズシャツ プレゼント ギフト：CLOZEST モッズメンズレディース,フレッドペリーFred PerryBen ShermanベンシャーマンメルクmercフルトンFultonロークLoakeジョンストンズモッズファッションツイードミルモッズ傘レディースメンズ通販バラクータバブアーRELCO 花柄シャツ 花柄 メンズ 長袖 シャツ モッズ ネイビー ホワイト モッズシャツ プレゼント ギフト,【送料無料】 RELCO 長袖シャツ mshtflrl10 *m 。RELCO 花柄シャツ 花柄 メンズ 長袖 シャツ モッズ ネイビー ホワイト モッズシャツ プレゼント ギフト[rn]
13-36591,http://tshop.r10s.jp/clozest/cabinet/01381972/relco/mshtps10whited.jpg?fitin=700:700,6393.6000,,メンズファッション > トップス > カジュアルシャツ > 長袖 > ボタンダウンシャツ,RELCO 長袖シャツ ペイズリーシャツ レトロ レルコ メンズ ホワイト モッズ プレゼント ギフト,【送料無料】 RELCO レルコ 長袖シャツ,"ギフト包装無料です <br><br><center>
<img width=""100%"" border=""0""src=""http://image.rakuten.co.jp/clozest/cabinet/01381972/relco/mshtps10whitee.jpg"">

<img width=""100%"" border=""0""src=""http://image.rakuten.co.jp/clozest/cabinet/01381972/relco/mshtps10whitef.jpg"">
<br>
<br>本場英国で注目を集めるUKモッズブランド
<br>""RELCO"" レルコのレトロペイズリープリント長袖シャツです。
<br>
<br>シンプルなホワイトベースに
<br>全体に上品なペイズリー柄がデザイン。
<br>派手すぎず地味すぎず存在を主張してくれます。
<br>カジュアルからキレイめまでお使いいただける万能アイテム。
<br>
<br>衿がばたつかないボタンダウン仕様や
<br>美しい色合いのボタンなど
<br>細部にまでこだわりを感じます。
<br>高級感溢れるデザインや作りがギフトとしてもおすすめです。
<br>
<br>商品名:mshtps10white
<br>カラー:ホワイト
<br>
<br>サイズ:着丈/身幅/肩幅/袖丈
<br>S:74cm/50cm/43cm/64cm
<br>M:76cm/52cm/45cm/65cm
<br>L:78cm/54cm/47cm/66cm
<br>XL:80cm/56cm/49cm/67cm
<br>
素材:コットン 100%<br>
<br>
全国一律送料無料<br>
<br>
</center>
<center>
<br>
RELCO 長袖シャツ一覧はこちら！<br>
<br>
RELCO 一覧はこちら！<br>
</center>
<br>
<br>

<img width=""100%"" src=""http://image.rakuten.co.jp/_osaka02/cabinet/home/imgrc0066897568.jpg"" alt="""">",RELCO 長袖シャツ ペイズリーシャツ レトロ レルコ メンズ ホワイト モッズ プレゼント ギフト：CLOZEST モッズメンズレディース,フレッドペリーFred PerryBen ShermanベンシャーマンメルクmercフルトンFultonロークLoakeジョンストンズモッズファッションツイードミルモッズ傘レディースメンズ通販バラクータバブアーRELCO 長袖シャツ ペイズリーシャツ レトロ レルコ メンズ ホワイト モッズ プレゼント ギフト,【送料無料】 RELCO レルコ 長袖シャツ 。RELCO 長袖シャツ ペイズリーシャツ レトロ レルコ メンズ ホワイト モッズ プレゼント ギフト[rn]
13-36592,http://tshop.r10s.jp/clozest/cabinet/01381972/relco/mshtps11navyd.jpg?fitin=700:700,6393.6000,,メンズファッション > トップス > カジュアルシャツ > 長袖 > ボタンダウンシャツ,RELCO 長袖シャツ ペイズリーシャツ レトロ レルコ メンズ ネイビー モッズ プレゼント ギフト,【送料無料】 RELCO レルコ 長袖シャツ,"ギフト包装無料です <br><br><center>
<img width=""100%"" border=""0""src=""http://image.rakuten.co.jp/clozest/cabinet/01381972/relco/mshtps11navye.jpg"">

<img width=""100%"" border=""0""src=""http://image.rakuten.co.jp/clozest/cabinet/01381972/relco/mshtps11navyf.jpg"">
<br>
<br>本場英国で注目を集めるUKモッズブランド
<br>""RELCO"" レルコのレトロペイズリープリント長袖シャツです。
<br>
<br>深みのあるネイビーベースに
<br>全体に上品なペイズリー柄がデザイン。
<br>派手すぎず地味すぎず存在を主張してくれます。
<br>カジュアルからキレイめまでお使いいただける万能アイテム。
<br>
<br>衿がばたつかないボタンダウン仕様や
<br>美しい色合いのボタンなど
<br>細部にまでこだわりを感じます。
<br>高級感溢れるデザインや作りがギフトとしてもおすすめです。
<br>
<br>商品名:mshtps11navy
<br>カラー:ネイビー
<br>
<br>サイズ:着丈/身幅/肩幅/袖丈
<br>S:74cm/50cm/43cm/64cm
<br>M:76cm/52cm/45cm/65cm
<br>L:78cm/54cm/47cm/66cm
<br>XL:80cm/56cm/49cm/67cm
<br>
素材:コットン 100%<br>
<br>
全国一律送料無料<br>
<br>
</center>
<center>
<br>
RELCO 長袖シャツ一覧はこちら！<br>
<br>
RELCO 一覧はこちら！<br>
</center>
<br>
<br>

<img width=""100%"" src=""http://image.rakuten.co.jp/_osaka02/cabinet/home/imgrc0066897568.jpg"" alt="""">",RELCO 長袖シャツ ペイズリーシャツ レトロ レルコ メンズ ネイビー モッズ プレゼント ギフト：CLOZEST モッズメンズレディース,フレッドペリーFred PerryBen ShermanベンシャーマンメルクmercフルトンFultonロークLoakeジョンストンズモッズファッションツイードミルモッズ傘レディースメンズ通販バラクータバブアーRELCO 長袖シャツ ペイズリーシャツ レトロ レルコ メンズ ネイビー モッズ プレゼント ギフト,【送料無料】 RELCO レルコ 長袖シャツ 。RELCO 長袖シャツ ペイズリーシャツ レトロ レルコ メンズ ネイビー モッズ プレゼント ギフト[rn]
13-36593,http://tshop.r10s.jp/clozest/cabinet/01381972/relco/mshtrsf605redd.jpg?fitin=700:700,6912.0000,,メンズファッション > トップス > カジュアルシャツ > 長袖 > ボタンダウンシャツ,RELCO 長袖シャツ ペイズリーシャツ リミテッド プレミアムコットン レトロ レルコ メンズ レッド モッズ プレゼント ギフト,【送料無料】 RELCO レルコ 長袖シャツ,"ギフト包装無料です <br><br><center>
<img width=""100%"" border=""0""src=""http://image.rakuten.co.jp/clozest/cabinet/01381972/relco/mshtrsf605rede.jpg"">

<img width=""100%"" border=""0""src=""http://image.rakuten.co.jp/clozest/cabinet/01381972/relco/mshtrsf605redf.jpg"">
<br>
<br>本場英国で注目を集めるUKモッズブランド
<br>""RELCO"" レルコのプラチナコレクション
<br>レトロペイズリープリント長袖シャツです。
<br>
<br>鮮やかなレッドベースに
<br>上品なペイズリー柄がデザイン。
<br>素材は柔らかで手触りの良い
<br>プレミアムコットン100%を使用。
<br>品位と高級感溢れる一品です。
<br>一枚でもジャケットのインナーとしても
<br>存在感抜群です。
<br>
<br>衿がばたつかないボタンダウン仕様や
<br>美しい色合いのボタンなど
<br>細部にまでこだわりを感じます。
<br>高級感溢れるデザインや作りが
<br>ギフトとしてもおすすめです。
<br>
<br>商品名:mshtrsf605red
<br>カラー:レッド
<br>
<br>サイズ:着丈/身幅/肩幅/袖丈
<br>S:74cm/50cm/43cm/64cm
<br>M:76cm/52cm/45cm/65cm
<br>L:78cm/54cm/47cm/66cm
<br>XL:80cm/56cm/49cm/67cm
<br>
素材:プレミアムコットン 100%<br>
<br>
全国一律送料無料<br>
<br>
</center>
<center>
<br>
RELCO 長袖シャツ一覧はこちら！<br>
<br>
RELCO 一覧はこちら！<br>
</center>
<br>
<br>

<img width=""100%"" src=""http://image.rakuten.co.jp/_osaka02/cabinet/home/imgrc0066897568.jpg"" alt="""">",RELCO 長袖シャツ ペイズリーシャツ リミテッド プレミアムコットン レトロ レルコ メンズ レッド モッズ プレゼント ギフト：CLOZEST モッズメンズレディース,フレッドペリーFred PerryBen ShermanベンシャーマンメルクmercフルトンFultonロークLoakeジョンストンズモッズファッションツイードミルモッズ傘レディースメンズ通販バラクータバブアーRELCO 長袖シャツ ペイズリーシャツ リミテッド プレミアムコットン レトロ レルコ メンズ レッド モッズ プレゼント ギフト,【送料無料】 RELCO レルコ 長袖シャツ 。RELCO 長袖シャツ ペイズリーシャツ リミテッド プレミアムコットン レトロ レルコ メンズ レッド モッズ プレゼント ギフト[rn]
13-36594,http://tshop.r10s.jp/clozest/cabinet/01381972/relco/mshtrsf816multid.jpg?fitin=700:700,6912.0000,,メンズファッション > トップス > カジュアルシャツ > 長袖 > ボタンダウンシャツ,RELCO 長袖シャツ 花柄シャツ リミテッド プレミアムコットン レトロ ハワイアンシャツ レルコ 花柄 フラワー メンズ レッド モッズ プレゼント ギフト,【送料無料】 RELCO レルコ 長袖シャツ,"ギフト包装無料です <br><br><center>
<img width=""100%"" border=""0""src=""http://image.rakuten.co.jp/clozest/cabinet/01381972/relco/mshtrsf816multie.jpg"">

<img width=""100%"" border=""0""src=""http://image.rakuten.co.jp/clozest/cabinet/01381972/relco/mshtrsf816multif.jpg"">
<br>
<br>本場英国で注目を集めるUKモッズブランド
<br>""RELCO"" レルコのプラチナコレクション
<br>レトロフローラル長袖シャツです。
<br>
<br>ハワイアンとも和柄ともいえるような
<br>クラシックで上品なフローラルプリント。
<br>素材は柔らかで手触りの良い
<br>プレミアムコットン100%を使用。
<br>品位と高級感溢れる一品です。
<br>一枚でもジャケットのインナーとしても
<br>存在感抜群です。
<br>
<br>衿がばたつかないボタンダウン仕様や
<br>美しい色合いのボタンなど
<br>細部にまでこだわりを感じます。
<br>高級感溢れるデザインや作りが
<br>ギフトとしてもおすすめです。
<br>
<br>商品名:mshtrsf816multi
<br>カラー:マルチ
<br>
<br>サイズ:着丈/身幅/肩幅/袖丈
<br>S:74cm/50cm/43cm/64cm
<br>M:76cm/52cm/45cm/65cm
<br>L:78cm/54cm/47cm/66cm
<br>XL:80cm/56cm/49cm/67cm
<br>
素材:プレミアムコットン 100%<br>
<br>
全国一律送料無料<br>
<br>
</center>
<center>
<br>
RELCO 長袖シャツ一覧はこちら！<br>
<br>
RELCO 一覧はこちら！<br>
</center>
<br>
<br>

<img width=""100%"" src=""http://image.rakuten.co.jp/_osaka02/cabinet/home/imgrc0066897568.jpg"" alt="""">",RELCO 長袖シャツ 花柄シャツ リミテッド プレミアムコットン レトロ ハワイアンシャツ レルコ 花柄 フラワー メンズ レッド モッズ プレゼント ギフト：CLOZEST モッズメンズレディース,フレッドペリーFred PerryBen ShermanベンシャーマンメルクmercフルトンFultonロークLoakeジョンストンズモッズファッションツイードミルモッズ傘レディースメンズ通販バラクータバブアーRELCO 長袖シャツ 花柄シャツ リミテッド プレミアムコットン レトロ ハワイアンシャツ レルコ 花柄 フラワー メンズ レッド モッズ プレゼント ギフト,【送料無料】 RELCO レルコ 長袖シャツ 。RELCO 長袖シャツ 花柄シャツ リミテッド プレミアムコットン レトロ ハワイアンシャツ レルコ 花柄 フラワー メンズ レッド モッズ プレゼント ギフト[rn]
13-36595,http://tshop.r10s.jp/asty-shop/cabinet/03img165/03-1g0qi8arn8-5bft.jpg?fitin=700:700,12384.0000,,メンズファッション > トップス > カジュアルシャツ > 長袖 > ボタンダウンシャツ,ルーカ メンズ シャツ トップス RVCA Sid Shirt - Long-Sleeve Pompei Red,ルーカメンズ シャツ,"<br><font color=""#AC5600"">■トップスサイズ 単位(cm)</font><br />
USサイズ｜胸囲(cm)<br />
XS(32-34in)｜84<br />
S(34-36in)｜88<br />
M(36-38in)｜94<br />
L(38-40in)｜100<br />
XL(42-44in)｜106<br />
<br /><font color=""#AC5600"">■ブランド</font><br />
RVCA (ルーカ)<br /><br /><font color=""#AC5600"">■商品名</font><br />
RVCA Sid Shirt - Long-Sleeve<br /><font color=""#AC5600"">■</font>こちらの商品は米国・ヨーロッパからお取り寄せ商品となりますので、
お届けまで1週間～10日前後お時間頂いております。<br />
<font color=""#AC5600"">■</font>各ブランド・商品・デザインによって大きな差異がある場合がございます。<br />
<font color=""#AC5600"">■</font>あくまで平均的なサイズ表ですので、「参考」としてご利用ください。<br />
<font color=""#AC5600"">■</font>店内全品【送料無料】です！（※沖縄・離島は別途送料3,240円がかかります）<br />",ルーカ メンズ シャツ トップス RVCA Sid Shirt - Long-Sleeve Pompei Red：asty,インポートブランド海外アメリカンイーグルasosセレクトショップメンズファッションレディースファッションアパレル通販ファッションサイズ交換無料ルーカ メンズ シャツ トップス RVCA Sid Shirt - Long-Sleeve Pompei Red,ルーカメンズ シャツ。ルーカ メンズ シャツ トップス RVCA Sid Shirt - Long-Sleeve Pompei Red[rn]
13-36596,http://tshop.r10s.jp/limited2nd/cabinet/top/r2f-0641.jpg?fitin=700:700,1332.0000,,メンズファッション > トップス > カジュアルシャツ > 長袖 > ボタンダウンシャツ,チェックシャツ メンズ 長袖シャツ ボタンダウン マドラスチェック コットン 通販P【R2F-0641】,綿100％のボタンダウンチェックシャツ,"<img src=""http://image.rakuten.co.jp/limited2nd/cabinet/img11/r2f-0641-s1.jpg"" width=""100%""><br><br><br><br>
<img src=""http://image.rakuten.co.jp/limited2nd/cabinet/img11/r2f-0641-s2.jpg"" width=""100%""><br><br><br><br>
<img src=""http://image.rakuten.co.jp/limited2nd/cabinet/img11/r2f-0641-s3.jpg"" width=""100%""><br><br><br><br>

<table width=""100%"" cellpadding=""5"" border=""0"">
  <tr>
    <td><hr></td>
  </tr>
  <tr>
    <td>◆商品説明</td>
  </tr>
  <tr>
    <td>オールラウンドで使えるチェック長袖シャツのご紹介です。<br>
ほどよい肉感でハリとコシのある綿100％ビエラ素材を使用しております。<br>
上品なボタンダウンカラーはカジュアルになり過ぎない<br>
落ち着いた雰囲気を感じさせてくれます。<br>
スタンダードなシルエットなので幅広いスタイルに対応できるおススメの1着です。</td>
  </tr>
  <tr>
    <td><hr></td>
  </tr>
  <tr>
    <td>◆モデルコメント</td>
  </tr>
  <tr>
    <td>羽織り物として使えるシャツは長い期間使え着回し力抜群ですね。<br>
Mサイズでややゆったり、Lサイズでゆったりでした。<br>
自分で購入するならMサイズを選びます。<br>
<br>
=身長170cm、体重60kg、胸囲84cmのモデルがMサイズを着用=</td>
  </tr>
  <tr>
    <td><hr></td>
  </tr>
  <tr>
    <td>◆サイズ</td>
  </tr>
  <tr>
    <td><table border=""0"" width=""100%"" cellspacing=""1"" cellpadding=""0"" bgcolor=""#606060"">
<tr bgcolor=""#efefef"" align=""center"" valign=""middle""> 
<td></td>
<td>着丈</td>
<td>身幅</td>
<td>肩幅</td>
<td>袖丈</td>
<td>裾幅</td>
<td>袖口</td>
</tr>

<tr bgcolor=""#ffffff"" align=""center"" valign=""middle""> 
<td>M</td>
<td>71</td>
<td>52</td>
<td>44</td>
<td>61</td>
<td>52</td>
<td>11</td>
</tr>

<tr bgcolor=""#efefef"" align=""center"" valign=""middle"">
<td>L</td>
<td>73</td>
<td>53</td>
<td>46</td>
<td>62</td>
<td>53</td>
<td>12</td>
</tr>

<tr bgcolor=""#ffffff"" align=""center"" valign=""middle""> 
<td>LL</td>
<td>76</td>
<td>54</td>
<td>47</td>
<td>63</td>
<td>54</td>
<td>12</td>
</tr>

</table>
<br>
<br>
実寸法の為、多少の誤差がある場合がございます。(単位：cm)
<br>

    </td>
  </tr>
  <tr>
    <td><hr></td>
  </tr>
  <tr>
    <td>◆素材</td>
  </tr>
  <tr>
    <td>綿100％</td>
  </tr>
  <tr>
    <td><hr></td>
  </tr>
</table>",チェックシャツ メンズ 長袖シャツ ボタンダウン マドラスチェック コットン 通販P【R2F-0641】：LIMITED 2ND,チェックシャツ メンズ 長袖シャツ ボタンダウン マドラスチェック コットン 通販P【R2F-0641】,綿100％のボタンダウンチェックシャツ。チェックシャツ メンズ 長袖シャツ ボタンダウン マドラスチェック コットン 通販P【R2F-0641】[rn]
13-36597,http://tshop.r10s.jp/limited2nd/cabinet/top/8e0605.jpg?fitin=700:700,1924.8000,,メンズファッション > トップス > カジュアルシャツ > 長袖 > ボタンダウンシャツ,ボタンダウン長袖シャツ メンズ ギンガムチェック ウインドペン 通販P【8E0605】,落ち着いた雰囲気が大人っぽいチェックシャツ,"<img src=""http://image.rakuten.co.jp/limited2nd/cabinet/img11/8e0605-s1.jpg"" width=""100%""><br><br><br><br>
<img src=""http://image.rakuten.co.jp/limited2nd/cabinet/img11/8e0605-s2.jpg"" width=""100%""><br><br><br><br>
<img src=""http://image.rakuten.co.jp/limited2nd/cabinet/img11/8e0605-s3.jpg"" width=""100%""><br><br><br><br>

<table width=""100%"" cellpadding=""5"" border=""0"">
  <tr>
    <td><hr></td>
  </tr>
  <tr>
    <td>◆商品説明</td>
  </tr>
  <tr>
    <td>年間通して使える長袖シャツのご紹介です。<br>
サラリとした肌触りで快適な着心地の綿100％ブロード素材を使用しております。<br>
爽やかな印象を与えるギンガムチェックと大柄で存在感のあるウインドペンの2柄展開です。<br>
上品なボタンダウンカラーはカジュアルになりすぎず落ち着いた雰囲気を感じさせてくれます。<br>
スタンダードなシルエットなので幅広いスタイルに対応できるおススメの1着です。</td>
  </tr>
  <tr>
    <td><hr></td>
  </tr>
  <tr>
    <td>◆モデルコメント</td>
  </tr>
  <tr>
    <td>羽織り物として使えるシャツは長い期間使え着回し力抜群ですね。<br>
Mサイズでややゆったり、Lサイズでゆったりでした。<br>
自分で購入するならMサイズを選びます。<br>
<br>
=身長170cm、体重60kg、胸囲84cmのモデルがMサイズを着用=</td>
  </tr>
  <tr>
    <td><hr></td>
  </tr>
  <tr>
    <td>◆サイズ</td>
  </tr>
  <tr>
    <td><table border=""0"" width=""100%"" cellspacing=""1"" cellpadding=""0"" bgcolor=""#606060"">
<tr bgcolor=""#efefef"" align=""center"" valign=""middle""> 
<td></td>
<td>着丈</td>
<td>身幅</td>
<td>肩幅</td>
<td>袖丈</td>
<td>裾幅</td>
<td>袖口</td>
</tr>

<tr bgcolor=""#ffffff"" align=""center"" valign=""middle""> 
<td>M</td>
<td>72</td>
<td>52</td>
<td>44</td>
<td>62</td>
<td>52</td>
<td>11</td>
</tr>

<tr bgcolor=""#efefef"" align=""center"" valign=""middle"">
<td>L</td>
<td>74</td>
<td>54</td>
<td>46</td>
<td>63</td>
<td>54</td>
<td>11</td>
</tr>

<tr bgcolor=""#ffffff"" align=""center"" valign=""middle"">
<td>LL</td>
<td>77</td>
<td>57</td>
<td>47</td>
<td>64</td>
<td>57</td>
<td>11</td>
</tr>

</table>
<br>
<br>
実寸法の為、多少の誤差がある場合がございます。(単位：cm)
<br>

    </td>
  </tr>
  <tr>
    <td><hr></td>
  </tr>
  <tr>
    <td>◆素材</td>
  </tr>
  <tr>
    <td>綿100％</td>
  </tr>
  <tr>
    <td><hr></td>
  </tr>
</table>",ボタンダウン長袖シャツ メンズ ギンガムチェック ウインドペン 通販P【8E0605】：LIMITED 2ND,ボタンダウン長袖シャツ メンズ ギンガムチェック ウインドペン 通販P【8E0605】,落ち着いた雰囲気が大人っぽいチェックシャツ。ボタンダウン長袖シャツ メンズ ギンガムチェック ウインドペン 通販P【8E0605】[rn]
13-36598,http://tshop.r10s.jp/limited2nd/cabinet/top/r3j-0575.jpg?fitin=700:700,1332.0000,,メンズファッション > トップス > カジュアルシャツ > 長袖 > ボタンダウンシャツ,【送料無料】ゆうパケ メンズ ボタンダウンコーデュロイシャツ コール天長袖シャツ 通販P【R3J-0575】,秋冬素材の代名詞、綿100％コーデュロイシャツ,"<img src=""http://image.rakuten.co.jp/limited2nd/cabinet/img9/r3j-0575-r2.jpg"" width=""100%""><br>
<img src=""http://image.rakuten.co.jp/limited2nd/cabinet/img9/r3j-0575-r3.jpg"" width=""100%""><br>
<img src=""http://image.rakuten.co.jp/limited2nd/cabinet/img9/r3j-0575-r4.jpg"" width=""100%""><br>
<img src=""http://image.rakuten.co.jp/limited2nd/cabinet/img9/r3j-0575-r5.jpg"" width=""100%""><br>
<img src=""http://image.rakuten.co.jp/limited2nd/cabinet/img13/r3j-0575-r8.jpg"" width=""100%""><br>
<img src=""http://image.rakuten.co.jp/limited2nd/cabinet/img13/r3j-0575-r9.jpg"" width=""100%""><br>
<img src=""http://image.rakuten.co.jp/limited2nd/cabinet/img13/r3j-0575-r10.jpg"" width=""100%""><br>
<img src=""http://image.rakuten.co.jp/limited2nd/cabinet/img13/r3j-0575-r11.jpg"" width=""100%""><br>
<img src=""http://image.rakuten.co.jp/limited2nd/cabinet/img9/r3j-0575-r7.jpg"" width=""100%""><br>

<table width=""100%"" cellpadding=""5"" border=""0"">
  <tr>
    <td><hr></td>
  </tr>
  <tr>
    <td>◆商品説明</td>
  </tr>
  <tr>
    <td>ぬくもりのある生地感のコーデュロイシャツのご紹介です。<br>
秋冬素材の代名詞、綿100％コーデュロイ素材を使用しております。<br>
袖口をロールアップするとチェック柄がのぞきスタイルのアクセントになります。<br>
スタンダードなデザインで何にでも合わせやすく幅広いコーデに対応できます。<br>
保温力のあるコーデュロイシャツはインナーにアウターにと<br>
これからの季節に活躍するおススメの1着です。</td>
  </tr>
  <tr>
    <td><hr></td>
  </tr>
  <tr>
    <td>◆モデルコメント</td>
  </tr>
  <tr>
    <td>Mサイズでぴったり、Lサイズでゆったりでした。<br>
 自分で購入するならMサイズを選びます。<br>
<br>
=身長170cm、体重60kg、胸囲84cmのモデルがMサイズを着用=</td>
  </tr>
  <tr>
    <td><hr></td>
  </tr>
  <tr>
    <td>◆サイズ</td>
  </tr>
  <tr>
    <td><table border=""0"" width=""100%"" cellspacing=""1"" cellpadding=""0"" bgcolor=""#606060"">
<tr bgcolor=""#efefef"" align=""center"" valign=""middle""> 
<td></td>
<td>着丈</td>
<td>身幅</td>
<td>肩幅</td>
<td>袖丈</td>
<td>裾幅</td>
<td>袖口</td>
</tr>

<tr bgcolor=""#ffffff"" align=""center"" valign=""middle""> 
<td>M</td>
<td>71</td>
<td>52</td>
<td>44</td>
<td>60</td>
<td>51</td>
<td>10</td>
</tr>

<tr bgcolor=""#efefef"" align=""center"" valign=""middle"">
<td>L</td>
<td>74</td>
<td>54</td>
<td>46</td>
<td>62</td>
<td>53</td>
<td>10</td>
</tr>

<tr bgcolor=""#ffffff"" align=""center"" valign=""middle"">
<td>LL</td>
<td>77</td>
<td>56</td>
<td>48</td>
<td>63</td>
<td>55</td>
<td>11</td>
</tr>

</table>
<br>
<br>
実寸法の為、多少の誤差がある場合がございます。(単位：cm)
<br>

    </td>
  </tr>
  <tr>
    <td><hr></td>
  </tr>
  <tr>
    <td>◆素材</td>
  </tr>
  <tr>
    <td>本体部分：綿100％<br>
切替部分：綿、レーヨン、ポリエステル</td>
  </tr>
  <tr>
    <td><hr></td>
  </tr>
</table>",【送料無料】ゆうパケ メンズ ボタンダウンコーデュロイシャツ コール天長袖シャツ 通販P【R3J-0575】：LIMITED 2ND,【送料無料】ゆうパケ メンズ ボタンダウンコーデュロイシャツ コール天長袖シャツ 通販P【R3J-0575】,秋冬素材の代名詞、綿100％コーデュロイシャツ。【送料無料】ゆうパケ メンズ ボタンダウンコーデュロイシャツ コール天長袖シャツ 通販P【R3J-0575】[rn]
13-36599,http://tshop.r10s.jp/limited2nd/cabinet/top/8d0594.jpg?fitin=700:700,592.0000,,メンズファッション > トップス > カジュアルシャツ > 長袖 > ボタンダウンシャツ,メンズ オックスフォードボタンダウン長袖シャツ 無地シャツ 通販M【8D0594】,幅広いスタイルに使える定番シャツ♪,"<img src=""http://image.rakuten.co.jp/limited2nd/cabinet/img9/8d0594-s1.jpg"" width=""100%""><br><br><br><br>
<img src=""http://image.rakuten.co.jp/limited2nd/cabinet/img9/8d0594-s2.jpg"" width=""100%""><br><br><br><br>
<img src=""http://image.rakuten.co.jp/limited2nd/cabinet/img9/8d0594-s3.jpg"" width=""100%""><br><br><br><br>

<table width=""100%"" cellpadding=""5"" border=""0"">
  <tr>
    <td><hr></td>
  </tr>
  <tr>
    <td>◆商品説明</td>
  </tr>
  <tr>
    <td>幅広いスタイルに使える定番シャツのご紹介です。<br>
サラリとした肌触りで通気性が良く、快適な着心地のT/Cオックスフォード素材を使用しております。<br>
ボタンダウンを採用する事により<br>
オンオフ問わずコーディネイトに取り入れる事が出来るエレガントさをプラス。<br>
スッキリとしたシルエットでどんなアイテムにも合わせやすいオススメの1着です。</td>
  </tr>
  <tr>
    <td><hr></td>
  </tr>
  <tr>
    <td>◆モデルコメント</td>
  </tr>
  <tr>
    <td>清涼感のある爽やかなシャツですね。<br>
Mサイズではぴったり、Lサイズでややゆったりでした。<br>
自分で購入するならMサイズを選びます。<br>
<br>
=身長170cm、体重60kg、胸囲84cmのモデルがMサイズを着用=</td>
  </tr>
  <tr>
    <td><hr></td>
  </tr>
  <tr>
    <td>◆サイズ</td>
  </tr>
  <tr>
    <td><table border=""0"" width=""100%"" cellspacing=""1"" cellpadding=""0"" bgcolor=""#606060"">
<tr bgcolor=""#efefef"" align=""center"" valign=""middle""> 
<td></td>
<td>着丈</td>
<td>身幅</td>
<td>肩幅</td>
<td>袖丈</td>
<td>裾幅</td>
<td>袖口</td>
</tr>

<tr bgcolor=""#ffffff"" align=""center"" valign=""middle""> 
<td>M</td>
<td>71</td>
<td>52</td>
<td>43</td>
<td>59</td>
<td>52</td>
<td>10</td>
</tr>

<tr bgcolor=""#efefef"" align=""center"" valign=""middle"">
<td>L</td>
<td>74</td>
<td>55</td>
<td>46</td>
<td>61</td>
<td>55</td>
<td>11</td>
</tr>

<tr bgcolor=""#ffffff"" align=""center"" valign=""middle"">
<td>LL</td>
<td>78</td>
<td>58</td>
<td>49</td>
<td>62</td>
<td>57</td>
<td>12</td>
</tr>

</table>
<br>
<br>
実寸法の為、多少の誤差がある場合がございます。(単位：cm)
<br>

    </td>
  </tr>
  <tr>
    <td><hr></td>
  </tr>
  <tr>
    <td>◆素材</td>
  </tr>
  <tr>
    <td>綿55％、ポリエステル45％</td>
  </tr>
  <tr>
    <td><hr></td>
  </tr>
</table>",メンズ オックスフォードボタンダウン長袖シャツ 無地シャツ 通販M【8D0594】：LIMITED 2ND,メンズ オックスフォードボタンダウン長袖シャツ 無地シャツ 通販M【8D0594】,幅広いスタイルに使える定番シャツ♪。メンズ オックスフォードボタンダウン長袖シャツ 無地シャツ 通販M【8D0594】[rn]
13-36600,http://tshop.r10s.jp/limited2nd/cabinet/top/r4e-0506.jpg?fitin=700:700,592.0000,,メンズファッション > トップス > カジュアルシャツ > 長袖 > ボタンダウンシャツ,メンズ マドラスギンガムグラフチェックシャツ 長袖ウインドペンシャツ 通販M【R4E-0506】,コーデのポイントに使える定番チェックシャツ♪,"<img src=""http://image.rakuten.co.jp/limited2nd/cabinet/img8/r4e-0506-s1.jpg"" width=""100%""><br><br><br><br>
<img src=""http://image.rakuten.co.jp/limited2nd/cabinet/img8/r4e-0506-s2.jpg"" width=""100%""><br><br><br><br>
<img src=""http://image.rakuten.co.jp/limited2nd/cabinet/img8/r4e-0506-s3.jpg"" width=""100%""><br><br><br><br>

<table width=""100%"" cellpadding=""5"" border=""0"">
  <tr>
    <td><hr></td>
  </tr>
  <tr>
    <td>◆商品説明</td>
  </tr>
  <tr>
    <td>コーデのポイントに使える定番チェックシャツのご紹介です。<br><br>
サラリとした肌触りで、シャキっとした素材感のTCブロード素材を使用しております。<br><br>
ボタンダウンカラーを採用することでカジュアルになりすぎない<br><br>
落ち着きのある雰囲気を感じさせてくれます。<br><br>
スタンダードなシルエットなので、幅広いスタイルに対応できるオススメの1着です。</td>
  </tr>
  <tr>
    <td><hr></td>
  </tr>
  <tr>
    <td>◆モデルコメント</td>
  </tr>
  <tr>
    <td>羽織りものとして使えるシャツは、着回し力抜群ですね。<br>
Mサイズでぴったり、Lサイズでゆったりでした。<br>
自分で購入するならMサイズを選びます。<br>
<br>
=身長170cm、体重60kg、胸囲84cmのモデルがMサイズを着用=</td>
  </tr>
  <tr>
    <td><hr></td>
  </tr>
  <tr>
    <td>◆サイズ</td>
  </tr>
  <tr>
    <td><table border=""0"" width=""100%"" cellspacing=""1"" cellpadding=""0"" bgcolor=""#606060"">
<tr bgcolor=""#efefef"" align=""center"" valign=""middle""> 
<td></td>
<td>着丈前/後</td>
<td>身幅</td>
<td>肩幅</td>
<td>袖丈</td>
<td>裾幅</td>
<td>袖口</td>
</tr>

<tr bgcolor=""#ffffff"" align=""center"" valign=""middle""> 
<td>M</td>
<td>67/70</td>
<td>54</td>
<td>44</td>
<td>61</td>
<td>54</td>
<td>10</td>
</tr>

<tr bgcolor=""#efefef"" align=""center"" valign=""middle"">
<td>L</td>
<td>70/74</td>
<td>56</td>
<td>46</td>
<td>62</td>
<td>55</td>
<td>11</td>
</tr>

<tr bgcolor=""#efefef"" align=""center"" valign=""middle"">
<td>LL</td>
<td>74/77</td>
<td>58</td>
<td>48</td>
<td>63</td>
<td>57</td>
<td>12</td>
</tr>

</table>
<br>
<br>
実寸法の為、多少の誤差がある場合がございます。(単位：cm)
<br>

    </td>
  </tr>
  <tr>
    <td><hr></td>
  </tr>
  <tr>
    <td>◆素材</td>
  </tr>
  <tr>
    <td>ポリエステル65％、綿35％</td>
  </tr>
  <tr>
    <td><hr></td>
  </tr>
</table>",メンズ マドラスギンガムグラフチェックシャツ 長袖ウインドペンシャツ 通販M【R4E-0506】：LIMITED 2ND,メンズ マドラスギンガムグラフチェックシャツ 長袖ウインドペンシャツ 通販M【R4E-0506】,コーデのポイントに使える定番チェックシャツ♪。メンズ マドラスギンガムグラフチェックシャツ 長袖ウインドペンシャツ 通販M【R4E-0506】[rn]
