15-33201,http://tshop.r10s.jp/katuhara/cabinet/00861927/imgrc0068298079.gif?fitin=700:700,494.4000,,美容・コスメ・香水 > ボディケア > その他,シック ハイドロシルク ホルダー お試し用 （替刃１コ付）,Schick シック ハイドロシルク シェービング,"女性用５枚刃カミソリ初！刃の周りにモイスチャー美容ジェル付。<br>
シェービングしながら肌がうるおう、快適なそり心地。",シック ハイドロシルク ホルダー お試し用 （替刃１コ付）：かつはらドラッグストアー,サプリメント健康食品ドラッグストア栄養ドリンク大掃除重曹セスキクエン酸救急箱ギフトカロリーメイトソフトサンティアプレゼントクリスマスウイダーチルミルはぐくみ出産祝いおむつケーキリアップシック ハイドロシルク ホルダー お試し用 （替刃１コ付）,Schick シック ハイドロシルク シェービング。シック ハイドロシルク ホルダー お試し用 （替刃１コ付）[rn]
15-33202,http://tshop.r10s.jp/katuhara/cabinet/03970519/imgrc0069885209.jpg?fitin=700:700,704.0000,,美容・コスメ・香水 > ボディケア > その他,エステニー ホット・マッサージュ (ハード) NA 240g 【化粧品】,常盤薬品 サナ エステニー マッサージ ボディケア 発汗 お風呂,"エステニー ホット・マッサージュ (ハード) NAは、強力に発汗を促す温感パックのマッサージ料です。<br>
温感を高める天然のホット成分『しょうがエキス』・『唐辛子エキス』、海のミネラルを含む肌ひきしめ成分『あら丸塩』・『海藻（ヒバマタ）』エキス、お肌をいためず、マッサージ感を高める成分『天然植物ソフトスクラブ』を配合。つや・ハリ・透明感のあるもっちりすべすべのお肌に仕上げます。<br>
レモンジンジャーとピンクペパーの香り。<br>
<br>
詳細はPC版のページをご確認ください。",エステニー ホット・マッサージュ (ハード) NA 240g 【化粧品】：かつはらドラッグストアー,サプリメント健康食品ドラッグストア栄養ドリンク大掃除重曹セスキクエン酸救急箱ギフトカロリーメイトソフトサンティアプレゼントクリスマスウイダーチルミルはぐくみ出産祝いおむつケーキリアップエステニー ホット・マッサージュ (ハード) NA 240g 【化粧品】,常盤薬品 サナ エステニー マッサージ ボディケア 発汗 お風呂。エステニー ホット・マッサージュ (ハード) NA 240g 【化粧品】[rn]
15-33203,http://tshop.r10s.jp/katuhara/cabinet/03970519/imgrc0069912349.jpg?fitin=700:700,704.0000,,美容・コスメ・香水 > ボディケア > その他,エステニー ホット・マッサージュ (スーパーハード) NA 240g 【化粧品】,常盤薬品 サナ エステニー マッサージ ボディケア 発汗 お風呂,"エステニー ホット・マッサージュ (スーパーハード) NAは、ジンジンと強力に発汗を促す温感パックのマッサージ料です。<br>
温感を高める天然のホット成分『しょうがエキス』・『唐辛子エキス』、海のミネラルを含む肌ひきしめ成分『焼丸塩』・『海藻（ヒバマタ）エキス』、パワフルなマッサージ感を高める成分『ダブルスクラブ』を配合。つや・ハリ・透明感のあるもっちりすべすべのお肌に仕上げます。<br>
レモンジンジャーとピンクペパーの香り。<br>
<br>
詳細はPC版のページをご確認ください。",エステニー ホット・マッサージュ (スーパーハード) NA 240g 【化粧品】：かつはらドラッグストアー,サプリメント健康食品ドラッグストア栄養ドリンク大掃除重曹セスキクエン酸救急箱ギフトカロリーメイトソフトサンティアプレゼントクリスマスウイダーチルミルはぐくみ出産祝いおむつケーキリアップエステニー ホット・マッサージュ (スーパーハード) NA 240g 【化粧品】,常盤薬品 サナ エステニー マッサージ ボディケア 発汗 お風呂。エステニー ホット・マッサージュ (スーパーハード) NA 240g 【化粧品】[rn]
15-33204,http://tshop.r10s.jp/kohsuidonya/cabinet/04/40191800150.jpg?fitin=700:700,1200.0000,,美容・コスメ・香水 > ボディケア > その他,ピアリカ Piarica デリケートホイップ　パック＆ウォッシュ　140ｇ,ピアリカ Piarica,"<img src=""http://image.rakuten.co.jp/kohsuidonya/cabinet/lib/folder4/pia_splp1.jpg"">
<img src=""http://image.rakuten.co.jp/kohsuidonya/cabinet/lib/folder4/pia_splp2.jpg"">
<img src=""http://image.rakuten.co.jp/kohsuidonya/cabinet/lib/folder4/pia_splp3.jpg""><Br>
エステ等でアンダーヘアのお手入れやVIOのケアをする女性達は増加しており<br>
市場意識が高まる一方で、悩みや興味はあるものの実際に日常生活で特別な<br>ケアを行えていない女性も多く存在しています。<br>
そんな女性達の潜在ニーズを満たし、<br>
キレイと快適を提供できる新習慣を提案する。<br>
そのために生まれた新ブランドが「piarica（ピアリカ）」その第一弾として<br>
完成したのが「デリケート　ホイップ　パック＆ウォッシュ」です。<br>
<br>
・デリケートゾーンに合わせた弱酸性<br>
・ココロもやすらぐゼラニウムの香り<br>
・ワンプッシュで簡単にホイップ泡<br>
・12種類の美容成分配合（加水分解酵母エキス、アルガンオイル、緑茶エキス<br>
　ミョウバン、パイナップルエキス、ツボクサエキス、プラセンタ、ヒマワリ<br>
種子エキス、リビジュア、ヒアルロン酸、コラーゲン、アロエエキス）<br><br>",ピアリカ Piarica デリケートホイップ　パック＆ウォッシュ　140ｇ：香水問屋楽天市場店,香水香水問屋フレグランス人気シャネルディオールランキングメンズ女性サムライ通販激安おすすめ芸能人ジバンシー付け方コスメ練り香水クロノス進撃の巨人ピアリカ Piarica デリケートホイップ　パック＆ウォッシュ　140ｇ,ピアリカ Piarica。ピアリカ Piarica デリケートホイップ　パック＆ウォッシュ　140ｇ[rn]
15-33205,http://tshop.r10s.jp/kohsuidonya/cabinet/04/04640137/40191800100.jpg?fitin=700:700,960.0000,,美容・コスメ・香水 > ボディケア > その他,ピアリカ Piarica デリケート ネック&デコルテ マッサージ オイルジェル 100g,ピアリカ Piarica,"オイルなのにジェル！身体を美しく整える新感覚のマッサージジェルです！<Br>
顎、首、デコルテのラインを整える専用のケアアイテム。<br>
<img src=""http://image.rakuten.co.jp/kohsuidonya/cabinet/04/04640137/40191800100_01.jpg"" WIDTH=""100%""><Br>
<img src=""http://image.rakuten.co.jp/kohsuidonya/cabinet/04/04640137/40191800100_02.jpg"" WIDTH=""100%"">",ピアリカ Piarica デリケート ネック&amp;デコルテ マッサージ オイルジェル 100g：香水問屋楽天市場店,香水香水問屋フレグランス人気シャネルディオールランキングメンズ女性サムライ通販激安おすすめ芸能人ジバンシー付け方コスメ練り香水クロノス進撃の巨人ピアリカ Piarica デリケート ネック&amp;デコルテ マッサージ オイルジェル 100g,ピアリカ Piarica。ピアリカ Piarica デリケート ネック&amp;デコルテ マッサージ オイルジェル 100g[rn]
15-33206,http://tshop.r10s.jp/kohsuidonya/cabinet/40300101016.jpg?fitin=700:700,1029.6000,,美容・コスメ・香水 > ボディケア > その他,アクオリナ AQUOLINA ピンクシュガー ボディスプリッツァー 150ml 【ボディミスト】,アクオリナ AQUOLINA,ハッピーとラブを呼び起こすピンクシュガーの甘いヴェール♪フレッシュフルーツのエッセンスが水分を与え、ボディ全体をみずみずしく輝かせます。サラツヤ素肌とスウィートな恋の香りで、思わず頬ずりしたくなるような魅力的なボディへ☆,アクオリナ AQUOLINA ピンクシュガー ボディスプリッツァー 150ml 【ボディミスト】：香水問屋楽天市場店,香水香水問屋フレグランス人気シャネルディオールランキングメンズ女性サムライ通販激安おすすめ芸能人ジバンシー付け方コスメ練り香水クロノス進撃の巨人アクオリナ AQUOLINA ピンクシュガー ボディスプリッツァー 150ml 【ボディミスト】,アクオリナ AQUOLINA。アクオリナ AQUOLINA ピンクシュガー ボディスプリッツァー 150ml 【ボディミスト】[rn]
15-33207,http://tshop.r10s.jp/kohsuidonya/cabinet/02/80060101080.jpg?fitin=700:700,3674.4000,,美容・コスメ・香水 > ボディケア > その他,パームツリー Palm Tree コスメ pasha！ パシャ フレグランス ボディ（美容オイル） 80ml,2パームツリー 香水 パシャ pasha ボディ（美容オイル）,"「ナチュラルフレグランス pashs！が全身美容オイルになりました。天然ホホバオイルの保湿力と天然グレープフルーツのフレッシュな香りで心と身体に輝きをプラスしましょう」新発売のPasha！FRAGRANCE Bodyは大人気のpasha！とPalm　Treeが誇る最高品質のホホバオイルが合わさった、まさに「いいとこどり」オイルです。夏本番に向けて香りのファンデーションとしてpasha！　FRAGRANCE Bodyを。その上に香りのおしゃれとしてpasha！をお使い頂き、文字通り心も身体もそして肌までもハッピーになって頂きましょう。<br>



パームツリー一覧はこちら",パームツリー Palm Tree コスメ pasha！ パシャ フレグランス ボディ（美容オイル） 80ml：香水問屋楽天市場店,香水香水問屋フレグランス人気シャネルディオールランキングメンズ女性サムライ通販激安おすすめ芸能人ジバンシー付け方コスメ練り香水クロノス進撃の巨人パームツリー Palm Tree コスメ pasha！ パシャ フレグランス ボディ（美容オイル） 80ml,2パームツリー 香水 パシャ pasha ボディ（美容オイル）。パームツリー Palm Tree コスメ pasha！ パシャ フレグランス ボディ（美容オイル） 80ml[rn]
15-33208,http://tshop.r10s.jp/o-mom/cabinet/65tyz/65tyz-aa-0239_01.jpg?fitin=700:700,864.0000,,美容・コスメ・香水 > ボディケア > その他,コジット メイクヒップスベーグルクッション コンパクト クッション 椅子 いす イス ベーグル 美尻 腰痛 枕 骨盤矯正 デスクワーク オフィス 会社 骨盤 リラックス お部屋 可愛い かわいい ダイエット プレゼント ギフト 贈り物 にも最適☆,くつろぎタイムに角度ピッタリクッション,"<div style=""width:100%""=””><iframe src=""http://www.rakuten.ne.jp/gold/o-mom/coupon/coupon_sp.html"" frameborder=""0"" scrolling=""no"" marginwidth=""0"" width=""100%""=”” id=""myiframe""></iframe = ””></div = ””><link rel=""stylesheet"" type=""text/css"" href=""http://www.rakuten.ne.jp/gold/o-mom/newtop/css/iframe.css""=””><img src=""http://image.rakuten.co.jp/o-mom/cabinet/65tyz/65tyz-aa-0239_01.jpg"" alt=""コジットメイクヒップスベーグルクッションコンパクトクッション椅子いすイスベーグル美尻腰痛枕骨盤矯正デスクワークオフィス会社骨盤リラックスお部屋可愛いかわいいダイエットプレゼントギフト贈り物にも最適☆"" />
<img src=""http://image.rakuten.co.jp/o-mom/cabinet/65tyz/65tyz-aa-0190_02.jpg"" alt=""コジットメイクヒップスベーグルクッションコンパクトクッション椅子いすイスベーグル美尻腰痛枕骨盤矯正デスクワークオフィス会社骨盤リラックスお部屋可愛いかわいいダイエットプレゼントギフト贈り物にも最適☆"" />
<img src=""http://image.rakuten.co.jp/o-mom/cabinet/65tyz/65tyz-aa-0190_03.jpg"" alt=""コジットメイクヒップスベーグルクッションコンパクトクッション椅子いすイスベーグル美尻腰痛枕骨盤矯正デスクワークオフィス会社骨盤リラックスお部屋可愛いかわいいダイエットプレゼントギフト贈り物にも最適☆"" />

<hr size=""1"">
<font size=""1"">
▼商品説明▼<br>
【使用方法】<br>
腰クッションやフロアクッション、また椅子の上に置いてご使用になる場合は広げてお使いください。<br><br>

【ご注意】<br>
●袋から取り出す際に臭いが気になる場合は、日陰で風に十分さらしてからご使用ください。<br>
●気温によりクッションの硬さが変わることがあります。<br>
●日光や蛍光灯に長時間あたると変色する恐れがあります。<br>
●汗等が付着した状態で重ね置きすると、色移りする場合があります。万一色移りした場合は早めに洗濯してください。<br>
●洗濯できません。汚れが生じた場合は、水に濡らして固く絞った布等で拭き取ってください。<br>
●お子さまが本品で遊ばないようご注意ください。思わぬ事故の原因となります。<br>
●本品の上に立ったり、飛び跳ねたりしないでください。<br>
●包装用ビニール袋で遊ばないでください。窒息等の思わぬ事故に繋がります。<br>
●火気に近づけないでください。<br>
●本来の用途以外には使用しないでください。<br>
●使用感には個人差があります。<br>
<hr size=""1"">
▼製品サイズ（約）▼<br>
閉じた状態：31×21×20cm<br>
広げた状態：46×31×10cm
<hr size=""1"">
▼材質▼<br>
本体側地：ポリエステル<br>
クッション材：ウレタンフォーム
<hr size=""1"">
▼生産国▼<br>
中国
<hr size=""1"">
▼メーカー▼<br>
株式会社コジット

<hr size=""1"">
<center><p>《2個セットでお得な送料無料!》</p>
<img src=""http://image.rakuten.co.jp/o-mom/cabinet/65tyz/65tyz-aa-0190_th.jpg""></center><br />

→生活雑貨へ<br>
→お洒落mama TOPへ</font><br><br>
<font size=""1""><b>【沖縄エリア及びその他離島の方の送料について】</b><br>
※商品表示価格については、全て税込み価格です。<br>
お洒落MAMAでは、1,990円以上のご購入で<font color=""#EE3264"">送料無料</font>となります。ただし、沖縄エリア及びその他離島は除かせていただきます。その際、別途料金をメールにてご連絡差し上げます。</font>",コジット メイクヒップスベーグルクッション コンパクト クッション 椅子 いす イス ベーグル 美尻 腰痛 枕 骨盤矯正 デスクワーク オフィス 会社 骨盤 リラックス お部屋 可愛い かわいい ダイエット プレゼント ギフト 贈り物 にも最適☆：お洒落Ｍａｍａ,FILAGOLFフィラゴルフOCEAN PACIFICオーシャンパシフィックラッシュガードZuccheroズッケロJ-AXISジェイアクシススポーツウェアエスニック春夏 ストールカタツムリ パックEGF パックレビューを書いて送料無料送料無料ポイント10倍ヤーマンシャーベットカラーレインコートコジット メイクヒップスベーグルクッション コンパクト クッション 椅子 いす イス ベーグル 美尻 腰痛 枕 骨盤矯正 デスクワーク オフィス 会社 骨盤 リラックス お部屋 可愛い かわいい ダイエット プレゼント ギフト 贈り物 にも最適☆,くつろぎタイムに角度ピッタリクッション。コジット メイクヒップスベーグルクッション コンパクト クッション 椅子 いす イス ベーグル 美尻 腰痛 枕 骨盤矯正 デスクワーク オフィス 会社 骨盤 リラックス お部屋 可愛い かわいい ダイエット プレゼント ギフト 贈り物 にも最適☆[rn]
15-33209,http://tshop.r10s.jp/cosmebox/cabinet/item24/4961561566182.jpg?fitin=700:700,2800.0000,,美容・コスメ・香水 > ボディケア > その他,【ポイント10倍】##ハリウッド　フレッシュアイス　ボディパウダー　15g（プレストパウダー　ボディ用）　HOLLYWOOD *,ひんやりさわやかボディパウダー,"猛暑のお出かけ時やお風呂上がりなどのお肌を、さらっとさわやかに仕上げるボディパウダーです。ひんやりとした感触とシトラス・グリーン・フルーティの香りで気分までリフレッシュ。気になるニオイもカバーして、快適にお過ごしいただけます。また、ハリウッド脱毛ワクスをご使用の際に使用することもできます。<br>
ボディパウダー<br>
15g/専用パフ付・専用ケース入<br>
HOLLYWOOD　Fresh Ice Body Powder/ハリウッド株式会社<br>
<br>
[広告文責] コスメボックス 097-543-1871<br>
[製造発売元] ハリウッド株式会社<br>
[区分] 日本製・化粧品",【ポイント10倍】##ハリウッド　フレッシュアイス　ボディパウダー　15g（プレストパウダー　ボディ用）　HOLLYWOOD *：コスメボックス,コスメボックスミネラルウォーター炭酸水九州エコラクエコラクノンラベルヘアカバースプレー化粧品ショッピング太陽油脂パックス資生堂【ポイント10倍】##ハリウッド　フレッシュアイス　ボディパウダー　15g（プレストパウダー　ボディ用）　HOLLYWOOD *,ひんやりさわやかボディパウダー。【ポイント10倍】##ハリウッド　フレッシュアイス　ボディパウダー　15g（プレストパウダー　ボディ用）　HOLLYWOOD *[rn]
15-33210,http://tshop.r10s.jp/cosmebox/cabinet/item04/4961561562788.jpg?fitin=700:700,2800.0000,,美容・コスメ・香水 > ボディケア > その他,【ポイント10倍】##ハリウッド オーシャングレイス ミルク HOLLYWOOD Ocean Grace Milk *,ハリのあるしっとりとしたなめらかお肌へ,"ボディにのばしやすく、サラッとした感触でべたつかず、すばやくお肌になじみ、乾燥によるカサついたお肌にうるおいを与え、ハリのあるしっとりとしたなめらかなお肌へ導きます。シトラスハーバルフローラルの香りがくつろぎの時間へと演出します。<br>
ボディ用乳液<br>
180ml<br>
Ocean Grace/ハリウッド化粧品",【ポイント10倍】##ハリウッド オーシャングレイス ミルク HOLLYWOOD Ocean Grace Milk *：コスメボックス,コスメボックスミネラルウォーター炭酸水九州エコラクエコラクノンラベルヘアカバースプレー化粧品ショッピング太陽油脂パックス資生堂【ポイント10倍】##ハリウッド オーシャングレイス ミルク HOLLYWOOD Ocean Grace Milk *,ハリのあるしっとりとしたなめらかお肌へ。【ポイント10倍】##ハリウッド オーシャングレイス ミルク HOLLYWOOD Ocean Grace Milk *[rn]
15-33211,http://tshop.r10s.jp/kohsuidonya/cabinet/40300510003.jpg?fitin=700:700,784.0000,,美容・コスメ・香水 > ボディケア > その他,エスポア ESPOIR ファンバイエスポア ボディーソープ＋モイスチャーミルク セット,エスポア,韓国発のエロカワ フレグランス、ファンバイエスポアと同じ香りのボディソープとモイスチャーミルクです。疲れた心と体が癒されて、笑顔でバスルームを出れば、また魅力いっぱいの女性に戻れるはず。キウィ、アイビーなどのエキスが肌を守りながら洗い、肌荒れなどのトラブルを防ぎます。<br>,エスポア ESPOIR ファンバイエスポア ボディーソープ＋モイスチャーミルク セット：香水問屋楽天市場店,香水香水問屋フレグランス人気シャネルディオールランキングメンズ女性サムライ通販激安おすすめ芸能人ジバンシー付け方コスメ練り香水クロノス進撃の巨人エスポア ESPOIR ファンバイエスポア ボディーソープ＋モイスチャーミルク セット,エスポア。エスポア ESPOIR ファンバイエスポア ボディーソープ＋モイスチャーミルク セット[rn]
15-33212,http://tshop.r10s.jp/wish/cabinet/earth004/blenheim_talcumpowde.jpg?fitin=700:700,2384.0000,,美容・コスメ・香水 > ボディケア > その他,ペンハリガン　ブレナムブーケ タルカンパウダー　100g　　PENHALIGON'S 【あす楽対応_14時まで】【香水】【香水 メンズ レディース 多数取扱中】,ペンハリガン タルカンパウダー,"for men<BR>
ペンハリガンの人気フレグランス「ブレナムブーケ」の香りのタルカンパウダー。お風呂上りや、気分転換に少量を手に取りお肌に軽くのせてお使い下さい。フレグランスの次に使うのもおすすめ。やわらかな香りの変化をお楽しみいただけます。汗が気になる季節のデオドラント変わりにもお使いいただけます。

<BR><BR>広告文責：株式会社ウィッシュ【03-5287-6923】",ペンハリガン　ブレナムブーケ タルカンパウダー　100g　　PENHALIGON'S 【あす楽対応_14時まで】【香水】【香水 メンズ レディース 多数取扱中】：香水フレグランスPARFUM de EARTH,香水フレグランスPARFUM de EARTH 香水専門店 香水通販母の日　香水　ギフト　香水 通販 激安 香水専門店 送料無料クロエ 香水 Chloe オードパルファム クロエ EDPブルガリ 香水 BVLGARI アクアプールオム オムニア オムニア・クリスタリン ブルー・プールオム ブルー・ノッテシャネル 香水 CHANEL ガーデニア チャンス アリュール アリュール・オムクリスチャン・ディオール 香水 Christian Dior ディオール・ミーノット クリス1947 ピュア・プワゾン デューングッチ 香水 GUCCI エンヴィ エンヴィ・フォーメン ラッシュ ラッシュ・サマー オード・パルファムジバンシー 香水 GIVENCHY ソー・ジバンシー ウルトラマリン グランサンボン オンリー・ジバンシーカルバンクライン 香水 Calvin Klein シーケービー シーケーワン エタニティ エタニティ・フォーメン エタニティ・ラブアナ・スイ 香水 ANNA SUI スイ・ドリーム スイ・ラブ ドーリー・ガールイヴ・サンローラン 香水 YVES SAINT LAURENT ベビードール イン・ラブ・アゲイン ジャズ ボディ・クーロス オピウムジバンシー 香水 GIVENCHY ソー・ジバンシー ウルトラマリン グランサンボン オンリー・ジバンシードルチェ＆ガッバーナ 香水 DOLCE&amp;GABBANA By D&amp;G ウーマン By D&amp;G メン D&amp;G プールオム シシリー ライトブルーラルフローレン 香水 RALPH LAUREN ポロ ポロ・スポーツ ポロ・ブルー グラマラス ロマンスニナリッチ 香水 NINA RICCI チェリーファンタジー レール・デュ・タン メモアール・ドム プルミエ・ジュールランコム 香水 LANCOME ミラク・ソー・マジック ミラク ミラク・オム アトラクション ポエムメンズ 香水 レディース 香水テスター 香水 お試し 香水 訳あり 香水楽天スーパーセール 香水 フレグランスお買い物マラソン 楽天 香水 フレグランスペンハリガン　ブレナムブーケ タルカンパウダー　100g　　PENHALIGON'S 【あす楽対応_14時まで】【香水】【香水 メンズ レディース 多数取扱中】,ペンハリガン タルカンパウダー。ペンハリガン　ブレナムブーケ タルカンパウダー　100g　　PENHALIGON'S 【あす楽対応_14時まで】【香水】【香水 メンズ レディース 多数取扱中】[rn]
15-33213,http://tshop.r10s.jp/cosmebox/cabinet/item32/4987241128594.jpg?fitin=700:700,544.0000,,美容・コスメ・香水 > ボディケア > その他,ロート　デ・オウ　薬用クレンジングウォッシュ　医薬部外品　300mL　De Ou　ROHTO *,男のニオイ　超徹底洗浄,"<table width=""100%"" border=""1"" bordercolor=""#FFFFFF"">
<tr bordercolor=""#CCCCCC""><td>

<br><font size=""3"" color=""#666660""><b>水では落ちにくい加齢臭まで<br>
男のカラダ　超徹底洗浄</b></font><br>

<font size=""2"" color=""#666660""><br>
■<b>殺菌成分配合</b><br></font>

<table width=""90%"" border=""0"" cellspacing=""0"" cellpadding=""5"" align=""center"">
<tr><td><font size=""2"" color=""#666660"">
肌を清浄・殺菌・消毒し。体臭・汗臭・加齢臭の発生を防ぎます。

</font>
</td></tr>
</table>

<br>
<font size=""2"" color=""#666660"">■<b>薬用炭(吸着剤)配合</b><br></font>
<table width=""90%"" border=""0"" cellspacing=""0"" cellpadding=""5"" align=""center"">
<tr><td><font size=""2"" color=""#666660"">

ニオイの元となる皮脂や汚れを吸着し、すっきり爽やかなボディへ。


</font>
</td></tr>
</table>

<br>
<font size=""2"" color=""#666660"">■<b>ニオイベール効果で爽やかな香りへ </b><br></font>
<table width=""90%"" border=""0"" cellspacing=""0"" cellpadding=""5"" align=""center"">
<tr><td><font size=""2"" color=""#666660"">



</font>
</td></tr>
</table>
<br>
<font size=""2"" color=""#666660"">■<b>シトラスハーブの香り</b><br></font>
<table width=""90%"" border=""0"" cellspacing=""0"" cellpadding=""5"" align=""center"">
<tr><td><font size=""2"" color=""#666660"">



</font>
</td></tr>
</table>

</td></tr></table>
<br><br>
<hr>
<br>
<!-- 商品情報　2  -->
<table width=""100%"" border=""1"" bordercolor=""#FFFFFF"">
<tr bordercolor=""#CCCCCC""><td align=""center"" width=100>
<font size=""2"" color=""#666666"">商品名</font></td>
<td><font size=""2"" color=""#666666"">
<b>デ・オウ　薬用クレンジングウォッシュ　医薬部外品</b><br>



</font></td></tr>

<tr bordercolor=""#CCCCCC""><td align=""center"" width=100><font size=""2"" color=""#666666"">内容量</font>
</td>
<td width=410><font size=""2"" color=""#666666"">



300mL




</font></td></tr>

<tr bordercolor=""#CCCCCC""><td align=""center"" width=15%><font size=""2"" color=""#666666"">使用方法</font></td>
<td width=85%>
<font size=""2"" color=""#666666"">



お湯を含ませたタオルやスポンジに適量をとり、軽く泡立ててから洗い、その後よく洗い流してください。<br>
※特にニオイの気になる部位は、泡立てず手で直接塗りこむように洗うと、より効果的です。 


</font></td></tr>
<tr bordercolor=""#CCCCCC""><td align=""center"" width=15%><font size=""2"" color=""#666666"">使用上の注意</font></td>
<td width=85%>
<font size=""2"" color=""#666666"">

□ 傷やはれもの、湿疹等の異常がある時は使用しないでください。<br>
□ 肌に異常が生じていないかよく注意して使用してください。使用中、又は使用後日光にあたって、赤み、はれ、かゆみ、刺激、色抜け(白斑等)や黒ずみ等の異常があらわれた場合は使用を中止し、皮フ科専門医等へ相談してください。そのまま使用を続けると、症状が悪化することがあります。<br>
□ 目に入らないように注意し、万一目に入った場合は、こすらずにすぐに洗い流してください。なお、異物感など異常が残る場合は眼科医に相談してください。<br>
□ 乳幼児の手の届かないところに保管してください。<br>□ 高温又は低温の場所、直射日光を避け密栓して保管してください。<br>
※冬季など、まれに製剤が白く濁ることがありますが、品質には問題ありません。



</font></td></tr>

<tr bordercolor=""#CCCCCC""><td align=""center"" width=15%><font size=""2"" color=""#666666"">成分</font></td>
<td width=85%><font size=""2"" color=""#666666"">

＜有効成分＞<br>
ベンザルコニウム塩化物<br>
＜その他の成分＞<br>
薬用炭、臭化セチルトリメチルアンモニウム液、ラウリン酸、ミリスチン酸、パルミチン酸、エタノール、PG、ヤシ油脂肪酸N-メチルエタノールアミド、ヤシ油脂肪酸メチルタウリンNa、水酸化K、メントール、フェノキシエタノール、EDTA-2Na、POEラウリルエーテル酢酸Na、ヤシ油脂肪酸アミドプロピルベタイン液、シクロヘキサンジカルボン酸ビスエトキシジグリコール、粘度調整剤、香料

</font></td></tr>
<tr bordercolor=""#CCCCCC""><td align=""center"" width=15%><font size=""2"" color=""#666666"">メーカー</font></td>
<td width=85%><font size=""2"" color=""#666666"">


ロート製薬株式会社


</font></td></tr>
<tr bordercolor=""#CCCCCC""><td align=""center"" width=15%><font size=""2"" color=""#666666"">区分</font></td>
<td width=85%><font size=""2"" color=""#666666"">

日本製・ボディケア/医薬部外品


</font></td></tr>

<tr bordercolor=""#CCCCCC""><td align=""center"" width=15%><font size=""2"" color=""#666666"">広告文責</font></td>
<td width=85%><font size=""2"" color=""#666666"">

コスメボックス 097-543-1871

</font></td></tr>
</table><br>",ロート　デ・オウ　薬用クレンジングウォッシュ　医薬部外品　300mL　De Ou　ROHTO *：コスメボックス,コスメボックスミネラルウォーター炭酸水九州エコラクエコラクノンラベルヘアカバースプレー化粧品ショッピング太陽油脂パックス資生堂ロート　デ・オウ　薬用クレンジングウォッシュ　医薬部外品　300mL　De Ou　ROHTO *,男のニオイ　超徹底洗浄。ロート　デ・オウ　薬用クレンジングウォッシュ　医薬部外品　300mL　De Ou　ROHTO *[rn]
15-33214,http://tshop.r10s.jp/cosmebox/cabinet/item01/4901872886470.jpg?fitin=700:700,366.4000,,美容・コスメ・香水 > ボディケア > その他,資生堂　メンズ肌水　クールライムウォーター　全身用ローション　SHISEIDO　HADASUI *,スッキリ感UP！全身爽快クールライムウォーター！！,"全身にスッキリ水分補給！いつでも、どこでも、水分ケア富士山麓の天然水とさわやかなライムの香りで、肌をスッキリ整える全身用ミネラルウォーターローションです。<br>
ローション<br>
400ml<br>
メンズ肌水/資生堂",資生堂　メンズ肌水　クールライムウォーター　全身用ローション　SHISEIDO　HADASUI *：コスメボックス,コスメボックスミネラルウォーター炭酸水九州エコラクエコラクノンラベルヘアカバースプレー化粧品ショッピング太陽油脂パックス資生堂資生堂　メンズ肌水　クールライムウォーター　全身用ローション　SHISEIDO　HADASUI *,スッキリ感UP！全身爽快クールライムウォーター！！。資生堂　メンズ肌水　クールライムウォーター　全身用ローション　SHISEIDO　HADASUI *[rn]
15-33215,http://tshop.r10s.jp/cosmebox/cabinet/item23/4903018177305.jpg?fitin=700:700,454.4000,,美容・コスメ・香水 > ボディケア > その他,柳屋　メンズボディ むだ毛脱色クリーム （うで・あし用脱色剤）　yanagiya *,男性用むだ毛脱色剤,"体毛を脱色することでやわらかな金色にし、自然で清潔に見せます。待ち時間たったの10分ですので、スピーディに脱色でき、肌を出すファッションのエチケットにも手軽に行えます。保湿成分スクワラン配合を配合で使用後の肌を整えます。<br>
脱色クリーム<br>
A剤:40／B剤:80g<br>
PREXCEED／柳屋本店",柳屋　メンズボディ むだ毛脱色クリーム （うで・あし用脱色剤）　yanagiya *：コスメボックス,コスメボックスミネラルウォーター炭酸水九州エコラクエコラクノンラベルヘアカバースプレー化粧品ショッピング太陽油脂パックス資生堂柳屋　メンズボディ むだ毛脱色クリーム （うで・あし用脱色剤）　yanagiya *,男性用むだ毛脱色剤。柳屋　メンズボディ むだ毛脱色クリーム （うで・あし用脱色剤）　yanagiya *[rn]
15-33216,http://tshop.r10s.jp/barber-bi/cabinet/01540775/nakano2/01643288/img56809865.jpg?fitin=700:700,1600.0000,,美容・コスメ・香水 > ボディケア > その他,JPコロニア　アロマハンドコロン 500ml (ラベンダー) 【HLS_DU】【10P27May16】【コンビニ受取対応商品】,JP COLONIA/ラモコスインターナショナル/創香工房/フレグランス,,JPコロニア　アロマハンドコロン 500ml (ラベンダー) 【HLS_DU】【10P27May16】【コンビニ受取対応商品】：千客万来BARBER美,JPコロニア　アロマハンドコロン 500ml (ラベンダー) 【HLS_DU】【10P27May16】【コンビニ受取対応商品】,JP COLONIA/ラモコスインターナショナル/創香工房/フレグランス。JPコロニア　アロマハンドコロン 500ml (ラベンダー) 【HLS_DU】【10P27May16】【コンビニ受取対応商品】[rn]
15-33217,http://tshop.r10s.jp/barber-bi/cabinet/01540775/nakano2/01643288/img56809864.jpg?fitin=700:700,1600.0000,,美容・コスメ・香水 > ボディケア > その他,JPコロニア　アロマハンドコロン 500ml (シャボン) 【HLS_DU】【10P27May16】【コンビニ受取対応商品】,JP COLONIA/ラモコスインターナショナル/フレグランス/ボディ,,JPコロニア　アロマハンドコロン 500ml (シャボン) 【HLS_DU】【10P27May16】【コンビニ受取対応商品】：千客万来BARBER美,JPコロニア　アロマハンドコロン 500ml (シャボン) 【HLS_DU】【10P27May16】【コンビニ受取対応商品】,JP COLONIA/ラモコスインターナショナル/フレグランス/ボディ。JPコロニア　アロマハンドコロン 500ml (シャボン) 【HLS_DU】【10P27May16】【コンビニ受取対応商品】[rn]
15-33218,http://tshop.r10s.jp/barber-bi/cabinet/03220999/04285128/imgrc0066124185.jpg?fitin=700:700,1339.2000,,美容・コスメ・香水 > ボディケア > その他,マルハル エステバスタオル 1100匁【ベージュ/ホワイト/Rピンク/グリーン/ブラウンからお選びください。】,肌触り抜群の高品質エステ用タオル,,マルハル エステバスタオル 1100匁【ベージュ/ホワイト/Rピンク/グリーン/ブラウンからお選びください。】：千客万来BARBER美,マルハル エステバスタオル 1100匁【ベージュ/ホワイト/Rピンク/グリーン/ブラウンからお選びください。】,肌触り抜群の高品質エステ用タオル。マルハル エステバスタオル 1100匁【ベージュ/ホワイト/Rピンク/グリーン/ブラウンからお選びください。】[rn]
15-33219,http://tshop.r10s.jp/wish/cabinet/earth005/zzloc58_0005.jpg?fitin=700:700,1424.0000,,美容・コスメ・香水 > ボディケア > その他,【ロクシタン】アマンドシェイプ シャワースクラブ 200ml L'OCCITANE AMANDE SHOWER SCRUB【あす楽対応_14時まで】【香水 メンズ レディース 多数取扱中】,ロクシタン 香水,アーモンドの殻を含んだ天然スクラブ成分配合のシャワースクラブ。<br>肌の古い角質をやさしくオフしながら、しっとりと洗い上げてツルスベ肌に導きます。<BR><BR>広告文責：株式会社ウィッシュ【03-5287-6923】,【ロクシタン】アマンドシェイプ シャワースクラブ 200ml L'OCCITANE AMANDE SHOWER SCRUB【あす楽対応_14時まで】【香水 メンズ レディース 多数取扱中】：香水フレグランスPARFUM de EARTH,香水フレグランスPARFUM de EARTH 香水専門店 香水通販母の日　香水　ギフト　香水 通販 激安 香水専門店 送料無料クロエ 香水 Chloe オードパルファム クロエ EDPブルガリ 香水 BVLGARI アクアプールオム オムニア オムニア・クリスタリン ブルー・プールオム ブルー・ノッテシャネル 香水 CHANEL ガーデニア チャンス アリュール アリュール・オムクリスチャン・ディオール 香水 Christian Dior ディオール・ミーノット クリス1947 ピュア・プワゾン デューングッチ 香水 GUCCI エンヴィ エンヴィ・フォーメン ラッシュ ラッシュ・サマー オード・パルファムジバンシー 香水 GIVENCHY ソー・ジバンシー ウルトラマリン グランサンボン オンリー・ジバンシーカルバンクライン 香水 Calvin Klein シーケービー シーケーワン エタニティ エタニティ・フォーメン エタニティ・ラブアナ・スイ 香水 ANNA SUI スイ・ドリーム スイ・ラブ ドーリー・ガールイヴ・サンローラン 香水 YVES SAINT LAURENT ベビードール イン・ラブ・アゲイン ジャズ ボディ・クーロス オピウムジバンシー 香水 GIVENCHY ソー・ジバンシー ウルトラマリン グランサンボン オンリー・ジバンシードルチェ＆ガッバーナ 香水 DOLCE&amp;GABBANA By D&amp;G ウーマン By D&amp;G メン D&amp;G プールオム シシリー ライトブルーラルフローレン 香水 RALPH LAUREN ポロ ポロ・スポーツ ポロ・ブルー グラマラス ロマンスニナリッチ 香水 NINA RICCI チェリーファンタジー レール・デュ・タン メモアール・ドム プルミエ・ジュールランコム 香水 LANCOME ミラク・ソー・マジック ミラク ミラク・オム アトラクション ポエムメンズ 香水 レディース 香水テスター 香水 お試し 香水 訳あり 香水楽天スーパーセール 香水 フレグランスお買い物マラソン 楽天 香水 フレグランス【ロクシタン】アマンドシェイプ シャワースクラブ 200ml L'OCCITANE AMANDE SHOWER SCRUB【あす楽対応_14時まで】【香水 メンズ レディース 多数取扱中】,ロクシタン 香水。【ロクシタン】アマンドシェイプ シャワースクラブ 200ml L'OCCITANE AMANDE SHOWER SCRUB【あす楽対応_14時まで】【香水 メンズ レディース 多数取扱中】[rn]
15-33220,http://tshop.r10s.jp/wish/cabinet/earth004/vanities_talcumpowde.jpg?fitin=700:700,2384.0000,,美容・コスメ・香水 > ボディケア > その他,ペンハリガン　ヴァニティーズ　タルカンパウダー　100g　PENHALIGON'S 【あす楽対応_14時まで】【香水】【香水 メンズ レディース 多数取扱中】,ペンハリガン タルカンパウダー,"for woman<BR>
肌にシルクのようななめらかさとつやをもたらして、ほのかな香りで包み込みます。香りは、フレッシュなシトラスノートと軽やかな花々のアコードが織りなす『フルーティー フローラル』の香調。パウダーのみで優しく繊細な香り立ちをお楽しみいただくのも、「ペンハリガン」のレディースフレグランスとあわせてお使いいただくのもおすすめです。<BR><BR>広告文責：株式会社ウィッシュ【03-5287-6923】",ペンハリガン　ヴァニティーズ　タルカンパウダー　100g　PENHALIGON'S 【あす楽対応_14時まで】【香水】【香水 メンズ レディース 多数取扱中】：香水フレグランスPARFUM de EARTH,香水フレグランスPARFUM de EARTH 香水専門店 香水通販母の日　香水　ギフト　香水 通販 激安 香水専門店 送料無料クロエ 香水 Chloe オードパルファム クロエ EDPブルガリ 香水 BVLGARI アクアプールオム オムニア オムニア・クリスタリン ブルー・プールオム ブルー・ノッテシャネル 香水 CHANEL ガーデニア チャンス アリュール アリュール・オムクリスチャン・ディオール 香水 Christian Dior ディオール・ミーノット クリス1947 ピュア・プワゾン デューングッチ 香水 GUCCI エンヴィ エンヴィ・フォーメン ラッシュ ラッシュ・サマー オード・パルファムジバンシー 香水 GIVENCHY ソー・ジバンシー ウルトラマリン グランサンボン オンリー・ジバンシーカルバンクライン 香水 Calvin Klein シーケービー シーケーワン エタニティ エタニティ・フォーメン エタニティ・ラブアナ・スイ 香水 ANNA SUI スイ・ドリーム スイ・ラブ ドーリー・ガールイヴ・サンローラン 香水 YVES SAINT LAURENT ベビードール イン・ラブ・アゲイン ジャズ ボディ・クーロス オピウムジバンシー 香水 GIVENCHY ソー・ジバンシー ウルトラマリン グランサンボン オンリー・ジバンシードルチェ＆ガッバーナ 香水 DOLCE&amp;GABBANA By D&amp;G ウーマン By D&amp;G メン D&amp;G プールオム シシリー ライトブルーラルフローレン 香水 RALPH LAUREN ポロ ポロ・スポーツ ポロ・ブルー グラマラス ロマンスニナリッチ 香水 NINA RICCI チェリーファンタジー レール・デュ・タン メモアール・ドム プルミエ・ジュールランコム 香水 LANCOME ミラク・ソー・マジック ミラク ミラク・オム アトラクション ポエムメンズ 香水 レディース 香水テスター 香水 お試し 香水 訳あり 香水楽天スーパーセール 香水 フレグランスお買い物マラソン 楽天 香水 フレグランスペンハリガン　ヴァニティーズ　タルカンパウダー　100g　PENHALIGON'S 【あす楽対応_14時まで】【香水】【香水 メンズ レディース 多数取扱中】,ペンハリガン タルカンパウダー。ペンハリガン　ヴァニティーズ　タルカンパウダー　100g　PENHALIGON'S 【あす楽対応_14時まで】【香水】【香水 メンズ レディース 多数取扱中】[rn]
15-33221,http://tshop.r10s.jp/wish/cabinet/earth005/ck001_152b.jpg?fitin=700:700,1344.0000,,美容・コスメ・香水 > ボディケア > その他,【カルバン クライン】シーケーワン ボディスプレー 152gCALVIN KLEIN CK ONE BODY SPRAY【あす楽対応_14時まで】【香水 メンズ レディース 多数取扱中】,カルバン クライン CALVIN KLEIN CK 香水,"for unisex<BR>
フレグランスよりライトなバージョンに仕上げた、全身に使用できるボディスプレー。<BR>
気軽に吹きかけることができ、シーケーワンの香りを楽しむことができます。<BR><BR>
トップ：ベルガモット、カルダモン、タンジェリン、フリージア、ラベンダー<BR>
ミドル：グリーンティアコード、ヴァイオレット、ローズ、オレンジフラワー<BR>
ラスト：ムスク、アンバー<BR><BR>広告文責：株式会社ウィッシュ【03-5287-6923】",【カルバン クライン】シーケーワン ボディスプレー 152gCALVIN KLEIN CK ONE BODY SPRAY【あす楽対応_14時まで】【香水 メンズ レディース 多数取扱中】：香水フレグランスPARFUM de EARTH,香水フレグランスPARFUM de EARTH 香水専門店 香水通販母の日　香水　ギフト　香水 通販 激安 香水専門店 送料無料クロエ 香水 Chloe オードパルファム クロエ EDPブルガリ 香水 BVLGARI アクアプールオム オムニア オムニア・クリスタリン ブルー・プールオム ブルー・ノッテシャネル 香水 CHANEL ガーデニア チャンス アリュール アリュール・オムクリスチャン・ディオール 香水 Christian Dior ディオール・ミーノット クリス1947 ピュア・プワゾン デューングッチ 香水 GUCCI エンヴィ エンヴィ・フォーメン ラッシュ ラッシュ・サマー オード・パルファムジバンシー 香水 GIVENCHY ソー・ジバンシー ウルトラマリン グランサンボン オンリー・ジバンシーカルバンクライン 香水 Calvin Klein シーケービー シーケーワン エタニティ エタニティ・フォーメン エタニティ・ラブアナ・スイ 香水 ANNA SUI スイ・ドリーム スイ・ラブ ドーリー・ガールイヴ・サンローラン 香水 YVES SAINT LAURENT ベビードール イン・ラブ・アゲイン ジャズ ボディ・クーロス オピウムジバンシー 香水 GIVENCHY ソー・ジバンシー ウルトラマリン グランサンボン オンリー・ジバンシードルチェ＆ガッバーナ 香水 DOLCE&amp;GABBANA By D&amp;G ウーマン By D&amp;G メン D&amp;G プールオム シシリー ライトブルーラルフローレン 香水 RALPH LAUREN ポロ ポロ・スポーツ ポロ・ブルー グラマラス ロマンスニナリッチ 香水 NINA RICCI チェリーファンタジー レール・デュ・タン メモアール・ドム プルミエ・ジュールランコム 香水 LANCOME ミラク・ソー・マジック ミラク ミラク・オム アトラクション ポエムメンズ 香水 レディース 香水テスター 香水 お試し 香水 訳あり 香水楽天スーパーセール 香水 フレグランスお買い物マラソン 楽天 香水 フレグランス【カルバン クライン】シーケーワン ボディスプレー 152gCALVIN KLEIN CK ONE BODY SPRAY【あす楽対応_14時まで】【香水 メンズ レディース 多数取扱中】,カルバン クライン CALVIN KLEIN CK 香水。【カルバン クライン】シーケーワン ボディスプレー 152gCALVIN KLEIN CK ONE BODY SPRAY【あす楽対応_14時まで】【香水 メンズ レディース 多数取扱中】[rn]
15-33222,http://tshop.r10s.jp/wish/cabinet/earth005/weleda_rsmbathmilk20.jpg?fitin=700:700,1440.0000,,美容・コスメ・香水 > ボディケア > その他,【ヴェレダ】　ローズマリー　バスミルク　200ml　【香水 メンズ レディース 多数取扱中】,ヴェレダ,"地中海の太陽をたっぷり浴びて育ったローズマリー。そのクリアな香りが気分をすっきりとさせる入浴剤。半身浴や足浴、手浴などの部分浴にもお勧めです。<BR><BR>《使い方》<BR>
お湯を張った浴槽にキャップ2～3杯程入れ入浴します。<BR>■入浴方法：疲れや緊張が続いた一日の終わりに、ぬるめのお湯を張って20～30分つかります。<BR>
■部分浴には1リットルのお湯に対しキャップ1～2杯程入れてください。<BR><BR>
※ガラス容器に入っていますので浴室でのお取扱いには十分お気をつけください。
<BR><BR><BR>広告文責：株式会社ウィッシュ【03-5287-6923】",【ヴェレダ】　ローズマリー　バスミルク　200ml　【香水 メンズ レディース 多数取扱中】：香水フレグランスPARFUM de EARTH,香水フレグランスPARFUM de EARTH 香水専門店 香水通販母の日　香水　ギフト　香水 通販 激安 香水専門店 送料無料クロエ 香水 Chloe オードパルファム クロエ EDPブルガリ 香水 BVLGARI アクアプールオム オムニア オムニア・クリスタリン ブルー・プールオム ブルー・ノッテシャネル 香水 CHANEL ガーデニア チャンス アリュール アリュール・オムクリスチャン・ディオール 香水 Christian Dior ディオール・ミーノット クリス1947 ピュア・プワゾン デューングッチ 香水 GUCCI エンヴィ エンヴィ・フォーメン ラッシュ ラッシュ・サマー オード・パルファムジバンシー 香水 GIVENCHY ソー・ジバンシー ウルトラマリン グランサンボン オンリー・ジバンシーカルバンクライン 香水 Calvin Klein シーケービー シーケーワン エタニティ エタニティ・フォーメン エタニティ・ラブアナ・スイ 香水 ANNA SUI スイ・ドリーム スイ・ラブ ドーリー・ガールイヴ・サンローラン 香水 YVES SAINT LAURENT ベビードール イン・ラブ・アゲイン ジャズ ボディ・クーロス オピウムジバンシー 香水 GIVENCHY ソー・ジバンシー ウルトラマリン グランサンボン オンリー・ジバンシードルチェ＆ガッバーナ 香水 DOLCE&amp;GABBANA By D&amp;G ウーマン By D&amp;G メン D&amp;G プールオム シシリー ライトブルーラルフローレン 香水 RALPH LAUREN ポロ ポロ・スポーツ ポロ・ブルー グラマラス ロマンスニナリッチ 香水 NINA RICCI チェリーファンタジー レール・デュ・タン メモアール・ドム プルミエ・ジュールランコム 香水 LANCOME ミラク・ソー・マジック ミラク ミラク・オム アトラクション ポエムメンズ 香水 レディース 香水テスター 香水 お試し 香水 訳あり 香水楽天スーパーセール 香水 フレグランスお買い物マラソン 楽天 香水 フレグランス【ヴェレダ】　ローズマリー　バスミルク　200ml　【香水 メンズ レディース 多数取扱中】,ヴェレダ。【ヴェレダ】　ローズマリー　バスミルク　200ml　【香水 メンズ レディース 多数取扱中】[rn]
15-33223,http://tshop.r10s.jp/wish/cabinet/earth005/ke010_0003.jpg?fitin=700:700,1344.0000,,美容・コスメ・香水 > ボディケア > その他,【ケンゾー】ローパ ケンゾー プールオム フレッシュ ボディ スプレイ 150ml Kenzo Leau Par Homme Deodorant【あす楽対応_14時まで】【香水】【香水 メンズ レディース 多数取扱中】,ケンゾー 香水,"for men<br>
「色も香りもない『水』に香りをあたえたなら」というコンセプトから生まれた『ローパケンゾー』。アクア系の先駆けとして、みずみずしく爽やかながら、印象に残るどこか個性的な香りは、20年の歳月が経てもなお、そのフレッシュな魅力をたずさえ愛され続けています。水の魅力を表現した清々しいアクアティックシトラスの香りが自然に広がるボディスプレイ。ライトな香り立ちのためシーンを選ばずにご使用いただけます。 

香調：アクアティック・シトラス トップ：ユズ、スウィートライム、グリーンペッパー
ミドル：ロータスリーフ、アクアティックアコード、フロスティックミント
ラスト：シダーウッド、ホワイトムスク<BR><BR>広告文責：株式会社ウィッシュ【03-5287-6923】",【ケンゾー】ローパ ケンゾー プールオム フレッシュ ボディ スプレイ 150ml Kenzo Leau Par Homme Deodorant【あす楽対応_14時まで】【香水】【香水 メンズ レディース 多数取扱中】：香水フレグランスPARFUM de EARTH,香水フレグランスPARFUM de EARTH 香水専門店 香水通販母の日　香水　ギフト　香水 通販 激安 香水専門店 送料無料クロエ 香水 Chloe オードパルファム クロエ EDPブルガリ 香水 BVLGARI アクアプールオム オムニア オムニア・クリスタリン ブルー・プールオム ブルー・ノッテシャネル 香水 CHANEL ガーデニア チャンス アリュール アリュール・オムクリスチャン・ディオール 香水 Christian Dior ディオール・ミーノット クリス1947 ピュア・プワゾン デューングッチ 香水 GUCCI エンヴィ エンヴィ・フォーメン ラッシュ ラッシュ・サマー オード・パルファムジバンシー 香水 GIVENCHY ソー・ジバンシー ウルトラマリン グランサンボン オンリー・ジバンシーカルバンクライン 香水 Calvin Klein シーケービー シーケーワン エタニティ エタニティ・フォーメン エタニティ・ラブアナ・スイ 香水 ANNA SUI スイ・ドリーム スイ・ラブ ドーリー・ガールイヴ・サンローラン 香水 YVES SAINT LAURENT ベビードール イン・ラブ・アゲイン ジャズ ボディ・クーロス オピウムジバンシー 香水 GIVENCHY ソー・ジバンシー ウルトラマリン グランサンボン オンリー・ジバンシードルチェ＆ガッバーナ 香水 DOLCE&amp;GABBANA By D&amp;G ウーマン By D&amp;G メン D&amp;G プールオム シシリー ライトブルーラルフローレン 香水 RALPH LAUREN ポロ ポロ・スポーツ ポロ・ブルー グラマラス ロマンスニナリッチ 香水 NINA RICCI チェリーファンタジー レール・デュ・タン メモアール・ドム プルミエ・ジュールランコム 香水 LANCOME ミラク・ソー・マジック ミラク ミラク・オム アトラクション ポエムメンズ 香水 レディース 香水テスター 香水 お試し 香水 訳あり 香水楽天スーパーセール 香水 フレグランスお買い物マラソン 楽天 香水 フレグランス【ケンゾー】ローパ ケンゾー プールオム フレッシュ ボディ スプレイ 150ml Kenzo Leau Par Homme Deodorant【あす楽対応_14時まで】【香水】【香水 メンズ レディース 多数取扱中】,ケンゾー 香水。【ケンゾー】ローパ ケンゾー プールオム フレッシュ ボディ スプレイ 150ml Kenzo Leau Par Homme Deodorant【あす楽対応_14時まで】【香水】【香水 メンズ レディース 多数取扱中】[rn]
15-33224,http://tshop.r10s.jp/wish/cabinet/earth005/weleda_lvbathmilk200.jpg?fitin=700:700,1440.0000,,美容・コスメ・香水 > ボディケア > その他,【ヴェレダ】ラベンダー　バスミルク　200ml【香水 メンズ レディース 多数取扱中】,ヴェレダ　バスミルク,"リラックスしたい時に<BR><BR>

ゆったりと休みたい日に<BR>
1日の疲れを癒すバスタイムに<BR><BR>

オーガニックラベンダーが優しく香る入浴剤。<BR>
1日の疲れを癒すバスタイムに、柔らかな香りが全身を包み込みます。<BR>
ゆったりと休みたい時の入浴におすすめです。<BR><BR>《使い方》<BR>
お湯を張った浴槽にキャップ2～3杯程入れ入浴します。<BR>■入浴方法：疲れや緊張が続いた一日の終わりに、ぬるめのお湯を張って20～30分つかります。<BR>
■部分浴には1リットルのお湯に対しキャップ1～2杯程入れてください。<BR><BR>
※ガラス容器に入っていますので浴室でのお取扱いには十分お気をつけください。
<BR><BR><BR>広告文責：株式会社ウィッシュ【03-5287-6923】",【ヴェレダ】ラベンダー　バスミルク　200ml【香水 メンズ レディース 多数取扱中】：香水フレグランスPARFUM de EARTH,香水フレグランスPARFUM de EARTH 香水専門店 香水通販母の日　香水　ギフト　香水 通販 激安 香水専門店 送料無料クロエ 香水 Chloe オードパルファム クロエ EDPブルガリ 香水 BVLGARI アクアプールオム オムニア オムニア・クリスタリン ブルー・プールオム ブルー・ノッテシャネル 香水 CHANEL ガーデニア チャンス アリュール アリュール・オムクリスチャン・ディオール 香水 Christian Dior ディオール・ミーノット クリス1947 ピュア・プワゾン デューングッチ 香水 GUCCI エンヴィ エンヴィ・フォーメン ラッシュ ラッシュ・サマー オード・パルファムジバンシー 香水 GIVENCHY ソー・ジバンシー ウルトラマリン グランサンボン オンリー・ジバンシーカルバンクライン 香水 Calvin Klein シーケービー シーケーワン エタニティ エタニティ・フォーメン エタニティ・ラブアナ・スイ 香水 ANNA SUI スイ・ドリーム スイ・ラブ ドーリー・ガールイヴ・サンローラン 香水 YVES SAINT LAURENT ベビードール イン・ラブ・アゲイン ジャズ ボディ・クーロス オピウムジバンシー 香水 GIVENCHY ソー・ジバンシー ウルトラマリン グランサンボン オンリー・ジバンシードルチェ＆ガッバーナ 香水 DOLCE&amp;GABBANA By D&amp;G ウーマン By D&amp;G メン D&amp;G プールオム シシリー ライトブルーラルフローレン 香水 RALPH LAUREN ポロ ポロ・スポーツ ポロ・ブルー グラマラス ロマンスニナリッチ 香水 NINA RICCI チェリーファンタジー レール・デュ・タン メモアール・ドム プルミエ・ジュールランコム 香水 LANCOME ミラク・ソー・マジック ミラク ミラク・オム アトラクション ポエムメンズ 香水 レディース 香水テスター 香水 お試し 香水 訳あり 香水楽天スーパーセール 香水 フレグランスお買い物マラソン 楽天 香水 フレグランス【ヴェレダ】ラベンダー　バスミルク　200ml【香水 メンズ レディース 多数取扱中】,ヴェレダ　バスミルク。【ヴェレダ】ラベンダー　バスミルク　200ml【香水 メンズ レディース 多数取扱中】[rn]
15-33225,http://tshop.r10s.jp/wish/cabinet/earth2picture/zzsaw30913001.jpg?fitin=700:700,960.0000,,美容・コスメ・香水 > ボディケア > その他,ルディ ナチュール&アロマ　ボディミスト　ローズ　RUDY Nature&Arome SERIES　Body Mist　Rose【香水 メンズ レディース 多数取扱中】,,"<br>サイズ・容量<br>○サイズ:Φ47×H177mm<br>
○内容量:容量 200ml<br>素材・成分<br>変性アルコール、水、香料、PEG-40、水添ヒマシ油、PG、黄4、黄5、赤227<br>生産地イタリア<br>商品説明<br>イタリアより上陸・お手頃価格が魅力のブランドRUDY Nature&Arome SERIES 。<br>≪RUDY Nature&Arome SERIES ルディ ナチュール&アロマ≫<br>
華やかでインパクトのあるパッケージがバスルーム、パウダールームを演出。<br>
イタリアンボディケア&バスアイテムをお手頃価格でお届けします。<br>ミラノの西アッサーゴにあり、100年の歴史を持つ老舗コスメ工場、<br>ルディプロフィーミが日本の家庭にイタリアの太陽と草花の香りを運んできました。<br>1920年から始まり、今では三代目の三人の孫たち、<br>Giorgio(ジョージオ)、Lorenzo(ロレンゾ)、Cristina(クリスティーナ)が<br>それぞれの才能を発揮しながら、昔からの伝統を守りつつ、<br>現代の市場にあった新しい商品を生みだしています。<br>○Body Mist ボディミスト<br>○香り:Rose ローズ<br>注意事項<br> ・掲載されている商品の色は、お使いのPCの環境によって実物と若干異なる場合があります。<br>【使用上の注意】<br>食べ物、飲み物ではありません。<br>傷や湿疹、皮膚炎等の皮膚障害がある場合は悪化させる恐れがありますのでご使用にならないで下さい。<br>使用中にかぶれ、刺激等を感じた場合は使用を中止し、皮膚科専門医等へのご相談をお勧めします。<br>目に入らないようご注意下さい。<br>万が一入ってしまった場合には、ぬるま湯で十分洗い流して下さい。異常が残る時は、眼科医へご相談下さい。<br>高温多湿・直射日光を避け、乳児・ペットの手の届かない所に保管してご使用ください。<br>製造販売元:有限会社三和トレーディング東京都中央区東日本橋2-3-1<br>

<BR><BR>
※ラッピングをご希望される方へ※<br>
箱なし商品のため、包装紙のタイプのラッピングは承る事ができません。<BR>
ラッピングをご希望される方は、ラッピング袋(ビニール製巾着袋)のご注文をお願いいたします。<BR>
<br>
<FONT size=""-1"">ラッピング袋(ビニール製巾着袋)はこちら</FONT><BR><br>",ルディ ナチュール&amp;アロマ　ボディミスト　ローズ　RUDY Nature&amp;Arome SERIES　Body Mist　Rose【香水 メンズ レディース 多数取扱中】：香水フレグランスPARFUM de EARTH,香水フレグランスPARFUM de EARTH 香水専門店 香水通販母の日　香水　ギフト　香水 通販 激安 香水専門店 送料無料クロエ 香水 Chloe オードパルファム クロエ EDPブルガリ 香水 BVLGARI アクアプールオム オムニア オムニア・クリスタリン ブルー・プールオム ブルー・ノッテシャネル 香水 CHANEL ガーデニア チャンス アリュール アリュール・オムクリスチャン・ディオール 香水 Christian Dior ディオール・ミーノット クリス1947 ピュア・プワゾン デューングッチ 香水 GUCCI エンヴィ エンヴィ・フォーメン ラッシュ ラッシュ・サマー オード・パルファムジバンシー 香水 GIVENCHY ソー・ジバンシー ウルトラマリン グランサンボン オンリー・ジバンシーカルバンクライン 香水 Calvin Klein シーケービー シーケーワン エタニティ エタニティ・フォーメン エタニティ・ラブアナ・スイ 香水 ANNA SUI スイ・ドリーム スイ・ラブ ドーリー・ガールイヴ・サンローラン 香水 YVES SAINT LAURENT ベビードール イン・ラブ・アゲイン ジャズ ボディ・クーロス オピウムジバンシー 香水 GIVENCHY ソー・ジバンシー ウルトラマリン グランサンボン オンリー・ジバンシードルチェ＆ガッバーナ 香水 DOLCE&amp;GABBANA By D&amp;G ウーマン By D&amp;G メン D&amp;G プールオム シシリー ライトブルーラルフローレン 香水 RALPH LAUREN ポロ ポロ・スポーツ ポロ・ブルー グラマラス ロマンスニナリッチ 香水 NINA RICCI チェリーファンタジー レール・デュ・タン メモアール・ドム プルミエ・ジュールランコム 香水 LANCOME ミラク・ソー・マジック ミラク ミラク・オム アトラクション ポエムメンズ 香水 レディース 香水テスター 香水 お試し 香水 訳あり 香水楽天スーパーセール 香水 フレグランスお買い物マラソン 楽天 香水 フレグランスルディ ナチュール&amp;アロマ　ボディミスト　ローズ　RUDY Nature&amp;Arome SERIES　Body Mist　Rose【香水 メンズ レディース 多数取扱中】,ルディ ナチュール&amp;アロマ　ボディミスト　ローズ　RUDY Nature&amp;Arome SERIES　Body Mist　Rose【香水 メンズ レディース 多数取扱中】[rn]
15-33226,http://tshop.r10s.jp/wish/cabinet/earth2picture/zzsaw30913002.jpg?fitin=700:700,960.0000,,美容・コスメ・香水 > ボディケア > その他,ルディ ナチュール&アロマ　ボディミスト　ピンクピオニー　RUDY Nature&Arome SERIES　Body Mist  Pink Peony【香水 メンズ レディース 多数取扱中】,,"<br>サイズ・容量○サイズ:Φ47×H177mm
○内容量:容量 200ml素材・成分変性アルコール、水、香料、PEG-40、水添ヒマシ油、PG、赤40、赤227生産地イタリア商品説明イタリアより上陸・お手頃価格が魅力のブランドRUDY Nature&Arome SERIES 。≪RUDY Nature&Arome SERIES ルディ ナチュール&アロマ≫
華やかでインパクトのあるパッケージがバスルーム、パウダールームを演出。
イタリアンボディケア&バスアイテムをお手頃価格でお届けします。ミラノの西アッサーゴにあり、100年の歴史を持つ老舗コスメ工場、ルディプロフィーミが日本の家庭にイタリアの太陽と草花の香りを運んできました。1920年から始まり、今では三代目の三人の孫たち、Giorgio(ジョージオ)、Lorenzo(ロレンゾ)、Cristina(クリスティーナ)がそれぞれの才能を発揮しながら、昔からの伝統を守りつつ、現代の市場にあった新しい商品を生みだしています。○Body Mist ボディミスト○香り:Pink Peony ピンクピオニー注意事項 ・掲載されている商品の色は、お使いのPCの環境によって実物と若干異なる場合があります。【使用上の注意】食べ物、飲み物ではありません。傷や湿疹、皮膚炎等の皮膚障害がある場合は悪化させる恐れがありますのでご使用にならないで下さい。使用中にかぶれ、刺激等を感じた場合は使用を中止し、皮膚科専門医等へのご相談をお勧めします。目に入らないようご注意下さい。万が一入ってしまった場合には、ぬるま湯で十分洗い流して下さい。異常が残る時は、眼科医へご相談下さい。高温多湿・直射日光を避け、乳児・ペットの手の届かない所に保管してご使用ください。製造販売元:有限会社三和トレーディング東京都中央区東日本橋2-3-1

<BR><BR>
※ラッピングをご希望される方へ※<br>
箱なし商品のため、包装紙のタイプのラッピングは承る事ができません。<BR>
ラッピングをご希望される方は、ラッピング袋(ビニール製巾着袋)のご注文をお願いいたします。<BR>
<br>
<FONT size=""-1"">ラッピング袋(ビニール製巾着袋)はこちら</FONT><BR><br>",ルディ ナチュール&amp;アロマ　ボディミスト　ピンクピオニー　RUDY Nature&amp;Arome SERIES　Body Mist  Pink Peony【香水 メンズ レディース 多数取扱中】：香水フレグランスPARFUM de EARTH,香水フレグランスPARFUM de EARTH 香水専門店 香水通販母の日　香水　ギフト　香水 通販 激安 香水専門店 送料無料クロエ 香水 Chloe オードパルファム クロエ EDPブルガリ 香水 BVLGARI アクアプールオム オムニア オムニア・クリスタリン ブルー・プールオム ブルー・ノッテシャネル 香水 CHANEL ガーデニア チャンス アリュール アリュール・オムクリスチャン・ディオール 香水 Christian Dior ディオール・ミーノット クリス1947 ピュア・プワゾン デューングッチ 香水 GUCCI エンヴィ エンヴィ・フォーメン ラッシュ ラッシュ・サマー オード・パルファムジバンシー 香水 GIVENCHY ソー・ジバンシー ウルトラマリン グランサンボン オンリー・ジバンシーカルバンクライン 香水 Calvin Klein シーケービー シーケーワン エタニティ エタニティ・フォーメン エタニティ・ラブアナ・スイ 香水 ANNA SUI スイ・ドリーム スイ・ラブ ドーリー・ガールイヴ・サンローラン 香水 YVES SAINT LAURENT ベビードール イン・ラブ・アゲイン ジャズ ボディ・クーロス オピウムジバンシー 香水 GIVENCHY ソー・ジバンシー ウルトラマリン グランサンボン オンリー・ジバンシードルチェ＆ガッバーナ 香水 DOLCE&amp;GABBANA By D&amp;G ウーマン By D&amp;G メン D&amp;G プールオム シシリー ライトブルーラルフローレン 香水 RALPH LAUREN ポロ ポロ・スポーツ ポロ・ブルー グラマラス ロマンスニナリッチ 香水 NINA RICCI チェリーファンタジー レール・デュ・タン メモアール・ドム プルミエ・ジュールランコム 香水 LANCOME ミラク・ソー・マジック ミラク ミラク・オム アトラクション ポエムメンズ 香水 レディース 香水テスター 香水 お試し 香水 訳あり 香水楽天スーパーセール 香水 フレグランスお買い物マラソン 楽天 香水 フレグランスルディ ナチュール&amp;アロマ　ボディミスト　ピンクピオニー　RUDY Nature&amp;Arome SERIES　Body Mist  Pink Peony【香水 メンズ レディース 多数取扱中】,ルディ ナチュール&amp;アロマ　ボディミスト　ピンクピオニー　RUDY Nature&amp;Arome SERIES　Body Mist  Pink Peony【香水 メンズ レディース 多数取扱中】[rn]
15-33227,http://tshop.r10s.jp/wish/cabinet/earth2picture/zzsaw30913003.jpg?fitin=700:700,960.0000,,美容・コスメ・香水 > ボディケア > その他,ルディ ナチュール&アロマ　ボディミスト　ラベンダー　RUDY Nature&Arome SERIES　Body Mist  Lavender【香水 メンズ レディース 多数取扱中】,,"<br>サイズ・容量<br>○サイズ:Φ47×H177mm<br>
○内容量:容量 200ml<br>素材・成分<br>変性アルコール、水、香料、PEG-40、水添ヒマシ油、PG、青1、赤227<br>生産地イタリア<br>商品説明<br>イタリアより上陸・お手頃価格が魅力のブランドRUDY Nature&Arome SERIES 。<br>≪RUDY Nature&Arome SERIES ルディ ナチュール&アロマ≫<br>
華やかでインパクトのあるパッケージがバスルーム、パウダールームを演出。<br>
イタリアンボディケア&バスアイテムをお手頃価格でお届けします。<br>ミラノの西アッサーゴにあり、100年の歴史を持つ老舗コスメ工場、<br>ルディプロフィーミが日本の家庭にイタリアの太陽と草花の香りを運んできました。<br>1920年から始まり、今では三代目の三人の孫たち、<br>Giorgio(ジョージオ)、Lorenzo(ロレンゾ)、Cristina(クリスティーナ)が<br>それぞれの才能を発揮しながら、昔からの伝統を守りつつ、<br>現代の市場にあった新しい商品を生みだしています。<br>○Body Mist ボディミスト<br>○香り:Lavender ラベンダー<br>注意事項<br> ・掲載されている商品の色は、お使いのPCの環境によって実物と若干異なる場合があります。<br>【使用上の注意】<br>食べ物、飲み物ではありません。<br>傷や湿疹、皮膚炎等の皮膚障害がある場合は<br>悪化させる恐れがありますのでご使用にならないで下さい。<br>使用中にかぶれ、刺激等を感じた場合は使用を中止し、皮膚科専門医等へのご相談をお勧めします。<br>目に入らないようご注意下さい。<br>万が一入ってしまった場合には、ぬるま湯で十分洗い流して下さい。<br>異常が残る時は、眼科医へご相談下さい。<br>高温多湿・直射日光を避け、乳児・ペットの手の届かない所に保管してご使用ください。<br>製造販売元:有限会社三和トレーディング東京都中央区東日本橋2-3-1<br>

<BR><BR>
※ラッピングをご希望される方へ※<br>
箱なし商品のため、包装紙のタイプのラッピングは承る事ができません。<BR>
ラッピングをご希望される方は、ラッピング袋(ビニール製巾着袋)のご注文をお願いいたします。<BR>
<br>
<FONT size=""-1"">ラッピング袋(ビニール製巾着袋)はこちら</FONT><BR><br>",ルディ ナチュール&amp;アロマ　ボディミスト　ラベンダー　RUDY Nature&amp;Arome SERIES　Body Mist  Lavender【香水 メンズ レディース 多数取扱中】：香水フレグランスPARFUM de EARTH,香水フレグランスPARFUM de EARTH 香水専門店 香水通販母の日　香水　ギフト　香水 通販 激安 香水専門店 送料無料クロエ 香水 Chloe オードパルファム クロエ EDPブルガリ 香水 BVLGARI アクアプールオム オムニア オムニア・クリスタリン ブルー・プールオム ブルー・ノッテシャネル 香水 CHANEL ガーデニア チャンス アリュール アリュール・オムクリスチャン・ディオール 香水 Christian Dior ディオール・ミーノット クリス1947 ピュア・プワゾン デューングッチ 香水 GUCCI エンヴィ エンヴィ・フォーメン ラッシュ ラッシュ・サマー オード・パルファムジバンシー 香水 GIVENCHY ソー・ジバンシー ウルトラマリン グランサンボン オンリー・ジバンシーカルバンクライン 香水 Calvin Klein シーケービー シーケーワン エタニティ エタニティ・フォーメン エタニティ・ラブアナ・スイ 香水 ANNA SUI スイ・ドリーム スイ・ラブ ドーリー・ガールイヴ・サンローラン 香水 YVES SAINT LAURENT ベビードール イン・ラブ・アゲイン ジャズ ボディ・クーロス オピウムジバンシー 香水 GIVENCHY ソー・ジバンシー ウルトラマリン グランサンボン オンリー・ジバンシードルチェ＆ガッバーナ 香水 DOLCE&amp;GABBANA By D&amp;G ウーマン By D&amp;G メン D&amp;G プールオム シシリー ライトブルーラルフローレン 香水 RALPH LAUREN ポロ ポロ・スポーツ ポロ・ブルー グラマラス ロマンスニナリッチ 香水 NINA RICCI チェリーファンタジー レール・デュ・タン メモアール・ドム プルミエ・ジュールランコム 香水 LANCOME ミラク・ソー・マジック ミラク ミラク・オム アトラクション ポエムメンズ 香水 レディース 香水テスター 香水 お試し 香水 訳あり 香水楽天スーパーセール 香水 フレグランスお買い物マラソン 楽天 香水 フレグランスルディ ナチュール&amp;アロマ　ボディミスト　ラベンダー　RUDY Nature&amp;Arome SERIES　Body Mist  Lavender【香水 メンズ レディース 多数取扱中】,ルディ ナチュール&amp;アロマ　ボディミスト　ラベンダー　RUDY Nature&amp;Arome SERIES　Body Mist  Lavender【香水 メンズ レディース 多数取扱中】[rn]
15-33228,http://tshop.r10s.jp/wish/cabinet/earth2picture/zzsaw30913004.jpg?fitin=700:700,960.0000,,美容・コスメ・香水 > ボディケア > その他,ルディ ナチュール&アロマ　ボディミスト　ハイビスカス　RUDY Nature&Arome SERIES　Body Mist Hibiscus【香水 メンズ レディース 多数取扱中】,,"<br>サイズ・容量<br>○サイズ:Φ47×H177mm<br>
○内容量:容量 200ml<br>素材・成分<br>変性アルコール、水、香料、PEG-40、水添ヒマシ油、PG、黄4<br>生産地イタリア<br>商品説明<br>イタリアより上陸・お手頃価格が魅力のブランドRUDY Nature&Arome SERIES 。<br>≪RUDY Nature&Arome SERIES ルディ ナチュール&アロマ≫<br>
華やかでインパクトのあるパッケージがバスルーム、パウダールームを演出。<br>
イタリアンボディケア&バスアイテムをお手頃価格でお届けします。<br>ミラノの西アッサーゴにあり、100年の歴史を持つ老舗コスメ工場、<br>ルディプロフィーミが日本の家庭にイタリアの太陽と草花の香りを運んできました。<br>1920年から始まり、今では三代目の三人の孫たち、<br>Giorgio(ジョージオ)、Lorenzo(ロレンゾ)、Cristina(クリスティーナ)が<br>それぞれの才能を発揮しながら、昔からの伝統を守りつつ、<br>現代の市場にあった新しい商品を生みだしています。<br>○Body Mist ボディミスト<br>○香り:Hibiscus ハイビスカス<br>注意事項 <br>・掲載されている商品の色は、お使いのPCの環境によって実物と若干異なる場合があります。<br>【使用上の注意】<br>食べ物、飲み物ではありません。<br>傷や湿疹、皮膚炎等の皮膚障害がある場合は悪化させる恐れがありますのでご使用にならないで下さい。<br>使用中にかぶれ、刺激等を感じた場合は使用を中止し、<br>皮膚科専門医等へのご相談をお勧めします。<br>目に入らないようご注意下さい。<br>万が一入ってしまった場合には、ぬるま湯で十分洗い流して下さい。<br>異常が残る時は、眼科医へご相談下さい。<br>高温多湿・直射日光を避け、乳児・ペットの手の届かない所に保管してご使用ください。<br>製造販売元:有限会社三和トレーディング東京都中央区東日本橋2-3-1<br>

<BR><BR>
※ラッピングをご希望される方へ※<br>
箱なし商品のため、包装紙のタイプのラッピングは承る事ができません。<BR>
ラッピングをご希望される方は、ラッピング袋(ビニール製巾着袋)のご注文をお願いいたします。<BR>
<br>
<FONT size=""-1"">ラッピング袋(ビニール製巾着袋)はこちら</FONT><BR><br>",ルディ ナチュール&amp;アロマ　ボディミスト　ハイビスカス　RUDY Nature&amp;Arome SERIES　Body Mist Hibiscus【香水 メンズ レディース 多数取扱中】：香水フレグランスPARFUM de EARTH,香水フレグランスPARFUM de EARTH 香水専門店 香水通販母の日　香水　ギフト　香水 通販 激安 香水専門店 送料無料クロエ 香水 Chloe オードパルファム クロエ EDPブルガリ 香水 BVLGARI アクアプールオム オムニア オムニア・クリスタリン ブルー・プールオム ブルー・ノッテシャネル 香水 CHANEL ガーデニア チャンス アリュール アリュール・オムクリスチャン・ディオール 香水 Christian Dior ディオール・ミーノット クリス1947 ピュア・プワゾン デューングッチ 香水 GUCCI エンヴィ エンヴィ・フォーメン ラッシュ ラッシュ・サマー オード・パルファムジバンシー 香水 GIVENCHY ソー・ジバンシー ウルトラマリン グランサンボン オンリー・ジバンシーカルバンクライン 香水 Calvin Klein シーケービー シーケーワン エタニティ エタニティ・フォーメン エタニティ・ラブアナ・スイ 香水 ANNA SUI スイ・ドリーム スイ・ラブ ドーリー・ガールイヴ・サンローラン 香水 YVES SAINT LAURENT ベビードール イン・ラブ・アゲイン ジャズ ボディ・クーロス オピウムジバンシー 香水 GIVENCHY ソー・ジバンシー ウルトラマリン グランサンボン オンリー・ジバンシードルチェ＆ガッバーナ 香水 DOLCE&amp;GABBANA By D&amp;G ウーマン By D&amp;G メン D&amp;G プールオム シシリー ライトブルーラルフローレン 香水 RALPH LAUREN ポロ ポロ・スポーツ ポロ・ブルー グラマラス ロマンスニナリッチ 香水 NINA RICCI チェリーファンタジー レール・デュ・タン メモアール・ドム プルミエ・ジュールランコム 香水 LANCOME ミラク・ソー・マジック ミラク ミラク・オム アトラクション ポエムメンズ 香水 レディース 香水テスター 香水 お試し 香水 訳あり 香水楽天スーパーセール 香水 フレグランスお買い物マラソン 楽天 香水 フレグランスルディ ナチュール&amp;アロマ　ボディミスト　ハイビスカス　RUDY Nature&amp;Arome SERIES　Body Mist Hibiscus【香水 メンズ レディース 多数取扱中】,ルディ ナチュール&amp;アロマ　ボディミスト　ハイビスカス　RUDY Nature&amp;Arome SERIES　Body Mist Hibiscus【香水 メンズ レディース 多数取扱中】[rn]
15-33229,http://tshop.r10s.jp/wish/cabinet/earth2picture/zzsaw30913005.jpg?fitin=700:700,784.0000,,美容・コスメ・香水 > ボディケア > その他,《アウトレット》ルディ ナチュール&アロマ　ボディミスト オレンジブロッサム　RUDY Nature&Arome SERIES　Body Mist Orange Blossom【香水 メンズ レディース 多数取扱中】,,"<br><br>サイズ・容量<br>○サイズ:Φ47×H177mm<br>
○内容量:容量 200ml<br>素材・成分<br>変性アルコール、水、香料、PEG-40、水添ヒマシ油、PG、赤504、黄4、黄5<br>生産地イタリア<br>商品説明<br>イタリアより上陸・お手頃価格が魅力のブランドRUDY Nature&Arome SERIES。<br>≪RUDY Nature&Arome SERIES ルディ ナチュール&アロマ≫<br>
華やかでインパクトのあるパッケージがバスルーム、パウダールームを演出。<br>
イタリアンボディケア&バスアイテムをお手頃価格でお届けします。<br>ミラノの西アッサーゴにあり、100年の歴史を持つ老舗コスメ工場、<br>ルディプロフィーミが日本の家庭にイタリアの太陽と草花の香りを運んできました。<br>1920年から始まり、今では三代目の三人の孫たち、<br>Giorgio(ジョージオ)、Lorenzo(ロレンゾ)、Cristina(クリスティーナ)が<br>それぞれの才能を発揮しながら、昔からの伝統を守りつつ、<br>現代の市場にあった新しい商品を生みだしています。<br>○Body Mist ボディミスト<br>○香り:Orange Blossom オレンジブロッサム<br>注意事項<br> ・掲載されている商品の色は、お使いのPCの環境によって実物と若干異なる場合があります。<br>【使用上の注意】<br>食べ物、飲み物ではありません。<br>傷や湿疹、皮膚炎等の皮膚障害がある場合は悪化させる恐れがありますのでご使用にならないで下さい。<br>使用中にかぶれ、刺激等を感じた場合は使用を中止し、皮膚科専門医等へのご相談をお勧めします。<br>目に入らないようご注意下さい。<br>万が一入ってしまった場合には、ぬるま湯で十分洗い流して下さい。<br>異常が残る時は、眼科医へご相談下さい。<br>高温多湿・直射日光を避け、乳児・ペットの手の届かない所に保管してご使用ください。<br>製造販売元:有限会社三和トレーディング東京都中央区東日本橋2-3-1<br>

<BR><BR>
※ラッピングをご希望される方へ※<br>
箱なし商品のため、包装紙のタイプのラッピングは承る事ができません。<BR>
ラッピングをご希望される方は、ラッピング袋(ビニール製巾着袋)のご注文をお願いいたします。<BR>
<br>
<FONT size=""-1"">ラッピング袋(ビニール製巾着袋)はこちら</FONT><BR><br>",《アウトレット》ルディ ナチュール&amp;アロマ　ボディミスト オレンジブロッサム　RUDY Nature&amp;Arome SERIES　Body Mist Orange Blossom【香水 メンズ レディース 多数取扱中】：香水フレグランスPARFUM de EARTH,香水フレグランスPARFUM de EARTH 香水専門店 香水通販母の日　香水　ギフト　香水 通販 激安 香水専門店 送料無料クロエ 香水 Chloe オードパルファム クロエ EDPブルガリ 香水 BVLGARI アクアプールオム オムニア オムニア・クリスタリン ブルー・プールオム ブルー・ノッテシャネル 香水 CHANEL ガーデニア チャンス アリュール アリュール・オムクリスチャン・ディオール 香水 Christian Dior ディオール・ミーノット クリス1947 ピュア・プワゾン デューングッチ 香水 GUCCI エンヴィ エンヴィ・フォーメン ラッシュ ラッシュ・サマー オード・パルファムジバンシー 香水 GIVENCHY ソー・ジバンシー ウルトラマリン グランサンボン オンリー・ジバンシーカルバンクライン 香水 Calvin Klein シーケービー シーケーワン エタニティ エタニティ・フォーメン エタニティ・ラブアナ・スイ 香水 ANNA SUI スイ・ドリーム スイ・ラブ ドーリー・ガールイヴ・サンローラン 香水 YVES SAINT LAURENT ベビードール イン・ラブ・アゲイン ジャズ ボディ・クーロス オピウムジバンシー 香水 GIVENCHY ソー・ジバンシー ウルトラマリン グランサンボン オンリー・ジバンシードルチェ＆ガッバーナ 香水 DOLCE&amp;GABBANA By D&amp;G ウーマン By D&amp;G メン D&amp;G プールオム シシリー ライトブルーラルフローレン 香水 RALPH LAUREN ポロ ポロ・スポーツ ポロ・ブルー グラマラス ロマンスニナリッチ 香水 NINA RICCI チェリーファンタジー レール・デュ・タン メモアール・ドム プルミエ・ジュールランコム 香水 LANCOME ミラク・ソー・マジック ミラク ミラク・オム アトラクション ポエムメンズ 香水 レディース 香水テスター 香水 お試し 香水 訳あり 香水楽天スーパーセール 香水 フレグランスお買い物マラソン 楽天 香水 フレグランス《アウトレット》ルディ ナチュール&amp;アロマ　ボディミスト オレンジブロッサム　RUDY Nature&amp;Arome SERIES　Body Mist Orange Blossom【香水 メンズ レディース 多数取扱中】,《アウトレット》ルディ ナチュール&amp;アロマ　ボディミスト オレンジブロッサム　RUDY Nature&amp;Arome SERIES　Body Mist Orange Blossom【香水 メンズ レディース 多数取扱中】[rn]
15-33230,http://tshop.r10s.jp/wish/cabinet/earth2picture/zzsaw30913006.jpg?fitin=700:700,960.0000,,美容・コスメ・香水 > ボディケア > その他,ルディ ナチュール&アロマ　ボディミスト　マグノリア　RUDY Nature&Arome SERIES　Body Mist Magnolia【香水 メンズ レディース 多数取扱中】,,"<br>サイズ・容量○サイズ:Φ47×H177mm
○内容量:容量 200ml素材・成分変性アルコール、水、香料、PEG-40、水添ヒマシ油、PG、黄4、青1生産地イタリア商品説明イタリアより上陸・お手頃価格が魅力のブランドRUDY Nature&Arome SERIES 。≪RUDY Nature&Arome SERIES ルディ ナチュール&アロマ≫
華やかでインパクトのあるパッケージがバスルーム、パウダールームを演出。
イタリアンボディケア&バスアイテムをお手頃価格でお届けします。ミラノの西アッサーゴにあり、100年の歴史を持つ老舗コスメ工場、ルディプロフィーミが日本の家庭にイタリアの太陽と草花の香りを運んできました。1920年から始まり、今では三代目の三人の孫たち、Giorgio(ジョージオ)、Lorenzo(ロレンゾ)、Cristina(クリスティーナ)がそれぞれの才能を発揮しながら、昔からの伝統を守りつつ、現代の市場にあった新しい商品を生みだしています。○Body Mist ボディミスト○香り:Magnolia マグノリア注意事項 ・掲載されている商品の色は、お使いのPCの環境によって実物と若干異なる場合があります。【使用上の注意】食べ物、飲み物ではありません。傷や湿疹、皮膚炎等の皮膚障害がある場合は悪化させる恐れがありますのでご使用にならないで下さい。使用中にかぶれ、刺激等を感じた場合は使用を中止し、皮膚科専門医等へのご相談をお勧めします。目に入らないようご注意下さい。万が一入ってしまった場合には、ぬるま湯で十分洗い流して下さい。異常が残る時は、眼科医へご相談下さい。高温多湿・直射日光を避け、乳児・ペットの手の届かない所に保管してご使用ください。製造販売元:有限会社三和トレーディング東京都中央区東日本橋2-3-1

<BR><BR>
※ラッピングをご希望される方へ※<br>
箱なし商品のため、包装紙のタイプのラッピングは承る事ができません。<BR>
ラッピングをご希望される方は、ラッピング袋(ビニール製巾着袋)のご注文をお願いいたします。<BR>
<br>
<FONT size=""-1"">ラッピング袋(ビニール製巾着袋)はこちら</FONT><BR><br>",ルディ ナチュール&amp;アロマ　ボディミスト　マグノリア　RUDY Nature&amp;Arome SERIES　Body Mist Magnolia【香水 メンズ レディース 多数取扱中】：香水フレグランスPARFUM de EARTH,香水フレグランスPARFUM de EARTH 香水専門店 香水通販母の日　香水　ギフト　香水 通販 激安 香水専門店 送料無料クロエ 香水 Chloe オードパルファム クロエ EDPブルガリ 香水 BVLGARI アクアプールオム オムニア オムニア・クリスタリン ブルー・プールオム ブルー・ノッテシャネル 香水 CHANEL ガーデニア チャンス アリュール アリュール・オムクリスチャン・ディオール 香水 Christian Dior ディオール・ミーノット クリス1947 ピュア・プワゾン デューングッチ 香水 GUCCI エンヴィ エンヴィ・フォーメン ラッシュ ラッシュ・サマー オード・パルファムジバンシー 香水 GIVENCHY ソー・ジバンシー ウルトラマリン グランサンボン オンリー・ジバンシーカルバンクライン 香水 Calvin Klein シーケービー シーケーワン エタニティ エタニティ・フォーメン エタニティ・ラブアナ・スイ 香水 ANNA SUI スイ・ドリーム スイ・ラブ ドーリー・ガールイヴ・サンローラン 香水 YVES SAINT LAURENT ベビードール イン・ラブ・アゲイン ジャズ ボディ・クーロス オピウムジバンシー 香水 GIVENCHY ソー・ジバンシー ウルトラマリン グランサンボン オンリー・ジバンシードルチェ＆ガッバーナ 香水 DOLCE&amp;GABBANA By D&amp;G ウーマン By D&amp;G メン D&amp;G プールオム シシリー ライトブルーラルフローレン 香水 RALPH LAUREN ポロ ポロ・スポーツ ポロ・ブルー グラマラス ロマンスニナリッチ 香水 NINA RICCI チェリーファンタジー レール・デュ・タン メモアール・ドム プルミエ・ジュールランコム 香水 LANCOME ミラク・ソー・マジック ミラク ミラク・オム アトラクション ポエムメンズ 香水 レディース 香水テスター 香水 お試し 香水 訳あり 香水楽天スーパーセール 香水 フレグランスお買い物マラソン 楽天 香水 フレグランスルディ ナチュール&amp;アロマ　ボディミスト　マグノリア　RUDY Nature&amp;Arome SERIES　Body Mist Magnolia【香水 メンズ レディース 多数取扱中】,ルディ ナチュール&amp;アロマ　ボディミスト　マグノリア　RUDY Nature&amp;Arome SERIES　Body Mist Magnolia【香水 メンズ レディース 多数取扱中】[rn]
15-33231,http://tshop.r10s.jp/belmo/cabinet/img345/fr4549196001218.jpg?fitin=700:700,1188.8000,,美容・コスメ・香水 > ボディケア > その他,【アクアシャボン】 アクアシャボン ボディアロマジェリ― ホワイトコットンの香り 200ml 【化粧品・コスメ:ボディケア:全身用:美容液・ジェル】【アクアシャボン ボディアロマジェリー】【AQUA SAVON AQUA SAVON BODY AROMA JELLY WHITE COTTON】,　,<img src=http://www.rakuten.ne.jp/gold/belmo/images/common/det_title1.gif width=100%><br>●肌にひんやり気持ちいい清涼感を与えるソルビトールを配合。ノンメントール処方でお肌を優しくケア。<br>●お肌のうるおいを守る天然由来生コラーゲン配合。さらっとした付け心地のジェルでツヤ肌キープ。<br>●シャボンの香りにアロマ成分配合。爽やかな香りで気持ちもケア。<br><br><img src=http://www.rakuten.ne.jp/gold/belmo/images/common/det_title3.gif width=100%><br>●化粧品がお肌に合わない時はご使用を中止して下さい。また、使用中、使用後に赤味、はれ、かゆみ、刺激等の異常が現れた場合は、皮膚科専門医にご相談下さい。そのままご使用を続けますと症状を悪化させる事があります。<br>●傷やはれもの湿しん等異常のある部位にはお使いにならないで下さい。<br>●目に入った時は、こすらずに、すぐに水かぬるま湯で洗い流して下さい。すすいでも目に違和感が残る場合は眼科医にご相談下さい。<br>●ご使用後は必ずふたを閉めて下さい。<br>●キャップ、ポンプの部位だけを持って移動するとはずれる事がありますので、移動時は本体をお持ち下さい。<br>●容器の取扱いには十分気をつけて下さい。<br>●中身の出し戻しは変質の原因になりますのでお止め下さい。<br><br><img src=http://www.rakuten.ne.jp/gold/belmo/images/common/det_title4.gif width=100%><br>●乳幼児の手の届かないところに保管してください。<br>●極端に高温または低温の場所、直射日光の当たる場所には保管しないでください。<br>●使用後は必ずキャップをしっかりと閉めてください。<br><br><br><br>[メーカーまたは輸入元]アクアシャボン<br>[区分] 日本製 化粧品(化粧品・コスメ：ボディケア)<br>[広告文責] 株式会社ベルモ TEL：042-767-2722<br><br><br><br><font size=2 color=cccccc>[second]</font>,【アクアシャボン】 アクアシャボン ボディアロマジェリ&mdash; ホワイトコットンの香り 200ml 【化粧品・コスメ:ボディケア:全身用:美容液・ジェル】【アクアシャボン ボディアロマジェリー】【AQUA SAVON AQUA SAVON BODY AROMA JELLY WHITE COTTON】：ビューティーファクトリー：ベルモ,香水フレグランス化粧品コスメブルガリクロエグッチエスカーダスキンケアランコムヘアケアスポーツキッチン玩具健康食品日用品サプリ雑貨アロマ送料無料クーポンポイント【アクアシャボン】 アクアシャボン ボディアロマジェリ&mdash; ホワイトコットンの香り 200ml 【化粧品・コスメ:ボディケア:全身用:美容液・ジェル】【アクアシャボン ボディアロマジェリー】【AQUA SAVON AQUA SAVON BODY AROMA JELLY WHITE COTTON】,　。【アクアシャボン】 アクアシャボン ボディアロマジェリ&mdash; ホワイトコットンの香り 200ml 【化粧品・コスメ:ボディケア:全身用:美容液・ジェル】【アクアシャボン ボディアロマジェリー】【AQUA SAVON AQUA SAVON BODY AROMA JELLY WHITE COTTON】[rn]
15-33232,http://tshop.r10s.jp/belmo/cabinet/img153/co4902135351742.jpg?fitin=700:700,44.0000,,美容・コスメ・香水 > ボディケア > その他,【最大500円OFFクーポン4/14 10:00～4/19 09:59】 ファーファ Spa アクアティックミント 30g 【NSファーファ・ジャパン: 化粧品・コスメ ボディケア 入浴料・シャワージェル】【NS FAFA JAPAN】,　,"<iframe 　　　="""" src=""http://www.rakuten.ne.jp/gold/belmo/common/spbnr.html"" width=""100%"" scrolling=""no"" frameborder=""0"" marginheight=""0"" marginwidth=""0""></iframe 　><br><img src=http://www.rakuten.ne.jp/gold/belmo/images/common/det_title1.gif width=100%><br>“アルカリ温浴でお肌すべすべ、さっぱり入浴感”<br><br>本品は、メントール（ひんやり成分）と、スペアミント油（保湿成分）配合した、入浴剤です。<br><br>アイスランドブルーをイメージしたアクアティックミントの香りです。<br><br><img src=http://www.rakuten.ne.jp/gold/belmo/images/common/det_title2.gif width=100%><br>●浴槽の湯（150-200L）に1包（30g）を入れよくかきまぜて溶かしてから入浴してください。<br><br><img src=http://www.rakuten.ne.jp/gold/belmo/images/common/det_title3.gif width=100%><br>●皮膚あるいは体質に異常がある場合は医師に相談の上ご使用ください。<br>●使用中または使用後、皮膚に発疹、発赤、かゆみ、刺激感等の異常が現れた場合は使用を中止し、医師にご相談ください。<br>●本品が誤って目に入った場合、また顔や皮膚に付着した場合は、十分に清水で洗い流し、異常があれば医師の診療を受けてください。<br>●本品は食べられません。<br>●万一飲み込んだ場合は水を飲ませる等の処置を行ってください。<br>●他の入浴剤との併用はお避けください。<br>●入浴以外の用途には使わないでください。<br>●粉が肌に触れないように溶かしてください。反応熱で熱くなります。<br>●開封後はすぐにお使いください。<br>●浴槽・風呂釜をいためるイオウは入っていません。<br>●天然大理石、人工大理石、木製の浴槽、24時間風呂、ジェットバスには使用をお避けください。<br>●水の硬度が高い地域では、翌日浴槽の底が白く濁ることがありますが品質には問題ありません。このような場合にはよくすすぎ洗いをしてください。<br>●すすぎやつけおき洗い、おしゃれ着洗い用洗剤を使う時、水洗いができる衣類のうち、おろしたてのもの、衣類取扱い絵表示が「中性」のものを洗う時は、清水をお使いください。<br>●残り湯を植物にかけると影響が出る可能性がありますので、使わないでください。<br><br><img src=http://www.rakuten.ne.jp/gold/belmo/images/common/det_title4.gif width=100%><br>●幼児の手の届かないところに保管してください。<br>●直射日光を避け、涼しいところに保管してください。<br><br><br><br>[メーカーまたは輸入元] NSファーファ・ジャパン<br>[区分] 化粧品(化粧品・コスメ：ボディケア)<br>[広告文責] 株式会社ベルモ TEL：042-767-2722<br><br><img src=http://www.rakuten.ne.jp/gold/belmo/images/common/sptap.png width=100%><br><img src=http://image.rakuten.co.jp/belmo/cabinet/orderinfo_zaikoari.jpg width=80%>",【最大500円OFFクーポン4/14 10:00～4/19 09:59】 ファーファ Spa アクアティックミント 30g 【NSファーファ・ジャパン: 化粧品・コスメ ボディケア 入浴料・シャワージェル】【NS FAFA JAPAN】：ビューティーファクトリー：ベルモ,香水フレグランス化粧品コスメブルガリクロエグッチエスカーダスキンケアランコムヘアケアスポーツキッチン玩具健康食品日用品サプリ雑貨アロマ送料無料クーポンポイント【最大500円OFFクーポン4/14 10:00～4/19 09:59】 ファーファ Spa アクアティックミント 30g 【NSファーファ・ジャパン: 化粧品・コスメ ボディケア 入浴料・シャワージェル】【NS FAFA JAPAN】,　。【最大500円OFFクーポン4/14 10:00～4/19 09:59】 ファーファ Spa アクアティックミント 30g 【NSファーファ・ジャパン: 化粧品・コスメ ボディケア 入浴料・シャワージェル】【NS FAFA JAPAN】[rn]
15-33233,http://tshop.r10s.jp/beautyfive/cabinet/img153/co4902135351742.jpg?fitin=700:700,44.0000,,美容・コスメ・香水 > ボディケア > その他,【最大500円OFFクーポン4/14 10:00～4/19 09:59】 ファーファ Spa アクアティックミント 30g 【NSファーファ・ジャパン: 化粧品・コスメ ボディケア 入浴料・シャワージェル】【NS FAFA JAPAN】,　,"<iframe 　　　="""" src=""http://www.rakuten.ne.jp/gold/beautyfive/common/spbnr.html"" width=""100%"" scrolling=""no"" frameborder=""0"" marginheight=""0"" marginwidth=""0""></iframe 　><br><img src=http://www.rakuten.ne.jp/gold/beautyfive/images/common/det_title1.gif width=100%><br>“アルカリ温浴でお肌すべすべ、さっぱり入浴感”<br><br>本品は、メントール（ひんやり成分）と、スペアミント油（保湿成分）配合した、入浴剤です。<br><br>アイスランドブルーをイメージしたアクアティックミントの香りです。<br><br><img src=http://www.rakuten.ne.jp/gold/beautyfive/images/common/det_title2.gif width=100%><br>●浴槽の湯（150-200L）に1包（30g）を入れよくかきまぜて溶かしてから入浴してください。<br><br><img src=http://www.rakuten.ne.jp/gold/beautyfive/images/common/det_title3.gif width=100%><br>●皮膚あるいは体質に異常がある場合は医師に相談の上ご使用ください。<br>●使用中または使用後、皮膚に発疹、発赤、かゆみ、刺激感等の異常が現れた場合は使用を中止し、医師にご相談ください。<br>●本品が誤って目に入った場合、また顔や皮膚に付着した場合は、十分に清水で洗い流し、異常があれば医師の診療を受けてください。<br>●本品は食べられません。<br>●万一飲み込んだ場合は水を飲ませる等の処置を行ってください。<br>●他の入浴剤との併用はお避けください。<br>●入浴以外の用途には使わないでください。<br>●粉が肌に触れないように溶かしてください。反応熱で熱くなります。<br>●開封後はすぐにお使いください。<br>●浴槽・風呂釜をいためるイオウは入っていません。<br>●天然大理石、人工大理石、木製の浴槽、24時間風呂、ジェットバスには使用をお避けください。<br>●水の硬度が高い地域では、翌日浴槽の底が白く濁ることがありますが品質には問題ありません。このような場合にはよくすすぎ洗いをしてください。<br>●すすぎやつけおき洗い、おしゃれ着洗い用洗剤を使う時、水洗いができる衣類のうち、おろしたてのもの、衣類取扱い絵表示が「中性」のものを洗う時は、清水をお使いください。<br>●残り湯を植物にかけると影響が出る可能性がありますので、使わないでください。<br><br><img src=http://www.rakuten.ne.jp/gold/beautyfive/images/common/det_title4.gif width=100%><br>●幼児の手の届かないところに保管してください。<br>●直射日光を避け、涼しいところに保管してください。<br><br><br><br>[メーカーまたは輸入元] NSファーファ・ジャパン<br>[区分] 化粧品(化粧品・コスメ：ボディケア)<br>[広告文責] 有限会社ビューティーファイブ TEL：042-767-2790<br><br><img src=http://www.rakuten.ne.jp/gold/beautyfive/images/common/sptap.png width=100%><br><img src=http://image.rakuten.co.jp/beautyfive/cabinet/orderinfo_zaikoari.jpg width=80%>",【最大500円OFFクーポン4/14 10:00～4/19 09:59】 ファーファ Spa アクアティックミント 30g 【NSファーファ・ジャパン: 化粧品・コスメ ボディケア 入浴料・シャワージェル】【NS FAFA JAPAN】：ビューティーファイブ,香水アロマフレグランスアロマテラピーBVLGARICHANELGUCCIESCADACHLOELANCOMECLINIQUEDIORARAMISANNA SUIGIVENCHYケラスターゼアジュバンiphoneサプリメント雑貨【最大500円OFFクーポン4/14 10:00～4/19 09:59】 ファーファ Spa アクアティックミント 30g 【NSファーファ・ジャパン: 化粧品・コスメ ボディケア 入浴料・シャワージェル】【NS FAFA JAPAN】,　。【最大500円OFFクーポン4/14 10:00～4/19 09:59】 ファーファ Spa アクアティックミント 30g 【NSファーファ・ジャパン: 化粧品・コスメ ボディケア 入浴料・シャワージェル】【NS FAFA JAPAN】[rn]
15-33234,http://tshop.r10s.jp/barber-bi/cabinet/01540775/01798076/img57414516.jpg?fitin=700:700,733.6000,,美容・コスメ・香水 > ボディケア > その他,シーランド SEA LAND ハーブバランス 全身爽快リフレッシュ 薬用ローション 340ml（12オンス）【HLS_DU】【10P27May16】【コンビニ受取対応商品】,,,シーランド SEA LAND ハーブバランス 全身爽快リフレッシュ 薬用ローション 340ml（12オンス）【HLS_DU】【10P27May16】【コンビニ受取対応商品】：千客万来BARBER美,シーランド SEA LAND ハーブバランス 全身爽快リフレッシュ 薬用ローション 340ml（12オンス）【HLS_DU】【10P27May16】【コンビニ受取対応商品】,シーランド SEA LAND ハーブバランス 全身爽快リフレッシュ 薬用ローション 340ml（12オンス）【HLS_DU】【10P27May16】【コンビニ受取対応商品】[rn]
15-33235,http://tshop.r10s.jp/barber-bi/cabinet/03140378/jinno03/img64205375.jpg?fitin=700:700,734.4000,,美容・コスメ・香水 > ボディケア > その他,「数量限定!!」ミニドラム(71ml)付き♪ SEALAND(シーランド)ハーブバランス 全身爽快リフレッシュ 薬用ローション 340ml (12オンス)【HLS_DU】【10P27May16】【コンビニ受取対応商品】,ボディローション/アフターシェーブローション/クール,"全身爽快リフレッシュ・薬用ローション<br>
体にやさしいハーブバランス<br><br>
《配合成分》エタノール、カンフル、安息香酸、香料(メントール・ハッカ油・ユーカリ油・チョウジ油・オイノゲール)、水酸化ナトリウム<br><br>
※お肌に合わない場時は、ご使用をおやめ下さい。",「数量限定!!」ミニドラム(71ml)付き♪ SEALAND(シーランド)ハーブバランス 全身爽快リフレッシュ 薬用ローション 340ml (12オンス)【HLS_DU】【10P27May16】【コンビニ受取対応商品】：千客万来BARBER美,「数量限定!!」ミニドラム(71ml)付き♪ SEALAND(シーランド)ハーブバランス 全身爽快リフレッシュ 薬用ローション 340ml (12オンス)【HLS_DU】【10P27May16】【コンビニ受取対応商品】,ボディローション/アフターシェーブローション/クール。「数量限定!!」ミニドラム(71ml)付き♪ SEALAND(シーランド)ハーブバランス 全身爽快リフレッシュ 薬用ローション 340ml (12オンス)【HLS_DU】【10P27May16】【コンビニ受取対応商品】[rn]
15-33236,http://tshop.r10s.jp/barber-bi/cabinet/01540775/01798076/img57414518.jpg?fitin=700:700,7430.4000,,美容・コスメ・香水 > ボディケア > その他,【送料無料】シーランド SEA LAND ハーブバランス 全身爽快リフレッシュ 薬用ローション ガロン 3800ml【HLS_DU】【10P27May16】【コンビニ受取対応商品】,,,【送料無料】シーランド SEA LAND ハーブバランス 全身爽快リフレッシュ 薬用ローション ガロン 3800ml【HLS_DU】【10P27May16】【コンビニ受取対応商品】：千客万来BARBER美,【送料無料】シーランド SEA LAND ハーブバランス 全身爽快リフレッシュ 薬用ローション ガロン 3800ml【HLS_DU】【10P27May16】【コンビニ受取対応商品】,【送料無料】シーランド SEA LAND ハーブバランス 全身爽快リフレッシュ 薬用ローション ガロン 3800ml【HLS_DU】【10P27May16】【コンビニ受取対応商品】[rn]
15-33237,http://tshop.r10s.jp/barber-bi/cabinet/01540775/01798076/img57414517.jpg?fitin=700:700,2246.4000,,美容・コスメ・香水 > ボディケア > その他,【2つで送料無料】シーランド SEA LAND ハーブバランス 全身爽快リフレッシュ 薬用ローション ドラム 1000ml【HLS_DU】【10P27May16】【コンビニ受取対応商品】,,,【2つで送料無料】シーランド SEA LAND ハーブバランス 全身爽快リフレッシュ 薬用ローション ドラム 1000ml【HLS_DU】【10P27May16】【コンビニ受取対応商品】：千客万来BARBER美,【2つで送料無料】シーランド SEA LAND ハーブバランス 全身爽快リフレッシュ 薬用ローション ドラム 1000ml【HLS_DU】【10P27May16】【コンビニ受取対応商品】,【2つで送料無料】シーランド SEA LAND ハーブバランス 全身爽快リフレッシュ 薬用ローション ドラム 1000ml【HLS_DU】【10P27May16】【コンビニ受取対応商品】[rn]
15-33238,http://tshop.r10s.jp/barber-bi/cabinet/01540775/nakano2/01643288/img56809863.jpg?fitin=700:700,2073.6000,,美容・コスメ・香水 > ボディケア > その他,JP コロニア アロマ ハンドコロン 1000ml 《ラベンダー》 業務用[No.8613] 香り・保湿・清潔 手にやさしいハンドコロン ほのかに香る美しく潤いのある手に 【HLS_DU】【10P27May16】【コンビニ受取対応商品】,JP COLONIA/ラモコスインターナショナル/創香工房/フレグランス,,JP コロニア アロマ ハンドコロン 1000ml 《ラベンダー》 業務用[No.8613] 香り・保湿・清潔 手にやさしいハンドコロン ほのかに香る美しく潤いのある手に 【HLS_DU】【10P27May16】【コンビニ受取対応商品】：千客万来BARBER美,JP コロニア アロマ ハンドコロン 1000ml 《ラベンダー》 業務用[No.8613] 香り・保湿・清潔 手にやさしいハンドコロン ほのかに香る美しく潤いのある手に 【HLS_DU】【10P27May16】【コンビニ受取対応商品】,JP COLONIA/ラモコスインターナショナル/創香工房/フレグランス。JP コロニア アロマ ハンドコロン 1000ml 《ラベンダー》 業務用[No.8613] 香り・保湿・清潔 手にやさしいハンドコロン ほのかに香る美しく潤いのある手に 【HLS_DU】【10P27May16】【コンビニ受取対応商品】[rn]
15-33239,http://tshop.r10s.jp/viporte/cabinet/cosme5/cteset.jpg?fitin=700:700,1584.0000,,美容・コスメ・香水 > ボディケア > その他,クラブツリー＆イヴリン ギフト セット　(ローズウォーター  シャワージェル&ボディローションセット) LONDON CRABTREE&EVELYN Crabtree & Evelyn Gift Set　(Rose Water Shower Gel & Body Lotion Set),ローズウォーターのシャワージェル＆ボディローション。,"【商品説明】 
ローズウォーターのシャワージェル＆ボディローション。

○バス＆シャワージェル〓豊かな泡立ちのバスジェルは、朝のシャワータイムや、夜のバブルバスとしてもご使用いただけます。保湿成分センチフォリアローズ、ピオニー、マグノリア、エルダーフラワーエキス、グリセリン配合でお肌をやさしく洗浄し、ほのかに香りが残ります。

○ボディローション〓保湿成分ココナッツオイル、月見草油、ピオニー、マグノリア、エルダーフラワーエキス配合でお肌をシルクのようになめらかに整えます。ローズヒップオイルやシアバターが、お肌を乾燥から守ります。",クラブツリー＆イヴリン ギフト セット　(ローズウォーター  シャワージェル&amp;ボディローションセット) LONDON CRABTREE&amp;EVELYN Crabtree &amp; Evelyn Gift Set　(Rose Water Shower Gel &amp; Body Lotion Set)：ＶＩ・ＰＯＲＴＥ,クラブツリー＆イヴリン ギフト セット　(ローズウォーター  シャワージェル&amp;ボディローションセット) LONDON CRABTREE&amp;EVELYN Crabtree &amp; Evelyn Gift Set　(Rose Water Shower Gel &amp; Body Lotion Set),ローズウォーターのシャワージェル＆ボディローション。。クラブツリー＆イヴリン ギフト セット　(ローズウォーター  シャワージェル&amp;ボディローションセット) LONDON CRABTREE&amp;EVELYN Crabtree &amp; Evelyn Gift Set　(Rose Water Shower Gel &amp; Body Lotion Set)[rn]
15-33240,http://tshop.r10s.jp/ymura7200/cabinet/shou-hin07/ssk-hbplus150.jpg?fitin=700:700,884.8000,,美容・コスメ・香水 > ボディケア > その他,爽洗潔ハーブ・プラス  150mL,爽やかなのに温かい,"◇お取り寄せ、納期は5～7営業日程度<br>
取引先の都合で納期が遅れる場合もございますので、余裕を持ってご注文をお願いします◇<br>
「ジンジャー」 「トウガラシ」 「ミント」 のちからで、マッサージをうけたような気持ちよさ！<br>
ジーン感がたまらない、リフレッシュローション。<br>
とんがり丸キャップは、ツボ押しにご使用下さい。<br>
手のひらにたっぷりと取り、使用する部位に数回に分けて塗布します。<br>
頭皮には、容器のとんがりで髪を分けて、頭皮に直接塗布します。<br>
たっぷりと使用し、肌に馴染ませすのがポイントです。<br>
後にべとつきやにおいが残ることはありません。<br>
◆内容量：150mL<br>",爽洗潔ハーブ・プラス  150mL：総合卸ヨシムラ,ケラスターゼ楽天最安値％ＯＦＦ送料無料サロン専売品ケラスターゼシュワルツコフＢＣクアＢＣオイルミルボン業務用デミカールアイロンマイナスイオンドライヤーバリカンシャンプートリートメントコンディショナーヘアマスク爽洗潔ハーブ・プラス  150mL,爽やかなのに温かい。爽洗潔ハーブ・プラス  150mL[rn]
15-33241,http://tshop.r10s.jp/stylemarket/cabinet/managed/img9/9668.jpg?fitin=700:700,2142.4000,,美容・コスメ・香水 > ボディケア > その他,薬用ハト麦と杏仁の恵パック はと麦/ポツ肌対策【楽ギフ_包装】,塗ってはがす、薬用パック,"<img src=""http://image.rakuten.co.jp/stylemarket/cabinet/managed/img9/9668.jpg""><br><img src=""http://image.rakuten.co.jp/stylemarket/cabinet/managed/img9/9669.jpg""><br><br><br>首元にできるポツ肌あれ対策に。<br>はと麦エキスと杏仁エキスがギュッと詰まった薬用パック<br>加齢や老廃物が原因で出来るお肌のポツ肌あれに。薬用成分の甘草(グリチルリチン酸ジカリウム)が炎症を防ぎ、美肌効果で知られる和漢植物「はと麦」や「杏仁」その他8種類の天然植物エキスを配合。塗って剥がすパックタイプなので包み込むように角質層にぐんぐん浸透ししっかりとケア。<br>内容量：30g<br>製造国：日本<br>成分：水溶性プラセンタエキス、グリチルリチン酸2K、キョウニンエキス、ヨクイニンエキス、水溶性コラーゲン液、藍水抽出液 、クエン酸 、クエン酸ナトリウム、グリセリン、クワエキス、アーティチョークエキス、アロエエキス（2）、エタノール、水ナス果実エキス 、ケイ酸Al・Mg、ジエチレントリアミン五酢酸五ナトリウム液、  シコンエキス  、チンピエキス、 ヒアルロン酸ナトリウム他<br><br>※メーカーより取り寄せをする為ご注文から4～5日ほどで出荷可能です。",薬用ハト麦と杏仁の恵パック はと麦/ポツ肌対策【楽ギフ_包装】：スタイルマーケット　楽天市場店,激安タイヤ中古カー用品カーパーツカーナビゲーション安いCARカーオーディオ車アウトレットホイルステップワゴンシートカバースタッドレスヘルメット販売マフラーサスペンションオートエアロパーツ薬用ハト麦と杏仁の恵パック はと麦/ポツ肌対策【楽ギフ_包装】,塗ってはがす、薬用パック。薬用ハト麦と杏仁の恵パック はと麦/ポツ肌対策【楽ギフ_包装】[rn]
15-33242,http://tshop.r10s.jp/zebrand/cabinet/0075/2bb5301t67_0.jpg?fitin=700:700,5104.0000,,美容・コスメ・香水 > ボディケア > その他,モア マシュマロ ハンド&ネイルケアクリーム 125ml,,<table width='100%'><tr><th bordercolor='000000' bgcolor='404040' width='30%;'><br /><font color='ffffff'>商品名</font><br /><br /></th><td bordercolor='000000' bgcolor='ffffff'><font color='000000'>MOR(モア) マシュマロ ハンド&ネイルケアクリーム 125ml</font></td></tr><tr><th bordercolor='000000' bgcolor='404040'><br /><font color='ffffff'>ブランド</font></th><td bordercolor='000000' bgcolor='ffffff'><font color='000000'>モア(MOR)</font></td></tr><tr><th bordercolor='000000' bgcolor='404040'><br /><font color='ffffff'>JAN</font></th><td bordercolor='000000' bgcolor='ffffff'><font color='000000'>9332402012116</font></td></tr><tr><th bordercolor='000000' bgcolor='404040'><br /><font color='ffffff'>カラー</font></th><td bordercolor='000000' bgcolor='ffffff'><font color='000000'></font></td></tr><tr><th bordercolor='000000' bgcolor='404040'><br /><font color='ffffff'>規格</font></th><td bordercolor='000000' bgcolor='ffffff'><font color='000000'></font></td></tr></table><br /><br />※お一人様3個まで<br />他ネットショップでも併売しているため、ご注文後に在庫切れとなる場合がございます。予めご了承ください。<br />商品の詳細（カラー等）については、ページの下部にある商品説明欄をご確認のうえ、ご注文ください。<br />品薄または希少等の理由により、参考価格よりも高い価格で販売されている場合があります。ご注文の際には必ず販売価格をご確認ください。<br />ヘルス＆ビューティー、ハンド・ネイルケア、ハンドクリーム・ハンドローション、ボディケア、コスメ、ボディケア、ハンドケア,モア マシュマロ ハンド&amp;ネイルケアクリーム 125ml：ゼブランド,モア マシュマロ ハンド&amp;ネイルケアクリーム 125ml,モア マシュマロ ハンド&amp;ネイルケアクリーム 125ml[rn]
15-33243,http://tshop.r10s.jp/rakuten24/cabinet/k2151/k215100h_l.jpg?fitin=700:700,632.0000,,美容・コスメ・香水 > ボディケア > その他,絹 カラー手袋 ブルー フリー【楽天24】[絹 手袋],ohmibou/税抜1880円以上送料無料,"<p>税抜1880円以上送料無料/絹 カラー手袋 ブルー フリー<br>楽天24＞日用品＞機能性素材＞絹＞絹手袋＞<br>ブランド：ohmibou/発売元：大見毛糸紡績</p>内容量:1組   長さ:22cm<br><br><br><hr size=""1"" color=""#e0e0e0"" noshade><br><b>商品説明</b><br>「絹 カラー手袋 ブルー フリー」は、絹100%の素材でつくられた軽くて温かい手袋です。絹は保温性とともに、吸湿性および放湿性にすぐれているので、本品をはめていると、汗をかいてもムレる心配がありません。また、静電気を起こさないので肌にやさしく、アレルギーや敏感肌の人も安心して利用できます。カラー：ブルー<br><b>素材</b><br>絹100%<br>JANコード：　4560186350604<br><hr size=""1"" color=""#e0e0e0"" noshade>広告文責：ケンコーコム株式会社<br>TEL:050-5577-5043<hr size=""1"" color=""#e0e0e0"" noshade><font color =""red"">※パッケージデザイン等は予告なく変更されることがあります。</font>",絹 カラー手袋 ブルー フリー【楽天24】[絹 手袋]：楽天24,絹 カラー手袋 ブルー フリー【楽天24】[絹 手袋],ohmibou/税抜1880円以上送料無料。絹 カラー手袋 ブルー フリー【楽天24】[絹 手袋][rn]
15-33244,http://tshop.r10s.jp/rakuten24/cabinet/e0761/e076197h_l.jpg?fitin=700:700,1200.0000,,美容・コスメ・香水 > ボディケア > その他,緑の森 ニューコンセプト・ハンドバリアコート 60g【楽天24】【あす楽対応】[緑の森 ドクターズボディケア],緑の森/税抜1880円以上送料無料,"<p>税抜1880円以上送料無料/緑の森 ニューコンセプト・ハンドバリアコート 60g<br>楽天24＞化粧品＞ドクターズコスメ＞ボディケア＞ドクターズボディケア＞<br>ブランド：緑の森/発売元：ヒューレー</p>内容量：60g   <br>原産国：日本<br><br><hr size=""1"" color=""#e0e0e0"" noshade><br><b>商品説明</b><br>「緑の森 ニューコンセプト・ハンドバリアコート 60g」は、水仕事で手を酷使する方などに使用されているハンドクリームです。リピジュア、天然セラミド、北海道産和漢植物エキスなどが、肌を保湿し、肌の乾燥を防ぎます。塗って数秒おくとさらりと馴染むのでスマホやすぐに作業をしたい方にもおすすめです。また水に強く、ヌルつかないので何度も塗り直しをしないで済みます。程よく香る柑橘系の香りで男性・女性問わずご使用いただけます。合成香料フリー/着色料フリー。<br><b>使用方法</b><br>清潔な手のひらに適量とり、よくなじませてお使い下さい。<br><b>使用上の注意</b><br>●お肌に異常が生じていないかよく注意して使用し、化粧品がお肌に合わないとき即ち次のような場合には使用を中止して下さい。そのまま化粧品類の使用を続けますと症状を悪化させることがありますので皮膚科専門医等にご相談されることをおすすめします。<br>(1)使用中に赤み、はれ、かゆみ、刺激、色抜け(白斑等)、黒ずみ等の異常があらわれた場合<br>(2)使用したお肌に直射日光があたって上記のような異常があらわれた場合<br>●傷やはれもの、湿疹等、異常のある部位にはお使いにならないで下さい。<br>●極端に高温または低温の場所、直射日光を避けて乳幼児の手の届かない場所に保管して下さい。<br>●開封後はお早めにご使用下さい。<br><b>全成分</b><br>水、BG、パルミチン酸セチル、グリセリン、ステアリン酸、ホホバ種子油、ミツロウ、ステアリン酸グリセリル、セレブロシド※2、ポリクオタニウム‐51※1、テトラヘキシルデカン酸アスコルビル、グリチルリチン酸2K、クララ根エキス、α-グルカンオリゴサッカリド、アロエベラ葉エキス、ハチミツ、トコフェロール、リモネン、スクワラン、ハッカ枝/葉エキス※3、トウキ根エキス※3、センキュウ根茎エキス※3、ハトムギ種子エキス※3、カルボマー、ジメチコン、アルギニン、(ジメチコン/ビニルジメチコン)クロスポリマー、ラウリン酸ポリグリセリル-2、カプリン酸グリセリル、フェノキシエタノール、ラウリン酸ポリグリセリル-10<br>(保湿成分)※1リピジュア・※2天然セラミド・※3北海道産和漢植物エキス<br><b>原産国</b><br>日本<br><b>お問い合わせ先</b><br>発売元<br>株式会社ヒューレー<br>札幌市中央区北2条西3丁目 朝日生命札幌ビル7F<br>お客様専用フリーダイヤル<br>0120-632-633(平日 10：00-17：00)<br>製造販売元<br>株式会社サティス製薬<br>埼玉県吉川市中井57‐1<br>JANコード：　4560234140201<br><hr size=""1"" color=""#e0e0e0"" noshade>広告文責：ケンコーコム株式会社<br>TEL:050-5577-5043<hr size=""1"" color=""#e0e0e0"" noshade><font color =""red"">※パッケージデザイン等は予告なく変更されることがあります。</font>",緑の森 ニューコンセプト・ハンドバリアコート 60g【楽天24】【あす楽対応】[緑の森 ドクターズボディケア]：楽天24,緑の森 ニューコンセプト・ハンドバリアコート 60g【楽天24】【あす楽対応】[緑の森 ドクターズボディケア],緑の森/税抜1880円以上送料無料。緑の森 ニューコンセプト・ハンドバリアコート 60g【楽天24】【あす楽対応】[緑の森 ドクターズボディケア][rn]
15-33245,http://tshop.r10s.jp/rakuten24/cabinet/e4720/e472024h_l.jpg?fitin=700:700,240.0000,,美容・コスメ・香水 > ボディケア > その他,BJ 潤い美人 ハンドマスク 両手1回分【楽天24】【あす楽対応】[ハンドパック],ビューティーワールド/税抜1880円以上送料無料,"<p>税抜1880円以上送料無料/BJ 潤い美人 ハンドマスク 両手1回分<br>楽天24＞化粧品＞韓国コスメ＞ボディケア＞ハンドパック＞<br>ブランド：ビューティーワールド/発売元：ビューティーワールド</p>内容量：18ml×1回分   <br>原産国：韓国<br><br><hr size=""1"" color=""#e0e0e0"" noshade><br><b>商品説明</b><br>「BJ 潤い美人 ハンドマスク 両手1回分」は、爪から手まで美容液たっぷりハンドマスクです。植物性プラセンタ配合。美容液18mlの両手1回分。<br><b>使用方法</b><br>(1)ハンドマスクを中心の切り取り線で切り離します。<br>(2)清潔にした手にハンドマスクをはめます。※マスクは2重構造になっています。内側の美容成分が染み込んだ不織布の中に手を入れてください。<br>(3)約20分置きます。お肌の乾燥具合によりご使用時間を調整してください。<br>(4)お肌に残った液をすりこむように手全体になじませてください。※マスクを脱いだ後、洗い流しは不要です。<br><b>ご注意</b><br>●お肌の弱い方、お子様、アレルギー体質の方、傷、腫れ物等お肌に異常のある場合は使用しないでください。<br>●使用中、使用後、または、使用したお肌に直射日光があたり、赤み、はれ、痒み、刺激、色抜け(白斑等)や黒ずみ等の異常があらわれた時は、使用を中止し、皮フ科専門医等に相談してください。そのまま使用を続けますと症状を悪化させる事があります。<br>●本品の使用は機能及び衛生上、1枚1回限りにしてください。<br>●開封後は効果が低下する恐れがあろますので、早めにご使用ください。<br>●目に入らない様にご注意ください。入った場合は、こすらずにすぐに流水で充分に洗い流してください。<br>●高温、高湿度または直射日光の当たる場所での保管は避けてください。<br>●衣服につくとシミになる事があります。衣服につけない様ご使用ください。<br>●本来の目的以外の用途には使用しないでください。<br>●お子様の手の届かないところに保管し、お子様が誤って口に入れたり、飲み込んだりしない様に注意してください。<br><b>成分</b><br>水、エチルヘキサン酸セチル、グリセリン、BG、セテアリルアルコール、ステアリン酸グリセリル、トリ(カプリル酸/カプリン酸)グリセリル、ジメチコン、ステアリン酸PEG-100、ハス胎座エキス、加水分解ケラチン、加水分解コラーゲン、酢酸トコフェロール、ヒアルロン酸Na、カカオ脂、アボカド油、マカデミア種子油、野菜油、クコ果実エキス、ダイズ種子エキス、センブリエキス、マコンブエキス、アロエベラ葉エキス、アサイヤシ果実エキス、キサンタンガム、EDTA-2Na、1.2-ヘキサンジオール、セラミド3、エチルヘキシルグリセリン、(C13.14)イソパラフィン、ポリアクリルアミド、ラウレス-7、フェノキシエタノール、メチルパラベン、プロピルパラベン、香料<br><b>原産国</b><br>韓国<br><b>お問い合わせ先</b><br>株式会社ビューティーワールド<br>TEL：06-6947-1301<br>JANコード：　4537715975041<br><hr size=""1"" color=""#e0e0e0"" noshade>広告文責：ケンコーコム株式会社<br>TEL:050-5577-5043<hr size=""1"" color=""#e0e0e0"" noshade><font color =""red"">※パッケージデザイン等は予告なく変更されることがあります。</font>",BJ 潤い美人 ハンドマスク 両手1回分【楽天24】【あす楽対応】[ハンドパック]：楽天24,BJ 潤い美人 ハンドマスク 両手1回分【楽天24】【あす楽対応】[ハンドパック],ビューティーワールド/税抜1880円以上送料無料。BJ 潤い美人 ハンドマスク 両手1回分【楽天24】【あす楽対応】[ハンドパック][rn]
15-33246,http://tshop.r10s.jp/americana/cabinet/03605119/04821914/imgrc0070333324.jpg?fitin=700:700,2192.0000,,美容・コスメ・香水 > ボディケア > その他,＊KBShimmer＊PINK SUGAR UNICORN SCRUB/ピンクシュガー　ユニコーンスクラブ,日本未発売！KBShimmerシリーズ,"KBShimmerより発売された新商品”PINK SUGAR UNICORN SCRUB”<br>
食べたくなるようなコットンキャンディーの香りがするスクラブです♪<br>ボディケアがとても楽しくなるスクラブとなっております！<br>こちらの商品は、高級なバター、オイル、ココアバター、シアバター、オリーブオイルが配合されている為、保湿効果が抜群です！<br>
こちらの商品は、ビーガンフリー、パラベンフリー、ホルムアルデヒドフリーです。<br><br>

【使用方法】<br>
適量を取り、水を加えながらゆっくりと優しくマッサージする感覚で体全体にお使いください。<br>
＊肌に合わない場合はご使用を控えてください。<br><br>

【内容量】<br>
9.5oz (269g)<br><br>

【成分】<br>
Sucrose, Olea Europaea (Olive) Oil, Ricinus Communis (Castor) Seed Oil, Hydrogenated Palm Kernel Oil, Emulsifying Wax NF, Stearic Acid, Theobroma Cacao (Cocoa) Seed Butter, Butyrospermum Parkii (Shea Butter) Fruit, Fragrance, Cetyl Alcohol, Jojoba Beads, Phenoxyethanol (and) Caprylyl Glycol, Mica

<br><br>
<br><br><img src=""http://www.rakuten.ne.jp/gold/americana/images/menseki-others.jpg"" alt=""免責事項"">",＊KBShimmer＊PINK SUGAR UNICORN SCRUB/ピンクシュガー　ユニコーンスクラブ：アメリカーナ　Americana,＊KBShimmer＊PINK SUGAR UNICORN SCRUB/ピンクシュガー　ユニコーンスクラブ,日本未発売！KBShimmerシリーズ。＊KBShimmer＊PINK SUGAR UNICORN SCRUB/ピンクシュガー　ユニコーンスクラブ[rn]
15-33247,http://tshop.r10s.jp/americana/cabinet/03605119/04821914/kbmery.jpg?fitin=700:700,2024.0000,,美容・コスメ・香水 > ボディケア > その他,＊KBShimmer＊VERY MERRY CRANBERRY SUGAR SCRUB/ベリーメリー　クランベリー　シュガースクラブ,日本未発売！KBShimmerシリーズ,"KBShimmerより発売された商品”VERY MERRY CRANBERRY SUGAR SCRUB”<br>
こちらの商品は、高級なバター、オイル、ココアバター、シアバター、オリーブオイルが配合されている為、保湿効果が抜群です！<br>スクラブのビーズが角質に溜まった汚れを洗い落としてくれます。<br>香りも楽しめ、ボディケアが更に楽しくなる商品となっております！<br>
こちらの商品は、ビーガンフリー、パラベンフリー、ホルムアルデヒドフリーです。<br><br>

【使用方法】<br>
適量を取り、水を加えながらゆっくりと優しくマッサージする感覚で体全体にお使いください。<br>
＊肌に合わない場合はご使用を控えてください。<br><br>

【香り】<br>
クランベリー<br><br>

【内容量】<br>
9.5oz (269g)<br><br>

【成分】<br>
Sucrose, Olea Europaea (Olive) Oil, Ricinus Communis (Castor) Seed Oil, Hydrogenated Palm Kernel Oil, Emulsifying Wax NF, Stearic Acid, Theobroma Cacao (Cocoa) Seed Butter, Butyrospermum Parkii (Shea Butter) Fruit, Fragrance, Cetyl Alcohol, Jojoba Beads, Phenoxyethanol (and) Caprylyl Glycol, Mica

<br><br>
<br><br><img src=""http://www.rakuten.ne.jp/gold/americana/images/menseki-others.jpg"" alt=""免責事項"">",＊KBShimmer＊VERY MERRY CRANBERRY SUGAR SCRUB/ベリーメリー　クランベリー　シュガースクラブ：アメリカーナ　Americana,＊KBShimmer＊VERY MERRY CRANBERRY SUGAR SCRUB/ベリーメリー　クランベリー　シュガースクラブ,日本未発売！KBShimmerシリーズ。＊KBShimmer＊VERY MERRY CRANBERRY SUGAR SCRUB/ベリーメリー　クランベリー　シュガースクラブ[rn]
15-33248,http://tshop.r10s.jp/americana/cabinet/03605119/img63927033.jpg?fitin=700:700,1200.0000,,美容・コスメ・香水 > ボディケア > その他,バス&ボディワークス　Sanitizing Hand Gel 225ml【SWEET PEA】 Bath & Body Works　 抗菌ハンドジェル スイートピーの香り 225ml,☆海外で大人気のバス&amp;ボディワークス☆,"Bath & Body Works  バス&ボディワークス 抗菌ハンドジェル Sanitizing Hand Gel SWEET PEA スイートピーの香り 225ml<br><br><br><br>【セット内容】<br><br>抗菌ハンドジェル 225ml<br><br><br><br><img src=""http://www.rakuten.ne.jp/gold/americana/images/menseki-others.jpg"" alt=""免責事項"">",バス&amp;ボディワークス　Sanitizing Hand Gel 225ml【SWEET PEA】 Bath &amp; Body Works　 抗菌ハンドジェル スイートピーの香り 225ml：アメリカーナ　Americana,バス&amp;ボディワークス　Sanitizing Hand Gel 225ml【SWEET PEA】 Bath &amp; Body Works　 抗菌ハンドジェル スイートピーの香り 225ml,☆海外で大人気のバス&amp;ボディワークス☆。バス&amp;ボディワークス　Sanitizing Hand Gel 225ml【SWEET PEA】 Bath &amp; Body Works　 抗菌ハンドジェル スイートピーの香り 225ml[rn]
15-33249,http://tshop.r10s.jp/americana/cabinet/03605119/imgrc0068978105.jpg?fitin=700:700,2640.0000,,美容・コスメ・香水 > ボディケア > その他,【トライアルサイズ】benefit ベネフィット ザ ポアフェッショナル 22ml,人気のポアフェッショナル☆,"気になる毛穴に使えるフォーミュラバームです。メイク前はもちろんですが、メイクの上からでもお使いいただける優れものです。<br>
シリコン成分が余分な皮脂を吸収し、お肌をサラッとした感触にします。<br>
オイルフリー製品。<br> 
ハリウッド女優や日本の有名モデルなどセレブの愛用率が高く、ビューティアワードでも毎年数々の賞を獲得。
ナチュラル派の美女メイクにオススメの一品

<br><br><img src=""http://www.rakuten.ne.jp/gold/americana/images/menseki-others.jpg"" alt=""免責事項"">",【トライアルサイズ】benefit ベネフィット ザ ポアフェッショナル 22ml：アメリカーナ　Americana,【トライアルサイズ】benefit ベネフィット ザ ポアフェッショナル 22ml,人気のポアフェッショナル☆。【トライアルサイズ】benefit ベネフィット ザ ポアフェッショナル 22ml[rn]
15-33250,http://tshop.r10s.jp/americana/cabinet/03605119/04821914/imgrc0070341860.jpg?fitin=700:700,1176.0000,,美容・コスメ・香水 > ボディケア > その他,＊KBShimmer＊-HANDMADE- PARADISE SOAP/ハンドメイド　パラダイス,日本未発売！KBShimmerシリーズ,"KBShimmerより発売された商品”PARADISE SOAP”<br>
ハンドメイドのパラダイスソープ♪<br>
フレッシュなライム、パイナップル、オレンジ、レモンの香りがするソープとなっております！<br>ボディケアをしながら、まさにパラダイスにいる様な気分にさせてくれるソープとなっております。<br>
こちらの商品は、高級なバター、オイル、ココアバター、シアバター、オリーブオイル、が配合されている為、保湿効果が抜群です！<br><br>

【使用方法】<br>
水を加え、泡を立てながらゆっくりと優しくマッサージする感覚で体全体にお使いください。
＊肌に合わない場合はご使用を控えてください。

【重さ】<br>
約4.5oz (128g)<br><br>

【成分】<br>
Aqua, Olea Europaea (Olive) Oil, Lard, Cocos Nucifera (Coconut) Oil, Sodium Hydroxide, Hydrogenated Palm Kernel Oil, Theobroma Cacao (Cocoa) Seed Butter, Butyrospermum Parkii (Shea Butter) Fruit, Essential Oil, Ricinus Communis (Castor) Seed Oil, Tussah Silk

<br><br>
<br><br><img src=""http://www.rakuten.ne.jp/gold/americana/images/menseki-others.jpg"" alt=""免責事項"">",＊KBShimmer＊-HANDMADE- PARADISE SOAP/ハンドメイド　パラダイス：アメリカーナ　Americana,＊KBShimmer＊-HANDMADE- PARADISE SOAP/ハンドメイド　パラダイス,日本未発売！KBShimmerシリーズ。＊KBShimmer＊-HANDMADE- PARADISE SOAP/ハンドメイド　パラダイス[rn]
15-33251,http://tshop.r10s.jp/americana/cabinet/03605119/imgrc0067993827.jpg?fitin=700:700,336.0000,,美容・コスメ・香水 > ボディケア > その他,【最新！NEW!!】バス&ボディワークス　Sanitizing Hand Gel 29ml【Ocean for Men】 Bath & Body Works　 抗菌ハンドジェル オーシャンフォーメン の香り 29ml,バスボディのまったく新しい形のハンドジェル！,"新デザインで登場！！<br><br><br>Bath & Body Works  バス&ボディワークス 抗菌ハンドジェル Sanitizing Hand Gel Ocean for Men オーシャンフォーメン の香り 29ml　バスボディ<br><br><br><br>【セット内容】<br><br>抗菌ハンドジェル 29ml<br><br><br><br><br><br><br><br><br><img src=""http://www.rakuten.ne.jp/gold/americana/images/menseki-others.jpg"" alt=""免責事項"">",【最新！NEW!!】バス&amp;ボディワークス　Sanitizing Hand Gel 29ml【Ocean for Men】 Bath &amp; Body Works　 抗菌ハンドジェル オーシャンフォーメン の香り 29ml：アメリカーナ　Americana,【最新！NEW!!】バス&amp;ボディワークス　Sanitizing Hand Gel 29ml【Ocean for Men】 Bath &amp; Body Works　 抗菌ハンドジェル オーシャンフォーメン の香り 29ml,バスボディのまったく新しい形のハンドジェル！。【最新！NEW!!】バス&amp;ボディワークス　Sanitizing Hand Gel 29ml【Ocean for Men】 Bath &amp; Body Works　 抗菌ハンドジェル オーシャンフォーメン の香り 29ml[rn]
15-33252,http://tshop.r10s.jp/americana/cabinet/03605119/imgrc0067993823.jpg?fitin=700:700,336.0000,,美容・コスメ・香水 > ボディケア > その他,【最新！NEW!!】バス&ボディワークス　Sanitizing Hand Gel 29ml【Dazzling Diamond】 Bath & Body Works　 抗菌ハンドジェル ダズリング・ダイヤモンド の香り 29ml,バスボディのまったく新しい形のハンドジェル！,"新デザインで登場！！<br><br><br>Bath & Body Works  バス&ボディワークス 抗菌ハンドジェル Sanitizing Hand Gel Dazzling Diamond ダズリング・ダイヤモンドの香り 29ml　バスボディ<br><br><br><br>【セット内容】<br><br>抗菌ハンドジェル 29ml<br><br><br><br><br><br><br><br><br><img src=""http://www.rakuten.ne.jp/gold/americana/images/menseki-others.jpg"" alt=""免責事項"">",【最新！NEW!!】バス&amp;ボディワークス　Sanitizing Hand Gel 29ml【Dazzling Diamond】 Bath &amp; Body Works　 抗菌ハンドジェル ダズリング・ダイヤモンド の香り 29ml：アメリカーナ　Americana,【最新！NEW!!】バス&amp;ボディワークス　Sanitizing Hand Gel 29ml【Dazzling Diamond】 Bath &amp; Body Works　 抗菌ハンドジェル ダズリング・ダイヤモンド の香り 29ml,バスボディのまったく新しい形のハンドジェル！。【最新！NEW!!】バス&amp;ボディワークス　Sanitizing Hand Gel 29ml【Dazzling Diamond】 Bath &amp; Body Works　 抗菌ハンドジェル ダズリング・ダイヤモンド の香り 29ml[rn]
15-33253,http://tshop.r10s.jp/soukai/cabinet/55/4958089000755.jpg?fitin=700:700,3200.0000,,美容・コスメ・香水 > ボディケア > その他,ケロデックスクリーム ポンプタイプ(430g)[ハンドケア]【送料無料】,ハンドケア☆送料無料☆,お店TOP＞化粧品・コスメ・ビューティー＞ハンドケア＞ハンドケア その他＞ケロデックスクリーム ポンプタイプ (430g)<br><br>☆送料無料☆<br><br><img src='http://image.rakuten.co.jp/soukai/cabinet/z55/z4958089000755.jpg' width='100%'><br><img src='http://image.rakuten.co.jp/soukai/cabinet/z55/z4958089000755-2.jpg' width='100%'><br><br>商品区分：医薬部外品<br><br>【ケロデックスクリーム ポンプタイプの商品詳細】<br>●お仕事前に塗ることで、洗剤、薬品などによる手荒れ・肌荒れを予防し、お肌をすこやかに保ちます。<br><br>【使用方法】<br>(1)塗布部分を石鹸と流水でよく洗い、清潔にします。<br>(2)タオルで皮膚の水気を拭き取り、乾燥させます。<br>(3)クリームを適量とり、皮膚によくすりこみます。<br><br>【ご使用前に】<br>ポンプ部に装着されているストッパーを取り外し、クリームが出るまで、ポンプを数回空押ししてください。<br><br>【成分】<br>酸化亜鉛※、ワセリン、パラフィン、流動パラフィン、セタノール、セトステアリルアルコール、ラウリル硫酸ナトリウム、パラオキシ安息香酸メチル、ベンガラ、精製水、他5成分<br>(※は「有効成分」無表示は「その他の成分」)<br>【注意事項】<br>・使用中に赤み、はれ、かゆみ、刺激などの異常があらわれた場合は使用を中止してください。<br>・極端に高温・低温の場所、また直射日光のあたる場所には保管しないでください。<br>・常温下でご使用ください。<br>・ポンプの首の部分にはめ込まれているストッパーを取り外してください。<br>・クリームが出ない場合にはポンプを空押ししてボトル内の空気を出し切ってください。<br>・使いかけの状態でポンプを取りはずしますと、ボトル内に空気が入りクリームが出にくくなりますのでご注意ください。<br>・ポンプをはずした場合や、空押しをしてもクリームが出てこない場合には、ポンプの頭を押しながらボトルにねじ込むようにすると、クリームを吸い上げやすくなります。<br>・液体用ポンプとは異なりますのでストロー状の部品はございません。<br><br>【発売元、製造元、輸入元又は販売元】<br>佐鳴<br><br>(KERODEX)<br><br>/(/F202103/)/<br><br>佐鳴<br>245-0053 神奈川県横浜市戸塚区上矢部町2091-19<br>045-811-9311<br><br>広告文責：株式会社爽快ドラッグ<br>0570-666-632<br><br>[ハンドケア],ケロデックスクリーム ポンプタイプ(430g)[ハンドケア]【送料無料】：爽快ドラッグ,掃除洗濯健康食品水・ドリンク食料品医薬品ヘルスケアベビー日用品ビューティ家電ペットスポーツリラクゼーションケロデックスクリーム ポンプタイプ(430g)[ハンドケア]【送料無料】,ハンドケア☆送料無料☆。ケロデックスクリーム ポンプタイプ(430g)[ハンドケア]【送料無料】[rn]
15-33254,http://tshop.r10s.jp/soukai/cabinet/16/4515061080916.jpg?fitin=700:700,720.0000,,美容・コスメ・香水 > ボディケア > その他,ツルリ かかと磨き ガスールスクラブソープ(80g)【ツルリ】,ツルリ★税抜1900円以上で送料無料★,<img src='http://www.rakuten.ne.jp/gold/soukai/image/0_r_cam.jpg' border='0'><br><br>お店TOP＞バス・洗面＞ボディシャンプー ボディソープ＞ボディソープ＞ツルリ かかと磨き ガスールスクラブソープ (80g)<br><br>★税抜1900円以上で送料無料★<br><br>【ツルリ かかと磨き ガスールスクラブソープの商品詳細】<br>●モロッコ産ガスール+トリプルスクラブ配合で足裏、かかとの余分な角質をツルッツルに磨き上げ、しつこい汚れを吸着して洗い上げます。<br>●2種の整肌成分と4種の保湿成分を配合<br>●嫌なニオイの元になる汚れを除去して、すっきり＆しっとりうるおい肌に洗い上げます。<br><br>【使用方法】<br>・石けんをぬるま湯に濡らしてから、肌を強くこすりすぎないようにし、かかとや足裏の余分な角質が気になる部分を磨くように洗ってください。<br>・その後、よく洗い流してください。<br>※溶け崩れを防ぐため、ご使用後は水切れの良いソープディッシュなどに置き、乾燥した状態で保存してください。<br>・天然クレイを配合しているため、タオルなどに色素が色移りする場合があります。付着しないよう、ご注意ください。<br>・極度な高温、高湿や蛍光灯などの紫外線により、変色または、石けん水分やその跡が見られる場合がありますが、品質上問題ありません。<br><br>【成分】<br>石ケン素地、水、炭酸水素Na、香料、アーチチョーク葉エキス、アルガニアスピノサ核油、キウイエキス、グリシン、タチジャコウソウ花／葉／茎エキス、チャ葉エキス、ハチミツ、パパイン、ハマメリス葉エキス、ヒアルロン酸Na、ラフィノース、ローヤルゼリーエキス、酸化銀、炭、BG、エチドロン酸、エチドロン酸4Na、カキタンニン、クエン酸Na、グリセリン、テウチグルミ殻粒、デキストリン、フィチン酸、ペンテト酸5Na、マンナン、モロッコ溶岩クレイ、塩化Na、硫酸亜鉛、EDTA-4Na<br>【注意事項】<br>・傷やはれもの、湿疹等、異常のある部分には使用しないでください。<br>・お肌に異常が生じていないかよく注意して使用してください。<br>・使用中、赤み・はれ・かゆみ・しげき・色抜け(白斑等)や黒ずみ等の異常があらわれた場合や直射日光があたり異常があらわれた場合は、ご使用を中止し、皮フ科専門医にご相談ください。そのまま使用を続けますと症状を悪化させることがあります。<br>・目に入らないようご注意ください。入った場合は、こすらずにすぐに洗い流してください。目に異物感が残る場合は、眼科医にご相談ください。<br>・乳幼児の手の届かないところに保管してください。<br>・極端に高温又は低温の場所、直射日光のあたる場所には保管しないでください。<br><br>【ブランド】<br>ツルリ<br><br>【発売元、製造元、輸入元又は販売元】<br>スタイリングライフ・ホールディングス<br><br>スタイリングライフ・ホールディングス<br>107-0061 東京都港区北青山2-12-2<br>0120-303-820<br><br>広告文責：株式会社爽快ドラッグ<br><br>[ボディシャンプー ボディソープ/ブランド：ツルリ/],ツルリ かかと磨き ガスールスクラブソープ(80g)【ツルリ】：爽快ドラッグ,掃除洗濯健康食品水・ドリンク食料品医薬品ヘルスケアベビー日用品ビューティ家電ペットスポーツリラクゼーションツルリ かかと磨き ガスールスクラブソープ(80g)【ツルリ】,ツルリ★税抜1900円以上で送料無料★。ツルリ かかと磨き ガスールスクラブソープ(80g)【ツルリ】[rn]
15-33255,http://tshop.r10s.jp/soukai/cabinet/16/4582138092516.jpg?fitin=700:700,2240.0000,,美容・コスメ・香水 > ボディケア > その他,MTG オーブル モイストスキンフィット ソール正規品(1組(2枚入))【オーブル】【送料無料】,オーブル☆送料無料☆,お店TOP＞化粧品・コスメ・ビューティー＞フットケア＞フットケア その他＞MTG オーブル モイストスキンフィット ソール正規品 (1組(2枚入))<br><br>☆送料無料☆<br><br><img src='http://image.rakuten.co.jp/soukai/cabinet/z16/z4582138092516.jpg' width='100%'><br><br>【MTG オーブル モイストスキンフィット ソール正規品の商品詳細】<br>●つけるだけで満たされるしっとり肌。いつもの時間を保湿タイムに<br>●年齢とともに肌は乾燥します<br>年齢とともに肌の水分量は低下します。とくに手足は体の末端にあるため水分が行き届かず、皮脂腺が少ないので乾燥が激しくなります。年齢の表れやすい手、粉がふく脚、古い角質が硬くなりやすいかかとや足裏。手足は意外に見られています。オーブル モイストスキンフィットを身につけると、プラチナ加工を施した特殊5層構造の生地が乾いた肌にまるで保湿クリームのようにぴったりとフィット。肌の水分を逃さず、カサカサ肌をしっとりうるおいのある赤ちゃん肌へ導きます。<br>●寝ている間も・・・<br>毎日訪れる睡眠時間も、オーブル モイストスキンフィットを身につければたちまち保湿タイムに。朝起きた時には手足のしっとりとした感覚に驚きます。<br>●リビングでくつろいでいる間も・・・<br>本を読みながら、テレビを見ながら、その時間はあなたの保湿タイムです。つけるだけで乾燥した手足をしっとりとうるおし、お手入れの行き届いた状態へ<br>●洗濯OK<br>オーブル モイストスキンフィットは、繰り返し手洗いができ、清潔に保てます。<br>●抗菌防臭加工(JIS L 1902)<br>菌の増殖を抑え、清潔に保ちます。<br><br>【使用方法】<br>・着用前は、着用部位を洗って清潔な状態で使用してください。※雑菌がついた状態で使用しますと、肌トラブルの原因になる可能性があります。<br>・ロゴが外側にくるように、また、文字が逆さまにならないように、製品それぞれの適応部位にしっかりフィットするように着用してください。また、適応部位のみにご使用ください。<br>・着用目安時間を守ってご使用ください。(着用目安時間：7～8時間)<br><br>【MTG オーブル モイストスキンフィット ソール正規品の原材料】<br>表地・裏地・・・ナイロン100％<br>芯地・・・クロロプレンラバー(プラチナ配合)<br>【規格概要】<br>推奨サイズ・・・22～25cm<br>【注意事項】<br>・強い圧迫感を感じた場合、ご使用を中止してください。<br>・マニキュアや除光液を使用した場合は、完全に乾いてからご使用ください。<br>・ハンドクリームなどと併用すると、本品が変色する恐れがありますので避けてください。<br>・お取扱いの際、手足の爪はなめらかにし、着脱の際に生地を引っかけないようご注意ください。<br>・指輪やブレスレットなど、アクセサリー類をつけたままご使用にならないでください。<br><br>【ブランド】<br>オーブル<br><br>【発売元、製造元、輸入元又は販売元】<br>MTG<br><br>(Obleu)<br><br>/(/F230604/)/<br><br>MTG<br>453-0041 愛知県名古屋市中村区本陣通2丁目32番 MTG HIKARIビル<br>0120-315-332<br><br>広告文責：株式会社爽快ドラッグ<br>0570-666-632<br><br>[フットケア/ブランド：オーブル/],MTG オーブル モイストスキンフィット ソール正規品(1組(2枚入))【オーブル】【送料無料】：爽快ドラッグ,掃除洗濯健康食品水・ドリンク食料品医薬品ヘルスケアベビー日用品ビューティ家電ペットスポーツリラクゼーションMTG オーブル モイストスキンフィット ソール正規品(1組(2枚入))【オーブル】【送料無料】,オーブル☆送料無料☆。MTG オーブル モイストスキンフィット ソール正規品(1組(2枚入))【オーブル】【送料無料】[rn]
15-33256,http://tshop.r10s.jp/rakuten24/cabinet/e3900/e390032h_l.jpg?fitin=700:700,992.8000,,美容・コスメ・香水 > ボディケア > その他,ハーブボール Lサイズ 150g【楽天24】【あす楽対応】[紀陽除虫菊 ハーブボール],紀陽除虫菊/税抜1880円以上送料無料,"<p>税抜1880円以上送料無料/ハーブボール Lサイズ 150g<br>楽天24＞癒し用品＞スパ用品＞マッサージグッズ＞ハーブボール＞<br>ブランド：紀陽除虫菊/製造販売元：紀陽除虫菊</p>内容量：1個(150g)   <br>原産国：タイ<br><br><hr size=""1"" color=""#e0e0e0"" noshade><br><b>商品説明</b><br>「ハーブボール Lサイズ 150g」は、タイ産の12種類のオーガニックハーブをブレンドしたハーブボールです。タイの職人が1つ1つ丁寧に手作りしました。ハーブの優しい香りと温熱効果で心をほぐします。ご自宅で簡単に本格タイエステ気分を味わえます。Lサイズ。<br><b>使用方法</b><br>(1)ハーブボールをお水に10分程度浸してください。<br>(2)ラップを巻き電子レンジ(600W)で1分-1分半温めてください。<br>(3)お肌にポンポンとあてるように全身をマッサージしてください。温かく蒸して体にあてることで全身をじんわり温めます。熱いと感じられる場合はタオルに包むなど調整してください。<br>(4)使用後は冷めてから密封できる袋に入れ冷蔵庫で保存してください。<br><b>使用上の注意</b><br>●温めた直後は非常に熱くなっております。やけどにご注意ください。熱さを確かめながらご使用ください。<br>●加熱しすぎると焦げてしまう場合がありますのでご注意ください。<br>●皮膚あるいは体質に異常がある場合は医師に相談してご使用ください。<br>●使用中や使用後、皮膚に発疹、発赤、かゆみ、刺激感等の異常が現れた場合、使用を中止し、皮膚科専門医等にご相談ください。<br>●ハーブエキスの色が衣類などにつくと、シミになる場合がありますのでご注意ください。<br>●顔面・腹部など皮膚の薄い部分へのご使用は温度にご注意ください。<br>●乳幼児の手の届かないところ、高温多湿や直射日光の当たらないところに保管してください。<br>●本品は食品ではありません。<br><b>保存方法</b><br>(1)ハーブボールはオーガニックアイテムで防腐剤などが添加されておりません。<br>一度使用したハーブボールは冷ましてから密封容器に入れて冷蔵庫で保管してください。<br>保管状態により異なりますが5-6回ご使用できます。<br>(2)使用後香りがなくなったハーブボールは紐を解いて玄関、下駄箱、お部屋に置いて消臭剤代わりにお使いいただけます。<br>その場合、水分が残っているとカビが生えるおそれがありますのでご注意ください。<br><b>原産国</b><br>タイ<br><b>お問い合わせ先</b><br>紀陽除虫菊株式会社<br>TEL：073-492-0010<br>JANコード：　4971902084749<br><hr size=""1"" color=""#e0e0e0"" noshade>広告文責：ケンコーコム株式会社<br>TEL:050-5577-5043<hr size=""1"" color=""#e0e0e0"" noshade><font color =""red"">※パッケージデザイン等は予告なく変更されることがあります。</font>",ハーブボール Lサイズ 150g【楽天24】【あす楽対応】[紀陽除虫菊 ハーブボール]：楽天24,ハーブボール Lサイズ 150g【楽天24】【あす楽対応】[紀陽除虫菊 ハーブボール],紀陽除虫菊/税抜1880円以上送料無料。ハーブボール Lサイズ 150g【楽天24】【あす楽対応】[紀陽除虫菊 ハーブボール][rn]
15-33257,http://tshop.r10s.jp/uchiyama-sports/cabinet/tape-supporter/img57293041.gif?fitin=700:700,3456.0000,,美容・コスメ・香水 > ボディケア > その他,【土日も営業】２０１６年継続モデル！クリオ【ＣＨＲＩＯ】パフォーマンスジェル　２５０ｇ【スポーツジェル/マッサージジェル/箱根駅伝/高校駅伝】【あす楽対応】【ネコポス不可】,スポーツ時のリフレッシュに!スポーツ用マッサージジェル。,"<P><IMG src=""http://image.rakuten.co.jp/uchiyama-sports/cabinet/campaign/imgrc0065003392.gif"" border=""0"" width=""100%""></P><P><IMG src=""http://image.rakuten.co.jp/uchiyama-sports/cabinet/image2/nekopos_15.gif"" border=""0"" width=""100%""></P>■メーカー クリオ（ＣＨＲＩＯ） ■品名 パフォーマンスジェル（Ｐｅｒｆｏｒｍａｎｃｅ　Ｕｐ　Ｇｅｌ） ■品番 ０４４１０ ■メーカー希望小売価格 ￥４，２００ ■内容量 ２５０ｇ ■配合成分 水、エタノール、ＢＧ、メントール、ダイズ種子エキス、マグワ根皮エキス、キハダ樹皮エキス、オリーブ葉エキス、メリロートエキス、カルボマー、ＴＥＡ、メチルパラベン ■生産国 日本 ■ネコポス不可　■あす楽対応：東北、関東、甲信越、北陸、東海、関西、中国、四国／正午まで当日発送／水曜発送不可",【土日も営業】２０１６年継続モデル！クリオ【ＣＨＲＩＯ】パフォーマンスジェル　２５０ｇ【スポーツジェル/マッサージジェル/箱根駅伝/高校駅伝】【あす楽対応】【ネコポス不可】：内山スポーツ楽天市場店,ミズノ MIZUNO mizuno バレーボール バレー バスケットボール バスケット サッカー フットサル ハンドボールアシックス ASICS asics バレーボール バレー バスケットボール バスケット サッカー フットサル ハンドボールアンブロ UMBRO umbro フットボール スポーツウォッチ ランニングウォッチサプリメント SAVAS ザバス ベスパ スポーツバルム ジャコラ VESPAモルテン ボール バレーボール バスケットボール サッカーボール 球技ムーヴスポーツ MOVE SPORT move sport ムーブスポーツ デサントチームファイブ TEAMFIVE teamfive　バスケットボール プラパン バスパン プラシャツ卓球ロボット １０４０ ２０４０ ２０５０ 卓球マシンロボポン ROBOPON robopon 卓球ボール トレーニング球 トレ球三英 SANEI sanei 卓球ラバー 卓球ラケット ラバー 卓球台カンタベリー CANTERBURY canterbury ラグビー バレーボール VOLLEYBALL volleyball ハンドボール 太極拳ノースフェイス THE NORTH FACE the north face NORTHFACE northfaceソレル SOREL sorel ウィンターブーツ スノーブーツ スノトレコロンビア COLUMBIA columbia アウトドア キャラバン 登山シューズバスケット BASKETBALL basketball コンバース バスパン バスケットパンツ登山 OUTDOOR outdoor MOUNTAIN mountain レインウェアー 雨具スクスク SUKUSUKU sukusuku すくすく キッズ キッスシューズ ルコックニューバランス NEWBALANCE newbalance NEW BALANCE new balanceササキ SASAKI sasaki レオタード 新体操 体操【土日も営業】２０１６年継続モデル！クリオ【ＣＨＲＩＯ】パフォーマンスジェル　２５０ｇ【スポーツジェル/マッサージジェル/箱根駅伝/高校駅伝】【あす楽対応】【ネコポス不可】,スポーツ時のリフレッシュに!スポーツ用マッサージジェル。。【土日も営業】２０１６年継続モデル！クリオ【ＣＨＲＩＯ】パフォーマンスジェル　２５０ｇ【スポーツジェル/マッサージジェル/箱根駅伝/高校駅伝】【あす楽対応】【ネコポス不可】[rn]
15-33258,http://tshop.r10s.jp/biccamera/cabinet/product/1627/00000003158883_a01.jpg?fitin=700:700,333.6000,,美容・コスメ・香水 > ボディケア > その他,【あす楽対象】 ロート製薬 【OXY（オキシー)】冷却デオシャワーフレッシュアップルの香り(200ml)〔デオドラント〕,,汗ばんだ体をすっきり冷やす全身シャワー！気持ち良いだけでなく、汗・ベタツキ・ニオイもしっかり抑えて爽快感を持続させます。,【あす楽対象】 ロート製薬 【OXY（オキシー)】冷却デオシャワーフレッシュアップルの香り(200ml)〔デオドラント〕：ビックカメラ楽天市場店,【あす楽対象】 ロート製薬 【OXY（オキシー)】冷却デオシャワーフレッシュアップルの香り(200ml)〔デオドラント〕,【あす楽対象】 ロート製薬 【OXY（オキシー)】冷却デオシャワーフレッシュアップルの香り(200ml)〔デオドラント〕[rn]
15-33259,http://tshop.r10s.jp/akibamac/cabinet/05438457/4954753060629.jpg?fitin=700:700,1144.0000,,美容・コスメ・香水 > ボディケア > その他,生活の木マッサージオイル エナジーカパ 50mL (148069110),,ハーブとアロマテラピー専門店「生活の木」のマッサージオイルです。,生活の木マッサージオイル エナジーカパ 50mL (148069110)：ソフマップ　デジタルコレクション,ソフマップ デジタルコレクションSofmap Digital CollectionパソコンタブレットPCHDDアセンブリパーツパソコンパーツテレビゲームブルーレイソフトDVDソフト液晶テレビブルーレイディスクレコーダーデジタル一眼レフカメラデジタルカメラ家電時計中古　ソフトアウトレット中古ノートパソコン中古パソコン生活の木マッサージオイル エナジーカパ 50mL (148069110),生活の木マッサージオイル エナジーカパ 50mL (148069110)[rn]
15-33260,http://tshop.r10s.jp/akibamac/cabinet/05438457/4954753076118.jpg?fitin=700:700,1600.0000,,美容・コスメ・香水 > ボディケア > その他,生活の木トリートメントミスト 150ml (82770010),,ハーブとアロマテラピー専門店「生活の木」のローションです。,生活の木トリートメントミスト 150ml (82770010)：ソフマップ　デジタルコレクション,ソフマップ デジタルコレクションSofmap Digital CollectionパソコンタブレットPCHDDアセンブリパーツパソコンパーツテレビゲームブルーレイソフトDVDソフト液晶テレビブルーレイディスクレコーダーデジタル一眼レフカメラデジタルカメラ家電時計中古　ソフトアウトレット中古ノートパソコン中古パソコン生活の木トリートメントミスト 150ml (82770010),生活の木トリートメントミスト 150ml (82770010)[rn]
15-33261,http://tshop.r10s.jp/akibamac/cabinet/04987901/4901301285423.jpg?fitin=700:700,461.6000,,美容・コスメ・香水 > ボディケア > その他,花王ニベア インシャワーボディローション 微香性 200ml (NｲﾝｼｬﾜｰBLﾋﾞｺｳ),,ぬれた肌に塗ってシャワーで流すだけで、なめらかでうるおいのある肌に整える、バスルームで使うボディローション。,花王ニベア インシャワーボディローション 微香性 200ml (NｲﾝｼｬﾜｰBLﾋﾞｺｳ)：ソフマップ　デジタルコレクション,ソフマップ デジタルコレクションSofmap Digital CollectionパソコンタブレットPCHDDアセンブリパーツパソコンパーツテレビゲームブルーレイソフトDVDソフト液晶テレビブルーレイディスクレコーダーデジタル一眼レフカメラデジタルカメラ家電時計中古　ソフトアウトレット中古ノートパソコン中古パソコン花王ニベア インシャワーボディローション 微香性 200ml (NｲﾝｼｬﾜｰBLﾋﾞｺｳ),花王ニベア インシャワーボディローション 微香性 200ml (NｲﾝｼｬﾜｰBLﾋﾞｺｳ)[rn]
15-33262,http://tshop.r10s.jp/akibamac/cabinet/04987410/4560278233075.jpg?fitin=700:700,1120.0000,,美容・コスメ・香水 > ボディケア > その他,スマイル【ママバター】ボディローション ラベンダー 140g (ﾏﾏﾊﾞﾀｰﾎﾞﾃﾞｨﾛｰｼｮ),,ボディローション ラベンダー,スマイル【ママバター】ボディローション ラベンダー 140g (ﾏﾏﾊﾞﾀｰﾎﾞﾃﾞｨﾛｰｼｮ)：ソフマップ　デジタルコレクション,ソフマップ デジタルコレクションSofmap Digital CollectionパソコンタブレットPCHDDアセンブリパーツパソコンパーツテレビゲームブルーレイソフトDVDソフト液晶テレビブルーレイディスクレコーダーデジタル一眼レフカメラデジタルカメラ家電時計中古　ソフトアウトレット中古ノートパソコン中古パソコンスマイル【ママバター】ボディローション ラベンダー 140g (ﾏﾏﾊﾞﾀｰﾎﾞﾃﾞｨﾛｰｼｮ),スマイル【ママバター】ボディローション ラベンダー 140g (ﾏﾏﾊﾞﾀｰﾎﾞﾃﾞｨﾛｰｼｮ)[rn]
15-33263,http://tshop.r10s.jp/akibamac/cabinet/05438457/4954753075906.jpg?fitin=700:700,1200.0000,,美容・コスメ・香水 > ボディケア > その他,生活の木有機トリートメントオイル アクティブローズマリー 40ml (82730040),,ハーブとアロマテラピー専門店「生活の木」のトリートメントオイルです。,生活の木有機トリートメントオイル アクティブローズマリー 40ml (82730040)：ソフマップ　デジタルコレクション,ソフマップ デジタルコレクションSofmap Digital CollectionパソコンタブレットPCHDDアセンブリパーツパソコンパーツテレビゲームブルーレイソフトDVDソフト液晶テレビブルーレイディスクレコーダーデジタル一眼レフカメラデジタルカメラ家電時計中古　ソフトアウトレット中古ノートパソコン中古パソコン生活の木有機トリートメントオイル アクティブローズマリー 40ml (82730040),生活の木有機トリートメントオイル アクティブローズマリー 40ml (82730040)[rn]
15-33264,http://tshop.r10s.jp/akibamac/cabinet/05439431/4901730150781.jpg?fitin=700:700,878.4000,,美容・コスメ・香水 > ボディケア > その他,ジョンソン&ジョンソンニュートロジーナ ノルウェーフォーミュラ ディープモイスチャー ボディクリーム 微香性 200ml (ﾆｭｰﾄﾛDﾓｲｽﾁﾔﾎﾞﾃﾞ),,純度９９％グリセリンが角層１０層の奥まで浸透し、乾燥肌に１日中うるおいが持続。良く肌になじんで浸透するので、ベタつかない使い心地。,ジョンソン&amp;ジョンソンニュートロジーナ ノルウェーフォーミュラ ディープモイスチャー ボディクリーム 微香性 200ml (ﾆｭｰﾄﾛDﾓｲｽﾁﾔﾎﾞﾃﾞ)：ソフマップ　デジタルコレクション,ソフマップ デジタルコレクションSofmap Digital CollectionパソコンタブレットPCHDDアセンブリパーツパソコンパーツテレビゲームブルーレイソフトDVDソフト液晶テレビブルーレイディスクレコーダーデジタル一眼レフカメラデジタルカメラ家電時計中古　ソフトアウトレット中古ノートパソコン中古パソコンジョンソン&amp;ジョンソンニュートロジーナ ノルウェーフォーミュラ ディープモイスチャー ボディクリーム 微香性 200ml (ﾆｭｰﾄﾛDﾓｲｽﾁﾔﾎﾞﾃﾞ),ジョンソン&amp;ジョンソンニュートロジーナ ノルウェーフォーミュラ ディープモイスチャー ボディクリーム 微香性 200ml (ﾆｭｰﾄﾛDﾓｲｽﾁﾔﾎﾞﾃﾞ)[rn]
15-33265,http://tshop.r10s.jp/akibamac/cabinet/05439431/4936201100989.jpg?fitin=700:700,230.4000,,美容・コスメ・香水 > ボディケア > その他,コスメティックローランドロッシモイストエンド 紫根スキンクリーム (ﾛｯｼMASｽｷﾝｸﾘｰﾑ),,ロッシモイストエンド 紫根スキンクリーム,コスメティックローランドロッシモイストエンド 紫根スキンクリーム (ﾛｯｼMASｽｷﾝｸﾘｰﾑ)：ソフマップ　デジタルコレクション,ソフマップ デジタルコレクションSofmap Digital CollectionパソコンタブレットPCHDDアセンブリパーツパソコンパーツテレビゲームブルーレイソフトDVDソフト液晶テレビブルーレイディスクレコーダーデジタル一眼レフカメラデジタルカメラ家電時計中古　ソフトアウトレット中古ノートパソコン中古パソコンコスメティックローランドロッシモイストエンド 紫根スキンクリーム (ﾛｯｼMASｽｷﾝｸﾘｰﾑ),コスメティックローランドロッシモイストエンド 紫根スキンクリーム (ﾛｯｼMASｽｷﾝｸﾘｰﾑ)[rn]
15-33266,http://tshop.r10s.jp/showa69/cabinet/beauty/beauty3/kassabk01_ha.jpg?fitin=700:700,691.2000,,美容・コスメ・香水 > ボディケア > その他,「あす楽対応商品」「かっさプレート」黒かっさ (黒活沙),さよなら、私の老廃物。,"マッサージするのに適したプレート。
手でマッサージするよりも、プレートを使用した方が滑らかで肌へのあたりが心地よく、効果的と言われています。
エステなどでしか手にする機会の無かった「かっさ」を誰の手にもフィットする形にこだわり作りました。
くろかっさの使い方が載った「黒かっさ完全マップ」がついてます。
セルフエステ初心者にも簡単安心
本体サイズ 約H90mm×W50mm使いやすい手のひらサイズ",「あす楽対応商品」「かっさプレート」黒かっさ (黒活沙)：SHOWA　楽天市場店,「あす楽対応商品」「かっさプレート」黒かっさ (黒活沙),さよなら、私の老廃物。。「あす楽対応商品」「かっさプレート」黒かっさ (黒活沙)[rn]
15-33267,http://tshop.r10s.jp/showa69/cabinet/beauty/beauty3/kassabk02_hm.jpg?fitin=700:700,1646.4000,,美容・コスメ・香水 > ボディケア > その他,「メール便送料無料」「かっさプレート」黒かっさ (黒活沙) x2個セット 【smtb-s】,さよなら、私の老廃物。,"マッサージするのに適したプレート。
手でマッサージするよりも、プレートを使用した方が滑らかで肌へのあたりが心地よく、効果的と言われています。
エステなどでしか手にする機会の無かった「かっさ」を誰の手にもフィットする形にこだわり作りました。
くろかっさの使い方が載った「黒かっさ完全マップ」がついてます。
セルフエステ初心者にも簡単安心
本体サイズ 約H90mm×W50mm使いやすい手のひらサイズ",「メール便送料無料」「かっさプレート」黒かっさ (黒活沙) x2個セット 【smtb-s】：SHOWA　楽天市場店,「メール便送料無料」「かっさプレート」黒かっさ (黒活沙) x2個セット 【smtb-s】,さよなら、私の老廃物。。「メール便送料無料」「かっさプレート」黒かっさ (黒活沙) x2個セット 【smtb-s】[rn]
15-33268,http://tshop.r10s.jp/showa69/cabinet/beauty/beauty3/tatoocav03h_hm.jpg?fitin=700:700,1813.6000,,美容・コスメ・香水 > ボディケア > その他,「メール便送料無料」「水転写式カバーシール」水で貼る極薄タトゥーカバーステッカー(TATOO COVER STICKER) B6サイズ8枚入 x 同色3個セット+さらに選べるおまけ付き【smtb-s】,プールや温泉で、簡単に貼れるタトゥーカバー,"●タトゥーやボディアート、アザのカバーに!
●僅かな時間で簡単に貼れる、水転写式ウォータープルーフシールです。
●形に合わせて切って貼るだけ。
●たっぷり使えるB6サイズ*8枚入りです。

【使用方法】
(1)タトゥーや傷跡などに合わせシールをカットします。
(2)透明なフィルムを剥がし、剥がした面を肌に当てます。
(3)紙の上から濡れたタオルでしっかりと押さえ、十分に水分を含ませます。
(4)シールを乾燥させてできあがります。",「メール便送料無料」「水転写式カバーシール」水で貼る極薄タトゥーカバーステッカー(TATOO COVER STICKER) B6サイズ8枚入 x 同色3個セット+さらに選べるおまけ付き【smtb-s】：SHOWA　楽天市場店,「メール便送料無料」「水転写式カバーシール」水で貼る極薄タトゥーカバーステッカー(TATOO COVER STICKER) B6サイズ8枚入 x 同色3個セット+さらに選べるおまけ付き【smtb-s】,プールや温泉で、簡単に貼れるタトゥーカバー。「メール便送料無料」「水転写式カバーシール」水で貼る極薄タトゥーカバーステッカー(TATOO COVER STICKER) B6サイズ8枚入 x 同色3個セット+さらに選べるおまけ付き【smtb-s】[rn]
15-33269,http://tshop.r10s.jp/retailer/cabinet/jap/jap-1534_01.jpg?fitin=700:700,9120.0000,,美容・コスメ・香水 > ボディケア > その他,♪　5％OFF【ＬＯＵＶＲＥＤＯ】ルーブルドー　　エレキボディ　400ｇ　　＜ボディマッサージジェル＞　　＜ルーヴルボーテ・ルーヴルドージャパン株式会社・ルーブルドゥ＞,プロフェッショナル専用のボディジェル♪,"プロフェッショナル専用のボディジェル！<br><br><br>※こちらの商品は発送まで約１週間ほどお時間を頂戴いたします。<br>
※ご注文後のキャンセルはお受けいたしませんので、ご了承ください。",♪　5％OFF【ＬＯＵＶＲＥＤＯ】ルーブルドー　　エレキボディ　400ｇ　　＜ボディマッサージジェル＞　　＜ルーヴルボーテ・ルーヴルドージャパン株式会社・ルーブルドゥ＞：コスメショップ　リテイラー,BOBBI BROWNALBION♪　5％OFF【ＬＯＵＶＲＥＤＯ】ルーブルドー　　エレキボディ　400ｇ　　＜ボディマッサージジェル＞　　＜ルーヴルボーテ・ルーヴルドージャパン株式会社・ルーブルドゥ＞,プロフェッショナル専用のボディジェル♪。♪　5％OFF【ＬＯＵＶＲＥＤＯ】ルーブルドー　　エレキボディ　400ｇ　　＜ボディマッサージジェル＞　　＜ルーヴルボーテ・ルーヴルドージャパン株式会社・ルーブルドゥ＞[rn]
15-33270,http://tshop.r10s.jp/retailer/cabinet/lush/lush-694.jpg?fitin=700:700,1680.0000,,美容・コスメ・香水 > ボディケア > その他,♪【ＬＵＳＨ】ラッシュソルティココ 100g＜ハンドスクラブ＞＜ハンドケア＞＜SALTED COCONUT＞,★人気のＬＵＳＨ！★,"★手を取ってパラダイスに連れていって！★<br>
<br>
■製品特徴<br>
誰かと手を繋ぎたくなるほど柔らかい手肌に。<br>
クリーミーなココナツとシーソルトのスクラブは、<br>
文句なしのコンディションを保つハンドケアアイテム。<br>
濡れた手にたっぷりのせて手全体を優しくマッサージすれば、<br>
しっかりスクラブケア。また、手を軽く洗う時にもお使いいただけます。<br>
<br>
☆香り<br>
ココナツの甘い香りがふんわりと広がります。<br>
甘さがおさえ目なので、甘すぎる香りが苦手な方にもおすすめです。<br>
お手入れの後のお肌には、今は販売していない<br>
ゴリラパフューム「ファーズ」の懐かしく優しい香りが残ります。<br>
<br>
◆使用方法<br>
濡らした手にたっぷりとすくい取り、特にザラつきが気になる箇所に<br>
まんべんなく伸ばした後、スクラブでマッサージしながら洗い流します。<br>
汚れを取り去る（またはしっかり磨き上げたい）時は、<br>
乾いたままの手に使って下さい。
<br>
<br>
※ご注文後のキャンセルはお受けいたしませんので、予めご了承ください。",♪【ＬＵＳＨ】ラッシュソルティココ 100g＜ハンドスクラブ＞＜ハンドケア＞＜SALTED COCONUT＞：コスメショップ　リテイラー,BOBBI BROWNALBION♪【ＬＵＳＨ】ラッシュソルティココ 100g＜ハンドスクラブ＞＜ハンドケア＞＜SALTED COCONUT＞,★人気のＬＵＳＨ！★。♪【ＬＵＳＨ】ラッシュソルティココ 100g＜ハンドスクラブ＞＜ハンドケア＞＜SALTED COCONUT＞[rn]
15-33271,http://tshop.r10s.jp/retailer/cabinet/paul/pau-256_01.jpg?fitin=700:700,2400.0000,,美容・コスメ・香水 > ボディケア > その他,【即納】ポール&ジョー ＜ＰＡＵＬ＆ＪＯＥ＞スムージングボディオイル　100ml＜ボディオイル＞＜ポールアンドジョー＞,☆のさらさらオイル☆,"☆★人気のＰＡＵＬ＆ＪＯＥ★☆<br><br>


ローションみたいに軽やかなテクスチュアのさらさらオイル。<br>
軽い感触のスムースオイルと、うるおいの膜で肌を覆い
ツヤ肌を持続させるモイストキープオイルを配合。<br>
素早い肌なじみ、スムースな肌ざわりなのに、<br>
内側はしっとりとしなやかな肌に整えます。<br>
厳選された7種類の植物オイルがむくみやだるさも解消し、艶めきボディへ。<br><br>
※こちらの商品は発送まで約１週間ほどお時間を頂戴いたします。<br>
※ご注文後のキャンセルはお受けいたしませんので、ご了承ください。",【即納】ポール&amp;ジョー ＜ＰＡＵＬ＆ＪＯＥ＞スムージングボディオイル　100ml＜ボディオイル＞＜ポールアンドジョー＞：コスメショップ　リテイラー,BOBBI BROWNALBION【即納】ポール&amp;ジョー ＜ＰＡＵＬ＆ＪＯＥ＞スムージングボディオイル　100ml＜ボディオイル＞＜ポールアンドジョー＞,☆のさらさらオイル☆。【即納】ポール&amp;ジョー ＜ＰＡＵＬ＆ＪＯＥ＞スムージングボディオイル　100ml＜ボディオイル＞＜ポールアンドジョー＞[rn]
15-33272,http://tshop.r10s.jp/retailer/cabinet/sabon/sabon-300_01.jpg?fitin=700:700,1600.0000,,美容・コスメ・香水 > ボディケア > その他,欠品中【SABON】　サボン　あし用ブラシ2012＜ボディブラシ・ボディーブラシ・あし用ブラシ＞＜ブラシフォーフット2012・Brush for Foot 2012＞＜バスグッズ＞,★大人気のサボン！★,"★☆大人気のサボン！☆★ <br>
<br>
SABONのバスグッズは、機能はもちろんのこと、<br>
洗練されたデザインでバスルームのインテリアをより華やかにひき立てます。<br>
心まで満たされるバスタイムをSABONのバスグッズとともにお過ごしください。<br>
<br>
■製品特徴<br>
足首から下に使用する洗浄用ブラシです。<br>
泡立てたソープと共にお使いください。<br>
足首から下、足裏などの部分にご使用頂くことで、滑らかに洗い上げます。<br>
<br>
白い毛の部分は固い素材（プラスチック）で<br>
できていますので、爪周りの洗浄にお使いください。 <br>
<br>
<br>
※ご注文後のキャンセルはお受けいたしませんので、ご了承ください。",欠品中【SABON】　サボン　あし用ブラシ2012＜ボディブラシ・ボディーブラシ・あし用ブラシ＞＜ブラシフォーフット2012・Brush for Foot 2012＞＜バスグッズ＞：コスメショップ　リテイラー,BOBBI BROWNALBION欠品中【SABON】　サボン　あし用ブラシ2012＜ボディブラシ・ボディーブラシ・あし用ブラシ＞＜ブラシフォーフット2012・Brush for Foot 2012＞＜バスグッズ＞,★大人気のサボン！★。欠品中【SABON】　サボン　あし用ブラシ2012＜ボディブラシ・ボディーブラシ・あし用ブラシ＞＜ブラシフォーフット2012・Brush for Foot 2012＞＜バスグッズ＞[rn]
15-33273,http://tshop.r10s.jp/retailer/cabinet/oth/oth-1350_01.jpg?fitin=700:700,12480.0000,,美容・コスメ・香水 > ボディケア > その他,♪【Aesop】イソップマーブル＜ギフト・キット＞＜AESOP・aesop＞＜B&Tバランシングトナー＞＜カミリアフェイシャルクリーム＞＜フェブラスフェイスクレンザー＞,★全ての肌タイプの方へのクラシックスキンケア★,"★全ての肌タイプの方へのクラシックスキンケア★<br><br>

マーブルは、どのタイプの肌にもお使いいただけるクラシックスキンケアシリーズから<br>
選ばれました。 <br>

■使用方法■<br>
ワンプッシュ分のフェブラス フェイス クレンザーに少量の水を加え、やさしく、<br>
でもきちんと洗顔します。<br>
ティースプーン半分程度のB & T バランシング トナーを手のひらに取り、<br>
肌全体をパッティングし、すっきりと整えながらまずうるおいを与えます。<br>
その後、肌にすばやく浸透するカミリア フェイシャル クリームをティースプーン半分程度<br>
肌にのばしマッサージし、やわらかなすべすべの感触とより深いうるおいを<br>
お楽しみください。<br><br>※ ご注文後のキャンセルはお受けいたしませんので、ご了承ください。",♪【Aesop】イソップマーブル＜ギフト・キット＞＜AESOP・aesop＞＜B&amp;Tバランシングトナー＞＜カミリアフェイシャルクリーム＞＜フェブラスフェイスクレンザー＞：コスメショップ　リテイラー,BOBBI BROWNALBION♪【Aesop】イソップマーブル＜ギフト・キット＞＜AESOP・aesop＞＜B&amp;Tバランシングトナー＞＜カミリアフェイシャルクリーム＞＜フェブラスフェイスクレンザー＞,★全ての肌タイプの方へのクラシックスキンケア★。♪【Aesop】イソップマーブル＜ギフト・キット＞＜AESOP・aesop＞＜B&amp;Tバランシングトナー＞＜カミリアフェイシャルクリーム＞＜フェブラスフェイスクレンザー＞[rn]
15-33274,http://tshop.r10s.jp/retailer/cabinet/la/la-001_02.jpg?fitin=700:700,2285.6000,,美容・コスメ・香水 > ボディケア > その他,♪　リニューアルビー・エスコート（Be・Escort）LA・GE(ラ・ジェ )　120g ＜ジェル美容液＞＜ビーエスコート＞＜LAGE・ラジェ＞,★パワーアップして新登場★,"★美肌力UP 浸透力UP 潤い度UP★ <br><br>

【Newラ・ジェ】は毛穴を引き締め、ムダ毛を目立たなくする効果にすぐれ、特徴成分をを減らすことなく大地の恵みをとじこめた植物・果物が天然由来成分がお肌に働きかけ、美肌・浸透力・潤いをアップさせました。<br><br>


そしてグレードアップした成分の浸透性進化型ビタミンC APPS(パルチミン酸アスコルビルリン酸3Na)がアセロラエキス・ユキノシタエキスを角質層に届け、潤いのあるクリアな肌に整えるジェル美容液です。
<br>

お肌が敏感な方にもご安心してご使用していただけます。<br><br>内容量：120ｇ<br><br>※こちらの商品はボトルの種類が3種類ございますが、選択は出来ません。<br>
ご了承の上、お買い求め下さい。　※",♪　リニューアルビー・エスコート（Be・Escort）LA・GE(ラ・ジェ )　120g ＜ジェル美容液＞＜ビーエスコート＞＜LAGE・ラジェ＞：コスメショップ　リテイラー,BOBBI BROWNALBION♪　リニューアルビー・エスコート（Be・Escort）LA・GE(ラ・ジェ )　120g ＜ジェル美容液＞＜ビーエスコート＞＜LAGE・ラジェ＞,★パワーアップして新登場★。♪　リニューアルビー・エスコート（Be・Escort）LA・GE(ラ・ジェ )　120g ＜ジェル美容液＞＜ビーエスコート＞＜LAGE・ラジェ＞[rn]
15-33275,http://tshop.r10s.jp/retailer/cabinet/sabon/sabon-298_01.jpg?fitin=700:700,1600.0000,,美容・コスメ・香水 > ボディケア > その他,♪【SABON】　サボン　背面用ブラシ2012＜ボディブラシ・ボディーブラシ・ボディ用ブラシ＞＜ブラシフォーバック2012・Brush for Back 2012＞＜バスグッズ＞,★大人気のサボン！★,"★☆大人気のサボン！☆★ <br>
<br>
SABONのバスグッズは、機能はもちろんのこと、<br>
洗練されたデザインでバスルームのインテリアをより華やかにひき立てます。<br>
心まで満たされるバスタイムをSABONのバスグッズとともにお過ごしください。<br>
<br>
■製品特徴<br>
小さめのヘッドの背面用ブラシです。泡立てたソープと共にお使いください。<br>
背中は筋肉や骨の盛り上がりで、思いのほか平らではありません。<br>
小さいヘッドが手の届きにくい背中の隅々まで優しく綺麗に洗い上げます。 <br>
<br>
<br>
※ご注文後のキャンセルはお受けいたしませんので、ご了承ください。",♪【SABON】　サボン　背面用ブラシ2012＜ボディブラシ・ボディーブラシ・ボディ用ブラシ＞＜ブラシフォーバック2012・Brush for Back 2012＞＜バスグッズ＞：コスメショップ　リテイラー,BOBBI BROWNALBION♪【SABON】　サボン　背面用ブラシ2012＜ボディブラシ・ボディーブラシ・ボディ用ブラシ＞＜ブラシフォーバック2012・Brush for Back 2012＞＜バスグッズ＞,★大人気のサボン！★。♪【SABON】　サボン　背面用ブラシ2012＜ボディブラシ・ボディーブラシ・ボディ用ブラシ＞＜ブラシフォーバック2012・Brush for Back 2012＞＜バスグッズ＞[rn]
15-33276,http://tshop.r10s.jp/retailer/cabinet/sabon/sabon-301_01.jpg?fitin=700:700,1600.0000,,美容・コスメ・香水 > ボディケア > その他,♪【SABON】　サボンフットブラシウォッシュストーンフットスクレーパー＜あし用ブラシ＞＜バスグッズ＞＜両面ブラシ＞＜Foot Brush+Stone+Scraper Double Side＞,★大人気のサボン！★,"★☆大人気のサボン！☆★ <br>
<br>
SABONのバスグッズは、機能はもちろんのこと、<br>
洗練されたデザインでバスルームのインテリアをより華やかにひき立てます。<br>
心まで満たされるバスタイムをSABONのバスグッズとともにお過ごしください。<br>
<br>
■製品特徴<br>
フット用のブラシ、ウォッシュストーン（軽石）、<br>
やすりがセットになったブラシです。<br>
たまりがちな足裏の汚れや角質をより効果的に取り除きます。 <br>
<br>
<br>
※ご注文後のキャンセルはお受けいたしませんので、ご了承ください。",♪【SABON】　サボンフットブラシウォッシュストーンフットスクレーパー＜あし用ブラシ＞＜バスグッズ＞＜両面ブラシ＞＜Foot Brush+Stone+Scraper Double Side＞：コスメショップ　リテイラー,BOBBI BROWNALBION♪【SABON】　サボンフットブラシウォッシュストーンフットスクレーパー＜あし用ブラシ＞＜バスグッズ＞＜両面ブラシ＞＜Foot Brush+Stone+Scraper Double Side＞,★大人気のサボン！★。♪【SABON】　サボンフットブラシウォッシュストーンフットスクレーパー＜あし用ブラシ＞＜バスグッズ＞＜両面ブラシ＞＜Foot Brush+Stone+Scraper Double Side＞[rn]
15-33277,http://tshop.r10s.jp/retailer/cabinet/oth2/oth-801_02.jpg?fitin=700:700,7680.0000,,美容・コスメ・香水 > ボディケア > その他,♪コットン付【ENVIRON】エンビロン　モイスチャーACEオイル 100ml＜ボディ用保湿オイル＞＜インテンシブシリーズ・エンビロン化粧品＞,発送までに10日ほどかかります,"美肌をよびさますスペシャルケア用保湿オイル。<br>
気になるエイジングサインに。<br>
ハリとうるおいを与え、肌の奥から輝きを高めます。<br><br>※こちらの商品は発送まで約10日ほどお時間を頂戴いたします。<br>
※ご注文後のキャンセルはお受けいたしませんので、ご了承ください。",♪コットン付【ENVIRON】エンビロン　モイスチャーACEオイル 100ml＜ボディ用保湿オイル＞＜インテンシブシリーズ・エンビロン化粧品＞：コスメショップ　リテイラー,BOBBI BROWNALBION♪コットン付【ENVIRON】エンビロン　モイスチャーACEオイル 100ml＜ボディ用保湿オイル＞＜インテンシブシリーズ・エンビロン化粧品＞,発送までに10日ほどかかります。♪コットン付【ENVIRON】エンビロン　モイスチャーACEオイル 100ml＜ボディ用保湿オイル＞＜インテンシブシリーズ・エンビロン化粧品＞[rn]
15-33278,http://tshop.r10s.jp/retailer/cabinet/paul/pau-256_01.jpg?fitin=700:700,2400.0000,,美容・コスメ・香水 > ボディケア > その他,♪ポール&ジョー ＜ＰＡＵＬ＆ＪＯＥ＞スムージングボディオイル　100ml＜ボディオイル＞＜ポールアンドジョー＞,☆2014・4・11発売☆,"☆★人気のＰＡＵＬ＆ＪＯＥ★☆<br><br>


ローションみたいに軽やかなテクスチュアのさらさらオイル。<br>
軽い感触のスムースオイルと、うるおいの膜で肌を覆い
ツヤ肌を持続させるモイストキープオイルを配合。<br>
素早い肌なじみ、スムースな肌ざわりなのに、<br>
内側はしっとりとしなやかな肌に整えます。<br>
厳選された7種類の植物オイルがむくみやだるさも解消し、艶めきボディへ。<br><br>
※こちらの商品は発送まで約１週間ほどお時間を頂戴いたします。<br>
※ご注文後のキャンセルはお受けいたしませんので、ご了承ください。",♪ポール&amp;ジョー ＜ＰＡＵＬ＆ＪＯＥ＞スムージングボディオイル　100ml＜ボディオイル＞＜ポールアンドジョー＞：コスメショップ　リテイラー,BOBBI BROWNALBION♪ポール&amp;ジョー ＜ＰＡＵＬ＆ＪＯＥ＞スムージングボディオイル　100ml＜ボディオイル＞＜ポールアンドジョー＞,☆2014・4・11発売☆。♪ポール&amp;ジョー ＜ＰＡＵＬ＆ＪＯＥ＞スムージングボディオイル　100ml＜ボディオイル＞＜ポールアンドジョー＞[rn]
15-33279,http://tshop.r10s.jp/retailer/cabinet/jil/jil-259_02.jpg?fitin=700:700,1920.0000,,美容・コスメ・香水 > ボディケア > その他,♪【JILL STUART】 ジルスチュアート　エンジェルボディパウダー　18ｇ　　＜ボディーパウダー＞,キメ細やかなふんわりパウダーヴェール♪,"★　キメ細やかなふんわりパウダーヴェール　★<br>


さらさら素肌にととのえるボディパウダー
<br>
<br>


スルスルとなめらかにのび、ふんわりやわらかな肌に仕上げるプレストタイプのボディパウダーです。
<br>


厚みのあるパフで心地よく均一にのび、透明感のあるキメ細やかな印象の肌に仕上げます。
<br>


パウダーヴェールが余分な肌の汗や皮脂によるベタつきをおさえて、さらさらの素肌をキープします。
<br>


お出かけ先はもちろん、入浴後やお休み前にもお使いいただけます。
<br>


肌へのやさしさが感じられるマットな質感で、丸みのあるデザイン。<br>


専用パフつき。


<br>
ピュアな甘さとパウダリー感をあわせもつ、スウィートコットンの香り。<br>
<br>


＜使用方法＞
<br>
パフに適量をとり、肌にのばします。<br>
<br>
※こちらの商品は発送まで約１週間ほどお時間を頂戴いたします。<br>
※ご注文後のキャンセルはお受けいたしませんので、ご了承ください。",♪【JILL STUART】 ジルスチュアート　エンジェルボディパウダー　18ｇ　　＜ボディーパウダー＞：コスメショップ　リテイラー,BOBBI BROWNALBION♪【JILL STUART】 ジルスチュアート　エンジェルボディパウダー　18ｇ　　＜ボディーパウダー＞,キメ細やかなふんわりパウダーヴェール♪。♪【JILL STUART】 ジルスチュアート　エンジェルボディパウダー　18ｇ　　＜ボディーパウダー＞[rn]
15-33280,http://tshop.r10s.jp/retailer/cabinet/sabon/sabon-299_01.jpg?fitin=700:700,1600.0000,,美容・コスメ・香水 > ボディケア > その他,欠品中♪【SABON】　サボン　浴用ブラシ2012＜ボディブラシ・ボディーブラシ・ボディ用ブラシ＞＜ブラシフォーバス2012・Brush for Bath 2012＞＜バスグッズ＞,★大人気のサボン！★,"★☆大人気のサボン！☆★ <br>
<br>
SABONのバスグッズは、機能はもちろんのこと、<br>
洗練されたデザインでバスルームのインテリアをより華やかにひき立てます。<br>
心まで満たされるバスタイムをSABONのバスグッズとともにお過ごしください。<br>
<br>
■製品特徴<br>
全身を丸ごと洗える大きなヘッドの浴用ブラシです。<br>
泡立てたソープと共にお使いください。<br>
しっかりとした強さで全身を洗い上げることにより、マッサージ効果も期待できます。<br>
背中など届きにくい所にはBrush for Back 2012との併用がおすすめです。<br>
<br>
<br>
※ご注文後のキャンセルはお受けいたしませんので、ご了承ください。",欠品中♪【SABON】　サボン　浴用ブラシ2012＜ボディブラシ・ボディーブラシ・ボディ用ブラシ＞＜ブラシフォーバス2012・Brush for Bath 2012＞＜バスグッズ＞：コスメショップ　リテイラー,BOBBI BROWNALBION欠品中♪【SABON】　サボン　浴用ブラシ2012＜ボディブラシ・ボディーブラシ・ボディ用ブラシ＞＜ブラシフォーバス2012・Brush for Bath 2012＞＜バスグッズ＞,★大人気のサボン！★。欠品中♪【SABON】　サボン　浴用ブラシ2012＜ボディブラシ・ボディーブラシ・ボディ用ブラシ＞＜ブラシフォーバス2012・Brush for Bath 2012＞＜バスグッズ＞[rn]
15-33281,http://tshop.r10s.jp/retailer/cabinet/sabon/sabon-302_01.jpg?fitin=700:700,1600.0000,,美容・コスメ・香水 > ボディケア > その他,♪【SABON】　サボン　フットスクレーパー＜あし用やすり・フット用やすり＞＜フットケア＞＜バスグッズ＞＜Foot Scraper＞,★大人気のサボン！★,"★☆大人気のサボン！☆★ <br>
<br>
SABONのバスグッズは、機能はもちろんのこと、<br>
洗練されたデザインでバスルームのインテリアをより華やかにひき立てます。<br>
心まで満たされるバスタイムをSABONのバスグッズとともにお過ごしください。<br>
<br>
■製品特徴<br>
フット用のやすりです。<br>
力を込めやすい長さの柄で、足裏の角質を効果的に取り除きます。<br>
<br>
<br>
※ご注文後のキャンセルはお受けいたしませんので、ご了承ください。",♪【SABON】　サボン　フットスクレーパー＜あし用やすり・フット用やすり＞＜フットケア＞＜バスグッズ＞＜Foot Scraper＞：コスメショップ　リテイラー,BOBBI BROWNALBION♪【SABON】　サボン　フットスクレーパー＜あし用やすり・フット用やすり＞＜フットケア＞＜バスグッズ＞＜Foot Scraper＞,★大人気のサボン！★。♪【SABON】　サボン　フットスクレーパー＜あし用やすり・フット用やすり＞＜フットケア＞＜バスグッズ＞＜Foot Scraper＞[rn]
15-33282,http://tshop.r10s.jp/kenkoex/cabinet/1240/45154027.jpg?fitin=700:700,240.0000,,美容・コスメ・香水 > ボディケア > その他,[MOC] ナースフレンド モイストケアジェル ミニ 25g（ナースフレンド ハンドクリーム）,MOC ナースフレンド モイストケアジェル ミニ 25g,"メーカー別 &gt; ア行 &gt; 【エ】 &gt; エムオーシー（MOC）<br>
化粧品 &gt; 化粧品一覧 &gt; ハンドケア<br>
<br><img src=""https://image.rakuten.co.jp/com/img/rms/cabinet/recommend_new/img00000444.gif"" border=""0"" width=""100%"" /><br>

<b>
ナースの声に応えて登場した、働く手をやさしくいたわるモイストジェル。
</b>
<table>
<tr>
<td>
●医療従事者の声をもとに、安全性から使用感、塗布後の作業性に至るまで追及したモイストケアジェル。<br>
●保湿効果に優れた天然保湿因子（NMF）配合。<br>
●塗布後の肌がベタつかず手仕事を妨げません。<br>
●無香料、無着色、ノンアルコール
</td>
</tr>
</table>
<img src=""http://image.rakuten.co.jp/kenkoex/cabinet/renewal_attention.jpg""  width=""100%"" />
<img src=""http://image.rakuten.co.jp/kenkoex/cabinet/mailbin_80.jpg"" width=""100%"" /><br>
<table>
<tr>
<th>内容量</th>
<td>
25g
</td>
</tr>
<tr>
<th>全成分</th>
<td>
水、グリセリン、BG、カルボマー、ジメチコンコポリオール、ジメチコン、水酸化K、アラントイン、ヒアルロン酸Na、ラフィノース、ケープアロエエキス、PCA-Na、ソルビトール、ベタイン、グリシン、アラニン、プロリン、セリン、トレオニン、アルギニン、リシン、グルタミン酸、メチルパラベン、プロピルパラベン
</td>
</tr>
<tr>
<th>使用上の注意</th>
<td>
・傷、はれもの、湿疹等異常のあるときは、お使いにならないでください。<br>
・使用中または使用後日光にあたって、赤み・はれ・かゆみ・刺激等の異常が現れたときは、使用を中止し、皮膚科専門医等へご相談ください。続けてお使いになりますと悪化させることがあります。<br>
・目に入らないようにご注意ください。目に入った場合はこすらずにすぐに洗い流してください。目に異常が残るようでしたら、眼科専門医等へご相談ください。<br>
・ご使用後は必ずしっかりとキャップをしめてください。<br>
・乳幼児の手の届かないところに保管してください。<br>
・極端に高温または低温の場所、直射日光のあたる場所に保管しないでください。
</td>
</tr>
<tr>
<th>製造元</th>
<td>
MOC
</td>
</tr>
<tr>
<th>検索用文言</th>
<td>
[MOC] ナースフレンド モイストケアジェル ミニ 25g（ナースフレンド/ハンドクリーム）,ハンドケア,ハンドクリーム
</td>
</tr>
<tr>
<th>広告文責</th>
<td>
株式会社ケンコーエクスプレス TEL:03-6411-5513
</td>
</tr>
</table><hr>■お届け方法はこちらをクリック <br>",[MOC] ナースフレンド モイストケアジェル ミニ 25g（ナースフレンド ハンドクリーム）：健康エクスプレス,アガリクス仙生露メシマコブ花びらたけAHCCアロエ松寿仙コエンザイム健康エクスプレスCPLRoCもずくフコイダンレンチン万田酵素プロポリスシーフコイダンウコン黒酢ルミンA[MOC] ナースフレンド モイストケアジェル ミニ 25g（ナースフレンド ハンドクリーム）,MOC ナースフレンド モイストケアジェル ミニ 25g。[MOC] ナースフレンド モイストケアジェル ミニ 25g（ナースフレンド ハンドクリーム）[rn]
15-33283,http://tshop.r10s.jp/dtc/cabinet/20160404a/4560314707881.jpg?fitin=700:700,512.0000,,美容・コスメ・香水 > ボディケア > その他,ジャパンゲートウエイメルサボン モイストボディウォッシュ フローラルハーブ つめかえ用 (400ml) (ﾒﾙｻﾎﾞﾝRﾎﾞﾃﾞｨWﾌﾛ),,【ボディソープ】メルサボンRボディW フローラルハーブ替,ジャパンゲートウエイメルサボン モイストボディウォッシュ フローラルハーブ つめかえ用 (400ml) (ﾒﾙｻﾎﾞﾝRﾎﾞﾃﾞｨWﾌﾛ)：ソフマップ楽天市場店,ソフマップSofmapパソコンタブレットPCHDDアセンブリパーツパソコンパーツテレビゲームブルーレイソフトDVDソフト液晶テレビブルーレイディスクレコーダーデジタル一眼レフカメラデジタルカメラ家電時計中古アウトレットiPadiPhoneジャパンゲートウエイメルサボン モイストボディウォッシュ フローラルハーブ つめかえ用 (400ml) (ﾒﾙｻﾎﾞﾝRﾎﾞﾃﾞｨWﾌﾛ),ジャパンゲートウエイメルサボン モイストボディウォッシュ フローラルハーブ つめかえ用 (400ml) (ﾒﾙｻﾎﾞﾝRﾎﾞﾃﾞｨWﾌﾛ)[rn]
15-33284,http://tshop.r10s.jp/dtc/cabinet/20170207n5/4901301289360.jpg?fitin=700:700,499.2000,,美容・コスメ・香水 > ボディケア > その他,花王【キュレル(curel)】ボディウォッシュ つめかえ用(360ml) (ｷｭﾚﾙﾎﾞﾃﾞｨWﾂﾒｶｴ),,肌の必須成分「セラミド」を守りながら、肌荒れの原因ともなる汗や汚れをすっきり洗い流します。,花王【キュレル(curel)】ボディウォッシュ つめかえ用(360ml) (ｷｭﾚﾙﾎﾞﾃﾞｨWﾂﾒｶｴ)：ソフマップ楽天市場店,ソフマップSofmapパソコンタブレットPCHDDアセンブリパーツパソコンパーツテレビゲームブルーレイソフトDVDソフト液晶テレビブルーレイディスクレコーダーデジタル一眼レフカメラデジタルカメラ家電時計中古アウトレットiPadiPhone花王【キュレル(curel)】ボディウォッシュ つめかえ用(360ml) (ｷｭﾚﾙﾎﾞﾃﾞｨWﾂﾒｶｴ),花王【キュレル(curel)】ボディウォッシュ つめかえ用(360ml) (ｷｭﾚﾙﾎﾞﾃﾞｨWﾂﾒｶｴ)[rn]
15-33285,http://tshop.r10s.jp/dtc/cabinet/20160404a/4901301289384.jpg?fitin=700:700,584.0000,,美容・コスメ・香水 > ボディケア > その他,花王【キュレル(curel)】泡ボディウォッシュ つめかえ用(380ml) (ｷｭﾚﾙｱﾜBWｶｴ),,泡で出るタイプのボディウォッシュ。,花王【キュレル(curel)】泡ボディウォッシュ つめかえ用(380ml) (ｷｭﾚﾙｱﾜBWｶｴ)：ソフマップ楽天市場店,ソフマップSofmapパソコンタブレットPCHDDアセンブリパーツパソコンパーツテレビゲームブルーレイソフトDVDソフト液晶テレビブルーレイディスクレコーダーデジタル一眼レフカメラデジタルカメラ家電時計中古アウトレットiPadiPhone花王【キュレル(curel)】泡ボディウォッシュ つめかえ用(380ml) (ｷｭﾚﾙｱﾜBWｶｴ),花王【キュレル(curel)】泡ボディウォッシュ つめかえ用(380ml) (ｷｭﾚﾙｱﾜBWｶｴ)[rn]
15-33286,http://tshop.r10s.jp/dtc/cabinet/20160601a/4901301305138.jpg?fitin=700:700,415.2000,,美容・コスメ・香水 > ボディケア > その他,花王ビオレ さらさらUV パーフェクトブライトミルク SPF50+ PA++++ 30ml (ﾋﾞｵﾚｻﾗUVPﾌﾞﾗｲﾄM),,ビオレ さらさらuv パーフェクトブライトミルク spf50+ pa++++ 30ml,花王ビオレ さらさらUV パーフェクトブライトミルク SPF50+ PA++++ 30ml (ﾋﾞｵﾚｻﾗUVPﾌﾞﾗｲﾄM)：ソフマップ楽天市場店,ソフマップSofmapパソコンタブレットPCHDDアセンブリパーツパソコンパーツテレビゲームブルーレイソフトDVDソフト液晶テレビブルーレイディスクレコーダーデジタル一眼レフカメラデジタルカメラ家電時計中古アウトレットiPadiPhone花王ビオレ さらさらUV パーフェクトブライトミルク SPF50+ PA++++ 30ml (ﾋﾞｵﾚｻﾗUVPﾌﾞﾗｲﾄM),花王ビオレ さらさらUV パーフェクトブライトミルク SPF50+ PA++++ 30ml (ﾋﾞｵﾚｻﾗUVPﾌﾞﾗｲﾄM)[rn]
15-33287,http://tshop.r10s.jp/dtc/cabinet/20170127n5/4971710387056.jpg?fitin=700:700,457.6000,,美容・コスメ・香水 > ボディケア > その他,コーセーコスメポート【サンカット】ウルトラUV パーフェクトジェル 無香料 SPF50+ PA++++ 100g〔日焼け止め〕 (ｻﾝｶｯﾄｼﾞｪﾙWP),,［ＳＰＦ５０＋ＰＡ＋＋＋＋］汗・水・皮脂に強いウォータープルーフで、さらさら快適な使用感の日やけ止めジェル。強烈紫外線Ａ波・Ｂ波を長時間ブロックし、日やけによるシミ・そばかすを防ぎます。,コーセーコスメポート【サンカット】ウルトラUV パーフェクトジェル 無香料 SPF50+ PA++++ 100g〔日焼け止め〕 (ｻﾝｶｯﾄｼﾞｪﾙWP)：ソフマップ楽天市場店,ソフマップSofmapパソコンタブレットPCHDDアセンブリパーツパソコンパーツテレビゲームブルーレイソフトDVDソフト液晶テレビブルーレイディスクレコーダーデジタル一眼レフカメラデジタルカメラ家電時計中古アウトレットiPadiPhoneコーセーコスメポート【サンカット】ウルトラUV パーフェクトジェル 無香料 SPF50+ PA++++ 100g〔日焼け止め〕 (ｻﾝｶｯﾄｼﾞｪﾙWP),コーセーコスメポート【サンカット】ウルトラUV パーフェクトジェル 無香料 SPF50+ PA++++ 100g〔日焼け止め〕 (ｻﾝｶｯﾄｼﾞｪﾙWP)[rn]
15-33288,http://tshop.r10s.jp/dtc/cabinet/20160601a/4901301305176.jpg?fitin=700:700,454.4000,,美容・コスメ・香水 > ボディケア > その他,花王ビオレ さらさらUV アクアリッチ 美白エッセンス SPF50+ PA++++ 33g (ﾋﾞｵﾚUVｱｸｱﾋﾞﾊｸ),,ビオレ さらさらuv アクアリッチ 美白エッセンス spf50+ pa++++ 33g,花王ビオレ さらさらUV アクアリッチ 美白エッセンス SPF50+ PA++++ 33g (ﾋﾞｵﾚUVｱｸｱﾋﾞﾊｸ)：ソフマップ楽天市場店,ソフマップSofmapパソコンタブレットPCHDDアセンブリパーツパソコンパーツテレビゲームブルーレイソフトDVDソフト液晶テレビブルーレイディスクレコーダーデジタル一眼レフカメラデジタルカメラ家電時計中古アウトレットiPadiPhone花王ビオレ さらさらUV アクアリッチ 美白エッセンス SPF50+ PA++++ 33g (ﾋﾞｵﾚUVｱｸｱﾋﾞﾊｸ),花王ビオレ さらさらUV アクアリッチ 美白エッセンス SPF50+ PA++++ 33g (ﾋﾞｵﾚUVｱｸｱﾋﾞﾊｸ)[rn]
15-33289,http://tshop.r10s.jp/dtc/cabinet/20170127n5/4973512257797.jpg?fitin=700:700,337.6000,,美容・コスメ・香水 > ボディケア > その他,サラヤ【arau(アラウ)】泡ハンドソープ つめかえ用（500ml）〔ベビーソープ〕 (ARAUｱﾜﾊﾝﾄﾞｿｰﾌﾟﾂ),,リキャップ可能なａｒａｕ．泡ハンドソープ２回分つめかえパック。きめ細かな泡が手肌をやさしくつつみこみます。ラベンダー＆ライムの天然精油配合、シソ＆ローズマリーエキス配合。,サラヤ【arau(アラウ)】泡ハンドソープ つめかえ用（500ml）〔ベビーソープ〕 (ARAUｱﾜﾊﾝﾄﾞｿｰﾌﾟﾂ)：ソフマップ楽天市場店,ソフマップSofmapパソコンタブレットPCHDDアセンブリパーツパソコンパーツテレビゲームブルーレイソフトDVDソフト液晶テレビブルーレイディスクレコーダーデジタル一眼レフカメラデジタルカメラ家電時計中古アウトレットiPadiPhoneサラヤ【arau(アラウ)】泡ハンドソープ つめかえ用（500ml）〔ベビーソープ〕 (ARAUｱﾜﾊﾝﾄﾞｿｰﾌﾟﾂ),サラヤ【arau(アラウ)】泡ハンドソープ つめかえ用（500ml）〔ベビーソープ〕 (ARAUｱﾜﾊﾝﾄﾞｿｰﾌﾟﾂ)[rn]
15-33290,http://tshop.r10s.jp/dtc/cabinet/20160601a/4901301298706.jpg?fitin=700:700,554.4000,,美容・コスメ・香水 > ボディケア > その他,花王【NIVEA（ニベア）】サン プロテクトウォータージェル SPF50 PA+++ つめかえ用 125g (NｻﾝWｼﾞｪﾙ50ｶｴ),,ニベアサン プロテクトウォータージェル spf50 pa+++ つめかえ用 125g,花王【NIVEA（ニベア）】サン プロテクトウォータージェル SPF50 PA+++ つめかえ用 125g (NｻﾝWｼﾞｪﾙ50ｶｴ)：ソフマップ楽天市場店,ソフマップSofmapパソコンタブレットPCHDDアセンブリパーツパソコンパーツテレビゲームブルーレイソフトDVDソフト液晶テレビブルーレイディスクレコーダーデジタル一眼レフカメラデジタルカメラ家電時計中古アウトレットiPadiPhone花王【NIVEA（ニベア）】サン プロテクトウォータージェル SPF50 PA+++ つめかえ用 125g (NｻﾝWｼﾞｪﾙ50ｶｴ),花王【NIVEA（ニベア）】サン プロテクトウォータージェル SPF50 PA+++ つめかえ用 125g (NｻﾝWｼﾞｪﾙ50ｶｴ)[rn]
15-33291,http://tshop.r10s.jp/dtc/cabinet/20160620a/4901872818952.jpg?fitin=700:700,385.6000,,美容・コスメ・香水 > ボディケア > その他,資生堂【専科】 ミネラルウォーターでつくったＵＶジェル SPF50 40mL (センカMWUVSPF50),,ミネラルウォーターを使用し、確かな紫外線防止効果と、お肌にやさしいつけ心地を実現した日やけ止めです。<br>透明UVブロック成分で、紫外線A波B波をしっかりカット。<br>みずみずしく広がって白残りせず、素肌感覚で使用できます。<br>ベビーパウダー配合で、赤ちゃん肌のようなすべすべの感触が持続します。<br>炎天下でのスポーツ、レジャーに。<br><br>【香り表示】<br>無香料<br><br>【使用方法】<br>●2層タイプなので、よく振ってからお使いください。<br>●顔や首には。朝のお手入れの最後に適量にとり、ていねいになじませます。からだには、容器から直接肌の上に線状にとり、手のひらで円を描くようにムラなくなじませます。<br>●使用量が少ないと、十分な紫外線防御効果が得られません。<br>●汗をかいたり、タオルで拭いた後などは必要に応じで塗りなおしてください。<br>●落とすときには、普段お使いの洗浄料で、ていねいに洗い流してください。<br><br>【使用上の注意】<br>◇お肌に傷やはれもの・湿しん・色抜け（白斑等）や黒ずみなどの異常が生じていないかよく注意して使用してください。お肌に合わないときは、使用を中止し、皮ふ科医などにご相談ください。<br>◇目に入らないようにご注意ください。目に入った場合は、すぐに水かぬるま湯で洗い流してください。<br>◇衣服についた場合はすぐに洗剤でていねいに洗って下さい。洗う際には、塩素系漂白剤のご使用はさけてください。 傷やはれもの・湿しん・かぶれ・ただれ・色素異常などの症状がある部位にはお使いにならないでください。また、赤み・はれ・かゆみ・しげきなどの異常があらわれた場合は、ご使用をおやめください。続けてお使いになりますと悪化させることがあります。目に入らないようご注意ください。もし入った場合はすぐに水かぬるま湯で洗い流してください。,資生堂【専科】 ミネラルウォーターでつくったＵＶジェル SPF50 40mL (センカMWUVSPF50)：ソフマップ楽天市場店,ソフマップSofmapパソコンタブレットPCHDDアセンブリパーツパソコンパーツテレビゲームブルーレイソフトDVDソフト液晶テレビブルーレイディスクレコーダーデジタル一眼レフカメラデジタルカメラ家電時計中古アウトレットiPadiPhone資生堂【専科】 ミネラルウォーターでつくったＵＶジェル SPF50 40mL (センカMWUVSPF50),資生堂【専科】 ミネラルウォーターでつくったＵＶジェル SPF50 40mL (センカMWUVSPF50)[rn]
15-33292,http://tshop.r10s.jp/dtc/cabinet/20170127n4/4901730080811.jpg?fitin=700:700,475.2000,,美容・コスメ・香水 > ボディケア > その他,ジョンソン&ジョンソン【ジョンソンベビー】すやすやタイム ベビー全身シャンプー 泡タイプ つめかえ用 （350ml）〔ベビーソープ〕 (ｽﾔｽﾔｳｫｯｼｭｱﾜﾀｲﾌﾟ),,おやすみ前の、ぐずつく赤ちゃんのために開発された、泡タイプの全身洗えるボディウォッシュです。リラックス効果の高いアロマがブレンドされた独自成分「ナチュラルカーム」によって、赤ちゃんがリラックスできます。「すやすやタイム」シリーズを使った、入浴から静かな環境で眠りにつくまでの一連の流れで、赤ちゃんにやすらぎと、すこやかな明日を。,ジョンソン&amp;ジョンソン【ジョンソンベビー】すやすやタイム ベビー全身シャンプー 泡タイプ つめかえ用 （350ml）〔ベビーソープ〕 (ｽﾔｽﾔｳｫｯｼｭｱﾜﾀｲﾌﾟ)：ソフマップ楽天市場店,ソフマップSofmapパソコンタブレットPCHDDアセンブリパーツパソコンパーツテレビゲームブルーレイソフトDVDソフト液晶テレビブルーレイディスクレコーダーデジタル一眼レフカメラデジタルカメラ家電時計中古アウトレットiPadiPhoneジョンソン&amp;ジョンソン【ジョンソンベビー】すやすやタイム ベビー全身シャンプー 泡タイプ つめかえ用 （350ml）〔ベビーソープ〕 (ｽﾔｽﾔｳｫｯｼｭｱﾜﾀｲﾌﾟ),ジョンソン&amp;ジョンソン【ジョンソンベビー】すやすやタイム ベビー全身シャンプー 泡タイプ つめかえ用 （350ml）〔ベビーソープ〕 (ｽﾔｽﾔｳｫｯｼｭｱﾜﾀｲﾌﾟ)[rn]
15-33293,http://tshop.r10s.jp/dtc/cabinet/20161031a/4901301289858.jpg?fitin=700:700,358.4000,,美容・コスメ・香水 > ボディケア > その他,花王【サクセス】 ウェット剃りシェーバー専用ジェル （180g） (ｻｸｾｽWｼｪｰﾊﾞｰｼﾞｪﾙ),,"電気シェーバーでもヒリヒリする方に！
「ウェット剃りができる電気シェーバー」専用のジェル。",花王【サクセス】 ウェット剃りシェーバー専用ジェル （180g） (ｻｸｾｽWｼｪｰﾊﾞｰｼﾞｪﾙ)：ソフマップ楽天市場店,ソフマップSofmapパソコンタブレットPCHDDアセンブリパーツパソコンパーツテレビゲームブルーレイソフトDVDソフト液晶テレビブルーレイディスクレコーダーデジタル一眼レフカメラデジタルカメラ家電時計中古アウトレットiPadiPhone花王【サクセス】 ウェット剃りシェーバー専用ジェル （180g） (ｻｸｾｽWｼｪｰﾊﾞｰｼﾞｪﾙ),花王【サクセス】 ウェット剃りシェーバー専用ジェル （180g） (ｻｸｾｽWｼｪｰﾊﾞｰｼﾞｪﾙ)[rn]
15-33294,http://tshop.r10s.jp/dtc/cabinet/20170207n30/4573199668017.jpg?fitin=700:700,1256.0000,,美容・コスメ・香水 > ボディケア > その他,LUXYGOSSO ゴッソ 鼻用脱毛ワックス 10回分 (ｺﾞｯｿﾊﾅﾖｳﾀﾞﾂﾓｳﾜｯ),,,LUXYGOSSO ゴッソ 鼻用脱毛ワックス 10回分 (ｺﾞｯｿﾊﾅﾖｳﾀﾞﾂﾓｳﾜｯ)：ソフマップ楽天市場店,ソフマップSofmapパソコンタブレットPCHDDアセンブリパーツパソコンパーツテレビゲームブルーレイソフトDVDソフト液晶テレビブルーレイディスクレコーダーデジタル一眼レフカメラデジタルカメラ家電時計中古アウトレットiPadiPhoneLUXYGOSSO ゴッソ 鼻用脱毛ワックス 10回分 (ｺﾞｯｿﾊﾅﾖｳﾀﾞﾂﾓｳﾜｯ),LUXYGOSSO ゴッソ 鼻用脱毛ワックス 10回分 (ｺﾞｯｿﾊﾅﾖｳﾀﾞﾂﾓｳﾜｯ)[rn]
15-33295,http://tshop.r10s.jp/dtc/cabinet/20160404a/4987767625201.jpg?fitin=700:700,500.8000,,美容・コスメ・香水 > ボディケア > その他,持田ヘルスケアコラージュD乾性肌用石鹸 (100g) (ｺﾗｰｼﾞｭDｾｯｹﾝ),,【石鹸】コラージュD乾性肌用石鹸 100g,持田ヘルスケアコラージュD乾性肌用石鹸 (100g) (ｺﾗｰｼﾞｭDｾｯｹﾝ)：ソフマップ楽天市場店,ソフマップSofmapパソコンタブレットPCHDDアセンブリパーツパソコンパーツテレビゲームブルーレイソフトDVDソフト液晶テレビブルーレイディスクレコーダーデジタル一眼レフカメラデジタルカメラ家電時計中古アウトレットiPadiPhone持田ヘルスケアコラージュD乾性肌用石鹸 (100g) (ｺﾗｰｼﾞｭDｾｯｹﾝ),持田ヘルスケアコラージュD乾性肌用石鹸 (100g) (ｺﾗｰｼﾞｭDｾｯｹﾝ)[rn]
15-33296,http://tshop.r10s.jp/dtc/cabinet/20160729a/4902806260137.jpg?fitin=700:700,331.2000,,美容・コスメ・香水 > ボディケア > その他,マンダムギャツビー プレシェーブジェル 140ml (GBﾌﾟﾚｼｪｰﾌﾞｼﾞｪﾙ),,電気シェーバー専用。液ダレなし。刃すべり抜群。,マンダムギャツビー プレシェーブジェル 140ml (GBﾌﾟﾚｼｪｰﾌﾞｼﾞｪﾙ)：ソフマップ楽天市場店,ソフマップSofmapパソコンタブレットPCHDDアセンブリパーツパソコンパーツテレビゲームブルーレイソフトDVDソフト液晶テレビブルーレイディスクレコーダーデジタル一眼レフカメラデジタルカメラ家電時計中古アウトレットiPadiPhoneマンダムギャツビー プレシェーブジェル 140ml (GBﾌﾟﾚｼｪｰﾌﾞｼﾞｪﾙ),マンダムギャツビー プレシェーブジェル 140ml (GBﾌﾟﾚｼｪｰﾌﾞｼﾞｪﾙ)[rn]
15-33297,http://tshop.r10s.jp/dtc/cabinet/20170207n5/4901301290762.jpg?fitin=700:700,340.8000,,美容・コスメ・香水 > ボディケア > その他,花王ビオレu 泡で出てくるボディウォッシュ つめかえ用 (480ml) (ﾋﾞｵﾚUｱﾜBWｶｴ),,家族みんなで使える、泡で出てくる弱酸性のボディウォッシュ。きめ細かいふんわり泡で、やさしく手のひら洗いでき、ゴシゴシこすらなくても、汗や汚れをきちんと落とせます。赤ちゃんにも使えます。,花王ビオレu 泡で出てくるボディウォッシュ つめかえ用 (480ml) (ﾋﾞｵﾚUｱﾜBWｶｴ)：ソフマップ楽天市場店,ソフマップSofmapパソコンタブレットPCHDDアセンブリパーツパソコンパーツテレビゲームブルーレイソフトDVDソフト液晶テレビブルーレイディスクレコーダーデジタル一眼レフカメラデジタルカメラ家電時計中古アウトレットiPadiPhone花王ビオレu 泡で出てくるボディウォッシュ つめかえ用 (480ml) (ﾋﾞｵﾚUｱﾜBWｶｴ),花王ビオレu 泡で出てくるボディウォッシュ つめかえ用 (480ml) (ﾋﾞｵﾚUｱﾜBWｶｴ)[rn]
15-33298,http://tshop.r10s.jp/dtc/cabinet/20170127n4/4902111740744.jpg?fitin=700:700,238.4000,,美容・コスメ・香水 > ボディケア > その他,ユニリーバJCMダヴ ボディウォッシュ プレミアム モイスチャーケア つめかえ用 360ｇ (ﾀﾞｳﾞBWﾓｲｽﾁｬｰｹｱｶ),,うるおい成分が肌の深層※まで浸透し、乾燥の原因に働きかけます。ダヴ史上最高※※のうるおい処方は、高保湿ミルク※※※配合の深層※保湿ケア。※角質層※※ダヴ液体ボディウォッシュ史上において※※※ステアリン酸、グリセリン水溶液、ココイルグリシンK（うるおい成分,ユニリーバJCMダヴ ボディウォッシュ プレミアム モイスチャーケア つめかえ用 360ｇ (ﾀﾞｳﾞBWﾓｲｽﾁｬｰｹｱｶ)：ソフマップ楽天市場店,ソフマップSofmapパソコンタブレットPCHDDアセンブリパーツパソコンパーツテレビゲームブルーレイソフトDVDソフト液晶テレビブルーレイディスクレコーダーデジタル一眼レフカメラデジタルカメラ家電時計中古アウトレットiPadiPhoneユニリーバJCMダヴ ボディウォッシュ プレミアム モイスチャーケア つめかえ用 360ｇ (ﾀﾞｳﾞBWﾓｲｽﾁｬｰｹｱｶ),ユニリーバJCMダヴ ボディウォッシュ プレミアム モイスチャーケア つめかえ用 360ｇ (ﾀﾞｳﾞBWﾓｲｽﾁｬｰｹｱｶ)[rn]
15-33299,http://tshop.r10s.jp/dtc/cabinet/20170207n22/4987241128600.jpg?fitin=700:700,403.2000,,美容・コスメ・香水 > ボディケア > その他,ロート製薬デ･オウ薬用クレンジングウォッシュ 替250ml (ﾃﾞｵｳｸﾚﾝｼﾞﾝｸﾞWｶｴ),　,男のニオイが気になる体を徹底洗浄するジェルのクレンジングウォッシュ。イヤなニオイや汚れをイオンポリマー配合の泡が肌から浮かし、薬用炭が吸着することですっきり落とします！さらに、殺菌成分とニオイベール効果で、肌を清潔・快適に保ちます。,ロート製薬デ･オウ薬用クレンジングウォッシュ 替250ml (ﾃﾞｵｳｸﾚﾝｼﾞﾝｸﾞWｶｴ)：ソフマップ楽天市場店,ソフマップSofmapパソコンタブレットPCHDDアセンブリパーツパソコンパーツテレビゲームブルーレイソフトDVDソフト液晶テレビブルーレイディスクレコーダーデジタル一眼レフカメラデジタルカメラ家電時計中古アウトレットiPadiPhoneロート製薬デ･オウ薬用クレンジングウォッシュ 替250ml (ﾃﾞｵｳｸﾚﾝｼﾞﾝｸﾞWｶｴ),　。ロート製薬デ･オウ薬用クレンジングウォッシュ 替250ml (ﾃﾞｵｳｸﾚﾝｼﾞﾝｸﾞWｶｴ)[rn]
15-33300,http://tshop.r10s.jp/dtc/cabinet/20160404a/4987107615930.jpg?fitin=700:700,652.0000,,美容・コスメ・香水 > ボディケア > その他,第一三共ヘルスケアミノン 薬用全身シャンプー しっとりタイプ つめかえ用 (380ml) (ﾐﾉﾝｾﾞﾝｼﾝｼｬﾝﾌﾟｰｼ),,敏感肌・乾燥肌の方へ,第一三共ヘルスケアミノン 薬用全身シャンプー しっとりタイプ つめかえ用 (380ml) (ﾐﾉﾝｾﾞﾝｼﾝｼｬﾝﾌﾟｰｼ)：ソフマップ楽天市場店,ソフマップSofmapパソコンタブレットPCHDDアセンブリパーツパソコンパーツテレビゲームブルーレイソフトDVDソフト液晶テレビブルーレイディスクレコーダーデジタル一眼レフカメラデジタルカメラ家電時計中古アウトレットiPadiPhone第一三共ヘルスケアミノン 薬用全身シャンプー しっとりタイプ つめかえ用 (380ml) (ﾐﾉﾝｾﾞﾝｼﾝｼｬﾝﾌﾟｰｼ),第一三共ヘルスケアミノン 薬用全身シャンプー しっとりタイプ つめかえ用 (380ml) (ﾐﾉﾝｾﾞﾝｼﾝｼｬﾝﾌﾟｰｼ)[rn]
