14-171501,http://tshop.r10s.jp/belluna/cabinet/obrs-5/709050-1.jpg?fitin=700:700,4472.0000,,靴 > レディース靴 > サンダル > ストラップ,サンダル S(22.0～22.5cm) M(23.0～23.5cm) LL(24.5cm) L(24.0cm)＜ヌーベル　ヴォーグ　リラックス＞型押しベルトデザインサンダル　ベルーナ ラナン Ranan 30代 40代 ファッション レディース,,"<table border=""0"" cellspacing=""3"" cellpadding=""5"" align=""center""></table><br><table border=""0"" cellspacing=""10"" cellpadding=""10"" width=""100%"" align=""center""><tr><td bgcolor=""#e5e5e5""><font color=""#000"">仕様</font></td></tr><tr><td>◎ クッション中敷品質／合皮 ヒール高さ：約7cm スナップ式<br>※ 商品によって柄の出方が若干異なる場合がございます。</td></tr><tr><td bgcolor=""#e5e5e5""><font color=""#000"">商品説明</font></td></tr><tr><td>型押しを施した斜めストラップが印象的。太めのヒールと足をしっかりホールドするデザインが快適歩行をサポート。</td></tr></table>",サンダル S(22.0～22.5cm) M(23.0～23.5cm) LL(24.5cm) L(24.0cm)＜ヌーベル　ヴォーグ　リラックス＞型押しベルトデザインサンダル　ベルーナ ラナン Ranan 30代 40代 ファッション レディース：ベルーナ,通信販売通販ショッピングオンラインショッピング買い物プレゼントギフト贈り物贈答品お中元お歳暮お買い得40代 50代 60代ベルーナレディースファッションミセスチュニック大きいサイズスーツフォーマルワンピースコートシニア入園 入学 卒園 卒業ベルーナ セールベルーナ アウトレットワイズ 4Eパンツコート米沢織ジャケットサンダル S(22.0～22.5cm) M(23.0～23.5cm) LL(24.5cm) L(24.0cm)＜ヌーベル　ヴォーグ　リラックス＞型押しベルトデザインサンダル　ベルーナ ラナン Ranan 30代 40代 ファッション レディース,2017夏新着 【送料無料】。サンダル S(22.0～22.5cm) M(23.0～23.5cm) LL(24.5cm) L(24.0cm)＜ヌーベル　ヴォーグ　リラックス＞型押しベルトデザインサンダル　ベルーナ ラナン Ranan 30代 40代 ファッション レディース[rn]
14-171502,http://tshop.r10s.jp/ryuryu-shop/cabinet/obrv-5/200883-1.jpg?fitin=700:700,3192.0000,,靴 > レディース靴 > サンダル > ストラップ,サンダル レディース 夏 S(22.0～22.5cm) M(23.0～23.5cm) LL(24.5cm) L(24.0cm)サイズレザー調フラットサンダル ryuryu リュリュ 30代 ファッション レディース,,"<table border=""0"" cellspacing=""10"" cellpadding=""10"" width=""100%"" align=""center""><tr><td bgcolor=""#e5e5e5""><font color=""#000"">仕様</font></td></tr><tr><td>■ ヒール高さ(cm)／約1.6<br>■ 品質／合皮スムース<br>■ 2E程度<br>※ 商品の特性上、色・ムラ感が多少異なる場合があります。<br></td></tr><tr><td bgcolor=""#e5e5e5""><font color=""#000"">商品説明</font></td></tr><tr><td>足あたりの良いやわらかなレザー調の合皮使いがこなれ感のあるサンダル。ペタンコでふかふか中敷きを使用しているので、履き心地も良く歩きやすさにもこだわった1足。</td></tr></table>",サンダル レディース 夏 S(22.0～22.5cm) M(23.0～23.5cm) LL(24.5cm) L(24.0cm)サイズレザー調フラットサンダル ryuryu リュリュ 30代 ファッション レディース：RyuRyu（リュリュ）,通信販売通販ショッピングオンラインショッピング買い物プレゼントギフト贈り物贈答品お中元お歳暮お買い得入学式　スーツ　ママRyuRyu(リュリュ)30代 40代ファッションワンピースレディースセットスーツパンツアンサンブルアウトレットセールパンツコート春 夏 秋 冬入園 入学 卒園 卒業ミディアムチュニックカットソー大人トップスサンダル レディース 夏 S(22.0～22.5cm) M(23.0～23.5cm) LL(24.5cm) L(24.0cm)サイズレザー調フラットサンダル ryuryu リュリュ 30代 ファッション レディース,2017夏新着。サンダル レディース 夏 S(22.0～22.5cm) M(23.0～23.5cm) LL(24.5cm) L(24.0cm)サイズレザー調フラットサンダル ryuryu リュリュ 30代 ファッション レディース[rn]
14-171503,http://tshop.r10s.jp/belluna/cabinet/obrs-5/708970-1.jpg?fitin=700:700,3192.0000,,靴 > レディース靴 > サンダル > ストラップ,サンダル S(22.5cm) M(23.0～23.5cm) LL(24.5cm) L(24.0cm)配色デザインベルトサンダル　ベルーナ ラナン Ranan 30代 40代 ファッション レディース,,"<table border=""0"" cellspacing=""3"" cellpadding=""5"" align=""center""></table><br><table border=""0"" cellspacing=""10"" cellpadding=""10"" width=""100%"" align=""center""><tr><td bgcolor=""#e5e5e5""><font color=""#000"">仕様</font></td></tr><tr><td>◎ クッション中敷品質／合皮 ヒール高さ：約5cm</td></tr><tr><td bgcolor=""#e5e5e5""><font color=""#000"">商品説明</font></td></tr><tr><td>太めヒールとメタリックカラー使いの配色デザインがおしゃれ。履くだけでクールで洗練された印象に。</td></tr></table>",サンダル S(22.5cm) M(23.0～23.5cm) LL(24.5cm) L(24.0cm)配色デザインベルトサンダル　ベルーナ ラナン Ranan 30代 40代 ファッション レディース：ベルーナ,通信販売通販ショッピングオンラインショッピング買い物プレゼントギフト贈り物贈答品お中元お歳暮お買い得40代 50代 60代ベルーナレディースファッションミセスチュニック大きいサイズスーツフォーマルワンピースコートシニア入園 入学 卒園 卒業ベルーナ セールベルーナ アウトレットワイズ 4Eパンツコート米沢織ジャケットサンダル S(22.5cm) M(23.0～23.5cm) LL(24.5cm) L(24.0cm)配色デザインベルトサンダル　ベルーナ ラナン Ranan 30代 40代 ファッション レディース,2017夏新着。サンダル S(22.5cm) M(23.0～23.5cm) LL(24.5cm) L(24.0cm)配色デザインベルトサンダル　ベルーナ ラナン Ranan 30代 40代 ファッション レディース[rn]
14-171504,http://tshop.r10s.jp/belluna/cabinet/obrs-5/708960-1.jpg?fitin=700:700,3192.0000,,靴 > レディース靴 > サンダル > ストラップ,サンダル S(22.5cm) M(23.0～23.5cm) LL(24.5cm) L(24.0cm)シンプルベルトウェッジサンダル　ベルーナ ラナン Ranan 30代 40代 ファッション レディース,,"<table border=""0"" cellspacing=""3"" cellpadding=""5"" align=""center""></table><br><table border=""0"" cellspacing=""10"" cellpadding=""10"" width=""100%"" align=""center""><tr><td bgcolor=""#e5e5e5""><font color=""#000"">仕様</font></td></tr><tr><td>品質／合皮 ヒール高さ：約4cm 後ファスナー付</td></tr><tr><td bgcolor=""#e5e5e5""><font color=""#000"">商品説明</font></td></tr><tr><td>太めのベルトを並べたミニマムなデザインで、さりげなくモードな足元に。ボディと同素材の低めウェッジソールですっきりと今っぽいスタイルに。</td></tr></table>",サンダル S(22.5cm) M(23.0～23.5cm) LL(24.5cm) L(24.0cm)シンプルベルトウェッジサンダル　ベルーナ ラナン Ranan 30代 40代 ファッション レディース：ベルーナ,通信販売通販ショッピングオンラインショッピング買い物プレゼントギフト贈り物贈答品お中元お歳暮お買い得40代 50代 60代ベルーナレディースファッションミセスチュニック大きいサイズスーツフォーマルワンピースコートシニア入園 入学 卒園 卒業ベルーナ セールベルーナ アウトレットワイズ 4Eパンツコート米沢織ジャケットサンダル S(22.5cm) M(23.0～23.5cm) LL(24.5cm) L(24.0cm)シンプルベルトウェッジサンダル　ベルーナ ラナン Ranan 30代 40代 ファッション レディース,2017夏新着。サンダル S(22.5cm) M(23.0～23.5cm) LL(24.5cm) L(24.0cm)シンプルベルトウェッジサンダル　ベルーナ ラナン Ranan 30代 40代 ファッション レディース[rn]
14-171505,http://tshop.r10s.jp/belluna/cabinet/obrs-5/709004-1.jpg?fitin=700:700,4792.0000,,靴 > レディース靴 > サンダル > ストラップ,サンダル 24.5cm 24.0cm 23.5cm 23.0cm 22.5cmサイドオープンデザインサンダル　ベルーナ ラナン Ranan 30代 40代 ファッション レディース,,"<table border=""0"" cellspacing=""3"" cellpadding=""5"" align=""center""></table><br><table border=""0"" cellspacing=""10"" cellpadding=""10"" width=""100%"" align=""center""><tr><td bgcolor=""#e5e5e5""><font color=""#000"">仕様</font></td></tr><tr><td>◎ クッション中敷品質／合皮スエード ヒール高さ：約9cm 後ファスナー付<br>※ 商品によって色・風合いが若干異なる場合がございます。</td></tr><tr><td bgcolor=""#e5e5e5""><font color=""#000"">商品説明</font></td></tr><tr><td>甲部分はホールドしつつ、つま先やサイドのカットで抜け感を出した一足。スエード調のシックな質感と9センチヒールでレディライクに決めて。</td></tr></table>",サンダル 24.5cm 24.0cm 23.5cm 23.0cm 22.5cmサイドオープンデザインサンダル　ベルーナ ラナン Ranan 30代 40代 ファッション レディース：ベルーナ,通信販売通販ショッピングオンラインショッピング買い物プレゼントギフト贈り物贈答品お中元お歳暮お買い得40代 50代 60代ベルーナレディースファッションミセスチュニック大きいサイズスーツフォーマルワンピースコートシニア入園 入学 卒園 卒業ベルーナ セールベルーナ アウトレットワイズ 4Eパンツコート米沢織ジャケットサンダル 24.5cm 24.0cm 23.5cm 23.0cm 22.5cmサイドオープンデザインサンダル　ベルーナ ラナン Ranan 30代 40代 ファッション レディース,2017夏新着 【送料無料】。サンダル 24.5cm 24.0cm 23.5cm 23.0cm 22.5cmサイドオープンデザインサンダル　ベルーナ ラナン Ranan 30代 40代 ファッション レディース[rn]
14-171506,http://tshop.r10s.jp/belluna/cabinet/obrs-5/708971-1.jpg?fitin=700:700,3992.0000,,靴 > レディース靴 > サンダル > ストラップ,サンダル 24.5cm 24.0cm 23.5cm 23.0cm 22.5cmフロントリボングラディエーター風サンダル　ベルーナ ラナン Ranan 30代 40代 ファッション レディース,,"<table border=""0"" cellspacing=""3"" cellpadding=""5"" align=""center""></table><br><table border=""0"" cellspacing=""10"" cellpadding=""10"" width=""100%"" align=""center""><tr><td bgcolor=""#e5e5e5""><font color=""#000"">仕様</font></td></tr><tr><td>◎ クッション中敷品質／合皮 ヒール高さ：約8cm 後ファスナー付</td></tr><tr><td bgcolor=""#e5e5e5""><font color=""#000"">商品説明</font></td></tr><tr><td>フロントに結んだリボンと華奢なヒールがエレガント。アンクルストラップの内側に一部ゴムを使用し、しめつけ感を軽減。足が美しく見えるデザイン。</td></tr></table>",サンダル 24.5cm 24.0cm 23.5cm 23.0cm 22.5cmフロントリボングラディエーター風サンダル　ベルーナ ラナン Ranan 30代 40代 ファッション レディース：ベルーナ,通信販売通販ショッピングオンラインショッピング買い物プレゼントギフト贈り物贈答品お中元お歳暮お買い得40代 50代 60代ベルーナレディースファッションミセスチュニック大きいサイズスーツフォーマルワンピースコートシニア入園 入学 卒園 卒業ベルーナ セールベルーナ アウトレットワイズ 4Eパンツコート米沢織ジャケットサンダル 24.5cm 24.0cm 23.5cm 23.0cm 22.5cmフロントリボングラディエーター風サンダル　ベルーナ ラナン Ranan 30代 40代 ファッション レディース,2017夏新着。サンダル 24.5cm 24.0cm 23.5cm 23.0cm 22.5cmフロントリボングラディエーター風サンダル　ベルーナ ラナン Ranan 30代 40代 ファッション レディース[rn]
14-171507,http://tshop.r10s.jp/belluna/cabinet/obrs-5/709003-1.jpg?fitin=700:700,3192.0000,,靴 > レディース靴 > サンダル > ストラップ,サンダル S(22.5cm) M(23.0～23.5cm) LL(24.5cm) L(24.0cm)編み上げゴールドヒールサンダル　ベルーナ ラナン Ranan 30代 40代 ファッション レディース,,"<table border=""0"" cellspacing=""3"" cellpadding=""5"" align=""center""></table><br><table border=""0"" cellspacing=""10"" cellpadding=""10"" width=""100%"" align=""center""><tr><td bgcolor=""#e5e5e5""><font color=""#000"">仕様</font></td></tr><tr><td>◎ クッション中敷品質／合皮ヌバック ヒール高さ：約3.5cm<br>※ 商品によって色・風合いが若干異なる場合がございます。</td></tr><tr><td bgcolor=""#e5e5e5""><font color=""#000"">商品説明</font></td></tr><tr><td>トレンドの編み上げサンダルを、スクエアトゥとゴールドカラーのヒールで上品エレガントにアレンジ。</td></tr></table>",サンダル S(22.5cm) M(23.0～23.5cm) LL(24.5cm) L(24.0cm)編み上げゴールドヒールサンダル　ベルーナ ラナン Ranan 30代 40代 ファッション レディース：ベルーナ,通信販売通販ショッピングオンラインショッピング買い物プレゼントギフト贈り物贈答品お中元お歳暮お買い得40代 50代 60代ベルーナレディースファッションミセスチュニック大きいサイズスーツフォーマルワンピースコートシニア入園 入学 卒園 卒業ベルーナ セールベルーナ アウトレットワイズ 4Eパンツコート米沢織ジャケットサンダル S(22.5cm) M(23.0～23.5cm) LL(24.5cm) L(24.0cm)編み上げゴールドヒールサンダル　ベルーナ ラナン Ranan 30代 40代 ファッション レディース,2017夏新着。サンダル S(22.5cm) M(23.0～23.5cm) LL(24.5cm) L(24.0cm)編み上げゴールドヒールサンダル　ベルーナ ラナン Ranan 30代 40代 ファッション レディース[rn]
14-171508,http://tshop.r10s.jp/belluna/cabinet/obrs-5/125794-1.jpg?fitin=700:700,3920.0000,,靴 > レディース靴 > サンダル > ストラップ,ワイズ 3e パンプス ヒール 軽量メッシュデザインサンダル　ベルーナ 40代 50代 60代 レディース ミセス ファッション,,"<table border=""0"" cellspacing=""10"" cellpadding=""10"" width=""100%"" align=""center""><tr><td bgcolor=""#e5e5e5""><font color=""#000"">仕様</font></td></tr><tr><td>◎ 軽量

■ 品質／ナイロン・合皮　
■ かかと高さ／約6cm　
■ ワイズ3E　
■ 重量／片足約155g(23.5cm)</td></tr><tr><td bgcolor=""#e5e5e5""><font color=""#000"">商品説明</font></td></tr><tr><td>甲を深く包み込むデザインと美しいシルエットは、パンツにもスカートにも。</td></tr><tr><td bgcolor=""#e5e5e5""><font color=""#C00""><b>■ attention</b></font></td></tr><tr><td><b>在庫に関して</b><br>当社は、複数のサイトで在庫を共有しているため、ご注文のタイミングで
在庫数にずれが生じ、ご注文いただいた商品が売切れとなる場合が
ございます。<br><br>
<b>商品について</b><br>実物と同様の写真を掲載できるよう努力をしておりますが、撮影シーンや、
お客様のモニター・環境設定により、商品の色・素材感が実物と
異なる場合がございます。<br><br>
<b>お届け時間指定便について</b><br>
当社システム上、クレジットカード払いと時間指定便の併用は承れません。
時間指定便をお選びいただいても、ご希望の時間通りに配達が
できない場合がございます。<br><br>
<b>セール商品に関して</b><br>
販売されていない色・サイズ等の情報が掲載されている場合がございます。
また、色・サイズにより価格・割引率が異なっている場合や、
売切れの場合もございます。<br><br>
<font color=""#00F"">&gt;&gt;お買物ガイドはこちら</font>
</td></tr></table>",ワイズ 3e パンプス ヒール 軽量メッシュデザインサンダル　ベルーナ 40代 50代 60代 レディース ミセス ファッション：ベルーナ,通信販売通販ショッピングオンラインショッピング買い物プレゼントギフト贈り物贈答品お中元お歳暮お買い得40代 50代 60代ベルーナレディースファッションミセスチュニック大きいサイズスーツフォーマルワンピースコートシニア入園 入学 卒園 卒業ベルーナ セールベルーナ アウトレットワイズ 4Eパンツコート米沢織ジャケットワイズ 3e パンプス ヒール 軽量メッシュデザインサンダル　ベルーナ 40代 50代 60代 レディース ミセス ファッション,2017夏新着 ヒール パンプス 3e ワイズ。ワイズ 3e パンプス ヒール 軽量メッシュデザインサンダル　ベルーナ 40代 50代 60代 レディース ミセス ファッション[rn]
14-171509,http://tshop.r10s.jp/belluna/cabinet/obrs-5/125782-1.jpg?fitin=700:700,1592.0000,,靴 > レディース靴 > サンダル > ストラップ,ワイズ 4e パンプス ヒール ふかふか中敷のフットベットサンダル　ベルーナ 40代 50代 60代 レディース ミセス ファッション,,"<table border=""0"" cellspacing=""10"" cellpadding=""10"" width=""100%"" align=""center""><tr><td bgcolor=""#e5e5e5""><font color=""#000"">仕様</font></td></tr><tr><td>◎ ゆったり4E程度

■ 品質／合皮　
■ かかと高さ／約3cm　
■ ワイズ4E程度　
■ 重量／片足約210g(M)　
＊ 商品の特性上、色・ムラの出方が多少異なる場合がございます。</td></tr><tr><td bgcolor=""#e5e5e5""><font color=""#000"">商品説明</font></td></tr><tr><td>素足にも気持ち良いふかふかクッション中敷。甲に回したベルトは踵にかけてミュール風に履くことも。</td></tr><tr><td bgcolor=""#e5e5e5""><font color=""#C00""><b>■ attention</b></font></td></tr><tr><td><b>在庫に関して</b><br>当社は、複数のサイトで在庫を共有しているため、ご注文のタイミングで
在庫数にずれが生じ、ご注文いただいた商品が売切れとなる場合が
ございます。<br><br>
<b>商品について</b><br>実物と同様の写真を掲載できるよう努力をしておりますが、撮影シーンや、
お客様のモニター・環境設定により、商品の色・素材感が実物と
異なる場合がございます。<br><br>
<b>お届け時間指定便について</b><br>
当社システム上、クレジットカード払いと時間指定便の併用は承れません。
時間指定便をお選びいただいても、ご希望の時間通りに配達が
できない場合がございます。<br><br>
<b>セール商品に関して</b><br>
販売されていない色・サイズ等の情報が掲載されている場合がございます。
また、色・サイズにより価格・割引率が異なっている場合や、
売切れの場合もございます。<br><br>
<font color=""#00F"">&gt;&gt;お買物ガイドはこちら</font>
</td></tr></table>",ワイズ 4e パンプス ヒール ふかふか中敷のフットベットサンダル　ベルーナ 40代 50代 60代 レディース ミセス ファッション：ベルーナ,通信販売通販ショッピングオンラインショッピング買い物プレゼントギフト贈り物贈答品お中元お歳暮お買い得40代 50代 60代ベルーナレディースファッションミセスチュニック大きいサイズスーツフォーマルワンピースコートシニア入園 入学 卒園 卒業ベルーナ セールベルーナ アウトレットワイズ 4Eパンツコート米沢織ジャケットワイズ 4e パンプス ヒール ふかふか中敷のフットベットサンダル　ベルーナ 40代 50代 60代 レディース ミセス ファッション,2017夏新着 サンダル 4e ワイズ。ワイズ 4e パンプス ヒール ふかふか中敷のフットベットサンダル　ベルーナ 40代 50代 60代 レディース ミセス ファッション[rn]
14-171510,http://tshop.r10s.jp/ink-gekiyasuichibankan/cabinet/03287613/sh-300-sh-399/sh-315-500-1.jpg?fitin=700:700,0.8000,,靴 > レディース靴 > サンダル > ストラップ,super 3色 スリッパサンダル  サンダル ローヒール リボン ビジュー トングサンダル Tストラップ ビーチサンダル【メール便発送】,,"<img src=""http://image.rakuten.co.jp/karei-fuku/cabinet/02342587/sh-300-sh-399/sh-315-1.jpg"" width=""100%""><br>
<img src=""http://image.rakuten.co.jp/karei-fuku/cabinet/02342587/sh-300-sh-399/sh-315-2.jpg"" width=""100%""><br>
<img src=""http://image.rakuten.co.jp/karei-fuku/cabinet/02342587/sh-300-sh-399/sh-315-3.jpg"" width=""100%""><br>
<img src=""http://image.rakuten.co.jp/karei-fuku/cabinet/02342587/sh-300-sh-399/sh-315-4.jpg"" width=""100%""><br>
<img src=""http://image.rakuten.co.jp/karei-fuku/cabinet/02342587/sh-300-sh-399/sh-315-5.jpg"" width=""100%""><br>
<img src=""http://image.rakuten.co.jp/karei-fuku/cabinet/02342587/sh-300-sh-399/sh-315-6.jpg"" width=""100%""><br>
<img src=""http://image.rakuten.co.jp/karei-fuku/cabinet/02342587/sh-300-sh-399/sh-315-7.jpg"" width=""100%""><br>
<img src=""http://image.rakuten.co.jp/karei-fuku/cabinet/02342587/sh-300-sh-399/sh-315-8.jpg"" width=""100%""><br>
<img src=""http://image.rakuten.co.jp/karei-fuku/cabinet/02342587/sh-300-sh-399/sh-315-9.jpg"" width=""100%""><br>

<font size=""2"">
<font color=""#B6703D"">
インパクトのあるTストラップサンダルの入荷です。<br>キラキラストーン付きリボンデザインが足元のオシャレ度アップ！<br>ビーチサンダルとしても、普段スカートやショーパンなどと合わせても問題なし！<br>リゾート気分高まる季節一緒に歩きたくなるさりげなく愛らしさを出すデザイン！<br>
モニター環境により、実物の色合と若干違う場合がございます。ご了承ください。</font><br>
</font>
<table border=""0"" width=""100%"" bgcolor=""#CDAE92"">
 <tr>
  <td colspan=""2"" align=""center"" bgcolor=""#FFFFFF""><font color=""#808080"">商品サイズ詳細</font></td>
 </tr>
 <tr>
  <td align=""center"" bgcolor=""#FFFFFF""><font color=""#808080"">サイズ</font></td>
  <td align=""center"" bgcolor=""#FFFFFF""><font color=""#808080"">723センチ=36<br>
23.5センチ=37<br>
24センチ=38<br>
24.5センチ=39<br>
25センチ=40<br>
</font></td>
 </tr>
 </table>",super 3色 スリッパサンダル  サンダル ローヒール リボン ビジュー トングサンダル Tストラップ ビーチサンダル【メール便発送】：Rioty-select（リオティセレクト）,通信販売通販ショッピングオンラインショッピング買い物プレゼントギフト贈り物贈答品お中元お歳暮お買い得サンダル サンダル レディース  サンダル レディース サンダル レディース ビーチサンダル サンダル ヒール歩きやすい サンダル レディース ウェッジソール サンダル レディース ぺたんこ  サンダル レディース ヒール サンダル レディース 大きいサイズ サンダル レディース ローヒール サンダル レディース 送料無料 サンダル レディース 白 super 3色 スリッパサンダル  サンダル ローヒール リボン ビジュー トングサンダル Tストラップ ビーチサンダル【メール便発送】,【ゆうパケット送料無料◎代引き不可】。super 3色 スリッパサンダル  サンダル ローヒール リボン ビジュー トングサンダル Tストラップ ビーチサンダル【メール便発送】[rn]
14-171511,http://tshop.r10s.jp/garageshop/cabinet/kk00001-/kk00046.jpg?fitin=700:700,1037.6000,,靴 > レディース靴 > サンダル > ストラップ,エナメル アンクルストラップ サンダル レディース ペタンコ ローヒール 太ベルト クッション 【3240円以上で 送料無料】 シューズ 軽量 メタリック ゴールド ブラック ホワイト ベージュ ミント レザー   あす楽,,"カジュアルはもちろん、フェミニンスタイルのハズシとしても使える優等生！<br>ヒールの高さは0.8cmで、とにかく楽チン♪<br>今季大注目の太ベルト☆色々なコーデに合わせやすく、活躍間違いなし♪<br>太めのアンクルストラップでくびれを強調♪足のラインをキレイに魅せてくれます。<br>差し色になる鮮やかミント、こなれ感をONするゴールドを含めた厳選された5カラー♪<br><br>
■表記サイズ<br>【36】(22.5～23.0cm)<br>【37】(23.0～23.5cm)<br>【38】(23.5～24.0cm)<br>【39】(24.0～24.5cm)<br><br>
■実寸サイズ（37サイズで計測）<br>ヒール高さ：0.8cm<br>底幅：8.5cm<br>ストーム：0.3cm<br>甲外周り：13.5cm<br><br>■素材<br>PUレザー<br>片足重さ：0.17kg<br><br>■コメント<br>トレンドの太ベルトデザインサンダルです。<br>ブラック・ホワイト・ミントはエナメルとPUレザーの異素材MIX。<br>インソールにクッション性あり。<br><br><br><center><font color=""#FF0000"" size=""2"">※ご購入前に必ずお読みください※</font><br></center><table width=""250"" border=""1"" align=""center"" cellpadding=""0"" cellspacing=""0""><tr><td bgcolor=""#FFFFFF"" align=""center"" height=""25"">
<font color=""#0000FF"" size=""4"">商品についてのご注意 ≫</font></td></tr></table><br><table width=""250"" border=""1"" align=""center"" cellpadding=""0"" cellspacing=""0""><tr><td bgcolor=""#FFFFFF"" align=""center"" height=""25""> <font color=""#0000FF"" size=""4"">お買い物ガイド ≫</font></td></tr></table>",エナメル アンクルストラップ サンダル レディース ペタンコ ローヒール 太ベルト クッション 【3240円以上で 送料無料】 シューズ 軽量 メタリック ゴールド ブラック ホワイト ベージュ ミント レザー   あす楽：aquagarage（アクアガレージ）,通信販売通販ショッピングオンラインショッピング買い物プレゼントギフト贈り物贈答品お中元お歳暮お買い得ロングカーディガンパンプスサンダルドルマンジャージワンピースレディースガウチョパンツブーティワイドパンツスカートニットワンピーススカンツゆるニットジョーゼットインナールームウェア通販バッグアクセサリーエナメル アンクルストラップ サンダル レディース ペタンコ ローヒール 太ベルト クッション 【3240円以上で 送料無料】 シューズ 軽量 メタリック ゴールド ブラック ホワイト ベージュ ミント レザー   あす楽,エナメル ストラップ サンダル ペタンコ ベルト PUレザー。エナメル アンクルストラップ サンダル レディース ペタンコ ローヒール 太ベルト クッション 【3240円以上で 送料無料】 シューズ 軽量 メタリック ゴールド ブラック ホワイト ベージュ ミント レザー   あす楽[rn]
14-171512,http://tshop.r10s.jp/garageshop/cabinet/kk00001-/kk00095.jpg?fitin=700:700,1689.6000,,靴 > レディース靴 > サンダル > ストラップ,サンダル クロスベルト ジュートラップ スエード 7.5cm 無地 シンプル ストーム クッション ブラック ブラウン グレージュ ベージュ 美脚 脚長 無地 シンプル 歩きやすい 春夏 大人 お洒落 かわいい レディース 送料無料,,"<p>
<img src=""https://image.rakuten.co.jp/garageshop/cabinet/ranking/kk00095_r.jpg"" alt="" width=""320"" width=""320"" ><br><br>
<img src=""http://image.rakuten.co.jp/garageshop/cabinet/kk00001-/kk00095.jpg"" alt="" width=""320"" width=""320"" ><br><br>
  <img src=""http://image.rakuten.co.jp/garageshop/cabinet/kk00001-/kk00095-1.jpg"" alt="" width=""320"" width=""320"" ><br><br>
  <img src=""http://image.rakuten.co.jp/garageshop/cabinet/kk00001-/kk00095-2.jpg"" alt="" width=""320"" width=""320"" ><br><br>
  <img src=""http://image.rakuten.co.jp/garageshop/cabinet/kk00001-/kk00095-3.jpg"" alt="" width=""320"" width=""320"" ><br><br>
  <img src=""http://image.rakuten.co.jp/garageshop/cabinet/kk00001-/kk00095-4.jpg"" alt="" width=""320"" width=""320"" ><br><br>
  <img src=""http://image.rakuten.co.jp/garageshop/cabinet/kk00001-/kk00095-5.jpg"" alt="" width=""320"" width=""320"" ><br><br>
  <img src=""http://image.rakuten.co.jp/garageshop/cabinet/kk00001-/kk00095-6.jpg"" alt="" width=""320"" width=""320"" ><br><br>
  <img src=""http://image.rakuten.co.jp/garageshop/cabinet/kk00001-/kk00095-10.jpg"" alt="" width=""320"" width=""320"" ><br><br>
  <img src=""http://image.rakuten.co.jp/garageshop/cabinet/kk00001-/kk00095-13.jpg"" alt="" width=""320"" width=""320"" ><br><br>
  <img src=""http://image.rakuten.co.jp/garageshop/cabinet/kk00001-/kk00095-14.jpg"" alt="" width=""320"" width=""320"" ><br><br>
  <img src=""http://image.rakuten.co.jp/garageshop/cabinet/staff-sityaku/s-kk00095.jpg"" alt="" width=""320"" width=""320"" ><br><br></p>

吸い付くように足にフィットして、キレイに見せてくれるゴムベルトサンダル。<br>
7.5cmヒール＆2cmのストームで歩きやすさと長くスラッとした理想的な脚に♪<br>
季節感あふれる麻素材を編み込んだジュートラップのソールが爽やか★<br><br>

■表記サイズ<br>
【36】(23.0cm)<br>
【37】(23.5cm)<br>
【38】(24.0cm)<br>
【39】(24.5cm)<br><br>

■実寸サイズ（37サイズで計測）<br> 
ヒール高さ：7.5cm 底幅：8.0cm ストーム：2.0cm 甲外回り：13.5cm<br><br>

■素材：PUスエード<br>
片足重さ：0.2kg<br><br>

■コメント：クロスストラップのみゴム仕様で、伸縮性があります。<br>
<font color=""red"">
【サイズ表記について】<br>
１点１点手作りの為、同サイズや同色で有っても生産・素材毎に誤差がございます。<br>
サイズ表記はあくまでも目安としてご参照下さい。</font><br><br>

<br><center><font color=""#FF0000"" size=""2"">※ご購入前に必ずお読みください※</font><br></center><table width=""250"" border=""1"" align=""center"" cellpadding=""0"" cellspacing=""0""><tr><td bgcolor=""#FFFFFF"" align=""center"" height=""25"">
<font color=""#0000FF"" size=""4"">商品についてのご注意 ≫</font></td></tr></table><br><table width=""250"" border=""1"" align=""center"" cellpadding=""0"" cellspacing=""0""><tr><td bgcolor=""#FFFFFF"" align=""center"" height=""25""> <font color=""#0000FF"" size=""4"">お買い物ガイド ≫</font></td></tr></table>",サンダル クロスベルト ジュートラップ スエード 7.5cm 無地 シンプル ストーム クッション ブラック ブラウン グレージュ ベージュ 美脚 脚長 無地 シンプル 歩きやすい 春夏 大人 お洒落 かわいい レディース 送料無料：aquagarage（アクアガレージ）,通信販売通販ショッピングオンラインショッピング買い物プレゼントギフト贈り物贈答品お中元お歳暮お買い得ロングカーディガンパンプスサンダルドルマンジャージワンピースレディースガウチョパンツブーティワイドパンツスカートニットワンピーススカンツゆるニットジョーゼットインナールームウェア通販バッグアクセサリーサンダル クロスベルト ジュートラップ スエード 7.5cm 無地 シンプル ストーム クッション ブラック ブラウン グレージュ ベージュ 美脚 脚長 無地 シンプル 歩きやすい 春夏 大人 お洒落 かわいい レディース 送料無料,サンダル クロスベルト ジュートラップ スエード 7.5cm。サンダル クロスベルト ジュートラップ スエード 7.5cm 無地 シンプル ストーム クッション ブラック ブラウン グレージュ ベージュ 美脚 脚長 無地 シンプル 歩きやすい 春夏 大人 お洒落 かわいい レディース 送料無料[rn]
14-171513,http://tshop.r10s.jp/garageshop/cabinet/mk00001-/mk00053.jpg?fitin=700:700,1689.6000,,靴 > レディース靴 > サンダル > ストラップ,【送料無料♪】 サンダル ぺたんこ クロス 太ベルト コンフォート ブラック ホワイト ブラウン 太ベルト グラディ カジュアル リゾート 美脚 脚長 軽い 軽量  2017春夏 フェミニン お試し あす楽,,"<p><img src=""http://image.rakuten.co.jp/garageshop/cabinet/mk00001-/mk00053.jpg"" alt="" width=""320"" width=""320"" ><br><br>
  <img src=""http://image.rakuten.co.jp/garageshop/cabinet/mk00001-/mk00053-1.jpg"" alt="" width=""320"" width=""320"" ><br><br>
  <img src=""http://image.rakuten.co.jp/garageshop/cabinet/mk00001-/mk00053-2.jpg"" alt="" width=""320"" width=""320"" ><br><br>
  <img src=""http://image.rakuten.co.jp/garageshop/cabinet/mk00001-/mk00053-3.jpg"" alt="" width=""320"" width=""320"" ><br><br>
  <img src=""http://image.rakuten.co.jp/garageshop/cabinet/mk00001-/mk00053-4.jpg"" alt="" width=""320"" width=""320"" ><br><br>
  <img src=""http://image.rakuten.co.jp/garageshop/cabinet/mk00001-/mk00053-5.jpg"" alt="" width=""320"" width=""320"" ><br><br>
  <img src=""http://image.rakuten.co.jp/garageshop/cabinet/mk00001-/mk00053-6.jpg"" alt="" width=""320"" width=""320"" ><br><br>
  <img src=""http://image.rakuten.co.jp/garageshop/cabinet/mk00001-/mk00053-7.jpg"" alt="" width=""320"" width=""320"" ><br><br>
  <img src=""http://image.rakuten.co.jp/garageshop/cabinet/mk00001-/mk00053-8.jpg"" alt="" width=""320"" width=""320"" ><br><br>
  <img src=""http://image.rakuten.co.jp/garageshop/cabinet/mk00001-/mk00053-9.jpg"" alt="" width=""320"" width=""320"" ><br><br>
  <img src=""http://image.rakuten.co.jp/garageshop/cabinet/mk00001-/mk00053-10.jpg"" alt="" width=""320"" width=""320"" ><br><br>
</p>
大人のリラクシーなスタイルに欠かせない、コンフォートサンダルの登場★<br>
手を使わずにサッと履けて、2cmのペタンコヒールだから楽ちん♪<br>
コーデしやすいディテールでリゾートシーンでも活躍するアイテムです！<br><br>
■サイズ<br>
【S】(22.5cm)<br>
【M】(23.5cm)<br>
【L】(24.5cm)<br><br>
■実寸サイズ（Mサイズで計測）<br>
ヒール高さ：2.0cm<br>
底幅：9.0cm<br>
ストーム：0.7cm<br>
甲外周り：17.3cm<br><br>

■素材<br>
PUレザー<br>
片足重さ：0.2kg<br><br>
■コメント<br>
<font color=""red"">
【サイズ表記について】<br>
１点１点手作りの為、同サイズや同色で有っても生産・素材毎に誤差がございます。サイズ表記はあくまでも目安としてご参照下さい。</font><br><br>

<br><center><font color=""#FF0000"" size=""2"">※ご購入前に必ずお読みください※</font><br></center><table width=""250"" border=""1"" align=""center"" cellpadding=""0"" cellspacing=""0""><tr><td bgcolor=""#FFFFFF"" align=""center"" height=""25"">
<font color=""#0000FF"" size=""4"">商品についてのご注意 ≫</font></td></tr></table><br><table width=""250"" border=""1"" align=""center"" cellpadding=""0"" cellspacing=""0""><tr><td bgcolor=""#FFFFFF"" align=""center"" height=""25""> <font color=""#0000FF"" size=""4"">お買い物ガイド ≫</font></td></tr></table>",【送料無料♪】 サンダル ぺたんこ クロス 太ベルト コンフォート ブラック ホワイト ブラウン 太ベルト グラディ カジュアル リゾート 美脚 脚長 軽い 軽量  2017春夏 フェミニン お試し あす楽：aquagarage（アクアガレージ）,通信販売通販ショッピングオンラインショッピング買い物プレゼントギフト贈り物贈答品お中元お歳暮お買い得ロングカーディガンパンプスサンダルドルマンジャージワンピースレディースガウチョパンツブーティワイドパンツスカートニットワンピーススカンツゆるニットジョーゼットインナールームウェア通販バッグアクセサリー【送料無料♪】 サンダル ぺたんこ クロス 太ベルト コンフォート ブラック ホワイト ブラウン 太ベルト グラディ カジュアル リゾート 美脚 脚長 軽い 軽量  2017春夏 フェミニン お試し あす楽,サンダル ぺたんこ クロス 太ベルト コンフォート 春夏。【送料無料♪】 サンダル ぺたんこ クロス 太ベルト コンフォート ブラック ホワイト ブラウン 太ベルト グラディ カジュアル リゾート 美脚 脚長 軽い 軽量  2017春夏 フェミニン お試し あす楽[rn]
14-171514,http://tshop.r10s.jp/garageshop/cabinet/kk00001-/kk00071.jpg?fitin=700:700,1644.8000,,靴 > レディース靴 > サンダル > ストラップ,送料無料 サンダル 靴 シューズ くつ レディース 7.5cmヒール アンクルストラップ オープントゥ エナメル PUレザー フェイク S字フック クッション 美脚 脚長 軽い 軽量 ブラック ベージュ レッド ゴールド 黒 赤 白 歩きやすい 春夏 あす楽,,"<p>
<img src=""http://image.rakuten.co.jp/garageshop/cabinet/ranking/kk00071_jyusyou.gif"" alt="" width=""320"" width=""320"" ><br><br>
<img src=""http://image.rakuten.co.jp/garageshop/cabinet/kk00001-/kk00071.jpg"" alt="" width=""320"" width=""320"" ><br><br>
  <img src=""http://image.rakuten.co.jp/garageshop/cabinet/kk00001-/kk00071-2.jpg"" alt="" width=""320"" width=""320"" ><br><br>
  <img src=""http://image.rakuten.co.jp/garageshop/cabinet/kk00001-/kk00071-3.jpg"" alt="" width=""320"" width=""320"" ><br><br>
  <img src=""http://image.rakuten.co.jp/garageshop/cabinet/kk00001-/kk00071-4.jpg"" alt="" width=""320"" width=""320"" ><br><br>
  <img src=""http://image.rakuten.co.jp/garageshop/cabinet/kk00001-/kk00071-5.jpg"" alt="" width=""320"" width=""320"" ><br><br>
  <img src=""http://image.rakuten.co.jp/garageshop/cabinet/kk00001-/kk00071-6.jpg"" alt="" width=""320"" width=""320"" ><br><br>
  <img src=""http://image.rakuten.co.jp/garageshop/cabinet/kk00001-/kk00071-7.jpg"" alt="" width=""320"" width=""320"" ><br><br>
  <img src=""http://image.rakuten.co.jp/garageshop/cabinet/kk00001-/kk00071-8.jpg"" alt="" width=""320"" width=""320"" ><br><br>
  <img src=""http://image.rakuten.co.jp/garageshop/cabinet/kk00001-/kk00071-9.jpg"" alt="" width=""320"" width=""320"" ><br><br>
  <img src=""http://image.rakuten.co.jp/garageshop/cabinet/kk00001-/kk00071-10.jpg"" alt="" width=""320"" width=""320"" ><br><br>
  <img src=""http://image.rakuten.co.jp/garageshop/cabinet/kk00001-/kk00071-11.jpg"" alt="" width=""320"" width=""320"" ><br><br>
  <img src=""http://image.rakuten.co.jp/garageshop/cabinet/kk00001-/kk00071-12.jpg"" alt="" width=""320"" width=""320"" ><br><br>
  <img src=""https://image.rakuten.co.jp/garageshop/cabinet/staff-sityaku/s-kk00071.jpg"" alt="" width=""320"" width=""320"" ><br><br></p>
  
素足っぽいミニマルなデザイン、スラリと魅せる7.5cmヒールが<br>
洗練された印象を与えてくれる、アンクルストラップサンダル。<br>
艶やかなエナメル素材を使用し、大人らしい落ち着いた色合いで<br>
とびきり女性らしい、美人な足元をかなえます。<br><br>

■表記サイズ<br>
【35】(22.5cm)<br>
【36】(23.0cm)<br>
【37】(23.5cm)<br>
【38】(24.0cm)<br>
【39】(24.5cm)<br><br>

■実寸サイズ（37サイズで計測） <br>
ヒール高さ：7.5cm 底幅：8.0cm ストーム：1.0cm 甲外回り：12.0cm<br>
<br>
■素材：PUレザー (エナメル加工)<br>
片足重さ　0.2kg<br>
インソールにクッション性あり。<br>
ストラップは5段階で調節が出来ます。
<br><br>
<font color=""red"">
【サイズ表記について】<br>
１点１点手作りの為、同サイズや同色で有っても生産・素材毎に誤差がございます。<br>サイズ表記はあくまでも目安としてご参照下さい。</font><br><br>
  
<br><center><font color=""#FF0000"" size=""2"">※ご購入前に必ずお読みください※</font><br></center><table width=""250"" border=""1"" align=""center"" cellpadding=""0"" cellspacing=""0""><tr><td bgcolor=""#FFFFFF"" align=""center"" height=""25"">
<font color=""#0000FF"" size=""4"">商品についてのご注意 ≫</font></td></tr></table><br><table width=""250"" border=""1"" align=""center"" cellpadding=""0"" cellspacing=""0""><tr><td bgcolor=""#FFFFFF"" align=""center"" height=""25""> <font color=""#0000FF"" size=""4"">お買い物ガイド ≫</font></td></tr></table>",送料無料 サンダル 靴 シューズ くつ レディース 7.5cmヒール アンクルストラップ オープントゥ エナメル PUレザー フェイク S字フック クッション 美脚 脚長 軽い 軽量 ブラック ベージュ レッド ゴールド 黒 赤 白 歩きやすい 春夏 あす楽：aquagarage（アクアガレージ）,通信販売通販ショッピングオンラインショッピング買い物プレゼントギフト贈り物贈答品お中元お歳暮お買い得ロングカーディガンパンプスサンダルドルマンジャージワンピースレディースガウチョパンツブーティワイドパンツスカートニットワンピーススカンツゆるニットジョーゼットインナールームウェア通販バッグアクセサリー送料無料 サンダル 靴 シューズ くつ レディース 7.5cmヒール アンクルストラップ オープントゥ エナメル PUレザー フェイク S字フック クッション 美脚 脚長 軽い 軽量 ブラック ベージュ レッド ゴールド 黒 赤 白 歩きやすい 春夏 あす楽,サンダル 靴 シューズ くつ 7.5cmヒール アンクルストラップ。送料無料 サンダル 靴 シューズ くつ レディース 7.5cmヒール アンクルストラップ オープントゥ エナメル PUレザー フェイク S字フック クッション 美脚 脚長 軽い 軽量 ブラック ベージュ レッド ゴールド 黒 赤 白 歩きやすい 春夏 あす楽[rn]
14-171515,http://tshop.r10s.jp/garageshop/cabinet/kk00001-/kk00075.jpg?fitin=700:700,1570.4000,,靴 > レディース靴 > サンダル > ストラップ,【送料無料♪】 サンダル リボン つっかけ ウェッジソール キャンバス スエード 軽量 クッション ジュート 安定感 ブラック ベージュ カーキ レッド ピンク デニム ネイビー オシャレ 楽ちん リゾート くつ 靴  オススメ レディース 春夏あす楽,,"<p><img src=""http://image.rakuten.co.jp/garageshop/cabinet/kk00001-/kk00075.jpg"" alt="" width=""320"" width=""320"" ><br><br>
  <img src=""http://image.rakuten.co.jp/garageshop/cabinet/kk00001-/kk00075-2.jpg"" alt="" width=""320"" width=""320"" ><br><br>
  <img src=""http://image.rakuten.co.jp/garageshop/cabinet/kk00001-/kk00075-3.jpg"" alt="" width=""320"" width=""320"" ><br><br>
  <img src=""http://image.rakuten.co.jp/garageshop/cabinet/kk00001-/kk00075-4.jpg"" alt="" width=""320"" width=""320"" ><br><br>
  <img src=""http://image.rakuten.co.jp/garageshop/cabinet/kk00001-/kk00075-5.jpg"" alt="" width=""320"" width=""320"" ><br><br>
  <img src=""http://image.rakuten.co.jp/garageshop/cabinet/kk00001-/kk00075-6.jpg"" alt="" width=""320"" width=""320"" ><br><br>
  <img src=""http://image.rakuten.co.jp/garageshop/cabinet/kk00001-/kk00075-7.jpg"" alt="" width=""320"" width=""320"" ><br><br>
  <img src=""http://image.rakuten.co.jp/garageshop/cabinet/kk00001-/kk00075-8.jpg"" alt="" width=""320"" width=""320"" ><br><br>
  <img src=""http://image.rakuten.co.jp/garageshop/cabinet/kk00001-/kk00075-9.jpg"" alt="" width=""320"" width=""320"" ><br><br>
  <img src=""http://image.rakuten.co.jp/garageshop/cabinet/kk00001-/kk00075-10.jpg"" alt="" width=""320"" width=""320"" ><br><br>
  <img src=""http://image.rakuten.co.jp/garageshop/cabinet/kk00001-/kk00075-11.jpg"" alt="" width=""320"" width=""320"" ><br><br>
  <img src=""http://image.rakuten.co.jp/garageshop/cabinet/kk00001-/kk00075-12.jpg"" alt="" width=""320"" width=""320"" ><br><br></p>

シーズンムードを高めてくれるキャンバスサイズ素材が涼しげなリボンサンダル。<br>低めのローウェッジソールだから安定感が抜群で歩きやすい！<br>重さも軽量で長時間履いても疲れにくいのがうれしいポイント。<br>クッション性のあるインソールには肌触り滑らかなスエード調素材を使用。<br>普段使いからリゾートまで、様々なシーンで活躍すること間違いなしのアイテムです。<br><br>

■サイズ<br>
【36】(23.0cm)<br>
【37】(23.5cm)<br>
【38】(24.0cm)<br>
【39】(24.5cm)<br><br>
■実寸サイズ（37サイズで計測）<br>
ヒール高さ：5.0cm<br>
底幅：8.5cm<br>
ストーム：0.7cm<br>
甲外周り：14.5cm<br><br>

■素材<br>
キャンバス生地<br>
片足重さ：0.16kg<br><br>
■コメント<br>
インソールにクッション性あり。<br><br>
<font color=""red"">
【サイズ表記について】<br>
１点１点手作りの為、同サイズや同色で有っても生産・素材毎に誤差がございます。<br>サイズ表記はあくまでも目安としてご参照下さい。</font><br><br>

<br><center><font color=""#FF0000"" size=""2"">※ご購入前に必ずお読みください※</font><br></center><table width=""250"" border=""1"" align=""center"" cellpadding=""0"" cellspacing=""0""><tr><td bgcolor=""#FFFFFF"" align=""center"" height=""25"">
<font color=""#0000FF"" size=""4"">商品についてのご注意 ≫</font></td></tr></table><br><table width=""250"" border=""1"" align=""center"" cellpadding=""0"" cellspacing=""0""><tr><td bgcolor=""#FFFFFF"" align=""center"" height=""25""> <font color=""#0000FF"" size=""4"">お買い物ガイド ≫</font></td></tr></table>
<br>",【送料無料♪】 サンダル リボン つっかけ ウェッジソール キャンバス スエード 軽量 クッション ジュート 安定感 ブラック ベージュ カーキ レッド ピンク デニム ネイビー オシャレ 楽ちん リゾート くつ 靴  オススメ レディース 春夏あす楽：aquagarage（アクアガレージ）,通信販売通販ショッピングオンラインショッピング買い物プレゼントギフト贈り物贈答品お中元お歳暮お買い得ロングカーディガンパンプスサンダルドルマンジャージワンピースレディースガウチョパンツブーティワイドパンツスカートニットワンピーススカンツゆるニットジョーゼットインナールームウェア通販バッグアクセサリー【送料無料♪】 サンダル リボン つっかけ ウェッジソール キャンバス スエード 軽量 クッション ジュート 安定感 ブラック ベージュ カーキ レッド ピンク デニム ネイビー オシャレ 楽ちん リゾート くつ 靴  オススメ レディース 春夏あす楽,サンダル リボン つっかけ ウェッジソール キャンバス。【送料無料♪】 サンダル リボン つっかけ ウェッジソール キャンバス スエード 軽量 クッション ジュート 安定感 ブラック ベージュ カーキ レッド ピンク デニム ネイビー オシャレ 楽ちん リゾート くつ 靴  オススメ レディース 春夏あす楽[rn]
14-171516,http://tshop.r10s.jp/garageshop/cabinet/kk00001-/kk00065.jpg?fitin=700:700,1644.8000,,靴 > レディース靴 > サンダル > ストラップ,【送料無料♪】 サンダル 靴 シューズ くつ ハイヒール ストラップ オープントゥ スエード 無地 シンプルスウェード 美脚 脚長 軽い 軽量 レディース ブラック ベージュ チャコール レッド パーティー お試し 2017春夏 あす楽,,"<p><img src=""http://image.rakuten.co.jp/garageshop/cabinet/kk00001-/kk00065.jpg"" alt="" width=""320"" width=""320"" ><br><br>
  <img src=""http://image.rakuten.co.jp/garageshop/cabinet/kk00001-/kk00065-2.jpg"" alt="" width=""320"" width=""320"" ><br><br>
  <img src=""http://image.rakuten.co.jp/garageshop/cabinet/kk00001-/kk00065-3.jpg"" alt="" width=""320"" width=""320"" ><br><br>
  <img src=""http://image.rakuten.co.jp/garageshop/cabinet/kk00001-/kk00065-4.jpg"" alt="" width=""320"" width=""320"" ><br><br>
  <img src=""http://image.rakuten.co.jp/garageshop/cabinet/kk00001-/kk00065-5.jpg"" alt="" width=""320"" width=""320"" ><br><br>
  <img src=""http://image.rakuten.co.jp/garageshop/cabinet/kk00001-/kk00065-6.jpg"" alt="" width=""320"" width=""320"" ><br><br>
  <img src=""http://image.rakuten.co.jp/garageshop/cabinet/kk00001-/kk00065-7.jpg"" alt="" width=""320"" width=""320"" ><br><br>
  <img src=""http://image.rakuten.co.jp/garageshop/cabinet/kk00001-/kk00065-8.jpg"" alt="" width=""320"" width=""320"" ><br><br>
  <img src=""http://image.rakuten.co.jp/garageshop/cabinet/kk00001-/kk00065-9.jpg"" alt="" width=""320"" width=""320"" ><br><br>
  <img src=""http://image.rakuten.co.jp/garageshop/cabinet/kk00001-/kk00065-11.jpg"" alt="" width=""320"" width=""320"" ><br><br>
  <img src=""http://image.rakuten.co.jp/garageshop/cabinet/kk00001-/kk00065-12.jpg"" alt="" width=""320"" width=""320"" ><br><br>
  <img src=""http://image.rakuten.co.jp/garageshop/cabinet/kk00001-/kk00065-13.jpg"" alt="" width=""320"" width=""320"" ><br><br></p>

セパレートデザインでキレイ見せ！！ワイドストラップサンダル♪<br>
幅広ストラップでフィット感抜群のスエードサンダル！<br>
セパレートデザインのすっきりとしたサイドルックが◎<br>
どんなコーデにもマッチする洗練されたシンプルさが魅力です★<br><br>

■サイズ<br>【36】(23.0cm)<br>【37】(23.5cm)<br>【38】(24.0cm)<br>【39】(24.5cm)<br><br>
■実寸サイズ（37サイズで計測）<br>
ヒール高さ：8cm<br>
底幅：7.5cm<br>
ストーム：0.3cm<br>
甲外周り：13.5cm<br>
<br>
■素材<br>
PUスエード<br>
片足重さ：0.19kg<br>
<br>
■コメント<br>
インソールにクッション性あり。<br>
<br>
<font color=""red"">
【サイズ表記について】<br>
１点１点手作りの為、同サイズや同色で有っても生産・素材毎に誤差がございます。サイズ表記はあくまでも目安としてご参照下さい。</font><br><br>

<br><center><font color=""#FF0000"" size=""2"">※ご購入前に必ずお読みください※</font><br></center><table width=""250"" border=""1"" align=""center"" cellpadding=""0"" cellspacing=""0""><tr><td bgcolor=""#FFFFFF"" align=""center"" height=""25"">
<font color=""#0000FF"" size=""4"">商品についてのご注意 ≫</font></td></tr></table><br><table width=""250"" border=""1"" align=""center"" cellpadding=""0"" cellspacing=""0""><tr><td bgcolor=""#FFFFFF"" align=""center"" height=""25""> <font color=""#0000FF"" size=""4"">お買い物ガイド ≫</font></td></tr></table>",【送料無料♪】 サンダル 靴 シューズ くつ ハイヒール ストラップ オープントゥ スエード 無地 シンプルスウェード 美脚 脚長 軽い 軽量 レディース ブラック ベージュ チャコール レッド パーティー お試し 2017春夏 あす楽：aquagarage（アクアガレージ）,通信販売通販ショッピングオンラインショッピング買い物プレゼントギフト贈り物贈答品お中元お歳暮お買い得ロングカーディガンパンプスサンダルドルマンジャージワンピースレディースガウチョパンツブーティワイドパンツスカートニットワンピーススカンツゆるニットジョーゼットインナールームウェア通販バッグアクセサリー【送料無料♪】 サンダル 靴 シューズ くつ ハイヒール ストラップ オープントゥ スエード 無地 シンプルスウェード 美脚 脚長 軽い 軽量 レディース ブラック ベージュ チャコール レッド パーティー お試し 2017春夏 あす楽,サンダル 靴 シューズ くつ ハイヒール ストラップ 。【送料無料♪】 サンダル 靴 シューズ くつ ハイヒール ストラップ オープントゥ スエード 無地 シンプルスウェード 美脚 脚長 軽い 軽量 レディース ブラック ベージュ チャコール レッド パーティー お試し 2017春夏 あす楽[rn]
14-171517,http://tshop.r10s.jp/garageshop/cabinet/kk00001-/kk00079.jpg?fitin=700:700,1719.2000,,靴 > レディース靴 > サンダル > ストラップ,【送料無料♪】 サンダル 厚底 ウェッジソール レディース コルク調 アンクルベルト スエード ベルト ブラック キャメル ベージュ ダブルベルト プラットフォームデザイン グラディ カジュアル 美脚 脚長 軽い 軽量  2017春夏 フェミニン お試し あす楽,,"<p><img src=""http://image.rakuten.co.jp/garageshop/cabinet/kk00001-/kk00079.jpg"" alt="" width=""320"" width=""320"" ><br><br>
  <img src=""http://image.rakuten.co.jp/garageshop/cabinet/kk00001-/kk00079-2.jpg"" alt="" width=""320"" width=""320"" ><br><br>
  <img src=""http://image.rakuten.co.jp/garageshop/cabinet/kk00001-/kk00079-3.jpg"" alt="" width=""320"" width=""320"" ><br><br>
  <img src=""http://image.rakuten.co.jp/garageshop/cabinet/kk00001-/kk00079-4.jpg"" alt="" width=""320"" width=""320"" ><br><br>
  <img src=""http://image.rakuten.co.jp/garageshop/cabinet/kk00001-/kk00079-5.jpg"" alt="" width=""320"" width=""320"" ><br><br>
  <img src=""http://image.rakuten.co.jp/garageshop/cabinet/kk00001-/kk00079-6.jpg"" alt="" width=""320"" width=""320"" ><br><br>
  <img src=""http://image.rakuten.co.jp/garageshop/cabinet/kk00001-/kk00079-7.jpg"" alt="" width=""320"" width=""320"" ><br><br>
  <img src=""http://image.rakuten.co.jp/garageshop/cabinet/kk00001-/kk00079-8.jpg"" alt="" width=""320"" width=""320"" ><br><br>
  <img src=""http://image.rakuten.co.jp/garageshop/cabinet/kk00001-/kk00079-9.jpg"" alt="" width=""320"" width=""320"" ><br><br>
  <img src=""http://image.rakuten.co.jp/garageshop/cabinet/kk00001-/kk00079-10.jpg"" alt="" width=""320"" width=""320"" ><br><br>
  <img src=""http://image.rakuten.co.jp/garageshop/cabinet/kk00001-/kk00079-11.jpg"" alt="" width=""320"" width=""320"" ><br><br>
  <img src=""http://image.rakuten.co.jp/garageshop/cabinet/kk00001-/kk00079-12.jpg"" alt="" width=""320"" width=""320"" ><br><br>
 <img src=""http://image.rakuten.co.jp/garageshop/cabinet/staff-sityaku/s-kk00079.jpg"" alt="" width=""320"" width=""320"" ><br><br>
</p>
夏らしい爽やかな雰囲気の厚底サンダルがDebut★<BR>
コルクウェッジヒール×プラットフォームデザインのボリューム感がカワイイ！<BR>
ストームが4cmと厚底なので傾斜が少なく、安定感のある履き心地♪<BR>
ダブルベルトで足をしっかりホールドしてくれるから歩きやすさもバッチリです。<BR>
<BR>
■サイズ<BR>
【36】(23.0cm)<BR>
【37】(23.5cm)<BR>
【38】(24.0cm)<BR>
【39】(24.5cm)<BR>
<BR>
■実寸サイズ（37サイズで計測）<BR>
ヒール高さ：6.5cm<BR>
底幅：8.5cm<BR>
ストーム：4.0cm<BR>
甲外周り：14.5cm<BR>
<BR>
■素材<BR>
PUレザー<BR>
片足重さ：0.26kg<BR>
<BR>
■コメント<BR>
インソールにクッション性あり。<br><br>
<font color=""red"">
【サイズ表記について】<br>
１点１点手作りの為、同サイズや同色で有っても生産・素材毎に誤差がございます。<br>サイズ表記はあくまでも目安としてご参照下さい。</font><br><br>

<br><center><font color=""#FF0000"" size=""2"">※ご購入前に必ずお読みください※</font><br></center><table width=""250"" border=""1"" align=""center"" cellpadding=""0"" cellspacing=""0""><tr><td bgcolor=""#FFFFFF"" align=""center"" height=""25"">
<font color=""#0000FF"" size=""4"">商品についてのご注意 ≫</font></td></tr></table><br><table width=""250"" border=""1"" align=""center"" cellpadding=""0"" cellspacing=""0""><tr><td bgcolor=""#FFFFFF"" align=""center"" height=""25""> <font color=""#0000FF"" size=""4"">お買い物ガイド ≫</font></td></tr></table>",【送料無料♪】 サンダル 厚底 ウェッジソール レディース コルク調 アンクルベルト スエード ベルト ブラック キャメル ベージュ ダブルベルト プラットフォームデザイン グラディ カジュアル 美脚 脚長 軽い 軽量  2017春夏 フェミニン お試し あす楽：aquagarage（アクアガレージ）,通信販売通販ショッピングオンラインショッピング買い物プレゼントギフト贈り物贈答品お中元お歳暮お買い得ロングカーディガンパンプスサンダルドルマンジャージワンピースレディースガウチョパンツブーティワイドパンツスカートニットワンピーススカンツゆるニットジョーゼットインナールームウェア通販バッグアクセサリー【送料無料♪】 サンダル 厚底 ウェッジソール レディース コルク調 アンクルベルト スエード ベルト ブラック キャメル ベージュ ダブルベルト プラットフォームデザイン グラディ カジュアル 美脚 脚長 軽い 軽量  2017春夏 フェミニン お試し あす楽,サンダル 厚底 ウェッジソール レディース コルク調 。【送料無料♪】 サンダル 厚底 ウェッジソール レディース コルク調 アンクルベルト スエード ベルト ブラック キャメル ベージュ ダブルベルト プラットフォームデザイン グラディ カジュアル 美脚 脚長 軽い 軽量  2017春夏 フェミニン お試し あす楽[rn]
14-171518,http://tshop.r10s.jp/garageshop/cabinet/kk00001-/kk00090.jpg?fitin=700:700,1615.2000,,靴 > レディース靴 > サンダル > ストラップ,送料無料 サンダル ウェッジソール アンクルベルト マジックテープ 靴 シューズ くつ オープントゥ 7.5cmヒール クッション スエード ブラック キャメル ベージュ グレー 春夏 レディース あす楽,,"<p>
<img src=""http://image.rakuten.co.jp/garageshop/cabinet/kk00001-/kk00090.jpg"" alt="" width=""320"" width=""320"" ><br><br>
  <img src=""http://image.rakuten.co.jp/garageshop/cabinet/kk00001-/kk00090-1.jpg"" alt="" width=""320"" width=""320"" ><br><br>
  <img src=""http://image.rakuten.co.jp/garageshop/cabinet/kk00001-/kk00090-2.jpg"" alt="" width=""320"" width=""320"" ><br><br>
  <img src=""http://image.rakuten.co.jp/garageshop/cabinet/kk00001-/kk00090-3.jpg"" alt="" width=""320"" width=""320"" ><br><br>
  <img src=""http://image.rakuten.co.jp/garageshop/cabinet/kk00001-/kk00090-4.jpg"" alt="" width=""320"" width=""320"" ><br><br>
  <img src=""http://image.rakuten.co.jp/garageshop/cabinet/kk00001-/kk00090-5.jpg"" alt="" width=""320"" width=""320"" ><br><br>
  <img src=""http://image.rakuten.co.jp/garageshop/cabinet/kk00001-/kk00090-6.jpg"" alt="" width=""320"" width=""320"" ><br><br>
  <img src=""http://image.rakuten.co.jp/garageshop/cabinet/kk00001-/kk00090-7.jpg"" alt="" width=""320"" width=""320"" ><br><br>
  <img src=""http://image.rakuten.co.jp/garageshop/cabinet/kk00001-/kk00090-8.jpg"" alt="" width=""320"" width=""320"" ><br><br>
  <img src=""http://image.rakuten.co.jp/garageshop/cabinet/kk00001-/kk00090-9.jpg"" alt="" width=""320"" width=""320"" ><br><br>
  <img src=""http://image.rakuten.co.jp/garageshop/cabinet/kk00001-/kk00090-10.jpg"" alt="" width=""320"" width=""320"" ><br><br>
  <img src=""http://image.rakuten.co.jp/garageshop/cabinet/kk00001-/kk00090-11.jpg"" alt="" width=""320"" width=""320"" ><br><br>
  <img src=""http://image.rakuten.co.jp/garageshop/cabinet/kk00001-/kk00090-12.jpg"" alt="" width=""320"" width=""320"" ><br><br>
  <img src=""http://image.rakuten.co.jp/garageshop/cabinet/kk00001-/kk00090-13.jpg"" alt="" width=""320"" width=""320"" ><br><br>
  <img src=""http://image.rakuten.co.jp/garageshop/cabinet/kk00001-/kk00090-14.jpg"" alt="" width=""320"" width=""320"" ><br><br>
  <img src=""http://image.rakuten.co.jp/garageshop/cabinet/kk00001-/kk00090-15.jpg"" alt="" width=""320"" width=""320"" ><br><br>
  <img src=""http://image.rakuten.co.jp/garageshop/cabinet/kk00001-/kk00090-16.jpg"" alt="" width=""320"" width=""320"" ><br><br>
  <img src=""http://image.rakuten.co.jp/garageshop/cabinet/kk00001-/kk00090-17.jpg"" alt="" width=""320"" width=""320"" ><br><br>
  <img src=""http://image.rakuten.co.jp/garageshop/cabinet/staff-sityaku/s-kk00090.jpg"" alt="" width=""320"" width=""320"" ><br><br></p>

トレンドの続くアンクルベルトデザインのウェッジソールサンダルDebut！<br>
留め外しがマジックテープだから、急いでいる時もサッと履けてっても便利♪<br>
スカートでもパンツでも合わせやすく、存在感のあるデザインで、今シーズンのヘビロテアイテムになりそう！<br><br>

■表記サイズ<br>
【35】(22.5cm)<br>
【36】(23.0cm)<br>
【37】(23.5cm)<br>
【38】(24.0cm)<br>
【39】(24.5cm)<br><br>
■実寸サイズ（37サイズで計測） <br>
ヒール高さ：7.5cm 底幅：7.5cm ストーム：0.7cm 甲外回り：14.5cm<br><br>

■素材：PUスエード<br>
片足重さ：0.2kg<br>
インソールにクッション性あり。<br>
<font color=""red"">
【サイズ表記について】<br>
１点１点手作りの為、同サイズや同色で有っても生産・素材毎に誤差がございます。<br>サイズ表記はあくまでも目安としてご参照下さい。</font><br><br>
  
<br><center><font color=""#FF0000"" size=""2"">※ご購入前に必ずお読みください※</font><br></center><table width=""250"" border=""1"" align=""center"" cellpadding=""0"" cellspacing=""0""><tr><td bgcolor=""#FFFFFF"" align=""center"" height=""25"">
<font color=""#0000FF"" size=""4"">商品についてのご注意 ≫</font></td></tr></table><br><table width=""250"" border=""1"" align=""center"" cellpadding=""0"" cellspacing=""0""><tr><td bgcolor=""#FFFFFF"" align=""center"" height=""25""> <font color=""#0000FF"" size=""4"">お買い物ガイド ≫</font></td></tr></table>",送料無料 サンダル ウェッジソール アンクルベルト マジックテープ 靴 シューズ くつ オープントゥ 7.5cmヒール クッション スエード ブラック キャメル ベージュ グレー 春夏 レディース あす楽：aquagarage（アクアガレージ）,通信販売通販ショッピングオンラインショッピング買い物プレゼントギフト贈り物贈答品お中元お歳暮お買い得ロングカーディガンパンプスサンダルドルマンジャージワンピースレディースガウチョパンツブーティワイドパンツスカートニットワンピーススカンツゆるニットジョーゼットインナールームウェア通販バッグアクセサリー送料無料 サンダル ウェッジソール アンクルベルト マジックテープ 靴 シューズ くつ オープントゥ 7.5cmヒール クッション スエード ブラック キャメル ベージュ グレー 春夏 レディース あす楽,サンダル ウェッジソール アンクルベルト マジックテープ 靴。送料無料 サンダル ウェッジソール アンクルベルト マジックテープ 靴 シューズ くつ オープントゥ 7.5cmヒール クッション スエード ブラック キャメル ベージュ グレー 春夏 レディース あす楽[rn]
14-171519,http://tshop.r10s.jp/e-zakkamania/cabinet/14032/26136-1403255.jpg?fitin=700:700,740.8000,,靴 > レディース靴 > サンダル > ストラップ,足に馴染むストラップサンダル レディース 靴 シューズ ビーチサンダル アンクルストラップ フラット ぺたんこ レインシューズ 海 プール 黒 ◆カラフルストラップ ラバーサンダル,,"<font size=""-1"">※屋外での着用後は返品交換不可<hr>［コーデをCHECK］<br><img src=""http://image.rakuten.co.jp/e-zakkamania/cabinet/14032/26136-1403255sm1.jpg"" width=""100%""><br><br><b>■タウンはもちろん、雨の日やビーチでも使えます♪</b><br><br>柔らかいラバー素材が<br>足に優しく馴染んでくれる<br>ストラップサンダルが登場！<br><br>シンプルなデザインながら、<br>クロスしたアッパーのデザインが<br>アクセントになったアイテムです。<br><br><img src=""http://image.rakuten.co.jp/e-zakkamania/cabinet/14032/26136-1403255sm2.jpg"" width=""100%""><br><br>素材はストラップ、ソール、<br>全て柔らかいラバー。<br>水気や汚れに強いので、<br>雨の日やビーチまで幅広く活躍してくれます。<br><br>フラットなソールとアンクルベルトで<br>安定感のある履き心地。<br>ストラップベルトは7段階に調節でき、<br>はめ込むだけで固定されますので<br>着脱も簡単です♪<br><br><hr><b>■関連商品</b><br>プチプラ1,000円ポッキリ！<br>パンプス＆サンダル発売中です<br>├グラデーションラメラバーパンプス<br>├ロープメッシュラバーパンプス<br>└トリプルフラワーコサージュビーチサンダル<hr>■関連カテゴリ<br>├レインシューズ<br>├レインコート<br>├傘・日傘<br>└バッグカバー<hr>■スタッフが試着してみました<table border=""0"" cellspacing=""1"" bgcolor=""#CCCCCC"" cellpadding=""7"" width=""100%""><tr><th bgcolor=""#EEE"" width=""30%""><font size=""1""><center>おろり<br>21.5-22cm<br>［甲普通/幅広］</center></font></th><td bgcolor=""#FFFFFF""><font size=""2"">Sサイズを薄手のタイツで試着。<br>縦の長さは3、4cmほど余裕があり、かなり大きめのサイズ。ストラップを一番小さくした状態だと、パカパカすることはありませんが、見た目が明らかに大きい！という感じなので、履くのは難しいです。</font><br></td></tr><tr><th bgcolor=""#EEE"" width=""30%""><font size=""1""><center>なる<br>23.0-23.5cm<br>[甲薄/幅広]</center></font></th><td bgcolor=""#FFFFFF""><font size=""2"">両サイズ着用。<br>Mは縦の長さに程よく余裕のあるジャストサイズ！私は横幅が広めなのですが、アッパーのストラップ部分には余裕があり、足を動かすと動きます。アンクルストラップでしっかり固定されるので、歩きにくさは全くありませんでしたよ。<br>Lは縦の長さに1～1.5cmほど余裕ができます。履けないことはありませんが、足の形に合っていない感じがしました。<br>私はMを選びます。</font></td></tr><tr><th bgcolor=""#EEE"" width=""30%""><font size=""1""><center>ゆか<br>24.5-25.0cm<br>[甲薄/幅広]</center></font></th><td bgcolor=""#FFFFFF""><font size=""2"">Lサイズを着用。<br>縦の長さはちょうどぴったり。足首のストラップも問題なくとまりますが、横幅が窮屈です。履けることには履けますが、クロスしたラバーが足に食い込んでいて、見た目的にもよくなかったです。<br>私くらいの足のサイズで横幅が狭い方であれば問題なくはけそうなサイズ感ですよ。</font></td></tr></table><hr>■サイズ等（約cm）<table border=""0"" cellspacing=""1"" bgcolor=""#CCCCCC"" cellpadding=""7"" width=""100%""><tr><th bgcolor=""#EEE"" width=""30%""><font size=""1""><center>表記サイズ</center></font></th><td bgcolor=""#FFFFFF""><font size=""2"">《M》（サイズ目安【23.0cm】【23.5cm】）<br>《L》　（サイズ目安【24.0cm】【24.5cm】）<hr>M［24/9.5/6.5/0.6/25-30（最小-最大）］<br>L［24.5/9.5/6.5/0.6/27-32（最小-最大）］</font><br></td></tr><tr><th bgcolor=""#EEE"" width=""30%""><font size=""1""><center>素材等</center></font></th><td bgcolor=""#FFFFFF""><font size=""2"">ポリ塩化ビニル系樹脂<br>中国製<br>片足約160g（Mサイズ）<br>全3色</font><br></td></tr></table><hr>［コーデをCHECK］<br><img src=""http://image.rakuten.co.jp/e-zakkamania/cabinet/14032/26136-1403255sm3.jpg"" width=""100%""><hr><font size=""1"">【ブラック】<br>柔らかいビニール素材が足に優しく馴染むストラップサンダル レディース 靴 シューズ ビーチサンダル アンクルストラップ ストラップサンダル フラット ぺたんこ 歩きやすい レインシューズ 海 プール 夏 黒</font></font><font size=""-1""><hr><center>>>> 必読⇒メール便配送に関するご注意 <<<</center><hr></font>",足に馴染むストラップサンダル レディース 靴 シューズ ビーチサンダル アンクルストラップ フラット ぺたんこ レインシューズ 海 プール 黒 ◆カラフルストラップ ラバーサンダル：イーザッカマニアストアーズ,通信販売通販ショッピングオンラインショッピング買い物プレゼントギフト贈り物贈答品お中元お歳暮お買い得通販通信販売レディースファッションショッピングサイトオンラインショップアパレル雑貨バッグ・アクセサリープチプライス代官山カーリーコレクション（CurlyCollection）フェフェ（fafa）ベティスミス（BettySmith） ズーティー（zootie）流行トレンド雑誌掲載輸入雑貨インポートブランドワンピースコートブーツパギンス足に馴染むストラップサンダル レディース 靴 シューズ ビーチサンダル アンクルストラップ フラット ぺたんこ レインシューズ 海 プール 黒 ◆カラフルストラップ ラバーサンダル,雨の日やビーチシーンにも◎。足に馴染むストラップサンダル レディース 靴 シューズ ビーチサンダル アンクルストラップ フラット ぺたんこ レインシューズ 海 プール 黒 ◆カラフルストラップ ラバーサンダル[rn]
14-171520,http://tshop.r10s.jp/e-zakkamania/cabinet/09028/26458-0902811e.jpg?fitin=700:700,3600.0000,,靴 > レディース靴 > サンダル > ストラップ,[全品使用OK!MAX2000円OFFクーポン有]毎年大人気♪ エナメル が可愛い レディース サンダル 「 ココ 」！ 靴 シューズ エスパドリーユ風 ウェッジソール ヒール レインシューズ 雨靴 ◆HENRY&HENRY（ヘンリー＆ヘンリー）COCO,,"<font size=""-1"">※屋外での着用後は返品交換不可<br>※《》内は、タグ・箱記載の表記サイズ、（）内は着用コメントを元にしたサイズ目安です<hr><img src=""http://image.rakuten.co.jp/e-zakkamania/cabinet/09028/26458-0902811c_22.jpg"" width=""100%"">［コーデをCHECK］<br><br><img src=""http://image.rakuten.co.jp/e-zakkamania/cabinet/09028/26458-0902811c_21.jpg"" width=""100%"">［コーデをCHECK］<br><br><img src=""http://image.rakuten.co.jp/e-zakkamania/cabinet/09028/26458-0902811s_03.jpg"" width=""100%""><img src=""http://image.rakuten.co.jp/e-zakkamania/cabinet/09028/26458-0902811s_04.jpg"" width=""100%""><img src=""http://image.rakuten.co.jp/e-zakkamania/cabinet/09028/26458-0902811rm1.jpg"" width=""100%""><br><br><img src=""http://image.rakuten.co.jp/e-zakkamania/cabinet/09028/26458-0902811rm6.jpg"" width=""100%""><br><br><img src=""http://image.rakuten.co.jp/e-zakkamania/cabinet/09028/26458-0902811c_14.jpg"" width=""100%""><br><br><img src=""http://image.rakuten.co.jp/e-zakkamania/cabinet/09028/26458-0902811rm7.jpg"" width=""100%""><br><br><img src=""http://image.rakuten.co.jp/e-zakkamania/cabinet/09028/26458-0902811c_01.jpg"" width=""100%"">≫コーデの詳細をPCページからCHECK！<br><br>雨の日にもOKの人気サンダルが今年も入荷！<br>定番カラーからビビッドな原色まで勢揃いです。<br><br>全てのパーツがラバー素材！<br>ソールにはジュートっぽい型押しがされており、<br>この軽さは、一度履くと病み付きに♪<br><br>ビーチなどのリゾートレジャーや<br>レインシューズとしてもオススメです◎<br><hr><table width=""100%"" cellpadding=""8""><tr bgcolor=""#dcdcdc""><td><font size=""2"" color=""#000"">&gt;&#62;　サンダル一覧</font></td></tr></table><table width=""100%"" cellpadding=""8""><tr bgcolor=""#dcdcdc""><td><font size=""2"" color=""#000"">&gt;&#62;　レインシューズ一覧</font></td></tr></table><table width=""100%"" cellpadding=""8""><tr bgcolor=""#dcdcdc""><td><font size=""2"" color=""#000"">&gt;&#62;　HENRY&HENRY一覧</font></td></tr></table><hr><center>▼着用コメントはPCページをご参照下さい▼<br>＼ スタッフ着用コメントはコチラから！ ／</center><hr>■サイズ等（約cm）<table border=""0"" cellspacing=""1"" bgcolor=""#CCCCCC"" cellpadding=""7"" width=""100%""><tr><th bgcolor=""#EEE"" width=""30%""><font size=""1""><center>表記サイズ</center></font></th><td bgcolor=""#FFFFFF""><font size=""2"">36/37/38/39</font><br></td></tr><tr><th bgcolor=""#EEE"" width=""30%""><font size=""1""><center>実寸</center></font></th><td bgcolor=""#FFFFFF""><font size=""2"">［長さ/幅/ヒール］約cm<br>《36》（日本サイズ目安【23.0cm】）<br>［20/7.5/8］<br>《37》（日本サイズ目安【23.5cm】）<br>［21.5/7.5/8］<br>《38》（日本サイズ目安【24.0cm】）<br>［22/8/8］<br>《39》（日本サイズ目安【24.5cm】）<br>［23/8/8.5］</font><br></td></tr><tr><th bgcolor=""#EEE"" width=""30%""><font size=""1""><center>素材等</center></font></th><td bgcolor=""#FFFFFF""><font size=""2"">PVC（アッパー・ソールともに）<br>イタリア製<br>片足約230g（37）<br>全6色<hr>※当商品はかかと部分のプリントかすれや、ラバーの汚れ、ラバーのキズやノリの付着などがみられやすくなっております。また、つなぎ目にすき間がみられる場合もございます。当店で心を込めてひとつひとつ検品の上、お届けいたしますので、商品の特性としてご理解いただけますようお願い申し上げます。<hr>※素材の特性上、アッパー素材に多少の色ムラが見られるものがございます。</font><br></td></tr></table><hr><img src=""http://image.rakuten.co.jp/e-zakkamania/cabinet/09028/26458-0902811_1.jpg"" width=""100%""><hr>■オススメ商品<br>・<font size=""1"">嬉しいプチプラ★1,000円ポッキリのラバーパンプス</font><br>&#8250;&#8250;グラデーションラメメッシュラバーパンプス<br>・<font size=""1"">雨の日も晴れの日も役立つ、強い味方！</font><br>&#8250;&#8250;晴雨兼用傘をCHECK！<br><hr></font><font size=""1"">商品カテゴリ：毎年大人気♪ エナメル の艶感が可愛い サンダル ココ ！スタイルアップも叶える、ラバーウェッジサンダル！スタイリッシュでリーズナブル＆豊富な色展開！ レディース 靴 シューズ エスパドリーユ風 ウェッジソール ヒール 厚底 ラバーソール レインシューズ 雨靴 ストラップサンダル ブランド ヘンリーヘンリー イタリア製 美脚 脚長 軽い ジュート風 無地 ビビッド フューシャ 黒 夏【イエロー】【ピンク】【グリーン】【オレンジ】</font><hr>",[全品使用OK!MAX2000円OFFクーポン有]毎年大人気♪ エナメル が可愛い レディース サンダル 「 ココ 」！ 靴 シューズ エスパドリーユ風 ウェッジソール ヒール レインシューズ 雨靴 ◆HENRY&amp;HENRY（ヘンリー＆ヘンリー）COCO：イーザッカマニアストアーズ,通信販売通販ショッピングオンラインショッピング買い物プレゼントギフト贈り物贈答品お中元お歳暮お買い得通販通信販売レディースファッションショッピングサイトオンラインショップアパレル雑貨バッグ・アクセサリープチプライス代官山カーリーコレクション（CurlyCollection）フェフェ（fafa）ベティスミス（BettySmith） ズーティー（zootie）流行トレンド雑誌掲載輸入雑貨インポートブランドワンピースコートブーツパギンス[全品使用OK!MAX2000円OFFクーポン有]毎年大人気♪ エナメル が可愛い レディース サンダル 「 ココ 」！ 靴 シューズ エスパドリーユ風 ウェッジソール ヒール レインシューズ 雨靴 ◆HENRY&amp;HENRY（ヘンリー＆ヘンリー）COCO,艶感が可愛い ヘンリー＆ヘンリー ココ ！。[全品使用OK!MAX2000円OFFクーポン有]毎年大人気♪ エナメル が可愛い レディース サンダル 「 ココ 」！ 靴 シューズ エスパドリーユ風 ウェッジソール ヒール レインシューズ 雨靴 ◆HENRY&amp;HENRY（ヘンリー＆ヘンリー）COCO[rn]
14-171521,http://tshop.r10s.jp/e-zakkamania/cabinet/15001/26466-1500172e.jpg?fitin=700:700,3600.0000,,靴 > レディース靴 > サンダル > ストラップ,【残りLLサイズ/レオパードのみ】高めソールでスタイルアップ♪ レディース 靴 シューズ ウエッジ ヒール サンダル 美脚 アンクルストラップ ◆MIMIMEMETE（ミミメメット）：セレクトファブリック ジュート ウェッジ サンダル,,"<font size=""-1"">※屋外での着用後は返品交換不可<hr>※《》内は、タグ・箱記載の表記サイズ、（）内は着用コメントを元にしたサイズ目安です<hr><img src=""http://image.rakuten.co.jp/e-zakkamania/cabinet/15001/26466-1500172m_02.jpg"" width=""100%"">［コーデをCHECK］<br><br><b>■MIMIMEMETE（ミミメメット）</b><br><br>身につけるものに『個性』を、<br>トレンドだけではないクセになるようなデザインを、<br>コーディネートにインパクトを与える主役アイテムで<br>媚びないトレンドを発信します。<br><br>いつまでも冒険することを忘れない<br>オトナのオンナノコのために<br><br><img src=""http://image.rakuten.co.jp/e-zakkamania/cabinet/15001/26466-1500172sm2.jpg"" width=""100%""><br><br><b>■選べるアッパーデザインのストラップサンダル</b><br><br>ヒールはなんと約11cm！でも大丈夫。<br>ストーム付きのデザインですので、<br>見た目に反して安定感のある履き心地なんです。<br><br>インソールにはクッション付き。<br>アンクルストラップはスナップで開閉、<br>3段階で長さの調節が可能です。<br><br>デザインは選べる4種類！<br>スタイルアップしたい日も、<br>コーデにアクセントを加えたい日も、<br>大活躍してくれるアイテムです♪<br><br><img src=""http://image.rakuten.co.jp/e-zakkamania/cabinet/15001/26466-1500172c_17.jpg"" width=""100%""><br><br><img src=""http://image.rakuten.co.jp/e-zakkamania/cabinet/15001/26466-1500172c_16.jpg"" width=""100%""><br><br><img src=""http://image.rakuten.co.jp/e-zakkamania/cabinet/15001/26466-1500172c_15.jpg"" width=""100%"">［コーデをCHECK］<br><br><hr>■関連カテゴリ<br>├ウェッジソールサンダル<br>├ぺたんこサンダル<br>└夏はやっぱり･･･カゴバッグ！<hr><center>▼着用コメントはPCページをご参照下さい▼<br>＼ スタッフ着用コメントはコチラから！ ／</center><hr><table border=""0"" cellspacing=""1"" bgcolor=""#CCCCCC"" cellpadding=""7"" width=""100%""><tr><th bgcolor=""#EEE"" width=""30%""><font size=""1""><center>サイズ</center></font></th><td bgcolor=""#FFFFFF""><font size=""2"">表記サイズ<br>《M》（サイズ目安【23.0cm】【23.5cm】）<br>《L》（サイズ目安【24.0cm】【24.5cm】）<br>《LL》（サイズ目安【25.0cm】【25.5cm】）<hr>実寸（約cm）<br>［22.0/8.5/17/11/26-28.5］<br>［22.5/9/17/11/26.5-28.5］<br>［23.0/9/18/11/26.5-28.5］</font></td></tr><tr><th bgcolor=""#EEE"" width=""30%""><font size=""1""><center>素材等</center></font></th><td bgcolor=""#FFFFFF""><font size=""2"">合成皮革　ジュート<br>中国製<br>片足約330g（Mサイズ）<br>全1種類</font><br></td></tr></table><hr><img src=""http://image.rakuten.co.jp/e-zakkamania/cabinet/15001/26466-1500172sk_03.jpg"" width=""100%""><img src=""http://image.rakuten.co.jp/e-zakkamania/cabinet/15001/26466-1500172d_10.jpg"" width=""100%""></font><iframe 　　　　　　　　　　　　　　　　　　="""" src=""http://www.rakuten.ne.jp/gold/e-zakkamania/sp/rms/cart_up3.html"" width=""100%"" height=""385"" scrolling=""no""  frameborder=""0"" ></iframe  　> <font size=""1"">商品カテゴリ：【アニマル/レオパード/ひょう柄/ヒョウ柄/豹柄】<br>MからLL！高めソールでスタイルアップ♪ レディース 靴 シューズ ウエッジ ヒール 夏</font>",【残りLLサイズ/レオパードのみ】高めソールでスタイルアップ♪ レディース 靴 シューズ ウエッジ ヒール サンダル 美脚 アンクルストラップ ◆MIMIMEMETE（ミミメメット）：セレクトファブリック ジュート ウェッジ サンダル：イーザッカマニアストアーズ,通信販売通販ショッピングオンラインショッピング買い物プレゼントギフト贈り物贈答品お中元お歳暮お買い得通販通信販売レディースファッションショッピングサイトオンラインショップアパレル雑貨バッグ・アクセサリープチプライス代官山カーリーコレクション（CurlyCollection）フェフェ（fafa）ベティスミス（BettySmith） ズーティー（zootie）流行トレンド雑誌掲載輸入雑貨インポートブランドワンピースコートブーツパギンス【残りLLサイズ/レオパードのみ】高めソールでスタイルアップ♪ レディース 靴 シューズ ウエッジ ヒール サンダル 美脚 アンクルストラップ ◆MIMIMEMETE（ミミメメット）：セレクトファブリック ジュート ウェッジ サンダル,【リンネル掲載】エスパドリーユ サンダル。。【残りLLサイズ/レオパードのみ】高めソールでスタイルアップ♪ レディース 靴 シューズ ウエッジ ヒール サンダル 美脚 アンクルストラップ ◆MIMIMEMETE（ミミメメット）：セレクトファブリック ジュート ウェッジ サンダル[rn]
14-171522,http://tshop.r10s.jp/e-zakkamania/cabinet/15018/26532-1501865e.jpg?fitin=700:700,2800.0000,,靴 > レディース靴 > サンダル > ストラップ,[全品使用OK!MAX2000円OFFクーポン有]タッセル フリンジ サンダル バックストラップ付き！レディース 靴 シューズ サンダル フェイクレザー 合成皮革 合皮 ◆zootie（ズーティー）：リボン付きフリンジ コンフォートサンダル,,"<font size=""-1"">※屋外での着用後は返品交換不可<br>※《》内は、タグ・箱記載の表記サイズ、（）内は着用コメントを元にしたサイズ目安です<hr><img src=""http://image.rakuten.co.jp/e-zakkamania/cabinet/15018/26532-1501865sm1.jpg"" width=""100%"">［コーデをCHECK］<br><br><img src=""http://www.rakuten.ne.jp/gold/e-zakkamania/images/item_page/26532-1501865sm2.jpg"" width=""100%""><br><br><br><b><font size=""3"">ナチュラル・カジュアル・ボヘミアンetc...どんなスタイルもお任せ！</font></b><p>タッセルみたいなフリンジが甲を飾る、フットベッドサンダル。<br>フリンジ部分には、配色のリボンもちょこんと飾られています。<br><br>アッパーには、光沢控えめのマットなフェイクレザーを使用。<br>厚みのあるソールはとっても軽く、足のカタチにカーブしたインソールが優しく足を包み込んでくれます。<br><br>かかとのストラップも歩きやすいポイント。<br><br>かかとのベルトは長さを3段階調節が可能になっており、留め具は引っかけるだけの簡単なデザインですので脱ぎ履きもストレスフリー！トレンドの「靴下合わせ」のコーディネートにも是非どうぞ♪</p><br><br><br><img src=""http://image.rakuten.co.jp/e-zakkamania/cabinet/15018/26532-1501865m_01.jpg"" width=""100%"">［コーデをCHECK］<br><br><img src=""http://image.rakuten.co.jp/e-zakkamania/cabinet/15018/26532-1501865rm3.jpg"" width=""100%"">コーデをCHECK▲<br>［左上］［右上］［左下］［右下］<br><br><img src=""http://image.rakuten.co.jp/e-zakkamania/cabinet/15018/26532-1501865rm4.jpg"" width=""100%"">コーデをCHECK▲<br>［左上］［右上］［左下］［右下］<br><br><img src=""http://image.rakuten.co.jp/e-zakkamania/cabinet/15018/26532-1501865rm2.jpg"" width=""100%""><br><br><table width=""100%"" cellpadding=""8""><tr bgcolor=""#dcdcdc""><td><font size=""2"" color=""#000"">&gt;&#62;　当店のサンダル商品一覧</font></td></tr></table><hr><center>▼着用コメントはPCページをご参照下さい▼<br>＼ スタッフ着用コメントはコチラから！ ／</center><hr>■サイズ（約cm）<br>※サイズ目安は着用コメントを元にしております<br><table cellspacing=""1"" bgcolor=""#CCC"" cellpadding=""5"" width=""100%""><tr align=""center""><th bgcolor=""#EEE"" width=""15%""><font size=""1"">サイズ</font></th><th bgcolor=""#EEE"" width=""30%""><font size=""1"">サイズ目安</font></th><th bgcolor=""#EEE""><font size=""1"">長さ</font></th><th bgcolor=""#EEE""><font size=""1"">幅</font></th><th bgcolor=""#EEE""><font size=""1"">ヒール</font></th></tr><tr align=""center""><td bgcolor=""#FFF"">S</td><td bgcolor=""#FFF"">22.5-23.0</td><td bgcolor=""#FFF"">24</td><td bgcolor=""#FFF"">9</td><td bgcolor=""#FFF"">3</td></tr><tr align=""center""><td bgcolor=""#FFF"">M</td><td bgcolor=""#FFF"">23.5</td><td bgcolor=""#FFF"">25</td><td bgcolor=""#FFF"">9</td><td bgcolor=""#FFF"">3</td></tr><tr align=""center""><td bgcolor=""#FFF"">L</td><td bgcolor=""#FFF"">24.0</td><td bgcolor=""#FFF"">25.5</td><td bgcolor=""#FFF"">9</td><td bgcolor=""#FFF"">3</td></tr><tr align=""center""><td bgcolor=""#FFF"">LL</td><td bgcolor=""#FFF"">24.5</td><td bgcolor=""#FFF"">26</td><td bgcolor=""#FFF"">9</td><td bgcolor=""#FFF"">3</td></tr></table><br><table cellspacing=""1"" bgcolor=""#CCCCCC"" cellpadding=""7"" width=""100%""><tr><th bgcolor=""#EEE"" width=""30%""><font size=""1""><center>素材等</center></font></th><td bgcolor=""#FFF""><font size=""2"">合成皮革<br>片足200g(Mサイズ)<br>中国製<br>全3色<hr>※この製品の素材は、本革に近い（特徴のある）風合いを出す加工を施しているため、表面にキズがつきやすくなっております。歩行時の摩擦（特に汗や雨で濡れた状態）などにより、色落ちをする場合があります</font></td></tr></table><br><hr><img src=""http://image.rakuten.co.jp/e-zakkamania/cabinet/15018/26532-1501865_1.jpg"" width=""100%""><hr><iframe 　　　　　　　　　　　　　　　　　　="""" src=""http://www.rakuten.ne.jp/gold/e-zakkamania/sp/rms/cart_up3.html"" width=""100%"" height=""385"" scrolling=""no""  frameborder=""0"" ></iframe  　> <hr></font><font size=""1"">商品カテゴリ：【ブラック】【キャメル】【ブラウン】</font>",[全品使用OK!MAX2000円OFFクーポン有]タッセル フリンジ サンダル バックストラップ付き！レディース 靴 シューズ サンダル フェイクレザー 合成皮革 合皮 ◆zootie（ズーティー）：リボン付きフリンジ コンフォートサンダル：イーザッカマニアストアーズ,通信販売通販ショッピングオンラインショッピング買い物プレゼントギフト贈り物贈答品お中元お歳暮お買い得通販通信販売レディースファッションショッピングサイトオンラインショップアパレル雑貨バッグ・アクセサリープチプライス代官山カーリーコレクション（CurlyCollection）フェフェ（fafa）ベティスミス（BettySmith） ズーティー（zootie）流行トレンド雑誌掲載輸入雑貨インポートブランドワンピースコートブーツパギンス[全品使用OK!MAX2000円OFFクーポン有]タッセル フリンジ サンダル バックストラップ付き！レディース 靴 シューズ サンダル フェイクレザー 合成皮革 合皮 ◆zootie（ズーティー）：リボン付きフリンジ コンフォートサンダル,どんなスタイルもお任せ！。[全品使用OK!MAX2000円OFFクーポン有]タッセル フリンジ サンダル バックストラップ付き！レディース 靴 シューズ サンダル フェイクレザー 合成皮革 合皮 ◆zootie（ズーティー）：リボン付きフリンジ コンフォートサンダル[rn]
14-171523,http://tshop.r10s.jp/e-zakkamania/cabinet/15018/26532-1501868.jpg?fitin=700:700,3680.0000,,靴 > レディース靴 > サンダル > ストラップ,サンダル【レオパードのみ！】アッパーの柄・ファブリックが選べる、美脚×脚長×かっこいい ウェッジソールの厚底サンダル レディース 靴 シューズ ヒール 合皮 オフィス レディース ◆素材が選べる エナメル プラットフォーム サンダル,,"<font size=""-1"">※屋外での着用後は返品交換不可<hr><img src=""http://image.rakuten.co.jp/e-zakkamania/cabinet/15018/26532-1501868s_01.jpg"" width=""100%""><img src=""http://image.rakuten.co.jp/e-zakkamania/cabinet/15018/26532-1501868m_01.jpg"" width=""100%"">［コーデをCHECK］<br><br><img src=""http://image.rakuten.co.jp/e-zakkamania/cabinet/15018/26532-1501868sm1.jpg"" width=""100%""><img src=""http://image.rakuten.co.jp/e-zakkamania/cabinet/15018/26532-1501868sm2.jpg"" width=""100%""><hr><table width=""100%"" cellpadding=""8""><tr bgcolor=""#dcdcdc""><td><font size=""2"" color=""#000"">&gt;&#62;　当店のサンダル商品一覧</font></td></tr></table><hr><center>▼着用コメントはPCページをご参照下さい▼<br>＼ スタッフ着用コメントはコチラから！ ／</center><hr>■サイズ（約cm）<br>※サイズ目安は着用コメントを元にしております<br>※共通で幅7.5cm、高さ13.5cm、ヒール8cmです<br><table cellspacing=""1"" bgcolor=""#CCC"" cellpadding=""5"" width=""100%""><tr align=""center""><th bgcolor=""#EEE"" width=""15%""><font size=""1"">サイズ</font></th><th bgcolor=""#EEE"" width=""30%""><font size=""1"">サイズ目安</font></th><th bgcolor=""#EEE""><font size=""1"">長さ</font></th><th bgcolor=""#EEE""><font size=""1"">足首周り</font></th></tr><tr align=""center""><td bgcolor=""#FFF"">S</td><td bgcolor=""#FFF"">22.5-23.0</td><td bgcolor=""#FFF"">23.0</td><td bgcolor=""#FFF"">24.0-26.0</td></tr><tr align=""center""><td bgcolor=""#FFF"">M</td><td bgcolor=""#FFF"">23.5-24.0</td><td bgcolor=""#FFF"">23.5</td><td bgcolor=""#FFF"">24.5-26.5</td></tr><tr align=""center""><td bgcolor=""#FFF"">L</td><td bgcolor=""#FFF"">24.5-25.0</td><td bgcolor=""#FFF"">24.0</td><td bgcolor=""#FFF"">25.0-27.0</td></tr><tr align=""center""><td bgcolor=""#FFF"">LL</td><td bgcolor=""#FFF"">25.5-26.0</td><td bgcolor=""#FFF"">24.5</td><td bgcolor=""#FFF"">25.5-27.5</td></tr></table><br><table cellspacing=""1"" bgcolor=""#CCCCCC"" cellpadding=""7"" width=""100%""><tr><th bgcolor=""#EEE"" width=""30%""><font size=""1""><center>素材等</center></font></th><td bgcolor=""#FFF""><font size=""2"">ブラック&カーキ&ヒョウ柄:ポリエステル<br>ベージュ:合成皮革<br>中国製<br>片足約270g(Mサイズ)<br>全4色</font></td></tr></table><br><hr><img src=""http://image.rakuten.co.jp/e-zakkamania/cabinet/15018/26532-1501868c_14.jpg"" width=""100%""><img src=""http://image.rakuten.co.jp/e-zakkamania/cabinet/15018/26532-1501868rm6.jpg"" width=""100%""><img src=""http://image.rakuten.co.jp/e-zakkamania/cabinet/15018/26532-1501868rm5.jpg"" width=""100%""><img src=""http://image.rakuten.co.jp/e-zakkamania/cabinet/15018/26532-1501868c_04.jpg"" width=""100%"">≫コーデの詳細をPCページからCHECK！<br><br><img src=""http://image.rakuten.co.jp/e-zakkamania/cabinet/15018/26532-1501868rm1.jpg"" width=""100%""><hr><iframe 　　　　　　　　　　　　　　　　　　="""" src=""http://www.rakuten.ne.jp/gold/e-zakkamania/sp/rms/cart_up3.html"" width=""100%"" height=""385"" scrolling=""no""  frameborder=""0"" ></iframe  　> <hr></font><font size=""1"">商品カテゴリ：【カーキ】【ホワイト】【ブラック】【ブラウン】【アニマル／レオパード／ひょう柄／ヒョウ柄／豹柄】</font><hr>",サンダル【レオパードのみ！】アッパーの柄・ファブリックが選べる、美脚&times;脚長&times;かっこいい ウェッジソールの厚底サンダル レディース 靴 シューズ ヒール 合皮 オフィス レディース ◆素材が選べる エナメル プラットフォーム サンダル：イーザッカマニアストアーズ,通信販売通販ショッピングオンラインショッピング買い物プレゼントギフト贈り物贈答品お中元お歳暮お買い得通販通信販売レディースファッションショッピングサイトオンラインショップアパレル雑貨バッグ・アクセサリープチプライス代官山カーリーコレクション（CurlyCollection）フェフェ（fafa）ベティスミス（BettySmith） ズーティー（zootie）流行トレンド雑誌掲載輸入雑貨インポートブランドワンピースコートブーツパギンスサンダル【レオパードのみ！】アッパーの柄・ファブリックが選べる、美脚&times;脚長&times;かっこいい ウェッジソールの厚底サンダル レディース 靴 シューズ ヒール 合皮 オフィス レディース ◆素材が選べる エナメル プラットフォーム サンダル,美脚&times;脚長&times;かっこいい！。サンダル【レオパードのみ！】アッパーの柄・ファブリックが選べる、美脚&times;脚長&times;かっこいい ウェッジソールの厚底サンダル レディース 靴 シューズ ヒール 合皮 オフィス レディース ◆素材が選べる エナメル プラットフォーム サンダル[rn]
14-171524,http://tshop.r10s.jp/e-zakkamania/cabinet/14000/26491-1400018.jpg?fitin=700:700,4400.0000,,靴 > レディース靴 > サンダル > ストラップ,【送料無料】ウェッジサンダルレースアップデザインを取り入れた、ウエッジソール サンダル レディース 靴 シューズ ヒール ストーム オープントゥ 厚底 ストラップサンダル ◆zootie（ズーティー）：シューレースウェッジソールサンダル,,"<font size=""-1""><img src=""http://image.rakuten.co.jp/e-zakkamania/cabinet/14000/26491-1400018c_01.jpg"" width=""100%""><br>［コーデをCHECK］<br><font color=""#ff3333"">※5,000円（税込）以上の靴類（但し福袋・特別企画参加品を除く）⇒サイズ交換一回無料サービス中！</font><br>※屋外での着用後は返品交換不可<hr><br><b>カジュアル要素をMIXした、レースアップサンダル</b><br><br>シューレースデザインが程良いカジュアル感を演出する、まるでスニーカーのようなレースアップデザイン。当店オリジナルブランドzootie（ズーティー）より登場です。<br>アッパー部分にはフェイクスエードを使用し、かかととストラップにはフェイクレザー、ソールは季節感のある麻素材で覆われています。5段階サイズ調節可能なストラップで足首をしっかりホールド◎つま先にも高さがありますので見た目よりも安定して履くことができます。ストラップはスナップボタンで簡単に外せますので、脱ぎ履きも楽ちん！インヒールは細かな凹凸の見られる合成底ですので滑りにくくなっています。<br><hr>▼23-23.5cm［甲薄/幅広］<br>36、37サイズを素足で着用しました。<br>36サイズは縦の長さ、横幅どちらも程よいぴったりサイズでした。アッパーにはしっかりとホールド感があり、歩きやすかったです。甲周りの薄い私でぴったりなので、標準サイズの方は少し窮屈に感じるかもしれませんが、調節ができるので問題ないと思います。アンクルストラップも問題ありません。<br>37サイズはかかとに指が1本入る位の余裕があります。アッパーもやや大きめで、少し安定感に欠けるサイズ感でした。<br>私なら36サイズを選びます。<br><br>▼23.5-24cm［甲薄/幅狭］<br>36サイズと37サイズを素足で試着しました。<br>いつも37サイズがきつめで、38サイズがゆるめになりやすい足ですが、こちらは37サイズでもゆるめ。36サイズでも窮屈感は一切なく、縦にも横にも少しゆとりがあるサイズだったので、私は36サイズを選びます。見た感じは37サイズでもOKでしたが、歩くと足が泳いで安定感に欠けました。<br><br>▼24.5-25cm［甲高/幅広］<br>38サイズは縦・横ともに少しずつゆとりがあり、アンクルストラップも真ん中くらいに調節すると丁度よかったです。38サイズで少しゆとりがあったので、37サイズも履いてみました。<br>37サイズは甲周りが少し窮屈ですが履けることには履けます。私くらいの足のサイズで足幅が狭い方であればジャストサイズで履けると思いますよ。<br>39サイズになると38サイズよりも少し大きいかなぁという印象。履き心地的にはさほど差はないように感じました。ただアンクルストラップは38サイズよりもさらにしめないといけません！<br>私なら38サイズを選びますね！<br><br>▼25.5-26cm［甲普通/幅普通］<br>39サイズを素足で履いてみました。<br>すっぽりと履けましたが、縦幅はやや小さく感じました。歩くと前へずれることを考えると、特に問題はないかなと思います。<br>横幅はジャストで多少つま先に締め付け感を感じますが、馴染めばそれほど気にならなそうです。ストラップは一番大きめのところに調節すれば留められます。<br>やや全体的に小さいかなとは思いますが、履いていくうちに足になじむのでジャストサイズくらいになりそうです。ただ、私よりさらに足が大きい方はキツイかもしれません。<br><hr>■サイズ等<br>［幅/高さ/ヒール/履き口の内側］<br>《36サイズ》<br>［21.5/15/9/21.5-25］<br>《37サイズ》<br>［22/15.5/9/21.5-26］<br>《38サイズ》/<br>［22.5/15.5/22-27］<br>《39サイズ》<br>［23/15.5/9/23-28］<br>《共通》<br>本体：合成皮革<br>底：合成底<br>中国製<br>片足約265g（Mサイズ）<br>全3色<hr></font><font size=""1"">商品カテゴリ：レースアップデザインを取り入れた、ウエッジソール サンダル レディース 靴 シューズ ヒール ストーム 合皮 オープントゥ 厚底 ストラップサンダル 夏</font><iframe 　　　　　　　　　　　　　　　　　　="""" src=""http://www.rakuten.ne.jp/gold/e-zakkamania/sp/rms/cart_up3.html"" width=""100%"" height=""385"" scrolling=""no""  frameborder=""0"" ></iframe  　>",【送料無料】ウェッジサンダルレースアップデザインを取り入れた、ウエッジソール サンダル レディース 靴 シューズ ヒール ストーム オープントゥ 厚底 ストラップサンダル ◆zootie（ズーティー）：シューレースウェッジソールサンダル：イーザッカマニアストアーズ,通信販売通販ショッピングオンラインショッピング買い物プレゼントギフト贈り物贈答品お中元お歳暮お買い得通販通信販売レディースファッションショッピングサイトオンラインショップアパレル雑貨バッグ・アクセサリープチプライス代官山カーリーコレクション（CurlyCollection）フェフェ（fafa）ベティスミス（BettySmith） ズーティー（zootie）流行トレンド雑誌掲載輸入雑貨インポートブランドワンピースコートブーツパギンス【送料無料】ウェッジサンダルレースアップデザインを取り入れた、ウエッジソール サンダル レディース 靴 シューズ ヒール ストーム オープントゥ 厚底 ストラップサンダル ◆zootie（ズーティー）：シューレースウェッジソールサンダル,残り　ネイビー 約25cm！。【送料無料】ウェッジサンダルレースアップデザインを取り入れた、ウエッジソール サンダル レディース 靴 シューズ ヒール ストーム オープントゥ 厚底 ストラップサンダル ◆zootie（ズーティー）：シューレースウェッジソールサンダル[rn]
14-171525,http://tshop.r10s.jp/e-zakkamania/cabinet/14005/26184-1400509.jpg?fitin=700:700,11840.0000,,靴 > レディース靴 > サンダル > ストラップ,[全品使用OK!MAX2000円OFFクーポン有]【送料無料】スウェード リボン アッパー ウェッジソール レディース 靴 シューズ ジュート ストラップ ◆GAIMO（ガイモ）：NURIA-AL レオパードスエードリボンエスパドリーユサンダル,,"<font size=""-1""><font color=""#CC0000"">※5,000円（税込）以上の靴類（但し福袋・特別企画参加品を除く）⇒サイズ交換一回無料サービス中！</font><br>※屋外での着用後は返品交換不可<hr>［コーデをCHECK］<img src=""http://image.rakuten.co.jp/e-zakkamania/cabinet/14005/26184-1400509sm1.jpg"" width=""100%""><br><br>ジュートサンダルをメインに<br>一つ一つ丹念に製造されており、<br>その丈夫さと歩きやすさで世界的に支持されている<br>スペインの老舗ブランドGAIMO（ガイモ）の<br>ウェッジソールサンダル。<br><br><img src=""http://image.rakuten.co.jp/e-zakkamania/cabinet/14005/26184-1400509rm1.jpg"" width=""100%""><br><br>レオパード柄のスエードリボンがアッパーを飾り、<br>甲をキュッと結んだデザインがエレガント。<br>さらに、華奢な足首ストラップは、<br>歩きやすいだけでなく足首を細く見せてくれる<br>嬉しい特典付き！<br>高めのヒールですがウェッジソールなので、<br>足が疲れにくいのも嬉しいですね。<br><br>ストーム付きのプラットフォームになっているので、<br>ヒールに苦手意識がある方にもオススメです。<br>ぜひ素足でジュートソールの気持ちのよさを体感してください！<br><br><hr><table width=""100%"" cellpadding=""8""><tr bgcolor=""#dcdcdc""><td><font size=""2"" color=""#000"">&gt;&#62;　キャンバスVer.</font></td></tr></table><table width=""100%"" cellpadding=""8""><tr bgcolor=""#dcdcdc""><td><font size=""2"" color=""#000"">&gt;&#62;　GAIMO（ガイモ）一覧</font></td></tr></table><table width=""100%"" cellpadding=""8""><tr bgcolor=""#dcdcdc""><td><font size=""2"" color=""#000"">&gt;&#62;　サンダル一覧</font></td></tr></table><hr><center>▼着用コメントはPCページをご参照下さい▼<br>＼ スタッフ着用コメントはコチラから！ ／</center><hr><br><table border=""0"" cellspacing=""1"" bgcolor=""#CCCCCC"" cellpadding=""7"" width=""100%""><tr><th bgcolor=""#EEE"" width=""30%""><font size=""1""><center>サイズ</center></font></th><td bgcolor=""#FFFFFF""><font size=""2"">表記サイズ：36/37/38/39<hr>実寸：<br>［長さ/幅/ヒール/ストラップ］<br>《36》［22.5/9/7.5/23/-26］<br>《37》［23/9/7.5/24/-27］<br>《38》［24/9.5/7.5/25/-28］<br>《39》［24.5/9.5/7.5/26/-29］</font><br></td></tr><tr><th bgcolor=""#EEE"" width=""30%""><font size=""1""><center>素材等</center></font></th><td bgcolor=""#FFFFFF""><font size=""2"">アッパー：スエード<br>インソール：レザー<br>ソール：ジュート<br>スペイン製<br>重さ：片足約270g（37サイズ）</font><br></td></tr></table><hr><img src=""http://image.rakuten.co.jp/e-zakkamania/cabinet/14005/26184-1400509sm3.jpg"" width=""100%""><hr><iframe 　　　　　　　　　　　　　　　　　　="""" src=""http://www.rakuten.ne.jp/gold/e-zakkamania/sp/rms/cart_up3.html"" width=""100%"" height=""385"" scrolling=""no""  frameborder=""0"" ></iframe  　> <hr></font><font size=""1"">商品カテゴリ：商品カテゴリ：【アニマル/レオパード/ひょう柄/ヒョウ柄/豹柄】【ブラウン】<br>豹柄スウェード りぼん でアッパーをデザインした ウェッジソール サンダル レディース 靴 シューズ ジュート ストラップサンダル プラットフォーム ブランド ヒール 厚底 ストーム付き 丈夫 歩きやすい 夏</font>",[全品使用OK!MAX2000円OFFクーポン有]【送料無料】スウェード リボン アッパー ウェッジソール レディース 靴 シューズ ジュート ストラップ ◆GAIMO（ガイモ）：NURIA-AL レオパードスエードリボンエスパドリーユサンダル：イーザッカマニアストアーズ,通信販売通販ショッピングオンラインショッピング買い物プレゼントギフト贈り物贈答品お中元お歳暮お買い得通販通信販売レディースファッションショッピングサイトオンラインショップアパレル雑貨バッグ・アクセサリープチプライス代官山カーリーコレクション（CurlyCollection）フェフェ（fafa）ベティスミス（BettySmith） ズーティー（zootie）流行トレンド雑誌掲載輸入雑貨インポートブランドワンピースコートブーツパギンス[全品使用OK!MAX2000円OFFクーポン有]【送料無料】スウェード リボン アッパー ウェッジソール レディース 靴 シューズ ジュート ストラップ ◆GAIMO（ガイモ）：NURIA-AL レオパードスエードリボンエスパドリーユサンダル,【送料無料】。[全品使用OK!MAX2000円OFFクーポン有]【送料無料】スウェード リボン アッパー ウェッジソール レディース 靴 シューズ ジュート ストラップ ◆GAIMO（ガイモ）：NURIA-AL レオパードスエードリボンエスパドリーユサンダル[rn]
14-171526,http://tshop.r10s.jp/g-shoes/cabinet/item_/gd1201_01.jpg?fitin=700:700,370.4000,,靴 > レディース靴 > サンダル > ストラップ,メンズ用サンダル/健康/イボイボ付/処分/激安/男性/サンダル/g-shoes8080 02P01Sep13,,"<img src=""http://thumbnail.image.rakuten.co.jp/@0_mall/g-shoes/cabinet/item_/gd1201_01.jpg"" width=""100%""><br>
<img src=""http://thumbnail.image.rakuten.co.jp/@0_mall/g-shoes/cabinet/item_/gd1201_02.jpg"" width=""100%""><br>
<img src=""http://thumbnail.image.rakuten.co.jp/@0_mall/g-shoes/cabinet/item_/gd1201_04.jpg"" width=""100%"">
<br>
メンズ用ケンコウサンダル
<br><br>パソコン版にてより詳しく説明を記載させて頂いております。<br>ご注文の前に一度パソコン版をご確認ください。",メンズ用サンダル/健康/イボイボ付/処分/激安/男性/サンダル/g-shoes8080 02P01Sep13：ジーシューズ（G-shoes）,通信販売通販ショッピングオンラインショッピング買い物プレゼントギフト贈り物贈答品お中元お歳暮お買い得メンズ用サンダル/健康/イボイボ付/処分/激安/男性/サンダル/g-shoes8080 02P01Sep13,あす楽OK！激安処分。メンズ用サンダル/健康/イボイボ付/処分/激安/男性/サンダル/g-shoes8080 02P01Sep13[rn]
14-171527,http://tshop.r10s.jp/g-shoes/cabinet/item6/nb7593_01.jpg?fitin=700:700,1466.4000,,靴 > レディース靴 > サンダル > ストラップ,リゾート風 サンダル 【送料無料】,,"<img src=""http://image.rakuten.co.jp/g-shoes/cabinet/item6/nb7593_02.jpg"" width=""100%"">
<img src=""http://image.rakuten.co.jp/g-shoes/cabinet/item6/nb7593_06.jpg"" width=""100%"">
<img src=""http://image.rakuten.co.jp/g-shoes/cabinet/item6/nb7593_07.jpg"" width=""100%"">
<br><br>
デイリー使いにピッタリ!リゾート風フラットサンダル<br>
シンプルながらもクロスベルトが存在感あり!<br>
バックストラップはマジックテープ式だから簡単に着脱可能です!!<br>
3.5cmと低めのヒールなので、安定感もあって歩きやすいです。<br>
片足はなんと約150g!（Mサイズ）軽量なので、長時間歩いても疲れにくいのが嬉しい★<br><br />


<table border=""1"" cellpadding=""5"" cellspacing=""2"" bordercolor=""#CCCCCC"" width=""100%"">
<tr>
<th width=""4"" bgcolor=""#cccccc""><font size=""-1"" >サイズ</font></th>
<th width=""47"" ><font size=""-1"" >S(22.5～23.0cm)</font></th>
<th width=""47"" ><font size=""-1"" >Ｍ(23.0～23.5cm)</font></th>
<th width=""47"" ><font size=""-1"" >L(23.5～24.0cm) </font></th>
<th width=""47"" ><font size=""-1"" >LL(24.0&#12316;24.5cm)</font></th>

</tr>
<tr>
<th  bgcolor=""#cccccc""><font size=""-1"" >ヒール</font></th>
<td colspan=""4"" align=""center"" ><font size=""-1"">3.5cm</font></td>
</tr>
<tr>
<th  bgcolor=""#cccccc""><font size=""-1"" >ストーム</font></th>
<td colspan=""4"" align=""center"" ><font  size=""-1"">-</font></td>
</tr>
<tr>
<th  bgcolor=""#cccccc""><font size=""-1"" >ワイズ</font></th>
<td align=""center"" ><font size=""-1"" >8.4cm</font></td>
<td align=""center"" ><font size=""-1"" >8.6cm</font></td>
<td align=""center"" ><font size=""-1"" >8.8cm</font></td>
<td align=""center"" ><font size=""-1"" >9.0cm</font></td>

</tr>
<tr>
<th  bgcolor=""#cccccc""><font size=""-1"" >甲材/底材</font></th>
<td colspan=""4"" align=""center"" >[甲表素材] - [底材]-</td>
</tr>

<tr>
<th  bgcolor=""#cccccc""><font size=""-1"">原産国</font></th>
<td colspan=""4"" align=""center"" >-</td>
</tr>
</table>
<font size=""-1"" >※商品のデザインやお客様の足の形により、
感じ方に若干の個人差がございます。<br />
※メジャー採寸ですので、若干の誤差が生じる場合がございます。</font>",リゾート風 サンダル 【送料無料】：ジーシューズ（G-shoes）,通信販売通販ショッピングオンラインショッピング買い物プレゼントギフト贈り物贈答品お中元お歳暮お買い得リゾート風 サンダル 【送料無料】,/軽量/楽ちん/サンダル/女性用。リゾート風 サンダル 【送料無料】[rn]
14-171528,http://tshop.r10s.jp/g-shoes/cabinet/item6/nb7591_01.jpg?fitin=700:700,1466.4000,,靴 > レディース靴 > サンダル > ストラップ,リゾート風 サンダル 【送料無料】,,"<img src=""http://image.rakuten.co.jp/g-shoes/cabinet/item6/nb7591_02.jpg"" width=""100%"">
<img src=""http://image.rakuten.co.jp/g-shoes/cabinet/item6/nb7591_06.jpg"" width=""100%"">
<img src=""http://image.rakuten.co.jp/g-shoes/cabinet/item6/nb7591_07.jpg"" width=""100%""><br><br>

デイリー使いにピッタリ!リゾート風フラットサンダル<br>
花モチーフにしたデザインが可愛い♪<br>
バックストラップは調節可能だから安定感もバツグン!<br>
3.5cmと低めのヒールなので、安定感もあって歩きやすいです。<br>
片足はなんと約150g!（Mサイズ）軽量なので、長時間歩いても疲れにくいのが嬉しい★<br><br />


<table border=""1"" cellpadding=""5"" cellspacing=""2"" bordercolor=""#CCCCCC"" width=""100%"">
<tr>
<th width=""4"" bgcolor=""#cccccc""><font size=""-1"" >サイズ</font></th>
<th width=""47"" ><font size=""-1"" >S(22.5～23.0cm)</font></th>
<th width=""47"" ><font size=""-1"" >Ｍ(23.0～23.5cm)</font></th>
<th width=""47"" ><font size=""-1"" >L(23.5～24.0cm) </font></th>
<th width=""47"" ><font size=""-1"" >LL(24.0&#12316;24.5cm)</font></th>

</tr>
<tr>
<th  bgcolor=""#cccccc""><font size=""-1"" >ヒール</font></th>
<td colspan=""4"" align=""center"" ><font size=""-1"">3.5cm</font></td>
</tr>
<tr>
<th  bgcolor=""#cccccc""><font size=""-1"" >ストーム</font></th>
<td colspan=""4"" align=""center"" ><font  size=""-1"">-</font></td>
</tr>
<tr>
<th  bgcolor=""#cccccc""><font size=""-1"" >ワイズ</font></th>
<td align=""center"" ><font size=""-1"" >8.4cm</font></td>
<td align=""center"" ><font size=""-1"" >8.6cm</font></td>
<td align=""center"" ><font size=""-1"" >8.8cm</font></td>
<td align=""center"" ><font size=""-1"" >9.0cm</font></td>

</tr>
<tr>
<th  bgcolor=""#cccccc""><font size=""-1"" >甲材/底材</font></th>
<td colspan=""4"" align=""center"" >[甲表素材] - [底材]-</td>
</tr>

<tr>
<th  bgcolor=""#cccccc""><font size=""-1"">原産国</font></th>
<td colspan=""4"" align=""center"" >-</td>
</tr>
</table>
<font size=""-1"" >※商品のデザインやお客様の足の形により、
感じ方に若干の個人差がございます。<br />
※メジャー採寸ですので、若干の誤差が生じる場合がございます。</font>
<br>
<br>
<img src=""http://image.rakuten.co.jp/g-shoes/cabinet/mailbin2.jpg"" width=""100%"">",リゾート風 サンダル 【送料無料】：ジーシューズ（G-shoes）,通信販売通販ショッピングオンラインショッピング買い物プレゼントギフト贈り物贈答品お中元お歳暮お買い得リゾート風 サンダル 【送料無料】,/軽量/楽ちん/サンダル/女性用。リゾート風 サンダル 【送料無料】[rn]
14-171529,http://tshop.r10s.jp/g-shoes/cabinet/item_/1206_01.jpg?fitin=700:700,370.4000,,靴 > レディース靴 > サンダル > ストラップ,【楽天最安値に挑戦中！】激安 海サンダル/ビーサン/ビーチサンダル/女性用サンダル/トング/処分/激安/女性/サンダル/g-shoes8080 02P01Sep13,,"<img src=""http://thumbnail.image.rakuten.co.jp/@0_mall/g-shoes/cabinet/item_/1206_01.jpg"" width=""100%""><br>
<img src=""http://thumbnail.image.rakuten.co.jp/@0_mall/g-shoes/cabinet/item_/1206_02.jpg"" width=""100%""><br>
<img src=""http://thumbnail.image.rakuten.co.jp/@0_mall/g-shoes/cabinet/item_/1206_03.jpg"" width=""100%"">
<br>
夏が楽しくなる、インジェクションサンダル!

軽くて、ラフな感じが丁度いい！
ビーチやプールで遊ぶシーンで使ってもいいですね★
<br><br>パソコン版にてより詳しく説明を記載させて頂いております。<br>ご注文の前に一度パソコン版をご確認ください。",【楽天最安値に挑戦中！】激安 海サンダル/ビーサン/ビーチサンダル/女性用サンダル/トング/処分/激安/女性/サンダル/g-shoes8080 02P01Sep13：ジーシューズ（G-shoes）,通信販売通販ショッピングオンラインショッピング買い物プレゼントギフト贈り物贈答品お中元お歳暮お買い得【楽天最安値に挑戦中！】激安 海サンダル/ビーサン/ビーチサンダル/女性用サンダル/トング/処分/激安/女性/サンダル/g-shoes8080 02P01Sep13,あす楽OK！激安処分インジェクション サンダル。【楽天最安値に挑戦中！】激安 海サンダル/ビーサン/ビーチサンダル/女性用サンダル/トング/処分/激安/女性/サンダル/g-shoes8080 02P01Sep13[rn]
14-171530,http://tshop.r10s.jp/auc-kids2nds/cabinet/ogawa4/1491.jpg?fitin=700:700,9520.0000,,靴 > レディース靴 > サンダル > ストラップ,●kate spade new york/ケイト・スペード ニューヨーク●2016年S/S KARLA/ビジューサンダル/靴 白/ホワイト BOX付き レディース 6M 22.5-23cm位【中古 古着 USED】,,,●kate spade new york/ケイト・スペード ニューヨーク●2016年S/S KARLA/ビジューサンダル/靴 白/ホワイト BOX付き レディース 6M 22.5-23cm位【中古 古着 USED】：セカンズ＆キッズセカンズ,通信販売通販ショッピングオンラインショッピング買い物プレゼントギフト贈り物贈答品お中元お歳暮お買い得●kate spade new york/ケイト・スペード ニューヨーク●2016年S/S KARLA/ビジューサンダル/靴 白/ホワイト BOX付き レディース 6M 22.5-23cm位【中古 古着 USED】,●kate spade new york/ケイト・スペード ニューヨーク●2016年S/S KARLA/ビジューサンダル/靴 白/ホワイト BOX付き レディース 6M 22.5-23cm位【中古 古着 USED】[rn]
14-171531,http://tshop.r10s.jp/auc-kids2nds/cabinet/simada7/0543.jpg?fitin=700:700,27120.0000,,靴 > レディース靴 > サンダル > ストラップ,【新入荷】▼CHANEL/シャネル▼カメリア/フラワーストラップサンダル/シューズ グレー系 レディース38Ｃ/24cm位【中古 古着 USED】,,,【新入荷】▼CHANEL/シャネル▼カメリア/フラワーストラップサンダル/シューズ グレー系 レディース38Ｃ/24cm位【中古 古着 USED】：セカンズ＆キッズセカンズ,通信販売通販ショッピングオンラインショッピング買い物プレゼントギフト贈り物贈答品お中元お歳暮お買い得【新入荷】▼CHANEL/シャネル▼カメリア/フラワーストラップサンダル/シューズ グレー系 レディース38Ｃ/24cm位【中古 古着 USED】,【新入荷】▼CHANEL/シャネル▼カメリア/フラワーストラップサンダル/シューズ グレー系 レディース38Ｃ/24cm位【中古 古着 USED】[rn]
14-171532,http://tshop.r10s.jp/auc-okreuse/cabinet/03260799/03677600/imgrc0064080136.jpg?fitin=700:700,800.0000,,靴 > レディース靴 > サンダル > ストラップ,★レトロ&ガーリー【Fi.n.t/フィント】L/24.5cm程度□スモーキーピンク□ストラップサンダル□リボンモチーフ□状態良好♪【中古】【あす楽可】,,,★レトロ&amp;ガーリー【Fi.n.t/フィント】L/24.5cm程度□スモーキーピンク□ストラップサンダル□リボンモチーフ□状態良好♪【中古】【あす楽可】：OK リユース シューズ ストア,通信販売通販ショッピングオンラインショッピング買い物プレゼントギフト贈り物贈答品お中元お歳暮お買い得OK REUSE AUCTIONOK Reuse Auction中古靴リサイクルリユース中古　靴オーケーリユースオークションユーズドused取り扱い取扱い札幌シューズ靴靴　中古格安スニーカーパンプスブーツUSED★レトロ&amp;ガーリー【Fi.n.t/フィント】L/24.5cm程度□スモーキーピンク□ストラップサンダル□リボンモチーフ□状態良好♪【中古】【あす楽可】,★レトロ&amp;ガーリー【Fi.n.t/フィント】L/24.5cm程度□スモーキーピンク□ストラップサンダル□リボンモチーフ□状態良好♪【中古】【あす楽可】[rn]
14-171533,http://tshop.r10s.jp/auc-okreuse/cabinet/03260799/03962569/imgrc0065981124.jpg?fitin=700:700,800.0000,,靴 > レディース靴 > サンダル > ストラップ,【中古】【あす楽可】☆状態良好♪☆甲の花飾りがポイント♪☆涼し気なヒール♪☆1FOCUS☆アンクルストラップサンダル☆ブラック×ベージュ☆Ｍサイズ（２３～２３．５cm程度）☆ヒール高：約１１cm☆ストーム：約３cm,,,【中古】【あす楽可】☆状態良好♪☆甲の花飾りがポイント♪☆涼し気なヒール♪☆1FOCUS☆アンクルストラップサンダル☆ブラック&times;ベージュ☆Ｍサイズ（２３～２３．５cm程度）☆ヒール高：約１１cm☆ストーム：約３cm：OK リユース シューズ ストア,通信販売通販ショッピングオンラインショッピング買い物プレゼントギフト贈り物贈答品お中元お歳暮お買い得OK REUSE AUCTIONOK Reuse Auction中古靴リサイクルリユース中古　靴オーケーリユースオークションユーズドused取り扱い取扱い札幌シューズ靴靴　中古格安スニーカーパンプスブーツUSED【中古】【あす楽可】☆状態良好♪☆甲の花飾りがポイント♪☆涼し気なヒール♪☆1FOCUS☆アンクルストラップサンダル☆ブラック&times;ベージュ☆Ｍサイズ（２３～２３．５cm程度）☆ヒール高：約１１cm☆ストーム：約３cm,【中古】【あす楽可】☆状態良好♪☆甲の花飾りがポイント♪☆涼し気なヒール♪☆1FOCUS☆アンクルストラップサンダル☆ブラック&times;ベージュ☆Ｍサイズ（２３～２３．５cm程度）☆ヒール高：約１１cm☆ストーム：約３cm[rn]
14-171534,http://tshop.r10s.jp/museum-onlineshop/cabinet/pippichic17ss/pippichic17ss2_t.jpg?fitin=700:700,23200.0000,,靴 > レディース靴 > サンダル > ストラップ,【特別送料無料！】 レディースシューズ 春 夏 spring summer pippichic ピッピシック separate sandal セパレートサンダル　ストラップ　サンダル 【apr2】,,"<img src=""http://image.rakuten.co.jp/museum-onlineshop/cabinet/pippichic17ss/pippichic17ss2_1.jpg""><img src=""http://image.rakuten.co.jp/museum-onlineshop/cabinet/pippichic17ss/pippichic17ss2_3.jpg""><img src=""http://image.rakuten.co.jp/museum-onlineshop/cabinet/pippichic17ss/pippichic17ss2_4.jpg""><img src=""http://image.rakuten.co.jp/museum-onlineshop/cabinet/pippichic17ss/pippichic17ss2_5.jpg""><table cellspacing=""1"" bgcolor=""#CCCCCC"" cellpadding=""7"" width=""100%""><tr><th bgcolor=""#EEE"" width=""30%"">商品名</th><td bgcolor=""#FFF"">separate sandal</td></tr><tr><th bgcolor=""#EEE"" width=""30%"">商品説明</th><td bgcolor=""#FFF"">スウェードセパレートサンダルです。<br/></td></tr><tr><th bgcolor=""#EEE"" width=""30%"">実寸サイズ<br />（平置き）</th><td bgcolor=""#FFF""><p>35.5(22.5cm) / ヒール8.7cm　最大幅（靴底）7.8cm　甲幅12cm<br/>36(23cm) / ヒール8.8cm　最大幅（靴底）7.8cm　甲幅12.3cm<br/>36.5(23.5cm) / ヒール9cm　最大幅（靴底）8cm　甲幅12.5cm<br/>37(24cm) / ヒール9cm　最大幅（靴底）8.1cm　甲幅12.8cm</p></td></tr><tr><th bgcolor=""#EEE"" width=""30%"">素材</th><td bgcolor=""#FFF""><p>山羊革</p></td></tr><tr><th bgcolor=""#EEE"" width=""30%"">原産国</th><td bgcolor=""#FFF"">japan</td></tr></table><br><table cellspacing=""1"" bgcolor=""#CCCCCC"" cellpadding=""7"" width=""100%""><tr><th bgcolor=""#EEE"" width=""100%"">商品詳細</th></tr></table><table cellspacing=""1"" bgcolor=""#CCCCCC"" cellpadding=""10"" width=""100%""><tr><td bgcolor=""#FFF"" width=""100%""><p>マットなスウェード使いが女性らしいセパレートサンダルです。PIPPICHICならではの美しいカッティングとチャンキーヒールで安定感もあり、足をすらっと見せてくれます。今シーズンはソックス合わせもおすすめです。画像はsuede mochaです。</p></td></tr></table><br><table cellspacing=""1"" bgcolor=""#CCCCCC"" cellpadding=""7"" width=""100%""><tr><th bgcolor=""#EEE"" width=""100%"">注意点</th></tr></table><table cellspacing=""1"" bgcolor=""#CCCCCC"" cellpadding=""10"" width=""100%""><tr><td bgcolor=""#FFF"" width=""100%""><p><font color=""#FF0000"">□こちらの商品は店頭にて同時販売しております。</font><br>ご注文いただいた後に在庫状況を確認いたしますが、在庫が無い場合がございます。その際はメールにてご連絡致します。何とぞご了承ください。<br></p><p>□着用時、水分を含みますと色落ちする可能性がございます。また、摩擦等で色落ちの可能性ございますので、濃色の商品の着用時には充分にご注意下さい。</p><p>□お洗濯時に色落ちの可能性のある濃色は他の繊維への移染を防ぐため、洗濯表示をご参照下さい。また洗濯後はすぐに形を整えて干して下さい。</p><p>□商品によっては繊維独特の匂いが強く感じられるものもございますが、数日のご使用や陰干しなどで気になる臭いは感じられなくなります。</p></td></tr></table>",【特別送料無料！】 レディースシューズ 春 夏 spring summer pippichic ピッピシック separate sandal セパレートサンダル　ストラップ　サンダル 【apr2】：MUSEUM onlineshop,通信販売通販ショッピングオンラインショッピング買い物プレゼントギフト贈り物贈答品お中元お歳暮お買い得【特別送料無料！】 レディースシューズ 春 夏 spring summer pippichic ピッピシック separate sandal セパレートサンダル　ストラップ　サンダル 【apr2】,スウェードセパレートサンダルです。。【特別送料無料！】 レディースシューズ 春 夏 spring summer pippichic ピッピシック separate sandal セパレートサンダル　ストラップ　サンダル 【apr2】[rn]
14-171535,http://tshop.r10s.jp/museum-onlineshop/cabinet/pippichic17ss/pippichic17ss3_t.jpg?fitin=700:700,28000.0000,,靴 > レディース靴 > サンダル > ストラップ,【特別送料無料！】 レディースシューズ 春 夏 spring summer pippichic ピッピシック square sole wood sandal スクエアソールウッドサンダル 【apr2】,,"<img src=""http://image.rakuten.co.jp/museum-onlineshop/cabinet/pippichic17ss/pippichic17ss3_1.jpg""><img src=""http://image.rakuten.co.jp/museum-onlineshop/cabinet/pippichic17ss/pippichic17ss3_3.jpg""><img src=""http://image.rakuten.co.jp/museum-onlineshop/cabinet/pippichic17ss/pippichic17ss3_4.jpg""><img src=""http://image.rakuten.co.jp/museum-onlineshop/cabinet/pippichic17ss/pippichic17ss3_5.jpg""><table cellspacing=""1"" bgcolor=""#CCCCCC"" cellpadding=""7"" width=""100%""><tr><th bgcolor=""#EEE"" width=""30%"">商品名</th><td bgcolor=""#FFF"">square sole wood sandal</td></tr><tr><th bgcolor=""#EEE"" width=""30%"">商品説明</th><td bgcolor=""#FFF"">大注目のスクエアトゥサンダルです。<br/></td></tr><tr><th bgcolor=""#EEE"" width=""30%"">実寸サイズ<br />（平置き）</th><td bgcolor=""#FFF""><p>36(23cm) / ヒール4.5cm　最大幅（靴底）8.8cm　甲幅13cm<br/>36.5(23.5cm) / ヒール4.5cm　最大幅（靴底）9.1cm　甲幅13.5cm<br/>37(24cm) / ヒール4.5cm　最大幅（靴底）9.2cm　甲幅13.7cm<br/>37.5(24.5cm) / ヒール4.5cm　最大幅（靴底）9.3cm　甲幅14cm</p></td></tr><tr><th bgcolor=""#EEE"" width=""30%"">素材</th><td bgcolor=""#FFF""><p>麻</p></td></tr><tr><th bgcolor=""#EEE"" width=""30%"">原産国</th><td bgcolor=""#FFF"">japan</td></tr></table><br><table cellspacing=""1"" bgcolor=""#CCCCCC"" cellpadding=""7"" width=""100%""><tr><th bgcolor=""#EEE"" width=""100%"">商品詳細</th></tr></table><table cellspacing=""1"" bgcolor=""#CCCCCC"" cellpadding=""10"" width=""100%""><tr><td bgcolor=""#FFF"" width=""100%""><p>大注目のスクエアトゥサンダルです。コンフォートな履きやすさと、どんなコーディネートにも合わせやすいシックなカラーリングがポイント。アッパーのリネンやレザーストラップ、ウッド使いで段を付けたソールなど、遊び心のあるデザインがおしゃれです。</p></td></tr></table><br><table cellspacing=""1"" bgcolor=""#CCCCCC"" cellpadding=""7"" width=""100%""><tr><th bgcolor=""#EEE"" width=""100%"">注意点</th></tr></table><table cellspacing=""1"" bgcolor=""#CCCCCC"" cellpadding=""10"" width=""100%""><tr><td bgcolor=""#FFF"" width=""100%""><p><font color=""#FF0000"">□こちらの商品は店頭にて同時販売しております。</font><br>ご注文いただいた後に在庫状況を確認いたしますが、在庫が無い場合がございます。その際はメールにてご連絡致します。何とぞご了承ください。<br></p><p>□着用時、水分を含みますと色落ちする可能性がございます。また、摩擦等で色落ちの可能性ございますので、濃色の商品の着用時には充分にご注意下さい。</p><p>□お洗濯時に色落ちの可能性のある濃色は他の繊維への移染を防ぐため、洗濯表示をご参照下さい。また洗濯後はすぐに形を整えて干して下さい。</p><p>□商品によっては繊維独特の匂いが強く感じられるものもございますが、数日のご使用や陰干しなどで気になる臭いは感じられなくなります。</p></td></tr></table>",【特別送料無料！】 レディースシューズ 春 夏 spring summer pippichic ピッピシック square sole wood sandal スクエアソールウッドサンダル 【apr2】：MUSEUM onlineshop,通信販売通販ショッピングオンラインショッピング買い物プレゼントギフト贈り物贈答品お中元お歳暮お買い得【特別送料無料！】 レディースシューズ 春 夏 spring summer pippichic ピッピシック square sole wood sandal スクエアソールウッドサンダル 【apr2】,大注目のスクエアトゥサンダルです。。【特別送料無料！】 レディースシューズ 春 夏 spring summer pippichic ピッピシック square sole wood sandal スクエアソールウッドサンダル 【apr2】[rn]
14-171536,http://tshop.r10s.jp/danjo/cabinet/esitem10/7120573.jpg?fitin=700:700,17200.0000,,靴 > レディース靴 > サンダル > ストラップ,CORSO ROMA 9 コルソローマ 9 サンダル ウエッジソール 本革 スエード 057/3 shoes 35/36/37/38/,,"<b>
<p>上質スエードと雰囲気のあるコルクソール。</p>
<p>軽くて歩きやすいウエッジソール。上質なイタリア製。</p>
<p>大人のシンプルカジュアルスタイルに。</p></b><br />



<table width=""100%"" border=""1"" bordercolor=""#c00000"" cellpadding=""10"" cellspacing=""0"" align=""center"">
<tr>
<th bgcolor=""#c00000""><font color=""#FFFFFF"">☆この商品をお気に入りに登録する</font></th></tr>
</table>
<br /><br /><br />


<table width=""100%"" border=""0px""  bordercolor=""#a6a6a6"" cellspacing=""0"" cellpadding=""8%"">
<tr><td bgcolor=""#919191"" align=""left"">
<b><font color=""#FFFFFF"">カラーバリエーション</font></b></td></tr></table><br /><br />

<img src=""http://image.rakuten.co.jp/danjo/cabinet/esitem10/7120573cr1sp.jpg"" border=""0"" width=""100%""><br /><br /><br /><br />
<img src=""http://image.rakuten.co.jp/danjo/cabinet/esitem10/7120573cr2sp.jpg"" border=""0"" width=""100%""><br /><br /><br /><br />
<br />


<table width=""100%"" border=""0px""  bordercolor=""#a6a6a6"" cellspacing=""0"" cellpadding=""8%"">
<tr><td bgcolor=""#919191"" align=""left"">
<b><font color=""#FFFFFF"">ディテール</font></b></td></tr></table><br />

<img src=""http://image.rakuten.co.jp/danjo/cabinet/esitem10/7120573-top2.jpg"" border=""0"" width=""100%""><br /><br /><br /><br />
<img src=""http://image.rakuten.co.jp/danjo/cabinet/esitem10/7120573b1sp.jpg"" border=""0"" width=""100%""><br /><br /><br /><br />
<img src=""http://image.rakuten.co.jp/danjo/cabinet/esitem10/7120573b3.jpg"" border=""0"" width=""100%""><br /><br /><br /><br />
<img src=""http://image.rakuten.co.jp/danjo/cabinet/esitem10/7120573m1.jpg"" border=""0"" width=""100%""><br /><br /><br /><br />
<img src=""http://image.rakuten.co.jp/danjo/cabinet/esitem10/7120573m2.jpg"" border=""0"" width=""100%""><br /><br /><br /><br />
<br />



<table width=""100%"" border=""0px""  bordercolor=""#a6a6a6"" cellspacing=""0"" cellpadding=""8%"">
<tr><td bgcolor=""#919191"" align=""left"">
<b><font color=""#FFFFFF"">corso roma サンダル の説明 </font></b></td></tr></table><br />

<hr><font color=""#b60303""><b>イタリアの上質シューズブランド</b></font>
<hr>
""CORSO ROMA9 コルソローマ9""は、イタリアの中部地方に拠点を置くレディースシューズブランド。大人っぽくフェミニンなデザインと、クリスチャン ルブタンと同じ工場で造る丁寧な仕上がりが魅力です。パンプスのフォルムの美しさと履きやすさで日本でも有名になり、今後も期待されているイタリアの上質シューズブランドです。
<br /><br />

<hr><font color=""#b60303""><b>シンプルデザイン</b></font>
<hr>
滑らかな上質レザーに軽さが魅力のコルクソールで雰囲気たっぷりのサンダル。細めのベルトは華奢で女性らしい足元を演出。少しくすんだカラーは落ち着きがあり、大人のシンプルなカジュアルスタイルを盛り上げてくれそうです。
<br /><br />

<hr><font color=""#b60303""><b>安定感のある履き心地</b></font>
<hr>
ヒールは低めのウエッジソール。安定感があり歩きやすいのに、脚を綺麗に魅せてくれます。バックストラップは一部ゴム仕様となっているので、着脱もスムーズで、抜群のフィット感。一足あると必ず重宝するサンダルです。
<br /><br />

<hr><font color=""#b60303""><b>話題性と気になるポイント</b></font>
<hr>
CORSO ROMA/コルソ ローマは、ブログやインスタグラム、セレクトショップで話題のトレンド雑誌掲載ブランドです。<br />
税込み10,800円以上の商品は、全て送料無料となっております。<br /><br /><br /><br />



<table width=""100%"" border=""0px""  bordercolor=""#a6a6a6"" cellspacing=""0"" cellpadding=""8%"">
<tr><td bgcolor=""#919191"" align=""left"">
<b><font color=""#FFFFFF"">corso roma サンダル の詳細</font></b></td></tr></table>

<table width=""100%"" border=""1"" bordercolor=""#cbcbcb"" cellpadding=""10"" cellspacing=""0"">
　
　<tr>
  <th bgcolor=""#e9e9e9"">発送日</th>
  <td>1～3営業日</td>
  </tr>

　<tr>
  <th bgcolor=""#e9e9e9"">メーカー品番</th>
  <td>057/3</td>
  </tr>

  <tr>
  <th bgcolor=""#e9e9e9"">素材/重量</th>
  <td>アッパー　スエード　/　アウトソール　レザー / 約170g</td>
  </tr>

  <tr>
  <th bgcolor=""#e9e9e9"">試着コメント</th>
  <td>甲の部分が少し狭いので、甲高・幅広の方はワンサイズ上の方が安心して履いていただけます。ストラップ部分は一部ゴム仕様になっているので、脱ぎ履きがしやすいです。フィット感があり、ヒールもウエッジなので安定感があり、歩きやすいです。</td>
  </tr>

　<tr>
  <th bgcolor=""#e9e9e9"">用途</th>
  <td>普段、通勤/仕事、お出かけ/お出掛け、ショッピング/買い物、食事、女子会、デート、ランチ、カフェ/お茶、ディナー</td>
  </tr>

  <tr>
  <th bgcolor=""#e9e9e9"">イベント</th>
  <td>誕生日、クリスマス、ホワイトデー、記念日、母の日、卒入学祝い、就職祝い</td>
  </tr>

  <tr>
  <th bgcolor=""#e9e9e9"">商品イメージ</th>
  <td>上品、女性らしい、キレイめ/きれいめ、大人っぽい、シンプル、スタイリッシュ、お洒落/オシャレ、クール、カジュアル</td>
  </tr>

  <tr>
  <th bgcolor=""#e9e9e9"">原産国</th>
  <td>イタリア製</td>
  </tr>

</table>

<br /><br />


<table width=""100%"" border=""0px""  bordercolor=""#a6a6a6"" cellspacing=""0"" cellpadding=""8%"">
<tr><td bgcolor=""#919191"" align=""left"">
<b><font color=""#FFFFFF"">アイテム仕様</font></b></td></tr></table><br />

<table width=""100%"" border=""1"" bordercolor=""#cbcbcb"" cellpadding=""0"" cellspacing=""0"" align=""center"">
<tr>
<th bgcolor=""#e9e9e9"">表記サイズ</th>
<th bgcolor=""#e9e9e9"">サイズ感</th>
<th bgcolor=""#e9e9e9"">甲幅</th>
<th bgcolor=""#e9e9e9"">ヒール</th>
</tr>

<tr>
<td>35</td>
<td>22.5-23.0</td>
<td>7.8</td>
<td>4</td>
</tr>

<tr>
<td>36</td>
<td>23.0-23.5</td>
<td>8.0</td>
<td>4</td>
</tr>

<tr>
<td>37</td>
<td>23.5-24.0</td>
<td>8.2</td>
<td>4</td>
</tr>

<tr>
<td>38</td>
<td>24.0-24.5</td>
<td>8.4</td>
<td>4</td>
</tr>
</table>
<br /><br /><br />


<table width=""100%"" border=""1"" bordercolor=""#cbcbcb"" cellpadding=""10"" cellspacing=""0"">
<tr><td bgcolor=""#e9e9e9""><b>関連商品はこちら</b></td></tr>
<tr><td>
＞＞この商品と同じブランドのアイテム一覧<br /><br />
＞＞その他のヒールサンダルを見る
</td>
</tr>
</table>

<br /><br /><br />



<table width=""100%"" border=""1"" bordercolor=""#cbcbcb"" cellpadding=""10"" cellspacing=""0"">
<tr><td bgcolor=""#e9e9e9""><b>TOPページはこちら</b></td></tr>
</table>
<br /><br /><br />



<img src=""http://image.rakuten.co.jp/danjo/cabinet/2016new_leathercare_.jpg"" border=""0"" width=""100%""><br /><br /><br />





<table width=""100%"" border=""1"" bordercolor=""#c00000"" cellpadding=""20"" cellspacing=""0"" align=""center"">
<tr>
<th bgcolor=""#c00000""><font color=""#FFFFFF"">プレゼント、ギフトラッピング対応</font></th></tr>
</table>

<br /><br /><br />



<table width=""100%"" border=""1"" bordercolor=""#669934"" cellpadding=""8"" cellspacing=""0"" align=""center"">
<tr>
<th bgcolor=""#669934""><font color=""#FFFFFF"">カスタマーサービス</font></th></tr>
<tr>
<td><center><font size=""5"" color=""#669934"">050-3673-8844</font><br /><br />
<font color=""#5b5b5b"">営業時間 10時～18時 （休業日：日曜日）</font></center></td>
</tr></table>

<br /><br /><br />

<table width=""100%"" border=""1"" bordercolor=""#c00000"" cellpadding=""10"" cellspacing=""0"" align=""center"">
<tr>
<th bgcolor=""#c00000""><font color=""#FFFFFF"">☆この商品をお気に入りに登録する</font></th></tr>
</table>

<br /><br /><br />",CORSO ROMA 9 コルソローマ 9 サンダル ウエッジソール 本革 スエード 057/3 shoes 35/36/37/38/：DANJO バッグ、財布、靴の通販,通信販売通販ショッピングオンラインショッピング買い物プレゼントギフト贈り物贈答品お中元お歳暮お買い得hiroko hayashi 財布ADMJ トート バッグギャルソンFELISI フェリージジャンニキャリーニ GIANNI CHIARINIペレボルサ PELLE BORSA迷彩 ディマンシェペレッテリアベネタアンメートル キャレ 財布ヴィオラドーロSAN HIDEAKI MIHARAかごバッグベルティーニ かごバッグヤーキ バッグ ブランドお財布ポシェットisola アイソラ 財布カーマインポティオールレガロ バッグショルダーバック バケツ型CORSO ROMA 9 コルソローマ 9 サンダル ウエッジソール 本革 スエード 057/3 shoes 35/36/37/38/,どんなスタイルにも合うサンダル。。CORSO ROMA 9 コルソローマ 9 サンダル ウエッジソール 本革 スエード 057/3 shoes 35/36/37/38/[rn]
14-171537,http://tshop.r10s.jp/danjo/cabinet/esitem10/040py170607.jpg?fitin=700:700,22000.0000,,靴 > レディース靴 > サンダル > ストラップ,PELLICO SUNNY ペリーコ サニー サンダル ウェッジ アンクルストラップ パイソン スエード レディース py17-0607 shoes 35/36/37/38/,,"<b>
<p>スエードとパイソン柄のコンビが大人っぽい。</p>
<p>足首をしっかりホールドしてくれるアンクルストラップ。</p>
<p>ハイクオリティーなイタリア製。</p></b><br />



<table width=""100%"" border=""1"" bordercolor=""#c00000"" cellpadding=""10"" cellspacing=""0"" align=""center"">
<tr>
<th bgcolor=""#c00000""><font color=""#FFFFFF"">☆この商品をお気に入りに登録する</font></th></tr>
</table>
<br /><br /><br />


<table width=""100%"" border=""0px""  bordercolor=""#a6a6a6"" cellspacing=""0"" cellpadding=""8%"">
<tr><td bgcolor=""#919191"" align=""left"">
<b><font color=""#FFFFFF"">カラーバリエーション</font></b></td></tr></table><br /><br />

<img src=""http://image.rakuten.co.jp/danjo/cabinet/esitem10/040py170607-py.jpg"" border=""0"" width=""100%""><br /><br /><br /><br /><br />


<table width=""100%"" border=""0px""  bordercolor=""#a6a6a6"" cellspacing=""0"" cellpadding=""8%"">
<tr><td bgcolor=""#919191"" align=""left"">
<b><font color=""#FFFFFF"">ディテール</font></b></td></tr></table><br />

<img src=""http://image.rakuten.co.jp/danjo/cabinet/esitem10/040py170607-top2.jpg"" border=""0"" width=""100%""><br /><br /><br /><br />
<img src=""http://image.rakuten.co.jp/danjo/cabinet/esitem10/040py170607b1sp.jpg"" border=""0"" width=""100%""><br /><br /><br /><br />
<img src=""http://image.rakuten.co.jp/danjo/cabinet/esitem10/040py170607b2sp.jpg"" border=""0"" width=""100%""><br /><br /><br /><br />
<img src=""http://image.rakuten.co.jp/danjo/cabinet/esitem10/040py170607m.jpg"" border=""0"" width=""100%""><br /><br /><br /><br /><br />



<table width=""100%"" border=""0px""  bordercolor=""#a6a6a6"" cellspacing=""0"" cellpadding=""8%"">
<tr><td bgcolor=""#919191"" align=""left"">
<b><font color=""#FFFFFF"">pellico sunny ウェッジ サンダル の説明 </font></b></td></tr></table><br />

<hr><font color=""#b60303""><b>イタリアの人気シューズブランド</b></font>
<hr>
2010年春夏シーズンより、""PELLICO ペリーコ""のディフージョンラインとして誕生した""PELLICO SUNNY ペリーコ サニー""。春夏コレクションは、カジュアル感のあるジュートサンダルを、秋冬にはマスキュリンをイメージさせるブーツのコレクションなどを展開しています。
<br /><br />

<hr><font color=""#b60303""><b>上品なデザイン</b></font>
<hr>
上質なスエードにパイソン柄がアクセントのストラップサンダル。コルクウェッジならではのナチュラルな風合いが、リゾートムードを引き立てる一足です。
<br /><br />

<hr><font color=""#b60303""><b>安定感のある履き心地</b></font>
<hr>
プラットフォームとウエッジソールで、ヒールの高低差が少なくとても歩きやすいです。足首をしっかりとホールドするアンクルストラップとのダブルデザインで、安定した履きやすさを両立。ストラップは5段階調節可能。程よいヒールの高さで、脚をキレイに魅せてくれるのも嬉しいですね。
<br /><br />

税込み10,800円以上の商品は、全て送料無料となっております。<br /><br /><br />




<table width=""100%"" border=""0px""  bordercolor=""#a6a6a6"" cellspacing=""0"" cellpadding=""8%"">
<tr><td bgcolor=""#919191"" align=""left"">
<b><font color=""#FFFFFF"">pellico sunny ウェッジ サンダル の詳細</font></b></td></tr></table>

<table width=""100%"" border=""1"" bordercolor=""#cbcbcb"" cellpadding=""10"" cellspacing=""0"">
　
　<tr>
  <th bgcolor=""#e9e9e9"">発送日</th>
  <td>1～3営業日</td>
  </tr>

　<tr>
  <th bgcolor=""#e9e9e9"">メーカー品番</th>
  <td>PY17-0607</td>
  </tr>

  <tr>
  <th bgcolor=""#e9e9e9"">素材/重量</th>
  <td>アッパー　パイソン型押しレザー、スエード / アウトソール　レザー / 約290g</td>
  </tr>

  <tr>
  <th bgcolor=""#e9e9e9"">試着コメント</th>
  <td>若干、甲の幅が狭いデザインなので、フィット感はありますが、幅広・甲高の方はワンサイズ上の方が安心して履いていただけます。プラットフォームとウェッジソールで、脚を長く見せてくれつつ安定感のある履き心地です。</td>
  </tr>

　<tr>
  <th bgcolor=""#e9e9e9"">用途</th>
  <td>普段、お出かけ/お出掛け、ショッピング/買い物、食事、ランチ、カフェ/お茶、リゾート</td>
  </tr>

  <tr>
  <th bgcolor=""#e9e9e9"">イベント</th>
  <td>誕生日、クリスマス、ホワイトデー、記念日、母の日、卒入学祝い、就職祝い、ギフト、プレゼント</td>
  </tr>

  <tr>
  <th bgcolor=""#e9e9e9"">商品イメージ</th>
  <td>上品、かっこいい/格好いい、スタイリッシュ、お洒落/おしゃれ、クール、大人っぽい、シャープ</td>
  </tr>

  <tr>
  <th bgcolor=""#e9e9e9"">原産国</th>
  <td>イタリア製</td>
  </tr>

</table>

<br /><br />


<table width=""100%"" border=""0px""  bordercolor=""#a6a6a6"" cellspacing=""0"" cellpadding=""8%"">
<tr><td bgcolor=""#919191"" align=""left"">
<b><font color=""#FFFFFF"">アイテム仕様</font></b></td></tr></table><br />

<table width=""100%"" border=""1"" bordercolor=""#cbcbcb"" cellpadding=""0"" cellspacing=""0"" align=""center"">
<tr>
<th bgcolor=""#e9e9e9"">表記サイズ</th>
<th bgcolor=""#e9e9e9"">サイズ感</th>
<th bgcolor=""#e9e9e9"">甲幅</th>
<th bgcolor=""#e9e9e9"">ヒール</th>
</tr>

<tr>
<td>35</td>
<td>22.5-23.0</td>
<td>7.5</td>
<td>7</td>
</tr>

<tr>
<td>36</td>
<td>23.0-23.5</td>
<td>7.7</td>
<td>7</td>
</tr>

<tr>
<td>37</td>
<td>23.5-24.0</td>
<td>7.9</td>
<td>7</td>
</tr>

<tr>
<td>38</td>
<td>24.0-24.5</td>
<td>8.1</td>
<td>7</td>
</tr>
</table>
<br /><br /><br />


<table width=""100%"" border=""1"" bordercolor=""#cbcbcb"" cellpadding=""10"" cellspacing=""0"">
<tr><td bgcolor=""#e9e9e9""><b>関連商品はこちら</b></td></tr>
<tr><td>
＞＞この商品と同じブランドのアイテム一覧<br /><br />
＞＞その他のヒールサンダルを見る
</td>
</tr>
</table>

<br /><br /><br />



<table width=""100%"" border=""1"" bordercolor=""#cbcbcb"" cellpadding=""10"" cellspacing=""0"">
<tr><td bgcolor=""#e9e9e9""><b>TOPページはこちら</b></td></tr>
</table>
<br /><br /><br />




<table width=""100%"" border=""1"" bordercolor=""#c00000"" cellpadding=""20"" cellspacing=""0"" align=""center"">
<tr>
<th bgcolor=""#c00000""><font color=""#FFFFFF"">プレゼント、ギフトラッピング対応</font></th></tr>
</table>

<br /><br /><br />



<table width=""100%"" border=""1"" bordercolor=""#669934"" cellpadding=""8"" cellspacing=""0"" align=""center"">
<tr>
<th bgcolor=""#669934""><font color=""#FFFFFF"">カスタマーサービス</font></th></tr>
<tr>
<td><center><font size=""5"" color=""#669934"">050-3673-8844</font><br /><br />
<font color=""#5b5b5b"">営業時間 10時～18時 （休業日：日曜日）</font></center></td>
</tr></table>

<br /><br /><br />

<table width=""100%"" border=""1"" bordercolor=""#c00000"" cellpadding=""10"" cellspacing=""0"" align=""center"">
<tr>
<th bgcolor=""#c00000""><font color=""#FFFFFF"">☆この商品をお気に入りに登録する</font></th></tr>
</table>

<br /><br /><br />",PELLICO SUNNY ペリーコ サニー サンダル ウェッジ アンクルストラップ パイソン スエード レディース py17-0607 shoes 35/36/37/38/：DANJO バッグ、財布、靴の通販,通信販売通販ショッピングオンラインショッピング買い物プレゼントギフト贈り物贈答品お中元お歳暮お買い得hiroko hayashi 財布ADMJ トート バッグギャルソンFELISI フェリージジャンニキャリーニ GIANNI CHIARINIペレボルサ PELLE BORSA迷彩 ディマンシェペレッテリアベネタアンメートル キャレ 財布ヴィオラドーロSAN HIDEAKI MIHARAかごバッグベルティーニ かごバッグヤーキ バッグ ブランドお財布ポシェットisola アイソラ 財布カーマインポティオールレガロ バッグショルダーバック バケツ型PELLICO SUNNY ペリーコ サニー サンダル ウェッジ アンクルストラップ パイソン スエード レディース py17-0607 shoes 35/36/37/38/,スエードとパイソン柄のコンビが大人っぽい。。PELLICO SUNNY ペリーコ サニー サンダル ウェッジ アンクルストラップ パイソン スエード レディース py17-0607 shoes 35/36/37/38/[rn]
14-171538,http://tshop.r10s.jp/danjo/cabinet/esitem10/040pj170806.jpg?fitin=700:700,23200.0000,,靴 > レディース靴 > サンダル > ストラップ,PELLICO SUNNY ペリーコ サニー サンダル ウェッジ ジュート フリンジ スエード レディース pj17-0806 shoes 35/36/37/38/,,"<b>
<p>たっぷりのフリンジが今シーズンの旬！</p>
<p>しっかり歩く日にも安心なローウェッジサンダル。</p>
<p>大人のリラックスコーデにピッタリ！旅行にもおすすめ。</p></b><br />



<table width=""100%"" border=""1"" bordercolor=""#c00000"" cellpadding=""10"" cellspacing=""0"" align=""center"">
<tr>
<th bgcolor=""#c00000""><font color=""#FFFFFF"">☆この商品をお気に入りに登録する</font></th></tr>
</table>
<br /><br /><br />


<table width=""100%"" border=""0px""  bordercolor=""#a6a6a6"" cellspacing=""0"" cellpadding=""8%"">
<tr><td bgcolor=""#919191"" align=""left"">
<b><font color=""#FFFFFF"">カラーバリエーション</font></b></td></tr></table><br /><br />

<img src=""http://image.rakuten.co.jp/danjo/cabinet/esitem10/040pj170806-bk.jpg"" border=""0"" width=""100%""><br /><br /><br /><br /><br />


<table width=""100%"" border=""0px""  bordercolor=""#a6a6a6"" cellspacing=""0"" cellpadding=""8%"">
<tr><td bgcolor=""#919191"" align=""left"">
<b><font color=""#FFFFFF"">ディテール</font></b></td></tr></table><br />

<img src=""http://image.rakuten.co.jp/danjo/cabinet/esitem10/040pj170806-top2.jpg"" border=""0"" width=""100%""><br /><br /><br /><br />
<img src=""http://image.rakuten.co.jp/danjo/cabinet/esitem10/040pj170806b1sp.jpg"" border=""0"" width=""100%""><br /><br /><br /><br />
<img src=""http://image.rakuten.co.jp/danjo/cabinet/esitem10/040pj170806b2sp.jpg"" border=""0"" width=""100%""><br /><br /><br /><br />
<img src=""http://image.rakuten.co.jp/danjo/cabinet/esitem10/040pj170806m.jpg"" border=""0"" width=""100%""><br /><br /><br /><br /><br />



<table width=""100%"" border=""0px""  bordercolor=""#a6a6a6"" cellspacing=""0"" cellpadding=""8%"">
<tr><td bgcolor=""#919191"" align=""left"">
<b><font color=""#FFFFFF"">pellico sunny ジュート サンダル の説明 </font></b></td></tr></table><br />

<hr><font color=""#b60303""><b>イタリアの人気シューズブランド</b></font>
<hr>
2010年春夏シーズンより、""PELLICO ペリーコ""のディフージョンラインとして誕生した""PELLICO SUNNY ペリーコ サニー""。春夏コレクションは、カジュアル感のあるジュートサンダルを、秋冬にはマスキュリンをイメージさせるブーツのコレクションなどを展開しています。
<br /><br />

<hr><font color=""#b60303""><b>洗練されたデザイン</b></font>
<hr>
清涼感あるジュートウェッジサンダル。天然ジュート/麻にコルク素材を組み合わせたソールや、存在感のあるフリンジアッパーなど、モードとボヘミアンの異なるテイストが絡み合う、イタリアらしい洗練されたデザインです。ベーシックなカラーリングで、スタイリングしやすいアイテム。普段使いはもちろん、旅行などリゾートスタイルにもおすすめです。
<br /><br />

<hr><font color=""#b60303""><b>歩きやすく疲れにくい履き心地</b></font>
<hr>
安定感のある低ヒールと、華奢なストラップとのコンビネーションで歩きやすさをフォロー。足首をホールドするストラップは、前後共にゴム入りでフィット感も◎。軽量ですので、長時間履いても疲れにくく、しっかり歩く日にも安心な安定感のある履き心地です
<br /><br />

税込み10,800円以上の商品は、全て送料無料となっております。<br /><br /><br />




<table width=""100%"" border=""0px""  bordercolor=""#a6a6a6"" cellspacing=""0"" cellpadding=""8%"">
<tr><td bgcolor=""#919191"" align=""left"">
<b><font color=""#FFFFFF"">pellico sunny ジュート サンダル の詳細</font></b></td></tr></table>

<table width=""100%"" border=""1"" bordercolor=""#cbcbcb"" cellpadding=""10"" cellspacing=""0"">
　
　<tr>
  <th bgcolor=""#e9e9e9"">発送日</th>
  <td>1～3営業日</td>
  </tr>

　<tr>
  <th bgcolor=""#e9e9e9"">メーカー品番</th>
  <td>PJ17-0806</td>
  </tr>

  <tr>
  <th bgcolor=""#e9e9e9"">素材/重量</th>
  <td>アッパー　スエード、山羊革 / アウトソール　レザー / 約210g</td>
  </tr>

  <tr>
  <th bgcolor=""#e9e9e9"">試着コメント</th>
  <td>若干、甲の幅が狭いデザインなので、フィット感はありますが、幅広・甲高の方はワンサイズ上の方が安心して履いていただけます。フラットながら3cmのヒールがあって疲れにくく、ストラップがしっかりとホールドしてくれるのでとても歩きやすい一足です。</td>
  </tr>

　<tr>
  <th bgcolor=""#e9e9e9"">用途</th>
  <td>普段、お出かけ/お出掛け、ショッピング/買い物、食事、ランチ、カフェ/お茶、リゾート、旅行</td>
  </tr>

  <tr>
  <th bgcolor=""#e9e9e9"">イベント</th>
  <td>誕生日、クリスマス、ホワイトデー、記念日、母の日、卒入学祝い、就職祝い、ギフト、プレゼント</td>
  </tr>

  <tr>
  <th bgcolor=""#e9e9e9"">商品イメージ</th>
  <td>上品、かっこいい/格好いい、スタイリッシュ、お洒落/おしゃれ、クール、大人っぽい、カジュアル</td>
  </tr>

  <tr>
  <th bgcolor=""#e9e9e9"">原産国</th>
  <td>イタリア製</td>
  </tr>

</table>

<br /><br />


<table width=""100%"" border=""0px""  bordercolor=""#a6a6a6"" cellspacing=""0"" cellpadding=""8%"">
<tr><td bgcolor=""#919191"" align=""left"">
<b><font color=""#FFFFFF"">アイテム仕様</font></b></td></tr></table><br />

<table width=""100%"" border=""1"" bordercolor=""#cbcbcb"" cellpadding=""0"" cellspacing=""0"" align=""center"">
<tr>
<th bgcolor=""#e9e9e9"">表記サイズ</th>
<th bgcolor=""#e9e9e9"">サイズ感</th>
<th bgcolor=""#e9e9e9"">甲幅</th>
<th bgcolor=""#e9e9e9"">ヒール</th>
</tr>

<tr>
<td>35</td>
<td>22.5-23.0</td>
<td>8</td>
<td>3</td>
</tr>

<tr>
<td>36</td>
<td>23.0-23.5</td>
<td>8.2</td>
<td>3</td>
</tr>

<tr>
<td>37</td>
<td>23.5-24.0</td>
<td>8.4</td>
<td>3</td>
</tr>

<tr>
<td>38</td>
<td>24.0-24.5</td>
<td>8.6</td>
<td>3</td>
</tr>
</table>

<br /><br /><br />

<table width=""100%"" border=""1"" bordercolor=""#cbcbcb"" cellpadding=""10"" cellspacing=""0"">
<tr><td bgcolor=""#e9e9e9""><b>関連商品はこちら</b></td></tr>
<tr><td>
＞＞この商品と同じブランドのアイテム一覧<br /><br />
＞＞その他のローヒールまたはフラットサンダルを見る
</td>
</tr>
</table>

<br /><br /><br />

<table width=""100%"" border=""1"" bordercolor=""#cbcbcb"" cellpadding=""10"" cellspacing=""0"">
<tr><td bgcolor=""#e9e9e9""><b>TOPページはこちら</b></td></tr>
</table>
<br /><br /><br />




<table width=""100%"" border=""1"" bordercolor=""#c00000"" cellpadding=""20"" cellspacing=""0"" align=""center"">
<tr>
<th bgcolor=""#c00000""><font color=""#FFFFFF"">プレゼント、ギフトラッピング対応</font></th></tr>
</table>

<br /><br /><br />

<table width=""100%"" border=""1"" bordercolor=""#669934"" cellpadding=""8"" cellspacing=""0"" align=""center"">
<tr>
<th bgcolor=""#669934""><font color=""#FFFFFF"">カスタマーサービス</font></th></tr>
<tr>
<td><center><font size=""5"" color=""#669934"">050-3673-8844</font><br /><br />
<font color=""#5b5b5b"">営業時間 10時～18時 （休業日：日曜日）</font></center></td>
</tr></table>

<br /><br /><br />

<table width=""100%"" border=""1"" bordercolor=""#c00000"" cellpadding=""10"" cellspacing=""0"" align=""center"">
<tr>
<th bgcolor=""#c00000""><font color=""#FFFFFF"">☆この商品をお気に入りに登録する</font></th></tr>
</table>

<br /><br /><br />",PELLICO SUNNY ペリーコ サニー サンダル ウェッジ ジュート フリンジ スエード レディース pj17-0806 shoes 35/36/37/38/：DANJO バッグ、財布、靴の通販,通信販売通販ショッピングオンラインショッピング買い物プレゼントギフト贈り物贈答品お中元お歳暮お買い得hiroko hayashi 財布ADMJ トート バッグギャルソンFELISI フェリージジャンニキャリーニ GIANNI CHIARINIペレボルサ PELLE BORSA迷彩 ディマンシェペレッテリアベネタアンメートル キャレ 財布ヴィオラドーロSAN HIDEAKI MIHARAかごバッグベルティーニ かごバッグヤーキ バッグ ブランドお財布ポシェットisola アイソラ 財布カーマインポティオールレガロ バッグショルダーバック バケツ型PELLICO SUNNY ペリーコ サニー サンダル ウェッジ ジュート フリンジ スエード レディース pj17-0806 shoes 35/36/37/38/,ジュートウェッジで夏らしい爽やかな足元に。。PELLICO SUNNY ペリーコ サニー サンダル ウェッジ ジュート フリンジ スエード レディース pj17-0806 shoes 35/36/37/38/[rn]
14-171539,http://tshop.r10s.jp/danjo/cabinet/esitem10/040py170900.jpg?fitin=700:700,22000.0000,,靴 > レディース靴 > サンダル > ストラップ,PELLICO SUNNY ペリーコ サニー サンダル ウェッジ スエード ストラップ LILAC コルク レディース py17-0900 shoes 35/36/37/38/,,"<b>
<p>高ヒールなのに軽くて歩きやすいウェッジサンダル。</p>
<p>夏らしいコルクヒール。華奢なストラップがレディな装い。</p>
<p>ハイクオリティーなイタリア製。</p></b><br />



<table width=""100%"" border=""1"" bordercolor=""#c00000"" cellpadding=""10"" cellspacing=""0"" align=""center"">
<tr>
<th bgcolor=""#c00000""><font color=""#FFFFFF"">☆この商品をお気に入りに登録する</font></th></tr>
</table>
<br /><br /><br />


<table width=""100%"" border=""0px""  bordercolor=""#a6a6a6"" cellspacing=""0"" cellpadding=""8%"">
<tr><td bgcolor=""#919191"" align=""left"">
<b><font color=""#FFFFFF"">カラーバリエーション</font></b></td></tr></table><br />

<img src=""http://image.rakuten.co.jp/danjo/cabinet/esitem10/040py170900cr1sp.jpg"" border=""0"" width=""100%""><br /><br /><br /><br />
<img src=""http://image.rakuten.co.jp/danjo/cabinet/esitem10/040py170900cr2sp.jpg"" border=""0"" width=""100%""><br /><br /><br /><br /><br />

<table width=""100%"" border=""0px""  bordercolor=""#a6a6a6"" cellspacing=""0"" cellpadding=""8%"">
<tr><td bgcolor=""#919191"" align=""left"">
<b><font color=""#FFFFFF"">ディテール</font></b></td></tr></table><br />

<img src=""http://image.rakuten.co.jp/danjo/cabinet/esitem10/040py170900-top2.jpg"" border=""0"" width=""100%""><br /><br /><br /><br />
<img src=""http://image.rakuten.co.jp/danjo/cabinet/esitem10/040py170900b1sp.jpg"" border=""0"" width=""100%""><br /><br /><br /><br />
<img src=""http://image.rakuten.co.jp/danjo/cabinet/esitem10/040py170900b3.jpg"" border=""0"" width=""100%""><br /><br /><br /><br /><br />



<table width=""100%"" border=""0px""  bordercolor=""#a6a6a6"" cellspacing=""0"" cellpadding=""8%"">
<tr><td bgcolor=""#919191"" align=""left"">
<b><font color=""#FFFFFF"">pellico sunny コルク ウェッジサンダル の説明 </font></b></td></tr></table><br />

<hr><font color=""#b60303""><b>人気ブランドのアイコンシューズ</b></font>
<hr>
2010年春夏シーズンより、""PELLICO ペリーコ""のディフージョンラインとして誕生した""PELLICO SUNNY ペリーコ サニー""。アイコンとなっている木型 ""LILAC ライラック""のサンダルに、2017年春夏はコルクヒールが新たに仲間入り。<br /><br />

<hr><font color=""#b60303""><b>大人カジュアルなデザイン</b></font>
<hr>
コルク素材を使用し、夏を感じるヘルシーな雰囲気に仕上げたウェッジサンダル。ボリュームのあるヒールデザインと華奢なストラップのバランスが、絶妙なシルエットを生み出しています。カジュアルからきれいめまで幅広い着こなしに合わせていただけます。<br /><br />

<hr><font color=""#b60303""><b>歩きやすい着用感</b></font>
<hr>
コルク素材のヒールが、高ヒールのウェッジソールとは思えない軽やかさです。インソールにはクッションが入っているので、足当たりも良く、歩きやすさも◎。足首をホールドしてくれるストラップにはゴムが入っており、着脱も簡単。プラットフォームとウェッジソールで、脚を長く見せてくれつつ安定感のある履き心地です。<br /><br />

税込み10,800円以上の商品は、全て送料無料となっております。<br /><br /><br />



<table width=""100%"" border=""0px""  bordercolor=""#a6a6a6"" cellspacing=""0"" cellpadding=""8%"">
<tr><td bgcolor=""#919191"" align=""left"">
<b><font color=""#FFFFFF"">pellico sunny コルク ウェッジサンダル の詳細</font></b></td></tr></table>

<table width=""100%"" border=""1"" bordercolor=""#cbcbcb"" cellpadding=""10"" cellspacing=""0"">
　
　<tr>
  <th bgcolor=""#e9e9e9"">発送日</th>
  <td>1～3営業日</td>
  </tr>

　<tr>
  <th bgcolor=""#e9e9e9"">メーカー品番</th>
  <td>PY17-0900</td>
  </tr>

  <tr>
  <th bgcolor=""#e9e9e9"">素材/重量</th>
  <td>アッパー　スエード / アウトソール　レザー / 約230g</td>
  </tr>

  <tr>
  <th bgcolor=""#e9e9e9"">試着コメント</th>
  <td>若干、甲の幅が狭いデザインなので、フィット感はありますが、幅広・甲高の方はワンサイズ上の方が安心して履いていただけます。インソールにクッションが入っているので、足当たりも良く、痛くなりにくいです。軽量なコルクソールで歩きやすさも◎。</td>
  </tr>

　<tr>
  <th bgcolor=""#e9e9e9"">用途</th>
  <td>普段、お出かけ/お出掛け、ショッピング/買い物、食事、女子会、デート、ランチ、カフェ/お茶</td>
  </tr>

  <tr>
  <th bgcolor=""#e9e9e9"">イベント</th>
  <td>誕生日、クリスマス、ホワイトデー、記念日、母の日、卒入学祝い、就職祝い、ギフト、プレゼント</td>
  </tr>

  <tr>
  <th bgcolor=""#e9e9e9"">商品イメージ</th>
  <td>カジュアル、ラグジュアリー、スタイリッシュ、お洒落/オシャレ、大人っぽい、キレイめ、女性らしい、可愛い/かわいい</td>
  </tr>

  <tr>
  <th bgcolor=""#e9e9e9"">原産国</th>
  <td>イタリア製</td>
  </tr>

</table>

<br /><br />


<table width=""100%"" border=""0px""  bordercolor=""#a6a6a6"" cellspacing=""0"" cellpadding=""8%"">
<tr><td bgcolor=""#919191"" align=""left"">
<b><font color=""#FFFFFF"">アイテム仕様</font></b></td></tr></table><br />

<table width=""100%"" border=""1"" bordercolor=""#cbcbcb"" cellpadding=""0"" cellspacing=""0"" align=""center"">
<tr>
<th bgcolor=""#e9e9e9"">表記サイズ</th>
<th bgcolor=""#e9e9e9"">サイズ感</th>
<th bgcolor=""#e9e9e9"">甲幅</th>
<th bgcolor=""#e9e9e9"">ヒール</th>
</tr>

<tr>
<td>35</td>
<td>22.5-23.0</td>
<td>7.3</td>
<td>9.5</td>
</tr>

<tr>
<td>36</td>
<td>23.0-23.5</td>
<td>7.5</td>
<td>9.5</td>
</tr>

<tr>
<td>37</td>
<td>23.5-24.0</td>
<td>7.7</td>
<td>9.5</td>
</tr>

<tr>
<td>38</td>
<td>24.0-24.5</td>
<td>7.9</td>
<td>9.5</td>
</tr>
</table>
<br /><br /><br />


<table width=""100%"" border=""1"" bordercolor=""#cbcbcb"" cellpadding=""10"" cellspacing=""0"">
<tr><td bgcolor=""#e9e9e9""><b>関連商品はこちら</b></td></tr>
<tr><td>
＞＞この商品と同じブランドのアイテム一覧<br /><br />
＞＞その他のヒールサンダルを見る
</td>
</tr>
</table>

<br /><br /><br />



<table width=""100%"" border=""1"" bordercolor=""#cbcbcb"" cellpadding=""10"" cellspacing=""0"">
<tr><td bgcolor=""#e9e9e9""><b>TOPページはこちら</b></td></tr>
</table>
<br /><br /><br />




<table width=""100%"" border=""1"" bordercolor=""#c00000"" cellpadding=""20"" cellspacing=""0"" align=""center"">
<tr>
<th bgcolor=""#c00000""><font color=""#FFFFFF"">プレゼント、ギフトラッピング対応</font></th></tr>
</table>

<br /><br /><br />



<table width=""100%"" border=""1"" bordercolor=""#669934"" cellpadding=""8"" cellspacing=""0"" align=""center"">
<tr>
<th bgcolor=""#669934""><font color=""#FFFFFF"">カスタマーサービス</font></th></tr>
<tr>
<td><center><font size=""5"" color=""#669934"">050-3673-8844</font><br /><br />
<font color=""#5b5b5b"">営業時間 10時～18時 （休業日：日曜日）</font></center></td>
</tr></table>

<br /><br /><br />

<table width=""100%"" border=""1"" bordercolor=""#c00000"" cellpadding=""10"" cellspacing=""0"" align=""center"">
<tr>
<th bgcolor=""#c00000""><font color=""#FFFFFF"">☆この商品をお気に入りに登録する</font></th></tr>
</table>

<br /><br /><br />",PELLICO SUNNY ペリーコ サニー サンダル ウェッジ スエード ストラップ LILAC コルク レディース py17-0900 shoes 35/36/37/38/：DANJO バッグ、財布、靴の通販,通信販売通販ショッピングオンラインショッピング買い物プレゼントギフト贈り物贈答品お中元お歳暮お買い得hiroko hayashi 財布ADMJ トート バッグギャルソンFELISI フェリージジャンニキャリーニ GIANNI CHIARINIペレボルサ PELLE BORSA迷彩 ディマンシェペレッテリアベネタアンメートル キャレ 財布ヴィオラドーロSAN HIDEAKI MIHARAかごバッグベルティーニ かごバッグヤーキ バッグ ブランドお財布ポシェットisola アイソラ 財布カーマインポティオールレガロ バッグショルダーバック バケツ型PELLICO SUNNY ペリーコ サニー サンダル ウェッジ スエード ストラップ LILAC コルク レディース py17-0900 shoes 35/36/37/38/,高ヒールなのに軽くて歩きやすいウェッジサンダル。。PELLICO SUNNY ペリーコ サニー サンダル ウェッジ スエード ストラップ LILAC コルク レディース py17-0900 shoes 35/36/37/38/[rn]
14-171540,http://tshop.r10s.jp/danjo/cabinet/esitem10/040pj170813.jpg?fitin=700:700,20000.0000,,靴 > レディース靴 > サンダル > ストラップ,PELLICO SUNNY ペリーコ サニー サンダル ウェッジ ジュート パイソン バックストラップ レディース pj17-0813 shoes 36/37/38/,,"<b>
<p>ジュートやコルク使いで夏らしい爽やかな足元に。</p>
<p>しっかり歩く日にも安心なローウェッジサンダル。</p>
<p>大人のリラックスコーデにピッタリ！旅行にもおすすめ。</p></b><br />



<table width=""100%"" border=""1"" bordercolor=""#c00000"" cellpadding=""10"" cellspacing=""0"" align=""center"">
<tr>
<th bgcolor=""#c00000""><font color=""#FFFFFF"">☆この商品をお気に入りに登録する</font></th></tr>
</table>
<br /><br /><br />


<table width=""100%"" border=""0px""  bordercolor=""#a6a6a6"" cellspacing=""0"" cellpadding=""8%"">
<tr><td bgcolor=""#919191"" align=""left"">
<b><font color=""#FFFFFF"">カラーバリエーション</font></b></td></tr></table><br /><br />

<img src=""http://image.rakuten.co.jp/danjo/cabinet/esitem10/040pj170813-py.jpg"" border=""0"" width=""100%""><br /><br /><br /><br /><br />


<table width=""100%"" border=""0px""  bordercolor=""#a6a6a6"" cellspacing=""0"" cellpadding=""8%"">
<tr><td bgcolor=""#919191"" align=""left"">
<b><font color=""#FFFFFF"">ディテール</font></b></td></tr></table><br />

<img src=""http://image.rakuten.co.jp/danjo/cabinet/esitem10/040pj170813-top2.jpg"" border=""0"" width=""100%""><br /><br /><br /><br />
<img src=""http://image.rakuten.co.jp/danjo/cabinet/esitem10/040pj170813b1sp.jpg"" border=""0"" width=""100%""><br /><br /><br /><br />
<img src=""http://image.rakuten.co.jp/danjo/cabinet/esitem10/040pj170813b2sp.jpg"" border=""0"" width=""100%""><br /><br /><br /><br />
<img src=""http://image.rakuten.co.jp/danjo/cabinet/esitem10/040pj170813m.jpg"" border=""0"" width=""100%""><br /><br /><br /><br /><br />



<table width=""100%"" border=""0px""  bordercolor=""#a6a6a6"" cellspacing=""0"" cellpadding=""8%"">
<tr><td bgcolor=""#919191"" align=""left"">
<b><font color=""#FFFFFF"">pellico sunny ジュート サンダル の説明 </font></b></td></tr></table><br />

<hr><font color=""#b60303""><b>イタリアの人気シューズブランド</b></font>
<hr>
2010年春夏シーズンより、""PELLICO ペリーコ""のディフージョンラインとして誕生した""PELLICO SUNNY ペリーコ サニー""。春夏コレクションは、カジュアル感のあるジュートサンダルを、秋冬にはマスキュリンをイメージさせるブーツのコレクションなどを展開しています。
<br /><br />

<hr><font color=""#b60303""><b>大人カジュアルなデザイン</b></font>
<hr>
パイソンレザーが効いたお洒落なデザインのウェッジサンダル。ヒール部分にはジュート、インソール部分にはコルクをそれぞれ用いて、夏らしい爽やかな足元にリゾート気分もプラス。普段使いはもちろん、旅行など大人のリラックスコーデにおすすめの１足です。
<br /><br />

<hr><font color=""#b60303""><b>歩きやすく疲れにくい履き心地</b></font>
<hr>
安定感のある低ヒールと、華奢なストラップとのコンビネーションで歩きやすさをフォロー。足首をホールドするストラップは、前後共にゴム入りでフィット感も◎。軽量ですので、長時間履いても疲れにくく、しっかり歩く日にも安心な安定感のある履き心地です
<br /><br />

税込み10,800円以上の商品は、全て送料無料となっております。<br /><br /><br />




<table width=""100%"" border=""0px""  bordercolor=""#a6a6a6"" cellspacing=""0"" cellpadding=""8%"">
<tr><td bgcolor=""#919191"" align=""left"">
<b><font color=""#FFFFFF"">pellico sunny ジュート サンダル の詳細</font></b></td></tr></table>

<table width=""100%"" border=""1"" bordercolor=""#cbcbcb"" cellpadding=""10"" cellspacing=""0"">
　
　<tr>
  <th bgcolor=""#e9e9e9"">発送日</th>
  <td>1～3営業日</td>
  </tr>

　<tr>
  <th bgcolor=""#e9e9e9"">メーカー品番</th>
  <td>PJ17-0813</td>
  </tr>

  <tr>
  <th bgcolor=""#e9e9e9"">素材/重量</th>
  <td>パイソン型押しレザー、山羊革 / アウトソール　レザー / 約190g</td>
  </tr>

  <tr>
  <th bgcolor=""#e9e9e9"">試着コメント</th>
  <td>若干、甲の幅が狭いデザインなので、フィット感はありますが、幅広・甲高の方はワンサイズ上の方が安心して履いていただけます。フラットながら3cmのヒールがあって疲れにくく、ストラップがしっかりとホールドしてくれるのでとても歩きやすい一足です。</td>
  </tr>

　<tr>
  <th bgcolor=""#e9e9e9"">用途</th>
  <td>普段、お出かけ/お出掛け、ショッピング/買い物、食事、ランチ、カフェ/お茶、リゾート、旅行</td>
  </tr>

  <tr>
  <th bgcolor=""#e9e9e9"">イベント</th>
  <td>誕生日、クリスマス、ホワイトデー、記念日、母の日、卒入学祝い、就職祝い、ギフト、プレゼント</td>
  </tr>

  <tr>
  <th bgcolor=""#e9e9e9"">商品イメージ</th>
  <td>上品、かっこいい/格好いい、スタイリッシュ、お洒落/おしゃれ、クール、大人っぽい、カジュアル</td>
  </tr>

  <tr>
  <th bgcolor=""#e9e9e9"">原産国</th>
  <td>イタリア製</td>
  </tr>

</table>

<br /><br />


<table width=""100%"" border=""0px""  bordercolor=""#a6a6a6"" cellspacing=""0"" cellpadding=""8%"">
<tr><td bgcolor=""#919191"" align=""left"">
<b><font color=""#FFFFFF"">アイテム仕様</font></b></td></tr></table><br />

<table width=""100%"" border=""1"" bordercolor=""#cbcbcb"" cellpadding=""0"" cellspacing=""0"" align=""center"">
<tr>
<th bgcolor=""#e9e9e9"">表記サイズ</th>
<th bgcolor=""#e9e9e9"">サイズ感</th>
<th bgcolor=""#e9e9e9"">甲幅</th>
<th bgcolor=""#e9e9e9"">ヒール</th>
</tr>

<tr>
<td>35</td>
<td>22.5-23.0</td>
<td>8</td>
<td>3</td>
</tr>

<tr>
<td>36</td>
<td>23.0-23.5</td>
<td>8.2</td>
<td>3</td>
</tr>

<tr>
<td>37</td>
<td>23.5-24.0</td>
<td>8.4</td>
<td>3</td>
</tr>

<tr>
<td>38</td>
<td>24.0-24.5</td>
<td>8.6</td>
<td>3</td>
</tr>
</table>
<br /><br /><br />


<table width=""100%"" border=""1"" bordercolor=""#cbcbcb"" cellpadding=""10"" cellspacing=""0"">
<tr><td bgcolor=""#e9e9e9""><b>関連商品はこちら</b></td></tr>
<tr><td>
＞＞この商品と同じブランドのアイテム一覧<br /><br />
＞＞その他のローヒールまたはフラットサンダルを見る
</td>
</tr>
</table>

<br /><br /><br />



<table width=""100%"" border=""1"" bordercolor=""#cbcbcb"" cellpadding=""10"" cellspacing=""0"">
<tr><td bgcolor=""#e9e9e9""><b>TOPページはこちら</b></td></tr>
</table>
<br /><br /><br />




<table width=""100%"" border=""1"" bordercolor=""#c00000"" cellpadding=""20"" cellspacing=""0"" align=""center"">
<tr>
<th bgcolor=""#c00000""><font color=""#FFFFFF"">プレゼント、ギフトラッピング対応</font></th></tr>
</table>

<br /><br /><br />



<table width=""100%"" border=""1"" bordercolor=""#669934"" cellpadding=""8"" cellspacing=""0"" align=""center"">
<tr>
<th bgcolor=""#669934""><font color=""#FFFFFF"">カスタマーサービス</font></th></tr>
<tr>
<td><center><font size=""5"" color=""#669934"">050-3673-8844</font><br /><br />
<font color=""#5b5b5b"">営業時間 10時～18時 （休業日：日曜日）</font></center></td>
</tr></table>

<br /><br /><br />

<table width=""100%"" border=""1"" bordercolor=""#c00000"" cellpadding=""10"" cellspacing=""0"" align=""center"">
<tr>
<th bgcolor=""#c00000""><font color=""#FFFFFF"">☆この商品をお気に入りに登録する</font></th></tr>
</table>

<br /><br /><br />",PELLICO SUNNY ペリーコ サニー サンダル ウェッジ ジュート パイソン バックストラップ レディース pj17-0813 shoes 36/37/38/：DANJO バッグ、財布、靴の通販,通信販売通販ショッピングオンラインショッピング買い物プレゼントギフト贈り物贈答品お中元お歳暮お買い得hiroko hayashi 財布ADMJ トート バッグギャルソンFELISI フェリージジャンニキャリーニ GIANNI CHIARINIペレボルサ PELLE BORSA迷彩 ディマンシェペレッテリアベネタアンメートル キャレ 財布ヴィオラドーロSAN HIDEAKI MIHARAかごバッグベルティーニ かごバッグヤーキ バッグ ブランドお財布ポシェットisola アイソラ 財布カーマインポティオールレガロ バッグショルダーバック バケツ型PELLICO SUNNY ペリーコ サニー サンダル ウェッジ ジュート パイソン バックストラップ レディース pj17-0813 shoes 36/37/38/,大人のリラックスコーデにピッタリ！。PELLICO SUNNY ペリーコ サニー サンダル ウェッジ ジュート パイソン バックストラップ レディース pj17-0813 shoes 36/37/38/[rn]
14-171541,http://tshop.r10s.jp/danjo/cabinet/fabiorusconi2/712roxy203.jpg?fitin=700:700,21600.0000,,靴 > レディース靴 > サンダル > ストラップ,ファビオ ルスコーニ fabio rusconi サンダル ヒール アンクルストラップ 本革 レディース roxy203 shoes 35/36/37/38/,,"<b>
<p>アンクルストラップが華奢な足元を演出。</p>
<p>上質レザーのイタリア製。</p>
<p>人気シューズブランド。</p></b><br />




<table width=""100%"" border=""1"" bordercolor=""#c00000"" cellpadding=""10"" cellspacing=""0"" align=""center"">
<tr>
<th bgcolor=""#c00000""><font color=""#FFFFFF"">☆この商品をお気に入りに登録する</font></th></tr>
</table>
<br /><br /><br />



<table width=""100%"" border=""0px""  bordercolor=""#a6a6a6"" cellspacing=""0"" cellpadding=""8%"">
<tr><td bgcolor=""#919191"" align=""left"">
<b><font color=""#FFFFFF"">カラーバリエーション</font></b></td></tr></table><br /><br />

<img src=""http://image.rakuten.co.jp/danjo/cabinet/fabiorusconi2/712roxy203-ne.jpg"" border=""0"" width=""100%""><br /><br /><br /><br />
<img src=""http://image.rakuten.co.jp/danjo/cabinet/fabiorusconi2/712roxy203m-ne.jpg"" border=""0"" width=""100%""><br /><br /><br /><br />
<br />
<img src=""http://image.rakuten.co.jp/danjo/cabinet/fabiorusconi2/712roxy203-cu.jpg"" border=""0"" width=""100%""><br /><br /><br /><br />
<img src=""http://image.rakuten.co.jp/danjo/cabinet/fabiorusconi2/712roxy203m-cu.jpg"" border=""0"" width=""100%""><br /><br /><br /><br />
<br />



<table width=""100%"" border=""0px""  bordercolor=""#a6a6a6"" cellspacing=""0"" cellpadding=""8%"">
<tr><td bgcolor=""#919191"" align=""left"">
<b><font color=""#FFFFFF"">ディテール</font></b></td></tr></table><br />

<img src=""http://image.rakuten.co.jp/danjo/cabinet/fabiorusconi2/712roxy203-top2.jpg"" border=""0"" width=""100%""><br /><br /><br /><br />
<img src=""http://image.rakuten.co.jp/danjo/cabinet/fabiorusconi2/712roxy203b1sp.jpg"" border=""0"" width=""100%""><br /><br /><br /><br />
<img src=""http://image.rakuten.co.jp/danjo/cabinet/fabiorusconi2/712roxy203b2sp.jpg"" border=""0"" width=""100%""><br /><br /><br /><br />
<br />



<table width=""100%"" border=""0px""  bordercolor=""#a6a6a6"" cellspacing=""0"" cellpadding=""8%"">
<tr><td bgcolor=""#919191"" align=""left"">
<b><font color=""#FFFFFF"">fabio rusconi ヒール サンダル の説明 </font></b></td></tr></table>

<hr><font color=""#b60303""><b>イタリアの人気シューズブランド</b></font>
<hr>
1998年にフィレンツェで設立した“FABIO RUSCONI/ファビオルスコーニ”。履き心地とデザイン性を兼ね揃えた行動的で洗練された女性のための靴を展開。インポートならではの女性らしいカッティングや素材、カラーへのこだわりに定評のあるブランド。
<br /><br />

<hr><font color=""#b60303""><b>こだわりのデザイン</b></font>
<hr>
上質レザーを使用したシンプルなヒールサンダル。アンクルストラップと円柱型のヒールがアクセントに。足首にポイントを持ってくることで、華奢な足元を演出。カジュアルにもきれいめにも合い、この夏外せない1足に。ソックスと合わせて春先かたお楽しみいただけます。
<br /><br />

<hr><font color=""#b60303""><b>ヒールなのに安定感</b></font>
<hr>
ベルトは3段階調節が可能なのでフィット感抜群です。太めのヒールは安定感があり、6.5cmと少し高めで脚を綺麗に魅せてくれます。
<br /><br />

<hr><font color=""#b60303""><b>話題性と、気になるポイント</b></font>
<hr>
Fabio Rusconi/ファビオ ルスコーニはブログやインスタグラム、WEARなど、セレクトショップで話題の、トレンド雑誌掲載ブランドです。<br />
税込み10,800円以上の商品は、全て送料無料となっております。<br /><br /><br />



<table width=""100%"" border=""0px""  bordercolor=""#a6a6a6"" cellspacing=""0"" cellpadding=""8%"">
<tr><td bgcolor=""#919191"" align=""left"">
<b><font color=""#FFFFFF"">fabio rusconi ヒール サンダル の詳細</font></b></td></tr></table>

<table width=""100%"" border=""1"" bordercolor=""#cbcbcb"" cellpadding=""10"" cellspacing=""0"">
　
　<tr>
  <th bgcolor=""#e9e9e9"">発送日</th>
  <td>1～3営業日</td>
  </tr>

　<tr>
  <th bgcolor=""#e9e9e9"">メーカー品番</th>
  <td>roxy203</td>
  </tr>

  <tr>
  <th bgcolor=""#e9e9e9"">素材/重量</th>
  <td>アッパー　レザー　/　アウトソール　レザー / 約230g</td>
  </tr>

  <tr>
  <th bgcolor=""#e9e9e9"">試着コメント</th>
  <td>アッパーが低めなので、甲高の方はワンサイズ上がおすすめです。アンクルストラップはベルトが3段階調節可能なので、お好みに調節いただけます。ヒールは6.5cmと少し高めですが、太ヒールなので安定感がありながら、脚をキレイに魅せてくれます。</td>
  </tr>

　<tr>
  <th bgcolor=""#e9e9e9"">用途</th>
  <td>普段、仕事/通勤、お出かけ/お出掛け、ショッピング/買い物、食事、女子会、デート、ランチ、カフェ/お茶、ディナー</td>
  </tr>

  <tr>
  <th bgcolor=""#e9e9e9"">イベント</th>
  <td>誕生日、ホワイトデー、記念日、母の日、卒入学祝い、就職祝い</td>
  </tr>

  <tr>
  <th bgcolor=""#e9e9e9"">商品イメージ</th>
  <td>カジュアル、可愛い/かわいい/カワイイ、シンプル、キレイめ、かっこいい/格好いい、スタイリッシュ、大人っぽい、お洒落/おしゃれ、クール、大人っぽい、シンプル、エレガント/エレガンス、上品、上質</td>
  </tr>

  <tr>
  <th bgcolor=""#e9e9e9"">原産国</th>
  <td>イタリア製</td>
  </tr>

</table>

<br /><br />


<table width=""100%"" border=""0px""  bordercolor=""#a6a6a6"" cellspacing=""0"" cellpadding=""8%"">
<tr><td bgcolor=""#919191"" align=""left"">
<b><font color=""#FFFFFF"">アイテム仕様</font></b></td></tr></table>

<table width=""100%"" border=""1"" bordercolor=""#cbcbcb"" cellpadding=""0"" cellspacing=""0"" align=""center"">
<tr>
<th bgcolor=""#e9e9e9"">表記サイズ</th>
<th bgcolor=""#e9e9e9"">サイズ感</th>
<th bgcolor=""#e9e9e9"">甲幅</th>
<th bgcolor=""#e9e9e9"">ヒール</th>
</tr>

<tr>
<td>35</td>
<td>22.5-23.0</td>
<td>8.0</td>
<td>6.5</td>
</tr>

<tr>
<td>36</td>
<td>23.0-23.5</td>
<td>8.2</td>
<td>6.5</td>
</tr>

<tr>
<td>37</td>
<td>23.5-24.0</td>
<td>8.4</td>
<td>6.5</td>
</tr>

<tr>
<td>38</td>
<td>24.0-24.5</td>
<td>8.6</td>
<td>6.5</td>
</tr>
</table>
<br /><br /><br />


<table width=""100%"" border=""1"" bordercolor=""#cbcbcb"" cellpadding=""10"" cellspacing=""0"">
<tr><td bgcolor=""#e9e9e9""><b>関連商品はこちら</b></td></tr>
<tr><td>
＞＞この商品と同じブランドのアイテム一覧<br /><br />
＞＞その他のヒールサンダルを見る
</td>
</tr>
</table>

<br /><br /><br />



<table width=""100%"" border=""1"" bordercolor=""#cbcbcb"" cellpadding=""10"" cellspacing=""0"">
<tr><td bgcolor=""#e9e9e9""><b>TOPページはこちら</b></td></tr>
</table>
<br /><br /><br />



<img src=""http://image.rakuten.co.jp/danjo/cabinet/2016new_leathercare_.jpg"" border=""0"" width=""100%""><br /><br /><br />





<table width=""100%"" border=""1"" bordercolor=""#c00000"" cellpadding=""20"" cellspacing=""0"" align=""center"">
<tr>
<th bgcolor=""#c00000""><font color=""#FFFFFF"">プレゼント、ギフトラッピング対応</font></th></tr>
</table>

<br /><br /><br />



<table width=""100%"" border=""1"" bordercolor=""#669934"" cellpadding=""8"" cellspacing=""0"" align=""center"">
<tr>
<th bgcolor=""#669934""><font color=""#FFFFFF"">カスタマーサービス</font></th></tr>
<tr>
<td><center><font size=""5"" color=""#669934"">050-3673-8844</font><br /><br />
<font color=""#5b5b5b"">営業時間 10時～18時 （休業日：日曜日）</font></center></td>
</tr></table>

<br /><br /><br />

<table width=""100%"" border=""1"" bordercolor=""#c00000"" cellpadding=""10"" cellspacing=""0"" align=""center"">
<tr>
<th bgcolor=""#c00000""><font color=""#FFFFFF"">☆この商品をお気に入りに登録する</font></th></tr>
</table>

<br /><br /><br />",ファビオ ルスコーニ fabio rusconi サンダル ヒール アンクルストラップ 本革 レディース roxy203 shoes 35/36/37/38/：DANJO バッグ、財布、靴の通販,通信販売通販ショッピングオンラインショッピング買い物プレゼントギフト贈り物贈答品お中元お歳暮お買い得hiroko hayashi 財布ADMJ トート バッグギャルソンFELISI フェリージジャンニキャリーニ GIANNI CHIARINIペレボルサ PELLE BORSA迷彩 ディマンシェペレッテリアベネタアンメートル キャレ 財布ヴィオラドーロSAN HIDEAKI MIHARAかごバッグベルティーニ かごバッグヤーキ バッグ ブランドお財布ポシェットisola アイソラ 財布カーマインポティオールレガロ バッグショルダーバック バケツ型ファビオ ルスコーニ fabio rusconi サンダル ヒール アンクルストラップ 本革 レディース roxy203 shoes 35/36/37/38/,女性らしい足元に。ベルトとヒールがポイントのサンダル。。ファビオ ルスコーニ fabio rusconi サンダル ヒール アンクルストラップ 本革 レディース roxy203 shoes 35/36/37/38/[rn]
14-171542,http://tshop.r10s.jp/danjo/cabinet/fabiorusconi2/7123563.jpg?fitin=700:700,17600.0000,,靴 > レディース靴 > サンダル > ストラップ,ファビオ ルスコーニ fabio rusconi サンダル ヒール アンクルストラップ 本革 スエード レディース 3563 shoes 35/36/37/38/,,"<b>
<p>細身のアンクルストラップが華奢な足元を演出。</p>
<p>上質感漂うスエード素材。</p>
<p>イタリアの人気シューズブランド。</p></b><br />




<table width=""100%"" border=""1"" bordercolor=""#c00000"" cellpadding=""10"" cellspacing=""0"" align=""center"">
<tr>
<th bgcolor=""#c00000""><font color=""#FFFFFF"">☆この商品をお気に入りに登録する</font></th></tr>
</table>
<br /><br /><br />



<table width=""100%"" border=""0px""  bordercolor=""#a6a6a6"" cellspacing=""0"" cellpadding=""8%"">
<tr><td bgcolor=""#919191"" align=""left"">
<b><font color=""#FFFFFF"">カラーバリエーション</font></b></td></tr></table><br /><br />

<img src=""http://image.rakuten.co.jp/danjo/cabinet/fabiorusconi2/7123563-se.jpg"" border=""0"" width=""100%""><br /><br /><br /><br />
<img src=""http://image.rakuten.co.jp/danjo/cabinet/fabiorusconi2/7123563m-se.jpg"" border=""0"" width=""100%""><br /><br /><br /><br />
<br />
<img src=""http://image.rakuten.co.jp/danjo/cabinet/fabiorusconi2/7123563-ne.jpg"" border=""0"" width=""100%""><br /><br /><br /><br />
<img src=""http://image.rakuten.co.jp/danjo/cabinet/fabiorusconi2/7123563m-ne.jpg"" border=""0"" width=""100%""><br /><br /><br /><br />
<br />


<table width=""100%"" border=""0px""  bordercolor=""#a6a6a6"" cellspacing=""0"" cellpadding=""8%"">
<tr><td bgcolor=""#919191"" align=""left"">
<b><font color=""#FFFFFF"">ディテール</font></b></td></tr></table><br />

<img src=""http://image.rakuten.co.jp/danjo/cabinet/fabiorusconi2/7123563-top2.jpg"" border=""0"" width=""100%""><br /><br /><br /><br />
<img src=""http://image.rakuten.co.jp/danjo/cabinet/fabiorusconi2/7123563b1sp.jpg"" border=""0"" width=""100%""><br /><br /><br /><br />
<img src=""http://image.rakuten.co.jp/danjo/cabinet/fabiorusconi2/7123563b2sp.jpg"" border=""0"" width=""100%""><br /><br /><br /><br />
<br />



<table width=""100%"" border=""0px""  bordercolor=""#a6a6a6"" cellspacing=""0"" cellpadding=""8%"">
<tr><td bgcolor=""#919191"" align=""left"">
<b><font color=""#FFFFFF"">fabio rusconi ヒール サンダル の説明 </font></b></td></tr></table>

<hr><font color=""#b60303""><b>イタリアの人気シューズブランド</b></font>
<hr>
1998年にフィレンツェで設立した“FABIO RUSCONI/ファビオルスコーニ”。履き心地とデザイン性を兼ね揃えた行動的で洗練された女性のための靴を展開。インポートならではの女性らしいカッティングや素材、カラーへのこだわりに定評のあるブランド。
<br /><br />

<hr><font color=""#b60303""><b>華奢見えシルエット</b></font>
<hr>
滑らかな上質スエードレザーを使用したヒールサンダル。細身のアンクルストラップが足首のポイントとなり、華奢で女性らしいデザインが魅力。シンプルなデザインで、カジュアルにもきれいめにも合い、この夏外せない1足に。ソックスと合わせて春先かたお楽しみいただけます。
<br /><br />

<hr><font color=""#b60303""><b>ヒールなのに安定感</b></font>
<hr>
ベルトは5段階調節が可能なのでフィット感抜群です。低めの太ヒールは安定感があり、歩きやすいのに、脚を綺麗に魅せてくれます。
<br /><br />

<hr><font color=""#b60303""><b>話題性と、気になるポイント</b></font>
<hr>
Fabio Rusconi/ファビオ ルスコーニはブログやインスタグラム、WEARなど、セレクトショップで話題の、トレンド雑誌掲載ブランドです。<br />
税込み10,800円以上の商品は、全て送料無料となっております。<br /><br /><br />



<table width=""100%"" border=""0px""  bordercolor=""#a6a6a6"" cellspacing=""0"" cellpadding=""8%"">
<tr><td bgcolor=""#919191"" align=""left"">
<b><font color=""#FFFFFF"">fabio rusconi ヒール サンダル の詳細</font></b></td></tr></table>

<table width=""100%"" border=""1"" bordercolor=""#cbcbcb"" cellpadding=""10"" cellspacing=""0"">
　
　<tr>
  <th bgcolor=""#e9e9e9"">発送日</th>
  <td>1～3営業日</td>
  </tr>

　<tr>
  <th bgcolor=""#e9e9e9"">メーカー品番</th>
  <td>3563</td>
  </tr>

  <tr>
  <th bgcolor=""#e9e9e9"">素材/重量</th>
  <td>アッパー　スエード　/　アウトソール　レザー / 約180g</td>
  </tr>

  <tr>
  <th bgcolor=""#e9e9e9"">試着コメント</th>
  <td>甲幅は広すぎず狭すぎず、いつものサイズで大丈夫です。ベルトは5段階調節可能で、裏側がゴムになっているので、足入れしやすくフィット感があります。太ヒールは4.5cmと程よい高さで、安定感がありながら、脚をキレイに魅せてくれます。</td>
  </tr>

　<tr>
  <th bgcolor=""#e9e9e9"">用途</th>
  <td>普段、仕事/通勤、お出かけ/お出掛け、ショッピング/買い物、食事、女子会、デート、ランチ、カフェ/お茶、ディナー</td>
  </tr>

  <tr>
  <th bgcolor=""#e9e9e9"">イベント</th>
  <td>誕生日、ホワイトデー、記念日、母の日、卒入学祝い、就職祝い</td>
  </tr>

  <tr>
  <th bgcolor=""#e9e9e9"">商品イメージ</th>
  <td>カジュアル、可愛い/かわいい/カワイイ、シンプル、キレイめ、かっこいい/格好いい、スタイリッシュ、大人っぽい、お洒落/おしゃれ、クール、大人っぽい、シンプル、エレガント/エレガンス、上品、上質</td>
  </tr>

  <tr>
  <th bgcolor=""#e9e9e9"">原産国</th>
  <td>イタリア製</td>
  </tr>

</table>

<br /><br />


<table width=""100%"" border=""0px""  bordercolor=""#a6a6a6"" cellspacing=""0"" cellpadding=""8%"">
<tr><td bgcolor=""#919191"" align=""left"">
<b><font color=""#FFFFFF"">アイテム仕様</font></b></td></tr></table>

<table width=""100%"" border=""1"" bordercolor=""#cbcbcb"" cellpadding=""0"" cellspacing=""0"" align=""center"">
<tr>
<th bgcolor=""#e9e9e9"">表記サイズ</th>
<th bgcolor=""#e9e9e9"">サイズ感</th>
<th bgcolor=""#e9e9e9"">甲幅</th>
<th bgcolor=""#e9e9e9"">ヒール</th>
</tr>

<tr>
<td>35</td>
<td>22.5-23.0</td>
<td>7.6</td>
<td>4.5</td>
</tr>

<tr>
<td>36</td>
<td>23.0-23.5</td>
<td>7.8</td>
<td>4.5</td>
</tr>

<tr>
<td>37</td>
<td>23.5-24.0</td>
<td>8.0</td>
<td>4.5</td>
</tr>

<tr>
<td>38</td>
<td>24.0-24.5</td>
<td>8.2</td>
<td>4.5</td>
</tr>
</table>
<br /><br /><br />


<table width=""100%"" border=""1"" bordercolor=""#cbcbcb"" cellpadding=""10"" cellspacing=""0"">
<tr><td bgcolor=""#e9e9e9""><b>関連商品はこちら</b></td></tr>
<tr><td>
＞＞この商品と同じブランドのアイテム一覧<br /><br />
＞＞その他のヒールサンダルを見る
</td>
</tr>
</table>

<br /><br /><br />



<table width=""100%"" border=""1"" bordercolor=""#cbcbcb"" cellpadding=""10"" cellspacing=""0"">
<tr><td bgcolor=""#e9e9e9""><b>TOPページはこちら</b></td></tr>
</table>
<br /><br /><br />



<img src=""http://image.rakuten.co.jp/danjo/cabinet/2016new_leathercare_.jpg"" border=""0"" width=""100%""><br /><br /><br />





<table width=""100%"" border=""1"" bordercolor=""#c00000"" cellpadding=""20"" cellspacing=""0"" align=""center"">
<tr>
<th bgcolor=""#c00000""><font color=""#FFFFFF"">プレゼント、ギフトラッピング対応</font></th></tr>
</table>

<br /><br /><br />



<table width=""100%"" border=""1"" bordercolor=""#669934"" cellpadding=""8"" cellspacing=""0"" align=""center"">
<tr>
<th bgcolor=""#669934""><font color=""#FFFFFF"">カスタマーサービス</font></th></tr>
<tr>
<td><center><font size=""5"" color=""#669934"">050-3673-8844</font><br /><br />
<font color=""#5b5b5b"">営業時間 10時～18時 （休業日：日曜日）</font></center></td>
</tr></table>

<br /><br /><br />

<table width=""100%"" border=""1"" bordercolor=""#c00000"" cellpadding=""10"" cellspacing=""0"" align=""center"">
<tr>
<th bgcolor=""#c00000""><font color=""#FFFFFF"">☆この商品をお気に入りに登録する</font></th></tr>
</table>

<br /><br /><br />",ファビオ ルスコーニ fabio rusconi サンダル ヒール アンクルストラップ 本革 スエード レディース 3563 shoes 35/36/37/38/：DANJO バッグ、財布、靴の通販,通信販売通販ショッピングオンラインショッピング買い物プレゼントギフト贈り物贈答品お中元お歳暮お買い得hiroko hayashi 財布ADMJ トート バッグギャルソンFELISI フェリージジャンニキャリーニ GIANNI CHIARINIペレボルサ PELLE BORSA迷彩 ディマンシェペレッテリアベネタアンメートル キャレ 財布ヴィオラドーロSAN HIDEAKI MIHARAかごバッグベルティーニ かごバッグヤーキ バッグ ブランドお財布ポシェットisola アイソラ 財布カーマインポティオールレガロ バッグショルダーバック バケツ型ファビオ ルスコーニ fabio rusconi サンダル ヒール アンクルストラップ 本革 スエード レディース 3563 shoes 35/36/37/38/,履くだけで女っぷりが上がるヒールサンダル。。ファビオ ルスコーニ fabio rusconi サンダル ヒール アンクルストラップ 本革 スエード レディース 3563 shoes 35/36/37/38/[rn]
14-171543,http://tshop.r10s.jp/danjo/cabinet/fabiorusconi2/712enna427.jpg?fitin=700:700,20000.0000,,靴 > レディース靴 > サンダル > ストラップ,ファビオ ルスコーニ fabio rusconi サンダル ヒール スクエアトゥ 本革 スエード レディース enna427 shoes 35/36/37/38/,,"<b>
<p>上質感漂うスエード素材。</p>
<p>パンツともスカートとも相性抜群。</p>
<p>シンプルデザインで履きまわせる。</p>
<p>イタリアの人気シューズブランド。</p></b><br />




<table width=""100%"" border=""1"" bordercolor=""#c00000"" cellpadding=""10"" cellspacing=""0"" align=""center"">
<tr>
<th bgcolor=""#c00000""><font color=""#FFFFFF"">☆この商品をお気に入りに登録する</font></th></tr>
</table>
<br /><br /><br />



<table width=""100%"" border=""0px""  bordercolor=""#a6a6a6"" cellspacing=""0"" cellpadding=""8%"">
<tr><td bgcolor=""#919191"" align=""left"">
<b><font color=""#FFFFFF"">カラーバリエーション</font></b></td></tr></table><br /><br />

<img src=""http://image.rakuten.co.jp/danjo/cabinet/fabiorusconi2/712enna427-mi.jpg"" border=""0"" width=""100%""><br /><br /><br /><br />
<img src=""http://image.rakuten.co.jp/danjo/cabinet/fabiorusconi2/712enna427m-mi.jpg"" border=""0"" width=""100%""><br /><br /><br /><br />
<br />
<img src=""http://image.rakuten.co.jp/danjo/cabinet/fabiorusconi2/712enna427-co.jpg"" border=""0"" width=""100%""><br /><br /><br /><br />
<img src=""http://image.rakuten.co.jp/danjo/cabinet/fabiorusconi2/712enna427m-co.jpg"" border=""0"" width=""100%""><br /><br /><br /><br />
<br />


<table width=""100%"" border=""0px""  bordercolor=""#a6a6a6"" cellspacing=""0"" cellpadding=""8%"">
<tr><td bgcolor=""#919191"" align=""left"">
<b><font color=""#FFFFFF"">ディテール</font></b></td></tr></table><br />

<img src=""http://image.rakuten.co.jp/danjo/cabinet/fabiorusconi2/712enna427-top.jpg"" border=""0"" width=""100%""><br /><br /><br /><br />
<img src=""http://image.rakuten.co.jp/danjo/cabinet/fabiorusconi2/712enna427b1sp.jpg"" border=""0"" width=""100%""><br /><br /><br /><br />
<img src=""http://image.rakuten.co.jp/danjo/cabinet/fabiorusconi2/712enna427b3.jpg"" border=""0"" width=""100%""><br /><br /><br /><br />
<br />



<table width=""100%"" border=""0px""  bordercolor=""#a6a6a6"" cellspacing=""0"" cellpadding=""8%"">
<tr><td bgcolor=""#919191"" align=""left"">
<b><font color=""#FFFFFF"">fabio rusconi ヒール サンダル の説明 </font></b></td></tr></table>

<hr><font color=""#b60303""><b>イタリアの人気シューズブランド</b></font>
<hr>
1998年にフィレンツェで設立した“FABIO RUSCONI/ファビオルスコーニ”。履き心地とデザイン性を兼ね揃えた行動的で洗練された女性のための靴を展開。インポートならではの女性らしいカッティングや素材、カラーへのこだわりに定評のあるブランド。
<br /><br />

<hr><font color=""#b60303""><b>上質レザーのサンダル</b></font>
<hr>
滑らかなスエード素材と深みのあるカラーが美しいヒールサンダル。シンプルだからこそ、素材の良さが引き立ちます。今年らしいスクエアトゥは女性らしさアップ。パンツにもスカートにも合い、様々なコーデにも合わせやすい。この夏大活躍の予感。ソックスと合わせて、春先からもお楽しみいただけます。
<br /><br />

<hr><font color=""#b60303""><b>履きやすさと美しいシルエット</b></font>
<hr>
ベルトは調節可能なのでフィット感◎太めのチャンキーヒールは存在感抜群。足を綺麗に魅せながら、安定感と歩きやすさを実現。一足は持っておきたいサンダルです。
<br /><br />

<hr><font color=""#b60303""><b>話題性と、気になるポイント</b></font>
<hr>
Fabio Rusconi/ファビオ ルスコーニはブログやインスタグラム、WEARなど、セレクトショップで話題の、トレンド雑誌掲載ブランドです。<br />
税込み10,800円以上の商品は、全て送料無料となっております。<br /><br /><br />



<table width=""100%"" border=""0px""  bordercolor=""#a6a6a6"" cellspacing=""0"" cellpadding=""8%"">
<tr><td bgcolor=""#919191"" align=""left"">
<b><font color=""#FFFFFF"">fabio rusconi ヒール サンダル の詳細</font></b></td></tr></table>

<table width=""100%"" border=""1"" bordercolor=""#cbcbcb"" cellpadding=""10"" cellspacing=""0"">
　
　<tr>
  <th bgcolor=""#e9e9e9"">発送日</th>
  <td>1～3営業日</td>
  </tr>

　<tr>
  <th bgcolor=""#e9e9e9"">メーカー品番</th>
  <td>ENNA427</td>
  </tr>

  <tr>
  <th bgcolor=""#e9e9e9"">素材/重量</th>
  <td>アッパー　スエード　/　アウトソール　レザー / 約240g</td>
  </tr>

  <tr>
  <th bgcolor=""#e9e9e9"">試着コメント</th>
  <td>甲幅は広すぎず狭すぎず、いつものサイズで大丈夫です。ベルトは5段階調節可能で、裏側がゴムになっているので、足入れしやすいです。太ヒールは6cmと程よい高さで、安定感がありながら、脚を綺麗に魅せてくれます。</td>
  </tr>

　<tr>
  <th bgcolor=""#e9e9e9"">用途</th>
  <td>普段、仕事/通勤、お出かけ/お出掛け、ショッピング/買い物、食事、女子会、デート、ランチ、カフェ/お茶、ディナー</td>
  </tr>

  <tr>
  <th bgcolor=""#e9e9e9"">イベント</th>
  <td>誕生日、ホワイトデー、記念日、母の日、卒入学祝い、就職祝い</td>
  </tr>

  <tr>
  <th bgcolor=""#e9e9e9"">商品イメージ</th>
  <td>カジュアル、可愛い/かわいい/カワイイ、シンプル、キレイめ、かっこいい/格好いい、スタイリッシュ、大人っぽい、お洒落/おしゃれ、クール、大人っぽい、シンプル、エレガント/エレガンス、上品、上質</td>
  </tr>

  <tr>
  <th bgcolor=""#e9e9e9"">原産国</th>
  <td>イタリア製</td>
  </tr>

</table>

<br /><br />


<table width=""100%"" border=""0px""  bordercolor=""#a6a6a6"" cellspacing=""0"" cellpadding=""8%"">
<tr><td bgcolor=""#919191"" align=""left"">
<b><font color=""#FFFFFF"">アイテム仕様</font></b></td></tr></table>

<table width=""100%"" border=""1"" bordercolor=""#cbcbcb"" cellpadding=""0"" cellspacing=""0"" align=""center"">
<tr>
<th bgcolor=""#e9e9e9"">表記サイズ</th>
<th bgcolor=""#e9e9e9"">サイズ感</th>
<th bgcolor=""#e9e9e9"">甲幅</th>
<th bgcolor=""#e9e9e9"">ヒール</th>
</tr>

<tr>
<td>35</td>
<td>22.5-23.0</td>
<td>7.9</td>
<td>6.0</td>
</tr>

<tr>
<td>36</td>
<td>23.0-23.5</td>
<td>8.1</td>
<td>6.0</td>
</tr>

<tr>
<td>37</td>
<td>23.5-24.0</td>
<td>8.3</td>
<td>6.0</td>
</tr>

<tr>
<td>38</td>
<td>24.0-24.5</td>
<td>8.5</td>
<td>6.0</td>
</tr>
</table>
<br /><br /><br />


<table width=""100%"" border=""1"" bordercolor=""#cbcbcb"" cellpadding=""10"" cellspacing=""0"">
<tr><td bgcolor=""#e9e9e9""><b>関連商品はこちら</b></td></tr>
<tr><td>
＞＞この商品と同じブランドのアイテム一覧<br /><br />
＞＞その他のヒールサンダルを見る
</td>
</tr>
</table>

<br /><br /><br />



<table width=""100%"" border=""1"" bordercolor=""#cbcbcb"" cellpadding=""10"" cellspacing=""0"">
<tr><td bgcolor=""#e9e9e9""><b>TOPページはこちら</b></td></tr>
</table>
<br /><br /><br />



<img src=""http://image.rakuten.co.jp/danjo/cabinet/2016new_leathercare_.jpg"" border=""0"" width=""100%""><br /><br /><br />





<table width=""100%"" border=""1"" bordercolor=""#c00000"" cellpadding=""20"" cellspacing=""0"" align=""center"">
<tr>
<th bgcolor=""#c00000""><font color=""#FFFFFF"">プレゼント、ギフトラッピング対応</font></th></tr>
</table>

<br /><br /><br />



<table width=""100%"" border=""1"" bordercolor=""#669934"" cellpadding=""8"" cellspacing=""0"" align=""center"">
<tr>
<th bgcolor=""#669934""><font color=""#FFFFFF"">カスタマーサービス</font></th></tr>
<tr>
<td><center><font size=""5"" color=""#669934"">050-3673-8844</font><br /><br />
<font color=""#5b5b5b"">営業時間 10時～18時 （休業日：日曜日）</font></center></td>
</tr></table>

<br /><br /><br />

<table width=""100%"" border=""1"" bordercolor=""#c00000"" cellpadding=""10"" cellspacing=""0"" align=""center"">
<tr>
<th bgcolor=""#c00000""><font color=""#FFFFFF"">☆この商品をお気に入りに登録する</font></th></tr>
</table>

<br /><br /><br />",ファビオ ルスコーニ fabio rusconi サンダル ヒール スクエアトゥ 本革 スエード レディース enna427 shoes 35/36/37/38/：DANJO バッグ、財布、靴の通販,通信販売通販ショッピングオンラインショッピング買い物プレゼントギフト贈り物贈答品お中元お歳暮お買い得hiroko hayashi 財布ADMJ トート バッグギャルソンFELISI フェリージジャンニキャリーニ GIANNI CHIARINIペレボルサ PELLE BORSA迷彩 ディマンシェペレッテリアベネタアンメートル キャレ 財布ヴィオラドーロSAN HIDEAKI MIHARAかごバッグベルティーニ かごバッグヤーキ バッグ ブランドお財布ポシェットisola アイソラ 財布カーマインポティオールレガロ バッグショルダーバック バケツ型ファビオ ルスコーニ fabio rusconi サンダル ヒール スクエアトゥ 本革 スエード レディース enna427 shoes 35/36/37/38/,女性らしさを引き立てるヒールサンダル。。ファビオ ルスコーニ fabio rusconi サンダル ヒール スクエアトゥ 本革 スエード レディース enna427 shoes 35/36/37/38/[rn]
14-171544,http://tshop.r10s.jp/danjo/cabinet/fabiorusconi2/712enna225.jpg?fitin=700:700,20800.0000,,靴 > レディース靴 > サンダル > ストラップ,ファビオ ルスコーニ fabio rusconi サンダル ヒール スクエアトゥ 本革 スエード レディース enna225 shoes 35/36/37/38/,,"<b>
<p>女性らしさを引き出すヒールサンダル。</p>
<p>上質感漂うスエード素材。</p>
<p>イタリアの人気シューズブランド。</p></b><br />




<table width=""100%"" border=""1"" bordercolor=""#c00000"" cellpadding=""10"" cellspacing=""0"" align=""center"">
<tr>
<th bgcolor=""#c00000""><font color=""#FFFFFF"">☆この商品をお気に入りに登録する</font></th></tr>
</table>
<br /><br /><br />



<table width=""100%"" border=""0px""  bordercolor=""#a6a6a6"" cellspacing=""0"" cellpadding=""8%"">
<tr><td bgcolor=""#919191"" align=""left"">
<b><font color=""#FFFFFF"">カラーバリエーション</font></b></td></tr></table><br /><br />

<img src=""http://image.rakuten.co.jp/danjo/cabinet/fabiorusconi2/712enna225-da.jpg"" border=""0"" width=""100%""><br /><br /><br /><br />
<img src=""http://image.rakuten.co.jp/danjo/cabinet/fabiorusconi2/712enna225m-da.jpg"" border=""0"" width=""100%""><br /><br /><br /><br />
<br />
<img src=""http://image.rakuten.co.jp/danjo/cabinet/fabiorusconi2/712enna225-in.jpg"" border=""0"" width=""100%""><br /><br /><br /><br />
<img src=""http://image.rakuten.co.jp/danjo/cabinet/fabiorusconi2/712enna225m-in.jpg"" border=""0"" width=""100%""><br /><br /><br /><br />
<br />


<table width=""100%"" border=""0px""  bordercolor=""#a6a6a6"" cellspacing=""0"" cellpadding=""8%"">
<tr><td bgcolor=""#919191"" align=""left"">
<b><font color=""#FFFFFF"">ディテール</font></b></td></tr></table><br />

<img src=""http://image.rakuten.co.jp/danjo/cabinet/fabiorusconi2/712enna225-top2.jpg"" border=""0"" width=""100%""><br /><br /><br /><br />
<img src=""http://image.rakuten.co.jp/danjo/cabinet/fabiorusconi2/712enna225b1sp.jpg"" border=""0"" width=""100%""><br /><br /><br /><br />
<img src=""http://image.rakuten.co.jp/danjo/cabinet/fabiorusconi2/712enna225b2sp.jpg"" border=""0"" width=""100%""><br /><br /><br /><br />
<br />



<table width=""100%"" border=""0px""  bordercolor=""#a6a6a6"" cellspacing=""0"" cellpadding=""8%"">
<tr><td bgcolor=""#919191"" align=""left"">
<b><font color=""#FFFFFF"">fabio rusconi ヒール サンダル の説明 </font></b></td></tr></table>

<hr><font color=""#b60303""><b>イタリアの人気シューズブランド</b></font>
<hr>
1998年にフィレンツェで設立した“FABIO RUSCONI/ファビオルスコーニ”。履き心地とデザイン性を兼ね揃えた行動的で洗練された女性のための靴を展開。インポートならではの女性らしいカッティングや素材、カラーへのこだわりに定評のあるブランド。
<br /><br />

<hr><font color=""#b60303""><b>細部までこだわりのデザイン</b></font>
<hr>
バイカラーのヒールデザインがアクセントを効かすヒールサンダル。後ろ姿もかっこよく決まります。今年らしいスクエアトゥは女性らしさを引き立てます。滑らかなスエード素材は大人の上質感を漂わせます。
<br /><br />

<hr><font color=""#b60303""><b>履きやすさと美しいシルエット</b></font>
<hr>
ベルトは調節可能でフィット感抜群。ギボシ留めがお洒落なポイント。ヒールは太めのチャンキーヒールで足を綺麗に魅せながら、安定感と歩きやすさを実現。カジュアルにもキレイめにも履けるので、普段や仕事用に最適です。ソックスと合わせて、春先からお楽しみいただけます。 
<br /><br />

<hr><font color=""#b60303""><b>話題性と、気になるポイント</b></font>
<hr>
Fabio Rusconi/ファビオ ルスコーニはブログやインスタグラム、WEARなど、セレクトショップで話題の、トレンド雑誌掲載ブランドです。<br />
税込み10,800円以上の商品は、全て送料無料となっております。<br /><br /><br />



<table width=""100%"" border=""0px""  bordercolor=""#a6a6a6"" cellspacing=""0"" cellpadding=""8%"">
<tr><td bgcolor=""#919191"" align=""left"">
<b><font color=""#FFFFFF"">fabio rusconi ヒール サンダル の詳細</font></b></td></tr></table>

<table width=""100%"" border=""1"" bordercolor=""#cbcbcb"" cellpadding=""10"" cellspacing=""0"">
　
　<tr>
  <th bgcolor=""#e9e9e9"">発送日</th>
  <td>1～3営業日</td>
  </tr>

　<tr>
  <th bgcolor=""#e9e9e9"">メーカー品番</th>
  <td>ENNA225</td>
  </tr>

  <tr>
  <th bgcolor=""#e9e9e9"">素材/重量</th>
  <td>アッパー　スエード　/　アウトソール　レザー / 約230g</td>
  </tr>

  <tr>
  <th bgcolor=""#e9e9e9"">試着コメント</th>
  <td>甲幅は広すぎず狭すぎず、いつものサイズで大丈夫です。ベルトはギボシ留めで3段階の調節が可能なので、フィット感も抜群です。太ヒールは5.5cmと程よい高さで、安定感がありながら、脚を綺麗に魅せてくれます。</td>
  </tr>

　<tr>
  <th bgcolor=""#e9e9e9"">用途</th>
  <td>普段、仕事/通勤、お出かけ/お出掛け、ショッピング/買い物、食事、女子会、デート、ランチ、カフェ/お茶、ディナー</td>
  </tr>

  <tr>
  <th bgcolor=""#e9e9e9"">イベント</th>
  <td>誕生日、ホワイトデー、記念日、母の日、卒入学祝い、就職祝い</td>
  </tr>

  <tr>
  <th bgcolor=""#e9e9e9"">商品イメージ</th>
  <td>カジュアル、可愛い/かわいい/カワイイ、シンプル、キレイめ、かっこいい/格好いい、スタイリッシュ、大人っぽい、お洒落/おしゃれ、クール、大人っぽい、シンプル、エレガント/エレガンス、上品、上質</td>
  </tr>

  <tr>
  <th bgcolor=""#e9e9e9"">原産国</th>
  <td>イタリア製</td>
  </tr>

</table>

<br /><br />


<table width=""100%"" border=""0px""  bordercolor=""#a6a6a6"" cellspacing=""0"" cellpadding=""8%"">
<tr><td bgcolor=""#919191"" align=""left"">
<b><font color=""#FFFFFF"">アイテム仕様</font></b></td></tr></table>

<table width=""100%"" border=""1"" bordercolor=""#cbcbcb"" cellpadding=""0"" cellspacing=""0"" align=""center"">
<tr>
<th bgcolor=""#e9e9e9"">表記サイズ</th>
<th bgcolor=""#e9e9e9"">サイズ感</th>
<th bgcolor=""#e9e9e9"">甲幅</th>
<th bgcolor=""#e9e9e9"">ヒール</th>
</tr>

<tr>
<td>35</td>
<td>22.5-23.0</td>
<td>7.9</td>
<td>5.5</td>
</tr>

<tr>
<td>36</td>
<td>23.0-23.5</td>
<td>8.1</td>
<td>5.5</td>
</tr>

<tr>
<td>37</td>
<td>23.5-24.0</td>
<td>8.3</td>
<td>5.5</td>
</tr>

<tr>
<td>38</td>
<td>24.0-24.5</td>
<td>8.5</td>
<td>5.5</td>
</tr>
</table>
<br /><br /><br />


<table width=""100%"" border=""1"" bordercolor=""#cbcbcb"" cellpadding=""10"" cellspacing=""0"">
<tr><td bgcolor=""#e9e9e9""><b>関連商品はこちら</b></td></tr>
<tr><td>
＞＞この商品と同じブランドのアイテム一覧<br /><br />
＞＞その他のヒールサンダルを見る
</td>
</tr>
</table>

<br /><br /><br />



<table width=""100%"" border=""1"" bordercolor=""#cbcbcb"" cellpadding=""10"" cellspacing=""0"">
<tr><td bgcolor=""#e9e9e9""><b>TOPページはこちら</b></td></tr>
</table>
<br /><br /><br />



<img src=""http://image.rakuten.co.jp/danjo/cabinet/2016new_leathercare_.jpg"" border=""0"" width=""100%""><br /><br /><br />





<table width=""100%"" border=""1"" bordercolor=""#c00000"" cellpadding=""20"" cellspacing=""0"" align=""center"">
<tr>
<th bgcolor=""#c00000""><font color=""#FFFFFF"">プレゼント、ギフトラッピング対応</font></th></tr>
</table>

<br /><br /><br />



<table width=""100%"" border=""1"" bordercolor=""#669934"" cellpadding=""8"" cellspacing=""0"" align=""center"">
<tr>
<th bgcolor=""#669934""><font color=""#FFFFFF"">カスタマーサービス</font></th></tr>
<tr>
<td><center><font size=""5"" color=""#669934"">050-3673-8844</font><br /><br />
<font color=""#5b5b5b"">営業時間 10時～18時 （休業日：日曜日）</font></center></td>
</tr></table>

<br /><br /><br />

<table width=""100%"" border=""1"" bordercolor=""#c00000"" cellpadding=""10"" cellspacing=""0"" align=""center"">
<tr>
<th bgcolor=""#c00000""><font color=""#FFFFFF"">☆この商品をお気に入りに登録する</font></th></tr>
</table>

<br /><br /><br />",ファビオ ルスコーニ fabio rusconi サンダル ヒール スクエアトゥ 本革 スエード レディース enna225 shoes 35/36/37/38/：DANJO バッグ、財布、靴の通販,通信販売通販ショッピングオンラインショッピング買い物プレゼントギフト贈り物贈答品お中元お歳暮お買い得hiroko hayashi 財布ADMJ トート バッグギャルソンFELISI フェリージジャンニキャリーニ GIANNI CHIARINIペレボルサ PELLE BORSA迷彩 ディマンシェペレッテリアベネタアンメートル キャレ 財布ヴィオラドーロSAN HIDEAKI MIHARAかごバッグベルティーニ かごバッグヤーキ バッグ ブランドお財布ポシェットisola アイソラ 財布カーマインポティオールレガロ バッグショルダーバック バケツ型ファビオ ルスコーニ fabio rusconi サンダル ヒール スクエアトゥ 本革 スエード レディース enna225 shoes 35/36/37/38/,バックスタイルも美しい配色ヒールがアクセント。。ファビオ ルスコーニ fabio rusconi サンダル ヒール スクエアトゥ 本革 スエード レディース enna225 shoes 35/36/37/38/[rn]
14-171545,http://tshop.r10s.jp/danjo/cabinet/esitem10/7123262.jpg?fitin=700:700,16000.0000,,靴 > レディース靴 > サンダル > ストラップ,CORSO ROMA9 コルソローマ9 サンダル レディース ストラップ 本革 3262 shoes 35/36/37/38/,,"<b>
<p>バイカラーのTストラップがおしゃれ！華奢見せ効果も。</p>
<p>太めのチャンキーヒールが歩きやすくて疲れにくい。</p>
<p>上質なイタリア製。大人カジュアルにピッタリ！</p></b><br />



<table width=""100%"" border=""1"" bordercolor=""#c00000"" cellpadding=""10"" cellspacing=""0"" align=""center"">
<tr>
<th bgcolor=""#c00000""><font color=""#FFFFFF"">☆この商品をお気に入りに登録する</font></th></tr>
</table>
<br /><br /><br />


<table width=""100%"" border=""0px""  bordercolor=""#a6a6a6"" cellspacing=""0"" cellpadding=""8%"">
<tr><td bgcolor=""#919191"" align=""left"">
<b><font color=""#FFFFFF"">カラーバリエーション</font></b></td></tr></table><br /><br />

<img src=""http://image.rakuten.co.jp/danjo/cabinet/esitem10/7123262-wi.jpg"" border=""0"" width=""100%""><br /><br /><br /><br /><br />


<table width=""100%"" border=""0px""  bordercolor=""#a6a6a6"" cellspacing=""0"" cellpadding=""8%"">
<tr><td bgcolor=""#919191"" align=""left"">
<b><font color=""#FFFFFF"">ディテール</font></b></td></tr></table><br />

<img src=""http://image.rakuten.co.jp/danjo/cabinet/esitem10/7123262-top2.jpg"" border=""0"" width=""100%""><br /><br /><br /><br />
<img src=""http://image.rakuten.co.jp/danjo/cabinet/esitem10/7123262b1sp.jpg"" border=""0"" width=""100%""><br /><br /><br /><br />
<img src=""http://image.rakuten.co.jp/danjo/cabinet/esitem10/7123262b3.jpg"" border=""0"" width=""100%""><br /><br /><br /><br />
<img src=""http://image.rakuten.co.jp/danjo/cabinet/esitem10/7123262m.jpg"" border=""0"" width=""100%""><br /><br /><br /><br /><br />



<table width=""100%"" border=""0px""  bordercolor=""#a6a6a6"" cellspacing=""0"" cellpadding=""8%"">
<tr><td bgcolor=""#919191"" align=""left"">
<b><font color=""#FFFFFF"">corso roma ストラップ サンダル の説明 </font></b></td></tr></table><br />

<hr><font color=""#b60303""><b>イタリアの上質シューズブランド</b></font>
<hr>
""CORSO ROMA9 コルソローマ9""は、イタリアの中部地方に拠点を置くレディースシューズブランド。大人っぽくフェミニンなデザインと、クリスチャン ルブタンと同じ工場で造る丁寧な仕上がりが魅力です。パンプスのフォルムの美しさと履きやすさで日本でも有名になり、今後も期待されているイタリアの上質シューズブランドです。
<br /><br />

<hr><font color=""#b60303""><b>華奢見せを叶えるデザイン</b></font>
<hr>
配色カラーのTストラップがスタイリッシュな印象。甲を通るTストラップには足を華奢に見せる効果も。素足に合わせるのはもちろん、ソックスを合わせれば、幅広いシーズンに活躍する一足です。
<br /><br />

<hr><font color=""#b60303""><b>安定感のある履き心地</b></font>
<hr>
安定感のある太ヒールが、歩きやすく疲れにくいサンダルです。インソールにクッションが入っているので、足当たりも◎。太めのストラップが、足首をしっかりホールドしつつ、脚のラインを綺麗に魅せてくれます。  
<br /><br />

<hr><font color=""#b60303""><b>話題性と気になるポイント</b></font>
<hr>
CORSO ROMA/コルソ ローマは、ブログやインスタグラム、セレクトショップで話題のトレンド雑誌掲載ブランドです。<br />
税込み10,800円以上の商品は、全て送料無料となっております。<br /><br /><br />



<table width=""100%"" border=""0px""  bordercolor=""#a6a6a6"" cellspacing=""0"" cellpadding=""8%"">
<tr><td bgcolor=""#919191"" align=""left"">
<b><font color=""#FFFFFF"">corso roma ストラップ サンダル の詳細</font></b></td></tr></table>

<table width=""100%"" border=""1"" bordercolor=""#cbcbcb"" cellpadding=""10"" cellspacing=""0"">
　
　<tr>
  <th bgcolor=""#e9e9e9"">発送日</th>
  <td>1～3営業日</td>
  </tr>

　<tr>
  <th bgcolor=""#e9e9e9"">メーカー品番</th>
  <td>3262</td>
  </tr>

  <tr>
  <th bgcolor=""#e9e9e9"">素材/重量</th>
  <td>アッパー　レザー　/　アウトソール　レザー / 約210g</td>
  </tr>

  <tr>
  <th bgcolor=""#e9e9e9"">試着コメント</th>
  <td>すっきりとしたシルエットで、甲幅は狭すぎず広すぎず普通のサイズ感です。インソールにクッションが入っているので、足当たりも良く歩きやすいです。</td>
  </tr>

　<tr>
  <th bgcolor=""#e9e9e9"">用途</th>
  <td>普段、お出かけ/お出掛け、ショッピング/買い物、食事、女子会、デート、ランチ、カフェ/お茶</td>
  </tr>

  <tr>
  <th bgcolor=""#e9e9e9"">イベント</th>
  <td>誕生日、クリスマス、ホワイトデー、記念日、母の日、卒入学祝い、就職祝い</td>
  </tr>

  <tr>
  <th bgcolor=""#e9e9e9"">商品イメージ</th>
  <td>カジュアル、バイカラー、スタイリッシュ、お洒落/オシャレ、クール、大人っぽい、キレイめ、女性らしい</td>
  </tr>

  <tr>
  <th bgcolor=""#e9e9e9"">原産国</th>
  <td>イタリア製</td>
  </tr>

</table>

<br /><br />


<table width=""100%"" border=""0px""  bordercolor=""#a6a6a6"" cellspacing=""0"" cellpadding=""8%"">
<tr><td bgcolor=""#919191"" align=""left"">
<b><font color=""#FFFFFF"">アイテム仕様</font></b></td></tr></table><br />

<table width=""100%"" border=""1"" bordercolor=""#cbcbcb"" cellpadding=""0"" cellspacing=""0"" align=""center"">
<tr>
<th bgcolor=""#e9e9e9"">表記サイズ</th>
<th bgcolor=""#e9e9e9"">サイズ感</th>
<th bgcolor=""#e9e9e9"">甲幅</th>
<th bgcolor=""#e9e9e9"">ヒール</th>
</tr>

<tr>
<td>35</td>
<td>22.5-23.0</td>
<td>8</td>
<td>7</td>
</tr>

<tr>
<td>36</td>
<td>23.0-23.5</td>
<td>8.1</td>
<td>7</td>
</tr>

<tr>
<td>37</td>
<td>23.5-24.0</td>
<td>8.2</td>
<td>7</td>
</tr>

<tr>
<td>38</td>
<td>24.0-24.5</td>
<td>8.3</td>
<td>7</td>
</tr>
</table>
<br /><br /><br />


<table width=""100%"" border=""1"" bordercolor=""#cbcbcb"" cellpadding=""10"" cellspacing=""0"">
<tr><td bgcolor=""#e9e9e9""><b>関連商品はこちら</b></td></tr>
<tr><td>
＞＞この商品と同じブランドのアイテム一覧<br /><br />
＞＞その他のヒールサンダルを見る
</td>
</tr>
</table>

<br /><br /><br />



<table width=""100%"" border=""1"" bordercolor=""#cbcbcb"" cellpadding=""10"" cellspacing=""0"">
<tr><td bgcolor=""#e9e9e9""><b>TOPページはこちら</b></td></tr>
</table>
<br /><br /><br />



<img src=""http://image.rakuten.co.jp/danjo/cabinet/2016new_leathercare_.jpg"" border=""0"" width=""100%""><br /><br /><br />





<table width=""100%"" border=""1"" bordercolor=""#c00000"" cellpadding=""20"" cellspacing=""0"" align=""center"">
<tr>
<th bgcolor=""#c00000""><font color=""#FFFFFF"">プレゼント、ギフトラッピング対応</font></th></tr>
</table>

<br /><br /><br />



<table width=""100%"" border=""1"" bordercolor=""#669934"" cellpadding=""8"" cellspacing=""0"" align=""center"">
<tr>
<th bgcolor=""#669934""><font color=""#FFFFFF"">カスタマーサービス</font></th></tr>
<tr>
<td><center><font size=""5"" color=""#669934"">050-3673-8844</font><br /><br />
<font color=""#5b5b5b"">営業時間 10時～18時 （休業日：日曜日）</font></center></td>
</tr></table>

<br /><br /><br />

<table width=""100%"" border=""1"" bordercolor=""#c00000"" cellpadding=""10"" cellspacing=""0"" align=""center"">
<tr>
<th bgcolor=""#c00000""><font color=""#FFFFFF"">☆この商品をお気に入りに登録する</font></th></tr>
</table>

<br /><br /><br />",CORSO ROMA9 コルソローマ9 サンダル レディース ストラップ 本革 3262 shoes 35/36/37/38/：DANJO バッグ、財布、靴の通販,通信販売通販ショッピングオンラインショッピング買い物プレゼントギフト贈り物贈答品お中元お歳暮お買い得hiroko hayashi 財布ADMJ トート バッグギャルソンFELISI フェリージジャンニキャリーニ GIANNI CHIARINIペレボルサ PELLE BORSA迷彩 ディマンシェペレッテリアベネタアンメートル キャレ 財布ヴィオラドーロSAN HIDEAKI MIHARAかごバッグベルティーニ かごバッグヤーキ バッグ ブランドお財布ポシェットisola アイソラ 財布カーマインポティオールレガロ バッグショルダーバック バケツ型CORSO ROMA9 コルソローマ9 サンダル レディース ストラップ 本革 3262 shoes 35/36/37/38/,すっきり縦ラインが美脚効果大のTストラップサンダル。。CORSO ROMA9 コルソローマ9 サンダル レディース ストラップ 本革 3262 shoes 35/36/37/38/[rn]
14-171546,http://tshop.r10s.jp/bluelotus/cabinet/01035519/imgrc0064054258.jpg?fitin=700:700,8800.0000,,靴 > レディース靴 > サンダル > ストラップ,【MAX2000円オフクーポン発行中（4/21 10:00-4/24 9:59）】MERCURYDUO マーキュリーデュオ【sweet掲載】クロスジュートサンダル【2017S/S】【あす楽】【送料無料】,,"<img src=""http://image.rakuten.co.jp/bluelotus/cabinet/01035519/imgrc0064054258.jpg""><br><br>
<img src=""http://image.rakuten.co.jp/bluelotus/cabinet/01035519/imgrc0064054259.jpg""><br><br>
<img src=""http://image.rakuten.co.jp/bluelotus/cabinet/01035519/imgrc0064054260.jpg""><br><br>
<img src=""http://image.rakuten.co.jp/bluelotus/cabinet/01035519/imgrc0064054261.jpg""><br><br>
<img src=""http://image.rakuten.co.jp/bluelotus/cabinet/01035519/imgrc0064054262.jpg""><br><br>
<img src=""http://image.rakuten.co.jp/bluelotus/cabinet/01035519/imgrc0064054263.jpg""><br><br>
<img src=""http://image.rakuten.co.jp/bluelotus/cabinet/01035519/imgrc0064054264.jpg""><br><br>

<table width=""100%"" border=""0"" cellspacing=""0"" cellpadding=""0"">
<tr>
<td bgcolor=""#CCCCCC""><table width=""100%"" border=""0"" cellspacing=""1"" cellpadding=""3"">
<tr align=""center"" bgcolor=""#CCCCCC""> 
<td colspan=""4"">サイズ</td>
</tr>
<tr align=""center"" bgcolor=""#FFFFFF""> 
<td>【36(23cm～23.5cm)】ヒール高さ8.6　ソール高さ4.5<br>
【38(24cm～24.5cm)】ヒール高さ8.6　ソール高さ4.5</td>
</tr>
</table></td>
</tr>
</table>
<br>
<table width=""100%"" border=""0"" cellspacing=""0"" cellpadding=""0"">
<tr> 
<td bgcolor=""#CCCCCC""><table width=""100%"" border=""0"" cellspacing=""1"" cellpadding=""3"">
<tr align=""center"" bgcolor=""#FFFFFF""> 
<td colspan=""4"" bgcolor=""#CCCCCC"">素材</td>
</tr>
<tr align=""center"" bgcolor=""#FFFFFF""> 
<td colspan=""4"">アッパー：合成皮革<br>
底：合成底</td>
</tr>
</table></td>
</tr>
</table>
<br>

<table width=""100%"" border=""0"" cellspacing=""0"" cellpadding=""0"">
<tr>
<td bgcolor=""#CCCCCC""><table width=""100%"" border=""0"" cellspacing=""1"" cellpadding=""3"">
<tr align=""center"" bgcolor=""#CCCCCC""> 
<td colspan=""4"">カラー</td>
</tr>
<tr align=""center"" bgcolor=""#FFFFFF""> 
<td>ホワイト　ブラック　ベージュ</td>
</tr>
</table></td>
</tr>
</table>
<br>

<table width=""100%"" border=""0"" cellspacing=""0"" cellpadding=""0"">
<tr>
<td bgcolor=""#CCCCCC""><table width=""100%"" border=""0"" cellspacing=""1"" cellpadding=""3"">
<tr align=""center"" bgcolor=""#CCCCCC""> 
<td colspan=""4"">備考</td>
</tr>
<tr align=""center"" bgcolor=""#FFFFFF""> 
<td>【sweet掲載！小嶋陽菜さんスペシャルコラボアイテム！】<br>
履くだけで春を感じられるジュート素材。<br>
厚底なので長時間歩いても疲れにくいのがポイント！<br>
ヒールが苦手な方でも安心して着用して頂けます。</td>
</tr>
</table></td>
</tr>
</table>
<br>

<table width=""100%"" border=""0"" cellspacing=""0"" cellpadding=""0"">
<tr>
<td bgcolor=""#CCCCCC""><table width=""100%"" border=""0"" cellspacing=""1"" cellpadding=""3"">
<tr align=""center"" bgcolor=""#CCCCCC""> 
<td colspan=""4"">ご注意</td>
</tr>
<tr align=""center"" bgcolor=""#FFFFFF""> 
<td>※色の見え方につきまして<br>
ご使用されているパソコンのモニタおよび携帯電話のメーカー・機種・画面設定等により、実際の商品の色と異なって見える場合がございます。<br><br>
※ご注文の交換・キャンセル・返品はできませんのでご了承下さい。<br><br>
※沖縄・一部地域の方の送料は実費より630円差し引き、ご請求させていただきます。</td>
</tr>
</table></td>
</tr>
</table>
<br>",【MAX2000円オフクーポン発行中（4/21 10:00-4/24 9:59）】MERCURYDUO マーキュリーデュオ【sweet掲載】クロスジュートサンダル【2017S/S】【あす楽】【送料無料】：ブルーロータス,通信販売通販ショッピングオンラインショッピング買い物プレゼントギフト贈り物贈答品お中元お歳暮お買い得ungridアングリッド高園あずさニットカーデモッズコートコートローズバッドrosebudgoa デニムレディースcocuemercuryduoダブスタcoolaスカーチョダブルスタンダードクロージングコーディガンロングカーデ【MAX2000円オフクーポン発行中（4/21 10:00-4/24 9:59）】MERCURYDUO マーキュリーデュオ【sweet掲載】クロスジュートサンダル【2017S/S】【あす楽】【送料無料】,MERCURYDUO マーキュリーデュオ レディース 靴 サンダル。【MAX2000円オフクーポン発行中（4/21 10:00-4/24 9:59）】MERCURYDUO マーキュリーデュオ【sweet掲載】クロスジュートサンダル【2017S/S】【あす楽】【送料無料】[rn]
14-171547,http://tshop.r10s.jp/olulu/cabinet/05424793/ge6f.jpg?fitin=700:700,3904.0000,,靴 > レディース靴 > サンダル > ストラップ,ウェッジサンダル サンダル ウェッジ　ウェッジソール ヒール ストラップ ミドルヒール 2017 春夏 春新作 シューズ レディース シンプル カジュアル 夏 ストラップ 【今だけお試し 送料無料】,,"<p><img src=""http://image.rakuten.co.jp/olulu/cabinet/imgrc0067934985.jpg"" width=""100%""></p><p><img src=""http://image.rakuten.co.jp/olulu/cabinet/imgrc0067934822.jpg"" width=""300"" height=""123""></p>◇サイズ◇<br>34=22.0cm、35＝22.5cm、36＝23.0cm、37＝23.5cm、38＝24.0cm、39＝24.5cm<br>ヒール＝13cm<br>※サイズは平置きサイズとなりますので、計り方により誤差が出る場合があります<br>※通常より小さめに作られておりますので、サイズ表をご覧の上、１サイズ大きめをおすすめします。<br><br>◇カラー◇<br>ブラック、ホワイト<br>※色合いはモニター環境により若干の誤差があります<br><br>◇素材◇<br>PU、ラバー<br><br>※こちらはお取り寄せ商品です。ご注文後2～4週間で入荷発送の予定です。<br><br>※メーカー在庫切れや入荷時の検品にて不備があった場合などやむを得ない場合、メールにてキャンセルのご連絡をさせていただきます。",ウェッジサンダル サンダル ウェッジ　ウェッジソール ヒール ストラップ ミドルヒール 2017 春夏 春新作 シューズ レディース シンプル カジュアル 夏 ストラップ 【今だけお試し 送料無料】：パンプス＆サンダル＆バッグ OLULU,通信販売通販ショッピングオンラインショッピング買い物プレゼントギフト贈り物贈答品お中元お歳暮お買い得ウェッジサンダル サンダル ウェッジ　ウェッジソール ヒール ストラップ ミドルヒール 2017 春夏 春新作 シューズ レディース シンプル カジュアル 夏 ストラップ 【今だけお試し 送料無料】,これからの季節にマストなウェッジソールサンダル。。ウェッジサンダル サンダル ウェッジ　ウェッジソール ヒール ストラップ ミドルヒール 2017 春夏 春新作 シューズ レディース シンプル カジュアル 夏 ストラップ 【今だけお試し 送料無料】[rn]
14-171548,http://tshop.r10s.jp/olulu/cabinet/05424793/ge6h.jpg?fitin=700:700,3824.0000,,靴 > レディース靴 > サンダル > ストラップ,ウェッジサンダル サンダル ウェッジ　ウェッジソール ヒール ストラップ ミドルヒール 2017 春夏 春新作 シューズ レディース シンプル カジュアル 夏 ストラップ 【今だけお試し 送料無料】,,"<p><img src=""http://image.rakuten.co.jp/olulu/cabinet/imgrc0067934985.jpg"" width=""100%""></p><p><img src=""http://image.rakuten.co.jp/olulu/cabinet/imgrc0067934822.jpg"" width=""300"" height=""123""></p>◇サイズ◇<br>34=22.0cm、35＝22.5cm、36＝23.0cm、37＝23.5cm、38＝24.0cm、39＝24.5cm<br>ヒール＝9cm<br>※サイズは平置きサイズとなりますので、計り方により誤差が出る場合があります<br>※通常より小さめに作られておりますので、サイズ表をご覧の上、１サイズ大きめをおすすめします。<br><br>◇カラー◇<br>ブラック、ホワイト、シルバー<br>※色合いはモニター環境により若干の誤差があります<br><br>◇素材◇<br>PU<br><br>※こちらはお取り寄せ商品です。ご注文後2～4週間で入荷発送の予定です。<br><br>※メーカー在庫切れや入荷時の検品にて不備があった場合などやむを得ない場合、メールにてキャンセルのご連絡をさせていただきます。",ウェッジサンダル サンダル ウェッジ　ウェッジソール ヒール ストラップ ミドルヒール 2017 春夏 春新作 シューズ レディース シンプル カジュアル 夏 ストラップ 【今だけお試し 送料無料】：パンプス＆サンダル＆バッグ OLULU,通信販売通販ショッピングオンラインショッピング買い物プレゼントギフト贈り物贈答品お中元お歳暮お買い得ウェッジサンダル サンダル ウェッジ　ウェッジソール ヒール ストラップ ミドルヒール 2017 春夏 春新作 シューズ レディース シンプル カジュアル 夏 ストラップ 【今だけお試し 送料無料】,これからの季節にマストなウェッジソールサンダル。。ウェッジサンダル サンダル ウェッジ　ウェッジソール ヒール ストラップ ミドルヒール 2017 春夏 春新作 シューズ レディース シンプル カジュアル 夏 ストラップ 【今だけお試し 送料無料】[rn]
14-171549,http://tshop.r10s.jp/olulu/cabinet/05424793/ge6k.jpg?fitin=700:700,3432.0000,,靴 > レディース靴 > サンダル > ストラップ,フォークロア サンダル フリンジ フォークロアサンダル ボヘミアン 民族調 ぺたんこ フラットサンダル ローヒール 2017 春夏 夏新作 カジュアル レディース ビーチサンダル スエード 【今だけお試し 送料無料】,,"<p><img src=""http://image.rakuten.co.jp/olulu/cabinet/imgrc0067934985.jpg"" width=""100%""></p><p><img src=""http://image.rakuten.co.jp/olulu/cabinet/imgrc0067934822.jpg"" width=""300"" height=""123""></p>◇サイズ◇<br>34=22.0cm、35＝22.5cm、36＝23.0cm、37＝23.5cm、38＝24.0cm、39＝24.5cm<br>※サイズは平置きサイズとなりますので、計り方により誤差が出る場合があります<br>※通常より小さめに作られておりますので、サイズ表をご覧の上、１サイズ大きめをおすすめします。<br><br>◇カラー◇<br>ブラック、ベージュ<br>※色合いはモニター環境により若干の誤差があります<br><br>◇素材◇<br>PU<br><br>※こちらはお取り寄せ商品です。ご注文後2～4週間で入荷発送の予定です。<br><br>※メーカー在庫切れや入荷時の検品にて不備があった場合などやむを得ない場合、メールにてキャンセルのご連絡をさせていただきます。",フォークロア サンダル フリンジ フォークロアサンダル ボヘミアン 民族調 ぺたんこ フラットサンダル ローヒール 2017 春夏 夏新作 カジュアル レディース ビーチサンダル スエード 【今だけお試し 送料無料】：パンプス＆サンダル＆バッグ OLULU,通信販売通販ショッピングオンラインショッピング買い物プレゼントギフト贈り物贈答品お中元お歳暮お買い得フォークロア サンダル フリンジ フォークロアサンダル ボヘミアン 民族調 ぺたんこ フラットサンダル ローヒール 2017 春夏 夏新作 カジュアル レディース ビーチサンダル スエード 【今だけお試し 送料無料】,インパクト抜群なディテールはコーデのポイントにおすすめ！。フォークロア サンダル フリンジ フォークロアサンダル ボヘミアン 民族調 ぺたんこ フラットサンダル ローヒール 2017 春夏 夏新作 カジュアル レディース ビーチサンダル スエード 【今だけお試し 送料無料】[rn]
14-171550,http://tshop.r10s.jp/olulu/cabinet/05424793/ge6l.jpg?fitin=700:700,3904.0000,,靴 > レディース靴 > サンダル > ストラップ,フォークロア サンダル フリンジ フォークロアサンダル ボヘミアン 民族調 ぺたんこ フラットサンダル ローヒール 2017 春夏 夏新作 カジュアル レディース ビーチサンダル スエード 【今だけお試し 送料無料】,,"<p><img src=""http://image.rakuten.co.jp/olulu/cabinet/imgrc0067934985.jpg"" width=""100%""></p><p><img src=""http://image.rakuten.co.jp/olulu/cabinet/imgrc0067934822.jpg"" width=""300"" height=""123""></p>◇サイズ◇<br>33＝21.5cm、34=22.0cm、35＝22.5cm、36＝23.0cm、37＝23.5cm、38＝24.0cm、39＝24.5cm、40＝25.0cm、41＝25.5cm、42＝26.0cm<br>※サイズは平置きサイズとなりますので、計り方により誤差が出る場合があります<br>※通常より小さめに作られておりますので、サイズ表をご覧の上、１サイズ大きめをおすすめします。<br><br>◇カラー◇<br>ブラック、グレー、ブラウン<br>※色合いはモニター環境により若干の誤差があります<br><br>◇素材◇<br>革<br><br>※こちらはお取り寄せ商品です。ご注文後2～4週間で入荷発送の予定です。<br><br>※メーカー在庫切れや入荷時の検品にて不備があった場合などやむを得ない場合、メールにてキャンセルのご連絡をさせていただきます。",フォークロア サンダル フリンジ フォークロアサンダル ボヘミアン 民族調 ぺたんこ フラットサンダル ローヒール 2017 春夏 夏新作 カジュアル レディース ビーチサンダル スエード 【今だけお試し 送料無料】：パンプス＆サンダル＆バッグ OLULU,通信販売通販ショッピングオンラインショッピング買い物プレゼントギフト贈り物贈答品お中元お歳暮お買い得フォークロア サンダル フリンジ フォークロアサンダル ボヘミアン 民族調 ぺたんこ フラットサンダル ローヒール 2017 春夏 夏新作 カジュアル レディース ビーチサンダル スエード 【今だけお試し 送料無料】,インパクト抜群なディテールはコーデのポイントにおすすめ！。フォークロア サンダル フリンジ フォークロアサンダル ボヘミアン 民族調 ぺたんこ フラットサンダル ローヒール 2017 春夏 夏新作 カジュアル レディース ビーチサンダル スエード 【今だけお試し 送料無料】[rn]
14-171551,http://tshop.r10s.jp/olulu/cabinet/05424793/ge6n.jpg?fitin=700:700,3504.0000,,靴 > レディース靴 > サンダル > ストラップ,フォークロア サンダル フリンジ フォークロアサンダル ボヘミアン 民族調 ぺたんこ フラットサンダル ローヒール 2017 春夏 夏新作 カジュアル レディース ビーチサンダル スエード 【今だけお試し 送料無料】,,"<p><img src=""http://image.rakuten.co.jp/olulu/cabinet/imgrc0067934985.jpg"" width=""100%""></p><p><img src=""http://image.rakuten.co.jp/olulu/cabinet/imgrc0067934822.jpg"" width=""300"" height=""123""></p>◇サイズ◇<br>34＝22.0cm、35＝22.5cm、36＝23.0cm、37＝23.5cm、38＝24.0cm、39＝24.5cm<br>※サイズは平置きサイズとなりますので、計り方により誤差が出る場合があります<br>※通常より小さめに作られておりますので、サイズ表をご覧の上、１サイズ大きめをおすすめします。<br><br>◇カラー◇<br>ベージュ、グレー<br>※色合いはモニター環境により若干の誤差があります<br><br>◇素材◇<br>合成皮革<br><br>※こちらはお取り寄せ商品です。ご注文後2～4週間で入荷発送の予定です。<br><br>※メーカー在庫切れや入荷時の検品にて不備があった場合などやむを得ない場合、メールにてキャンセルのご連絡をさせていただきます。",フォークロア サンダル フリンジ フォークロアサンダル ボヘミアン 民族調 ぺたんこ フラットサンダル ローヒール 2017 春夏 夏新作 カジュアル レディース ビーチサンダル スエード 【今だけお試し 送料無料】：パンプス＆サンダル＆バッグ OLULU,通信販売通販ショッピングオンラインショッピング買い物プレゼントギフト贈り物贈答品お中元お歳暮お買い得フォークロア サンダル フリンジ フォークロアサンダル ボヘミアン 民族調 ぺたんこ フラットサンダル ローヒール 2017 春夏 夏新作 カジュアル レディース ビーチサンダル スエード 【今だけお試し 送料無料】,インパクト抜群なディテールはコーデのポイントにおすすめ！。フォークロア サンダル フリンジ フォークロアサンダル ボヘミアン 民族調 ぺたんこ フラットサンダル ローヒール 2017 春夏 夏新作 カジュアル レディース ビーチサンダル スエード 【今だけお試し 送料無料】[rn]
14-171552,http://tshop.r10s.jp/olulu/cabinet/04311228/150313-19.jpg?fitin=700:700,1184.0000,,靴 > レディース靴 > サンダル > ストラップ,【送料無料】 メタリック ストラップ ミュール サンダル / レディース サンダル メンズ サンダル ヒール サンダル オフィス サンダル 歩きやすい サンダル ウェッジソール キッズ 女の子 厚底 革 靴 レディース靴 サンダル トング ビー,,"<img src=""http://image.rakuten.co.jp/olulu/cabinet/04311228/150313-19.jpg"" width=""100%"" />
<img src=""http://image.rakuten.co.jp/olulu/cabinet/04311228/150313-19_1.jpg"" width=""100%"" />
<img src=""http://image.rakuten.co.jp/olulu/cabinet/04311228/150313-19_5.jpg"" width=""100%"" />
<br><br>
◇カラー◇<br>ホワイト、ゴールド、シルバー<br>※色合いはモニター環境により若干の誤差があります<br><br>◇サイズ◇<br>35、36、37、38、39<br>ヒール：9cm<br><br>（参考サイズ）<br>【35】22.5cm<br>【36】23.0cm<br>【37】23.5cm<br>【38】24.0cm<br>【39】24.5cm<br><br>◇素材◇<br>PU",【送料無料】 メタリック ストラップ ミュール サンダル / レディース サンダル メンズ サンダル ヒール サンダル オフィス サンダル 歩きやすい サンダル ウェッジソール キッズ 女の子 厚底 革 靴 レディース靴 サンダル トング ビー：パンプス＆サンダル＆バッグ OLULU,通信販売通販ショッピングオンラインショッピング買い物プレゼントギフト贈り物贈答品お中元お歳暮お買い得【送料無料】 メタリック ストラップ ミュール サンダル / レディース サンダル メンズ サンダル ヒール サンダル オフィス サンダル 歩きやすい サンダル ウェッジソール キッズ 女の子 厚底 革 靴 レディース靴 サンダル トング ビー,レディース メンズ ヒール オフィス 歩きやすい ウェッジソール。【送料無料】 メタリック ストラップ ミュール サンダル / レディース サンダル メンズ サンダル ヒール サンダル オフィス サンダル 歩きやすい サンダル ウェッジソール キッズ 女の子 厚底 革 靴 レディース靴 サンダル トング ビー[rn]
14-171553,http://tshop.r10s.jp/i-love-baby/cabinet/item/item0020/m-2987.jpg?fitin=700:700,2376.0000,,靴 > レディース靴 > サンダル > ストラップ,ガイモ コンビカラー　バックルベルト　エスパドリーユ　サンダル gaimo espadrilles /ウェッジソール/オープントゥ/エスパドリュー/レディース/バックベルト/,,"<img src=""http://image.rakuten.co.jp/i-love-baby/cabinet/item/item0020/m-2987_4.jpg"" width=""100%""><br><img src=""http://image.rakuten.co.jp/i-love-baby/cabinet/item/item0020/m-2987_5.jpg"" width=""100%""><br><br><table width=""100%"" cellspacing=""0"" cellpadding=""5"" border=""1"" bordercolor=""#FFCCCC""><tr><td width=""20%"" align=""center""><font size=""2"">企画</font></td><td><font size=""2"">スペイン、生産国：スペイン</font></td></tr><tr><td width=""20%"" align=""center""><font size=""2"">サイズ</font></td><td><font size=""2"">ヒール：7.5cm<br>前厚：約2cm<br>幅：約8cm</font></td></tr><tr><td width=""20%"" align=""center""><font size=""2"">重量</font></td><td><font size=""2"">約700g</font></td></tr><tr><td width=""20%"" align=""center""><font size=""2"">材質</font></td><td><font size=""2"">ゴートスエード</font></td></tr><tr><td width=""20%"" align=""center""><font size=""2"">配送方法</font></td><td><font size=""2"">宅配便</font></td></tr><tr><td width=""20%"" align=""center""><font size=""2"">パッケージサイズ</font></td><td><font size=""2"">28.5×10×16.5cm、約710g</font></td></tr><tr><td width=""20%"" align=""center""><font size=""2"">備考</font></td><td><font size=""2"">★gaimoは、靴づくりの長い伝統をもつスペイン、アルネドで1978年にスタートしたシューズブランド<br>熟練の職人がひとつひとつハンドメイドするエスパドリーユは、デザイン性の高さと履き心地の良さに定評があり、世界中で愛され続けています。<br>エスパドリーユとは…麻で編んだソールを使用した靴。<br>・爪先がオープントゥで、カラーもオシャレなコンビカラーになっていて、踵もバックベルトのジュートサンダルでとっても履きやすいです。<br>・中敷きのクッションが効いているのでヒール高の割に足に負担が少ない一足。<br>※箱破損での交換は不可となっております。<br></font></td></tr></table><!--▼特集▼--><br><img src=""https://image.rakuten.co.jp/i-love-baby/cabinet/event/2017/2017season/bnr_mizugi2017_smp.jpg"" width=""100%""><br><!--▼お買物ガイド▼--><br><center><br><font color=""#FF0000""><b>※ご購入の前に必ずお読みください！</b></font></center><table bgcolor=""#CCCCCC"" border=""0"" cellpadding=""10"" cellspacing=""5"" width=""100%""><tr><td align=""center"" bgcolor=""#FFFFFF""><b>[GW期間中休業のお知らせ]</b><br><br><b>[お買い物ガイド]</b><br><font size=""1"">（在庫・配送・返品・キャンセルなどについて）</font><br><br>↓ラッピングご希望の方はこちら↓<br>ギフトラッピングをCHECK<br><font size=""1"">※決済画面でラッピングを指定してください。</font></td></tr></table><br><!--パンくず--><br><table width=""100%"" cellpadding=""5""><tr bgcolor=""#C98861""><td><b><font color=""#FFFFFF"" size=""2"">■関連商品をチェック</font></b></td></tr></table><br>商品種別 ＞ ファッション ＞ 靴・サンダル・ブーツ ＞ サンダル<br>ブランド ＞ G ＞ gaimo（ガイモ）<br><br><br>",ガイモ コンビカラー　バックルベルト　エスパドリーユ　サンダル gaimo espadrilles /ウェッジソール/オープントゥ/エスパドリュー/レディース/バックベルト/：アイラブベビー,通信販売通販ショッピングオンラインショッピング買い物プレゼントギフト贈り物贈答品お中元お歳暮お買い得出産祝い誕生祝い内祝いベビー赤ちゃん子供キッズこども輸入雑貨双子用品ガイモ コンビカラー　バックルベルト　エスパドリーユ　サンダル gaimo espadrilles /ウェッジソール/オープントゥ/エスパドリュー/レディース/バックベルト/,ウェッジソール/オープントゥ/エスパドリュー/バックベルト。ガイモ コンビカラー　バックルベルト　エスパドリーユ　サンダル gaimo espadrilles /ウェッジソール/オープントゥ/エスパドリュー/レディース/バックベルト/[rn]
14-171554,http://tshop.r10s.jp/i-love-baby/cabinet/item/item0020/m-2988.jpg?fitin=700:700,2073.6000,,靴 > レディース靴 > サンダル > ストラップ,ガイモ ストラップ付　ローヒールサンダル　エスパドリーユ /ウェッジソール/オープントゥ/エスパドリュー/レディース/ぺたんこ/ストラップ/ママ/ 【あす楽対応】,,"<img src=""http://image.rakuten.co.jp/i-love-baby/cabinet/item/item0020/m-2988_5.jpg"" width=""100%""><br><img src=""http://image.rakuten.co.jp/i-love-baby/cabinet/item/item0020/m-2988_6.jpg"" width=""100%""><br><br><table width=""100%"" cellspacing=""0"" cellpadding=""5"" border=""1"" bordercolor=""#FFCCCC""><tr><td width=""20%"" align=""center""><font size=""2"">企画</font></td><td><font size=""2"">スペイン、生産国：スペイン</font></td></tr><tr><td width=""20%"" align=""center""><font size=""2"">サイズ</font></td><td><font size=""2"">ヒール：約2.5cm<br>幅：約8.5cm</font></td></tr><tr><td width=""20%"" align=""center""><font size=""2"">重量</font></td><td><font size=""2"">約350g</font></td></tr><tr><td width=""20%"" align=""center""><font size=""2"">材質</font></td><td><font size=""2"">合成繊維</font></td></tr><tr><td width=""20%"" align=""center""><font size=""2"">配送方法</font></td><td><font size=""2"">宅配便</font></td></tr><tr><td width=""20%"" align=""center""><font size=""2"">パッケージサイズ</font></td><td><font size=""2"">28.5×10×13cm、約500g</font></td></tr><tr><td width=""20%"" align=""center""><font size=""2"">備考</font></td><td><font size=""2"">★gaimoは、靴づくりの長い伝統をもつスペイン、アルネドで1978年にスタートしたシューズブランド<br>熟練の職人がひとつひとつハンドメイドするエスパドリーユは、デザイン性の高さと履き心地の良さに定評があり、世界中で愛され続けています。<br>エスパドリーユとは…麻で編んだソールを使用した靴。<br>・シンプルなデザインでコーディネートしやすいストラップサンダル。<br>・キャンバス素材を使用したリゾート感のあるデザイン。<br>・ヒールも低めなのでママも履きやすく、普段ヒール靴を履かない方にもおススメ！<br>・中敷もクッションが効いており、履き心地バツグンです！<br>※箱破損での交換は不可となっております。<br></font></td></tr></table><!--▼特集▼--><br><img src=""https://image.rakuten.co.jp/i-love-baby/cabinet/event/2017/2017season/bnr_mizugi2017_smp.jpg"" width=""100%""><br><!--▼お買物ガイド▼--><br><center><br><font color=""#FF0000""><b>※ご購入の前に必ずお読みください！</b></font></center><table bgcolor=""#CCCCCC"" border=""0"" cellpadding=""10"" cellspacing=""5"" width=""100%""><tr><td align=""center"" bgcolor=""#FFFFFF""><b>[GW期間中休業のお知らせ]</b><br><br><b>[お買い物ガイド]</b><br><font size=""1"">（在庫・配送・返品・キャンセルなどについて）</font><br><br>↓ラッピングご希望の方はこちら↓<br>ギフトラッピングをCHECK<br><font size=""1"">※決済画面でラッピングを指定してください。</font></td></tr></table><br><!--パンくず--><br><table width=""100%"" cellpadding=""5""><tr bgcolor=""#C98861""><td><b><font color=""#FFFFFF"" size=""2"">■関連商品をチェック</font></b></td></tr></table><br>商品種別 ＞ ファッション ＞ 靴・サンダル・ブーツ ＞ サンダル<br>ブランド ＞ G ＞ gaimo（ガイモ）<br><br><br>",ガイモ ストラップ付　ローヒールサンダル　エスパドリーユ /ウェッジソール/オープントゥ/エスパドリュー/レディース/ぺたんこ/ストラップ/ママ/ 【あす楽対応】：アイラブベビー,通信販売通販ショッピングオンラインショッピング買い物プレゼントギフト贈り物贈答品お中元お歳暮お買い得出産祝い誕生祝い内祝いベビー赤ちゃん子供キッズこども輸入雑貨双子用品ガイモ ストラップ付　ローヒールサンダル　エスパドリーユ /ウェッジソール/オープントゥ/エスパドリュー/レディース/ぺたんこ/ストラップ/ママ/ 【あす楽対応】,ウェッジソール/オープントゥ/エスパドリュー/ストラップ。ガイモ ストラップ付　ローヒールサンダル　エスパドリーユ /ウェッジソール/オープントゥ/エスパドリュー/レディース/ぺたんこ/ストラップ/ママ/ 【あす楽対応】[rn]
14-171555,http://tshop.r10s.jp/i-love-baby/cabinet/item/item0020/m-2989.jpg?fitin=700:700,6480.0000,,靴 > レディース靴 > サンダル > ストラップ,【送料無料】 ガイモ バイカラー　バックバンド　レザーサンダル　エスパドリーユ /ウェッジソール/オープントゥ/エスパドリュー/レディース/牛革/バックストラップ/バイカラー/,,"<img src=""http://image.rakuten.co.jp/i-love-baby/cabinet/item/item0020/m-2989_5.jpg"" width=""100%""><br><img src=""http://image.rakuten.co.jp/i-love-baby/cabinet/item/item0020/m-2989_6.jpg"" width=""100%""><br><br><table width=""100%"" cellspacing=""0"" cellpadding=""5"" border=""1"" bordercolor=""#FFCCCC""><tr><td width=""20%"" align=""center""><font size=""2"">企画</font></td><td><font size=""2"">スペイン、生産国：スペイン</font></td></tr><tr><td width=""20%"" align=""center""><font size=""2"">サイズ</font></td><td><font size=""2"">ヒール：約8.5cm<br>前厚：約2cm<br>幅：約8cm</font></td></tr><tr><td width=""20%"" align=""center""><font size=""2"">重量</font></td><td><font size=""2"">約510g</font></td></tr><tr><td width=""20%"" align=""center""><font size=""2"">材質</font></td><td><font size=""2"">牛革</font></td></tr><tr><td width=""20%"" align=""center""><font size=""2"">配送方法</font></td><td><font size=""2"">宅配便</font></td></tr><tr><td width=""20%"" align=""center""><font size=""2"">パッケージサイズ</font></td><td><font size=""2"">28.5×10×16.5cm、約710g</font></td></tr><tr><td width=""20%"" align=""center""><font size=""2"">備考</font></td><td><font size=""2"">★gaimoは、靴づくりの長い伝統をもつスペイン、アルネドで1978年にスタートしたシューズブランド<br>熟練の職人がひとつひとつハンドメイドするエスパドリーユは、デザイン性の高さと履き心地の良さに定評があり、世界中で愛され続けています。<br>エスパドリーユとは…麻で編んだソールを使用した靴。<br>・バックストラップをバイカラーで切り替えた大人気サンダル。<br>・ナチュラル感のある色使いも魅力的<br>・程よく抜け感を加えたユニークなカッティングも注目してほしいポイント。<br>・また、履きこむほどに味わいが増していくので、ヴィンテージ感を楽しんでいただける一品<br>※箱破損での交換は不可となっております。<br></font></td></tr></table><!--▼特集▼--><br><img src=""https://image.rakuten.co.jp/i-love-baby/cabinet/event/2017/2017season/bnr_mizugi2017_smp.jpg"" width=""100%""><br><!--▼お買物ガイド▼--><br><center><br><font color=""#FF0000""><b>※ご購入の前に必ずお読みください！</b></font></center><table bgcolor=""#CCCCCC"" border=""0"" cellpadding=""10"" cellspacing=""5"" width=""100%""><tr><td align=""center"" bgcolor=""#FFFFFF""><b>[GW期間中休業のお知らせ]</b><br><br><b>[お買い物ガイド]</b><br><font size=""1"">（在庫・配送・返品・キャンセルなどについて）</font><br><br>↓ラッピングご希望の方はこちら↓<br>ギフトラッピングをCHECK<br><font size=""1"">※決済画面でラッピングを指定してください。</font></td></tr></table><br><!--パンくず--><br><table width=""100%"" cellpadding=""5""><tr bgcolor=""#C98861""><td><b><font color=""#FFFFFF"" size=""2"">■関連商品をチェック</font></b></td></tr></table><br>商品種別 ＞ ファッション ＞ 靴・サンダル・ブーツ ＞ サンダル<br>ブランド ＞ G ＞ gaimo（ガイモ）<br><br><br>",【送料無料】 ガイモ バイカラー　バックバンド　レザーサンダル　エスパドリーユ /ウェッジソール/オープントゥ/エスパドリュー/レディース/牛革/バックストラップ/バイカラー/：アイラブベビー,通信販売通販ショッピングオンラインショッピング買い物プレゼントギフト贈り物贈答品お中元お歳暮お買い得出産祝い誕生祝い内祝いベビー赤ちゃん子供キッズこども輸入雑貨双子用品【送料無料】 ガイモ バイカラー　バックバンド　レザーサンダル　エスパドリーユ /ウェッジソール/オープントゥ/エスパドリュー/レディース/牛革/バックストラップ/バイカラー/,ウェッジソール/オープントゥ/エスパドリュー/バックストラップ。【送料無料】 ガイモ バイカラー　バックバンド　レザーサンダル　エスパドリーユ /ウェッジソール/オープントゥ/エスパドリュー/レディース/牛革/バックストラップ/バイカラー/[rn]
14-171556,http://tshop.r10s.jp/kenkoex/cabinet/1173/1173-skechers-blms_1.jpg?fitin=700:700,4400.0000,,靴 > レディース靴 > サンダル > ストラップ,【送料無料】SKECHERS スケッチャーズ Breeze Low Moon&Stars レディース サンダル 2016SU,,【送料無料】SKECHERS スケッチャーズ Breeze Low Moon&Stars レディース サンダル 2016SU★,【送料無料】SKECHERS スケッチャーズ Breeze Low Moon&amp;Stars レディース サンダル 2016SU：健康エクスプレス,通信販売通販ショッピングオンラインショッピング買い物プレゼントギフト贈り物贈答品お中元お歳暮お買い得アガリクス仙生露メシマコブ花びらたけAHCCアロエ松寿仙コエンザイム健康エクスプレスCPLRoCもずくフコイダンレンチン万田酵素プロポリスシーフコイダンウコン黒酢ルミンA【送料無料】SKECHERS スケッチャーズ Breeze Low Moon&amp;Stars レディース サンダル 2016SU,低反発クッション採用でサンダルなのに歩きやすい！。【送料無料】SKECHERS スケッチャーズ Breeze Low Moon&amp;Stars レディース サンダル 2016SU[rn]
14-171557,http://tshop.r10s.jp/rakuten24/cabinet/e4295/e429509h_l.jpg?fitin=700:700,4051.2000,,靴 > レディース靴 > サンダル > ストラップ,アーチサポートライト21 ブラック Sサイズ(22.0-22.5cm)【楽天24】【あす楽対応】[プラスコンフォート ナースシューズ・サンダル],,"<p>送料無料/アーチサポートライト21 ブラック Sサイズ(22.0-22.5cm)<br>楽天24＞衛生医療＞看護・医療用品＞ナースグッズ＞ナースシューズ・サンダル＞<br>ブランド：プラスコンフォート/製造販売元：プラスコンフォート</p>  カラー：ブラック サイズ：Sサイズ(22.0-22.5cm)<br>原産国：中国<br><br><hr size=""1"" color=""#e0e0e0"" noshade><br><b>商品説明</b><br>「アーチサポートライト21 ブラック Sサイズ(22.0-22.5cm)」は、従来品より軽くなって履きやすさアップ、足指が隠れて全体的なデザイン性もアップしたサンダルです。フィット感の良い幅広甲ベルトを採用。外反母趾・疲れ・むくみに適しています。お仕事・旅行・お買い物などに。ヒール高4.5cm。ワイズ：3E。<br><b>品質表示</b><br>アッパー/ポリエステル、ウレタン<br>インソール、アウトソール/ウレタン、ゴム<br><b>原産国</b><br>中国<br><b>お問い合わせ先</b><br>株式会社 プラスコンフォート<br>TEL 0120-968-943(月-金9：00-16：00 土、日、祝日は除く)<br>JANコード：　4582200262014<br><hr size=""1"" color=""#e0e0e0"" noshade>広告文責：ケンコーコム株式会社<br>TEL:050-5577-5043<hr size=""1"" color=""#e0e0e0"" noshade><font color =""red"">※パッケージデザイン等は予告なく変更されることがあります。</font>",アーチサポートライト21 ブラック Sサイズ(22.0-22.5cm)【楽天24】【あす楽対応】[プラスコンフォート ナースシューズ・サンダル]：楽天24,通信販売通販ショッピングオンラインショッピング買い物プレゼントギフト贈り物贈答品お中元お歳暮お買い得楽天24クリスタルガイザーミネラルウォーターリアップリアップx5ダウニーコンドームペリエサーモスコントレックス日焼け止めココナッツオイルえごまこめ油サンペレグリノ扇風機クリスタルガイザー 500ml 48本緑の魔女甘酒アーチサポートライト21 ブラック Sサイズ(22.0-22.5cm)【楽天24】【あす楽対応】[プラスコンフォート ナースシューズ・サンダル],プラスコンフォート/送料無料。アーチサポートライト21 ブラック Sサイズ(22.0-22.5cm)【楽天24】【あす楽対応】[プラスコンフォート ナースシューズ・サンダル][rn]
14-171558,http://tshop.r10s.jp/rakuten24/cabinet/e4295/e429511h_l.jpg?fitin=700:700,4051.2000,,靴 > レディース靴 > サンダル > ストラップ,アーチサポートライト21 ブラック Lサイズ(24.0-24.5cm)【楽天24】[プラスコンフォート ナースシューズ・サンダル],,"<p>送料無料/アーチサポートライト21 ブラック Lサイズ(24.0-24.5cm)<br>楽天24＞衛生医療＞看護・医療用品＞ナースグッズ＞ナースシューズ・サンダル＞<br>ブランド：プラスコンフォート/製造販売元：プラスコンフォート</p>  カラー：ブラック サイズ：Lサイズ(24.0-24.5cm)<br>原産国：中国<br><br><hr size=""1"" color=""#e0e0e0"" noshade><br><b>商品説明</b><br>「アーチサポートライト21 ブラック Lサイズ(24.0-24.5cm)」は、従来品より軽くなって履きやすさアップ、足指が隠れて全体的なデザイン性もアップしたサンダルです。フィット感の良い幅広甲ベルトを採用。外反母趾・疲れ・むくみに適しています。お仕事・旅行・お買い物などに。ヒール高4.5cm。ワイズ：3E。<br><b>品質表示</b><br>アッパー/ポリエステル、ウレタン<br>インソール、アウトソール/ウレタン、ゴム<br><b>原産国</b><br>中国<br><b>お問い合わせ先</b><br>株式会社 プラスコンフォート<br>TEL 0120-968-943(月-金9：00-16：00 土、日、祝日は除く)<br>JANコード：　4582200262038<br><hr size=""1"" color=""#e0e0e0"" noshade>広告文責：ケンコーコム株式会社<br>TEL:050-5577-5043<hr size=""1"" color=""#e0e0e0"" noshade><font color =""red"">※パッケージデザイン等は予告なく変更されることがあります。</font>",アーチサポートライト21 ブラック Lサイズ(24.0-24.5cm)【楽天24】[プラスコンフォート ナースシューズ・サンダル]：楽天24,通信販売通販ショッピングオンラインショッピング買い物プレゼントギフト贈り物贈答品お中元お歳暮お買い得楽天24クリスタルガイザーミネラルウォーターリアップリアップx5ダウニーコンドームペリエサーモスコントレックス日焼け止めココナッツオイルえごまこめ油サンペレグリノ扇風機クリスタルガイザー 500ml 48本緑の魔女甘酒アーチサポートライト21 ブラック Lサイズ(24.0-24.5cm)【楽天24】[プラスコンフォート ナースシューズ・サンダル],プラスコンフォート/送料無料。アーチサポートライト21 ブラック Lサイズ(24.0-24.5cm)【楽天24】[プラスコンフォート ナースシューズ・サンダル][rn]
14-171559,http://tshop.r10s.jp/wide/cabinet/fashion8/4498.jpg?fitin=700:700,4233.6000,,靴 > レディース靴 > サンダル > ストラップ,【送料無料】オフィスサンダル ナースサンダル ナースシューズ サンダル パーフェクトナースシューズ オフィス 疲れにくい 健康サンダル バックストラップ 外反母趾 レディース 美脚 おしゃれ ナース ナースグッズ ヒール 厚底  母の日 ギフト プレゼント 立ち仕事 靴,,"<center><b><font color=""#333333"" size=""3"">パーフェクトナースシューズ<br>ナースサンダル　PN200</font></b><br><img src=""http://image.rakuten.co.jp/wide/cabinet/pn0003/nurse-00-01.jpg"" width=""100%""><br><img src=""http://image.rakuten.co.jp/wide/cabinet/pn0003/pn200.jpg"" width=""100%""><br>  <br>  <img src=""http://image.rakuten.co.jp/wide/cabinet/pn0003/nurse-00-04.jpg"" width=""100%""><br></center><b><font size=""4"">＞＞より詳しい説明や画像はこちらをクリック＜＜</font></b><br><br>様々な足の形にフィットする、ちょっと太めのクロスバンドにしました。バンド上のダブルステッチは、ワンポイントのアクセントになるだけではなく、アッパー素材の変形を防ぎます。バックルベルトはホック式で着脱簡単！ <br><br><font color=""#0000FF"">1.SEKマーク赤ラベル取得高機能裏地 「ユニチカ・バイオライナー」<br>2.「汚れない・蒸れない・柔らかい」3台条件をすべて満たしました<br>3.疲れないための工夫が随所に！まるで空気を履いているよう！<br>4.疲れを和らげるエアクッション<br>5.ソフトで堅牢な「カリフォルニア・プラット製法」<br></font><br><br>■サイズ：<br><b>SS:</b>21.0～21.5cm<br><b>S:</b>22.0～22.5cm<br><b>M:</b>23.0～23.5cm<br><b>L:</b>24.0～24.5cm<br><b>LL:</b>25.0～25.5cm<br><br><b><font size=""4"">＞＞より詳しい説明や画像はこちらをクリック＜＜</font></b>


<center><br>

<!--リンクテーブル開始-->
<br><img src=""http://image.rakuten.co.jp/wide/cabinet/pn0003/pn200.jpg"" width=""100%""><br>
<table width=""100%"" border=""0"" cellspacing=""5"" cellpadding=""8"" align=""center"" bgcolor=""#DCF8F9""><tr><td><font color=""#333333"" size=""3"">↑様々な足の形にフィットする、ちょっと太めのクロスバンドにしました。バンド上のダブルステッチは、ワンポイントのアクセントになるだけではなく、アッパー素材の変形を防ぎます。バックルベルトはホック式で着脱簡単！</font><br>          </td></tr></table><br>
<!--リンクテーブル終了-->

<hr>
<font size=""6"" color=""#333333"">こちらのシリーズも<br>人気です</font><br>
<hr>
<font color=""#333333"" size=""5""><b>パーフェクトナース サンダルシリーズ</b></font><br>
<img src=""http://image.rakuten.co.jp/wide/cabinet/pn0003/nurse-txt01.gif"" width=""100%""><br><img src=""http://image.rakuten.co.jp/wide/cabinet/pn0003/pn100.jpg"" width=""100%""><br><img src=""http://image.rakuten.co.jp/wide/cabinet/pn60000-7/ko-nyu.jpg"" border=""0"" width=""100%""><br><br><table width=""100%"" border=""0"" cellspacing=""5"" cellpadding=""8"" align=""center"" bgcolor=""#DCF8F9""><tr><td><font color=""#333333"" size=""3"">↑甲ベルトをマジックテープで調節可能とし、ホック付きのバックベルトもバックルで調節できますので、お好みのフィット感が得られます。調節部には可愛いハートマークを設け、さりげなくおしゃれが楽しめます。 </font><br>          </td></tr></table>

</center>


<br><br>    <font size=""4"">◆パーフェクトナースシューズ一覧 </font>",【送料無料】オフィスサンダル ナースサンダル ナースシューズ サンダル パーフェクトナースシューズ オフィス 疲れにくい 健康サンダル バックストラップ 外反母趾 レディース 美脚 おしゃれ ナース ナースグッズ ヒール 厚底  母の日 ギフト プレゼント 立ち仕事 靴：いつもショップ,通信販売通販ショッピングオンラインショッピング買い物プレゼントギフト贈り物贈答品お中元お歳暮お買い得ヘアアイロンストレートアイロンアゲツヤ ヘアアイロンヘアアイロン ストレートストレートアイロン口コミ使い方通販ヘアーアイロン真空パックンアゲツヤアイロン電動歯ブラシ音波歯ブラシ真空ぱっくん真空パック　家庭用真空パックん財布メンズメンズ財布暮らしの幸便【送料無料】オフィスサンダル ナースサンダル ナースシューズ サンダル パーフェクトナースシューズ オフィス 疲れにくい 健康サンダル バックストラップ 外反母趾 レディース 美脚 おしゃれ ナース ナースグッズ ヒール 厚底  母の日 ギフト プレゼント 立ち仕事 靴,【送料無料】オフィスサンダル/ナースサンダル/ナースシューズ。【送料無料】オフィスサンダル ナースサンダル ナースシューズ サンダル パーフェクトナースシューズ オフィス 疲れにくい 健康サンダル バックストラップ 外反母趾 レディース 美脚 おしゃれ ナース ナースグッズ ヒール 厚底  母の日 ギフト プレゼント 立ち仕事 靴[rn]
14-171560,http://tshop.r10s.jp/wide/cabinet/fashion3/4497.jpg?fitin=700:700,4233.6000,,靴 > レディース靴 > サンダル > ストラップ,【送料無料】 オフィスサンダル ナースサンダル オフィス サンダル ナースシューズ パーフェクトナースシューズ オフィス ナースサンダル 外反母趾 巻き爪 健康サンダル バックストラップ ナース レディース 美脚 おしゃれ 母の日 ギフト プレゼント 立ち仕事 靴,,"<center><br>
<img src=""http://www.rakuten.ne.jp/gold/wide/sp/4497-spp_01.jpg"" alt=""パーフェクトナースシューズ PN100"" width=""100%""><br>
<img src=""http://image.rakuten.co.jp/wide/cabinet/pn9000-5/4497-00-09.jpg"" alt=""パーフェクトナースシューズ PN100"" width=""100%""><br>
<img src=""http://image.rakuten.co.jp/wide/cabinet/pn9000-5/4497-00-10.jpg"" alt=""パーフェクトナースシューズ PN100"" width=""100%""><br>
<img src=""http://image.rakuten.co.jp/wide/cabinet/pn9000-5/4497-00-11.jpg"" alt=""パーフェクトナースシューズ PN100"" width=""100%""><br>
<img src=""http://www.rakuten.ne.jp/gold/wide/sp/4497-spp_02.jpg"" alt=""パーフェクトナースシューズ PN100"" alt="" width=""300"" width=""100%"">
<br>
<!--仕様開始-->
<table width=""100%"" border=""0"" cellpadding=""5"" cellspacing=""1"" bgcolor=""#333333"" align=""center"">
<tr bgcolor=""#FFFFFF"">
<td colspan=""2"" bgcolor=""#CCCCCC"" align=""center""><font color=""#333333"" size=""2""><b>パーフェクトナースサンダル オフィスサンダル PN100</b></font></td>
</tr>
<tr>
<td width=""100"" bgcolor=""#eeeeee""><font color=""#333333"" size=""2"">カラー</font></td>
<td width=""600"" bgcolor=""#FFFFFF""><font color=""#333333"" size=""2"">ホワイト、ブルー、ピンク、ブラック</font></td>
</tr>
<tr>
<td width=""100"" bgcolor=""#eeeeee""><font color=""#333333"" size=""2"">サイズ（ワイズ3E）</font></td>
<td width=""600"" bgcolor=""#FFFFFF""><font color=""#333333"" size=""3"">SS：21.0～21.5cm<br>S：22.0～22.5cm<br>M：23.0～23.5cm<br>L：24.0～24.5cm<br>LL:25.0～25.5cm</font></td>
</tr>
<tr>
<td width=""100"" bgcolor=""#eeeeee""><font color=""#333333"" size=""2"">重量</font></td>
<td width=""600"" bgcolor=""#FFFFFF""><font color=""#333333"" size=""2"">約250g（片足）</font></td>
</tr>
<tr>
<td width=""100"" bgcolor=""#eeeeee""><font color=""#333333"" size=""2"">材質</font></td>
<td width=""600"" bgcolor=""#FFFFFF""><font color=""#333333"" size=""2"">甲材：合成皮革、底材：ウレタン・合成ゴム</font></td>
</tr>
<tr>
<td width=""100"" bgcolor=""#eeeeee""><font color=""#333333"" size=""2"">ヒール高</font></td>
<td width=""600"" bgcolor=""#FFFFFF""><font color=""#333333"" size=""2"">約4.5cm</font></td>
</tr>
<tr>
<td width=""100"" bgcolor=""#eeeeee""><font color=""#333333"" size=""2"">生産国</font></td>
<td width=""600"" bgcolor=""#FFFFFF""><font color=""#333333"" size=""2"">中国</font></td>
</tr>
<tr>
<td width=""100"" bgcolor=""#eeeeee""><font color=""#333333"" size=""2"">型番</font></td>
<td width=""600"" bgcolor=""#FFFFFF""><font color=""#333333"" size=""2"">PN100</font></td>
</tr>
<tr>
<td colspan=""2"" bgcolor=""#FFFFFF""><font color=""#FF0000"" size=""2"">※お使いのパソコンのモニターの発色の具合によって実際の商品と色が若干異なる場合が御座います。</font></td>
</tr>
</table>
<!--仕様終了-->

<br><br>

<!--リンクテーブル開始-->
<font color=""#333333"" size=""5""><b>パーフェクトナース サンダルシリーズ</b></font><br>
<img src=""http://image.rakuten.co.jp/wide/cabinet/pn0003/nurse-txt01.gif"" width=""100%""><br><img src=""http://image.rakuten.co.jp/wide/cabinet/pn0003/pn100.jpg"" width=""100%""><br><br><table width=""100%"" border=""0"" cellspacing=""5"" cellpadding=""8"" align=""center"" bgcolor=""#DCF8F9""><tr><td><font color=""#333333"" size=""3"">↑甲ベルトをマジックテープで調節可能とし、ホック付きのバックベルトもバックルで調節できますので、お好みのフィット感が得られます。調節部には可愛いハートマークを設け、さりげなくおしゃれが楽しめます。 </font><br>          </td></tr></table>
<br><br><br>
<hr>
<font size=""6"" color=""#333333"">こちらのシリーズも<br>人気です</font><br>
<hr>
<br><img src=""http://image.rakuten.co.jp/wide/cabinet/pn0003/pn200.jpg"" width=""100%""><br><img src=""http://image.rakuten.co.jp/wide/cabinet/pn60000-7/ko-nyu.jpg"" border=""0"" width=""100%""><br><br>
<table width=""100%"" border=""0"" cellspacing=""5"" cellpadding=""8"" align=""center"" bgcolor=""#DCF8F9""><tr><td><font color=""#333333"" size=""3"">↑様々な足の形にフィットする、ちょっと太めのクロスバンドにしました。バンド上のダブルステッチは、ワンポイントのアクセントになるだけではなく、アッパー素材の変形を防ぎます。バックルベルトはホック式で着脱簡単！</font><br>          </td></tr></table><br>
<!--リンクテーブル終了-->
</center>


<br><br>    <font size=""4"">◆パーフェクトナースシューズ一覧 </font>",【送料無料】 オフィスサンダル ナースサンダル オフィス サンダル ナースシューズ パーフェクトナースシューズ オフィス ナースサンダル 外反母趾 巻き爪 健康サンダル バックストラップ ナース レディース 美脚 おしゃれ 母の日 ギフト プレゼント 立ち仕事 靴：いつもショップ,通信販売通販ショッピングオンラインショッピング買い物プレゼントギフト贈り物贈答品お中元お歳暮お買い得ヘアアイロンストレートアイロンアゲツヤ ヘアアイロンヘアアイロン ストレートストレートアイロン口コミ使い方通販ヘアーアイロン真空パックンアゲツヤアイロン電動歯ブラシ音波歯ブラシ真空ぱっくん真空パック　家庭用真空パックん財布メンズメンズ財布暮らしの幸便【送料無料】 オフィスサンダル ナースサンダル オフィス サンダル ナースシューズ パーフェクトナースシューズ オフィス ナースサンダル 外反母趾 巻き爪 健康サンダル バックストラップ ナース レディース 美脚 おしゃれ 母の日 ギフト プレゼント 立ち仕事 靴,オフィスサンダル/ナースサンダル/ナースシューズ。【送料無料】 オフィスサンダル ナースサンダル オフィス サンダル ナースシューズ パーフェクトナースシューズ オフィス ナースサンダル 外反母趾 巻き爪 健康サンダル バックストラップ ナース レディース 美脚 おしゃれ 母の日 ギフト プレゼント 立ち仕事 靴[rn]
14-171561,http://tshop.r10s.jp/outletshoes/cabinet/aa0sd2/aa0sd-c22555_m4.jpg?fitin=700:700,2152.0000,,靴 > レディース靴 > サンダル > ストラップ,【ポイント10倍！4/28 9:59マデ】送料無料▼ローウエッジ ストラップ サンダル≪宅配便のみ≫ウエッジソール レディース 歩きやすい a|靴 ローヒール ウェッジ ウェッジソール ストラップサンダル 大きいサイズ レディースサンダル ウェッジサンダル フラットシューズ,,"<img src=http://image.rakuten.co.jp/outletshoes/cabinet/event/980_170323.jpg width=98%><br><br><center>
  <font size=3>シリーズ累計</font><font color=#F25793 size=6>56,139</font><font size=5 color=#F25793>足</font><font size=3>突破！！</font><br>
<font size=3>楽天ランキング１位</font></center><br>
  
  

<img src=http://image.rakuten.co.jp/outletshoes/cabinet/aa0sd/aa0sd-c22555-rank1.jpg width=100%>
<br><br><br>


<img src=http://www.rakuten.ne.jp/gold/outletshoes/sm-images/aa0sd2/aa0sd-c22555-sm.jpg width=100%>
<br>＞＞画像を拡大する
<br><br><br>


<img src=http://image.rakuten.co.jp/outletshoes/cabinet/aa0sd/22555-spt-sm4.jpg width=100%>
<br>＞＞画像を拡大する
<br><br><br>



＞＞ITEM SPEC を拡大表示<br><br>
＞＞スタッフ試着感想はコチラ<br><br>

＞＞サイズの測り方について<br><br><br>

<table width=100% cellpadding=13><tr><td align=""center"" bgcolor=""#e6e6fa""><b><font size=""3"" color=""#696969"">詳しい情報を PCページで<br>ご覧になられたい方は<br>▼▼▼</font><font size=""5""><br>PCページヘ</font></b><br><font size=""2"" color=""#696969"">※インターネット環境により<br>PCページが表示されるまでに<br>時間がかかる場合がございます。</font></td></tr></table><br><br>

<font size=1 color=#D6D6D6>▼アイテム キーワード<br>
サンダル ウエッジソール ヒール 歩きやすい インポートシューズ アウトレットシューズ menue メヌエ ストラップ 長さ調節 ウェッジ ローヒール ブラック ブラウン キャメル グレーベージュ ライトグレー マスタード パープル レッド  2015春夏新作 春夏 春 夏<br>
【22.0センチサイズ】 【22cm】 【22.5センチサイズ】 【22.5cm】 【23.0センチサイズ】 【23cm】 【23.5センチサイズ】 【23.5cm】 【24.0センチサイズ】 【24cm】 【24.5センチサイズ】 【24.5cm】 【25.0センチサイズ】 【25cm】 【25.5センチサイズ】 【25.5cm】 【26.0センチサイズ】 【26cm】</font><br>
<br><br>


<table width=100% cellpadding=5 bgcolor=#D6D6D6><tr><td><font color=#333333><b>カラー</b></font></td></tr></table>
<br>
ブラック,ブラウン,キャメル,グレーベージュ,ライトグレー,マスタード,パープル,パイソン,レッド<br><hr>
⇒同シリーズのスエード調素材タイプはコチラ<br><br><br>

<br>
<table width=100% bgcolor=#333 cellpadding=8 cellspacing=""1""><tr bgcolor=#FFF><td><font color=#F07><b>サイズ交換片道送料無料！<br></b></font><font size=1 color=#333>（初回のみ。返品交換不可商品は除く）</font><br>≫詳しくはこちら</td></tr></table><br>
<table width=100% bgcolor=#333 cellpadding=8 cellspacing=1><tr bgcolor=#FFF><td><font color=#F07><b>何かお困りですか？</b></font>≫お買い物ガイドへ</td></tr></table><br>
<table width=100% bgcolor=#333 cellpadding=8 cellspacing=1><tr bgcolor=#FFF><td>まとめ買い特典<br>商品代金商品代金5,400円以上購入で<font color=#F07><b>送料無料！</b></font></td></tr></table><br>

◆OUTLETSHOES NEWS<br>
┣同梱にオススメ！送料無料アイテム<br>
┣今！みんなが買っている商品はコレ！<br>
┣3人に1人は買っている！フットカバー<br>
┗見なきゃ損？！毎日開催中！イベント一覧<br><br><font color=""#B40018""><b>新作・人気商品の再販<br>
メルマガ限定クーポン</b></font><br>
お得な情報をイチ早くお届け！<br>
＞メルマガ購読はコチラ<br><br>
<hr>
≫ご購入を検討中のお客様へ<br>

<!--URL引き継ぎ用バナー-->
<br><table align=center bgcolor=#F25A95 width=100%><tr>
<td align=center><br>
<font color=#FFFFFF>
この商品はリニューアルしました！<br>

<font color=#FFFFFF>＞＞サイズ・カラーが売切れの場合はコチラ＜＜</font>
</font><br><br>
</td></tr></table><br>

<br><iframe 　　　　　　　　　　　　　　　　　　="""" src=""http://www.rakuten.ne.jp/gold/outletshoes/sp/rms/sandal_recommend.html"" scrolling=""no""  frameborder=""0"" class=""recommend"" width=""100%"" height=""340""></iframe  　><br>",【ポイント10倍！4/28 9:59マデ】送料無料▼ローウエッジ ストラップ サンダル≪宅配便のみ≫ウエッジソール レディース 歩きやすい a|靴 ローヒール ウェッジ ウェッジソール ストラップサンダル 大きいサイズ レディースサンダル ウェッジサンダル フラットシューズ：アウトレットシューズ outletshoes,通信販売通販ショッピングオンラインショッピング買い物プレゼントギフト贈り物贈答品お中元お歳暮お買い得靴パンプスエスパドリーユサンダル大きいサイズ大きい靴小さいサイズストラップバレエシューズ痛くない26cmローヒールウエッジソール27cmキッズ21cmレディース21.5cmフラットシューズアウトレットシューズ【ポイント10倍！4/28 9:59マデ】送料無料▼ローウエッジ ストラップ サンダル≪宅配便のみ≫ウエッジソール レディース 歩きやすい a|靴 ローヒール ウェッジ ウェッジソール ストラップサンダル 大きいサイズ レディースサンダル ウェッジサンダル フラットシューズ,楽天総合女性1位★リアルタイム(6/2) 46248足突破！。【ポイント10倍！4/28 9:59マデ】送料無料▼ローウエッジ ストラップ サンダル≪宅配便のみ≫ウエッジソール レディース 歩きやすい a|靴 ローヒール ウェッジ ウェッジソール ストラップサンダル 大きいサイズ レディースサンダル ウェッジサンダル フラットシューズ[rn]
14-171562,http://tshop.r10s.jp/outletshoes/cabinet/jv0sd/jv0sd-8517_t0n.jpg?fitin=700:700,3192.0000,,靴 > レディース靴 > サンダル > ストラップ,【ポイント10倍！4/28 9:59マデ】送料無料 脚長×美脚効果◎！アンクルベルト ハイヒールサンダル ストラップサンダル レディース 歩きやすい ヒール ドレス用 大きいサイズ 2017春夏！|アンクルストラップ ストラップ ハイヒール 靴  サンダル レディースサンダル,,"<img src=http://image.rakuten.co.jp/outletshoes/cabinet/event/980_170323.jpg width=98%><br><br><br><br>
<img src=http://image.rakuten.co.jp/outletshoes/cabinet/jv0sd/jv0sd-8517-sm1.jpg width=100%>

<img src=http://image.rakuten.co.jp/outletshoes/cabinet/jv0sd/jv0sd-8517-sm2.jpg width=100%>

<img src=http://image.rakuten.co.jp/outletshoes/cabinet/jv0sd/jv0sd-8517-sm3.jpg width=100%>

<img src=http://image.rakuten.co.jp/outletshoes/cabinet/jv0sd/jv0sd-8517-sm4.jpg width=100%>

<img src=http://image.rakuten.co.jp/outletshoes/cabinet/jv0sd/jv0sd-8517-sm5.jpg width=100%>

<img src=http://image.rakuten.co.jp/outletshoes/cabinet/jv0sd/jv0sd-8517-sm6.jpg width=100%>

<img src=http://image.rakuten.co.jp/outletshoes/cabinet/jv0sd/jv0sd-8517_1.jpg width=100%>
<br>＞＞カラー画像を拡大する
<br><br><br><br>


<table width=100% cellpadding=5 bgcolor=#D6D6D6><tr><td><font color=#333333><b>サイズ選びに困っていませんか？</b></font></td></tr></table>
<br>
＞＞スタッフ試着感想はコチラ<br><br>
＞＞サイズの測り方について<br><br>
＞＞ITEM SPEC を拡大表示<br><br><table width=100% cellpadding=13><tr><td align=center bgcolor=#e6e6fa><b><font size=3 color=#696969>詳しい情報は<br>▼▼▼</font><font size=5><br>PCページへ</font></b><br><font size=2 color=#696969>※インターネット環境により表示まで、<br>時間がかかる場合がございます。</font></td></tr></table><br><br>
<font size=1 color=#D6D6D6>▼アイテム キーワード<br>ストラップサンダル レディース 歩きやすい ヒール ドレス用 大きいサイズ アンクルストラップ 黒 ベージュ 春 夏 2016春夏！ インポートシューズ アウトレットシューズ ブラック スエード ブラウン イエロー フェイクレザー ベルト 靴底クッション 婦人靴 オフィス きれいめ 通勤 パーティ カジュアル 美脚 大人 巻ヒール ハイヒール S字フック【23.0センチサイズ】 【23cm】 【23.5センチサイズ】 【23.5cm】 【24.0センチサイズ】 【24cm】 【24.5センチサイズ】 【24.5cm】 【25.0センチサイズ】 【25cm】【25.5センチサイズ】【25.5cm】
</font><br>
<br><br>
<table width=100% bgcolor=#333 cellpadding=8 cellspacing=1><tr bgcolor=#FFF align=center><td><br>
  <font color=""#EA86A7""><b>新作・人気商品の再販<br>
  メルマガ限定クーポン</b></font>など<br>
  お得な情報をイチ早くお届け！<br>
  <b>≫メルマガ購読はコチラ≪</b><br><br>
</td></tr></table><br>
<p>
◆CATEGORY<br>
┣パンプス<br>
┣ブーツ・ブーティ<br>
┣スニーカー<br>
┣レインブーツ<br>
┗気になる商品がまとめて見れる！カテゴリ一覧<br><br>
 ◆OUTLETSHOES NEWS<br>
┣同梱にオススメ！送料無料アイテム<br>
┣今！みんなが買っている商品はコレ！<br>
┣3人に1人は買っている！フットカバー<br>
┗見なきゃ損？！毎日開催中！イベント一覧<br><br>
</p>

<hr>
まとめ買い特典<br>商品代金5,400円以上購入で<font color=#F0948E><b>送料無料！</b></font><br>
<hr><font color=#F0948E><b>サイズ交換片道送料無料！<br></b></font><font size=1 color=#333>（初回のみ。返品交換不可商品は除く）</font><br>≫詳しくはこちら<hr>
≫ご購入を検討中のお客様へ<br>

<font color=#F0948E><b>何かお困りですか？<br></b></font>≫お買い物ガイドへ<br>
<hr>
≫ご購入を検討中のお客様へ<br>

<br><iframe 　　　　　　　　　　　　　　　　　　="""" src=""http://www.rakuten.ne.jp/gold/outletshoes/sp/rms/sandal_recommend.html"" scrolling=""no""  frameborder=""0"" class=""recommend"" width=""100%"" height=""340""></iframe  　><br>",【ポイント10倍！4/28 9:59マデ】送料無料 脚長&times;美脚効果◎！アンクルベルト ハイヒールサンダル ストラップサンダル レディース 歩きやすい ヒール ドレス用 大きいサイズ 2017春夏！|アンクルストラップ ストラップ ハイヒール 靴  サンダル レディースサンダル：アウトレットシューズ outletshoes,通信販売通販ショッピングオンラインショッピング買い物プレゼントギフト贈り物贈答品お中元お歳暮お買い得靴パンプスエスパドリーユサンダル大きいサイズ大きい靴小さいサイズストラップバレエシューズ痛くない26cmローヒールウエッジソール27cmキッズ21cmレディース21.5cmフラットシューズアウトレットシューズ【ポイント10倍！4/28 9:59マデ】送料無料 脚長&times;美脚効果◎！アンクルベルト ハイヒールサンダル ストラップサンダル レディース 歩きやすい ヒール ドレス用 大きいサイズ 2017春夏！|アンクルストラップ ストラップ ハイヒール 靴  サンダル レディースサンダル,脚も姿勢もキレイに見えるハイヒールサンダル。。【ポイント10倍！4/28 9:59マデ】送料無料 脚長&times;美脚効果◎！アンクルベルト ハイヒールサンダル ストラップサンダル レディース 歩きやすい ヒール ドレス用 大きいサイズ 2017春夏！|アンクルストラップ ストラップ ハイヒール 靴  サンダル レディースサンダル[rn]
14-171563,http://tshop.r10s.jp/outletshoes/cabinet/jv0sd/jv0sd-5717_m0.jpg?fitin=700:700,3192.0000,,靴 > レディース靴 > サンダル > ストラップ,【ポイント10倍！4/28 9:59マデ】送料無料 ナチュラル ウエッジソール ベルト サンダル レディース ヒール 厚底 歩きやすい 大きいサイズ 黒 美脚 小さいサイズ シンプル 無地 シューズ スムース|靴  ウェッジ ウェッジソール レディースサンダル ウェッジサンダル,,"<img src=http://image.rakuten.co.jp/outletshoes/cabinet/event/980_170323.jpg width=98%><br><br><br><br>
<img src=http://image.rakuten.co.jp/outletshoes/cabinet/jv0sd/jv0sd-5717-sm1.jpg width=100%>

<img src=http://image.rakuten.co.jp/outletshoes/cabinet/jv0sd/jv0sd-5717-sm2.jpg width=100%>

<img src=http://image.rakuten.co.jp/outletshoes/cabinet/jv0sd/jv0sd-5717-sm3.jpg width=100%>

<img src=http://image.rakuten.co.jp/outletshoes/cabinet/jv0sd/jv0sd-5717-sm4.jpg width=100%>

<img src=http://image.rakuten.co.jp/outletshoes/cabinet/jv0sd/jv0sd-5717-sm5.jpg width=100%>

<img src=http://image.rakuten.co.jp/outletshoes/cabinet/jv0sd/jv0sd-5717-sm6.jpg width=100%>

<img src=http://image.rakuten.co.jp/outletshoes/cabinet/jv0sd/jv0sd-5717-sm7.jpg width=100%>

<img src=http://image.rakuten.co.jp/outletshoes/cabinet/jv0sd/jv0sd-5717_1.jpg width=100%>
<br>＞＞カラー画像を拡大する
<br><br><br><br>


<table width=100% cellpadding=5 bgcolor=#D6D6D6><tr><td><font color=#333333><b>サイズ選びに困っていませんか？</b></font></td></tr></table>
<br>
＞＞スタッフ試着感想はコチラ<br><br>
＞＞サイズの測り方について<br><br>
＞＞ITEM SPEC を拡大表示<br><br><table width=100% cellpadding=13><tr><td align=center bgcolor=#e6e6fa><b><font size=3 color=#696969>詳しい情報は<br>▼▼▼</font><font size=5><br>PCページへ</font></b><br><font size=2 color=#696969>※インターネット環境により表示まで、<br>時間がかかる場合がございます。</font></td></tr></table><br><br><font size=1 color=#D6D6D6>▼アイテム キーワード<br>サンダル レディース ヒール 厚底 歩きやすい 大きいサイズ 黒 2016春夏！ 美脚 小さいサイズ ウェッジヒール ベルト アウトレットシューズ 春夏 夏 インポートシューズ シンプル 無地 シューズ スムース カジュアル 脱げない ベーシック 履きやすい 大人 クッション 脚長 大人可愛い おでかけ 旅行 キレイ 通販 定番色 人気 プレゼント 
【22.0センチサイズ】 【22cm】 【22.5センチサイズ】 【22.5cm】 【23.0センチサイズ】 【23cm】 【23.5センチサイズ】 【23.5cm】 【24.0センチサイズ】 【24cm】 【24.5センチサイズ】 【24.5cm】 【25.0センチサイズ】 【25cm】 
</font><br>
<br><br>
<table width=100% bgcolor=#333 cellpadding=8 cellspacing=1><tr bgcolor=#FFF align=center><td><br>
  <font color=""#EA86A7""><b>新作・人気商品の再販<br>
  メルマガ限定クーポン</b></font>など<br>
  お得な情報をイチ早くお届け！<br>
  <b>≫メルマガ購読はコチラ≪</b><br><br>
</td></tr></table><br>
<p>
◆CATEGORY<br>
┣パンプス<br>
┣ブーツ・ブーティ<br>
┣スニーカー<br>
┣レインブーツ<br>
┗気になる商品がまとめて見れる！カテゴリ一覧<br><br>
 ◆OUTLETSHOES NEWS<br>
┣同梱にオススメ！送料無料アイテム<br>
┣今！みんなが買っている商品はコレ！<br>
┣3人に1人は買っている！フットカバー<br>
┗見なきゃ損？！毎日開催中！イベント一覧<br><br>
</p>

<hr>
まとめ買い特典<br>商品代金5,400円以上購入で<font color=#F0948E><b>送料無料！</b></font><br>
<hr><font color=#F0948E><b>サイズ交換片道送料無料！<br></b></font><font size=1 color=#333>（初回のみ。返品交換不可商品は除く）</font><br>≫詳しくはこちら<hr>
≫ご購入を検討中のお客様へ<br>


<font color=#F0948E><b>何かお困りですか？<br></b></font>≫お買い物ガイドへ<br>
<hr>
≫ご購入を検討中のお客様へ<br>


<br><iframe 　　　　　　　　　　　　　　　　　　="""" src=""http://www.rakuten.ne.jp/gold/outletshoes/sp/rms/sandal_recommend.html"" scrolling=""no""  frameborder=""0"" class=""recommend"" width=""100%"" height=""340""></iframe  　><br>",【ポイント10倍！4/28 9:59マデ】送料無料 ナチュラル ウエッジソール ベルト サンダル レディース ヒール 厚底 歩きやすい 大きいサイズ 黒 美脚 小さいサイズ シンプル 無地 シューズ スムース|靴  ウェッジ ウェッジソール レディースサンダル ウェッジサンダル：アウトレットシューズ outletshoes,通信販売通販ショッピングオンラインショッピング買い物プレゼントギフト贈り物贈答品お中元お歳暮お買い得靴パンプスエスパドリーユサンダル大きいサイズ大きい靴小さいサイズストラップバレエシューズ痛くない26cmローヒールウエッジソール27cmキッズ21cmレディース21.5cmフラットシューズアウトレットシューズ【ポイント10倍！4/28 9:59マデ】送料無料 ナチュラル ウエッジソール ベルト サンダル レディース ヒール 厚底 歩きやすい 大きいサイズ 黒 美脚 小さいサイズ シンプル 無地 シューズ スムース|靴  ウェッジ ウェッジソール レディースサンダル ウェッジサンダル,毎日履きたいベーシックなサンダル。【ポイント10倍！4/28 9:59マデ】送料無料 ナチュラル ウエッジソール ベルト サンダル レディース ヒール 厚底 歩きやすい 大きいサイズ 黒 美脚 小さいサイズ シンプル 無地 シューズ スムース|靴  ウェッジ ウェッジソール レディースサンダル ウェッジサンダル[rn]
14-171564,http://tshop.r10s.jp/clustic-r/cabinet/sale/imgrc0073033189.jpg?fitin=700:700,2863.2000,,靴 > レディース靴 > サンダル > ストラップ,crocs【クロックス】　Women's Crocs Edie Stretch Sandal/ウィメンズ クロックス エディ ストレッチ サンダル レディース サンダル　スリッパ,,"<font color=""#FF0000"">SALE対象商品の為、返品・交換無料サービスのご利用をいただけません。</font><br />


<font color=""#444444"">「商品説明」☆゜・*:.。.:*・゜</font><font color=""#999999""><br>
フットベッドにはマッサージするように足を刺激し、血行を促進する「クロスライト」素材の突起付き。<BR>
今、大注目のストラップサンダル。
アッパーに伸縮素材を、サイドにはコルクをラッピングした春夏らしいさわやかな スタイル。 
「クロスライト」素材が高さを感じさせない快適な履き心地、歩きやすさを提供。<BR>

<br />
</font>

<font color=""#444444"">「サイズガイド」 ☆゜・*:.。.:*・゜</font>
<font color=""#999999"">
<br>
大きめにできていますので、足の実寸より1サイズ下をお勧めします。<BR>
例えば足の実寸が23～23.5cmの方は22cm（Womens6）をお勧めします。<BR>
甲の高い方、足の幅が広い方、ゆったりとお履きになりたい方は、足の実寸のままのサイズをお勧めします。<BR>
例えば足の実寸が23～23.5cmの方は23cm（Womens7）をお勧めします。
</font>",crocs【クロックス】　Women's Crocs Edie Stretch Sandal/ウィメンズ クロックス エディ ストレッチ サンダル レディース サンダル　スリッパ：clustic-R,通信販売通販ショッピングオンラインショッピング買い物プレゼントギフト贈り物贈答品お中元お歳暮お買い得クロックスcrocsemuムートンサンダルレインブーツビーサンビーチサンダルレインシューズキッズレオパードリアルツリー仕事用レディースメンズスリッパルームシューズボア看護病院crocs【クロックス】　Women's Crocs Edie Stretch Sandal/ウィメンズ クロックス エディ ストレッチ サンダル レディース サンダル　スリッパ,クロックス crocs レディース サンダル【送料無料】。crocs【クロックス】　Women's Crocs Edie Stretch Sandal/ウィメンズ クロックス エディ ストレッチ サンダル レディース サンダル　スリッパ[rn]
14-171565,http://tshop.r10s.jp/crohas/cabinet/womens/201301.jpg?fitin=700:700,3826.4000,,靴 > レディース靴 > サンダル > ストラップ,【32％OFF】クロックス(crocs) サイプラス 5.0 ヒール ウィメン(cyprus 5.0 heel w) /レディース/女性用/サンダル/ヒール/シューズ/【20】[r]【ポイント10倍対象外】,,"<p><img src=""http://image.rakuten.co.jp/crohas/cabinet/womens/201301.jpg"" border=""0"" alt=""クロックス サイプラス 5.0 ヒール ウィメン (crocs cyprus 5.0 heel women)  | レディース用サンダル、シューズ""><br><img src=""http://image.rakuten.co.jp/crohas/cabinet/womens/201301_1.jpg"" border=""0"" alt=""""><br><img src=""http://image.rakuten.co.jp/crohas/cabinet/womens/201301_2.jpg"" border=""0"" alt=""""></p><font><table width=""100%"" border=""0"" cellspacing=""0"" cellpadding=""5""><tr><td width=""5"" bgcolor=""#20a71d"">&nbsp;</td><td>商品説明</td></tr></table></font><p>人気のサイプラスの新世代デザインが登場。<br>フットベッドに「クロスライト」素材を使用しているので快適なクッション性と履き心地が一日中持続。<br>アッパーサイドには足を締め付けすぎないゴム付き。</p><p><font color=""red"">※ヒールの高さは約9センチです。<br>※ヒールが高いシューズはつま先に体重がかかるため、歩行時のバランスがとりにくくなります。<br>　 動作によっては転倒や捻挫など思わぬ事故につながりますのでご注意ください。</font></p><font><table width=""100%"" border=""0"" cellspacing=""0"" cellpadding=""5""><tr><td width=""5"" bgcolor=""#20a71d"">&nbsp;</td><td>サイズ・仕様について</td></tr></table></font><p>大きめにできていますので、足の実寸より1サイズ下をお勧めします。<br>例えば足の実寸で23cm～23.5cmの方は22cm(Womens6)をお勧めします。</p><p>甲の高い方、足の幅が広い方、ゆったりとお履きになりたい方は、足の実寸のままのサイズをお勧めします。<br>例えば足の実寸で23cm～23.5cmの方は23cm(Womens7)をお勧めします。</p><p><img src=""http://image.rakuten.co.jp/crohas/cabinet/pagenai/sizehyou-women.jpg"" border=""0"" alt=""""></p><br><table width=""100%"" border=""1"" cellspacing=""0"" cellpadding=""5"" bgcolor=""#FF3333"" bordercolor=""#FF3333""><tr><td><font color=""white""><b>【ご注意】</b></font></td></tr><tr><td bgcolor=""#FFFFFF""><table width=""100%"" border=""0"" cellspacing=""0"" cellpadding=""0""><tr><td width=""12"" valign=""top"">・</td><td>サイズに関する記述は、シューズを測定した上でのお勧めサイズです。<br>足のサイズが同じでも、骨格や肉付き、丁度良いと感じるサイズには個人差があるため、あくまでも目安として下さい。</td></tr><tr><td width=""12"" valign=""top"">・</td><td>商品の仕様は生産工場・生産時期により異なる場合があります。<br>ご注文の際には予めご了承ください。</td></tr><tr><td width=""12"" valign=""top"">・</td><td>商品の画像は実際の商品になるべく近い色を再現していますが、お客様のお使いのモニターやブラウザの設定により、実際のお色と異なる場合があります。</td></tr><tr><td valign=""top"">・</td><td>送料無料の商品の返品について<br>サイズが合わない、イメージ違いなど、お客様のご都合による理由で商品ご返品頂く場合、送料無料の商品であっても、往復の送料をお客様にご負担して頂いております。予めご了承の上ご注文下さい。</td></tr></table></td></tr></table>",【32％OFF】クロックス(crocs) サイプラス 5.0 ヒール ウィメン(cyprus 5.0 heel w) /レディース/女性用/サンダル/ヒール/シューズ/【20】[r]【ポイント10倍対象外】：crohas（クロハス）,通信販売通販ショッピングオンラインショッピング買い物プレゼントギフト贈り物贈答品お中元お歳暮お買い得【32％OFF】クロックス(crocs) サイプラス 5.0 ヒール ウィメン(cyprus 5.0 heel w) /レディース/女性用/サンダル/ヒール/シューズ/【20】[r]【ポイント10倍対象外】,【96時間セール開催】4/26(水)9:59まで。【32％OFF】クロックス(crocs) サイプラス 5.0 ヒール ウィメン(cyprus 5.0 heel w) /レディース/女性用/サンダル/ヒール/シューズ/【20】[r]【ポイント10倍対象外】[rn]
14-171566,http://tshop.r10s.jp/jewels-shop/cabinet/01463587/03516803/imgrc0066215269.jpg?fitin=700:700,400.0000,,靴 > レディース靴 > サンダル > ストラップ,【JP】アウトレット★フラワーカーデ★[141107］,,"<p><img src=""http://image.rakuten.co.jp/jewels-shop/cabinet/04015949/imgrc0070712716.jpg"" alt=""レビュー"" width=""100%""></p><br /><br />

<img src=""http://thumbnail.image.rakuten.co.jp/@0_mall/jewels-shop/cabinet/01463587/03516803/imgrc0066215269.jpg"" width=""100%""><br>
<img src=""http://thumbnail.image.rakuten.co.jp/@0_mall/jewels-shop/cabinet/01463587/03516803/imgrc0066215270.jpg"" width=""100%"">
<br>
胸元がリボンシャーリングタイプのカーディガン★<br>
【カラー】<br>
パープル<br>
オレンジ<br>
グレー<br>
【サイズ】
Mサイズ
==================
<br>
<br>
※ディスプレイの特性上、写真と実際の商品の色目が若干異なる場合がございます。
<br>
ご購入前に不明な点がございましたら、お気軽にお問い合わせくださいませ。
<br>

※サイズには若干の誤差が生じます。<br><font color=""red"">こちらの商品は特別特価で販売をしております。<br />着用に差障りのない程度の細かいキズ・汚れがある場合がございます。<br />
著しい破損以外の返品・サイズ交換は一切承ることができませんので、<br />予めご了承の上お買い求めください。<br />※こちらの商品はあす楽対応商品ではございません。<br />
</font><br /><br /><hr><font size=""-2"" color=""#666666"">商品名：【JEWELS PROM ジュエルズプロム】アウトレット★フラワーカーデ★[141107］ <br>ジャンル： 靴 &gt; レディース靴 &gt; サンダル &gt; ストラップ &gt; </font><br>
<hr>

今日のランキング
 |

今売れてる
 |

楽天ランクイン
<hr>

店舗情報
 |

決済・配送
 |

カテゴリ一覧
 |

レビュー
<hr>",【JP】アウトレット★フラワーカーデ★[141107］：ドレスショップ Jewels by sugar,通信販売通販ショッピングオンラインショッピング買い物プレゼントギフト贈り物贈答品お中元お歳暮お買い得ドレスキャバドレスドレス通販パーティードレスコスチュームコスプレキャバ嬢コスプレサンタコスフォーマルお呼ばれドレスジュエルズサンタシュガーsugarジュエルズプロムJEWELSPROM結婚式ドレスパーティードレスヌーブラ【JP】アウトレット★フラワーカーデ★[141107］,Night Dress (キャバドレス パーティードレス ナイトドレス）。【JP】アウトレット★フラワーカーデ★[141107］[rn]
14-171567,http://tshop.r10s.jp/amarilyn/cabinet/01152711/03729369/img61021101.jpg?fitin=700:700,920.0000,,靴 > レディース靴 > サンダル > ストラップ,【★★★※】S～ 大きいサイズ レディース サンダル■編み込み ストラップ ウェッジソール サンダル 三つ編みTストラップで 美脚 効果◎■靴 くつ シューズ サンダル ウェッジソール サンダル レディース 22.0cm 23.0cm 24.0cm 25.0cm S M L LL[[TW-9264]] 大きめ,,"<font color=""#FF0000"">※こちらの商品は発送まで、３～１０営業日頂いております。
    <br>
あらかじめご了承の上お買い求めくださいませ。</font><br>
<br>
<img src=""http://image.rakuten.co.jp/amarilyn/cabinet/01152711/03729369/img61021102.jpg"" width=""300"" /><br>
<font size=""4""><b>洗練された大人の女性らしいデザインのバイカラー編み込みサンダル</b></font><br>
 Tストラップが足元をスッキリ見せてくれます。<br>
        オンオフにも使いやすい6ｃｍのウェッジヒール!!<br>
        3つのカラーバリエーションからお選び頂けます。
<Hr Color=""#dfdfdf"">
 ◆メール便対応不可◆<br>
<br>
<table width=""100%"" border=""0"" cellpadding=""0"" cellspacing=""0"" bgcolor=""#FFCC99"">
   <tr>
     <td>サイズ</td>
  </tr>
</table>
全サイズヒール6cm<br>
■S（22-22.5cm)幅7.5cm　甲周り13.7cm<br>
■M(23-23.5cm)幅7.7cm　甲周り14.0cm<br>
■L（24-24.5cm)幅7.9cm　甲周り14.4cm<br>
■LL(25cm) 幅8.2cm　甲周り14.7cm<br>
<br>

<table width=""100%"" border=""0"" cellpadding=""0"" cellspacing=""0"" bgcolor=""#FFCC99""><tr><td>素材</td></tr></table>
合成皮革 / 合成底<br>

手洗い不可<br>
<br><table width=""100%"" border=""0"" cellpadding=""0"" cellspacing=""0"" bgcolor=""#FFCC99""><tr><td>LINK</td></tr></table>
 ■商品・配送に関する注意事項はコチラ<br>
■サイズの計測方法はコチラ<br>
<br>
大きいサイズレディース/靴 くつ シューズ/22.0c/ 23.0cm/24.0cm/25.0cm/S/M/L/LL/",【★★★※】S～ 大きいサイズ レディース サンダル■編み込み ストラップ ウェッジソール サンダル 三つ編みTストラップで 美脚 効果◎■靴 くつ シューズ サンダル ウェッジソール サンダル レディース 22.0cm 23.0cm 24.0cm 25.0cm S M L LL[[TW-9264]] 大きめ：ハッピーマリリンM～大きいサイズ,通信販売通販ショッピングオンラインショッピング買い物プレゼントギフト贈り物贈答品お中元お歳暮お買い得大きいサイズLL3Lワンピース大きいサイズ レディース+楽天激安大きいサイズ+レディース通販大きいサイズ ワンピース大きいサイズ レディース 安いガウチョパンツ トレンチコート大きいサイズ レディース コート大きいサイズ レディース 楽天大きいサイズ レディース スカート大きいサイズ レディース 大きいサイズ レディース パンツピアスカーディガンベルトジャケット安い【★★★※】S～ 大きいサイズ レディース サンダル■編み込み ストラップ ウェッジソール サンダル 三つ編みTストラップで 美脚 効果◎■靴 くつ シューズ サンダル ウェッジソール サンダル レディース 22.0cm 23.0cm 24.0cm 25.0cm S M L LL[[TW-9264]] 大きめ,S～ 大きいサイズ レディース サンダル 靴 くつ シューズ。【★★★※】S～ 大きいサイズ レディース サンダル■編み込み ストラップ ウェッジソール サンダル 三つ編みTストラップで 美脚 効果◎■靴 くつ シューズ サンダル ウェッジソール サンダル レディース 22.0cm 23.0cm 24.0cm 25.0cm S M L LL[[TW-9264]] 大きめ[rn]
14-171568,http://tshop.r10s.jp/amarilyn/cabinet/maekawa/35962p1.jpg?fitin=700:700,2400.0000,,靴 > レディース靴 > サンダル > ストラップ,【★★★※】S～ 大きいサイズ レディース 靴■パール ベルト トング サンダル■靴 くつ シューズ サンダル ぺたんこ ローヒール 22.0cm 22.5cm 23.0cm 23.5cm 24.0cm 24.5cm 25.0cm S M L LL[[TW-9441]] 大きめ,,"<font color=""#FF0000"">※こちらの商品は発送まで、３～１０営業日頂いております。
    <br>
あらかじめご了承の上お買い求めくださいませ。</font><br>
<br>
<img src=""http://image.rakuten.co.jp/amarilyn/cabinet/maekawa/35962p7.jpg"" width=""100%"" /><br>
<br>
<img src=""http://image.rakuten.co.jp/amarilyn/cabinet/maekawa/35962p3.jpg"" width=""100%"" /><br>
<font size=""4""><b>上品なのにローヒールで楽ちん
</b></font><br>
パール ベルト トング サンダル
<Hr Color=""#dfdfdf"">
 ◆メール便対応不可◆<br>
<br>
<table width=""100%"" border=""0"" cellpadding=""0"" cellspacing=""0"" bgcolor=""#FFCC99"">
   <tr>
     <td>サイズ</td>
  </tr>
</table>
■S（22-22.5cm）■<br>
底幅8cm　 ヒール約1.5cm<br>
<br>
■M（23-23.5cm）■<br>
底幅8.2cm　 ヒール約1.5cm<br>
<br>
■L（24.0-24.5cm）■<br>
底幅8.4cm 　ヒール約1.5cm<br>
<br>
■LL（25cm）■<br>
底幅8.6cm 　ヒール約1.5cm<br>
<br>
<font size=""1"">記載の商品寸法は目安ですので、全ての商品が厳密に同じサイズではありません。</font><br>
<br>


<table width=""100%"" border=""0"" cellpadding=""0"" cellspacing=""0"" bgcolor=""#FFCC99"">
<tr><td>素材</td></tr></table>
合成皮革・合成底・プラスチック<br>

手洗い不可<br>
<br><table width=""100%"" border=""0"" cellpadding=""0"" cellspacing=""0"" bgcolor=""#FFCC99""><tr><td>LINK</td></tr></table>
 ■商品・配送に関する注意事項はコチラ<br>
■サイズの計測方法はコチラ<br>
<br>
レディース 靴 くつ シューズ パンプス  22.0cm 23.0cm 24.0cm 25.0cm S M L LL",【★★★※】S～ 大きいサイズ レディース 靴■パール ベルト トング サンダル■靴 くつ シューズ サンダル ぺたんこ ローヒール 22.0cm 22.5cm 23.0cm 23.5cm 24.0cm 24.5cm 25.0cm S M L LL[[TW-9441]] 大きめ：ハッピーマリリンM～大きいサイズ,通信販売通販ショッピングオンラインショッピング買い物プレゼントギフト贈り物贈答品お中元お歳暮お買い得大きいサイズLL3Lワンピース大きいサイズ レディース+楽天激安大きいサイズ+レディース通販大きいサイズ ワンピース大きいサイズ レディース 安いガウチョパンツ トレンチコート大きいサイズ レディース コート大きいサイズ レディース 楽天大きいサイズ レディース スカート大きいサイズ レディース 大きいサイズ レディース パンツピアスカーディガンベルトジャケット安い【★★★※】S～ 大きいサイズ レディース 靴■パール ベルト トング サンダル■靴 くつ シューズ サンダル ぺたんこ ローヒール 22.0cm 22.5cm 23.0cm 23.5cm 24.0cm 24.5cm 25.0cm S M L LL[[TW-9441]] 大きめ,S～ 大きいサイズ レディース 靴 くつ シューズ サンダル。【★★★※】S～ 大きいサイズ レディース 靴■パール ベルト トング サンダル■靴 くつ シューズ サンダル ぺたんこ ローヒール 22.0cm 22.5cm 23.0cm 23.5cm 24.0cm 24.5cm 25.0cm S M L LL[[TW-9441]] 大きめ[rn]
14-171569,http://tshop.r10s.jp/amarilyn/cabinet/01152711/03729369/img61074066.jpg?fitin=700:700,1120.0000,,靴 > レディース靴 > サンダル > ストラップ,【★★★※】S～ 大きいサイズ レディース サンダル■Tストラップ フェイクレザー 編み込み サンダル■靴 くつ シューズ サンダル S M L LL 22.0cm 22.5cm 23.0cm 23.5cm 24.0cm 24.5cm 25.0cm[[TW-8432]]【レディース 大きなサイズ レデイース/レディス】大きめ,,"<font color=""#FF0000"">※こちらの商品は発送まで、３～１０営業日頂いております。あらかじめご了承の上お買い求めくださいませ。</font><br>
    <br><img src=""http://image.rakuten.co.jp/amarilyn/cabinet/01152711/03729369/img61074069.jpg"" width=""300""><br>
<font size=""4""><b>Tストラップが脚をすらっと綺麗に見せてくれます。</b></font><br>

デイリー使いに嬉しいクッション素材入りのインソール<br>
<br>
<Hr Color=""#dfdfdf"">
<br>
◆メール便対応不可◆<br>
<br>
<br>
<table width=""100%"" border=""0"" cellpadding=""0"" cellspacing=""0"" bgcolor=""#FFCC99""><tr><td>サイズ/cm</td></tr></table>

■Ｓ（22-22.5cm）■<br>
長さ22.5cm　幅7.3cm　履き口内径22-24cm　高さ12.5cm　ヒール6.5cm<br>
<br>
■M（23-23.5cm）■<br>
長さ23.5cm　幅7.5cm　履き口内径23-25cm　高さ12.5cm　ヒール6.5cm<br>
<br>
■L（24-24.5cm）■<br>
長さ24.5cm　幅7.7cm　履き口内径23.5-25.5cm　高さ13cm　ヒール6.5cm<br>
<br>
■LL（25cm）■<br />
長さ25cm　幅7.9cm　履き口内径24-26cm　高さ13cm　ヒール6.5cm<br>
<br>
<br>
<font size=""1"">記載の商品寸法は目安ですので、全ての商品が厳密に同じサイズではありません。</font><br>
<br>

<table width=""100%"" border=""0"" cellpadding=""0"" cellspacing=""0"" bgcolor=""#FFCC99""><tr><td>素材</td></tr></table>
合成皮革　合成底<br>

手洗い不可<br>
<br><table width=""100%"" border=""0"" cellpadding=""0"" cellspacing=""0"" bgcolor=""#FFCC99""><tr><td>LINK</td></tr></table>


■商品・配送に関する注意事項はコチラ<br>
<br>
大きいサイズレディース/サンダル 靴 くつ シューズ/22.0cm/ 23.0cm/24.0cm/25.0cm/S/M/L/LL",【★★★※】S～ 大きいサイズ レディース サンダル■Tストラップ フェイクレザー 編み込み サンダル■靴 くつ シューズ サンダル S M L LL 22.0cm 22.5cm 23.0cm 23.5cm 24.0cm 24.5cm 25.0cm[[TW-8432]]【レディース 大きなサイズ レデイース/レディス】大きめ：ハッピーマリリンM～大きいサイズ,通信販売通販ショッピングオンラインショッピング買い物プレゼントギフト贈り物贈答品お中元お歳暮お買い得大きいサイズLL3Lワンピース大きいサイズ レディース+楽天激安大きいサイズ+レディース通販大きいサイズ ワンピース大きいサイズ レディース 安いガウチョパンツ トレンチコート大きいサイズ レディース コート大きいサイズ レディース 楽天大きいサイズ レディース スカート大きいサイズ レディース 大きいサイズ レディース パンツピアスカーディガンベルトジャケット安い【★★★※】S～ 大きいサイズ レディース サンダル■Tストラップ フェイクレザー 編み込み サンダル■靴 くつ シューズ サンダル S M L LL 22.0cm 22.5cm 23.0cm 23.5cm 24.0cm 24.5cm 25.0cm[[TW-8432]]【レディース 大きなサイズ レデイース/レディス】大きめ,S～ 大きいサイズ レディース サンダル 靴 くつ シューズ。【★★★※】S～ 大きいサイズ レディース サンダル■Tストラップ フェイクレザー 編み込み サンダル■靴 くつ シューズ サンダル S M L LL 22.0cm 22.5cm 23.0cm 23.5cm 24.0cm 24.5cm 25.0cm[[TW-8432]]【レディース 大きなサイズ レデイース/レディス】大きめ[rn]
14-171570,http://tshop.r10s.jp/esports/cabinet/9404/9404310990244.jpg?fitin=700:700,3128.0000,,靴 > レディース靴 > サンダル > ストラップ,ピュアウォーカー（PUREWALKER） ボーテ シャンパンゴールド PW5502 【サンダル レディース シューズ かわいい】,,"<!--img_tags--><IMG src=""http://www.rakuten.ne.jp/gold/esports/support/shipping2.gif"" border=""0""><IMG src=""http://www.rakuten.ne.jp/gold/esports/support/days2.gif"" border=""0""><IMG src=""http://www.rakuten.ne.jp/gold/esports/support/place3.gif"" border=""0""><IMG src=""http://www.rakuten.ne.jp/gold/esports/support/return1.gif"" border=""0""><P><IMG src=""http://www.rakuten.ne.jp/gold/esports/bn/s-jyuhattyuu.gif"" border=""0""></P><!--img_tage--><br><br>スッキリ見せで疲れにくい、オフィスにうれしいサンダルできました。<br><br>・外履きもOK<br>・8cmヒールで美脚効果<br>・フットベッドで歩きやすい<br>・トゥスプリングでつまづきにくい<br><br>★足が前にずれるのを防ぐストッパー<br>★縦アーチを支えて足にフィット<br><br>【関連商品はこちらです】<br>◆ その他ピュアウォーカー商品はこちら<br><br>●管理code：79829684【商品スペック】<br>●サイズ : <br>　S：22.0-22.5cm<br>　M：23.0-23.5cm<br>　L：24.0-24.5cm<br>　LL：25.0-25.5cm<br>●素材 : <br>　アッパー：合成皮革<br>　ソール：合成底<br>●ヒールの高さ : 80mm<br>●原産国 : 中国製<br><br>",ピュアウォーカー（PUREWALKER） ボーテ シャンパンゴールド PW5502 【サンダル レディース シューズ かわいい】：ｅＳＰＯＲＴＳ楽天支店,通信販売通販ショッピングオンラインショッピング買い物プレゼントギフト贈り物贈答品お中元お歳暮お買い得アウトドアキャンプバーベキューテントタープテーブルチェアシュラフランタンクーラーボックスコールマンノースフェイススポーツフィットネスダイエットトレーニングプロテインサプリメントダンベルサッカーピュアウォーカー（PUREWALKER） ボーテ シャンパンゴールド PW5502 【サンダル レディース シューズ かわいい】,ピュアウォーカー（PUREWALKER） ボーテ シャンパンゴールド PW5502 【サンダル レディース シューズ かわいい】[rn]
14-171571,http://tshop.r10s.jp/neoglobe/cabinet/00635607/cr-203408.jpg?fitin=700:700,3052.0000,,靴 > レディース靴 > サンダル > ストラップ,【送料無料】クロックス(CROCS) クロックス リナ ウェッジ ウィメン(crocs lina wedge w) /レディース サンダル【女性用】【楽ギフ_包装選択】【r】【30】,,"<p><img src=""http://image.rakuten.co.jp/neoglobe/cabinet/00635607/cr-203408.jpg"" border=""0"" width=""100%""><br><img src=""http://image.rakuten.co.jp/neoglobe/cabinet/00635607/cr-203408_1.jpg"" border=""0"" width=""100%""><br><img src=""http://image.rakuten.co.jp/neoglobe/cabinet/00635607/cr-203408_2.jpg"" border=""0"" width=""100%""></p><br><table width=""100%"" bgcolor=""#CCCCCC"" cellspacing=""0"" cellpadding=""5""><tr><td><b>ブランド解説</b></td></tr></table><br><p>クロックスの誕生は2002年7月。<br>アメリカのコロラド州に住む3人の創業者が、Fin Project N.A.社の開発したユニークなサンダルを市場に売り出そうと決めたこと事から設立されました。</p><br><table width=""100%"" bgcolor=""#CCCCCC"" cellspacing=""0"" cellpadding=""5""><tr><td><b>アイテム説明</b></td></tr></table><br><p>一日中履いても疲れないリナ ウェッジはすっきりとした女性らしいシンプルなシェイプで、どんな服にもマッチし、どんなシーンでも活躍するデザインです。柔らかくて軽いTUP素材を使用したアッパーとマイクロファイバーを使用したフットベッドが気持ち良く快適。クッション性が一日中続くデュアルコンフォートの履き心地、ヒールの高さは6センチなので履き心地を妥協することなく、ちょうど良い高さを出してくれます。 <br>
  <br>
  ・すっきりとした女性らしいシンプルなシェイプ<br>
・柔らかくで軽いTPU素材を使用したアッパー
<br>
・柔らかいマイクロファイバー製ライニング付きのフットベッド
<br>
・ラバー素材のヒールタップ付きでヒールの高さは6cm<br>
・デュアルコンフォート：アウトソールとフットベッドに「クロスライト」素材を使用 </p><br><table width=""100%"" bgcolor=""#CCCCCC"" cellspacing=""0"" cellpadding=""5""><tr><td><b>サイズについて</b></td></tr></table><br><table width=""100%"" border=""0"" cellspacing=""0"" cellpadding=""0""><tr><td width=""1%"" valign=""top"">●</td><td>足の実寸のままのサイズをお勧めします。<br>例えば足の実寸で23cm～23.5cmの方は23cm(W7)をお勧めします。</td></tr><tr><td valign=""top"">●</td><td>こちらの商品は素材の性質上、シミや汚れ、傷等がある場合がございます。<br>お買い上げの際は予めご了承下さい。</td></tr></table><br><table width=""100%"" border=""3"" cellspacing=""0"" cellpadding=""2"" bordercolor=""#FF0000""><tr><td align=""center"" bgcolor=""#FFFFCC""><b><font color=""red"">※必ずお読みください<br>【ご注意】サイズについて<br></font></b><font size=""-1"">（別のウィンドウが開きます）</font></td></tr></table><br><table width=""100%"" border=""2"" cellpadding=""5"" cellspacing=""0"" bgcolor=""#FF6666"" bordercolor=""#FF6666""><tr><td><b><font color=""white"">※画像について</font></b></td></tr><tr><td bgcolor=""#FFFFFF""><table width=""100%"" border=""0"" cellspacing=""0"" cellpadding=""0""><tr><td valign=""top"">●</td><td>商品の画像につきましては、極力実物に近くなるよう撮影を努力しております。<br>しかし、お客様がご利用になられるパソコン、ディスプレイの環境や設定によっては、実際の物と異なって表示されてしまうこともございます。<br>予めご了承の程、よろしくお願い致します。</td></tr></table></td></tr></table><br><center><p><img src=""http://image.rakuten.co.jp/neoglobe/cabinet/content-img/coupon-bnr-200.jpg"" alt=""商品到着後レビューを書いて次回使える200円クーポンプレゼント"" border=""0""></p></center>",【送料無料】クロックス(CROCS) クロックス リナ ウェッジ ウィメン(crocs lina wedge w) /レディース サンダル【女性用】【楽ギフ_包装選択】【r】【30】：Ｎｅｏ　Ｇｌｏｂｅ,通信販売通販ショッピングオンラインショッピング買い物プレゼントギフト贈り物贈答品お中元お歳暮お買い得ステューシー(STUSSY)ネオグローブ(neoglobe)シュプリーム(supreme)エアフォースワン(AIR FORCE 1)ロスコ ROTHCOナイキ(NIKE)ダンクSB(DUNK SB)ダウンジャケットトゥルーレリジョン(TRUE RELIGION)バックパック（BackPack）ジャンクフード JUNK FOODダンク(NIKE DUNK)日本未発売アバクロ(Abercrombie&amp;Fitch)エクストララージジャージーボックスロゴ限定(Limited)パタゴニア(Patagonia)バンズ(VANS)【送料無料】クロックス(CROCS) クロックス リナ ウェッジ ウィメン(crocs lina wedge w) /レディース サンダル【女性用】【楽ギフ_包装選択】【r】【30】,【P2倍】★96時間限定タイムセール開催★4/26(水)9:59まで。【送料無料】クロックス(CROCS) クロックス リナ ウェッジ ウィメン(crocs lina wedge w) /レディース サンダル【女性用】【楽ギフ_包装選択】【r】【30】[rn]
14-171572,http://tshop.r10s.jp/neoglobe/cabinet/00635607/cr-202518.jpg?fitin=700:700,3792.8000,,靴 > レディース靴 > サンダル > ストラップ,【送料無料】クロックス(CROCS) レイ 2.0 2ストラップ グラフィック ウェッジ ウィメン(leigh 2.0 2-strap graphic wedge w) /レディース サンダル【女性用】【楽ギフ_包装選択】【r】【30】,,"<p><img src=""http://image.rakuten.co.jp/neoglobe/cabinet/00635607/cr-202518.jpg"" border=""0"" width=""100%""><br><img src=""http://image.rakuten.co.jp/neoglobe/cabinet/00635607/cr-202518_1.jpg"" border=""0"" width=""100%""><br><img src=""http://image.rakuten.co.jp/neoglobe/cabinet/00635607/cr-202518_2.jpg"" border=""0"" width=""100%""></p><br><table width=""100%"" bgcolor=""#CCCCCC"" cellspacing=""0"" cellpadding=""5""><tr><td><b>ブランド解説</b></td></tr></table><br><p>クロックスの誕生は2002年7月。<br>アメリカのコロラド州に住む3人の創業者が、Fin Project N.A.社の開発したユニークなサンダルを市場に売り出そうと決めたこと事から設立されました。</p><br><table width=""100%"" bgcolor=""#CCCCCC"" cellspacing=""0"" cellpadding=""5""><tr><td><b>アイテム説明</b></td></tr></table><br><p>大人気のレイコレクションに新商品が登場しました。フィット感はそのまま、さらにスタイリッシュで履き心地が良くなりました。全体的に女性らしいシェイプで、幅のあるキャンバス素材のストラップが2本ついています。サッと履いて出かけることができます。今季のスタイルではフロントのストラップを明るい色のフラワーデザインにしました。足裏に沿うシェイプの「クロスライト」素材フットベッドが土踏まずをサポートするので、一日中履いても快適なウェッジです。<br>
  <br>・履き心地はそのままに、さらにフェミニンに<br>
・幅のあるキャンバス素材のストラップ
<br>
・可愛いフラワーデザイン
<br>
・アッパーサイドにゴムが付いていて快適なフィット感<br>
・二重の快適さ：アウトソールとフットベッドに「クロスライト」素材を使用</p><br><table width=""100%"" bgcolor=""#CCCCCC"" cellspacing=""0"" cellpadding=""5""><tr><td><b>サイズについて</b></td></tr></table><br><table width=""100%"" border=""0"" cellspacing=""0"" cellpadding=""0""><tr><td width=""1%"" valign=""top"">●</td><td>足の実寸のままのサイズをお勧めします。<br>例えば足の実寸で23cm～23.5cmの方は23cm(W7)をお勧めします。</td></tr><tr><td valign=""top"">●</td><td>こちらの商品は素材の性質上、シミや汚れ、傷等がある場合がございます。<br>お買い上げの際は予めご了承下さい。</td></tr></table><br><table width=""100%"" border=""3"" cellspacing=""0"" cellpadding=""2"" bordercolor=""#FF0000""><tr><td align=""center"" bgcolor=""#FFFFCC""><b><font color=""red"">※必ずお読みください<br>【ご注意】サイズについて<br></font></b><font size=""-1"">（別のウィンドウが開きます）</font></td></tr></table><br><table width=""100%"" border=""2"" cellpadding=""5"" cellspacing=""0"" bgcolor=""#FF6666"" bordercolor=""#FF6666""><tr><td><b><font color=""white"">※画像について</font></b></td></tr><tr><td bgcolor=""#FFFFFF""><table width=""100%"" border=""0"" cellspacing=""0"" cellpadding=""0""><tr><td valign=""top"">●</td><td>商品の画像につきましては、極力実物に近くなるよう撮影を努力しております。<br>しかし、お客様がご利用になられるパソコン、ディスプレイの環境や設定によっては、実際の物と異なって表示されてしまうこともございます。<br>予めご了承の程、よろしくお願い致します。</td></tr></table></td></tr></table><br><center><p><img src=""http://image.rakuten.co.jp/neoglobe/cabinet/content-img/coupon-bnr-200.jpg"" alt=""商品到着後レビューを書いて次回使える200円クーポンプレゼント"" border=""0""></p></center>",【送料無料】クロックス(CROCS) レイ 2.0 2ストラップ グラフィック ウェッジ ウィメン(leigh 2.0 2-strap graphic wedge w) /レディース サンダル【女性用】【楽ギフ_包装選択】【r】【30】：Ｎｅｏ　Ｇｌｏｂｅ,通信販売通販ショッピングオンラインショッピング買い物プレゼントギフト贈り物贈答品お中元お歳暮お買い得ステューシー(STUSSY)ネオグローブ(neoglobe)シュプリーム(supreme)エアフォースワン(AIR FORCE 1)ロスコ ROTHCOナイキ(NIKE)ダンクSB(DUNK SB)ダウンジャケットトゥルーレリジョン(TRUE RELIGION)バックパック（BackPack）ジャンクフード JUNK FOODダンク(NIKE DUNK)日本未発売アバクロ(Abercrombie&amp;Fitch)エクストララージジャージーボックスロゴ限定(Limited)パタゴニア(Patagonia)バンズ(VANS)【送料無料】クロックス(CROCS) レイ 2.0 2ストラップ グラフィック ウェッジ ウィメン(leigh 2.0 2-strap graphic wedge w) /レディース サンダル【女性用】【楽ギフ_包装選択】【r】【30】,【P2倍】★96時間限定タイムセール開催★4/26(水)9:59まで。【送料無料】クロックス(CROCS) レイ 2.0 2ストラップ グラフィック ウェッジ ウィメン(leigh 2.0 2-strap graphic wedge w) /レディース サンダル【女性用】【楽ギフ_包装選択】【r】【30】[rn]
14-171573,http://tshop.r10s.jp/neoglobe/cabinet/00635607/cr-202516.jpg?fitin=700:700,3792.8000,,靴 > レディース靴 > サンダル > ストラップ,【送料無料】クロックス(CROCS) レイ 2.0 アンクル ストラップ グラフィック ウェッジ ウィメン(leigh 2.0 ankle strap graphic wedge w ) /レディース サンダル【女性用】【楽ギフ_包装選択】【r】【30】,,"<p><img src=""http://image.rakuten.co.jp/neoglobe/cabinet/00635607/cr-202516.jpg"" border=""0"" width=""100%""><br><img src=""http://image.rakuten.co.jp/neoglobe/cabinet/00635607/cr-202516_1.jpg"" border=""0"" width=""100%""><br><img src=""http://image.rakuten.co.jp/neoglobe/cabinet/00635607/cr-202516_2.jpg"" border=""0"" width=""100%""></p><br><table width=""100%"" bgcolor=""#CCCCCC"" cellspacing=""0"" cellpadding=""5""><tr><td><b>ブランド解説</b></td></tr></table><br><p>クロックスの誕生は2002年7月。<br>アメリカのコロラド州に住む3人の創業者が、Fin Project N.A.社の開発したユニークなサンダルを市場に売り出そうと決めたこと事から設立されました。</p><br><table width=""100%"" bgcolor=""#CCCCCC"" cellspacing=""0"" cellpadding=""5""><tr><td><b>アイテム説明</b></td></tr></table><br><p>全体的にフェミニンなシェイプで、フェイクレザーとキャンバス素材のストラップが使用されています。アッパーストラップは足元を春らしく見せる花柄。足裏に沿うシェイプの「クロスライト」素材のフットベッドが土踏まずをサポートするので、一日中履いても快適なウェッジです。<br>
  <br>&#8226;履き心地はそのままに、さらにフェミニンになったウェッジスタイル<br>
&#8226;柔らかいフェイクレザーのアンクルストラップと、花柄のキャンバス素材のアッパーストラップ<br>
&#8226;スマートバックル：外からは見えない留め金は調節可能で着脱が簡単<br>
&#8226;二重の快適さ：アウトソールとフットベッドに「クロスライト」素材を使用 </p><br><table width=""100%"" bgcolor=""#CCCCCC"" cellspacing=""0"" cellpadding=""5""><tr><td><b>サイズについて</b></td></tr></table><br><table width=""100%"" border=""0"" cellspacing=""0"" cellpadding=""0""><tr><td width=""1%"" valign=""top"">●</td><td>足の実寸のままのサイズをお勧めします。<br>例えば足の実寸で23cm～23.5cmの方は23cm(W7)をお勧めします。</td></tr><tr><td valign=""top"">●</td><td>こちらの商品は素材の性質上、シミや汚れ、傷等がある場合がございます。<br>お買い上げの際は予めご了承下さい。</td></tr></table><br><table width=""100%"" border=""3"" cellspacing=""0"" cellpadding=""2"" bordercolor=""#FF0000""><tr><td align=""center"" bgcolor=""#FFFFCC""><b><font color=""red"">※必ずお読みください<br>【ご注意】サイズについて<br></font></b><font size=""-1"">（別のウィンドウが開きます）</font></td></tr></table><br><table width=""100%"" border=""2"" cellpadding=""5"" cellspacing=""0"" bgcolor=""#FF6666"" bordercolor=""#FF6666""><tr><td><b><font color=""white"">※画像について</font></b></td></tr><tr><td bgcolor=""#FFFFFF""><table width=""100%"" border=""0"" cellspacing=""0"" cellpadding=""0""><tr><td valign=""top"">●</td><td>商品の画像につきましては、極力実物に近くなるよう撮影を努力しております。<br>しかし、お客様がご利用になられるパソコン、ディスプレイの環境や設定によっては、実際の物と異なって表示されてしまうこともございます。<br>予めご了承の程、よろしくお願い致します。</td></tr></table></td></tr></table><br><center><p><img src=""http://image.rakuten.co.jp/neoglobe/cabinet/content-img/coupon-bnr-200.jpg"" alt=""商品到着後レビューを書いて次回使える200円クーポンプレゼント"" border=""0""></p></center>",【送料無料】クロックス(CROCS) レイ 2.0 アンクル ストラップ グラフィック ウェッジ ウィメン(leigh 2.0 ankle strap graphic wedge w ) /レディース サンダル【女性用】【楽ギフ_包装選択】【r】【30】：Ｎｅｏ　Ｇｌｏｂｅ,通信販売通販ショッピングオンラインショッピング買い物プレゼントギフト贈り物贈答品お中元お歳暮お買い得ステューシー(STUSSY)ネオグローブ(neoglobe)シュプリーム(supreme)エアフォースワン(AIR FORCE 1)ロスコ ROTHCOナイキ(NIKE)ダンクSB(DUNK SB)ダウンジャケットトゥルーレリジョン(TRUE RELIGION)バックパック（BackPack）ジャンクフード JUNK FOODダンク(NIKE DUNK)日本未発売アバクロ(Abercrombie&amp;Fitch)エクストララージジャージーボックスロゴ限定(Limited)パタゴニア(Patagonia)バンズ(VANS)【送料無料】クロックス(CROCS) レイ 2.0 アンクル ストラップ グラフィック ウェッジ ウィメン(leigh 2.0 ankle strap graphic wedge w ) /レディース サンダル【女性用】【楽ギフ_包装選択】【r】【30】,【P2倍】★96時間限定タイムセール開催★4/26(水)9:59まで。【送料無料】クロックス(CROCS) レイ 2.0 アンクル ストラップ グラフィック ウェッジ ウィメン(leigh 2.0 ankle strap graphic wedge w ) /レディース サンダル【女性用】【楽ギフ_包装選択】【r】【30】[rn]
14-171574,http://tshop.r10s.jp/sugarbiscuit/cabinet/item16/sugar00002.jpg?fitin=700:700,1467.2000,,靴 > レディース靴 > サンダル > ストラップ,ボタン着脱なので脱ぎ履き楽チン♪本革 リボンモチーフ アンクルストラップ ハイヒール サンダル 【sugar00002】サンダル 【予約販売：15営業日】 宅込,,"<font color=""red"">■商品発送目安：ご注文から15営業日で発送</font><br><br><img src=""http://image.rakuten.co.jp/la-gemme/cabinet/asks/item18/sugar00002_13.jpg?123"" width=""100%""><br /><img src=""http://image.rakuten.co.jp/la-gemme/cabinet/asks/item18/sugar00002_14.jpg?123"" width=""100%""><br /><img src=""http://image.rakuten.co.jp/la-gemme/cabinet/asks/item18/sugar00002_15.jpg?123"" width=""100%""><br />■素材<br>PU<br><br>■カラー<br>ベージュ、モカ、ロイヤルブルー、グレー、ブラック<br><br>■サイズ<br>【35号】22.0-22.5cm<br>【36号】22.5-23.0cm<br>【37号】23.0-23.5cm<br>【38号】23.5-24.0cm<br>【39号】24.0-24.5cm<br>【40号】24.5-25.0cm<br>36号にて採寸<br>長さ23cmヒール9cmストーム1.5cm甲幅8.5cm<br>【注意点】<br>※モニターの都合上、掲載写真と実際の色が異なる場合がございます。 <br>※製品により多少の誤差が生じる場合がございます。<br><br><font color=""#FF0000"">【送料無料に関するご注意】<br>北海道・沖縄県及び離島地域については別途送料がかかります。ご了承くださいませ。</font><br><br><br><iframe src=""http://www.rakuten.ne.jp/gold/sugarbiscuit/sugar-itembottom.html"" scrolling=""auto"" width=""100%"" height=""300"" frameborder=""0"" allowtransparency=""true""　　　　　　　　　　　　　　　　　　　></iframe 　　　><br><br><br><br>",ボタン着脱なので脱ぎ履き楽チン♪本革 リボンモチーフ アンクルストラップ ハイヒール サンダル 【sugar00002】サンダル 【予約販売：15営業日】 宅込：SUGAR BISKET,通信販売通販ショッピングオンラインショッピング買い物プレゼントギフト贈り物贈答品お中元お歳暮お買い得ブーツパンプススリッポンサンダルオールインワンワンピーススカートトップスパンツレギンスボタン着脱なので脱ぎ履き楽チン♪本革 リボンモチーフ アンクルストラップ ハイヒール サンダル 【sugar00002】サンダル 【予約販売：15営業日】 宅込,レディース 靴 本革 アンクルストラップ ハイヒール サンダル。ボタン着脱なので脱ぎ履き楽チン♪本革 リボンモチーフ アンクルストラップ ハイヒール サンダル 【sugar00002】サンダル 【予約販売：15営業日】 宅込[rn]
14-171575,http://tshop.r10s.jp/sugarbiscuit/cabinet/item97/lgss-ab0521-ps.jpg?fitin=700:700,1763.2000,,靴 > レディース靴 > サンダル > ストラップ,アンクルストラップ サンダル ヒール 黒 ブラック 夏 美脚 オフィス 【lgss-ab0521】【予約販売：15営業日】宅込【大暴走企画】,,"<img src=""http://image.rakuten.co.jp/sugarbiscuit/cabinet/item97/lgss-ab0521_2.jpg""  width=""100%""><br><img src=""http://image.rakuten.co.jp/sugarbiscuit/cabinet/item97/lgss-ab0521_3.jpg"" width=""100%""><br><img src=""http://image.rakuten.co.jp/sugarbiscuit/cabinet/item97/lgss-ab0521_4re.jpg"" width=""100%""><br><img src=""http://image.rakuten.co.jp/sugarbiscuit/cabinet/item97/lgss-ab0521_5.jpg"" width=""100%""><br><center>→→　ＣＬＩＣＫ　←←<br>【もっとコーデ画像を見る】<br><br></center><br><table width=""100%""><tr bgcolor=""#f5f5f5""><td><b><font color=""#212121"" size=""2"">商品詳細</font></b><br></td></tr></table><table width=""100%""><tr bgcolor=""#f5f5f5""><td><b><font color=""#212121"" size=""2"">サイズ・素材</font></b><br></td></tr></table>■素材<br>本革、スエード、デニム<br><br>■カラー<br>ATYPEスイカレッド　ATYPEブラック　BTYPEブラック　BTYPEホワイト　CTYPEデニムブルー<br><br><br><center>【サイズについてはこちら】<br><br></center><br><table width=""100%""><tr bgcolor=""#f5f5f5""><td><b><font color=""#212121"" size=""2"">【注意点】</font></b><br></td></tr></table>※モニターの都合上、掲載写真と実際の色が異なる場合がございます。 <br>※製品により多少の誤差が生じる場合がございます。<br><br><table width=""100%""><tr bgcolor=""#f5f5f5""><td><b><font color=""#212121"" size=""2"">【商品カテゴリ】</font></b><br></td></tr></table><Font color=""#999999"" size=""-1"">レディース　シューズ</Font><br><br><table width=""100%""><tr bgcolor=""#f5f5f5""><td><b><font color=""#212121"" size=""2"">【送料無料に関するご注意】</font></b><br></td></tr></table>北海道・沖縄県及び離島地域については別途送料がかかります。ご了承くださいませ。<br><br><table width=""100%""><tr bgcolor=""#ffc0cb""><td><b><font color=""#212121"" size=""2"">※こちらの商品の発送日について※</font></b><br></td></tr></table><Font color=""#ff0000"" size=""+2"">■商品発送目安：ご注文から15営業日で発送</font><br><br><center>【予約商品についてはこちら】<br><br></center><br><center>【お買い物ガイドはこちら】<br><br></center><br><br><hr><br><br>",アンクルストラップ サンダル ヒール 黒 ブラック 夏 美脚 オフィス 【lgss-ab0521】【予約販売：15営業日】宅込【大暴走企画】：SUGAR BISKET,通信販売通販ショッピングオンラインショッピング買い物プレゼントギフト贈り物贈答品お中元お歳暮お買い得ブーツパンプススリッポンサンダルオールインワンワンピーススカートトップスパンツレギンスアンクルストラップ サンダル ヒール 黒 ブラック 夏 美脚 オフィス 【lgss-ab0521】【予約販売：15営業日】宅込【大暴走企画】,アンクルストラップ サンダル ヒール 黒 ブラック。アンクルストラップ サンダル ヒール 黒 ブラック 夏 美脚 オフィス 【lgss-ab0521】【予約販売：15営業日】宅込【大暴走企画】[rn]
14-171576,http://tshop.r10s.jp/sugarbiscuit/cabinet/item16/lg0232re.jpg?fitin=700:700,740.0000,,靴 > レディース靴 > サンダル > ストラップ,【残りわずか！在庫限り超価格】アンクルベルト ウェッジソールサンダル【lg0232】サンダル ウェッジサンダル 美脚 スタイルアップ♪ 【予約販売：15営業日】 宅別【大暴走企画】【大暴走企画】,,"<font color=""red"">在庫限りの激得価格！</font><br><font color=""gray"">タイミングによってはキャンセル対応<br>させていただく場合もございます。ご了承ください。＜ｂｒ＞こちらの商品は赤字特別価格でのご提供のため、<br>キャンセル・返品・交換不可とさせていただきます。<br>予めご了承の上、ご購入くださいますようお願いいたします。</font><br><img src=""http://image.rakuten.co.jp/la-gemme/cabinet/asks/item17/lg0232re.jpg"" width=""100%""><br><img src=""http://image.rakuten.co.jp/la-gemme/cabinet/asks/item17/lg0232_1re.jpg"" width=""100%""><br><img src=""http://image.rakuten.co.jp/la-gemme/cabinet/asks/item17/lg0232_6.jpg"" width=""100%""><br><br>■素材<br>　<br><br>■カラー<br>ブラック、ホワイト、スカイブルー、ベージュ、レモンイエロー、ベビーピンク<br><br>■サイズ<br>【35号】22.0-22.5cm 長さ22.5cm ヒール11cm 甲幅7.8cm<br>【36号】22.5-23.0cm 長さ23.0cm ヒール11cm 甲幅8.0cm<br>【37号】23.0-23.5cm 長さ23.5cm ヒール11cm 甲幅8.2cm<br>【38号】23.5-24.0cm 長さ24.0cm ヒール11cm 甲幅8.4cm<br>【39号】24.0-24.5cm 長さ24.5cm ヒール11cm 甲幅8.6cm<br>【40号】24.5-25.0cm 長さ25.0cm ヒール11cm 甲幅8.8cm<br>※小さめの作りとなっておりますのでワンサイズ上をおススメします。<br><br>【注意点】<br>※モニターの都合上、掲載写真と実際の色が異なる場合がございます。 <br>※製品により多少の誤差が生じる場合がございます。<br><br><font color=""#"">【送料無料に関するご注意】<br>北海道・沖縄県及び離島地域については別途送料がかかります。ご了承くださいませ。</font><br><br><br><iframe src=""http://www.rakuten.ne.jp/gold/sugarbiscuit/sugar-itembottom.html"" scrolling=""auto"" width=""100%"" height=""300"" frameborder=""0"" allowtransparency=""true"" 　　　　　　　　　　　　　　　　　　　　　　　　　　　　　　　　　　　　　　　　　　　　　　　　　　　　　　　　　　　　　　　　　　　　　　　　　　　　　　　　　　　　　　　　　　　　　　　　　　　　　　　　　　　　　　　　　　　　　　　　　　　　　　　　　　　　　　　　　　　　　　　　　　　　　　　　　　　　　　　　　　　　　　　　　　　　　　　　　　　　　　　　　　　　　　　　　　　　　　　　　　　　　　　　　　　　　　　　　　　　　　　　　　　　　　　　　　　　　　　　　　　　　　　　　　　　　　　　　　　　　　　　　　　　　　　　　　　　　　　　　　　　　　　　　　　　　　　　　　　　　　　　　　　　　　　　　　　　　　　　　　　　　　　　　　　　　　　　　　　　　　　　　　　　　　　　　　　　　　　　　　　　　　　　　　　　　　　　　　　　　　　　　　　　　　　　　　　　　　　　　　　　　　　　　　　　　　　　　　　　　　　　　　　　　　　　　　　　　　　　　　　　　　　　　　　　　　　　　　　　　　　　　　　　　　　　　　　　　　　　　　　　　　　　　　　　　　　　　　　　　　　　　　　　　　　　　　　　　　　　　　　　　　　　　　　　　　　　　　　　　　　　　　　　　　　　　　　　　　　　　　　　　　　　　　　　　　　　　　　　　　　　　　　　　　　　　　　　　　　　　　　　　　　　　　　　　　　　　　　　　　　　　　　　　　　　　　　　　　　　　　　　　　　　　　　　　　　　　　　　　　　　　　　　　　　　　　　　　　　　　　　　　　　　　　　　　　　　　　　　　　　　　　　　　　　　　　　　　　　　　　　　　　　　　　　　　　　　　　　　　　　　　　　　　　　　　　　　　　　　　　　　　　　　></iframe 　　　><br><br><br><br>",【残りわずか！在庫限り超価格】アンクルベルト ウェッジソールサンダル【lg0232】サンダル ウェッジサンダル 美脚 スタイルアップ♪ 【予約販売：15営業日】 宅別【大暴走企画】【大暴走企画】：SUGAR BISKET,通信販売通販ショッピングオンラインショッピング買い物プレゼントギフト贈り物贈答品お中元お歳暮お買い得ブーツパンプススリッポンサンダルオールインワンワンピーススカートトップスパンツレギンス【残りわずか！在庫限り超価格】アンクルベルト ウェッジソールサンダル【lg0232】サンダル ウェッジサンダル 美脚 スタイルアップ♪ 【予約販売：15営業日】 宅別【大暴走企画】【大暴走企画】,レディース 靴 本革 ウエッジソール アンクルベルト。【残りわずか！在庫限り超価格】アンクルベルト ウェッジソールサンダル【lg0232】サンダル ウェッジサンダル 美脚 スタイルアップ♪ 【予約販売：15営業日】 宅別【大暴走企画】【大暴走企画】[rn]
14-171577,http://tshop.r10s.jp/sugarbiscuit/cabinet/item-j03/lgss-ab0521_01.jpg?fitin=700:700,1319.2000,,靴 > レディース靴 > サンダル > ストラップ,アンクルストラップ サンダル ヒール 黒 ブラック 夏 美脚 オフィス 【lgss-ab0521】【予約販売：15営業日】宅込 夏涙価格,,"<img src=""http://image.rakuten.co.jp/la-gemme/cabinet/item-j02/lgss-ab0521_02.jpg"" width=""100%""><br><img src=""http://image.rakuten.co.jp/la-gemme/cabinet/item-j02/lgss-ab0521_03.jpg"" width=""100%""><br><img src=""http://image.rakuten.co.jp/la-gemme/cabinet/item-j02/lgss-ab0521_05.jpg"" width=""100%""><br><img src=""http://image.rakuten.co.jp/la-gemme/cabinet/item-j03/lgss-ab0521_04.jpg"" width=""100%""><br><br><center>→→　ＣＬＩＣＫ　←←<br>【もっとコーデ画像を見る】<br><br></center><br><table width=""100%""><tr bgcolor=""#f5f5f5""><td><b><font color=""#212121"" size=""2"">商品詳細</font></b><br></td></tr></table><table width=""100%""><tr bgcolor=""#f5f5f5""><td><b><font color=""#212121"" size=""2"">サイズ・素材</font></b><br></td></tr></table>■素材<br>本革、スエード、デニム<br><br>■カラー<br>ATYPEスイカレッド　ATYPEブラック　BTYPEブラック　BTYPEホワイト　CTYPEデニムブルー<br><br><br><center>【サイズについてはこちら】<br><br></center><br><table width=""100%""><tr bgcolor=""#f5f5f5""><td><b><font color=""#212121"" size=""2"">【注意点】</font></b><br></td></tr></table>※モニターの都合上、掲載写真と実際の色が異なる場合がございます。 <br>※製品により多少の誤差が生じる場合がございます。<br><br><table width=""100%""><tr bgcolor=""#f5f5f5""><td><b><font color=""#212121"" size=""2"">【商品カテゴリ】</font></b><br></td></tr></table><Font color=""#999999"" size=""-1"">レディース　シューズ</Font><br><br><table width=""100%""><tr bgcolor=""#f5f5f5""><td><b><font color=""#212121"" size=""2"">【送料無料に関するご注意】</font></b><br></td></tr></table>北海道・沖縄県及び離島地域については別途送料がかかります。ご了承くださいませ。<br><br><table width=""100%""><tr bgcolor=""#ffc0cb""><td><b><font color=""#212121"" size=""2"">※こちらの商品の発送日について※</font></b><br></td></tr></table><Font color=""#ff0000"" size=""+2"">■商品発送目安：ご注文から15営業日で発送</font><br><br><center>【予約商品についてはこちら】<br><br></center><br><center>【お買い物ガイドはこちら】<br><br></center><br><br><hr><br><br>",アンクルストラップ サンダル ヒール 黒 ブラック 夏 美脚 オフィス 【lgss-ab0521】【予約販売：15営業日】宅込 夏涙価格：SUGAR BISKET,通信販売通販ショッピングオンラインショッピング買い物プレゼントギフト贈り物贈答品お中元お歳暮お買い得ブーツパンプススリッポンサンダルオールインワンワンピーススカートトップスパンツレギンスアンクルストラップ サンダル ヒール 黒 ブラック 夏 美脚 オフィス 【lgss-ab0521】【予約販売：15営業日】宅込 夏涙価格,アンクルストラップ サンダル ヒール 黒 ブラック。アンクルストラップ サンダル ヒール 黒 ブラック 夏 美脚 オフィス 【lgss-ab0521】【予約販売：15営業日】宅込 夏涙価格[rn]
14-171578,http://tshop.r10s.jp/sugarbiscuit/cabinet/item16/lg0250.jpg?fitin=700:700,2208.0000,,靴 > レディース靴 > サンダル > ストラップ,ボタン着脱なので脱ぎ履き楽チン♪本革 アンクルストラップ ハイヒール サンダル 【lg0250】サンダル【予約販売：15営業日】宅別,,"<font color=""red"">商品発送目安：ご注文から15営業日で発送</font><br><br><img src=""http://image.rakuten.co.jp/la-gemme/cabinet/asks/item18/lg0250.jpg?123"" width=""100%""><br /><img src=""http://image.rakuten.co.jp/la-gemme/cabinet/asks/item18/lg0250_14.jpg?123"" width=""100%""><br /><img src=""http://image.rakuten.co.jp/la-gemme/cabinet/asks/item18/lg0250_16.jpg?123"" width=""100%""><br />■素材<br>PU<br><br>■カラー<br>ベージュ、ローズピンク、ロイヤルブルー、ブラック<br><br>■サイズ<br>【35号】22.0-22.5cm長さ22.5cmヒール9cmストーム1.5cm甲幅8.3cm<br>【36号】22.5-23.0cm長さ23.0cmヒール9cmストーム1.5cm甲幅8.5cm<br>【37号】23.0-23.5cm長さ23.5cmヒール9cmストーム1.5cm甲幅8.7cm<br>【38号】23.5-24.0cm長さ24.0cmヒール9cmストーム1.5cm甲幅8.9cm<br>【39号】24.0-24.5cm長さ24.5cmヒール9cmストーム1.5cm甲幅9.1cm<br>【40号】24.5-25.0cm長さ25.0cmヒール9cmストーム1.5cm甲幅9.3cm<br><br>【注意点】<br>※モニターの都合上、掲載写真と実際の色が異なる場合がございます。 <br>※製品により多少の誤差が生じる場合がございます。<br><br><font color=""#FF0000"">【送料無料に関するご注意】<br>北海道・沖縄県及び離島地域については別途送料がかかります。ご了承くださいませ。</font><br><br><br><iframe src=""http://www.rakuten.ne.jp/gold/sugarbiscuit/sugar-itembottom.html"" scrolling=""auto"" width=""100%"" height=""300"" frameborder=""0"" allowtransparency=""true""　　　　　　　　　　　　　　　　　　　></iframe 　　　><br><br><br><br>",ボタン着脱なので脱ぎ履き楽チン♪本革 アンクルストラップ ハイヒール サンダル 【lg0250】サンダル【予約販売：15営業日】宅別：SUGAR BISKET,通信販売通販ショッピングオンラインショッピング買い物プレゼントギフト贈り物贈答品お中元お歳暮お買い得ブーツパンプススリッポンサンダルオールインワンワンピーススカートトップスパンツレギンスボタン着脱なので脱ぎ履き楽チン♪本革 アンクルストラップ ハイヒール サンダル 【lg0250】サンダル【予約販売：15営業日】宅別,レディース 靴 本革 アンクルストラップ ハイヒール サンダル。ボタン着脱なので脱ぎ履き楽チン♪本革 アンクルストラップ ハイヒール サンダル 【lg0250】サンダル【予約販売：15営業日】宅別[rn]
14-171579,http://tshop.r10s.jp/sugarbiscuit/cabinet/sugar_i/lg0144s.jpg?fitin=700:700,1111.2000,,靴 > レディース靴 > サンダル > ストラップ,売り切れ御免の在庫処分！【キャンセル・返品・交換不可】本革アンクルストラップサンダル 全3type【lg0144】 サンダル 【即納：1-3営業日】 宅別,,"<font color=""#FF0000"">こちらの商品は大きめの作りとなっています。<br>ワンサイズ下がおススメです。<br>スタッフ着用コメントもご参考くださいませ。<br></font><br><img src=""http://image.rakuten.co.jp/la-gemme/cabinet/lagemme_i/lg0144sfc.jpg"" width=""100%""><br /><font color=""red"">商品発送目安：即納！</font><br><br>■素材<br>本革<br><br>■カラー<br>221-1/ベージュ+オレンジ、ベージュ+ピンク、ブラック<br>221-2/オレンジ、ピンク、ブラック<br>2870-28/ベージュ+オレンジ、ピンク+ベージュ、イエロー+ブラック<br>■サイズ<br>【35号】22.0-22.5cm <br>【36号】22.5-23.0cm <br>【37号】23.0-23.5cm <br>【38号】23.5-24.0cm <br>【39号】24.0-24.5cm <br>221-1/ヒール8cm ストーム1cm <br>221-2/ヒール8cm ストーム1cm <br>2870-28/ヒール6cm ストーム1.5cm <br><br>【注意点】<br>※モニターの都合上、掲載写真と実際の色が異なる場合がございます。 <br>※製品により多少の誤差が生じる場合がございます。<br><br><font color=""#FF0000"">【送料無料に関するご注意】<br>北海道・沖縄県及び離島地域については別途送料がかかります。ご了承くださいませ。</font><br><br><br><iframe src=""http://www.rakuten.ne.jp/gold/sugarbiscuit/sugar-itembottom.html"" scrolling=""auto"" width=""100%"" height=""300"" frameborder=""0"" allowtransparency=""true""　　　　　　　　　　　　　　　　　　　></iframe 　　　><br><br><br><br>",売り切れ御免の在庫処分！【キャンセル・返品・交換不可】本革アンクルストラップサンダル 全3type【lg0144】 サンダル 【即納：1-3営業日】 宅別：SUGAR BISKET,通信販売通販ショッピングオンラインショッピング買い物プレゼントギフト贈り物贈答品お中元お歳暮お買い得ブーツパンプススリッポンサンダルオールインワンワンピーススカートトップスパンツレギンス売り切れ御免の在庫処分！【キャンセル・返品・交換不可】本革アンクルストラップサンダル 全3type【lg0144】 サンダル 【即納：1-3営業日】 宅別,レディース 靴 アンクルストラップ ピンヒール サンダル。売り切れ御免の在庫処分！【キャンセル・返品・交換不可】本革アンクルストラップサンダル 全3type【lg0144】 サンダル 【即納：1-3営業日】 宅別[rn]
14-171580,http://tshop.r10s.jp/sugarbiscuit/cabinet/item11/ym853z.jpg?fitin=700:700,1104.0000,,靴 > レディース靴 > サンダル > ストラップ,ポインテッドトゥウエッジソールサンダル【ym853】サンダル 【予約販売：15営業日】 宅別,,"■商品発送目安：1～3営業日<br><br>■素材<br>PU、スエード<br><br>■カラー<br>ブラック、ブルー、ホワイト、オレンジ<br><br>■サイズ<br>【35号】22.0-22.5cm ヒール8.5cm　甲幅12.5cm<br>【36号】22.5-23.0cm ヒール9cm　甲幅13cm<br>【37号】23.0-23.5cm ヒール9.5cm　甲幅13.5cm<br>【38号】23.5-24.0cm ヒール10cm　甲幅14cm<br>【39号】24.0-24.5cm ヒール10.5cm　甲幅14.5cm<br><br>【注意点】<br>※モニターの都合上、掲載写真と実際の色が異なる場合がございます。 <br>※製品により多少の誤差が生じる場合がございます。<br><br><br><br><br><font color=""#FF0000"">【送料無料に関するご注意】<br>北海道・沖縄県及び離島地域については別途送料がかかります。ご了承くださいませ。</font><br><br><br><iframe src=""http://www.rakuten.ne.jp/gold/sugarbiscuit/sugar-itembottom.html"" scrolling=""auto"" width=""100%"" height=""300"" frameborder=""0"" allowtransparency=""true""　　　　　　　　　　　　　　　　　　　></iframe 　　　><br><br><br><br>",ポインテッドトゥウエッジソールサンダル【ym853】サンダル 【予約販売：15営業日】 宅別：SUGAR BISKET,通信販売通販ショッピングオンラインショッピング買い物プレゼントギフト贈り物贈答品お中元お歳暮お買い得ブーツパンプススリッポンサンダルオールインワンワンピーススカートトップスパンツレギンスポインテッドトゥウエッジソールサンダル【ym853】サンダル 【予約販売：15営業日】 宅別,雑誌掲載 レディース 靴 ポインテッドトゥ ウエッジ サンダル。ポインテッドトゥウエッジソールサンダル【ym853】サンダル 【予約販売：15営業日】 宅別[rn]
14-171581,http://tshop.r10s.jp/sugarbiscuit/cabinet/item-j02/lgsp-ab0520_01.jpg?fitin=700:700,1467.2000,,靴 > レディース靴 > サンダル > ストラップ,ストラップ付き ジュート ウエッジ サンダル 厚底 レディース エスパドリーユ ウェッジソール 歩きやすい オフィス 夏 黒【lgsp-ab0520】【予約販売：15営業日】宅込 夏涙価格,,"<img src=""http://image.rakuten.co.jp/la-gemme/cabinet/item-j02/lgsp-ab0520_02.jpg"" width=""100%""><br><img src=""http://image.rakuten.co.jp/la-gemme/cabinet/item-j02/lgsp-ab0520_03.jpg"" width=""100%""><br><img src=""http://image.rakuten.co.jp/la-gemme/cabinet/item-j02/lgsp-ab0520_05.jpg"" width=""100%""><br><br><center>→→　ＣＬＩＣＫ　←←<br>【もっとコーデ画像を見る】<br><br></center><br><table width=""100%""><tr bgcolor=""#f5f5f5""><td><b><font color=""#212121"" size=""2"">商品詳細</font></b><br></td></tr></table><table width=""100%""><tr bgcolor=""#f5f5f5""><td><b><font color=""#212121"" size=""2"">サイズ・素材</font></b><br></td></tr></table>■素材<br>スエード<br><br>■カラー<br>ブラック　ベージュ　ピンク<br><br><br><center>【サイズについてはこちら】<br><br></center><br><table width=""100%""><tr bgcolor=""#f5f5f5""><td><b><font color=""#212121"" size=""2"">【注意点】</font></b><br></td></tr></table>※モニターの都合上、掲載写真と実際の色が異なる場合がございます。 <br>※製品により多少の誤差が生じる場合がございます。<br><br><table width=""100%""><tr bgcolor=""#f5f5f5""><td><b><font color=""#212121"" size=""2"">【商品カテゴリ】</font></b><br></td></tr></table><Font color=""#999999"" size=""-1"">レディース　シューズ</Font><br><br><table width=""100%""><tr bgcolor=""#f5f5f5""><td><b><font color=""#212121"" size=""2"">【送料無料に関するご注意】</font></b><br></td></tr></table>北海道・沖縄県及び離島地域については別途送料がかかります。ご了承くださいませ。<br><br><table width=""100%""><tr bgcolor=""#ffc0cb""><td><b><font color=""#212121"" size=""2"">※こちらの商品の発送日について※</font></b><br></td></tr></table><Font color=""#ff0000"" size=""+2"">■商品発送目安：ご注文から15営業日で発送</font><br><br><center>【予約商品についてはこちら】<br><br></center><br><center>【お買い物ガイドはこちら】<br><br></center><br><br><hr><br><br>",ストラップ付き ジュート ウエッジ サンダル 厚底 レディース エスパドリーユ ウェッジソール 歩きやすい オフィス 夏 黒【lgsp-ab0520】【予約販売：15営業日】宅込 夏涙価格：SUGAR BISKET,通信販売通販ショッピングオンラインショッピング買い物プレゼントギフト贈り物贈答品お中元お歳暮お買い得ブーツパンプススリッポンサンダルオールインワンワンピーススカートトップスパンツレギンスストラップ付き ジュート ウエッジ サンダル 厚底 レディース エスパドリーユ ウェッジソール 歩きやすい オフィス 夏 黒【lgsp-ab0520】【予約販売：15営業日】宅込 夏涙価格,ストラップ付き ジュート ウエッジ サンダル 厚底。ストラップ付き ジュート ウエッジ サンダル 厚底 レディース エスパドリーユ ウェッジソール 歩きやすい オフィス 夏 黒【lgsp-ab0520】【予約販売：15営業日】宅込 夏涙価格[rn]
14-171582,http://tshop.r10s.jp/sugarbiscuit/cabinet/item50/lgss-2016.jpg?fitin=700:700,740.8000,,靴 > レディース靴 > サンダル > ストラップ,リゾートサンダル 細ストラップ サンダル ローヒール ぺたんこ 夏新作 レディース スポーツサンダル 厚底 スポサン【lgss-2016】【予約販売：15営業日】メ込,,"<img src=""http://image.rakuten.co.jp/la-gemme/cabinet/item50/lgss-2016_1.jpg"" width=""100%""><br><img src=""http://image.rakuten.co.jp/la-gemme/cabinet/item50/lgss-2016_2.jpg"" width=""100%""><br><img src=""http://image.rakuten.co.jp/la-gemme/cabinet/item50/lgss-2016_3.jpg"" width=""100%""><br><img src=""http://image.rakuten.co.jp/la-gemme/cabinet/item50/lgss-2016_4.jpg"" width=""100%""><br><img src=""http://image.rakuten.co.jp/la-gemme/cabinet/item50/lgss-2016_5.jpg"" width=""100%""><br><img src=""http://image.rakuten.co.jp/la-gemme/cabinet/item50/lgss-2016_sizea.jpg"" width=""100%""><br><img src=""http://image.rakuten.co.jp/la-gemme/cabinet/item50/lgss-2016_sizeb.jpg"" width=""100%""><br><img src=""http://image.rakuten.co.jp/la-gemme/cabinet/item50/lgss-2016_sizecd.jpg"" width=""100%""><br><br><font size=""+2"" color=""red""><b>こちらの商品は、メール便での配送です。</b><br><br>【ご注意】<br>【当店からのご注文お礼メール受信以前に関わらず当店では、注文確定後のキャンセル・内容変更等はお受けできません。 よくご確認の上、ご注文ください。】</font><br><br>■商品発送目安：ご注文から15営業日で発送<br><br><table bgcolor=""#CCCCCC"" cellpadding=""5"" cellspacing=""1"" width=""100%""><tr><td bgcolor=""#f5f5f5"" width=""15%"" align=""center"" colspan=""2"">商品詳細</td></tr><tr><td bgcolor=""#f5f5f5"" width=""15%"">素材</td><td width=""85%"" bgcolor=""#FFFFFF"">ATYPE:PU　 BTYPE:PU　CTYPE:スエード　DTYPE:スエード　ETYPE:PU<br></td></tr><tr><td bgcolor=""#f5f5f5"">カラー</td><td bgcolor=""#FFFFFF"">5TYPE　14カラー<br></td></tr><tr><td bgcolor=""#f5f5f5"">ご注意</td><td bgcolor=""#FFFFFF""><font color=""#FF0000"">※お使いのモニター環境や、撮影場所やイメージにより 実際の商品と色味が若干異なる場合がございます<br>    ※製品により多少の誤差が生じる場合がございます。</font></td></tr></table><br>【注意点】<br>※モニターの都合上、掲載写真と実際の色が異なる場合がございます。 <br>※製品により多少の誤差が生じる場合がございます。<br><br><font color=""#FF0000"">【送料無料に関するご注意】<br>北海道・沖縄県及び離島地域については別途送料がかかります。ご了承くださいませ。</font><br><br><br><br><br><iframe src=""http://www.rakuten.ne.jp/gold/sugarbiscuit/sugar-itembottom.html"" scrolling=""auto"" width=""100%"" height=""300"" frameborder=""0"" allowtransparency=""true"" 　　　　　　　　　　　　　　　　　　　　　　　　　　　　　　　　　　　　　　　　　　　　　　　　　　　　　　　　　　　　　　　　　　　　　　　　　　　　　　　　　　　　　　　　　　　　　　　　　　　　　　　　　　　　　　　　　　　　　　　　　　　　　　　　　　　　　　　　　　　　　　　　　　　　　　　　　　　　　　　　　　　　　　　　　　　　　　　　　　　　　　　　　　　　　　　　　　　　　　　　　　　　　　　　　　　　　　　　　　　　　　　　　　　　　　　　　　　　　　　　　　　　　　　　　　　　　　　　　　　　　　　　　　　　　　　　　　　　　　　　　　　　　　　　　　　　　　　　　　　　　　　　　　　　　　　　　　　　　　　　　　　　　　　　　　　　　　　　　　　　　　　　　　　　　　　　　　　　　　　　　　　　　　　　　　　　　　　　　　　　　　　　　　　　　　　　　　　　　　　　　　　　　　　　　　　　　　　　　　　　　　　　　　　　　　　　　　　　　　　　　　　　　　　　　　　　　　　　　　　　　　　　　　　　　　　　　　　　　　　　　　　　　　　　　　　　　　　　　　　　　　　　　　　　　　　　　　　　　　　　　　　　　　　　　　　　　　　　　　　　　　　　　　　　　　　　　　　　　　　　　　　　　　　　　　　　　　　　　　　　　　　　　　　　　　　　　　　　　　　　　　　　　　　　　　　　　　　　　　　　　　　　　　　　　　　　　　　　　　　　　　　　　　　　　　　　　　　　　　　　　　　　　　　　　　　　　　　　　　　　　　　　　　　　　　　　　　　　　　　　　　　　　　　　　　　　　　　　　　　　　　　　　　　　　　　　　　　　　　　　　　　　　　　　　　　　　　　　　　　　　　　　　　　　></iframe 　　　><br><br>",リゾートサンダル 細ストラップ サンダル ローヒール ぺたんこ 夏新作 レディース スポーツサンダル 厚底 スポサン【lgss-2016】【予約販売：15営業日】メ込：SUGAR BISKET,通信販売通販ショッピングオンラインショッピング買い物プレゼントギフト贈り物贈答品お中元お歳暮お買い得ブーツパンプススリッポンサンダルオールインワンワンピーススカートトップスパンツレギンスリゾートサンダル 細ストラップ サンダル ローヒール ぺたんこ 夏新作 レディース スポーツサンダル 厚底 スポサン【lgss-2016】【予約販売：15営業日】メ込,リゾートサンダル 細ストラップ サンダル ローヒール ぺたんこ。リゾートサンダル 細ストラップ サンダル ローヒール ぺたんこ 夏新作 レディース スポーツサンダル 厚底 スポサン【lgss-2016】【予約販売：15営業日】メ込[rn]
14-171583,http://tshop.r10s.jp/grobe/cabinet/03153716/img64426208.jpg?fitin=700:700,3984.0000,,靴 > レディース靴 > サンダル > ストラップ,爪先にスタッズがキラリ◇スタッズトゥデザインクロスベルトぺたんこブーツサンダル/フラットサンダル/グラディエーター/ブーティ風/ブーサン/あす楽対応/送料無料,,"足元ボリュームでコーデバランスGOOD！<BR>
この夏オススメのブーツサンダル★<BR>
<BR>
＜サイズ＞＊下置きにて採寸(約)　＊ヒール約1cm(高さに含む)<BR>
23.0cm／履き口内周23cm／重量180g／高さ12.5cm<BR>
23.5cm／履き口内周23.5cm／重量182g／高さ13cm<BR>
24.0cm／履き口内周24cm／重量190g／高さ13.5cm<BR>
24.5cm／履き口内周24cm／重量194g／高さ13.5cm<BR>
25.0cm／履き口内周25cm／重量196g／高さ13.5cm<BR>
<BR><BR>
＜素材＞【表地】合成皮革／メタル　【ソール&ヒール】プラスチックゴム<BR>",爪先にスタッズがキラリ◇スタッズトゥデザインクロスベルトぺたんこブーツサンダル/フラットサンダル/グラディエーター/ブーティ風/ブーサン/あす楽対応/送料無料：グローブ 【大人かわいい】,通信販売通販ショッピングオンラインショッピング買い物プレゼントギフト贈り物贈答品お中元お歳暮お買い得ジョガーパンツクロップドパンツサルエルパンツ大人かわいい大人可愛い送料無料福袋大人カワイイスーツ生地デニムシャツかごバッグピンストライプ送料込ウエスタンシャツ迷彩ガウチョパンツあす楽スカーチョスカンツジョッパーズパンツ爪先にスタッズがキラリ◇スタッズトゥデザインクロスベルトぺたんこブーツサンダル/フラットサンダル/グラディエーター/ブーティ風/ブーサン/あす楽対応/送料無料,爪先にスタッズがキラリ◇スタッズトゥデザインクロスベルトぺたんこブーツサンダル/フラットサンダル/グラディエーター/ブーティ風/ブーサン/あす楽対応/送料無料[rn]
14-171584,http://tshop.r10s.jp/motemotehitomi/cabinet/han/10/amm-a07.jpg?fitin=700:700,1260.8000,,靴 > レディース靴 > サンダル > ストラップ,レディース 靴 サンダル 甲ベルト スリッパサンダル ポインテッドトゥ スタッズ 痛くない フラット 春【amm-a07】【予約販売：10-15営業日】メ込,,"<!--ここからSP用商品説明文--><div class=""item_detail"" =""""><br><img ="""" src=""http://image.rakuten.co.jp/motemotehitomi/cabinet/han/10/amm-a07_1.jpg""><br><img ="""" src=""http://image.rakuten.co.jp/motemotehitomi/cabinet/han/10/amm-a07_2.jpg""><br><img ="""" src=""http://image.rakuten.co.jp/motemotehitomi/cabinet/han/10/amm-a07_3.jpg""><br><img ="""" src=""http://image.rakuten.co.jp/motemotehitomi/cabinet/han/10/amm-a07_4.jpg""><br><img ="""" src=""http://image.rakuten.co.jp/motemotehitomi/cabinet/han/10/amm-a07_5.jpg""><br><img ="""" src=""http://image.rakuten.co.jp/motemotehitomi/cabinet/han/10/amm-a07_6.jpg""><br><img ="""" src=""http://image.rakuten.co.jp/motemotehitomi/cabinet/han/10/amm-a07_7.jpg""><br><img ="""" src=""http://image.rakuten.co.jp/motemotehitomi/cabinet/han/10/amm-a07_8.jpg""><br><img ="""" src=""http://image.rakuten.co.jp/motemotehitomi/cabinet/han/10/amm-a07_9.jpg""><br><img ="""" src=""http://image.rakuten.co.jp/motemotehitomi/cabinet/han/10/amm-a07_10.jpg""><br><img ="""" src=""http://image.rakuten.co.jp/motemotehitomi/cabinet/han/10/amm-a07_11.jpg""><br><img ="""" src=""http://image.rakuten.co.jp/motemotehitomi/cabinet/han/10/amm-a07_12.jpg""><br><img ="""" src=""http://image.rakuten.co.jp/motemotehitomi/cabinet/han/10/amm-a07_13.jpg""><br><img ="""" src=""http://image.rakuten.co.jp/motemotehitomi/cabinet/han/10/amm-a07_14.jpg""><br><img ="""" src=""http://image.rakuten.co.jp/motemotehitomi/cabinet/han/10/amm-a07_15.jpg""><br><img ="""" src=""http://image.rakuten.co.jp/motemotehitomi/cabinet/han/10/amm-a07_16.jpg""><br><img ="""" src=""http://image.rakuten.co.jp/motemotehitomi/cabinet/han/10/amm-a07_17.jpg""><br><img ="""" src=""http://image.rakuten.co.jp/motemotehitomi/cabinet/han/10/amm-a07_18.jpg""><br><img ="""" src=""http://image.rakuten.co.jp/motemotehitomi/cabinet/han/10/amm-a07_19.jpg""><br><img ="""" src=""http://image.rakuten.co.jp/motemotehitomi/cabinet/han/10/amm-a07_20.jpg""><br><img ="""" src=""http://image.rakuten.co.jp/motemotehitomi/cabinet/han/10/amm-a07_21.jpg""><br><img ="""" src=""http://image.rakuten.co.jp/motemotehitomi/cabinet/han/10/amm-a07_22.jpg""><br><img ="""" src=""http://image.rakuten.co.jp/motemotehitomi/cabinet/han/10/amm-a07_23.jpg""><br><img ="""" src=""http://image.rakuten.co.jp/motemotehitomi/cabinet/han/10/amm-a07_24.jpg""><br><img ="""" src=""http://image.rakuten.co.jp/motemotehitomi/cabinet/han/10/amm-a07_25.jpg""><br><img ="""" src=""http://image.rakuten.co.jp/motemotehitomi/cabinet/han/10/amm-a07_26.jpg""><br><img ="""" src=""http://image.rakuten.co.jp/motemotehitomi/cabinet/han/10/amm-a07_27.jpg""><br><img ="""" src=""http://image.rakuten.co.jp/motemotehitomi/cabinet/han/10/amm-a07_28.jpg""><br><img ="""" src=""http://image.rakuten.co.jp/motemotehitomi/cabinet/han/10/amm-a07_29.jpg""><br><img ="""" src=""http://image.rakuten.co.jp/motemotehitomi/cabinet/han/10/amm-a07_30.jpg""><br><img ="""" src=""http://image.rakuten.co.jp/motemotehitomi/cabinet/han/10/amm-a07_31.jpg""><br><img ="""" src=""http://image.rakuten.co.jp/motemotehitomi/cabinet/han/10/amm-a07_32.jpg""><br><img ="""" src=""http://image.rakuten.co.jp/motemotehitomi/cabinet/han/10/amm-a07_33.jpg""><br><img ="""" src=""http://image.rakuten.co.jp/motemotehitomi/cabinet/han/10/amm-a07_34.jpg""><br><img ="""" src=""http://image.rakuten.co.jp/motemotehitomi/cabinet/han/10/amm-a07_35.jpg""><br><img ="""" src=""http://image.rakuten.co.jp/motemotehitomi/cabinet/han/10/amm-a07_36.jpg""><br><img ="""" src=""http://image.rakuten.co.jp/motemotehitomi/cabinet/han/10/amm-a07_37.jpg""><br><img ="""" src=""http://image.rakuten.co.jp/motemotehitomi/cabinet/han/10/amm-a07_size.jpg""><br></div =""""><div ="""" class=""item_spec""><div ="""" class=""h1"">ITEM SPEC</div =""""><table border=""0"" cellpadding=""0"" cellspacing=""0""><tr><th>素材</th><td>PU</td></tr><tr><th>カラー</th><td>ホワイト/ブラック/グリーン/ピンク</td></tr><tr><th>サイズ</th><td>35/36/37/38/39</td></tr><tr><th>注意点</th><td>■モニターの都合上、掲載写真と実際の色が異なる場合がございます。</td></tr></table></div =""""><div ="""" class=""deli_attention"">こちらの商品は、メール便での配送です。</div =""""><div ="""" class=""cancel_attention""><span ="""">【ご注意】</span ="""">当店からのご注文お礼メール受信以前に関わらず当店では、注文確定後のキャンセル・内容変更等はお受けできません。 よくご確認の上、ご注文ください。</div =""""><p class=""attention"" ="""">【送料無料に関するご注意】<br>北海道・沖縄県及び離島地域については別途送料がかかります。ご了承くださいませ。</p =""""><div ="""" class=""delivery""><div ="""" class=""text"">商品の発送について：10-15営業日</div =""""><div ="""" class=""btn"">発送に関するお知らせはこちらをご覧ください。</div =""""></div =""""><iframe ="""" src=""http://www.rakuten.ne.jp/gold/motemotehitomi/mote-itembottom.html"" scrolling=""auto"" width=""100%"" height=""300"" frameborder=""0"" allowtransparency=""true""></iframe ="""">【サイズについてはこちら】<br><div ="""" class=""common_bnr""><img src=""http://www.rakuten.ne.jp/gold/motemotehitomi/new_design/img/common/item/shoes_size.png"" width=""100%""></div ="""">【お買い物ガイドはこちら】<br><!--ここまでSP用商品説明文-->",レディース 靴 サンダル 甲ベルト スリッパサンダル ポインテッドトゥ スタッズ 痛くない フラット 春【amm-a07】【予約販売：10-15営業日】メ込：Libe,通信販売通販ショッピングオンラインショッピング買い物プレゼントギフト贈り物贈答品お中元お歳暮お買い得レディースファッションレディスファッションパンプスブーツサンダルワンピーストップスレディースパンツスカート女性激安アウタージャケットトップスコートViViカーディガンスニーカー海外セレブレディース 靴 サンダル 甲ベルト スリッパサンダル ポインテッドトゥ スタッズ 痛くない フラット 春【amm-a07】【予約販売：10-15営業日】メ込,レディース 靴 サンダル 甲ベルト スリッパサンダル。レディース 靴 サンダル 甲ベルト スリッパサンダル ポインテッドトゥ スタッズ 痛くない フラット 春【amm-a07】【予約販売：10-15営業日】メ込[rn]
14-171585,http://tshop.r10s.jp/liberty-h/cabinet/foot/wtn208eee_re.jpg?fitin=700:700,12920.0000,,靴 > レディース靴 > レインシューズ > ブーツ,Wacoal ワコール＜Tear ティア＞機能性晴雨兼用シューズ【EEE】デザインミドルブーツ[55mmヒール]WTN208,,"<img src=""http://www.rakuten.ne.jp/gold/liberty-h/guide/img/check.jpg"" border=""0"" width=""100%""><br> <table width=""300"" cellpadding=""10"" bgcolor=""#002BAA"">
<tr>
<td align=""center"">
<hr>
<font color=""#ffffff"" size=""5""><b>Tear</b><br>
<font size=""2"">雨の日も、晴れの日も。ムレにくい防水タイプ。
<hr>
どんな天気の時だって、心はればれ。</font></font>
</td></tr></table>

<br>
雨の日だって、足元のおしゃれを楽しみたい。<br>
歩きやすさと履き心地に、防水性や透湿性をプラス。<br>
気持ちまでもを楽しくする、全天候対応のシューズです。<br>
<br>


防水性・透湿性にすぐれた[Out Dry]を表素材に使用し、<br>
外側の水を通さず、内側の湿気を逃がし、<br>
快適な履き心地の機能性晴雨兼用シューズ。<br>
<br>
突然の雨や天候の変わりやすい時期などにおススメ。<br>
<br>


アウトソールに合成ゴム製の[耐滑ソール]を採用し、<br>
滑りにくく、EVAのやわらかいミッドソールで、<br>
快適な歩行をサポート。<br>
<br>


やわらかなウレタンクッションのカップインソール搭載。<br>
快適なはきごこちをサポート。<br>
<br>


ほどよい高さのヒールで、活動的な女性をサポート。<br>
高級感のあるツイード柄のプリントが上品なミドルブーツ。<br>
おしゃれなデザインで晴雨兼用着用可能。<br>
<br>
※お客様のご使用条件(床面の状態・床の材質)により、<br>
滑りやすくなる場合もあります。<br>
ご使用にあたっては、十分ご注意くださいますよう<br>
お願い申し上げます。<br>
<br>
<TABLE cellpadding=""10"" cellspacing=""3"" width=""100%"">

<tr><th bgcolor=""#CA60AF"" width=""80""><font color=""#ffffff"">サイズ</font></th><td bgcolor=""#FFEAFA"">
22.5cm 23.0cm 23.5cm 24.0cm 24.5cm

</td></tr><tr><th bgcolor=""#CA60AF"" width=""80""><font color=""#ffffff"">カラー</font></th><td bgcolor=""#FFEAFA"">
BRブラウン REレッド

</td></tr><tr><th bgcolor=""#CA60AF"" width=""80""><font color=""#ffffff"">ヒール高</font></th><td bgcolor=""#FFEAFA"">
5.5cm 55mm

</td></tr><tr><th bgcolor=""#CA60AF"" width=""80""><font color=""#ffffff"">ワイズ(足囲)</font></th><td bgcolor=""#FFEAFA"">
EEE 3E 幅広

</td></tr><tr><th bgcolor=""#CA60AF"" width=""80""><font color=""#ffffff"">トゥ(つま先)</font></th><td bgcolor=""#FFEAFA"">
ラウンドトゥ

</td></tr><tr><th bgcolor=""#CA60AF"" width=""80""><font color=""#ffffff"">筒丈</font></th><td bgcolor=""#FFEAFA"">
約200mm

</td></tr><tr><th bgcolor=""#CA60AF"" width=""80""><font color=""#ffffff"">表地</font></th><td bgcolor=""#FFEAFA"">
ナイロン

</td></tr><tr><th bgcolor=""#CA60AF"" width=""80""><font color=""#ffffff"">インソール</font></th><td bgcolor=""#FFEAFA"">
カップインソール(取り外し可能)

</td></tr><tr><th bgcolor=""#CA60AF"" width=""80""><font color=""#ffffff"">アウトソール</font></th><td bgcolor=""#FFEAFA"">
耐滑ソール(合成ゴム)

</td></tr><tr><th bgcolor=""#CA60AF"" width=""80""><font color=""#ffffff"">機能</font></th><td bgcolor=""#FFEAFA"">
アウトドライ 晴雨兼用 全天候型 レインブーツ

</TD></TR></TABLE>",Wacoal ワコール＜Tear ティア＞機能性晴雨兼用シューズ【EEE】デザインミドルブーツ[55mmヒール]WTN208：リバティハウス,下着ワコールナイトウェアサルートインナーランジェリートレフルスタディオファイブショーツパンツブラジャー　肌着セクシースリップベビードール　-5歳の魔法着やせパンツTバックショーツ男性下着マイクロヒップスLALANWacoal ワコール＜Tear ティア＞機能性晴雨兼用シューズ【EEE】デザインミドルブーツ[55mmヒール]WTN208,Wacoal ワコール＜Tear ティア＞機能性晴雨兼用シューズ【EEE】デザインミドルブーツ[55mmヒール]WTN208[rn]
14-171586,http://tshop.r10s.jp/liberty-h/cabinet/foot/wtn441eee_dr.jpg?fitin=700:700,12240.0000,,靴 > レディース靴 > レインシューズ > ブーツ,Wacoal ワコール＜Tear ティア＞機能性晴雨兼用シューズ【EEE】デザインショートブーツ[40mmヒール]WTN441,,"<img src=""http://www.rakuten.ne.jp/gold/liberty-h/guide/img/check.jpg"" border=""0"" width=""100%""><br> <table width=""300"" cellpadding=""10"" bgcolor=""#002BAA"">
<tr>
<td align=""center"">
<hr>
<font color=""#ffffff"" size=""5""><b>Tear</b><br>
<font size=""2"">雨の日も、晴れの日も。ムレにくい防水タイプ。
<hr>
どんな天気の時だって、心はればれ。</font></font>
</td></tr></table>

<br>
雨の日だって、足元のおしゃれを楽しみたい。<br>
歩きやすさと履き心地に、防水性や透湿性をプラス。<br>
気持ちまでもを楽しくする、全天候対応のシューズです。<br>
<br>


防水性・透湿性にすぐれた[Out Dry]を表素材に使用し、<br>
外側の水を通さず、内側の湿気を逃がし、<br>
快適な履き心地の機能性晴雨兼用シューズ。<br>
<br>
突然の雨や天候の変わりやすい時期などにおススメ。<br>
<br>


アウトソールに合成ゴム製の[耐滑ソール]を採用し、<br>
滑りにくく、EVAのやわらかいミッドソールで、<br>
快適な歩行をサポート。<br>
<br>


やわらかなウレタンクッションのカップインソール搭載。<br>
快適なはきごこちをサポート。<br>
<br>


ほどよい高さのヒールで、活動的な女性をサポート。<br>
雨の日はもちろん、晴れた日にも履きたくなる、<br>
おしゃれなショートブーツ。<br>
編み上げブーツなので、パンツスタイルにも<br>
スカートにも合わせやすい。<br>
履き口のループに指を入れて引っ張れば足入れもラクラク。<br>
<br>
※お客様のご使用条件(床面の状態・床の材質)により、<br>
滑りやすくなる場合もあります。<br>
ご使用にあたっては、十分ご注意くださいますよう<br>
お願い申し上げます。<br>
<br>
<TABLE cellpadding=""10"" cellspacing=""3"" width=""100%"">

<tr><th bgcolor=""#CA60AF"" width=""80""><font color=""#ffffff"" size=""2"">サイズ</font></th><td bgcolor=""#FFEAFA""><font size=""2"">
22.0cm 22.5cm 23.0cm 23.5cm 24.0cm 24.5cm

</font></td></tr><tr><th bgcolor=""#CA60AF"" width=""80""><font color=""#ffffff"" size=""2"">カラー</font></th><td bgcolor=""#FFEAFA""><font size=""2"">
BLブラック DRダークブラウン OCオークル

</font></td></tr><tr><th bgcolor=""#CA60AF"" width=""80""><font color=""#ffffff"" size=""2"">ヒール高</font></th><td bgcolor=""#FFEAFA""><font size=""2"">
4.0cm 40mm

</font></td></tr><tr><th bgcolor=""#CA60AF"" width=""80""><font color=""#ffffff"" size=""2"">ワイズ(足囲)</font></th><td bgcolor=""#FFEAFA""><font size=""2"">
EEE 3E 幅広

</font></td></tr><tr><th bgcolor=""#CA60AF"" width=""80""><font color=""#ffffff"" size=""2"">トゥ(つま先)</font></th><td bgcolor=""#FFEAFA""><font size=""2"">
ラウンドトゥ

</font></td></tr><tr><th bgcolor=""#CA60AF"" width=""80""><font color=""#ffffff"" size=""2"">表地</font></th><td bgcolor=""#FFEAFA""><font size=""2"">
ポリエステル

</font></td></tr><tr><th bgcolor=""#CA60AF"" width=""80""><font color=""#ffffff"" size=""2"">インソール</font></th><td bgcolor=""#FFEAFA""><font size=""2"">
カップインソール(取り外し可能)

</font></td></tr><tr><th bgcolor=""#CA60AF"" width=""80""><font color=""#ffffff"" size=""2"">アウトソール</font></th><td bgcolor=""#FFEAFA""><font size=""2"">
耐滑ソール(合成ゴム)

</font></td></tr><tr><th bgcolor=""#CA60AF"" width=""80""><font color=""#ffffff"" size=""2"">機能</font></th><td bgcolor=""#FFEAFA""><font size=""2"">
アウトドライ 晴雨兼用 全天候型 レインブーツ

</font></td></TR></TABLE>",Wacoal ワコール＜Tear ティア＞機能性晴雨兼用シューズ【EEE】デザインショートブーツ[40mmヒール]WTN441：リバティハウス,下着ワコールナイトウェアサルートインナーランジェリートレフルスタディオファイブショーツパンツブラジャー　肌着セクシースリップベビードール　-5歳の魔法着やせパンツTバックショーツ男性下着マイクロヒップスLALANWacoal ワコール＜Tear ティア＞機能性晴雨兼用シューズ【EEE】デザインショートブーツ[40mmヒール]WTN441,Wacoal ワコール＜Tear ティア＞機能性晴雨兼用シューズ【EEE】デザインショートブーツ[40mmヒール]WTN441[rn]
14-171587,http://tshop.r10s.jp/liberty-h/cabinet/foot/wtn437eee_bl.jpg?fitin=700:700,12920.0000,,靴 > レディース靴 > レインシューズ > ブーツ,Wacoal ワコール＜Tear ティア＞機能性晴雨兼用シューズ【EEE】ミドルブーツ[55mmヒール]WTN437,ワコール ティア 晴れ雨兼用,"<img src=""http://www.rakuten.ne.jp/gold/liberty-h/guide/img/check.jpg"" border=""0"" width=""100%""><br> <table width=""300"" cellpadding=""10"" bgcolor=""#002BAA"">
<tr>
<td align=""center"">
<hr>
<font color=""#ffffff"" size=""5""><b>Tear</b><br>
<font size=""2"">雨の日も、晴れの日も。ムレにくい防水タイプ。
<hr>
どんな天気の時だって、心はればれ。</font></font>
</td></tr></table>


雨の日だって、足元のおしゃれを楽しみたい。<br>
歩きやすさと履き心地に、防水性や透湿性をプラス。<br>
気持ちまでもを楽しくする、全天候対応のシューズです。<br>
<br>


防水性・透湿性にすぐれた[Out Dry]を表素材に使用し、<br>
外側の水を通さず、内側の湿気を逃がし、<br>
快適な履き心地の機能性晴雨兼用シューズ。<br>
<br>
突然の雨や天候の変わりやすい時期などにおススメ。<br>
<br>


アウトソールに合成ゴム製の[耐滑ソール]を採用し、<br>
滑りにくく、EVAのやわらかいミッドソールで、<br>
快適な歩行をサポート。<br>
<br>


やわらかなウレタンクッションのカップインソール搭載。<br>
快適なはきごこちをサポート。<br>
<br>


ほどよい高さのヒールで、活動的な女性をサポート。<br>
雨の日や晴れの日はもちろん、旅行にもぴったり。<br>
<br>


千鳥格子がシックなミドル丈ブーツ。<br>
おしゃれした日の着こなしにも合わせやすい立体感のある<br>
ジャカード素材が魅力的。<br>
<br>


※お客様のご使用条件(床面の状態・床の材質)により、<br>
滑りやすくなる場合もあります。<br>
ご使用にあたっては、十分ご注意くださいますよう<br>
お願い申し上げます。<br>
<br>


<TABLE cellpadding=""10"" cellspacing=""3"" width=""100%"">

<tr><th bgcolor=""#CA60AF"" width=""80""><font color=""#ffffff"">サイズ</font></th><td bgcolor=""#FFEAFA"">
22.5cm 23.0cm 23.5cm 24.0cm 24.5cm

</td></tr><tr><th bgcolor=""#CA60AF""><font color=""#ffffff"">カラー</font></th><td bgcolor=""#FFEAFA"">
BLブラック DRダークブラウン OVオリーブ

</td></tr><tr><th bgcolor=""#CA60AF""><font color=""#ffffff"">ヒール高</font></th><td bgcolor=""#FFEAFA"">
5.5cm 55mm

</td></tr><tr><th bgcolor=""#CA60AF""><font color=""#ffffff"">ワイズ(足囲)</font></th><td bgcolor=""#FFEAFA"">
EEE 3E

</td></tr><tr><th bgcolor=""#CA60AF""><font color=""#ffffff"">トゥ(つま先)</font></th><td bgcolor=""#FFEAFA"">
ラウンドトゥ

</td></tr><tr><th bgcolor=""#CA60AF""><font color=""#ffffff"">筒丈</font></th><td bgcolor=""#FFEAFA"">
約200mm

</td></tr><tr><th bgcolor=""#CA60AF""><font color=""#ffffff"">筒まわり</font></th><td bgcolor=""#FFEAFA"">
約350mm

</td></tr><tr><th bgcolor=""#CA60AF""><font color=""#ffffff"">表地</font></th><td bgcolor=""#FFEAFA"">
ポリエステル・ポリウレタン

</td></tr><tr><th bgcolor=""#CA60AF""><font color=""#ffffff"">インソール</font></th><td bgcolor=""#FFEAFA"">
カップインソール(取り外し可能)

</td></tr><tr><th bgcolor=""#CA60AF""><font color=""#ffffff"">アウトソール</font></th><td bgcolor=""#FFEAFA"">
耐滑ソール(合成ゴム)

</td></tr><tr><th bgcolor=""#CA60AF""><font color=""#ffffff"">機能</font></th><td bgcolor=""#FFEAFA"">
アウトドライ 晴雨兼用 全天候型 レインブーツ

</TD></TR></TABLE>",Wacoal ワコール＜Tear ティア＞機能性晴雨兼用シューズ【EEE】ミドルブーツ[55mmヒール]WTN437：リバティハウス,下着ワコールナイトウェアサルートインナーランジェリートレフルスタディオファイブショーツパンツブラジャー　肌着セクシースリップベビードール　-5歳の魔法着やせパンツTバックショーツ男性下着マイクロヒップスLALANWacoal ワコール＜Tear ティア＞機能性晴雨兼用シューズ【EEE】ミドルブーツ[55mmヒール]WTN437,ワコール ティア 晴れ雨兼用。Wacoal ワコール＜Tear ティア＞機能性晴雨兼用シューズ【EEE】ミドルブーツ[55mmヒール]WTN437[rn]
14-171588,http://tshop.r10s.jp/u-stream/cabinet/item/jls/jls-tallribbon-01.jpg?fitin=700:700,7600.0000,,靴 > レディース靴 > レインシューズ > ブーツ,ジュールズ JOULES ロング丈 レディース 女性 婦人 シューズ レインブーツ  【長靴 ブーツ レインシューズ ラバーブーツ スノーブーツ トール クラシック ロング】 雨靴  ピックアップ　ラバー イギリス ブランド ガーデニング 梅雨 雪 おでかけ,ジュールズ レディース レインブーツ,"<!--cartlink--><img src=""http://www.rakuten.ne.jp/gold/u-stream/lib/images/sp/sp_cart.gif"" width=""100%""><br><!--cartlink--><!--events--><div 　　　　　　　　　　　　　　　　　　=""""  class=""i_events_sp-wrapper""><iframe 　　　　　　　　　　　　　　　　　　="""" src=""http://www.rakuten.ne.jp/gold/u-stream/content/events.html"" frameborder=""0"" class=""i_events_sp"" style=""width:100%;height:220px;""></iframe  　></div  　><!--/events-->
<center> <b><font size=""2"" color=""red"">イギリス大人気ブランド<br> </font></b><b>【JOULES(ジュールズ)】</b><br> <b><font size=""3"" color=""red"">ついに入荷！<br> </font></b><font size=""2"" >★大人可愛いレインブーツ★<br>今ならラッピング無料</font></center><img src=""http://www.rakuten.ne.jp/gold/u-stream/cabinet/promotion/sp/jls-tallribbon.jpg"" width=""100%"" >
■素材■<br>本体：ラバー<br><br>■サイズ■<br>本体(サイズ) ： UK3/22cm・UK4/23cm・UK5/24cm・UK6/25cm<br><br>■セット■<br>専用ボックス<br><br>■特徴■<br>男女種別 ： レディース<br>商品カテゴリー ： シューズ ＞ レインブーツ<br><br>
<p><b><font color=""#0960c1"">■おすすめ!レインブーツコレクション</font></b><br> 
      
⇒大人気ブランド「HUNTER」シリーズはこちら！<br> <img src=""http://image.rakuten.co.jp/u-stream/cabinet/slider/ht-rainboots-01.jpg""> <br> <br>
 ⇒他にもありますジュールズコレクション★<br>
    </p>
<hr><br><br><iframe 　　　　　　　　　　　　　　　　　　="""" id=""info_common_f_sp"" src=""http://www.rakuten.ne.jp/gold/u-stream/content/info-common_sp.html"" scrolling=""no"" frameborder=""0"" width=""100%"" marginheight=""0"" marginwidth=""0"" style=""height:400px; display:none;"" ></iframe  　><table width=""100%""><tr bgcolor=""#ddd""><td><font color=""#000"" size=""2"">こちらも一緒にどうぞ</font></td></tr></table>
<img src=""http://www.rakuten.ne.jp/gold/u-stream/cabinet/promotion/guionnet/pg-bs2/zze-grans-banner.jpg"" width=""100%"" ><br><!-- モーダルウィンドウ ここから --><link rel=""stylesheet"" ="""" href=""http://www.rakuten.ne.jp/gold/u-stream/mordal/css/layerBoardSp.css?dummy=08""><script 　　　　　　　　　　　　　　　　　　="""" type=""text/javascript"" src=""http://www.rakuten.ne.jp/gold/u-stream/lib/js/jquery-1.8.2.min.js""></script  　><script 　　　　　　　　　　　　　　　　　　="""" type=""text/javascript"" src=""http://www.rakuten.ne.jp/gold/u-stream/mordal/js/jquery.cookie.js""></script  　><script 　　　　　　　　　　　　　　　　　　="""" type=""text/javascript"" src=""http://www.rakuten.ne.jp/gold/u-stream/mordal/js/jquery.layerBoard.js""></script  　><script 　　　　　　　　　　　　　　　　　　="""" type=""text/javascript"" src=""http://www.rakuten.ne.jp/gold/u-stream/mordal/js/mordal.js?dummy=06""></script  　><div 　　　　　　　　　　　　　　　　　　=""""  id=""layer_board_area""><div  　　　　　　　　　　　　　　　　　　=""""  class=""layer_board_bg""></div  　><div  　　　　　　　　　　　　　　　　　　=""""  class=""layer_board""><p><img src=""http://www.rakuten.ne.jp/gold/u-stream/html/sale/lib/images/201607/0709_m_coupon_2000.gif"" width=""95%"" /></p><div  　　　　　　　　　　　　　　　　　　=""""  class=""layer_close"">クーポンを閉じるには<br>画面のどこかをクリック！</div  　></div  　></div  　><!-- モーダルウィンドウ ここまで -->",ジュールズ JOULES ロング丈 レディース 女性 婦人 シューズ レインブーツ  【長靴 ブーツ レインシューズ ラバーブーツ スノーブーツ トール クラシック ロング】 雨靴  ピックアップ　ラバー イギリス ブランド ガーデニング 梅雨 雪 おでかけ：U-STREAM,ウォッチ　時計　腕時計　バッグ　鞄　かばん　財布　サイフ　アクセサリー　香水　フレグランス　ファッション　モデル特価　通販　訳あり　処分価格　プレゼント　誕生日　クリスマス　カジュアル　ビジネス　フォーマル　ドイツ　ヨーロッパ　フランス　ミラノ　mirano　日本　イタリア　スペインジュールズ JOULES ロング丈 レディース 女性 婦人 シューズ レインブーツ  【長靴 ブーツ レインシューズ ラバーブーツ スノーブーツ トール クラシック ロング】 雨靴  ピックアップ　ラバー イギリス ブランド ガーデニング 梅雨 雪 おでかけ,ジュールズ レディース レインブーツ。ジュールズ JOULES ロング丈 レディース 女性 婦人 シューズ レインブーツ  【長靴 ブーツ レインシューズ ラバーブーツ スノーブーツ トール クラシック ロング】 雨靴  ピックアップ　ラバー イギリス ブランド ガーデニング 梅雨 雪 おでかけ[rn]
14-171589,http://tshop.r10s.jp/u-stream/cabinet/item/ht/ht-w25064-blk-01.jpg?fitin=700:700,11840.0000,,靴 > レディース靴 > レインシューズ > ブーツ,ハンター HUNTER レディース シューズ レインブーツ - ロング丈【ブランド】 【長靴 ブーツ レインシューズ ラバーブーツ スノーブーツ トール クラシック ロング】  あす楽,ハンター レディース レインブーツ,"<div 　　　　　　　　　　　　　　　　　　=""""  class=""i_events_sp-wrapper  AreaSale""><iframe 　　　　　　　　　　　　　　　　　　="""" src=""http://www.rakuten.ne.jp/gold/u-stream/content/events.html"" frameborder=""0"" class=""i_variable_in"" style=""width:100%;height:220px;""></iframe  　></div  　><table width=""100%""><tr bgcolor=""#ddd""><td><font color=""#000"" size=""2"">■スペック</font></td></tr></table>■カラー■<br><br>■素材■<br>本体：天然ゴム(外側)<br>本体：コットン100％(内側)<br><br>■サイズ■<br>本体(サイズ) ： UK3 22cm/UK4 23cm/UK5 24cm/UK6 25cm<br><br>■特徴■<br>男女種別 ： レディース<br>商品カテゴリー ： シューズ ＞ レインシューズ<br>生産国 ： CHINA<br><br><div 　　　　　　　　　　　　　　　　　　=""""  class=""i_events_sp-wrapper shoes_info""><iframe 　　　　　　　　　　　　　　　　　　="""" src=""http://www.rakuten.ne.jp/gold/u-stream/content/item_info/shoes.html"" frameborder=""0"" class=""i_events_sp"" style=""width:100%;height:220px;""></iframe  　></div  　><iframe 　　　　　　　　　　　　　　　　　　="""" id=""info_common_f_sp"" src=""http://www.rakuten.ne.jp/gold/u-stream/content/info-common_sp.html"" scrolling=""no"" frameborder=""0"" width=""100%"" marginheight=""0"" marginwidth=""0"" style=""height:400px; display:none;"" ></iframe  　>",ハンター HUNTER レディース シューズ レインブーツ - ロング丈【ブランド】 【長靴 ブーツ レインシューズ ラバーブーツ スノーブーツ トール クラシック ロング】  あす楽：U-STREAM,ウォッチ　時計　腕時計　バッグ　鞄　かばん　財布　サイフ　アクセサリー　香水　フレグランス　ファッション　モデル特価　通販　訳あり　処分価格　プレゼント　誕生日　クリスマス　カジュアル　ビジネス　フォーマル　ドイツ　ヨーロッパ　フランス　ミラノ　mirano　日本　イタリア　スペインハンター HUNTER レディース シューズ レインブーツ - ロング丈【ブランド】 【長靴 ブーツ レインシューズ ラバーブーツ スノーブーツ トール クラシック ロング】  あす楽,ハンター レディース レインブーツ。ハンター HUNTER レディース シューズ レインブーツ - ロング丈【ブランド】 【長靴 ブーツ レインシューズ ラバーブーツ スノーブーツ トール クラシック ロング】  あす楽[rn]
14-171590,http://tshop.r10s.jp/u-stream/cabinet/item/ht/ht-uft4014rma-dov-01.jpg?fitin=700:700,11840.0000,,靴 > レディース靴 > レインシューズ > ブーツ,ハンター HUNTER レディース シューズ レインブーツ - ロング丈【ブランド】 【長靴 ブーツ レインシューズ ラバーブーツ スノーブーツ トール クラシック ロング】  あす楽,ハンター レディース レインブーツ,"<div 　　　　　　　　　　　　　　　　　　=""""  class=""i_events_sp-wrapper  AreaSale""><iframe 　　　　　　　　　　　　　　　　　　="""" src=""http://www.rakuten.ne.jp/gold/u-stream/content/events.html"" frameborder=""0"" class=""i_variable_in"" style=""width:100%;height:220px;""></iframe  　></div  　><table width=""100%""><tr bgcolor=""#ddd""><td><font color=""#000"" size=""2"">■スペック</font></td></tr></table>■カラー■<br><br>■素材■<br>本体：天然ゴム(外側)<br>本体：コットン100％(内側)<br><br>■サイズ■<br>本体(サイズ) ： UK3 22cm/UK4 23cm/UK5 24cm/UK6 25cm<br><br>■特徴■<br>男女種別 ： レディース<br>商品カテゴリー ： シューズ ＞ レインシューズ<br>生産国 ： INDONESIA<br><br><div 　　　　　　　　　　　　　　　　　　=""""  class=""i_events_sp-wrapper shoes_info""><iframe 　　　　　　　　　　　　　　　　　　="""" src=""http://www.rakuten.ne.jp/gold/u-stream/content/item_info/shoes.html"" frameborder=""0"" class=""i_events_sp"" style=""width:100%;height:220px;""></iframe  　></div  　><iframe 　　　　　　　　　　　　　　　　　　="""" id=""info_common_f_sp"" src=""http://www.rakuten.ne.jp/gold/u-stream/content/info-common_sp.html"" scrolling=""no"" frameborder=""0"" width=""100%"" marginheight=""0"" marginwidth=""0"" style=""height:400px; display:none;"" ></iframe  　>",ハンター HUNTER レディース シューズ レインブーツ - ロング丈【ブランド】 【長靴 ブーツ レインシューズ ラバーブーツ スノーブーツ トール クラシック ロング】  あす楽：U-STREAM,ウォッチ　時計　腕時計　バッグ　鞄　かばん　財布　サイフ　アクセサリー　香水　フレグランス　ファッション　モデル特価　通販　訳あり　処分価格　プレゼント　誕生日　クリスマス　カジュアル　ビジネス　フォーマル　ドイツ　ヨーロッパ　フランス　ミラノ　mirano　日本　イタリア　スペインハンター HUNTER レディース シューズ レインブーツ - ロング丈【ブランド】 【長靴 ブーツ レインシューズ ラバーブーツ スノーブーツ トール クラシック ロング】  あす楽,ハンター レディース レインブーツ。ハンター HUNTER レディース シューズ レインブーツ - ロング丈【ブランド】 【長靴 ブーツ レインシューズ ラバーブーツ スノーブーツ トール クラシック ロング】  あす楽[rn]
14-171591,http://tshop.r10s.jp/u-stream/cabinet/item/ht/ht-wft1008rgl-blk-01.jpg?fitin=700:700,11840.0000,,靴 > レディース靴 > レインシューズ > ブーツ,ハンター HUNTER WOMENS ORG TALL  レディース シューズ レインシューズ - ブーツ ロング丈【ブランド】,ハンター レディース レインシューズ,"<div 　　　　　　　　　　　　　　　　　　=""""  class=""i_events_sp-wrapper  AreaSale""><iframe 　　　　　　　　　　　　　　　　　　="""" src=""http://www.rakuten.ne.jp/gold/u-stream/content/events.html"" frameborder=""0"" class=""i_variable_in"" style=""width:100%;height:220px;""></iframe  　></div  　><table width=""100%""><tr bgcolor=""#ddd""><td><font color=""#000"" size=""2"">■スペック</font></td></tr></table>■カラー■<br><br>■特徴■<br>男女種別 ： レディース<br>商品カテゴリー ： シューズ ＞ レインシューズ<br><br><div 　　　　　　　　　　　　　　　　　　=""""  class=""i_events_sp-wrapper shoes_info""><iframe 　　　　　　　　　　　　　　　　　　="""" src=""http://www.rakuten.ne.jp/gold/u-stream/content/item_info/shoes.html"" frameborder=""0"" class=""i_events_sp"" style=""width:100%;height:220px;""></iframe  　></div  　><iframe 　　　　　　　　　　　　　　　　　　="""" id=""info_common_f_sp"" src=""http://www.rakuten.ne.jp/gold/u-stream/content/info-common_sp.html"" scrolling=""no"" frameborder=""0"" width=""100%"" marginheight=""0"" marginwidth=""0"" style=""height:400px; display:none;"" ></iframe  　>",ハンター HUNTER WOMENS ORG TALL  レディース シューズ レインシューズ - ブーツ ロング丈【ブランド】：U-STREAM,ウォッチ　時計　腕時計　バッグ　鞄　かばん　財布　サイフ　アクセサリー　香水　フレグランス　ファッション　モデル特価　通販　訳あり　処分価格　プレゼント　誕生日　クリスマス　カジュアル　ビジネス　フォーマル　ドイツ　ヨーロッパ　フランス　ミラノ　mirano　日本　イタリア　スペインハンター HUNTER WOMENS ORG TALL  レディース シューズ レインシューズ - ブーツ ロング丈【ブランド】,ハンター レディース レインシューズ。ハンター HUNTER WOMENS ORG TALL  レディース シューズ レインシューズ - ブーツ ロング丈【ブランド】[rn]
14-171592,http://tshop.r10s.jp/ranfan/cabinet/wacoal-foot-wear/wtn437ima.jpg?fitin=700:700,12920.0000,,靴 > レディース靴 > レインシューズ > ブーツ,ワコール Wacoal ティア 5.5センチヒールレインシューズ WTN437(ブーツタイプ)【smtb-K】【RCP】■EV■,靴 ワコール レインブーツ 送料込 ％OFF SALE セール 激安,"55mmヒール　WTN437<BR>
<BR>千鳥格子がシックなミドル丈ブーツ。おしゃれした日の着こなしにも合わせやすい立体感のあるジャカード素材が魅力的。<br>
★履きごこちのヒミツ★<br>
外からの雨・水の浸入は防ぎ、内側の汗による水蒸気は外に逃す機能素材「アウトドライ?」を使用。また、底材にはクッション性があり滑りにくい素材を使用しています。 <br>
<BR>
サイズ　 22.5 23.0 23.5 24.0 24.5 <BR>カラー BL<BR>表地 ポリエステル　ポリウレタン<BR>ヒール高さ 55mm <br>筒丈　200mm<BR>
筒まわり　350mm <BR>
パッド カップインソール<BR>
靴底　合成ゴム<BR>
足囲(ワイズ） EEE <BR>
<br>
発送まで2～3営業日ほどお時間を頂く場合がございます。<BR>
発送予定日・着荷予定日はご注文後メールにてご連絡させていただきます。<BR>
<FONT color=""#ff0033"">こちらの商品は、お取り寄せになりますので、ご注文後のキャンセル・返品・交換はご遠慮くださいませ。</FONT>",ワコール Wacoal ティア 5.5センチヒールレインシューズ WTN437(ブーツタイプ)【smtb-K】【RCP】■EV■：肌着屋ランファン,ワコールワコール WACOALCW-Xマタニティグラッピーラゼサルートワコール　ジュニアブラジャー送料無料コレールスタディオファイブキヤシェイプマミーガードルボディースーツ補正下着ガードル大きいサイズグラッピーサクセスウォークワコール Wacoal ティア 5.5センチヒールレインシューズ WTN437(ブーツタイプ)【smtb-K】【RCP】■EV■,靴 ワコール レインブーツ 送料込 ％OFF SALE セール 激安。ワコール Wacoal ティア 5.5センチヒールレインシューズ WTN437(ブーツタイプ)【smtb-K】【RCP】■EV■[rn]
14-171593,http://tshop.r10s.jp/ranfan/cabinet/wacoal-foot-wear/wtn487ima.jpg?fitin=700:700,12920.0000,,靴 > レディース靴 > レインシューズ > ブーツ,ワコール Wacoal ティア 5.0センチヒールレインシューズ WTN487(ブーツタイプ)【smtb-K】【RCP】■EV■,靴 ワコール レインブーツ 送料込 ％OFF SALE セール 激安,"<img src=""http://image.rakuten.co.jp/ranfan/cabinet/wacoal-foot-wear/tear-ima2.jpg"" width=""300"" border=""0"" alt=""ワコール　ティア　50mmヒール WTN487""><br>
<img src=""http://image.rakuten.co.jp/ranfan/cabinet/wacoal-foot-wear/tear-ima4-4.jpg"" width=""300"" border=""0"" alt=""ワコール　ティア　50mmヒール WTN487""><br>

50mmヒール　WTN487<BR>
<BR>今シーズンはオシャレなブーティタイプが新登場！<br>
防水シューズに見えないフェミニンなフォルムがスカートスタイルにも良く合います。<br>
★履きごこちのヒミツ★<br>
外からの雨・水の浸入は防ぎ、内側の汗による水蒸気は外に逃す機能素材「アウトドライ」を使用。<br>
また、底材にはクッション性があり滑りにくい素材を使用しています。<br>
<br>
「アウトドライ」はイタリアが本社のアウトドライテクノロジー社の登録商標です。<br>
<BR>
サイズ　 22.0 22.5 23.0 23.5 24.0 24.5 <BR>
カラー BL WI OV<BR>
表地 合成皮革<BR>
ヒール高さ 50mm <br>
パッド カップインソール<BR>
靴底　合成ゴム<BR>
足囲(ワイズ） EEE <BR>
<br>
発送まで2～3営業日ほどお時間を頂く場合がございます。<BR>
発送予定日・着荷予定日はご注文後メールにてご連絡させていただきます。<BR>
<FONT color=""#ff0033"">こちらの商品は、お取り寄せになりますので、ご注文後のキャンセル・返品・交換はご遠慮くださいませ。</FONT>",ワコール Wacoal ティア 5.0センチヒールレインシューズ WTN487(ブーツタイプ)【smtb-K】【RCP】■EV■：肌着屋ランファン,ワコールワコール WACOALCW-Xマタニティグラッピーラゼサルートワコール　ジュニアブラジャー送料無料コレールスタディオファイブキヤシェイプマミーガードルボディースーツ補正下着ガードル大きいサイズグラッピーサクセスウォークワコール Wacoal ティア 5.0センチヒールレインシューズ WTN487(ブーツタイプ)【smtb-K】【RCP】■EV■,靴 ワコール レインブーツ 送料込 ％OFF SALE セール 激安。ワコール Wacoal ティア 5.0センチヒールレインシューズ WTN487(ブーツタイプ)【smtb-K】【RCP】■EV■[rn]
14-171594,http://tshop.r10s.jp/ranfan/cabinet/wacoal-foot-wear/wtn486ima.jpg?fitin=700:700,14960.0000,,靴 > レディース靴 > レインシューズ > ブーツ,ワコール Wacoal ティア 3.5センチヒールレインシューズ WTN486(ブーツタイプ)【smtb-K】【RCP】■EV■,靴 ワコール レインブーツ 送料込 ％OFF SALE セール 激安,"<img src=""http://image.rakuten.co.jp/ranfan/cabinet/wacoal-foot-wear/tear-ima2.jpg"" width=""300"" border=""0"" alt=""ワコール　ティア　35mmヒール WTN486""><br>
<img src=""http://image.rakuten.co.jp/ranfan/cabinet/wacoal-foot-wear/tear-ima4-4.jpg"" width=""300"" border=""0"" alt=""ワコール　ティア　35mmヒール WTN486""><br>

35mmヒール　WTN486<BR><p>細身のシルエットがスタイリッシュなボア付きミドル丈ブーツ。プレーンなデザインなのでどんなファッションにも合わせやすい。筒を折り返してブーツ丈のアレンジも可能です。<br>
★履きごこちのヒミツ★<br>
外からの雨・水の浸入は防ぎ、内側の汗による水蒸気は外に逃す機能素材「アウトドライ」を使用。また、底材にはクッション性があり滑りにくい素材を使用しています。<br>
<br>
「アウトドライ」はイタリアが本社のアウトドライテクノロジー社の登録商標です。<br>
<BR>
サイズ　 22.0 22.5 23.0 23.5 24.0 24.5 <BR>
カラー BL DR<BR>
表地 合成皮革<BR>
ヒール高さ 35mm <br>
筒丈　240mm<BR>
筒まわり　370mm <BR>
パッド カップインソール<BR>
靴底　合成ゴム<BR>
足囲(ワイズ） EE <BR>
<br>
発送まで2～3営業日ほどお時間を頂く場合がございます。<BR>
発送予定日・着荷予定日はご注文後メールにてご連絡させていただきます。<BR>
<FONT color=""#ff0033"">こちらの商品は、お取り寄せになりますので、ご注文後のキャンセル・返品・交換はご遠慮くださいませ。</FONT></p>",ワコール Wacoal ティア 3.5センチヒールレインシューズ WTN486(ブーツタイプ)【smtb-K】【RCP】■EV■：肌着屋ランファン,ワコールワコール WACOALCW-Xマタニティグラッピーラゼサルートワコール　ジュニアブラジャー送料無料コレールスタディオファイブキヤシェイプマミーガードルボディースーツ補正下着ガードル大きいサイズグラッピーサクセスウォークワコール Wacoal ティア 3.5センチヒールレインシューズ WTN486(ブーツタイプ)【smtb-K】【RCP】■EV■,靴 ワコール レインブーツ 送料込 ％OFF SALE セール 激安。ワコール Wacoal ティア 3.5センチヒールレインシューズ WTN486(ブーツタイプ)【smtb-K】【RCP】■EV■[rn]
14-171595,http://tshop.r10s.jp/ranfan/cabinet/wacoal-foot-wear/wtn438ima.jpg?fitin=700:700,14400.0000,,靴 > レディース靴 > レインシューズ > ブーツ,ワコール Wacoal ティア 3.5センチヒールレインシューズ WTN438(ブーツタイプ)【smtb-K】【RCP】■EV■,靴 ワコール レインブーツ 送料込 ％OFF SALE セール 激安,"<img src=""http://image.rakuten.co.jp/ranfan/cabinet/wacoal-foot-wear/tear-ima2.jpg"" width=""300"" border=""0"" alt=""ワコール　ティア　35mmヒール WTN438""><br>
<img src=""http://image.rakuten.co.jp/ranfan/cabinet/wacoal-foot-wear/tear-ima4-4.jpg"" width=""300"" border=""0"" alt=""ワコール　ティア　35mmヒール WTN438""><br>
35mmヒール　WTN438<BR>
この春新登場のミドル丈ブーツ。細めのベルトと小さなくるみボタンがアクセントのシンプルなデザイン。足囲はＥＥで筒まわりは細身のすっきりとしたシルエットです。<br>
<br>
★履きごこちのヒミツ★<br>
外からの雨・水の浸入は防ぎ、内側の汗による水蒸気は外に逃す機能素材「アウトドライ?」を使用。また、底材にはクッション性があり滑りにくい素材を使用しています。 <br>
<BR>
サイズ　 22.5 23.0 23.5 24.0 24.5 <BR>
カラー BL　GY<BR>
表地 生地<BR>
ヒール高さ 35mm <br>
筒丈　245mm<BR>
筒まわり　360mm <BR>
パッド カップインソール<BR>
靴底　合成ゴム<BR>
足囲(ワイズ） EE <BR>
<br>
発送まで2～3営業日ほどお時間を頂く場合がございます。<BR>
発送予定日・着荷予定日はご注文後メールにてご連絡させていただきます。<BR>
<FONT color=""#ff0033"">こちらの商品は、お取り寄せになりますので、ご注文後のキャンセル・返品・交換はご遠慮くださいませ。</FONT>",ワコール Wacoal ティア 3.5センチヒールレインシューズ WTN438(ブーツタイプ)【smtb-K】【RCP】■EV■：肌着屋ランファン,ワコールワコール WACOALCW-Xマタニティグラッピーラゼサルートワコール　ジュニアブラジャー送料無料コレールスタディオファイブキヤシェイプマミーガードルボディースーツ補正下着ガードル大きいサイズグラッピーサクセスウォークワコール Wacoal ティア 3.5センチヒールレインシューズ WTN438(ブーツタイプ)【smtb-K】【RCP】■EV■,靴 ワコール レインブーツ 送料込 ％OFF SALE セール 激安。ワコール Wacoal ティア 3.5センチヒールレインシューズ WTN438(ブーツタイプ)【smtb-K】【RCP】■EV■[rn]
14-171596,http://tshop.r10s.jp/sanchya/cabinet/sa1213.jpg?fitin=700:700,2000.0000,,靴 > レディース靴 > レインシューズ > ブーツ,レインシューズ【LAVALIER10】【22.0～25.5cm】靴/レインブーツ/長靴 /花柄実店舗と共有在庫のためお届けに一週間ほどかかる場合がございます【三恵】,LAVALIER★レインシューズ,"ホーム&nbsp;&gt;&nbsp;ファッション&nbsp;&gt;&nbsp;靴レディースシューズ<br>
★22.0cm、22.5cm、23.0cm、23.5cm、24.0cm、24.5cm、25.0cm、25.5cm<br>
★素材：PVC　ヒール：PVC<br>
★洗えるインソール<br>
★ワイズ1E<br>
★重さ約350g/23.0cm<br>
★胴丈18.0cm（23.0cm）<br>
★日本企画中国製<br>
★LAVALIER<br>
★送料無料になるかも!?お買い物方法・送料について・同梱についてはこちら<br>",レインシューズ【LAVALIER10】【22.0～25.5cm】靴/レインブーツ/長靴 /花柄実店舗と共有在庫のためお届けに一週間ほどかかる場合がございます【三恵】：三軒茶屋通信インナーウエア三恵,ショーツブラジャーセクシーメンズスクール入園準備入学準備入学祝ランジェリーストッキングソックスナイティ三軒茶屋ガーターベルトブラショーTブラブラベービードール肌着ブリーフ下着パンツレインシューズ【LAVALIER10】【22.0～25.5cm】靴/レインブーツ/長靴 /花柄実店舗と共有在庫のためお届けに一週間ほどかかる場合がございます【三恵】,LAVALIER★レインシューズ。レインシューズ【LAVALIER10】【22.0～25.5cm】靴/レインブーツ/長靴 /花柄実店舗と共有在庫のためお届けに一週間ほどかかる場合がございます【三恵】[rn]
14-171597,http://tshop.r10s.jp/sanchya/cabinet/sa1211.jpg?fitin=700:700,2000.0000,,靴 > レディース靴 > レインシューズ > ブーツ,レインシューズ【08】【LAVALIER】【22.0～25.5cm】靴/レインブーツ/長靴実店舗と共有在庫のためお届けに一週間ほどかかる場合がございます【三恵】,LAVALIER★レインシューズ,"ホーム&nbsp;&gt;&nbsp;ファッション&nbsp;&gt;&nbsp;靴レディースシューズ<br>
★22.0cm、22.5cm、23.0cm、23.5cm、24.0cm、24.5cm、25.0cm、25.5cm<br>
★素材：PVC　ヒール：PVC<br>
★ワイズ1E<br>
★重さ約385g/23.0cm<br>
★胴丈17.0cm（23.0cm）<br>
★日本企画中国製<br>
★LAVALIER<br>
★送料無料になるかも!?お買い物方法・送料について・同梱についてはこちら<br>",レインシューズ【08】【LAVALIER】【22.0～25.5cm】靴/レインブーツ/長靴実店舗と共有在庫のためお届けに一週間ほどかかる場合がございます【三恵】：三軒茶屋通信インナーウエア三恵,ショーツブラジャーセクシーメンズスクール入園準備入学準備入学祝ランジェリーストッキングソックスナイティ三軒茶屋ガーターベルトブラショーTブラブラベービードール肌着ブリーフ下着パンツレインシューズ【08】【LAVALIER】【22.0～25.5cm】靴/レインブーツ/長靴実店舗と共有在庫のためお届けに一週間ほどかかる場合がございます【三恵】,LAVALIER★レインシューズ。レインシューズ【08】【LAVALIER】【22.0～25.5cm】靴/レインブーツ/長靴実店舗と共有在庫のためお届けに一週間ほどかかる場合がございます【三恵】[rn]
14-171598,http://tshop.r10s.jp/bobmard/cabinet/shouhin/new-lady31-1.jpg?fitin=700:700,1040.0000,,靴 > レディース靴 > レインシューズ > ブーツ,レインブーツ☆ニューレディ31（レディース） 0711お得10,,"<font color=""orange"" size=""5"">
お手ごろ価格のレインブーツです<br></font><br>
<font color=""green"" size=""5"">
雪・台風や地震等の災害対策に備えてみては<br>
いかがでしょうか？備えあれば憂いなし！ </font><br>",レインブーツ☆ニューレディ31（レディース） 0711お得10：ボブアンテナ,BOBSONボブソン婦人靴かかと踏める厚底 ビルケン瞬足キッズ福袋ポニーPONY子供靴トラッドシューズミュールサンダルブーツナースパンプス長靴レインブーツスニーカーレインブーツ☆ニューレディ31（レディース） 0711お得10,レインブーツ☆ニューレディ31（レディース） 0711お得10[rn]
14-171599,http://tshop.r10s.jp/cherrygrace/cabinet/shuse/58_1.jpg?fitin=700:700,3184.0000,,靴 > レディース靴 > レインシューズ > ブーツ,【宅配便送料無料：北海道200円加算・沖縄別途送料加算】【15時までの注文で即日発送可能：即納】ラインの綺麗なロングレインブーツ！売れ筋【SMTB-ms】【YDKG-ms】,コンサバスタイル,"シルエットのきれいなロング丈レインブーツ。足囲は3Eなので窮屈さがなく、快適な履き心地。
返りのよい底で、かかとには衝撃吸収材を使用しており歩きやすいようになっています。
内側は赤のチェック模様で可愛い♪
 <BR>▼商品情報<BR>
【サイズ】
Mサイズ　23.0～23.5cm <BR>
Lサイズ　24.0cm <BR>
LLサイズ 24.5cm<BR>
履き口内周 約35cm（Mサイズ）・足囲 3E・かかとの高さ 約3cm <BR>
【素材】<BR>
 ポリ塩化ビニル <BR>
●セール品に付き不良品以外返品不可<BR>
●メール便発送不可商品…こちらは送料無料となります。宅配便で発送致します。",【宅配便送料無料：北海道200円加算・沖縄別途送料加算】【15時までの注文で即日発送可能：即納】ラインの綺麗なロングレインブーツ！売れ筋【SMTB-ms】【YDKG-ms】：ＣｈｅｒｒｙＧｒａｃｅ,ＣｈｅｒｒｙチェリーグレイスＧｒａｃｅトップスボトムスコート流行楽天エビちゃんお嬢愛されゴージャスＣａｎｃａｍＪＪセレクト宮崎激安オークションベビー【宅配便送料無料：北海道200円加算・沖縄別途送料加算】【15時までの注文で即日発送可能：即納】ラインの綺麗なロングレインブーツ！売れ筋【SMTB-ms】【YDKG-ms】,コンサバスタイル。【宅配便送料無料：北海道200円加算・沖縄別途送料加算】【15時までの注文で即日発送可能：即納】ラインの綺麗なロングレインブーツ！売れ筋【SMTB-ms】【YDKG-ms】[rn]
14-171600,http://tshop.r10s.jp/neutral-store/cabinet/c-lbot-004-001.jpg?fitin=700:700,1184.0000,,靴 > レディース靴 > レインシューズ > ブーツ,サイドゴアレインブーツ レインブーツ ショートブーツ 雪道・防水 レインブーツ ショートブーツ 雪道・防水・撥水のレインシューズ,雨の日にもお洒落（おしゃれ）なサイドゴアレインシューズ,"<img  border=""0"" src=""http://www.rakuten.ne.jp/gold/neutral-store/01pics/c-lbot-004-ss.png""width=""100%"" />
<br>
※予告なくデザインの改良・変更を行う場合がありますので予めご了承下さい。
<br>
※カラー、サイズ感に関しましてのお問い合わせにはお答えできかねますので何卒ご了承願います。
[サイズ(cm)]<br>


36:約22.5-23cm<br>
37:約23-23.5cm<br>
38:約23.5-24cm<br>
39:約24-24.5cm<br>
40:約24.5-25cm<br>
41:約25-25.5cm<br>

サイズ表記は目安となります。予めご了承くださいませ。<br>
[素材]<br>
<br>
本体：PVC<br>
<br>
[大切に履いていただくためのご注意]<br>
<br>
色ムラ、個体差、左右差、などのばらつき、また、同サイズ・同カラーでも 微妙なサイズ感の違い、 染め具合による色の違いがある場合がございますが、 風合いとご理解いただけますようお願い致します。 また、素材の特性上、色落ちしやすく、特に濃色の場合は靴下やボトムスに色移りすることがございます。 摩擦や汗・雨などの湿気によっても色移りする場合がございますので予めご了承ください<br>
<br>
※サイドゴア部分は防水ではございませんので予めご了承ください。",サイドゴアレインブーツ レインブーツ ショートブーツ 雪道・防水 レインブーツ ショートブーツ 雪道・防水・撥水のレインシューズ：NEUTRAL STORE,サイドゴアレインブーツ レインブーツ ショートブーツ 雪道・防水 レインブーツ ショートブーツ 雪道・防水・撥水のレインシューズ,雨の日にもお洒落（おしゃれ）なサイドゴアレインシューズ。サイドゴアレインブーツ レインブーツ ショートブーツ 雪道・防水 レインブーツ ショートブーツ 雪道・防水・撥水のレインシューズ[rn]
