14-183701,http://tshop.r10s.jp/kawaiikan/cabinet/item/111_5/111-910564.jpg?fitin=700:700,671.2000,,スマートフォン・タブレット > スマートフォンアクセサリー > スマートフォンケース,[au HTC J butterfly HTL21専用]気泡軽減 高光沢防指紋 保護フィルム2枚パックRT-HTL21F/C2【液晶フィルム/保護シート/エイチティーシージェイ/htcjbutterfly/HTC Jバタフライ】【楽ギフ_包装】,,"高画質な液晶にピッタリの高光沢タイプの保護フィルム。<br>指紋が目立ちにくい。<br>特殊なシリコン膜が貼り付け時に入ってしまう小さなホコリを巻き込むため気泡ができません。<br>貼り付け作業が楽になるだけでなく仕上がりがとってもきれいになります。<br>ヘイズ（光散乱）が高いため画面が白ボケすることもありません。<br>さらに防指紋加工で指紋が目立ちにくくなり、ベタつきによる操作性の低下、視認性の低下を軽減します。<br>フィルム表面は鉛筆コードの2H相当のハードコートで傷や擦れに強い。<br>従来製品に比べ吸着面のシリコン膜の厚みを増すことでフィルムが剥がれ落ちにくくなり耐久性が増しました。<br>2枚入ってとってもお得。汚れたらすぐに貼り換えよう。<br><br>素材<br>
シリコン膜（保護フィルム吸着面）、PET（保護フィルム表面）<br>
セット内容<br>
フィルム2枚、クロス",[au HTC J butterfly HTL21専用]気泡軽減 高光沢防指紋 保護フィルム2枚パックRT-HTL21F/C2【液晶フィルム/保護シート/エイチティーシージェイ/htcjbutterfly/HTC Jバタフライ】【楽ギフ_包装】：可愛いスマホ雑貨の店＊KAWAII館,通信販売通販ショッピングオンラインショッピング買い物プレゼントギフト贈り物贈答品お中元お歳暮お買い得KAWAII館かわいい館カワイイ館可愛いスマホケースカバースマホポーチディズニーかわいい食品サンプルkawaii館雑貨販売キャラクターグッズ通販ifaceミッキー充電器iPhoneグッズ[au HTC J butterfly HTL21専用]気泡軽減 高光沢防指紋 保護フィルム2枚パックRT-HTL21F/C2【液晶フィルム/保護シート/エイチティーシージェイ/htcjbutterfly/HTC Jバタフライ】【楽ギフ_包装】,3240円以上のお買物で送料無料。[au HTC J butterfly HTL21専用]気泡軽減 高光沢防指紋 保護フィルム2枚パックRT-HTL21F/C2【液晶フィルム/保護シート/エイチティーシージェイ/htcjbutterfly/HTC Jバタフライ】【楽ギフ_包装】[rn]
14-183702,http://tshop.r10s.jp/kawaiikan/cabinet/item/360_122/360-a-l03-cl-0996.jpg?fitin=700:700,1280.0000,,スマートフォン・タブレット > スマートフォンアクセサリー > スマートフォンケース,[予約]au URBANO L03 専用 スマホ プリントケース クリアベース/0996チャック　イラストピンク【スマホケース/スマートフォンケース/プリント/スマホカバー/可愛い/かわいい/グッズ/雑貨】[当店入荷約1週間前後],,<font color=#e1005b>[ご注文確認後作成。当店入荷予定1週間前後]</font><br><br>驚きのデザイン数から選べる、プリントハードケースが登場！<br>おしゃれ系、和風、キュート系、クール系、探してたあなたにピッタリのデザインが見つかるはず。<br>もちろん傷や汚れをガード。各ボタンへのアクセスや純正ケーブルを使用しての充電などの機能を損なわずお使いいただけます。<br><br>※機種本体は含まれておりません。<br>※仕様は予告なく変更する場合がございます。<br>※商品画像は合成イメージを使用しており、実際の商品とは若干印象が異なる場合がございます。<br>※受注生産品のためご注文の確定後のキャンセルは、お断りさせていただきます。<br>※クレードル（卓上ホルダなど）を使用して充電する場合には、本製品を外してご利用下さい。<br>※側面への印刷はありません。<br>素材<br>ポリカーボネート樹脂<br>セット内容<br>ケース本体,[予約]au URBANO L03 専用 スマホ プリントケース クリアベース/0996チャック　イラストピンク【スマホケース/スマートフォンケース/プリント/スマホカバー/可愛い/かわいい/グッズ/雑貨】[当店入荷約1週間前後]：可愛いスマホ雑貨の店＊KAWAII館,通信販売通販ショッピングオンラインショッピング買い物プレゼントギフト贈り物贈答品お中元お歳暮お買い得KAWAII館かわいい館カワイイ館可愛いスマホケースカバースマホポーチディズニーかわいい食品サンプルkawaii館雑貨販売キャラクターグッズ通販ifaceミッキー充電器iPhoneグッズ[予約]au URBANO L03 専用 スマホ プリントケース クリアベース/0996チャック　イラストピンク【スマホケース/スマートフォンケース/プリント/スマホカバー/可愛い/かわいい/グッズ/雑貨】[当店入荷約1週間前後],[予約]au URBANO L03 専用 スマホ プリントケース クリアベース/0996チャック　イラストピンク【スマホケース/スマートフォンケース/プリント/スマホカバー/可愛い/かわいい/グッズ/雑貨】[当店入荷約1週間前後][rn]
14-183703,http://tshop.r10s.jp/kawaiikan/cabinet/item/41_4/41-8768.jpg?fitin=700:700,2080.0000,,スマートフォン・タブレット > スマートフォンアクセサリー > スマートフォンケース,iPhone 7  iFace Sensation Metallicケース【iface/アイフェイス/メタリック/iphone7】,,"<img src=""http://image.rakuten.co.jp/keitai/cabinet/item/196/page01/196-198643img10.jpg"" width=""100%"">
<br>
<img src=""http://image.rakuten.co.jp/keitai/cabinet/item/41/page02/41-876800img01.jpg"" width=""100%""><br><br>
「軽量でスリム」なiFace Sensationから、シルバー、ゴールド、ローズゴールドのメタリックカラーが登場。<br>
輝くメタリックがよりiPhoneを美しく魅せます。<br>
<br>
ポリカーボネートとポリウレタン、2つの素材の特徴を生かし、<br>
キズや衝撃からiPhone 7を守ります。<br>
<br>
ケースを着けた瞬間のフィット感と、手になじむフォルム。<br>
今まで味わうことのなかった感覚を体験してください。<br>
<br>
<br>

<img src=""http://image.rakuten.co.jp/keitai/cabinet/item/41/page02/41-876800img03.jpg"" width=""100%""><br><br>
<img src=""http://image.rakuten.co.jp/keitai/cabinet/item/41/page02/41-876800img08.jpg"" width=""100%""><br><br>
<img src=""http://image.rakuten.co.jp/keitai/cabinet/item/41/page02/41-876800img09.jpg"" width=""100%""><br><br>
<img src=""http://image.rakuten.co.jp/keitai/cabinet/item/41/page02/41-876800img06.jpg"" width=""100%""><br><br>
<img src=""http://image.rakuten.co.jp/keitai/cabinet/syapage/licence_0201.jpg"" width=""100%""><br><br>
※メタリックカラーの為、角度によって多少色が異なって見える場合があります。<br>
※液晶面にガラスフィルム等を装着すると、フィルムの形状によっては本製品と干渉する場合がございます。<br>
※こちらの商品はデザインや仕様変更になる場合がございますので、予めご了承ください。<br>

<br><br>【iphoneケース/アイフェイス/iphone 7/iface/メタリック/耐衝撃/シルバー/ゴールド/ローズゴールド/ケース/カバー/アイフォン 7/Hamee】<br><br><center><table width=""100%"" cellspacing=""0"" cellpadding=""15"" border=""0"" align=""center""><tr><td valign=""middle"" bgcolor=""#774d28"" align=""center""><b><font color=""#FFFFFF"">PC版で詳しく見る</font></b></td></tr></table><br></center>サイズ表<br>
本体：約縦15.1×横7.3×厚1.2cm<br>
パッケージ：約縦20.7×横11×厚2.5cm<br>
<br>
<br>
主素材：ポリカーボネート、ポリウレタン<br>
ストラップ使用：不可<br>
セット内容：ケース本体<br>
<br><br><font color=""#E1005B"">■おすすめ/関連商品</font><br><table width=""100%"" cellpadding=""8""><tr bgcolor=""#FFCCCC""><td><font size=""2"" color=""#774d28""><B>＞＞「iPhone7専用 iFace」 特集</B></font></td></tr></table><table width=""100%"" cellpadding=""8""><tr bgcolor=""#FFCCCC""><td><font size=""2"" color=""#774d28""><B>＞＞「iPhone7ケース・フィルム」特集</B></font></td></tr></table><table width=""100%"" cellpadding=""8""><tr bgcolor=""#FFCCCC""><td><font size=""2"" color=""#774d28""><B>＞＞「充電器・バッテリー」特集</B></font></td></tr></table><table width=""100%"" cellpadding=""8""><tr bgcolor=""#FFCCCC""><td><font size=""2"" color=""#774d28""><B>＞＞かわいい♪「スマホポーチ」特集</B></font></td></tr></table><BR><BR>
<img src=""http://image.rakuten.co.jp/kawaiikan/cabinet/baner/276-873502_700150ifa.jpg"" width=""100%""><BR><BR>",iPhone 7  iFace Sensation Metallicケース【iface/アイフェイス/メタリック/iphone7】：可愛いスマホ雑貨の店＊KAWAII館,通信販売通販ショッピングオンラインショッピング買い物プレゼントギフト贈り物贈答品お中元お歳暮お買い得KAWAII館かわいい館カワイイ館可愛いスマホケースカバースマホポーチディズニーかわいい食品サンプルkawaii館雑貨販売キャラクターグッズ通販ifaceミッキー充電器iPhoneグッズiPhone 7  iFace Sensation Metallicケース【iface/アイフェイス/メタリック/iphone7】,3240円以上のお買物で送料無料。iPhone 7  iFace Sensation Metallicケース【iface/アイフェイス/メタリック/iphone7】[rn]
14-183704,http://tshop.r10s.jp/kawaiikan/cabinet/item/360_122/360-d-sc01f-cl-0545.jpg?fitin=700:700,1280.0000,,スマートフォン・タブレット > スマートフォンアクセサリー > スマートフォンケース,[予約]GALAXY Note 3 docomo SC-01F/au SCL22  専用 スマホ プリントケース クリアベース/0545カー　フラワーマルチ【スマホケース/スマートフォンケース/プリント/スマホカバー/可愛い/かわいい/グッズ/雑貨】[当店入荷約1週間前後],,<font color=#e1005b>[ご注文確認後作成。当店入荷予定1週間前後]</font><br><br>驚きのデザイン数から選べる、プリントハードケースが登場！<br>おしゃれ系、和風、キュート系、クール系、探してたあなたにピッタリのデザインが見つかるはず。<br>もちろん傷や汚れをガード。各ボタンへのアクセスや純正ケーブルを使用しての充電などの機能を損なわずお使いいただけます。<br><br>※機種本体は含まれておりません。<br>※仕様は予告なく変更する場合がございます。<br>※商品画像は合成イメージを使用しており、実際の商品とは若干印象が異なる場合がございます。<br>※受注生産品のためご注文の確定後のキャンセルは、お断りさせていただきます。<br>※クレードル（卓上ホルダなど）を使用して充電する場合には、本製品を外してご利用下さい。<br>※側面への印刷はありません。<br>素材<br>ポリカーボネート樹脂<br>セット内容<br>ケース本体,[予約]GALAXY Note 3 docomo SC-01F/au SCL22  専用 スマホ プリントケース クリアベース/0545カー　フラワーマルチ【スマホケース/スマートフォンケース/プリント/スマホカバー/可愛い/かわいい/グッズ/雑貨】[当店入荷約1週間前後]：可愛いスマホ雑貨の店＊KAWAII館,通信販売通販ショッピングオンラインショッピング買い物プレゼントギフト贈り物贈答品お中元お歳暮お買い得KAWAII館かわいい館カワイイ館可愛いスマホケースカバースマホポーチディズニーかわいい食品サンプルkawaii館雑貨販売キャラクターグッズ通販ifaceミッキー充電器iPhoneグッズ[予約]GALAXY Note 3 docomo SC-01F/au SCL22  専用 スマホ プリントケース クリアベース/0545カー　フラワーマルチ【スマホケース/スマートフォンケース/プリント/スマホカバー/可愛い/かわいい/グッズ/雑貨】[当店入荷約1週間前後],[予約]GALAXY Note 3 docomo SC-01F/au SCL22  専用 スマホ プリントケース クリアベース/0545カー　フラワーマルチ【スマホケース/スマートフォンケース/プリント/スマホカバー/可愛い/かわいい/グッズ/雑貨】[当店入荷約1週間前後][rn]
14-183705,http://tshop.r10s.jp/kawaiikan/cabinet/item/111_8/111-977383.jpg?fitin=700:700,2064.0000,,スマートフォン・タブレット > スマートフォンアクセサリー > スマートフォンケース,au URBANO V02 専用 シンプルブックレザー風ケース ブラック 【URBANOV02/ケース/カバー/スマホケース/シンプル/手帳型】,,"レイ・アウトからau URBANO V02専用ケースが登場。<br>
<br>
・ブックレザータイプのケースをシンプルに、リーズナブルにとの思いで開発したURBANO V02用のレザー風ケースです。<br>
・持ち運び時には前面の蓋が画面を覆いしっかりガード！！<br>
操作時には画面を遮る物がないのでタッチ操作や文字入力が快適に行えます。<br>
<br>
・レザー風素材(合皮)<br>
・横開きブックタイプ<br>
・スタンド機能付き<br>
・ICカードポケット付き<br>
・純正卓上ホルダ対応、装着したまま充電OK！<br>
<br>

ケース本体：約縦15.1×横7.9×厚1.7cm<br>
<br>

主素材：ポリウレタン、ポリカーボネイト<br>
セット内容：ケース本体<br>
<table width=""100%"" border=""0"" cellpadding=""0"" cellspacing=""0"" bgcolor=""#ffcccc""><tr><td><br>■関連商品<br>・スマホ・iPhoneアクセサリー<br><br><BR><img src=""http://image.rakuten.co.jp/kawaiikan/cabinet/baner/sumaho.jpg"" width=""100%""><br><br><br></td></tr></table>",au URBANO V02 専用 シンプルブックレザー風ケース ブラック 【URBANOV02/ケース/カバー/スマホケース/シンプル/手帳型】：可愛いスマホ雑貨の店＊KAWAII館,通信販売通販ショッピングオンラインショッピング買い物プレゼントギフト贈り物贈答品お中元お歳暮お買い得KAWAII館かわいい館カワイイ館可愛いスマホケースカバースマホポーチディズニーかわいい食品サンプルkawaii館雑貨販売キャラクターグッズ通販ifaceミッキー充電器iPhoneグッズau URBANO V02 専用 シンプルブックレザー風ケース ブラック 【URBANOV02/ケース/カバー/スマホケース/シンプル/手帳型】,3240円以上のお買物で送料無料。au URBANO V02 専用 シンプルブックレザー風ケース ブラック 【URBANOV02/ケース/カバー/スマホケース/シンプル/手帳型】[rn]
14-183706,http://tshop.r10s.jp/kawaiikan/cabinet/item/111_9/111-0082.jpg?fitin=700:700,1024.0000,,スマートフォン・タブレット > スマートフォンアクセサリー > スマートフォンケース,Xperia XZ docomo SO-01J/au SOV34/SoftBank 601SO   TPUソフトケース 極薄タイプ【xperia xz エクスペリア スマホケース カバー】,,"<img src=""http://image.rakuten.co.jp/keitai/cabinet/kisetukate/smart/for_so01j.jpg"" width=""100%"">
<br>
<img src=""http://image.rakuten.co.jp/keitai/cabinet/item/111/page04/111-008260img01.jpg"" width=""100%""><br><br>
わずか0.8mmの極薄設計、Xperia XZ専用TPUソフトケースです。<br>
<br>
・厚さ0.8mm<br>
・衝撃をやわらげる<br>
・各種操作を妨げない<br>
・側面もしっかり保護<br>
・指紋認証対応<br>
・純正卓上ホルダ対応<br>
<img src=""http://image.rakuten.co.jp/keitai/cabinet/item/111/page04/111-008260img03.jpg"" width=""100%""><br><br>
<img src=""http://image.rakuten.co.jp/keitai/cabinet/item/111/page04/111-008260img04.jpg"" width=""100%""><br><br>
<img src=""http://image.rakuten.co.jp/keitai/cabinet/item/111/page04/111-008260img05.jpg"" width=""100%""><br><br>
※液晶保護フィルムをご使用になる場合、フィルムの種類によっては本製品と干渉する場合がございますのでご注意ください。<br>
※本製品は純正卓上ホルダに同梱のアタッチメント「60A」に対応しています。それ以外の場合、別売りのUSBケーブルをご使用ください。<br><br>
【エクスペリア xperia xz ドコモ ソフトバンク AU ソフトケース】<br><br><center><table width=""100%"" cellspacing=""0"" cellpadding=""15"" border=""0"" align=""center""><tr><td valign=""middle"" bgcolor=""#774d28"" align=""center""><b><font color=""#FFFFFF"">PC版で詳しく見る</font></b></td></tr></table><br></center>サイズ表<br>
ケース本体：約縦14.7×横7.3×最薄部0.08cm<br>
<br>
<br>
主素材：熱可塑性ポリウレタン樹脂<br>
重量：約14g<br>
<br><br><font color=""#E1005B"">■おすすめ/関連商品</font><br><table width=""100%"" cellpadding=""8""><tr bgcolor=""#FFCCCC""><td><font size=""2"" color=""#774d28""><B>＞＞「Xperia XZ docomo SO-01J スマホケース」をもっと見る</B></font></td></tr></table><table width=""100%"" cellpadding=""8""><tr bgcolor=""#FFCCCC""><td><font size=""2"" color=""#774d28""><B>＞＞「Xperia XZ au SOV34 対応 スマホケース」をもっと見る</B></font></td></tr></table><table width=""100%"" cellpadding=""8""><tr bgcolor=""#FFCCCC""><td><font size=""2"" color=""#774d28""><B>＞＞「Xperia XZ SoftBank 601SO 対応 スマホケース」をもっと見る</B></font></td></tr></table>",Xperia XZ docomo SO-01J/au SOV34/SoftBank 601SO   TPUソフトケース 極薄タイプ【xperia xz エクスペリア スマホケース カバー】：可愛いスマホ雑貨の店＊KAWAII館,通信販売通販ショッピングオンラインショッピング買い物プレゼントギフト贈り物贈答品お中元お歳暮お買い得KAWAII館かわいい館カワイイ館可愛いスマホケースカバースマホポーチディズニーかわいい食品サンプルkawaii館雑貨販売キャラクターグッズ通販ifaceミッキー充電器iPhoneグッズXperia XZ docomo SO-01J/au SOV34/SoftBank 601SO   TPUソフトケース 極薄タイプ【xperia xz エクスペリア スマホケース カバー】,3240円以上のお買物で送料無料。Xperia XZ docomo SO-01J/au SOV34/SoftBank 601SO   TPUソフトケース 極薄タイプ【xperia xz エクスペリア スマホケース カバー】[rn]
14-183707,http://tshop.r10s.jp/kawaiikan/cabinet/item/111_8/111-992461.jpg?fitin=700:700,3104.0000,,スマートフォン・タブレット > スマートフォンアクセサリー > スマートフォンケース,【送料無料】  Xperia Z5 docomo SO-01H/au SOV32/SoftBank 501SO 専用  スマートブックレザー風ケース 十字紋ブラック 【エクスペリアz5/SO01H/ドコモ/XperiaZ5/レイアウト/ケース/カバー/シンプル/手帳型】,,"レイ・アウトからXperia Z5専用ケースが登場！<br>
<br>
ご要望の多かったマグネット式を採用した蓋の開閉がしやすいレザー風ケースです。<br>
留め具がないのでスッキリしたデザインに仕上がっています。<br>
<br>
・スタンド機能付き<br>
・ICカードポケット付き<br>
・マグネット式開閉<br>
・閉じたまま通話可能<br>
・指紋認証対応<br>
<br>
蓋の開閉がしやすく、ケースがすっきりするマグネット式を採用。<br>
さらに閉じたまま通話ができ、機能性にも優れたケース。<br>
<br>
※クレードル（卓上ホルダなど）を使用して確実に充電するには、本製品を外すことをおすすめします。<br>
<br>
ケース本体：約縦15.3×横8×厚1.6cm<br>
<br>

主素材：ポリウレタン、ポリカーボネイト<br>
セット内容：ケース本体<br>
<table width=""100%"" border=""0"" cellpadding=""0"" cellspacing=""0"" bgcolor=""#ffcccc"">
<tr><td>
<br>
■関連商品<br>
・<B>スマホアクセサリー</B><br>
・<B>Xperia Z5専用ケース・フィルム(docomo SO-01H/au SOV32/SoftBank 501SO)</B><br>

<br>
<img src=""http://image.rakuten.co.jp/kawaiikan/cabinet/baner/sumaho.jpg"" width=""100%""><br><br>

</td></tr>
</table>",【送料無料】  Xperia Z5 docomo SO-01H/au SOV32/SoftBank 501SO 専用  スマートブックレザー風ケース 十字紋ブラック 【エクスペリアz5/SO01H/ドコモ/XperiaZ5/レイアウト/ケース/カバー/シンプル/手帳型】：可愛いスマホ雑貨の店＊KAWAII館,通信販売通販ショッピングオンラインショッピング買い物プレゼントギフト贈り物贈答品お中元お歳暮お買い得KAWAII館かわいい館カワイイ館可愛いスマホケースカバースマホポーチディズニーかわいい食品サンプルkawaii館雑貨販売キャラクターグッズ通販ifaceミッキー充電器iPhoneグッズ【送料無料】  Xperia Z5 docomo SO-01H/au SOV32/SoftBank 501SO 専用  スマートブックレザー風ケース 十字紋ブラック 【エクスペリアz5/SO01H/ドコモ/XperiaZ5/レイアウト/ケース/カバー/シンプル/手帳型】,【送料無料】。【送料無料】  Xperia Z5 docomo SO-01H/au SOV32/SoftBank 501SO 専用  スマートブックレザー風ケース 十字紋ブラック 【エクスペリアz5/SO01H/ドコモ/XperiaZ5/レイアウト/ケース/カバー/シンプル/手帳型】[rn]
14-183708,http://tshop.r10s.jp/kawaiikan/cabinet/item/360_122/360-a-shl24-cl-0954.jpg?fitin=700:700,1280.0000,,スマートフォン・タブレット > スマートフォンアクセサリー > スマートフォンケース,[予約]au AQUOS PHONE SERIE mini SHL24 専用 スマホ プリントケース クリアベース/0954ドットとリボン　ボーダーグリーン【スマホケース/スマートフォンケース/プリント/スマホカバー/可愛い/かわいい/グッズ/雑貨】[当店入荷約1週間前後],,<font color=#e1005b>[ご注文確認後作成。当店入荷予定1週間前後]</font><br><br>驚きのデザイン数から選べる、プリントハードケースが登場！<br>おしゃれ系、和風、キュート系、クール系、探してたあなたにピッタリのデザインが見つかるはず。<br>もちろん傷や汚れをガード。各ボタンへのアクセスや純正ケーブルを使用しての充電などの機能を損なわずお使いいただけます。<br><br>※機種本体は含まれておりません。<br>※仕様は予告なく変更する場合がございます。<br>※商品画像は合成イメージを使用しており、実際の商品とは若干印象が異なる場合がございます。<br>※受注生産品のためご注文の確定後のキャンセルは、お断りさせていただきます。<br>※クレードル（卓上ホルダなど）を使用して充電する場合には、本製品を外してご利用下さい。<br>※側面への印刷はありません。<br>素材<br>ポリカーボネート樹脂<br>セット内容<br>ケース本体,[予約]au AQUOS PHONE SERIE mini SHL24 専用 スマホ プリントケース クリアベース/0954ドットとリボン　ボーダーグリーン【スマホケース/スマートフォンケース/プリント/スマホカバー/可愛い/かわいい/グッズ/雑貨】[当店入荷約1週間前後]：可愛いスマホ雑貨の店＊KAWAII館,通信販売通販ショッピングオンラインショッピング買い物プレゼントギフト贈り物贈答品お中元お歳暮お買い得KAWAII館かわいい館カワイイ館可愛いスマホケースカバースマホポーチディズニーかわいい食品サンプルkawaii館雑貨販売キャラクターグッズ通販ifaceミッキー充電器iPhoneグッズ[予約]au AQUOS PHONE SERIE mini SHL24 専用 スマホ プリントケース クリアベース/0954ドットとリボン　ボーダーグリーン【スマホケース/スマートフォンケース/プリント/スマホカバー/可愛い/かわいい/グッズ/雑貨】[当店入荷約1週間前後],[予約]au AQUOS PHONE SERIE mini SHL24 専用 スマホ プリントケース クリアベース/0954ドットとリボン　ボーダーグリーン【スマホケース/スマートフォンケース/プリント/スマホカバー/可愛い/かわいい/グッズ/雑貨】[当店入荷約1週間前後][rn]
14-183709,http://tshop.r10s.jp/kawaiikan/cabinet/item/360_122/360-d-sc01f-cl-0552.jpg?fitin=700:700,1280.0000,,スマートフォン・タブレット > スマートフォンアクセサリー > スマートフォンケース,[予約]GALAXY Note 3 docomo SC-01F/au SCL22  専用 スマホ プリントケース クリアベース/0552舞う　フラワーマルチ【スマホケース/スマートフォンケース/プリント/スマホカバー/可愛い/かわいい/グッズ/雑貨】[当店入荷約1週間前後],,<font color=#e1005b>[ご注文確認後作成。当店入荷予定1週間前後]</font><br><br>驚きのデザイン数から選べる、プリントハードケースが登場！<br>おしゃれ系、和風、キュート系、クール系、探してたあなたにピッタリのデザインが見つかるはず。<br>もちろん傷や汚れをガード。各ボタンへのアクセスや純正ケーブルを使用しての充電などの機能を損なわずお使いいただけます。<br><br>※機種本体は含まれておりません。<br>※仕様は予告なく変更する場合がございます。<br>※商品画像は合成イメージを使用しており、実際の商品とは若干印象が異なる場合がございます。<br>※受注生産品のためご注文の確定後のキャンセルは、お断りさせていただきます。<br>※クレードル（卓上ホルダなど）を使用して充電する場合には、本製品を外してご利用下さい。<br>※側面への印刷はありません。<br>素材<br>ポリカーボネート樹脂<br>セット内容<br>ケース本体,[予約]GALAXY Note 3 docomo SC-01F/au SCL22  専用 スマホ プリントケース クリアベース/0552舞う　フラワーマルチ【スマホケース/スマートフォンケース/プリント/スマホカバー/可愛い/かわいい/グッズ/雑貨】[当店入荷約1週間前後]：可愛いスマホ雑貨の店＊KAWAII館,通信販売通販ショッピングオンラインショッピング買い物プレゼントギフト贈り物贈答品お中元お歳暮お買い得KAWAII館かわいい館カワイイ館可愛いスマホケースカバースマホポーチディズニーかわいい食品サンプルkawaii館雑貨販売キャラクターグッズ通販ifaceミッキー充電器iPhoneグッズ[予約]GALAXY Note 3 docomo SC-01F/au SCL22  専用 スマホ プリントケース クリアベース/0552舞う　フラワーマルチ【スマホケース/スマートフォンケース/プリント/スマホカバー/可愛い/かわいい/グッズ/雑貨】[当店入荷約1週間前後],[予約]GALAXY Note 3 docomo SC-01F/au SCL22  専用 スマホ プリントケース クリアベース/0552舞う　フラワーマルチ【スマホケース/スマートフォンケース/プリント/スマホカバー/可愛い/かわいい/グッズ/雑貨】[当店入荷約1週間前後][rn]
14-183710,http://tshop.r10s.jp/kawaiikan/cabinet/item/360_122/360-a-lgl24-cl-0615.jpg?fitin=700:700,1280.0000,,スマートフォン・タブレット > スマートフォンアクセサリー > スマートフォンケース,[予約]au isai FL LGL24/isai VL LGV31 専用 スマホ プリントケース クリアベース/0615ハンドスタンプ　パターンマルチ【ケース/カバー/isaifl/イサイ/isaiFLLGL24/スマホケース/スマホカバー/可愛い/かわいい/グッズ/雑貨】[当店入荷約1週間前後],,<font color=#e1005b>[ご注文確認後作成。当店入荷予定1週間前後]</font><br><br>驚きのデザイン数から選べる、プリントハードケースが登場！<br>おしゃれ系、和風、キュート系、クール系、探してたあなたにピッタリのデザインが見つかるはず。<br>もちろん傷や汚れをガード。各ボタンへのアクセスや純正ケーブルを使用しての充電などの機能を損なわずお使いいただけます。<br><br>※機種本体は含まれておりません。<br>※仕様は予告なく変更する場合がございます。<br>※商品画像は合成イメージを使用しており、実際の商品とは若干印象が異なる場合がございます。<br>※受注生産品のためご注文の確定後のキャンセルは、お断りさせていただきます。<br>※クレードル（卓上ホルダなど）を使用して充電する場合には、本製品を外してご利用下さい。<br>※側面への印刷はありません。<br>素材<br>ポリカーボネート樹脂<br>セット内容<br>ケース本体,[予約]au isai FL LGL24/isai VL LGV31 専用 スマホ プリントケース クリアベース/0615ハンドスタンプ　パターンマルチ【ケース/カバー/isaifl/イサイ/isaiFLLGL24/スマホケース/スマホカバー/可愛い/かわいい/グッズ/雑貨】[当店入荷約1週間前後]：可愛いスマホ雑貨の店＊KAWAII館,通信販売通販ショッピングオンラインショッピング買い物プレゼントギフト贈り物贈答品お中元お歳暮お買い得KAWAII館かわいい館カワイイ館可愛いスマホケースカバースマホポーチディズニーかわいい食品サンプルkawaii館雑貨販売キャラクターグッズ通販ifaceミッキー充電器iPhoneグッズ[予約]au isai FL LGL24/isai VL LGV31 専用 スマホ プリントケース クリアベース/0615ハンドスタンプ　パターンマルチ【ケース/カバー/isaifl/イサイ/isaiFLLGL24/スマホケース/スマホカバー/可愛い/かわいい/グッズ/雑貨】[当店入荷約1週間前後],[予約]au isai FL LGL24/isai VL LGV31 専用 スマホ プリントケース クリアベース/0615ハンドスタンプ　パターンマルチ【ケース/カバー/isaifl/イサイ/isaiFLLGL24/スマホケース/スマホカバー/可愛い/かわいい/グッズ/雑貨】[当店入荷約1週間前後][rn]
14-183711,http://tshop.r10s.jp/kawaiikan/cabinet/item/360_122/360-d-sc01f-cl-0529.jpg?fitin=700:700,1280.0000,,スマートフォン・タブレット > スマートフォンアクセサリー > スマートフォンケース,[予約]GALAXY Note 3 docomo SC-01F/au SCL22  専用 スマホ プリントケース クリアベース/0529パンダ迷彩　アニマルグリーン【スマホケース/スマートフォンケース/プリント/スマホカバー/可愛い/かわいい/グッズ/雑貨】[当店入荷約1週間前後],,<font color=#e1005b>[ご注文確認後作成。当店入荷予定1週間前後]</font><br><br>驚きのデザイン数から選べる、プリントハードケースが登場！<br>おしゃれ系、和風、キュート系、クール系、探してたあなたにピッタリのデザインが見つかるはず。<br>もちろん傷や汚れをガード。各ボタンへのアクセスや純正ケーブルを使用しての充電などの機能を損なわずお使いいただけます。<br><br>※機種本体は含まれておりません。<br>※仕様は予告なく変更する場合がございます。<br>※商品画像は合成イメージを使用しており、実際の商品とは若干印象が異なる場合がございます。<br>※受注生産品のためご注文の確定後のキャンセルは、お断りさせていただきます。<br>※クレードル（卓上ホルダなど）を使用して充電する場合には、本製品を外してご利用下さい。<br>※側面への印刷はありません。<br>素材<br>ポリカーボネート樹脂<br>セット内容<br>ケース本体,[予約]GALAXY Note 3 docomo SC-01F/au SCL22  専用 スマホ プリントケース クリアベース/0529パンダ迷彩　アニマルグリーン【スマホケース/スマートフォンケース/プリント/スマホカバー/可愛い/かわいい/グッズ/雑貨】[当店入荷約1週間前後]：可愛いスマホ雑貨の店＊KAWAII館,通信販売通販ショッピングオンラインショッピング買い物プレゼントギフト贈り物贈答品お中元お歳暮お買い得KAWAII館かわいい館カワイイ館可愛いスマホケースカバースマホポーチディズニーかわいい食品サンプルkawaii館雑貨販売キャラクターグッズ通販ifaceミッキー充電器iPhoneグッズ[予約]GALAXY Note 3 docomo SC-01F/au SCL22  専用 スマホ プリントケース クリアベース/0529パンダ迷彩　アニマルグリーン【スマホケース/スマートフォンケース/プリント/スマホカバー/可愛い/かわいい/グッズ/雑貨】[当店入荷約1週間前後],[予約]GALAXY Note 3 docomo SC-01F/au SCL22  専用 スマホ プリントケース クリアベース/0529パンダ迷彩　アニマルグリーン【スマホケース/スマートフォンケース/プリント/スマホカバー/可愛い/かわいい/グッズ/雑貨】[当店入荷約1週間前後][rn]
14-183712,http://tshop.r10s.jp/kawaiikan/cabinet/item/360_122/360-a-shl24-cl-0735.jpg?fitin=700:700,1280.0000,,スマートフォン・タブレット > スマートフォンアクセサリー > スマートフォンケース,[予約]au AQUOS PHONE SERIE mini SHL24 専用 スマホ プリントケース クリアベース/0735バラ 大 　フラワーレッド【スマホケース/スマートフォンケース/プリント/スマホカバー/可愛い/かわいい/グッズ/雑貨】[当店入荷約1週間前後],,<font color=#e1005b>[ご注文確認後作成。当店入荷予定1週間前後]</font><br><br>驚きのデザイン数から選べる、プリントハードケースが登場！<br>おしゃれ系、和風、キュート系、クール系、探してたあなたにピッタリのデザインが見つかるはず。<br>もちろん傷や汚れをガード。各ボタンへのアクセスや純正ケーブルを使用しての充電などの機能を損なわずお使いいただけます。<br><br>※機種本体は含まれておりません。<br>※仕様は予告なく変更する場合がございます。<br>※商品画像は合成イメージを使用しており、実際の商品とは若干印象が異なる場合がございます。<br>※受注生産品のためご注文の確定後のキャンセルは、お断りさせていただきます。<br>※クレードル（卓上ホルダなど）を使用して充電する場合には、本製品を外してご利用下さい。<br>※側面への印刷はありません。<br>素材<br>ポリカーボネート樹脂<br>セット内容<br>ケース本体,[予約]au AQUOS PHONE SERIE mini SHL24 専用 スマホ プリントケース クリアベース/0735バラ 大 　フラワーレッド【スマホケース/スマートフォンケース/プリント/スマホカバー/可愛い/かわいい/グッズ/雑貨】[当店入荷約1週間前後]：可愛いスマホ雑貨の店＊KAWAII館,通信販売通販ショッピングオンラインショッピング買い物プレゼントギフト贈り物贈答品お中元お歳暮お買い得KAWAII館かわいい館カワイイ館可愛いスマホケースカバースマホポーチディズニーかわいい食品サンプルkawaii館雑貨販売キャラクターグッズ通販ifaceミッキー充電器iPhoneグッズ[予約]au AQUOS PHONE SERIE mini SHL24 専用 スマホ プリントケース クリアベース/0735バラ 大 　フラワーレッド【スマホケース/スマートフォンケース/プリント/スマホカバー/可愛い/かわいい/グッズ/雑貨】[当店入荷約1週間前後],[予約]au AQUOS PHONE SERIE mini SHL24 専用 スマホ プリントケース クリアベース/0735バラ 大 　フラワーレッド【スマホケース/スマートフォンケース/プリント/スマホカバー/可愛い/かわいい/グッズ/雑貨】[当店入荷約1週間前後][rn]
14-183713,http://tshop.r10s.jp/kawaiikan/cabinet/item/360_122/360-d-sc01f-cl-0528.jpg?fitin=700:700,1280.0000,,スマートフォン・タブレット > スマートフォンアクセサリー > スマートフォンケース,[予約]GALAXY Note 3 docomo SC-01F/au SCL22  専用 スマホ プリントケース クリアベース/0528ストロベリーチョコピンク【スマホケース/スマートフォンケース/プリント/スマホカバー/可愛い/かわいい/グッズ/雑貨】[当店入荷約1週間前後],,<font color=#e1005b>[ご注文確認後作成。当店入荷予定1週間前後]</font><br><br>驚きのデザイン数から選べる、プリントハードケースが登場！<br>おしゃれ系、和風、キュート系、クール系、探してたあなたにピッタリのデザインが見つかるはず。<br>もちろん傷や汚れをガード。各ボタンへのアクセスや純正ケーブルを使用しての充電などの機能を損なわずお使いいただけます。<br><br>※機種本体は含まれておりません。<br>※仕様は予告なく変更する場合がございます。<br>※商品画像は合成イメージを使用しており、実際の商品とは若干印象が異なる場合がございます。<br>※受注生産品のためご注文の確定後のキャンセルは、お断りさせていただきます。<br>※クレードル（卓上ホルダなど）を使用して充電する場合には、本製品を外してご利用下さい。<br>※側面への印刷はありません。<br>素材<br>ポリカーボネート樹脂<br>セット内容<br>ケース本体,[予約]GALAXY Note 3 docomo SC-01F/au SCL22  専用 スマホ プリントケース クリアベース/0528ストロベリーチョコピンク【スマホケース/スマートフォンケース/プリント/スマホカバー/可愛い/かわいい/グッズ/雑貨】[当店入荷約1週間前後]：可愛いスマホ雑貨の店＊KAWAII館,通信販売通販ショッピングオンラインショッピング買い物プレゼントギフト贈り物贈答品お中元お歳暮お買い得KAWAII館かわいい館カワイイ館可愛いスマホケースカバースマホポーチディズニーかわいい食品サンプルkawaii館雑貨販売キャラクターグッズ通販ifaceミッキー充電器iPhoneグッズ[予約]GALAXY Note 3 docomo SC-01F/au SCL22  専用 スマホ プリントケース クリアベース/0528ストロベリーチョコピンク【スマホケース/スマートフォンケース/プリント/スマホカバー/可愛い/かわいい/グッズ/雑貨】[当店入荷約1週間前後],[予約]GALAXY Note 3 docomo SC-01F/au SCL22  専用 スマホ プリントケース クリアベース/0528ストロベリーチョコピンク【スマホケース/スマートフォンケース/プリント/スマホカバー/可愛い/かわいい/グッズ/雑貨】[当店入荷約1週間前後][rn]
14-183714,http://tshop.r10s.jp/kawaiikan/cabinet/item/360_122/360-a-l03-cl-0592.jpg?fitin=700:700,1280.0000,,スマートフォン・タブレット > スマートフォンアクセサリー > スマートフォンケース,[予約]au URBANO L03 専用 スマホ プリントケース クリアベース/0592青海波　和柄ネイビー【スマホケース/スマートフォンケース/プリント/スマホカバー/可愛い/かわいい/グッズ/雑貨】[当店入荷約1週間前後],,<font color=#e1005b>[ご注文確認後作成。当店入荷予定1週間前後]</font><br><br>驚きのデザイン数から選べる、プリントハードケースが登場！<br>おしゃれ系、和風、キュート系、クール系、探してたあなたにピッタリのデザインが見つかるはず。<br>もちろん傷や汚れをガード。各ボタンへのアクセスや純正ケーブルを使用しての充電などの機能を損なわずお使いいただけます。<br><br>※機種本体は含まれておりません。<br>※仕様は予告なく変更する場合がございます。<br>※商品画像は合成イメージを使用しており、実際の商品とは若干印象が異なる場合がございます。<br>※受注生産品のためご注文の確定後のキャンセルは、お断りさせていただきます。<br>※クレードル（卓上ホルダなど）を使用して充電する場合には、本製品を外してご利用下さい。<br>※側面への印刷はありません。<br>素材<br>ポリカーボネート樹脂<br>セット内容<br>ケース本体,[予約]au URBANO L03 専用 スマホ プリントケース クリアベース/0592青海波　和柄ネイビー【スマホケース/スマートフォンケース/プリント/スマホカバー/可愛い/かわいい/グッズ/雑貨】[当店入荷約1週間前後]：可愛いスマホ雑貨の店＊KAWAII館,通信販売通販ショッピングオンラインショッピング買い物プレゼントギフト贈り物贈答品お中元お歳暮お買い得KAWAII館かわいい館カワイイ館可愛いスマホケースカバースマホポーチディズニーかわいい食品サンプルkawaii館雑貨販売キャラクターグッズ通販ifaceミッキー充電器iPhoneグッズ[予約]au URBANO L03 専用 スマホ プリントケース クリアベース/0592青海波　和柄ネイビー【スマホケース/スマートフォンケース/プリント/スマホカバー/可愛い/かわいい/グッズ/雑貨】[当店入荷約1週間前後],[予約]au URBANO L03 専用 スマホ プリントケース クリアベース/0592青海波　和柄ネイビー【スマホケース/スマートフォンケース/プリント/スマホカバー/可愛い/かわいい/グッズ/雑貨】[当店入荷約1週間前後][rn]
14-183715,http://tshop.r10s.jp/kawaiikan/cabinet/item/360_122/360-d-sc01f-cl-0739.jpg?fitin=700:700,1280.0000,,スマートフォン・タブレット > スマートフォンアクセサリー > スマートフォンケース,[予約]GALAXY Note 3 docomo SC-01F/au SCL22  専用 スマホ プリントケース クリアベース/0739ダマスク03 中 　パターンブラウン【スマホケース/スマートフォンケース/プリント/スマホカバー/可愛い/かわいい/グッズ/雑貨】[当店入荷約1週間前後],,<font color=#e1005b>[ご注文確認後作成。当店入荷予定1週間前後]</font><br><br>驚きのデザイン数から選べる、プリントハードケースが登場！<br>おしゃれ系、和風、キュート系、クール系、探してたあなたにピッタリのデザインが見つかるはず。<br>もちろん傷や汚れをガード。各ボタンへのアクセスや純正ケーブルを使用しての充電などの機能を損なわずお使いいただけます。<br><br>※機種本体は含まれておりません。<br>※仕様は予告なく変更する場合がございます。<br>※商品画像は合成イメージを使用しており、実際の商品とは若干印象が異なる場合がございます。<br>※受注生産品のためご注文の確定後のキャンセルは、お断りさせていただきます。<br>※クレードル（卓上ホルダなど）を使用して充電する場合には、本製品を外してご利用下さい。<br>※側面への印刷はありません。<br>素材<br>ポリカーボネート樹脂<br>セット内容<br>ケース本体,[予約]GALAXY Note 3 docomo SC-01F/au SCL22  専用 スマホ プリントケース クリアベース/0739ダマスク03 中 　パターンブラウン【スマホケース/スマートフォンケース/プリント/スマホカバー/可愛い/かわいい/グッズ/雑貨】[当店入荷約1週間前後]：可愛いスマホ雑貨の店＊KAWAII館,通信販売通販ショッピングオンラインショッピング買い物プレゼントギフト贈り物贈答品お中元お歳暮お買い得KAWAII館かわいい館カワイイ館可愛いスマホケースカバースマホポーチディズニーかわいい食品サンプルkawaii館雑貨販売キャラクターグッズ通販ifaceミッキー充電器iPhoneグッズ[予約]GALAXY Note 3 docomo SC-01F/au SCL22  専用 スマホ プリントケース クリアベース/0739ダマスク03 中 　パターンブラウン【スマホケース/スマートフォンケース/プリント/スマホカバー/可愛い/かわいい/グッズ/雑貨】[当店入荷約1週間前後],[予約]GALAXY Note 3 docomo SC-01F/au SCL22  専用 スマホ プリントケース クリアベース/0739ダマスク03 中 　パターンブラウン【スマホケース/スマートフォンケース/プリント/スマホカバー/可愛い/かわいい/グッズ/雑貨】[当店入荷約1週間前後][rn]
14-183716,http://tshop.r10s.jp/kawaiikan/cabinet/item/360_122/360-a-lgl23-cl-0515.jpg?fitin=700:700,1280.0000,,スマートフォン・タブレット > スマートフォンアクセサリー > スマートフォンケース,[予約]au G Flex LGL23 専用 スマホ プリントケース クリアベース/0515レッド地／ホワイト ドットレッド【スマホケース/スマートフォンケース/プリント/スマホカバー/可愛い/かわいい/グッズ/雑貨】[当店入荷約1週間前後],,<font color=#e1005b>[ご注文確認後作成。当店入荷予定1週間前後]</font><br><br>驚きのデザイン数から選べる、プリントハードケースが登場！<br>おしゃれ系、和風、キュート系、クール系、探してたあなたにピッタリのデザインが見つかるはず。<br>もちろん傷や汚れをガード。各ボタンへのアクセスや純正ケーブルを使用しての充電などの機能を損なわずお使いいただけます。<br><br>※機種本体は含まれておりません。<br>※仕様は予告なく変更する場合がございます。<br>※商品画像は合成イメージを使用しており、実際の商品とは若干印象が異なる場合がございます。<br>※受注生産品のためご注文の確定後のキャンセルは、お断りさせていただきます。<br>※クレードル（卓上ホルダなど）を使用して充電する場合には、本製品を外してご利用下さい。<br>※側面への印刷はありません。<br>素材<br>ポリカーボネート樹脂<br>セット内容<br>ケース本体,[予約]au G Flex LGL23 専用 スマホ プリントケース クリアベース/0515レッド地／ホワイト ドットレッド【スマホケース/スマートフォンケース/プリント/スマホカバー/可愛い/かわいい/グッズ/雑貨】[当店入荷約1週間前後]：可愛いスマホ雑貨の店＊KAWAII館,通信販売通販ショッピングオンラインショッピング買い物プレゼントギフト贈り物贈答品お中元お歳暮お買い得KAWAII館かわいい館カワイイ館可愛いスマホケースカバースマホポーチディズニーかわいい食品サンプルkawaii館雑貨販売キャラクターグッズ通販ifaceミッキー充電器iPhoneグッズ[予約]au G Flex LGL23 専用 スマホ プリントケース クリアベース/0515レッド地／ホワイト ドットレッド【スマホケース/スマートフォンケース/プリント/スマホカバー/可愛い/かわいい/グッズ/雑貨】[当店入荷約1週間前後],[予約]au G Flex LGL23 専用 スマホ プリントケース クリアベース/0515レッド地／ホワイト ドットレッド【スマホケース/スマートフォンケース/プリント/スマホカバー/可愛い/かわいい/グッズ/雑貨】[当店入荷約1週間前後][rn]
14-183717,http://tshop.r10s.jp/kawaiikan/cabinet/item/360_122/360-d-sc01f-cl-0831.jpg?fitin=700:700,1280.0000,,スマートフォン・タブレット > スマートフォンアクセサリー > スマートフォンケース,[予約]GALAXY Note 3 docomo SC-01F/au SCL22  専用 スマホ プリントケース クリアベース/0831かさねづけ　ジュエリーゴールド【スマホケース/スマートフォンケース/プリント/スマホカバー/可愛い/かわいい/グッズ/雑貨】[当店入荷約1週間前後],,<font color=#e1005b>[ご注文確認後作成。当店入荷予定1週間前後]</font><br><br>驚きのデザイン数から選べる、プリントハードケースが登場！<br>おしゃれ系、和風、キュート系、クール系、探してたあなたにピッタリのデザインが見つかるはず。<br>もちろん傷や汚れをガード。各ボタンへのアクセスや純正ケーブルを使用しての充電などの機能を損なわずお使いいただけます。<br><br>※機種本体は含まれておりません。<br>※仕様は予告なく変更する場合がございます。<br>※商品画像は合成イメージを使用しており、実際の商品とは若干印象が異なる場合がございます。<br>※受注生産品のためご注文の確定後のキャンセルは、お断りさせていただきます。<br>※クレードル（卓上ホルダなど）を使用して充電する場合には、本製品を外してご利用下さい。<br>※側面への印刷はありません。<br>素材<br>ポリカーボネート樹脂<br>セット内容<br>ケース本体,[予約]GALAXY Note 3 docomo SC-01F/au SCL22  専用 スマホ プリントケース クリアベース/0831かさねづけ　ジュエリーゴールド【スマホケース/スマートフォンケース/プリント/スマホカバー/可愛い/かわいい/グッズ/雑貨】[当店入荷約1週間前後]：可愛いスマホ雑貨の店＊KAWAII館,通信販売通販ショッピングオンラインショッピング買い物プレゼントギフト贈り物贈答品お中元お歳暮お買い得KAWAII館かわいい館カワイイ館可愛いスマホケースカバースマホポーチディズニーかわいい食品サンプルkawaii館雑貨販売キャラクターグッズ通販ifaceミッキー充電器iPhoneグッズ[予約]GALAXY Note 3 docomo SC-01F/au SCL22  専用 スマホ プリントケース クリアベース/0831かさねづけ　ジュエリーゴールド【スマホケース/スマートフォンケース/プリント/スマホカバー/可愛い/かわいい/グッズ/雑貨】[当店入荷約1週間前後],[予約]GALAXY Note 3 docomo SC-01F/au SCL22  専用 スマホ プリントケース クリアベース/0831かさねづけ　ジュエリーゴールド【スマホケース/スマートフォンケース/プリント/スマホカバー/可愛い/かわいい/グッズ/雑貨】[当店入荷約1週間前後][rn]
14-183718,http://tshop.r10s.jp/kawaiikan/cabinet/item/360_122/360-a-lgl24-cl-0623.jpg?fitin=700:700,1280.0000,,スマートフォン・タブレット > スマートフォンアクセサリー > スマートフォンケース,[予約]au isai FL LGL24/isai VL LGV31 専用 スマホ プリントケース クリアベース/0623リトルワールド　イラストマルチ【ケース/カバー/isaifl/イサイ/isaiFLLGL24/スマホケース/スマホカバー/可愛い/かわいい/グッズ/雑貨】[当店入荷約1週間前後],,<font color=#e1005b>[ご注文確認後作成。当店入荷予定1週間前後]</font><br><br>驚きのデザイン数から選べる、プリントハードケースが登場！<br>おしゃれ系、和風、キュート系、クール系、探してたあなたにピッタリのデザインが見つかるはず。<br>もちろん傷や汚れをガード。各ボタンへのアクセスや純正ケーブルを使用しての充電などの機能を損なわずお使いいただけます。<br><br>※機種本体は含まれておりません。<br>※仕様は予告なく変更する場合がございます。<br>※商品画像は合成イメージを使用しており、実際の商品とは若干印象が異なる場合がございます。<br>※受注生産品のためご注文の確定後のキャンセルは、お断りさせていただきます。<br>※クレードル（卓上ホルダなど）を使用して充電する場合には、本製品を外してご利用下さい。<br>※側面への印刷はありません。<br>素材<br>ポリカーボネート樹脂<br>セット内容<br>ケース本体,[予約]au isai FL LGL24/isai VL LGV31 専用 スマホ プリントケース クリアベース/0623リトルワールド　イラストマルチ【ケース/カバー/isaifl/イサイ/isaiFLLGL24/スマホケース/スマホカバー/可愛い/かわいい/グッズ/雑貨】[当店入荷約1週間前後]：可愛いスマホ雑貨の店＊KAWAII館,通信販売通販ショッピングオンラインショッピング買い物プレゼントギフト贈り物贈答品お中元お歳暮お買い得KAWAII館かわいい館カワイイ館可愛いスマホケースカバースマホポーチディズニーかわいい食品サンプルkawaii館雑貨販売キャラクターグッズ通販ifaceミッキー充電器iPhoneグッズ[予約]au isai FL LGL24/isai VL LGV31 専用 スマホ プリントケース クリアベース/0623リトルワールド　イラストマルチ【ケース/カバー/isaifl/イサイ/isaiFLLGL24/スマホケース/スマホカバー/可愛い/かわいい/グッズ/雑貨】[当店入荷約1週間前後],[予約]au isai FL LGL24/isai VL LGV31 専用 スマホ プリントケース クリアベース/0623リトルワールド　イラストマルチ【ケース/カバー/isaifl/イサイ/isaiFLLGL24/スマホケース/スマホカバー/可愛い/かわいい/グッズ/雑貨】[当店入荷約1週間前後][rn]
14-183719,http://tshop.r10s.jp/kawaiikan/cabinet/item/111_8/111-9990.jpg?fitin=700:700,2944.0000,,スマートフォン・タブレット > スマートフォンアクセサリー > スマートフォンケース,送料無料 GALAXY S7 edge docomo SC-02H/au SCV33   ディズニー 手帳型ケース,,"<center>
<img src=""http://image.rakuten.co.jp/keitai/cabinet/kisetukate/smart/for_sc02h.jpg"">
</center><br>
<center>
<img src=""http://image.rakuten.co.jp/keitai/cabinet/item/111/page03/111-999071img01.jpg"" width=""100%"">
</center><br>

高級感のある銀箔押しがオシャレなディズニーキャラクター手帳型ケース♪<br>
シンプルで使い勝手のよいケースに、銀箔の型押しが高級感を演出。<br>
<br>
内側には通勤・通学に便利なカードポケット付き。<br>
カードポケット部分に付いたキャラクターの形の窓がワンポイントになっています♪<br>
<br>
ストラップホールが付いているので、お好きなストラップを付けて楽しんでね。<br>
<center>
<img src=""http://image.rakuten.co.jp/keitai/cabinet/item/111/page03/111-999071img03.jpg"" width=""100%"">
</center><br>

<center>
<img src=""http://image.rakuten.co.jp/keitai/cabinet/item/111/page03/111-999071img04.jpg"" width=""100%"">
</center><br>
<center>
<img src=""http://image.rakuten.co.jp/keitai/cabinet/item/111/page03/111-999071img05.jpg"" width=""100%"">
</center><br>
<center>
<img src=""http://image.rakuten.co.jp/keitai/cabinet/item/111/page03/111-999071img06.jpg"" width=""100%"">
</center><br>
<center>
<img src=""http://image.rakuten.co.jp/keitai/cabinet/item/111/page03/111-999071img07.jpg"" width=""100%"">
</center><br>
※クレードル（卓上ホルダなど）を使用して確実に充電するには、本製品を外すことをおすすめします。<br><br>
【ギャラクシー s7/ギャラクシー S7/ギャラクシー/ドコモ/au/Disney/ミッキー/ミニー/ドナルド/スマホケース/スマートフォンケース/手帳型ケース/銀箔】<br><br><center><table width=""100%"" cellspacing=""0"" cellpadding=""15"" border=""0"" align=""center""><tr><td valign=""middle"" bgcolor=""#774d28"" align=""center""><b><font color=""#FFFFFF"">PC版で詳しく見る</font></b></td></tr></table><br></center>サイズ表<br>
本体：約縦15.5×横7.7×厚1.5cm<br>
<br>
<br>
主素材：ポリウレタン、ポリカーボネイト<br>
ストラップ使用：可<br>
セット内容：ケース本体<br>
<br><br><font color=""#E1005B"">■おすすめ/関連商品</font><br><table width=""100%"" cellpadding=""8""><tr bgcolor=""#FFCCCC""><td><font size=""2"" color=""#774d28""><B>＞＞　GALAXY S7 edge SC-02H　ケース一覧</B></font></td></tr></table><table width=""100%"" cellpadding=""8""><tr bgcolor=""#FFCCCC""><td><font size=""2"" color=""#774d28""><B>＞＞　GALAXY S7 edge SCV33　ケース一覧</B></font></td></tr></table><table width=""100%"" cellpadding=""8""><tr bgcolor=""#FFCCCC""><td><font size=""2"" color=""#774d28""><B>＞＞　スマホケース　マルチ対応　Mサイズ</B></font></td></tr></table><table width=""100%"" cellpadding=""8""><tr bgcolor=""#FFCCCC""><td><font size=""2"" color=""#774d28""><B>＞＞　スマホケース　マルチ対応　Lサイズ</B></font></td></tr></table><table width=""100%"" cellpadding=""8""><tr bgcolor=""#FFCCCC""><td><font size=""2"" color=""#774d28""><B>＞＞　ディズニー特集</B></font></td></tr></table><table width=""100%"" cellpadding=""8""><tr bgcolor=""#FFCCCC""><td><font size=""2"" color=""#774d28""><B>＞＞　ミッキーグッズ特集</B></font></td></tr></table>",送料無料 GALAXY S7 edge docomo SC-02H/au SCV33   ディズニー 手帳型ケース：可愛いスマホ雑貨の店＊KAWAII館,通信販売通販ショッピングオンラインショッピング買い物プレゼントギフト贈り物贈答品お中元お歳暮お買い得KAWAII館かわいい館カワイイ館可愛いスマホケースカバースマホポーチディズニーかわいい食品サンプルkawaii館雑貨販売キャラクターグッズ通販ifaceミッキー充電器iPhoneグッズ送料無料 GALAXY S7 edge docomo SC-02H/au SCV33   ディズニー 手帳型ケース,送料無料 GALAXY S7 edge docomo SC-02H/au SCV33   ディズニー 手帳型ケース[rn]
14-183720,http://tshop.r10s.jp/kawaiikan/cabinet/item/360_122/360-d-sc01f-cl-0913.jpg?fitin=700:700,1280.0000,,スマートフォン・タブレット > スマートフォンアクセサリー > スマートフォンケース,[予約]GALAXY Note 3 docomo SC-01F/au SCL22  専用 スマホ プリントケース クリアベース/0913小鳥と牡丹　フラワーレッドブルー【スマホケース/スマートフォンケース/プリント/スマホカバー/可愛い/かわいい/グッズ/雑貨】[当店入荷約1週間前後],,<font color=#e1005b>[ご注文確認後作成。当店入荷予定1週間前後]</font><br><br>驚きのデザイン数から選べる、プリントハードケースが登場！<br>おしゃれ系、和風、キュート系、クール系、探してたあなたにピッタリのデザインが見つかるはず。<br>もちろん傷や汚れをガード。各ボタンへのアクセスや純正ケーブルを使用しての充電などの機能を損なわずお使いいただけます。<br><br>※機種本体は含まれておりません。<br>※仕様は予告なく変更する場合がございます。<br>※商品画像は合成イメージを使用しており、実際の商品とは若干印象が異なる場合がございます。<br>※受注生産品のためご注文の確定後のキャンセルは、お断りさせていただきます。<br>※クレードル（卓上ホルダなど）を使用して充電する場合には、本製品を外してご利用下さい。<br>※側面への印刷はありません。<br>素材<br>ポリカーボネート樹脂<br>セット内容<br>ケース本体,[予約]GALAXY Note 3 docomo SC-01F/au SCL22  専用 スマホ プリントケース クリアベース/0913小鳥と牡丹　フラワーレッドブルー【スマホケース/スマートフォンケース/プリント/スマホカバー/可愛い/かわいい/グッズ/雑貨】[当店入荷約1週間前後]：可愛いスマホ雑貨の店＊KAWAII館,通信販売通販ショッピングオンラインショッピング買い物プレゼントギフト贈り物贈答品お中元お歳暮お買い得KAWAII館かわいい館カワイイ館可愛いスマホケースカバースマホポーチディズニーかわいい食品サンプルkawaii館雑貨販売キャラクターグッズ通販ifaceミッキー充電器iPhoneグッズ[予約]GALAXY Note 3 docomo SC-01F/au SCL22  専用 スマホ プリントケース クリアベース/0913小鳥と牡丹　フラワーレッドブルー【スマホケース/スマートフォンケース/プリント/スマホカバー/可愛い/かわいい/グッズ/雑貨】[当店入荷約1週間前後],[予約]GALAXY Note 3 docomo SC-01F/au SCL22  専用 スマホ プリントケース クリアベース/0913小鳥と牡丹　フラワーレッドブルー【スマホケース/スマートフォンケース/プリント/スマホカバー/可愛い/かわいい/グッズ/雑貨】[当店入荷約1週間前後][rn]
14-183721,http://tshop.r10s.jp/kawaiikan/cabinet/item/360_122/360-a-sol24-cl-0610.jpg?fitin=700:700,1280.0000,,スマートフォン・タブレット > スマートフォンアクセサリー > スマートフォンケース,[予約]au Xperia Z Ultra SOL24 専用 スマホ プリントケース クリアベース/0610星ランダム　イラストレッド【ケース/ウルトラ/エクスペリアz/XperiaZUltraSOL24/スマホケース/スマホカバー/可愛い/かわいい】[当店入荷約1週間前後],,<font color=#e1005b>[ご注文確認後作成。当店入荷予定1週間前後]</font><br><br>驚きのデザイン数から選べる、プリントハードケースが登場！<br>おしゃれ系、和風、キュート系、クール系、探してたあなたにピッタリのデザインが見つかるはず。<br>もちろん傷や汚れをガード。各ボタンへのアクセスや純正ケーブルを使用しての充電などの機能を損なわずお使いいただけます。<br><br>※機種本体は含まれておりません。<br>※仕様は予告なく変更する場合がございます。<br>※商品画像は合成イメージを使用しており、実際の商品とは若干印象が異なる場合がございます。<br>※受注生産品のためご注文の確定後のキャンセルは、お断りさせていただきます。<br>※クレードル（卓上ホルダなど）を使用して充電する場合には、本製品を外してご利用下さい。<br>※側面への印刷はありません。<br>素材<br>ポリカーボネート樹脂<br>セット内容<br>ケース本体,[予約]au Xperia Z Ultra SOL24 専用 スマホ プリントケース クリアベース/0610星ランダム　イラストレッド【ケース/ウルトラ/エクスペリアz/XperiaZUltraSOL24/スマホケース/スマホカバー/可愛い/かわいい】[当店入荷約1週間前後]：可愛いスマホ雑貨の店＊KAWAII館,通信販売通販ショッピングオンラインショッピング買い物プレゼントギフト贈り物贈答品お中元お歳暮お買い得KAWAII館かわいい館カワイイ館可愛いスマホケースカバースマホポーチディズニーかわいい食品サンプルkawaii館雑貨販売キャラクターグッズ通販ifaceミッキー充電器iPhoneグッズ[予約]au Xperia Z Ultra SOL24 専用 スマホ プリントケース クリアベース/0610星ランダム　イラストレッド【ケース/ウルトラ/エクスペリアz/XperiaZUltraSOL24/スマホケース/スマホカバー/可愛い/かわいい】[当店入荷約1週間前後],[予約]au Xperia Z Ultra SOL24 専用 スマホ プリントケース クリアベース/0610星ランダム　イラストレッド【ケース/ウルトラ/エクスペリアz/XperiaZUltraSOL24/スマホケース/スマホカバー/可愛い/かわいい】[当店入荷約1週間前後][rn]
14-183722,http://tshop.r10s.jp/kawaiikan/cabinet/item/111_9/111-485867.jpg?fitin=700:700,1440.0000,,スマートフォン・タブレット > スマートフォンアクセサリー > スマートフォンケース,docomo Xperia X Compact SO-02J  simplism  NUNO   バックカバーケース  シャインブルー 【xperia x エクスペリア スマホケース カバー】,,"<img src=""http://image.rakuten.co.jp/keitai/cabinet/kisetukate/smart/for_so02j.jpg"" width=""100%"">
<br>
[NUNO] バックカバーケースは、端末を傷や埃からしっかりと守る専用のハードケースです。<br>
服を着替えるかのようにカラーを選べるスタイルで、着せ替えて楽しむことができます。<br>
<br>
・Xperiaの背面をしっかりと包み込む、バックカバースタイル<br>
・背面からはめるだけの簡単装着<br>
・素材感や柄を楽しめる4種類の生地 <br>
（Simplismオリジナル プレミアムスキン素材、キラキラのシャイニー生地、ファブリック、カーボン調のPU生地）<br>
・しっかりホールド、ハンドストラップ<br>
・ストラップホール装備<br>
・イヤフォンケーブルをまとめる、ケーブルマネージャー付属<br>
※クレードル（卓上ホルダなど）を使用して確実に充電するには、本製品を外すことをおすすめします。<br><br>
【エクスペリア xperia x ドコモ  スマホケース ハードケース ストラップ付き ブルー カバー】<br><br><center><table width=""100%"" cellspacing=""0"" cellpadding=""15"" border=""0"" align=""center""><tr><td valign=""middle"" bgcolor=""#774d28"" align=""center""><b><font color=""#FFFFFF"">PC版で詳しく見る</font></b></td></tr></table><br></center>サイズ表<br>
本体：約縦13.2×横6.8×厚1.2cm<br>
パッケージ：約縦18.2×横11.1×厚2cm<br>
<br>
<br>
ストラップ使用：可<br>
セット内容：ケース本体、ストラップ、ケーブルマネージャー<br>
<br><br><font color=""#E1005B"">■おすすめ/関連商品</font><br><table width=""100%"" cellpadding=""8""><tr bgcolor=""#FFCCCC""><td><font size=""2"" color=""#774d28""><B>＞＞「Xperia X Compact SO-02J 対応スマホケース」をもっと見る</B></font></td></tr></table><table width=""100%"" cellpadding=""8""><tr bgcolor=""#FFCCCC""><td><font size=""2"" color=""#774d28""><B>＞＞「Xperia X Compact SO-02J 保護フィルム」をもっと見る</B></font></td></tr></table><table width=""100%"" cellpadding=""8""><tr bgcolor=""#FFCCCC""><td><font size=""2"" color=""#774d28""><B>＞＞「microUSB専用ケーブル」をもっと見る</B></font></td></tr></table>",docomo Xperia X Compact SO-02J  simplism  NUNO   バックカバーケース  シャインブルー 【xperia x エクスペリア スマホケース カバー】：可愛いスマホ雑貨の店＊KAWAII館,通信販売通販ショッピングオンラインショッピング買い物プレゼントギフト贈り物贈答品お中元お歳暮お買い得KAWAII館かわいい館カワイイ館可愛いスマホケースカバースマホポーチディズニーかわいい食品サンプルkawaii館雑貨販売キャラクターグッズ通販ifaceミッキー充電器iPhoneグッズdocomo Xperia X Compact SO-02J  simplism  NUNO   バックカバーケース  シャインブルー 【xperia x エクスペリア スマホケース カバー】,3240円以上のお買物で送料無料。docomo Xperia X Compact SO-02J  simplism  NUNO   バックカバーケース  シャインブルー 【xperia x エクスペリア スマホケース カバー】[rn]
14-183723,http://tshop.r10s.jp/kawaiikan/cabinet/item/360_122/360-a-sol25-cl-0991.jpg?fitin=700:700,1280.0000,,スマートフォン・タブレット > スマートフォンアクセサリー > スマートフォンケース,[予約]au Xperia ZL2 SOL25 専用 スマホ プリントケース クリアベース/0991ベルト　イラストブラック【XperiaZL2/SOL25/エクスペリア/zl2/スマホケース/プリント/スマホカバー/可愛い/かわいい】[当店入荷約1週間前後],,<font color=#e1005b>[ご注文確認後作成。当店入荷予定1週間前後]</font><br><br>驚きのデザイン数から選べる、プリントハードケースが登場！<br>おしゃれ系、和風、キュート系、クール系、探してたあなたにピッタリのデザインが見つかるはず。<br>もちろん傷や汚れをガード。各ボタンへのアクセスや純正ケーブルを使用しての充電などの機能を損なわずお使いいただけます。<br><br>※機種本体は含まれておりません。<br>※仕様は予告なく変更する場合がございます。<br>※商品画像は合成イメージを使用しており、実際の商品とは若干印象が異なる場合がございます。<br>※受注生産品のためご注文の確定後のキャンセルは、お断りさせていただきます。<br>※クレードル（卓上ホルダなど）を使用して充電する場合には、本製品を外してご利用下さい。<br>※側面への印刷はありません。<br>素材<br>ポリカーボネート樹脂<br>セット内容<br>ケース本体,[予約]au Xperia ZL2 SOL25 専用 スマホ プリントケース クリアベース/0991ベルト　イラストブラック【XperiaZL2/SOL25/エクスペリア/zl2/スマホケース/プリント/スマホカバー/可愛い/かわいい】[当店入荷約1週間前後]：可愛いスマホ雑貨の店＊KAWAII館,通信販売通販ショッピングオンラインショッピング買い物プレゼントギフト贈り物贈答品お中元お歳暮お買い得KAWAII館かわいい館カワイイ館可愛いスマホケースカバースマホポーチディズニーかわいい食品サンプルkawaii館雑貨販売キャラクターグッズ通販ifaceミッキー充電器iPhoneグッズ[予約]au Xperia ZL2 SOL25 専用 スマホ プリントケース クリアベース/0991ベルト　イラストブラック【XperiaZL2/SOL25/エクスペリア/zl2/スマホケース/プリント/スマホカバー/可愛い/かわいい】[当店入荷約1週間前後],[予約]au Xperia ZL2 SOL25 専用 スマホ プリントケース クリアベース/0991ベルト　イラストブラック【XperiaZL2/SOL25/エクスペリア/zl2/スマホケース/プリント/スマホカバー/可愛い/かわいい】[当店入荷約1週間前後][rn]
14-183724,http://tshop.r10s.jp/kawaiikan/cabinet/item/360_122/360-a-lgl23-cl-0521.jpg?fitin=700:700,1280.0000,,スマートフォン・タブレット > スマートフォンアクセサリー > スマートフォンケース,[予約]au G Flex LGL23 専用 スマホ プリントケース クリアベース/0521レッド地／ホワイトドット フラワーレッド【スマホケース/スマートフォンケース/プリント/スマホカバー/可愛い/かわいい/グッズ/雑貨】[当店入荷約1週間前後],,<font color=#e1005b>[ご注文確認後作成。当店入荷予定1週間前後]</font><br><br>驚きのデザイン数から選べる、プリントハードケースが登場！<br>おしゃれ系、和風、キュート系、クール系、探してたあなたにピッタリのデザインが見つかるはず。<br>もちろん傷や汚れをガード。各ボタンへのアクセスや純正ケーブルを使用しての充電などの機能を損なわずお使いいただけます。<br><br>※機種本体は含まれておりません。<br>※仕様は予告なく変更する場合がございます。<br>※商品画像は合成イメージを使用しており、実際の商品とは若干印象が異なる場合がございます。<br>※受注生産品のためご注文の確定後のキャンセルは、お断りさせていただきます。<br>※クレードル（卓上ホルダなど）を使用して充電する場合には、本製品を外してご利用下さい。<br>※側面への印刷はありません。<br>素材<br>ポリカーボネート樹脂<br>セット内容<br>ケース本体,[予約]au G Flex LGL23 専用 スマホ プリントケース クリアベース/0521レッド地／ホワイトドット フラワーレッド【スマホケース/スマートフォンケース/プリント/スマホカバー/可愛い/かわいい/グッズ/雑貨】[当店入荷約1週間前後]：可愛いスマホ雑貨の店＊KAWAII館,通信販売通販ショッピングオンラインショッピング買い物プレゼントギフト贈り物贈答品お中元お歳暮お買い得KAWAII館かわいい館カワイイ館可愛いスマホケースカバースマホポーチディズニーかわいい食品サンプルkawaii館雑貨販売キャラクターグッズ通販ifaceミッキー充電器iPhoneグッズ[予約]au G Flex LGL23 専用 スマホ プリントケース クリアベース/0521レッド地／ホワイトドット フラワーレッド【スマホケース/スマートフォンケース/プリント/スマホカバー/可愛い/かわいい/グッズ/雑貨】[当店入荷約1週間前後],[予約]au G Flex LGL23 専用 スマホ プリントケース クリアベース/0521レッド地／ホワイトドット フラワーレッド【スマホケース/スマートフォンケース/プリント/スマホカバー/可愛い/かわいい/グッズ/雑貨】[当店入荷約1週間前後][rn]
14-183725,http://tshop.r10s.jp/kawaiikan/cabinet/item/360_122/360-a-l03-cl-0500.jpg?fitin=700:700,1280.0000,,スマートフォン・タブレット > スマートフォンアクセサリー > スマートフォンケース,[予約]au URBANO L03 専用 スマホ プリントケース クリアベース/0500つみパンダ アニマルマルチ）【スマホケース/スマートフォンケース/プリント/スマホカバー/可愛い/かわいい/グッズ/雑貨】[当店入荷約1週間前後],,<font color=#e1005b>[ご注文確認後作成。当店入荷予定1週間前後]</font><br><br>驚きのデザイン数から選べる、プリントハードケースが登場！<br>おしゃれ系、和風、キュート系、クール系、探してたあなたにピッタリのデザインが見つかるはず。<br>もちろん傷や汚れをガード。各ボタンへのアクセスや純正ケーブルを使用しての充電などの機能を損なわずお使いいただけます。<br><br>※機種本体は含まれておりません。<br>※仕様は予告なく変更する場合がございます。<br>※商品画像は合成イメージを使用しており、実際の商品とは若干印象が異なる場合がございます。<br>※受注生産品のためご注文の確定後のキャンセルは、お断りさせていただきます。<br>※クレードル（卓上ホルダなど）を使用して充電する場合には、本製品を外してご利用下さい。<br>※側面への印刷はありません。<br>素材<br>ポリカーボネート樹脂<br>セット内容<br>ケース本体,[予約]au URBANO L03 専用 スマホ プリントケース クリアベース/0500つみパンダ アニマルマルチ）【スマホケース/スマートフォンケース/プリント/スマホカバー/可愛い/かわいい/グッズ/雑貨】[当店入荷約1週間前後]：可愛いスマホ雑貨の店＊KAWAII館,通信販売通販ショッピングオンラインショッピング買い物プレゼントギフト贈り物贈答品お中元お歳暮お買い得KAWAII館かわいい館カワイイ館可愛いスマホケースカバースマホポーチディズニーかわいい食品サンプルkawaii館雑貨販売キャラクターグッズ通販ifaceミッキー充電器iPhoneグッズ[予約]au URBANO L03 専用 スマホ プリントケース クリアベース/0500つみパンダ アニマルマルチ）【スマホケース/スマートフォンケース/プリント/スマホカバー/可愛い/かわいい/グッズ/雑貨】[当店入荷約1週間前後],[予約]au URBANO L03 専用 スマホ プリントケース クリアベース/0500つみパンダ アニマルマルチ）【スマホケース/スマートフォンケース/プリント/スマホカバー/可愛い/かわいい/グッズ/雑貨】[当店入荷約1週間前後][rn]
14-183726,http://tshop.r10s.jp/kawaiikan/cabinet/item/360_122/360-a-sol25-cl-0899.jpg?fitin=700:700,1280.0000,,スマートフォン・タブレット > スマートフォンアクセサリー > スマートフォンケース,[予約]au Xperia ZL2 SOL25 専用 スマホ プリントケース クリアベース/0899ダマスク05　パターンブラック【XperiaZL2/SOL25/エクスペリア/zl2/スマホケース/プリント/スマホカバー/可愛い/かわいい】[当店入荷約1週間前後],,<font color=#e1005b>[ご注文確認後作成。当店入荷予定1週間前後]</font><br><br>驚きのデザイン数から選べる、プリントハードケースが登場！<br>おしゃれ系、和風、キュート系、クール系、探してたあなたにピッタリのデザインが見つかるはず。<br>もちろん傷や汚れをガード。各ボタンへのアクセスや純正ケーブルを使用しての充電などの機能を損なわずお使いいただけます。<br><br>※機種本体は含まれておりません。<br>※仕様は予告なく変更する場合がございます。<br>※商品画像は合成イメージを使用しており、実際の商品とは若干印象が異なる場合がございます。<br>※受注生産品のためご注文の確定後のキャンセルは、お断りさせていただきます。<br>※クレードル（卓上ホルダなど）を使用して充電する場合には、本製品を外してご利用下さい。<br>※側面への印刷はありません。<br>素材<br>ポリカーボネート樹脂<br>セット内容<br>ケース本体,[予約]au Xperia ZL2 SOL25 専用 スマホ プリントケース クリアベース/0899ダマスク05　パターンブラック【XperiaZL2/SOL25/エクスペリア/zl2/スマホケース/プリント/スマホカバー/可愛い/かわいい】[当店入荷約1週間前後]：可愛いスマホ雑貨の店＊KAWAII館,通信販売通販ショッピングオンラインショッピング買い物プレゼントギフト贈り物贈答品お中元お歳暮お買い得KAWAII館かわいい館カワイイ館可愛いスマホケースカバースマホポーチディズニーかわいい食品サンプルkawaii館雑貨販売キャラクターグッズ通販ifaceミッキー充電器iPhoneグッズ[予約]au Xperia ZL2 SOL25 専用 スマホ プリントケース クリアベース/0899ダマスク05　パターンブラック【XperiaZL2/SOL25/エクスペリア/zl2/スマホケース/プリント/スマホカバー/可愛い/かわいい】[当店入荷約1週間前後],[予約]au Xperia ZL2 SOL25 専用 スマホ プリントケース クリアベース/0899ダマスク05　パターンブラック【XperiaZL2/SOL25/エクスペリア/zl2/スマホケース/プリント/スマホカバー/可愛い/かわいい】[当店入荷約1週間前後][rn]
14-183727,http://tshop.r10s.jp/kawaiikan/cabinet/item/360_122/360-a-sol24-cl-0761.jpg?fitin=700:700,1280.0000,,スマートフォン・タブレット > スマートフォンアクセサリー > スマートフォンケース,[予約]au Xperia Z Ultra SOL24 専用 スマホ プリントケース クリアベース/0761バラの壁紙04　フラワーピンク【ケース/ウルトラ/エクスペリアz/XperiaZUltraSOL24/スマホケース/スマホカバー/可愛い/かわいい】[当店入荷約1週間前後],,<font color=#e1005b>[ご注文確認後作成。当店入荷予定1週間前後]</font><br><br>驚きのデザイン数から選べる、プリントハードケースが登場！<br>おしゃれ系、和風、キュート系、クール系、探してたあなたにピッタリのデザインが見つかるはず。<br>もちろん傷や汚れをガード。各ボタンへのアクセスや純正ケーブルを使用しての充電などの機能を損なわずお使いいただけます。<br><br>※機種本体は含まれておりません。<br>※仕様は予告なく変更する場合がございます。<br>※商品画像は合成イメージを使用しており、実際の商品とは若干印象が異なる場合がございます。<br>※受注生産品のためご注文の確定後のキャンセルは、お断りさせていただきます。<br>※クレードル（卓上ホルダなど）を使用して充電する場合には、本製品を外してご利用下さい。<br>※側面への印刷はありません。<br>素材<br>ポリカーボネート樹脂<br>セット内容<br>ケース本体,[予約]au Xperia Z Ultra SOL24 専用 スマホ プリントケース クリアベース/0761バラの壁紙04　フラワーピンク【ケース/ウルトラ/エクスペリアz/XperiaZUltraSOL24/スマホケース/スマホカバー/可愛い/かわいい】[当店入荷約1週間前後]：可愛いスマホ雑貨の店＊KAWAII館,通信販売通販ショッピングオンラインショッピング買い物プレゼントギフト贈り物贈答品お中元お歳暮お買い得KAWAII館かわいい館カワイイ館可愛いスマホケースカバースマホポーチディズニーかわいい食品サンプルkawaii館雑貨販売キャラクターグッズ通販ifaceミッキー充電器iPhoneグッズ[予約]au Xperia Z Ultra SOL24 専用 スマホ プリントケース クリアベース/0761バラの壁紙04　フラワーピンク【ケース/ウルトラ/エクスペリアz/XperiaZUltraSOL24/スマホケース/スマホカバー/可愛い/かわいい】[当店入荷約1週間前後],[予約]au Xperia Z Ultra SOL24 専用 スマホ プリントケース クリアベース/0761バラの壁紙04　フラワーピンク【ケース/ウルトラ/エクスペリアz/XperiaZUltraSOL24/スマホケース/スマホカバー/可愛い/かわいい】[当店入荷約1週間前後][rn]
14-183728,http://tshop.r10s.jp/kawaiikan/cabinet/item/360_122/360-a-lgl24-cl-0514.jpg?fitin=700:700,1280.0000,,スマートフォン・タブレット > スマートフォンアクセサリー > スマートフォンケース,[予約]au isai FL LGL24/isai VL LGV31 専用 スマホ プリントケース クリアベース/0514グリーン地／ホワイト ドットグリーン【ケース/カバー/isaifl/イサイ/isaiFLLGL24/スマホケース/スマホカバー/可愛い/かわいい/グッズ/雑貨】[当店入荷約1週間前後],,<font color=#e1005b>[ご注文確認後作成。当店入荷予定1週間前後]</font><br><br>驚きのデザイン数から選べる、プリントハードケースが登場！<br>おしゃれ系、和風、キュート系、クール系、探してたあなたにピッタリのデザインが見つかるはず。<br>もちろん傷や汚れをガード。各ボタンへのアクセスや純正ケーブルを使用しての充電などの機能を損なわずお使いいただけます。<br><br>※機種本体は含まれておりません。<br>※仕様は予告なく変更する場合がございます。<br>※商品画像は合成イメージを使用しており、実際の商品とは若干印象が異なる場合がございます。<br>※受注生産品のためご注文の確定後のキャンセルは、お断りさせていただきます。<br>※クレードル（卓上ホルダなど）を使用して充電する場合には、本製品を外してご利用下さい。<br>※側面への印刷はありません。<br>素材<br>ポリカーボネート樹脂<br>セット内容<br>ケース本体,[予約]au isai FL LGL24/isai VL LGV31 専用 スマホ プリントケース クリアベース/0514グリーン地／ホワイト ドットグリーン【ケース/カバー/isaifl/イサイ/isaiFLLGL24/スマホケース/スマホカバー/可愛い/かわいい/グッズ/雑貨】[当店入荷約1週間前後]：可愛いスマホ雑貨の店＊KAWAII館,通信販売通販ショッピングオンラインショッピング買い物プレゼントギフト贈り物贈答品お中元お歳暮お買い得KAWAII館かわいい館カワイイ館可愛いスマホケースカバースマホポーチディズニーかわいい食品サンプルkawaii館雑貨販売キャラクターグッズ通販ifaceミッキー充電器iPhoneグッズ[予約]au isai FL LGL24/isai VL LGV31 専用 スマホ プリントケース クリアベース/0514グリーン地／ホワイト ドットグリーン【ケース/カバー/isaifl/イサイ/isaiFLLGL24/スマホケース/スマホカバー/可愛い/かわいい/グッズ/雑貨】[当店入荷約1週間前後],[予約]au isai FL LGL24/isai VL LGV31 専用 スマホ プリントケース クリアベース/0514グリーン地／ホワイト ドットグリーン【ケース/カバー/isaifl/イサイ/isaiFLLGL24/スマホケース/スマホカバー/可愛い/かわいい/グッズ/雑貨】[当店入荷約1週間前後][rn]
14-183729,http://tshop.r10s.jp/kawaiikan/cabinet/item/360_122/360-a-sol25-cl-0994.jpg?fitin=700:700,1280.0000,,スマートフォン・タブレット > スマートフォンアクセサリー > スマートフォンケース,[予約]au Xperia ZL2 SOL25 専用 スマホ プリントケース クリアベース/0994ベルトバッグ　イラストブルー【XperiaZL2/SOL25/エクスペリア/zl2/スマホケース/プリント/スマホカバー/可愛い/かわいい】[当店入荷約1週間前後],,<font color=#e1005b>[ご注文確認後作成。当店入荷予定1週間前後]</font><br><br>驚きのデザイン数から選べる、プリントハードケースが登場！<br>おしゃれ系、和風、キュート系、クール系、探してたあなたにピッタリのデザインが見つかるはず。<br>もちろん傷や汚れをガード。各ボタンへのアクセスや純正ケーブルを使用しての充電などの機能を損なわずお使いいただけます。<br><br>※機種本体は含まれておりません。<br>※仕様は予告なく変更する場合がございます。<br>※商品画像は合成イメージを使用しており、実際の商品とは若干印象が異なる場合がございます。<br>※受注生産品のためご注文の確定後のキャンセルは、お断りさせていただきます。<br>※クレードル（卓上ホルダなど）を使用して充電する場合には、本製品を外してご利用下さい。<br>※側面への印刷はありません。<br>素材<br>ポリカーボネート樹脂<br>セット内容<br>ケース本体,[予約]au Xperia ZL2 SOL25 専用 スマホ プリントケース クリアベース/0994ベルトバッグ　イラストブルー【XperiaZL2/SOL25/エクスペリア/zl2/スマホケース/プリント/スマホカバー/可愛い/かわいい】[当店入荷約1週間前後]：可愛いスマホ雑貨の店＊KAWAII館,通信販売通販ショッピングオンラインショッピング買い物プレゼントギフト贈り物贈答品お中元お歳暮お買い得KAWAII館かわいい館カワイイ館可愛いスマホケースカバースマホポーチディズニーかわいい食品サンプルkawaii館雑貨販売キャラクターグッズ通販ifaceミッキー充電器iPhoneグッズ[予約]au Xperia ZL2 SOL25 専用 スマホ プリントケース クリアベース/0994ベルトバッグ　イラストブルー【XperiaZL2/SOL25/エクスペリア/zl2/スマホケース/プリント/スマホカバー/可愛い/かわいい】[当店入荷約1週間前後],[予約]au Xperia ZL2 SOL25 専用 スマホ プリントケース クリアベース/0994ベルトバッグ　イラストブルー【XperiaZL2/SOL25/エクスペリア/zl2/スマホケース/プリント/スマホカバー/可愛い/かわいい】[当店入荷約1週間前後][rn]
14-183730,http://tshop.r10s.jp/kawaiikan/cabinet/item/19/19-808726.jpg?fitin=700:700,2133.6000,,スマートフォン・タブレット > スマートフォンアクセサリー > スマートフォンケース,ディズニーキャラクター/Old Book Case for スマートフォン ミッキー＆ミニー/ネイビー 【多機種対応/スマートフォンケース/手帳型/ブック型/本型/横開き/カードホルダー/docomo/au/softbank/アンドロイド/可愛い/かわいい/グッズ/Hamee】,,"Androidユーザーの中には、ケースを探すのも一苦労な方も多いはず。<br />
そんなお客様の声にお答えして、Hameeから新商品が誕生しました。<br />
<br />
超大人気のiPhone専用ディズニーold bookシリーズが各種スマートフォンに対応<br />
使い方は簡単！キュートな形の粘着パッドにあなたのスマホを貼りつけるだけ。<br />
<br />
・箔押し加工の高級感あふれるデザイン<br />
・随所に散りばめられたディズニーならではの可愛らしさ<br />
・内側のベロで、ケースをつけまま写真撮影OK！<br />
・かわいらしい型抜きのカードホルダー付き。<br />
・ベロを立てれば横置きスタンドに早変わり。<br />
<br />
例えスマホの機種が変わっても、ケースは変えなくても大丈夫。<br />
大切なスマートフォンだからこそ、ケースも長く使えるものを選んでみませんか。<br />
※粘着が弱まってきたら、濡らしたタオル等で粘着パッドのゴミやほこりをふきとって下さい。<br />
※装着する機器の材質、形状によってはご使用いただけない場合がございます。<br />
※iPhone4/4Sは貼り付け位置や重心の関係上、外れやすいのでご使用できません。<BR>
※本製品のご使用による各機種の故障、損害、破損などについては、弊社は一切その責任を負いません。<br />
<br />
サイズ表<br />
本体：約縦14.2×横9.2×厚2.4cm<br />
パッケージ：約縦18.7×横10.6×厚2.6cm<br />
最大装着可能スマホサイズ：約縦14×横7.5×厚1.1cm<br />
粘着パッド（ミッキー）：約縦4.3×横4.7cm<br />
粘着パッド（アリス）：約縦4.6×横5cm<br />
<br />
その他仕様<br />
ストラップ使用：可<br />
主素材：牛床革（表層ポリウレタン、下層牛革）・ポリウレタン（粘着パッド）<br />
セット内容：ケース本体<br />
<!-- スマートフォン用説明文ここまで -->


<br>
<table width=""100%"" border=""0"" cellpadding=""0"" cellspacing=""0"" bgcolor=""#ffcccc"">
<tr><td>

<br>
■関連商品<br><BR>
・スマートフォンアクセサリー<br>
・デイズニーグッズ
<br>
・イヤホンジャックアクセサリー（デイズニー）
<br>
<center>
<br>
<IMG src=""http://image.rakuten.co.jp/kawaiikan/cabinet/baner/disney_700100.gif"" width=""100%"" border=""0"">
<br>

<IMG src=""http://image.rakuten.co.jp/kawaiikan/cabinet/baner/276-831700_700150.jpg"" width=""100%"" border=""0"">
<br>
<img src=""http://image.rakuten.co.jp/kawaiikan/cabinet/baner/sumaho.jpg"" width=""100%""><br>
</center>


<br>
</td></tr>
</table>
<br><br>剥がれ処理加工をされているXperiaの方もこのクリアケースを一緒にご購入いただければ、全機種対応マルチケースが使えます<br>

<IMG src=""http://image.rakuten.co.jp/kawaiikan/cabinet/cute/toku/110-8725set_700300.jpg"" width=""100%"" border=""0"">
<br>",ディズニーキャラクター/Old Book Case for スマートフォン ミッキー＆ミニー/ネイビー 【多機種対応/スマートフォンケース/手帳型/ブック型/本型/横開き/カードホルダー/docomo/au/softbank/アンドロイド/可愛い/かわいい/グッズ/Hamee】：可愛いスマホ雑貨の店＊KAWAII館,通信販売通販ショッピングオンラインショッピング買い物プレゼントギフト贈り物贈答品お中元お歳暮お買い得KAWAII館かわいい館カワイイ館可愛いスマホケースカバースマホポーチディズニーかわいい食品サンプルkawaii館雑貨販売キャラクターグッズ通販ifaceミッキー充電器iPhoneグッズディズニーキャラクター/Old Book Case for スマートフォン ミッキー＆ミニー/ネイビー 【多機種対応/スマートフォンケース/手帳型/ブック型/本型/横開き/カードホルダー/docomo/au/softbank/アンドロイド/可愛い/かわいい/グッズ/Hamee】,【送料無料】 。ディズニーキャラクター/Old Book Case for スマートフォン ミッキー＆ミニー/ネイビー 【多機種対応/スマートフォンケース/手帳型/ブック型/本型/横開き/カードホルダー/docomo/au/softbank/アンドロイド/可愛い/かわいい/グッズ/Hamee】[rn]
14-183731,http://tshop.r10s.jp/kawaiikan/cabinet/item/111_9/111-005.jpg?fitin=700:700,2464.0000,,スマートフォン・タブレット > スマートフォンアクセサリー > スマートフォンケース,送料無料 iPhone 7 Plus  ディズニー 手帳型ケース【可愛い/かわいい/グッズ/雑貨】,,"<img src=""http://image.rakuten.co.jp/keitai/cabinet/kisetukate/smart/for_ip7plus.jpg"" width=""100%"">
<br>
<img src=""http://image.rakuten.co.jp/keitai/cabinet/item/111/page04/111-005498img01.jpg"" width=""100%""><br><br>
今にも飛び出してきそうなぷくっと立体的にデザインされたキュートなキャラクター！<br>
柔らかく、光沢を抑えたPUレザーが大人可愛い手帳型ケースは機能性も抜群です。<br>
<br>
・通勤、通学に便利なICカードポケット付き<br>
・ストラップホール付き<br>
※クレードル（卓上ホルダなど）を使用して確実に充電するには、本製品を外すことをおすすめします。<br>
※こちらの商品はデザインや仕様変更になる場合がございますので、予めご了承ください。<br><br>
【iｐhone7 Plus PLUS アイフォン7 プラス アイフォン７ スマートフォンケース スマホケース ダイアリーケース ミッキー ミニー ドナルドダック くまのプーさん】<br><br><center><table width=""100%"" cellspacing=""0"" cellpadding=""15"" border=""0"" align=""center""><tr><td valign=""middle"" bgcolor=""#774d28"" align=""center""><b><font color=""#FFFFFF"">PC版で詳しく見る</font></b></td></tr></table><br></center><br>
<br>
主素材：ポリウレタン素材、ポリカーボネイト素材<br>
対応機種：iPhone7 Plus (5.5inch)<br>
ストラップ使用：可<br><br><br><font color=""#E1005B"">■おすすめ/関連商品</font><br><table width=""100%"" cellpadding=""8""><tr bgcolor=""#FFCCCC""><td><font size=""2"" color=""#774d28""><B>＞＞「iPhone7Plusケース・フィルム」 特集</B></font></td></tr></table><table width=""100%"" cellpadding=""8""><tr bgcolor=""#FFCCCC""><td><font size=""2"" color=""#774d28""><B>＞＞「iPhone7Plus手帳型ケース」 特集</B></font></td></tr></table><table width=""100%"" cellpadding=""8""><tr bgcolor=""#FFCCCC""><td><font size=""2"" color=""#774d28""><B>＞＞「ディズニー」 特集</B></font></td></tr></table>

<br>
<img src=""http://image.rakuten.co.jp/kawaiikan/cabinet/baner/ip7pfilm_700100.gif"" alt="" height=""300"" width=""100%"">",送料無料 iPhone 7 Plus  ディズニー 手帳型ケース【可愛い/かわいい/グッズ/雑貨】：可愛いスマホ雑貨の店＊KAWAII館,通信販売通販ショッピングオンラインショッピング買い物プレゼントギフト贈り物贈答品お中元お歳暮お買い得KAWAII館かわいい館カワイイ館可愛いスマホケースカバースマホポーチディズニーかわいい食品サンプルkawaii館雑貨販売キャラクターグッズ通販ifaceミッキー充電器iPhoneグッズ送料無料 iPhone 7 Plus  ディズニー 手帳型ケース【可愛い/かわいい/グッズ/雑貨】,送料無料 iPhone 7 Plus  ディズニー 手帳型ケース【可愛い/かわいい/グッズ/雑貨】[rn]
14-183732,http://tshop.r10s.jp/kawaiikan/cabinet/item/19/19-808702.jpg?fitin=700:700,2133.6000,,スマートフォン・タブレット > スマートフォンアクセサリー > スマートフォンケース,ディズニーキャラクター/Old Book Case for スマートフォン(ミッキー＆ミニー)【スマホ/ケース/手帳/可愛い/手帳型/スマホケース /ほぼ/全機種対応/手帳型/二つ折り/横開き/ディズニーモバイル/ドコモ/ソフトバンク/かわいい/グッズ/Hamee】,,"Androidユーザーの中には、ケースを探すのも一苦労な方も多いはず。<br />
そんなお客様の声にお答えして、Hameeから新商品が誕生しました。<br />
<br />
超大人気のiPhone専用ディズニーold bookシリーズが各種スマートフォンに対応<br />
使い方は簡単！キュートな形の粘着パッドにあなたのスマホを貼りつけるだけ。<br />
<br />
・箔押し加工の高級感あふれるデザイン<br />
・随所に散りばめられたディズニーならではの可愛らしさ<br />
・内側のベロで、ケースをつけまま写真撮影OK！<br />
・かわいらしい型抜きのカードホルダー付き。<br />
・ベロを立てれば横置きスタンドに早変わり。<br />
<br />
例えスマホの機種が変わっても、ケースは変えなくても大丈夫。<br />
大切なスマートフォンだからこそ、ケースも長く使えるものを選んでみませんか。<br />
※粘着が弱まってきたら、濡らしたタオル等で粘着パッドのゴミやほこりをふきとって下さい。<br />
※装着する機器の材質、形状によってはご使用いただけない場合がございます。<br />
※iPhone4/4Sは貼り付け位置や重心の関係上、外れやすいのでご使用できません。<BR>
※本製品のご使用による各機種の故障、損害、破損などについては、弊社は一切その責任を負いません。<br />
<br />
サイズ表<br />
本体：約縦14.2×横9.2×厚2.4cm<br />
パッケージ：約縦18.7×横10.6×厚2.6cm<br />
最大装着可能スマホサイズ：約縦14×横7.5×厚1.1cm<br />
粘着パッド（ミッキー）：約縦4.3×横4.7cm<br />
粘着パッド（アリス）：約縦4.6×横5cm<br />
<br />
その他仕様<br />
ストラップ使用：可<br />
主素材：牛床革（表層ポリウレタン、下層牛革）・ポリウレタン（粘着パッド）<br />
セット内容：ケース本体<br />
<!-- スマートフォン用説明文ここまで -->


<br>
<table width=""100%"" border=""0"" cellpadding=""0"" cellspacing=""0"" bgcolor=""#ffcccc"">
<tr><td>

<br>
■関連商品<br><BR>
・スマートフォンアクセサリー<br>
・デイズニーグッズ
<br>
・イヤホンジャックアクセサリー（デイズニー）
<br>
<center>
<br>
<IMG src=""http://image.rakuten.co.jp/kawaiikan/cabinet/baner/disney_700100.gif"" width=""100%"" border=""0"">
<br>

<IMG src=""http://image.rakuten.co.jp/kawaiikan/cabinet/baner/276-831700_700150.jpg"" width=""100%"" border=""0"">
<br>
<img src=""http://image.rakuten.co.jp/kawaiikan/cabinet/baner/sumaho.jpg"" width=""100%""><br>
</center>


<br>
</td></tr>
</table>
<br><br>剥がれ処理加工をされているXperiaの方もこのクリアケースを一緒にご購入いただければ、全機種対応マルチケースが使えます<br>

<IMG src=""http://image.rakuten.co.jp/kawaiikan/cabinet/cute/toku/110-8725set_700300.jpg"" width=""100%"" border=""0"">
<br>",ディズニーキャラクター/Old Book Case for スマートフォン(ミッキー＆ミニー)【スマホ/ケース/手帳/可愛い/手帳型/スマホケース /ほぼ/全機種対応/手帳型/二つ折り/横開き/ディズニーモバイル/ドコモ/ソフトバンク/かわいい/グッズ/Hamee】：可愛いスマホ雑貨の店＊KAWAII館,通信販売通販ショッピングオンラインショッピング買い物プレゼントギフト贈り物贈答品お中元お歳暮お買い得KAWAII館かわいい館カワイイ館可愛いスマホケースカバースマホポーチディズニーかわいい食品サンプルkawaii館雑貨販売キャラクターグッズ通販ifaceミッキー充電器iPhoneグッズディズニーキャラクター/Old Book Case for スマートフォン(ミッキー＆ミニー)【スマホ/ケース/手帳/可愛い/手帳型/スマホケース /ほぼ/全機種対応/手帳型/二つ折り/横開き/ディズニーモバイル/ドコモ/ソフトバンク/かわいい/グッズ/Hamee】,【送料無料】 。ディズニーキャラクター/Old Book Case for スマートフォン(ミッキー＆ミニー)【スマホ/ケース/手帳/可愛い/手帳型/スマホケース /ほぼ/全機種対応/手帳型/二つ折り/横開き/ディズニーモバイル/ドコモ/ソフトバンク/かわいい/グッズ/Hamee】[rn]
14-183733,http://tshop.r10s.jp/kawaiikan/cabinet/item/111_8/111-0046.jpg?fitin=700:700,2384.0000,,スマートフォン・タブレット > スマートフォンアクセサリー > スマートフォンケース,iPhone 7  ディズニー 手帳型ケース スタンディング,,"<img src=""http://image.rakuten.co.jp/keitai/cabinet/kisetukate/smart/for_ip7.jpg"" width=""100%"">
<br>
<img src=""http://image.rakuten.co.jp/keitai/cabinet/item/111/page03/111-004620img01.jpg"" width=""100%""><br><br>
レイアウトからミッキーマウス、ミニーマウス、ドナルドダック、くまのプーさんを立体的に表現したのダイアリーケースが登場！<br>
ディズニーキャラクタが飛び出してくるかのようなユニークなケースです！<br>
<br>
・ICカードポケット付き<br>
・ストラップホール付き<br>

※クレードル（卓上ホルダなど）を使用して確実に充電するには、本製品を外すことをおすすめします。<br>
※こちらの商品はデザインや仕様変更になる場合がございますので、予めご了承ください。<br><br>
【iPhone ケース ディズニー iPhone7 iphone7 ミッキー ミニー プーさん ドナルド プー かわいい iphone7ケース iPhone7ケース 手帳型ケース 手帳型 スマホケース】<br><br><center><table width=""100%"" cellspacing=""0"" cellpadding=""15"" border=""0"" align=""center""><tr><td valign=""middle"" bgcolor=""#774d28"" align=""center""><b><font color=""#FFFFFF"">PC版で詳しく見る</font></b></td></tr></table><br></center>サイズ表<br>
本体：約縦 14.1×横 7.2×厚1.2cm<br>
<br>
<br>
主素材：ポリウレタン、ポリカーボネイト<br>
ストラップ使用：可<br>
セット内容：ケース本体<br>
<br><br><font color=""#336699"">■ほかの種類はこちらからチェック！</font><br><table width=""100%"" cellpadding=""8""><tr bgcolor=""#d7fffd""><td><font size=""2"" color=""#774d28""><B>＞＞　ディズニーのiPhone7 アイテムを見る</B></font></td></tr></table><br><br><font color=""#E1005B"">■おすすめ/関連商品</font><br><table width=""100%"" cellpadding=""8""><tr bgcolor=""#FFCCCC""><td><font size=""2"" color=""#774d28""><B>＞＞iPhone7    ケース・フィルム特集</B></font></td></tr></table><table width=""100%"" cellpadding=""8""><tr bgcolor=""#FFCCCC""><td><font size=""2"" color=""#774d28""><B>＞＞iPhone7　手帳型ケース</B></font></td></tr></table><table width=""100%"" cellpadding=""8""><tr bgcolor=""#FFCCCC""><td><font size=""2"" color=""#774d28""><B>＞＞ディズニー特集</B></font></td></tr></table><table width=""100%"" cellpadding=""8""><tr bgcolor=""#FFCCCC""><td><font size=""2"" color=""#774d28""><B>＞＞ミッキー　 グッズ</B></font></td></tr></table><table width=""100%"" cellpadding=""8""><tr bgcolor=""#FFCCCC""><td><font size=""2"" color=""#774d28""><B>＞＞ミニーマウス　グッズ</B></font></td></tr></table>",iPhone 7  ディズニー 手帳型ケース スタンディング：可愛いスマホ雑貨の店＊KAWAII館,通信販売通販ショッピングオンラインショッピング買い物プレゼントギフト贈り物贈答品お中元お歳暮お買い得KAWAII館かわいい館カワイイ館可愛いスマホケースカバースマホポーチディズニーかわいい食品サンプルkawaii館雑貨販売キャラクターグッズ通販ifaceミッキー充電器iPhoneグッズiPhone 7  ディズニー 手帳型ケース スタンディング,3240円以上のお買物で送料無料。iPhone 7  ディズニー 手帳型ケース スタンディング[rn]
14-183734,http://tshop.r10s.jp/kawaiikan/cabinet/item/111_8/111-004712.jpg?fitin=700:700,2144.0000,,スマートフォン・タブレット > スマートフォンアクセサリー > スマートフォンケース,iPhone 7  ディズニー レザー風オープンケース スタンディング/ミニー,,"<img src=""http://image.rakuten.co.jp/keitai/cabinet/kisetukate/smart/for_ip7.jpg"" width=""100%"">
<br>
<img src=""http://image.rakuten.co.jp/keitai/cabinet/item/111/page04/111-004705img01.jpg"" width=""100%""><br><br>
手にしっかりフィットしてすべりにくい。スリムな軽量設計のレザー風ケース！<br>
・各種操作を妨げない<br>
・軽い<br>
・ポップアップ<br>
※クレードル（卓上ホルダなど）を使用して確実に充電するには、本製品を外すことをおすすめします。<br>
※こちらの商品はデザインや仕様変更になる場合がございますので、予めご了承ください。<br>
※装着イメージ画像は「iPhone5・SE・6・6s」用で代用しています。<br><br>
【ミニーマウス/ハードケース/ケース/スマホケース/アイフォン7/iPhone7/Disney】<br><br><center><table width=""100%"" cellspacing=""0"" cellpadding=""15"" border=""0"" align=""center""><tr><td valign=""middle"" bgcolor=""#774d28"" align=""center""><b><font color=""#FFFFFF"">PC版で詳しく見る</font></b></td></tr></table><br></center>サイズ表<br>
本体：約縦14.3×横 7.2×厚1.2cm<br>
<br>
<br>
主素材：ポリウレタン、ポリカーボネイト<br>
セット内容：ケース本体<br>
<br><br><font color=""#336699"">■ほかの種類はこちらからチェック！</font><br><table width=""100%"" cellpadding=""8""><tr bgcolor=""#d7fffd""><td><font size=""2"" color=""#774d28""><B>＞＞　他のキャラクターバージョンを見る</B></font></td></tr></table><br><br><font color=""#E1005B"">■おすすめ/関連商品</font><br><table width=""100%"" cellpadding=""8""><tr bgcolor=""#FFCCCC""><td><font size=""2"" color=""#774d28""><B>＞＞iPhone7ケース・フィルム特集</B></font></td></tr></table><table width=""100%"" cellpadding=""8""><tr bgcolor=""#FFCCCC""><td><font size=""2"" color=""#774d28""><B>＞＞iPhone7　手帳型ケース</B></font></td></tr></table><table width=""100%"" cellpadding=""8""><tr bgcolor=""#FFCCCC""><td><font size=""2"" color=""#774d28""><B>＞＞ディズニー特集</B></font></td></tr></table>",iPhone 7  ディズニー レザー風オープンケース スタンディング/ミニー：可愛いスマホ雑貨の店＊KAWAII館,通信販売通販ショッピングオンラインショッピング買い物プレゼントギフト贈り物贈答品お中元お歳暮お買い得KAWAII館かわいい館カワイイ館可愛いスマホケースカバースマホポーチディズニーかわいい食品サンプルkawaii館雑貨販売キャラクターグッズ通販ifaceミッキー充電器iPhoneグッズiPhone 7  ディズニー レザー風オープンケース スタンディング/ミニー,3240円以上のお買物で送料無料。iPhone 7  ディズニー レザー風オープンケース スタンディング/ミニー[rn]
14-183735,http://tshop.r10s.jp/kawaiikan/cabinet/item/165/165-726643.jpg?fitin=700:700,2960.0000,,スマートフォン・タブレット > スマートフォンアクセサリー > スマートフォンケース,送料無料iPhone7/iPhone6s/iPhone6 iDress ケース ディズニー キャラクター サガラ刺繍 カバー デイジーダック,,"<center>
<img src=""http://image.rakuten.co.jp/kawaiikan/cabinet/item/165/page01/165-726612img01.jpg"" width=""100%"">
</center>
<br>
サガラ刺繍カバー<br>
<center>
<img src=""http://image.rakuten.co.jp/kawaiikan/cabinet/item/165/page01/165-726612img02.jpg"" width=""100%"">
</center>
<br>
ミラーやカードポケット、ストラップホールなど、機能満載。お気に入りのキャラクターでスマホを可愛く変身！iPhone7はもちろん、iPhone6s、iPhone6に対応しています。ディズニーのキャラクターと一緒にiPhoneライフを楽しみましょ！<br>
<center>
<img src=""http://image.rakuten.co.jp/kawaiikan/cabinet/item/165/page01/165-726612img03.jpg"" width=""100%"">
</center>
<br>
【disney ディズニーキャラクター iphone iphoneケース アイフォン6 アイフォン7 相良刺繍 もこもこ デイジー】<br><br><center><table width=""100%"" cellspacing=""0"" cellpadding=""15"" border=""0"" align=""center""><tr><td valign=""middle"" bgcolor=""#774d28"" align=""center""><b><font color=""#FFFFFF"">PC版で詳しく見る</font></b></td></tr></table><br></center>サイズ表<br>
本体サイズ：W82×H156×D15mm<br>
パッケージサイズ：W95×H190×D23mm<br>
<br>
<br>
主素材：合皮・TPU・ポリエステル・アクリル・合金<br>
<br><br><font color=""#336699"">■ほかの種類はこちらからチェック！</font><br><table width=""100%"" cellpadding=""8""><tr bgcolor=""#d7fffd""><td><font size=""2"" color=""#774d28""><B>＞＞　iDressシリーズをもっと見る</B></font></td></tr></table><br><br><font color=""#E1005B"">■おすすめ/関連商品</font><br><table width=""100%"" cellpadding=""8""><tr bgcolor=""#FFCCCC""><td><font size=""2"" color=""#774d28""><B>＞＞iPhone7グッズ</B></font></td></tr></table><table width=""100%"" cellpadding=""8""><tr bgcolor=""#FFCCCC""><td><font size=""2"" color=""#774d28""><B>＞＞iPhone6sケース・フォルム特集</B></font></td></tr></table><table width=""100%"" cellpadding=""8""><tr bgcolor=""#FFCCCC""><td><font size=""2"" color=""#774d28""><B>＞＞ライトニングケーブル一覧</B></font></td></tr></table><table width=""100%"" cellpadding=""8""><tr bgcolor=""#FFCCCC""><td><font size=""2"" color=""#774d28""><B>＞＞指紋認証OK！ホームボタンシール</B></font></td></tr></table><table width=""100%"" cellpadding=""8""><tr bgcolor=""#FFCCCC""><td><font size=""2"" color=""#774d28""><B>＞＞ディズニー特集</B></font></td></tr></table>",送料無料iPhone7/iPhone6s/iPhone6 iDress ケース ディズニー キャラクター サガラ刺繍 カバー デイジーダック：可愛いスマホ雑貨の店＊KAWAII館,通信販売通販ショッピングオンラインショッピング買い物プレゼントギフト贈り物贈答品お中元お歳暮お買い得KAWAII館かわいい館カワイイ館可愛いスマホケースカバースマホポーチディズニーかわいい食品サンプルkawaii館雑貨販売キャラクターグッズ通販ifaceミッキー充電器iPhoneグッズ送料無料iPhone7/iPhone6s/iPhone6 iDress ケース ディズニー キャラクター サガラ刺繍 カバー デイジーダック,送料無料iPhone7/iPhone6s/iPhone6 iDress ケース ディズニー キャラクター サガラ刺繍 カバー デイジーダック[rn]
14-183736,http://tshop.r10s.jp/kawaiikan/cabinet/item/623/623-380174.jpg?fitin=700:700,2000.0000,,スマートフォン・タブレット > スマートフォンアクセサリー > スマートフォンケース,iPhone7/iPhone6s/iPhone6 PalnartPoc パルナートポック ハードケース フウチョウ科の鳥類  【フウチョウ 鳥 ケース アニマル 動物】,,"<center>
<img src=""http://image.rakuten.co.jp/keitai/cabinet/kisetukate/smart/for_ip7_6s_6.jpg"" width=""100%"">
</center><br>
<center>
<img src=""http://image.rakuten.co.jp/kawaiikan/cabinet/item/623/page01/623-380099img02.jpg"" width=""100%"">
</center>
<br>
Palnart Poc(パルナートポック)からオリジナルのiPhone 7/6s/6専用のハードケースが登場しました。うさぎ、ネコ、クマ、オウムなど色々なアニマルが大集合。ケースいっぱいにアニマルがデザインされていて、まるで図鑑のようです。<br><br>
<center>
<img src=""http://image.rakuten.co.jp/kawaiikan/cabinet/item/623/page01/623-380099img03.jpg"" width=""100%"">
</center>
<br>
<center>
<img src=""http://image.rakuten.co.jp/kawaiikan/cabinet/item/623/page01/623-380099img04.jpg"" width=""100%"">
</center>
<br>
<center>
<img src=""http://image.rakuten.co.jp/kawaiikan/cabinet/item/623/page01/623-380099img05.jpg"" width=""100%"">
</center><br>
<center>
<img src=""http://image.rakuten.co.jp/kawaiikan/cabinet/item/623/page01/623-380099img06.jpg"" width=""100%"">
</center><br>
<center>
<img src=""http://image.rakuten.co.jp/kawaiikan/cabinet/item/623/page01/623-380099img07.jpg"" width=""100%"">
</center><br>
<center>
<img src=""http://image.rakuten.co.jp/kawaiikan/cabinet/item/623/page01/623-380099img08.jpg"" width=""100%"">
</center><br>
※1つ1つ手作業で染色、印刷されているため、商品により色や柄の出方が異なりますが不良品ではありません。<br>
※フラッシュ撮影時にフラッシュが写りこむ場合があります。<br><br>
【スマホケース スマートフォン iphone iphoneケース かわいい 可愛い ブラフシューペリア アクセサリー】<br><br><center><table width=""100%"" cellspacing=""0"" cellpadding=""15"" border=""0"" align=""center""><tr><td valign=""middle"" bgcolor=""#774d28"" align=""center""><b><font color=""#FFFFFF"">PC版で詳しく見る</font></b></td></tr></table><br></center>サイズ表<br>
ケース：約縦14×横7×厚1cm<br>
パッケージ：約縦17×横8×厚2.2cm<br>
<br>
<br>
主素材：ポリカーボネート<br>
ストラップ使用：不可<br>
<br><br><font color=""#336699"">■ほかの種類はこちらからチェック！</font><br><table width=""100%"" cellpadding=""8""><tr bgcolor=""#d7fffd""><td><font size=""2"" color=""#774d28""><B>＞＞　動物たくさん！オシャレな「Palnart Poc」シリーズをもっと見てみる</B></font></td></tr></table><br><br><font color=""#E1005B"">■おすすめ/関連商品</font><br><table width=""100%"" cellpadding=""8""><tr bgcolor=""#FFCCCC""><td><font size=""2"" color=""#774d28""><B>＞＞動物デザインのiPhone7ケース一覧</B></font></td></tr></table><table width=""100%"" cellpadding=""8""><tr bgcolor=""#FFCCCC""><td><font size=""2"" color=""#774d28""><B>＞＞iPhone7ケース一覧</B></font></td></tr></table><table width=""100%"" cellpadding=""8""><tr bgcolor=""#FFCCCC""><td><font size=""2"" color=""#774d28""><B>＞＞iPhone6s/6ケース特集</B></font></td></tr></table><table width=""100%"" cellpadding=""8""><tr bgcolor=""#FFCCCC""><td><font size=""2"" color=""#774d28""><B>＞＞ライトニングケーブル一覧</B></font></td></tr></table><table width=""100%"" cellpadding=""8""><tr bgcolor=""#FFCCCC""><td><font size=""2"" color=""#774d28""><B>＞＞指紋認証OK！ホームボタンシール</B></font></td></tr></table><table width=""100%"" cellpadding=""8""><tr bgcolor=""#FFCCCC""><td><font size=""2"" color=""#774d28""><B>＞＞猫グッズ一覧</B></font></td></tr></table><table width=""100%"" cellpadding=""8""><tr bgcolor=""#FFCCCC""><td><font size=""2"" color=""#774d28""><B>＞＞うさぎグッズ一覧</B></font></td></tr></table><table width=""100%"" cellpadding=""8""><tr bgcolor=""#FFCCCC""><td><font size=""2"" color=""#774d28""><B>＞＞オカメインコグッズ一覧</B></font></td></tr></table><table width=""100%"" cellpadding=""8""><tr bgcolor=""#FFCCCC""><td><font size=""2"" color=""#774d28""><B>＞＞セキセイインコグッズ一覧</B></font></td></tr></table>",iPhone7/iPhone6s/iPhone6 PalnartPoc パルナートポック ハードケース フウチョウ科の鳥類  【フウチョウ 鳥 ケース アニマル 動物】：可愛いスマホ雑貨の店＊KAWAII館,通信販売通販ショッピングオンラインショッピング買い物プレゼントギフト贈り物贈答品お中元お歳暮お買い得KAWAII館かわいい館カワイイ館可愛いスマホケースカバースマホポーチディズニーかわいい食品サンプルkawaii館雑貨販売キャラクターグッズ通販ifaceミッキー充電器iPhoneグッズiPhone7/iPhone6s/iPhone6 PalnartPoc パルナートポック ハードケース フウチョウ科の鳥類  【フウチョウ 鳥 ケース アニマル 動物】,アクセサリー ブランド  パルナートポック  iPhoneケース 発売。iPhone7/iPhone6s/iPhone6 PalnartPoc パルナートポック ハードケース フウチョウ科の鳥類  【フウチョウ 鳥 ケース アニマル 動物】[rn]
14-183737,http://tshop.r10s.jp/kawaiikan/cabinet/item/623/623-380167.jpg?fitin=700:700,2000.0000,,スマートフォン・タブレット > スマートフォンアクセサリー > スマートフォンケース,iPhone7/iPhone6s/iPhone6 PalnartPoc パルナートポック ハードケース オウム科の鳥類 【オウム ケース アニマル 動物】,,"<center>
<img src=""http://image.rakuten.co.jp/keitai/cabinet/kisetukate/smart/for_ip7_6s_6.jpg"" width=""100%"">
</center><br>
<center>
<img src=""http://image.rakuten.co.jp/kawaiikan/cabinet/item/623/page01/623-380099img02.jpg"" width=""100%"">
</center>
<br>
Palnart Poc(パルナートポック)からオリジナルのiPhone 7/6s/6専用のハードケースが登場しました。うさぎ、ネコ、クマ、オウムなど色々なアニマルが大集合。ケースいっぱいにアニマルがデザインされていて、まるで図鑑のようです。<br><br>
<center>
<img src=""http://image.rakuten.co.jp/kawaiikan/cabinet/item/623/page01/623-380099img03.jpg"" width=""100%"">
</center>
<br>
<center>
<img src=""http://image.rakuten.co.jp/kawaiikan/cabinet/item/623/page01/623-380099img04.jpg"" width=""100%"">
</center>
<br>
<center>
<img src=""http://image.rakuten.co.jp/kawaiikan/cabinet/item/623/page01/623-380099img05.jpg"" width=""100%"">
</center><br>
<center>
<img src=""http://image.rakuten.co.jp/kawaiikan/cabinet/item/623/page01/623-380099img06.jpg"" width=""100%"">
</center><br>
<center>
<img src=""http://image.rakuten.co.jp/kawaiikan/cabinet/item/623/page01/623-380099img07.jpg"" width=""100%"">
</center><br>
<center>
<img src=""http://image.rakuten.co.jp/kawaiikan/cabinet/item/623/page01/623-380099img08.jpg"" width=""100%"">
</center><br>
※1つ1つ手作業で染色、印刷されているため、商品により色や柄の出方が異なりますが不良品ではありません。<br>
※フラッシュ撮影時にフラッシュが写りこむ場合があります。<br><br>
【スマホケース スマートフォン iphone iphoneケース かわいい 可愛い ブラフシューペリア アクセサリー】<br><br><center><table width=""100%"" cellspacing=""0"" cellpadding=""15"" border=""0"" align=""center""><tr><td valign=""middle"" bgcolor=""#774d28"" align=""center""><b><font color=""#FFFFFF"">PC版で詳しく見る</font></b></td></tr></table><br></center>サイズ表<br>
ケース：約縦14×横7×厚1cm<br>
パッケージ：約縦17×横8×厚2.2cm<br>
<br>
<br>
主素材：ポリカーボネート<br>
ストラップ使用：不可<br>
<br><br><font color=""#336699"">■ほかの種類はこちらからチェック！</font><br><table width=""100%"" cellpadding=""8""><tr bgcolor=""#d7fffd""><td><font size=""2"" color=""#774d28""><B>＞＞　動物たくさん！オシャレな「Palnart Poc」シリーズをもっと見てみる</B></font></td></tr></table><br><br><font color=""#E1005B"">■おすすめ/関連商品</font><br><table width=""100%"" cellpadding=""8""><tr bgcolor=""#FFCCCC""><td><font size=""2"" color=""#774d28""><B>＞＞動物デザインのiPhone7ケース一覧</B></font></td></tr></table><table width=""100%"" cellpadding=""8""><tr bgcolor=""#FFCCCC""><td><font size=""2"" color=""#774d28""><B>＞＞iPhone7ケース一覧</B></font></td></tr></table><table width=""100%"" cellpadding=""8""><tr bgcolor=""#FFCCCC""><td><font size=""2"" color=""#774d28""><B>＞＞iPhone6s/6ケース特集</B></font></td></tr></table><table width=""100%"" cellpadding=""8""><tr bgcolor=""#FFCCCC""><td><font size=""2"" color=""#774d28""><B>＞＞ライトニングケーブル一覧</B></font></td></tr></table><table width=""100%"" cellpadding=""8""><tr bgcolor=""#FFCCCC""><td><font size=""2"" color=""#774d28""><B>＞＞指紋認証OK！ホームボタンシール</B></font></td></tr></table><table width=""100%"" cellpadding=""8""><tr bgcolor=""#FFCCCC""><td><font size=""2"" color=""#774d28""><B>＞＞猫グッズ一覧</B></font></td></tr></table><table width=""100%"" cellpadding=""8""><tr bgcolor=""#FFCCCC""><td><font size=""2"" color=""#774d28""><B>＞＞うさぎグッズ一覧</B></font></td></tr></table><table width=""100%"" cellpadding=""8""><tr bgcolor=""#FFCCCC""><td><font size=""2"" color=""#774d28""><B>＞＞オカメインコグッズ一覧</B></font></td></tr></table><table width=""100%"" cellpadding=""8""><tr bgcolor=""#FFCCCC""><td><font size=""2"" color=""#774d28""><B>＞＞セキセイインコグッズ一覧</B></font></td></tr></table>",iPhone7/iPhone6s/iPhone6 PalnartPoc パルナートポック ハードケース オウム科の鳥類 【オウム ケース アニマル 動物】：可愛いスマホ雑貨の店＊KAWAII館,通信販売通販ショッピングオンラインショッピング買い物プレゼントギフト贈り物贈答品お中元お歳暮お買い得KAWAII館かわいい館カワイイ館可愛いスマホケースカバースマホポーチディズニーかわいい食品サンプルkawaii館雑貨販売キャラクターグッズ通販ifaceミッキー充電器iPhoneグッズiPhone7/iPhone6s/iPhone6 PalnartPoc パルナートポック ハードケース オウム科の鳥類 【オウム ケース アニマル 動物】,アクセサリー ブランド  パルナートポック  iPhoneケース 発売。iPhone7/iPhone6s/iPhone6 PalnartPoc パルナートポック ハードケース オウム科の鳥類 【オウム ケース アニマル 動物】[rn]
14-183738,http://tshop.r10s.jp/kawaiikan/cabinet/item/623/623-379956.jpg?fitin=700:700,3040.0000,,スマートフォン・タブレット > スマートフォンアクセサリー > スマートフォンケース,送料無料iPhone7/iPhone6s/iPhone6 PalnartPoc パルナートポック 手帳型 ケース メンフクロウの行動図鑑 【ふくろう 梟 鳥 アニマル 動物】,,"<center>
<img src=""http://image.rakuten.co.jp/keitai/cabinet/kisetukate/smart/for_ip7_6s_6.jpg"" width=""100%"">
</center><br>
<center>
<img src=""http://image.rakuten.co.jp/kawaiikan/cabinet/item/623/page01/623-379956img02.jpg"" width=""100%"">
</center>
<br>
Palnart Poc(パルナートポック)からオリジナルのiPhone 7/6s/6専用の手帳型ケースが登場しました。うさぎ、ネコ、クマ、インコ、オウムなど色々なアニマルが大集合。ケースいっぱいに動物たちがデザインされていて、まるで図鑑のようです。<br><br>
・内側にはカードポケット×2、サイドポケット付き。<br>
・フラップを折りたたむと簡易スタンドに。<br>
・フラップはマグネットで留まる。<br><br>
<center>
<img src=""http://image.rakuten.co.jp/kawaiikan/cabinet/item/623/page01/623-379956img03.jpg"" width=""100%"">
</center>
<br>
<center>
<img src=""http://image.rakuten.co.jp/kawaiikan/cabinet/item/623/page01/623-379956img04.jpg"" width=""100%"">
</center>
<br>
<center>
<img src=""http://image.rakuten.co.jp/kawaiikan/cabinet/item/623/page01/623-379956img05.jpg"" width=""100%"">
</center><br>
<center>
<img src=""http://image.rakuten.co.jp/kawaiikan/cabinet/item/623/page01/623-379956img06.jpg"" width=""100%"">
</center><br>
<center>
<img src=""http://image.rakuten.co.jp/kawaiikan/cabinet/item/623/page01/623-379956img08.jpg"" width=""100%"">
</center><br>
<center>
<img src=""http://image.rakuten.co.jp/kawaiikan/cabinet/item/623/page01/623-379956img09.jpg"" width=""100%"">
</center><br>
<center>
<img src=""http://image.rakuten.co.jp/kawaiikan/cabinet/item/623/page01/623-379956img11.jpg"" width=""100%"">
</center><br>
※本製品はマグネットが使用されております。クレジットカードなどの磁気カードを併用すると、 読み取り等ができなくなる恐れがありますので、ご注意ください。<br>
※カードや通帳のデータ等が喪失された場合におきましても、当社では一切保証致しかねます。予めご了承ください。<br>
※1つ1つ手作業で染色、印刷されているため、商品により色や柄の出方が異なりますが不良品ではありません。<br>
※フラッシュ撮影時にフラッシュが写りこむ場合があります。<br><br>
【スマホケース スマートフォン iphone iphoneケース かわいい 可愛い ブラフシューペリア アクセサリー】<br><br><center><table width=""100%"" cellspacing=""0"" cellpadding=""15"" border=""0"" align=""center""><tr><td valign=""middle"" bgcolor=""#774d28"" align=""center""><b><font color=""#FFFFFF"">PC版で詳しく見る</font></b></td></tr></table><br></center>サイズ表<br>
ケース：約縦14.1×横7.5×厚1.5cm<br>
パッケージ：約縦17×横8×厚2.2cm<br>
<br>
<br>
主素材：ポリカーボネート、合皮<br>
ストラップ使用：不可<br>
<br><br><font color=""#336699"">■ほかの種類はこちらからチェック！</font><br><table width=""100%"" cellpadding=""8""><tr bgcolor=""#d7fffd""><td><font size=""2"" color=""#774d28""><B>＞＞　動物たくさん！オシャレな「Palnart Poc」シリーズをもっと見てみる</B></font></td></tr></table><br><br><font color=""#E1005B"">■おすすめ/関連商品</font><br><table width=""100%"" cellpadding=""8""><tr bgcolor=""#FFCCCC""><td><font size=""2"" color=""#774d28""><B>＞＞動物デザインのiPhone7ケース一覧</B></font></td></tr></table><table width=""100%"" cellpadding=""8""><tr bgcolor=""#FFCCCC""><td><font size=""2"" color=""#774d28""><B>＞＞iPhone7ケース一覧</B></font></td></tr></table><table width=""100%"" cellpadding=""8""><tr bgcolor=""#FFCCCC""><td><font size=""2"" color=""#774d28""><B>＞＞iPhone6s/6ケース特集</B></font></td></tr></table><table width=""100%"" cellpadding=""8""><tr bgcolor=""#FFCCCC""><td><font size=""2"" color=""#774d28""><B>＞＞ライトニングケーブル一覧</B></font></td></tr></table><table width=""100%"" cellpadding=""8""><tr bgcolor=""#FFCCCC""><td><font size=""2"" color=""#774d28""><B>＞＞指紋認証OK！ホームボタンシール</B></font></td></tr></table><table width=""100%"" cellpadding=""8""><tr bgcolor=""#FFCCCC""><td><font size=""2"" color=""#774d28""><B>＞＞猫グッズ一覧</B></font></td></tr></table><table width=""100%"" cellpadding=""8""><tr bgcolor=""#FFCCCC""><td><font size=""2"" color=""#774d28""><B>＞＞うさぎグッズ一覧</B></font></td></tr></table><table width=""100%"" cellpadding=""8""><tr bgcolor=""#FFCCCC""><td><font size=""2"" color=""#774d28""><B>＞＞オカメインコグッズ一覧</B></font></td></tr></table><table width=""100%"" cellpadding=""8""><tr bgcolor=""#FFCCCC""><td><font size=""2"" color=""#774d28""><B>＞＞セキセイインコグッズ一覧</B></font></td></tr></table>",送料無料iPhone7/iPhone6s/iPhone6 PalnartPoc パルナートポック 手帳型 ケース メンフクロウの行動図鑑 【ふくろう 梟 鳥 アニマル 動物】：可愛いスマホ雑貨の店＊KAWAII館,通信販売通販ショッピングオンラインショッピング買い物プレゼントギフト贈り物贈答品お中元お歳暮お買い得KAWAII館かわいい館カワイイ館可愛いスマホケースカバースマホポーチディズニーかわいい食品サンプルkawaii館雑貨販売キャラクターグッズ通販ifaceミッキー充電器iPhoneグッズ送料無料iPhone7/iPhone6s/iPhone6 PalnartPoc パルナートポック 手帳型 ケース メンフクロウの行動図鑑 【ふくろう 梟 鳥 アニマル 動物】,アクセサリー ブランド  パルナートポック  iPhoneケース 発売。送料無料iPhone7/iPhone6s/iPhone6 PalnartPoc パルナートポック 手帳型 ケース メンフクロウの行動図鑑 【ふくろう 梟 鳥 アニマル 動物】[rn]
14-183739,http://tshop.r10s.jp/kawaiikan/cabinet/item/111_8/111-004545.jpg?fitin=700:700,2384.0000,,スマートフォン・タブレット > スマートフォンアクセサリー > スマートフォンケース,iPhone 7  ディズニー 手帳型ケース エナメル/ピンク,,"<img src=""http://image.rakuten.co.jp/keitai/cabinet/kisetukate/smart/for_ip7.jpg"" width=""100%"">
<br>
<img src=""http://image.rakuten.co.jp/keitai/cabinet/item/111/page04/111-004521img01.jpg"" width=""100%""><br><br>
動画視聴などに便利なスタンド機能付き。アクセサリーなどがつけられるストラップホール付き。<br>
・ICカードポケット付き<br>
・マグネット式フリップ<br>
・スタンド機能付き<br>
・ストラップホール付き<br>
※クレードル（卓上ホルダなど）を使用して確実に充電するには、本製品を外すことをおすすめします。<br>
※こちらの商品はデザインや仕様変更になる場合がございますので、予めご了承ください。<br>
※装着イメージ画像は「iPhone5・SE・6・6s」用で代用しています。<br><br>
【ディズニー/手帳型/ケース/スマホケース/アイフォン7/iPhone7/Disney】<br><br><center><table width=""100%"" cellspacing=""0"" cellpadding=""15"" border=""0"" align=""center""><tr><td valign=""middle"" bgcolor=""#774d28"" align=""center""><b><font color=""#FFFFFF"">PC版で詳しく見る</font></b></td></tr></table><br></center>サイズ表<br>
本体：約縦 14.4×横 7.6×厚1.7cm<br>
<br>
<br>
主素材：ポリウレタン、ポリカーボネイト<br>
ストラップ使用：可<br>
セット内容：ケース本体<br>
<br><br><font color=""#336699"">■ほかの種類はこちらからチェック！</font><br><table width=""100%"" cellpadding=""8""><tr bgcolor=""#d7fffd""><td><font size=""2"" color=""#774d28""><B>＞＞　色違いの商品を見る</B></font></td></tr></table><br><br><font color=""#E1005B"">■おすすめ/関連商品</font><br><table width=""100%"" cellpadding=""8""><tr bgcolor=""#FFCCCC""><td><font size=""2"" color=""#774d28""><B>＞＞iPhone7ケース・フィルム特集</B></font></td></tr></table><table width=""100%"" cellpadding=""8""><tr bgcolor=""#FFCCCC""><td><font size=""2"" color=""#774d28""><B>＞＞ディズニー特集</B></font></td></tr></table><table width=""100%"" cellpadding=""8""><tr bgcolor=""#FFCCCC""><td><font size=""2"" color=""#774d28""><B>＞＞iPhone7　手帳型ケース</B></font></td></tr></table>",iPhone 7  ディズニー 手帳型ケース エナメル/ピンク：可愛いスマホ雑貨の店＊KAWAII館,通信販売通販ショッピングオンラインショッピング買い物プレゼントギフト贈り物贈答品お中元お歳暮お買い得KAWAII館かわいい館カワイイ館可愛いスマホケースカバースマホポーチディズニーかわいい食品サンプルkawaii館雑貨販売キャラクターグッズ通販ifaceミッキー充電器iPhoneグッズiPhone 7  ディズニー 手帳型ケース エナメル/ピンク,3240円以上のお買物で送料無料。iPhone 7  ディズニー 手帳型ケース エナメル/ピンク[rn]
14-183740,http://tshop.r10s.jp/kawaiikan/cabinet/item/630/630-2746.jpg?fitin=700:700,1520.0000,,スマートフォン・タブレット > スマートフォンアクセサリー > スマートフォンケース,iPhone6s/6  Field Work デザインハードケース,,"<img src=""http://image.rakuten.co.jp/keitai/cabinet/kisetukate/smart/for_ip6s_6.jpg"" width=""100%"">
<br>
<img src=""http://image.rakuten.co.jp/keitai/cabinet/item/630/page01/630-274605img01.jpg"" width=""100%""><br><br>
POP＆キュートなデザインのハードケース♪<br>
<br>
女性らしいデザインがキュートで優しい雰囲気を演出。<br>
素材は丈夫なポリカーボネート素材なので、傷や衝撃からiPhoneを守ります。<br>
<br>
簡易防滴パッケージが付いているので、お料理中やiPhoneを汚したくない時に使用すれば、とっても便利！<br>
パッケージにお手持ちのネックストラップやひもを付ければ、首にかけることもできます。<br>
<br>
<br>
<img src=""http://image.rakuten.co.jp/keitai/cabinet/item/630/page01/630-274605img03.jpg"" width=""100%""><br><br>
<img src=""http://image.rakuten.co.jp/keitai/cabinet/item/630/page01/630-274605img04.jpg"" width=""100%""><br><br>
<img src=""http://image.rakuten.co.jp/keitai/cabinet/item/630/page01/630-274605img05.jpg"" width=""100%""><br><br>
<img src=""http://image.rakuten.co.jp/keitai/cabinet/item/630/page01/630-274605img06.jpg"" width=""100%""><br><br>
<img src=""http://image.rakuten.co.jp/keitai/cabinet/item/630/page01/630-274605img07.jpg"" width=""100%""><br><br>
※クレードル（卓上ホルダなど）を使用して確実に充電するには、本製品を外すことをおすすめします。<br>
※パッケージ袋は簡易防滴袋となり、完全防水型ではありません。<br><br>
【アイフォン6s/アイフォン6/iphone6s/iphoneケース/スマホケース/ケース/カバー/おしゃれ/オシャレ/オシャかわ/デザイン/かわいい/可愛い】 <br><br><center><table width=""100%"" cellspacing=""0"" cellpadding=""15"" border=""0"" align=""center""><tr><td valign=""middle"" bgcolor=""#774d28"" align=""center""><b><font color=""#FFFFFF"">PC版で詳しく見る</font></b></td></tr></table><br></center>サイズ表<br>
本体：縦約13.9×横7×厚0.8cm<br>
パッケージ：縦約20.8×横11.5×厚1cm<br>
<br>
<br>
主素材：ポリカーボネート<br>
セット内容：ケース本体、簡易防滴パッケージ<br>
<br><br><font color=""#E1005B"">■おすすめ/関連商品</font><br><table width=""100%"" cellpadding=""8""><tr bgcolor=""#FFCCCC""><td><font size=""2"" color=""#774d28""><B>＞＞「ベンジャミン」 特集</B></font></td></tr></table><table width=""100%"" cellpadding=""8""><tr bgcolor=""#FFCCCC""><td><font size=""2"" color=""#774d28""><B>＞＞「白クマ」 特集</B></font></td></tr></table><table width=""100%"" cellpadding=""8""><tr bgcolor=""#FFCCCC""><td><font size=""2"" color=""#774d28""><B>＞＞iPhone6sケース・フィルム特集</B></font></td></tr></table><table width=""100%"" cellpadding=""8""><tr bgcolor=""#FFCCCC""><td><font size=""2"" color=""#774d28""><B>＞＞かわいいデザイン 「iPhone6sケース特集」</B></font></td></tr></table>",iPhone6s/6  Field Work デザインハードケース：可愛いスマホ雑貨の店＊KAWAII館,通信販売通販ショッピングオンラインショッピング買い物プレゼントギフト贈り物贈答品お中元お歳暮お買い得KAWAII館かわいい館カワイイ館可愛いスマホケースカバースマホポーチディズニーかわいい食品サンプルkawaii館雑貨販売キャラクターグッズ通販ifaceミッキー充電器iPhoneグッズiPhone6s/6  Field Work デザインハードケース,3240円以上のお買物で送料無料。iPhone6s/6  Field Work デザインハードケース[rn]
14-183741,http://tshop.r10s.jp/kawaiikan/cabinet/item/630/630-274.jpg?fitin=700:700,1120.0000,,スマートフォン・タブレット > スマートフォンアクセサリー > スマートフォンケース,iPhone6s/6  Field Work デザインハードケース（コハク）,,"<img src=""http://image.rakuten.co.jp/keitai/cabinet/kisetukate/smart/for_ip6s_6.jpg"" width=""100%"">
<br>
<img src=""http://image.rakuten.co.jp/keitai/cabinet/item/630/page01/630-274506img01.jpg"" width=""100%""><br><br>
POP＆キュートなデザインのハードケース♪<br>
<br>
女性らしいデザインがキュートで優しい雰囲気を演出。<br>
素材は丈夫なポリカーボネート素材なので、傷や衝撃からiPhoneを守ります。<br>
<br>
簡易防滴パッケージが付いているので、お料理中やiPhoneを汚したくない時に使用すれば、とっても便利！<br>
パッケージにお手持ちのネックストラップやひもを付ければ、首にかけることもできます。<br>
<br>
<br>
<img src=""http://image.rakuten.co.jp/keitai/cabinet/item/630/page01/630-274506img03.jpg"" width=""100%""><br><br>
<img src=""http://image.rakuten.co.jp/keitai/cabinet/item/630/page01/630-274506img04.jpg"" width=""100%""><br><br>
<img src=""http://image.rakuten.co.jp/keitai/cabinet/item/630/page01/630-274506img05.jpg"" width=""100%""><br><br>
<img src=""http://image.rakuten.co.jp/keitai/cabinet/item/630/page01/630-274506img06.jpg"" width=""100%""><br><br>
<img src=""http://image.rakuten.co.jp/keitai/cabinet/item/630/page01/630-274506img07.jpg"" width=""100%""><br><br>
※クレードル（卓上ホルダなど）を使用して確実に充電するには、本製品を外すことをおすすめします。<br>
※パッケージ袋は簡易防滴袋となり、完全防水型ではありません。<br><br>
【 スマホケース アイフォン6 クリア クリアケース おしゃれ デザイン ドット 可愛い かわいい スマホケース】<br><br><center><table width=""100%"" cellspacing=""0"" cellpadding=""15"" border=""0"" align=""center""><tr><td valign=""middle"" bgcolor=""#774d28"" align=""center""><b><font color=""#FFFFFF"">PC版で詳しく見る</font></b></td></tr></table><br></center>サイズ表<br>
本体：縦約13.9×横7×厚0.8cm<br>
パッケージ：縦約20.8×横11.5×厚1cm<br>
<br>
<br>
主素材：ポリカーボネート<br>
セット内容：ケース本体、簡易防滴パッケージ<br>
<br><br><font color=""#E1005B"">■おすすめ/関連商品</font><br><table width=""100%"" cellpadding=""8""><tr bgcolor=""#FFCCCC""><td><font size=""2"" color=""#774d28""><B>＞＞iPhone6/6s　ケース</B></font></td></tr></table><table width=""100%"" cellpadding=""8""><tr bgcolor=""#FFCCCC""><td><font size=""2"" color=""#774d28""><B>＞＞ライトニングケーブル一覧</B></font></td></tr></table><table width=""100%"" cellpadding=""8""><tr bgcolor=""#FFCCCC""><td><font size=""2"" color=""#774d28""><B>＞＞iPhone6/6s 手帳型ケース</B></font></td></tr></table>",iPhone6s/6  Field Work デザインハードケース（コハク）：可愛いスマホ雑貨の店＊KAWAII館,通信販売通販ショッピングオンラインショッピング買い物プレゼントギフト贈り物贈答品お中元お歳暮お買い得KAWAII館かわいい館カワイイ館可愛いスマホケースカバースマホポーチディズニーかわいい食品サンプルkawaii館雑貨販売キャラクターグッズ通販ifaceミッキー充電器iPhoneグッズiPhone6s/6  Field Work デザインハードケース（コハク）,3240円以上のお買物で送料無料。iPhone6s/6  Field Work デザインハードケース（コハク）[rn]
14-183742,http://tshop.r10s.jp/kawaiikan/cabinet/item/535/535-469104.jpg?fitin=700:700,2400.0000,,スマートフォン・タブレット > スマートフォンアクセサリー > スマートフォンケース,iPhone SE/5s/5  漆芸 雅 山中塗り 高盛り蒔絵ケース 波,,"<!-- スマートフォン用説明文ここから -->
<center>
<img src=""http://image.rakuten.co.jp/keitai/cabinet/item/535/page01/535-469098img01.jpg"" width=""100%"">
</center>
<br />
日本の高い技術と日本の美しさを漆芸で再現した、iPhoneケース。<br />
<br />
高盛り蒔絵という立体感のある山中塗り伝統の技法で仕上げられ、その美しさに息をのみます。<br />
職人が1つ1つ手作りし、これだけのこだわり・クオリティが詰まっているのに価格は抑え目。<br />
気軽に日本の伝統品を身に着けられるのがうれしい♪<br />
化粧箱入りなので、プレゼントにもぴったりです！<br />
<br />
ゆるく波を打ったグリップ感のあるフォルム、大きめに開けられたカメラホール、上下2箇所に設置されたストラップホールなどオリジナルの型を使用しています。<br />
<br />
世界遺産に認定された富士山をはじめ、日本の絶景をiPhoneに。<br>
<center>
<img src=""http://image.rakuten.co.jp/keitai/cabinet/item/535/page01/535-469098img04.jpg"" width=""100%"">
</center>
<br />
※クレードル（卓上ホルダなど）を使用して充電する場合には、本製品を外してご利用下さい。<br />
※手作りのため、1点1点仕上がりが異なります。<br />
※こちらの商品は種類によって価格が異なります。<br />
<br />
サイズ表<br />
ケース：約縦13×横6.7×厚1cm<br />
パッケージ：約縦14×横7.6×厚1.8cm<br />
<br />
<br />
素材：ABS、ウレタン<br />
セット内容：ケース本体<br />
ストラップ使用：可<br />
生産：日本製（メイドインジャパン）<br />
<!-- スマートフォン用説明文ここまで -->【蒔絵 ケース 手作り 和風 和柄 日本製 伝統工芸 iphoneケース カバー ケース iPhone5s iPhonese iphone se 富嶽三十六景 神奈川沖浪裏 富士山】【世界遺産認定富士山モチーフ】【iPhone5ケース/iPhoneケース/スマートフォン】【メイドインジャパン/MADE IN JAPAN/日本伝統】(Apple/au/Softbank）<br><br><center><table width=""100%"" cellspacing=""0"" cellpadding=""15"" border=""0"" align=""center""><tr><td valign=""middle"" bgcolor=""#774d28"" align=""center""><b><font color=""#FFFFFF"">PC版で詳しく見る</font></b></td></tr></table><br></center>ケース：約縦13×横6.7×厚1cm<br>
パッケージ：約縦14×横7.6×厚1.8cm<br>
素材：ABS、ウレタン<br>
セット内容：ケース本体<br>
ストラップ使用：可<br>
生産：日本製（メイドインジャパン）<br>
<br><br><font color=""#336699"">■ほかの種類はこちらからチェック！</font><br><table width=""100%"" cellpadding=""8""><tr bgcolor=""#d7fffd""><td><font size=""2"" color=""#774d28""><B>＞＞　蒔絵グッズをもっと見る</B></font></td></tr></table><br><br><font color=""#E1005B"">■おすすめ/関連商品</font><br><table width=""100%"" cellpadding=""8""><tr bgcolor=""#FFCCCC""><td><font size=""2"" color=""#774d28""><B>＞＞　iPhoneSE専用グッズ</B></font></td></tr></table><table width=""100%"" cellpadding=""8""><tr bgcolor=""#FFCCCC""><td><font size=""2"" color=""#774d28""><B>＞＞　iPhone5S専用グッズ</B></font></td></tr></table><table width=""100%"" cellpadding=""8""><tr bgcolor=""#FFCCCC""><td><font size=""2"" color=""#774d28""><B>＞＞　指紋認証OK！ホームボタンシール</B></font></td></tr></table><table width=""100%"" cellpadding=""8""><tr bgcolor=""#FFCCCC""><td><font size=""2"" color=""#774d28""><B>＞＞　ライトニングケーブル一覧</B></font></td></tr></table>",iPhone SE/5s/5  漆芸 雅 山中塗り 高盛り蒔絵ケース 波：可愛いスマホ雑貨の店＊KAWAII館,通信販売通販ショッピングオンラインショッピング買い物プレゼントギフト贈り物贈答品お中元お歳暮お買い得KAWAII館かわいい館カワイイ館可愛いスマホケースカバースマホポーチディズニーかわいい食品サンプルkawaii館雑貨販売キャラクターグッズ通販ifaceミッキー充電器iPhoneグッズiPhone SE/5s/5  漆芸 雅 山中塗り 高盛り蒔絵ケース 波,iPhone SE/5s/5  漆芸 雅 山中塗り 高盛り蒔絵ケース 波[rn]
14-183743,http://tshop.r10s.jp/kawaiikan/cabinet/item/558/558-989119.jpg?fitin=700:700,1467.2000,,スマートフォン・タブレット > スマートフォンアクセサリー > スマートフォンケース,iPhoneSE iPhone5 iPhone5s 専用  ケース カバー Highend Berry クリア ハード (ユニオンジャック)【iphone/アイフォン5s/イギリス/英国/国旗柄】【透明/かわいい/可愛い/おしゃれ/オシャレ/シンプル/ハイアンドベリー】,,"<!-- スマートフォン用説明文ここから -->
<center>
<img src=""http://image.rakuten.co.jp/keitai/cabinet/item/558/page01/558-989003img01.jpg"" width=""100%"">
</center>
<br />
Highend Berryブランドの特長は、クリアを主体に主張しすぎないシンプルで繊細なデザイン。<br />
大人が付けていても自然に見え、あらゆるファッションシーンでお使いいただけます。<br />
<br />
ケースにはハードタイプのポリカーボネートを採用し、iPhone SE/5s/5をしっかりとホールド、キズや汚れから守ります。<br />
<center>
<img src=""http://image.rakuten.co.jp/keitai/cabinet/item/558/page01/558-989003img03.jpg"" width=""100%"">
</center>
<br />
<center>
<img src=""http://image.rakuten.co.jp/keitai/cabinet/item/558/page01/558-989003img04.jpg"" width=""100%"">
</center>
<br />
※クレードル（卓上ホルダなど）を使用して充電する場合には、本製品を外してご利用下さい。<br />
サイズ表<br />
ケース本体：約縦12.6×横6×厚0.9cm<br />
パッケージ：約縦18.4×横9.1×厚2.1cm<br />
<br />
その他仕様<br />
素材：ポリカーボネート<br />
セット内容：ケース本体<br />
ストラップ使用：不可<br />
<!-- スマートフォン用説明文ここまで -->",iPhoneSE iPhone5 iPhone5s 専用  ケース カバー Highend Berry クリア ハード (ユニオンジャック)【iphone/アイフォン5s/イギリス/英国/国旗柄】【透明/かわいい/可愛い/おしゃれ/オシャレ/シンプル/ハイアンドベリー】：可愛いスマホ雑貨の店＊KAWAII館,通信販売通販ショッピングオンラインショッピング買い物プレゼントギフト贈り物贈答品お中元お歳暮お買い得KAWAII館かわいい館カワイイ館可愛いスマホケースカバースマホポーチディズニーかわいい食品サンプルkawaii館雑貨販売キャラクターグッズ通販ifaceミッキー充電器iPhoneグッズiPhoneSE iPhone5 iPhone5s 専用  ケース カバー Highend Berry クリア ハード (ユニオンジャック)【iphone/アイフォン5s/イギリス/英国/国旗柄】【透明/かわいい/可愛い/おしゃれ/オシャレ/シンプル/ハイアンドベリー】,3240円以上のお買物で送料無料 。iPhoneSE iPhone5 iPhone5s 専用  ケース カバー Highend Berry クリア ハード (ユニオンジャック)【iphone/アイフォン5s/イギリス/英国/国旗柄】【透明/かわいい/可愛い/おしゃれ/オシャレ/シンプル/ハイアンドベリー】[rn]
14-183744,http://tshop.r10s.jp/kawaiikan/cabinet/item/165/165-726629.jpg?fitin=700:700,2960.0000,,スマートフォン・タブレット > スマートフォンアクセサリー > スマートフォンケース,送料無料iPhone7/iPhone6s/iPhone6 iDress ケース ディズニー キャラクター サガラ刺繍 カバー ミニーマウス,,"<center>
<img src=""http://image.rakuten.co.jp/kawaiikan/cabinet/item/165/page01/165-726612img01.jpg"" width=""100%"">
</center>
<br>
サガラ刺繍カバー<br>
<center>
<img src=""http://image.rakuten.co.jp/kawaiikan/cabinet/item/165/page01/165-726612img02.jpg"" width=""100%"">
</center>
<br>
ミラーやカードポケット、ストラップホールなど、機能満載。お気に入りのキャラクターでスマホを可愛く変身！iPhone7はもちろん、iPhone6s、iPhone6に対応しています。ディズニーのキャラクターと一緒にiPhoneライフを楽しみましょ！<br>
<center>
<img src=""http://image.rakuten.co.jp/kawaiikan/cabinet/item/165/page01/165-726612img03.jpg"" width=""100%"">
</center>
<br>
【disney ディズニーキャラクター iphone iphoneケース アイフォン6 アイフォン7 相良刺繍 もこもこ ミニー】<br><br><center><table width=""100%"" cellspacing=""0"" cellpadding=""15"" border=""0"" align=""center""><tr><td valign=""middle"" bgcolor=""#774d28"" align=""center""><b><font color=""#FFFFFF"">PC版で詳しく見る</font></b></td></tr></table><br></center>サイズ表<br>
本体サイズ：W82×H156×D15mm<br>
パッケージサイズ：W95×H190×D23mm<br>
<br>
<br>
主素材：合皮・TPU・ポリエステル・アクリル・合金<br>
<br><br><font color=""#336699"">■ほかの種類はこちらからチェック！</font><br><table width=""100%"" cellpadding=""8""><tr bgcolor=""#d7fffd""><td><font size=""2"" color=""#774d28""><B>＞＞　iDressシリーズをもっと見る</B></font></td></tr></table><br><br><font color=""#E1005B"">■おすすめ/関連商品</font><br><table width=""100%"" cellpadding=""8""><tr bgcolor=""#FFCCCC""><td><font size=""2"" color=""#774d28""><B>＞＞iPhone7グッズ</B></font></td></tr></table><table width=""100%"" cellpadding=""8""><tr bgcolor=""#FFCCCC""><td><font size=""2"" color=""#774d28""><B>＞＞iPhone6sケース・フォルム特集</B></font></td></tr></table><table width=""100%"" cellpadding=""8""><tr bgcolor=""#FFCCCC""><td><font size=""2"" color=""#774d28""><B>＞＞ライトニングケーブル一覧</B></font></td></tr></table><table width=""100%"" cellpadding=""8""><tr bgcolor=""#FFCCCC""><td><font size=""2"" color=""#774d28""><B>＞＞指紋認証OK！ホームボタンシール</B></font></td></tr></table><table width=""100%"" cellpadding=""8""><tr bgcolor=""#FFCCCC""><td><font size=""2"" color=""#774d28""><B>＞＞ディズニー特集</B></font></td></tr></table>",送料無料iPhone7/iPhone6s/iPhone6 iDress ケース ディズニー キャラクター サガラ刺繍 カバー ミニーマウス：可愛いスマホ雑貨の店＊KAWAII館,通信販売通販ショッピングオンラインショッピング買い物プレゼントギフト贈り物贈答品お中元お歳暮お買い得KAWAII館かわいい館カワイイ館可愛いスマホケースカバースマホポーチディズニーかわいい食品サンプルkawaii館雑貨販売キャラクターグッズ通販ifaceミッキー充電器iPhoneグッズ送料無料iPhone7/iPhone6s/iPhone6 iDress ケース ディズニー キャラクター サガラ刺繍 カバー ミニーマウス,送料無料iPhone7/iPhone6s/iPhone6 iDress ケース ディズニー キャラクター サガラ刺繍 カバー ミニーマウス[rn]
14-183745,http://tshop.r10s.jp/kawaiikan/cabinet/item/19/19-808771.jpg?fitin=700:700,2133.6000,,スマートフォン・タブレット > スマートフォンアクセサリー > スマートフォンケース,ディズニーキャラクター/Old Book Case for スマートフォン アリス・イン・ワンダーランド/モスグリーン【多機種対応/スマートフォンケース/手帳型/ブック型/本型/横開き/カードホルダー/docomo/au/softbank/アンドロイド/可愛い/Hamee】,,"Androidユーザーの中には、ケースを探すのも一苦労な方も多いはず。<br />
そんなお客様の声にお答えして、Hameeから新商品が誕生しました。<br />
<br />
超大人気のiPhone専用ディズニーold bookシリーズが各種スマートフォンに対応<br />
使い方は簡単！キュートな形の粘着パッドにあなたのスマホを貼りつけるだけ。<br />
<br />
・箔押し加工の高級感あふれるデザイン<br />
・随所に散りばめられたディズニーならではの可愛らしさ<br />
・内側のベロで、ケースをつけまま写真撮影OK！<br />
・かわいらしい型抜きのカードホルダー付き。<br />
・ベロを立てれば横置きスタンドに早変わり。<br />
<br />
例えスマホの機種が変わっても、ケースは変えなくても大丈夫。<br />
大切なスマートフォンだからこそ、ケースも長く使えるものを選んでみませんか。<br />
※粘着が弱まってきたら、濡らしたタオル等で粘着パッドのゴミやほこりをふきとって下さい。<br />
※装着する機器の材質、形状によってはご使用いただけない場合がございます。<br />
※iPhone4/4Sは貼り付け位置や重心の関係上、外れやすいのでご使用できません。<BR>
※本製品のご使用による各機種の故障、損害、破損などについては、弊社は一切その責任を負いません。<br />
<br />
サイズ表<br />
本体：約縦14.2×横9.2×厚2.4cm<br />
パッケージ：約縦18.7×横10.6×厚2.6cm<br />
最大装着可能スマホサイズ：約縦14×横7.5×厚1.1cm<br />
粘着パッド（ミッキー）：約縦4.3×横4.7cm<br />
粘着パッド（アリス）：約縦4.6×横5cm<br />
<br />
その他仕様<br />
ストラップ使用：可<br />
主素材：牛床革（表層ポリウレタン、下層牛革）・ポリウレタン（粘着パッド）<br />
セット内容：ケース本体<br />
<!-- スマートフォン用説明文ここまで -->


<br>
<table width=""100%"" border=""0"" cellpadding=""0"" cellspacing=""0"" bgcolor=""#ffcccc"">
<tr><td>

<br>
■関連商品<br><BR>
・スマートフォンアクセサリー<br>
・デイズニーグッズ
<br>
・イヤホンジャックアクセサリー（デイズニー）
<br>
<center>
<br>
<IMG src=""http://image.rakuten.co.jp/kawaiikan/cabinet/baner/alice_700100.jpg"" width=""100%"" border=""0"">
<br>

<IMG src=""http://image.rakuten.co.jp/kawaiikan/cabinet/baner/276-831700_700150.jpg"" width=""100%"" border=""0"">
<br>
<img src=""http://image.rakuten.co.jp/kawaiikan/cabinet/baner/sumaho.jpg"" width=""100%""><br>
</center>


<br>
</td></tr>
</table>
<br><br>剥がれ処理加工をされているXperiaの方もこのクリアケースを一緒にご購入いただければ、全機種対応マルチケースが使えます<br>

<IMG src=""http://image.rakuten.co.jp/kawaiikan/cabinet/cute/toku/110-8725set_700300.jpg"" width=""100%"" border=""0"">
<br>",ディズニーキャラクター/Old Book Case for スマートフォン アリス・イン・ワンダーランド/モスグリーン【多機種対応/スマートフォンケース/手帳型/ブック型/本型/横開き/カードホルダー/docomo/au/softbank/アンドロイド/可愛い/Hamee】：可愛いスマホ雑貨の店＊KAWAII館,通信販売通販ショッピングオンラインショッピング買い物プレゼントギフト贈り物贈答品お中元お歳暮お買い得KAWAII館かわいい館カワイイ館可愛いスマホケースカバースマホポーチディズニーかわいい食品サンプルkawaii館雑貨販売キャラクターグッズ通販ifaceミッキー充電器iPhoneグッズディズニーキャラクター/Old Book Case for スマートフォン アリス・イン・ワンダーランド/モスグリーン【多機種対応/スマートフォンケース/手帳型/ブック型/本型/横開き/カードホルダー/docomo/au/softbank/アンドロイド/可愛い/Hamee】,ディズニーキャラクター/Old Book Case for スマートフォン アリス・イン・ワンダーランド/モスグリーン【多機種対応/スマートフォンケース/手帳型/ブック型/本型/横開き/カードホルダー/docomo/au/softbank/アンドロイド/可愛い/Hamee】[rn]
14-183746,http://tshop.r10s.jp/kawaiikan/cabinet/item/19/19-808719.jpg?fitin=700:700,2133.6000,,スマートフォン・タブレット > スマートフォンアクセサリー > スマートフォンケース,ディズニーキャラクター/Old Book Case for スマートフォン(アリス・イン・ワンダーランド)【スマホ/ケース/手帳/手帳型/スマホケース /ほぼ/全機種対応/手帳型/二つ折り/横開き/ディズニーモバイル/ドコモ/ソフトバンク/かわいい/Hamee】,,"Androidユーザーの中には、ケースを探すのも一苦労な方も多いはず。<br />
そんなお客様の声にお答えして、Hameeから新商品が誕生しました。<br />
<br />
超大人気のiPhone専用ディズニーold bookシリーズが各種スマートフォンに対応<br />
使い方は簡単！キュートな形の粘着パッドにあなたのスマホを貼りつけるだけ。<br />
<br />
・箔押し加工の高級感あふれるデザイン<br />
・随所に散りばめられたディズニーならではの可愛らしさ<br />
・内側のベロで、ケースをつけまま写真撮影OK！<br />
・かわいらしい型抜きのカードホルダー付き。<br />
・ベロを立てれば横置きスタンドに早変わり。<br />
<br />
例えスマホの機種が変わっても、ケースは変えなくても大丈夫。<br />
大切なスマートフォンだからこそ、ケースも長く使えるものを選んでみませんか。<br />
※粘着が弱まってきたら、濡らしたタオル等で粘着パッドのゴミやほこりをふきとって下さい。<br />
※装着する機器の材質、形状によってはご使用いただけない場合がございます。<br />
※iPhone4/4Sは貼り付け位置や重心の関係上、外れやすいのでご使用できません。<BR>
※本製品のご使用による各機種の故障、損害、破損などについては、弊社は一切その責任を負いません。<br />
<br />
サイズ表<br />
本体：約縦14.2×横9.2×厚2.4cm<br />
パッケージ：約縦18.7×横10.6×厚2.6cm<br />
最大装着可能スマホサイズ：約縦14×横7.5×厚1.1cm<br />
粘着パッド（ミッキー）：約縦4.3×横4.7cm<br />
粘着パッド（アリス）：約縦4.6×横5cm<br />
<br />
その他仕様<br />
ストラップ使用：可<br />
主素材：牛床革（表層ポリウレタン、下層牛革）・ポリウレタン（粘着パッド）<br />
セット内容：ケース本体<br />
<!-- スマートフォン用説明文ここまで -->


<br>
<table width=""100%"" border=""0"" cellpadding=""0"" cellspacing=""0"" bgcolor=""#ffcccc"">
<tr><td>

<br>
■関連商品<br><BR>
・スマートフォンアクセサリー<br>
・デイズニーグッズ
<br>
・イヤホンジャックアクセサリー（デイズニー）
<br>
<center>
<br>
<IMG src=""http://image.rakuten.co.jp/kawaiikan/cabinet/baner/alice_700100.jpg"" width=""100%"" border=""0"">
<br>

<IMG src=""http://image.rakuten.co.jp/kawaiikan/cabinet/baner/276-831700_700150.jpg"" width=""100%"" border=""0"">
<br>
<img src=""http://image.rakuten.co.jp/kawaiikan/cabinet/baner/sumaho.jpg"" width=""100%""><br>
</center>


<br>
</td></tr>
</table>
<br><br>剥がれ処理加工をされているXperiaの方もこのクリアケースを一緒にご購入いただければ、全機種対応マルチケースが使えます<br>

<IMG src=""http://image.rakuten.co.jp/kawaiikan/cabinet/cute/toku/110-8725set_700300.jpg"" width=""100%"" border=""0"">
<br>",ディズニーキャラクター/Old Book Case for スマートフォン(アリス・イン・ワンダーランド)【スマホ/ケース/手帳/手帳型/スマホケース /ほぼ/全機種対応/手帳型/二つ折り/横開き/ディズニーモバイル/ドコモ/ソフトバンク/かわいい/Hamee】：可愛いスマホ雑貨の店＊KAWAII館,通信販売通販ショッピングオンラインショッピング買い物プレゼントギフト贈り物贈答品お中元お歳暮お買い得KAWAII館かわいい館カワイイ館可愛いスマホケースカバースマホポーチディズニーかわいい食品サンプルkawaii館雑貨販売キャラクターグッズ通販ifaceミッキー充電器iPhoneグッズディズニーキャラクター/Old Book Case for スマートフォン(アリス・イン・ワンダーランド)【スマホ/ケース/手帳/手帳型/スマホケース /ほぼ/全機種対応/手帳型/二つ折り/横開き/ディズニーモバイル/ドコモ/ソフトバンク/かわいい/Hamee】,【送料無料】不思議の国のアリス/アリス 。ディズニーキャラクター/Old Book Case for スマートフォン(アリス・イン・ワンダーランド)【スマホ/ケース/手帳/手帳型/スマホケース /ほぼ/全機種対応/手帳型/二つ折り/横開き/ディズニーモバイル/ドコモ/ソフトバンク/かわいい/Hamee】[rn]
14-183747,http://tshop.r10s.jp/kawaiikan/cabinet/item/19/19-808733.jpg?fitin=700:700,2133.6000,,スマートフォン・タブレット > スマートフォンアクセサリー > スマートフォンケース,ディズニーキャラクター/Old Book Case for スマートフォン アリス・イン・ワンダーランド/ネイビー【多機種対応/スマートフォンケース/手帳型/ブック型/本型/横開き/カードホルダー/docomo/au/softbank/アンドロイド/可愛い/かわいい】,,"Androidユーザーの中には、ケースを探すのも一苦労な方も多いはず。<br />
そんなお客様の声にお答えして、Hameeから新商品が誕生しました。<br />
<br />
超大人気のiPhone専用ディズニーold bookシリーズが各種スマートフォンに対応<br />
使い方は簡単！キュートな形の粘着パッドにあなたのスマホを貼りつけるだけ。<br />
<br />
・箔押し加工の高級感あふれるデザイン<br />
・随所に散りばめられたディズニーならではの可愛らしさ<br />
・内側のベロで、ケースをつけまま写真撮影OK！<br />
・かわいらしい型抜きのカードホルダー付き。<br />
・ベロを立てれば横置きスタンドに早変わり。<br />
<br />
例えスマホの機種が変わっても、ケースは変えなくても大丈夫。<br />
大切なスマートフォンだからこそ、ケースも長く使えるものを選んでみませんか。<br />
※粘着が弱まってきたら、濡らしたタオル等で粘着パッドのゴミやほこりをふきとって下さい。<br />
※装着する機器の材質、形状によってはご使用いただけない場合がございます。<br />
※iPhone4/4Sは貼り付け位置や重心の関係上、外れやすいのでご使用できません。<BR>
※本製品のご使用による各機種の故障、損害、破損などについては、弊社は一切その責任を負いません。<br />
<br />
サイズ表<br />
本体：約縦14.2×横9.2×厚2.4cm<br />
パッケージ：約縦18.7×横10.6×厚2.6cm<br />
最大装着可能スマホサイズ：約縦14×横7.5×厚1.1cm<br />
粘着パッド（ミッキー）：約縦4.3×横4.7cm<br />
粘着パッド（アリス）：約縦4.6×横5cm<br />
<br />
その他仕様<br />
ストラップ使用：可<br />
主素材：牛床革（表層ポリウレタン、下層牛革）・ポリウレタン（粘着パッド）<br />
セット内容：ケース本体<br />
<!-- スマートフォン用説明文ここまで -->


<br>
<table width=""100%"" border=""0"" cellpadding=""0"" cellspacing=""0"" bgcolor=""#ffcccc"">
<tr><td>

<br>
■関連商品<br><BR>
・スマートフォンアクセサリー<br>
・デイズニーグッズ
<br>
・イヤホンジャックアクセサリー（デイズニー）
<br>
<center>
<br>
<IMG src=""http://image.rakuten.co.jp/kawaiikan/cabinet/baner/alice_700100.jpg"" width=""100%"" border=""0"">
<br>

<IMG src=""http://image.rakuten.co.jp/kawaiikan/cabinet/baner/276-831700_700150.jpg"" width=""100%"" border=""0"">
<br>
<img src=""http://image.rakuten.co.jp/kawaiikan/cabinet/baner/sumaho.jpg"" width=""100%""><br>
</center>


<br>
</td></tr>
</table>
<br><br>剥がれ処理加工をされているXperiaの方もこのクリアケースを一緒にご購入いただければ、全機種対応マルチケースが使えます<br>

<IMG src=""http://image.rakuten.co.jp/kawaiikan/cabinet/cute/toku/110-8725set_700300.jpg"" width=""100%"" border=""0"">
<br>",ディズニーキャラクター/Old Book Case for スマートフォン アリス・イン・ワンダーランド/ネイビー【多機種対応/スマートフォンケース/手帳型/ブック型/本型/横開き/カードホルダー/docomo/au/softbank/アンドロイド/可愛い/かわいい】：可愛いスマホ雑貨の店＊KAWAII館,通信販売通販ショッピングオンラインショッピング買い物プレゼントギフト贈り物贈答品お中元お歳暮お買い得KAWAII館かわいい館カワイイ館可愛いスマホケースカバースマホポーチディズニーかわいい食品サンプルkawaii館雑貨販売キャラクターグッズ通販ifaceミッキー充電器iPhoneグッズディズニーキャラクター/Old Book Case for スマートフォン アリス・イン・ワンダーランド/ネイビー【多機種対応/スマートフォンケース/手帳型/ブック型/本型/横開き/カードホルダー/docomo/au/softbank/アンドロイド/可愛い/かわいい】,【送料無料】 。ディズニーキャラクター/Old Book Case for スマートフォン アリス・イン・ワンダーランド/ネイビー【多機種対応/スマートフォンケース/手帳型/ブック型/本型/横開き/カードホルダー/docomo/au/softbank/アンドロイド/可愛い/かわいい】[rn]
14-183748,http://tshop.r10s.jp/kawaiikan/cabinet/item/19/19-808788a.jpg?fitin=700:700,2133.6000,,スマートフォン・タブレット > スマートフォンアクセサリー > スマートフォンケース,ディズニーキャラクター/OldBookCaseforスマートフォンナイトメアー・ビフォア・クリスマス【ジャックスケルトン/多機種対応/スマホ/ケース/カバー/スマホケース/スマホカバー/手帳/手帳型/カード収納/可愛い/かわいい/Hamee】,,"大人気の「ナイトメアー・ビフォア・クリスマス」ケースが<br />
各種スマートフォン対応モデルになって登場！<br />
使い方は簡単！カボチャ型の粘着パッドにあなたのスマホを貼りつけるだけ。<br />
<br />
・シルバーの箔押し加工が怪しくも美しい世界観を再現！<br />
・ベロを立てれば横置きスタンドに早変わり。<br />
・内側のベロで、ケースをつけたまま写真撮影OK！<br />
・型抜きのカードホルダー付き。<br />
パッケージもキャラクターの世界観に合わせたこだわりのデザイン。 <br />
機種変更をしても、プレゼントしたい方の機種がわからなくても大丈夫なので、贈り物にもピッタリ。<br />
<br />
カッコいいデザインなので男性にもオススメ。ゴシックな雰囲気が大好きな女子にもピッタリです♪<br />
※粘着が弱まってきたら、濡らしたタオル等で粘着パッドのゴミやほこりをふきとって下さい。<br />
※装着する機器の材質、形状によってはご使用いただけない場合がございます。<br />
※iPhone4/4Sは貼り付け位置や重心の関係上、外れやすいのでご使用できません。<br />
※本製品のご使用による各機種の故障、損害、破損などについては、弊社は一切その責任を負いません。<br />
<br />※本製品は粘着シートによってスマートフォンを固定するダイアリーケースです。Xperia Z3 / Z4 / Z5 / iPhone6s / 6等、スマートフォンの背面に特殊加工が施されている場合は、ハードケース（凹凸や特殊加工のないもの）を装着の上でのご使用をお勧め致します。<br>
※Xperia Z3 / Z4 / Z5 / iPhone6s / 6等の端末本体を直接貼り付ける場合、ご使用端末の素材や形状によって貼り付け強度に耐えられない場合がございます。 <br><br>
本体：約縦14×横9.2×厚2.4cm<br>
最大装着可能スマホサイズ：約縦14×横7.5×厚1.1cm<br>
粘着パッド：約縦4.5×横5cm<br>
パッケージ：約縦19×横10.6×厚2.5cm<br>
<br>

ストラップ使用：可<br>
主素材：牛床革（表層ポリウレタン、下層牛革）・ポリウレタン（粘着パッド）<br>
セット内容：ケース本体<br><BR><BR>
<table width=""100%"" border=""0"" cellpadding=""0"" cellspacing=""0"" bgcolor=""#ffcccc"">
<tr><td>

<br>
■関連商品<BR>
・デイズニーグッズ<br><BR><center>
<IMG src=""http://image.rakuten.co.jp/kawaiikan/cabinet/baner/disney_700100.gif"" width=""100%"" border=""0""></center><BR><center>
<IMG src=""http://image.rakuten.co.jp/kawaiikan/cabinet/baner/202-826768_700150.jpg"" width=""100%"" border=""0""></center><br>
<br>
</td></tr>
</table>",ディズニーキャラクター/OldBookCaseforスマートフォンナイトメアー・ビフォア・クリスマス【ジャックスケルトン/多機種対応/スマホ/ケース/カバー/スマホケース/スマホカバー/手帳/手帳型/カード収納/可愛い/かわいい/Hamee】：可愛いスマホ雑貨の店＊KAWAII館,通信販売通販ショッピングオンラインショッピング買い物プレゼントギフト贈り物贈答品お中元お歳暮お買い得KAWAII館かわいい館カワイイ館可愛いスマホケースカバースマホポーチディズニーかわいい食品サンプルkawaii館雑貨販売キャラクターグッズ通販ifaceミッキー充電器iPhoneグッズディズニーキャラクター/OldBookCaseforスマートフォンナイトメアー・ビフォア・クリスマス【ジャックスケルトン/多機種対応/スマホ/ケース/カバー/スマホケース/スマホカバー/手帳/手帳型/カード収納/可愛い/かわいい/Hamee】,【送料無料】 。ディズニーキャラクター/OldBookCaseforスマートフォンナイトメアー・ビフォア・クリスマス【ジャックスケルトン/多機種対応/スマホ/ケース/カバー/スマホケース/スマホカバー/手帳/手帳型/カード収納/可愛い/かわいい/Hamee】[rn]
14-183749,http://tshop.r10s.jp/kawaiikan/cabinet/item/3_3/3-8293.jpg?fitin=700:700,2384.0000,,スマートフォン・タブレット > スマートフォンアクセサリー > スマートフォンケース,ディズニースマートフォン用ユニバーサル・フリップカバー クラリス/Mサイズ 【クラリス/スマートフォンケース/スマホケース/チップ/デール/スライド/手帳型/キャラクター/disney/ほぼ 全機種対応/ダイアリータイプ/可愛い/かわいい/グッズ/雑貨】,,"今、じわじわと人気急上昇中！？チップ＆デールの憧れのマドンナ「クラリス」！<br>
そんな彼女が各機種スマホ対応の手帳型ケースになって登場です。<br>
<br>
・ピタッと貼るだけ！スマホを簡単に装着できる<br>
・内側には4つのカードポケットとマルチポケット付きで豊富な収納力<br>
・プッシュアップスライド式対応で、撮影もOK<br>
・ストラップホール付き。お手持ちのストラップとコーディネートが楽しめる<br>
※一部、背面に凹凸部分がある機種や素材によってはご使用いただけない場合がございます。<br>
※クレードル（卓上ホルダなど）を使用して確実に充電するには、本製品を外すことをおすすめします。<br>
<br>
対応スマホサイズ：縦14×横7×厚1cm以内<br>
パッケージ：約縦18×横11×厚3cm<br>
<br>

主素材：PU、ポリエステル、シリコン、鉄<br>
ストラップ使用：可<br>
セット内容：ケース本体<br>
<table width=""100%"" border=""0"" cellpadding=""0"" cellspacing=""0"" bgcolor=""#ffcccc""><tr><td><br>■関連商品<br>・スマホ・iPhoneアクセサリー<br>
・デイズニーグッズ<br>
・チップとデール<br>
・クラリス<br>

<br><img src=""http://image.rakuten.co.jp/kawaiikan/cabinet/baner/kawaiiacce_700100.jpg"" width=""100%""><br><br>
<img src=""http://image.rakuten.co.jp/kawaiikan/cabinet/baner/discat_700100.gif"" width=""100%""><br><br>
<br></td></tr></table>",ディズニースマートフォン用ユニバーサル・フリップカバー クラリス/Mサイズ 【クラリス/スマートフォンケース/スマホケース/チップ/デール/スライド/手帳型/キャラクター/disney/ほぼ 全機種対応/ダイアリータイプ/可愛い/かわいい/グッズ/雑貨】：可愛いスマホ雑貨の店＊KAWAII館,通信販売通販ショッピングオンラインショッピング買い物プレゼントギフト贈り物贈答品お中元お歳暮お買い得KAWAII館かわいい館カワイイ館可愛いスマホケースカバースマホポーチディズニーかわいい食品サンプルkawaii館雑貨販売キャラクターグッズ通販ifaceミッキー充電器iPhoneグッズディズニースマートフォン用ユニバーサル・フリップカバー クラリス/Mサイズ 【クラリス/スマートフォンケース/スマホケース/チップ/デール/スライド/手帳型/キャラクター/disney/ほぼ 全機種対応/ダイアリータイプ/可愛い/かわいい/グッズ/雑貨】,ディズニースマートフォン用ユニバーサル・フリップカバー クラリス/Mサイズ 【クラリス/スマートフォンケース/スマホケース/チップ/デール/スライド/手帳型/キャラクター/disney/ほぼ 全機種対応/ダイアリータイプ/可愛い/かわいい/グッズ/雑貨】[rn]
14-183750,http://tshop.r10s.jp/kawaiikan/cabinet/item/633/633-449168.jpg?fitin=700:700,2320.0000,,スマートフォン・タブレット > スマートフォンアクセサリー > スマートフォンケース,フラワーリング/FLOWERING スマホケース 5.5インチ以内 全機種対応 スマートフォン ケース 手帳型 箔押し Cherie   星座/ネイビー 【宇宙/星空/星/夜空】,,"<center>
<img src=""http://image.rakuten.co.jp/keitai/cabinet/kisetukate/smart/for_smartphone.jpg"" width=""100%"">
</center><br>
<center>
<img src=""http://image.rakuten.co.jp/kawaiikan/cabinet/item/633/page01/633-449045img01.jpg"" width=""100%"">
</center>
<br>
ファッショナブルにアクセ感覚で持ち歩ける♪<br>
色々なスマホに対応、そのまま撮影OKな手帳型ケース<br>
オシャレな雑貨屋さんやセレクトショップにも並ぶ、FLOWERINGの「Cherie」シリーズ。ファッショナブルなデザインで、持つだけでアクセサリーみたいに貴方をステキに彩ってくれます。<br>
<br>
・5.5インチまでの各種スマホ対応の手帳型ケース。<br>
・内側にカードポケット、サイドポケット付き。<br>
・粘着シートに貼るだけ簡単装着。<br>
・粘着シートは上下にスライドするのでケースを付けたまま撮影OK。<br>
・フラップはマグネットで留まるので持ち運び時も安心。<br>
<center>
<img src=""http://image.rakuten.co.jp/kawaiikan/cabinet/item/633/page01/633-449045img03.jpg"" width=""100%"">
</center>
<br>
※クレードル（卓上ホルダなど）を使用して確実に充電するには、本製品を外すことをおすすめします。<br>
※本製品はマグネットが使用されております。クレジットカードなどの磁気カードを併用すると、 読み取り等ができなくなる恐れがありますので、ご注意ください。<br>
※スマートフォンの背面に特殊加工が施されている場合は、ハードケースを装着の上のご利用をお勧め致します。<br>
※非常に強力な粘着シートを使用しているため、無理にはがすとケースが破損する場合があります。<br><br>
【フラワーリング雑貨/かわいい/可愛い/女の子/女子/エクスぺリア/Xperia/xperia z5/スマホ/ケース/カバー/手帳】<br><br><center><table width=""100%"" cellspacing=""0"" cellpadding=""15"" border=""0"" align=""center""><tr><td valign=""middle"" bgcolor=""#774d28"" align=""center""><b><font color=""#FFFFFF"">PC版で詳しく見る</font></b></td></tr></table><br></center>サイズ表<br>
ケース本体：約縦16×横8.7×厚1.6cm<br>
パッケージ：約縦19.5×横10.3×厚2.5cm<br>
最大使用可能スマホサイズ：約縦15.8×横7.8×厚1cm<br>
<br>
<br>
セット内容：ケース本体<br>
ストラップ使用：不可<br>
<br><br><font color=""#336699"">■ほかの種類はこちらからチェック！</font><br><table width=""100%"" cellpadding=""8""><tr bgcolor=""#d7fffd""><td><font size=""2"" color=""#774d28""><B>＞＞　おしゃれで可愛いCherieシリーズをもっと見る</B></font></td></tr></table><br>
<img src=""http://image.rakuten.co.jp/kawaiikan/cabinet/baner/flowerring_700150.jpg"" width=""100%"" /><br><br><img src=""http://image.rakuten.co.jp/kawaiikan/cabinet/baner/129-859308_700150.jpg"" width=""100%"" /><br><br><br><font color=""#E1005B"">■おすすめ/関連商品</font><br><table width=""100%"" cellpadding=""8""><tr bgcolor=""#FFCCCC""><td><font size=""2"" color=""#774d28""><B>＞＞各種スマホ対応マルチケース一覧</B></font></td></tr></table><table width=""100%"" cellpadding=""8""><tr bgcolor=""#FFCCCC""><td><font size=""2"" color=""#774d28""><B>＞＞スマホポーチ一覧</B></font></td></tr></table><table width=""100%"" cellpadding=""8""><tr bgcolor=""#FFCCCC""><td><font size=""2"" color=""#774d28""><B>＞＞星グッズ一覧</B></font></td></tr></table><table width=""100%"" cellpadding=""8""><tr bgcolor=""#FFCCCC""><td><font size=""2"" color=""#774d28""><B>＞＞花モチーフ一覧</B></font></td></tr></table>",フラワーリング/FLOWERING スマホケース 5.5インチ以内 全機種対応 スマートフォン ケース 手帳型 箔押し Cherie   星座/ネイビー 【宇宙/星空/星/夜空】：可愛いスマホ雑貨の店＊KAWAII館,通信販売通販ショッピングオンラインショッピング買い物プレゼントギフト贈り物贈答品お中元お歳暮お買い得KAWAII館かわいい館カワイイ館可愛いスマホケースカバースマホポーチディズニーかわいい食品サンプルkawaii館雑貨販売キャラクターグッズ通販ifaceミッキー充電器iPhoneグッズフラワーリング/FLOWERING スマホケース 5.5インチ以内 全機種対応 スマートフォン ケース 手帳型 箔押し Cherie   星座/ネイビー 【宇宙/星空/星/夜空】,可愛い！女の子のための雑貨ブランド フワラーリング。フラワーリング/FLOWERING スマホケース 5.5インチ以内 全機種対応 スマートフォン ケース 手帳型 箔押し Cherie   星座/ネイビー 【宇宙/星空/星/夜空】[rn]
14-183751,http://tshop.r10s.jp/kawaiikan/cabinet/item/165/165-728135.jpg?fitin=700:700,2800.0000,,スマートフォン・タブレット > スマートフォンアクセサリー > スマートフォンケース,送料無料 iPhone7/ iphone6s / iphone6  BZGLAM×VANQUISH コラボ ダイアリーケース スターホワイト 【アイフォン7 手帳型ケース ヴァンキッシュ ビズグラム iphoneケース スマホケース カバー】,,"<center>
<img src=""http://image.rakuten.co.jp/keitai/cabinet/kisetukate/smart/for_ip7_6s_6.jpg"" width=""100%"">
</center><br>
<center>
<img src=""http://image.rakuten.co.jp/kawaiikan/cabinet/item/165/page01/165-728135img03.jpg"" width=""100%"">
</center>
<br>
<center>
<img src=""http://image.rakuten.co.jp/kawaiikan/cabinet/item/165/page01/165-728135img01.jpg"" width=""100%"">
</center>
<br>
洗練された理想の男性像を体現すべく、ベーシックなデザインをベースに遊び心も取り入れたメンズファッションブランド「VANQUISH（ヴァンキッシュ）」とデキる男のスマートフォンアクセサリーブランド「BZGLAM（ビズグラム）」がコラボ。<br>
本革に近い半ツヤの合皮を使用し、スター型の立体エンボスがエッジをきかせたデザインのiPhone 7/6s/6専用手帳型ケース。内側にはカードポケットが2箇所。フラップはピタッと閉まるマグネット仕様です。<br>
※監修中のため予告なく仕様が変更になる場合があります。<br><br>
【iphone7 手帳型 iphone6s iphone6 アイフォン7 アイフォン6s スマホケース ヴァンキッシュ バンキッシュ 手帳型ケース ダイアリーケース 可愛い かわいい カードケース カード入れ 星 スター 白】<br><br><center><table width=""100%"" cellspacing=""0"" cellpadding=""15"" border=""0"" align=""center""><tr><td valign=""middle"" bgcolor=""#774d28"" align=""center""><b><font color=""#FFFFFF"">PC版で詳しく見る</font></b></td></tr></table><br></center>サイズ表<br>
ケース：約縦14.5×横7.5×厚1.6cm<br>
パッケージ：約縦20×横10×厚2.3cm<br>
<br>
<br>
主素材：合皮、PC、ポリエステル<br>
ストラップ使用：不可<br>
<br><br><font color=""#336699"">■ほかの種類はこちらからチェック！</font><br><table width=""100%"" cellpadding=""8""><tr bgcolor=""#d7fffd""><td><font size=""2"" color=""#774d28""><B>＞＞　BZGLAM×VANQUISHコラボアイテムをもっと見る</B></font></td></tr></table><br><br><font color=""#E1005B"">■おすすめ/関連商品</font><br><table width=""100%"" cellpadding=""8""><tr bgcolor=""#FFCCCC""><td><font size=""2"" color=""#774d28""><B>＞＞iPhone7ケース特集</B></font></td></tr></table><table width=""100%"" cellpadding=""8""><tr bgcolor=""#FFCCCC""><td><font size=""2"" color=""#774d28""><B>＞＞iPhone6s/6ケース特集</B></font></td></tr></table><table width=""100%"" cellpadding=""8""><tr bgcolor=""#FFCCCC""><td><font size=""2"" color=""#774d28""><B>＞＞ライトニングケーブル一覧</B></font></td></tr></table><table width=""100%"" cellpadding=""8""><tr bgcolor=""#FFCCCC""><td><font size=""2"" color=""#774d28""><B>＞＞星モチーフグッズ一覧</B></font></td></tr></table>",送料無料 iPhone7/ iphone6s / iphone6  BZGLAM&times;VANQUISH コラボ ダイアリーケース スターホワイト 【アイフォン7 手帳型ケース ヴァンキッシュ ビズグラム iphoneケース スマホケース カバー】：可愛いスマホ雑貨の店＊KAWAII館,通信販売通販ショッピングオンラインショッピング買い物プレゼントギフト贈り物贈答品お中元お歳暮お買い得KAWAII館かわいい館カワイイ館可愛いスマホケースカバースマホポーチディズニーかわいい食品サンプルkawaii館雑貨販売キャラクターグッズ通販ifaceミッキー充電器iPhoneグッズ送料無料 iPhone7/ iphone6s / iphone6  BZGLAM&times;VANQUISH コラボ ダイアリーケース スターホワイト 【アイフォン7 手帳型ケース ヴァンキッシュ ビズグラム iphoneケース スマホケース カバー】,アイフォン7ケース iphone7ケース iphone6sケース iphone6ケース。送料無料 iPhone7/ iphone6s / iphone6  BZGLAM&times;VANQUISH コラボ ダイアリーケース スターホワイト 【アイフォン7 手帳型ケース ヴァンキッシュ ビズグラム iphoneケース スマホケース カバー】[rn]
14-183752,http://tshop.r10s.jp/kawaiikan/cabinet/item/19/19-808764.jpg?fitin=700:700,2133.6000,,スマートフォン・タブレット > スマートフォンアクセサリー > スマートフォンケース,ディズニーキャラクター/Old Book Case for スマートフォン ミッキー＆ミニー/モスグリーン【多機種対応/スマートフォンケース/手帳型/ブック型/本型/横開き/カードホルダー/docomo/au/softbank/アンドロイド/可愛い/かわいい/Hamee】,,"Androidユーザーの中には、ケースを探すのも一苦労な方も多いはず。<br />
そんなお客様の声にお答えして、Hameeから新商品が誕生しました。<br />
<br />
超大人気のiPhone専用ディズニーold bookシリーズが各種スマートフォンに対応<br />
使い方は簡単！キュートな形の粘着パッドにあなたのスマホを貼りつけるだけ。<br />
<br />
・箔押し加工の高級感あふれるデザイン<br />
・随所に散りばめられたディズニーならではの可愛らしさ<br />
・内側のベロで、ケースをつけまま写真撮影OK！<br />
・かわいらしい型抜きのカードホルダー付き。<br />
・ベロを立てれば横置きスタンドに早変わり。<br />
<br />
例えスマホの機種が変わっても、ケースは変えなくても大丈夫。<br />
大切なスマートフォンだからこそ、ケースも長く使えるものを選んでみませんか。<br />
※粘着が弱まってきたら、濡らしたタオル等で粘着パッドのゴミやほこりをふきとって下さい。<br />
※装着する機器の材質、形状によってはご使用いただけない場合がございます。<br />
※iPhone4/4Sは貼り付け位置や重心の関係上、外れやすいのでご使用できません。<BR>
※本製品のご使用による各機種の故障、損害、破損などについては、弊社は一切その責任を負いません。<br />
<br />
サイズ表<br />
本体：約縦14.2×横9.2×厚2.4cm<br />
パッケージ：約縦18.7×横10.6×厚2.6cm<br />
最大装着可能スマホサイズ：約縦14×横7.5×厚1.1cm<br />
粘着パッド（ミッキー）：約縦4.3×横4.7cm<br />
粘着パッド（アリス）：約縦4.6×横5cm<br />
<br />
その他仕様<br />
ストラップ使用：可<br />
主素材：牛床革（表層ポリウレタン、下層牛革）・ポリウレタン（粘着パッド）<br />
セット内容：ケース本体<br />
<!-- スマートフォン用説明文ここまで -->


<br>
<table width=""100%"" border=""0"" cellpadding=""0"" cellspacing=""0"" bgcolor=""#ffcccc"">
<tr><td>

<br>
■関連商品<br><BR>
・スマートフォンアクセサリー<br>
・デイズニーグッズ
<br>
・イヤホンジャックアクセサリー（デイズニー）
<br>
<center>
<br>
<IMG src=""http://image.rakuten.co.jp/kawaiikan/cabinet/baner/disney_700100.gif"" width=""100%"" border=""0"">
<br>

<IMG src=""http://image.rakuten.co.jp/kawaiikan/cabinet/baner/276-831700_700150.jpg"" width=""100%"" border=""0"">
<br>
<img src=""http://image.rakuten.co.jp/kawaiikan/cabinet/baner/sumaho.jpg"" width=""100%""><br>
</center>


<br>
</td></tr>
</table>
<br><br>剥がれ処理加工をされているXperiaの方もこのクリアケースを一緒にご購入いただければ、全機種対応マルチケースが使えます<br>

<IMG src=""http://image.rakuten.co.jp/kawaiikan/cabinet/cute/toku/110-8725set_700300.jpg"" width=""100%"" border=""0"">
<br>",ディズニーキャラクター/Old Book Case for スマートフォン ミッキー＆ミニー/モスグリーン【多機種対応/スマートフォンケース/手帳型/ブック型/本型/横開き/カードホルダー/docomo/au/softbank/アンドロイド/可愛い/かわいい/Hamee】：可愛いスマホ雑貨の店＊KAWAII館,通信販売通販ショッピングオンラインショッピング買い物プレゼントギフト贈り物贈答品お中元お歳暮お買い得KAWAII館かわいい館カワイイ館可愛いスマホケースカバースマホポーチディズニーかわいい食品サンプルkawaii館雑貨販売キャラクターグッズ通販ifaceミッキー充電器iPhoneグッズディズニーキャラクター/Old Book Case for スマートフォン ミッキー＆ミニー/モスグリーン【多機種対応/スマートフォンケース/手帳型/ブック型/本型/横開き/カードホルダー/docomo/au/softbank/アンドロイド/可愛い/かわいい/Hamee】,ディズニーキャラクター/Old Book Case for スマートフォン ミッキー＆ミニー/モスグリーン【多機種対応/スマートフォンケース/手帳型/ブック型/本型/横開き/カードホルダー/docomo/au/softbank/アンドロイド/可愛い/かわいい/Hamee】[rn]
14-183753,http://tshop.r10s.jp/kawaiikan/cabinet/item/633/633-491235.jpg?fitin=700:700,2240.0000,,スマートフォン・タブレット > スマートフォンアクセサリー > スマートフォンケース,iPhone 7/6s/6  Cherieダイアリーケース 星空/ブルー 【iphone7 手帳型 星  可愛い スマホケース iphone6s アイフォン7 ケース かわいい 星空 スマホケース 手帳型 星 スター】,,"<center>
<img src=""http://image.rakuten.co.jp/keitai/cabinet/kisetukate/smart/for_ip7_6s_6.jpg"" width=""100%"">
</center><br>
<center>
<img src=""http://image.rakuten.co.jp/kawaiikan/cabinet/item/633/page01/633-491150img01.jpg"" width=""100%"">
</center>
<br>
オシャレな雑貨屋さんやセレクトショップにも並ぶ、FLOWERINGの「Cherie」シリーズ。ファッショナブルなデザインで、持つだけでアクセサリーみたいに貴方をステキに彩ってくれます。<br>
<br>
・iPhone 7/6s/6専用の手帳型ケース。<br>
・内側にカードポケット、サイドポケット付き。<br>
・落下防止になる、ハンドストラップ付き。<br>
・フラップはマグネットで留まるので持ち運び時も安心。 <br>
・スマホ取付け部分は柔らかい素材使用で着脱カンタン。<br><br>
<center>
<img src=""http://image.rakuten.co.jp/kawaiikan/cabinet/item/633/page01/633-491150img03.jpg"" width=""100%"">
</center>
<br>
<center>
<img src=""http://image.rakuten.co.jp/kawaiikan/cabinet/item/633/page01/633-491150img04.jpg"" width=""100%"">
</center>
<br>
※クレードル（卓上ホルダなど）を使用して確実に充電するには、本製品を外すことをおすすめします。<br>
※本製品はマグネットが使用されております。クレジットカードなどの磁気カードを併用すると、 読み取り等ができなくなる恐れがありますので、ご注意ください。<br>
※カードや通帳のデータ等が喪失された場合におきましても、当社では一切保証致しかねます。予めご了承ください。<br><br>
【オシャレ おしゃれ ハンド ベルト付 iphone6s 手帳型 スマホケース スマホカバー アイフォン7 アイフォン6s 兼用 スマートフォン 手帳 フラワーリング Flowering iphoneケース 星座 ゴールド 水彩 かわいい 可愛い カードケース カード入れ パステル】<br><br><center><table width=""100%"" cellspacing=""0"" cellpadding=""15"" border=""0"" align=""center""><tr><td valign=""middle"" bgcolor=""#774d28"" align=""center""><b><font color=""#FFFFFF"">PC版で詳しく見る</font></b></td></tr></table><br></center>サイズ表<br>
ケース：約縦14×横7.8×厚2cm<br>
ハンドストラップ全長（フックパーツ含む）：約18cm<br>
パッケージ：約縦19.5×横10.2×厚3cm<br>
<br>
<br>
セット内容：ケース本体、ハンドストラップ<br>
ストラップ使用：可<br>
<br><br><font color=""#336699"">■ほかの種類はこちらからチェック！</font><br><table width=""100%"" cellpadding=""8""><tr bgcolor=""#d7fffd""><td><font size=""2"" color=""#774d28""><B>＞＞　おしゃれで可愛い「FLOWERING Cherie」シリーズをもっと見てみる</B></font></td></tr></table><img src=""http://image.rakuten.co.jp/kawaiikan/cabinet/baner/flowerring_700150.jpg"" width=""100%"" ><br><br><font color=""#E1005B"">■おすすめ/関連商品</font><br><table width=""100%"" cellpadding=""8""><tr bgcolor=""#FFCCCC""><td><font size=""2"" color=""#774d28""><B>＞＞スマホリング一覧</B></font></td></tr></table><table width=""100%"" cellpadding=""8""><tr bgcolor=""#FFCCCC""><td><font size=""2"" color=""#774d28""><B>＞＞落下防止グッズ一覧</B></font></td></tr></table><table width=""100%"" cellpadding=""8""><tr bgcolor=""#FFCCCC""><td><font size=""2"" color=""#774d28""><B>＞＞FLOWERING Cherieシリーズ一覧</B></font></td></tr></table><table width=""100%"" cellpadding=""8""><tr bgcolor=""#FFCCCC""><td><font size=""2"" color=""#774d28""><B>＞＞iPhone7専用ケース一覧</B></font></td></tr></table><table width=""100%"" cellpadding=""8""><tr bgcolor=""#FFCCCC""><td><font size=""2"" color=""#774d28""><B>＞＞iPhone6s/6ケース特集</B></font></td></tr></table><table width=""100%"" cellpadding=""8""><tr bgcolor=""#FFCCCC""><td><font size=""2"" color=""#774d28""><B>＞＞ライトニングケーブル一覧</B></font></td></tr></table><table width=""100%"" cellpadding=""8""><tr bgcolor=""#FFCCCC""><td><font size=""2"" color=""#774d28""><B>＞＞指紋認証OK！ホームボタンシール</B></font></td></tr></table>",iPhone 7/6s/6  Cherieダイアリーケース 星空/ブルー 【iphone7 手帳型 星  可愛い スマホケース iphone6s アイフォン7 ケース かわいい 星空 スマホケース 手帳型 星 スター】：可愛いスマホ雑貨の店＊KAWAII館,通信販売通販ショッピングオンラインショッピング買い物プレゼントギフト贈り物贈答品お中元お歳暮お買い得KAWAII館かわいい館カワイイ館可愛いスマホケースカバースマホポーチディズニーかわいい食品サンプルkawaii館雑貨販売キャラクターグッズ通販ifaceミッキー充電器iPhoneグッズiPhone 7/6s/6  Cherieダイアリーケース 星空/ブルー 【iphone7 手帳型 星  可愛い スマホケース iphone6s アイフォン7 ケース かわいい 星空 スマホケース 手帳型 星 スター】,iphone7 手帳型ケース 可愛い。iPhone 7/6s/6  Cherieダイアリーケース 星空/ブルー 【iphone7 手帳型 星  可愛い スマホケース iphone6s アイフォン7 ケース かわいい 星空 スマホケース 手帳型 星 スター】[rn]
14-183754,http://tshop.r10s.jp/kawaiikan/cabinet/item/165/165-728142.jpg?fitin=700:700,2800.0000,,スマートフォン・タブレット > スマートフォンアクセサリー > スマートフォンケース,送料無料 iPhone7/ iphone6s / iphone6  BZGLAM×VANQUISHコラボダイアリーケース スターブラック【アイフォン7 手帳型ケース ヴァンキッシュ ビズグラム iphoneケース スマホケース カバー】,,"<center>
<img src=""http://image.rakuten.co.jp/keitai/cabinet/kisetukate/smart/for_ip7_6s_6.jpg"" width=""100%"">
</center><br>
<center>
<img src=""http://image.rakuten.co.jp/kawaiikan/cabinet/item/165/page01/165-728135img03.jpg"" width=""100%"">
</center>
<br>
<center>
<img src=""http://image.rakuten.co.jp/kawaiikan/cabinet/item/165/page01/165-728135img01.jpg"" width=""100%"">
</center>
<br>
洗練された理想の男性像を体現すべく、ベーシックなデザインをベースに遊び心も取り入れたメンズファッションブランド「VANQUISH（ヴァンキッシュ）」とデキる男のスマートフォンアクセサリーブランド「BZGLAM（ビズグラム）」がコラボ。<br>
本革に近い半ツヤの合皮を使用し、スター型の立体エンボスがエッジをきかせたデザインのiPhone 7/6s/6専用手帳型ケース。内側にはカードポケットが2箇所。フラップはピタッと閉まるマグネット仕様です。<br>
※監修中のため予告なく仕様が変更になる場合があります。<br><br>
【iphone7 手帳型 iphone6s iphone6 アイフォン7 アイフォン6s スマホケース ヴァンキッシュ バンキッシュ 手帳型ケース ダイアリーケース 可愛い かわいい カードケース カード入れ 星 スター 黒】<br><br><center><table width=""100%"" cellspacing=""0"" cellpadding=""15"" border=""0"" align=""center""><tr><td valign=""middle"" bgcolor=""#774d28"" align=""center""><b><font color=""#FFFFFF"">PC版で詳しく見る</font></b></td></tr></table><br></center>サイズ表<br>
ケース：約縦14.5×横7.5×厚1.6cm<br>
パッケージ：約縦20×横10×厚2.3cm<br>
<br>
<br>
主素材：合皮、PC、ポリエステル<br>
ストラップ使用：不可<br>
<br><br><font color=""#336699"">■ほかの種類はこちらからチェック！</font><br><table width=""100%"" cellpadding=""8""><tr bgcolor=""#d7fffd""><td><font size=""2"" color=""#774d28""><B>＞＞　BZGLAM×VANQUISHコラボアイテムをもっと見る</B></font></td></tr></table><br><br><font color=""#E1005B"">■おすすめ/関連商品</font><br><table width=""100%"" cellpadding=""8""><tr bgcolor=""#FFCCCC""><td><font size=""2"" color=""#774d28""><B>＞＞iPhone7ケース特集</B></font></td></tr></table><table width=""100%"" cellpadding=""8""><tr bgcolor=""#FFCCCC""><td><font size=""2"" color=""#774d28""><B>＞＞iPhone6s/6ケース特集</B></font></td></tr></table><table width=""100%"" cellpadding=""8""><tr bgcolor=""#FFCCCC""><td><font size=""2"" color=""#774d28""><B>＞＞ライトニングケーブル一覧</B></font></td></tr></table><table width=""100%"" cellpadding=""8""><tr bgcolor=""#FFCCCC""><td><font size=""2"" color=""#774d28""><B>＞＞星モチーフグッズ一覧</B></font></td></tr></table>",送料無料 iPhone7/ iphone6s / iphone6  BZGLAM&times;VANQUISHコラボダイアリーケース スターブラック【アイフォン7 手帳型ケース ヴァンキッシュ ビズグラム iphoneケース スマホケース カバー】：可愛いスマホ雑貨の店＊KAWAII館,通信販売通販ショッピングオンラインショッピング買い物プレゼントギフト贈り物贈答品お中元お歳暮お買い得KAWAII館かわいい館カワイイ館可愛いスマホケースカバースマホポーチディズニーかわいい食品サンプルkawaii館雑貨販売キャラクターグッズ通販ifaceミッキー充電器iPhoneグッズ送料無料 iPhone7/ iphone6s / iphone6  BZGLAM&times;VANQUISHコラボダイアリーケース スターブラック【アイフォン7 手帳型ケース ヴァンキッシュ ビズグラム iphoneケース スマホケース カバー】,iphone7ケース iphone6sケース アイフォンケース。送料無料 iPhone7/ iphone6s / iphone6  BZGLAM&times;VANQUISHコラボダイアリーケース スターブラック【アイフォン7 手帳型ケース ヴァンキッシュ ビズグラム iphoneケース スマホケース カバー】[rn]
14-183755,http://tshop.r10s.jp/kawaiikan/cabinet/item/3_3/3-8399.jpg?fitin=700:700,1600.0000,,スマートフォン・タブレット > スマートフォンアクセサリー > スマートフォンケース,iPhone 7  ディズニーキャラクターオーバーレイソフトケース【可愛い/かわいい/グッズ/雑貨】,,"<img src=""http://image.rakuten.co.jp/keitai/cabinet/kisetukate/smart/for_ip7.jpg"" width=""100%"">
<br>
モチーフを重ねてディズニーキャラクターの世界観をデザインしたソフトケース。<br>
グラデーションで透ける半透明な仕様なので、<br>
付ける機種のカラーによって異なる雰囲気を楽しめます。<br>
※クレードル（卓上ホルダなど）を使用して確実に充電するには、本製品を外すことをおすすめします。<br>
<br><br>
【iphone7 アイフォン7 スマホケース ケース カバー エーリアン トイストーリー ウッディー】<br><br><center><table width=""100%"" cellspacing=""0"" cellpadding=""15"" border=""0"" align=""center""><tr><td valign=""middle"" bgcolor=""#774d28"" align=""center""><b><font color=""#FFFFFF"">PC版で詳しく見る</font></b></td></tr></table><br></center>サイズ表<br>
本体：約縦18.6×横8.7×厚1.3cm<br>
<br>
<br>
主素材：TPU、PET<br>
ストラップ使用：可<br>
セット内容：ケース本体<br>
<br><br><font color=""#E1005B"">■おすすめ/関連商品</font><br><table width=""100%"" cellpadding=""8""><tr bgcolor=""#FFCCCC""><td><font size=""2"" color=""#774d28""><B>＞＞「iPhone7専用 ケース」 特集</B></font></td></tr></table><table width=""100%"" cellpadding=""8""><tr bgcolor=""#FFCCCC""><td><font size=""2"" color=""#774d28""><B>＞＞「iPhone7専用 フィルム」特集</B></font></td></tr></table><table width=""100%"" cellpadding=""8""><tr bgcolor=""#FFCCCC""><td><font size=""2"" color=""#774d28""><B>＞＞スマホに使える「充電器・バッテリー」特集</B></font></td></tr></table><table width=""100%"" cellpadding=""8""><tr bgcolor=""#FFCCCC""><td><font size=""2"" color=""#774d28""><B>＞＞「ディズニーキャラクター特集」</B></font></td></tr></table>",iPhone 7  ディズニーキャラクターオーバーレイソフトケース【可愛い/かわいい/グッズ/雑貨】：可愛いスマホ雑貨の店＊KAWAII館,通信販売通販ショッピングオンラインショッピング買い物プレゼントギフト贈り物贈答品お中元お歳暮お買い得KAWAII館かわいい館カワイイ館可愛いスマホケースカバースマホポーチディズニーかわいい食品サンプルkawaii館雑貨販売キャラクターグッズ通販ifaceミッキー充電器iPhoneグッズiPhone 7  ディズニーキャラクターオーバーレイソフトケース【可愛い/かわいい/グッズ/雑貨】,3240円以上のお買物で送料無料。iPhone 7  ディズニーキャラクターオーバーレイソフトケース【可愛い/かわいい/グッズ/雑貨】[rn]
14-183756,http://tshop.r10s.jp/kawaiikan/cabinet/item/19/19-8845.jpg?fitin=700:700,2080.0000,,スマートフォン・タブレット > スマートフォンアクセサリー > スマートフォンケース,iPhone 7  ディズニー/トイ・ストーリー コミックブックケース【エーリアン トイストーリー アイフォン7 iphone7 ケース スマホケース カバー 可愛い かわいい グッズ 雑貨】,,"<img src=""http://image.rakuten.co.jp/keitai/cabinet/kisetukate/smart/for_ip7.jpg"" width=""100%"">
<br>
<img src=""http://image.rakuten.co.jp/keitai/cabinet/item/19/page01/19-884508img01.jpg"" width=""100%""><br><br>
『トイ・ストーリー』のキャラクターたちをデザインしたiPhone 7専用ダイヤリーケースが登場しました！
<br>
<br>
レトロでクールなコミック風イラストにテンションもアップ！<br>
ケース全面に描かれているので、開くたびにユニークな世界観に浸れちゃいます。<br>
<br>
どれにしようか迷ってしまう程のデザインは「バズを助けるウッディ」「ザーグと戦うバズ」「愉快なエイリアン達」の3種類。<br>
ケースとしての使用のみならず、コレクションして、お部屋のインテリアにもオススメです。<br>
<br>
・iPhone 7専用ダイアリーケース<br>
・ケース内側にはカードポケット×1、サイドポケット×1<br>
・フリップはマグネットで留まるので、楽に開閉ができます。<br>
<br>
<img src=""http://image.rakuten.co.jp/keitai/cabinet/item/19/page01/19-884508img03.jpg"" width=""100%""><br><br>
<img src=""http://image.rakuten.co.jp/keitai/cabinet/item/19/page01/19-884508img04.jpg"" width=""100%""><br><br>
<img src=""http://image.rakuten.co.jp/keitai/cabinet/item/19/page01/19-884508img09.jpg"" width=""100%""><br><br>
<img src=""http://image.rakuten.co.jp/keitai/cabinet/item/19/page01/19-884508img05.jpg"" width=""100%""><br><br>
<img src=""http://image.rakuten.co.jp/keitai/cabinet/item/19/page01/19-884508img10.jpg"" width=""100%""><br><br>
<img src=""http://image.rakuten.co.jp/keitai/cabinet/item/19/page01/19-884508img11.jpg"" width=""100%""><br><br>
<img src=""http://image.rakuten.co.jp/keitai/cabinet/item/19/page01/19-884508img13.jpg"" width=""100%""><br><br>
※クレードル（卓上ホルダなど）を使用して確実に充電するには、本製品を外すことをおすすめします。<br>
※カードや通帳のデータ等が喪失された場合におきましても、当社では一切保証致しかねます。予めご了承ください。<br>
※本製品はマグネットが使用されております。クレジットカードなどの磁気カードを併用すると、 読み取り等ができなくなる恐れがありますので、ご注意ください。<br>
※こちらの商品はデザインや仕様変更になる場合がございますので、予めご了承ください。<br><br>
【iphone7 アイフォン7 ディズニー 手帳型 スマホケース カバー ダイアリーケース カードケース スマートフォン トイストーリー バズ エーリアン】<br><br><center><table width=""100%"" cellspacing=""0"" cellpadding=""15"" border=""0"" align=""center""><tr><td valign=""middle"" bgcolor=""#774d28"" align=""center""><b><font color=""#FFFFFF"">PC版で詳しく見る</font></b></td></tr></table><br></center>サイズ表<br>
本体：約縦14.1×横7.5×厚1.7cm<br>
パッケージ：約縦19×横10×厚2.3cm<br>
<br>
<br>
主素材：ポリウレタン<br>
ストラップ使用：不可<br>
<br><br><font color=""#E1005B"">■おすすめ/関連商品</font><br><table width=""100%"" cellpadding=""8""><tr bgcolor=""#FFCCCC""><td><font size=""2"" color=""#774d28""><B>＞＞「iPhone7 ケース・フィルム」 特集</B></font></td></tr></table><table width=""100%"" cellpadding=""8""><tr bgcolor=""#FFCCCC""><td><font size=""2"" color=""#774d28""><B>＞＞「ディズニーキャラクター特集」</B></font></td></tr></table><table width=""100%"" cellpadding=""8""><tr bgcolor=""#FFCCCC""><td><font size=""2"" color=""#774d28""><B>＞＞スマホに使える「充電器・バッテリー」特集</B></font></td></tr></table><table width=""100%"" cellpadding=""8""><tr bgcolor=""#FFCCCC""><td><font size=""2"" color=""#774d28""><B>＞＞落下防止 に！ 「スマホリング」特集</B></font></td></tr></table>",iPhone 7  ディズニー/トイ・ストーリー コミックブックケース【エーリアン トイストーリー アイフォン7 iphone7 ケース スマホケース カバー 可愛い かわいい グッズ 雑貨】：可愛いスマホ雑貨の店＊KAWAII館,通信販売通販ショッピングオンラインショッピング買い物プレゼントギフト贈り物贈答品お中元お歳暮お買い得KAWAII館かわいい館カワイイ館可愛いスマホケースカバースマホポーチディズニーかわいい食品サンプルkawaii館雑貨販売キャラクターグッズ通販ifaceミッキー充電器iPhoneグッズiPhone 7  ディズニー/トイ・ストーリー コミックブックケース【エーリアン トイストーリー アイフォン7 iphone7 ケース スマホケース カバー 可愛い かわいい グッズ 雑貨】,3240円以上のお買物で送料無料。iPhone 7  ディズニー/トイ・ストーリー コミックブックケース【エーリアン トイストーリー アイフォン7 iphone7 ケース スマホケース カバー 可愛い かわいい グッズ 雑貨】[rn]
14-183757,http://tshop.r10s.jp/kawaiikan/cabinet/item/19/19-808757.jpg?fitin=700:700,2133.6000,,スマートフォン・タブレット > スマートフォンアクセサリー > スマートフォンケース,ディズニーキャラクター/Old Book Case for スマートフォン アリス・イン・ワンダーランド/バーガンディ 【多機種対応/スマートフォンケース/手帳型/ブック型/本型/横開き/カードホルダー/ストラップ/docomo/au/softbank/アンドロイド/Hamee】,,"Androidユーザーの中には、ケースを探すのも一苦労な方も多いはず。<br />
そんなお客様の声にお答えして、Hameeから新商品が誕生しました。<br />
<br />
超大人気のiPhone専用ディズニーold bookシリーズが各種スマートフォンに対応<br />
使い方は簡単！キュートな形の粘着パッドにあなたのスマホを貼りつけるだけ。<br />
<br />
・箔押し加工の高級感あふれるデザイン<br />
・随所に散りばめられたディズニーならではの可愛らしさ<br />
・内側のベロで、ケースをつけまま写真撮影OK！<br />
・かわいらしい型抜きのカードホルダー付き。<br />
・ベロを立てれば横置きスタンドに早変わり。<br />
<br />
例えスマホの機種が変わっても、ケースは変えなくても大丈夫。<br />
大切なスマートフォンだからこそ、ケースも長く使えるものを選んでみませんか。<br />
※粘着が弱まってきたら、濡らしたタオル等で粘着パッドのゴミやほこりをふきとって下さい。<br />
※装着する機器の材質、形状によってはご使用いただけない場合がございます。<br />
※iPhone4/4Sは貼り付け位置や重心の関係上、外れやすいのでご使用できません。<BR>
※本製品のご使用による各機種の故障、損害、破損などについては、弊社は一切その責任を負いません。<br />
<br />
サイズ表<br />
本体：約縦14.2×横9.2×厚2.4cm<br />
パッケージ：約縦18.7×横10.6×厚2.6cm<br />
最大装着可能スマホサイズ：約縦14×横7.5×厚1.1cm<br />
粘着パッド（ミッキー）：約縦4.3×横4.7cm<br />
粘着パッド（アリス）：約縦4.6×横5cm<br />
<br />
その他仕様<br />
ストラップ使用：可<br />
主素材：牛床革（表層ポリウレタン、下層牛革）・ポリウレタン（粘着パッド）<br />
セット内容：ケース本体<br />
<!-- スマートフォン用説明文ここまで -->


<br>
<table width=""100%"" border=""0"" cellpadding=""0"" cellspacing=""0"" bgcolor=""#ffcccc"">
<tr><td>

<br>
■関連商品<br><BR>
・スマートフォンアクセサリー<br>
・デイズニーグッズ
<br>
・イヤホンジャックアクセサリー（デイズニー）
<br>
<center>
<br>
<IMG src=""http://image.rakuten.co.jp/kawaiikan/cabinet/baner/alice_700100.jpg"" width=""100%"" border=""0"">
<br>

<IMG src=""http://image.rakuten.co.jp/kawaiikan/cabinet/baner/276-831700_700150.jpg"" width=""100%"" border=""0"">
<br>
<img src=""http://image.rakuten.co.jp/kawaiikan/cabinet/baner/sumaho.jpg"" width=""100%""><br>
</center>


<br>
</td></tr>
</table>
<br><br>剥がれ処理加工をされているXperiaの方もこのクリアケースを一緒にご購入いただければ、全機種対応マルチケースが使えます<br>

<IMG src=""http://image.rakuten.co.jp/kawaiikan/cabinet/cute/toku/110-8725set_700300.jpg"" width=""100%"" border=""0"">
<br>",ディズニーキャラクター/Old Book Case for スマートフォン アリス・イン・ワンダーランド/バーガンディ 【多機種対応/スマートフォンケース/手帳型/ブック型/本型/横開き/カードホルダー/ストラップ/docomo/au/softbank/アンドロイド/Hamee】：可愛いスマホ雑貨の店＊KAWAII館,通信販売通販ショッピングオンラインショッピング買い物プレゼントギフト贈り物贈答品お中元お歳暮お買い得KAWAII館かわいい館カワイイ館可愛いスマホケースカバースマホポーチディズニーかわいい食品サンプルkawaii館雑貨販売キャラクターグッズ通販ifaceミッキー充電器iPhoneグッズディズニーキャラクター/Old Book Case for スマートフォン アリス・イン・ワンダーランド/バーガンディ 【多機種対応/スマートフォンケース/手帳型/ブック型/本型/横開き/カードホルダー/ストラップ/docomo/au/softbank/アンドロイド/Hamee】,【送料無料】 。ディズニーキャラクター/Old Book Case for スマートフォン アリス・イン・ワンダーランド/バーガンディ 【多機種対応/スマートフォンケース/手帳型/ブック型/本型/横開き/カードホルダー/ストラップ/docomo/au/softbank/アンドロイド/Hamee】[rn]
14-183758,http://tshop.r10s.jp/kawaiikan/cabinet/item/165/165-726681.jpg?fitin=700:700,2240.0000,,スマートフォン・タブレット > スマートフォンアクセサリー > スマートフォンケース,iPhone7 ケース iDress アメリカンデリダイカットカバー  バーガー 【ハンバーガー/アイフォン7/カバー/大きめ/おもしろ】,,"<center>
<img src=""http://image.rakuten.co.jp/keitai/cabinet/kisetukate/smart/for_ip7.jpg"" width=""100%"">
</center><br>
<center>
<img src=""http://image.rakuten.co.jp/kawaiikan/cabinet/item/165/page01/165-726650img01.jpg"" width=""100%"">
</center>
<br>
このインパクトと可愛さは反則♪<br>
みんなの大好物アメリカンデリiPhone7ケース<br>
<center>
<img src=""http://image.rakuten.co.jp/kawaiikan/cabinet/item/165/page01/165-726650img03.jpg"" width=""100%"">
</center>
<br>
なにコレ！？みんなが2度見しちゃうこと間違いなしのインパクト。iPhone7専用のiDressアメリカンデリ・ダイカットケースが登場しました。<br>
ちょっとぷっくりした作りがキュート。アイスクリームとドリンクにはキラキラのラインストーンが付いています。ストラップホールが2箇所付いているので、お好きなストラップでカスタマイズOK。<br>
と～ってもカロリー高そうなハンバーガー、ピザ、アイスクリームなどワクワクしちゃうラインナップ。もちろんカロリー0だから、ダイエット中の女子も安心して持てますよ♪<br>
<br>
※クレードル（卓上ホルダなど）を使用して確実に充電するには、本製品を外すことをおすすめします。<br><br>
【ダイカット/iphoneケース/iphoneカバー/アイフォン7/アメリカン/かわいい/可愛い/カバー】<br><br><center><table width=""100%"" cellspacing=""0"" cellpadding=""15"" border=""0"" align=""center""><tr><td valign=""middle"" bgcolor=""#774d28"" align=""center""><b><font color=""#FFFFFF"">PC版で詳しく見る</font></b></td></tr></table><br></center>サイズ表<br>
ケース本体：約縦15×横9.7×厚1.4cm<br>
パッケージ：約縦20×横14.2×厚2.5cm<br>
<br>
<br>
主素材：合皮、TPU、ポリエステル<br>
ストラップ使用：可<br>
セット内容：ケース本体<br>
<br><br><font color=""#336699"">■ほかの種類はこちらからチェック！</font><br><table width=""100%"" cellpadding=""8""><tr bgcolor=""#d7fffd""><td><font size=""2"" color=""#774d28""><B>＞＞　アメリカンフード・ダイカットケース一覧をもっと見る</B></font></td></tr></table><br><br><font color=""#E1005B"">■おすすめ/関連商品</font><br><table width=""100%"" cellpadding=""8""><tr bgcolor=""#FFCCCC""><td><font size=""2"" color=""#774d28""><B>＞＞iPhone7専用ケース一覧</B></font></td></tr></table><table width=""100%"" cellpadding=""8""><tr bgcolor=""#FFCCCC""><td><font size=""2"" color=""#774d28""><B>＞＞iPhone7専用フィルム一覧</B></font></td></tr></table><table width=""100%"" cellpadding=""8""><tr bgcolor=""#FFCCCC""><td><font size=""2"" color=""#774d28""><B>＞＞iPhone7対応アクセサリー一覧</B></font></td></tr></table><table width=""100%"" cellpadding=""8""><tr bgcolor=""#FFCCCC""><td><font size=""2"" color=""#774d28""><B>＞＞ハンバーガー・グッズ一覧</B></font></td></tr></table><table width=""100%"" cellpadding=""8""><tr bgcolor=""#FFCCCC""><td><font size=""2"" color=""#774d28""><B>＞＞ピザ・グッズ一覧</B></font></td></tr></table><table width=""100%"" cellpadding=""8""><tr bgcolor=""#FFCCCC""><td><font size=""2"" color=""#774d28""><B>＞＞食べ物モチーフグッズ一覧</B></font></td></tr></table>",iPhone7 ケース iDress アメリカンデリダイカットカバー  バーガー 【ハンバーガー/アイフォン7/カバー/大きめ/おもしろ】：可愛いスマホ雑貨の店＊KAWAII館,通信販売通販ショッピングオンラインショッピング買い物プレゼントギフト贈り物贈答品お中元お歳暮お買い得KAWAII館かわいい館カワイイ館可愛いスマホケースカバースマホポーチディズニーかわいい食品サンプルkawaii館雑貨販売キャラクターグッズ通販ifaceミッキー充電器iPhoneグッズiPhone7 ケース iDress アメリカンデリダイカットカバー  バーガー 【ハンバーガー/アイフォン7/カバー/大きめ/おもしろ】,キュートでPOP！目立つこと間違いなし！ダイカットケース。iPhone7 ケース iDress アメリカンデリダイカットカバー  バーガー 【ハンバーガー/アイフォン7/カバー/大きめ/おもしろ】[rn]
14-183759,http://tshop.r10s.jp/kawaiikan/cabinet/item/165/165-726704.jpg?fitin=700:700,2240.0000,,スマートフォン・タブレット > スマートフォンアクセサリー > スマートフォンケース,iPhone7 ケース iDress アメリカンデリダイカットカバー  ピザ 【アイフォン7/カバー/大きめ/おもしろ】,,"<center>
<img src=""http://image.rakuten.co.jp/keitai/cabinet/kisetukate/smart/for_ip7.jpg"" width=""100%"">
</center><br>
<center>
<img src=""http://image.rakuten.co.jp/kawaiikan/cabinet/item/165/page01/165-726650img01.jpg"" width=""100%"">
</center>
<br>
このインパクトと可愛さは反則♪<br>
みんなの大好物アメリカンデリiPhone7ケース<br>
<center>
<img src=""http://image.rakuten.co.jp/kawaiikan/cabinet/item/165/page01/165-726650img03.jpg"" width=""100%"">
</center>
<br>
なにコレ！？みんなが2度見しちゃうこと間違いなしのインパクト。iPhone7専用のiDressアメリカンデリ・ダイカットケースが登場しました。<br>
ちょっとぷっくりした作りがキュート。アイスクリームとドリンクにはキラキラのラインストーンが付いています。ストラップホールが2箇所付いているので、お好きなストラップでカスタマイズOK。<br>
と～ってもカロリー高そうなハンバーガー、ピザ、アイスクリームなどワクワクしちゃうラインナップ。もちろんカロリー0だから、ダイエット中の女子も安心して持てますよ♪<br>
<br>
※クレードル（卓上ホルダなど）を使用して確実に充電するには、本製品を外すことをおすすめします。<br><br>
【ダイカット/iphoneケース/iphoneカバー/アイフォン7/アメリカン/かわいい/可愛い/カバー】<br><br><center><table width=""100%"" cellspacing=""0"" cellpadding=""15"" border=""0"" align=""center""><tr><td valign=""middle"" bgcolor=""#774d28"" align=""center""><b><font color=""#FFFFFF"">PC版で詳しく見る</font></b></td></tr></table><br></center>サイズ表<br>
ケース本体：約縦15×横9.7×厚1.4cm<br>
パッケージ：約縦20×横14.2×厚2.5cm<br>
<br>
<br>
主素材：合皮、TPU、ポリエステル<br>
ストラップ使用：可<br>
セット内容：ケース本体<br>
<br><br><font color=""#336699"">■ほかの種類はこちらからチェック！</font><br><table width=""100%"" cellpadding=""8""><tr bgcolor=""#d7fffd""><td><font size=""2"" color=""#774d28""><B>＞＞　アメリカンフード・ダイカットケース一覧をもっと見る</B></font></td></tr></table><br><br><font color=""#E1005B"">■おすすめ/関連商品</font><br><table width=""100%"" cellpadding=""8""><tr bgcolor=""#FFCCCC""><td><font size=""2"" color=""#774d28""><B>＞＞iPhone7専用ケース一覧</B></font></td></tr></table><table width=""100%"" cellpadding=""8""><tr bgcolor=""#FFCCCC""><td><font size=""2"" color=""#774d28""><B>＞＞iPhone7専用フィルム一覧</B></font></td></tr></table><table width=""100%"" cellpadding=""8""><tr bgcolor=""#FFCCCC""><td><font size=""2"" color=""#774d28""><B>＞＞iPhone7対応アクセサリー一覧</B></font></td></tr></table><table width=""100%"" cellpadding=""8""><tr bgcolor=""#FFCCCC""><td><font size=""2"" color=""#774d28""><B>＞＞ハンバーガー・グッズ一覧</B></font></td></tr></table><table width=""100%"" cellpadding=""8""><tr bgcolor=""#FFCCCC""><td><font size=""2"" color=""#774d28""><B>＞＞ピザ・グッズ一覧</B></font></td></tr></table><table width=""100%"" cellpadding=""8""><tr bgcolor=""#FFCCCC""><td><font size=""2"" color=""#774d28""><B>＞＞食べ物モチーフグッズ一覧</B></font></td></tr></table>",iPhone7 ケース iDress アメリカンデリダイカットカバー  ピザ 【アイフォン7/カバー/大きめ/おもしろ】：可愛いスマホ雑貨の店＊KAWAII館,通信販売通販ショッピングオンラインショッピング買い物プレゼントギフト贈り物贈答品お中元お歳暮お買い得KAWAII館かわいい館カワイイ館可愛いスマホケースカバースマホポーチディズニーかわいい食品サンプルkawaii館雑貨販売キャラクターグッズ通販ifaceミッキー充電器iPhoneグッズiPhone7 ケース iDress アメリカンデリダイカットカバー  ピザ 【アイフォン7/カバー/大きめ/おもしろ】,キュートでPOP！目立つこと間違いなし！ダイカットケース。iPhone7 ケース iDress アメリカンデリダイカットカバー  ピザ 【アイフォン7/カバー/大きめ/おもしろ】[rn]
14-183760,http://tshop.r10s.jp/kawaiikan/cabinet/item/165/165-7265.jpg?fitin=700:700,2800.0000,,スマートフォン・タブレット > スマートフォンアクセサリー > スマートフォンケース,送料無料 iPhone 7/6s/6  iDressサンリオダイカットダイアリーカバー,,"<img src=""http://image.rakuten.co.jp/keitai/cabinet/kisetukate/smart/for_ip7_6s_6.jpg"" width=""100%"">
<br>
<img src=""http://image.rakuten.co.jp/keitai/cabinet/item/165/page01/165-726506img01.jpg"" width=""100%""><br><br>
Apple iPhone 7/6s/6専用サンリオのダイカットダイアリーケースが登場。<br>
<br>
・キュートなダイカットがインパクト大！！<br>
・オシャレさん必携のミラー付き<br>
・カードポケット付きでお出かけに便利<br>
・フラップはマグネット式開閉<br>
・ストラップホールとDリング付きでお気に入りのストラップの装着もOK<br>
<br>
<br>
<img src=""http://image.rakuten.co.jp/keitai/cabinet/item/165/page01/165-726506img03.jpg"" width=""100%""><br><br>
<img src=""http://image.rakuten.co.jp/keitai/cabinet/item/165/page01/165-726506img04.jpg"" width=""100%""><br><br>
<img src=""http://image.rakuten.co.jp/keitai/cabinet/item/165/page01/165-726506img05.jpg"" width=""100%""><br><br>
※クレードル（卓上ホルダなど）を使用して確実に充電するには、本製品を外すことをおすすめします。<br>
※デザイン・仕様が若干変更となる可能性があります。<br>
<br>
【ポムポムプリン iphone7 ケース スマホケース キティ キティちゃん シナモン シナモンロール 】<br><br><center><table width=""100%"" cellspacing=""0"" cellpadding=""15"" border=""0"" align=""center""><tr><td valign=""middle"" bgcolor=""#774d28"" align=""center""><b><font color=""#FFFFFF"">PC版で詳しく見る</font></b></td></tr></table><br></center>サイズ表<br>
ハローキティ本体：約縦14.2×横10.2×厚1.7cm<br>
マイメロディ本体：約縦8×横14.2×厚1.8cm<br>
ポムポムプリン本体：約縦15×横9.5×厚1.7cm<br>
シナモロール本体：約縦14.2×横8.8×厚1.7cm<br>
パッケージ：約縦19×横11×厚2.5cm<br>
<br>
<br>
セット内容：ケース本体<br>
ストラップ使用：可<br>
<br><br><font color=""#FF3366"">■サンリオのグッズをもっと見る</font>
<img src=""http://image.rakuten.co.jp/kawaiikan/cabinet/baner/sanrio_700100.jpg"" width=""100%"" />
<br><br><font color=""#E1005B"">■おすすめ/関連商品</font><br><table width=""100%"" cellpadding=""8""><tr bgcolor=""#FFCCCC""><td><font size=""2"" color=""#774d28""><B>＞＞iPhone7ケース・フィルム特集</B></font></td></tr></table><table width=""100%"" cellpadding=""8""><tr bgcolor=""#FFCCCC""><td><font size=""2"" color=""#774d28""><B>＞＞iPhone7　手帳型ケース</B></font></td></tr></table><table width=""100%"" cellpadding=""8""><tr bgcolor=""#FFCCCC""><td><font size=""2"" color=""#774d28""><B>＞＞マイメロディ　特集</B></font></td></tr></table><table width=""100%"" cellpadding=""8""><tr bgcolor=""#FFCCCC""><td><font size=""2"" color=""#774d28""><B>＞＞ハローキティ  特集</B></font></td></tr></table><table width=""100%"" cellpadding=""8""><tr bgcolor=""#FFCCCC""><td><font size=""2"" color=""#774d28""><B>＞＞キキララ　特集</B></font></td></tr></table>",送料無料 iPhone 7/6s/6  iDressサンリオダイカットダイアリーカバー：可愛いスマホ雑貨の店＊KAWAII館,通信販売通販ショッピングオンラインショッピング買い物プレゼントギフト贈り物贈答品お中元お歳暮お買い得KAWAII館かわいい館カワイイ館可愛いスマホケースカバースマホポーチディズニーかわいい食品サンプルkawaii館雑貨販売キャラクターグッズ通販ifaceミッキー充電器iPhoneグッズ送料無料 iPhone 7/6s/6  iDressサンリオダイカットダイアリーカバー,可愛い！サンリオキャラクターケース。送料無料 iPhone 7/6s/6  iDressサンリオダイカットダイアリーカバー[rn]
14-183761,http://tshop.r10s.jp/kawaiikan/cabinet/item/276/276-8682.jpg?fitin=700:700,2240.0000,,スマートフォン・タブレット > スマートフォンアクセサリー > スマートフォンケース,iPhone 6s Plus/6 Plus  MOOMIN ムーミンナチュラルウッドハードケース,,"iPhone 6s Plus/6 Plusに対応した、ムーミンのナチュラルウッドケースが登場。<br>
<br>
木の風合いをそのまま活かした、温かみのあるデザイン。<br>
手に持っているだけで、ゆったりとした気持ちになれそう。<br>
<br>
おなじみのキャラクター達の刻印は、主張しすぎないさりげないレイアウトがオシャレ。<br>
ひとつひとつ木目が異なる天然木の味わいを楽しめます。<br>
<br>
北欧の空気感をまとった、ナチュラルウッドケース。<br>
忙しい生活の中にひとときの癒しを与えてくれます。<br>
※天然木材使用のため、お届けする木目はひとつひとつ異なります。 <br>
※クレードル（卓上ホルダなど）を使用して確実に充電するには、本製品を外すことをおすすめします。
【アイフォン6sプラス/プラス/iphone6splus/ムーミン/ケース/カバー/リトルミィ/スナフキン/ニョロニョロ/スティンキー/リトルミイ/ミイ】<br><br><center><table width=""100%"" cellspacing=""0"" cellpadding=""15"" border=""0"" align=""center""><tr><td valign=""middle"" bgcolor=""#774d28"" align=""center""><b><font color=""#FFFFFF"">PC版で詳しく見る</font></b></td></tr></table><br></center>サイズ表<br>
本体：約縦16×横8×厚1.1cm<br>
パッケージ：約縦21×横10×厚2cm<br>
<br>
<br>
主素材：天然木、ポリカーボネート<br>
ストラップ使用：不可<br>
セット内容：ケース本体<br>
<br><br><font color=""#336699"">■ほかの種類はこちらからチェック！</font><br><table width=""100%"" cellpadding=""8""><tr bgcolor=""#FFCCCC""><td><font size=""2"" color=""#774d28""><B>＞＞　ムーミングッズを見る</B></font></td></tr></table><br><br><font color=""#E1005B"">■おすすめ/関連商品</font><br><table width=""100%"" cellpadding=""8""><tr bgcolor=""#FFCCCC""><td><font size=""2"" color=""#774d28""><B>＞＞　iPhone6sPlus/iPhone6Plusケース・フィルム</B></font></td></tr></table><table width=""100%"" cellpadding=""8""><tr bgcolor=""#FFCCCC""><td><font size=""2"" color=""#774d28""><B>＞＞　ライトニングケーブル一覧</B></font></td></tr></table><table width=""100%"" cellpadding=""8""><tr bgcolor=""#FFCCCC""><td><font size=""2"" color=""#774d28""><B>＞＞　指紋認証OK！ホームボタンシール</B></font></td></tr></table><table width=""100%"" cellpadding=""8""><tr bgcolor=""#FFCCCC""><td><font size=""2"" color=""#774d28""><B>＞＞　スマホポーチ特集</B></font></td></tr></table>",iPhone 6s Plus/6 Plus  MOOMIN ムーミンナチュラルウッドハードケース：可愛いスマホ雑貨の店＊KAWAII館,通信販売通販ショッピングオンラインショッピング買い物プレゼントギフト贈り物贈答品お中元お歳暮お買い得KAWAII館かわいい館カワイイ館可愛いスマホケースカバースマホポーチディズニーかわいい食品サンプルkawaii館雑貨販売キャラクターグッズ通販ifaceミッキー充電器iPhoneグッズiPhone 6s Plus/6 Plus  MOOMIN ムーミンナチュラルウッドハードケース,3240円以上のお買物で送料無料。iPhone 6s Plus/6 Plus  MOOMIN ムーミンナチュラルウッドハードケース[rn]
14-183762,http://tshop.r10s.jp/kawaiikan/cabinet/item/3_2/3-889694.jpg?fitin=700:700,2400.0000,,スマートフォン・タブレット > スマートフォンアクセサリー > スマートフォンケース,送料無料おそ松さん × サンリオ コラボ 全機種対応 手帳型スマホケース スライド トド松 × マイメロディ 【スマートフォン カバー ケース】,,"<center>
<img src=""http://image.rakuten.co.jp/kawaiikan/cabinet/item/3/page02/3-889403img01.jpg"" width=""100%"">
</center>
<br>
おそ松さんとサンリオキャラが衝撃のコラボ！<br>
キュンキュンしちゃう♪サンリオ松グッズが大集合。 <br>
「女の子にモテない六つ子たちが、女の子にモテるサンリオキャラクターズになりたい！」というコンセプトのもと、おそ松さんとサンリオキャラクターのコラボが実現！「おそ松×ハローキティ」「カラ松×タキシードサム」「チョロ松×けろけろけろっぴ」「一松×ニャニィニュニェニョン」「十四松×ポムポムプリン」「トド松×マイメロディ」のラインナップ。<br>
サンリオ松がケースいっぱいにデザインされた各種スマホに対応のマルチケース。<br>
・ペタッとスマホを貼るだけの簡単装着。<br>
・スライド式粘着ゲル使用で、ケースに付けたまま撮影OK。<br>
・ストラップホール付き。<br>
・カードポケット×4、サイドポケット付き。<br>
・フラップはマグネットベルトで留まる。<br>
※監修中につき予告無く仕様が変更になる場合があります。あらかじめご了承ください。<br>
※本製品はマグネットが使用されております。クレジットカードなどの磁気カードを併用すると、 読み取り等ができなくなる恐れがありますので、ご注意ください。<br>
<br><br>
【グッズ コラボアイテム 公式 SANRIO サンリオキャラクターズコラボ アニメ サンリオコラボ】<br><br><center><table width=""100%"" cellspacing=""0"" cellpadding=""15"" border=""0"" align=""center""><tr><td valign=""middle"" bgcolor=""#774d28"" align=""center""><b><font color=""#FFFFFF"">PC版で詳しく見る</font></b></td></tr></table><br></center>サイズ表<br>
パッケージサイズ：約縦20×横11×厚3cm<br>
対応スマホサイズ：約縦14×横7×厚1cm以下<br>
<br>
<br>
主素材：PC、PU、ポリエステル、金属<br>
ストラップ使用：可<br>
セット内容：ケース本体<br>
<br><br><font color=""#336699"">■ほかの種類はこちらからチェック！</font><br><table width=""100%"" cellpadding=""8""><tr bgcolor=""#d7fffd""><td><font size=""2"" color=""#774d28""><B>＞＞　おそ松さん×サンリオキャラ・コラボシリーズをもっと見てみる</B></font></td></tr></table><img src=""http://image.rakuten.co.jp/kawaiikan/cabinet/baner/osomatu_kitty700180.jpg"" width=""100%""><br><br><font color=""#E1005B"">■おすすめ/関連商品</font><br><table width=""100%"" cellpadding=""8""><tr bgcolor=""#FFCCCC""><td><font size=""2"" color=""#774d28""><B>＞＞おそ松さんグッズ一覧</B></font></td></tr></table><table width=""100%"" cellpadding=""8""><tr bgcolor=""#FFCCCC""><td><font size=""2"" color=""#774d28""><B>＞＞ハローキティグッズ一覧</B></font></td></tr></table><table width=""100%"" cellpadding=""8""><tr bgcolor=""#FFCCCC""><td><font size=""2"" color=""#774d28""><B>＞＞マイメロディグッズ一覧</B></font></td></tr></table><table width=""100%"" cellpadding=""8""><tr bgcolor=""#FFCCCC""><td><font size=""2"" color=""#774d28""><B>＞＞ポムポムプリングッズ一覧</B></font></td></tr></table><table width=""100%"" cellpadding=""8""><tr bgcolor=""#FFCCCC""><td><font size=""2"" color=""#774d28""><B>＞＞パスケース一覧</B></font></td></tr></table><table width=""100%"" cellpadding=""8""><tr bgcolor=""#FFCCCC""><td><font size=""2"" color=""#774d28""><B>＞＞ポータブル充電器一覧</B></font></td></tr></table><table width=""100%"" cellpadding=""8""><tr bgcolor=""#FFCCCC""><td><font size=""2"" color=""#774d28""><B>＞＞iPhone7専用ケース一覧</B></font></td></tr></table><table width=""100%"" cellpadding=""8""><tr bgcolor=""#FFCCCC""><td><font size=""2"" color=""#774d28""><B>＞＞各種スマホ対応マルチケース一覧</B></font></td></tr></table>",送料無料おそ松さん &times; サンリオ コラボ 全機種対応 手帳型スマホケース スライド トド松 &times; マイメロディ 【スマートフォン カバー ケース】：可愛いスマホ雑貨の店＊KAWAII館,通信販売通販ショッピングオンラインショッピング買い物プレゼントギフト贈り物贈答品お中元お歳暮お買い得KAWAII館かわいい館カワイイ館可愛いスマホケースカバースマホポーチディズニーかわいい食品サンプルkawaii館雑貨販売キャラクターグッズ通販ifaceミッキー充電器iPhoneグッズ送料無料おそ松さん &times; サンリオ コラボ 全機種対応 手帳型スマホケース スライド トド松 &times; マイメロディ 【スマートフォン カバー ケース】,六つ子がサンリオとコラボレーション！☆。送料無料おそ松さん &times; サンリオ コラボ 全機種対応 手帳型スマホケース スライド トド松 &times; マイメロディ 【スマートフォン カバー ケース】[rn]
14-183763,http://tshop.r10s.jp/kawaiikan/cabinet/item/3_2/3-889625.jpg?fitin=700:700,2400.0000,,スマートフォン・タブレット > スマートフォンアクセサリー > スマートフォンケース,送料無料iPhone7 おそ松さん × サンリオ コラボ 手帳型 フリップ カバー 十四松 × ポムポムプリン 【iPhoneケース アイフォン7 スマホケース ケース】,,"<center>
<img src=""http://image.rakuten.co.jp/kawaiikan/cabinet/item/3/page02/3-889403img01.jpg"" width=""100%"">
</center>
<br>
おそ松さんとサンリオキャラが衝撃のコラボ！<br>
キュンキュンしちゃう♪サンリオ松グッズが大集合。 <br>
「女の子にモテない六つ子たちが、女の子にモテるサンリオキャラクターズになりたい！」というコンセプトのもと、おそ松さんとサンリオキャラクターのコラボが実現！「おそ松×ハローキティ」「カラ松×タキシードサム」「チョロ松×けろけろけろっぴ」「一松×ニャニィニュニェニョン」「十四松×ポムポムプリン」「トド松×マイメロディ」のラインナップ。<br>
サンリオ松がケースいっぱいにデザインされたiPhone7専用手帳型ケース。<br>
・カードポケット×3、サイドポケット付き。<br>
・動画視聴などに便利な簡易スタンド機能付き。<br>
・ストラップホール付き。<br>
・フラップはマグネットベルトで留まる。<br>
<br>
※監修中につき予告無く仕様が変更になる場合があります。あらかじめご了承ください。<br>
※本製品はマグネットが使用されております。クレジットカードなどの磁気カードを併用すると、 読み取り等ができなくなる恐れがありますので、ご注意ください。<br>
<br><br>
【グッズ コラボアイテム 公式 SANRIO サンリオキャラクターズコラボ アニメ サンリオコラボ】<br><br><center><table width=""100%"" cellspacing=""0"" cellpadding=""15"" border=""0"" align=""center""><tr><td valign=""middle"" bgcolor=""#774d28"" align=""center""><b><font color=""#FFFFFF"">PC版で詳しく見る</font></b></td></tr></table><br></center>サイズ表<br>
パッケージサイズ：約縦20.2×横9.5×厚2cm<br>
<br>
<br>
主素材：PC、PU、ポリエステル<br>
ストラップ使用：可<br>
セット内容：ケース本体<br>
<br><br><font color=""#336699"">■ほかの種類はこちらからチェック！</font><br><table width=""100%"" cellpadding=""8""><tr bgcolor=""#d7fffd""><td><font size=""2"" color=""#774d28""><B>＞＞　おそ松さん×サンリオキャラ・コラボシリーズをもっと見てみる</B></font></td></tr></table><img src=""http://image.rakuten.co.jp/kawaiikan/cabinet/baner/osomatu_kitty700180.jpg"" width=""100%""><br><br><font color=""#E1005B"">■おすすめ/関連商品</font><br><table width=""100%"" cellpadding=""8""><tr bgcolor=""#FFCCCC""><td><font size=""2"" color=""#774d28""><B>＞＞おそ松さんグッズ一覧</B></font></td></tr></table><table width=""100%"" cellpadding=""8""><tr bgcolor=""#FFCCCC""><td><font size=""2"" color=""#774d28""><B>＞＞ハローキティグッズ一覧</B></font></td></tr></table><table width=""100%"" cellpadding=""8""><tr bgcolor=""#FFCCCC""><td><font size=""2"" color=""#774d28""><B>＞＞マイメロディグッズ一覧</B></font></td></tr></table><table width=""100%"" cellpadding=""8""><tr bgcolor=""#FFCCCC""><td><font size=""2"" color=""#774d28""><B>＞＞ポムポムプリングッズ一覧</B></font></td></tr></table><table width=""100%"" cellpadding=""8""><tr bgcolor=""#FFCCCC""><td><font size=""2"" color=""#774d28""><B>＞＞パスケース一覧</B></font></td></tr></table><table width=""100%"" cellpadding=""8""><tr bgcolor=""#FFCCCC""><td><font size=""2"" color=""#774d28""><B>＞＞ポータブル充電器一覧</B></font></td></tr></table><table width=""100%"" cellpadding=""8""><tr bgcolor=""#FFCCCC""><td><font size=""2"" color=""#774d28""><B>＞＞iPhone7専用ケース一覧</B></font></td></tr></table><table width=""100%"" cellpadding=""8""><tr bgcolor=""#FFCCCC""><td><font size=""2"" color=""#774d28""><B>＞＞各種スマホ対応マルチケース一覧</B></font></td></tr></table>",送料無料iPhone7 おそ松さん &times; サンリオ コラボ 手帳型 フリップ カバー 十四松 &times; ポムポムプリン 【iPhoneケース アイフォン7 スマホケース ケース】：可愛いスマホ雑貨の店＊KAWAII館,通信販売通販ショッピングオンラインショッピング買い物プレゼントギフト贈り物贈答品お中元お歳暮お買い得KAWAII館かわいい館カワイイ館可愛いスマホケースカバースマホポーチディズニーかわいい食品サンプルkawaii館雑貨販売キャラクターグッズ通販ifaceミッキー充電器iPhoneグッズ送料無料iPhone7 おそ松さん &times; サンリオ コラボ 手帳型 フリップ カバー 十四松 &times; ポムポムプリン 【iPhoneケース アイフォン7 スマホケース ケース】,六つ子がサンリオとコラボレーション！☆。送料無料iPhone7 おそ松さん &times; サンリオ コラボ 手帳型 フリップ カバー 十四松 &times; ポムポムプリン 【iPhoneケース アイフォン7 スマホケース ケース】[rn]
14-183764,http://tshop.r10s.jp/kawaiikan/cabinet/item/41_3/41-8580.jpg?fitin=700:700,2880.0000,,スマートフォン・タブレット > スマートフォンアクセサリー > スマートフォンケース,【送料無料】  iPhone6s/iPhone6 専用  ムーミンiface First Classケース【moomin/ミィ/リトルミィ/スナフキン/ミー/ケース/iphoneケース/6/iphone/持ちやすい/キャラクター/可愛い/かわいい/グッズ/正規品/Hamee】,,"<table width=""100%"" cellpadding=""8""><tr bgcolor=""#FF9999""><td><font size=""2"" color=""#FFFFFF""><B>＞＞　同じ柄の「iPhone7バージョン」はこちら</B></font></td></tr></table>
<table width=""100%"" cellpadding=""8""><tr bgcolor=""#FF9999""><td><font size=""2"" color=""#FFFFFF""><B>＞＞　同じ柄の「iPhone6sPlusバージョン」はこちら</B></font></td></tr></table>
大人気のiFaceに待望のムーミンシリーズが登場しました！<br>
<br>
<img src=""http://image.rakuten.co.jp/keitai/cabinet/item/41/page02/41-858004img01.jpg"" width=""100%""><br><br>
これから物語が始まりそうなイラストが可愛いムーミン、リトルミイ、スナフキン。<br>
フラワーパターンは北欧らしい優しい色使いがポイントです。<br>
<br><img src=""http://image.rakuten.co.jp/keitai/cabinet/item/41/page02/41-858004img10.jpg"" width=""100%""><br><br>
<br><img src=""http://image.rakuten.co.jp/keitai/cabinet/item/41/page02/41-858004img03.jpg"" width=""100%""><br><br>
<br><img src=""http://image.rakuten.co.jp/keitai/cabinet/item/41/page02/41-858004img07.jpg"" width=""100%""><br><br>
女性のSラインをイメージした、なめらかな曲線が特徴的なiFace First Classケース 。<br>
その独特の形状が手にフィット。とても持ちやすく操作時の安定感が増し、<br>
ポリカーボネートとTPU、2つの素材の特徴を生かしてiPhoneを保護します。<br>
<br>
落ち着いたカラーは大人女子も楽しめるデザイン。<br>
ムーミン好きの方へのプレゼントにもオススメです。<br>
<br>
※液晶面にガラスフィルム等を装着すると、フィルムの形状によっては本製品と干渉する場合がございます。<br><img src=""http://image.rakuten.co.jp/keitai/cabinet/item/41/page02/41-858004img11.jpg"" width=""100%""><br><br>
<br>
本体：約縦15×横7.6×厚1cm<br>
パッケージ：約縦20.7×横11.1×厚2.5cm<br>
<br>
主素材：TPU、ポリカーボネート<br>
ストラップ使用：可<br>
セット内容：ケース本体<br><br><center><table width=""90%"" cellspacing=""0"" cellpadding=""15"" border=""0"" align=""center""><tr><td valign=""middle"" bgcolor=""#774d28"" align=""center""><b><font color=""#FFFFFF"">PC版で詳しく見る</font></b></td></tr></table><br></center>

<img src=""http://image.rakuten.co.jp/keitai/cabinet/syapage/licence_0201.jpg"" width=""100%""><br><br>
<br>
ムーミングッズでそろえちゃお♪<br>
●iPhohne6ムーミンケース一覧<br>
●ホームボタンシール<br>
●ポーチ・スマホポーチ<br>
●ムーミンTシャツ<br>
<br>
<BR><table width=""100%"" border=""0"" cellpadding=""0"" cellspacing=""0"" bgcolor=""#ffcccc""><tr><td><br>■関連商品<br>
・スマホ・iPhoneアクセサリー<br>
・iPhone6s/iPhone6専用ケース<br>
・iPhone6s/iPhone6専用フィルム<br>
・ムーミングッズ<br>
・ムーミントロール<br>
・リトルミィ<br>
<br>
<img src=""http://image.rakuten.co.jp/kawaiikan/cabinet/baner/moomin_700150.jpg"" width=""100%""><br><br><br></td></tr></table>
<br>
<img src=""http://image.rakuten.co.jp/kawaiikan/cabinet/baner/mincate_700433.jpg"" width=""100%""><br>
<br>
<img src=""http://image.rakuten.co.jp/kawaiikan/cabinet/baner/iface_ftr_700150ka.jpg"" width=""100%""><br><br>
<img src=""http://image.rakuten.co.jp/kawaiikan/cabinet/baner/276-874202_700200.jpg"" alt="" height=""300"" width=""100%"">",【送料無料】  iPhone6s/iPhone6 専用  ムーミンiface First Classケース【moomin/ミィ/リトルミィ/スナフキン/ミー/ケース/iphoneケース/6/iphone/持ちやすい/キャラクター/可愛い/かわいい/グッズ/正規品/Hamee】：可愛いスマホ雑貨の店＊KAWAII館,通信販売通販ショッピングオンラインショッピング買い物プレゼントギフト贈り物贈答品お中元お歳暮お買い得KAWAII館かわいい館カワイイ館可愛いスマホケースカバースマホポーチディズニーかわいい食品サンプルkawaii館雑貨販売キャラクターグッズ通販ifaceミッキー充電器iPhoneグッズ【送料無料】  iPhone6s/iPhone6 専用  ムーミンiface First Classケース【moomin/ミィ/リトルミィ/スナフキン/ミー/ケース/iphoneケース/6/iphone/持ちやすい/キャラクター/可愛い/かわいい/グッズ/正規品/Hamee】,【送料無料】。【送料無料】  iPhone6s/iPhone6 専用  ムーミンiface First Classケース【moomin/ミィ/リトルミィ/スナフキン/ミー/ケース/iphoneケース/6/iphone/持ちやすい/キャラクター/可愛い/かわいい/グッズ/正規品/Hamee】[rn]
14-183765,http://tshop.r10s.jp/kawaiikan/cabinet/item/3/3-840114.jpg?fitin=700:700,1600.0000,,スマートフォン・タブレット > スマートフォンアクセサリー > スマートフォンケース,ポケモン iPhone7 ポケットモンスター ケース メタモン【アイフォン7/iphone/7】,,"<center>
<img src=""http://image.rakuten.co.jp/keitai/cabinet/kisetukate/smart/for_ip7.jpg"" width=""100%"">
</center><br>
<center>
<img src=""http://image.rakuten.co.jp/kawaiikan/cabinet/item/3/page02/3-840015img01.jpg"" width=""100%"">
</center>
<br>
ポケットモンスター<br>
iPhone7専用ハードケース<br>
モチーフを重ねて各ポケモンの世界観をデザインしたケース。<br>
グラデーションで機種が透ける半透明なケース仕様なので、付ける機種カラーによって異なる雰囲気を楽しめます。<br>
ピカチュウ・イーブイ＆進化系・カビゴン・ゲンガー・ニャース・フシギダネ・ゼニガメ・ヒトカゲ・ミュウ・ミュウツー・メタモンの全11種類。<br>
※本製品は監修中につき、仕様やデザインが変更になる場合があります。<br><br>
【ポケモン/iphone7/アイフォン7/IPHONE7/スマートフォンケース/スマホケース/iphone/キャラクター/カバー/クリア/かわいい/可愛い/グッズ/メタモン】<br><br><center><table width=""100%"" cellspacing=""0"" cellpadding=""15"" border=""0"" align=""center""><tr><td valign=""middle"" bgcolor=""#774d28"" align=""center""><b><font color=""#FFFFFF"">PC版で詳しく見る</font></b></td></tr></table><br></center>サイズ表<br>
パッケージ：H18.6cm×W8.7cm×D1.3cm<br>
パッケージ仕様：台紙＋ブリスター<br>
<br>
<br>
材質：PC<br>
ストラップ使用：可能<br>
<br><br><font color=""#336699"">■ほかの種類はこちらからチェック！</font><br><table width=""100%"" cellpadding=""8""><tr bgcolor=""#d7fffd""><td><font size=""2"" color=""#774d28""><B>＞＞　「他のキャラクター」 はコチラ</B></font></td></tr></table><br><br><font color=""#E1005B"">■おすすめ/関連商品</font><br><table width=""100%"" cellpadding=""8""><tr bgcolor=""#FFCCCC""><td><font size=""2"" color=""#774d28""><B>＞＞「iPhone7ケース・フィルム」 特集</B></font></td></tr></table><table width=""100%"" cellpadding=""8""><tr bgcolor=""#FFCCCC""><td><font size=""2"" color=""#774d28""><B>＞＞「ポケットモンスター」 特集</B></font></td></tr></table><table width=""100%"" cellpadding=""8""><tr bgcolor=""#FFCCCC""><td><font size=""2"" color=""#774d28""><B>＞＞「ライトニングケーブル」 一覧</B></font></td></tr></table>",ポケモン iPhone7 ポケットモンスター ケース メタモン【アイフォン7/iphone/7】：可愛いスマホ雑貨の店＊KAWAII館,通信販売通販ショッピングオンラインショッピング買い物プレゼントギフト贈り物贈答品お中元お歳暮お買い得KAWAII館かわいい館カワイイ館可愛いスマホケースカバースマホポーチディズニーかわいい食品サンプルkawaii館雑貨販売キャラクターグッズ通販ifaceミッキー充電器iPhoneグッズポケモン iPhone7 ポケットモンスター ケース メタモン【アイフォン7/iphone/7】,ポケモン アイフォン7 ケース ！。ポケモン iPhone7 ポケットモンスター ケース メタモン【アイフォン7/iphone/7】[rn]
14-183766,http://tshop.r10s.jp/kawaiikan/cabinet/item/3/3-833574.jpg?fitin=700:700,2784.0000,,スマートフォン・タブレット > スマートフォンアクセサリー > スマートフォンケース,送料無料 iPhone6s アイフォン6  ポケットモンスターフリップケース ピカチュウ/しっぽ,,"<center>
<img src=""http://image.rakuten.co.jp/kawaiikan/cabinet/item/3/page02/3-833574img01.jpg"" width=""100%"">
</center>
<br>
ピカチュウのうしろ姿がキュートなiPhone6s/6 フリップケース<br>
尻尾がポイント！ピカチューのかわいいiphoneケースです。iPhone6s、iPhone6に対応しています。ストラップホールがついてるので、ストラップをつけることもできます！手帳型ケースです。<br>
【ポケモン グッズ iphne6s アイフォン6s iphoneケース 手帳型 iPhone6 フリップ アイフォン6 キャラクター 手帳 スマホケース】<br><br><center><table width=""100%"" cellspacing=""0"" cellpadding=""15"" border=""0"" align=""center""><tr><td valign=""middle"" bgcolor=""#774d28"" align=""center""><b><font color=""#FFFFFF"">PC版で詳しく見る</font></b></td></tr></table><br></center>サイズ表<br>
パッケージサイズ：H180×W110×D25mm（台紙+PET箱）<br>
<br>
<br>
主素材：PU、ポリエステル、PC<br>
ストラップ使用：可<br>
<br><br><font color=""#336699"">■ほかの種類はこちらからチェック！</font><br><table width=""100%"" cellpadding=""8""><tr bgcolor=""#FFCCCC""><td><font size=""2"" color=""#774d28""><B>＞＞　ポケットモンスターアイテムをもっと見る</B></font></td></tr></table><br><br><font color=""#E1005B"">■おすすめ/関連商品</font><br><table width=""100%"" cellpadding=""8""><tr bgcolor=""#FFCCCC""><td><font size=""2"" color=""#774d28""><B>＞＞　ポケモングッズ一覧</B></font></td></tr></table><table width=""100%"" cellpadding=""8""><tr bgcolor=""#FFCCCC""><td><font size=""2"" color=""#774d28""><B>＞＞　iPhone6sケース・フォルム特集</B></font></td></tr></table><table width=""100%"" cellpadding=""8""><tr bgcolor=""#FFCCCC""><td><font size=""2"" color=""#774d28""><B>＞＞　ライトニングケーブル一覧</B></font></td></tr></table><table width=""100%"" cellpadding=""8""><tr bgcolor=""#FFCCCC""><td><font size=""2"" color=""#774d28""><B>＞＞　指紋認証OK！ホームボタンシール</B></font></td></tr></table>",送料無料 iPhone6s アイフォン6  ポケットモンスターフリップケース ピカチュウ/しっぽ：可愛いスマホ雑貨の店＊KAWAII館,通信販売通販ショッピングオンラインショッピング買い物プレゼントギフト贈り物贈答品お中元お歳暮お買い得KAWAII館かわいい館カワイイ館可愛いスマホケースカバースマホポーチディズニーかわいい食品サンプルkawaii館雑貨販売キャラクターグッズ通販ifaceミッキー充電器iPhoneグッズ送料無料 iPhone6s アイフォン6  ポケットモンスターフリップケース ピカチュウ/しっぽ,送料無料 iPhone6s アイフォン6  ポケットモンスターフリップケース ピカチュウ/しっぽ[rn]
14-183767,http://tshop.r10s.jp/kawaiikan/cabinet/item/3/3-863861.jpg?fitin=700:700,2784.0000,,スマートフォン・タブレット > スマートフォンアクセサリー > スマートフォンケース,送料無料サンリオ スマホ用ユニバーサル・エナメルフリップカバー キキララ,,"<center>
<img src=""http://image.rakuten.co.jp/kawaiikan/cabinet/item/3/page02/3-863786img01.jpg"" width=""100%"">
</center>
<br>
ミラー＆たっぷりカード収納で使いやすい♪<br>
サンリオの大人かわいい手帳型ケース。<br>
サンリオの人気キャラクター、ハローキティ、マイメロディ、キキララ、ポムポムプリンが大人かわいい手帳型ケースになりました。<br>
<br>
フラップの内側には、ちょっと身だしなみをチェックしたい時にピッタリな鏡付き。<br>
カードポケット×3、マルチポケット×1付きで、よく使うカードをスマホと一緒にいつも持ち歩けちゃいます。<br>
付属のハンドストラップに腕を通して使えば落下防止に。<br>
機能的でオシャレなケースはプレゼントにもピッタリです。<br>
<br>
・画面のサイズが5インチまでの各種スマホに対応。<br>
・落ち着いたカラーにキャラの刺しゅうが生える大人可愛いデザイン。ワンポイントのラインストーンがキラリと輝いてオシャレ。<br>
・ペタッとスマホを貼るだけの簡単装着。<br>
・プッシュアップスライド式でケースに付けたまま撮影OK。<br>
※貼り付け面に特殊な加工がされている機種、曲面の機種、凸凹のある機種では極端に粘着力が落ちますのでご使用にならないでください。<br>
※クレードル（卓上ホルダなど）を使用して確実に充電するには、本製品を外すことをおすすめします。<br>
※本商品は現在監修中のため、予告なく仕様が変更になる場合があります。<br><br>
【スマホケース ケース ストラップ  カバー サンリオ キャラクター Andoroid 5inch 全機種対応 スマートフォン リトルツインスターズ キキ ララ】<br><br><center><table width=""100%"" cellspacing=""0"" cellpadding=""15"" border=""0"" align=""center""><tr><td valign=""middle"" bgcolor=""#774d28"" align=""center""><b><font color=""#FFFFFF"">PC版で詳しく見る</font></b></td></tr></table><br></center>サイズ表<br>
パッケージサイズ：約縦19×横11.8×厚2.8cm<br>
対応スマホサイズ：約縦14×横7×厚1cmまで（適合画面サイズ5インチ以内）のスマートフォン<br>
<br>
<br>
主素材：綿、PC、鉄、PU、アクリル、ポリエステル<br>
<br><br><font color=""#336699"">■ほかの種類はこちらからチェック！</font><br><table width=""100%"" cellpadding=""8""><tr bgcolor=""#FFCCCC""><td><font size=""2"" color=""#774d28""><B>＞＞　サンリオのスマホケースをもっと見る</B></font></td></tr></table><br><br><font color=""#E1005B"">■おすすめ/関連商品</font><br><table width=""100%"" cellpadding=""8""><tr bgcolor=""#FFCCCC""><td><font size=""2"" color=""#774d28""><B>＞＞　サンリオ・iPhone6s/6専用ケース一覧</B></font></td></tr></table><table width=""100%"" cellpadding=""8""><tr bgcolor=""#FFCCCC""><td><font size=""2"" color=""#774d28""><B>＞＞　サンリオ・マルチケース一覧</B></font></td></tr></table><table width=""100%"" cellpadding=""8""><tr bgcolor=""#FFCCCC""><td><font size=""2"" color=""#774d28""><B>＞＞　キャラクター・マルチケース一覧</B></font></td></tr></table><table width=""100%"" cellpadding=""8""><tr bgcolor=""#FFCCCC""><td><font size=""2"" color=""#774d28""><B>＞＞　iPhone6s/iPhone6 専用ケース一覧</B></font></td></tr></table><table width=""100%"" cellpadding=""8""><tr bgcolor=""#FFCCCC""><td><font size=""2"" color=""#774d28""><B>＞＞　iPhone6s/iPhone6 専用フィルム一覧</B></font></td></tr></table><table width=""100%"" cellpadding=""8""><tr bgcolor=""#FFCCCC""><td><font size=""2"" color=""#774d28""><B>＞＞　スマホアクセサリー一覧</B></font></td></tr></table>",送料無料サンリオ スマホ用ユニバーサル・エナメルフリップカバー キキララ：可愛いスマホ雑貨の店＊KAWAII館,通信販売通販ショッピングオンラインショッピング買い物プレゼントギフト贈り物贈答品お中元お歳暮お買い得KAWAII館かわいい館カワイイ館可愛いスマホケースカバースマホポーチディズニーかわいい食品サンプルkawaii館雑貨販売キャラクターグッズ通販ifaceミッキー充電器iPhoneグッズ送料無料サンリオ スマホ用ユニバーサル・エナメルフリップカバー キキララ,可愛い！キャラクター スマホケース。送料無料サンリオ スマホ用ユニバーサル・エナメルフリップカバー キキララ[rn]
14-183768,http://tshop.r10s.jp/kawaiikan/cabinet/item/3/3-833598.jpg?fitin=700:700,2784.0000,,スマートフォン・タブレット > スマートフォンアクセサリー > スマートフォンケース,送料無料 iPhone6s アイフォン6  ポケットモンスター ダイカットフリップケース ピカチュウ,,"<center>
<img src=""http://image.rakuten.co.jp/kawaiikan/cabinet/item/3/page02/3-833598img01.jpg"" width=""100%"">
</center>
<br>
手帳型 ポケモン iPhoneケース<br>
ポケットモンスターの可愛いケースです。定期が入れられるカードホルダーやストラップホールといった便利なポイントもちゃんとついています。しっぽがゆらゆら揺れて、とっても愛らしい♪<br>
iPhone6、iPhone6sに対応しています。<br>
【ポケモン グッズ iphne6s アイフォン6s iphoneケース 手帳型 iPhone6 フリップ アイフォン6 キャラクター 手帳 スマホケース】<br><br><center><table width=""100%"" cellspacing=""0"" cellpadding=""15"" border=""0"" align=""center""><tr><td valign=""middle"" bgcolor=""#774d28"" align=""center""><b><font color=""#FFFFFF"">PC版で詳しく見る</font></b></td></tr></table><br></center>サイズ表<br>
パッケージサイズ：H230×W125×D23mm（台紙+PET箱）<br>
<br>
<br>
主素材：PU、ポリエステル、PC<br>
ストラップ使用：可<br>
<br><br><font color=""#336699"">■ほかの種類はこちらからチェック！</font><br><table width=""100%"" cellpadding=""8""><tr bgcolor=""#FFCCCC""><td><font size=""2"" color=""#774d28""><B>＞＞　ポケットモンスターアイテムをもっと見る</B></font></td></tr></table><br><br><font color=""#E1005B"">■おすすめ/関連商品</font><br><table width=""100%"" cellpadding=""8""><tr bgcolor=""#FFCCCC""><td><font size=""2"" color=""#774d28""><B>＞＞　ポケモングッズ一覧</B></font></td></tr></table><table width=""100%"" cellpadding=""8""><tr bgcolor=""#FFCCCC""><td><font size=""2"" color=""#774d28""><B>＞＞　iPhone6sケース・フォルム特集</B></font></td></tr></table><table width=""100%"" cellpadding=""8""><tr bgcolor=""#FFCCCC""><td><font size=""2"" color=""#774d28""><B>＞＞　ライトニングケーブル一覧</B></font></td></tr></table><table width=""100%"" cellpadding=""8""><tr bgcolor=""#FFCCCC""><td><font size=""2"" color=""#774d28""><B>＞＞　指紋認証OK！ホームボタンシール</B></font></td></tr></table>",送料無料 iPhone6s アイフォン6  ポケットモンスター ダイカットフリップケース ピカチュウ：可愛いスマホ雑貨の店＊KAWAII館,通信販売通販ショッピングオンラインショッピング買い物プレゼントギフト贈り物贈答品お中元お歳暮お買い得KAWAII館かわいい館カワイイ館可愛いスマホケースカバースマホポーチディズニーかわいい食品サンプルkawaii館雑貨販売キャラクターグッズ通販ifaceミッキー充電器iPhoneグッズ送料無料 iPhone6s アイフォン6  ポケットモンスター ダイカットフリップケース ピカチュウ,送料無料 iPhone6s アイフォン6  ポケットモンスター ダイカットフリップケース ピカチュウ[rn]
14-183769,http://tshop.r10s.jp/kawaiikan/cabinet/item/3/3-830108.jpg?fitin=700:700,2944.0000,,スマートフォン・タブレット > スマートフォンアクセサリー > スマートフォンケース,ハイキュー！！ユニバーサル・フリップカバーMサイズ 青葉城西高校 【ハイキュー/HQ/ユニフォーム 柄/ジャンプ/キャラクター/グッズ/ハイキュー セカンドシーズン/ほぼ 全機種対応/ケース/手帳型/Android/iPod touch】,,"週刊少年ジャンプで連載中のハイキュー！！のユニフォームをイメージした多機種対応ケース。エクスぺリアなど色んなスマートフォンに使えます。生地は本物のユニフォームみたいな生地感が特徴です！お気に入りの高校のユニフォームでスマホライフをもっと楽しくすごしましょ！ラインナップは烏野高校・音駒高校・青葉城西高校・梟谷学園高校の全4種です。<br>
※本商品は、現在監修中につき、仕様やデザインが変更になる場合があります。<br>
<center><br><br><br><br>
<br><B><font size=""3"">■ほかの種類はこちらからチェック！CLICK！</font></B><BR><BR></center>
<br>
適合画面サイズ：5inch以内<br>
適合スマホサイズ：約縦14×横7×厚み1cm以内<br>
パッケージサイズ：約縦18×横11×厚み3cm（PET箱+台紙）<br>
<br>

主素材：綿、ポリエステル、シリコン、鉄<br>
ストラップ使用：不可<br>
<br><br><table width=""100%"" border=""0"" cellpadding=""0"" cellspacing=""0"" bgcolor=""#ffcccc""><tr><td><br>■関連商品<br>・<B>ハイキュー</B><br>・<B>多機種対応ケース</B><br><br><center>
<center>


<img src=""http://image.rakuten.co.jp/kawaiikan/cabinet/baner/sumaho.jpg"" width=""100%"" border=""0""><br><BR>
</center>


</center></td></tr></table>",ハイキュー！！ユニバーサル・フリップカバーMサイズ 青葉城西高校 【ハイキュー/HQ/ユニフォーム 柄/ジャンプ/キャラクター/グッズ/ハイキュー セカンドシーズン/ほぼ 全機種対応/ケース/手帳型/Android/iPod touch】：可愛いスマホ雑貨の店＊KAWAII館,通信販売通販ショッピングオンラインショッピング買い物プレゼントギフト贈り物贈答品お中元お歳暮お買い得KAWAII館かわいい館カワイイ館可愛いスマホケースカバースマホポーチディズニーかわいい食品サンプルkawaii館雑貨販売キャラクターグッズ通販ifaceミッキー充電器iPhoneグッズハイキュー！！ユニバーサル・フリップカバーMサイズ 青葉城西高校 【ハイキュー/HQ/ユニフォーム 柄/ジャンプ/キャラクター/グッズ/ハイキュー セカンドシーズン/ほぼ 全機種対応/ケース/手帳型/Android/iPod touch】,ハイキュー！！ユニバーサル・フリップカバーMサイズ 青葉城西高校 【ハイキュー/HQ/ユニフォーム 柄/ジャンプ/キャラクター/グッズ/ハイキュー セカンドシーズン/ほぼ 全機種対応/ケース/手帳型/Android/iPod touch】[rn]
14-183770,http://tshop.r10s.jp/kawaiikan/cabinet/item/3/3-828761.jpg?fitin=700:700,2384.0000,,スマートフォン・タブレット > スマートフォンアクセサリー > スマートフォンケース,ポケットモンスター スマートフォン用ユニバーサル・フリップカバーMサイズ おやすみピカチュウ 【ピカチュー/ポケモン/ほぼ　全機種対応/マルチ/多機種対応/スマートフォンケース/スマホケース/iphone/Android/アンドロイド/かわいい/可愛い/グッズ】,,"色んなスマホに使える！<br>
キュートなポケモンの手帳型スマホケース<br>
<br>
ポケモンたちのイラストがキュートな、手帳型スマホケースです。<br>
各機種対応タイプなので、色んなスマホに使えます。<br>
<br>
ケースを付けたまま、写真撮影ができて便利です♪<br>
カードポケットも付いています。<br>
<br>
※ＭサイズとＬサイズがあります。各、適合機種サイズをよくご確認ください。<br>
●3%83%97&st=A&nitem=&min=&max="">M、L、iPhone6用の全種類の購入はこちらから<br>

●同じ柄の充電器はこちら<br>


<br>
パッケージ：約高さ18×横11×厚3cm<br>
<br>

主素材：PU、ポリエステル、シリコン、鉄<br>
ストラップ使用：可<br>
適合機種サイズ：縦14×横7×厚み1cm以内、または画面5インチ以内<br>
<BR><table width=""100%"" border=""0"" cellpadding=""0"" cellspacing=""0"" bgcolor=""#ffcccc""><tr><td><br>■関連商品<br>
・スマホ・iPhoneアクセサリー<br>
・多機種対応スマホケース<br>
・ポケモングッズ<br>

<br><BR><img src=""http://image.rakuten.co.jp/kawaiikan/cabinet/baner/sumaho.jpg"" width=""100%""><br><br><br></td></tr></table>",ポケットモンスター スマートフォン用ユニバーサル・フリップカバーMサイズ おやすみピカチュウ 【ピカチュー/ポケモン/ほぼ　全機種対応/マルチ/多機種対応/スマートフォンケース/スマホケース/iphone/Android/アンドロイド/かわいい/可愛い/グッズ】：可愛いスマホ雑貨の店＊KAWAII館,通信販売通販ショッピングオンラインショッピング買い物プレゼントギフト贈り物贈答品お中元お歳暮お買い得KAWAII館かわいい館カワイイ館可愛いスマホケースカバースマホポーチディズニーかわいい食品サンプルkawaii館雑貨販売キャラクターグッズ通販ifaceミッキー充電器iPhoneグッズポケットモンスター スマートフォン用ユニバーサル・フリップカバーMサイズ おやすみピカチュウ 【ピカチュー/ポケモン/ほぼ　全機種対応/マルチ/多機種対応/スマートフォンケース/スマホケース/iphone/Android/アンドロイド/かわいい/可愛い/グッズ】,ポケットモンスター スマートフォン用ユニバーサル・フリップカバーMサイズ おやすみピカチュウ 【ピカチュー/ポケモン/ほぼ　全機種対応/マルチ/多機種対応/スマートフォンケース/スマホケース/iphone/Android/アンドロイド/かわいい/可愛い/グッズ】[rn]
14-183771,http://tshop.r10s.jp/kawaiikan/cabinet/item/3/3-828785.jpg?fitin=700:700,2384.0000,,スマートフォン・タブレット > スマートフォンアクセサリー > スマートフォンケース,ポケットモンスター スマートフォン用ユニバーサル・フリップカバーMサイズ ピカチュウ ハート 【ピカチュー/ポケモン/ほぼ　全機種対応/マルチ/多機種対応/スマートフォンケース/スマホケース/iphone/Android/アンドロイド/かわいい/可愛い/グッズ】,,"色んなスマホに使える！<br>
キュートなポケモンの手帳型スマホケース<br>
<br>
ポケモンたちのイラストがキュートな、手帳型スマホケースです。<br>
各機種対応タイプなので、色んなスマホに使えます。<br>
<br>
ケースを付けたまま、写真撮影ができて便利です♪<br>
カードポケットも付いています。<br>
<br>
※ＭサイズとＬサイズがあります。各、適合機種サイズをよくご確認ください。<br>
●3%83%97&st=A&nitem=&min=&max="">M、L、iPhone6用の全種類の購入はこちらから<br>

●同じ柄の充電器はこちら<br>


<br>
パッケージ：約高さ18×横11×厚3cm<br>
<br>

主素材：PU、ポリエステル、シリコン、鉄<br>
ストラップ使用：可<br>
適合機種サイズ：縦14×横7×厚み1cm以内、または画面5インチ以内<br>
<BR><table width=""100%"" border=""0"" cellpadding=""0"" cellspacing=""0"" bgcolor=""#ffcccc""><tr><td><br>■関連商品<br>
・スマホ・iPhoneアクセサリー<br>
・多機種対応スマホケース<br>
・ポケモングッズ<br>

<br><BR><img src=""http://image.rakuten.co.jp/kawaiikan/cabinet/baner/sumaho.jpg"" width=""100%""><br><br><br></td></tr></table>",ポケットモンスター スマートフォン用ユニバーサル・フリップカバーMサイズ ピカチュウ ハート 【ピカチュー/ポケモン/ほぼ　全機種対応/マルチ/多機種対応/スマートフォンケース/スマホケース/iphone/Android/アンドロイド/かわいい/可愛い/グッズ】：可愛いスマホ雑貨の店＊KAWAII館,通信販売通販ショッピングオンラインショッピング買い物プレゼントギフト贈り物贈答品お中元お歳暮お買い得KAWAII館かわいい館カワイイ館可愛いスマホケースカバースマホポーチディズニーかわいい食品サンプルkawaii館雑貨販売キャラクターグッズ通販ifaceミッキー充電器iPhoneグッズポケットモンスター スマートフォン用ユニバーサル・フリップカバーMサイズ ピカチュウ ハート 【ピカチュー/ポケモン/ほぼ　全機種対応/マルチ/多機種対応/スマートフォンケース/スマホケース/iphone/Android/アンドロイド/かわいい/可愛い/グッズ】,3240円以上のお買物で送料無料 。ポケットモンスター スマートフォン用ユニバーサル・フリップカバーMサイズ ピカチュウ ハート 【ピカチュー/ポケモン/ほぼ　全機種対応/マルチ/多機種対応/スマートフォンケース/スマホケース/iphone/Android/アンドロイド/かわいい/可愛い/グッズ】[rn]
14-183772,http://tshop.r10s.jp/kawaiikan/cabinet/item/3_2/3-889656.jpg?fitin=700:700,2400.0000,,スマートフォン・タブレット > スマートフォンアクセサリー > スマートフォンケース,送料無料おそ松さん × サンリオ コラボ 全機種対応 手帳型スマホケース スライド カラ松 × タキシードサム 【スマートフォン カバー ケース】,,"<center>
<img src=""http://image.rakuten.co.jp/kawaiikan/cabinet/item/3/page02/3-889403img01.jpg"" width=""100%"">
</center>
<br>
おそ松さんとサンリオキャラが衝撃のコラボ！<br>
キュンキュンしちゃう♪サンリオ松グッズが大集合。 <br>
「女の子にモテない六つ子たちが、女の子にモテるサンリオキャラクターズになりたい！」というコンセプトのもと、おそ松さんとサンリオキャラクターのコラボが実現！「おそ松×ハローキティ」「カラ松×タキシードサム」「チョロ松×けろけろけろっぴ」「一松×ニャニィニュニェニョン」「十四松×ポムポムプリン」「トド松×マイメロディ」のラインナップ。<br>
サンリオ松がケースいっぱいにデザインされた各種スマホに対応のマルチケース。<br>
・ペタッとスマホを貼るだけの簡単装着。<br>
・スライド式粘着ゲル使用で、ケースに付けたまま撮影OK。<br>
・ストラップホール付き。<br>
・カードポケット×4、サイドポケット付き。<br>
・フラップはマグネットベルトで留まる。<br>
※監修中につき予告無く仕様が変更になる場合があります。あらかじめご了承ください。<br>
※本製品はマグネットが使用されております。クレジットカードなどの磁気カードを併用すると、 読み取り等ができなくなる恐れがありますので、ご注意ください。<br>
<br><br>
【グッズ コラボアイテム 公式 SANRIO サンリオキャラクターズコラボ アニメ サンリオコラボ】<br><br><center><table width=""100%"" cellspacing=""0"" cellpadding=""15"" border=""0"" align=""center""><tr><td valign=""middle"" bgcolor=""#774d28"" align=""center""><b><font color=""#FFFFFF"">PC版で詳しく見る</font></b></td></tr></table><br></center>サイズ表<br>
パッケージサイズ：約縦20×横11×厚3cm<br>
対応スマホサイズ：約縦14×横7×厚1cm以下<br>
<br>
<br>
主素材：PC、PU、ポリエステル、金属<br>
ストラップ使用：可<br>
セット内容：ケース本体<br>
<br><br><font color=""#336699"">■ほかの種類はこちらからチェック！</font><br><table width=""100%"" cellpadding=""8""><tr bgcolor=""#d7fffd""><td><font size=""2"" color=""#774d28""><B>＞＞　おそ松さん×サンリオキャラ・コラボシリーズをもっと見てみる</B></font></td></tr></table><img src=""http://image.rakuten.co.jp/kawaiikan/cabinet/baner/osomatu_kitty700180.jpg"" width=""100%""><br><br><font color=""#E1005B"">■おすすめ/関連商品</font><br><table width=""100%"" cellpadding=""8""><tr bgcolor=""#FFCCCC""><td><font size=""2"" color=""#774d28""><B>＞＞おそ松さんグッズ一覧</B></font></td></tr></table><table width=""100%"" cellpadding=""8""><tr bgcolor=""#FFCCCC""><td><font size=""2"" color=""#774d28""><B>＞＞ハローキティグッズ一覧</B></font></td></tr></table><table width=""100%"" cellpadding=""8""><tr bgcolor=""#FFCCCC""><td><font size=""2"" color=""#774d28""><B>＞＞マイメロディグッズ一覧</B></font></td></tr></table><table width=""100%"" cellpadding=""8""><tr bgcolor=""#FFCCCC""><td><font size=""2"" color=""#774d28""><B>＞＞ポムポムプリングッズ一覧</B></font></td></tr></table><table width=""100%"" cellpadding=""8""><tr bgcolor=""#FFCCCC""><td><font size=""2"" color=""#774d28""><B>＞＞パスケース一覧</B></font></td></tr></table><table width=""100%"" cellpadding=""8""><tr bgcolor=""#FFCCCC""><td><font size=""2"" color=""#774d28""><B>＞＞ポータブル充電器一覧</B></font></td></tr></table><table width=""100%"" cellpadding=""8""><tr bgcolor=""#FFCCCC""><td><font size=""2"" color=""#774d28""><B>＞＞iPhone7専用ケース一覧</B></font></td></tr></table><table width=""100%"" cellpadding=""8""><tr bgcolor=""#FFCCCC""><td><font size=""2"" color=""#774d28""><B>＞＞各種スマホ対応マルチケース一覧</B></font></td></tr></table>",送料無料おそ松さん &times; サンリオ コラボ 全機種対応 手帳型スマホケース スライド カラ松 &times; タキシードサム 【スマートフォン カバー ケース】：可愛いスマホ雑貨の店＊KAWAII館,通信販売通販ショッピングオンラインショッピング買い物プレゼントギフト贈り物贈答品お中元お歳暮お買い得KAWAII館かわいい館カワイイ館可愛いスマホケースカバースマホポーチディズニーかわいい食品サンプルkawaii館雑貨販売キャラクターグッズ通販ifaceミッキー充電器iPhoneグッズ送料無料おそ松さん &times; サンリオ コラボ 全機種対応 手帳型スマホケース スライド カラ松 &times; タキシードサム 【スマートフォン カバー ケース】,六つ子がサンリオとコラボレーション！☆。送料無料おそ松さん &times; サンリオ コラボ 全機種対応 手帳型スマホケース スライド カラ松 &times; タキシードサム 【スマートフォン カバー ケース】[rn]
14-183773,http://tshop.r10s.jp/kawaiikan/cabinet/item/3/3-889571.jpg?fitin=700:700,1600.0000,,スマートフォン・タブレット > スマートフォンアクセサリー > スマートフォンケース,iPhone7ケース おそ松さん × サンリオ コラボ ハードケース トド松 マイメロディ 【iPhone ケース アイフォン7】,,"<center>
<img src=""http://image.rakuten.co.jp/kawaiikan/cabinet/item/3/page02/3-889403img01.jpg"" width=""100%"">
</center>
<br>
おそ松さんとサンリオキャラが衝撃のコラボ！<br>
キュンキュンしちゃう♪サンリオ松グッズが大集合。 <br>
「女の子にモテない六つ子たちが、女の子にモテるサンリオキャラクターズになりたい！」というコンセプトのもと、おそ松さんとサンリオキャラクターのコラボが実現！「おそ松×ハローキティ」「カラ松×タキシードサム」「チョロ松×けろけろけろっぴ」「一松×ニャニィニュニェニョン」「十四松×ポムポムプリン」「トド松×マイメロディ」のラインナップ。<br>
透明のハードケースにサンリオ松がデザインされたiPhone7専用ケース。アップルマークを生かしたデザインがとっても可愛い！ストラップホール付きなので、お好きなストラップでカスタマイズOK。<br>
※画像はイメージです。<br>
※監修中につき予告無く仕様が変更になる場合があります。あらかじめご了承ください。<br><br>
【グッズ コラボアイテム 公式 SANRIO サンリオキャラクターズコラボ アニメ サンリオコラボ】<br><br><center><table width=""100%"" cellspacing=""0"" cellpadding=""15"" border=""0"" align=""center""><tr><td valign=""middle"" bgcolor=""#774d28"" align=""center""><b><font color=""#FFFFFF"">PC版で詳しく見る</font></b></td></tr></table><br></center>サイズ表<br>
パッケージサイズ：約縦18×横8.5×厚1.5cm<br>
<br>
<br>
主素材：PC<br>
ストラップ使用：可<br>
セット内容：ケース本体<br>
<br><br><font color=""#336699"">■ほかの種類はこちらからチェック！</font><br><table width=""100%"" cellpadding=""8""><tr bgcolor=""#d7fffd""><td><font size=""2"" color=""#774d28""><B>＞＞　おそ松さん×サンリオキャラ・コラボシリーズをもっと見てみる</B></font></td></tr></table><img src=""http://image.rakuten.co.jp/kawaiikan/cabinet/baner/osomatu_kitty700180.jpg"" width=""100%""><br><br><font color=""#E1005B"">■おすすめ/関連商品</font><br><table width=""100%"" cellpadding=""8""><tr bgcolor=""#FFCCCC""><td><font size=""2"" color=""#774d28""><B>＞＞おそ松さんグッズ一覧</B></font></td></tr></table><table width=""100%"" cellpadding=""8""><tr bgcolor=""#FFCCCC""><td><font size=""2"" color=""#774d28""><B>＞＞ハローキティグッズ一覧</B></font></td></tr></table><table width=""100%"" cellpadding=""8""><tr bgcolor=""#FFCCCC""><td><font size=""2"" color=""#774d28""><B>＞＞マイメロディグッズ一覧</B></font></td></tr></table><table width=""100%"" cellpadding=""8""><tr bgcolor=""#FFCCCC""><td><font size=""2"" color=""#774d28""><B>＞＞ポムポムプリングッズ一覧</B></font></td></tr></table><table width=""100%"" cellpadding=""8""><tr bgcolor=""#FFCCCC""><td><font size=""2"" color=""#774d28""><B>＞＞パスケース一覧</B></font></td></tr></table><table width=""100%"" cellpadding=""8""><tr bgcolor=""#FFCCCC""><td><font size=""2"" color=""#774d28""><B>＞＞ポータブル充電器一覧</B></font></td></tr></table><table width=""100%"" cellpadding=""8""><tr bgcolor=""#FFCCCC""><td><font size=""2"" color=""#774d28""><B>＞＞iPhone7専用ケース一覧</B></font></td></tr></table><table width=""100%"" cellpadding=""8""><tr bgcolor=""#FFCCCC""><td><font size=""2"" color=""#774d28""><B>＞＞各種スマホ対応マルチケース一覧</B></font></td></tr></table>",iPhone7ケース おそ松さん &times; サンリオ コラボ ハードケース トド松 マイメロディ 【iPhone ケース アイフォン7】：可愛いスマホ雑貨の店＊KAWAII館,通信販売通販ショッピングオンラインショッピング買い物プレゼントギフト贈り物贈答品お中元お歳暮お買い得KAWAII館かわいい館カワイイ館可愛いスマホケースカバースマホポーチディズニーかわいい食品サンプルkawaii館雑貨販売キャラクターグッズ通販ifaceミッキー充電器iPhoneグッズiPhone7ケース おそ松さん &times; サンリオ コラボ ハードケース トド松 マイメロディ 【iPhone ケース アイフォン7】,六つ子がサンリオとコラボレーション！。iPhone7ケース おそ松さん &times; サンリオ コラボ ハードケース トド松 マイメロディ 【iPhone ケース アイフォン7】[rn]
14-183774,http://tshop.r10s.jp/kawaiikan/cabinet/item/339/339-5246.jpg?fitin=700:700,2400.0000,,スマートフォン・タブレット > スマートフォンアクセサリー > スマートフォンケース,送料無料ポケットモンスター手帳型スマホカバー,,"<img src=""http://image.rakuten.co.jp/keitai/cabinet/kisetukate/smart/for_smartphone.jpg"" width=""100%"">
<br>
<img src=""http://image.rakuten.co.jp/keitai/cabinet/item/339/page01/339-524653img01.jpg"" width=""100%""><br><br>
世界的に人気のポケモンから各種スマホ対応フリップケースが登場☆<br>
貼るだけでピタっとスマホを装着！<br>
シンプルな白地にピカチュウがデザインされていたり、ピカチュウやモンスターボールのシルエットがデザインされたりしています♪<br>
<br>
・定期などが入るカードポケット付き！<br>
・写真撮影もケースを付けたまま可能。<br>
・ストラップホール付きなのでお好きなストラップをカスタマイズOK！<br>
<br>
<img src=""http://image.rakuten.co.jp/keitai/cabinet/item/339/page01/339-524653img03.jpg"" width=""100%""><br><br>
<img src=""http://image.rakuten.co.jp/keitai/cabinet/item/339/page01/339-524653img04.jpg"" width=""100%""><br><br>
<img src=""http://image.rakuten.co.jp/keitai/cabinet/item/339/page01/339-524653img05.jpg"" width=""100%""><br><br>
【粘着式/スライド式/ケース/手帳型/ピカチュウ/ポケモン/モンスターボール/シルエット/手帳/ケース/カバー】<br><br><center><table width=""100%"" cellspacing=""0"" cellpadding=""15"" border=""0"" align=""center""><tr><td valign=""middle"" bgcolor=""#774d28"" align=""center""><b><font color=""#FFFFFF"">PC版で詳しく見る</font></b></td></tr></table><br></center>サイズ表<br>
本体：約縦14.4×横8×厚1.9cm<br>
パッケージ：約縦18.3×横11.1×厚3.2cm<br>
<br>
<br>
主素材：PU、PE、シリコン、真鍮<br>
ストラップ使用：可<br>
セット内容：ケース本体<br>
適合機種：約縦14×横7cm以内のスマートフォン、iPhone<br>
<br><br><font color=""#336699"">■ほかの種類はこちらからチェック！</font><br><table width=""100%"" cellpadding=""8""><tr bgcolor=""#d7fffd""><td><font size=""2"" color=""#774d28""><B>＞＞　ピカチュウ アイテムを見る</B></font></td></tr></table><br><br><font color=""#E1005B"">■おすすめ/関連商品</font><br><table width=""100%"" cellpadding=""8""><tr bgcolor=""#FFCCCC""><td><font size=""2"" color=""#774d28""><B>＞＞スマホケース　マルチ対応　Mサイズ</B></font></td></tr></table><table width=""100%"" cellpadding=""8""><tr bgcolor=""#FFCCCC""><td><font size=""2"" color=""#774d28""><B>＞＞ポケットモンスター 特集</B></font></td></tr></table>",送料無料ポケットモンスター手帳型スマホカバー：可愛いスマホ雑貨の店＊KAWAII館,通信販売通販ショッピングオンラインショッピング買い物プレゼントギフト贈り物贈答品お中元お歳暮お買い得KAWAII館かわいい館カワイイ館可愛いスマホケースカバースマホポーチディズニーかわいい食品サンプルkawaii館雑貨販売キャラクターグッズ通販ifaceミッキー充電器iPhoneグッズ送料無料ポケットモンスター手帳型スマホカバー,送料無料ポケットモンスター手帳型スマホカバー[rn]
14-183775,http://tshop.r10s.jp/kawaiikan/cabinet/item/3/3-863830.jpg?fitin=700:700,2784.0000,,スマートフォン・タブレット > スマートフォンアクセサリー > スマートフォンケース,送料無料 iPhone6s アイフォン6  サンリオ エナメルフリップケース ポムポムプリン,,"<center>
<img src=""http://image.rakuten.co.jp/kawaiikan/cabinet/item/3/page02/3-863786img01.jpg"" width=""100%"">
</center>
<br>
ミラー＆たっぷりカード収納で使いやすい♪<br>
サンリオの大人かわいい手帳型ケース。<br>
サンリオの人気キャラクター、ハローキティ、マイメロディ、キキララ、ポムポムプリンが大人かわいい手帳型ケースになりました。<br>
<br>
フラップの内側には、ちょっと身だしなみをチェックしたい時にピッタリな鏡付き。<br>
カードポケット×3、マルチポケット×1付きで、よく使うカードをスマホと一緒にいつも持ち歩けちゃいます。<br>
付属のハンドストラップに腕を通して使えば落下防止に。<br>
機能的でオシャレなケースはプレゼントにもピッタリです。<br>
<br>
・iPhone 6s/6専用の手帳型ケース。<br>
・落ち着いたカラーにキャラの刺しゅうが生える大人可愛いデザイン。ワンポイントのラインストーンがキラリと輝いてオシャレ。<br>
※クレードル（卓上ホルダなど）を使用して確実に充電するには、本製品を外すことをおすすめします。<br>
※本商品は現在監修中のため、予告なく仕様が変更になる場合があります。<br><br>
【スマホケース ケース ストラップ  カバー サンリオ キャラクター 】<br><br><center><table width=""100%"" cellspacing=""0"" cellpadding=""15"" border=""0"" align=""center""><tr><td valign=""middle"" bgcolor=""#774d28"" align=""center""><b><font color=""#FFFFFF"">PC版で詳しく見る</font></b></td></tr></table><br></center>サイズ表<br>
パッケージサイズ：約縦19×横11.8×厚2.8cm<br>
<br>
<br>
主素材：綿、PC、鉄、PU、アクリル、ポリエステル<br>
<br><br><font color=""#336699"">■ほかの種類はこちらからチェック！</font><br><table width=""100%"" cellpadding=""8""><tr bgcolor=""#FFCCCC""><td><font size=""2"" color=""#774d28""><B>＞＞　サンリオのスマホケースをもっと見る</B></font></td></tr></table><br><br><font color=""#E1005B"">■おすすめ/関連商品</font><br><table width=""100%"" cellpadding=""8""><tr bgcolor=""#FFCCCC""><td><font size=""2"" color=""#774d28""><B>＞＞　サンリオ・iPhone6s/6専用ケース一覧</B></font></td></tr></table><table width=""100%"" cellpadding=""8""><tr bgcolor=""#FFCCCC""><td><font size=""2"" color=""#774d28""><B>＞＞　サンリオ・マルチケース一覧</B></font></td></tr></table><table width=""100%"" cellpadding=""8""><tr bgcolor=""#FFCCCC""><td><font size=""2"" color=""#774d28""><B>＞＞　キャラクター・マルチケース一覧</B></font></td></tr></table><table width=""100%"" cellpadding=""8""><tr bgcolor=""#FFCCCC""><td><font size=""2"" color=""#774d28""><B>＞＞　iPhone6s/iPhone6 専用ケース一覧</B></font></td></tr></table><table width=""100%"" cellpadding=""8""><tr bgcolor=""#FFCCCC""><td><font size=""2"" color=""#774d28""><B>＞＞　iPhone6s/iPhone6 専用フィルム一覧</B></font></td></tr></table><table width=""100%"" cellpadding=""8""><tr bgcolor=""#FFCCCC""><td><font size=""2"" color=""#774d28""><B>＞＞　スマホアクセサリー一覧</B></font></td></tr></table>",送料無料 iPhone6s アイフォン6  サンリオ エナメルフリップケース ポムポムプリン：可愛いスマホ雑貨の店＊KAWAII館,通信販売通販ショッピングオンラインショッピング買い物プレゼントギフト贈り物贈答品お中元お歳暮お買い得KAWAII館かわいい館カワイイ館可愛いスマホケースカバースマホポーチディズニーかわいい食品サンプルkawaii館雑貨販売キャラクターグッズ通販ifaceミッキー充電器iPhoneグッズ送料無料 iPhone6s アイフォン6  サンリオ エナメルフリップケース ポムポムプリン,可愛い！キャラクター スマホケース。送料無料 iPhone6s アイフォン6  サンリオ エナメルフリップケース ポムポムプリン[rn]
14-183776,http://tshop.r10s.jp/kawaiikan/cabinet/item/3/3-884170.jpg?fitin=700:700,2384.0000,,スマートフォン・タブレット > スマートフォンアクセサリー > スマートフォンケース,iPhone 7  サンリオ キャラクター シリコンケース ポムポムプリン,,"<center>
<img src=""http://image.rakuten.co.jp/keitai/cabinet/kisetukate/smart/for_ip7.jpg"" width=""100%"">
</center><br>
<center>
<img src=""http://image.rakuten.co.jp/kawaiikan/cabinet/item/3/page02/3-884149img01.jpg"" width=""100%"">
</center>
<br>
存在感バッチリでかわいい♪<br>
サンリオキャラクターiPhone7専用シリコンケース<br>
大人気！サンリオキャラクターからiPhone7対応のシリコンケースが登場！<br>
キャラクターが飛び出したようなダイカットケースで存在感がすごいです！<br>
ケースをつけたままライトニングケーブルやイヤホンの装着ができます♪<br>
シリコン素材特有のやわらかい柔軟性で、優れたグリップ感を実現しました。<br>
※据え置きタイプの充電台等には対応しておりません。<br>
※本製品は監修中につき、商品の仕様やデザインが変更になる場合があります。<br><br>【ポムポムプリン プリン  アイフォン7 アイホン7 iPhone 7 スマホケース スマートフォンケース スマホ シリコン iPphoneケース】<br><br><center><table width=""100%"" cellspacing=""0"" cellpadding=""15"" border=""0"" align=""center""><tr><td valign=""middle"" bgcolor=""#774d28"" align=""center""><b><font color=""#FFFFFF"">PC版で詳しく見る</font></b></td></tr></table><br></center>サイズ表<br>
パッケージサイズ：縦20cm×横9.5cm×厚2cm<br>
<br>
<br>
主素材：シリコン<br>
ストラップ使用：可<br>
パッケージ仕様：台紙＋PET箱＋ブリスター<br><br><br><font color=""#336699"">■ほかの種類はこちらからチェック！</font><br><table width=""100%"" cellpadding=""8""><tr bgcolor=""#d7fffd""><td><font size=""2"" color=""#774d28""><B>＞＞　「他のキャラクターのケース」はコチラ</B></font></td></tr></table><br>
<table width=""100%"" border=""0"" cellpadding=""5"" cellspacing=""0"">
<tr align=""center"" valign=""top"">
<td>
<img src=""http://thumbnail.image.rakuten.co.jp/@0_mall/kawaiikan/cabinet/item/3/3-884149.jpg?_ex=180x180"" width=""100%"" border=""0"" >
</td>
<td>
<img src=""http://thumbnail.image.rakuten.co.jp/@0_mall/kawaiikan/cabinet/item/3/3-884156.jpg?_ex=180x180"" width=""100%"" border=""0"" >
</td>
<td>
<img src=""http://thumbnail.image.rakuten.co.jp/@0_mall/kawaiikan/cabinet/item/3/3-884163.jpg?_ex=180x180"" width=""100%"" border=""0"" >
</td>
<td>
<img src=""http://thumbnail.image.rakuten.co.jp/@0_mall/kawaiikan/cabinet/item/3/3-884170.jpg?_ex=180x180"" width=""100%"" border=""0"" >
</td>
<td>
<img src=""http://thumbnail.image.rakuten.co.jp/@0_mall/kawaiikan/cabinet/item/3/3-884187.jpg?_ex=180x180"" width=""100%"" border=""0"" >
</td>
</tr>
</table>
<br><br><font color=""#E1005B"">■おすすめ/関連商品</font><br><table width=""100%"" cellpadding=""8""><tr bgcolor=""#FFCCCC""><td><font size=""2"" color=""#774d28""><B>＞＞「iPhone7グッズ」</B></font></td></tr></table><table width=""100%"" cellpadding=""8""><tr bgcolor=""#FFCCCC""><td><font size=""2"" color=""#774d28""><B>＞＞「ライトニングケーブル」一覧</B></font></td></tr></table><table width=""100%"" cellpadding=""8""><tr bgcolor=""#FFCCCC""><td><font size=""2"" color=""#774d28""><B>＞＞「スマホポーチ」特集</B></font></td></tr></table><table width=""100%"" cellpadding=""8""><tr bgcolor=""#FFCCCC""><td><font size=""2"" color=""#774d28""><B>＞＞「サンリオキャラクター」一覧</B></font></td></tr></table><table width=""100%"" cellpadding=""8""><tr bgcolor=""#FFCCCC""><td><font size=""2"" color=""#774d28""><B>＞＞「ポムポムプリン」グッズ一覧</B></font></td></tr></table>",iPhone 7  サンリオ キャラクター シリコンケース ポムポムプリン：可愛いスマホ雑貨の店＊KAWAII館,通信販売通販ショッピングオンラインショッピング買い物プレゼントギフト贈り物贈答品お中元お歳暮お買い得KAWAII館かわいい館カワイイ館可愛いスマホケースカバースマホポーチディズニーかわいい食品サンプルkawaii館雑貨販売キャラクターグッズ通販ifaceミッキー充電器iPhoneグッズiPhone 7  サンリオ キャラクター シリコンケース ポムポムプリン,3240円以上のお買物で送料無料。iPhone 7  サンリオ キャラクター シリコンケース ポムポムプリン[rn]
14-183777,http://tshop.r10s.jp/kawaiikan/cabinet/item/362/362-191253.jpg?fitin=700:700,1600.0000,,スマートフォン・タブレット > スマートフォンアクセサリー > スマートフォンケース,iPhone6s アイフォン6  おさるのジョージ iPhoneケース ドクショ/レッド,,"<center>
<img src=""http://image.rakuten.co.jp/keitai/cabinet/kisetukate/smart/for_ip6s_6.jpg"" width=""100%"">
</center><br>
<center>
<img src=""http://image.rakuten.co.jp/kawaiikan/cabinet/item/362/page01/362-191185img01.jpg"" width=""100%"">
</center>
<br>
知りたがりやのこざる。おさるのジョージ<br>
カラフルなiPhone6s/6専用スマホケース<br>
人気絵本、「おさるのジョージ」からかわいいiPhone6s/6専用のスマホケースが登場！<br>
ジョージはいつでも好奇心でいっぱい！<br>
これはなあに？あれはなんだろう？この中には何があるのかな？<br>
見て、さわって、たしかめてみたくてたまりません。<br>
そんなジョージのかわいい姿をスマホケースにプリントしました♪<br>
<br>
素材はポリカーボネートなので耐久性に優れ、装着してもスリムなフォルムが特長です。<br>
【おさるのジョージ/アイフォン6s/アイフォン6/iphone6/iphone6s/iphoneケース/ケース/カバー/ジョージ/絵本/Curious George/ハンス・アウグスト・レイ/カラフル/かわいい/可愛い】<br><br><center><table width=""100%"" cellspacing=""0"" cellpadding=""15"" border=""0"" align=""center""><tr><td valign=""middle"" bgcolor=""#774d28"" align=""center""><b><font color=""#FFFFFF"">PC版で詳しく見る</font></b></td></tr></table><br></center><br>
<br>
主素材：PC（ポリカーボネイト）<br>
ストラップ仕様：不可<br>
<br><br><font color=""#336699"">■ほかの種類はこちらからチェック！</font><br><table width=""100%"" cellpadding=""8""><tr bgcolor=""#d7fffd""><td><font size=""2"" color=""#774d28""><B>＞＞　他のカラーはコチラ</B></font></td></tr></table><br><br><font color=""#E1005B"">■おすすめ/関連商品</font><br><table width=""100%"" cellpadding=""8""><tr bgcolor=""#FFCCCC""><td><font size=""2"" color=""#774d28""><B>＞＞iPhone6sケース・フィルム特集</B></font></td></tr></table><table width=""100%"" cellpadding=""8""><tr bgcolor=""#FFCCCC""><td><font size=""2"" color=""#774d28""><B>＞＞おさるのジョージ　特集</B></font></td></tr></table>",iPhone6s アイフォン6  おさるのジョージ iPhoneケース ドクショ/レッド：可愛いスマホ雑貨の店＊KAWAII館,通信販売通販ショッピングオンラインショッピング買い物プレゼントギフト贈り物贈答品お中元お歳暮お買い得KAWAII館かわいい館カワイイ館可愛いスマホケースカバースマホポーチディズニーかわいい食品サンプルkawaii館雑貨販売キャラクターグッズ通販ifaceミッキー充電器iPhoneグッズiPhone6s アイフォン6  おさるのジョージ iPhoneケース ドクショ/レッド,3240円以上のお買物で送料無料。iPhone6s アイフォン6  おさるのジョージ iPhoneケース ドクショ/レッド[rn]
14-183778,http://tshop.r10s.jp/kawaiikan/cabinet/item/362/362-191192.jpg?fitin=700:700,1600.0000,,スマートフォン・タブレット > スマートフォンアクセサリー > スマートフォンケース,iPhone6s アイフォン6  おさるのジョージ iPhoneケース ウチュウ/ブルー,,"<center>
<img src=""http://image.rakuten.co.jp/keitai/cabinet/kisetukate/smart/for_ip6s_6.jpg"" width=""100%"">
</center><br>
<center>
<img src=""http://image.rakuten.co.jp/kawaiikan/cabinet/item/362/page01/362-191185img01.jpg"" width=""100%"">
</center>
<br>
知りたがりやのこざる。おさるのジョージ<br>
カラフルなiPhone6s/6専用スマホケース<br>
人気絵本、「おさるのジョージ」からかわいいiPhone6s/6専用のスマホケースが登場！<br>
ジョージはいつでも好奇心でいっぱい！<br>
これはなあに？あれはなんだろう？この中には何があるのかな？<br>
見て、さわって、たしかめてみたくてたまりません。<br>
そんなジョージのかわいい姿をスマホケースにプリントしました♪<br>
<br>
素材はポリカーボネートなので耐久性に優れ、装着してもスリムなフォルムが特長です。<br>
【おさるのジョージ/アイフォン6s/アイフォン6/iphone6/iphone6s/iphoneケース/ケース/カバー/ジョージ/絵本/Curious George/ハンス・アウグスト・レイ/カラフル/かわいい/可愛い】<br><br><center><table width=""100%"" cellspacing=""0"" cellpadding=""15"" border=""0"" align=""center""><tr><td valign=""middle"" bgcolor=""#774d28"" align=""center""><b><font color=""#FFFFFF"">PC版で詳しく見る</font></b></td></tr></table><br></center><br>
<br>
主素材：PC（ポリカーボネイト）<br>
ストラップ仕様：不可<br>
<br><br><font color=""#336699"">■ほかの種類はこちらからチェック！</font><br><table width=""100%"" cellpadding=""8""><tr bgcolor=""#d7fffd""><td><font size=""2"" color=""#774d28""><B>＞＞　他のカラーはコチラ</B></font></td></tr></table><br><br><font color=""#E1005B"">■おすすめ/関連商品</font><br><table width=""100%"" cellpadding=""8""><tr bgcolor=""#FFCCCC""><td><font size=""2"" color=""#774d28""><B>＞＞iPhone6sケース・フィルム特集</B></font></td></tr></table><table width=""100%"" cellpadding=""8""><tr bgcolor=""#FFCCCC""><td><font size=""2"" color=""#774d28""><B>＞＞おさるのジョージ　特集</B></font></td></tr></table>",iPhone6s アイフォン6  おさるのジョージ iPhoneケース ウチュウ/ブルー：可愛いスマホ雑貨の店＊KAWAII館,通信販売通販ショッピングオンラインショッピング買い物プレゼントギフト贈り物贈答品お中元お歳暮お買い得KAWAII館かわいい館カワイイ館可愛いスマホケースカバースマホポーチディズニーかわいい食品サンプルkawaii館雑貨販売キャラクターグッズ通販ifaceミッキー充電器iPhoneグッズiPhone6s アイフォン6  おさるのジョージ iPhoneケース ウチュウ/ブルー,3240円以上のお買物で送料無料。iPhone6s アイフォン6  おさるのジョージ iPhoneケース ウチュウ/ブルー[rn]
14-183779,http://tshop.r10s.jp/kawaiikan/cabinet/item/362/362-191222.jpg?fitin=700:700,1600.0000,,スマートフォン・タブレット > スマートフォンアクセサリー > スマートフォンケース,iPhone6s アイフォン6  おさるのジョージ iPhoneケース タマノリ/ブラック,,"<center>
<img src=""http://image.rakuten.co.jp/keitai/cabinet/kisetukate/smart/for_ip6s_6.jpg"" width=""100%"">
</center><br>
<center>
<img src=""http://image.rakuten.co.jp/kawaiikan/cabinet/item/362/page01/362-191185img01.jpg"" width=""100%"">
</center>
<br>
知りたがりやのこざる。おさるのジョージ<br>
カラフルなiPhone6s/6専用スマホケース<br>
人気絵本、「おさるのジョージ」からかわいいiPhone6s/6専用のスマホケースが登場！<br>
ジョージはいつでも好奇心でいっぱい！<br>
これはなあに？あれはなんだろう？この中には何があるのかな？<br>
見て、さわって、たしかめてみたくてたまりません。<br>
そんなジョージのかわいい姿をスマホケースにプリントしました♪<br>
<br>
素材はポリカーボネートなので耐久性に優れ、装着してもスリムなフォルムが特長です。<br>
【おさるのジョージ/アイフォン6s/アイフォン6/iphone6/iphone6s/iphoneケース/ケース/カバー/ジョージ/絵本/Curious George/ハンス・アウグスト・レイ/カラフル/かわいい/可愛い】<br><br><center><table width=""100%"" cellspacing=""0"" cellpadding=""15"" border=""0"" align=""center""><tr><td valign=""middle"" bgcolor=""#774d28"" align=""center""><b><font color=""#FFFFFF"">PC版で詳しく見る</font></b></td></tr></table><br></center><br>
<br>
主素材：PC（ポリカーボネイト）<br>
ストラップ仕様：不可<br>
<br><br><font color=""#336699"">■ほかの種類はこちらからチェック！</font><br><table width=""100%"" cellpadding=""8""><tr bgcolor=""#d7fffd""><td><font size=""2"" color=""#774d28""><B>＞＞　他のカラーはコチラ</B></font></td></tr></table><br><br><font color=""#E1005B"">■おすすめ/関連商品</font><br><table width=""100%"" cellpadding=""8""><tr bgcolor=""#FFCCCC""><td><font size=""2"" color=""#774d28""><B>＞＞iPhone6sケース・フィルム特集</B></font></td></tr></table><table width=""100%"" cellpadding=""8""><tr bgcolor=""#FFCCCC""><td><font size=""2"" color=""#774d28""><B>＞＞おさるのジョージ　特集</B></font></td></tr></table>",iPhone6s アイフォン6  おさるのジョージ iPhoneケース タマノリ/ブラック：可愛いスマホ雑貨の店＊KAWAII館,通信販売通販ショッピングオンラインショッピング買い物プレゼントギフト贈り物贈答品お中元お歳暮お買い得KAWAII館かわいい館カワイイ館可愛いスマホケースカバースマホポーチディズニーかわいい食品サンプルkawaii館雑貨販売キャラクターグッズ通販ifaceミッキー充電器iPhoneグッズiPhone6s アイフォン6  おさるのジョージ iPhoneケース タマノリ/ブラック,3240円以上のお買物で送料無料。iPhone6s アイフォン6  おさるのジョージ iPhoneケース タマノリ/ブラック[rn]
14-183780,http://tshop.r10s.jp/kawaiikan/cabinet/item/3/3-863212.jpg?fitin=700:700,2784.0000,,スマートフォン・タブレット > スマートフォンアクセサリー > スマートフォンケース,送料無料iPhone7 ケース ピーターラビット 手帳型 フリップカバー ブルー 【うさぎ iphone 7 アイフォン7 カバー】,,"<center>
<img src=""http://image.rakuten.co.jp/keitai/cabinet/kisetukate/smart/for_ip7.jpg"" width=""100%"">
</center><br>
<center>
<img src=""http://image.rakuten.co.jp/kawaiikan/cabinet/item/3/page02/3-863205img01.jpg"" width=""100%"">
</center>
<br>
アンティーク風フレームパーツがオシャレ。<br>
ピーターラビットのハンドストラップ付き手帳型ケース<br>
2016年はピーターラビットの作者、ビアトリクス・ポター生誕150周年。そんな世界中で愛されるピーターラビットがiPhone 7専用の手帳型ケースになりました。フラップ部分に付いたアンティーク風フレームパーツがオシャレ。背面にはキャラクターが素押しでデザインされています。<br>
内側にはカードポケット×3、サイドポケット付き。付属のハンドストラップに手を通せば落下防止になります。ストラップホールつきなので、お好きなストラップでカスタマイズOK。<br>
小さい頃に絵本で読んだピーターラビットの優しい世界を、スマホと一緒にいつも持ち歩きましょう♪<br>
※クレードル（卓上ホルダなど）を使用して確実に充電するには、本製品を外すことをおすすめします。<br><br>
【Peter Rabbit/キャラクター/ケース/グッズ】<br><br><center><table width=""100%"" cellspacing=""0"" cellpadding=""15"" border=""0"" align=""center""><tr><td valign=""middle"" bgcolor=""#774d28"" align=""center""><b><font color=""#FFFFFF"">PC版で詳しく見る</font></b></td></tr></table><br></center>サイズ表<br>
パッケージサイズ：約縦20.4×横11.6×厚2.8cm<br>
<br>
<br>
主素材：PU、PC、金属、チェコガラス<br>
セット内容：ケース本体<br>
ストラップ使用：可<br>
<br><br><font color=""#336699"">■ほかの種類はこちらからチェック！</font><br><table width=""100%"" cellpadding=""8""><tr bgcolor=""#d7fffd""><td><font size=""2"" color=""#774d28""><B>＞＞　ピーターラビット・グッズをもっと見る</B></font></td></tr></table><br><br><font color=""#E1005B"">■おすすめ/関連商品</font><br><table width=""100%"" cellpadding=""8""><tr bgcolor=""#FFCCCC""><td><font size=""2"" color=""#774d28""><B>＞＞ピーターラビット・グッズ一覧</B></font></td></tr></table><table width=""100%"" cellpadding=""8""><tr bgcolor=""#FFCCCC""><td><font size=""2"" color=""#774d28""><B>＞＞iPhone7専用ケース一覧</B></font></td></tr></table><table width=""100%"" cellpadding=""8""><tr bgcolor=""#FFCCCC""><td><font size=""2"" color=""#774d28""><B>＞＞iPhone7専用フィルム一覧</B></font></td></tr></table><table width=""100%"" cellpadding=""8""><tr bgcolor=""#FFCCCC""><td><font size=""2"" color=""#774d28""><B>＞＞iPhone7対応アクセサリー一覧</B></font></td></tr></table>",送料無料iPhone7 ケース ピーターラビット 手帳型 フリップカバー ブルー 【うさぎ iphone 7 アイフォン7 カバー】：可愛いスマホ雑貨の店＊KAWAII館,通信販売通販ショッピングオンラインショッピング買い物プレゼントギフト贈り物贈答品お中元お歳暮お買い得KAWAII館かわいい館カワイイ館可愛いスマホケースカバースマホポーチディズニーかわいい食品サンプルkawaii館雑貨販売キャラクターグッズ通販ifaceミッキー充電器iPhoneグッズ送料無料iPhone7 ケース ピーターラビット 手帳型 フリップカバー ブルー 【うさぎ iphone 7 アイフォン7 カバー】,送料無料iPhone7 ケース ピーターラビット 手帳型 フリップカバー ブルー 【うさぎ iphone 7 アイフォン7 カバー】[rn]
14-183781,http://tshop.r10s.jp/kawaiikan/cabinet/item/3/3-863205.jpg?fitin=700:700,2784.0000,,スマートフォン・タブレット > スマートフォンアクセサリー > スマートフォンケース,送料無料iPhone7 ケース ピーターラビット 手帳型 フリップカバー レッド 【うさぎ iphone 7 アイフォン7 カバー】,,"<center>
<img src=""http://image.rakuten.co.jp/keitai/cabinet/kisetukate/smart/for_ip7.jpg"" width=""100%"">
</center><br>
<center>
<img src=""http://image.rakuten.co.jp/kawaiikan/cabinet/item/3/page02/3-863205img01.jpg"" width=""100%"">
</center>
<br>
アンティーク風フレームパーツがオシャレ。<br>
ピーターラビットのハンドストラップ付き手帳型ケース<br>
2016年はピーターラビットの作者、ビアトリクス・ポター生誕150周年。そんな世界中で愛されるピーターラビットがiPhone 7専用の手帳型ケースになりました。フラップ部分に付いたアンティーク風フレームパーツがオシャレ。背面にはキャラクターが素押しでデザインされています。<br>
内側にはカードポケット×3、サイドポケット付き。付属のハンドストラップに手を通せば落下防止になります。ストラップホールつきなので、お好きなストラップでカスタマイズOK。<br>
小さい頃に絵本で読んだピーターラビットの優しい世界を、スマホと一緒にいつも持ち歩きましょう♪<br>
※クレードル（卓上ホルダなど）を使用して確実に充電するには、本製品を外すことをおすすめします。<br><br>
【Peter Rabbit/キャラクター/ケース/グッズ】<br><br><center><table width=""100%"" cellspacing=""0"" cellpadding=""15"" border=""0"" align=""center""><tr><td valign=""middle"" bgcolor=""#774d28"" align=""center""><b><font color=""#FFFFFF"">PC版で詳しく見る</font></b></td></tr></table><br></center>サイズ表<br>
パッケージサイズ：約縦20.4×横11.6×厚2.8cm<br>
<br>
<br>
主素材：PU、PC、金属、チェコガラス<br>
セット内容：ケース本体<br>
ストラップ使用：可<br>
<br><br><font color=""#336699"">■ほかの種類はこちらからチェック！</font><br><table width=""100%"" cellpadding=""8""><tr bgcolor=""#d7fffd""><td><font size=""2"" color=""#774d28""><B>＞＞　ピーターラビット・グッズをもっと見る</B></font></td></tr></table><br><br><font color=""#E1005B"">■おすすめ/関連商品</font><br><table width=""100%"" cellpadding=""8""><tr bgcolor=""#FFCCCC""><td><font size=""2"" color=""#774d28""><B>＞＞ピーターラビット・グッズ一覧</B></font></td></tr></table><table width=""100%"" cellpadding=""8""><tr bgcolor=""#FFCCCC""><td><font size=""2"" color=""#774d28""><B>＞＞iPhone7専用ケース一覧</B></font></td></tr></table><table width=""100%"" cellpadding=""8""><tr bgcolor=""#FFCCCC""><td><font size=""2"" color=""#774d28""><B>＞＞iPhone7専用フィルム一覧</B></font></td></tr></table><table width=""100%"" cellpadding=""8""><tr bgcolor=""#FFCCCC""><td><font size=""2"" color=""#774d28""><B>＞＞iPhone7対応アクセサリー一覧</B></font></td></tr></table>",送料無料iPhone7 ケース ピーターラビット 手帳型 フリップカバー レッド 【うさぎ iphone 7 アイフォン7 カバー】：可愛いスマホ雑貨の店＊KAWAII館,通信販売通販ショッピングオンラインショッピング買い物プレゼントギフト贈り物贈答品お中元お歳暮お買い得KAWAII館かわいい館カワイイ館可愛いスマホケースカバースマホポーチディズニーかわいい食品サンプルkawaii館雑貨販売キャラクターグッズ通販ifaceミッキー充電器iPhoneグッズ送料無料iPhone7 ケース ピーターラビット 手帳型 フリップカバー レッド 【うさぎ iphone 7 アイフォン7 カバー】,送料無料iPhone7 ケース ピーターラビット 手帳型 フリップカバー レッド 【うさぎ iphone 7 アイフォン7 カバー】[rn]
14-183782,http://tshop.r10s.jp/kawaiikan/cabinet/item/3/3-863151.jpg?fitin=700:700,1600.0000,,スマートフォン・タブレット > スマートフォンアクセサリー > スマートフォンケース,iPhone7 ケース ピーターラビットハードケース 花柄 【うさぎ iphone 7 アイフォン7 カバー】,,"<center>
<img src=""http://image.rakuten.co.jp/keitai/cabinet/kisetukate/smart/for_ip7.jpg"" width=""100%"">
</center><br>
<center>
<img src=""http://image.rakuten.co.jp/kawaiikan/cabinet/item/3/page02/3-863144img01.jpg"" width=""100%"">
</center>
<br>
ピーターラビットの優しい世界が広がる、<br>
ストラップホール付きiPhone7専用ケース。<br>
2016年はピーターラビットの作者、ビアトリクス・ポター生誕150周年。そんな世界中で愛されるピーターラビットがiPhone 7専用のハードケースになりました。キズを防ぎ、軽微な振動や衝撃から守ります。ストラップホールつきなので、お好きなストラップでカスタマイズOK。<br>
小さい頃に絵本で読んだピーターラビットの優しい世界を、スマホと一緒にいつも持ち歩きましょう♪<br>
※クレードル（卓上ホルダなど）を使用して確実に充電するには、本製品を外すことをおすすめします。<br><br>
【Peter Rabbit/キャラクター/ケース/グッズ】<br><br><center><table width=""100%"" cellspacing=""0"" cellpadding=""15"" border=""0"" align=""center""><tr><td valign=""middle"" bgcolor=""#774d28"" align=""center""><b><font color=""#FFFFFF"">PC版で詳しく見る</font></b></td></tr></table><br></center>サイズ表<br>
パッケージサイズ：約縦18×横8.5×厚1.5cm<br>
<br>
<br>
主素材：PC、PET<br>
セット内容：ケース本体<br>
ストラップ使用：可<br>
<br><br><font color=""#336699"">■ほかの種類はこちらからチェック！</font><br><table width=""100%"" cellpadding=""8""><tr bgcolor=""#d7fffd""><td><font size=""2"" color=""#774d28""><B>＞＞　ピーターラビット・グッズをもっと見る</B></font></td></tr></table><br><br><font color=""#E1005B"">■おすすめ/関連商品</font><br><table width=""100%"" cellpadding=""8""><tr bgcolor=""#FFCCCC""><td><font size=""2"" color=""#774d28""><B>＞＞ピーターラビット・グッズ一覧</B></font></td></tr></table><table width=""100%"" cellpadding=""8""><tr bgcolor=""#FFCCCC""><td><font size=""2"" color=""#774d28""><B>＞＞iPhone7専用ケース一覧</B></font></td></tr></table><table width=""100%"" cellpadding=""8""><tr bgcolor=""#FFCCCC""><td><font size=""2"" color=""#774d28""><B>＞＞iPhone7専用フィルム一覧</B></font></td></tr></table><table width=""100%"" cellpadding=""8""><tr bgcolor=""#FFCCCC""><td><font size=""2"" color=""#774d28""><B>＞＞iPhone7対応アクセサリー一覧</B></font></td></tr></table>",iPhone7 ケース ピーターラビットハードケース 花柄 【うさぎ iphone 7 アイフォン7 カバー】：可愛いスマホ雑貨の店＊KAWAII館,通信販売通販ショッピングオンラインショッピング買い物プレゼントギフト贈り物贈答品お中元お歳暮お買い得KAWAII館かわいい館カワイイ館可愛いスマホケースカバースマホポーチディズニーかわいい食品サンプルkawaii館雑貨販売キャラクターグッズ通販ifaceミッキー充電器iPhoneグッズiPhone7 ケース ピーターラビットハードケース 花柄 【うさぎ iphone 7 アイフォン7 カバー】,3240円以上のお買物で送料無料。iPhone7 ケース ピーターラビットハードケース 花柄 【うさぎ iphone 7 アイフォン7 カバー】[rn]
14-183783,http://tshop.r10s.jp/kawaiikan/cabinet/item/19/19-8632.jpg?fitin=700:700,1920.0000,,スマートフォン・タブレット > スマートフォンアクセサリー > スマートフォンケース,iPhone6s アイフォン6  MARVEL/マーベル コミック ダイアリーケース【MARVELCorner】,,"<center>
<img src=""http://image.rakuten.co.jp/keitai/cabinet/item/19/page01/19-863206img01.jpg"" width=""100%"">
</center><br>
「MARVEL」のヒーローが大集合！<br>
「マーベルコミック」の世界がダイアリーケースになりました。<br>
外側はコミックの表紙の様なデザインで超クール！<br>
内側はキャプテン・アメリカ、アイアンマン、スパイダーマン、アベンジャーズが<br>
大活躍しているシーンを再現しています。<br>
どこを見てもワクワクするケースは、ファンならずとも胸が高まってしまうはず！<br>
<br>
・iPhone 6s/6専用ダイアリーケース<br>
・ケース内側にカードポケット×2、サイドポケット×1付き。<br>
・しっかり閉まるボタン付きベルト採用<br>
・ストラップホール付きでカスタマイズ自在 <br>
<br>
<center>
<img src=""http://image.rakuten.co.jp/keitai/cabinet/item/19/page01/19-863206img03.jpg"" width=""100%"">
</center><br>

<center>
<img src=""http://image.rakuten.co.jp/keitai/cabinet/item/19/page01/19-863206img04.jpg"" width=""100%"">
</center><br>
<center>
<img src=""http://image.rakuten.co.jp/keitai/cabinet/item/19/page01/19-863206img05.jpg"" width=""100%"">
</center><br>
<center>
<img src=""http://image.rakuten.co.jp/keitai/cabinet/item/19/page01/19-863206img06.jpg"" width=""100%"">
</center><br>
<center>
<img src=""http://image.rakuten.co.jp/keitai/cabinet/item/19/page01/19-863206img07.jpg"" width=""100%"">
</center><br>
<center>
<img src=""http://image.rakuten.co.jp/keitai/cabinet/item/19/page01/19-863206img12.jpg"" width=""100%"">
</center><br>
<center>
<img src=""http://image.rakuten.co.jp/keitai/cabinet/item/19/page01/19-863206img13.jpg"" width=""100%"">
</center><br>
<center>
<img src=""http://image.rakuten.co.jp/keitai/cabinet/item/19/page01/19-863206img14.jpg"" width=""100%"">
</center><br>
<center>
<img src=""http://image.rakuten.co.jp/keitai/cabinet/item/19/page01/19-863206img15.jpg"" width=""100%"">
</center><br>
※クレードル（卓上ホルダなど）を使用して確実に充電するには、本製品を外すことをおすすめします。<br><br>【MARVELCorner】【マーベルコミック キャプテン アメリカ アイアンマン スパイダーマン アベンジャーズ 手帳型 ケース アイフォン6s iphoneケース アメコミ コミック柄】<br><br><center><table width=""100%"" cellspacing=""0"" cellpadding=""15"" border=""0"" align=""center""><tr><td valign=""middle"" bgcolor=""#774d28"" align=""center""><b><font color=""#FFFFFF"">PC版で詳しく見る</font></b></td></tr></table><br></center>サイズ表<br>
本体：約縦15×横7.5×厚2.1cm<br>
パッケージ：約縦18.2×横10×厚2.6cm<br>
<br>
<br>
主素材：ポリウレタン<br>
ストラップ使用：可<br>
セット内容：ケース本体<br>
<br><br><font color=""#E1005B"">■おすすめ/関連商品</font><br><table width=""100%"" cellpadding=""8""><tr bgcolor=""#FFCCCC""><td><font size=""2"" color=""#774d28""><B>＞＞　手帳型iPhone6ケース</B></font></td></tr></table><table width=""100%"" cellpadding=""8""><tr bgcolor=""#FFCCCC""><td><font size=""2"" color=""#774d28""><B>＞＞　アメコミ</B></font></td></tr></table><table width=""100%"" cellpadding=""8""><tr bgcolor=""#FFCCCC""><td><font size=""2"" color=""#774d28""><B>＞＞　アイアンマン</B></font></td></tr></table><table width=""100%"" cellpadding=""8""><tr bgcolor=""#FFCCCC""><td><font size=""2"" color=""#774d28""><B>＞＞　MARVEL/マーベル</B></font></td></tr></table><BR><BR>
<img src=""http://image.rakuten.co.jp/kawaiikan/cabinet/baner/marvel_700150.jpg"" alt="" height=""300"" width=""100%""><BR><BR>
<img src=""http://image.rakuten.co.jp/kawaiikan/cabinet/baner/276-874806_700150k.jpg"" alt="" height=""300"" width=""100%""><BR><BR>",iPhone6s アイフォン6  MARVEL/マーベル コミック ダイアリーケース【MARVELCorner】：可愛いスマホ雑貨の店＊KAWAII館,通信販売通販ショッピングオンラインショッピング買い物プレゼントギフト贈り物贈答品お中元お歳暮お買い得KAWAII館かわいい館カワイイ館可愛いスマホケースカバースマホポーチディズニーかわいい食品サンプルkawaii館雑貨販売キャラクターグッズ通販ifaceミッキー充電器iPhoneグッズiPhone6s アイフォン6  MARVEL/マーベル コミック ダイアリーケース【MARVELCorner】,Hamee マーベル グッズ iPhoneケース 手帳型。iPhone6s アイフォン6  MARVEL/マーベル コミック ダイアリーケース【MARVELCorner】[rn]
14-183784,http://tshop.r10s.jp/kawaiikan/cabinet/item/41_3/41-8747.jpg?fitin=700:700,2880.0000,,スマートフォン・タブレット > スマートフォンアクセサリー > スマートフォンケース,送料無料 iPhone6s アイフォン6  MARVEL/マーベル デッドプール iface First Classケース【MARVELCorner】,,"<center>
<img src=""http://image.rakuten.co.jp/keitai/cabinet/item/196/page01/196-198643img10.jpg"">
</center><br>
<center>
<img src=""http://image.rakuten.co.jp/keitai/cabinet/item/41/page02/41-874707img01.jpg"" width=""100%"">
</center><br>

不死身で異色のヒーロー「デッドプール」デザインのiFace First Classが登場！<br>
「MARVEL」のロゴを第4の壁を越えて出てきている柄や、クールな「デッドプール」のロゴ、<br>
大迫力のアクションを描いているコミック柄など、どの柄もワクワクすること間違いなし！<br>
<br>
iFace First Classは、女性のSラインをイメージした、なめらかな曲線が特徴的。<br>
その独特の形状が手にフィットし、とても持ちやすく操作時の安定感が増します。<br>
ポリカーボネートとTPU、2つの素材の特長を生かし、傷や衝撃からiPhoneを保護します。<br>
<br>
<center>
<img src=""http://www.rakuten.ne.jp/gold/keitai/sphone/img/41-8747_2.jpg"" width=""100%"">
</center><br>

<center>
<img src=""http://image.rakuten.co.jp/keitai/cabinet/item/41/page02/41-874707img07.jpg"" width=""100%""><br><br>

<img src=""http://image.rakuten.co.jp/keitai/cabinet/syapage/licence_0201.jpg"" width=""100%""><br><br>
</center><br>
※液晶面にガラスフィルム等を装着すると、フィルムの形状によっては本製品と干渉する場合がございます。<br><br>
【デッドプール iphone/marvel iphoneケース/marvel 総柄/マーベル kawaii/アイフェイス/アイフォン6/iPhone6/ブラック/黒/可愛い/かわいい】<br><br><center><table width=""100%"" cellspacing=""0"" cellpadding=""15"" border=""0"" align=""center""><tr><td valign=""middle"" bgcolor=""#774d28"" align=""center""><b><font color=""#FFFFFF"">PC版で詳しく見る</font></b></td></tr></table><br></center>サイズ表<br>
本体：約縦15×横7.6×厚1cm<br>
パッケージ：約縦20.7×横11.1×厚2.5cm<br>
<br>
<br>
主素材：TPU、ポリカーボネート<br>
ストラップ使用：可<br>
セット内容：ケース本体<br>
<br><br><font color=""#E1005B"">■おすすめ/関連商品</font><br><table width=""100%"" cellpadding=""8""><tr bgcolor=""#FFCCCC""><td><font size=""2"" color=""#774d28""><B>＞＞　iPhone6用iFace</B></font></td></tr></table><table width=""100%"" cellpadding=""8""><tr bgcolor=""#FFCCCC""><td><font size=""2"" color=""#774d28""><B>＞＞　アメコミ</B></font></td></tr></table><table width=""100%"" cellpadding=""8""><tr bgcolor=""#FFCCCC""><td><font size=""2"" color=""#774d28""><B>＞＞　MARVEL/マーベル</B></font></td></tr></table><BR><BR>
<img src=""http://image.rakuten.co.jp/kawaiikan/cabinet/baner/marvel_700150.jpg"" alt="" height=""300"" width=""100%""><BR><BR>
<img src=""http://image.rakuten.co.jp/kawaiikan/cabinet/baner/276-873502_700150ifa.jpg"" width=""100%""><BR><BR>",送料無料 iPhone6s アイフォン6  MARVEL/マーベル デッドプール iface First Classケース【MARVELCorner】：可愛いスマホ雑貨の店＊KAWAII館,通信販売通販ショッピングオンラインショッピング買い物プレゼントギフト贈り物贈答品お中元お歳暮お買い得KAWAII館かわいい館カワイイ館可愛いスマホケースカバースマホポーチディズニーかわいい食品サンプルkawaii館雑貨販売キャラクターグッズ通販ifaceミッキー充電器iPhoneグッズ送料無料 iPhone6s アイフォン6  MARVEL/マーベル デッドプール iface First Classケース【MARVELCorner】,送料無料 iPhone6s アイフォン6  MARVEL/マーベル デッドプール iface First Classケース【MARVELCorner】[rn]
14-183785,http://tshop.r10s.jp/kawaiikan/cabinet/item/3/3-863144.jpg?fitin=700:700,1600.0000,,スマートフォン・タブレット > スマートフォンアクセサリー > スマートフォンケース,iPhone7 ケース ピーターラビットハードケース 総柄 【うさぎ iphone 7 アイフォン7 カバー】,,"<center>
<img src=""http://image.rakuten.co.jp/keitai/cabinet/kisetukate/smart/for_ip7.jpg"" width=""100%"">
</center><br>
<center>
<img src=""http://image.rakuten.co.jp/kawaiikan/cabinet/item/3/page02/3-863144img01.jpg"" width=""100%"">
</center>
<br>
ピーターラビットの優しい世界が広がる、<br>
ストラップホール付きiPhone7専用ケース。<br>
2016年はピーターラビットの作者、ビアトリクス・ポター生誕150周年。そんな世界中で愛されるピーターラビットがiPhone 7専用のハードケースになりました。キズを防ぎ、軽微な振動や衝撃から守ります。ストラップホールつきなので、お好きなストラップでカスタマイズOK。<br>
小さい頃に絵本で読んだピーターラビットの優しい世界を、スマホと一緒にいつも持ち歩きましょう♪<br>
※クレードル（卓上ホルダなど）を使用して確実に充電するには、本製品を外すことをおすすめします。<br><br>
【Peter Rabbit/キャラクター/ケース/グッズ】<br><br><center><table width=""100%"" cellspacing=""0"" cellpadding=""15"" border=""0"" align=""center""><tr><td valign=""middle"" bgcolor=""#774d28"" align=""center""><b><font color=""#FFFFFF"">PC版で詳しく見る</font></b></td></tr></table><br></center>サイズ表<br>
パッケージサイズ：約縦18×横8.5×厚1.5cm<br>
<br>
<br>
主素材：PC、PET<br>
セット内容：ケース本体<br>
ストラップ使用：可<br>
<br><br><font color=""#336699"">■ほかの種類はこちらからチェック！</font><br><table width=""100%"" cellpadding=""8""><tr bgcolor=""#d7fffd""><td><font size=""2"" color=""#774d28""><B>＞＞　ピーターラビット・グッズをもっと見る</B></font></td></tr></table><br><br><font color=""#E1005B"">■おすすめ/関連商品</font><br><table width=""100%"" cellpadding=""8""><tr bgcolor=""#FFCCCC""><td><font size=""2"" color=""#774d28""><B>＞＞ピーターラビット・グッズ一覧</B></font></td></tr></table><table width=""100%"" cellpadding=""8""><tr bgcolor=""#FFCCCC""><td><font size=""2"" color=""#774d28""><B>＞＞iPhone7専用ケース一覧</B></font></td></tr></table><table width=""100%"" cellpadding=""8""><tr bgcolor=""#FFCCCC""><td><font size=""2"" color=""#774d28""><B>＞＞iPhone7専用フィルム一覧</B></font></td></tr></table><table width=""100%"" cellpadding=""8""><tr bgcolor=""#FFCCCC""><td><font size=""2"" color=""#774d28""><B>＞＞iPhone7対応アクセサリー一覧</B></font></td></tr></table>",iPhone7 ケース ピーターラビットハードケース 総柄 【うさぎ iphone 7 アイフォン7 カバー】：可愛いスマホ雑貨の店＊KAWAII館,通信販売通販ショッピングオンラインショッピング買い物プレゼントギフト贈り物贈答品お中元お歳暮お買い得KAWAII館かわいい館カワイイ館可愛いスマホケースカバースマホポーチディズニーかわいい食品サンプルkawaii館雑貨販売キャラクターグッズ通販ifaceミッキー充電器iPhoneグッズiPhone7 ケース ピーターラビットハードケース 総柄 【うさぎ iphone 7 アイフォン7 カバー】,3240円以上のお買物で送料無料。iPhone7 ケース ピーターラビットハードケース 総柄 【うさぎ iphone 7 アイフォン7 カバー】[rn]
14-183786,http://tshop.r10s.jp/kawaiikan/cabinet/item/41_3/41-8631.jpg?fitin=700:700,2880.0000,,スマートフォン・タブレット > スマートフォンアクセサリー > スマートフォンケース,送料無料 iPhone6s アイフォン6  MARVEL/マーベル iface First Classケース【MARVELCorner】,,"<center>
<img src=""http://image.rakuten.co.jp/keitai/cabinet/item/41/page02/41-863107img01.jpg"" width=""100%"">
</center><br>

iFace First Classから待望の「MARVEL」デザインが登場！<br>
スパイダーマン、アイアンマン、キャプテン・アメリカ、ハルクなど憧れのヒーロー達が大集合！<br>
さらに女性も持ちやすいファッショナブルなコミック柄や、「MARVEL」のロゴを全面にデザインしたケースも。<br>
<br>
iFace First Classは、女性のSラインをイメージした、なめらかな曲線が特徴的。<br>
その独特の形状が手にフィットし、とても持ちやすく操作時の安定感が増します。<br>
ポリカーボネートとTPU、2つの素材の特徴を生かし、傷や衝撃からiPhoneを保護します。<br>
<br>
「MARVELコミック」のアートがデザインされたケースで、あなたもヒーロー気分！<br>
<br>
<center>
<img src=""http://www.rakuten.ne.jp/gold/keitai/sphone/img/41-8631_2.jpg"" width=""100%"">
</center><br>
<center>
<img src=""http://image.rakuten.co.jp/keitai/cabinet/item/41/page02/41-863107img07.jpg"" width=""100%"">
</center><br>
<center>
<img src=""http://image.rakuten.co.jp/keitai/cabinet/item/41/page02/41-863107img08.jpg"" width=""100%"">
</center><br>
<center>
<img src=""http://image.rakuten.co.jp/keitai/cabinet/item/41/page02/41-863107img09.jpg"" width=""100%"">
</center><br>
<center>
</center><br>
<center>
<img src=""http://image.rakuten.co.jp/keitai/cabinet/item/41/page02/41-863107img12.jpg"" width=""100%"">
</center><br>
<center>
<img src=""http://image.rakuten.co.jp/keitai/cabinet/syapage/licence_0201.jpg"" width=""100%""><br><br>
</center>

※液晶面にガラスフィルム等を装着すると、フィルムの形状によっては本製品と干渉する場合がございます。<br><br>【MARVELCorner】【マーベルコミック キャプテン アメリカ アイアンマン スパイダーマンハルク アイフェイス 正規品  ケース アイフォン6s iphoneケース アメコミ コミック柄 赤 黒 ロゴ】<br><br><center><table width=""100%"" cellspacing=""0"" cellpadding=""15"" border=""0"" align=""center""><tr><td valign=""middle"" bgcolor=""#774d28"" align=""center""><b><font color=""#FFFFFF"">PC版で詳しく見る</font></b></td></tr></table><br></center>サイズ表<br>
本体：約縦15×横7.6×厚1cm<br>
パッケージ：約縦20.7×横11.1×厚2.5cm<br>
<br>
<br>
主素材：TPU、ポリカーボネート<br>
ストラップ使用：可<br>
セット内容：ケース本体<br>
<br><br><font color=""#E1005B"">■おすすめ/関連商品</font><br><table width=""100%"" cellpadding=""8""><tr bgcolor=""#FFCCCC""><td><font size=""2"" color=""#774d28""><B>＞＞　iPhone6用iFace</B></font></td></tr></table><table width=""100%"" cellpadding=""8""><tr bgcolor=""#FFCCCC""><td><font size=""2"" color=""#774d28""><B>＞＞　アメコミ</B></font></td></tr></table><table width=""100%"" cellpadding=""8""><tr bgcolor=""#FFCCCC""><td><font size=""2"" color=""#774d28""><B>＞＞　アイアンマン</B></font></td></tr></table><table width=""100%"" cellpadding=""8""><tr bgcolor=""#FFCCCC""><td><font size=""2"" color=""#774d28""><B>＞＞　MARVEL/マーベル</B></font></td></tr></table><BR><BR>
<img src=""http://image.rakuten.co.jp/kawaiikan/cabinet/baner/marvel_700150.jpg"" alt="" height=""300"" width=""100%""><BR><BR>

<img src=""http://image.rakuten.co.jp/kawaiikan/cabinet/baner/276-873502_700150ifa.jpg"" width=""100%""><BR><BR>",送料無料 iPhone6s アイフォン6  MARVEL/マーベル iface First Classケース【MARVELCorner】：可愛いスマホ雑貨の店＊KAWAII館,通信販売通販ショッピングオンラインショッピング買い物プレゼントギフト贈り物贈答品お中元お歳暮お買い得KAWAII館かわいい館カワイイ館可愛いスマホケースカバースマホポーチディズニーかわいい食品サンプルkawaii館雑貨販売キャラクターグッズ通販ifaceミッキー充電器iPhoneグッズ送料無料 iPhone6s アイフォン6  MARVEL/マーベル iface First Classケース【MARVELCorner】,Hamee マーベル グッズ iPhoneケース 正規 iface。送料無料 iPhone6s アイフォン6  MARVEL/マーベル iface First Classケース【MARVELCorner】[rn]
14-183787,http://tshop.r10s.jp/kawaiikan/cabinet/item/19/19-8844.jpg?fitin=700:700,2080.0000,,スマートフォン・タブレット > スマートフォンアクセサリー > スマートフォンケース,iPhone 7  MARVEL/マーベル コミックブックケース【手帳型 iphone7 ケース アイフォン7 スマホケース カバー ダイアリーケース 映画 作品 Hamee】【MARVELCorner】,,"<img src=""http://image.rakuten.co.jp/keitai/cabinet/kisetukate/smart/for_ip7.jpg"" width=""100%"">
<br>
<img src=""http://image.rakuten.co.jp/keitai/cabinet/item/19/page01/19-884409img01.jpg"" width=""100%""><br><br>
どこから見てもコミックみたい！<br>
あなたのiPhone7をかっこよく彩りませんか？<br>
「MARVEL」の人気キャラクターたちがデザインされたダイアリーケースです。<br>
外側はコミックの表紙や背表紙をデザイン。実際のコミックについているJANコードも表現しました。<br>
内側はキャプテン・アメリカ、アイアンマン、スパイダーマン、ヴェノム、アベンジャーズのコミックのワンシーンがデザインされています。<br>
おしゃれなデザインだけではなく、ポケットが2か所付いているので使い勝手も十分です。<br>
<br>
・iPhone 7専用ダイアリーケース<br>
・ケース内側にカードポケット、サイドポケット付き<br>
・パチンと止まるマグネット採用フラップ<br>
・ICカードをポケットに入れてタッチOK！<br>
<br>
<img src=""http://image.rakuten.co.jp/keitai/cabinet/item/19/page01/19-884409img03.jpg"" width=""100%""><br><br>
<img src=""http://image.rakuten.co.jp/keitai/cabinet/item/19/page01/19-884409img04.jpg"" width=""100%""><br><br>
<img src=""http://image.rakuten.co.jp/keitai/cabinet/item/19/page01/19-884409img05.jpg"" width=""100%""><br><br>
<img src=""http://image.rakuten.co.jp/keitai/cabinet/item/19/page01/19-884409img06.jpg"" width=""100%""><br><br>
<img src=""http://image.rakuten.co.jp/keitai/cabinet/item/19/page01/19-884409img07.jpg"" width=""100%""><br><br>
<img src=""http://image.rakuten.co.jp/keitai/cabinet/item/19/page01/19-884409img15.jpg"" width=""100%""><br><br>
<img src=""http://image.rakuten.co.jp/keitai/cabinet/item/19/page01/19-884409img16.jpg"" width=""100%""><br><br>
<img src=""http://image.rakuten.co.jp/keitai/cabinet/item/19/page01/19-884409img17.jpg"" width=""100%""><br><br>
※クレードル（卓上ホルダなど）を使用して確実に充電するには、本製品を外すことをおすすめします。<br>
<br><br>
【iphoneケース/スマートフォン/iphone 7/マーヴェル/手帳型/ケース/カバー/アイフォン 7/キャプテン・アメリカ/アイアンマン/スパイダーマン/ヴェノム/アベンジャーズ/アイホン/ダイアリーケース/スマホケース/映画/Hamee】<br><br><center><table width=""100%"" cellspacing=""0"" cellpadding=""15"" border=""0"" align=""center""><tr><td valign=""middle"" bgcolor=""#774d28"" align=""center""><b><font color=""#FFFFFF"">PC版で詳しく見る</font></b></td></tr></table><br></center>サイズ表<br>
本体：約縦14.1×横7.5×厚1.8cm<br>
パッケージ：約縦19×横10×厚2.3cm<br>
<br>
<br>
主素材：ポリウレタン<br>
ストラップ使用：不可<br>
セット内容：ケース本体<br>
<br><br><font color=""#E1005B"">■おすすめ/関連商品</font><br><table width=""100%"" cellpadding=""8""><tr bgcolor=""#FFCCCC""><td><font size=""2"" color=""#774d28""><B>＞＞「iPhone7専用 ケース」 特集</B></font></td></tr></table><table width=""100%"" cellpadding=""8""><tr bgcolor=""#FFCCCC""><td><font size=""2"" color=""#774d28""><B>＞＞「iPhone7専用 フィルム」特集</B></font></td></tr></table><table width=""100%"" cellpadding=""8""><tr bgcolor=""#FFCCCC""><td><font size=""2"" color=""#774d28""><B>＞＞スマホに使える「充電器・バッテリー」特集</B></font></td></tr></table><table width=""100%"" cellpadding=""8""><tr bgcolor=""#FFCCCC""><td><font size=""2"" color=""#774d28""><B>＞＞「MARVEL/マーベル」グッズ特集</B></font></td></tr></table>
<BR>
<img src=""http://image.rakuten.co.jp/kawaiikan/cabinet/baner/marvel_700150.jpg"" alt="" height=""300"" width=""100%""><BR><BR>",iPhone 7  MARVEL/マーベル コミックブックケース【手帳型 iphone7 ケース アイフォン7 スマホケース カバー ダイアリーケース 映画 作品 Hamee】【MARVELCorner】：可愛いスマホ雑貨の店＊KAWAII館,通信販売通販ショッピングオンラインショッピング買い物プレゼントギフト贈り物贈答品お中元お歳暮お買い得KAWAII館かわいい館カワイイ館可愛いスマホケースカバースマホポーチディズニーかわいい食品サンプルkawaii館雑貨販売キャラクターグッズ通販ifaceミッキー充電器iPhoneグッズiPhone 7  MARVEL/マーベル コミックブックケース【手帳型 iphone7 ケース アイフォン7 スマホケース カバー ダイアリーケース 映画 作品 Hamee】【MARVELCorner】,3240円以上のお買物で送料無料。iPhone 7  MARVEL/マーベル コミックブックケース【手帳型 iphone7 ケース アイフォン7 スマホケース カバー ダイアリーケース 映画 作品 Hamee】【MARVELCorner】[rn]
14-183788,http://tshop.r10s.jp/kawaiikan/cabinet/item/276_1/276-8851.jpg?fitin=700:700,2240.0000,,スマートフォン・タブレット > スマートフォンアクセサリー > スマートフォンケース,iPhone7  MARVEL/ マーベル フリップ窓付き ケース 手帳型,,"<img src=""http://image.rakuten.co.jp/keitai/cabinet/item/196/page01/196-198643img10.jpg"" width=""100%"">
<br>
<img src=""http://image.rakuten.co.jp/keitai/cabinet/item/276/page02/276-885109img01.jpg"" width=""100%""><br><br>
便利すぎて手放せない！窓付きダイアリーケースから「マーベルキャラクター」デザインが登場！！<br>
人気アメコミキャラクターの「キャプテン・アメリカ」「スパイダーマン」「ハルク」のモチーフがデザインされていて、とってもクール。<br>
<br>
この窓があれば、フリップを開かずに時間や、着信時の相手の名前が確認できます。<br>
さらに、 スマホケース前面にはスピーカーホールと金属バーが付いていることで、<br>
フリップを閉じたままでも着信の応答と通話がスムーズにできます。<br>
<br>
・ケース背面にはICカードの収納などに便利なカードポケット×1付き。<br>
・カードポケット内には電波干渉防止シート入りで、そのままICタッチOK。<br>
・フリップはマグネットで留まるので、バンドやボタンなどの装飾の無いシンプルでスリムなデザイン。（※厚めのガラスフイルム等を貼って本体に厚みが出てしまうと、磁力を十分に発揮できない場合もあります。）<br>
・フリップを背面側に折り返せばマグネットで固定されるので、操作時もスマート。<br>
<br>
<img src=""http://image.rakuten.co.jp/keitai/cabinet/item/276/page02/276-885109img03.jpg"" width=""100%""><br><br>
<img src=""http://image.rakuten.co.jp/keitai/cabinet/item/276/page02/276-885109img04.jpg"" width=""100%""><br><br>
<img src=""http://image.rakuten.co.jp/keitai/cabinet/item/276/page02/276-885109img05.jpg"" width=""100%""><br><br>
<img src=""http://image.rakuten.co.jp/keitai/cabinet/item/276/page02/276-885109img07.jpg"" width=""100%""><br><br>
<img src=""http://image.rakuten.co.jp/keitai/cabinet/item/276/page02/276-885109img08.jpg"" width=""100%""><br><br>
<img src=""http://image.rakuten.co.jp/keitai/cabinet/item/276/page02/276-885109img09.jpg"" width=""100%""><br><br>
<img src=""http://image.rakuten.co.jp/keitai/cabinet/item/276/page02/276-885109img11.jpg"" width=""100%""><br><br>
※クレードル（卓上ホルダなど）を使用して確実に充電するには、本製品を外すことをおすすめします。<br>
※こちらの商品はデザインや仕様変更になる場合がございますので、予めご了承ください。<br>
※カードや通帳のデータ等が喪失された場合におきましても、当社では一切保証致しかねます。予めご了承ください。<br>
※本製品はマグネットが使用されております。クレジットカードなどの磁気カードを併用すると、 読み取り等ができなくなる恐れがありますので、ご注意ください。<br><br>
【iphone7ケース アイフォン7 カバー アイホン7 スマートフォン スマホ スマホケース 携帯 iphone 閉じたまま通話 窓付き 手帳型ケース カードケース カード入れ 】【MARVELCorner】<br><br><center><table width=""100%"" cellspacing=""0"" cellpadding=""15"" border=""0"" align=""center""><tr><td valign=""middle"" bgcolor=""#774d28"" align=""center""><b><font color=""#FFFFFF"">PC版で詳しく見る</font></b></td></tr></table><br></center>サイズ表<br>
本体：約縦14×横7×厚1cm<br>
パッケージ：約縦17.5×横10×厚2cm<br>
<br>
<br>
主素材：ポリウレタン<br>
ストラップ使用：可<br>
<br><br><font color=""#E1005B"">■おすすめ/関連商品</font><br><table width=""100%"" cellpadding=""8""><tr bgcolor=""#FFCCCC""><td><font size=""2"" color=""#774d28""><B>＞＞「iPhone7ケース・フィルム」特集</B></font></td></tr></table><table width=""100%"" cellpadding=""8""><tr bgcolor=""#FFCCCC""><td><font size=""2"" color=""#774d28""><B>＞＞スマホに使える「充電器・バッテリー」特集</B></font></td></tr></table><table width=""100%"" cellpadding=""8""><tr bgcolor=""#FFCCCC""><td><font size=""2"" color=""#774d28""><B>＞＞落下防止 に！ 「スマホリング」特集</B></font></td></tr></table><table width=""100%"" cellpadding=""8""><tr bgcolor=""#FFCCCC""><td><font size=""2"" color=""#774d28""><B>＞＞「MARVEL」特集</B></font></td></tr></table>
<br><br><img src=""http://image.rakuten.co.jp/kawaiikan/cabinet/baner/marvel_700150.jpg"" alt="" height=""300"" width=""100%""><br><br><img src=""http://image.rakuten.co.jp/kawaiikan/cabinet/baner/276-874806_700150k.jpg"" alt="" height=""300"" width=""100%"">
<br>
<br>

<img src=""http://image.rakuten.co.jp/kawaiikan/cabinet/baner/windowfea_700150.jpg"" alt="" height=""300"" width=""100%""><br>",iPhone7  MARVEL/ マーベル フリップ窓付き ケース 手帳型：可愛いスマホ雑貨の店＊KAWAII館,通信販売通販ショッピングオンラインショッピング買い物プレゼントギフト贈り物贈答品お中元お歳暮お買い得KAWAII館かわいい館カワイイ館可愛いスマホケースカバースマホポーチディズニーかわいい食品サンプルkawaii館雑貨販売キャラクターグッズ通販ifaceミッキー充電器iPhoneグッズiPhone7  MARVEL/ マーベル フリップ窓付き ケース 手帳型,マーヴェル キャラクター iphone 手帳型 ケース  アイフォン7。iPhone7  MARVEL/ マーベル フリップ窓付き ケース 手帳型[rn]
14-183789,http://tshop.r10s.jp/kawaiikan/cabinet/item/19/19-8477.jpg?fitin=700:700,1600.0000,,スマートフォン・タブレット > スマートフォンアクセサリー > スマートフォンケース,iPhone 6  STARWARS トランスフォームアイケース,,"<center>
<img src=""http://image.rakuten.co.jp/keitai/cabinet/item/19/page01/19-847701img01.jpg"" width=""100%"">
</center>
<br>
誰でも簡単にスターウォーズのあの人気キャラクターになれる！<br>
iPhone 6専用トランスフォームアイケースが登場。<br>
ダースベイダー、ストームトルーパー、R2-D2、C-3POの顔をケースいっぱいに立体的に表現！<br>
<br>
自分の顔の前に持ってるだけで、簡単に憧れのキャラクターに変身！ <br>
写真を撮られるのが苦手な方にもピッタリ。キャラクターになりきって写真撮影しちゃおう！<br>
<br>
スターウォーズの名シーンを友達・家族・恋人で再現するのもよし、格好いい写真を撮って<br>
見せ合うのもよし。<br>
キャラクターになりきって、iPhoneの撮影をもっと楽しもう！<br>
<br>
<center>
<img src=""http://image.rakuten.co.jp/keitai/cabinet/item/19/page01/19-847701img03.jpg"" width=""100%"">
</center>
<br>
<center>
<img src=""http://image.rakuten.co.jp/keitai/cabinet/item/19/page01/19-847701img04.jpg"" width=""100%"">
</center>
<br>
※クレードル（卓上ホルダなど）を使用して確実に充電するには、本製品を外すことをおすすめします。<br><br>
【スターウォーズ/iphoneケース/ダースベイダー/ストームトルーパー/R2-D2/C-3PO/C3PO/R2D2】<br><br><center><table width=""100%"" cellspacing=""0"" cellpadding=""15"" border=""0"" align=""center""><tr><td valign=""middle"" bgcolor=""#774d28"" align=""center""><b><font color=""#FFFFFF"">PC版で詳しく見る</font></b></td></tr></table><br></center>サイズ表<br>
本体：約縦14×横7.2×厚0.9cm<br>
パッケージ：約縦18.5×横11.2×厚2.5cm<br>
<br>
<br>
ストラップ使用：不可<br>
セット内容：ケース本体<br>
<br><br><font color=""#336699"">■ほかの種類はこちらからチェック！</font><br><table width=""100%"" cellpadding=""8""><tr bgcolor=""#FFCCCC""><td><font size=""2"" color=""#774d28""><B>＞＞　ダースベーダーグッズをもっと見る</B></font></td></tr></table><br><br><font color=""#E1005B"">■おすすめ/関連商品</font><br><table width=""100%"" cellpadding=""8""><tr bgcolor=""#FFCCCC""><td><font size=""2"" color=""#774d28""><B>＞＞　iPhone6sケース・フォルム特集</B></font></td></tr></table><table width=""100%"" cellpadding=""8""><tr bgcolor=""#FFCCCC""><td><font size=""2"" color=""#774d28""><B>＞＞　スターウォーズ</B></font></td></tr></table>",iPhone 6  STARWARS トランスフォームアイケース：可愛いスマホ雑貨の店＊KAWAII館,通信販売通販ショッピングオンラインショッピング買い物プレゼントギフト贈り物贈答品お中元お歳暮お買い得KAWAII館かわいい館カワイイ館可愛いスマホケースカバースマホポーチディズニーかわいい食品サンプルkawaii館雑貨販売キャラクターグッズ通販ifaceミッキー充電器iPhoneグッズiPhone 6  STARWARS トランスフォームアイケース,3240円以上のお買物で送料無料。iPhone 6  STARWARS トランスフォームアイケース[rn]
14-183790,http://tshop.r10s.jp/kawaiikan/cabinet/item/111_9/111-004798.jpg?fitin=700:700,2544.0000,,スマートフォン・タブレット > スマートフォンアクセサリー > スマートフォンケース,送料無料 iPhone 7  スター・ウォーズ 手帳型ケース ポップアップ/ストーム・トルーパー【スターウォーズ iphone アイフォン7 スマホケース カバー ストームトルーパー】,,"<img src=""http://image.rakuten.co.jp/keitai/cabinet/kisetukate/smart/for_ip7.jpg"" width=""100%"">
<br>
スター・ウォーズの人気キャラクター達が飛び出てくるユニークな質感！<br>
手触りの良いフェイクレザーでしっくりと手に馴染み、内側までキャラクターのイメージカラーで統一した大人のオシャレ感漂うケースです。<br>
<br>
ICカードやレシートなどが入れられる収納ポケットにくわえ、<br>
ケースにストラップホールが付いていて、お気に入りのストラップが着けられます！<br>
※クレードル（卓上ホルダなど）を使用して確実に充電するには、本製品を外すことをおすすめします。<br>
※カードや通帳のデータ等が喪失された場合におきましても、当社では一切保証致しかねます。予めご了承ください。<br>
※本製品はマグネットが使用されております。クレジットカードなどの磁気カードを併用すると、 読み取り等ができなくなる恐れがありますので、ご注意ください。<br>
<br><br>
【iphoneケース/スマートフォン/iphone 7/スターウォーズ/ストームトルーパー/手帳型/ケース/カバー/アイフォン 7/ブラック/アイホン/ダイアリーケース/スマホケース】<br><br><center><table width=""100%"" cellspacing=""0"" cellpadding=""15"" border=""0"" align=""center""><tr><td valign=""middle"" bgcolor=""#774d28"" align=""center""><b><font color=""#FFFFFF"">PC版で詳しく見る</font></b></td></tr></table><br></center>サイズ表<br>
本体：約縦14.4×横7.2×厚1.5cm<br>
重量：約66g<br>
<br>
<br>
主素材：ポリウレタン、ポリカーボネイト<br>
ストラップ使用：可<br>
セット内容：ケース本体<br>
<br><br><font color=""#E1005B"">■おすすめ/関連商品</font><br><table width=""100%"" cellpadding=""8""><tr bgcolor=""#FFCCCC""><td><font size=""2"" color=""#774d28""><B>＞＞「iPhone7専用 ケース」 特集</B></font></td></tr></table><table width=""100%"" cellpadding=""8""><tr bgcolor=""#FFCCCC""><td><font size=""2"" color=""#774d28""><B>＞＞「iPhone7専用 フィルム」特集</B></font></td></tr></table><table width=""100%"" cellpadding=""8""><tr bgcolor=""#FFCCCC""><td><font size=""2"" color=""#774d28""><B>＞＞スマホに使える「充電器・バッテリー」特集</B></font></td></tr></table><table width=""100%"" cellpadding=""8""><tr bgcolor=""#FFCCCC""><td><font size=""2"" color=""#774d28""><B>＞＞「スターウォーズ特集」</B></font></td></tr></table>",送料無料 iPhone 7  スター・ウォーズ 手帳型ケース ポップアップ/ストーム・トルーパー【スターウォーズ iphone アイフォン7 スマホケース カバー ストームトルーパー】：可愛いスマホ雑貨の店＊KAWAII館,通信販売通販ショッピングオンラインショッピング買い物プレゼントギフト贈り物贈答品お中元お歳暮お買い得KAWAII館かわいい館カワイイ館可愛いスマホケースカバースマホポーチディズニーかわいい食品サンプルkawaii館雑貨販売キャラクターグッズ通販ifaceミッキー充電器iPhoneグッズ送料無料 iPhone 7  スター・ウォーズ 手帳型ケース ポップアップ/ストーム・トルーパー【スターウォーズ iphone アイフォン7 スマホケース カバー ストームトルーパー】,送料無料 iPhone 7  スター・ウォーズ 手帳型ケース ポップアップ/ストーム・トルーパー【スターウォーズ iphone アイフォン7 スマホケース カバー ストームトルーパー】[rn]
14-183791,http://tshop.r10s.jp/kawaiikan/cabinet/item/19/19-8846.jpg?fitin=700:700,2080.0000,,スマートフォン・タブレット > スマートフォンアクセサリー > スマートフォンケース,iPhone7  STAR WARS コミックブックダイアリーケース【スターウォーズ iphone ダースベイダー アイフォン7 手帳型ケース】,,"<img src=""http://image.rakuten.co.jp/keitai/cabinet/kisetukate/smart/for_ip7.jpg"" width=""100%"">
<br>
<img src=""http://image.rakuten.co.jp/keitai/cabinet/item/19/page01/19-884607img01.jpg"" width=""100%""><br><br>
『スター・ウォーズ』デザインがクールなコミックブック風ダイアリーケース。<br>
内側までコマが描かれているので、まるで本物のコミックブックみたい！<br>
<br>
バリエーションは「ルーク・スカイウォーカー」「ダース・ベイダー」「ボバ・フェット」の3つ。<br>
POPでレトロな色使いはお洒落で、持っているだけで注目の的に！<br>
<br>
・iPhone 7専用ダイアリーケース<br>
・ケース内側にはカードポケット×1、サイドポケット×1<br>
・フリップは開閉が簡単なマグネット式<br>
<br>
<img src=""http://image.rakuten.co.jp/keitai/cabinet/item/19/page01/19-884607img03.jpg"" width=""100%""><br><br>
<img src=""http://image.rakuten.co.jp/keitai/cabinet/item/19/page01/19-884607img04.jpg"" width=""100%""><br><br>
<img src=""http://image.rakuten.co.jp/keitai/cabinet/item/19/page01/19-884607img05.jpg"" width=""100%""><br><br>
<img src=""http://image.rakuten.co.jp/keitai/cabinet/item/19/page01/19-884607img06.jpg"" width=""100%""><br><br>
<img src=""http://image.rakuten.co.jp/keitai/cabinet/item/19/page01/19-884607img07.jpg"" width=""100%""><br><br>
<img src=""http://image.rakuten.co.jp/keitai/cabinet/item/19/page01/19-884607img08.jpg"" width=""100%""><br><br>
<img src=""http://image.rakuten.co.jp/keitai/cabinet/item/19/page01/19-884607img10.jpg"" width=""100%""><br><br>
※カードや通帳のデータ等が喪失された場合におきましても、当社では一切保証致しかねます。予めご了承ください。<br>
※本製品はマグネットが使用されております。クレジットカードなどの磁気カードを併用すると、 読み取り等ができなくなる恐れがありますので、ご注意ください。<br>
※こちらの商品はデザインや仕様変更になる場合がございますので、予めご了承ください。<br>
<br><br>
【アイホン7 アイフォン7 ケース iphone7 スマホケース カバー 本型 手帳型ケース 手帳ケース マグネット 磁石 ストラップ穴 スターウォーズ 閉じたまま カードケース 映画】<br><br><center><table width=""100%"" cellspacing=""0"" cellpadding=""15"" border=""0"" align=""center""><tr><td valign=""middle"" bgcolor=""#774d28"" align=""center""><b><font color=""#FFFFFF"">PC版で詳しく見る</font></b></td></tr></table><br></center>サイズ表<br>
本体：約縦14.1×横7.5×厚1.7cm<br>
パッケージ：約縦19×横10×厚2.3cm<br>
<br>
<br>
主素材：ポリウレタン<br>
ストラップ使用：不可<br>
<br><br><font color=""#E1005B"">■おすすめ/関連商品</font><br><table width=""100%"" cellpadding=""8""><tr bgcolor=""#FFCCCC""><td><font size=""2"" color=""#774d28""><B>＞＞「iPhone7ケース・フィルム」特集</B></font></td></tr></table><table width=""100%"" cellpadding=""8""><tr bgcolor=""#FFCCCC""><td><font size=""2"" color=""#774d28""><B>＞＞スマホに使える「充電器・バッテリー」特集</B></font></td></tr></table><table width=""100%"" cellpadding=""8""><tr bgcolor=""#FFCCCC""><td><font size=""2"" color=""#774d28""><B>＞＞「スターウォーズ」グッズをもっと見る</B></font></td></tr></table><table width=""100%"" cellpadding=""8""><tr bgcolor=""#FFCCCC""><td><font size=""2"" color=""#774d28""><B>＞＞iPhoneで使える「Lightningケーブル」特集</B></font></td></tr></table>",iPhone7  STAR WARS コミックブックダイアリーケース【スターウォーズ iphone ダースベイダー アイフォン7 手帳型ケース】：可愛いスマホ雑貨の店＊KAWAII館,通信販売通販ショッピングオンラインショッピング買い物プレゼントギフト贈り物贈答品お中元お歳暮お買い得KAWAII館かわいい館カワイイ館可愛いスマホケースカバースマホポーチディズニーかわいい食品サンプルkawaii館雑貨販売キャラクターグッズ通販ifaceミッキー充電器iPhoneグッズiPhone7  STAR WARS コミックブックダイアリーケース【スターウォーズ iphone ダースベイダー アイフォン7 手帳型ケース】,iphone7 ケース スターウォーズ。iPhone7  STAR WARS コミックブックダイアリーケース【スターウォーズ iphone ダースベイダー アイフォン7 手帳型ケース】[rn]
14-183792,http://tshop.r10s.jp/kawaiikan/cabinet/item/149_2/149-256986.jpg?fitin=700:700,2384.0000,,スマートフォン・タブレット > スマートフォンアクセサリー > スマートフォンケース,iPhone6s/iPhone6 専用  スターウォーズ 大図まことアート カスタムカバーフリップ ビークル 【STAR WARS/STARWARS/ドット絵/手帳型/大図まこと/アイフォン6/iphoneケース/iphone　6/可愛い/かわいい/グッズ/雑貨】,,"クロスステッチデザイナー/ピクセルデザイナー：「大図まこと氏」デザインのiPhone6専用スター・ウォーズグッズが出来ました！<br>
<br>
ドットピクセルで描かれたスター・ウォーズのキャラクターたちがクールでユーモア溢れるデザインに仕上がってます★<br>
デザイナー：大図まことの大きな体から生み出される作品は男性ならではのポップなデザインが魅力♪<br>
<br>
手帳型なのでオシャレに持ってiPhone本体をキズやホコリから守ります。<br>
<br>
・動画の視聴などに便利なスタンド機能付き<br>
・ラクラク♪マグネット式開閉<br>
・2ヵ所の便利なカード収納ポケット付き<br>
※クレードル（卓上ホルダなど）を使用して確実に充電するには、本製品を外すことをおすすめします。<br>
<br>
ケース本体：約縦14.2×横7.2×厚1.2cm<br>
パッケージ：約縦17×横9.5×厚1.5cm<br>
<br>

主素材：TPP、PU<br>
セット内容：ケース本体<br>
<br>
<table width=""100%"" border=""0"" cellpadding=""0"" cellspacing=""0"" bgcolor=""#ffcccc"">
<tr><td>
<br>
■関連商品<br>
・<B>スマホアクセサリー</B><br>
・<B>iPhone6s/iPhone6専用ケース</B><br>
・<B>iPhone6s/iPhone6専用フィルム</B><br>
・<B>スターウォーズグッズ</B><br>

<br>
<img src=""http://image.rakuten.co.jp/kawaiikan/cabinet/baner/sumaho.jpg"" width=""100%""><br><br>

</td></tr>
</table>
<br>
<img src=""http://image.rakuten.co.jp/kawaiikan/cabinet/cute/sw_700x150.jpg"" width=""100%""><br><br>
<br>",iPhone6s/iPhone6 専用  スターウォーズ 大図まことアート カスタムカバーフリップ ビークル 【STAR WARS/STARWARS/ドット絵/手帳型/大図まこと/アイフォン6/iphoneケース/iphone　6/可愛い/かわいい/グッズ/雑貨】：可愛いスマホ雑貨の店＊KAWAII館,通信販売通販ショッピングオンラインショッピング買い物プレゼントギフト贈り物贈答品お中元お歳暮お買い得KAWAII館かわいい館カワイイ館可愛いスマホケースカバースマホポーチディズニーかわいい食品サンプルkawaii館雑貨販売キャラクターグッズ通販ifaceミッキー充電器iPhoneグッズiPhone6s/iPhone6 専用  スターウォーズ 大図まことアート カスタムカバーフリップ ビークル 【STAR WARS/STARWARS/ドット絵/手帳型/大図まこと/アイフォン6/iphoneケース/iphone　6/可愛い/かわいい/グッズ/雑貨】,iPhone6s/iPhone6 専用  スターウォーズ 大図まことアート カスタムカバーフリップ ビークル 【STAR WARS/STARWARS/ドット絵/手帳型/大図まこと/アイフォン6/iphoneケース/iphone　6/可愛い/かわいい/グッズ/雑貨】[rn]
14-183793,http://tshop.r10s.jp/kawaiikan/cabinet/item/41_3/41-843.jpg?fitin=700:700,2960.0000,,スマートフォン・タブレット > スマートフォンアクセサリー > スマートフォンケース,送料無料 iPhone6s アイフォン6  STAR WARS iface First Classケース,,"<center>
<img src=""http://image.rakuten.co.jp/keitai/cabinet/item/41/page02/41-843840img01.jpg"" width=""100%"">
</center><br>

大人気のiFaceシリーズから、『スター・ウォーズ』新デザインのiPhone6s/6専用ケースが登場！<br>
<br>
お馴染みの『スター・ウォーズ』のロゴ、デフォルメされたストームトルーパー、オシャレにデザインされたダース・ベイダーなど、『スター・ウォーズ』の世界感をイメージしたクールなデザインが揃いました。<br>
<br>
女性のSラインをイメージした、なめらかな曲線が特徴的なiFace First Classケース。<br>
その独特の形状が手にフィットし、とても持ちやすく操作時の安定感が増します。<br>
ポリカーボネイトとTPU、2つの素材の特徴を生かし、傷や衝撃からiPhoneを保護。<br>
<br>
『スター・ウォーズ』柄のiFace First Classで、あなたのiPhoneライフをオシャレでクールに。<br>
<br>
<center>
<img src=""http://image.rakuten.co.jp/keitai/cabinet/item/41/page02/41-843840img04.jpg"" width=""100%"">
</center><br>
<center>
<img src=""http://image.rakuten.co.jp/keitai/cabinet/item/41/page02/41-843840img05.jpg"" width=""100%"">
</center><br>
<center>
<img src=""http://image.rakuten.co.jp/keitai/cabinet/item/41/page02/41-843840img06.jpg"" width=""100%"">
</center><br>
<center>
<img src=""http://image.rakuten.co.jp/keitai/cabinet/item/41/page02/41-843840img07.jpg"" width=""100%"">
</center><br>
<center>
<img src=""http://image.rakuten.co.jp/keitai/cabinet/item/41/page02/41-843840img08.jpg"" width=""100%"">
</center><br>
<center>
<img src=""http://image.rakuten.co.jp/keitai/cabinet/item/41/page02/41-843840img09.jpg"" width=""100%"">
</center><br>
<center>
<img src=""http://image.rakuten.co.jp/keitai/cabinet/item/41/page02/41-843840img10.jpg"" width=""100%"">
</center><br>
<center>
<img src=""http://image.rakuten.co.jp/keitai/cabinet/syapage/licence_0201.jpg"" width=""100%""><br><br>
</center><br>
※液晶面にガラスフィルム等を装着すると、フィルムの形状によっては本製品と干渉する場合がございます。<br><br>【iFace/アイフォン6/iPhone 6s/iPhone 6/ケース/STAR WARS/スターウォーズ/映画/ストームトルーパー/ダースベイダー/Hamee】<br><br><center><table width=""100%"" cellspacing=""0"" cellpadding=""15"" border=""0"" align=""center""><tr><td valign=""middle"" bgcolor=""#774d28"" align=""center""><b><font color=""#FFFFFF"">PC版で詳しく見る</font></b></td></tr></table><br></center>サイズ表<br>
本体：約縦15×横7.6×厚1cm<br>
パッケージ：約縦20.7×横11×厚2.5cm<br>
<br>
<br>
主素材：TPU、ポリカーボネイト<br>
ストラップ使用：可<br>
セット内容：ケース本体<br>
<br><br><font color=""#336699"">■ほかの種類はこちらからチェック！</font><br><table width=""100%"" cellpadding=""8""><tr bgcolor=""#d7fffd""><td><font size=""2"" color=""#774d28""><B>＞＞　iFace　をもっと見る</B></font></td></tr></table><br><br><font color=""#E1005B"">■おすすめ/関連商品</font><br><table width=""100%"" cellpadding=""8""><tr bgcolor=""#FFCCCC""><td><font size=""2"" color=""#774d28""><B>＞＞　スターウォーズ特集</B></font></td></tr></table><table width=""100%"" cellpadding=""8""><tr bgcolor=""#FFCCCC""><td><font size=""2"" color=""#774d28""><B>＞＞　iPhone6sケース・フォルム特集</B></font></td></tr></table><BR><BR>
<BR><BR>
<img src=""http://image.rakuten.co.jp/kawaiikan/cabinet/baner/276-873502_700150ifa.jpg"" width=""100%"">",送料無料 iPhone6s アイフォン6  STAR WARS iface First Classケース：可愛いスマホ雑貨の店＊KAWAII館,通信販売通販ショッピングオンラインショッピング買い物プレゼントギフト贈り物贈答品お中元お歳暮お買い得KAWAII館かわいい館カワイイ館可愛いスマホケースカバースマホポーチディズニーかわいい食品サンプルkawaii館雑貨販売キャラクターグッズ通販ifaceミッキー充電器iPhoneグッズ送料無料 iPhone6s アイフォン6  STAR WARS iface First Classケース,送料無料 iPhone6s アイフォン6  STAR WARS iface First Classケース[rn]
14-183794,http://tshop.r10s.jp/kawaiikan/cabinet/item/41_3/41-866.jpg?fitin=700:700,3120.0000,,スマートフォン・タブレット > スマートフォンアクセサリー > スマートフォンケース,送料無料 iPhone 6s Plus/6 Plus  STARWARS iface First Classケース,,"<center>
<img src=""http://image.rakuten.co.jp/keitai/cabinet/item/41/page02/41-866245img01.jpg"" width=""100%"">
</center><br>

大人気のiFaceシリーズから、『スター・ウォーズ』新デザインのiPhone 6s Plus/6 Plus専用ケースが登場！<br>
<br>
お馴染みの『スター・ウォーズ』のロゴ、デフォルメされたストームトルーパー、オシャレにデザインされたダース・ベイダーなど、『スター・ウォーズ』の世界感をイメージしたクールなデザインが揃いました。<br>
<br>
女性のSラインをイメージした、なめらかな曲線が特徴的なiFace First Classケース。<br>
その独特の形状が手にフィットし、とても持ちやすく操作時の安定感が増します。<br>
ポリカーボネイトとTPU、2つの素材の特徴を生かし、傷や衝撃からiPhoneを保護。<br>
<br>
『スター・ウォーズ』柄のiFace First Classで、あなたのiPhoneライフをオシャレでクールに。<br>
<br>
<center>
<img src=""http://image.rakuten.co.jp/keitai/cabinet/item/41/page02/41-866245img03.jpg"" width=""100%"">
</center><br>

<center>
<img src=""http://image.rakuten.co.jp/keitai/cabinet/item/41/page02/41-866245img04.jpg"" width=""100%"">
</center><br>
<center>
<img src=""http://image.rakuten.co.jp/keitai/cabinet/item/41/page02/41-866245img05.jpg"" width=""100%"">
</center><br>
<center>
<img src=""http://image.rakuten.co.jp/keitai/cabinet/item/41/page02/41-866245img06.jpg"" width=""100%"">
</center><br>
<center>
<img src=""http://image.rakuten.co.jp/keitai/cabinet/item/41/page02/41-866245img07.jpg"" width=""100%"">
</center><br>
<center>
<img src=""http://image.rakuten.co.jp/keitai/cabinet/item/41/page02/41-866245img08.jpg"" width=""100%"">
</center><br>
<center>
<img src=""http://image.rakuten.co.jp/keitai/cabinet/item/41/page02/41-866245img09.jpg"" width=""100%"">
</center><br>
<center>
<img src=""http://image.rakuten.co.jp/keitai/cabinet/item/41/page02/41-866245img10.jpg"" width=""100%"">
</center><br>
<center>
<img src=""http://image.rakuten.co.jp/keitai/cabinet/syapage/licence_0201.jpg"" width=""100%""><br><br>
</center><br>
※液晶面にガラスフィルム等を装着すると、フィルムの形状によっては本製品と干渉する場合がございます。<br><br>【iFace/アイフォン6 プラス/iPhone 6s Plus/iPhone 6/ケース/STAR WARS/スターウォーズ/映画/ストームトルーパー/ダースベイダー/Hamee】<br><br><center><table width=""100%"" cellspacing=""0"" cellpadding=""15"" border=""0"" align=""center""><tr><td valign=""middle"" bgcolor=""#774d28"" align=""center""><b><font color=""#FFFFFF"">PC版で詳しく見る</font></b></td></tr></table><br></center>サイズ表<br>
本体：約縦17.3×横8.8×厚1.1cm<br>
パッケージ：約縦22.3×横12×厚2.5cm<br>
<br>
<br>
主素材：TPU、ポリカーボネイト<br>
ストラップ使用：可<br>
セット内容：ケース本体<br>
<br><br><font color=""#336699"">■ほかの種類はこちらからチェック！</font><br><table width=""100%"" cellpadding=""8""><tr bgcolor=""#d7fffd""><td><font size=""2"" color=""#774d28""><B>＞＞　iFace　をもっと見る</B></font></td></tr></table><br><br><font color=""#E1005B"">■おすすめ/関連商品</font><br><table width=""100%"" cellpadding=""8""><tr bgcolor=""#FFCCCC""><td><font size=""2"" color=""#774d28""><B>＞＞　スターウォーズ特集</B></font></td></tr></table><table width=""100%"" cellpadding=""8""><tr bgcolor=""#FFCCCC""><td><font size=""2"" color=""#774d28""><B>＞＞　iPhone6sPlus/iPhone6Plusケース・フィルム</B></font></td></tr></table>",送料無料 iPhone 6s Plus/6 Plus  STARWARS iface First Classケース：可愛いスマホ雑貨の店＊KAWAII館,通信販売通販ショッピングオンラインショッピング買い物プレゼントギフト贈り物贈答品お中元お歳暮お買い得KAWAII館かわいい館カワイイ館可愛いスマホケースカバースマホポーチディズニーかわいい食品サンプルkawaii館雑貨販売キャラクターグッズ通販ifaceミッキー充電器iPhoneグッズ送料無料 iPhone 6s Plus/6 Plus  STARWARS iface First Classケース,送料無料 iPhone 6s Plus/6 Plus  STARWARS iface First Classケース[rn]
14-183795,http://tshop.r10s.jp/kawaiikan/cabinet/item/111_9/111-9593.jpg?fitin=700:700,2624.0000,,スマートフォン・タブレット > スマートフォンアクセサリー > スマートフォンケース,送料無料 iPhone 7 Plus  スター・ウォーズ 手帳型ケース,,"<img src=""http://image.rakuten.co.jp/keitai/cabinet/kisetukate/smart/for_ip7plus.jpg"" width=""100%"">
<br>
<img src=""http://image.rakuten.co.jp/keitai/cabinet/item/111/page04/111-959358img01.jpg"" width=""100%""><br><br>
手触りの良いPUレザーを使用。<br>
スター・ウォーズのキャラクター達が飛び出してくるようなポップでユニークなデザインの手帳型ケースです！<br>
<br>
・通勤や通学時に便利なICカードポケット付き<br>
・収納ポケット付き<br>
・ストラップホール付き<br>
※クレードル（卓上ホルダなど）を使用して確実に充電するには、本製品を外すことをおすすめします。<br>
※こちらの商品はデザインや仕様変更になる場合がございますので、予めご了承ください。<br><br>
【iPhone7 PLUS iphone7 アイフォン7 プラス ダイアリーケース モノクロ スターウォーズ 映画 BB-8】<br><br><center><table width=""100%"" cellspacing=""0"" cellpadding=""15"" border=""0"" align=""center""><tr><td valign=""middle"" bgcolor=""#774d28"" align=""center""><b><font color=""#FFFFFF"">PC版で詳しく見る</font></b></td></tr></table><br></center><br>
<br>
主素材：ポリウレタン素材、ポリカーボネイト素材<br>
対応機種：iPhone7 Plus (5.5inch)<br>
ストラップ使用：可<br><br><br><font color=""#E1005B"">■おすすめ/関連商品</font><br><table width=""100%"" cellpadding=""8""><tr bgcolor=""#FFCCCC""><td><font size=""2"" color=""#774d28""><B>＞＞「iPhone7Plusケース・フィルム」 特集</B></font></td></tr></table><table width=""100%"" cellpadding=""8""><tr bgcolor=""#FFCCCC""><td><font size=""2"" color=""#774d28""><B>＞＞「iPhone7Plus手帳型ケース」 特集</B></font></td></tr></table><table width=""100%"" cellpadding=""8""><tr bgcolor=""#FFCCCC""><td><font size=""2"" color=""#774d28""><B>＞＞「スターウォーズ」 特集</B></font></td></tr></table>",送料無料 iPhone 7 Plus  スター・ウォーズ 手帳型ケース：可愛いスマホ雑貨の店＊KAWAII館,通信販売通販ショッピングオンラインショッピング買い物プレゼントギフト贈り物贈答品お中元お歳暮お買い得KAWAII館かわいい館カワイイ館可愛いスマホケースカバースマホポーチディズニーかわいい食品サンプルkawaii館雑貨販売キャラクターグッズ通販ifaceミッキー充電器iPhoneグッズ送料無料 iPhone 7 Plus  スター・ウォーズ 手帳型ケース,送料無料 iPhone 7 Plus  スター・ウォーズ 手帳型ケース[rn]
14-183796,http://tshop.r10s.jp/kawaiikan/cabinet/item/41_4/41-8782.jpg?fitin=700:700,2960.0000,,スマートフォン・タブレット > スマートフォンアクセサリー > スマートフォンケース,スターウォーズ iPhone 7 iFace ケース STARWARS iFaceFirstClass ケース【ロゴ/R2D2/ダースベイダー/ストームトルーパー/アイフェイス】送料無料,,"<img src=""http://image.rakuten.co.jp/keitai/cabinet/item/196/page01/196-198643img10.jpg"" width=""100%"">
<br>
<img src=""http://image.rakuten.co.jp/keitai/cabinet/item/41/page02/41-878200img01.jpg"" width=""100%""><br><br>
大人気のiFaceシリーズからiPhone7専用ケース「スター・ウォーズ」デザインが登場！<br>
<br>
「ダース・ベイダー」、「ストーム・トルーパー」、「R2-D2」、そして「STAR WARS」のロゴ。<br>
「スター・ウォーズ」の世界感をイメージしたクールなイラストが揃いました。<br>
<br>
女性のSラインをイメージした、なめらかな曲線が特徴的なiFace First Classケース。<br>
その独特の形状が手にフィットし、とても持ちやすく操作時の安定感が増します。<br>
ポリカーボネートとTPU、2つの素材の特徴を生かし、傷や衝撃からiPhoneを保護。<br>
<br>
シンプルな「スター・ウォーズ」柄で、iPhoneライフをクールにお楽しみください。<br>
<br>
<br>

<img src=""http://image.rakuten.co.jp/keitai/cabinet/item/41/page02/41-878200img04.jpg"" width=""100%""><br><br>
<img src=""http://image.rakuten.co.jp/keitai/cabinet/item/41/page02/41-878200img05.jpg"" width=""100%""><br><br>
<img src=""http://image.rakuten.co.jp/keitai/cabinet/item/41/page02/41-878200img06.jpg"" width=""100%""><br><br>
<img src=""http://image.rakuten.co.jp/keitai/cabinet/item/41/page02/41-878200img08.jpg"" width=""100%""><br><br>
<img src=""http://image.rakuten.co.jp/keitai/cabinet/item/41/page02/41-878200img09.jpg"" width=""100%""><br><br>
<img src=""http://image.rakuten.co.jp/keitai/cabinet/item/41/page02/41-878200img11.jpg"" width=""100%""><br><br>

<img src=""http://image.rakuten.co.jp/keitai/cabinet/syapage/licence_0201.jpg"" width=""100%""><br><br>
※液晶面にガラスフィルム等を装着すると、フィルムの形状によっては本製品と干渉する場合がございます。<br>
※デザイン・仕様が若干変更となる可能性があります。<br>
※iPhone 7 用 iFace First Class からケース背面にメタルプレートが内蔵されたことにより、マグネットタイプのカーマウント（車載用ホルダー）やスタンド等を使用することができます。<br><font color=""#336699"">■こちらの商品はケース背面にメタルプレートが内蔵されてます！</font><br><table width=""100%"" cellpadding=""8""><tr bgcolor=""#d7fffd""><td><font size=""2"" color=""#774d28""><B>＞＞　ifaceマグネットタイプのカーマウント（車載用ホルダー）はこちら</B></font></td></tr></table><br><br>
【iphoneケース/iFace/アイフェイス/iphone/スターウォーズ/ケース/カバー/Hamee】<br><br><center><table width=""100%"" cellspacing=""0"" cellpadding=""15"" border=""0"" align=""center""><tr><td valign=""middle"" bgcolor=""#774d28"" align=""center""><b><font color=""#FFFFFF"">PC版で詳しく見る</font></b></td></tr></table><br></center>サイズ表<br>
本体：約縦15×横7.6×厚1cm<br>
パッケージ：約縦20.7×横11×厚2.5cm<br>
<br>
<br>
主素材：ポリカーボネート、TPU、鉄<br>
ストラップ使用：可<br>
セット内容：ケース本体<br>
<br><br><font color=""#336699"">■ほかの種類はこちらからチェック！</font><br><table width=""100%"" cellpadding=""8""><tr bgcolor=""#d7fffd""><td><font size=""2"" color=""#774d28""><B>＞＞　「iFace」シリーズ をもっと見る</B></font></td></tr></table><br><br><font color=""#E1005B"">■おすすめ/関連商品</font><br><table width=""100%"" cellpadding=""8""><tr bgcolor=""#FFCCCC""><td><font size=""2"" color=""#774d28""><B>＞＞iPhone7専用 ケース・フィルム特集</B></font></td></tr></table><table width=""100%"" cellpadding=""8""><tr bgcolor=""#FFCCCC""><td><font size=""2"" color=""#774d28""><B>＞＞iPhone7専用 フィルム</B></font></td></tr></table><table width=""100%"" cellpadding=""8""><tr bgcolor=""#FFCCCC""><td><font size=""2"" color=""#774d28""><B>＞＞iPhone7専用 iFace 特集</B></font></td></tr></table><table width=""100%"" cellpadding=""8""><tr bgcolor=""#FFCCCC""><td><font size=""2"" color=""#774d28""><B>＞＞スターウォーズグッズ</B></font></td></tr></table>


<br><br>
<img src=""http://image.rakuten.co.jp/kawaiikan/cabinet/baner/276-873502_700150ifa.jpg"" alt="" height=""300"" width=""100%""><br><br>",スターウォーズ iPhone 7 iFace ケース STARWARS iFaceFirstClass ケース【ロゴ/R2D2/ダースベイダー/ストームトルーパー/アイフェイス】送料無料：可愛いスマホ雑貨の店＊KAWAII館,通信販売通販ショッピングオンラインショッピング買い物プレゼントギフト贈り物贈答品お中元お歳暮お買い得KAWAII館かわいい館カワイイ館可愛いスマホケースカバースマホポーチディズニーかわいい食品サンプルkawaii館雑貨販売キャラクターグッズ通販ifaceミッキー充電器iPhoneグッズスターウォーズ iPhone 7 iFace ケース STARWARS iFaceFirstClass ケース【ロゴ/R2D2/ダースベイダー/ストームトルーパー/アイフェイス】送料無料,持ちやすい！正規品 アイフェイスケース。スターウォーズ iPhone 7 iFace ケース STARWARS iFaceFirstClass ケース【ロゴ/R2D2/ダースベイダー/ストームトルーパー/アイフェイス】送料無料[rn]
14-183797,http://tshop.r10s.jp/kawaiikan/cabinet/item/129/129-9.jpg?fitin=700:700,2888.8000,,スマートフォン・タブレット > スマートフォンアクセサリー > スマートフォンケース,送料無料 iPhone 7 Plus  Deff ROUND ZIP CASE　お財布ジッパー付き iPhone7 Plus ケース【iphone7ケース 財布付き アイフォン7 ケース 財布 カードケース】,,"<img src=""http://image.rakuten.co.jp/keitai/cabinet/kisetukate/smart/for_ip7plus.jpg"" width=""100%"">

<br>

<br>

・上質なPUレザーを採用<br>
iPhone 7 Plusに対応したロングウォレットスタイルのケースです。<br>
iPhoneの装着は内側のホルダーにはめ込むだけ。<br>
開閉の楽なハーフラウンドジップですぐにiPhoneの操作が可能です。<br>
表皮には上質なPUレザーを採用し、日々の生活の中での水濡れや汚れなどに対しても優れた耐久性があります。<br>
<br>
・TPU製のやわらかいホルダーでiPhoneをガード<br>
ケースの中でiPhoneはしっかりとTPU製ケースに固定されますので、ケースから外に落ちることはありません。<br> 
またやわらかいため、シーンに応じてiPhoneの脱着も容易に出来ることも特徴です。<br>
<br>
・豊富なカードポケット+大型のポケット<br>
フリップ内側にはカードポケットを３つ、その裏側に大型のポケットを１つ配置しました。<br>
交通系カードやポイントカード、名刺など使うシーンに合わせて組み合わせられます。<br>
大型のポケットには折りたたんだ紙幣やレシートなど、カードポケットに入らない物も入れられます。<br>
ホルダー部には動画再生時に便利な横置きスタンド機能もあります。<br>
<br>
※背面保護ガラスプレートを装着していると、ケースに装着できない可能性があります。<br>
※交通系カードの完全動作保証はしておりません。必要に応じてフリップを裏返さないと認識しない場合もあります。<br>【アイフォン7プラス アイホン7 スマホケース カバー iphone7plus サイフ 小銭入れ カード入れ スタンド ネイビー】<br><br><center><table width=""100%"" cellspacing=""0"" cellpadding=""15"" border=""0"" align=""center""><tr><td valign=""middle"" bgcolor=""#774d28"" align=""center""><b><font color=""#FFFFFF"">PC版で詳しく見る</font></b></td></tr></table><br></center>サイズ表<br>
ケース本体：約縦16.7×横8.8×厚1.5cm<br>
その他の仕様<br>
主素材 ：PUレザー、TPU<br>
セット内容 ： ケース本体<br>
ストラップ使用 ： 不可<br>
<br><br><font color=""#E1005B"">■おすすめ/関連商品</font><br><table width=""100%"" cellpadding=""8""><tr bgcolor=""#FFCCCC""><td><font size=""2"" color=""#774d28""><B>＞＞「iPhone7Plusケース・フィルム」特集</B></font></td></tr></table><table width=""100%"" cellpadding=""8""><tr bgcolor=""#FFCCCC""><td><font size=""2"" color=""#774d28""><B>＞＞スマホに使える「充電器・バッテリー」特集</B></font></td></tr></table><table width=""100%"" cellpadding=""8""><tr bgcolor=""#FFCCCC""><td><font size=""2"" color=""#774d28""><B>＞＞iPhoneで使える「Lightningケーブル」特集</B></font></td></tr></table>",送料無料 iPhone 7 Plus  Deff ROUND ZIP CASE　お財布ジッパー付き iPhone7 Plus ケース【iphone7ケース 財布付き アイフォン7 ケース 財布 カードケース】：可愛いスマホ雑貨の店＊KAWAII館,通信販売通販ショッピングオンラインショッピング買い物プレゼントギフト贈り物贈答品お中元お歳暮お買い得KAWAII館かわいい館カワイイ館可愛いスマホケースカバースマホポーチディズニーかわいい食品サンプルkawaii館雑貨販売キャラクターグッズ通販ifaceミッキー充電器iPhoneグッズ送料無料 iPhone 7 Plus  Deff ROUND ZIP CASE　お財布ジッパー付き iPhone7 Plus ケース【iphone7ケース 財布付き アイフォン7 ケース 財布 カードケース】,送料無料 iPhone 7 Plus  Deff ROUND ZIP CASE　お財布ジッパー付き iPhone7 Plus ケース【iphone7ケース 財布付き アイフォン7 ケース 財布 カードケース】[rn]
14-183798,http://tshop.r10s.jp/kawaiikan/cabinet/item/111_9/111-0060.jpg?fitin=700:700,2864.0000,,スマートフォン・タブレット > スマートフォンアクセサリー > スマートフォンケース,送料無料 iPhone 7 Plus  手帳型ケース 本革 スナップボタンタイプ 【iphone7 plus アイフォン7 プラス スマホケース スマートフォン 手帳型  カバー シンプル ダイアリーケース】,,"<img src=""http://image.rakuten.co.jp/keitai/cabinet/kisetukate/smart/for_ip7plus.jpg"" width=""100%"">
<br><br>
レイアウトからiPhone7Plus専用のレザーダイアリーケースが登場。<br>
財布やハンドバッグにも使用される質感の良い本革です。<br>
本革ならではの手触り、使い込む毎に変化する表情、合皮では出せない高級感をお楽しみください。<br>
<br>
・スナップボタン付きで不意なケースの開閉を防ぐ。<br>
・便利なICカードポケット×1付き。<br>
・レシートなどが入れられる収納ポケット×1付き。<br>
・ストラップホール付き。<br>
<br>
※カードや通帳のデータ等が喪失された場合におきましても、当社では一切保証致しかねます。予めご了承ください。<br>
※天然の素材を使用しているため、小さなシワやスジ、凹み、色むら、傷等がある場合がありますが、不良品ではありません。世界で1つの「革の味」をお楽しみください。<br>
※クレードル（卓上ホルダなど）を使用して確実に充電するには、本製品を外すことをおすすめします。<br><br>
【iphone7 plus 手帳型 ダイアリーケース アイフォン7 プラス カバー スマートフォン スマホケース】<br><br><center><table width=""100%"" cellspacing=""0"" cellpadding=""15"" border=""0"" align=""center""><tr><td valign=""middle"" bgcolor=""#774d28"" align=""center""><b><font color=""#FFFFFF"">PC版で詳しく見る</font></b></td></tr></table><br></center>サイズ表<br>
本体：約縦16.1×横9×厚1.8cm<br>
<br>
<br>
主素材：牛革、ポリカーボネイト<br>
ストラップ使用：可<br>
セット内容：ケース本体<br>
<br><br><font color=""#E1005B"">■おすすめ/関連商品</font><br><table width=""100%"" cellpadding=""8""><tr bgcolor=""#FFCCCC""><td><font size=""2"" color=""#774d28""><B>＞＞「iPhone7Plusケース・フィルム」特集</B></font></td></tr></table><table width=""100%"" cellpadding=""8""><tr bgcolor=""#FFCCCC""><td><font size=""2"" color=""#774d28""><B>＞＞スマホに使える「充電器・バッテリー」特集</B></font></td></tr></table><table width=""100%"" cellpadding=""8""><tr bgcolor=""#FFCCCC""><td><font size=""2"" color=""#774d28""><B>＞＞指輪みたいでオシャレ「スマホリング」特集</B></font></td></tr></table>",送料無料 iPhone 7 Plus  手帳型ケース 本革 スナップボタンタイプ 【iphone7 plus アイフォン7 プラス スマホケース スマートフォン 手帳型  カバー シンプル ダイアリーケース】：可愛いスマホ雑貨の店＊KAWAII館,通信販売通販ショッピングオンラインショッピング買い物プレゼントギフト贈り物贈答品お中元お歳暮お買い得KAWAII館かわいい館カワイイ館可愛いスマホケースカバースマホポーチディズニーかわいい食品サンプルkawaii館雑貨販売キャラクターグッズ通販ifaceミッキー充電器iPhoneグッズ送料無料 iPhone 7 Plus  手帳型ケース 本革 スナップボタンタイプ 【iphone7 plus アイフォン7 プラス スマホケース スマートフォン 手帳型  カバー シンプル ダイアリーケース】,送料無料 iPhone 7 Plus  手帳型ケース 本革 スナップボタンタイプ 【iphone7 plus アイフォン7 プラス スマホケース スマートフォン 手帳型  カバー シンプル ダイアリーケース】[rn]
14-183799,http://tshop.r10s.jp/kawaiikan/cabinet/item/3_3/3-877.jpg?fitin=700:700,1904.0000,,スマートフォン・タブレット > スマートフォンアクセサリー > スマートフォンケース,キティ マイメロディ ポムポムプリン キキララ iPhone7 plus ケース  サンリオ キャラクター ソフトケース【アイフォン7 プラス iphone7Plus SANRIO ハローキティ】,,"<img src=""http://image.rakuten.co.jp/keitai/cabinet/kisetukate/smart/for_ip7plus.jpg"" width=""100%"">
<br>
<br>
ハローキティ、キキララ、マイメロディ、ポムポムプリンなどの人気サンリオキャラクターが集合したiPhone 7 Plus専用ソフトケースです！<br>
※クレードル（卓上ホルダなど）を使用して確実に充電するには、本製品を外すことをおすすめします。<br>

※装着イメージ画像は「iPhone5・SE・6・6s」用で代用しています。<br>
※デザイン・仕様が若干変更となる可能性があります。<br>
※イメージ画像の中には一部取扱いのないデザイン・カラーがある場合がございます。商品カートで選択いただけるもののみご購入いただけます。<br><br>
【アイフォン7 プラス ケース キャラクター iphone7 Plus カバー スマホケース】<br><br><center><table width=""100%"" cellspacing=""0"" cellpadding=""15"" border=""0"" align=""center""><tr><td valign=""middle"" bgcolor=""#774d28"" align=""center""><b><font color=""#FFFFFF"">PC版で詳しく見る</font></b></td></tr></table><br></center><br><br><font color=""#336699"">■ほかの種類はこちらからチェック！</font><br><table width=""100%"" cellpadding=""8""><tr bgcolor=""#d7fffd""><td><font size=""2"" color=""#774d28""><B>＞＞　キティをもっと見る</B></font></td></tr></table><br><br><font color=""#E1005B"">■おすすめ/関連商品</font><br><table width=""100%"" cellpadding=""8""><tr bgcolor=""#FFCCCC""><td><font size=""2"" color=""#774d28""><B>＞＞iPhone7Plusグッズ</B></font></td></tr></table><table width=""100%"" cellpadding=""8""><tr bgcolor=""#FFCCCC""><td><font size=""2"" color=""#774d28""><B>＞＞ライトニングケーブル一覧</B></font></td></tr></table><table width=""100%"" cellpadding=""8""><tr bgcolor=""#FFCCCC""><td><font size=""2"" color=""#774d28""><B>＞＞スマホポーチ特集</B></font></td></tr></table><table width=""100%"" cellpadding=""8""><tr bgcolor=""#FFCCCC""><td><font size=""2"" color=""#774d28""><B>＞＞サンリオキャラクター一覧</B></font></td></tr></table>

<br>
<img src=""http://image.rakuten.co.jp/kawaiikan/cabinet/baner/ip7pfilm_700100.gif"" alt="" height=""300"" width=""100%"">",キティ マイメロディ ポムポムプリン キキララ iPhone7 plus ケース  サンリオ キャラクター ソフトケース【アイフォン7 プラス iphone7Plus SANRIO ハローキティ】：可愛いスマホ雑貨の店＊KAWAII館,通信販売通販ショッピングオンラインショッピング買い物プレゼントギフト贈り物贈答品お中元お歳暮お買い得KAWAII館かわいい館カワイイ館可愛いスマホケースカバースマホポーチディズニーかわいい食品サンプルkawaii館雑貨販売キャラクターグッズ通販ifaceミッキー充電器iPhoneグッズキティ マイメロディ ポムポムプリン キキララ iPhone7 plus ケース  サンリオ キャラクター ソフトケース【アイフォン7 プラス iphone7Plus SANRIO ハローキティ】,アイフォン7プラスの可愛いサンリオキャラクターケース！。キティ マイメロディ ポムポムプリン キキララ iPhone7 plus ケース  サンリオ キャラクター ソフトケース【アイフォン7 プラス iphone7Plus SANRIO ハローキティ】[rn]
14-183800,http://tshop.r10s.jp/kawaiikan/cabinet/item/558/558-041086.jpg?fitin=700:700,1520.0000,,スマートフォン・タブレット > スマートフォンアクセサリー > スマートフォンケース,iPhone7 Plusケース iPhone7Plus  Highend Berry オリジナル ソフト TPUケース ストラップホール付き クリア【ハイアンドベリー/ハイエンドベリー/HighendBerry/iphone 7 Plus ケース アイフォン7 プラス】,,"<img src=""http://image.rakuten.co.jp/keitai/cabinet/kisetukate/smart/for_ip7plus.jpg"" width=""100%"">
<br>
<img src=""http://image.rakuten.co.jp/keitai/cabinet/item/558/page01/558-041086img01.jpg"" width=""100%""><br><br>
不慮の落下などによるダメージを、極限まで軽減するように緻密に設計。<br>
高品質なTPU素材を使用し、高い透明性と耐久性を実現しました。<br>
<br>
クリアケースなので、iPhone本体の美しさをそのまま楽しむことが出来ます。<br>
スタイリッシュなiPhoneライフをお楽しみください。<br>
<br>
<img src=""http://image.rakuten.co.jp/keitai/cabinet/item/558/page01/558-041086img03.jpg"" width=""100%""><br><br>
<img src=""http://image.rakuten.co.jp/keitai/cabinet/item/558/page01/558-041086img04.jpg"" width=""100%""><br><br>
<img src=""http://image.rakuten.co.jp/keitai/cabinet/item/558/page01/558-041086img05.jpg"" width=""100%""><br><br>
※こちらの商品はデザインや仕様変更になる場合がございますので、予めご了承ください。<br>
※クレードル（卓上ホルダなど）を使用して確実に充電するには、本製品を外すことをおすすめします。<br>
※デザイン・仕様が若干変更となる可能性があります。<br>
※本製品はiPhone 7のジェットブラックの端末に装着すると、端末との密着により背面にムラ（密着痕）が発生する場合があります。予めご了承ください。
<br>




【iphone7/iphone 7 /クリアケース iphone7かわいい/可愛い/透明ケース/クリアケース/ケース/アイフォン7/グッズ/ハイアンドベリー】<br><br><center><table width=""100%"" cellspacing=""0"" cellpadding=""15"" border=""0"" align=""center""><tr><td valign=""middle"" bgcolor=""#774d28"" align=""center""><b><font color=""#FFFFFF"">PC版で詳しく見る</font></b></td></tr></table><br></center>サイズ表<br>
ケース本体：約縦16×横8.2×厚1cm<br>
パッケージ：約縦20×横11×厚2cm<br>
<br>
<br>
主素材：TPU<br>
ストラップ使用：可<br>
セット内容：ケース本体<br>
<br><br><font color=""#336699"">■ほかの種類はこちらからチェック！</font><br><table width=""100%"" cellpadding=""8""><tr bgcolor=""#d7fffd""><td><font size=""2"" color=""#774d28""><B>＞＞　Highend Berry シリーズをもっと見る</B></font></td></tr></table><br><br><font color=""#E1005B"">■おすすめ/関連商品</font><br><table width=""100%"" cellpadding=""8""><tr bgcolor=""#FFCCCC""><td><font size=""2"" color=""#774d28""><B>＞＞iPhone7　ケース</B></font></td></tr></table><table width=""100%"" cellpadding=""8""><tr bgcolor=""#FFCCCC""><td><font size=""2"" color=""#774d28""><B>＞＞iPhone7　フィルム</B></font></td></tr></table><table width=""100%"" cellpadding=""8""><tr bgcolor=""#FFCCCC""><td><font size=""2"" color=""#774d28""><B>＞＞ライトニングケーブル一覧</B></font></td></tr></table>

<br>
<img src=""http://image.rakuten.co.jp/kawaiikan/cabinet/baner/ip7pfilm_700100.gif"" alt="" height=""300"" width=""100%"">",iPhone7 Plusケース iPhone7Plus  Highend Berry オリジナル ソフト TPUケース ストラップホール付き クリア【ハイアンドベリー/ハイエンドベリー/HighendBerry/iphone 7 Plus ケース アイフォン7 プラス】：可愛いスマホ雑貨の店＊KAWAII館,通信販売通販ショッピングオンラインショッピング買い物プレゼントギフト贈り物贈答品お中元お歳暮お買い得KAWAII館かわいい館カワイイ館可愛いスマホケースカバースマホポーチディズニーかわいい食品サンプルkawaii館雑貨販売キャラクターグッズ通販ifaceミッキー充電器iPhoneグッズiPhone7 Plusケース iPhone7Plus  Highend Berry オリジナル ソフト TPUケース ストラップホール付き クリア【ハイアンドベリー/ハイエンドベリー/HighendBerry/iphone 7 Plus ケース アイフォン7 プラス】,本体カラーが美しく見える！クリアケース。iPhone7 Plusケース iPhone7Plus  Highend Berry オリジナル ソフト TPUケース ストラップホール付き クリア【ハイアンドベリー/ハイエンドベリー/HighendBerry/iphone 7 Plus ケース アイフォン7 プラス】[rn]
