14-79001,http://tshop.r10s.jp/lamiavita/cabinet/ddintex2016/fabric/imgrc0067554544.jpg?fitin=700:700,16800.0000,,インテリア・寝具・収納 > カーテン・ブラインド > その他,◇◆◇◆◇DDintex(ディーディーインテックス）【オーダー1.5倍ヒダカーテン】Grano（グラーノ）　色：NT　幅101～200/丈～260×片開き（1枚）幅51～100/丈～260×両開き（2枚）【interiorカーテン】,,,◇◆◇◆◇DDintex(ディーディーインテックス）【オーダー1.5倍ヒダカーテン】Grano（グラーノ）　色：NT　幅101～200/丈～260&times;片開き（1枚）幅51～100/丈～260&times;両開き（2枚）【interiorカーテン】：La mia Vita,通信販売通販ショッピングオンラインショッピング買い物プレゼントギフト贈り物贈答品お中元お歳暮お買い得Lemnos　レムノス　TEORI　テオリ　壁掛けミラー　ZERO　ハンガーシートクッション　チェアパッド　チェアクッション　ファブリック　生地　生地販売　カットクロス　インテリアクロック　掛時計　置時計　電波時計ヤマト工芸　サイトーウッド　木材　日本製　ダストボックス　ゴミ箱　分別HUG HAPPY ハグハッピー　リクライニングチェア　天童木工　ロイドルームカーテン　レースカーテン　オーダーカーテン　ストリングスカーテンDDintex　ディーディーインテックス　タペストリー　マルチクロス　Linen　リネン　麻　自然素材ambai　玉子焼　オムレツパン　小泉誠スリッパ　ルームシューズ　ティッシュケース　スリッパラッククッション　60&times;60　クッションカバー　60角アートワークスタジオ　インターフォルムサッキングパッド　レッグウォーマー　スタイ　ガーゼスタイ　ベビーソックスクッション中材　座布団中材　座布団カバー　ダルトン　ＤＵＬＴＯＮ　アメリカン　10倍　15倍　20倍　12周年ダブルデッカー　トリプルデッカー　トライデッカー　ガーベージカン　5段チェスト　10段チェストクッションカバー　45&times;45　クッション　45角　ミニクッション　トスクッションコレクションリビング　フォールディングチェア　スタッキングチェア　コスカ　koska　ポケット　pocketストール　メローネバッグ　ハンカチ　かっぽう着　ワークエプロン　北欧　ムーミン　鈴木マサル　岡理恵子　北海道QUARTER　REPORＴ　クォーターリポート　QUARTERREPORＴ◇◆◇◆◇DDintex(ディーディーインテックス）【オーダー1.5倍ヒダカーテン】Grano（グラーノ）　色：NT　幅101～200/丈～260&times;片開き（1枚）幅51～100/丈～260&times;両開き（2枚）【interiorカーテン】,リネンのカーテンとしては最適な生地です♪。◇◆◇◆◇DDintex(ディーディーインテックス）【オーダー1.5倍ヒダカーテン】Grano（グラーノ）　色：NT　幅101～200/丈～260&times;片開き（1枚）幅51～100/丈～260&times;両開き（2枚）【interiorカーテン】[rn]
14-79002,http://tshop.r10s.jp/lamiavita/cabinet/ddintex2016/fabric/imgrc0067554544.jpg?fitin=700:700,25200.0000,,インテリア・寝具・収納 > カーテン・ブラインド > その他,◇◆◇◆◇DDintex(ディーディーインテックス）【オーダー1.5倍ヒダカーテン】Grano（グラーノ）　色：NT　幅201～300/丈～260×片開き（1枚）幅101～150/丈～260×両開き（2枚）【interiorカーテン】,,,◇◆◇◆◇DDintex(ディーディーインテックス）【オーダー1.5倍ヒダカーテン】Grano（グラーノ）　色：NT　幅201～300/丈～260&times;片開き（1枚）幅101～150/丈～260&times;両開き（2枚）【interiorカーテン】：La mia Vita,通信販売通販ショッピングオンラインショッピング買い物プレゼントギフト贈り物贈答品お中元お歳暮お買い得Lemnos　レムノス　TEORI　テオリ　壁掛けミラー　ZERO　ハンガーシートクッション　チェアパッド　チェアクッション　ファブリック　生地　生地販売　カットクロス　インテリアクロック　掛時計　置時計　電波時計ヤマト工芸　サイトーウッド　木材　日本製　ダストボックス　ゴミ箱　分別HUG HAPPY ハグハッピー　リクライニングチェア　天童木工　ロイドルームカーテン　レースカーテン　オーダーカーテン　ストリングスカーテンDDintex　ディーディーインテックス　タペストリー　マルチクロス　Linen　リネン　麻　自然素材ambai　玉子焼　オムレツパン　小泉誠スリッパ　ルームシューズ　ティッシュケース　スリッパラッククッション　60&times;60　クッションカバー　60角アートワークスタジオ　インターフォルムサッキングパッド　レッグウォーマー　スタイ　ガーゼスタイ　ベビーソックスクッション中材　座布団中材　座布団カバー　ダルトン　ＤＵＬＴＯＮ　アメリカン　10倍　15倍　20倍　12周年ダブルデッカー　トリプルデッカー　トライデッカー　ガーベージカン　5段チェスト　10段チェストクッションカバー　45&times;45　クッション　45角　ミニクッション　トスクッションコレクションリビング　フォールディングチェア　スタッキングチェア　コスカ　koska　ポケット　pocketストール　メローネバッグ　ハンカチ　かっぽう着　ワークエプロン　北欧　ムーミン　鈴木マサル　岡理恵子　北海道QUARTER　REPORＴ　クォーターリポート　QUARTERREPORＴ◇◆◇◆◇DDintex(ディーディーインテックス）【オーダー1.5倍ヒダカーテン】Grano（グラーノ）　色：NT　幅201～300/丈～260&times;片開き（1枚）幅101～150/丈～260&times;両開き（2枚）【interiorカーテン】,リネンのカーテンとしては最適な生地です♪。◇◆◇◆◇DDintex(ディーディーインテックス）【オーダー1.5倍ヒダカーテン】Grano（グラーノ）　色：NT　幅201～300/丈～260&times;片開き（1枚）幅101～150/丈～260&times;両開き（2枚）【interiorカーテン】[rn]
14-79003,http://tshop.r10s.jp/lamiavita/cabinet/ddintex2016/fabric/imgrc0067554456.jpg?fitin=700:700,15600.0000,,インテリア・寝具・収納 > カーテン・ブラインド > その他,◇◆◇◆◇DDintex(ディーディーインテックス）【オーダー1.5倍ヒダカーテン】Elegante （エレガンテ）　色：WH　幅134～200/丈～260×片開き（1枚）幅67～100/丈～260×両開き（2枚）【interiorカーテン】,,,◇◆◇◆◇DDintex(ディーディーインテックス）【オーダー1.5倍ヒダカーテン】Elegante （エレガンテ）　色：WH　幅134～200/丈～260&times;片開き（1枚）幅67～100/丈～260&times;両開き（2枚）【interiorカーテン】：La mia Vita,通信販売通販ショッピングオンラインショッピング買い物プレゼントギフト贈り物贈答品お中元お歳暮お買い得Lemnos　レムノス　TEORI　テオリ　壁掛けミラー　ZERO　ハンガーシートクッション　チェアパッド　チェアクッション　ファブリック　生地　生地販売　カットクロス　インテリアクロック　掛時計　置時計　電波時計ヤマト工芸　サイトーウッド　木材　日本製　ダストボックス　ゴミ箱　分別HUG HAPPY ハグハッピー　リクライニングチェア　天童木工　ロイドルームカーテン　レースカーテン　オーダーカーテン　ストリングスカーテンDDintex　ディーディーインテックス　タペストリー　マルチクロス　Linen　リネン　麻　自然素材ambai　玉子焼　オムレツパン　小泉誠スリッパ　ルームシューズ　ティッシュケース　スリッパラッククッション　60&times;60　クッションカバー　60角アートワークスタジオ　インターフォルムサッキングパッド　レッグウォーマー　スタイ　ガーゼスタイ　ベビーソックスクッション中材　座布団中材　座布団カバー　ダルトン　ＤＵＬＴＯＮ　アメリカン　10倍　15倍　20倍　12周年ダブルデッカー　トリプルデッカー　トライデッカー　ガーベージカン　5段チェスト　10段チェストクッションカバー　45&times;45　クッション　45角　ミニクッション　トスクッションコレクションリビング　フォールディングチェア　スタッキングチェア　コスカ　koska　ポケット　pocketストール　メローネバッグ　ハンカチ　かっぽう着　ワークエプロン　北欧　ムーミン　鈴木マサル　岡理恵子　北海道QUARTER　REPORＴ　クォーターリポート　QUARTERREPORＴ◇◆◇◆◇DDintex(ディーディーインテックス）【オーダー1.5倍ヒダカーテン】Elegante （エレガンテ）　色：WH　幅134～200/丈～260&times;片開き（1枚）幅67～100/丈～260&times;両開き（2枚）【interiorカーテン】,天然素材ならではの、優しい雰囲気♪。◇◆◇◆◇DDintex(ディーディーインテックス）【オーダー1.5倍ヒダカーテン】Elegante （エレガンテ）　色：WH　幅134～200/丈～260&times;片開き（1枚）幅67～100/丈～260&times;両開き（2枚）【interiorカーテン】[rn]
14-79004,http://tshop.r10s.jp/lamiavita/cabinet/ddintex2016/fabric/imgrc0067554456.jpg?fitin=700:700,10400.0000,,インテリア・寝具・収納 > カーテン・ブラインド > その他,◇◆◇◆◇DDintex(ディーディーインテックス）【オーダー1.5倍ヒダカーテン】Elegante （エレガンテ）　色：WH　幅67～132/丈～260×片開き（1枚）幅34～61/丈～260×両開き（2枚）【interiorカーテン】,,,◇◆◇◆◇DDintex(ディーディーインテックス）【オーダー1.5倍ヒダカーテン】Elegante （エレガンテ）　色：WH　幅67～132/丈～260&times;片開き（1枚）幅34～61/丈～260&times;両開き（2枚）【interiorカーテン】：La mia Vita,通信販売通販ショッピングオンラインショッピング買い物プレゼントギフト贈り物贈答品お中元お歳暮お買い得Lemnos　レムノス　TEORI　テオリ　壁掛けミラー　ZERO　ハンガーシートクッション　チェアパッド　チェアクッション　ファブリック　生地　生地販売　カットクロス　インテリアクロック　掛時計　置時計　電波時計ヤマト工芸　サイトーウッド　木材　日本製　ダストボックス　ゴミ箱　分別HUG HAPPY ハグハッピー　リクライニングチェア　天童木工　ロイドルームカーテン　レースカーテン　オーダーカーテン　ストリングスカーテンDDintex　ディーディーインテックス　タペストリー　マルチクロス　Linen　リネン　麻　自然素材ambai　玉子焼　オムレツパン　小泉誠スリッパ　ルームシューズ　ティッシュケース　スリッパラッククッション　60&times;60　クッションカバー　60角アートワークスタジオ　インターフォルムサッキングパッド　レッグウォーマー　スタイ　ガーゼスタイ　ベビーソックスクッション中材　座布団中材　座布団カバー　ダルトン　ＤＵＬＴＯＮ　アメリカン　10倍　15倍　20倍　12周年ダブルデッカー　トリプルデッカー　トライデッカー　ガーベージカン　5段チェスト　10段チェストクッションカバー　45&times;45　クッション　45角　ミニクッション　トスクッションコレクションリビング　フォールディングチェア　スタッキングチェア　コスカ　koska　ポケット　pocketストール　メローネバッグ　ハンカチ　かっぽう着　ワークエプロン　北欧　ムーミン　鈴木マサル　岡理恵子　北海道QUARTER　REPORＴ　クォーターリポート　QUARTERREPORＴ◇◆◇◆◇DDintex(ディーディーインテックス）【オーダー1.5倍ヒダカーテン】Elegante （エレガンテ）　色：WH　幅67～132/丈～260&times;片開き（1枚）幅34～61/丈～260&times;両開き（2枚）【interiorカーテン】,天然素材ならではの、優しい雰囲気♪。◇◆◇◆◇DDintex(ディーディーインテックス）【オーダー1.5倍ヒダカーテン】Elegante （エレガンテ）　色：WH　幅67～132/丈～260&times;片開き（1枚）幅34～61/丈～260&times;両開き（2枚）【interiorカーテン】[rn]
14-79005,http://tshop.r10s.jp/lamiavita/cabinet/ddintex2016/fabric/imgrc0067554456.jpg?fitin=700:700,5200.0000,,インテリア・寝具・収納 > カーテン・ブラインド > その他,◇◆◇◆◇DDintex(ディーディーインテックス）【オーダー1.5倍ヒダカーテン】Elegante （エレガンテ）　色：WH　幅～66/丈～260×片開き（1枚）【interiorカーテン】,,,◇◆◇◆◇DDintex(ディーディーインテックス）【オーダー1.5倍ヒダカーテン】Elegante （エレガンテ）　色：WH　幅～66/丈～260&times;片開き（1枚）【interiorカーテン】：La mia Vita,通信販売通販ショッピングオンラインショッピング買い物プレゼントギフト贈り物贈答品お中元お歳暮お買い得Lemnos　レムノス　TEORI　テオリ　壁掛けミラー　ZERO　ハンガーシートクッション　チェアパッド　チェアクッション　ファブリック　生地　生地販売　カットクロス　インテリアクロック　掛時計　置時計　電波時計ヤマト工芸　サイトーウッド　木材　日本製　ダストボックス　ゴミ箱　分別HUG HAPPY ハグハッピー　リクライニングチェア　天童木工　ロイドルームカーテン　レースカーテン　オーダーカーテン　ストリングスカーテンDDintex　ディーディーインテックス　タペストリー　マルチクロス　Linen　リネン　麻　自然素材ambai　玉子焼　オムレツパン　小泉誠スリッパ　ルームシューズ　ティッシュケース　スリッパラッククッション　60&times;60　クッションカバー　60角アートワークスタジオ　インターフォルムサッキングパッド　レッグウォーマー　スタイ　ガーゼスタイ　ベビーソックスクッション中材　座布団中材　座布団カバー　ダルトン　ＤＵＬＴＯＮ　アメリカン　10倍　15倍　20倍　12周年ダブルデッカー　トリプルデッカー　トライデッカー　ガーベージカン　5段チェスト　10段チェストクッションカバー　45&times;45　クッション　45角　ミニクッション　トスクッションコレクションリビング　フォールディングチェア　スタッキングチェア　コスカ　koska　ポケット　pocketストール　メローネバッグ　ハンカチ　かっぽう着　ワークエプロン　北欧　ムーミン　鈴木マサル　岡理恵子　北海道QUARTER　REPORＴ　クォーターリポート　QUARTERREPORＴ◇◆◇◆◇DDintex(ディーディーインテックス）【オーダー1.5倍ヒダカーテン】Elegante （エレガンテ）　色：WH　幅～66/丈～260&times;片開き（1枚）【interiorカーテン】,天然素材ならではの、優しい雰囲気♪。◇◆◇◆◇DDintex(ディーディーインテックス）【オーダー1.5倍ヒダカーテン】Elegante （エレガンテ）　色：WH　幅～66/丈～260&times;片開き（1枚）【interiorカーテン】[rn]
14-79006,http://tshop.r10s.jp/lamiavita/cabinet/ddintex2016/fabric/imgrc0067554590.jpg?fitin=700:700,7200.0000,,インテリア・寝具・収納 > カーテン・ブラインド > その他,◇◆◇◆◇DDintex(ディーディーインテックス）【オーダー1.5倍ヒダカーテン】Ragno（ラーニョ）　色：BR　幅～100/丈～260×片開き（1枚）【interiorカーテン】,,,◇◆◇◆◇DDintex(ディーディーインテックス）【オーダー1.5倍ヒダカーテン】Ragno（ラーニョ）　色：BR　幅～100/丈～260&times;片開き（1枚）【interiorカーテン】：La mia Vita,通信販売通販ショッピングオンラインショッピング買い物プレゼントギフト贈り物贈答品お中元お歳暮お買い得Lemnos　レムノス　TEORI　テオリ　壁掛けミラー　ZERO　ハンガーシートクッション　チェアパッド　チェアクッション　ファブリック　生地　生地販売　カットクロス　インテリアクロック　掛時計　置時計　電波時計ヤマト工芸　サイトーウッド　木材　日本製　ダストボックス　ゴミ箱　分別HUG HAPPY ハグハッピー　リクライニングチェア　天童木工　ロイドルームカーテン　レースカーテン　オーダーカーテン　ストリングスカーテンDDintex　ディーディーインテックス　タペストリー　マルチクロス　Linen　リネン　麻　自然素材ambai　玉子焼　オムレツパン　小泉誠スリッパ　ルームシューズ　ティッシュケース　スリッパラッククッション　60&times;60　クッションカバー　60角アートワークスタジオ　インターフォルムサッキングパッド　レッグウォーマー　スタイ　ガーゼスタイ　ベビーソックスクッション中材　座布団中材　座布団カバー　ダルトン　ＤＵＬＴＯＮ　アメリカン　10倍　15倍　20倍　12周年ダブルデッカー　トリプルデッカー　トライデッカー　ガーベージカン　5段チェスト　10段チェストクッションカバー　45&times;45　クッション　45角　ミニクッション　トスクッションコレクションリビング　フォールディングチェア　スタッキングチェア　コスカ　koska　ポケット　pocketストール　メローネバッグ　ハンカチ　かっぽう着　ワークエプロン　北欧　ムーミン　鈴木マサル　岡理恵子　北海道QUARTER　REPORＴ　クォーターリポート　QUARTERREPORＴ◇◆◇◆◇DDintex(ディーディーインテックス）【オーダー1.5倍ヒダカーテン】Ragno（ラーニョ）　色：BR　幅～100/丈～260&times;片開き（1枚）【interiorカーテン】,天然素材ならではの、優しい雰囲気♪。◇◆◇◆◇DDintex(ディーディーインテックス）【オーダー1.5倍ヒダカーテン】Ragno（ラーニョ）　色：BR　幅～100/丈～260&times;片開き（1枚）【interiorカーテン】[rn]
14-79007,http://tshop.r10s.jp/lamiavita/cabinet/ddintex2016/fabric/imgrc0067554590.jpg?fitin=700:700,14400.0000,,インテリア・寝具・収納 > カーテン・ブラインド > その他,◇◆◇◆◇DDintex(ディーディーインテックス）【オーダー1.5倍ヒダカーテン】Ragno（ラーニョ）　色：BR　幅101～200/丈～260×片開き（1枚）幅51～100/丈～260×両開き（2枚）【interiorカーテン】,,,◇◆◇◆◇DDintex(ディーディーインテックス）【オーダー1.5倍ヒダカーテン】Ragno（ラーニョ）　色：BR　幅101～200/丈～260&times;片開き（1枚）幅51～100/丈～260&times;両開き（2枚）【interiorカーテン】：La mia Vita,通信販売通販ショッピングオンラインショッピング買い物プレゼントギフト贈り物贈答品お中元お歳暮お買い得Lemnos　レムノス　TEORI　テオリ　壁掛けミラー　ZERO　ハンガーシートクッション　チェアパッド　チェアクッション　ファブリック　生地　生地販売　カットクロス　インテリアクロック　掛時計　置時計　電波時計ヤマト工芸　サイトーウッド　木材　日本製　ダストボックス　ゴミ箱　分別HUG HAPPY ハグハッピー　リクライニングチェア　天童木工　ロイドルームカーテン　レースカーテン　オーダーカーテン　ストリングスカーテンDDintex　ディーディーインテックス　タペストリー　マルチクロス　Linen　リネン　麻　自然素材ambai　玉子焼　オムレツパン　小泉誠スリッパ　ルームシューズ　ティッシュケース　スリッパラッククッション　60&times;60　クッションカバー　60角アートワークスタジオ　インターフォルムサッキングパッド　レッグウォーマー　スタイ　ガーゼスタイ　ベビーソックスクッション中材　座布団中材　座布団カバー　ダルトン　ＤＵＬＴＯＮ　アメリカン　10倍　15倍　20倍　12周年ダブルデッカー　トリプルデッカー　トライデッカー　ガーベージカン　5段チェスト　10段チェストクッションカバー　45&times;45　クッション　45角　ミニクッション　トスクッションコレクションリビング　フォールディングチェア　スタッキングチェア　コスカ　koska　ポケット　pocketストール　メローネバッグ　ハンカチ　かっぽう着　ワークエプロン　北欧　ムーミン　鈴木マサル　岡理恵子　北海道QUARTER　REPORＴ　クォーターリポート　QUARTERREPORＴ◇◆◇◆◇DDintex(ディーディーインテックス）【オーダー1.5倍ヒダカーテン】Ragno（ラーニョ）　色：BR　幅101～200/丈～260&times;片開き（1枚）幅51～100/丈～260&times;両開き（2枚）【interiorカーテン】,天然素材ならではの、優しい雰囲気♪。◇◆◇◆◇DDintex(ディーディーインテックス）【オーダー1.5倍ヒダカーテン】Ragno（ラーニョ）　色：BR　幅101～200/丈～260&times;片開き（1枚）幅51～100/丈～260&times;両開き（2枚）【interiorカーテン】[rn]
14-79008,http://tshop.r10s.jp/lamiavita/cabinet/ddintex2016/fabric/imgrc0067554590.jpg?fitin=700:700,21600.0000,,インテリア・寝具・収納 > カーテン・ブラインド > その他,◇◆◇◆◇DDintex(ディーディーインテックス）【オーダー1.5倍ヒダカーテン】Ragno（ラーニョ）　色：BR　幅201～300/丈～260×片開き（1枚）幅101～150/丈～260×両開き（2枚）【interiorカーテン】,,,◇◆◇◆◇DDintex(ディーディーインテックス）【オーダー1.5倍ヒダカーテン】Ragno（ラーニョ）　色：BR　幅201～300/丈～260&times;片開き（1枚）幅101～150/丈～260&times;両開き（2枚）【interiorカーテン】：La mia Vita,通信販売通販ショッピングオンラインショッピング買い物プレゼントギフト贈り物贈答品お中元お歳暮お買い得Lemnos　レムノス　TEORI　テオリ　壁掛けミラー　ZERO　ハンガーシートクッション　チェアパッド　チェアクッション　ファブリック　生地　生地販売　カットクロス　インテリアクロック　掛時計　置時計　電波時計ヤマト工芸　サイトーウッド　木材　日本製　ダストボックス　ゴミ箱　分別HUG HAPPY ハグハッピー　リクライニングチェア　天童木工　ロイドルームカーテン　レースカーテン　オーダーカーテン　ストリングスカーテンDDintex　ディーディーインテックス　タペストリー　マルチクロス　Linen　リネン　麻　自然素材ambai　玉子焼　オムレツパン　小泉誠スリッパ　ルームシューズ　ティッシュケース　スリッパラッククッション　60&times;60　クッションカバー　60角アートワークスタジオ　インターフォルムサッキングパッド　レッグウォーマー　スタイ　ガーゼスタイ　ベビーソックスクッション中材　座布団中材　座布団カバー　ダルトン　ＤＵＬＴＯＮ　アメリカン　10倍　15倍　20倍　12周年ダブルデッカー　トリプルデッカー　トライデッカー　ガーベージカン　5段チェスト　10段チェストクッションカバー　45&times;45　クッション　45角　ミニクッション　トスクッションコレクションリビング　フォールディングチェア　スタッキングチェア　コスカ　koska　ポケット　pocketストール　メローネバッグ　ハンカチ　かっぽう着　ワークエプロン　北欧　ムーミン　鈴木マサル　岡理恵子　北海道QUARTER　REPORＴ　クォーターリポート　QUARTERREPORＴ◇◆◇◆◇DDintex(ディーディーインテックス）【オーダー1.5倍ヒダカーテン】Ragno（ラーニョ）　色：BR　幅201～300/丈～260&times;片開き（1枚）幅101～150/丈～260&times;両開き（2枚）【interiorカーテン】,天然素材ならではの、優しい雰囲気♪。◇◆◇◆◇DDintex(ディーディーインテックス）【オーダー1.5倍ヒダカーテン】Ragno（ラーニョ）　色：BR　幅201～300/丈～260&times;片開き（1枚）幅101～150/丈～260&times;両開き（2枚）【interiorカーテン】[rn]
14-79009,http://tshop.r10s.jp/lamiavita/cabinet/ddintex2016/fabric/imgrc0067554587.jpg?fitin=700:700,8400.0000,,インテリア・寝具・収納 > カーテン・ブラインド > その他,◇◆◇◆◇DDintex(ディーディーインテックス）【オーダー1.5倍ヒダカーテン】L Pianta（Ｌピアンタ）　色：WH　幅～100/丈～260×片開き（1枚）【interiorカーテン】,,,◇◆◇◆◇DDintex(ディーディーインテックス）【オーダー1.5倍ヒダカーテン】L Pianta（Ｌピアンタ）　色：WH　幅～100/丈～260&times;片開き（1枚）【interiorカーテン】：La mia Vita,通信販売通販ショッピングオンラインショッピング買い物プレゼントギフト贈り物贈答品お中元お歳暮お買い得Lemnos　レムノス　TEORI　テオリ　壁掛けミラー　ZERO　ハンガーシートクッション　チェアパッド　チェアクッション　ファブリック　生地　生地販売　カットクロス　インテリアクロック　掛時計　置時計　電波時計ヤマト工芸　サイトーウッド　木材　日本製　ダストボックス　ゴミ箱　分別HUG HAPPY ハグハッピー　リクライニングチェア　天童木工　ロイドルームカーテン　レースカーテン　オーダーカーテン　ストリングスカーテンDDintex　ディーディーインテックス　タペストリー　マルチクロス　Linen　リネン　麻　自然素材ambai　玉子焼　オムレツパン　小泉誠スリッパ　ルームシューズ　ティッシュケース　スリッパラッククッション　60&times;60　クッションカバー　60角アートワークスタジオ　インターフォルムサッキングパッド　レッグウォーマー　スタイ　ガーゼスタイ　ベビーソックスクッション中材　座布団中材　座布団カバー　ダルトン　ＤＵＬＴＯＮ　アメリカン　10倍　15倍　20倍　12周年ダブルデッカー　トリプルデッカー　トライデッカー　ガーベージカン　5段チェスト　10段チェストクッションカバー　45&times;45　クッション　45角　ミニクッション　トスクッションコレクションリビング　フォールディングチェア　スタッキングチェア　コスカ　koska　ポケット　pocketストール　メローネバッグ　ハンカチ　かっぽう着　ワークエプロン　北欧　ムーミン　鈴木マサル　岡理恵子　北海道QUARTER　REPORＴ　クォーターリポート　QUARTERREPORＴ◇◆◇◆◇DDintex(ディーディーインテックス）【オーダー1.5倍ヒダカーテン】L Pianta（Ｌピアンタ）　色：WH　幅～100/丈～260&times;片開き（1枚）【interiorカーテン】,天然素材ならではの、優しい雰囲気♪。◇◆◇◆◇DDintex(ディーディーインテックス）【オーダー1.5倍ヒダカーテン】L Pianta（Ｌピアンタ）　色：WH　幅～100/丈～260&times;片開き（1枚）【interiorカーテン】[rn]
14-79010,http://tshop.r10s.jp/lamiavita/cabinet/ddintex2016/fabric/imgrc0067554587.jpg?fitin=700:700,16800.0000,,インテリア・寝具・収納 > カーテン・ブラインド > その他,◇◆◇◆◇DDintex(ディーディーインテックス）【オーダー1.5倍ヒダカーテン】L Pianta（Ｌピアンタ）　色：WH　幅101～200/丈～260×片開き（1枚）幅51～100/丈～260×両開き（2枚）【interiorカーテン】,,,◇◆◇◆◇DDintex(ディーディーインテックス）【オーダー1.5倍ヒダカーテン】L Pianta（Ｌピアンタ）　色：WH　幅101～200/丈～260&times;片開き（1枚）幅51～100/丈～260&times;両開き（2枚）【interiorカーテン】：La mia Vita,通信販売通販ショッピングオンラインショッピング買い物プレゼントギフト贈り物贈答品お中元お歳暮お買い得Lemnos　レムノス　TEORI　テオリ　壁掛けミラー　ZERO　ハンガーシートクッション　チェアパッド　チェアクッション　ファブリック　生地　生地販売　カットクロス　インテリアクロック　掛時計　置時計　電波時計ヤマト工芸　サイトーウッド　木材　日本製　ダストボックス　ゴミ箱　分別HUG HAPPY ハグハッピー　リクライニングチェア　天童木工　ロイドルームカーテン　レースカーテン　オーダーカーテン　ストリングスカーテンDDintex　ディーディーインテックス　タペストリー　マルチクロス　Linen　リネン　麻　自然素材ambai　玉子焼　オムレツパン　小泉誠スリッパ　ルームシューズ　ティッシュケース　スリッパラッククッション　60&times;60　クッションカバー　60角アートワークスタジオ　インターフォルムサッキングパッド　レッグウォーマー　スタイ　ガーゼスタイ　ベビーソックスクッション中材　座布団中材　座布団カバー　ダルトン　ＤＵＬＴＯＮ　アメリカン　10倍　15倍　20倍　12周年ダブルデッカー　トリプルデッカー　トライデッカー　ガーベージカン　5段チェスト　10段チェストクッションカバー　45&times;45　クッション　45角　ミニクッション　トスクッションコレクションリビング　フォールディングチェア　スタッキングチェア　コスカ　koska　ポケット　pocketストール　メローネバッグ　ハンカチ　かっぽう着　ワークエプロン　北欧　ムーミン　鈴木マサル　岡理恵子　北海道QUARTER　REPORＴ　クォーターリポート　QUARTERREPORＴ◇◆◇◆◇DDintex(ディーディーインテックス）【オーダー1.5倍ヒダカーテン】L Pianta（Ｌピアンタ）　色：WH　幅101～200/丈～260&times;片開き（1枚）幅51～100/丈～260&times;両開き（2枚）【interiorカーテン】,天然素材ならではの、優しい雰囲気♪。◇◆◇◆◇DDintex(ディーディーインテックス）【オーダー1.5倍ヒダカーテン】L Pianta（Ｌピアンタ）　色：WH　幅101～200/丈～260&times;片開き（1枚）幅51～100/丈～260&times;両開き（2枚）【interiorカーテン】[rn]
14-79011,http://tshop.r10s.jp/lamiavita/cabinet/ddintex2016/fabric/imgrc0067554587.jpg?fitin=700:700,25200.0000,,インテリア・寝具・収納 > カーテン・ブラインド > その他,◇◆◇◆◇DDintex(ディーディーインテックス）【オーダー1.5倍ヒダカーテン】L Pianta（Ｌピアンタ）　色：WH　幅201～300/丈～260×片開き（1枚）幅101～150/丈～260×両開き（2枚）【interiorカーテン】,,,◇◆◇◆◇DDintex(ディーディーインテックス）【オーダー1.5倍ヒダカーテン】L Pianta（Ｌピアンタ）　色：WH　幅201～300/丈～260&times;片開き（1枚）幅101～150/丈～260&times;両開き（2枚）【interiorカーテン】：La mia Vita,通信販売通販ショッピングオンラインショッピング買い物プレゼントギフト贈り物贈答品お中元お歳暮お買い得Lemnos　レムノス　TEORI　テオリ　壁掛けミラー　ZERO　ハンガーシートクッション　チェアパッド　チェアクッション　ファブリック　生地　生地販売　カットクロス　インテリアクロック　掛時計　置時計　電波時計ヤマト工芸　サイトーウッド　木材　日本製　ダストボックス　ゴミ箱　分別HUG HAPPY ハグハッピー　リクライニングチェア　天童木工　ロイドルームカーテン　レースカーテン　オーダーカーテン　ストリングスカーテンDDintex　ディーディーインテックス　タペストリー　マルチクロス　Linen　リネン　麻　自然素材ambai　玉子焼　オムレツパン　小泉誠スリッパ　ルームシューズ　ティッシュケース　スリッパラッククッション　60&times;60　クッションカバー　60角アートワークスタジオ　インターフォルムサッキングパッド　レッグウォーマー　スタイ　ガーゼスタイ　ベビーソックスクッション中材　座布団中材　座布団カバー　ダルトン　ＤＵＬＴＯＮ　アメリカン　10倍　15倍　20倍　12周年ダブルデッカー　トリプルデッカー　トライデッカー　ガーベージカン　5段チェスト　10段チェストクッションカバー　45&times;45　クッション　45角　ミニクッション　トスクッションコレクションリビング　フォールディングチェア　スタッキングチェア　コスカ　koska　ポケット　pocketストール　メローネバッグ　ハンカチ　かっぽう着　ワークエプロン　北欧　ムーミン　鈴木マサル　岡理恵子　北海道QUARTER　REPORＴ　クォーターリポート　QUARTERREPORＴ◇◆◇◆◇DDintex(ディーディーインテックス）【オーダー1.5倍ヒダカーテン】L Pianta（Ｌピアンタ）　色：WH　幅201～300/丈～260&times;片開き（1枚）幅101～150/丈～260&times;両開き（2枚）【interiorカーテン】,天然素材ならではの、優しい雰囲気♪。◇◆◇◆◇DDintex(ディーディーインテックス）【オーダー1.5倍ヒダカーテン】L Pianta（Ｌピアンタ）　色：WH　幅201～300/丈～260&times;片開き（1枚）幅101～150/丈～260&times;両開き（2枚）【interiorカーテン】[rn]
14-79012,http://tshop.r10s.jp/lamiavita/cabinet/ddintex2016/fabric/imgrc0067554597.jpg?fitin=700:700,11200.0000,,インテリア・寝具・収納 > カーテン・ブラインド > その他,◇◆◇◆◇DDintex(ディーディーインテックス）【オーダー1.5倍ヒダカーテン】Sabbia（サッビア）　色：NT　幅101～200/丈～260×片開き（1枚）幅51～100/丈～260×両開き（2枚）【interiorカーテン】,,,◇◆◇◆◇DDintex(ディーディーインテックス）【オーダー1.5倍ヒダカーテン】Sabbia（サッビア）　色：NT　幅101～200/丈～260&times;片開き（1枚）幅51～100/丈～260&times;両開き（2枚）【interiorカーテン】：La mia Vita,通信販売通販ショッピングオンラインショッピング買い物プレゼントギフト贈り物贈答品お中元お歳暮お買い得Lemnos　レムノス　TEORI　テオリ　壁掛けミラー　ZERO　ハンガーシートクッション　チェアパッド　チェアクッション　ファブリック　生地　生地販売　カットクロス　インテリアクロック　掛時計　置時計　電波時計ヤマト工芸　サイトーウッド　木材　日本製　ダストボックス　ゴミ箱　分別HUG HAPPY ハグハッピー　リクライニングチェア　天童木工　ロイドルームカーテン　レースカーテン　オーダーカーテン　ストリングスカーテンDDintex　ディーディーインテックス　タペストリー　マルチクロス　Linen　リネン　麻　自然素材ambai　玉子焼　オムレツパン　小泉誠スリッパ　ルームシューズ　ティッシュケース　スリッパラッククッション　60&times;60　クッションカバー　60角アートワークスタジオ　インターフォルムサッキングパッド　レッグウォーマー　スタイ　ガーゼスタイ　ベビーソックスクッション中材　座布団中材　座布団カバー　ダルトン　ＤＵＬＴＯＮ　アメリカン　10倍　15倍　20倍　12周年ダブルデッカー　トリプルデッカー　トライデッカー　ガーベージカン　5段チェスト　10段チェストクッションカバー　45&times;45　クッション　45角　ミニクッション　トスクッションコレクションリビング　フォールディングチェア　スタッキングチェア　コスカ　koska　ポケット　pocketストール　メローネバッグ　ハンカチ　かっぽう着　ワークエプロン　北欧　ムーミン　鈴木マサル　岡理恵子　北海道QUARTER　REPORＴ　クォーターリポート　QUARTERREPORＴ◇◆◇◆◇DDintex(ディーディーインテックス）【オーダー1.5倍ヒダカーテン】Sabbia（サッビア）　色：NT　幅101～200/丈～260&times;片開き（1枚）幅51～100/丈～260&times;両開き（2枚）【interiorカーテン】,天然素材ならではの、優しい雰囲気♪。◇◆◇◆◇DDintex(ディーディーインテックス）【オーダー1.5倍ヒダカーテン】Sabbia（サッビア）　色：NT　幅101～200/丈～260&times;片開き（1枚）幅51～100/丈～260&times;両開き（2枚）【interiorカーテン】[rn]
14-79013,http://tshop.r10s.jp/lamiavita/cabinet/ddintex2016/fabric/imgrc0067554597.jpg?fitin=700:700,16800.0000,,インテリア・寝具・収納 > カーテン・ブラインド > その他,◇◆◇◆◇DDintex(ディーディーインテックス）【オーダー1.5倍ヒダカーテン】Sabbia（サッビア）　色：NT　幅201～300/丈～260×片開き（1枚）幅101～150/丈～260×両開き（2枚）【interiorカーテン】,,,◇◆◇◆◇DDintex(ディーディーインテックス）【オーダー1.5倍ヒダカーテン】Sabbia（サッビア）　色：NT　幅201～300/丈～260&times;片開き（1枚）幅101～150/丈～260&times;両開き（2枚）【interiorカーテン】：La mia Vita,通信販売通販ショッピングオンラインショッピング買い物プレゼントギフト贈り物贈答品お中元お歳暮お買い得Lemnos　レムノス　TEORI　テオリ　壁掛けミラー　ZERO　ハンガーシートクッション　チェアパッド　チェアクッション　ファブリック　生地　生地販売　カットクロス　インテリアクロック　掛時計　置時計　電波時計ヤマト工芸　サイトーウッド　木材　日本製　ダストボックス　ゴミ箱　分別HUG HAPPY ハグハッピー　リクライニングチェア　天童木工　ロイドルームカーテン　レースカーテン　オーダーカーテン　ストリングスカーテンDDintex　ディーディーインテックス　タペストリー　マルチクロス　Linen　リネン　麻　自然素材ambai　玉子焼　オムレツパン　小泉誠スリッパ　ルームシューズ　ティッシュケース　スリッパラッククッション　60&times;60　クッションカバー　60角アートワークスタジオ　インターフォルムサッキングパッド　レッグウォーマー　スタイ　ガーゼスタイ　ベビーソックスクッション中材　座布団中材　座布団カバー　ダルトン　ＤＵＬＴＯＮ　アメリカン　10倍　15倍　20倍　12周年ダブルデッカー　トリプルデッカー　トライデッカー　ガーベージカン　5段チェスト　10段チェストクッションカバー　45&times;45　クッション　45角　ミニクッション　トスクッションコレクションリビング　フォールディングチェア　スタッキングチェア　コスカ　koska　ポケット　pocketストール　メローネバッグ　ハンカチ　かっぽう着　ワークエプロン　北欧　ムーミン　鈴木マサル　岡理恵子　北海道QUARTER　REPORＴ　クォーターリポート　QUARTERREPORＴ◇◆◇◆◇DDintex(ディーディーインテックス）【オーダー1.5倍ヒダカーテン】Sabbia（サッビア）　色：NT　幅201～300/丈～260&times;片開き（1枚）幅101～150/丈～260&times;両開き（2枚）【interiorカーテン】,天然素材ならではの、優しい雰囲気♪。◇◆◇◆◇DDintex(ディーディーインテックス）【オーダー1.5倍ヒダカーテン】Sabbia（サッビア）　色：NT　幅201～300/丈～260&times;片開き（1枚）幅101～150/丈～260&times;両開き（2枚）【interiorカーテン】[rn]
14-79014,http://tshop.r10s.jp/lamiavita/cabinet/ddintex2016/fabric/imgrc0067554597.jpg?fitin=700:700,5600.0000,,インテリア・寝具・収納 > カーテン・ブラインド > その他,◇◆◇◆◇DDintex(ディーディーインテックス）【オーダー1.5倍ヒダカーテン】Sabbia（サッビア）　色：NT　幅～100/丈～260×片開き（1枚）【interiorカーテン】,,,◇◆◇◆◇DDintex(ディーディーインテックス）【オーダー1.5倍ヒダカーテン】Sabbia（サッビア）　色：NT　幅～100/丈～260&times;片開き（1枚）【interiorカーテン】：La mia Vita,通信販売通販ショッピングオンラインショッピング買い物プレゼントギフト贈り物贈答品お中元お歳暮お買い得Lemnos　レムノス　TEORI　テオリ　壁掛けミラー　ZERO　ハンガーシートクッション　チェアパッド　チェアクッション　ファブリック　生地　生地販売　カットクロス　インテリアクロック　掛時計　置時計　電波時計ヤマト工芸　サイトーウッド　木材　日本製　ダストボックス　ゴミ箱　分別HUG HAPPY ハグハッピー　リクライニングチェア　天童木工　ロイドルームカーテン　レースカーテン　オーダーカーテン　ストリングスカーテンDDintex　ディーディーインテックス　タペストリー　マルチクロス　Linen　リネン　麻　自然素材ambai　玉子焼　オムレツパン　小泉誠スリッパ　ルームシューズ　ティッシュケース　スリッパラッククッション　60&times;60　クッションカバー　60角アートワークスタジオ　インターフォルムサッキングパッド　レッグウォーマー　スタイ　ガーゼスタイ　ベビーソックスクッション中材　座布団中材　座布団カバー　ダルトン　ＤＵＬＴＯＮ　アメリカン　10倍　15倍　20倍　12周年ダブルデッカー　トリプルデッカー　トライデッカー　ガーベージカン　5段チェスト　10段チェストクッションカバー　45&times;45　クッション　45角　ミニクッション　トスクッションコレクションリビング　フォールディングチェア　スタッキングチェア　コスカ　koska　ポケット　pocketストール　メローネバッグ　ハンカチ　かっぽう着　ワークエプロン　北欧　ムーミン　鈴木マサル　岡理恵子　北海道QUARTER　REPORＴ　クォーターリポート　QUARTERREPORＴ◇◆◇◆◇DDintex(ディーディーインテックス）【オーダー1.5倍ヒダカーテン】Sabbia（サッビア）　色：NT　幅～100/丈～260&times;片開き（1枚）【interiorカーテン】,天然素材ならではの、優しい雰囲気♪。◇◆◇◆◇DDintex(ディーディーインテックス）【オーダー1.5倍ヒダカーテン】Sabbia（サッビア）　色：NT　幅～100/丈～260&times;片開き（1枚）【interiorカーテン】[rn]
14-79015,http://tshop.r10s.jp/lamiavita/cabinet/ddintex2016/fabric/imgrc0067554543.jpg?fitin=700:700,8400.0000,,インテリア・寝具・収納 > カーテン・ブラインド > その他,◇◆◇◆◇DDintex(ディーディーインテックス）【オーダー1.5倍ヒダカーテン】Corno （コルノ）　色：BE　幅～100/丈～260×片開き（1枚）【interiorカーテン】,,,◇◆◇◆◇DDintex(ディーディーインテックス）【オーダー1.5倍ヒダカーテン】Corno （コルノ）　色：BE　幅～100/丈～260&times;片開き（1枚）【interiorカーテン】：La mia Vita,通信販売通販ショッピングオンラインショッピング買い物プレゼントギフト贈り物贈答品お中元お歳暮お買い得Lemnos　レムノス　TEORI　テオリ　壁掛けミラー　ZERO　ハンガーシートクッション　チェアパッド　チェアクッション　ファブリック　生地　生地販売　カットクロス　インテリアクロック　掛時計　置時計　電波時計ヤマト工芸　サイトーウッド　木材　日本製　ダストボックス　ゴミ箱　分別HUG HAPPY ハグハッピー　リクライニングチェア　天童木工　ロイドルームカーテン　レースカーテン　オーダーカーテン　ストリングスカーテンDDintex　ディーディーインテックス　タペストリー　マルチクロス　Linen　リネン　麻　自然素材ambai　玉子焼　オムレツパン　小泉誠スリッパ　ルームシューズ　ティッシュケース　スリッパラッククッション　60&times;60　クッションカバー　60角アートワークスタジオ　インターフォルムサッキングパッド　レッグウォーマー　スタイ　ガーゼスタイ　ベビーソックスクッション中材　座布団中材　座布団カバー　ダルトン　ＤＵＬＴＯＮ　アメリカン　10倍　15倍　20倍　12周年ダブルデッカー　トリプルデッカー　トライデッカー　ガーベージカン　5段チェスト　10段チェストクッションカバー　45&times;45　クッション　45角　ミニクッション　トスクッションコレクションリビング　フォールディングチェア　スタッキングチェア　コスカ　koska　ポケット　pocketストール　メローネバッグ　ハンカチ　かっぽう着　ワークエプロン　北欧　ムーミン　鈴木マサル　岡理恵子　北海道QUARTER　REPORＴ　クォーターリポート　QUARTERREPORＴ◇◆◇◆◇DDintex(ディーディーインテックス）【オーダー1.5倍ヒダカーテン】Corno （コルノ）　色：BE　幅～100/丈～260&times;片開き（1枚）【interiorカーテン】,コルノとはイタリア語で角という意味です♪。◇◆◇◆◇DDintex(ディーディーインテックス）【オーダー1.5倍ヒダカーテン】Corno （コルノ）　色：BE　幅～100/丈～260&times;片開き（1枚）【interiorカーテン】[rn]
14-79016,http://tshop.r10s.jp/lamiavita/cabinet/ddintex2016/fabric/imgrc0067554543.jpg?fitin=700:700,16800.0000,,インテリア・寝具・収納 > カーテン・ブラインド > その他,◇◆◇◆◇DDintex(ディーディーインテックス）【オーダー1.5倍ヒダカーテン】Corno （コルノ）　色：BE　幅101～200/丈～260×片開き（1枚）幅51～100/丈～260×両開き（2枚）【interiorカーテン】,,,◇◆◇◆◇DDintex(ディーディーインテックス）【オーダー1.5倍ヒダカーテン】Corno （コルノ）　色：BE　幅101～200/丈～260&times;片開き（1枚）幅51～100/丈～260&times;両開き（2枚）【interiorカーテン】：La mia Vita,通信販売通販ショッピングオンラインショッピング買い物プレゼントギフト贈り物贈答品お中元お歳暮お買い得Lemnos　レムノス　TEORI　テオリ　壁掛けミラー　ZERO　ハンガーシートクッション　チェアパッド　チェアクッション　ファブリック　生地　生地販売　カットクロス　インテリアクロック　掛時計　置時計　電波時計ヤマト工芸　サイトーウッド　木材　日本製　ダストボックス　ゴミ箱　分別HUG HAPPY ハグハッピー　リクライニングチェア　天童木工　ロイドルームカーテン　レースカーテン　オーダーカーテン　ストリングスカーテンDDintex　ディーディーインテックス　タペストリー　マルチクロス　Linen　リネン　麻　自然素材ambai　玉子焼　オムレツパン　小泉誠スリッパ　ルームシューズ　ティッシュケース　スリッパラッククッション　60&times;60　クッションカバー　60角アートワークスタジオ　インターフォルムサッキングパッド　レッグウォーマー　スタイ　ガーゼスタイ　ベビーソックスクッション中材　座布団中材　座布団カバー　ダルトン　ＤＵＬＴＯＮ　アメリカン　10倍　15倍　20倍　12周年ダブルデッカー　トリプルデッカー　トライデッカー　ガーベージカン　5段チェスト　10段チェストクッションカバー　45&times;45　クッション　45角　ミニクッション　トスクッションコレクションリビング　フォールディングチェア　スタッキングチェア　コスカ　koska　ポケット　pocketストール　メローネバッグ　ハンカチ　かっぽう着　ワークエプロン　北欧　ムーミン　鈴木マサル　岡理恵子　北海道QUARTER　REPORＴ　クォーターリポート　QUARTERREPORＴ◇◆◇◆◇DDintex(ディーディーインテックス）【オーダー1.5倍ヒダカーテン】Corno （コルノ）　色：BE　幅101～200/丈～260&times;片開き（1枚）幅51～100/丈～260&times;両開き（2枚）【interiorカーテン】,コルノとはイタリア語で角という意味です♪。◇◆◇◆◇DDintex(ディーディーインテックス）【オーダー1.5倍ヒダカーテン】Corno （コルノ）　色：BE　幅101～200/丈～260&times;片開き（1枚）幅51～100/丈～260&times;両開き（2枚）【interiorカーテン】[rn]
14-79017,http://tshop.r10s.jp/lamiavita/cabinet/ddintex2016/fabric/imgrc0067554543.jpg?fitin=700:700,25200.0000,,インテリア・寝具・収納 > カーテン・ブラインド > その他,◇◆◇◆◇DDintex(ディーディーインテックス）【オーダー1.5倍ヒダカーテン】Corno （コルノ）　色：BE　幅201～200/丈～260×片開き（1枚）幅101～300/丈～260×両開き（2枚）【interiorカーテン】,,,◇◆◇◆◇DDintex(ディーディーインテックス）【オーダー1.5倍ヒダカーテン】Corno （コルノ）　色：BE　幅201～200/丈～260&times;片開き（1枚）幅101～300/丈～260&times;両開き（2枚）【interiorカーテン】：La mia Vita,通信販売通販ショッピングオンラインショッピング買い物プレゼントギフト贈り物贈答品お中元お歳暮お買い得Lemnos　レムノス　TEORI　テオリ　壁掛けミラー　ZERO　ハンガーシートクッション　チェアパッド　チェアクッション　ファブリック　生地　生地販売　カットクロス　インテリアクロック　掛時計　置時計　電波時計ヤマト工芸　サイトーウッド　木材　日本製　ダストボックス　ゴミ箱　分別HUG HAPPY ハグハッピー　リクライニングチェア　天童木工　ロイドルームカーテン　レースカーテン　オーダーカーテン　ストリングスカーテンDDintex　ディーディーインテックス　タペストリー　マルチクロス　Linen　リネン　麻　自然素材ambai　玉子焼　オムレツパン　小泉誠スリッパ　ルームシューズ　ティッシュケース　スリッパラッククッション　60&times;60　クッションカバー　60角アートワークスタジオ　インターフォルムサッキングパッド　レッグウォーマー　スタイ　ガーゼスタイ　ベビーソックスクッション中材　座布団中材　座布団カバー　ダルトン　ＤＵＬＴＯＮ　アメリカン　10倍　15倍　20倍　12周年ダブルデッカー　トリプルデッカー　トライデッカー　ガーベージカン　5段チェスト　10段チェストクッションカバー　45&times;45　クッション　45角　ミニクッション　トスクッションコレクションリビング　フォールディングチェア　スタッキングチェア　コスカ　koska　ポケット　pocketストール　メローネバッグ　ハンカチ　かっぽう着　ワークエプロン　北欧　ムーミン　鈴木マサル　岡理恵子　北海道QUARTER　REPORＴ　クォーターリポート　QUARTERREPORＴ◇◆◇◆◇DDintex(ディーディーインテックス）【オーダー1.5倍ヒダカーテン】Corno （コルノ）　色：BE　幅201～200/丈～260&times;片開き（1枚）幅101～300/丈～260&times;両開き（2枚）【interiorカーテン】,コルノとはイタリア語で角という意味です♪。◇◆◇◆◇DDintex(ディーディーインテックス）【オーダー1.5倍ヒダカーテン】Corno （コルノ）　色：BE　幅201～200/丈～260&times;片開き（1枚）幅101～300/丈～260&times;両開き（2枚）【interiorカーテン】[rn]
14-79018,http://tshop.r10s.jp/lamiavita/cabinet/ddintex2016/fabric/imgrc0067554546.jpg?fitin=700:700,8000.0000,,インテリア・寝具・収納 > カーテン・ブラインド > その他,◇◆◇◆◇DDintex(ディーディーインテックス）【オーダー1.5倍ヒダカーテン】Castano（カスターノ）　色：BR　幅～100/丈～260×片開き（1枚）【interiorカーテン】,,,◇◆◇◆◇DDintex(ディーディーインテックス）【オーダー1.5倍ヒダカーテン】Castano（カスターノ）　色：BR　幅～100/丈～260&times;片開き（1枚）【interiorカーテン】：La mia Vita,通信販売通販ショッピングオンラインショッピング買い物プレゼントギフト贈り物贈答品お中元お歳暮お買い得Lemnos　レムノス　TEORI　テオリ　壁掛けミラー　ZERO　ハンガーシートクッション　チェアパッド　チェアクッション　ファブリック　生地　生地販売　カットクロス　インテリアクロック　掛時計　置時計　電波時計ヤマト工芸　サイトーウッド　木材　日本製　ダストボックス　ゴミ箱　分別HUG HAPPY ハグハッピー　リクライニングチェア　天童木工　ロイドルームカーテン　レースカーテン　オーダーカーテン　ストリングスカーテンDDintex　ディーディーインテックス　タペストリー　マルチクロス　Linen　リネン　麻　自然素材ambai　玉子焼　オムレツパン　小泉誠スリッパ　ルームシューズ　ティッシュケース　スリッパラッククッション　60&times;60　クッションカバー　60角アートワークスタジオ　インターフォルムサッキングパッド　レッグウォーマー　スタイ　ガーゼスタイ　ベビーソックスクッション中材　座布団中材　座布団カバー　ダルトン　ＤＵＬＴＯＮ　アメリカン　10倍　15倍　20倍　12周年ダブルデッカー　トリプルデッカー　トライデッカー　ガーベージカン　5段チェスト　10段チェストクッションカバー　45&times;45　クッション　45角　ミニクッション　トスクッションコレクションリビング　フォールディングチェア　スタッキングチェア　コスカ　koska　ポケット　pocketストール　メローネバッグ　ハンカチ　かっぽう着　ワークエプロン　北欧　ムーミン　鈴木マサル　岡理恵子　北海道QUARTER　REPORＴ　クォーターリポート　QUARTERREPORＴ◇◆◇◆◇DDintex(ディーディーインテックス）【オーダー1.5倍ヒダカーテン】Castano（カスターノ）　色：BR　幅～100/丈～260&times;片開き（1枚）【interiorカーテン】,カスターノとはイタリア語で茶色という意味です♪。◇◆◇◆◇DDintex(ディーディーインテックス）【オーダー1.5倍ヒダカーテン】Castano（カスターノ）　色：BR　幅～100/丈～260&times;片開き（1枚）【interiorカーテン】[rn]
14-79019,http://tshop.r10s.jp/lamiavita/cabinet/ddintex2016/fabric/imgrc0067554546.jpg?fitin=700:700,16000.0000,,インテリア・寝具・収納 > カーテン・ブラインド > その他,◇◆◇◆◇DDintex(ディーディーインテックス）【オーダー1.5倍ヒダカーテン】Castano（カスターノ）　色：BR　幅101～200/丈～260×片開き（1枚）幅51～100/丈～260×両開き（2枚）【interiorカーテン】,,,◇◆◇◆◇DDintex(ディーディーインテックス）【オーダー1.5倍ヒダカーテン】Castano（カスターノ）　色：BR　幅101～200/丈～260&times;片開き（1枚）幅51～100/丈～260&times;両開き（2枚）【interiorカーテン】：La mia Vita,通信販売通販ショッピングオンラインショッピング買い物プレゼントギフト贈り物贈答品お中元お歳暮お買い得Lemnos　レムノス　TEORI　テオリ　壁掛けミラー　ZERO　ハンガーシートクッション　チェアパッド　チェアクッション　ファブリック　生地　生地販売　カットクロス　インテリアクロック　掛時計　置時計　電波時計ヤマト工芸　サイトーウッド　木材　日本製　ダストボックス　ゴミ箱　分別HUG HAPPY ハグハッピー　リクライニングチェア　天童木工　ロイドルームカーテン　レースカーテン　オーダーカーテン　ストリングスカーテンDDintex　ディーディーインテックス　タペストリー　マルチクロス　Linen　リネン　麻　自然素材ambai　玉子焼　オムレツパン　小泉誠スリッパ　ルームシューズ　ティッシュケース　スリッパラッククッション　60&times;60　クッションカバー　60角アートワークスタジオ　インターフォルムサッキングパッド　レッグウォーマー　スタイ　ガーゼスタイ　ベビーソックスクッション中材　座布団中材　座布団カバー　ダルトン　ＤＵＬＴＯＮ　アメリカン　10倍　15倍　20倍　12周年ダブルデッカー　トリプルデッカー　トライデッカー　ガーベージカン　5段チェスト　10段チェストクッションカバー　45&times;45　クッション　45角　ミニクッション　トスクッションコレクションリビング　フォールディングチェア　スタッキングチェア　コスカ　koska　ポケット　pocketストール　メローネバッグ　ハンカチ　かっぽう着　ワークエプロン　北欧　ムーミン　鈴木マサル　岡理恵子　北海道QUARTER　REPORＴ　クォーターリポート　QUARTERREPORＴ◇◆◇◆◇DDintex(ディーディーインテックス）【オーダー1.5倍ヒダカーテン】Castano（カスターノ）　色：BR　幅101～200/丈～260&times;片開き（1枚）幅51～100/丈～260&times;両開き（2枚）【interiorカーテン】,カスターノとはイタリア語で茶色という意味です♪。◇◆◇◆◇DDintex(ディーディーインテックス）【オーダー1.5倍ヒダカーテン】Castano（カスターノ）　色：BR　幅101～200/丈～260&times;片開き（1枚）幅51～100/丈～260&times;両開き（2枚）【interiorカーテン】[rn]
14-79020,http://tshop.r10s.jp/lamiavita/cabinet/ddintex2016/fabric/imgrc0067554544.jpg?fitin=700:700,9600.0000,,インテリア・寝具・収納 > カーテン・ブラインド > その他,◇◆◇◆◇DDintex(ディーディーインテックス）【オーダーフラットカーテン】Grano（グラーノ）　色：NT 幅～130/丈～260×片開き（1枚）【interiorカーテン】,,,◇◆◇◆◇DDintex(ディーディーインテックス）【オーダーフラットカーテン】Grano（グラーノ）　色：NT 幅～130/丈～260&times;片開き（1枚）【interiorカーテン】：La mia Vita,通信販売通販ショッピングオンラインショッピング買い物プレゼントギフト贈り物贈答品お中元お歳暮お買い得Lemnos　レムノス　TEORI　テオリ　壁掛けミラー　ZERO　ハンガーシートクッション　チェアパッド　チェアクッション　ファブリック　生地　生地販売　カットクロス　インテリアクロック　掛時計　置時計　電波時計ヤマト工芸　サイトーウッド　木材　日本製　ダストボックス　ゴミ箱　分別HUG HAPPY ハグハッピー　リクライニングチェア　天童木工　ロイドルームカーテン　レースカーテン　オーダーカーテン　ストリングスカーテンDDintex　ディーディーインテックス　タペストリー　マルチクロス　Linen　リネン　麻　自然素材ambai　玉子焼　オムレツパン　小泉誠スリッパ　ルームシューズ　ティッシュケース　スリッパラッククッション　60&times;60　クッションカバー　60角アートワークスタジオ　インターフォルムサッキングパッド　レッグウォーマー　スタイ　ガーゼスタイ　ベビーソックスクッション中材　座布団中材　座布団カバー　ダルトン　ＤＵＬＴＯＮ　アメリカン　10倍　15倍　20倍　12周年ダブルデッカー　トリプルデッカー　トライデッカー　ガーベージカン　5段チェスト　10段チェストクッションカバー　45&times;45　クッション　45角　ミニクッション　トスクッションコレクションリビング　フォールディングチェア　スタッキングチェア　コスカ　koska　ポケット　pocketストール　メローネバッグ　ハンカチ　かっぽう着　ワークエプロン　北欧　ムーミン　鈴木マサル　岡理恵子　北海道QUARTER　REPORＴ　クォーターリポート　QUARTERREPORＴ◇◆◇◆◇DDintex(ディーディーインテックス）【オーダーフラットカーテン】Grano（グラーノ）　色：NT 幅～130/丈～260&times;片開き（1枚）【interiorカーテン】,リネンのカーテンとしては最適な生地です♪。◇◆◇◆◇DDintex(ディーディーインテックス）【オーダーフラットカーテン】Grano（グラーノ）　色：NT 幅～130/丈～260&times;片開き（1枚）【interiorカーテン】[rn]
14-79021,http://tshop.r10s.jp/lamiavita/cabinet/ddintex2016/fabric/imgrc0067554544.jpg?fitin=700:700,19200.0000,,インテリア・寝具・収納 > カーテン・ブラインド > その他,◇◆◇◆◇DDintex(ディーディーインテックス）【オーダーフラットカーテン】Grano（グラーノ）　色：NT　幅131～260/丈～260×片開き（1枚）幅66～130/丈～260×両開き（2枚）【interiorカーテン】,,,◇◆◇◆◇DDintex(ディーディーインテックス）【オーダーフラットカーテン】Grano（グラーノ）　色：NT　幅131～260/丈～260&times;片開き（1枚）幅66～130/丈～260&times;両開き（2枚）【interiorカーテン】：La mia Vita,通信販売通販ショッピングオンラインショッピング買い物プレゼントギフト贈り物贈答品お中元お歳暮お買い得Lemnos　レムノス　TEORI　テオリ　壁掛けミラー　ZERO　ハンガーシートクッション　チェアパッド　チェアクッション　ファブリック　生地　生地販売　カットクロス　インテリアクロック　掛時計　置時計　電波時計ヤマト工芸　サイトーウッド　木材　日本製　ダストボックス　ゴミ箱　分別HUG HAPPY ハグハッピー　リクライニングチェア　天童木工　ロイドルームカーテン　レースカーテン　オーダーカーテン　ストリングスカーテンDDintex　ディーディーインテックス　タペストリー　マルチクロス　Linen　リネン　麻　自然素材ambai　玉子焼　オムレツパン　小泉誠スリッパ　ルームシューズ　ティッシュケース　スリッパラッククッション　60&times;60　クッションカバー　60角アートワークスタジオ　インターフォルムサッキングパッド　レッグウォーマー　スタイ　ガーゼスタイ　ベビーソックスクッション中材　座布団中材　座布団カバー　ダルトン　ＤＵＬＴＯＮ　アメリカン　10倍　15倍　20倍　12周年ダブルデッカー　トリプルデッカー　トライデッカー　ガーベージカン　5段チェスト　10段チェストクッションカバー　45&times;45　クッション　45角　ミニクッション　トスクッションコレクションリビング　フォールディングチェア　スタッキングチェア　コスカ　koska　ポケット　pocketストール　メローネバッグ　ハンカチ　かっぽう着　ワークエプロン　北欧　ムーミン　鈴木マサル　岡理恵子　北海道QUARTER　REPORＴ　クォーターリポート　QUARTERREPORＴ◇◆◇◆◇DDintex(ディーディーインテックス）【オーダーフラットカーテン】Grano（グラーノ）　色：NT　幅131～260/丈～260&times;片開き（1枚）幅66～130/丈～260&times;両開き（2枚）【interiorカーテン】,リネンのカーテンとしては最適な生地です♪。◇◆◇◆◇DDintex(ディーディーインテックス）【オーダーフラットカーテン】Grano（グラーノ）　色：NT　幅131～260/丈～260&times;片開き（1枚）幅66～130/丈～260&times;両開き（2枚）【interiorカーテン】[rn]
14-79022,http://tshop.r10s.jp/lamiavita/cabinet/ddintex2016/fabric/imgrc0067554544.jpg?fitin=700:700,28800.0000,,インテリア・寝具・収納 > カーテン・ブラインド > その他,◇◆◇◆◇DDintex(ディーディーインテックス）【オーダーフラットカーテン】Grano（グラーノ）　色：NT　幅261～390/丈～260×片開き（1枚）幅130～195/丈～260×両開き（2枚）【interiorカーテン】,,,◇◆◇◆◇DDintex(ディーディーインテックス）【オーダーフラットカーテン】Grano（グラーノ）　色：NT　幅261～390/丈～260&times;片開き（1枚）幅130～195/丈～260&times;両開き（2枚）【interiorカーテン】：La mia Vita,通信販売通販ショッピングオンラインショッピング買い物プレゼントギフト贈り物贈答品お中元お歳暮お買い得Lemnos　レムノス　TEORI　テオリ　壁掛けミラー　ZERO　ハンガーシートクッション　チェアパッド　チェアクッション　ファブリック　生地　生地販売　カットクロス　インテリアクロック　掛時計　置時計　電波時計ヤマト工芸　サイトーウッド　木材　日本製　ダストボックス　ゴミ箱　分別HUG HAPPY ハグハッピー　リクライニングチェア　天童木工　ロイドルームカーテン　レースカーテン　オーダーカーテン　ストリングスカーテンDDintex　ディーディーインテックス　タペストリー　マルチクロス　Linen　リネン　麻　自然素材ambai　玉子焼　オムレツパン　小泉誠スリッパ　ルームシューズ　ティッシュケース　スリッパラッククッション　60&times;60　クッションカバー　60角アートワークスタジオ　インターフォルムサッキングパッド　レッグウォーマー　スタイ　ガーゼスタイ　ベビーソックスクッション中材　座布団中材　座布団カバー　ダルトン　ＤＵＬＴＯＮ　アメリカン　10倍　15倍　20倍　12周年ダブルデッカー　トリプルデッカー　トライデッカー　ガーベージカン　5段チェスト　10段チェストクッションカバー　45&times;45　クッション　45角　ミニクッション　トスクッションコレクションリビング　フォールディングチェア　スタッキングチェア　コスカ　koska　ポケット　pocketストール　メローネバッグ　ハンカチ　かっぽう着　ワークエプロン　北欧　ムーミン　鈴木マサル　岡理恵子　北海道QUARTER　REPORＴ　クォーターリポート　QUARTERREPORＴ◇◆◇◆◇DDintex(ディーディーインテックス）【オーダーフラットカーテン】Grano（グラーノ）　色：NT　幅261～390/丈～260&times;片開き（1枚）幅130～195/丈～260&times;両開き（2枚）【interiorカーテン】,リネンのカーテンとしては最適な生地です♪。◇◆◇◆◇DDintex(ディーディーインテックス）【オーダーフラットカーテン】Grano（グラーノ）　色：NT　幅261～390/丈～260&times;片開き（1枚）幅130～195/丈～260&times;両開き（2枚）【interiorカーテン】[rn]
14-79023,http://tshop.r10s.jp/lamiavita/cabinet/ddintex2016/fabric/imgrc0067554589.jpg?fitin=700:700,8400.0000,,インテリア・寝具・収納 > カーテン・ブラインド > その他,◇◆◇◆◇DDintex(ディーディーインテックス）【オーダーフラットカーテン】Ragno（ラーニョ）　色：IV　幅～140/丈～260×片開き（1枚）【interiorカーテン】,,,◇◆◇◆◇DDintex(ディーディーインテックス）【オーダーフラットカーテン】Ragno（ラーニョ）　色：IV　幅～140/丈～260&times;片開き（1枚）【interiorカーテン】：La mia Vita,通信販売通販ショッピングオンラインショッピング買い物プレゼントギフト贈り物贈答品お中元お歳暮お買い得Lemnos　レムノス　TEORI　テオリ　壁掛けミラー　ZERO　ハンガーシートクッション　チェアパッド　チェアクッション　ファブリック　生地　生地販売　カットクロス　インテリアクロック　掛時計　置時計　電波時計ヤマト工芸　サイトーウッド　木材　日本製　ダストボックス　ゴミ箱　分別HUG HAPPY ハグハッピー　リクライニングチェア　天童木工　ロイドルームカーテン　レースカーテン　オーダーカーテン　ストリングスカーテンDDintex　ディーディーインテックス　タペストリー　マルチクロス　Linen　リネン　麻　自然素材ambai　玉子焼　オムレツパン　小泉誠スリッパ　ルームシューズ　ティッシュケース　スリッパラッククッション　60&times;60　クッションカバー　60角アートワークスタジオ　インターフォルムサッキングパッド　レッグウォーマー　スタイ　ガーゼスタイ　ベビーソックスクッション中材　座布団中材　座布団カバー　ダルトン　ＤＵＬＴＯＮ　アメリカン　10倍　15倍　20倍　12周年ダブルデッカー　トリプルデッカー　トライデッカー　ガーベージカン　5段チェスト　10段チェストクッションカバー　45&times;45　クッション　45角　ミニクッション　トスクッションコレクションリビング　フォールディングチェア　スタッキングチェア　コスカ　koska　ポケット　pocketストール　メローネバッグ　ハンカチ　かっぽう着　ワークエプロン　北欧　ムーミン　鈴木マサル　岡理恵子　北海道QUARTER　REPORＴ　クォーターリポート　QUARTERREPORＴ◇◆◇◆◇DDintex(ディーディーインテックス）【オーダーフラットカーテン】Ragno（ラーニョ）　色：IV　幅～140/丈～260&times;片開き（1枚）【interiorカーテン】,天然素材ならではの、優しい雰囲気♪。◇◆◇◆◇DDintex(ディーディーインテックス）【オーダーフラットカーテン】Ragno（ラーニョ）　色：IV　幅～140/丈～260&times;片開き（1枚）【interiorカーテン】[rn]
14-79024,http://tshop.r10s.jp/lamiavita/cabinet/ddintex2016/fabric/imgrc0067554588.jpg?fitin=700:700,8400.0000,,インテリア・寝具・収納 > カーテン・ブラインド > その他,◇◆◇◆◇DDintex(ディーディーインテックス）【オーダーフラットカーテン】Delicat（デリカ）　色：WH　幅～140/丈～260×片開き（1枚）幅～70/丈～260×両開き（2枚）【interiorカーテン】,,,◇◆◇◆◇DDintex(ディーディーインテックス）【オーダーフラットカーテン】Delicat（デリカ）　色：WH　幅～140/丈～260&times;片開き（1枚）幅～70/丈～260&times;両開き（2枚）【interiorカーテン】：La mia Vita,通信販売通販ショッピングオンラインショッピング買い物プレゼントギフト贈り物贈答品お中元お歳暮お買い得Lemnos　レムノス　TEORI　テオリ　壁掛けミラー　ZERO　ハンガーシートクッション　チェアパッド　チェアクッション　ファブリック　生地　生地販売　カットクロス　インテリアクロック　掛時計　置時計　電波時計ヤマト工芸　サイトーウッド　木材　日本製　ダストボックス　ゴミ箱　分別HUG HAPPY ハグハッピー　リクライニングチェア　天童木工　ロイドルームカーテン　レースカーテン　オーダーカーテン　ストリングスカーテンDDintex　ディーディーインテックス　タペストリー　マルチクロス　Linen　リネン　麻　自然素材ambai　玉子焼　オムレツパン　小泉誠スリッパ　ルームシューズ　ティッシュケース　スリッパラッククッション　60&times;60　クッションカバー　60角アートワークスタジオ　インターフォルムサッキングパッド　レッグウォーマー　スタイ　ガーゼスタイ　ベビーソックスクッション中材　座布団中材　座布団カバー　ダルトン　ＤＵＬＴＯＮ　アメリカン　10倍　15倍　20倍　12周年ダブルデッカー　トリプルデッカー　トライデッカー　ガーベージカン　5段チェスト　10段チェストクッションカバー　45&times;45　クッション　45角　ミニクッション　トスクッションコレクションリビング　フォールディングチェア　スタッキングチェア　コスカ　koska　ポケット　pocketストール　メローネバッグ　ハンカチ　かっぽう着　ワークエプロン　北欧　ムーミン　鈴木マサル　岡理恵子　北海道QUARTER　REPORＴ　クォーターリポート　QUARTERREPORＴ◇◆◇◆◇DDintex(ディーディーインテックス）【オーダーフラットカーテン】Delicat（デリカ）　色：WH　幅～140/丈～260&times;片開き（1枚）幅～70/丈～260&times;両開き（2枚）【interiorカーテン】,プリーツのないフラットなカーテンです♪。◇◆◇◆◇DDintex(ディーディーインテックス）【オーダーフラットカーテン】Delicat（デリカ）　色：WH　幅～140/丈～260&times;片開き（1枚）幅～70/丈～260&times;両開き（2枚）【interiorカーテン】[rn]
14-79025,http://tshop.r10s.jp/lamiavita/cabinet/ddintex2016/fabric/imgrc0067554589.jpg?fitin=700:700,16800.0000,,インテリア・寝具・収納 > カーテン・ブラインド > その他,◇◆◇◆◇DDintex(ディーディーインテックス）【オーダーフラットカーテン】Ragno（ラーニョ）　色：IV　幅141～280/丈～260×片開き（1枚）幅72～140/丈～260×両開き（2枚）【interiorカーテン】,,,◇◆◇◆◇DDintex(ディーディーインテックス）【オーダーフラットカーテン】Ragno（ラーニョ）　色：IV　幅141～280/丈～260&times;片開き（1枚）幅72～140/丈～260&times;両開き（2枚）【interiorカーテン】：La mia Vita,通信販売通販ショッピングオンラインショッピング買い物プレゼントギフト贈り物贈答品お中元お歳暮お買い得Lemnos　レムノス　TEORI　テオリ　壁掛けミラー　ZERO　ハンガーシートクッション　チェアパッド　チェアクッション　ファブリック　生地　生地販売　カットクロス　インテリアクロック　掛時計　置時計　電波時計ヤマト工芸　サイトーウッド　木材　日本製　ダストボックス　ゴミ箱　分別HUG HAPPY ハグハッピー　リクライニングチェア　天童木工　ロイドルームカーテン　レースカーテン　オーダーカーテン　ストリングスカーテンDDintex　ディーディーインテックス　タペストリー　マルチクロス　Linen　リネン　麻　自然素材ambai　玉子焼　オムレツパン　小泉誠スリッパ　ルームシューズ　ティッシュケース　スリッパラッククッション　60&times;60　クッションカバー　60角アートワークスタジオ　インターフォルムサッキングパッド　レッグウォーマー　スタイ　ガーゼスタイ　ベビーソックスクッション中材　座布団中材　座布団カバー　ダルトン　ＤＵＬＴＯＮ　アメリカン　10倍　15倍　20倍　12周年ダブルデッカー　トリプルデッカー　トライデッカー　ガーベージカン　5段チェスト　10段チェストクッションカバー　45&times;45　クッション　45角　ミニクッション　トスクッションコレクションリビング　フォールディングチェア　スタッキングチェア　コスカ　koska　ポケット　pocketストール　メローネバッグ　ハンカチ　かっぽう着　ワークエプロン　北欧　ムーミン　鈴木マサル　岡理恵子　北海道QUARTER　REPORＴ　クォーターリポート　QUARTERREPORＴ◇◆◇◆◇DDintex(ディーディーインテックス）【オーダーフラットカーテン】Ragno（ラーニョ）　色：IV　幅141～280/丈～260&times;片開き（1枚）幅72～140/丈～260&times;両開き（2枚）【interiorカーテン】,天然素材ならではの、優しい雰囲気♪。◇◆◇◆◇DDintex(ディーディーインテックス）【オーダーフラットカーテン】Ragno（ラーニョ）　色：IV　幅141～280/丈～260&times;片開き（1枚）幅72～140/丈～260&times;両開き（2枚）【interiorカーテン】[rn]
14-79026,http://tshop.r10s.jp/lamiavita/cabinet/ddintex2016/fabric/imgrc0067554528.jpg?fitin=700:700,26400.0000,,インテリア・寝具・収納 > カーテン・ブラインド > その他,◇◆◇◆◇DDintex(ディーディーインテックス）【オーダーフラットカーテン】Natura（ナトゥーラ）　色：NT　幅261～390×丈～260cm＝片開き（1枚）幅131～195×丈～260cm＝両開き（2枚）【interiorカーテン】,,,◇◆◇◆◇DDintex(ディーディーインテックス）【オーダーフラットカーテン】Natura（ナトゥーラ）　色：NT　幅261～390&times;丈～260cm＝片開き（1枚）幅131～195&times;丈～260cm＝両開き（2枚）【interiorカーテン】：La mia Vita,通信販売通販ショッピングオンラインショッピング買い物プレゼントギフト贈り物贈答品お中元お歳暮お買い得Lemnos　レムノス　TEORI　テオリ　壁掛けミラー　ZERO　ハンガーシートクッション　チェアパッド　チェアクッション　ファブリック　生地　生地販売　カットクロス　インテリアクロック　掛時計　置時計　電波時計ヤマト工芸　サイトーウッド　木材　日本製　ダストボックス　ゴミ箱　分別HUG HAPPY ハグハッピー　リクライニングチェア　天童木工　ロイドルームカーテン　レースカーテン　オーダーカーテン　ストリングスカーテンDDintex　ディーディーインテックス　タペストリー　マルチクロス　Linen　リネン　麻　自然素材ambai　玉子焼　オムレツパン　小泉誠スリッパ　ルームシューズ　ティッシュケース　スリッパラッククッション　60&times;60　クッションカバー　60角アートワークスタジオ　インターフォルムサッキングパッド　レッグウォーマー　スタイ　ガーゼスタイ　ベビーソックスクッション中材　座布団中材　座布団カバー　ダルトン　ＤＵＬＴＯＮ　アメリカン　10倍　15倍　20倍　12周年ダブルデッカー　トリプルデッカー　トライデッカー　ガーベージカン　5段チェスト　10段チェストクッションカバー　45&times;45　クッション　45角　ミニクッション　トスクッションコレクションリビング　フォールディングチェア　スタッキングチェア　コスカ　koska　ポケット　pocketストール　メローネバッグ　ハンカチ　かっぽう着　ワークエプロン　北欧　ムーミン　鈴木マサル　岡理恵子　北海道QUARTER　REPORＴ　クォーターリポート　QUARTERREPORＴ◇◆◇◆◇DDintex(ディーディーインテックス）【オーダーフラットカーテン】Natura（ナトゥーラ）　色：NT　幅261～390&times;丈～260cm＝片開き（1枚）幅131～195&times;丈～260cm＝両開き（2枚）【interiorカーテン】,プリーツのないフラットなカーテンです♪。◇◆◇◆◇DDintex(ディーディーインテックス）【オーダーフラットカーテン】Natura（ナトゥーラ）　色：NT　幅261～390&times;丈～260cm＝片開き（1枚）幅131～195&times;丈～260cm＝両開き（2枚）【interiorカーテン】[rn]
14-79027,http://tshop.r10s.jp/lamiavita/cabinet/ddintex2016/fabric/imgrc0067554588.jpg?fitin=700:700,16800.0000,,インテリア・寝具・収納 > カーテン・ブラインド > その他,◇◆◇◆◇DDintex(ディーディーインテックス）【オーダーフラットカーテン】Delicat（デリカ）　色：WH　幅141～280/丈～260×片開き（1枚）幅71～140/丈～260×両開き（2枚）【interiorカーテン】,,,◇◆◇◆◇DDintex(ディーディーインテックス）【オーダーフラットカーテン】Delicat（デリカ）　色：WH　幅141～280/丈～260&times;片開き（1枚）幅71～140/丈～260&times;両開き（2枚）【interiorカーテン】：La mia Vita,通信販売通販ショッピングオンラインショッピング買い物プレゼントギフト贈り物贈答品お中元お歳暮お買い得Lemnos　レムノス　TEORI　テオリ　壁掛けミラー　ZERO　ハンガーシートクッション　チェアパッド　チェアクッション　ファブリック　生地　生地販売　カットクロス　インテリアクロック　掛時計　置時計　電波時計ヤマト工芸　サイトーウッド　木材　日本製　ダストボックス　ゴミ箱　分別HUG HAPPY ハグハッピー　リクライニングチェア　天童木工　ロイドルームカーテン　レースカーテン　オーダーカーテン　ストリングスカーテンDDintex　ディーディーインテックス　タペストリー　マルチクロス　Linen　リネン　麻　自然素材ambai　玉子焼　オムレツパン　小泉誠スリッパ　ルームシューズ　ティッシュケース　スリッパラッククッション　60&times;60　クッションカバー　60角アートワークスタジオ　インターフォルムサッキングパッド　レッグウォーマー　スタイ　ガーゼスタイ　ベビーソックスクッション中材　座布団中材　座布団カバー　ダルトン　ＤＵＬＴＯＮ　アメリカン　10倍　15倍　20倍　12周年ダブルデッカー　トリプルデッカー　トライデッカー　ガーベージカン　5段チェスト　10段チェストクッションカバー　45&times;45　クッション　45角　ミニクッション　トスクッションコレクションリビング　フォールディングチェア　スタッキングチェア　コスカ　koska　ポケット　pocketストール　メローネバッグ　ハンカチ　かっぽう着　ワークエプロン　北欧　ムーミン　鈴木マサル　岡理恵子　北海道QUARTER　REPORＴ　クォーターリポート　QUARTERREPORＴ◇◆◇◆◇DDintex(ディーディーインテックス）【オーダーフラットカーテン】Delicat（デリカ）　色：WH　幅141～280/丈～260&times;片開き（1枚）幅71～140/丈～260&times;両開き（2枚）【interiorカーテン】,プリーツのないフラットなカーテンです♪。◇◆◇◆◇DDintex(ディーディーインテックス）【オーダーフラットカーテン】Delicat（デリカ）　色：WH　幅141～280/丈～260&times;片開き（1枚）幅71～140/丈～260&times;両開き（2枚）【interiorカーテン】[rn]
14-79028,http://tshop.r10s.jp/lamiavita/cabinet/ddintex2016/fabric/imgrc0067554587.jpg?fitin=700:700,28800.0000,,インテリア・寝具・収納 > カーテン・ブラインド > その他,◇◆◇◆◇DDintex(ディーディーインテックス）【オーダーフラットカーテン】L Pianta（Ｌピアンタ）　色：WH　幅261～390/丈～260×片開き（1枚）幅131～195/丈～260×両開き（2枚）【interiorカーテン】,,,◇◆◇◆◇DDintex(ディーディーインテックス）【オーダーフラットカーテン】L Pianta（Ｌピアンタ）　色：WH　幅261～390/丈～260&times;片開き（1枚）幅131～195/丈～260&times;両開き（2枚）【interiorカーテン】：La mia Vita,通信販売通販ショッピングオンラインショッピング買い物プレゼントギフト贈り物贈答品お中元お歳暮お買い得Lemnos　レムノス　TEORI　テオリ　壁掛けミラー　ZERO　ハンガーシートクッション　チェアパッド　チェアクッション　ファブリック　生地　生地販売　カットクロス　インテリアクロック　掛時計　置時計　電波時計ヤマト工芸　サイトーウッド　木材　日本製　ダストボックス　ゴミ箱　分別HUG HAPPY ハグハッピー　リクライニングチェア　天童木工　ロイドルームカーテン　レースカーテン　オーダーカーテン　ストリングスカーテンDDintex　ディーディーインテックス　タペストリー　マルチクロス　Linen　リネン　麻　自然素材ambai　玉子焼　オムレツパン　小泉誠スリッパ　ルームシューズ　ティッシュケース　スリッパラッククッション　60&times;60　クッションカバー　60角アートワークスタジオ　インターフォルムサッキングパッド　レッグウォーマー　スタイ　ガーゼスタイ　ベビーソックスクッション中材　座布団中材　座布団カバー　ダルトン　ＤＵＬＴＯＮ　アメリカン　10倍　15倍　20倍　12周年ダブルデッカー　トリプルデッカー　トライデッカー　ガーベージカン　5段チェスト　10段チェストクッションカバー　45&times;45　クッション　45角　ミニクッション　トスクッションコレクションリビング　フォールディングチェア　スタッキングチェア　コスカ　koska　ポケット　pocketストール　メローネバッグ　ハンカチ　かっぽう着　ワークエプロン　北欧　ムーミン　鈴木マサル　岡理恵子　北海道QUARTER　REPORＴ　クォーターリポート　QUARTERREPORＴ◇◆◇◆◇DDintex(ディーディーインテックス）【オーダーフラットカーテン】L Pianta（Ｌピアンタ）　色：WH　幅261～390/丈～260&times;片開き（1枚）幅131～195/丈～260&times;両開き（2枚）【interiorカーテン】,プリーツのないフラットなカーテンです♪。◇◆◇◆◇DDintex(ディーディーインテックス）【オーダーフラットカーテン】L Pianta（Ｌピアンタ）　色：WH　幅261～390/丈～260&times;片開き（1枚）幅131～195/丈～260&times;両開き（2枚）【interiorカーテン】[rn]
14-79029,http://tshop.r10s.jp/lamiavita/cabinet/ddintex2016/fabric/imgrc0067554589.jpg?fitin=700:700,25200.0000,,インテリア・寝具・収納 > カーテン・ブラインド > その他,◇◆◇◆◇DDintex(ディーディーインテックス）【オーダーフラットカーテン】Ragno（ラーニョ）　色：IV　幅281～420/丈～260×片開き（1枚）幅141～210/丈～260×両開き（2枚）【interiorカーテン】,,,◇◆◇◆◇DDintex(ディーディーインテックス）【オーダーフラットカーテン】Ragno（ラーニョ）　色：IV　幅281～420/丈～260&times;片開き（1枚）幅141～210/丈～260&times;両開き（2枚）【interiorカーテン】：La mia Vita,通信販売通販ショッピングオンラインショッピング買い物プレゼントギフト贈り物贈答品お中元お歳暮お買い得Lemnos　レムノス　TEORI　テオリ　壁掛けミラー　ZERO　ハンガーシートクッション　チェアパッド　チェアクッション　ファブリック　生地　生地販売　カットクロス　インテリアクロック　掛時計　置時計　電波時計ヤマト工芸　サイトーウッド　木材　日本製　ダストボックス　ゴミ箱　分別HUG HAPPY ハグハッピー　リクライニングチェア　天童木工　ロイドルームカーテン　レースカーテン　オーダーカーテン　ストリングスカーテンDDintex　ディーディーインテックス　タペストリー　マルチクロス　Linen　リネン　麻　自然素材ambai　玉子焼　オムレツパン　小泉誠スリッパ　ルームシューズ　ティッシュケース　スリッパラッククッション　60&times;60　クッションカバー　60角アートワークスタジオ　インターフォルムサッキングパッド　レッグウォーマー　スタイ　ガーゼスタイ　ベビーソックスクッション中材　座布団中材　座布団カバー　ダルトン　ＤＵＬＴＯＮ　アメリカン　10倍　15倍　20倍　12周年ダブルデッカー　トリプルデッカー　トライデッカー　ガーベージカン　5段チェスト　10段チェストクッションカバー　45&times;45　クッション　45角　ミニクッション　トスクッションコレクションリビング　フォールディングチェア　スタッキングチェア　コスカ　koska　ポケット　pocketストール　メローネバッグ　ハンカチ　かっぽう着　ワークエプロン　北欧　ムーミン　鈴木マサル　岡理恵子　北海道QUARTER　REPORＴ　クォーターリポート　QUARTERREPORＴ◇◆◇◆◇DDintex(ディーディーインテックス）【オーダーフラットカーテン】Ragno（ラーニョ）　色：IV　幅281～420/丈～260&times;片開き（1枚）幅141～210/丈～260&times;両開き（2枚）【interiorカーテン】,天然素材ならではの、優しい雰囲気♪。◇◆◇◆◇DDintex(ディーディーインテックス）【オーダーフラットカーテン】Ragno（ラーニョ）　色：IV　幅281～420/丈～260&times;片開き（1枚）幅141～210/丈～260&times;両開き（2枚）【interiorカーテン】[rn]
14-79030,http://tshop.r10s.jp/lamiavita/cabinet/ddintex2016/fabric/imgrc0067554528.jpg?fitin=700:700,8800.0000,,インテリア・寝具・収納 > カーテン・ブラインド > その他,◇◆◇◆◇DDintex(ディーディーインテックス）【オーダーフラットカーテン】Natura（ナトゥーラ）　色：NT　幅～130×丈～260cm＝片開き（1枚）【interiorカーテン】,,,◇◆◇◆◇DDintex(ディーディーインテックス）【オーダーフラットカーテン】Natura（ナトゥーラ）　色：NT　幅～130&times;丈～260cm＝片開き（1枚）【interiorカーテン】：La mia Vita,通信販売通販ショッピングオンラインショッピング買い物プレゼントギフト贈り物贈答品お中元お歳暮お買い得Lemnos　レムノス　TEORI　テオリ　壁掛けミラー　ZERO　ハンガーシートクッション　チェアパッド　チェアクッション　ファブリック　生地　生地販売　カットクロス　インテリアクロック　掛時計　置時計　電波時計ヤマト工芸　サイトーウッド　木材　日本製　ダストボックス　ゴミ箱　分別HUG HAPPY ハグハッピー　リクライニングチェア　天童木工　ロイドルームカーテン　レースカーテン　オーダーカーテン　ストリングスカーテンDDintex　ディーディーインテックス　タペストリー　マルチクロス　Linen　リネン　麻　自然素材ambai　玉子焼　オムレツパン　小泉誠スリッパ　ルームシューズ　ティッシュケース　スリッパラッククッション　60&times;60　クッションカバー　60角アートワークスタジオ　インターフォルムサッキングパッド　レッグウォーマー　スタイ　ガーゼスタイ　ベビーソックスクッション中材　座布団中材　座布団カバー　ダルトン　ＤＵＬＴＯＮ　アメリカン　10倍　15倍　20倍　12周年ダブルデッカー　トリプルデッカー　トライデッカー　ガーベージカン　5段チェスト　10段チェストクッションカバー　45&times;45　クッション　45角　ミニクッション　トスクッションコレクションリビング　フォールディングチェア　スタッキングチェア　コスカ　koska　ポケット　pocketストール　メローネバッグ　ハンカチ　かっぽう着　ワークエプロン　北欧　ムーミン　鈴木マサル　岡理恵子　北海道QUARTER　REPORＴ　クォーターリポート　QUARTERREPORＴ◇◆◇◆◇DDintex(ディーディーインテックス）【オーダーフラットカーテン】Natura（ナトゥーラ）　色：NT　幅～130&times;丈～260cm＝片開き（1枚）【interiorカーテン】,プリーツのないフラットなカーテンです♪。◇◆◇◆◇DDintex(ディーディーインテックス）【オーダーフラットカーテン】Natura（ナトゥーラ）　色：NT　幅～130&times;丈～260cm＝片開き（1枚）【interiorカーテン】[rn]
14-79031,http://tshop.r10s.jp/lamiavita/cabinet/ddintex2016/fabric/imgrc0067554528.jpg?fitin=700:700,17600.0000,,インテリア・寝具・収納 > カーテン・ブラインド > その他,◇◆◇◆◇DDintex(ディーディーインテックス）【オーダーフラットカーテン】Natura（ナトゥーラ）　色：NT　幅131～260×丈～260cm＝片開き（1枚）幅66～130×丈～260cm＝両開き（2枚）【interiorカーテン】,,,◇◆◇◆◇DDintex(ディーディーインテックス）【オーダーフラットカーテン】Natura（ナトゥーラ）　色：NT　幅131～260&times;丈～260cm＝片開き（1枚）幅66～130&times;丈～260cm＝両開き（2枚）【interiorカーテン】：La mia Vita,通信販売通販ショッピングオンラインショッピング買い物プレゼントギフト贈り物贈答品お中元お歳暮お買い得Lemnos　レムノス　TEORI　テオリ　壁掛けミラー　ZERO　ハンガーシートクッション　チェアパッド　チェアクッション　ファブリック　生地　生地販売　カットクロス　インテリアクロック　掛時計　置時計　電波時計ヤマト工芸　サイトーウッド　木材　日本製　ダストボックス　ゴミ箱　分別HUG HAPPY ハグハッピー　リクライニングチェア　天童木工　ロイドルームカーテン　レースカーテン　オーダーカーテン　ストリングスカーテンDDintex　ディーディーインテックス　タペストリー　マルチクロス　Linen　リネン　麻　自然素材ambai　玉子焼　オムレツパン　小泉誠スリッパ　ルームシューズ　ティッシュケース　スリッパラッククッション　60&times;60　クッションカバー　60角アートワークスタジオ　インターフォルムサッキングパッド　レッグウォーマー　スタイ　ガーゼスタイ　ベビーソックスクッション中材　座布団中材　座布団カバー　ダルトン　ＤＵＬＴＯＮ　アメリカン　10倍　15倍　20倍　12周年ダブルデッカー　トリプルデッカー　トライデッカー　ガーベージカン　5段チェスト　10段チェストクッションカバー　45&times;45　クッション　45角　ミニクッション　トスクッションコレクションリビング　フォールディングチェア　スタッキングチェア　コスカ　koska　ポケット　pocketストール　メローネバッグ　ハンカチ　かっぽう着　ワークエプロン　北欧　ムーミン　鈴木マサル　岡理恵子　北海道QUARTER　REPORＴ　クォーターリポート　QUARTERREPORＴ◇◆◇◆◇DDintex(ディーディーインテックス）【オーダーフラットカーテン】Natura（ナトゥーラ）　色：NT　幅131～260&times;丈～260cm＝片開き（1枚）幅66～130&times;丈～260cm＝両開き（2枚）【interiorカーテン】,プリーツのないフラットなカーテンです♪。◇◆◇◆◇DDintex(ディーディーインテックス）【オーダーフラットカーテン】Natura（ナトゥーラ）　色：NT　幅131～260&times;丈～260cm＝片開き（1枚）幅66～130&times;丈～260cm＝両開き（2枚）【interiorカーテン】[rn]
14-79032,http://tshop.r10s.jp/lamiavita/cabinet/ddintex2016/fabric/imgrc0067554588.jpg?fitin=700:700,25200.0000,,インテリア・寝具・収納 > カーテン・ブラインド > その他,◇◆◇◆◇DDintex(ディーディーインテックス）【オーダーフラットカーテン】Delicat（デリカ）　色：WH　幅281～420/丈～260×片開き（1枚）幅141～210/丈～260×両開き（2枚）【interiorカーテン】,,,◇◆◇◆◇DDintex(ディーディーインテックス）【オーダーフラットカーテン】Delicat（デリカ）　色：WH　幅281～420/丈～260&times;片開き（1枚）幅141～210/丈～260&times;両開き（2枚）【interiorカーテン】：La mia Vita,通信販売通販ショッピングオンラインショッピング買い物プレゼントギフト贈り物贈答品お中元お歳暮お買い得Lemnos　レムノス　TEORI　テオリ　壁掛けミラー　ZERO　ハンガーシートクッション　チェアパッド　チェアクッション　ファブリック　生地　生地販売　カットクロス　インテリアクロック　掛時計　置時計　電波時計ヤマト工芸　サイトーウッド　木材　日本製　ダストボックス　ゴミ箱　分別HUG HAPPY ハグハッピー　リクライニングチェア　天童木工　ロイドルームカーテン　レースカーテン　オーダーカーテン　ストリングスカーテンDDintex　ディーディーインテックス　タペストリー　マルチクロス　Linen　リネン　麻　自然素材ambai　玉子焼　オムレツパン　小泉誠スリッパ　ルームシューズ　ティッシュケース　スリッパラッククッション　60&times;60　クッションカバー　60角アートワークスタジオ　インターフォルムサッキングパッド　レッグウォーマー　スタイ　ガーゼスタイ　ベビーソックスクッション中材　座布団中材　座布団カバー　ダルトン　ＤＵＬＴＯＮ　アメリカン　10倍　15倍　20倍　12周年ダブルデッカー　トリプルデッカー　トライデッカー　ガーベージカン　5段チェスト　10段チェストクッションカバー　45&times;45　クッション　45角　ミニクッション　トスクッションコレクションリビング　フォールディングチェア　スタッキングチェア　コスカ　koska　ポケット　pocketストール　メローネバッグ　ハンカチ　かっぽう着　ワークエプロン　北欧　ムーミン　鈴木マサル　岡理恵子　北海道QUARTER　REPORＴ　クォーターリポート　QUARTERREPORＴ◇◆◇◆◇DDintex(ディーディーインテックス）【オーダーフラットカーテン】Delicat（デリカ）　色：WH　幅281～420/丈～260&times;片開き（1枚）幅141～210/丈～260&times;両開き（2枚）【interiorカーテン】,プリーツのないフラットなカーテンです♪。◇◆◇◆◇DDintex(ディーディーインテックス）【オーダーフラットカーテン】Delicat（デリカ）　色：WH　幅281～420/丈～260&times;片開き（1枚）幅141～210/丈～260&times;両開き（2枚）【interiorカーテン】[rn]
14-79033,http://tshop.r10s.jp/lamiavita/cabinet/ddintex2016/fabric/imgrc0067554587.jpg?fitin=700:700,19200.0000,,インテリア・寝具・収納 > カーテン・ブラインド > その他,◇◆◇◆◇DDintex(ディーディーインテックス）【オーダーフラットカーテン】L Pianta（Ｌピアンタ）　色：WH　幅131～260/丈～260×片開き（1枚）幅66～130/丈～260×両開き（2枚）【interiorカーテン】,,,◇◆◇◆◇DDintex(ディーディーインテックス）【オーダーフラットカーテン】L Pianta（Ｌピアンタ）　色：WH　幅131～260/丈～260&times;片開き（1枚）幅66～130/丈～260&times;両開き（2枚）【interiorカーテン】：La mia Vita,通信販売通販ショッピングオンラインショッピング買い物プレゼントギフト贈り物贈答品お中元お歳暮お買い得Lemnos　レムノス　TEORI　テオリ　壁掛けミラー　ZERO　ハンガーシートクッション　チェアパッド　チェアクッション　ファブリック　生地　生地販売　カットクロス　インテリアクロック　掛時計　置時計　電波時計ヤマト工芸　サイトーウッド　木材　日本製　ダストボックス　ゴミ箱　分別HUG HAPPY ハグハッピー　リクライニングチェア　天童木工　ロイドルームカーテン　レースカーテン　オーダーカーテン　ストリングスカーテンDDintex　ディーディーインテックス　タペストリー　マルチクロス　Linen　リネン　麻　自然素材ambai　玉子焼　オムレツパン　小泉誠スリッパ　ルームシューズ　ティッシュケース　スリッパラッククッション　60&times;60　クッションカバー　60角アートワークスタジオ　インターフォルムサッキングパッド　レッグウォーマー　スタイ　ガーゼスタイ　ベビーソックスクッション中材　座布団中材　座布団カバー　ダルトン　ＤＵＬＴＯＮ　アメリカン　10倍　15倍　20倍　12周年ダブルデッカー　トリプルデッカー　トライデッカー　ガーベージカン　5段チェスト　10段チェストクッションカバー　45&times;45　クッション　45角　ミニクッション　トスクッションコレクションリビング　フォールディングチェア　スタッキングチェア　コスカ　koska　ポケット　pocketストール　メローネバッグ　ハンカチ　かっぽう着　ワークエプロン　北欧　ムーミン　鈴木マサル　岡理恵子　北海道QUARTER　REPORＴ　クォーターリポート　QUARTERREPORＴ◇◆◇◆◇DDintex(ディーディーインテックス）【オーダーフラットカーテン】L Pianta（Ｌピアンタ）　色：WH　幅131～260/丈～260&times;片開き（1枚）幅66～130/丈～260&times;両開き（2枚）【interiorカーテン】,プリーツのないフラットなカーテンです♪。◇◆◇◆◇DDintex(ディーディーインテックス）【オーダーフラットカーテン】L Pianta（Ｌピアンタ）　色：WH　幅131～260/丈～260&times;片開き（1枚）幅66～130/丈～260&times;両開き（2枚）【interiorカーテン】[rn]
14-79034,http://tshop.r10s.jp/lamiavita/cabinet/ddintex2016/fabric/imgrc0067554587.jpg?fitin=700:700,9600.0000,,インテリア・寝具・収納 > カーテン・ブラインド > その他,◇◆◇◆◇DDintex(ディーディーインテックス）【オーダーフラットカーテン】L Pianta（Ｌピアンタ）　色：WH　幅～130/丈～260×片開き（1枚）【interiorカーテン】,,,◇◆◇◆◇DDintex(ディーディーインテックス）【オーダーフラットカーテン】L Pianta（Ｌピアンタ）　色：WH　幅～130/丈～260&times;片開き（1枚）【interiorカーテン】：La mia Vita,通信販売通販ショッピングオンラインショッピング買い物プレゼントギフト贈り物贈答品お中元お歳暮お買い得Lemnos　レムノス　TEORI　テオリ　壁掛けミラー　ZERO　ハンガーシートクッション　チェアパッド　チェアクッション　ファブリック　生地　生地販売　カットクロス　インテリアクロック　掛時計　置時計　電波時計ヤマト工芸　サイトーウッド　木材　日本製　ダストボックス　ゴミ箱　分別HUG HAPPY ハグハッピー　リクライニングチェア　天童木工　ロイドルームカーテン　レースカーテン　オーダーカーテン　ストリングスカーテンDDintex　ディーディーインテックス　タペストリー　マルチクロス　Linen　リネン　麻　自然素材ambai　玉子焼　オムレツパン　小泉誠スリッパ　ルームシューズ　ティッシュケース　スリッパラッククッション　60&times;60　クッションカバー　60角アートワークスタジオ　インターフォルムサッキングパッド　レッグウォーマー　スタイ　ガーゼスタイ　ベビーソックスクッション中材　座布団中材　座布団カバー　ダルトン　ＤＵＬＴＯＮ　アメリカン　10倍　15倍　20倍　12周年ダブルデッカー　トリプルデッカー　トライデッカー　ガーベージカン　5段チェスト　10段チェストクッションカバー　45&times;45　クッション　45角　ミニクッション　トスクッションコレクションリビング　フォールディングチェア　スタッキングチェア　コスカ　koska　ポケット　pocketストール　メローネバッグ　ハンカチ　かっぽう着　ワークエプロン　北欧　ムーミン　鈴木マサル　岡理恵子　北海道QUARTER　REPORＴ　クォーターリポート　QUARTERREPORＴ◇◆◇◆◇DDintex(ディーディーインテックス）【オーダーフラットカーテン】L Pianta（Ｌピアンタ）　色：WH　幅～130/丈～260&times;片開き（1枚）【interiorカーテン】,プリーツのないフラットなカーテンです♪。◇◆◇◆◇DDintex(ディーディーインテックス）【オーダーフラットカーテン】L Pianta（Ｌピアンタ）　色：WH　幅～130/丈～260&times;片開き（1枚）【interiorカーテン】[rn]
14-79035,http://tshop.r10s.jp/lamiavita/cabinet/ddintex2016/fabric/imgrc0067554587.jpg?fitin=700:700,4320.0000,,インテリア・寝具・収納 > カーテン・ブラインド > その他,◆誕生祭！ポイント10倍！◆DDintex(ディーディーインテックス）Tapestry【タペストリー】L Pianta（Ｌピアンタ）　色：WH　Ｍサイズ（95×150）　【interiorカーテン】,,,◆誕生祭！ポイント10倍！◆DDintex(ディーディーインテックス）Tapestry【タペストリー】L Pianta（Ｌピアンタ）　色：WH　Ｍサイズ（95&times;150）　【interiorカーテン】：La mia Vita,通信販売通販ショッピングオンラインショッピング買い物プレゼントギフト贈り物贈答品お中元お歳暮お買い得Lemnos　レムノス　TEORI　テオリ　壁掛けミラー　ZERO　ハンガーシートクッション　チェアパッド　チェアクッション　ファブリック　生地　生地販売　カットクロス　インテリアクロック　掛時計　置時計　電波時計ヤマト工芸　サイトーウッド　木材　日本製　ダストボックス　ゴミ箱　分別HUG HAPPY ハグハッピー　リクライニングチェア　天童木工　ロイドルームカーテン　レースカーテン　オーダーカーテン　ストリングスカーテンDDintex　ディーディーインテックス　タペストリー　マルチクロス　Linen　リネン　麻　自然素材ambai　玉子焼　オムレツパン　小泉誠スリッパ　ルームシューズ　ティッシュケース　スリッパラッククッション　60&times;60　クッションカバー　60角アートワークスタジオ　インターフォルムサッキングパッド　レッグウォーマー　スタイ　ガーゼスタイ　ベビーソックスクッション中材　座布団中材　座布団カバー　ダルトン　ＤＵＬＴＯＮ　アメリカン　10倍　15倍　20倍　12周年ダブルデッカー　トリプルデッカー　トライデッカー　ガーベージカン　5段チェスト　10段チェストクッションカバー　45&times;45　クッション　45角　ミニクッション　トスクッションコレクションリビング　フォールディングチェア　スタッキングチェア　コスカ　koska　ポケット　pocketストール　メローネバッグ　ハンカチ　かっぽう着　ワークエプロン　北欧　ムーミン　鈴木マサル　岡理恵子　北海道QUARTER　REPORＴ　クォーターリポート　QUARTERREPORＴ◆誕生祭！ポイント10倍！◆DDintex(ディーディーインテックス）Tapestry【タペストリー】L Pianta（Ｌピアンタ）　色：WH　Ｍサイズ（95&times;150）　【interiorカーテン】,天然素材ならではの、優しい雰囲気♪。◆誕生祭！ポイント10倍！◆DDintex(ディーディーインテックス）Tapestry【タペストリー】L Pianta（Ｌピアンタ）　色：WH　Ｍサイズ（95&times;150）　【interiorカーテン】[rn]
14-79036,http://tshop.r10s.jp/lamiavita/cabinet/ddintex2016/fabric/imgrc0067554582.jpg?fitin=700:700,4320.0000,,インテリア・寝具・収納 > カーテン・ブラインド > その他,◆誕生祭！ポイント10倍！◆DDintex(ディーディーインテックス）Tapestry【タペストリー】L Pianta（Ｌピアンタ）　色：NT　Ｍサイズ（95×150）　【interiorカーテン】,,,◆誕生祭！ポイント10倍！◆DDintex(ディーディーインテックス）Tapestry【タペストリー】L Pianta（Ｌピアンタ）　色：NT　Ｍサイズ（95&times;150）　【interiorカーテン】：La mia Vita,通信販売通販ショッピングオンラインショッピング買い物プレゼントギフト贈り物贈答品お中元お歳暮お買い得Lemnos　レムノス　TEORI　テオリ　壁掛けミラー　ZERO　ハンガーシートクッション　チェアパッド　チェアクッション　ファブリック　生地　生地販売　カットクロス　インテリアクロック　掛時計　置時計　電波時計ヤマト工芸　サイトーウッド　木材　日本製　ダストボックス　ゴミ箱　分別HUG HAPPY ハグハッピー　リクライニングチェア　天童木工　ロイドルームカーテン　レースカーテン　オーダーカーテン　ストリングスカーテンDDintex　ディーディーインテックス　タペストリー　マルチクロス　Linen　リネン　麻　自然素材ambai　玉子焼　オムレツパン　小泉誠スリッパ　ルームシューズ　ティッシュケース　スリッパラッククッション　60&times;60　クッションカバー　60角アートワークスタジオ　インターフォルムサッキングパッド　レッグウォーマー　スタイ　ガーゼスタイ　ベビーソックスクッション中材　座布団中材　座布団カバー　ダルトン　ＤＵＬＴＯＮ　アメリカン　10倍　15倍　20倍　12周年ダブルデッカー　トリプルデッカー　トライデッカー　ガーベージカン　5段チェスト　10段チェストクッションカバー　45&times;45　クッション　45角　ミニクッション　トスクッションコレクションリビング　フォールディングチェア　スタッキングチェア　コスカ　koska　ポケット　pocketストール　メローネバッグ　ハンカチ　かっぽう着　ワークエプロン　北欧　ムーミン　鈴木マサル　岡理恵子　北海道QUARTER　REPORＴ　クォーターリポート　QUARTERREPORＴ◆誕生祭！ポイント10倍！◆DDintex(ディーディーインテックス）Tapestry【タペストリー】L Pianta（Ｌピアンタ）　色：NT　Ｍサイズ（95&times;150）　【interiorカーテン】,天然素材ならではの、優しい雰囲気♪。◆誕生祭！ポイント10倍！◆DDintex(ディーディーインテックス）Tapestry【タペストリー】L Pianta（Ｌピアンタ）　色：NT　Ｍサイズ（95&times;150）　【interiorカーテン】[rn]
14-79037,http://tshop.r10s.jp/lamiavita/cabinet/ddintex2016/fabric/imgrc0067554587.jpg?fitin=700:700,4960.0000,,インテリア・寝具・収納 > カーテン・ブラインド > その他,◆誕生祭！ポイント10倍！◆DDintex(ディーディーインテックス）Tapestry【タペストリー】L Pianta（Ｌピアンタ）　色：WH　Ｌサイズ（95×180）　【interiorカーテン】,,,◆誕生祭！ポイント10倍！◆DDintex(ディーディーインテックス）Tapestry【タペストリー】L Pianta（Ｌピアンタ）　色：WH　Ｌサイズ（95&times;180）　【interiorカーテン】：La mia Vita,通信販売通販ショッピングオンラインショッピング買い物プレゼントギフト贈り物贈答品お中元お歳暮お買い得Lemnos　レムノス　TEORI　テオリ　壁掛けミラー　ZERO　ハンガーシートクッション　チェアパッド　チェアクッション　ファブリック　生地　生地販売　カットクロス　インテリアクロック　掛時計　置時計　電波時計ヤマト工芸　サイトーウッド　木材　日本製　ダストボックス　ゴミ箱　分別HUG HAPPY ハグハッピー　リクライニングチェア　天童木工　ロイドルームカーテン　レースカーテン　オーダーカーテン　ストリングスカーテンDDintex　ディーディーインテックス　タペストリー　マルチクロス　Linen　リネン　麻　自然素材ambai　玉子焼　オムレツパン　小泉誠スリッパ　ルームシューズ　ティッシュケース　スリッパラッククッション　60&times;60　クッションカバー　60角アートワークスタジオ　インターフォルムサッキングパッド　レッグウォーマー　スタイ　ガーゼスタイ　ベビーソックスクッション中材　座布団中材　座布団カバー　ダルトン　ＤＵＬＴＯＮ　アメリカン　10倍　15倍　20倍　12周年ダブルデッカー　トリプルデッカー　トライデッカー　ガーベージカン　5段チェスト　10段チェストクッションカバー　45&times;45　クッション　45角　ミニクッション　トスクッションコレクションリビング　フォールディングチェア　スタッキングチェア　コスカ　koska　ポケット　pocketストール　メローネバッグ　ハンカチ　かっぽう着　ワークエプロン　北欧　ムーミン　鈴木マサル　岡理恵子　北海道QUARTER　REPORＴ　クォーターリポート　QUARTERREPORＴ◆誕生祭！ポイント10倍！◆DDintex(ディーディーインテックス）Tapestry【タペストリー】L Pianta（Ｌピアンタ）　色：WH　Ｌサイズ（95&times;180）　【interiorカーテン】,天然素材ならではの、優しい雰囲気♪。◆誕生祭！ポイント10倍！◆DDintex(ディーディーインテックス）Tapestry【タペストリー】L Pianta（Ｌピアンタ）　色：WH　Ｌサイズ（95&times;180）　【interiorカーテン】[rn]
14-79038,http://tshop.r10s.jp/lamiavita/cabinet/ddintex2016/fabric/imgrc0067554582.jpg?fitin=700:700,4960.0000,,インテリア・寝具・収納 > カーテン・ブラインド > その他,◆誕生祭！ポイント10倍！◆DDintex(ディーディーインテックス）Tapestry【タペストリー】L Pianta（Ｌピアンタ）　色：NT　Ｌサイズ（95×180）　【interiorカーテン】,,,◆誕生祭！ポイント10倍！◆DDintex(ディーディーインテックス）Tapestry【タペストリー】L Pianta（Ｌピアンタ）　色：NT　Ｌサイズ（95&times;180）　【interiorカーテン】：La mia Vita,通信販売通販ショッピングオンラインショッピング買い物プレゼントギフト贈り物贈答品お中元お歳暮お買い得Lemnos　レムノス　TEORI　テオリ　壁掛けミラー　ZERO　ハンガーシートクッション　チェアパッド　チェアクッション　ファブリック　生地　生地販売　カットクロス　インテリアクロック　掛時計　置時計　電波時計ヤマト工芸　サイトーウッド　木材　日本製　ダストボックス　ゴミ箱　分別HUG HAPPY ハグハッピー　リクライニングチェア　天童木工　ロイドルームカーテン　レースカーテン　オーダーカーテン　ストリングスカーテンDDintex　ディーディーインテックス　タペストリー　マルチクロス　Linen　リネン　麻　自然素材ambai　玉子焼　オムレツパン　小泉誠スリッパ　ルームシューズ　ティッシュケース　スリッパラッククッション　60&times;60　クッションカバー　60角アートワークスタジオ　インターフォルムサッキングパッド　レッグウォーマー　スタイ　ガーゼスタイ　ベビーソックスクッション中材　座布団中材　座布団カバー　ダルトン　ＤＵＬＴＯＮ　アメリカン　10倍　15倍　20倍　12周年ダブルデッカー　トリプルデッカー　トライデッカー　ガーベージカン　5段チェスト　10段チェストクッションカバー　45&times;45　クッション　45角　ミニクッション　トスクッションコレクションリビング　フォールディングチェア　スタッキングチェア　コスカ　koska　ポケット　pocketストール　メローネバッグ　ハンカチ　かっぽう着　ワークエプロン　北欧　ムーミン　鈴木マサル　岡理恵子　北海道QUARTER　REPORＴ　クォーターリポート　QUARTERREPORＴ◆誕生祭！ポイント10倍！◆DDintex(ディーディーインテックス）Tapestry【タペストリー】L Pianta（Ｌピアンタ）　色：NT　Ｌサイズ（95&times;180）　【interiorカーテン】,天然素材ならではの、優しい雰囲気♪。◆誕生祭！ポイント10倍！◆DDintex(ディーディーインテックス）Tapestry【タペストリー】L Pianta（Ｌピアンタ）　色：NT　Ｌサイズ（95&times;180）　【interiorカーテン】[rn]
14-79039,http://tshop.r10s.jp/elmundofoods/cabinet/03187388/img63129947.jpg?fitin=700:700,659.2000,,インテリア・寝具・収納 > カーテン・ブラインド > その他,装飾付きカーテンタッセル（１本）アクリルビーズとレース飾り付き ゴージャス エキゾチック モロッコ インド ヨーロッパフランス おしゃれ バッグ アンティーク カーテン留め紐,,"ゴージャスなカーテンタッセル（romanica)<br><br>高級感のある落ち着いた色合いのストリングのタッセルです。大きなアクリルビーズと、オーガンジーレースが華やかさをプラスしてくれます。<br>
大きすぎないので日本のカーテンサイズにピッタリ！<br><br>

素材：ナイロン、ポリエステル、樹脂<br>
サイズ：全長約55ｃｍ<br>
中国製<br><br>
【お取扱いについて】配送直後はストリングに多少のうねりございます。（梱包して発送をするため）お時間と共になじんで参ります。<br>また、海外で製造されているためアクリル部分には小さなキズや歪みなどがある場合がございます。予めご了承ください。<br>
＊樹脂部分にはアンティーク加工が施されています。<br><br>
【配送について】宅配便でお届けします。（メール便不可）",装飾付きカーテンタッセル（１本）アクリルビーズとレース飾り付き ゴージャス エキゾチック モロッコ インド ヨーロッパフランス おしゃれ バッグ アンティーク カーテン留め紐：エルムンド,通信販売通販ショッピングオンラインショッピング買い物プレゼントギフト贈り物贈答品お中元お歳暮お買い得お歳暮 御歳暮 御中元 お中元 内祝い 法事 プレゼント 出産祝い ギフト長靴 カゴバッグ キッズ 子供 日傘 レインコート 母の日 父の日帽子　手袋　マフラー　ネックウォーマー　傘　レインコートクリスマスプレゼント　激安コーヒーギフト子供服　ファッション　ストレッチパンツ　スリムパンツ　スキニ&mdash;インテリア　通販　エスニック　アラビック　オリエンタル輸入雑貨おしゃれシャビー　雑貨インポート雑貨　輸入雑貨　個性的北欧雑貨子供　リュックサックモロッコ　トルコ　ネパール　インド　タイ　アジア雑貨　通販食品飲料アンティークキッズ　ベビー　1才2才3才4才5才6才7才8才装飾付きカーテンタッセル（１本）アクリルビーズとレース飾り付き ゴージャス エキゾチック モロッコ インド ヨーロッパフランス おしゃれ バッグ アンティーク カーテン留め紐,ヨーロッパスタイルのカーテンタッセル。装飾付きカーテンタッセル（１本）アクリルビーズとレース飾り付き ゴージャス エキゾチック モロッコ インド ヨーロッパフランス おしゃれ バッグ アンティーク カーテン留め紐[rn]
14-79040,http://tshop.r10s.jp/lamiavita/cabinet/quarterreport2014/moomin/ordercurtain/img62698355.jpg?fitin=700:700,7200.0000,,インテリア・寝具・収納 > カーテン・ブラインド > その他,◇◆◇◆◇【送料無料！】【smtb-TK】QUARTER REPORT(クォーターリポート）北欧・ムーミン【オーダーフラットカーテン】幅～140×丈～100cm＝片開き（1枚）幅～65×丈～100cm＝両開き（2枚）【interiorカーテン】,,,◇◆◇◆◇【送料無料！】【smtb-TK】QUARTER REPORT(クォーターリポート）北欧・ムーミン【オーダーフラットカーテン】幅～140&times;丈～100cm＝片開き（1枚）幅～65&times;丈～100cm＝両開き（2枚）【interiorカーテン】：La mia Vita,通信販売通販ショッピングオンラインショッピング買い物プレゼントギフト贈り物贈答品お中元お歳暮お買い得Lemnos　レムノス　TEORI　テオリ　壁掛けミラー　ZERO　ハンガーシートクッション　チェアパッド　チェアクッション　ファブリック　生地　生地販売　カットクロス　インテリアクロック　掛時計　置時計　電波時計ヤマト工芸　サイトーウッド　木材　日本製　ダストボックス　ゴミ箱　分別HUG HAPPY ハグハッピー　リクライニングチェア　天童木工　ロイドルームカーテン　レースカーテン　オーダーカーテン　ストリングスカーテンDDintex　ディーディーインテックス　タペストリー　マルチクロス　Linen　リネン　麻　自然素材ambai　玉子焼　オムレツパン　小泉誠スリッパ　ルームシューズ　ティッシュケース　スリッパラッククッション　60&times;60　クッションカバー　60角アートワークスタジオ　インターフォルムサッキングパッド　レッグウォーマー　スタイ　ガーゼスタイ　ベビーソックスクッション中材　座布団中材　座布団カバー　ダルトン　ＤＵＬＴＯＮ　アメリカン　10倍　15倍　20倍　12周年ダブルデッカー　トリプルデッカー　トライデッカー　ガーベージカン　5段チェスト　10段チェストクッションカバー　45&times;45　クッション　45角　ミニクッション　トスクッションコレクションリビング　フォールディングチェア　スタッキングチェア　コスカ　koska　ポケット　pocketストール　メローネバッグ　ハンカチ　かっぽう着　ワークエプロン　北欧　ムーミン　鈴木マサル　岡理恵子　北海道QUARTER　REPORＴ　クォーターリポート　QUARTERREPORＴ◇◆◇◆◇【送料無料！】【smtb-TK】QUARTER REPORT(クォーターリポート）北欧・ムーミン【オーダーフラットカーテン】幅～140&times;丈～100cm＝片開き（1枚）幅～65&times;丈～100cm＝両開き（2枚）【interiorカーテン】,フィンランドで生まれた北欧を代表する♪。◇◆◇◆◇【送料無料！】【smtb-TK】QUARTER REPORT(クォーターリポート）北欧・ムーミン【オーダーフラットカーテン】幅～140&times;丈～100cm＝片開き（1枚）幅～65&times;丈～100cm＝両開き（2枚）【interiorカーテン】[rn]
14-79041,http://tshop.r10s.jp/lamiavita/cabinet/quarterreport2014/moomin/ordercurtain/img62698355.jpg?fitin=700:700,7840.0000,,インテリア・寝具・収納 > カーテン・ブラインド > その他,◇◆◇◆◇QUARTER REPORT(クォーターリポート）北欧・ムーミン【オーダーフラットカーテン】幅～140×丈101～120cm＝片開き（1枚）幅～65×丈101～120cm＝両開き（2枚）【interiorカーテン】,,,◇◆◇◆◇QUARTER REPORT(クォーターリポート）北欧・ムーミン【オーダーフラットカーテン】幅～140&times;丈101～120cm＝片開き（1枚）幅～65&times;丈101～120cm＝両開き（2枚）【interiorカーテン】：La mia Vita,通信販売通販ショッピングオンラインショッピング買い物プレゼントギフト贈り物贈答品お中元お歳暮お買い得Lemnos　レムノス　TEORI　テオリ　壁掛けミラー　ZERO　ハンガーシートクッション　チェアパッド　チェアクッション　ファブリック　生地　生地販売　カットクロス　インテリアクロック　掛時計　置時計　電波時計ヤマト工芸　サイトーウッド　木材　日本製　ダストボックス　ゴミ箱　分別HUG HAPPY ハグハッピー　リクライニングチェア　天童木工　ロイドルームカーテン　レースカーテン　オーダーカーテン　ストリングスカーテンDDintex　ディーディーインテックス　タペストリー　マルチクロス　Linen　リネン　麻　自然素材ambai　玉子焼　オムレツパン　小泉誠スリッパ　ルームシューズ　ティッシュケース　スリッパラッククッション　60&times;60　クッションカバー　60角アートワークスタジオ　インターフォルムサッキングパッド　レッグウォーマー　スタイ　ガーゼスタイ　ベビーソックスクッション中材　座布団中材　座布団カバー　ダルトン　ＤＵＬＴＯＮ　アメリカン　10倍　15倍　20倍　12周年ダブルデッカー　トリプルデッカー　トライデッカー　ガーベージカン　5段チェスト　10段チェストクッションカバー　45&times;45　クッション　45角　ミニクッション　トスクッションコレクションリビング　フォールディングチェア　スタッキングチェア　コスカ　koska　ポケット　pocketストール　メローネバッグ　ハンカチ　かっぽう着　ワークエプロン　北欧　ムーミン　鈴木マサル　岡理恵子　北海道QUARTER　REPORＴ　クォーターリポート　QUARTERREPORＴ◇◆◇◆◇QUARTER REPORT(クォーターリポート）北欧・ムーミン【オーダーフラットカーテン】幅～140&times;丈101～120cm＝片開き（1枚）幅～65&times;丈101～120cm＝両開き（2枚）【interiorカーテン】,フィンランドで生まれた北欧を代表する♪。◇◆◇◆◇QUARTER REPORT(クォーターリポート）北欧・ムーミン【オーダーフラットカーテン】幅～140&times;丈101～120cm＝片開き（1枚）幅～65&times;丈101～120cm＝両開き（2枚）【interiorカーテン】[rn]
14-79042,http://tshop.r10s.jp/lamiavita/cabinet/quarterreport2014/moomin/ordercurtain/img62698355.jpg?fitin=700:700,8480.0000,,インテリア・寝具・収納 > カーテン・ブラインド > その他,◇◆◇◆◇QUARTER REPORT(クォーターリポート）北欧・ムーミン【オーダーフラットカーテン】幅～140×丈121～140cm＝片開き（1枚）幅～65×丈121～140cm＝両開き（2枚）【interiorカーテン】,,,◇◆◇◆◇QUARTER REPORT(クォーターリポート）北欧・ムーミン【オーダーフラットカーテン】幅～140&times;丈121～140cm＝片開き（1枚）幅～65&times;丈121～140cm＝両開き（2枚）【interiorカーテン】：La mia Vita,通信販売通販ショッピングオンラインショッピング買い物プレゼントギフト贈り物贈答品お中元お歳暮お買い得Lemnos　レムノス　TEORI　テオリ　壁掛けミラー　ZERO　ハンガーシートクッション　チェアパッド　チェアクッション　ファブリック　生地　生地販売　カットクロス　インテリアクロック　掛時計　置時計　電波時計ヤマト工芸　サイトーウッド　木材　日本製　ダストボックス　ゴミ箱　分別HUG HAPPY ハグハッピー　リクライニングチェア　天童木工　ロイドルームカーテン　レースカーテン　オーダーカーテン　ストリングスカーテンDDintex　ディーディーインテックス　タペストリー　マルチクロス　Linen　リネン　麻　自然素材ambai　玉子焼　オムレツパン　小泉誠スリッパ　ルームシューズ　ティッシュケース　スリッパラッククッション　60&times;60　クッションカバー　60角アートワークスタジオ　インターフォルムサッキングパッド　レッグウォーマー　スタイ　ガーゼスタイ　ベビーソックスクッション中材　座布団中材　座布団カバー　ダルトン　ＤＵＬＴＯＮ　アメリカン　10倍　15倍　20倍　12周年ダブルデッカー　トリプルデッカー　トライデッカー　ガーベージカン　5段チェスト　10段チェストクッションカバー　45&times;45　クッション　45角　ミニクッション　トスクッションコレクションリビング　フォールディングチェア　スタッキングチェア　コスカ　koska　ポケット　pocketストール　メローネバッグ　ハンカチ　かっぽう着　ワークエプロン　北欧　ムーミン　鈴木マサル　岡理恵子　北海道QUARTER　REPORＴ　クォーターリポート　QUARTERREPORＴ◇◆◇◆◇QUARTER REPORT(クォーターリポート）北欧・ムーミン【オーダーフラットカーテン】幅～140&times;丈121～140cm＝片開き（1枚）幅～65&times;丈121～140cm＝両開き（2枚）【interiorカーテン】,フィンランドで生まれた北欧を代表する♪。◇◆◇◆◇QUARTER REPORT(クォーターリポート）北欧・ムーミン【オーダーフラットカーテン】幅～140&times;丈121～140cm＝片開き（1枚）幅～65&times;丈121～140cm＝両開き（2枚）【interiorカーテン】[rn]
14-79043,http://tshop.r10s.jp/lamiavita/cabinet/quarterreport2014/moomin/ordercurtain/img62698355.jpg?fitin=700:700,9120.0000,,インテリア・寝具・収納 > カーテン・ブラインド > その他,◇◆◇◆◇QUARTER REPORT(クォーターリポート）北欧・ムーミン【オーダーフラットカーテン】幅～140×丈141～160cm＝片開き（1枚）幅～65×丈141～160cm＝両開き（2枚）【interiorカーテン】,,,◇◆◇◆◇QUARTER REPORT(クォーターリポート）北欧・ムーミン【オーダーフラットカーテン】幅～140&times;丈141～160cm＝片開き（1枚）幅～65&times;丈141～160cm＝両開き（2枚）【interiorカーテン】：La mia Vita,通信販売通販ショッピングオンラインショッピング買い物プレゼントギフト贈り物贈答品お中元お歳暮お買い得Lemnos　レムノス　TEORI　テオリ　壁掛けミラー　ZERO　ハンガーシートクッション　チェアパッド　チェアクッション　ファブリック　生地　生地販売　カットクロス　インテリアクロック　掛時計　置時計　電波時計ヤマト工芸　サイトーウッド　木材　日本製　ダストボックス　ゴミ箱　分別HUG HAPPY ハグハッピー　リクライニングチェア　天童木工　ロイドルームカーテン　レースカーテン　オーダーカーテン　ストリングスカーテンDDintex　ディーディーインテックス　タペストリー　マルチクロス　Linen　リネン　麻　自然素材ambai　玉子焼　オムレツパン　小泉誠スリッパ　ルームシューズ　ティッシュケース　スリッパラッククッション　60&times;60　クッションカバー　60角アートワークスタジオ　インターフォルムサッキングパッド　レッグウォーマー　スタイ　ガーゼスタイ　ベビーソックスクッション中材　座布団中材　座布団カバー　ダルトン　ＤＵＬＴＯＮ　アメリカン　10倍　15倍　20倍　12周年ダブルデッカー　トリプルデッカー　トライデッカー　ガーベージカン　5段チェスト　10段チェストクッションカバー　45&times;45　クッション　45角　ミニクッション　トスクッションコレクションリビング　フォールディングチェア　スタッキングチェア　コスカ　koska　ポケット　pocketストール　メローネバッグ　ハンカチ　かっぽう着　ワークエプロン　北欧　ムーミン　鈴木マサル　岡理恵子　北海道QUARTER　REPORＴ　クォーターリポート　QUARTERREPORＴ◇◆◇◆◇QUARTER REPORT(クォーターリポート）北欧・ムーミン【オーダーフラットカーテン】幅～140&times;丈141～160cm＝片開き（1枚）幅～65&times;丈141～160cm＝両開き（2枚）【interiorカーテン】,フィンランドで生まれた北欧を代表する♪。◇◆◇◆◇QUARTER REPORT(クォーターリポート）北欧・ムーミン【オーダーフラットカーテン】幅～140&times;丈141～160cm＝片開き（1枚）幅～65&times;丈141～160cm＝両開き（2枚）【interiorカーテン】[rn]
14-79044,http://tshop.r10s.jp/lamiavita/cabinet/quarterreport2014/moomin/ordercurtain/img62698355.jpg?fitin=700:700,9760.0000,,インテリア・寝具・収納 > カーテン・ブラインド > その他,◇◆◇◆◇QUARTER REPORT(クォーターリポート）北欧・ムーミン【オーダーフラットカーテン】幅～140×丈161～180cm＝片開き（1枚）幅～65×丈161～180cm＝両開き（2枚）【interiorカーテン】,,,◇◆◇◆◇QUARTER REPORT(クォーターリポート）北欧・ムーミン【オーダーフラットカーテン】幅～140&times;丈161～180cm＝片開き（1枚）幅～65&times;丈161～180cm＝両開き（2枚）【interiorカーテン】：La mia Vita,通信販売通販ショッピングオンラインショッピング買い物プレゼントギフト贈り物贈答品お中元お歳暮お買い得Lemnos　レムノス　TEORI　テオリ　壁掛けミラー　ZERO　ハンガーシートクッション　チェアパッド　チェアクッション　ファブリック　生地　生地販売　カットクロス　インテリアクロック　掛時計　置時計　電波時計ヤマト工芸　サイトーウッド　木材　日本製　ダストボックス　ゴミ箱　分別HUG HAPPY ハグハッピー　リクライニングチェア　天童木工　ロイドルームカーテン　レースカーテン　オーダーカーテン　ストリングスカーテンDDintex　ディーディーインテックス　タペストリー　マルチクロス　Linen　リネン　麻　自然素材ambai　玉子焼　オムレツパン　小泉誠スリッパ　ルームシューズ　ティッシュケース　スリッパラッククッション　60&times;60　クッションカバー　60角アートワークスタジオ　インターフォルムサッキングパッド　レッグウォーマー　スタイ　ガーゼスタイ　ベビーソックスクッション中材　座布団中材　座布団カバー　ダルトン　ＤＵＬＴＯＮ　アメリカン　10倍　15倍　20倍　12周年ダブルデッカー　トリプルデッカー　トライデッカー　ガーベージカン　5段チェスト　10段チェストクッションカバー　45&times;45　クッション　45角　ミニクッション　トスクッションコレクションリビング　フォールディングチェア　スタッキングチェア　コスカ　koska　ポケット　pocketストール　メローネバッグ　ハンカチ　かっぽう着　ワークエプロン　北欧　ムーミン　鈴木マサル　岡理恵子　北海道QUARTER　REPORＴ　クォーターリポート　QUARTERREPORＴ◇◆◇◆◇QUARTER REPORT(クォーターリポート）北欧・ムーミン【オーダーフラットカーテン】幅～140&times;丈161～180cm＝片開き（1枚）幅～65&times;丈161～180cm＝両開き（2枚）【interiorカーテン】,フィンランドで生まれた北欧を代表する♪。◇◆◇◆◇QUARTER REPORT(クォーターリポート）北欧・ムーミン【オーダーフラットカーテン】幅～140&times;丈161～180cm＝片開き（1枚）幅～65&times;丈161～180cm＝両開き（2枚）【interiorカーテン】[rn]
14-79045,http://tshop.r10s.jp/lamiavita/cabinet/quarterreport2014/moomin/ordercurtain/img62698355.jpg?fitin=700:700,10400.0000,,インテリア・寝具・収納 > カーテン・ブラインド > その他,◇◆◇◆◇QUARTER REPORT(クォーターリポート）北欧・ムーミン【オーダーフラットカーテン】幅～140×丈181～200cm＝片開き（1枚）幅～65×丈181～200cm＝両開き（2枚）【interiorカーテン】,,,◇◆◇◆◇QUARTER REPORT(クォーターリポート）北欧・ムーミン【オーダーフラットカーテン】幅～140&times;丈181～200cm＝片開き（1枚）幅～65&times;丈181～200cm＝両開き（2枚）【interiorカーテン】：La mia Vita,通信販売通販ショッピングオンラインショッピング買い物プレゼントギフト贈り物贈答品お中元お歳暮お買い得Lemnos　レムノス　TEORI　テオリ　壁掛けミラー　ZERO　ハンガーシートクッション　チェアパッド　チェアクッション　ファブリック　生地　生地販売　カットクロス　インテリアクロック　掛時計　置時計　電波時計ヤマト工芸　サイトーウッド　木材　日本製　ダストボックス　ゴミ箱　分別HUG HAPPY ハグハッピー　リクライニングチェア　天童木工　ロイドルームカーテン　レースカーテン　オーダーカーテン　ストリングスカーテンDDintex　ディーディーインテックス　タペストリー　マルチクロス　Linen　リネン　麻　自然素材ambai　玉子焼　オムレツパン　小泉誠スリッパ　ルームシューズ　ティッシュケース　スリッパラッククッション　60&times;60　クッションカバー　60角アートワークスタジオ　インターフォルムサッキングパッド　レッグウォーマー　スタイ　ガーゼスタイ　ベビーソックスクッション中材　座布団中材　座布団カバー　ダルトン　ＤＵＬＴＯＮ　アメリカン　10倍　15倍　20倍　12周年ダブルデッカー　トリプルデッカー　トライデッカー　ガーベージカン　5段チェスト　10段チェストクッションカバー　45&times;45　クッション　45角　ミニクッション　トスクッションコレクションリビング　フォールディングチェア　スタッキングチェア　コスカ　koska　ポケット　pocketストール　メローネバッグ　ハンカチ　かっぽう着　ワークエプロン　北欧　ムーミン　鈴木マサル　岡理恵子　北海道QUARTER　REPORＴ　クォーターリポート　QUARTERREPORＴ◇◆◇◆◇QUARTER REPORT(クォーターリポート）北欧・ムーミン【オーダーフラットカーテン】幅～140&times;丈181～200cm＝片開き（1枚）幅～65&times;丈181～200cm＝両開き（2枚）【interiorカーテン】,フィンランドで生まれた北欧を代表する♪。◇◆◇◆◇QUARTER REPORT(クォーターリポート）北欧・ムーミン【オーダーフラットカーテン】幅～140&times;丈181～200cm＝片開き（1枚）幅～65&times;丈181～200cm＝両開き（2枚）【interiorカーテン】[rn]
14-79046,http://tshop.r10s.jp/lamiavita/cabinet/quarterreport2014/moomin/ordercurtain/img62698355.jpg?fitin=700:700,11040.0000,,インテリア・寝具・収納 > カーテン・ブラインド > その他,◇◆◇◆◇QUARTER REPORT(クォーターリポート）北欧・ムーミン【オーダーフラットカーテン】幅～140×丈201～220cm＝片開き（1枚）幅～65×丈201～220cm＝両開き（2枚）【interiorカーテン】,,,◇◆◇◆◇QUARTER REPORT(クォーターリポート）北欧・ムーミン【オーダーフラットカーテン】幅～140&times;丈201～220cm＝片開き（1枚）幅～65&times;丈201～220cm＝両開き（2枚）【interiorカーテン】：La mia Vita,通信販売通販ショッピングオンラインショッピング買い物プレゼントギフト贈り物贈答品お中元お歳暮お買い得Lemnos　レムノス　TEORI　テオリ　壁掛けミラー　ZERO　ハンガーシートクッション　チェアパッド　チェアクッション　ファブリック　生地　生地販売　カットクロス　インテリアクロック　掛時計　置時計　電波時計ヤマト工芸　サイトーウッド　木材　日本製　ダストボックス　ゴミ箱　分別HUG HAPPY ハグハッピー　リクライニングチェア　天童木工　ロイドルームカーテン　レースカーテン　オーダーカーテン　ストリングスカーテンDDintex　ディーディーインテックス　タペストリー　マルチクロス　Linen　リネン　麻　自然素材ambai　玉子焼　オムレツパン　小泉誠スリッパ　ルームシューズ　ティッシュケース　スリッパラッククッション　60&times;60　クッションカバー　60角アートワークスタジオ　インターフォルムサッキングパッド　レッグウォーマー　スタイ　ガーゼスタイ　ベビーソックスクッション中材　座布団中材　座布団カバー　ダルトン　ＤＵＬＴＯＮ　アメリカン　10倍　15倍　20倍　12周年ダブルデッカー　トリプルデッカー　トライデッカー　ガーベージカン　5段チェスト　10段チェストクッションカバー　45&times;45　クッション　45角　ミニクッション　トスクッションコレクションリビング　フォールディングチェア　スタッキングチェア　コスカ　koska　ポケット　pocketストール　メローネバッグ　ハンカチ　かっぽう着　ワークエプロン　北欧　ムーミン　鈴木マサル　岡理恵子　北海道QUARTER　REPORＴ　クォーターリポート　QUARTERREPORＴ◇◆◇◆◇QUARTER REPORT(クォーターリポート）北欧・ムーミン【オーダーフラットカーテン】幅～140&times;丈201～220cm＝片開き（1枚）幅～65&times;丈201～220cm＝両開き（2枚）【interiorカーテン】,フィンランドで生まれた北欧を代表する♪。◇◆◇◆◇QUARTER REPORT(クォーターリポート）北欧・ムーミン【オーダーフラットカーテン】幅～140&times;丈201～220cm＝片開き（1枚）幅～65&times;丈201～220cm＝両開き（2枚）【interiorカーテン】[rn]
14-79047,http://tshop.r10s.jp/lamiavita/cabinet/quarterreport2014/moomin/ordercurtain/img62698355.jpg?fitin=700:700,11680.0000,,インテリア・寝具・収納 > カーテン・ブラインド > その他,◇◆◇◆◇QUARTER REPORT(クォーターリポート）北欧・ムーミン【オーダーフラットカーテン】幅～140×丈221～240cm＝片開き（1枚）幅～65×丈221～240cm＝両開き（2枚）【interiorカーテン】,,,◇◆◇◆◇QUARTER REPORT(クォーターリポート）北欧・ムーミン【オーダーフラットカーテン】幅～140&times;丈221～240cm＝片開き（1枚）幅～65&times;丈221～240cm＝両開き（2枚）【interiorカーテン】：La mia Vita,通信販売通販ショッピングオンラインショッピング買い物プレゼントギフト贈り物贈答品お中元お歳暮お買い得Lemnos　レムノス　TEORI　テオリ　壁掛けミラー　ZERO　ハンガーシートクッション　チェアパッド　チェアクッション　ファブリック　生地　生地販売　カットクロス　インテリアクロック　掛時計　置時計　電波時計ヤマト工芸　サイトーウッド　木材　日本製　ダストボックス　ゴミ箱　分別HUG HAPPY ハグハッピー　リクライニングチェア　天童木工　ロイドルームカーテン　レースカーテン　オーダーカーテン　ストリングスカーテンDDintex　ディーディーインテックス　タペストリー　マルチクロス　Linen　リネン　麻　自然素材ambai　玉子焼　オムレツパン　小泉誠スリッパ　ルームシューズ　ティッシュケース　スリッパラッククッション　60&times;60　クッションカバー　60角アートワークスタジオ　インターフォルムサッキングパッド　レッグウォーマー　スタイ　ガーゼスタイ　ベビーソックスクッション中材　座布団中材　座布団カバー　ダルトン　ＤＵＬＴＯＮ　アメリカン　10倍　15倍　20倍　12周年ダブルデッカー　トリプルデッカー　トライデッカー　ガーベージカン　5段チェスト　10段チェストクッションカバー　45&times;45　クッション　45角　ミニクッション　トスクッションコレクションリビング　フォールディングチェア　スタッキングチェア　コスカ　koska　ポケット　pocketストール　メローネバッグ　ハンカチ　かっぽう着　ワークエプロン　北欧　ムーミン　鈴木マサル　岡理恵子　北海道QUARTER　REPORＴ　クォーターリポート　QUARTERREPORＴ◇◆◇◆◇QUARTER REPORT(クォーターリポート）北欧・ムーミン【オーダーフラットカーテン】幅～140&times;丈221～240cm＝片開き（1枚）幅～65&times;丈221～240cm＝両開き（2枚）【interiorカーテン】,フィンランドで生まれた北欧を代表する♪。◇◆◇◆◇QUARTER REPORT(クォーターリポート）北欧・ムーミン【オーダーフラットカーテン】幅～140&times;丈221～240cm＝片開き（1枚）幅～65&times;丈221～240cm＝両開き（2枚）【interiorカーテン】[rn]
14-79048,http://tshop.r10s.jp/lamiavita/cabinet/quarterreport2014/moomin/ordercurtain/img62698355.jpg?fitin=700:700,12320.0000,,インテリア・寝具・収納 > カーテン・ブラインド > その他,◇◆◇◆◇QUARTER REPORT(クォーターリポート）北欧・ムーミン【オーダーフラットカーテン】幅～140×丈241～260cm＝片開き（1枚）幅～65×丈241～260cm＝両開き（2枚）【interiorカーテン】,,,◇◆◇◆◇QUARTER REPORT(クォーターリポート）北欧・ムーミン【オーダーフラットカーテン】幅～140&times;丈241～260cm＝片開き（1枚）幅～65&times;丈241～260cm＝両開き（2枚）【interiorカーテン】：La mia Vita,通信販売通販ショッピングオンラインショッピング買い物プレゼントギフト贈り物贈答品お中元お歳暮お買い得Lemnos　レムノス　TEORI　テオリ　壁掛けミラー　ZERO　ハンガーシートクッション　チェアパッド　チェアクッション　ファブリック　生地　生地販売　カットクロス　インテリアクロック　掛時計　置時計　電波時計ヤマト工芸　サイトーウッド　木材　日本製　ダストボックス　ゴミ箱　分別HUG HAPPY ハグハッピー　リクライニングチェア　天童木工　ロイドルームカーテン　レースカーテン　オーダーカーテン　ストリングスカーテンDDintex　ディーディーインテックス　タペストリー　マルチクロス　Linen　リネン　麻　自然素材ambai　玉子焼　オムレツパン　小泉誠スリッパ　ルームシューズ　ティッシュケース　スリッパラッククッション　60&times;60　クッションカバー　60角アートワークスタジオ　インターフォルムサッキングパッド　レッグウォーマー　スタイ　ガーゼスタイ　ベビーソックスクッション中材　座布団中材　座布団カバー　ダルトン　ＤＵＬＴＯＮ　アメリカン　10倍　15倍　20倍　12周年ダブルデッカー　トリプルデッカー　トライデッカー　ガーベージカン　5段チェスト　10段チェストクッションカバー　45&times;45　クッション　45角　ミニクッション　トスクッションコレクションリビング　フォールディングチェア　スタッキングチェア　コスカ　koska　ポケット　pocketストール　メローネバッグ　ハンカチ　かっぽう着　ワークエプロン　北欧　ムーミン　鈴木マサル　岡理恵子　北海道QUARTER　REPORＴ　クォーターリポート　QUARTERREPORＴ◇◆◇◆◇QUARTER REPORT(クォーターリポート）北欧・ムーミン【オーダーフラットカーテン】幅～140&times;丈241～260cm＝片開き（1枚）幅～65&times;丈241～260cm＝両開き（2枚）【interiorカーテン】,フィンランドで生まれた北欧を代表する♪。◇◆◇◆◇QUARTER REPORT(クォーターリポート）北欧・ムーミン【オーダーフラットカーテン】幅～140&times;丈241～260cm＝片開き（1枚）幅～65&times;丈241～260cm＝両開き（2枚）【interiorカーテン】[rn]
14-79049,http://tshop.r10s.jp/lamiavita/cabinet/quarterreport2014/moomin/ordercurtain/img62698355.jpg?fitin=700:700,12960.0000,,インテリア・寝具・収納 > カーテン・ブラインド > その他,◇◆◇◆◇QUARTER REPORT(クォーターリポート）北欧・ムーミン【オーダーフラットカーテン】幅～140×丈261～280cm＝片開き（1枚）幅～65×丈261～280cm＝両開き（2枚）【interiorカーテン】,,,◇◆◇◆◇QUARTER REPORT(クォーターリポート）北欧・ムーミン【オーダーフラットカーテン】幅～140&times;丈261～280cm＝片開き（1枚）幅～65&times;丈261～280cm＝両開き（2枚）【interiorカーテン】：La mia Vita,通信販売通販ショッピングオンラインショッピング買い物プレゼントギフト贈り物贈答品お中元お歳暮お買い得Lemnos　レムノス　TEORI　テオリ　壁掛けミラー　ZERO　ハンガーシートクッション　チェアパッド　チェアクッション　ファブリック　生地　生地販売　カットクロス　インテリアクロック　掛時計　置時計　電波時計ヤマト工芸　サイトーウッド　木材　日本製　ダストボックス　ゴミ箱　分別HUG HAPPY ハグハッピー　リクライニングチェア　天童木工　ロイドルームカーテン　レースカーテン　オーダーカーテン　ストリングスカーテンDDintex　ディーディーインテックス　タペストリー　マルチクロス　Linen　リネン　麻　自然素材ambai　玉子焼　オムレツパン　小泉誠スリッパ　ルームシューズ　ティッシュケース　スリッパラッククッション　60&times;60　クッションカバー　60角アートワークスタジオ　インターフォルムサッキングパッド　レッグウォーマー　スタイ　ガーゼスタイ　ベビーソックスクッション中材　座布団中材　座布団カバー　ダルトン　ＤＵＬＴＯＮ　アメリカン　10倍　15倍　20倍　12周年ダブルデッカー　トリプルデッカー　トライデッカー　ガーベージカン　5段チェスト　10段チェストクッションカバー　45&times;45　クッション　45角　ミニクッション　トスクッションコレクションリビング　フォールディングチェア　スタッキングチェア　コスカ　koska　ポケット　pocketストール　メローネバッグ　ハンカチ　かっぽう着　ワークエプロン　北欧　ムーミン　鈴木マサル　岡理恵子　北海道QUARTER　REPORＴ　クォーターリポート　QUARTERREPORＴ◇◆◇◆◇QUARTER REPORT(クォーターリポート）北欧・ムーミン【オーダーフラットカーテン】幅～140&times;丈261～280cm＝片開き（1枚）幅～65&times;丈261～280cm＝両開き（2枚）【interiorカーテン】,フィンランドで生まれた北欧を代表する♪。◇◆◇◆◇QUARTER REPORT(クォーターリポート）北欧・ムーミン【オーダーフラットカーテン】幅～140&times;丈261～280cm＝片開き（1枚）幅～65&times;丈261～280cm＝両開き（2枚）【interiorカーテン】[rn]
14-79050,http://tshop.r10s.jp/lamiavita/cabinet/quarterreport2014/moomin/ordercurtain/img62698355.jpg?fitin=700:700,13600.0000,,インテリア・寝具・収納 > カーテン・ブラインド > その他,◇◆◇◆◇QUARTER REPORT(クォーターリポート）北欧・ムーミン【オーダーフラットカーテン】幅～140×丈281～300cm＝片開き（1枚）幅～65×丈281～300cm＝両開き（2枚）【interiorカーテン】,,,◇◆◇◆◇QUARTER REPORT(クォーターリポート）北欧・ムーミン【オーダーフラットカーテン】幅～140&times;丈281～300cm＝片開き（1枚）幅～65&times;丈281～300cm＝両開き（2枚）【interiorカーテン】：La mia Vita,通信販売通販ショッピングオンラインショッピング買い物プレゼントギフト贈り物贈答品お中元お歳暮お買い得Lemnos　レムノス　TEORI　テオリ　壁掛けミラー　ZERO　ハンガーシートクッション　チェアパッド　チェアクッション　ファブリック　生地　生地販売　カットクロス　インテリアクロック　掛時計　置時計　電波時計ヤマト工芸　サイトーウッド　木材　日本製　ダストボックス　ゴミ箱　分別HUG HAPPY ハグハッピー　リクライニングチェア　天童木工　ロイドルームカーテン　レースカーテン　オーダーカーテン　ストリングスカーテンDDintex　ディーディーインテックス　タペストリー　マルチクロス　Linen　リネン　麻　自然素材ambai　玉子焼　オムレツパン　小泉誠スリッパ　ルームシューズ　ティッシュケース　スリッパラッククッション　60&times;60　クッションカバー　60角アートワークスタジオ　インターフォルムサッキングパッド　レッグウォーマー　スタイ　ガーゼスタイ　ベビーソックスクッション中材　座布団中材　座布団カバー　ダルトン　ＤＵＬＴＯＮ　アメリカン　10倍　15倍　20倍　12周年ダブルデッカー　トリプルデッカー　トライデッカー　ガーベージカン　5段チェスト　10段チェストクッションカバー　45&times;45　クッション　45角　ミニクッション　トスクッションコレクションリビング　フォールディングチェア　スタッキングチェア　コスカ　koska　ポケット　pocketストール　メローネバッグ　ハンカチ　かっぽう着　ワークエプロン　北欧　ムーミン　鈴木マサル　岡理恵子　北海道QUARTER　REPORＴ　クォーターリポート　QUARTERREPORＴ◇◆◇◆◇QUARTER REPORT(クォーターリポート）北欧・ムーミン【オーダーフラットカーテン】幅～140&times;丈281～300cm＝片開き（1枚）幅～65&times;丈281～300cm＝両開き（2枚）【interiorカーテン】,フィンランドで生まれた北欧を代表する♪。◇◆◇◆◇QUARTER REPORT(クォーターリポート）北欧・ムーミン【オーダーフラットカーテン】幅～140&times;丈281～300cm＝片開き（1枚）幅～65&times;丈281～300cm＝両開き（2枚）【interiorカーテン】[rn]
14-79051,http://tshop.r10s.jp/lamiavita/cabinet/quarterreport2014/moomin/ordercurtain/img62698354.jpg?fitin=700:700,14400.0000,,インテリア・寝具・収納 > カーテン・ブラインド > その他,◇◆◇◆◇QUARTER REPORT(クォーターリポート）北欧・ムーミン【オーダーフラットカーテン】幅141～280×丈～100cm＝片開き（1枚）幅66～140×丈～100cm＝両開き（2枚）【interiorカーテン】,,,◇◆◇◆◇QUARTER REPORT(クォーターリポート）北欧・ムーミン【オーダーフラットカーテン】幅141～280&times;丈～100cm＝片開き（1枚）幅66～140&times;丈～100cm＝両開き（2枚）【interiorカーテン】：La mia Vita,通信販売通販ショッピングオンラインショッピング買い物プレゼントギフト贈り物贈答品お中元お歳暮お買い得Lemnos　レムノス　TEORI　テオリ　壁掛けミラー　ZERO　ハンガーシートクッション　チェアパッド　チェアクッション　ファブリック　生地　生地販売　カットクロス　インテリアクロック　掛時計　置時計　電波時計ヤマト工芸　サイトーウッド　木材　日本製　ダストボックス　ゴミ箱　分別HUG HAPPY ハグハッピー　リクライニングチェア　天童木工　ロイドルームカーテン　レースカーテン　オーダーカーテン　ストリングスカーテンDDintex　ディーディーインテックス　タペストリー　マルチクロス　Linen　リネン　麻　自然素材ambai　玉子焼　オムレツパン　小泉誠スリッパ　ルームシューズ　ティッシュケース　スリッパラッククッション　60&times;60　クッションカバー　60角アートワークスタジオ　インターフォルムサッキングパッド　レッグウォーマー　スタイ　ガーゼスタイ　ベビーソックスクッション中材　座布団中材　座布団カバー　ダルトン　ＤＵＬＴＯＮ　アメリカン　10倍　15倍　20倍　12周年ダブルデッカー　トリプルデッカー　トライデッカー　ガーベージカン　5段チェスト　10段チェストクッションカバー　45&times;45　クッション　45角　ミニクッション　トスクッションコレクションリビング　フォールディングチェア　スタッキングチェア　コスカ　koska　ポケット　pocketストール　メローネバッグ　ハンカチ　かっぽう着　ワークエプロン　北欧　ムーミン　鈴木マサル　岡理恵子　北海道QUARTER　REPORＴ　クォーターリポート　QUARTERREPORＴ◇◆◇◆◇QUARTER REPORT(クォーターリポート）北欧・ムーミン【オーダーフラットカーテン】幅141～280&times;丈～100cm＝片開き（1枚）幅66～140&times;丈～100cm＝両開き（2枚）【interiorカーテン】,フィンランドで生まれた北欧を代表する♪。◇◆◇◆◇QUARTER REPORT(クォーターリポート）北欧・ムーミン【オーダーフラットカーテン】幅141～280&times;丈～100cm＝片開き（1枚）幅66～140&times;丈～100cm＝両開き（2枚）【interiorカーテン】[rn]
14-79052,http://tshop.r10s.jp/lamiavita/cabinet/quarterreport2014/moomin/ordercurtain/img62698354.jpg?fitin=700:700,15680.0000,,インテリア・寝具・収納 > カーテン・ブラインド > その他,◇◆◇◆◇QUARTER REPORT(クォーターリポート）北欧・ムーミン【オーダーフラットカーテン】幅141～280×丈101～120cm＝片開き（1枚）幅66～140×丈101～120cm＝両開き（2枚）【interiorカーテン】,,,◇◆◇◆◇QUARTER REPORT(クォーターリポート）北欧・ムーミン【オーダーフラットカーテン】幅141～280&times;丈101～120cm＝片開き（1枚）幅66～140&times;丈101～120cm＝両開き（2枚）【interiorカーテン】：La mia Vita,通信販売通販ショッピングオンラインショッピング買い物プレゼントギフト贈り物贈答品お中元お歳暮お買い得Lemnos　レムノス　TEORI　テオリ　壁掛けミラー　ZERO　ハンガーシートクッション　チェアパッド　チェアクッション　ファブリック　生地　生地販売　カットクロス　インテリアクロック　掛時計　置時計　電波時計ヤマト工芸　サイトーウッド　木材　日本製　ダストボックス　ゴミ箱　分別HUG HAPPY ハグハッピー　リクライニングチェア　天童木工　ロイドルームカーテン　レースカーテン　オーダーカーテン　ストリングスカーテンDDintex　ディーディーインテックス　タペストリー　マルチクロス　Linen　リネン　麻　自然素材ambai　玉子焼　オムレツパン　小泉誠スリッパ　ルームシューズ　ティッシュケース　スリッパラッククッション　60&times;60　クッションカバー　60角アートワークスタジオ　インターフォルムサッキングパッド　レッグウォーマー　スタイ　ガーゼスタイ　ベビーソックスクッション中材　座布団中材　座布団カバー　ダルトン　ＤＵＬＴＯＮ　アメリカン　10倍　15倍　20倍　12周年ダブルデッカー　トリプルデッカー　トライデッカー　ガーベージカン　5段チェスト　10段チェストクッションカバー　45&times;45　クッション　45角　ミニクッション　トスクッションコレクションリビング　フォールディングチェア　スタッキングチェア　コスカ　koska　ポケット　pocketストール　メローネバッグ　ハンカチ　かっぽう着　ワークエプロン　北欧　ムーミン　鈴木マサル　岡理恵子　北海道QUARTER　REPORＴ　クォーターリポート　QUARTERREPORＴ◇◆◇◆◇QUARTER REPORT(クォーターリポート）北欧・ムーミン【オーダーフラットカーテン】幅141～280&times;丈101～120cm＝片開き（1枚）幅66～140&times;丈101～120cm＝両開き（2枚）【interiorカーテン】,フィンランドで生まれた北欧を代表する♪。◇◆◇◆◇QUARTER REPORT(クォーターリポート）北欧・ムーミン【オーダーフラットカーテン】幅141～280&times;丈101～120cm＝片開き（1枚）幅66～140&times;丈101～120cm＝両開き（2枚）【interiorカーテン】[rn]
14-79053,http://tshop.r10s.jp/lamiavita/cabinet/quarterreport2014/moomin/ordercurtain/img62698354.jpg?fitin=700:700,16960.0000,,インテリア・寝具・収納 > カーテン・ブラインド > その他,◇◆◇◆◇QUARTER REPORT(クォーターリポート）北欧・ムーミン【オーダーフラットカーテン】幅141～280×丈121～140cm＝片開き（1枚）幅66～140×丈121～140cm＝両開き（2枚）【interiorカーテン】,,,◇◆◇◆◇QUARTER REPORT(クォーターリポート）北欧・ムーミン【オーダーフラットカーテン】幅141～280&times;丈121～140cm＝片開き（1枚）幅66～140&times;丈121～140cm＝両開き（2枚）【interiorカーテン】：La mia Vita,通信販売通販ショッピングオンラインショッピング買い物プレゼントギフト贈り物贈答品お中元お歳暮お買い得Lemnos　レムノス　TEORI　テオリ　壁掛けミラー　ZERO　ハンガーシートクッション　チェアパッド　チェアクッション　ファブリック　生地　生地販売　カットクロス　インテリアクロック　掛時計　置時計　電波時計ヤマト工芸　サイトーウッド　木材　日本製　ダストボックス　ゴミ箱　分別HUG HAPPY ハグハッピー　リクライニングチェア　天童木工　ロイドルームカーテン　レースカーテン　オーダーカーテン　ストリングスカーテンDDintex　ディーディーインテックス　タペストリー　マルチクロス　Linen　リネン　麻　自然素材ambai　玉子焼　オムレツパン　小泉誠スリッパ　ルームシューズ　ティッシュケース　スリッパラッククッション　60&times;60　クッションカバー　60角アートワークスタジオ　インターフォルムサッキングパッド　レッグウォーマー　スタイ　ガーゼスタイ　ベビーソックスクッション中材　座布団中材　座布団カバー　ダルトン　ＤＵＬＴＯＮ　アメリカン　10倍　15倍　20倍　12周年ダブルデッカー　トリプルデッカー　トライデッカー　ガーベージカン　5段チェスト　10段チェストクッションカバー　45&times;45　クッション　45角　ミニクッション　トスクッションコレクションリビング　フォールディングチェア　スタッキングチェア　コスカ　koska　ポケット　pocketストール　メローネバッグ　ハンカチ　かっぽう着　ワークエプロン　北欧　ムーミン　鈴木マサル　岡理恵子　北海道QUARTER　REPORＴ　クォーターリポート　QUARTERREPORＴ◇◆◇◆◇QUARTER REPORT(クォーターリポート）北欧・ムーミン【オーダーフラットカーテン】幅141～280&times;丈121～140cm＝片開き（1枚）幅66～140&times;丈121～140cm＝両開き（2枚）【interiorカーテン】,フィンランドで生まれた北欧を代表する♪。◇◆◇◆◇QUARTER REPORT(クォーターリポート）北欧・ムーミン【オーダーフラットカーテン】幅141～280&times;丈121～140cm＝片開き（1枚）幅66～140&times;丈121～140cm＝両開き（2枚）【interiorカーテン】[rn]
14-79054,http://tshop.r10s.jp/lamiavita/cabinet/quarterreport2014/moomin/ordercurtain/img62698354.jpg?fitin=700:700,18240.0000,,インテリア・寝具・収納 > カーテン・ブラインド > その他,◇◆◇◆◇QUARTER REPORT(クォーターリポート）北欧・ムーミン【オーダーフラットカーテン】幅141～280×丈141～160cm＝片開き（1枚）幅66～140×丈141～160cm＝両開き（2枚）【interiorカーテン】,,,◇◆◇◆◇QUARTER REPORT(クォーターリポート）北欧・ムーミン【オーダーフラットカーテン】幅141～280&times;丈141～160cm＝片開き（1枚）幅66～140&times;丈141～160cm＝両開き（2枚）【interiorカーテン】：La mia Vita,通信販売通販ショッピングオンラインショッピング買い物プレゼントギフト贈り物贈答品お中元お歳暮お買い得Lemnos　レムノス　TEORI　テオリ　壁掛けミラー　ZERO　ハンガーシートクッション　チェアパッド　チェアクッション　ファブリック　生地　生地販売　カットクロス　インテリアクロック　掛時計　置時計　電波時計ヤマト工芸　サイトーウッド　木材　日本製　ダストボックス　ゴミ箱　分別HUG HAPPY ハグハッピー　リクライニングチェア　天童木工　ロイドルームカーテン　レースカーテン　オーダーカーテン　ストリングスカーテンDDintex　ディーディーインテックス　タペストリー　マルチクロス　Linen　リネン　麻　自然素材ambai　玉子焼　オムレツパン　小泉誠スリッパ　ルームシューズ　ティッシュケース　スリッパラッククッション　60&times;60　クッションカバー　60角アートワークスタジオ　インターフォルムサッキングパッド　レッグウォーマー　スタイ　ガーゼスタイ　ベビーソックスクッション中材　座布団中材　座布団カバー　ダルトン　ＤＵＬＴＯＮ　アメリカン　10倍　15倍　20倍　12周年ダブルデッカー　トリプルデッカー　トライデッカー　ガーベージカン　5段チェスト　10段チェストクッションカバー　45&times;45　クッション　45角　ミニクッション　トスクッションコレクションリビング　フォールディングチェア　スタッキングチェア　コスカ　koska　ポケット　pocketストール　メローネバッグ　ハンカチ　かっぽう着　ワークエプロン　北欧　ムーミン　鈴木マサル　岡理恵子　北海道QUARTER　REPORＴ　クォーターリポート　QUARTERREPORＴ◇◆◇◆◇QUARTER REPORT(クォーターリポート）北欧・ムーミン【オーダーフラットカーテン】幅141～280&times;丈141～160cm＝片開き（1枚）幅66～140&times;丈141～160cm＝両開き（2枚）【interiorカーテン】,フィンランドで生まれた北欧を代表する♪。◇◆◇◆◇QUARTER REPORT(クォーターリポート）北欧・ムーミン【オーダーフラットカーテン】幅141～280&times;丈141～160cm＝片開き（1枚）幅66～140&times;丈141～160cm＝両開き（2枚）【interiorカーテン】[rn]
14-79055,http://tshop.r10s.jp/lamiavita/cabinet/quarterreport2014/moomin/ordercurtain/img62698354.jpg?fitin=700:700,19520.0000,,インテリア・寝具・収納 > カーテン・ブラインド > その他,◇◆◇◆◇QUARTER REPORT(クォーターリポート）北欧・ムーミン【オーダーフラットカーテン】幅141～280×丈161～180cm＝片開き（1枚）幅66～140×丈161～180cm＝両開き（2枚）【interiorカーテン】,,,◇◆◇◆◇QUARTER REPORT(クォーターリポート）北欧・ムーミン【オーダーフラットカーテン】幅141～280&times;丈161～180cm＝片開き（1枚）幅66～140&times;丈161～180cm＝両開き（2枚）【interiorカーテン】：La mia Vita,通信販売通販ショッピングオンラインショッピング買い物プレゼントギフト贈り物贈答品お中元お歳暮お買い得Lemnos　レムノス　TEORI　テオリ　壁掛けミラー　ZERO　ハンガーシートクッション　チェアパッド　チェアクッション　ファブリック　生地　生地販売　カットクロス　インテリアクロック　掛時計　置時計　電波時計ヤマト工芸　サイトーウッド　木材　日本製　ダストボックス　ゴミ箱　分別HUG HAPPY ハグハッピー　リクライニングチェア　天童木工　ロイドルームカーテン　レースカーテン　オーダーカーテン　ストリングスカーテンDDintex　ディーディーインテックス　タペストリー　マルチクロス　Linen　リネン　麻　自然素材ambai　玉子焼　オムレツパン　小泉誠スリッパ　ルームシューズ　ティッシュケース　スリッパラッククッション　60&times;60　クッションカバー　60角アートワークスタジオ　インターフォルムサッキングパッド　レッグウォーマー　スタイ　ガーゼスタイ　ベビーソックスクッション中材　座布団中材　座布団カバー　ダルトン　ＤＵＬＴＯＮ　アメリカン　10倍　15倍　20倍　12周年ダブルデッカー　トリプルデッカー　トライデッカー　ガーベージカン　5段チェスト　10段チェストクッションカバー　45&times;45　クッション　45角　ミニクッション　トスクッションコレクションリビング　フォールディングチェア　スタッキングチェア　コスカ　koska　ポケット　pocketストール　メローネバッグ　ハンカチ　かっぽう着　ワークエプロン　北欧　ムーミン　鈴木マサル　岡理恵子　北海道QUARTER　REPORＴ　クォーターリポート　QUARTERREPORＴ◇◆◇◆◇QUARTER REPORT(クォーターリポート）北欧・ムーミン【オーダーフラットカーテン】幅141～280&times;丈161～180cm＝片開き（1枚）幅66～140&times;丈161～180cm＝両開き（2枚）【interiorカーテン】,フィンランドで生まれた北欧を代表する♪。◇◆◇◆◇QUARTER REPORT(クォーターリポート）北欧・ムーミン【オーダーフラットカーテン】幅141～280&times;丈161～180cm＝片開き（1枚）幅66～140&times;丈161～180cm＝両開き（2枚）【interiorカーテン】[rn]
14-79056,http://tshop.r10s.jp/lamiavita/cabinet/quarterreport2014/moomin/ordercurtain/img62698354.jpg?fitin=700:700,20800.0000,,インテリア・寝具・収納 > カーテン・ブラインド > その他,◇◆◇◆◇QUARTER REPORT(クォーターリポート）北欧・ムーミン【オーダーフラットカーテン】幅141～280×丈181～200cm＝片開き（1枚）幅66～140×丈181～200cm＝両開き（2枚）【interiorカーテン】,,,◇◆◇◆◇QUARTER REPORT(クォーターリポート）北欧・ムーミン【オーダーフラットカーテン】幅141～280&times;丈181～200cm＝片開き（1枚）幅66～140&times;丈181～200cm＝両開き（2枚）【interiorカーテン】：La mia Vita,通信販売通販ショッピングオンラインショッピング買い物プレゼントギフト贈り物贈答品お中元お歳暮お買い得Lemnos　レムノス　TEORI　テオリ　壁掛けミラー　ZERO　ハンガーシートクッション　チェアパッド　チェアクッション　ファブリック　生地　生地販売　カットクロス　インテリアクロック　掛時計　置時計　電波時計ヤマト工芸　サイトーウッド　木材　日本製　ダストボックス　ゴミ箱　分別HUG HAPPY ハグハッピー　リクライニングチェア　天童木工　ロイドルームカーテン　レースカーテン　オーダーカーテン　ストリングスカーテンDDintex　ディーディーインテックス　タペストリー　マルチクロス　Linen　リネン　麻　自然素材ambai　玉子焼　オムレツパン　小泉誠スリッパ　ルームシューズ　ティッシュケース　スリッパラッククッション　60&times;60　クッションカバー　60角アートワークスタジオ　インターフォルムサッキングパッド　レッグウォーマー　スタイ　ガーゼスタイ　ベビーソックスクッション中材　座布団中材　座布団カバー　ダルトン　ＤＵＬＴＯＮ　アメリカン　10倍　15倍　20倍　12周年ダブルデッカー　トリプルデッカー　トライデッカー　ガーベージカン　5段チェスト　10段チェストクッションカバー　45&times;45　クッション　45角　ミニクッション　トスクッションコレクションリビング　フォールディングチェア　スタッキングチェア　コスカ　koska　ポケット　pocketストール　メローネバッグ　ハンカチ　かっぽう着　ワークエプロン　北欧　ムーミン　鈴木マサル　岡理恵子　北海道QUARTER　REPORＴ　クォーターリポート　QUARTERREPORＴ◇◆◇◆◇QUARTER REPORT(クォーターリポート）北欧・ムーミン【オーダーフラットカーテン】幅141～280&times;丈181～200cm＝片開き（1枚）幅66～140&times;丈181～200cm＝両開き（2枚）【interiorカーテン】,フィンランドで生まれた北欧を代表する♪。◇◆◇◆◇QUARTER REPORT(クォーターリポート）北欧・ムーミン【オーダーフラットカーテン】幅141～280&times;丈181～200cm＝片開き（1枚）幅66～140&times;丈181～200cm＝両開き（2枚）【interiorカーテン】[rn]
14-79057,http://tshop.r10s.jp/lamiavita/cabinet/quarterreport2014/moomin/ordercurtain/img62698354.jpg?fitin=700:700,22080.0000,,インテリア・寝具・収納 > カーテン・ブラインド > その他,◇◆◇◆◇QUARTER REPORT(クォーターリポート）北欧・ムーミン【オーダーフラットカーテン】幅141～280×丈201～220cm＝片開き（1枚）幅66～140×丈201～220cm＝両開き（2枚）【interiorカーテン】,,,◇◆◇◆◇QUARTER REPORT(クォーターリポート）北欧・ムーミン【オーダーフラットカーテン】幅141～280&times;丈201～220cm＝片開き（1枚）幅66～140&times;丈201～220cm＝両開き（2枚）【interiorカーテン】：La mia Vita,通信販売通販ショッピングオンラインショッピング買い物プレゼントギフト贈り物贈答品お中元お歳暮お買い得Lemnos　レムノス　TEORI　テオリ　壁掛けミラー　ZERO　ハンガーシートクッション　チェアパッド　チェアクッション　ファブリック　生地　生地販売　カットクロス　インテリアクロック　掛時計　置時計　電波時計ヤマト工芸　サイトーウッド　木材　日本製　ダストボックス　ゴミ箱　分別HUG HAPPY ハグハッピー　リクライニングチェア　天童木工　ロイドルームカーテン　レースカーテン　オーダーカーテン　ストリングスカーテンDDintex　ディーディーインテックス　タペストリー　マルチクロス　Linen　リネン　麻　自然素材ambai　玉子焼　オムレツパン　小泉誠スリッパ　ルームシューズ　ティッシュケース　スリッパラッククッション　60&times;60　クッションカバー　60角アートワークスタジオ　インターフォルムサッキングパッド　レッグウォーマー　スタイ　ガーゼスタイ　ベビーソックスクッション中材　座布団中材　座布団カバー　ダルトン　ＤＵＬＴＯＮ　アメリカン　10倍　15倍　20倍　12周年ダブルデッカー　トリプルデッカー　トライデッカー　ガーベージカン　5段チェスト　10段チェストクッションカバー　45&times;45　クッション　45角　ミニクッション　トスクッションコレクションリビング　フォールディングチェア　スタッキングチェア　コスカ　koska　ポケット　pocketストール　メローネバッグ　ハンカチ　かっぽう着　ワークエプロン　北欧　ムーミン　鈴木マサル　岡理恵子　北海道QUARTER　REPORＴ　クォーターリポート　QUARTERREPORＴ◇◆◇◆◇QUARTER REPORT(クォーターリポート）北欧・ムーミン【オーダーフラットカーテン】幅141～280&times;丈201～220cm＝片開き（1枚）幅66～140&times;丈201～220cm＝両開き（2枚）【interiorカーテン】,フィンランドで生まれた北欧を代表する♪。◇◆◇◆◇QUARTER REPORT(クォーターリポート）北欧・ムーミン【オーダーフラットカーテン】幅141～280&times;丈201～220cm＝片開き（1枚）幅66～140&times;丈201～220cm＝両開き（2枚）【interiorカーテン】[rn]
14-79058,http://tshop.r10s.jp/lamiavita/cabinet/quarterreport2014/moomin/ordercurtain/img62698354.jpg?fitin=700:700,23360.0000,,インテリア・寝具・収納 > カーテン・ブラインド > その他,◇◆◇◆◇QUARTER REPORT(クォーターリポート）北欧・ムーミン【オーダーフラットカーテン】幅141～280×丈221～240cm＝片開き（1枚）幅66～140×丈221～240cm＝両開き（2枚）【interiorカーテン】,,,◇◆◇◆◇QUARTER REPORT(クォーターリポート）北欧・ムーミン【オーダーフラットカーテン】幅141～280&times;丈221～240cm＝片開き（1枚）幅66～140&times;丈221～240cm＝両開き（2枚）【interiorカーテン】：La mia Vita,通信販売通販ショッピングオンラインショッピング買い物プレゼントギフト贈り物贈答品お中元お歳暮お買い得Lemnos　レムノス　TEORI　テオリ　壁掛けミラー　ZERO　ハンガーシートクッション　チェアパッド　チェアクッション　ファブリック　生地　生地販売　カットクロス　インテリアクロック　掛時計　置時計　電波時計ヤマト工芸　サイトーウッド　木材　日本製　ダストボックス　ゴミ箱　分別HUG HAPPY ハグハッピー　リクライニングチェア　天童木工　ロイドルームカーテン　レースカーテン　オーダーカーテン　ストリングスカーテンDDintex　ディーディーインテックス　タペストリー　マルチクロス　Linen　リネン　麻　自然素材ambai　玉子焼　オムレツパン　小泉誠スリッパ　ルームシューズ　ティッシュケース　スリッパラッククッション　60&times;60　クッションカバー　60角アートワークスタジオ　インターフォルムサッキングパッド　レッグウォーマー　スタイ　ガーゼスタイ　ベビーソックスクッション中材　座布団中材　座布団カバー　ダルトン　ＤＵＬＴＯＮ　アメリカン　10倍　15倍　20倍　12周年ダブルデッカー　トリプルデッカー　トライデッカー　ガーベージカン　5段チェスト　10段チェストクッションカバー　45&times;45　クッション　45角　ミニクッション　トスクッションコレクションリビング　フォールディングチェア　スタッキングチェア　コスカ　koska　ポケット　pocketストール　メローネバッグ　ハンカチ　かっぽう着　ワークエプロン　北欧　ムーミン　鈴木マサル　岡理恵子　北海道QUARTER　REPORＴ　クォーターリポート　QUARTERREPORＴ◇◆◇◆◇QUARTER REPORT(クォーターリポート）北欧・ムーミン【オーダーフラットカーテン】幅141～280&times;丈221～240cm＝片開き（1枚）幅66～140&times;丈221～240cm＝両開き（2枚）【interiorカーテン】,フィンランドで生まれた北欧を代表する♪。◇◆◇◆◇QUARTER REPORT(クォーターリポート）北欧・ムーミン【オーダーフラットカーテン】幅141～280&times;丈221～240cm＝片開き（1枚）幅66～140&times;丈221～240cm＝両開き（2枚）【interiorカーテン】[rn]
14-79059,http://tshop.r10s.jp/lamiavita/cabinet/quarterreport2014/moomin/ordercurtain/img62698354.jpg?fitin=700:700,24640.0000,,インテリア・寝具・収納 > カーテン・ブラインド > その他,◇◆◇◆◇QUARTER REPORT(クォーターリポート）北欧・ムーミン【オーダーフラットカーテン】幅141～280×丈241～260cm＝片開き（1枚）幅66～140×丈241～260cm＝両開き（2枚）【interiorカーテン】,,,◇◆◇◆◇QUARTER REPORT(クォーターリポート）北欧・ムーミン【オーダーフラットカーテン】幅141～280&times;丈241～260cm＝片開き（1枚）幅66～140&times;丈241～260cm＝両開き（2枚）【interiorカーテン】：La mia Vita,通信販売通販ショッピングオンラインショッピング買い物プレゼントギフト贈り物贈答品お中元お歳暮お買い得Lemnos　レムノス　TEORI　テオリ　壁掛けミラー　ZERO　ハンガーシートクッション　チェアパッド　チェアクッション　ファブリック　生地　生地販売　カットクロス　インテリアクロック　掛時計　置時計　電波時計ヤマト工芸　サイトーウッド　木材　日本製　ダストボックス　ゴミ箱　分別HUG HAPPY ハグハッピー　リクライニングチェア　天童木工　ロイドルームカーテン　レースカーテン　オーダーカーテン　ストリングスカーテンDDintex　ディーディーインテックス　タペストリー　マルチクロス　Linen　リネン　麻　自然素材ambai　玉子焼　オムレツパン　小泉誠スリッパ　ルームシューズ　ティッシュケース　スリッパラッククッション　60&times;60　クッションカバー　60角アートワークスタジオ　インターフォルムサッキングパッド　レッグウォーマー　スタイ　ガーゼスタイ　ベビーソックスクッション中材　座布団中材　座布団カバー　ダルトン　ＤＵＬＴＯＮ　アメリカン　10倍　15倍　20倍　12周年ダブルデッカー　トリプルデッカー　トライデッカー　ガーベージカン　5段チェスト　10段チェストクッションカバー　45&times;45　クッション　45角　ミニクッション　トスクッションコレクションリビング　フォールディングチェア　スタッキングチェア　コスカ　koska　ポケット　pocketストール　メローネバッグ　ハンカチ　かっぽう着　ワークエプロン　北欧　ムーミン　鈴木マサル　岡理恵子　北海道QUARTER　REPORＴ　クォーターリポート　QUARTERREPORＴ◇◆◇◆◇QUARTER REPORT(クォーターリポート）北欧・ムーミン【オーダーフラットカーテン】幅141～280&times;丈241～260cm＝片開き（1枚）幅66～140&times;丈241～260cm＝両開き（2枚）【interiorカーテン】,フィンランドで生まれた北欧を代表する♪。◇◆◇◆◇QUARTER REPORT(クォーターリポート）北欧・ムーミン【オーダーフラットカーテン】幅141～280&times;丈241～260cm＝片開き（1枚）幅66～140&times;丈241～260cm＝両開き（2枚）【interiorカーテン】[rn]
14-79060,http://tshop.r10s.jp/lamiavita/cabinet/quarterreport2014/moomin/ordercurtain/img62698350.jpg?fitin=700:700,7200.0000,,インテリア・寝具・収納 > カーテン・ブラインド > その他,◇◆◇◆◇QUARTER REPORT(クォーターリポート）北欧・ムーミン【オーダー1.5倍ヒダカーテン】幅～100×丈～100cm＝片開き（1枚）幅～48×丈～100cm＝両開き（2枚）【interiorカーテン】,,,◇◆◇◆◇QUARTER REPORT(クォーターリポート）北欧・ムーミン【オーダー1.5倍ヒダカーテン】幅～100&times;丈～100cm＝片開き（1枚）幅～48&times;丈～100cm＝両開き（2枚）【interiorカーテン】：La mia Vita,通信販売通販ショッピングオンラインショッピング買い物プレゼントギフト贈り物贈答品お中元お歳暮お買い得Lemnos　レムノス　TEORI　テオリ　壁掛けミラー　ZERO　ハンガーシートクッション　チェアパッド　チェアクッション　ファブリック　生地　生地販売　カットクロス　インテリアクロック　掛時計　置時計　電波時計ヤマト工芸　サイトーウッド　木材　日本製　ダストボックス　ゴミ箱　分別HUG HAPPY ハグハッピー　リクライニングチェア　天童木工　ロイドルームカーテン　レースカーテン　オーダーカーテン　ストリングスカーテンDDintex　ディーディーインテックス　タペストリー　マルチクロス　Linen　リネン　麻　自然素材ambai　玉子焼　オムレツパン　小泉誠スリッパ　ルームシューズ　ティッシュケース　スリッパラッククッション　60&times;60　クッションカバー　60角アートワークスタジオ　インターフォルムサッキングパッド　レッグウォーマー　スタイ　ガーゼスタイ　ベビーソックスクッション中材　座布団中材　座布団カバー　ダルトン　ＤＵＬＴＯＮ　アメリカン　10倍　15倍　20倍　12周年ダブルデッカー　トリプルデッカー　トライデッカー　ガーベージカン　5段チェスト　10段チェストクッションカバー　45&times;45　クッション　45角　ミニクッション　トスクッションコレクションリビング　フォールディングチェア　スタッキングチェア　コスカ　koska　ポケット　pocketストール　メローネバッグ　ハンカチ　かっぽう着　ワークエプロン　北欧　ムーミン　鈴木マサル　岡理恵子　北海道QUARTER　REPORＴ　クォーターリポート　QUARTERREPORＴ◇◆◇◆◇QUARTER REPORT(クォーターリポート）北欧・ムーミン【オーダー1.5倍ヒダカーテン】幅～100&times;丈～100cm＝片開き（1枚）幅～48&times;丈～100cm＝両開き（2枚）【interiorカーテン】,フィンランドで生まれた北欧を代表する♪。◇◆◇◆◇QUARTER REPORT(クォーターリポート）北欧・ムーミン【オーダー1.5倍ヒダカーテン】幅～100&times;丈～100cm＝片開き（1枚）幅～48&times;丈～100cm＝両開き（2枚）【interiorカーテン】[rn]
14-79061,http://tshop.r10s.jp/lamiavita/cabinet/quarterreport2014/moomin/ordercurtain/img62698350.jpg?fitin=700:700,7840.0000,,インテリア・寝具・収納 > カーテン・ブラインド > その他,◇◆◇◆◇QUARTER REPORT(クォーターリポート）北欧・ムーミン【オーダー1.5倍ヒダカーテン】幅～100×丈101～120cm＝片開き（1枚）幅～48×丈101～120cm＝両開き（2枚）【interiorカーテン】,,,◇◆◇◆◇QUARTER REPORT(クォーターリポート）北欧・ムーミン【オーダー1.5倍ヒダカーテン】幅～100&times;丈101～120cm＝片開き（1枚）幅～48&times;丈101～120cm＝両開き（2枚）【interiorカーテン】：La mia Vita,通信販売通販ショッピングオンラインショッピング買い物プレゼントギフト贈り物贈答品お中元お歳暮お買い得Lemnos　レムノス　TEORI　テオリ　壁掛けミラー　ZERO　ハンガーシートクッション　チェアパッド　チェアクッション　ファブリック　生地　生地販売　カットクロス　インテリアクロック　掛時計　置時計　電波時計ヤマト工芸　サイトーウッド　木材　日本製　ダストボックス　ゴミ箱　分別HUG HAPPY ハグハッピー　リクライニングチェア　天童木工　ロイドルームカーテン　レースカーテン　オーダーカーテン　ストリングスカーテンDDintex　ディーディーインテックス　タペストリー　マルチクロス　Linen　リネン　麻　自然素材ambai　玉子焼　オムレツパン　小泉誠スリッパ　ルームシューズ　ティッシュケース　スリッパラッククッション　60&times;60　クッションカバー　60角アートワークスタジオ　インターフォルムサッキングパッド　レッグウォーマー　スタイ　ガーゼスタイ　ベビーソックスクッション中材　座布団中材　座布団カバー　ダルトン　ＤＵＬＴＯＮ　アメリカン　10倍　15倍　20倍　12周年ダブルデッカー　トリプルデッカー　トライデッカー　ガーベージカン　5段チェスト　10段チェストクッションカバー　45&times;45　クッション　45角　ミニクッション　トスクッションコレクションリビング　フォールディングチェア　スタッキングチェア　コスカ　koska　ポケット　pocketストール　メローネバッグ　ハンカチ　かっぽう着　ワークエプロン　北欧　ムーミン　鈴木マサル　岡理恵子　北海道QUARTER　REPORＴ　クォーターリポート　QUARTERREPORＴ◇◆◇◆◇QUARTER REPORT(クォーターリポート）北欧・ムーミン【オーダー1.5倍ヒダカーテン】幅～100&times;丈101～120cm＝片開き（1枚）幅～48&times;丈101～120cm＝両開き（2枚）【interiorカーテン】,フィンランドで生まれた北欧を代表する♪。◇◆◇◆◇QUARTER REPORT(クォーターリポート）北欧・ムーミン【オーダー1.5倍ヒダカーテン】幅～100&times;丈101～120cm＝片開き（1枚）幅～48&times;丈101～120cm＝両開き（2枚）【interiorカーテン】[rn]
14-79062,http://tshop.r10s.jp/lamiavita/cabinet/quarterreport2014/moomin/ordercurtain/img62698350.jpg?fitin=700:700,8480.0000,,インテリア・寝具・収納 > カーテン・ブラインド > その他,◇◆◇◆◇QUARTER REPORT(クォーターリポート）北欧・ムーミン【オーダー1.5倍ヒダカーテン】幅～100×丈121～140cm＝片開き（1枚）幅～48×丈121～140cm＝両開き（2枚）【interiorカーテン】,,,◇◆◇◆◇QUARTER REPORT(クォーターリポート）北欧・ムーミン【オーダー1.5倍ヒダカーテン】幅～100&times;丈121～140cm＝片開き（1枚）幅～48&times;丈121～140cm＝両開き（2枚）【interiorカーテン】：La mia Vita,通信販売通販ショッピングオンラインショッピング買い物プレゼントギフト贈り物贈答品お中元お歳暮お買い得Lemnos　レムノス　TEORI　テオリ　壁掛けミラー　ZERO　ハンガーシートクッション　チェアパッド　チェアクッション　ファブリック　生地　生地販売　カットクロス　インテリアクロック　掛時計　置時計　電波時計ヤマト工芸　サイトーウッド　木材　日本製　ダストボックス　ゴミ箱　分別HUG HAPPY ハグハッピー　リクライニングチェア　天童木工　ロイドルームカーテン　レースカーテン　オーダーカーテン　ストリングスカーテンDDintex　ディーディーインテックス　タペストリー　マルチクロス　Linen　リネン　麻　自然素材ambai　玉子焼　オムレツパン　小泉誠スリッパ　ルームシューズ　ティッシュケース　スリッパラッククッション　60&times;60　クッションカバー　60角アートワークスタジオ　インターフォルムサッキングパッド　レッグウォーマー　スタイ　ガーゼスタイ　ベビーソックスクッション中材　座布団中材　座布団カバー　ダルトン　ＤＵＬＴＯＮ　アメリカン　10倍　15倍　20倍　12周年ダブルデッカー　トリプルデッカー　トライデッカー　ガーベージカン　5段チェスト　10段チェストクッションカバー　45&times;45　クッション　45角　ミニクッション　トスクッションコレクションリビング　フォールディングチェア　スタッキングチェア　コスカ　koska　ポケット　pocketストール　メローネバッグ　ハンカチ　かっぽう着　ワークエプロン　北欧　ムーミン　鈴木マサル　岡理恵子　北海道QUARTER　REPORＴ　クォーターリポート　QUARTERREPORＴ◇◆◇◆◇QUARTER REPORT(クォーターリポート）北欧・ムーミン【オーダー1.5倍ヒダカーテン】幅～100&times;丈121～140cm＝片開き（1枚）幅～48&times;丈121～140cm＝両開き（2枚）【interiorカーテン】,フィンランドで生まれた北欧を代表する♪。◇◆◇◆◇QUARTER REPORT(クォーターリポート）北欧・ムーミン【オーダー1.5倍ヒダカーテン】幅～100&times;丈121～140cm＝片開き（1枚）幅～48&times;丈121～140cm＝両開き（2枚）【interiorカーテン】[rn]
14-79063,http://tshop.r10s.jp/lamiavita/cabinet/quarterreport2014/moomin/ordercurtain/img62698350.jpg?fitin=700:700,9120.0000,,インテリア・寝具・収納 > カーテン・ブラインド > その他,◇◆◇◆◇QUARTER REPORT(クォーターリポート）北欧・ムーミン【オーダー1.5倍ヒダカーテン】幅～100×丈141～160cm＝片開き（1枚）幅～48×丈141～160cm＝両開き（2枚）【interiorカーテン】,,,◇◆◇◆◇QUARTER REPORT(クォーターリポート）北欧・ムーミン【オーダー1.5倍ヒダカーテン】幅～100&times;丈141～160cm＝片開き（1枚）幅～48&times;丈141～160cm＝両開き（2枚）【interiorカーテン】：La mia Vita,通信販売通販ショッピングオンラインショッピング買い物プレゼントギフト贈り物贈答品お中元お歳暮お買い得Lemnos　レムノス　TEORI　テオリ　壁掛けミラー　ZERO　ハンガーシートクッション　チェアパッド　チェアクッション　ファブリック　生地　生地販売　カットクロス　インテリアクロック　掛時計　置時計　電波時計ヤマト工芸　サイトーウッド　木材　日本製　ダストボックス　ゴミ箱　分別HUG HAPPY ハグハッピー　リクライニングチェア　天童木工　ロイドルームカーテン　レースカーテン　オーダーカーテン　ストリングスカーテンDDintex　ディーディーインテックス　タペストリー　マルチクロス　Linen　リネン　麻　自然素材ambai　玉子焼　オムレツパン　小泉誠スリッパ　ルームシューズ　ティッシュケース　スリッパラッククッション　60&times;60　クッションカバー　60角アートワークスタジオ　インターフォルムサッキングパッド　レッグウォーマー　スタイ　ガーゼスタイ　ベビーソックスクッション中材　座布団中材　座布団カバー　ダルトン　ＤＵＬＴＯＮ　アメリカン　10倍　15倍　20倍　12周年ダブルデッカー　トリプルデッカー　トライデッカー　ガーベージカン　5段チェスト　10段チェストクッションカバー　45&times;45　クッション　45角　ミニクッション　トスクッションコレクションリビング　フォールディングチェア　スタッキングチェア　コスカ　koska　ポケット　pocketストール　メローネバッグ　ハンカチ　かっぽう着　ワークエプロン　北欧　ムーミン　鈴木マサル　岡理恵子　北海道QUARTER　REPORＴ　クォーターリポート　QUARTERREPORＴ◇◆◇◆◇QUARTER REPORT(クォーターリポート）北欧・ムーミン【オーダー1.5倍ヒダカーテン】幅～100&times;丈141～160cm＝片開き（1枚）幅～48&times;丈141～160cm＝両開き（2枚）【interiorカーテン】,フィンランドで生まれた北欧を代表する♪。◇◆◇◆◇QUARTER REPORT(クォーターリポート）北欧・ムーミン【オーダー1.5倍ヒダカーテン】幅～100&times;丈141～160cm＝片開き（1枚）幅～48&times;丈141～160cm＝両開き（2枚）【interiorカーテン】[rn]
14-79064,http://tshop.r10s.jp/lamiavita/cabinet/quarterreport2014/moomin/ordercurtain/img62698350.jpg?fitin=700:700,9760.0000,,インテリア・寝具・収納 > カーテン・ブラインド > その他,◇◆◇◆◇QUARTER REPORT(クォーターリポート）北欧・ムーミン【オーダー1.5倍ヒダカーテン】幅～100×丈161～180cm＝片開き（1枚）幅～48×丈161～180cm＝両開き（2枚）【interiorカーテン】,,,◇◆◇◆◇QUARTER REPORT(クォーターリポート）北欧・ムーミン【オーダー1.5倍ヒダカーテン】幅～100&times;丈161～180cm＝片開き（1枚）幅～48&times;丈161～180cm＝両開き（2枚）【interiorカーテン】：La mia Vita,通信販売通販ショッピングオンラインショッピング買い物プレゼントギフト贈り物贈答品お中元お歳暮お買い得Lemnos　レムノス　TEORI　テオリ　壁掛けミラー　ZERO　ハンガーシートクッション　チェアパッド　チェアクッション　ファブリック　生地　生地販売　カットクロス　インテリアクロック　掛時計　置時計　電波時計ヤマト工芸　サイトーウッド　木材　日本製　ダストボックス　ゴミ箱　分別HUG HAPPY ハグハッピー　リクライニングチェア　天童木工　ロイドルームカーテン　レースカーテン　オーダーカーテン　ストリングスカーテンDDintex　ディーディーインテックス　タペストリー　マルチクロス　Linen　リネン　麻　自然素材ambai　玉子焼　オムレツパン　小泉誠スリッパ　ルームシューズ　ティッシュケース　スリッパラッククッション　60&times;60　クッションカバー　60角アートワークスタジオ　インターフォルムサッキングパッド　レッグウォーマー　スタイ　ガーゼスタイ　ベビーソックスクッション中材　座布団中材　座布団カバー　ダルトン　ＤＵＬＴＯＮ　アメリカン　10倍　15倍　20倍　12周年ダブルデッカー　トリプルデッカー　トライデッカー　ガーベージカン　5段チェスト　10段チェストクッションカバー　45&times;45　クッション　45角　ミニクッション　トスクッションコレクションリビング　フォールディングチェア　スタッキングチェア　コスカ　koska　ポケット　pocketストール　メローネバッグ　ハンカチ　かっぽう着　ワークエプロン　北欧　ムーミン　鈴木マサル　岡理恵子　北海道QUARTER　REPORＴ　クォーターリポート　QUARTERREPORＴ◇◆◇◆◇QUARTER REPORT(クォーターリポート）北欧・ムーミン【オーダー1.5倍ヒダカーテン】幅～100&times;丈161～180cm＝片開き（1枚）幅～48&times;丈161～180cm＝両開き（2枚）【interiorカーテン】,フィンランドで生まれた北欧を代表する♪。◇◆◇◆◇QUARTER REPORT(クォーターリポート）北欧・ムーミン【オーダー1.5倍ヒダカーテン】幅～100&times;丈161～180cm＝片開き（1枚）幅～48&times;丈161～180cm＝両開き（2枚）【interiorカーテン】[rn]
14-79065,http://tshop.r10s.jp/lamiavita/cabinet/quarterreport2014/moomin/ordercurtain/img62698350.jpg?fitin=700:700,10400.0000,,インテリア・寝具・収納 > カーテン・ブラインド > その他,◇◆◇◆◇QUARTER REPORT(クォーターリポート）北欧・ムーミン【オーダー1.5倍ヒダカーテン】幅～100×丈181～200cm＝片開き（1枚）幅～48×丈181～200cm＝両開き（2枚）【interiorカーテン】,,,◇◆◇◆◇QUARTER REPORT(クォーターリポート）北欧・ムーミン【オーダー1.5倍ヒダカーテン】幅～100&times;丈181～200cm＝片開き（1枚）幅～48&times;丈181～200cm＝両開き（2枚）【interiorカーテン】：La mia Vita,通信販売通販ショッピングオンラインショッピング買い物プレゼントギフト贈り物贈答品お中元お歳暮お買い得Lemnos　レムノス　TEORI　テオリ　壁掛けミラー　ZERO　ハンガーシートクッション　チェアパッド　チェアクッション　ファブリック　生地　生地販売　カットクロス　インテリアクロック　掛時計　置時計　電波時計ヤマト工芸　サイトーウッド　木材　日本製　ダストボックス　ゴミ箱　分別HUG HAPPY ハグハッピー　リクライニングチェア　天童木工　ロイドルームカーテン　レースカーテン　オーダーカーテン　ストリングスカーテンDDintex　ディーディーインテックス　タペストリー　マルチクロス　Linen　リネン　麻　自然素材ambai　玉子焼　オムレツパン　小泉誠スリッパ　ルームシューズ　ティッシュケース　スリッパラッククッション　60&times;60　クッションカバー　60角アートワークスタジオ　インターフォルムサッキングパッド　レッグウォーマー　スタイ　ガーゼスタイ　ベビーソックスクッション中材　座布団中材　座布団カバー　ダルトン　ＤＵＬＴＯＮ　アメリカン　10倍　15倍　20倍　12周年ダブルデッカー　トリプルデッカー　トライデッカー　ガーベージカン　5段チェスト　10段チェストクッションカバー　45&times;45　クッション　45角　ミニクッション　トスクッションコレクションリビング　フォールディングチェア　スタッキングチェア　コスカ　koska　ポケット　pocketストール　メローネバッグ　ハンカチ　かっぽう着　ワークエプロン　北欧　ムーミン　鈴木マサル　岡理恵子　北海道QUARTER　REPORＴ　クォーターリポート　QUARTERREPORＴ◇◆◇◆◇QUARTER REPORT(クォーターリポート）北欧・ムーミン【オーダー1.5倍ヒダカーテン】幅～100&times;丈181～200cm＝片開き（1枚）幅～48&times;丈181～200cm＝両開き（2枚）【interiorカーテン】,フィンランドで生まれた北欧を代表する♪。◇◆◇◆◇QUARTER REPORT(クォーターリポート）北欧・ムーミン【オーダー1.5倍ヒダカーテン】幅～100&times;丈181～200cm＝片開き（1枚）幅～48&times;丈181～200cm＝両開き（2枚）【interiorカーテン】[rn]
14-79066,http://tshop.r10s.jp/lamiavita/cabinet/quarterreport2014/moomin/ordercurtain/img62698350.jpg?fitin=700:700,11040.0000,,インテリア・寝具・収納 > カーテン・ブラインド > その他,◇◆◇◆◇QUARTER REPORT(クォーターリポート）北欧・ムーミン【オーダー1.5倍ヒダカーテン】幅～100×丈201～220cm＝片開き（1枚）幅～48×丈201～220cm＝両開き（2枚）【interiorカーテン】,,,◇◆◇◆◇QUARTER REPORT(クォーターリポート）北欧・ムーミン【オーダー1.5倍ヒダカーテン】幅～100&times;丈201～220cm＝片開き（1枚）幅～48&times;丈201～220cm＝両開き（2枚）【interiorカーテン】：La mia Vita,通信販売通販ショッピングオンラインショッピング買い物プレゼントギフト贈り物贈答品お中元お歳暮お買い得Lemnos　レムノス　TEORI　テオリ　壁掛けミラー　ZERO　ハンガーシートクッション　チェアパッド　チェアクッション　ファブリック　生地　生地販売　カットクロス　インテリアクロック　掛時計　置時計　電波時計ヤマト工芸　サイトーウッド　木材　日本製　ダストボックス　ゴミ箱　分別HUG HAPPY ハグハッピー　リクライニングチェア　天童木工　ロイドルームカーテン　レースカーテン　オーダーカーテン　ストリングスカーテンDDintex　ディーディーインテックス　タペストリー　マルチクロス　Linen　リネン　麻　自然素材ambai　玉子焼　オムレツパン　小泉誠スリッパ　ルームシューズ　ティッシュケース　スリッパラッククッション　60&times;60　クッションカバー　60角アートワークスタジオ　インターフォルムサッキングパッド　レッグウォーマー　スタイ　ガーゼスタイ　ベビーソックスクッション中材　座布団中材　座布団カバー　ダルトン　ＤＵＬＴＯＮ　アメリカン　10倍　15倍　20倍　12周年ダブルデッカー　トリプルデッカー　トライデッカー　ガーベージカン　5段チェスト　10段チェストクッションカバー　45&times;45　クッション　45角　ミニクッション　トスクッションコレクションリビング　フォールディングチェア　スタッキングチェア　コスカ　koska　ポケット　pocketストール　メローネバッグ　ハンカチ　かっぽう着　ワークエプロン　北欧　ムーミン　鈴木マサル　岡理恵子　北海道QUARTER　REPORＴ　クォーターリポート　QUARTERREPORＴ◇◆◇◆◇QUARTER REPORT(クォーターリポート）北欧・ムーミン【オーダー1.5倍ヒダカーテン】幅～100&times;丈201～220cm＝片開き（1枚）幅～48&times;丈201～220cm＝両開き（2枚）【interiorカーテン】,フィンランドで生まれた北欧を代表する♪。◇◆◇◆◇QUARTER REPORT(クォーターリポート）北欧・ムーミン【オーダー1.5倍ヒダカーテン】幅～100&times;丈201～220cm＝片開き（1枚）幅～48&times;丈201～220cm＝両開き（2枚）【interiorカーテン】[rn]
14-79067,http://tshop.r10s.jp/lamiavita/cabinet/quarterreport2014/moomin/ordercurtain/img62698350.jpg?fitin=700:700,11680.0000,,インテリア・寝具・収納 > カーテン・ブラインド > その他,◇◆◇◆◇QUARTER REPORT(クォーターリポート）北欧・ムーミン【オーダー1.5倍ヒダカーテン】幅～100×丈221～240cm＝片開き（1枚）幅～48×丈221～240cm＝両開き（2枚）【interiorカーテン】,,,◇◆◇◆◇QUARTER REPORT(クォーターリポート）北欧・ムーミン【オーダー1.5倍ヒダカーテン】幅～100&times;丈221～240cm＝片開き（1枚）幅～48&times;丈221～240cm＝両開き（2枚）【interiorカーテン】：La mia Vita,通信販売通販ショッピングオンラインショッピング買い物プレゼントギフト贈り物贈答品お中元お歳暮お買い得Lemnos　レムノス　TEORI　テオリ　壁掛けミラー　ZERO　ハンガーシートクッション　チェアパッド　チェアクッション　ファブリック　生地　生地販売　カットクロス　インテリアクロック　掛時計　置時計　電波時計ヤマト工芸　サイトーウッド　木材　日本製　ダストボックス　ゴミ箱　分別HUG HAPPY ハグハッピー　リクライニングチェア　天童木工　ロイドルームカーテン　レースカーテン　オーダーカーテン　ストリングスカーテンDDintex　ディーディーインテックス　タペストリー　マルチクロス　Linen　リネン　麻　自然素材ambai　玉子焼　オムレツパン　小泉誠スリッパ　ルームシューズ　ティッシュケース　スリッパラッククッション　60&times;60　クッションカバー　60角アートワークスタジオ　インターフォルムサッキングパッド　レッグウォーマー　スタイ　ガーゼスタイ　ベビーソックスクッション中材　座布団中材　座布団カバー　ダルトン　ＤＵＬＴＯＮ　アメリカン　10倍　15倍　20倍　12周年ダブルデッカー　トリプルデッカー　トライデッカー　ガーベージカン　5段チェスト　10段チェストクッションカバー　45&times;45　クッション　45角　ミニクッション　トスクッションコレクションリビング　フォールディングチェア　スタッキングチェア　コスカ　koska　ポケット　pocketストール　メローネバッグ　ハンカチ　かっぽう着　ワークエプロン　北欧　ムーミン　鈴木マサル　岡理恵子　北海道QUARTER　REPORＴ　クォーターリポート　QUARTERREPORＴ◇◆◇◆◇QUARTER REPORT(クォーターリポート）北欧・ムーミン【オーダー1.5倍ヒダカーテン】幅～100&times;丈221～240cm＝片開き（1枚）幅～48&times;丈221～240cm＝両開き（2枚）【interiorカーテン】,フィンランドで生まれた北欧を代表する♪。◇◆◇◆◇QUARTER REPORT(クォーターリポート）北欧・ムーミン【オーダー1.5倍ヒダカーテン】幅～100&times;丈221～240cm＝片開き（1枚）幅～48&times;丈221～240cm＝両開き（2枚）【interiorカーテン】[rn]
14-79068,http://tshop.r10s.jp/lamiavita/cabinet/quarterreport2014/moomin/ordercurtain/img62698350.jpg?fitin=700:700,12320.0000,,インテリア・寝具・収納 > カーテン・ブラインド > その他,◇◆◇◆◇QUARTER REPORT(クォーターリポート）北欧・ムーミン【オーダー1.5倍ヒダカーテン】幅～100×丈241～260cm＝片開き（1枚）幅～48×丈241～260cm＝両開き（2枚）【interiorカーテン】,,,◇◆◇◆◇QUARTER REPORT(クォーターリポート）北欧・ムーミン【オーダー1.5倍ヒダカーテン】幅～100&times;丈241～260cm＝片開き（1枚）幅～48&times;丈241～260cm＝両開き（2枚）【interiorカーテン】：La mia Vita,通信販売通販ショッピングオンラインショッピング買い物プレゼントギフト贈り物贈答品お中元お歳暮お買い得Lemnos　レムノス　TEORI　テオリ　壁掛けミラー　ZERO　ハンガーシートクッション　チェアパッド　チェアクッション　ファブリック　生地　生地販売　カットクロス　インテリアクロック　掛時計　置時計　電波時計ヤマト工芸　サイトーウッド　木材　日本製　ダストボックス　ゴミ箱　分別HUG HAPPY ハグハッピー　リクライニングチェア　天童木工　ロイドルームカーテン　レースカーテン　オーダーカーテン　ストリングスカーテンDDintex　ディーディーインテックス　タペストリー　マルチクロス　Linen　リネン　麻　自然素材ambai　玉子焼　オムレツパン　小泉誠スリッパ　ルームシューズ　ティッシュケース　スリッパラッククッション　60&times;60　クッションカバー　60角アートワークスタジオ　インターフォルムサッキングパッド　レッグウォーマー　スタイ　ガーゼスタイ　ベビーソックスクッション中材　座布団中材　座布団カバー　ダルトン　ＤＵＬＴＯＮ　アメリカン　10倍　15倍　20倍　12周年ダブルデッカー　トリプルデッカー　トライデッカー　ガーベージカン　5段チェスト　10段チェストクッションカバー　45&times;45　クッション　45角　ミニクッション　トスクッションコレクションリビング　フォールディングチェア　スタッキングチェア　コスカ　koska　ポケット　pocketストール　メローネバッグ　ハンカチ　かっぽう着　ワークエプロン　北欧　ムーミン　鈴木マサル　岡理恵子　北海道QUARTER　REPORＴ　クォーターリポート　QUARTERREPORＴ◇◆◇◆◇QUARTER REPORT(クォーターリポート）北欧・ムーミン【オーダー1.5倍ヒダカーテン】幅～100&times;丈241～260cm＝片開き（1枚）幅～48&times;丈241～260cm＝両開き（2枚）【interiorカーテン】,フィンランドで生まれた北欧を代表する♪。◇◆◇◆◇QUARTER REPORT(クォーターリポート）北欧・ムーミン【オーダー1.5倍ヒダカーテン】幅～100&times;丈241～260cm＝片開き（1枚）幅～48&times;丈241～260cm＝両開き（2枚）【interiorカーテン】[rn]
14-79069,http://tshop.r10s.jp/lamiavita/cabinet/quarterreport2014/moomin/ordercurtain/img62698350.jpg?fitin=700:700,12960.0000,,インテリア・寝具・収納 > カーテン・ブラインド > その他,◇◆◇◆◇QUARTER REPORT(クォーターリポート）北欧・ムーミン【オーダー1.5倍ヒダカーテン】幅～100×丈261～280cm＝片開き（1枚）幅～48×丈261～280cm＝両開き（2枚）【interiorカーテン】,,,◇◆◇◆◇QUARTER REPORT(クォーターリポート）北欧・ムーミン【オーダー1.5倍ヒダカーテン】幅～100&times;丈261～280cm＝片開き（1枚）幅～48&times;丈261～280cm＝両開き（2枚）【interiorカーテン】：La mia Vita,通信販売通販ショッピングオンラインショッピング買い物プレゼントギフト贈り物贈答品お中元お歳暮お買い得Lemnos　レムノス　TEORI　テオリ　壁掛けミラー　ZERO　ハンガーシートクッション　チェアパッド　チェアクッション　ファブリック　生地　生地販売　カットクロス　インテリアクロック　掛時計　置時計　電波時計ヤマト工芸　サイトーウッド　木材　日本製　ダストボックス　ゴミ箱　分別HUG HAPPY ハグハッピー　リクライニングチェア　天童木工　ロイドルームカーテン　レースカーテン　オーダーカーテン　ストリングスカーテンDDintex　ディーディーインテックス　タペストリー　マルチクロス　Linen　リネン　麻　自然素材ambai　玉子焼　オムレツパン　小泉誠スリッパ　ルームシューズ　ティッシュケース　スリッパラッククッション　60&times;60　クッションカバー　60角アートワークスタジオ　インターフォルムサッキングパッド　レッグウォーマー　スタイ　ガーゼスタイ　ベビーソックスクッション中材　座布団中材　座布団カバー　ダルトン　ＤＵＬＴＯＮ　アメリカン　10倍　15倍　20倍　12周年ダブルデッカー　トリプルデッカー　トライデッカー　ガーベージカン　5段チェスト　10段チェストクッションカバー　45&times;45　クッション　45角　ミニクッション　トスクッションコレクションリビング　フォールディングチェア　スタッキングチェア　コスカ　koska　ポケット　pocketストール　メローネバッグ　ハンカチ　かっぽう着　ワークエプロン　北欧　ムーミン　鈴木マサル　岡理恵子　北海道QUARTER　REPORＴ　クォーターリポート　QUARTERREPORＴ◇◆◇◆◇QUARTER REPORT(クォーターリポート）北欧・ムーミン【オーダー1.5倍ヒダカーテン】幅～100&times;丈261～280cm＝片開き（1枚）幅～48&times;丈261～280cm＝両開き（2枚）【interiorカーテン】,フィンランドで生まれた北欧を代表する♪。◇◆◇◆◇QUARTER REPORT(クォーターリポート）北欧・ムーミン【オーダー1.5倍ヒダカーテン】幅～100&times;丈261～280cm＝片開き（1枚）幅～48&times;丈261～280cm＝両開き（2枚）【interiorカーテン】[rn]
14-79070,http://tshop.r10s.jp/lamiavita/cabinet/quarterreport2014/moomin/ordercurtain/img62698350.jpg?fitin=700:700,13600.0000,,インテリア・寝具・収納 > カーテン・ブラインド > その他,◇◆◇◆◇QUARTER REPORT(クォーターリポート）北欧・ムーミン【オーダー1.5倍ヒダカーテン】幅～100×丈281～300cm＝片開き（1枚）幅～48×丈281～300cm＝両開き（2枚）【interiorカーテン】,,,◇◆◇◆◇QUARTER REPORT(クォーターリポート）北欧・ムーミン【オーダー1.5倍ヒダカーテン】幅～100&times;丈281～300cm＝片開き（1枚）幅～48&times;丈281～300cm＝両開き（2枚）【interiorカーテン】：La mia Vita,通信販売通販ショッピングオンラインショッピング買い物プレゼントギフト贈り物贈答品お中元お歳暮お買い得Lemnos　レムノス　TEORI　テオリ　壁掛けミラー　ZERO　ハンガーシートクッション　チェアパッド　チェアクッション　ファブリック　生地　生地販売　カットクロス　インテリアクロック　掛時計　置時計　電波時計ヤマト工芸　サイトーウッド　木材　日本製　ダストボックス　ゴミ箱　分別HUG HAPPY ハグハッピー　リクライニングチェア　天童木工　ロイドルームカーテン　レースカーテン　オーダーカーテン　ストリングスカーテンDDintex　ディーディーインテックス　タペストリー　マルチクロス　Linen　リネン　麻　自然素材ambai　玉子焼　オムレツパン　小泉誠スリッパ　ルームシューズ　ティッシュケース　スリッパラッククッション　60&times;60　クッションカバー　60角アートワークスタジオ　インターフォルムサッキングパッド　レッグウォーマー　スタイ　ガーゼスタイ　ベビーソックスクッション中材　座布団中材　座布団カバー　ダルトン　ＤＵＬＴＯＮ　アメリカン　10倍　15倍　20倍　12周年ダブルデッカー　トリプルデッカー　トライデッカー　ガーベージカン　5段チェスト　10段チェストクッションカバー　45&times;45　クッション　45角　ミニクッション　トスクッションコレクションリビング　フォールディングチェア　スタッキングチェア　コスカ　koska　ポケット　pocketストール　メローネバッグ　ハンカチ　かっぽう着　ワークエプロン　北欧　ムーミン　鈴木マサル　岡理恵子　北海道QUARTER　REPORＴ　クォーターリポート　QUARTERREPORＴ◇◆◇◆◇QUARTER REPORT(クォーターリポート）北欧・ムーミン【オーダー1.5倍ヒダカーテン】幅～100&times;丈281～300cm＝片開き（1枚）幅～48&times;丈281～300cm＝両開き（2枚）【interiorカーテン】,フィンランドで生まれた北欧を代表する♪。◇◆◇◆◇QUARTER REPORT(クォーターリポート）北欧・ムーミン【オーダー1.5倍ヒダカーテン】幅～100&times;丈281～300cm＝片開き（1枚）幅～48&times;丈281～300cm＝両開き（2枚）【interiorカーテン】[rn]
14-79071,http://tshop.r10s.jp/lamiavita/cabinet/quarterreport2014/moomin/ordercurtain/img62698352.jpg?fitin=700:700,14400.0000,,インテリア・寝具・収納 > カーテン・ブラインド > その他,◇◆◇◆◇QUARTER REPORT(クォーターリポート）北欧・ムーミン【オーダー1.5倍ヒダカーテン】幅101～200×丈～100cm＝片開き（1枚）幅49～100×丈～100cm＝両開き（2枚）【interiorカーテン】,,,◇◆◇◆◇QUARTER REPORT(クォーターリポート）北欧・ムーミン【オーダー1.5倍ヒダカーテン】幅101～200&times;丈～100cm＝片開き（1枚）幅49～100&times;丈～100cm＝両開き（2枚）【interiorカーテン】：La mia Vita,通信販売通販ショッピングオンラインショッピング買い物プレゼントギフト贈り物贈答品お中元お歳暮お買い得Lemnos　レムノス　TEORI　テオリ　壁掛けミラー　ZERO　ハンガーシートクッション　チェアパッド　チェアクッション　ファブリック　生地　生地販売　カットクロス　インテリアクロック　掛時計　置時計　電波時計ヤマト工芸　サイトーウッド　木材　日本製　ダストボックス　ゴミ箱　分別HUG HAPPY ハグハッピー　リクライニングチェア　天童木工　ロイドルームカーテン　レースカーテン　オーダーカーテン　ストリングスカーテンDDintex　ディーディーインテックス　タペストリー　マルチクロス　Linen　リネン　麻　自然素材ambai　玉子焼　オムレツパン　小泉誠スリッパ　ルームシューズ　ティッシュケース　スリッパラッククッション　60&times;60　クッションカバー　60角アートワークスタジオ　インターフォルムサッキングパッド　レッグウォーマー　スタイ　ガーゼスタイ　ベビーソックスクッション中材　座布団中材　座布団カバー　ダルトン　ＤＵＬＴＯＮ　アメリカン　10倍　15倍　20倍　12周年ダブルデッカー　トリプルデッカー　トライデッカー　ガーベージカン　5段チェスト　10段チェストクッションカバー　45&times;45　クッション　45角　ミニクッション　トスクッションコレクションリビング　フォールディングチェア　スタッキングチェア　コスカ　koska　ポケット　pocketストール　メローネバッグ　ハンカチ　かっぽう着　ワークエプロン　北欧　ムーミン　鈴木マサル　岡理恵子　北海道QUARTER　REPORＴ　クォーターリポート　QUARTERREPORＴ◇◆◇◆◇QUARTER REPORT(クォーターリポート）北欧・ムーミン【オーダー1.5倍ヒダカーテン】幅101～200&times;丈～100cm＝片開き（1枚）幅49～100&times;丈～100cm＝両開き（2枚）【interiorカーテン】,フィンランドで生まれた北欧を代表する♪。◇◆◇◆◇QUARTER REPORT(クォーターリポート）北欧・ムーミン【オーダー1.5倍ヒダカーテン】幅101～200&times;丈～100cm＝片開き（1枚）幅49～100&times;丈～100cm＝両開き（2枚）【interiorカーテン】[rn]
14-79072,http://tshop.r10s.jp/lamiavita/cabinet/quarterreport2014/moomin/ordercurtain/img62698352.jpg?fitin=700:700,15680.0000,,インテリア・寝具・収納 > カーテン・ブラインド > その他,◇◆◇◆◇QUARTER REPORT(クォーターリポート）北欧・ムーミン【オーダー1.5倍ヒダカーテン】幅101～200×丈101～120cm＝片開き（1枚）幅49～100×丈101～120cm＝両開き（2枚）【interiorカーテン】,,,◇◆◇◆◇QUARTER REPORT(クォーターリポート）北欧・ムーミン【オーダー1.5倍ヒダカーテン】幅101～200&times;丈101～120cm＝片開き（1枚）幅49～100&times;丈101～120cm＝両開き（2枚）【interiorカーテン】：La mia Vita,通信販売通販ショッピングオンラインショッピング買い物プレゼントギフト贈り物贈答品お中元お歳暮お買い得Lemnos　レムノス　TEORI　テオリ　壁掛けミラー　ZERO　ハンガーシートクッション　チェアパッド　チェアクッション　ファブリック　生地　生地販売　カットクロス　インテリアクロック　掛時計　置時計　電波時計ヤマト工芸　サイトーウッド　木材　日本製　ダストボックス　ゴミ箱　分別HUG HAPPY ハグハッピー　リクライニングチェア　天童木工　ロイドルームカーテン　レースカーテン　オーダーカーテン　ストリングスカーテンDDintex　ディーディーインテックス　タペストリー　マルチクロス　Linen　リネン　麻　自然素材ambai　玉子焼　オムレツパン　小泉誠スリッパ　ルームシューズ　ティッシュケース　スリッパラッククッション　60&times;60　クッションカバー　60角アートワークスタジオ　インターフォルムサッキングパッド　レッグウォーマー　スタイ　ガーゼスタイ　ベビーソックスクッション中材　座布団中材　座布団カバー　ダルトン　ＤＵＬＴＯＮ　アメリカン　10倍　15倍　20倍　12周年ダブルデッカー　トリプルデッカー　トライデッカー　ガーベージカン　5段チェスト　10段チェストクッションカバー　45&times;45　クッション　45角　ミニクッション　トスクッションコレクションリビング　フォールディングチェア　スタッキングチェア　コスカ　koska　ポケット　pocketストール　メローネバッグ　ハンカチ　かっぽう着　ワークエプロン　北欧　ムーミン　鈴木マサル　岡理恵子　北海道QUARTER　REPORＴ　クォーターリポート　QUARTERREPORＴ◇◆◇◆◇QUARTER REPORT(クォーターリポート）北欧・ムーミン【オーダー1.5倍ヒダカーテン】幅101～200&times;丈101～120cm＝片開き（1枚）幅49～100&times;丈101～120cm＝両開き（2枚）【interiorカーテン】,フィンランドで生まれた北欧を代表する♪。◇◆◇◆◇QUARTER REPORT(クォーターリポート）北欧・ムーミン【オーダー1.5倍ヒダカーテン】幅101～200&times;丈101～120cm＝片開き（1枚）幅49～100&times;丈101～120cm＝両開き（2枚）【interiorカーテン】[rn]
14-79073,http://tshop.r10s.jp/lamiavita/cabinet/quarterreport2014/moomin/ordercurtain/img62698352.jpg?fitin=700:700,16960.0000,,インテリア・寝具・収納 > カーテン・ブラインド > その他,◇◆◇◆◇QUARTER REPORT(クォーターリポート）北欧・ムーミン【オーダー1.5倍ヒダカーテン】幅101～200×丈121～140cm＝片開き（1枚）幅49～100×丈121～140cm＝両開き（2枚）【interiorカーテン】,,,◇◆◇◆◇QUARTER REPORT(クォーターリポート）北欧・ムーミン【オーダー1.5倍ヒダカーテン】幅101～200&times;丈121～140cm＝片開き（1枚）幅49～100&times;丈121～140cm＝両開き（2枚）【interiorカーテン】：La mia Vita,通信販売通販ショッピングオンラインショッピング買い物プレゼントギフト贈り物贈答品お中元お歳暮お買い得Lemnos　レムノス　TEORI　テオリ　壁掛けミラー　ZERO　ハンガーシートクッション　チェアパッド　チェアクッション　ファブリック　生地　生地販売　カットクロス　インテリアクロック　掛時計　置時計　電波時計ヤマト工芸　サイトーウッド　木材　日本製　ダストボックス　ゴミ箱　分別HUG HAPPY ハグハッピー　リクライニングチェア　天童木工　ロイドルームカーテン　レースカーテン　オーダーカーテン　ストリングスカーテンDDintex　ディーディーインテックス　タペストリー　マルチクロス　Linen　リネン　麻　自然素材ambai　玉子焼　オムレツパン　小泉誠スリッパ　ルームシューズ　ティッシュケース　スリッパラッククッション　60&times;60　クッションカバー　60角アートワークスタジオ　インターフォルムサッキングパッド　レッグウォーマー　スタイ　ガーゼスタイ　ベビーソックスクッション中材　座布団中材　座布団カバー　ダルトン　ＤＵＬＴＯＮ　アメリカン　10倍　15倍　20倍　12周年ダブルデッカー　トリプルデッカー　トライデッカー　ガーベージカン　5段チェスト　10段チェストクッションカバー　45&times;45　クッション　45角　ミニクッション　トスクッションコレクションリビング　フォールディングチェア　スタッキングチェア　コスカ　koska　ポケット　pocketストール　メローネバッグ　ハンカチ　かっぽう着　ワークエプロン　北欧　ムーミン　鈴木マサル　岡理恵子　北海道QUARTER　REPORＴ　クォーターリポート　QUARTERREPORＴ◇◆◇◆◇QUARTER REPORT(クォーターリポート）北欧・ムーミン【オーダー1.5倍ヒダカーテン】幅101～200&times;丈121～140cm＝片開き（1枚）幅49～100&times;丈121～140cm＝両開き（2枚）【interiorカーテン】,フィンランドで生まれた北欧を代表する♪。◇◆◇◆◇QUARTER REPORT(クォーターリポート）北欧・ムーミン【オーダー1.5倍ヒダカーテン】幅101～200&times;丈121～140cm＝片開き（1枚）幅49～100&times;丈121～140cm＝両開き（2枚）【interiorカーテン】[rn]
14-79074,http://tshop.r10s.jp/lamiavita/cabinet/quarterreport2014/moomin/ordercurtain/img62698352.jpg?fitin=700:700,18240.0000,,インテリア・寝具・収納 > カーテン・ブラインド > その他,◇◆◇◆◇QUARTER REPORT(クォーターリポート）北欧・ムーミン【オーダー1.5倍ヒダカーテン】幅101～200×丈141～160cm＝片開き（1枚）幅49～100×丈141～160cm＝両開き（2枚）【interiorカーテン】,,,◇◆◇◆◇QUARTER REPORT(クォーターリポート）北欧・ムーミン【オーダー1.5倍ヒダカーテン】幅101～200&times;丈141～160cm＝片開き（1枚）幅49～100&times;丈141～160cm＝両開き（2枚）【interiorカーテン】：La mia Vita,通信販売通販ショッピングオンラインショッピング買い物プレゼントギフト贈り物贈答品お中元お歳暮お買い得Lemnos　レムノス　TEORI　テオリ　壁掛けミラー　ZERO　ハンガーシートクッション　チェアパッド　チェアクッション　ファブリック　生地　生地販売　カットクロス　インテリアクロック　掛時計　置時計　電波時計ヤマト工芸　サイトーウッド　木材　日本製　ダストボックス　ゴミ箱　分別HUG HAPPY ハグハッピー　リクライニングチェア　天童木工　ロイドルームカーテン　レースカーテン　オーダーカーテン　ストリングスカーテンDDintex　ディーディーインテックス　タペストリー　マルチクロス　Linen　リネン　麻　自然素材ambai　玉子焼　オムレツパン　小泉誠スリッパ　ルームシューズ　ティッシュケース　スリッパラッククッション　60&times;60　クッションカバー　60角アートワークスタジオ　インターフォルムサッキングパッド　レッグウォーマー　スタイ　ガーゼスタイ　ベビーソックスクッション中材　座布団中材　座布団カバー　ダルトン　ＤＵＬＴＯＮ　アメリカン　10倍　15倍　20倍　12周年ダブルデッカー　トリプルデッカー　トライデッカー　ガーベージカン　5段チェスト　10段チェストクッションカバー　45&times;45　クッション　45角　ミニクッション　トスクッションコレクションリビング　フォールディングチェア　スタッキングチェア　コスカ　koska　ポケット　pocketストール　メローネバッグ　ハンカチ　かっぽう着　ワークエプロン　北欧　ムーミン　鈴木マサル　岡理恵子　北海道QUARTER　REPORＴ　クォーターリポート　QUARTERREPORＴ◇◆◇◆◇QUARTER REPORT(クォーターリポート）北欧・ムーミン【オーダー1.5倍ヒダカーテン】幅101～200&times;丈141～160cm＝片開き（1枚）幅49～100&times;丈141～160cm＝両開き（2枚）【interiorカーテン】,フィンランドで生まれた北欧を代表する♪。◇◆◇◆◇QUARTER REPORT(クォーターリポート）北欧・ムーミン【オーダー1.5倍ヒダカーテン】幅101～200&times;丈141～160cm＝片開き（1枚）幅49～100&times;丈141～160cm＝両開き（2枚）【interiorカーテン】[rn]
14-79075,http://tshop.r10s.jp/lamiavita/cabinet/quarterreport2014/moomin/ordercurtain/img62698352.jpg?fitin=700:700,19520.0000,,インテリア・寝具・収納 > カーテン・ブラインド > その他,◇◆◇◆◇QUARTER REPORT(クォーターリポート）北欧・ムーミン【オーダー1.5倍ヒダカーテン】幅101～200×丈161～180cm＝片開き（1枚）幅49～100×丈161～180cm＝両開き（2枚）【interiorカーテン】,,,◇◆◇◆◇QUARTER REPORT(クォーターリポート）北欧・ムーミン【オーダー1.5倍ヒダカーテン】幅101～200&times;丈161～180cm＝片開き（1枚）幅49～100&times;丈161～180cm＝両開き（2枚）【interiorカーテン】：La mia Vita,通信販売通販ショッピングオンラインショッピング買い物プレゼントギフト贈り物贈答品お中元お歳暮お買い得Lemnos　レムノス　TEORI　テオリ　壁掛けミラー　ZERO　ハンガーシートクッション　チェアパッド　チェアクッション　ファブリック　生地　生地販売　カットクロス　インテリアクロック　掛時計　置時計　電波時計ヤマト工芸　サイトーウッド　木材　日本製　ダストボックス　ゴミ箱　分別HUG HAPPY ハグハッピー　リクライニングチェア　天童木工　ロイドルームカーテン　レースカーテン　オーダーカーテン　ストリングスカーテンDDintex　ディーディーインテックス　タペストリー　マルチクロス　Linen　リネン　麻　自然素材ambai　玉子焼　オムレツパン　小泉誠スリッパ　ルームシューズ　ティッシュケース　スリッパラッククッション　60&times;60　クッションカバー　60角アートワークスタジオ　インターフォルムサッキングパッド　レッグウォーマー　スタイ　ガーゼスタイ　ベビーソックスクッション中材　座布団中材　座布団カバー　ダルトン　ＤＵＬＴＯＮ　アメリカン　10倍　15倍　20倍　12周年ダブルデッカー　トリプルデッカー　トライデッカー　ガーベージカン　5段チェスト　10段チェストクッションカバー　45&times;45　クッション　45角　ミニクッション　トスクッションコレクションリビング　フォールディングチェア　スタッキングチェア　コスカ　koska　ポケット　pocketストール　メローネバッグ　ハンカチ　かっぽう着　ワークエプロン　北欧　ムーミン　鈴木マサル　岡理恵子　北海道QUARTER　REPORＴ　クォーターリポート　QUARTERREPORＴ◇◆◇◆◇QUARTER REPORT(クォーターリポート）北欧・ムーミン【オーダー1.5倍ヒダカーテン】幅101～200&times;丈161～180cm＝片開き（1枚）幅49～100&times;丈161～180cm＝両開き（2枚）【interiorカーテン】,フィンランドで生まれた北欧を代表する♪。◇◆◇◆◇QUARTER REPORT(クォーターリポート）北欧・ムーミン【オーダー1.5倍ヒダカーテン】幅101～200&times;丈161～180cm＝片開き（1枚）幅49～100&times;丈161～180cm＝両開き（2枚）【interiorカーテン】[rn]
14-79076,http://tshop.r10s.jp/lamiavita/cabinet/quarterreport2014/moomin/ordercurtain/img62698352.jpg?fitin=700:700,20800.0000,,インテリア・寝具・収納 > カーテン・ブラインド > その他,◇◆◇◆◇QUARTER REPORT(クォーターリポート）北欧・ムーミン【オーダー1.5倍ヒダカーテン】幅101～200×丈181～200cm＝片開き（1枚）幅49～100×丈181～200cm＝両開き（2枚）【interiorカーテン】,,,◇◆◇◆◇QUARTER REPORT(クォーターリポート）北欧・ムーミン【オーダー1.5倍ヒダカーテン】幅101～200&times;丈181～200cm＝片開き（1枚）幅49～100&times;丈181～200cm＝両開き（2枚）【interiorカーテン】：La mia Vita,通信販売通販ショッピングオンラインショッピング買い物プレゼントギフト贈り物贈答品お中元お歳暮お買い得Lemnos　レムノス　TEORI　テオリ　壁掛けミラー　ZERO　ハンガーシートクッション　チェアパッド　チェアクッション　ファブリック　生地　生地販売　カットクロス　インテリアクロック　掛時計　置時計　電波時計ヤマト工芸　サイトーウッド　木材　日本製　ダストボックス　ゴミ箱　分別HUG HAPPY ハグハッピー　リクライニングチェア　天童木工　ロイドルームカーテン　レースカーテン　オーダーカーテン　ストリングスカーテンDDintex　ディーディーインテックス　タペストリー　マルチクロス　Linen　リネン　麻　自然素材ambai　玉子焼　オムレツパン　小泉誠スリッパ　ルームシューズ　ティッシュケース　スリッパラッククッション　60&times;60　クッションカバー　60角アートワークスタジオ　インターフォルムサッキングパッド　レッグウォーマー　スタイ　ガーゼスタイ　ベビーソックスクッション中材　座布団中材　座布団カバー　ダルトン　ＤＵＬＴＯＮ　アメリカン　10倍　15倍　20倍　12周年ダブルデッカー　トリプルデッカー　トライデッカー　ガーベージカン　5段チェスト　10段チェストクッションカバー　45&times;45　クッション　45角　ミニクッション　トスクッションコレクションリビング　フォールディングチェア　スタッキングチェア　コスカ　koska　ポケット　pocketストール　メローネバッグ　ハンカチ　かっぽう着　ワークエプロン　北欧　ムーミン　鈴木マサル　岡理恵子　北海道QUARTER　REPORＴ　クォーターリポート　QUARTERREPORＴ◇◆◇◆◇QUARTER REPORT(クォーターリポート）北欧・ムーミン【オーダー1.5倍ヒダカーテン】幅101～200&times;丈181～200cm＝片開き（1枚）幅49～100&times;丈181～200cm＝両開き（2枚）【interiorカーテン】,フィンランドで生まれた北欧を代表する♪。◇◆◇◆◇QUARTER REPORT(クォーターリポート）北欧・ムーミン【オーダー1.5倍ヒダカーテン】幅101～200&times;丈181～200cm＝片開き（1枚）幅49～100&times;丈181～200cm＝両開き（2枚）【interiorカーテン】[rn]
14-79077,http://tshop.r10s.jp/lamiavita/cabinet/quarterreport2014/moomin/ordercurtain/img62698352.jpg?fitin=700:700,22080.0000,,インテリア・寝具・収納 > カーテン・ブラインド > その他,◇◆◇◆◇QUARTER REPORT(クォーターリポート）北欧・ムーミン【オーダー1.5倍ヒダカーテン】幅101～200×丈201～220cm＝片開き（1枚）幅49～100×丈201～220cm＝両開き（2枚）【interiorカーテン】,,,◇◆◇◆◇QUARTER REPORT(クォーターリポート）北欧・ムーミン【オーダー1.5倍ヒダカーテン】幅101～200&times;丈201～220cm＝片開き（1枚）幅49～100&times;丈201～220cm＝両開き（2枚）【interiorカーテン】：La mia Vita,通信販売通販ショッピングオンラインショッピング買い物プレゼントギフト贈り物贈答品お中元お歳暮お買い得Lemnos　レムノス　TEORI　テオリ　壁掛けミラー　ZERO　ハンガーシートクッション　チェアパッド　チェアクッション　ファブリック　生地　生地販売　カットクロス　インテリアクロック　掛時計　置時計　電波時計ヤマト工芸　サイトーウッド　木材　日本製　ダストボックス　ゴミ箱　分別HUG HAPPY ハグハッピー　リクライニングチェア　天童木工　ロイドルームカーテン　レースカーテン　オーダーカーテン　ストリングスカーテンDDintex　ディーディーインテックス　タペストリー　マルチクロス　Linen　リネン　麻　自然素材ambai　玉子焼　オムレツパン　小泉誠スリッパ　ルームシューズ　ティッシュケース　スリッパラッククッション　60&times;60　クッションカバー　60角アートワークスタジオ　インターフォルムサッキングパッド　レッグウォーマー　スタイ　ガーゼスタイ　ベビーソックスクッション中材　座布団中材　座布団カバー　ダルトン　ＤＵＬＴＯＮ　アメリカン　10倍　15倍　20倍　12周年ダブルデッカー　トリプルデッカー　トライデッカー　ガーベージカン　5段チェスト　10段チェストクッションカバー　45&times;45　クッション　45角　ミニクッション　トスクッションコレクションリビング　フォールディングチェア　スタッキングチェア　コスカ　koska　ポケット　pocketストール　メローネバッグ　ハンカチ　かっぽう着　ワークエプロン　北欧　ムーミン　鈴木マサル　岡理恵子　北海道QUARTER　REPORＴ　クォーターリポート　QUARTERREPORＴ◇◆◇◆◇QUARTER REPORT(クォーターリポート）北欧・ムーミン【オーダー1.5倍ヒダカーテン】幅101～200&times;丈201～220cm＝片開き（1枚）幅49～100&times;丈201～220cm＝両開き（2枚）【interiorカーテン】,フィンランドで生まれた北欧を代表する♪。◇◆◇◆◇QUARTER REPORT(クォーターリポート）北欧・ムーミン【オーダー1.5倍ヒダカーテン】幅101～200&times;丈201～220cm＝片開き（1枚）幅49～100&times;丈201～220cm＝両開き（2枚）【interiorカーテン】[rn]
14-79078,http://tshop.r10s.jp/lamiavita/cabinet/quarterreport2014/moomin/ordercurtain/img62698352.jpg?fitin=700:700,23360.0000,,インテリア・寝具・収納 > カーテン・ブラインド > その他,◇◆◇◆◇QUARTER REPORT(クォーターリポート）北欧・ムーミン【オーダー1.5倍ヒダカーテン】幅101～200×丈221～240cm＝片開き（1枚）幅49～100×丈221～240cm＝両開き（2枚）【interiorカーテン】,,,◇◆◇◆◇QUARTER REPORT(クォーターリポート）北欧・ムーミン【オーダー1.5倍ヒダカーテン】幅101～200&times;丈221～240cm＝片開き（1枚）幅49～100&times;丈221～240cm＝両開き（2枚）【interiorカーテン】：La mia Vita,通信販売通販ショッピングオンラインショッピング買い物プレゼントギフト贈り物贈答品お中元お歳暮お買い得Lemnos　レムノス　TEORI　テオリ　壁掛けミラー　ZERO　ハンガーシートクッション　チェアパッド　チェアクッション　ファブリック　生地　生地販売　カットクロス　インテリアクロック　掛時計　置時計　電波時計ヤマト工芸　サイトーウッド　木材　日本製　ダストボックス　ゴミ箱　分別HUG HAPPY ハグハッピー　リクライニングチェア　天童木工　ロイドルームカーテン　レースカーテン　オーダーカーテン　ストリングスカーテンDDintex　ディーディーインテックス　タペストリー　マルチクロス　Linen　リネン　麻　自然素材ambai　玉子焼　オムレツパン　小泉誠スリッパ　ルームシューズ　ティッシュケース　スリッパラッククッション　60&times;60　クッションカバー　60角アートワークスタジオ　インターフォルムサッキングパッド　レッグウォーマー　スタイ　ガーゼスタイ　ベビーソックスクッション中材　座布団中材　座布団カバー　ダルトン　ＤＵＬＴＯＮ　アメリカン　10倍　15倍　20倍　12周年ダブルデッカー　トリプルデッカー　トライデッカー　ガーベージカン　5段チェスト　10段チェストクッションカバー　45&times;45　クッション　45角　ミニクッション　トスクッションコレクションリビング　フォールディングチェア　スタッキングチェア　コスカ　koska　ポケット　pocketストール　メローネバッグ　ハンカチ　かっぽう着　ワークエプロン　北欧　ムーミン　鈴木マサル　岡理恵子　北海道QUARTER　REPORＴ　クォーターリポート　QUARTERREPORＴ◇◆◇◆◇QUARTER REPORT(クォーターリポート）北欧・ムーミン【オーダー1.5倍ヒダカーテン】幅101～200&times;丈221～240cm＝片開き（1枚）幅49～100&times;丈221～240cm＝両開き（2枚）【interiorカーテン】,フィンランドで生まれた北欧を代表する♪。◇◆◇◆◇QUARTER REPORT(クォーターリポート）北欧・ムーミン【オーダー1.5倍ヒダカーテン】幅101～200&times;丈221～240cm＝片開き（1枚）幅49～100&times;丈221～240cm＝両開き（2枚）【interiorカーテン】[rn]
14-79079,http://tshop.r10s.jp/lamiavita/cabinet/quarterreport2014/moomin/ordercurtain/img62698352.jpg?fitin=700:700,24640.0000,,インテリア・寝具・収納 > カーテン・ブラインド > その他,◇◆◇◆◇QUARTER REPORT(クォーターリポート）北欧・ムーミン【オーダー1.5倍ヒダカーテン】幅101～200×丈241～260cm＝片開き（1枚）幅49～100×丈241～260cm＝両開き（2枚）【interiorカーテン】,,,◇◆◇◆◇QUARTER REPORT(クォーターリポート）北欧・ムーミン【オーダー1.5倍ヒダカーテン】幅101～200&times;丈241～260cm＝片開き（1枚）幅49～100&times;丈241～260cm＝両開き（2枚）【interiorカーテン】：La mia Vita,通信販売通販ショッピングオンラインショッピング買い物プレゼントギフト贈り物贈答品お中元お歳暮お買い得Lemnos　レムノス　TEORI　テオリ　壁掛けミラー　ZERO　ハンガーシートクッション　チェアパッド　チェアクッション　ファブリック　生地　生地販売　カットクロス　インテリアクロック　掛時計　置時計　電波時計ヤマト工芸　サイトーウッド　木材　日本製　ダストボックス　ゴミ箱　分別HUG HAPPY ハグハッピー　リクライニングチェア　天童木工　ロイドルームカーテン　レースカーテン　オーダーカーテン　ストリングスカーテンDDintex　ディーディーインテックス　タペストリー　マルチクロス　Linen　リネン　麻　自然素材ambai　玉子焼　オムレツパン　小泉誠スリッパ　ルームシューズ　ティッシュケース　スリッパラッククッション　60&times;60　クッションカバー　60角アートワークスタジオ　インターフォルムサッキングパッド　レッグウォーマー　スタイ　ガーゼスタイ　ベビーソックスクッション中材　座布団中材　座布団カバー　ダルトン　ＤＵＬＴＯＮ　アメリカン　10倍　15倍　20倍　12周年ダブルデッカー　トリプルデッカー　トライデッカー　ガーベージカン　5段チェスト　10段チェストクッションカバー　45&times;45　クッション　45角　ミニクッション　トスクッションコレクションリビング　フォールディングチェア　スタッキングチェア　コスカ　koska　ポケット　pocketストール　メローネバッグ　ハンカチ　かっぽう着　ワークエプロン　北欧　ムーミン　鈴木マサル　岡理恵子　北海道QUARTER　REPORＴ　クォーターリポート　QUARTERREPORＴ◇◆◇◆◇QUARTER REPORT(クォーターリポート）北欧・ムーミン【オーダー1.5倍ヒダカーテン】幅101～200&times;丈241～260cm＝片開き（1枚）幅49～100&times;丈241～260cm＝両開き（2枚）【interiorカーテン】,フィンランドで生まれた北欧を代表する♪。◇◆◇◆◇QUARTER REPORT(クォーターリポート）北欧・ムーミン【オーダー1.5倍ヒダカーテン】幅101～200&times;丈241～260cm＝片開き（1枚）幅49～100&times;丈241～260cm＝両開き（2枚）【interiorカーテン】[rn]
14-79080,http://tshop.r10s.jp/yamayuu/cabinet/01443090/img57907476.jpg?fitin=700:700,16135.2000,,インテリア・寝具・収納 > カーテン・ブラインド > その他,防音カーテン　KTB4346／4347　［幅～150cm×丈～120cm］　遮光機能付き！　ホームシアター・オーディオルームに最適♪　老舗カーテンメーカーの本格防音カーテン　東リ製　【送料無料】,,"東リ製の防音カーテンです。
こちらはオーダー式です。詳しくはPC版ページからご覧ください。<hr>
[製品の詳細]<br>
サイズ：幅～150cm×丈～120cm<br>
組　成：表面…ポリエステル100％、裏面…アクリル樹脂（防音加工）<br>
カラー：2色<br>
入　数：片開き…1枚、両開き…半分幅2枚<br>
特　長：遮音、遮光（1級）、防炎<br>
・フック、タッセル付き<br>
・3つ山約2倍ヒダ
<hr>
[発送について]<br>
●メーカー発送商品(代引き不可)<br>
●送料無料(※北海道・沖縄・離島は別途配送料がかかります)<br>

<hr>

<font color=""#ff0000"">
[注意点]<br>
※納期は4～7日くらいです。<br>
※注文手続きの際に、備考欄へご希望のサイズをご記入ください。<br>
※カーテンの性質上、あくまで音漏れを軽減するものであり、完全に遮音できるというものではありません。補助的な資材としてお考え下さい。<br>
※オーダーカーテンのためご注文のキャンセルはお受けできません。<br>
※色・イメージが違う等の理由による返品はお受けできません。<br>
※商品の色は、画像と実物とでは多少異なる場合があります。<br>
●詳しくはPC(パソコン)版ページからご覧ください。
</font>",防音カーテン　KTB4346／4347　［幅～150cm&times;丈～120cm］　遮光機能付き！　ホームシアター・オーディオルームに最適♪　老舗カーテンメーカーの本格防音カーテン　東リ製　【送料無料】：ホームセンター ヤマユウ,通信販売通販ショッピングオンラインショッピング買い物プレゼントギフト贈り物贈答品お中元お歳暮お買い得防音静床ライト珪藻土バスマット足快バスマット建築資材断熱材バスグッズ風呂ふたお風呂ふたソイルソーラーライト日よけイルミネーションガーデンファニチャーガーデンライトタカショー防音シート防音マットグラスウールロックウール防音カーテン　KTB4346／4347　［幅～150cm&times;丈～120cm］　遮光機能付き！　ホームシアター・オーディオルームに最適♪　老舗カーテンメーカーの本格防音カーテン　東リ製　【送料無料】,防音カーテンを好評販売中！。防音カーテン　KTB4346／4347　［幅～150cm&times;丈～120cm］　遮光機能付き！　ホームシアター・オーディオルームに最適♪　老舗カーテンメーカーの本格防音カーテン　東リ製　【送料無料】[rn]
14-79081,http://tshop.r10s.jp/yamayuu/cabinet/01443090/img57907476.jpg?fitin=700:700,23824.8000,,インテリア・寝具・収納 > カーテン・ブラインド > その他,防音カーテン　KTB4346／4347　［幅151～225cm×丈～120cm］　遮光機能付き！　ホームシアター・オーディオルームに最適♪　老舗カーテンメーカーの本格防音カーテン　東リ製　【送料無料】,,"東リ製の防音カーテンです。
こちらはオーダー式です。詳しくはPC版ページからご覧ください。<hr>
[製品の詳細]<br>
サイズ：幅151～225cm×丈～120cm<br>
組　成：表面…ポリエステル100％、裏面…アクリル樹脂（防音加工）<br>
カラー：2色<br>
入　数：片開き…1枚、両開き…半分幅2枚<br>
特　長：遮音、遮光（1級）、防炎<br>
・フック、タッセル付き<br>
・3つ山約2倍ヒダ
<hr>
[発送について]<br>
●メーカー発送商品(代引き不可)<br>
●送料無料(※北海道・沖縄・離島は別途配送料がかかります)<br>

<hr>

<font color=""#ff0000"">
[注意点]<br>
※納期は4～7日くらいです。<br>
※注文手続きの際に、備考欄へご希望のサイズをご記入ください。<br>
※カーテンの性質上、あくまで音漏れを軽減するものであり、完全に遮音できるというものではありません。補助的な資材としてお考え下さい。<br>
※オーダーカーテンのためご注文のキャンセルはお受けできません。<br>
※色・イメージが違う等の理由による返品はお受けできません。<br>
※商品の色は、画像と実物とでは多少異なる場合があります。<br>
●詳しくはPC(パソコン)版ページからご覧ください。
</font>",防音カーテン　KTB4346／4347　［幅151～225cm&times;丈～120cm］　遮光機能付き！　ホームシアター・オーディオルームに最適♪　老舗カーテンメーカーの本格防音カーテン　東リ製　【送料無料】：ホームセンター ヤマユウ,通信販売通販ショッピングオンラインショッピング買い物プレゼントギフト贈り物贈答品お中元お歳暮お買い得防音静床ライト珪藻土バスマット足快バスマット建築資材断熱材バスグッズ風呂ふたお風呂ふたソイルソーラーライト日よけイルミネーションガーデンファニチャーガーデンライトタカショー防音シート防音マットグラスウールロックウール防音カーテン　KTB4346／4347　［幅151～225cm&times;丈～120cm］　遮光機能付き！　ホームシアター・オーディオルームに最適♪　老舗カーテンメーカーの本格防音カーテン　東リ製　【送料無料】,防音カーテンを好評販売中！。防音カーテン　KTB4346／4347　［幅151～225cm&times;丈～120cm］　遮光機能付き！　ホームシアター・オーディオルームに最適♪　老舗カーテンメーカーの本格防音カーテン　東リ製　【送料無料】[rn]
14-79082,http://tshop.r10s.jp/yamayuu/cabinet/01443090/img57907476.jpg?fitin=700:700,31060.8000,,インテリア・寝具・収納 > カーテン・ブラインド > その他,防音カーテン　KTB4346／4347　［幅226～300cm×丈～120cm］　遮光機能付き！　ホームシアター・オーディオルームに最適♪　老舗カーテンメーカーの本格防音カーテン　東リ製　【送料無料】,,"東リ製の防音カーテンです。
こちらはオーダー式です。詳しくはPC版ページからご覧ください。<hr>
[製品の詳細]<br>
サイズ：幅226～300cm×丈～120cm<br>
組　成：表面…ポリエステル100％、裏面…アクリル樹脂（防音加工）<br>
カラー：2色<br>
入　数：片開き…1枚、両開き…半分幅2枚<br>
特　長：遮音、遮光（1級）、防炎<br>
・フック、タッセル付き<br>
・3つ山約2倍ヒダ
<hr>
[発送について]<br>
●メーカー発送商品(代引き不可)<br>
●送料無料(※北海道・沖縄・離島は別途配送料がかかります)<br>

<hr>

<font color=""#ff0000"">
[注意点]<br>
※納期は4～7日くらいです。<br>
※注文手続きの際に、備考欄へご希望のサイズをご記入ください。<br>
※カーテンの性質上、あくまで音漏れを軽減するものであり、完全に遮音できるというものではありません。補助的な資材としてお考え下さい。<br>
※オーダーカーテンのためご注文のキャンセルはお受けできません。<br>
※色・イメージが違う等の理由による返品はお受けできません。<br>
※商品の色は、画像と実物とでは多少異なる場合があります。<br>
●詳しくはPC(パソコン)版ページからご覧ください。
</font>",防音カーテン　KTB4346／4347　［幅226～300cm&times;丈～120cm］　遮光機能付き！　ホームシアター・オーディオルームに最適♪　老舗カーテンメーカーの本格防音カーテン　東リ製　【送料無料】：ホームセンター ヤマユウ,通信販売通販ショッピングオンラインショッピング買い物プレゼントギフト贈り物贈答品お中元お歳暮お買い得防音静床ライト珪藻土バスマット足快バスマット建築資材断熱材バスグッズ風呂ふたお風呂ふたソイルソーラーライト日よけイルミネーションガーデンファニチャーガーデンライトタカショー防音シート防音マットグラスウールロックウール防音カーテン　KTB4346／4347　［幅226～300cm&times;丈～120cm］　遮光機能付き！　ホームシアター・オーディオルームに最適♪　老舗カーテンメーカーの本格防音カーテン　東リ製　【送料無料】,防音カーテンを好評販売中！。防音カーテン　KTB4346／4347　［幅226～300cm&times;丈～120cm］　遮光機能付き！　ホームシアター・オーディオルームに最適♪　老舗カーテンメーカーの本格防音カーテン　東リ製　【送料無料】[rn]
14-79083,http://tshop.r10s.jp/yamayuu/cabinet/01443090/img57907476.jpg?fitin=700:700,38340.0000,,インテリア・寝具・収納 > カーテン・ブラインド > その他,防音カーテン　KTB4346／4347　［幅301～375cm×丈～120cm］　遮光機能付き！　ホームシアター・オーディオルームに最適♪　老舗カーテンメーカーの本格防音カーテン　東リ製　【送料無料】,,"東リ製の防音カーテンです。
こちらはオーダー式です。詳しくはPC版ページからご覧ください。<hr>
[製品の詳細]<br>
サイズ：幅301～375cm×丈～120cm<br>
組　成：表面…ポリエステル100％、裏面…アクリル樹脂（防音加工）<br>
カラー：2色<br>
入　数：片開き…1枚、両開き…半分幅2枚<br>
特　長：遮音、遮光（1級）、防炎<br>
・フック、タッセル付き<br>
・3つ山約2倍ヒダ
<hr>
[発送について]<br>
●メーカー発送商品(代引き不可)<br>
●送料無料(※北海道・沖縄・離島は別途配送料がかかります)<br>

<hr>

<font color=""#ff0000"">
[注意点]<br>
※納期は4～7日くらいです。<br>
※注文手続きの際に、備考欄へご希望のサイズをご記入ください。<br>
※カーテンの性質上、あくまで音漏れを軽減するものであり、完全に遮音できるというものではありません。補助的な資材としてお考え下さい。<br>
※オーダーカーテンのためご注文のキャンセルはお受けできません。<br>
※色・イメージが違う等の理由による返品はお受けできません。<br>
※商品の色は、画像と実物とでは多少異なる場合があります。<br>
●詳しくはPC(パソコン)版ページからご覧ください。
</font>",防音カーテン　KTB4346／4347　［幅301～375cm&times;丈～120cm］　遮光機能付き！　ホームシアター・オーディオルームに最適♪　老舗カーテンメーカーの本格防音カーテン　東リ製　【送料無料】：ホームセンター ヤマユウ,通信販売通販ショッピングオンラインショッピング買い物プレゼントギフト贈り物贈答品お中元お歳暮お買い得防音静床ライト珪藻土バスマット足快バスマット建築資材断熱材バスグッズ風呂ふたお風呂ふたソイルソーラーライト日よけイルミネーションガーデンファニチャーガーデンライトタカショー防音シート防音マットグラスウールロックウール防音カーテン　KTB4346／4347　［幅301～375cm&times;丈～120cm］　遮光機能付き！　ホームシアター・オーディオルームに最適♪　老舗カーテンメーカーの本格防音カーテン　東リ製　【送料無料】,防音カーテンを好評販売中！。防音カーテン　KTB4346／4347　［幅301～375cm&times;丈～120cm］　遮光機能付き！　ホームシアター・オーディオルームに最適♪　老舗カーテンメーカーの本格防音カーテン　東リ製　【送料無料】[rn]
14-79084,http://tshop.r10s.jp/yamayuu/cabinet/01443090/img57907476.jpg?fitin=700:700,46029.6000,,インテリア・寝具・収納 > カーテン・ブラインド > その他,防音カーテン　KTB4346／4347　［幅376～450cm×丈～120cm］　遮光機能付き！　ホームシアター・オーディオルームに最適♪　老舗カーテンメーカーの本格防音カーテン　東リ製　【送料無料】,,"東リ製の防音カーテンです。
こちらはオーダー式です。詳しくはPC版ページからご覧ください。<hr>
[製品の詳細]<br>
サイズ：幅376～450cm×丈～120cm<br>
組　成：表面…ポリエステル100％、裏面…アクリル樹脂（防音加工）<br>
カラー：2色<br>
入　数：片開き…1枚、両開き…半分幅2枚<br>
特　長：遮音、遮光（1級）、防炎<br>
・フック、タッセル付き<br>
・3つ山約2倍ヒダ
<hr>
[発送について]<br>
●メーカー発送商品(代引き不可)<br>
●送料無料(※北海道・沖縄・離島は別途配送料がかかります)<br>

<hr>

<font color=""#ff0000"">
[注意点]<br>
※納期は4～7日くらいです。<br>
※注文手続きの際に、備考欄へご希望のサイズをご記入ください。<br>
※カーテンの性質上、あくまで音漏れを軽減するものであり、完全に遮音できるというものではありません。補助的な資材としてお考え下さい。<br>
※オーダーカーテンのためご注文のキャンセルはお受けできません。<br>
※色・イメージが違う等の理由による返品はお受けできません。<br>
※商品の色は、画像と実物とでは多少異なる場合があります。<br>
●詳しくはPC(パソコン)版ページからご覧ください。
</font>",防音カーテン　KTB4346／4347　［幅376～450cm&times;丈～120cm］　遮光機能付き！　ホームシアター・オーディオルームに最適♪　老舗カーテンメーカーの本格防音カーテン　東リ製　【送料無料】：ホームセンター ヤマユウ,通信販売通販ショッピングオンラインショッピング買い物プレゼントギフト贈り物贈答品お中元お歳暮お買い得防音静床ライト珪藻土バスマット足快バスマット建築資材断熱材バスグッズ風呂ふたお風呂ふたソイルソーラーライト日よけイルミネーションガーデンファニチャーガーデンライトタカショー防音シート防音マットグラスウールロックウール防音カーテン　KTB4346／4347　［幅376～450cm&times;丈～120cm］　遮光機能付き！　ホームシアター・オーディオルームに最適♪　老舗カーテンメーカーの本格防音カーテン　東リ製　【送料無料】,防音カーテンを好評販売中！。防音カーテン　KTB4346／4347　［幅376～450cm&times;丈～120cm］　遮光機能付き！　ホームシアター・オーディオルームに最適♪　老舗カーテンメーカーの本格防音カーテン　東リ製　【送料無料】[rn]
14-79085,http://tshop.r10s.jp/yamayuu/cabinet/01443090/img57907476.jpg?fitin=700:700,18424.8000,,インテリア・寝具・収納 > カーテン・ブラインド > その他,防音カーテン　KTB4346／4347　［幅～150cm×丈121～140cm］　遮光機能付き！　ホームシアター・オーディオルームに最適♪　老舗カーテンメーカーの本格防音カーテン　東リ製　【送料無料】,,"東リ製の防音カーテンです。
こちらはオーダー式です。詳しくはPC版ページからご覧ください。<hr>
[製品の詳細]<br>
サイズ：幅～150cm×丈121～140cm<br>
組　成：表面…ポリエステル100％、裏面…アクリル樹脂（防音加工）<br>
カラー：2色<br>
入　数：片開き…1枚、両開き…半分幅2枚<br>
特　長：遮音、遮光（1級）、防炎<br>
・フック、タッセル付き<br>
・3つ山約2倍ヒダ
<hr>
[発送について]<br>
●メーカー発送商品(代引き不可)<br>
●送料無料(※北海道・沖縄・離島は別途配送料がかかります)<br>

<hr>

<font color=""#ff0000"">
[注意点]<br>
※納期は4～7日くらいです。<br>
※注文手続きの際に、備考欄へご希望のサイズをご記入ください。<br>
※カーテンの性質上、あくまで音漏れを軽減するものであり、完全に遮音できるというものではありません。補助的な資材としてお考え下さい。<br>
※オーダーカーテンのためご注文のキャンセルはお受けできません。<br>
※色・イメージが違う等の理由による返品はお受けできません。<br>
※商品の色は、画像と実物とでは多少異なる場合があります。<br>
●詳しくはPC(パソコン)版ページからご覧ください。
</font>",防音カーテン　KTB4346／4347　［幅～150cm&times;丈121～140cm］　遮光機能付き！　ホームシアター・オーディオルームに最適♪　老舗カーテンメーカーの本格防音カーテン　東リ製　【送料無料】：ホームセンター ヤマユウ,通信販売通販ショッピングオンラインショッピング買い物プレゼントギフト贈り物贈答品お中元お歳暮お買い得防音静床ライト珪藻土バスマット足快バスマット建築資材断熱材バスグッズ風呂ふたお風呂ふたソイルソーラーライト日よけイルミネーションガーデンファニチャーガーデンライトタカショー防音シート防音マットグラスウールロックウール防音カーテン　KTB4346／4347　［幅～150cm&times;丈121～140cm］　遮光機能付き！　ホームシアター・オーディオルームに最適♪　老舗カーテンメーカーの本格防音カーテン　東リ製　【送料無料】,防音カーテンを好評販売中！。防音カーテン　KTB4346／4347　［幅～150cm&times;丈121～140cm］　遮光機能付き！　ホームシアター・オーディオルームに最適♪　老舗カーテンメーカーの本格防音カーテン　東リ製　【送料無料】[rn]
14-79086,http://tshop.r10s.jp/yamayuu/cabinet/01443090/img57907476.jpg?fitin=700:700,27000.0000,,インテリア・寝具・収納 > カーテン・ブラインド > その他,防音カーテン　KTB4346／4347　［幅151～225cm×丈121～140cm］　遮光機能付き！　ホームシアター・オーディオルームに最適♪　老舗カーテンメーカーの本格防音カーテン　東リ製　【送料無料】,,"東リ製の防音カーテンです。
こちらはオーダー式です。詳しくはPC版ページからご覧ください。<hr>
[製品の詳細]<br>
サイズ：幅151～225cm×丈121～140cm<br>
組　成：表面…ポリエステル100％、裏面…アクリル樹脂（防音加工）<br>
カラー：2色<br>
入　数：片開き…1枚、両開き…半分幅2枚<br>
特　長：遮音、遮光（1級）、防炎<br>
・フック、タッセル付き<br>
・3つ山約2倍ヒダ
<hr>
[発送について]<br>
●メーカー発送商品(代引き不可)<br>
●送料無料(※北海道・沖縄・離島は別途配送料がかかります)<br>

<hr>

<font color=""#ff0000"">
[注意点]<br>
※納期は4～7日くらいです。<br>
※注文手続きの際に、備考欄へご希望のサイズをご記入ください。<br>
※カーテンの性質上、あくまで音漏れを軽減するものであり、完全に遮音できるというものではありません。補助的な資材としてお考え下さい。<br>
※オーダーカーテンのためご注文のキャンセルはお受けできません。<br>
※色・イメージが違う等の理由による返品はお受けできません。<br>
※商品の色は、画像と実物とでは多少異なる場合があります。<br>
●詳しくはPC(パソコン)版ページからご覧ください。
</font>",防音カーテン　KTB4346／4347　［幅151～225cm&times;丈121～140cm］　遮光機能付き！　ホームシアター・オーディオルームに最適♪　老舗カーテンメーカーの本格防音カーテン　東リ製　【送料無料】：ホームセンター ヤマユウ,通信販売通販ショッピングオンラインショッピング買い物プレゼントギフト贈り物贈答品お中元お歳暮お買い得防音静床ライト珪藻土バスマット足快バスマット建築資材断熱材バスグッズ風呂ふたお風呂ふたソイルソーラーライト日よけイルミネーションガーデンファニチャーガーデンライトタカショー防音シート防音マットグラスウールロックウール防音カーテン　KTB4346／4347　［幅151～225cm&times;丈121～140cm］　遮光機能付き！　ホームシアター・オーディオルームに最適♪　老舗カーテンメーカーの本格防音カーテン　東リ製　【送料無料】,防音カーテンを好評販売中！。防音カーテン　KTB4346／4347　［幅151～225cm&times;丈121～140cm］　遮光機能付き！　ホームシアター・オーディオルームに最適♪　老舗カーテンメーカーの本格防音カーテン　東リ製　【送料無料】[rn]
14-79087,http://tshop.r10s.jp/yamayuu/cabinet/01443090/img57907476.jpg?fitin=700:700,35164.8000,,インテリア・寝具・収納 > カーテン・ブラインド > その他,防音カーテン　KTB4346／4347　［幅226～300cm×丈121～140cm］　遮光機能付き！　ホームシアター・オーディオルームに最適♪　老舗カーテンメーカーの本格防音カーテン　東リ製　【送料無料】,,"東リ製の防音カーテンです。
こちらはオーダー式です。詳しくはPC版ページからご覧ください。<hr>
[製品の詳細]<br>
サイズ：幅226～300cm×丈121～140cm<br>
組　成：表面…ポリエステル100％、裏面…アクリル樹脂（防音加工）<br>
カラー：2色<br>
入　数：片開き…1枚、両開き…半分幅2枚<br>
特　長：遮音、遮光（1級）、防炎<br>
・フック、タッセル付き<br>
・3つ山約2倍ヒダ
<hr>
[発送について]<br>
●メーカー発送商品(代引き不可)<br>
●送料無料(※北海道・沖縄・離島は別途配送料がかかります)<br>

<hr>

<font color=""#ff0000"">
[注意点]<br>
※納期は4～7日くらいです。<br>
※注文手続きの際に、備考欄へご希望のサイズをご記入ください。<br>
※カーテンの性質上、あくまで音漏れを軽減するものであり、完全に遮音できるというものではありません。補助的な資材としてお考え下さい。<br>
※オーダーカーテンのためご注文のキャンセルはお受けできません。<br>
※色・イメージが違う等の理由による返品はお受けできません。<br>
※商品の色は、画像と実物とでは多少異なる場合があります。<br>
●詳しくはPC(パソコン)版ページからご覧ください。
</font>",防音カーテン　KTB4346／4347　［幅226～300cm&times;丈121～140cm］　遮光機能付き！　ホームシアター・オーディオルームに最適♪　老舗カーテンメーカーの本格防音カーテン　東リ製　【送料無料】：ホームセンター ヤマユウ,通信販売通販ショッピングオンラインショッピング買い物プレゼントギフト贈り物贈答品お中元お歳暮お買い得防音静床ライト珪藻土バスマット足快バスマット建築資材断熱材バスグッズ風呂ふたお風呂ふたソイルソーラーライト日よけイルミネーションガーデンファニチャーガーデンライトタカショー防音シート防音マットグラスウールロックウール防音カーテン　KTB4346／4347　［幅226～300cm&times;丈121～140cm］　遮光機能付き！　ホームシアター・オーディオルームに最適♪　老舗カーテンメーカーの本格防音カーテン　東リ製　【送料無料】,防音カーテンを好評販売中！。防音カーテン　KTB4346／4347　［幅226～300cm&times;丈121～140cm］　遮光機能付き！　ホームシアター・オーディオルームに最適♪　老舗カーテンメーカーの本格防音カーテン　東リ製　【送料無料】[rn]
14-79088,http://tshop.r10s.jp/yamayuu/cabinet/01443090/img57907476.jpg?fitin=700:700,43761.6000,,インテリア・寝具・収納 > カーテン・ブラインド > その他,防音カーテン　KTB4346／4347　［幅301～375cm×丈121～140cm］　遮光機能付き！　ホームシアター・オーディオルームに最適♪　老舗カーテンメーカーの本格防音カーテン　東リ製　【送料無料】,,"東リ製の防音カーテンです。
こちらはオーダー式です。詳しくはPC版ページからご覧ください。<hr>
[製品の詳細]<br>
サイズ：幅301～375cm×丈121～140cm<br>
組　成：表面…ポリエステル100％、裏面…アクリル樹脂（防音加工）<br>
カラー：2色<br>
入　数：片開き…1枚、両開き…半分幅2枚<br>
特　長：遮音、遮光（1級）、防炎<br>
・フック、タッセル付き<br>
・3つ山約2倍ヒダ
<hr>
[発送について]<br>
●メーカー発送商品(代引き不可)<br>
●送料無料(※北海道・沖縄・離島は別途配送料がかかります)<br>

<hr>

<font color=""#ff0000"">
[注意点]<br>
※納期は4～7日くらいです。<br>
※注文手続きの際に、備考欄へご希望のサイズをご記入ください。<br>
※カーテンの性質上、あくまで音漏れを軽減するものであり、完全に遮音できるというものではありません。補助的な資材としてお考え下さい。<br>
※オーダーカーテンのためご注文のキャンセルはお受けできません。<br>
※色・イメージが違う等の理由による返品はお受けできません。<br>
※商品の色は、画像と実物とでは多少異なる場合があります。<br>
●詳しくはPC(パソコン)版ページからご覧ください。
</font>",防音カーテン　KTB4346／4347　［幅301～375cm&times;丈121～140cm］　遮光機能付き！　ホームシアター・オーディオルームに最適♪　老舗カーテンメーカーの本格防音カーテン　東リ製　【送料無料】：ホームセンター ヤマユウ,通信販売通販ショッピングオンラインショッピング買い物プレゼントギフト贈り物贈答品お中元お歳暮お買い得防音静床ライト珪藻土バスマット足快バスマット建築資材断熱材バスグッズ風呂ふたお風呂ふたソイルソーラーライト日よけイルミネーションガーデンファニチャーガーデンライトタカショー防音シート防音マットグラスウールロックウール防音カーテン　KTB4346／4347　［幅301～375cm&times;丈121～140cm］　遮光機能付き！　ホームシアター・オーディオルームに最適♪　老舗カーテンメーカーの本格防音カーテン　東リ製　【送料無料】,防音カーテンを好評販売中！。防音カーテン　KTB4346／4347　［幅301～375cm&times;丈121～140cm］　遮光機能付き！　ホームシアター・オーディオルームに最適♪　老舗カーテンメーカーの本格防音カーテン　東リ製　【送料無料】[rn]
14-79089,http://tshop.r10s.jp/yamayuu/cabinet/01443090/img57907476.jpg?fitin=700:700,52336.8000,,インテリア・寝具・収納 > カーテン・ブラインド > その他,防音カーテン　KTB4346／4347　［幅376～450cm×丈121～140cm］　遮光機能付き！　ホームシアター・オーディオルームに最適♪　老舗カーテンメーカーの本格防音カーテン　東リ製　【送料無料】,,"東リ製の防音カーテンです。
こちらはオーダー式です。詳しくはPC版ページからご覧ください。<hr>
[製品の詳細]<br>
サイズ：幅376～450cm×丈121～140cm<br>
組　成：表面…ポリエステル100％、裏面…アクリル樹脂（防音加工）<br>
カラー：2色<br>
入　数：片開き…1枚、両開き…半分幅2枚<br>
特　長：遮音、遮光（1級）、防炎<br>
・フック、タッセル付き<br>
・3つ山約2倍ヒダ
<hr>
[発送について]<br>
●メーカー発送商品(代引き不可)<br>
●送料無料(※北海道・沖縄・離島は別途配送料がかかります)<br>

<hr>

<font color=""#ff0000"">
[注意点]<br>
※納期は4～7日くらいです。<br>
※注文手続きの際に、備考欄へご希望のサイズをご記入ください。<br>
※カーテンの性質上、あくまで音漏れを軽減するものであり、完全に遮音できるというものではありません。補助的な資材としてお考え下さい。<br>
※オーダーカーテンのためご注文のキャンセルはお受けできません。<br>
※色・イメージが違う等の理由による返品はお受けできません。<br>
※商品の色は、画像と実物とでは多少異なる場合があります。<br>
●詳しくはPC(パソコン)版ページからご覧ください。
</font>",防音カーテン　KTB4346／4347　［幅376～450cm&times;丈121～140cm］　遮光機能付き！　ホームシアター・オーディオルームに最適♪　老舗カーテンメーカーの本格防音カーテン　東リ製　【送料無料】：ホームセンター ヤマユウ,通信販売通販ショッピングオンラインショッピング買い物プレゼントギフト贈り物贈答品お中元お歳暮お買い得防音静床ライト珪藻土バスマット足快バスマット建築資材断熱材バスグッズ風呂ふたお風呂ふたソイルソーラーライト日よけイルミネーションガーデンファニチャーガーデンライトタカショー防音シート防音マットグラスウールロックウール防音カーテン　KTB4346／4347　［幅376～450cm&times;丈121～140cm］　遮光機能付き！　ホームシアター・オーディオルームに最適♪　老舗カーテンメーカーの本格防音カーテン　東リ製　【送料無料】,防音カーテンを好評販売中！。防音カーテン　KTB4346／4347　［幅376～450cm&times;丈121～140cm］　遮光機能付き！　ホームシアター・オーディオルームに最適♪　老舗カーテンメーカーの本格防音カーテン　東リ製　【送料無料】[rn]
14-79090,http://tshop.r10s.jp/yamayuu/cabinet/01443090/img57907476.jpg?fitin=700:700,19764.0000,,インテリア・寝具・収納 > カーテン・ブラインド > その他,防音カーテン　KTB4346／4347　［幅～150cm×丈141～160cm］　遮光機能付き！　ホームシアター・オーディオルームに最適♪　老舗カーテンメーカーの本格防音カーテン　東リ製　【送料無料】,,"東リ製の防音カーテンです。
こちらはオーダー式です。詳しくはPC版ページからご覧ください。<hr>
[製品の詳細]<br>
サイズ：幅～150cm×丈141～160cm<br>
組　成：表面…ポリエステル100％、裏面…アクリル樹脂（防音加工）<br>
カラー：2色<br>
入　数：片開き…1枚、両開き…半分幅2枚<br>
特　長：遮音、遮光（1級）、防炎<br>
・フック、タッセル付き<br>
・3つ山約2倍ヒダ
<hr>
[発送について]<br>
●メーカー発送商品(代引き不可)<br>
●送料無料(※北海道・沖縄・離島は別途配送料がかかります)<br>

<hr>

<font color=""#ff0000"">
[注意点]<br>
※納期は4～7日くらいです。<br>
※注文手続きの際に、備考欄へご希望のサイズをご記入ください。<br>
※カーテンの性質上、あくまで音漏れを軽減するものであり、完全に遮音できるというものではありません。補助的な資材としてお考え下さい。<br>
※オーダーカーテンのためご注文のキャンセルはお受けできません。<br>
※色・イメージが違う等の理由による返品はお受けできません。<br>
※商品の色は、画像と実物とでは多少異なる場合があります。<br>
●詳しくはPC(パソコン)版ページからご覧ください。
</font>",防音カーテン　KTB4346／4347　［幅～150cm&times;丈141～160cm］　遮光機能付き！　ホームシアター・オーディオルームに最適♪　老舗カーテンメーカーの本格防音カーテン　東リ製　【送料無料】：ホームセンター ヤマユウ,通信販売通販ショッピングオンラインショッピング買い物プレゼントギフト贈り物贈答品お中元お歳暮お買い得防音静床ライト珪藻土バスマット足快バスマット建築資材断熱材バスグッズ風呂ふたお風呂ふたソイルソーラーライト日よけイルミネーションガーデンファニチャーガーデンライトタカショー防音シート防音マットグラスウールロックウール防音カーテン　KTB4346／4347　［幅～150cm&times;丈141～160cm］　遮光機能付き！　ホームシアター・オーディオルームに最適♪　老舗カーテンメーカーの本格防音カーテン　東リ製　【送料無料】,防音カーテンを好評販売中！。防音カーテン　KTB4346／4347　［幅～150cm&times;丈141～160cm］　遮光機能付き！　ホームシアター・オーディオルームに最適♪　老舗カーテンメーカーの本格防音カーテン　東リ製　【送料無料】[rn]
14-79091,http://tshop.r10s.jp/yamayuu/cabinet/01443090/img57907476.jpg?fitin=700:700,28814.4000,,インテリア・寝具・収納 > カーテン・ブラインド > その他,防音カーテン　KTB4346／4347　［幅151～225cm×丈141～160cm］　遮光機能付き！　ホームシアター・オーディオルームに最適♪　老舗カーテンメーカーの本格防音カーテン　東リ製　【送料無料】,,"東リ製の防音カーテンです。
こちらはオーダー式です。詳しくはPC版ページからご覧ください。<hr>
[製品の詳細]<br>
サイズ：幅151～225cm×丈141～160cm<br>
組　成：表面…ポリエステル100％、裏面…アクリル樹脂（防音加工）<br>
カラー：2色<br>
入　数：片開き…1枚、両開き…半分幅2枚<br>
特　長：遮音、遮光（1級）、防炎<br>
・フック、タッセル付き<br>
・3つ山約2倍ヒダ
<hr>
[発送について]<br>
●メーカー発送商品(代引き不可)<br>
●送料無料(※北海道・沖縄・離島は別途配送料がかかります)<br>

<hr>

<font color=""#ff0000"">
[注意点]<br>
※納期は4～7日くらいです。<br>
※注文手続きの際に、備考欄へご希望のサイズをご記入ください。<br>
※カーテンの性質上、あくまで音漏れを軽減するものであり、完全に遮音できるというものではありません。補助的な資材としてお考え下さい。<br>
※オーダーカーテンのためご注文のキャンセルはお受けできません。<br>
※色・イメージが違う等の理由による返品はお受けできません。<br>
※商品の色は、画像と実物とでは多少異なる場合があります。<br>
●詳しくはPC(パソコン)版ページからご覧ください。
</font>",防音カーテン　KTB4346／4347　［幅151～225cm&times;丈141～160cm］　遮光機能付き！　ホームシアター・オーディオルームに最適♪　老舗カーテンメーカーの本格防音カーテン　東リ製　【送料無料】：ホームセンター ヤマユウ,通信販売通販ショッピングオンラインショッピング買い物プレゼントギフト贈り物贈答品お中元お歳暮お買い得防音静床ライト珪藻土バスマット足快バスマット建築資材断熱材バスグッズ風呂ふたお風呂ふたソイルソーラーライト日よけイルミネーションガーデンファニチャーガーデンライトタカショー防音シート防音マットグラスウールロックウール防音カーテン　KTB4346／4347　［幅151～225cm&times;丈141～160cm］　遮光機能付き！　ホームシアター・オーディオルームに最適♪　老舗カーテンメーカーの本格防音カーテン　東リ製　【送料無料】,防音カーテンを好評販売中！。防音カーテン　KTB4346／4347　［幅151～225cm&times;丈141～160cm］　遮光機能付き！　ホームシアター・オーディオルームに最適♪　老舗カーテンメーカーの本格防音カーテン　東リ製　【送料無料】[rn]
14-79092,http://tshop.r10s.jp/yamayuu/cabinet/01443090/img57907476.jpg?fitin=700:700,38340.0000,,インテリア・寝具・収納 > カーテン・ブラインド > その他,防音カーテン　KTB4346／4347　［幅226～300cm×丈141～160cm］　遮光機能付き！　ホームシアター・オーディオルームに最適♪　老舗カーテンメーカーの本格防音カーテン　東リ製　【送料無料】,,"東リ製の防音カーテンです。
こちらはオーダー式です。詳しくはPC版ページからご覧ください。<hr>
[製品の詳細]<br>
サイズ：幅226～300cm×丈141～160cm<br>
組　成：表面…ポリエステル100％、裏面…アクリル樹脂（防音加工）<br>
カラー：2色<br>
入　数：片開き…1枚、両開き…半分幅2枚<br>
特　長：遮音、遮光（1級）、防炎<br>
・フック、タッセル付き<br>
・3つ山約2倍ヒダ
<hr>
[発送について]<br>
●メーカー発送商品(代引き不可)<br>
●送料無料(※北海道・沖縄・離島は別途配送料がかかります)<br>

<hr>

<font color=""#ff0000"">
[注意点]<br>
※納期は4～7日くらいです。<br>
※注文手続きの際に、備考欄へご希望のサイズをご記入ください。<br>
※カーテンの性質上、あくまで音漏れを軽減するものであり、完全に遮音できるというものではありません。補助的な資材としてお考え下さい。<br>
※オーダーカーテンのためご注文のキャンセルはお受けできません。<br>
※色・イメージが違う等の理由による返品はお受けできません。<br>
※商品の色は、画像と実物とでは多少異なる場合があります。<br>
●詳しくはPC(パソコン)版ページからご覧ください。
</font>",防音カーテン　KTB4346／4347　［幅226～300cm&times;丈141～160cm］　遮光機能付き！　ホームシアター・オーディオルームに最適♪　老舗カーテンメーカーの本格防音カーテン　東リ製　【送料無料】：ホームセンター ヤマユウ,通信販売通販ショッピングオンラインショッピング買い物プレゼントギフト贈り物贈答品お中元お歳暮お買い得防音静床ライト珪藻土バスマット足快バスマット建築資材断熱材バスグッズ風呂ふたお風呂ふたソイルソーラーライト日よけイルミネーションガーデンファニチャーガーデンライトタカショー防音シート防音マットグラスウールロックウール防音カーテン　KTB4346／4347　［幅226～300cm&times;丈141～160cm］　遮光機能付き！　ホームシアター・オーディオルームに最適♪　老舗カーテンメーカーの本格防音カーテン　東リ製　【送料無料】,防音カーテンを好評販売中！。防音カーテン　KTB4346／4347　［幅226～300cm&times;丈141～160cm］　遮光機能付き！　ホームシアター・オーディオルームに最適♪　老舗カーテンメーカーの本格防音カーテン　東リ製　【送料無料】[rn]
14-79093,http://tshop.r10s.jp/yamayuu/cabinet/01443090/img57907476.jpg?fitin=700:700,47390.4000,,インテリア・寝具・収納 > カーテン・ブラインド > その他,防音カーテン　KTB4346／4347　［幅301～375cm×丈141～160cm］　遮光機能付き！　ホームシアター・オーディオルームに最適♪　老舗カーテンメーカーの本格防音カーテン　東リ製　【送料無料】,,"東リ製の防音カーテンです。
こちらはオーダー式です。詳しくはPC版ページからご覧ください。<hr>
[製品の詳細]<br>
サイズ：幅301～375cm×丈141～160cm<br>
組　成：表面…ポリエステル100％、裏面…アクリル樹脂（防音加工）<br>
カラー：2色<br>
入　数：片開き…1枚、両開き…半分幅2枚<br>
特　長：遮音、遮光（1級）、防炎<br>
・フック、タッセル付き<br>
・3つ山約2倍ヒダ
<hr>
[発送について]<br>
●メーカー発送商品(代引き不可)<br>
●送料無料(※北海道・沖縄・離島は別途配送料がかかります)<br>

<hr>

<font color=""#ff0000"">
[注意点]<br>
※納期は4～7日くらいです。<br>
※注文手続きの際に、備考欄へご希望のサイズをご記入ください。<br>
※カーテンの性質上、あくまで音漏れを軽減するものであり、完全に遮音できるというものではありません。補助的な資材としてお考え下さい。<br>
※オーダーカーテンのためご注文のキャンセルはお受けできません。<br>
※色・イメージが違う等の理由による返品はお受けできません。<br>
※商品の色は、画像と実物とでは多少異なる場合があります。<br>
●詳しくはPC(パソコン)版ページからご覧ください。
</font>",防音カーテン　KTB4346／4347　［幅301～375cm&times;丈141～160cm］　遮光機能付き！　ホームシアター・オーディオルームに最適♪　老舗カーテンメーカーの本格防音カーテン　東リ製　【送料無料】：ホームセンター ヤマユウ,通信販売通販ショッピングオンラインショッピング買い物プレゼントギフト贈り物贈答品お中元お歳暮お買い得防音静床ライト珪藻土バスマット足快バスマット建築資材断熱材バスグッズ風呂ふたお風呂ふたソイルソーラーライト日よけイルミネーションガーデンファニチャーガーデンライトタカショー防音シート防音マットグラスウールロックウール防音カーテン　KTB4346／4347　［幅301～375cm&times;丈141～160cm］　遮光機能付き！　ホームシアター・オーディオルームに最適♪　老舗カーテンメーカーの本格防音カーテン　東リ製　【送料無料】,防音カーテンを好評販売中！。防音カーテン　KTB4346／4347　［幅301～375cm&times;丈141～160cm］　遮光機能付き！　ホームシアター・オーディオルームに最適♪　老舗カーテンメーカーの本格防音カーテン　東リ製　【送料無料】[rn]
14-79094,http://tshop.r10s.jp/yamayuu/cabinet/01443090/img57907476.jpg?fitin=700:700,56462.4000,,インテリア・寝具・収納 > カーテン・ブラインド > その他,防音カーテン　KTB4346／4347　［幅376～450cm×丈141～160cm］　遮光機能付き！　ホームシアター・オーディオルームに最適♪　老舗カーテンメーカーの本格防音カーテン　東リ製　【送料無料】,,"東リ製の防音カーテンです。
こちらはオーダー式です。詳しくはPC版ページからご覧ください。<hr>
[製品の詳細]<br>
サイズ：幅376～450cm×丈141～160cm<br>
組　成：表面…ポリエステル100％、裏面…アクリル樹脂（防音加工）<br>
カラー：2色<br>
入　数：片開き…1枚、両開き…半分幅2枚<br>
特　長：遮音、遮光（1級）、防炎<br>
・フック、タッセル付き<br>
・3つ山約2倍ヒダ
<hr>
[発送について]<br>
●メーカー発送商品(代引き不可)<br>
●送料無料(※北海道・沖縄・離島は別途配送料がかかります)<br>

<hr>

<font color=""#ff0000"">
[注意点]<br>
※納期は4～7日くらいです。<br>
※注文手続きの際に、備考欄へご希望のサイズをご記入ください。<br>
※カーテンの性質上、あくまで音漏れを軽減するものであり、完全に遮音できるというものではありません。補助的な資材としてお考え下さい。<br>
※オーダーカーテンのためご注文のキャンセルはお受けできません。<br>
※色・イメージが違う等の理由による返品はお受けできません。<br>
※商品の色は、画像と実物とでは多少異なる場合があります。<br>
●詳しくはPC(パソコン)版ページからご覧ください。
</font>",防音カーテン　KTB4346／4347　［幅376～450cm&times;丈141～160cm］　遮光機能付き！　ホームシアター・オーディオルームに最適♪　老舗カーテンメーカーの本格防音カーテン　東リ製　【送料無料】：ホームセンター ヤマユウ,通信販売通販ショッピングオンラインショッピング買い物プレゼントギフト贈り物贈答品お中元お歳暮お買い得防音静床ライト珪藻土バスマット足快バスマット建築資材断熱材バスグッズ風呂ふたお風呂ふたソイルソーラーライト日よけイルミネーションガーデンファニチャーガーデンライトタカショー防音シート防音マットグラスウールロックウール防音カーテン　KTB4346／4347　［幅376～450cm&times;丈141～160cm］　遮光機能付き！　ホームシアター・オーディオルームに最適♪　老舗カーテンメーカーの本格防音カーテン　東リ製　【送料無料】,防音カーテンを好評販売中！。防音カーテン　KTB4346／4347　［幅376～450cm&times;丈141～160cm］　遮光機能付き！　ホームシアター・オーディオルームに最適♪　老舗カーテンメーカーの本格防音カーテン　東リ製　【送料無料】[rn]
14-79095,http://tshop.r10s.jp/yamayuu/cabinet/01443090/img57907476.jpg?fitin=700:700,22010.4000,,インテリア・寝具・収納 > カーテン・ブラインド > その他,防音カーテン　KTB4346／4347　［幅～150cm×丈161～180cm］　遮光機能付き！　ホームシアター・オーディオルームに最適♪　老舗カーテンメーカーの本格防音カーテン　東リ製　【送料無料】,,"東リ製の防音カーテンです。
こちらはオーダー式です。詳しくはPC版ページからご覧ください。<hr>
[製品の詳細]<br>
サイズ：幅～150cm×丈161～180cm<br>
組　成：表面…ポリエステル100％、裏面…アクリル樹脂（防音加工）<br>
カラー：2色<br>
入　数：片開き…1枚、両開き…半分幅2枚<br>
特　長：遮音、遮光（1級）、防炎<br>
・フック、タッセル付き<br>
・3つ山約2倍ヒダ
<hr>
[発送について]<br>
●メーカー発送商品(代引き不可)<br>
●送料無料(※北海道・沖縄・離島は別途配送料がかかります)<br>

<hr>

<font color=""#ff0000"">
[注意点]<br>
※納期は4～7日くらいです。<br>
※注文手続きの際に、備考欄へご希望のサイズをご記入ください。<br>
※カーテンの性質上、あくまで音漏れを軽減するものであり、完全に遮音できるというものではありません。補助的な資材としてお考え下さい。<br>
※オーダーカーテンのためご注文のキャンセルはお受けできません。<br>
※色・イメージが違う等の理由による返品はお受けできません。<br>
※商品の色は、画像と実物とでは多少異なる場合があります。<br>
●詳しくはPC(パソコン)版ページからご覧ください。
</font>",防音カーテン　KTB4346／4347　［幅～150cm&times;丈161～180cm］　遮光機能付き！　ホームシアター・オーディオルームに最適♪　老舗カーテンメーカーの本格防音カーテン　東リ製　【送料無料】：ホームセンター ヤマユウ,通信販売通販ショッピングオンラインショッピング買い物プレゼントギフト贈り物贈答品お中元お歳暮お買い得防音静床ライト珪藻土バスマット足快バスマット建築資材断熱材バスグッズ風呂ふたお風呂ふたソイルソーラーライト日よけイルミネーションガーデンファニチャーガーデンライトタカショー防音シート防音マットグラスウールロックウール防音カーテン　KTB4346／4347　［幅～150cm&times;丈161～180cm］　遮光機能付き！　ホームシアター・オーディオルームに最適♪　老舗カーテンメーカーの本格防音カーテン　東リ製　【送料無料】,防音カーテンを好評販売中！。防音カーテン　KTB4346／4347　［幅～150cm&times;丈161～180cm］　遮光機能付き！　ホームシアター・オーディオルームに最適♪　老舗カーテンメーカーの本格防音カーテン　東リ製　【送料無料】[rn]
14-79096,http://tshop.r10s.jp/yamayuu/cabinet/01443090/img57907476.jpg?fitin=700:700,32011.2000,,インテリア・寝具・収納 > カーテン・ブラインド > その他,防音カーテン　KTB4346／4347　［幅151～225cm×丈161～180cm］　遮光機能付き！　ホームシアター・オーディオルームに最適♪　老舗カーテンメーカーの本格防音カーテン　東リ製　【送料無料】,,"東リ製の防音カーテンです。
こちらはオーダー式です。詳しくはPC版ページからご覧ください。<hr>
[製品の詳細]<br>
サイズ：幅151～225cm×丈161～180cm<br>
組　成：表面…ポリエステル100％、裏面…アクリル樹脂（防音加工）<br>
カラー：2色<br>
入　数：片開き…1枚、両開き…半分幅2枚<br>
特　長：遮音、遮光（1級）、防炎<br>
・フック、タッセル付き<br>
・3つ山約2倍ヒダ
<hr>
[発送について]<br>
●メーカー発送商品(代引き不可)<br>
●送料無料(※北海道・沖縄・離島は別途配送料がかかります)<br>

<hr>

<font color=""#ff0000"">
[注意点]<br>
※納期は4～7日くらいです。<br>
※注文手続きの際に、備考欄へご希望のサイズをご記入ください。<br>
※カーテンの性質上、あくまで音漏れを軽減するものであり、完全に遮音できるというものではありません。補助的な資材としてお考え下さい。<br>
※オーダーカーテンのためご注文のキャンセルはお受けできません。<br>
※色・イメージが違う等の理由による返品はお受けできません。<br>
※商品の色は、画像と実物とでは多少異なる場合があります。<br>
●詳しくはPC(パソコン)版ページからご覧ください。
</font>",防音カーテン　KTB4346／4347　［幅151～225cm&times;丈161～180cm］　遮光機能付き！　ホームシアター・オーディオルームに最適♪　老舗カーテンメーカーの本格防音カーテン　東リ製　【送料無料】：ホームセンター ヤマユウ,通信販売通販ショッピングオンラインショッピング買い物プレゼントギフト贈り物贈答品お中元お歳暮お買い得防音静床ライト珪藻土バスマット足快バスマット建築資材断熱材バスグッズ風呂ふたお風呂ふたソイルソーラーライト日よけイルミネーションガーデンファニチャーガーデンライトタカショー防音シート防音マットグラスウールロックウール防音カーテン　KTB4346／4347　［幅151～225cm&times;丈161～180cm］　遮光機能付き！　ホームシアター・オーディオルームに最適♪　老舗カーテンメーカーの本格防音カーテン　東リ製　【送料無料】,防音カーテンを好評販売中！。防音カーテン　KTB4346／4347　［幅151～225cm&times;丈161～180cm］　遮光機能付き！　ホームシアター・オーディオルームに最適♪　老舗カーテンメーカーの本格防音カーテン　東リ製　【送料無料】[rn]
14-79097,http://tshop.r10s.jp/yamayuu/cabinet/01443090/img57907476.jpg?fitin=700:700,42400.8000,,インテリア・寝具・収納 > カーテン・ブラインド > その他,防音カーテン　KTB4346／4347　［幅226～300cm×丈161～180cm］　遮光機能付き！　ホームシアター・オーディオルームに最適♪　老舗カーテンメーカーの本格防音カーテン　東リ製　【送料無料】,,"東リ製の防音カーテンです。
こちらはオーダー式です。詳しくはPC版ページからご覧ください。<hr>
[製品の詳細]<br>
サイズ：幅226～300cm×丈161～180cm<br>
組　成：表面…ポリエステル100％、裏面…アクリル樹脂（防音加工）<br>
カラー：2色<br>
入　数：片開き…1枚、両開き…半分幅2枚<br>
特　長：遮音、遮光（1級）、防炎<br>
・フック、タッセル付き<br>
・3つ山約2倍ヒダ
<hr>
[発送について]<br>
●メーカー発送商品(代引き不可)<br>
●送料無料(※北海道・沖縄・離島は別途配送料がかかります)<br>

<hr>

<font color=""#ff0000"">
[注意点]<br>
※納期は4～7日くらいです。<br>
※注文手続きの際に、備考欄へご希望のサイズをご記入ください。<br>
※カーテンの性質上、あくまで音漏れを軽減するものであり、完全に遮音できるというものではありません。補助的な資材としてお考え下さい。<br>
※オーダーカーテンのためご注文のキャンセルはお受けできません。<br>
※色・イメージが違う等の理由による返品はお受けできません。<br>
※商品の色は、画像と実物とでは多少異なる場合があります。<br>
●詳しくはPC(パソコン)版ページからご覧ください。
</font>",防音カーテン　KTB4346／4347　［幅226～300cm&times;丈161～180cm］　遮光機能付き！　ホームシアター・オーディオルームに最適♪　老舗カーテンメーカーの本格防音カーテン　東リ製　【送料無料】：ホームセンター ヤマユウ,通信販売通販ショッピングオンラインショッピング買い物プレゼントギフト贈り物贈答品お中元お歳暮お買い得防音静床ライト珪藻土バスマット足快バスマット建築資材断熱材バスグッズ風呂ふたお風呂ふたソイルソーラーライト日よけイルミネーションガーデンファニチャーガーデンライトタカショー防音シート防音マットグラスウールロックウール防音カーテン　KTB4346／4347　［幅226～300cm&times;丈161～180cm］　遮光機能付き！　ホームシアター・オーディオルームに最適♪　老舗カーテンメーカーの本格防音カーテン　東リ製　【送料無料】,防音カーテンを好評販売中！。防音カーテン　KTB4346／4347　［幅226～300cm&times;丈161～180cm］　遮光機能付き！　ホームシアター・オーディオルームに最適♪　老舗カーテンメーカーの本格防音カーテン　東リ製　【送料無料】[rn]
14-79098,http://tshop.r10s.jp/yamayuu/cabinet/01443090/img57907476.jpg?fitin=700:700,52812.0000,,インテリア・寝具・収納 > カーテン・ブラインド > その他,防音カーテン　KTB4346／4347　［幅301～375cm×丈161～180cm］　遮光機能付き！　ホームシアター・オーディオルームに最適♪　老舗カーテンメーカーの本格防音カーテン　東リ製　【送料無料】,,"東リ製の防音カーテンです。
こちらはオーダー式です。詳しくはPC版ページからご覧ください。<hr>
[製品の詳細]<br>
サイズ：幅301～375cm×丈161～180cm<br>
組　成：表面…ポリエステル100％、裏面…アクリル樹脂（防音加工）<br>
カラー：2色<br>
入　数：片開き…1枚、両開き…半分幅2枚<br>
特　長：遮音、遮光（1級）、防炎<br>
・フック、タッセル付き<br>
・3つ山約2倍ヒダ
<hr>
[発送について]<br>
●メーカー発送商品(代引き不可)<br>
●送料無料(※北海道・沖縄・離島は別途配送料がかかります)<br>

<hr>

<font color=""#ff0000"">
[注意点]<br>
※納期は4～7日くらいです。<br>
※注文手続きの際に、備考欄へご希望のサイズをご記入ください。<br>
※カーテンの性質上、あくまで音漏れを軽減するものであり、完全に遮音できるというものではありません。補助的な資材としてお考え下さい。<br>
※オーダーカーテンのためご注文のキャンセルはお受けできません。<br>
※色・イメージが違う等の理由による返品はお受けできません。<br>
※商品の色は、画像と実物とでは多少異なる場合があります。<br>
●詳しくはPC(パソコン)版ページからご覧ください。
</font>",防音カーテン　KTB4346／4347　［幅301～375cm&times;丈161～180cm］　遮光機能付き！　ホームシアター・オーディオルームに最適♪　老舗カーテンメーカーの本格防音カーテン　東リ製　【送料無料】：ホームセンター ヤマユウ,通信販売通販ショッピングオンラインショッピング買い物プレゼントギフト贈り物贈答品お中元お歳暮お買い得防音静床ライト珪藻土バスマット足快バスマット建築資材断熱材バスグッズ風呂ふたお風呂ふたソイルソーラーライト日よけイルミネーションガーデンファニチャーガーデンライトタカショー防音シート防音マットグラスウールロックウール防音カーテン　KTB4346／4347　［幅301～375cm&times;丈161～180cm］　遮光機能付き！　ホームシアター・オーディオルームに最適♪　老舗カーテンメーカーの本格防音カーテン　東リ製　【送料無料】,防音カーテンを好評販売中！。防音カーテン　KTB4346／4347　［幅301～375cm&times;丈161～180cm］　遮光機能付き！　ホームシアター・オーディオルームに最適♪　老舗カーテンメーカーの本格防音カーテン　東リ製　【送料無料】[rn]
14-79099,http://tshop.r10s.jp/yamayuu/cabinet/01443090/img57907476.jpg?fitin=700:700,62748.0000,,インテリア・寝具・収納 > カーテン・ブラインド > その他,防音カーテン　KTB4346／4347　［幅376～450cm×丈161～180cm］　遮光機能付き！　ホームシアター・オーディオルームに最適♪　老舗カーテンメーカーの本格防音カーテン　東リ製　【送料無料】,,"東リ製の防音カーテンです。
こちらはオーダー式です。詳しくはPC版ページからご覧ください。<hr>
[製品の詳細]<br>
サイズ：幅376～450cm×丈161～180cm<br>
組　成：表面…ポリエステル100％、裏面…アクリル樹脂（防音加工）<br>
カラー：2色<br>
入　数：片開き…1枚、両開き…半分幅2枚<br>
特　長：遮音、遮光（1級）、防炎<br>
・フック、タッセル付き<br>
・3つ山約2倍ヒダ
<hr>
[発送について]<br>
●メーカー発送商品(代引き不可)<br>
●送料無料(※北海道・沖縄・離島は別途配送料がかかります)<br>

<hr>

<font color=""#ff0000"">
[注意点]<br>
※納期は4～7日くらいです。<br>
※注文手続きの際に、備考欄へご希望のサイズをご記入ください。<br>
※カーテンの性質上、あくまで音漏れを軽減するものであり、完全に遮音できるというものではありません。補助的な資材としてお考え下さい。<br>
※オーダーカーテンのためご注文のキャンセルはお受けできません。<br>
※色・イメージが違う等の理由による返品はお受けできません。<br>
※商品の色は、画像と実物とでは多少異なる場合があります。<br>
●詳しくはPC(パソコン)版ページからご覧ください。
</font>",防音カーテン　KTB4346／4347　［幅376～450cm&times;丈161～180cm］　遮光機能付き！　ホームシアター・オーディオルームに最適♪　老舗カーテンメーカーの本格防音カーテン　東リ製　【送料無料】：ホームセンター ヤマユウ,通信販売通販ショッピングオンラインショッピング買い物プレゼントギフト贈り物贈答品お中元お歳暮お買い得防音静床ライト珪藻土バスマット足快バスマット建築資材断熱材バスグッズ風呂ふたお風呂ふたソイルソーラーライト日よけイルミネーションガーデンファニチャーガーデンライトタカショー防音シート防音マットグラスウールロックウール防音カーテン　KTB4346／4347　［幅376～450cm&times;丈161～180cm］　遮光機能付き！　ホームシアター・オーディオルームに最適♪　老舗カーテンメーカーの本格防音カーテン　東リ製　【送料無料】,防音カーテンを好評販売中！。防音カーテン　KTB4346／4347　［幅376～450cm&times;丈161～180cm］　遮光機能付き！　ホームシアター・オーディオルームに最適♪　老舗カーテンメーカーの本格防音カーテン　東リ製　【送料無料】[rn]
14-79100,http://tshop.r10s.jp/hideout/cabinet/interior/04318867/imgrc0069308302.jpg?fitin=700:700,640.0000,,インテリア・寝具・収納 > オフィス家具 > オフィス収納 > その他,【U.S.ポストボックス スタックツール】スタッキング 道 郵便 収納 箱 インテリア 郵便局 通販 メールボックス おしゃれ ショップ ガレージ アメリカ雑貨 アメリカン雑貨【楽ギフ_】,,"■サイズ：高さ130×幅200mm<br>
■素材・成分：スチール
<br><br>
※ポストボックス本体は別売りです。
<br><br>
ポストボックスを何個か揃えてほしいけどスタッキングできないのがちょっと…なんて購入を迷っていた方に朗報！！スタッキングできるバーの登場です！！本体に2本セットすればその上にもう一つのポストボックスをセットできちゃう！！棚やラックがなくてもこのバーがあれば縦に収納できますね♪<br><br>",【U.S.ポストボックス スタックツール】スタッキング 道具 郵便 収納 箱 インテリア 郵便局 通販 メールボックス おしゃれ ショップ ガレージ アメリカ雑貨 アメリカン雑貨【楽ギフ_包装】：アメリカン雑貨　HIDE OUT,通信販売通販ショッピングオンラインショッピング買い物プレゼントギフト贈り物贈答品お中元お歳暮お買い得アメリカ雑貨アメリカン雑貨輸入雑貨面白おもしろパーティーイベント家具インテリアアントレックスネオンサインアクセサリーおもちゃ変装マスク自転車アメリカングッズゴミ箱キッチン喫煙具【U.S.ポストボックス スタックツール】スタッキング 道具 郵便 収納 箱 インテリア 郵便局 通販 メールボックス おしゃれ ショップ ガレージ アメリカ雑貨 アメリカン雑貨【楽ギフ_包装】,これは便利！ポストボックス用スタックツール！！。【U.S.ポストボックス スタックツール】スタッキング 道具 郵便 収納 箱 インテリア 郵便局 通販 メールボックス おしゃれ ショップ ガレージ アメリカ雑貨 アメリカン雑貨【楽ギフ_包装】[rn]
