5-42820,http://tshop.r10s.jp/geki-car/cabinet/00754716/img57016419.jpg?fitin=700:700,4800.0000,,車用品・バイク用品 > カー用品 > ブレーキ > ブレーキパッド > 国産車用,【送料無料】APP　ブレーキパッドスフィーダ（SFIDA）　TOYOTA　カムリ　AP-8000　フロント用　421F,ブレーキパッドに新しい選択肢,"<B>★受注生産の為、ご注文後のｷｬﾝｾﾙはｷｬﾝｾﾙ料(1,000円～)が発生いたします。★</B><BR><table width=""650""><tr><td><FONT color=""#ff99cc""><FONT color=""#ff99cc""><B><FONT face=""ＭＳ Ｐゴシック, Osaka, ヒラギノ角ゴ Pro W3"" size=""4"" color=""#ff66cc"">　　　</FONT></B></FONT><FONT color=""#0000ff""><FONT color=""#0000ff""><B><FONT face=""ＭＳ Ｐゴシック, Osaka, ヒラギノ角ゴ Pro W3"" size=""4"" color=""#0000ff"">スポーツパットが欲しいけどノイズやダストは嫌という方に</FONT></B></FONT></FONT><FONT color=""#ff99cc""><B><FONT face=""ＭＳ Ｐゴシック, Osaka, ヒラギノ角ゴ Pro W3"" size=""4"" color=""#ffcc00""><BR>
      <BR>
      <BR>
      </FONT></B><FONT face=""ＭＳ Ｐゴシック, Osaka, ヒラギノ角ゴ Pro W3"" color=""#000000"" size=""+1"">純正パット以上の制動力を確保しつつ、ブレーキノイズやダストを最小限に抑えたモデル。効きを犠牲にすることなく、スポーツパットのデメリットを最小限に抑えました。<BR>
    スポーツパットが欲しいけどノイズやダストは嫌という方に。<BR>
    また、ブレーキダストが目立つ白ホイールに最適です。<BR>
    <BR>
      <BR>
      </FONT></FONT></FONT>
    <TABLE border=""3"" cellspacing=""3"" cellpadding=""5"" bordercolor=""#66cff"" width=""536"">

    
    
    
    
          
          
          <TR>
            <TD align=""center"" width=""120"">フロント品番</TD>
        <TD align=""left"" width=""377"">421F</TD>
      </TR>
          <TR>
            <TD align=""center"" rowspan=""2"" width=""120"">車種</TD>
        <TD width=""377"">トヨタ</TD>
      </TR>
          <TR>
        <TD width=""377"">カムリ</TD>
      </TR><TR>
        <TD align=""center"">型式&nbsp;</TD>
        <TD width=""377"">SV40</TD>
      </TR><TR>
        <TD align=""center"">年式</TD>
        <TD width=""377"">94.7～</TD>
      </TR></TABLE>
    <BR>
      <FONT size=""+1""><BR>
      ※</FONT><FONT size=""+1"" color=""#0033cc""><FONT color=""#0033cc""><FONT color=""#0033cc""><FONT color=""#0033cc""><FONT color=""#0033cc""><FONT color=""#0033cc""><FONT color=""#0033cc""><FONT color=""#0033cc""><FONT color=""#0033cc""><FONT color=""#0000cc""><B>メーカーページ</B></FONT></FONT></FONT></FONT></FONT></FONT></FONT></FONT></FONT></FONT><FONT size=""+1"">にて<B><FONT color=""#0033cc"" size=""+2"">適合</FONT></B>をご確認下さい。</FONT><BR>
      　　　　　　　　　　<BR>
      <BR>
      ※<B>商品はお取り寄せとなります。</B><BR>
      <B><FONT size=""+1"">※受注生産の為、納期に１０日ほどかかります。</FONT></B></td></tr></table><title></title>
<style type=""text/css"">
<!--

BODY{
	text-align:center;
background-color:#FFFFFF;
background-image:url(https://image.rakuten.co.jp/geki-car/cabinet/img60988559.jpg);
 background-repeat:repeat-y;
 background-position:right top;
}
--><s></s>
-->
-->
</style>
<table border=""0"">
  <tbody>
    <tr valign=""bottom"" Height=""45"">
 　　　<td>
<img src=""https://image.rakuten.co.jp/geki-car/cabinet/imgrc0079627948.gif"" alt=""あす楽"" height=""60"" width=""749"" border=""0""><br>
      <img src=""https://image.rakuten.co.jp/geki-car/cabinet/r20160804.gif"" alt=""エントリー不要"" height=""60"" width=""749"" border=""0""><br>
      <img src=""https://image.rakuten.co.jp/geki-car/cabinet/rrakutenweb.gif"" alt=""楽天WEB初めて"" height=""60"" width=""749"" border=""0""><br>
      <img src=""https://image.rakuten.co.jp/geki-car/cabinet/rrakutenweb1.gif"" alt=""楽天WEB通常"" height=""60"" width=""749"" border=""0""><br>
      <img src=""https://image.rakuten.co.jp/geki-car/cabinet/imgrc0072937755.gif"" alt=""無料体験"" height=""60"" width=""749"" border=""0""><br>
      <img src=""https://image.rakuten.co.jp/geki-car/cabinet/imgrc0077294344.gif"" alt=""初めて1000"" height=""60"" width=""749"" border=""0""><br>
      <img src=""https://image.rakuten.co.jp/geki-car/cabinet/imgrc0072888945.gif"" alt=""イーグルス"" height=""60"" width=""749"" border=""0""><br>
      <img src=""https://image.rakuten.co.jp/geki-car/cabinet/imgrc0070342608.gif"" alt=""tool10"" height=""60"" width=""749"" border=""0""><br>
      <img src=""https://image.rakuten.co.jp/geki-car/cabinet/imgrc0065570992.gif"" alt=""Edy"" height=""60"" width=""749"" border=""0""><br>
      <img src=""https://image.rakuten.co.jp/geki-car/cabinet/42/imgrc0065961155.gif"" alt=""avest"" width=""749"" border=""0""><BR>
      <img src=""https://image.rakuten.co.jp/geki-car/cabinet/31/caos-eye2.gif"" alt=""caos"" width=""749"" border=""0""><BR>
      <img src=""https://image.rakuten.co.jp/geki-car/cabinet/31/tuf-eye1.gif"" alt=""tuflong"" width=""749"" border=""0""><BR>
      <img src=""https://image.rakuten.co.jp/geki-car/cabinet/31/varta-eye2.gif"" alt=""varta"" width=""749"" border=""0""><BR>
      </td>
    
  </tbody>
</table>",【送料無料】APP　ブレーキパッドスフィーダ（SFIDA）　TOYOTA　カムリ　AP-8000　フロント用　421F：激安カー用品　Webいち店,激安カー用品ナビレーダースターターオーディオ燃費向上ポータブルＭＤＣＤタイヤトーヨーダンロップヨコハマ低反発カーロケシュアラスターオイルＧＰＳカーモニ【送料無料】APP　ブレーキパッドスフィーダ（SFIDA）　TOYOTA　カムリ　AP-8000　フロント用　421F,ブレーキパッドに新しい選択肢。【送料無料】APP　ブレーキパッドスフィーダ（SFIDA）　TOYOTA　カムリ　AP-8000　フロント用　421F[rn]
5-42821,http://tshop.r10s.jp/geki-car/cabinet/00754716/img57016419.jpg?fitin=700:700,4800.0000,,車用品・バイク用品 > カー用品 > ブレーキ > ブレーキパッド > 国産車用,【送料無料】APP　ブレーキパッドスフィーダ（SFIDA）　TOYOTA　カムリ　AP-8000　フロント用　461F,ブレーキパッドに新しい選択肢,"<B>★受注生産の為、ご注文後のｷｬﾝｾﾙはｷｬﾝｾﾙ料(1,000円～)が発生いたします。★</B><BR><table width=""650""><tr><td><FONT color=""#ff99cc""><FONT color=""#ff99cc""><B><FONT face=""ＭＳ Ｐゴシック, Osaka, ヒラギノ角ゴ Pro W3"" size=""4"" color=""#ff66cc"">　　　</FONT></B></FONT><FONT color=""#0000ff""><FONT color=""#0000ff""><B><FONT face=""ＭＳ Ｐゴシック, Osaka, ヒラギノ角ゴ Pro W3"" size=""4"" color=""#0000ff"">スポーツパットが欲しいけどノイズやダストは嫌という方に</FONT></B></FONT></FONT><FONT color=""#ff99cc""><B><FONT face=""ＭＳ Ｐゴシック, Osaka, ヒラギノ角ゴ Pro W3"" size=""4"" color=""#ffcc00""><BR>
      <BR>
      <BR>
      </FONT></B><FONT face=""ＭＳ Ｐゴシック, Osaka, ヒラギノ角ゴ Pro W3"" color=""#000000"" size=""+1"">純正パット以上の制動力を確保しつつ、ブレーキノイズやダストを最小限に抑えたモデル。効きを犠牲にすることなく、スポーツパットのデメリットを最小限に抑えました。<BR>
    スポーツパットが欲しいけどノイズやダストは嫌という方に。<BR>
    また、ブレーキダストが目立つ白ホイールに最適です。<BR>
    <BR>
      <BR>
      </FONT></FONT></FONT>
    <TABLE border=""3"" cellspacing=""3"" cellpadding=""5"" bordercolor=""#66cff"" width=""536"">

    
    
    
    
          
          
          <TR>
            <TD align=""center"" width=""120"">フロント品番</TD>
        <TD align=""left"" width=""377"">461F</TD>
      </TR>
          <TR>
            <TD align=""center"" rowspan=""2"" width=""120"">車種</TD>
        <TD width=""377"">トヨタ</TD>
      </TR>
          <TR>
        <TD width=""377"">カムリ</TD>
      </TR><TR>
        <TD align=""center"">型式&nbsp;</TD>
        <TD width=""377"">CV30</TD>
      </TR><TR>
        <TD align=""center"">年式</TD>
        <TD width=""377"">90.7～94.6</TD>
      </TR></TABLE>
    <BR>
      <FONT size=""+1""><BR>
      ※</FONT><FONT size=""+1"" color=""#0033cc""><FONT color=""#0033cc""><FONT color=""#0033cc""><FONT color=""#0033cc""><FONT color=""#0033cc""><FONT color=""#0033cc""><FONT color=""#0033cc""><FONT color=""#0033cc""><FONT color=""#0033cc""><FONT color=""#0000cc""><B>メーカーページ</B></FONT></FONT></FONT></FONT></FONT></FONT></FONT></FONT></FONT></FONT><FONT size=""+1"">にて<B><FONT color=""#0033cc"" size=""+2"">適合</FONT></B>をご確認下さい。</FONT><BR>
      　　　　　　　　　　<BR>
      <BR>
      ※<B>商品はお取り寄せとなります。</B><BR>
      <B><FONT size=""+1"">※受注生産の為、納期に１０日ほどかかります。</FONT></B></td></tr></table><title></title>
<style type=""text/css"">
<!--

BODY{
	text-align:center;
background-color:#FFFFFF;
background-image:url(https://image.rakuten.co.jp/geki-car/cabinet/img60988559.jpg);
 background-repeat:repeat-y;
 background-position:right top;
}
--><s></s>
-->
-->
</style>
<table border=""0"">
  <tbody>
    <tr valign=""bottom"" Height=""45"">
 　　　<td>
<img src=""https://image.rakuten.co.jp/geki-car/cabinet/imgrc0079627948.gif"" alt=""あす楽"" height=""60"" width=""749"" border=""0""><br>
      <img src=""https://image.rakuten.co.jp/geki-car/cabinet/r20160804.gif"" alt=""エントリー不要"" height=""60"" width=""749"" border=""0""><br>
      <img src=""https://image.rakuten.co.jp/geki-car/cabinet/rrakutenweb.gif"" alt=""楽天WEB初めて"" height=""60"" width=""749"" border=""0""><br>
      <img src=""https://image.rakuten.co.jp/geki-car/cabinet/rrakutenweb1.gif"" alt=""楽天WEB通常"" height=""60"" width=""749"" border=""0""><br>
      <img src=""https://image.rakuten.co.jp/geki-car/cabinet/imgrc0072937755.gif"" alt=""無料体験"" height=""60"" width=""749"" border=""0""><br>
      <img src=""https://image.rakuten.co.jp/geki-car/cabinet/imgrc0077294344.gif"" alt=""初めて1000"" height=""60"" width=""749"" border=""0""><br>
      <img src=""https://image.rakuten.co.jp/geki-car/cabinet/imgrc0072888945.gif"" alt=""イーグルス"" height=""60"" width=""749"" border=""0""><br>
      <img src=""https://image.rakuten.co.jp/geki-car/cabinet/imgrc0070342608.gif"" alt=""tool10"" height=""60"" width=""749"" border=""0""><br>
      <img src=""https://image.rakuten.co.jp/geki-car/cabinet/imgrc0065570992.gif"" alt=""Edy"" height=""60"" width=""749"" border=""0""><br>
      <img src=""https://image.rakuten.co.jp/geki-car/cabinet/42/imgrc0065961155.gif"" alt=""avest"" width=""749"" border=""0""><BR>
      <img src=""https://image.rakuten.co.jp/geki-car/cabinet/31/caos-eye2.gif"" alt=""caos"" width=""749"" border=""0""><BR>
      <img src=""https://image.rakuten.co.jp/geki-car/cabinet/31/tuf-eye1.gif"" alt=""tuflong"" width=""749"" border=""0""><BR>
      <img src=""https://image.rakuten.co.jp/geki-car/cabinet/31/varta-eye2.gif"" alt=""varta"" width=""749"" border=""0""><BR>
      </td>
    
  </tbody>
</table>",【送料無料】APP　ブレーキパッドスフィーダ（SFIDA）　TOYOTA　カムリ　AP-8000　フロント用　461F：激安カー用品　Webいち店,激安カー用品ナビレーダースターターオーディオ燃費向上ポータブルＭＤＣＤタイヤトーヨーダンロップヨコハマ低反発カーロケシュアラスターオイルＧＰＳカーモニ【送料無料】APP　ブレーキパッドスフィーダ（SFIDA）　TOYOTA　カムリ　AP-8000　フロント用　461F,ブレーキパッドに新しい選択肢。【送料無料】APP　ブレーキパッドスフィーダ（SFIDA）　TOYOTA　カムリ　AP-8000　フロント用　461F[rn]
5-42822,http://tshop.r10s.jp/geki-car/cabinet/00754716/img57016419.jpg?fitin=700:700,4800.0000,,車用品・バイク用品 > カー用品 > ブレーキ > ブレーキパッド > 国産車用,【送料無料】APP　ブレーキパッドスフィーダ（SFIDA）　TOYOTA　カムリ　AP-8000　リア用　261R,ブレーキパッドに新しい選択肢,"<B>★受注生産の為、ご注文後のｷｬﾝｾﾙはｷｬﾝｾﾙ料(1,000円～)が発生いたします。★</B><BR><table width=""650""><tr><td><FONT color=""#ff99cc""><FONT color=""#ff99cc""><B><FONT face=""ＭＳ Ｐゴシック, Osaka, ヒラギノ角ゴ Pro W3"" size=""4"" color=""#ff66cc"">　　　</FONT></B></FONT><FONT color=""#0000ff""><FONT color=""#0000ff""><B><FONT face=""ＭＳ Ｐゴシック, Osaka, ヒラギノ角ゴ Pro W3"" size=""4"" color=""#0000ff"">スポーツパットが欲しいけどノイズやダストは嫌という方に</FONT></B></FONT></FONT><FONT color=""#ff99cc""><B><FONT face=""ＭＳ Ｐゴシック, Osaka, ヒラギノ角ゴ Pro W3"" size=""4"" color=""#ffcc00""><BR>
      <BR>
      <BR>
      </FONT></B><FONT face=""ＭＳ Ｐゴシック, Osaka, ヒラギノ角ゴ Pro W3"" color=""#000000"" size=""+1"">純正パット以上の制動力を確保しつつ、ブレーキノイズやダストを最小限に抑えたモデル。効きを犠牲にすることなく、スポーツパットのデメリットを最小限に抑えました。<BR>
    スポーツパットが欲しいけどノイズやダストは嫌という方に。<BR>
    また、ブレーキダストが目立つ白ホイールに最適です。<BR>
    <BR>
      <BR>
      </FONT></FONT></FONT>
    <TABLE border=""3"" cellspacing=""3"" cellpadding=""5"" bordercolor=""#66cff"" width=""536"">

    
    
    
    
          
          
          <TR>
            <TD align=""center"" width=""120"">リア品番</TD>
        <TD align=""left"" width=""377"">261R</TD>
      </TR>
          <TR>
            <TD align=""center"" rowspan=""2"" width=""120"">車種</TD>
        <TD width=""377"">トヨタ</TD>
      </TR>
          <TR>
        <TD width=""377"">カムリ</TD>
      </TR><TR>
        <TD align=""center"">型式&nbsp;</TD>
        <TD width=""377"">CV30</TD>
      </TR><TR>
        <TD align=""center"">年式</TD>
        <TD width=""377"">90.7～94.6</TD>
      </TR></TABLE>
    <BR>
      <FONT size=""+1""><BR>
      ※</FONT><FONT size=""+1"" color=""#0033cc""><FONT color=""#0033cc""><FONT color=""#0033cc""><FONT color=""#0033cc""><FONT color=""#0033cc""><FONT color=""#0033cc""><FONT color=""#0033cc""><FONT color=""#0033cc""><FONT color=""#0033cc""><FONT color=""#0000cc""><B>メーカーページ</B></FONT></FONT></FONT></FONT></FONT></FONT></FONT></FONT></FONT></FONT><FONT size=""+1"">にて<B><FONT color=""#0033cc"" size=""+2"">適合</FONT></B>をご確認下さい。</FONT><BR>
      　　　　　　　　　　<BR>
      <BR>
      ※<B>商品はお取り寄せとなります。</B><BR>
      <B><FONT size=""+1"">※受注生産の為、納期に１０日ほどかかります。</FONT></B></td></tr></table><title></title>
<style type=""text/css"">
<!--

BODY{
	text-align:center;
background-color:#FFFFFF;
background-image:url(https://image.rakuten.co.jp/geki-car/cabinet/img60988559.jpg);
 background-repeat:repeat-y;
 background-position:right top;
}
--><s></s>
-->
-->
</style>
<table border=""0"">
  <tbody>
    <tr valign=""bottom"" Height=""45"">
 　　　<td>
<img src=""https://image.rakuten.co.jp/geki-car/cabinet/imgrc0079627948.gif"" alt=""あす楽"" height=""60"" width=""749"" border=""0""><br>
      <img src=""https://image.rakuten.co.jp/geki-car/cabinet/r20160804.gif"" alt=""エントリー不要"" height=""60"" width=""749"" border=""0""><br>
      <img src=""https://image.rakuten.co.jp/geki-car/cabinet/rrakutenweb.gif"" alt=""楽天WEB初めて"" height=""60"" width=""749"" border=""0""><br>
      <img src=""https://image.rakuten.co.jp/geki-car/cabinet/rrakutenweb1.gif"" alt=""楽天WEB通常"" height=""60"" width=""749"" border=""0""><br>
      <img src=""https://image.rakuten.co.jp/geki-car/cabinet/imgrc0072937755.gif"" alt=""無料体験"" height=""60"" width=""749"" border=""0""><br>
      <img src=""https://image.rakuten.co.jp/geki-car/cabinet/imgrc0077294344.gif"" alt=""初めて1000"" height=""60"" width=""749"" border=""0""><br>
      <img src=""https://image.rakuten.co.jp/geki-car/cabinet/imgrc0072888945.gif"" alt=""イーグルス"" height=""60"" width=""749"" border=""0""><br>
      <img src=""https://image.rakuten.co.jp/geki-car/cabinet/imgrc0070342608.gif"" alt=""tool10"" height=""60"" width=""749"" border=""0""><br>
      <img src=""https://image.rakuten.co.jp/geki-car/cabinet/imgrc0065570992.gif"" alt=""Edy"" height=""60"" width=""749"" border=""0""><br>
      <img src=""https://image.rakuten.co.jp/geki-car/cabinet/42/imgrc0065961155.gif"" alt=""avest"" width=""749"" border=""0""><BR>
      <img src=""https://image.rakuten.co.jp/geki-car/cabinet/31/caos-eye2.gif"" alt=""caos"" width=""749"" border=""0""><BR>
      <img src=""https://image.rakuten.co.jp/geki-car/cabinet/31/tuf-eye1.gif"" alt=""tuflong"" width=""749"" border=""0""><BR>
      <img src=""https://image.rakuten.co.jp/geki-car/cabinet/31/varta-eye2.gif"" alt=""varta"" width=""749"" border=""0""><BR>
      </td>
    
  </tbody>
</table>",【送料無料】APP　ブレーキパッドスフィーダ（SFIDA）　TOYOTA　カムリ　AP-8000　リア用　261R：激安カー用品　Webいち店,激安カー用品ナビレーダースターターオーディオ燃費向上ポータブルＭＤＣＤタイヤトーヨーダンロップヨコハマ低反発カーロケシュアラスターオイルＧＰＳカーモニ【送料無料】APP　ブレーキパッドスフィーダ（SFIDA）　TOYOTA　カムリ　AP-8000　リア用　261R,ブレーキパッドに新しい選択肢。【送料無料】APP　ブレーキパッドスフィーダ（SFIDA）　TOYOTA　カムリ　AP-8000　リア用　261R[rn]
5-42823,http://tshop.r10s.jp/geki-car/cabinet/00754716/img57016419.jpg?fitin=700:700,4800.0000,,車用品・バイク用品 > カー用品 > ブレーキ > ブレーキパッド > 国産車用,【送料無料】APP　ブレーキパッドスフィーダ（SFIDA）　TOYOTA　カムリ　AP-8000　フロント用　461F,ブレーキパッドに新しい選択肢,"<B>★受注生産の為、ご注文後のｷｬﾝｾﾙはｷｬﾝｾﾙ料(1,000円～)が発生いたします。★</B><BR><table width=""650""><tr><td><FONT color=""#ff99cc""><FONT color=""#ff99cc""><B><FONT face=""ＭＳ Ｐゴシック, Osaka, ヒラギノ角ゴ Pro W3"" size=""4"" color=""#ff66cc"">　　　</FONT></B></FONT><FONT color=""#0000ff""><FONT color=""#0000ff""><B><FONT face=""ＭＳ Ｐゴシック, Osaka, ヒラギノ角ゴ Pro W3"" size=""4"" color=""#0000ff"">スポーツパットが欲しいけどノイズやダストは嫌という方に</FONT></B></FONT></FONT><FONT color=""#ff99cc""><B><FONT face=""ＭＳ Ｐゴシック, Osaka, ヒラギノ角ゴ Pro W3"" size=""4"" color=""#ffcc00""><BR>
      <BR>
      <BR>
      </FONT></B><FONT face=""ＭＳ Ｐゴシック, Osaka, ヒラギノ角ゴ Pro W3"" color=""#000000"" size=""+1"">純正パット以上の制動力を確保しつつ、ブレーキノイズやダストを最小限に抑えたモデル。効きを犠牲にすることなく、スポーツパットのデメリットを最小限に抑えました。<BR>
    スポーツパットが欲しいけどノイズやダストは嫌という方に。<BR>
    また、ブレーキダストが目立つ白ホイールに最適です。<BR>
    <BR>
      <BR>
      </FONT></FONT></FONT>
    <TABLE border=""3"" cellspacing=""3"" cellpadding=""5"" bordercolor=""#66cff"" width=""536"">

    
    
    
    
          
          
          <TR>
            <TD align=""center"" width=""120"">フロント品番</TD>
        <TD align=""left"" width=""377"">461F</TD>
      </TR>
          <TR>
            <TD align=""center"" rowspan=""2"" width=""120"">車種</TD>
        <TD width=""377"">トヨタ</TD>
      </TR>
          <TR>
        <TD width=""377"">カムリ</TD>
      </TR><TR>
        <TD align=""center"">型式&nbsp;</TD>
        <TD width=""377"">SV32・SV33</TD>
      </TR><TR>
        <TD align=""center"">年式</TD>
        <TD width=""377"">90.7～92.6</TD>
      </TR><TR>
        <TD align=""center"">備考</TD>
        <TD>GT除く</TD>
      </TR></TABLE>
    <BR>
      <FONT size=""+1""><BR>
      ※</FONT><FONT size=""+1"" color=""#0033cc""><FONT color=""#0033cc""><FONT color=""#0033cc""><FONT color=""#0033cc""><FONT color=""#0033cc""><FONT color=""#0033cc""><FONT color=""#0033cc""><FONT color=""#0033cc""><FONT color=""#0033cc""><FONT color=""#0000cc""><B>メーカーページ</B></FONT></FONT></FONT></FONT></FONT></FONT></FONT></FONT></FONT></FONT><FONT size=""+1"">にて<B><FONT color=""#0033cc"" size=""+2"">適合</FONT></B>をご確認下さい。</FONT><BR>
      　　　　　　　　　　<BR>
      <BR>
      ※<B>商品はお取り寄せとなります。</B><BR>
      <B><FONT size=""+1"">※受注生産の為、納期に１０日ほどかかります。</FONT></B></td></tr></table><title></title>
<style type=""text/css"">
<!--

BODY{
	text-align:center;
background-color:#FFFFFF;
background-image:url(https://image.rakuten.co.jp/geki-car/cabinet/img60988559.jpg);
 background-repeat:repeat-y;
 background-position:right top;
}
--><s></s>
-->
-->
</style>
<table border=""0"">
  <tbody>
    <tr valign=""bottom"" Height=""45"">
 　　　<td>
<img src=""https://image.rakuten.co.jp/geki-car/cabinet/imgrc0079627948.gif"" alt=""あす楽"" height=""60"" width=""749"" border=""0""><br>
      <img src=""https://image.rakuten.co.jp/geki-car/cabinet/r20160804.gif"" alt=""エントリー不要"" height=""60"" width=""749"" border=""0""><br>
      <img src=""https://image.rakuten.co.jp/geki-car/cabinet/rrakutenweb.gif"" alt=""楽天WEB初めて"" height=""60"" width=""749"" border=""0""><br>
      <img src=""https://image.rakuten.co.jp/geki-car/cabinet/rrakutenweb1.gif"" alt=""楽天WEB通常"" height=""60"" width=""749"" border=""0""><br>
      <img src=""https://image.rakuten.co.jp/geki-car/cabinet/imgrc0072937755.gif"" alt=""無料体験"" height=""60"" width=""749"" border=""0""><br>
      <img src=""https://image.rakuten.co.jp/geki-car/cabinet/imgrc0077294344.gif"" alt=""初めて1000"" height=""60"" width=""749"" border=""0""><br>
      <img src=""https://image.rakuten.co.jp/geki-car/cabinet/imgrc0072888945.gif"" alt=""イーグルス"" height=""60"" width=""749"" border=""0""><br>
      <img src=""https://image.rakuten.co.jp/geki-car/cabinet/imgrc0070342608.gif"" alt=""tool10"" height=""60"" width=""749"" border=""0""><br>
      <img src=""https://image.rakuten.co.jp/geki-car/cabinet/imgrc0065570992.gif"" alt=""Edy"" height=""60"" width=""749"" border=""0""><br>
      <img src=""https://image.rakuten.co.jp/geki-car/cabinet/42/imgrc0065961155.gif"" alt=""avest"" width=""749"" border=""0""><BR>
      <img src=""https://image.rakuten.co.jp/geki-car/cabinet/31/caos-eye2.gif"" alt=""caos"" width=""749"" border=""0""><BR>
      <img src=""https://image.rakuten.co.jp/geki-car/cabinet/31/tuf-eye1.gif"" alt=""tuflong"" width=""749"" border=""0""><BR>
      <img src=""https://image.rakuten.co.jp/geki-car/cabinet/31/varta-eye2.gif"" alt=""varta"" width=""749"" border=""0""><BR>
      </td>
    
  </tbody>
</table>",【送料無料】APP　ブレーキパッドスフィーダ（SFIDA）　TOYOTA　カムリ　AP-8000　フロント用　461F：激安カー用品　Webいち店,激安カー用品ナビレーダースターターオーディオ燃費向上ポータブルＭＤＣＤタイヤトーヨーダンロップヨコハマ低反発カーロケシュアラスターオイルＧＰＳカーモニ【送料無料】APP　ブレーキパッドスフィーダ（SFIDA）　TOYOTA　カムリ　AP-8000　フロント用　461F,ブレーキパッドに新しい選択肢。【送料無料】APP　ブレーキパッドスフィーダ（SFIDA）　TOYOTA　カムリ　AP-8000　フロント用　461F[rn]
5-42824,http://tshop.r10s.jp/geki-car/cabinet/00754716/img57016419.jpg?fitin=700:700,4800.0000,,車用品・バイク用品 > カー用品 > ブレーキ > ブレーキパッド > 国産車用,【送料無料】APP　ブレーキパッドスフィーダ（SFIDA）　TOYOTA　カムリ　AP-8000　リア用　261R,ブレーキパッドに新しい選択肢,"<B>★受注生産の為、ご注文後のｷｬﾝｾﾙはｷｬﾝｾﾙ料(1,000円～)が発生いたします。★</B><BR><table width=""650""><tr><td><FONT color=""#ff99cc""><FONT color=""#ff99cc""><B><FONT face=""ＭＳ Ｐゴシック, Osaka, ヒラギノ角ゴ Pro W3"" size=""4"" color=""#ff66cc"">　　　</FONT></B></FONT><FONT color=""#0000ff""><FONT color=""#0000ff""><B><FONT face=""ＭＳ Ｐゴシック, Osaka, ヒラギノ角ゴ Pro W3"" size=""4"" color=""#0000ff"">スポーツパットが欲しいけどノイズやダストは嫌という方に</FONT></B></FONT></FONT><FONT color=""#ff99cc""><B><FONT face=""ＭＳ Ｐゴシック, Osaka, ヒラギノ角ゴ Pro W3"" size=""4"" color=""#ffcc00""><BR>
      <BR>
      <BR>
      </FONT></B><FONT face=""ＭＳ Ｐゴシック, Osaka, ヒラギノ角ゴ Pro W3"" color=""#000000"" size=""+1"">純正パット以上の制動力を確保しつつ、ブレーキノイズやダストを最小限に抑えたモデル。効きを犠牲にすることなく、スポーツパットのデメリットを最小限に抑えました。<BR>
    スポーツパットが欲しいけどノイズやダストは嫌という方に。<BR>
    また、ブレーキダストが目立つ白ホイールに最適です。<BR>
    <BR>
      <BR>
      </FONT></FONT></FONT>
    <TABLE border=""3"" cellspacing=""3"" cellpadding=""5"" bordercolor=""#66cff"" width=""536"">

    
    
    
    
          
          
          <TR>
            <TD align=""center"" width=""120"">リア品番</TD>
        <TD align=""left"" width=""377"">261R</TD>
      </TR>
          <TR>
            <TD align=""center"" rowspan=""2"" width=""120"">車種</TD>
        <TD width=""377"">トヨタ</TD>
      </TR>
          <TR>
        <TD width=""377"">カムリ</TD>
      </TR><TR>
        <TD align=""center"">型式&nbsp;</TD>
        <TD width=""377"">SV32・SV33</TD>
      </TR><TR>
        <TD align=""center"">年式</TD>
        <TD width=""377"">90.7～92.6</TD>
      </TR><TR>
        <TD align=""center"">備考</TD>
        <TD>GT除く</TD>
      </TR></TABLE>
    <BR>
      <FONT size=""+1""><BR>
      ※</FONT><FONT size=""+1"" color=""#0033cc""><FONT color=""#0033cc""><FONT color=""#0033cc""><FONT color=""#0033cc""><FONT color=""#0033cc""><FONT color=""#0033cc""><FONT color=""#0033cc""><FONT color=""#0033cc""><FONT color=""#0033cc""><FONT color=""#0000cc""><B>メーカーページ</B></FONT></FONT></FONT></FONT></FONT></FONT></FONT></FONT></FONT></FONT><FONT size=""+1"">にて<B><FONT color=""#0033cc"" size=""+2"">適合</FONT></B>をご確認下さい。</FONT><BR>
      　　　　　　　　　　<BR>
      <BR>
      ※<B>商品はお取り寄せとなります。</B><BR>
      <B><FONT size=""+1"">※受注生産の為、納期に１０日ほどかかります。</FONT></B></td></tr></table><title></title>
<style type=""text/css"">
<!--

BODY{
	text-align:center;
background-color:#FFFFFF;
background-image:url(https://image.rakuten.co.jp/geki-car/cabinet/img60988559.jpg);
 background-repeat:repeat-y;
 background-position:right top;
}
--><s></s>
-->
-->
</style>
<table border=""0"">
  <tbody>
    <tr valign=""bottom"" Height=""45"">
 　　　<td>
<img src=""https://image.rakuten.co.jp/geki-car/cabinet/imgrc0079627948.gif"" alt=""あす楽"" height=""60"" width=""749"" border=""0""><br>
      <img src=""https://image.rakuten.co.jp/geki-car/cabinet/r20160804.gif"" alt=""エントリー不要"" height=""60"" width=""749"" border=""0""><br>
      <img src=""https://image.rakuten.co.jp/geki-car/cabinet/rrakutenweb.gif"" alt=""楽天WEB初めて"" height=""60"" width=""749"" border=""0""><br>
      <img src=""https://image.rakuten.co.jp/geki-car/cabinet/rrakutenweb1.gif"" alt=""楽天WEB通常"" height=""60"" width=""749"" border=""0""><br>
      <img src=""https://image.rakuten.co.jp/geki-car/cabinet/imgrc0072937755.gif"" alt=""無料体験"" height=""60"" width=""749"" border=""0""><br>
      <img src=""https://image.rakuten.co.jp/geki-car/cabinet/imgrc0077294344.gif"" alt=""初めて1000"" height=""60"" width=""749"" border=""0""><br>
      <img src=""https://image.rakuten.co.jp/geki-car/cabinet/imgrc0072888945.gif"" alt=""イーグルス"" height=""60"" width=""749"" border=""0""><br>
      <img src=""https://image.rakuten.co.jp/geki-car/cabinet/imgrc0070342608.gif"" alt=""tool10"" height=""60"" width=""749"" border=""0""><br>
      <img src=""https://image.rakuten.co.jp/geki-car/cabinet/imgrc0065570992.gif"" alt=""Edy"" height=""60"" width=""749"" border=""0""><br>
      <img src=""https://image.rakuten.co.jp/geki-car/cabinet/42/imgrc0065961155.gif"" alt=""avest"" width=""749"" border=""0""><BR>
      <img src=""https://image.rakuten.co.jp/geki-car/cabinet/31/caos-eye2.gif"" alt=""caos"" width=""749"" border=""0""><BR>
      <img src=""https://image.rakuten.co.jp/geki-car/cabinet/31/tuf-eye1.gif"" alt=""tuflong"" width=""749"" border=""0""><BR>
      <img src=""https://image.rakuten.co.jp/geki-car/cabinet/31/varta-eye2.gif"" alt=""varta"" width=""749"" border=""0""><BR>
      </td>
    
  </tbody>
</table>",【送料無料】APP　ブレーキパッドスフィーダ（SFIDA）　TOYOTA　カムリ　AP-8000　リア用　261R：激安カー用品　Webいち店,激安カー用品ナビレーダースターターオーディオ燃費向上ポータブルＭＤＣＤタイヤトーヨーダンロップヨコハマ低反発カーロケシュアラスターオイルＧＰＳカーモニ【送料無料】APP　ブレーキパッドスフィーダ（SFIDA）　TOYOTA　カムリ　AP-8000　リア用　261R,ブレーキパッドに新しい選択肢。【送料無料】APP　ブレーキパッドスフィーダ（SFIDA）　TOYOTA　カムリ　AP-8000　リア用　261R[rn]
5-42825,http://tshop.r10s.jp/geki-car/cabinet/00754716/img57016419.jpg?fitin=700:700,4800.0000,,車用品・バイク用品 > カー用品 > ブレーキ > ブレーキパッド > 国産車用,【送料無料】APP　ブレーキパッドスフィーダ（SFIDA）　TOYOTA　カムリ　AP-8000　フロント用　661F,ブレーキパッドに新しい選択肢,"<B>★受注生産の為、ご注文後のｷｬﾝｾﾙはｷｬﾝｾﾙ料(1,000円～)が発生いたします。★</B><BR><table width=""650""><tr><td><FONT color=""#ff99cc""><FONT color=""#ff99cc""><B><FONT face=""ＭＳ Ｐゴシック, Osaka, ヒラギノ角ゴ Pro W3"" size=""4"" color=""#ff66cc"">　　　</FONT></B></FONT><FONT color=""#0000ff""><FONT color=""#0000ff""><B><FONT face=""ＭＳ Ｐゴシック, Osaka, ヒラギノ角ゴ Pro W3"" size=""4"" color=""#0000ff"">スポーツパットが欲しいけどノイズやダストは嫌という方に</FONT></B></FONT></FONT><FONT color=""#ff99cc""><B><FONT face=""ＭＳ Ｐゴシック, Osaka, ヒラギノ角ゴ Pro W3"" size=""4"" color=""#ffcc00""><BR>
      <BR>
      <BR>
      </FONT></B><FONT face=""ＭＳ Ｐゴシック, Osaka, ヒラギノ角ゴ Pro W3"" color=""#000000"" size=""+1"">純正パット以上の制動力を確保しつつ、ブレーキノイズやダストを最小限に抑えたモデル。効きを犠牲にすることなく、スポーツパットのデメリットを最小限に抑えました。<BR>
    スポーツパットが欲しいけどノイズやダストは嫌という方に。<BR>
    また、ブレーキダストが目立つ白ホイールに最適です。<BR>
    <BR>
      <BR>
      </FONT></FONT></FONT>
    <TABLE border=""3"" cellspacing=""3"" cellpadding=""5"" bordercolor=""#66cff"" width=""536"">

    
    
    
    
          
          
          <TR>
            <TD align=""center"" width=""120"">フロント品番</TD>
        <TD align=""left"" width=""377"">661F</TD>
      </TR>
          <TR>
            <TD align=""center"" rowspan=""2"" width=""120"">車種</TD>
        <TD width=""377"">トヨタ</TD>
      </TR>
          <TR>
        <TD width=""377"">カムリ</TD>
      </TR><TR>
        <TD align=""center"">型式&nbsp;</TD>
        <TD width=""377"">SV32・SV33</TD>
      </TR><TR>
        <TD align=""center"">年式</TD>
        <TD width=""377"">90.7～94.6</TD>
      </TR><TR>
        <TD align=""center"">備考</TD>
        <TD>GT</TD>
      </TR></TABLE>
    <BR>
      <FONT size=""+1""><BR>
      ※</FONT><FONT size=""+1"" color=""#0033cc""><FONT color=""#0033cc""><FONT color=""#0033cc""><FONT color=""#0033cc""><FONT color=""#0033cc""><FONT color=""#0033cc""><FONT color=""#0033cc""><FONT color=""#0033cc""><FONT color=""#0033cc""><FONT color=""#0000cc""><B>メーカーページ</B></FONT></FONT></FONT></FONT></FONT></FONT></FONT></FONT></FONT></FONT><FONT size=""+1"">にて<B><FONT color=""#0033cc"" size=""+2"">適合</FONT></B>をご確認下さい。</FONT><BR>
      　　　　　　　　　　<BR>
      <BR>
      ※<B>商品はお取り寄せとなります。</B><BR>
      <B><FONT size=""+1"">※受注生産の為、納期に１０日ほどかかります。</FONT></B></td></tr></table><title></title>
<style type=""text/css"">
<!--

BODY{
	text-align:center;
background-color:#FFFFFF;
background-image:url(https://image.rakuten.co.jp/geki-car/cabinet/img60988559.jpg);
 background-repeat:repeat-y;
 background-position:right top;
}
--><s></s>
-->
-->
</style>
<table border=""0"">
  <tbody>
    <tr valign=""bottom"" Height=""45"">
 　　　<td>
<img src=""https://image.rakuten.co.jp/geki-car/cabinet/imgrc0079627948.gif"" alt=""あす楽"" height=""60"" width=""749"" border=""0""><br>
      <img src=""https://image.rakuten.co.jp/geki-car/cabinet/r20160804.gif"" alt=""エントリー不要"" height=""60"" width=""749"" border=""0""><br>
      <img src=""https://image.rakuten.co.jp/geki-car/cabinet/rrakutenweb.gif"" alt=""楽天WEB初めて"" height=""60"" width=""749"" border=""0""><br>
      <img src=""https://image.rakuten.co.jp/geki-car/cabinet/rrakutenweb1.gif"" alt=""楽天WEB通常"" height=""60"" width=""749"" border=""0""><br>
      <img src=""https://image.rakuten.co.jp/geki-car/cabinet/imgrc0072937755.gif"" alt=""無料体験"" height=""60"" width=""749"" border=""0""><br>
      <img src=""https://image.rakuten.co.jp/geki-car/cabinet/imgrc0077294344.gif"" alt=""初めて1000"" height=""60"" width=""749"" border=""0""><br>
      <img src=""https://image.rakuten.co.jp/geki-car/cabinet/imgrc0072888945.gif"" alt=""イーグルス"" height=""60"" width=""749"" border=""0""><br>
      <img src=""https://image.rakuten.co.jp/geki-car/cabinet/imgrc0070342608.gif"" alt=""tool10"" height=""60"" width=""749"" border=""0""><br>
      <img src=""https://image.rakuten.co.jp/geki-car/cabinet/imgrc0065570992.gif"" alt=""Edy"" height=""60"" width=""749"" border=""0""><br>
      <img src=""https://image.rakuten.co.jp/geki-car/cabinet/42/imgrc0065961155.gif"" alt=""avest"" width=""749"" border=""0""><BR>
      <img src=""https://image.rakuten.co.jp/geki-car/cabinet/31/caos-eye2.gif"" alt=""caos"" width=""749"" border=""0""><BR>
      <img src=""https://image.rakuten.co.jp/geki-car/cabinet/31/tuf-eye1.gif"" alt=""tuflong"" width=""749"" border=""0""><BR>
      <img src=""https://image.rakuten.co.jp/geki-car/cabinet/31/varta-eye2.gif"" alt=""varta"" width=""749"" border=""0""><BR>
      </td>
    
  </tbody>
</table>",【送料無料】APP　ブレーキパッドスフィーダ（SFIDA）　TOYOTA　カムリ　AP-8000　フロント用　661F：激安カー用品　Webいち店,激安カー用品ナビレーダースターターオーディオ燃費向上ポータブルＭＤＣＤタイヤトーヨーダンロップヨコハマ低反発カーロケシュアラスターオイルＧＰＳカーモニ【送料無料】APP　ブレーキパッドスフィーダ（SFIDA）　TOYOTA　カムリ　AP-8000　フロント用　661F,ブレーキパッドに新しい選択肢。【送料無料】APP　ブレーキパッドスフィーダ（SFIDA）　TOYOTA　カムリ　AP-8000　フロント用　661F[rn]
5-42826,http://tshop.r10s.jp/geki-car/cabinet/00754716/img57016419.jpg?fitin=700:700,4800.0000,,車用品・バイク用品 > カー用品 > ブレーキ > ブレーキパッド > 国産車用,【送料無料】APP　ブレーキパッドスフィーダ（SFIDA）　TOYOTA　カムリ　AP-8000　リア用　261R,ブレーキパッドに新しい選択肢,"<B>★受注生産の為、ご注文後のｷｬﾝｾﾙはｷｬﾝｾﾙ料(1,000円～)が発生いたします。★</B><BR><table width=""650""><tr><td><FONT color=""#ff99cc""><FONT color=""#ff99cc""><B><FONT face=""ＭＳ Ｐゴシック, Osaka, ヒラギノ角ゴ Pro W3"" size=""4"" color=""#ff66cc"">　　　</FONT></B></FONT><FONT color=""#0000ff""><FONT color=""#0000ff""><B><FONT face=""ＭＳ Ｐゴシック, Osaka, ヒラギノ角ゴ Pro W3"" size=""4"" color=""#0000ff"">スポーツパットが欲しいけどノイズやダストは嫌という方に</FONT></B></FONT></FONT><FONT color=""#ff99cc""><B><FONT face=""ＭＳ Ｐゴシック, Osaka, ヒラギノ角ゴ Pro W3"" size=""4"" color=""#ffcc00""><BR>
      <BR>
      <BR>
      </FONT></B><FONT face=""ＭＳ Ｐゴシック, Osaka, ヒラギノ角ゴ Pro W3"" color=""#000000"" size=""+1"">純正パット以上の制動力を確保しつつ、ブレーキノイズやダストを最小限に抑えたモデル。効きを犠牲にすることなく、スポーツパットのデメリットを最小限に抑えました。<BR>
    スポーツパットが欲しいけどノイズやダストは嫌という方に。<BR>
    また、ブレーキダストが目立つ白ホイールに最適です。<BR>
    <BR>
      <BR>
      </FONT></FONT></FONT>
    <TABLE border=""3"" cellspacing=""3"" cellpadding=""5"" bordercolor=""#66cff"" width=""536"">

    
    
    
    
          
          
          <TR>
            <TD align=""center"" width=""120"">リア品番</TD>
        <TD align=""left"" width=""377"">261R</TD>
      </TR>
          <TR>
            <TD align=""center"" rowspan=""2"" width=""120"">車種</TD>
        <TD width=""377"">トヨタ</TD>
      </TR>
          <TR>
        <TD width=""377"">カムリ</TD>
      </TR><TR>
        <TD align=""center"">型式&nbsp;</TD>
        <TD width=""377"">SV32・SV33</TD>
      </TR><TR>
        <TD align=""center"">年式</TD>
        <TD width=""377"">90.7～94.6</TD>
      </TR><TR>
        <TD align=""center"">備考</TD>
        <TD>GT</TD>
      </TR></TABLE>
    <BR>
      <FONT size=""+1""><BR>
      ※</FONT><FONT size=""+1"" color=""#0033cc""><FONT color=""#0033cc""><FONT color=""#0033cc""><FONT color=""#0033cc""><FONT color=""#0033cc""><FONT color=""#0033cc""><FONT color=""#0033cc""><FONT color=""#0033cc""><FONT color=""#0033cc""><FONT color=""#0000cc""><B>メーカーページ</B></FONT></FONT></FONT></FONT></FONT></FONT></FONT></FONT></FONT></FONT><FONT size=""+1"">にて<B><FONT color=""#0033cc"" size=""+2"">適合</FONT></B>をご確認下さい。</FONT><BR>
      　　　　　　　　　　<BR>
      <BR>
      ※<B>商品はお取り寄せとなります。</B><BR>
      <B><FONT size=""+1"">※受注生産の為、納期に１０日ほどかかります。</FONT></B></td></tr></table><title></title>
<style type=""text/css"">
<!--

BODY{
	text-align:center;
background-color:#FFFFFF;
background-image:url(https://image.rakuten.co.jp/geki-car/cabinet/img60988559.jpg);
 background-repeat:repeat-y;
 background-position:right top;
}
--><s></s>
-->
-->
</style>
<table border=""0"">
  <tbody>
    <tr valign=""bottom"" Height=""45"">
 　　　<td>
<img src=""https://image.rakuten.co.jp/geki-car/cabinet/imgrc0079627948.gif"" alt=""あす楽"" height=""60"" width=""749"" border=""0""><br>
      <img src=""https://image.rakuten.co.jp/geki-car/cabinet/r20160804.gif"" alt=""エントリー不要"" height=""60"" width=""749"" border=""0""><br>
      <img src=""https://image.rakuten.co.jp/geki-car/cabinet/rrakutenweb.gif"" alt=""楽天WEB初めて"" height=""60"" width=""749"" border=""0""><br>
      <img src=""https://image.rakuten.co.jp/geki-car/cabinet/rrakutenweb1.gif"" alt=""楽天WEB通常"" height=""60"" width=""749"" border=""0""><br>
      <img src=""https://image.rakuten.co.jp/geki-car/cabinet/imgrc0072937755.gif"" alt=""無料体験"" height=""60"" width=""749"" border=""0""><br>
      <img src=""https://image.rakuten.co.jp/geki-car/cabinet/imgrc0077294344.gif"" alt=""初めて1000"" height=""60"" width=""749"" border=""0""><br>
      <img src=""https://image.rakuten.co.jp/geki-car/cabinet/imgrc0072888945.gif"" alt=""イーグルス"" height=""60"" width=""749"" border=""0""><br>
      <img src=""https://image.rakuten.co.jp/geki-car/cabinet/imgrc0070342608.gif"" alt=""tool10"" height=""60"" width=""749"" border=""0""><br>
      <img src=""https://image.rakuten.co.jp/geki-car/cabinet/imgrc0065570992.gif"" alt=""Edy"" height=""60"" width=""749"" border=""0""><br>
      <img src=""https://image.rakuten.co.jp/geki-car/cabinet/42/imgrc0065961155.gif"" alt=""avest"" width=""749"" border=""0""><BR>
      <img src=""https://image.rakuten.co.jp/geki-car/cabinet/31/caos-eye2.gif"" alt=""caos"" width=""749"" border=""0""><BR>
      <img src=""https://image.rakuten.co.jp/geki-car/cabinet/31/tuf-eye1.gif"" alt=""tuflong"" width=""749"" border=""0""><BR>
      <img src=""https://image.rakuten.co.jp/geki-car/cabinet/31/varta-eye2.gif"" alt=""varta"" width=""749"" border=""0""><BR>
      </td>
    
  </tbody>
</table>",【送料無料】APP　ブレーキパッドスフィーダ（SFIDA）　TOYOTA　カムリ　AP-8000　リア用　261R：激安カー用品　Webいち店,激安カー用品ナビレーダースターターオーディオ燃費向上ポータブルＭＤＣＤタイヤトーヨーダンロップヨコハマ低反発カーロケシュアラスターオイルＧＰＳカーモニ【送料無料】APP　ブレーキパッドスフィーダ（SFIDA）　TOYOTA　カムリ　AP-8000　リア用　261R,ブレーキパッドに新しい選択肢。【送料無料】APP　ブレーキパッドスフィーダ（SFIDA）　TOYOTA　カムリ　AP-8000　リア用　261R[rn]
5-42827,http://tshop.r10s.jp/geki-car/cabinet/00754716/img57016419.jpg?fitin=700:700,4800.0000,,車用品・バイク用品 > カー用品 > ブレーキ > ブレーキパッド > 国産車用,【送料無料】APP　ブレーキパッドスフィーダ（SFIDA）　TOYOTA　カムリ　AP-8000　フロント用　661F,ブレーキパッドに新しい選択肢,"<B>★受注生産の為、ご注文後のｷｬﾝｾﾙはｷｬﾝｾﾙ料(1,000円～)が発生いたします。★</B><BR><table width=""650""><tr><td><FONT color=""#ff99cc""><FONT color=""#ff99cc""><B><FONT face=""ＭＳ Ｐゴシック, Osaka, ヒラギノ角ゴ Pro W3"" size=""4"" color=""#ff66cc"">　　　</FONT></B></FONT><FONT color=""#0000ff""><FONT color=""#0000ff""><B><FONT face=""ＭＳ Ｐゴシック, Osaka, ヒラギノ角ゴ Pro W3"" size=""4"" color=""#0000ff"">スポーツパットが欲しいけどノイズやダストは嫌という方に</FONT></B></FONT></FONT><FONT color=""#ff99cc""><B><FONT face=""ＭＳ Ｐゴシック, Osaka, ヒラギノ角ゴ Pro W3"" size=""4"" color=""#ffcc00""><BR>
      <BR>
      <BR>
      </FONT></B><FONT face=""ＭＳ Ｐゴシック, Osaka, ヒラギノ角ゴ Pro W3"" color=""#000000"" size=""+1"">純正パット以上の制動力を確保しつつ、ブレーキノイズやダストを最小限に抑えたモデル。効きを犠牲にすることなく、スポーツパットのデメリットを最小限に抑えました。<BR>
    スポーツパットが欲しいけどノイズやダストは嫌という方に。<BR>
    また、ブレーキダストが目立つ白ホイールに最適です。<BR>
    <BR>
      <BR>
      </FONT></FONT></FONT>
    <TABLE border=""3"" cellspacing=""3"" cellpadding=""5"" bordercolor=""#66cff"" width=""536"">

    
    
    
    
          
          
          <TR>
            <TD align=""center"" width=""120"">フロント品番</TD>
        <TD align=""left"" width=""377"">661F</TD>
      </TR>
          <TR>
            <TD align=""center"" rowspan=""2"" width=""120"">車種</TD>
        <TD width=""377"">トヨタ</TD>
      </TR>
          <TR>
        <TD width=""377"">カムリ</TD>
      </TR><TR>
        <TD align=""center"">型式&nbsp;</TD>
        <TD width=""377"">SV32・SV33</TD>
      </TR><TR>
        <TD align=""center"">年式</TD>
        <TD width=""377"">92.6～94.6</TD>
      </TR><TR>
        <TD align=""center"">備考</TD>
        <TD>HT/ツーリングパッケージ</TD>
      </TR></TABLE>
    <BR>
      <FONT size=""+1""><BR>
      ※</FONT><FONT size=""+1"" color=""#0033cc""><FONT color=""#0033cc""><FONT color=""#0033cc""><FONT color=""#0033cc""><FONT color=""#0033cc""><FONT color=""#0033cc""><FONT color=""#0033cc""><FONT color=""#0033cc""><FONT color=""#0033cc""><FONT color=""#0000cc""><B>メーカーページ</B></FONT></FONT></FONT></FONT></FONT></FONT></FONT></FONT></FONT></FONT><FONT size=""+1"">にて<B><FONT color=""#0033cc"" size=""+2"">適合</FONT></B>をご確認下さい。</FONT><BR>
      　　　　　　　　　　<BR>
      <BR>
      ※<B>商品はお取り寄せとなります。</B><BR>
      <B><FONT size=""+1"">※受注生産の為、納期に１０日ほどかかります。</FONT></B></td></tr></table><title></title>
<style type=""text/css"">
<!--

BODY{
	text-align:center;
background-color:#FFFFFF;
background-image:url(https://image.rakuten.co.jp/geki-car/cabinet/img60988559.jpg);
 background-repeat:repeat-y;
 background-position:right top;
}
--><s></s>
-->
-->
</style>
<table border=""0"">
  <tbody>
    <tr valign=""bottom"" Height=""45"">
 　　　<td>
<img src=""https://image.rakuten.co.jp/geki-car/cabinet/imgrc0079627948.gif"" alt=""あす楽"" height=""60"" width=""749"" border=""0""><br>
      <img src=""https://image.rakuten.co.jp/geki-car/cabinet/r20160804.gif"" alt=""エントリー不要"" height=""60"" width=""749"" border=""0""><br>
      <img src=""https://image.rakuten.co.jp/geki-car/cabinet/rrakutenweb.gif"" alt=""楽天WEB初めて"" height=""60"" width=""749"" border=""0""><br>
      <img src=""https://image.rakuten.co.jp/geki-car/cabinet/rrakutenweb1.gif"" alt=""楽天WEB通常"" height=""60"" width=""749"" border=""0""><br>
      <img src=""https://image.rakuten.co.jp/geki-car/cabinet/imgrc0072937755.gif"" alt=""無料体験"" height=""60"" width=""749"" border=""0""><br>
      <img src=""https://image.rakuten.co.jp/geki-car/cabinet/imgrc0077294344.gif"" alt=""初めて1000"" height=""60"" width=""749"" border=""0""><br>
      <img src=""https://image.rakuten.co.jp/geki-car/cabinet/imgrc0072888945.gif"" alt=""イーグルス"" height=""60"" width=""749"" border=""0""><br>
      <img src=""https://image.rakuten.co.jp/geki-car/cabinet/imgrc0070342608.gif"" alt=""tool10"" height=""60"" width=""749"" border=""0""><br>
      <img src=""https://image.rakuten.co.jp/geki-car/cabinet/imgrc0065570992.gif"" alt=""Edy"" height=""60"" width=""749"" border=""0""><br>
      <img src=""https://image.rakuten.co.jp/geki-car/cabinet/42/imgrc0065961155.gif"" alt=""avest"" width=""749"" border=""0""><BR>
      <img src=""https://image.rakuten.co.jp/geki-car/cabinet/31/caos-eye2.gif"" alt=""caos"" width=""749"" border=""0""><BR>
      <img src=""https://image.rakuten.co.jp/geki-car/cabinet/31/tuf-eye1.gif"" alt=""tuflong"" width=""749"" border=""0""><BR>
      <img src=""https://image.rakuten.co.jp/geki-car/cabinet/31/varta-eye2.gif"" alt=""varta"" width=""749"" border=""0""><BR>
      </td>
    
  </tbody>
</table>",【送料無料】APP　ブレーキパッドスフィーダ（SFIDA）　TOYOTA　カムリ　AP-8000　フロント用　661F：激安カー用品　Webいち店,激安カー用品ナビレーダースターターオーディオ燃費向上ポータブルＭＤＣＤタイヤトーヨーダンロップヨコハマ低反発カーロケシュアラスターオイルＧＰＳカーモニ【送料無料】APP　ブレーキパッドスフィーダ（SFIDA）　TOYOTA　カムリ　AP-8000　フロント用　661F,ブレーキパッドに新しい選択肢。【送料無料】APP　ブレーキパッドスフィーダ（SFIDA）　TOYOTA　カムリ　AP-8000　フロント用　661F[rn]
5-42828,http://tshop.r10s.jp/geki-car/cabinet/00754716/img57016419.jpg?fitin=700:700,4800.0000,,車用品・バイク用品 > カー用品 > ブレーキ > ブレーキパッド > 国産車用,【送料無料】APP　ブレーキパッドスフィーダ（SFIDA）　TOYOTA　カムリ　AP-8000　リア用　261R,【ｺﾝﾋﾞﾆ後払不可】　,"<B>★受注生産の為、ご注文後のｷｬﾝｾﾙはｷｬﾝｾﾙ料(1,000円～)が発生いたします。★</B><BR><table width=""650""><tr><td><FONT color=""#ff99cc""><FONT color=""#ff99cc""><B><FONT face=""ＭＳ Ｐゴシック, Osaka, ヒラギノ角ゴ Pro W3"" size=""4"" color=""#ff66cc"">　　　</FONT></B></FONT><FONT color=""#0000ff""><FONT color=""#0000ff""><B><FONT face=""ＭＳ Ｐゴシック, Osaka, ヒラギノ角ゴ Pro W3"" size=""4"" color=""#0000ff"">スポーツパットが欲しいけどノイズやダストは嫌という方に</FONT></B></FONT></FONT><FONT color=""#ff99cc""><B><FONT face=""ＭＳ Ｐゴシック, Osaka, ヒラギノ角ゴ Pro W3"" size=""4"" color=""#ffcc00""><BR>
      <BR>
      <BR>
      </FONT></B><FONT face=""ＭＳ Ｐゴシック, Osaka, ヒラギノ角ゴ Pro W3"" color=""#000000"" size=""+1"">純正パット以上の制動力を確保しつつ、ブレーキノイズやダストを最小限に抑えたモデル。効きを犠牲にすることなく、スポーツパットのデメリットを最小限に抑えました。<BR>
    スポーツパットが欲しいけどノイズやダストは嫌という方に。<BR>
    また、ブレーキダストが目立つ白ホイールに最適です。<BR>
    <BR>
      <BR>
      </FONT></FONT></FONT>
    <TABLE border=""3"" cellspacing=""3"" cellpadding=""5"" bordercolor=""#66cff"" width=""536"">
          <TR>
            <TD align=""center"" width=""120"">リア品番</TD>
        <TD align=""left"" width=""377"">261R</TD>
      </TR>
          <TR>
            <TD align=""center"" rowspan=""2"" width=""120"">車種</TD>
        <TD width=""377"">トヨタ</TD>
      </TR>
          <TR>
        <TD width=""377"">カムリ</TD>
      </TR><TR>
        <TD align=""center"">型式&nbsp;</TD>
        <TD width=""377"">SV32・SV33</TD>
      </TR><TR>
        <TD align=""center"">年式</TD>
        <TD width=""377"">92.6～94.6</TD>
      </TR><TR>
        <TD align=""center"">備考</TD>
        <TD>HT/ツーリングパッケージ</TD>
      </TR></TABLE>
    <BR>
      <FONT size=""+1""><BR>
      ※</FONT><FONT size=""+1"" color=""#0033cc""><FONT color=""#0033cc""><FONT color=""#0033cc""><FONT color=""#0033cc""><FONT color=""#0033cc""><FONT color=""#0033cc""><FONT color=""#0033cc""><FONT color=""#0033cc""><FONT color=""#0033cc""><FONT color=""#0000cc""><B>メーカーページ</B></FONT></FONT></FONT></FONT></FONT></FONT></FONT></FONT></FONT></FONT><FONT size=""+1"">にて<B><FONT color=""#0033cc"" size=""+2"">適合</FONT></B>をご確認下さい。</FONT><BR>
      　　　　　　　　　　<BR>
      <BR>
      ※<B>商品はお取り寄せとなります。</B><BR>
      <B><FONT size=""+1"">※受注生産の為、納期に１０日ほどかかります。</FONT></B></td></tr></table><title></title>
<style type=""text/css"">
<!--

BODY{
	text-align:center;
background-color:#FFFFFF;
background-image:url(https://image.rakuten.co.jp/geki-car/cabinet/img60988559.jpg);
 background-repeat:repeat-y;
 background-position:right top;
}
--><s></s>
-->
-->
</style>
<table border=""0"">
  <tbody>
    <tr valign=""bottom"" Height=""45"">
 　　　<td>
<img src=""https://image.rakuten.co.jp/geki-car/cabinet/imgrc0079627948.gif"" alt=""あす楽"" height=""60"" width=""749"" border=""0""><br>
      <img src=""https://image.rakuten.co.jp/geki-car/cabinet/r20160804.gif"" alt=""エントリー不要"" height=""60"" width=""749"" border=""0""><br>
      <img src=""https://image.rakuten.co.jp/geki-car/cabinet/rrakutenweb.gif"" alt=""楽天WEB初めて"" height=""60"" width=""749"" border=""0""><br>
      <img src=""https://image.rakuten.co.jp/geki-car/cabinet/rrakutenweb1.gif"" alt=""楽天WEB通常"" height=""60"" width=""749"" border=""0""><br>
      <img src=""https://image.rakuten.co.jp/geki-car/cabinet/imgrc0072937755.gif"" alt=""無料体験"" height=""60"" width=""749"" border=""0""><br>
      <img src=""https://image.rakuten.co.jp/geki-car/cabinet/imgrc0077294344.gif"" alt=""初めて1000"" height=""60"" width=""749"" border=""0""><br>
      <img src=""https://image.rakuten.co.jp/geki-car/cabinet/imgrc0072888945.gif"" alt=""イーグルス"" height=""60"" width=""749"" border=""0""><br>
      <img src=""https://image.rakuten.co.jp/geki-car/cabinet/imgrc0070342608.gif"" alt=""tool10"" height=""60"" width=""749"" border=""0""><br>
      <img src=""https://image.rakuten.co.jp/geki-car/cabinet/imgrc0065570992.gif"" alt=""Edy"" height=""60"" width=""749"" border=""0""><br>
      <img src=""https://image.rakuten.co.jp/geki-car/cabinet/42/imgrc0065961155.gif"" alt=""avest"" width=""749"" border=""0""><BR>
      <img src=""https://image.rakuten.co.jp/geki-car/cabinet/31/caos-eye2.gif"" alt=""caos"" width=""749"" border=""0""><BR>
      <img src=""https://image.rakuten.co.jp/geki-car/cabinet/31/tuf-eye1.gif"" alt=""tuflong"" width=""749"" border=""0""><BR>
      <img src=""https://image.rakuten.co.jp/geki-car/cabinet/31/varta-eye2.gif"" alt=""varta"" width=""749"" border=""0""><BR>
      </td>
    
  </tbody>
</table>",【送料無料】APP　ブレーキパッドスフィーダ（SFIDA）　TOYOTA　カムリ　AP-8000　リア用　261R：激安カー用品　Webいち店,激安カー用品ナビレーダースターターオーディオ燃費向上ポータブルＭＤＣＤタイヤトーヨーダンロップヨコハマ低反発カーロケシュアラスターオイルＧＰＳカーモニ【送料無料】APP　ブレーキパッドスフィーダ（SFIDA）　TOYOTA　カムリ　AP-8000　リア用　261R,【ｺﾝﾋﾞﾆ後払不可】　。【送料無料】APP　ブレーキパッドスフィーダ（SFIDA）　TOYOTA　カムリ　AP-8000　リア用　261R[rn]
5-42829,http://tshop.r10s.jp/geki-car/cabinet/00754716/img57016419.jpg?fitin=700:700,4800.0000,,車用品・バイク用品 > カー用品 > ブレーキ > ブレーキパッド > 国産車用,【送料無料】APP　ブレーキパッドスフィーダ（SFIDA）　TOYOTA　カムリ　AP-8000　フロント用　461F,【ｺﾝﾋﾞﾆ後払不可】　,"<B>★受注生産の為、ご注文後のｷｬﾝｾﾙはｷｬﾝｾﾙ料(1,000円～)が発生いたします。★</B><BR><table width=""650""><tr><td><FONT color=""#ff99cc""><FONT color=""#ff99cc""><B><FONT face=""ＭＳ Ｐゴシック, Osaka, ヒラギノ角ゴ Pro W3"" size=""4"" color=""#ff66cc"">　　　</FONT></B></FONT><FONT color=""#0000ff""><FONT color=""#0000ff""><B><FONT face=""ＭＳ Ｐゴシック, Osaka, ヒラギノ角ゴ Pro W3"" size=""4"" color=""#0000ff"">スポーツパットが欲しいけどノイズやダストは嫌という方に</FONT></B></FONT></FONT><FONT color=""#ff99cc""><B><FONT face=""ＭＳ Ｐゴシック, Osaka, ヒラギノ角ゴ Pro W3"" size=""4"" color=""#ffcc00""><BR>
      <BR>
      <BR>
      </FONT></B><FONT face=""ＭＳ Ｐゴシック, Osaka, ヒラギノ角ゴ Pro W3"" color=""#000000"" size=""+1"">純正パット以上の制動力を確保しつつ、ブレーキノイズやダストを最小限に抑えたモデル。効きを犠牲にすることなく、スポーツパットのデメリットを最小限に抑えました。<BR>
    スポーツパットが欲しいけどノイズやダストは嫌という方に。<BR>
    また、ブレーキダストが目立つ白ホイールに最適です。<BR>
    <BR>
      <BR>
      </FONT></FONT></FONT>
    <TABLE border=""3"" cellspacing=""3"" cellpadding=""5"" bordercolor=""#66cff"" width=""536"">
          <TR>
            <TD align=""center"" width=""120"">フロント品番</TD>
        <TD align=""left"" width=""377"">461F</TD>
      </TR>
          <TR>
            <TD align=""center"" rowspan=""2"" width=""120"">車種</TD>
        <TD width=""377"">トヨタ</TD>
      </TR>
          <TR>
        <TD width=""377"">カムリ</TD>
      </TR><TR>
        <TD align=""center"">型式&nbsp;</TD>
        <TD width=""377"">SV35</TD>
      </TR><TR>
        <TD align=""center"">年式</TD>
        <TD width=""377"">90.7～</TD>
      </TR></TABLE>
    <BR>
      <FONT size=""+1""><BR>
      ※</FONT><FONT size=""+1"" color=""#0033cc""><FONT color=""#0033cc""><FONT color=""#0033cc""><FONT color=""#0033cc""><FONT color=""#0033cc""><FONT color=""#0033cc""><FONT color=""#0033cc""><FONT color=""#0033cc""><FONT color=""#0033cc""><FONT color=""#0000cc""><B>メーカーページ</B></FONT></FONT></FONT></FONT></FONT></FONT></FONT></FONT></FONT></FONT><FONT size=""+1"">にて<B><FONT color=""#0033cc"" size=""+2"">適合</FONT></B>をご確認下さい。</FONT><BR>
      　　　　　　　　　　<BR>
      <BR>
      ※<B>商品はお取り寄せとなります。</B><BR>
      <B><FONT size=""+1"">※受注生産の為、納期に１０日ほどかかります。</FONT></B></td></tr></table><title></title>
<style type=""text/css"">
<!--

BODY{
	text-align:center;
background-color:#FFFFFF;
background-image:url(https://image.rakuten.co.jp/geki-car/cabinet/img60988559.jpg);
 background-repeat:repeat-y;
 background-position:right top;
}
--><s></s>
-->
-->
</style>
<table border=""0"">
  <tbody>
    <tr valign=""bottom"" Height=""45"">
 　　　<td>
<img src=""https://image.rakuten.co.jp/geki-car/cabinet/imgrc0079627948.gif"" alt=""あす楽"" height=""60"" width=""749"" border=""0""><br>
      <img src=""https://image.rakuten.co.jp/geki-car/cabinet/r20160804.gif"" alt=""エントリー不要"" height=""60"" width=""749"" border=""0""><br>
      <img src=""https://image.rakuten.co.jp/geki-car/cabinet/rrakutenweb.gif"" alt=""楽天WEB初めて"" height=""60"" width=""749"" border=""0""><br>
      <img src=""https://image.rakuten.co.jp/geki-car/cabinet/rrakutenweb1.gif"" alt=""楽天WEB通常"" height=""60"" width=""749"" border=""0""><br>
      <img src=""https://image.rakuten.co.jp/geki-car/cabinet/imgrc0072937755.gif"" alt=""無料体験"" height=""60"" width=""749"" border=""0""><br>
      <img src=""https://image.rakuten.co.jp/geki-car/cabinet/imgrc0077294344.gif"" alt=""初めて1000"" height=""60"" width=""749"" border=""0""><br>
      <img src=""https://image.rakuten.co.jp/geki-car/cabinet/imgrc0072888945.gif"" alt=""イーグルス"" height=""60"" width=""749"" border=""0""><br>
      <img src=""https://image.rakuten.co.jp/geki-car/cabinet/imgrc0070342608.gif"" alt=""tool10"" height=""60"" width=""749"" border=""0""><br>
      <img src=""https://image.rakuten.co.jp/geki-car/cabinet/imgrc0065570992.gif"" alt=""Edy"" height=""60"" width=""749"" border=""0""><br>
      <img src=""https://image.rakuten.co.jp/geki-car/cabinet/42/imgrc0065961155.gif"" alt=""avest"" width=""749"" border=""0""><BR>
      <img src=""https://image.rakuten.co.jp/geki-car/cabinet/31/caos-eye2.gif"" alt=""caos"" width=""749"" border=""0""><BR>
      <img src=""https://image.rakuten.co.jp/geki-car/cabinet/31/tuf-eye1.gif"" alt=""tuflong"" width=""749"" border=""0""><BR>
      <img src=""https://image.rakuten.co.jp/geki-car/cabinet/31/varta-eye2.gif"" alt=""varta"" width=""749"" border=""0""><BR>
      </td>
    
  </tbody>
</table>",【送料無料】APP　ブレーキパッドスフィーダ（SFIDA）　TOYOTA　カムリ　AP-8000　フロント用　461F：激安カー用品　Webいち店,激安カー用品ナビレーダースターターオーディオ燃費向上ポータブルＭＤＣＤタイヤトーヨーダンロップヨコハマ低反発カーロケシュアラスターオイルＧＰＳカーモニ【送料無料】APP　ブレーキパッドスフィーダ（SFIDA）　TOYOTA　カムリ　AP-8000　フロント用　461F,【ｺﾝﾋﾞﾆ後払不可】　。【送料無料】APP　ブレーキパッドスフィーダ（SFIDA）　TOYOTA　カムリ　AP-8000　フロント用　461F[rn]
5-42830,http://tshop.r10s.jp/parts/cabinet/detail-aa04/aa04-es.jpg?fitin=700:700,5737.6000,,車用品・バイク用品 > カー用品 > ブレーキ > ブレーキパッド > 国産車用,DIXCEL（ディクセル）日産 スカイライン ブレーキパッド EXTRAspeed(ESタイプ) フロント用  CPV35 スカイライン (ブレンボキャリパー車  03/01～)ES331167,【！！DIXCEL送料無料！！】ES331167,"ハイウェイ、ワインディングでのスポーツドライビングで発揮するワンランク上の制動力と耐熱性。高い耐フェード性によりスポーツ走行でも熱ダレなく安定性抜群。ブレーキパッドチューニングの手始めにも最適！<br>スコーチ（パッド表面焼付）により初期なじみも抜群。ノンアスベスト、ノンスチールで環境にも配慮されたスポーツパットの新定番。コントロール性が高く、ドリフトにもベストマッチ！<br>※左右セット<br><br>対応車種：CPV35 スカイライン (ブレンボキャリパー車  03/01～　3500cc)<br><br>ブレーキ | ブレーキパッド<br>日産 | スカイライン | V35系<tr><td colspan=""2"">
<center><img src=""https://image.rakuten.co.jp/parts/cabinet/design/2017summertire2.jpg"" border=""0"" width=""800px""><br>
</td></tr></center>


<!--

<center>
<img src=""http://image.rakuten.co.jp/parts/cabinet/sale/201612ss_45_pc2.gif"" border=""0"" width=""800px"">
</center><br><br>
<center>
<img src=""http://image.rakuten.co.jp/parts/cabinet/sale/conbini201612pc.jpg"" border=""0"" width=""800px""
><br>

-->



<!--

<style type=""text/css"">
body{

background-image: url(""http://image.rakuten.co.jp/parts/cabinet/sale/36_shop_100x600.gif"");

background-repeat:repeat-y;
background-attachment:scroll;
background-position: right;

}
</style>-->",DIXCEL（ディクセル）日産 スカイライン ブレーキパッド EXTRAspeed(ESタイプ) フロント用  CPV35 スカイライン (ブレンボキャリパー車  03/01～)ES331167：ＰＡＲＴＳ,ヘッドライトテールライトコーナーライトサイドマーカーカーボンアンテナドアミラーエアロメーターパネルリップスポイラーウイングホイールカバーペダル車高調ブレーキドライブレコーダーワイパーグリルボンネットローダウンDIXCEL（ディクセル）日産 スカイライン ブレーキパッド EXTRAspeed(ESタイプ) フロント用  CPV35 スカイライン (ブレンボキャリパー車  03/01～)ES331167,【！！DIXCEL送料無料！！】ES331167。DIXCEL（ディクセル）日産 スカイライン ブレーキパッド EXTRAspeed(ESタイプ) フロント用  CPV35 スカイライン (ブレンボキャリパー車  03/01～)ES331167[rn]
5-42831,http://tshop.r10s.jp/parts/cabinet/detail-aa04/aa04-es.jpg?fitin=700:700,4303.2000,,車用品・バイク用品 > カー用品 > ブレーキ > ブレーキパッド > 国産車用,DIXCEL（ディクセル）ホンダ ライフ ブレーキパッド EXTRAspeed(ESタイプ) フロント用  JB5/6 ライフ (03/09～)ES331118,【！！DIXCEL送料無料！！】ES331118,"ハイウェイ、ワインディングでのスポーツドライビングで発揮するワンランク上の制動力と耐熱性。高い耐フェード性によりスポーツ走行でも熱ダレなく安定性抜群。ブレーキパッドチューニングの手始めにも最適！<br>スコーチ（パッド表面焼付）により初期なじみも抜群。ノンアスベスト、ノンスチールで環境にも配慮されたスポーツパットの新定番。コントロール性が高く、ドリフトにもベストマッチ！<br>※左右セット<br><br>対応車種：JB5/6 ライフ (03/09～　660cc)<br><br>ブレーキ | ブレーキパッド<br>ホンダ | ライフ | JB5～8<tr><td colspan=""2"">
<center><img src=""https://image.rakuten.co.jp/parts/cabinet/design/2017summertire2.jpg"" border=""0"" width=""800px""><br>
</td></tr></center>


<!--

<center>
<img src=""http://image.rakuten.co.jp/parts/cabinet/sale/201612ss_45_pc2.gif"" border=""0"" width=""800px"">
</center><br><br>
<center>
<img src=""http://image.rakuten.co.jp/parts/cabinet/sale/conbini201612pc.jpg"" border=""0"" width=""800px""
><br>

-->



<!--

<style type=""text/css"">
body{

background-image: url(""http://image.rakuten.co.jp/parts/cabinet/sale/36_shop_100x600.gif"");

background-repeat:repeat-y;
background-attachment:scroll;
background-position: right;

}
</style>-->",DIXCEL（ディクセル）ホンダ ライフ ブレーキパッド EXTRAspeed(ESタイプ) フロント用  JB5/6 ライフ (03/09～)ES331118：ＰＡＲＴＳ,ヘッドライトテールライトコーナーライトサイドマーカーカーボンアンテナドアミラーエアロメーターパネルリップスポイラーウイングホイールカバーペダル車高調ブレーキドライブレコーダーワイパーグリルボンネットローダウンDIXCEL（ディクセル）ホンダ ライフ ブレーキパッド EXTRAspeed(ESタイプ) フロント用  JB5/6 ライフ (03/09～)ES331118,【！！DIXCEL送料無料！！】ES331118。DIXCEL（ディクセル）ホンダ ライフ ブレーキパッド EXTRAspeed(ESタイプ) フロント用  JB5/6 ライフ (03/09～)ES331118[rn]
5-42832,http://tshop.r10s.jp/parts/cabinet/detail-aa04/aa04-ec.jpg?fitin=700:700,5737.6000,,車用品・バイク用品 > カー用品 > ブレーキ > ブレーキパッド > 国産車用,DIXCEL（ディクセル）日産 フェアレディＺ ブレーキパッド EXTRAcruise（ECタイプ） フロント用  Z33/HZ33 フェアレディＺ (18インチホイール/BREMBO  02/08～)EC331167,【！！DIXCEL送料無料！！】EC331167,"ストリート、ハイウェイでのクルージングで発揮するワンランク上の制動力と快適性。効きUP！ダスト低減！しかもエコノミーで車検交換に最適。ノンアスベスト、ノンスチールで環境にも配慮したスタンダードブレーキパッド。<br>純正を凌駕する耐摩耗性（寿命）でダストや鳴きも少なく常に快適。ローターに負担を掛けず非常に経済的です。 スコーチ（パッド表面焼付）により初期なじみも抜群。<br>※左右セット<br><br>対応車種：Z33/HZ33 フェアレディＺ (18インチホイール/BREMBO  02/08～　3500cc)<br><br>ブレーキ | ブレーキパッド<br>日産 | フェアレディＺ | Z33系<tr><td colspan=""2"">
<center><img src=""https://image.rakuten.co.jp/parts/cabinet/design/2017summertire2.jpg"" border=""0"" width=""800px""><br>
</td></tr></center>


<!--

<center>
<img src=""http://image.rakuten.co.jp/parts/cabinet/sale/201612ss_45_pc2.gif"" border=""0"" width=""800px"">
</center><br><br>
<center>
<img src=""http://image.rakuten.co.jp/parts/cabinet/sale/conbini201612pc.jpg"" border=""0"" width=""800px""
><br>

-->



<!--

<style type=""text/css"">
body{

background-image: url(""http://image.rakuten.co.jp/parts/cabinet/sale/36_shop_100x600.gif"");

background-repeat:repeat-y;
background-attachment:scroll;
background-position: right;

}
</style>-->",DIXCEL（ディクセル）日産 フェアレディＺ ブレーキパッド EXTRAcruise（ECタイプ） フロント用  Z33/HZ33 フェアレディＺ (18インチホイール/BREMBO  02/08～)EC331167：ＰＡＲＴＳ,ヘッドライトテールライトコーナーライトサイドマーカーカーボンアンテナドアミラーエアロメーターパネルリップスポイラーウイングホイールカバーペダル車高調ブレーキドライブレコーダーワイパーグリルボンネットローダウンDIXCEL（ディクセル）日産 フェアレディＺ ブレーキパッド EXTRAcruise（ECタイプ） フロント用  Z33/HZ33 フェアレディＺ (18インチホイール/BREMBO  02/08～)EC331167,【！！DIXCEL送料無料！！】EC331167。DIXCEL（ディクセル）日産 フェアレディＺ ブレーキパッド EXTRAcruise（ECタイプ） フロント用  Z33/HZ33 フェアレディＺ (18インチホイール/BREMBO  02/08～)EC331167[rn]
5-42833,http://tshop.r10s.jp/parts/cabinet/detail-aa04/aa04-ec.jpg?fitin=700:700,4303.2000,,車用品・バイク用品 > カー用品 > ブレーキ > ブレーキパッド > 国産車用,DIXCEL（ディクセル）ホンダ N　BOX ブレーキパッド EXTRAcruise（ECタイプ） フロント用 JF1 N BOX/N BOX カスタム TURBO (11/12～)EC331268,【！！DIXCEL送料無料！！】EC331268,"ストリート、ハイウェイでのクルージングで発揮するワンランク上の制動力と快適性。効きUP！ダスト低減！しかもエコノミーで車検交換に最適。ノンアスベスト、ノンスチールで環境にも配慮したスタンダードブレーキパッド。<br>純正を凌駕する耐摩耗性（寿命）でダストや鳴きも少なく常に快適。ローターに負担を掛けず非常に経済的です。 スコーチ（パッド表面焼付）により初期なじみも抜群。<br>※左右セット<br><br>対応車種： JF1 N BOX/N BOX カスタム TURBO (11/12～)<br><br>ブレーキ | ブレーキパッド<br>ホンダ | N　BOX | JF1/JF2<tr><td colspan=""2"">
<center><img src=""https://image.rakuten.co.jp/parts/cabinet/design/2017summertire2.jpg"" border=""0"" width=""800px""><br>
</td></tr></center>


<!--

<center>
<img src=""http://image.rakuten.co.jp/parts/cabinet/sale/201612ss_45_pc2.gif"" border=""0"" width=""800px"">
</center><br><br>
<center>
<img src=""http://image.rakuten.co.jp/parts/cabinet/sale/conbini201612pc.jpg"" border=""0"" width=""800px""
><br>

-->



<!--

<style type=""text/css"">
body{

background-image: url(""http://image.rakuten.co.jp/parts/cabinet/sale/36_shop_100x600.gif"");

background-repeat:repeat-y;
background-attachment:scroll;
background-position: right;

}
</style>-->",DIXCEL（ディクセル）ホンダ N　BOX ブレーキパッド EXTRAcruise（ECタイプ） フロント用 JF1 N BOX/N BOX カスタム TURBO (11/12～)EC331268：ＰＡＲＴＳ,ヘッドライトテールライトコーナーライトサイドマーカーカーボンアンテナドアミラーエアロメーターパネルリップスポイラーウイングホイールカバーペダル車高調ブレーキドライブレコーダーワイパーグリルボンネットローダウンDIXCEL（ディクセル）ホンダ N　BOX ブレーキパッド EXTRAcruise（ECタイプ） フロント用 JF1 N BOX/N BOX カスタム TURBO (11/12～)EC331268,【！！DIXCEL送料無料！！】EC331268。DIXCEL（ディクセル）ホンダ N　BOX ブレーキパッド EXTRAcruise（ECタイプ） フロント用 JF1 N BOX/N BOX カスタム TURBO (11/12～)EC331268[rn]
5-42834,http://tshop.r10s.jp/parts/cabinet/detail-aa04/aa04-ec.jpg?fitin=700:700,4303.2000,,車用品・バイク用品 > カー用品 > ブレーキ > ブレーキパッド > 国産車用,DIXCEL（ディクセル）ホンダ N　BOX ブレーキパッド EXTRAcruise（ECタイプ） フロント用 JF1 N BOX/N BOX カスタム NA (11/12～13/12)EC331118,【！！DIXCEL送料無料！！】EC331118,"ストリート、ハイウェイでのクルージングで発揮するワンランク上の制動力と快適性。効きUP！ダスト低減！しかもエコノミーで車検交換に最適。ノンアスベスト、ノンスチールで環境にも配慮したスタンダードブレーキパッド。<br>純正を凌駕する耐摩耗性（寿命）でダストや鳴きも少なく常に快適。ローターに負担を掛けず非常に経済的です。 スコーチ（パッド表面焼付）により初期なじみも抜群。<br>※左右セット<br><br>対応車種： JF1 N BOX/N BOX カスタム NA (11/12～13/12) 車台→140000<br><br>ブレーキ | ブレーキパッド<br>ホンダ | N　BOX | JF1/JF2<tr><td colspan=""2"">
<center><img src=""https://image.rakuten.co.jp/parts/cabinet/design/2017summertire2.jpg"" border=""0"" width=""800px""><br>
</td></tr></center>


<!--

<center>
<img src=""http://image.rakuten.co.jp/parts/cabinet/sale/201612ss_45_pc2.gif"" border=""0"" width=""800px"">
</center><br><br>
<center>
<img src=""http://image.rakuten.co.jp/parts/cabinet/sale/conbini201612pc.jpg"" border=""0"" width=""800px""
><br>

-->



<!--

<style type=""text/css"">
body{

background-image: url(""http://image.rakuten.co.jp/parts/cabinet/sale/36_shop_100x600.gif"");

background-repeat:repeat-y;
background-attachment:scroll;
background-position: right;

}
</style>-->",DIXCEL（ディクセル）ホンダ N　BOX ブレーキパッド EXTRAcruise（ECタイプ） フロント用 JF1 N BOX/N BOX カスタム NA (11/12～13/12)EC331118：ＰＡＲＴＳ,ヘッドライトテールライトコーナーライトサイドマーカーカーボンアンテナドアミラーエアロメーターパネルリップスポイラーウイングホイールカバーペダル車高調ブレーキドライブレコーダーワイパーグリルボンネットローダウンDIXCEL（ディクセル）ホンダ N　BOX ブレーキパッド EXTRAcruise（ECタイプ） フロント用 JF1 N BOX/N BOX カスタム NA (11/12～13/12)EC331118,【！！DIXCEL送料無料！！】EC331118。DIXCEL（ディクセル）ホンダ N　BOX ブレーキパッド EXTRAcruise（ECタイプ） フロント用 JF1 N BOX/N BOX カスタム NA (11/12～13/12)EC331118[rn]
5-42835,http://tshop.r10s.jp/parts/cabinet/detail-aa04/aa04-ra.jpg?fitin=700:700,17928.0000,,車用品・バイク用品 > カー用品 > ブレーキ > ブレーキパッド > 国産車用,DIXCEL（ディクセル）マツダ RX-7 ブレーキパッド RAタイプ フロント用  FD3S ＲＸ-7 (91/11～02/08)RA351120,【！！DIXCEL送料無料！！】RA351120,"DIXCEL Rシリーズは各種ワンメイクレースカーやチューニングカー、またSタイヤやスリックタイヤを装着している等、特殊な要素を考慮に入れ走行条件のほぼ80パーセントがサーキットレースや走行会といったドライバーを対象とし、限界でのコントロール性能とリニアなリリース性を主なコンセプトとして開発されたハイスペックブレーキパッドです。<br>重量車、ハイパワー車の高温、高負荷時の走行でも変わらないハイミュー安定性。ペダル踏力に呼応するかのように立ち上がるリニアな効き。抜群に高い初期制動を誇りながらも、非常にコントローラブル！周回数を重ねても変化しない剛性感のあるペダルタッチ。タイヤをはじめとし、スリックタイヤ、ハイグリップラジアルが対象。VWシロッコカップチャイナシリーズの公式指定パッドに選定！<br>材質：カーボンセミメタル   適正温度 ：200～900℃   初期μ：0.51  平均μ：0.40～0.45  ステージ：レース/ラリー/サーキット走行<br><br>対応車種：FD3S ＲＸ-7 (91/11～02/08　654X2cc)<br><br>ブレーキ | ブレーキパッド<br>マツダ | RX-7 | FD3S<tr><td colspan=""2"">
<center><img src=""https://image.rakuten.co.jp/parts/cabinet/design/2017summertire2.jpg"" border=""0"" width=""800px""><br>
</td></tr></center>


<!--

<center>
<img src=""http://image.rakuten.co.jp/parts/cabinet/sale/201612ss_45_pc2.gif"" border=""0"" width=""800px"">
</center><br><br>
<center>
<img src=""http://image.rakuten.co.jp/parts/cabinet/sale/conbini201612pc.jpg"" border=""0"" width=""800px""
><br>

-->



<!--

<style type=""text/css"">
body{

background-image: url(""http://image.rakuten.co.jp/parts/cabinet/sale/36_shop_100x600.gif"");

background-repeat:repeat-y;
background-attachment:scroll;
background-position: right;

}
</style>-->",DIXCEL（ディクセル）マツダ RX-7 ブレーキパッド RAタイプ フロント用  FD3S ＲＸ-7 (91/11～02/08)RA351120：ＰＡＲＴＳ,ヘッドライトテールライトコーナーライトサイドマーカーカーボンアンテナドアミラーエアロメーターパネルリップスポイラーウイングホイールカバーペダル車高調ブレーキドライブレコーダーワイパーグリルボンネットローダウンDIXCEL（ディクセル）マツダ RX-7 ブレーキパッド RAタイプ フロント用  FD3S ＲＸ-7 (91/11～02/08)RA351120,【！！DIXCEL送料無料！！】RA351120。DIXCEL（ディクセル）マツダ RX-7 ブレーキパッド RAタイプ フロント用  FD3S ＲＸ-7 (91/11～02/08)RA351120[rn]
5-42836,http://tshop.r10s.jp/parts/cabinet/detail-aa04/aa04-ec.jpg?fitin=700:700,4303.2000,,車用品・バイク用品 > カー用品 > ブレーキ > ブレーキパッド > 国産車用,DIXCEL（ディクセル）ホンダ バモス ブレーキパッド EXTRAcruise（ECタイプ） フロント用  HM1/2/3/4/HJ1/2 バモス (99/5～)EC331118,【！！DIXCEL送料無料！！】EC331118,"ストリート、ハイウェイでのクルージングで発揮するワンランク上の制動力と快適性。効きUP！ダスト低減！しかもエコノミーで車検交換に最適。ノンアスベスト、ノンスチールで環境にも配慮したスタンダードブレーキパッド。<br>純正を凌駕する耐摩耗性（寿命）でダストや鳴きも少なく常に快適。ローターに負担を掛けず非常に経済的です。 スコーチ（パッド表面焼付）により初期なじみも抜群。<br>※左右セット<br><br>対応車種：HM1/2/3/4/HJ1/2 バモス (99/5～　660cc)<br><br>ブレーキ | ブレーキパッド<br>ホンダ | バモス | HM1～4/HJ1～2<tr><td colspan=""2"">
<center><img src=""https://image.rakuten.co.jp/parts/cabinet/design/2017summertire2.jpg"" border=""0"" width=""800px""><br>
</td></tr></center>


<!--

<center>
<img src=""http://image.rakuten.co.jp/parts/cabinet/sale/201612ss_45_pc2.gif"" border=""0"" width=""800px"">
</center><br><br>
<center>
<img src=""http://image.rakuten.co.jp/parts/cabinet/sale/conbini201612pc.jpg"" border=""0"" width=""800px""
><br>

-->



<!--

<style type=""text/css"">
body{

background-image: url(""http://image.rakuten.co.jp/parts/cabinet/sale/36_shop_100x600.gif"");

background-repeat:repeat-y;
background-attachment:scroll;
background-position: right;

}
</style>-->",DIXCEL（ディクセル）ホンダ バモス ブレーキパッド EXTRAcruise（ECタイプ） フロント用  HM1/2/3/4/HJ1/2 バモス (99/5～)EC331118：ＰＡＲＴＳ,ヘッドライトテールライトコーナーライトサイドマーカーカーボンアンテナドアミラーエアロメーターパネルリップスポイラーウイングホイールカバーペダル車高調ブレーキドライブレコーダーワイパーグリルボンネットローダウンDIXCEL（ディクセル）ホンダ バモス ブレーキパッド EXTRAcruise（ECタイプ） フロント用  HM1/2/3/4/HJ1/2 バモス (99/5～)EC331118,【！！DIXCEL送料無料！！】EC331118。DIXCEL（ディクセル）ホンダ バモス ブレーキパッド EXTRAcruise（ECタイプ） フロント用  HM1/2/3/4/HJ1/2 バモス (99/5～)EC331118[rn]
5-42837,http://tshop.r10s.jp/parts/cabinet/detail-aa04/iblpjzf.jpg?fitin=700:700,15776.8000,,車用品・バイク用品 > カー用品 > ブレーキ > ブレーキパッド > 国産車用,DIXCEL（ディクセル）マツダ デミオ ブレーキパッド Zタイプ フロント用　14/09～ デミオ DJ3AS/DJ3FS/DJ5AS/DJ5FS/DJLFSZ351299,【！！DIXCEL送料無料！！】Z351299,"サーキット走行会をターゲットに開発された新素材グラファイトメタリックがもたらす異次元の高温安定性と耐摩耗性能！サーキット専用材と違い、一般市街地での常温域でも強烈な初期制動を発揮！<br>今までのサーキット系パッドをはるかに越える高温域での耐フェード性と安定したコントロール性。Ｓタイヤ・ハイグリップラジアルにベストマッチ！<br>材質：グラファイトメタリック　適正温度：0～850℃　　<br><br>対応車種：14/09～ デミオ DJ3AS/DJ3FS/DJ5AS/DJ5FS/DJLFS<br><br>ブレーキ | ブレーキパッド<br>マツダ | デミオ | DJ3/DJ5<tr><td colspan=""2"">
<center><img src=""https://image.rakuten.co.jp/parts/cabinet/design/2017summertire2.jpg"" border=""0"" width=""800px""><br>
</td></tr></center>


<!--

<center>
<img src=""http://image.rakuten.co.jp/parts/cabinet/sale/201612ss_45_pc2.gif"" border=""0"" width=""800px"">
</center><br><br>
<center>
<img src=""http://image.rakuten.co.jp/parts/cabinet/sale/conbini201612pc.jpg"" border=""0"" width=""800px""
><br>

-->



<!--

<style type=""text/css"">
body{

background-image: url(""http://image.rakuten.co.jp/parts/cabinet/sale/36_shop_100x600.gif"");

background-repeat:repeat-y;
background-attachment:scroll;
background-position: right;

}
</style>-->",DIXCEL（ディクセル）マツダ デミオ ブレーキパッド Zタイプ フロント用　14/09～ デミオ DJ3AS/DJ3FS/DJ5AS/DJ5FS/DJLFSZ351299：ＰＡＲＴＳ,ヘッドライトテールライトコーナーライトサイドマーカーカーボンアンテナドアミラーエアロメーターパネルリップスポイラーウイングホイールカバーペダル車高調ブレーキドライブレコーダーワイパーグリルボンネットローダウンDIXCEL（ディクセル）マツダ デミオ ブレーキパッド Zタイプ フロント用　14/09～ デミオ DJ3AS/DJ3FS/DJ5AS/DJ5FS/DJLFSZ351299,【！！DIXCEL送料無料！！】Z351299。DIXCEL（ディクセル）マツダ デミオ ブレーキパッド Zタイプ フロント用　14/09～ デミオ DJ3AS/DJ3FS/DJ5AS/DJ5FS/DJLFSZ351299[rn]
5-42838,http://tshop.r10s.jp/parts/cabinet/detail-aa04/aa04-es.jpg?fitin=700:700,4303.2000,,車用品・バイク用品 > カー用品 > ブレーキ > ブレーキパッド > 国産車用,DIXCEL（ディクセル）ホンダ フィット ブレーキパッド EXTRAspeed（ESタイプ） フロント用  GD1 フィット (1.3 Y/A/AU/W  01/06～)ES331022,【！！DIXCEL送料無料！！】ES331022,"ハイウェイ、ワインディングでのスポーツドライビングで発揮するワンランク上の制動力と耐熱性。高い耐フェード性によりスポーツ走行でも熱ダレなく安定性抜群。ブレーキパッドチューニングの手始めにも最適！<br>スコーチ（パッド表面焼付）により初期なじみも抜群。ノンアスベスト、ノンスチールで環境にも配慮されたスポーツパットの新定番。コントロール性が高く、ドリフトにもベストマッチ！<br>※左右セット<br><br>対応車種：GD1 フィット (1.3 Y/A/AU/W  01/06～　1300cc)<br><br>ブレーキ | ブレーキパッド<br>ホンダ | フィット | GD1～4<tr><td colspan=""2"">
<center><img src=""https://image.rakuten.co.jp/parts/cabinet/design/2017summertire2.jpg"" border=""0"" width=""800px""><br>
</td></tr></center>


<!--

<center>
<img src=""http://image.rakuten.co.jp/parts/cabinet/sale/201612ss_45_pc2.gif"" border=""0"" width=""800px"">
</center><br><br>
<center>
<img src=""http://image.rakuten.co.jp/parts/cabinet/sale/conbini201612pc.jpg"" border=""0"" width=""800px""
><br>

-->



<!--

<style type=""text/css"">
body{

background-image: url(""http://image.rakuten.co.jp/parts/cabinet/sale/36_shop_100x600.gif"");

background-repeat:repeat-y;
background-attachment:scroll;
background-position: right;

}
</style>-->",DIXCEL（ディクセル）ホンダ フィット ブレーキパッド EXTRAspeed（ESタイプ） フロント用  GD1 フィット (1.3 Y/A/AU/W  01/06～)ES331022：ＰＡＲＴＳ,ヘッドライトテールライトコーナーライトサイドマーカーカーボンアンテナドアミラーエアロメーターパネルリップスポイラーウイングホイールカバーペダル車高調ブレーキドライブレコーダーワイパーグリルボンネットローダウンDIXCEL（ディクセル）ホンダ フィット ブレーキパッド EXTRAspeed（ESタイプ） フロント用  GD1 フィット (1.3 Y/A/AU/W  01/06～)ES331022,【！！DIXCEL送料無料！！】ES331022。DIXCEL（ディクセル）ホンダ フィット ブレーキパッド EXTRAspeed（ESタイプ） フロント用  GD1 フィット (1.3 Y/A/AU/W  01/06～)ES331022[rn]
5-42839,http://tshop.r10s.jp/parts/cabinet/detail-aa04/aa04-ec.jpg?fitin=700:700,4303.2000,,車用品・バイク用品 > カー用品 > ブレーキ > ブレーキパッド > 国産車用,DIXCEL（ディクセル）日産 デイズルークス ブレーキパッド EXTRAcruise(ECタイプ) フロント用 B21A デイズ ルークス (14/02～14/10) NA・FFEC341304,【！！DIXCEL送料無料！！】EC341304,"ストリート、ハイウェイでのクルージングで発揮するワンランク上の制動力と快適性。効きUP！ダスト低減！しかもエコノミーで車検交換に最適。ノンアスベスト、ノンスチールで環境にも配慮したスタンダードブレーキパッド。<br><br>純正を凌駕する耐摩耗性（寿命）でダストや鳴きも少なく常に快適。ローターに負担を掛けず非常に経済的です。 スコーチ（パッド表面焼付）により初期なじみも抜群。<br><br>※左右セット<br><br><br>対応車種：B21A デイズ ルークス (14/02～14/10) NA・FF<br><br>ブレーキ | ブレーキパッド<br>日産 | デイズルークス | B21系<tr><td colspan=""2"">
<center><img src=""https://image.rakuten.co.jp/parts/cabinet/design/2017summertire2.jpg"" border=""0"" width=""800px""><br>
</td></tr></center>


<!--

<center>
<img src=""http://image.rakuten.co.jp/parts/cabinet/sale/201612ss_45_pc2.gif"" border=""0"" width=""800px"">
</center><br><br>
<center>
<img src=""http://image.rakuten.co.jp/parts/cabinet/sale/conbini201612pc.jpg"" border=""0"" width=""800px""
><br>

-->



<!--

<style type=""text/css"">
body{

background-image: url(""http://image.rakuten.co.jp/parts/cabinet/sale/36_shop_100x600.gif"");

background-repeat:repeat-y;
background-attachment:scroll;
background-position: right;

}
</style>-->",DIXCEL（ディクセル）日産 デイズルークス ブレーキパッド EXTRAcruise(ECタイプ) フロント用 B21A デイズ ルークス (14/02～14/10) NA・FFEC341304：ＰＡＲＴＳ,ヘッドライトテールライトコーナーライトサイドマーカーカーボンアンテナドアミラーエアロメーターパネルリップスポイラーウイングホイールカバーペダル車高調ブレーキドライブレコーダーワイパーグリルボンネットローダウンDIXCEL（ディクセル）日産 デイズルークス ブレーキパッド EXTRAcruise(ECタイプ) フロント用 B21A デイズ ルークス (14/02～14/10) NA・FFEC341304,【！！DIXCEL送料無料！！】EC341304。DIXCEL（ディクセル）日産 デイズルークス ブレーキパッド EXTRAcruise(ECタイプ) フロント用 B21A デイズ ルークス (14/02～14/10) NA・FFEC341304[rn]
5-42840,http://tshop.r10s.jp/parts/cabinet/detail-aa04/aa04-ec.jpg?fitin=700:700,4303.2000,,車用品・バイク用品 > カー用品 > ブレーキ > ブレーキパッド > 国産車用,DIXCEL（ディクセル）スズキ ワゴンR ブレーキパッド EXTRAcruise（ECタイプ） フロント用　MH23S ワゴンR  (08/09～)EC371082,【！！DIXCEL送料無料！！】EC371082,"ストリート、ハイウェイでのクルージングで発揮するワンランク上の制動力と快適性。効きUP！ダスト低減！しかもエコノミーで車検交換に最適。ノンアスベスト、ノンスチールで環境にも配慮したスタンダードブレーキパッド。<br>純正を凌駕する耐摩耗性（寿命）でダストや鳴きも少なく常に快適。ローターに負担を掛けず非常に経済的です。 スコーチ（パッド表面焼付）により初期なじみも抜群。<br>※左右セット<br><br>対応車種：MH23S ワゴンR  (08/09～)<br><br>ブレーキ | ブレーキパッド<br>スズキ | ワゴンR | MH23S<tr><td colspan=""2"">
<center><img src=""https://image.rakuten.co.jp/parts/cabinet/design/2017summertire2.jpg"" border=""0"" width=""800px""><br>
</td></tr></center>


<!--

<center>
<img src=""http://image.rakuten.co.jp/parts/cabinet/sale/201612ss_45_pc2.gif"" border=""0"" width=""800px"">
</center><br><br>
<center>
<img src=""http://image.rakuten.co.jp/parts/cabinet/sale/conbini201612pc.jpg"" border=""0"" width=""800px""
><br>

-->



<!--

<style type=""text/css"">
body{

background-image: url(""http://image.rakuten.co.jp/parts/cabinet/sale/36_shop_100x600.gif"");

background-repeat:repeat-y;
background-attachment:scroll;
background-position: right;

}
</style>-->",DIXCEL（ディクセル）スズキ ワゴンR ブレーキパッド EXTRAcruise（ECタイプ） フロント用　MH23S ワゴンR  (08/09～)EC371082：ＰＡＲＴＳ,ヘッドライトテールライトコーナーライトサイドマーカーカーボンアンテナドアミラーエアロメーターパネルリップスポイラーウイングホイールカバーペダル車高調ブレーキドライブレコーダーワイパーグリルボンネットローダウンDIXCEL（ディクセル）スズキ ワゴンR ブレーキパッド EXTRAcruise（ECタイプ） フロント用　MH23S ワゴンR  (08/09～)EC371082,【！！DIXCEL送料無料！！】EC371082。DIXCEL（ディクセル）スズキ ワゴンR ブレーキパッド EXTRAcruise（ECタイプ） フロント用　MH23S ワゴンR  (08/09～)EC371082[rn]
5-42841,http://tshop.r10s.jp/parts/cabinet/detail-aa04/aa04-ec.jpg?fitin=700:700,4303.2000,,車用品・バイク用品 > カー用品 > ブレーキ > ブレーキパッド > 国産車用,DIXCEL（ディクセル）トヨタ アルファード ブレーキパッド EXTRAcruise（ECタイプ） リア用　ANH20W/25WGGH20W/25W ヴェルファイア  (08/05～)EC315478,【！！DIXCEL送料無料！！】EC315478,"ストリート、ハイウェイでのクルージングで発揮するワンランク上の制動力と快適性。効きUP！ダスト低減！しかもエコノミーで車検交換に最適。ノンアスベスト、ノンスチールで環境にも配慮したスタンダードブレーキパッド。<br>純正を凌駕する耐摩耗性（寿命）でダストや鳴きも少なく常に快適。ローターに負担を掛けず非常に経済的です。 スコーチ（パッド表面焼付）により初期なじみも抜群。<br>※左右セット<br><br>対応車種：ANH20W/25WGGH20W/25W ヴェルファイア  (08/05～)<br><br>ブレーキ | ブレーキパッド<br>トヨタ | アルファード | ANH/GGH20系<tr><td colspan=""2"">
<center><img src=""https://image.rakuten.co.jp/parts/cabinet/design/2017summertire2.jpg"" border=""0"" width=""800px""><br>
</td></tr></center>


<!--

<center>
<img src=""http://image.rakuten.co.jp/parts/cabinet/sale/201612ss_45_pc2.gif"" border=""0"" width=""800px"">
</center><br><br>
<center>
<img src=""http://image.rakuten.co.jp/parts/cabinet/sale/conbini201612pc.jpg"" border=""0"" width=""800px""
><br>

-->



<!--

<style type=""text/css"">
body{

background-image: url(""http://image.rakuten.co.jp/parts/cabinet/sale/36_shop_100x600.gif"");

background-repeat:repeat-y;
background-attachment:scroll;
background-position: right;

}
</style>-->",DIXCEL（ディクセル）トヨタ アルファード ブレーキパッド EXTRAcruise（ECタイプ） リア用　ANH20W/25WGGH20W/25W ヴェルファイア  (08/05～)EC315478：ＰＡＲＴＳ,ヘッドライトテールライトコーナーライトサイドマーカーカーボンアンテナドアミラーエアロメーターパネルリップスポイラーウイングホイールカバーペダル車高調ブレーキドライブレコーダーワイパーグリルボンネットローダウンDIXCEL（ディクセル）トヨタ アルファード ブレーキパッド EXTRAcruise（ECタイプ） リア用　ANH20W/25WGGH20W/25W ヴェルファイア  (08/05～)EC315478,【！！DIXCEL送料無料！！】EC315478。DIXCEL（ディクセル）トヨタ アルファード ブレーキパッド EXTRAcruise（ECタイプ） リア用　ANH20W/25WGGH20W/25W ヴェルファイア  (08/05～)EC315478[rn]
5-42842,http://tshop.r10s.jp/parts/cabinet/detail-aa04/aa04-es.jpg?fitin=700:700,5737.6000,,車用品・バイク用品 > カー用品 > ブレーキ > ブレーキパッド > 国産車用,DIXCEL（ディクセル）マツダ デミオ ブレーキパッド EXTRAspeed(ESタイプ) フロント用 14/09～ デミオ DJ3AS/DJ3FS/DJ5AS/DJ5FS/DJLFSES351299,【！！DIXCEL送料無料！！】ES351299,"ハイウェイ、ワインディングでのスポーツドライビングで発揮するワンランク上の制動力と耐熱性。高い耐フェード性によりスポーツ走行でも熱ダレなく安定性抜群。ブレーキパッドチューニングの手始めにも最適！<br>スコーチ（パッド表面焼付）により初期なじみも抜群。ノンアスベスト、ノンスチールで環境にも配慮されたスポーツパットの新定番。コントロール性が高く、ドリフトにもベストマッチ！<br>※左右セット<br><br>対応車種：14/09～ デミオ DJ3AS/DJ3FS/DJ5AS/DJ5FS/DJLFS <br><br>ブレーキ | ブレーキパッド<br>マツダ | デミオ | DJ3/DJ5<tr><td colspan=""2"">
<center><img src=""https://image.rakuten.co.jp/parts/cabinet/design/2017summertire2.jpg"" border=""0"" width=""800px""><br>
</td></tr></center>


<!--

<center>
<img src=""http://image.rakuten.co.jp/parts/cabinet/sale/201612ss_45_pc2.gif"" border=""0"" width=""800px"">
</center><br><br>
<center>
<img src=""http://image.rakuten.co.jp/parts/cabinet/sale/conbini201612pc.jpg"" border=""0"" width=""800px""
><br>

-->



<!--

<style type=""text/css"">
body{

background-image: url(""http://image.rakuten.co.jp/parts/cabinet/sale/36_shop_100x600.gif"");

background-repeat:repeat-y;
background-attachment:scroll;
background-position: right;

}
</style>-->",DIXCEL（ディクセル）マツダ デミオ ブレーキパッド EXTRAspeed(ESタイプ) フロント用 14/09～ デミオ DJ3AS/DJ3FS/DJ5AS/DJ5FS/DJLFSES351299：ＰＡＲＴＳ,ヘッドライトテールライトコーナーライトサイドマーカーカーボンアンテナドアミラーエアロメーターパネルリップスポイラーウイングホイールカバーペダル車高調ブレーキドライブレコーダーワイパーグリルボンネットローダウンDIXCEL（ディクセル）マツダ デミオ ブレーキパッド EXTRAspeed(ESタイプ) フロント用 14/09～ デミオ DJ3AS/DJ3FS/DJ5AS/DJ5FS/DJLFSES351299,【！！DIXCEL送料無料！！】ES351299。DIXCEL（ディクセル）マツダ デミオ ブレーキパッド EXTRAspeed(ESタイプ) フロント用 14/09～ デミオ DJ3AS/DJ3FS/DJ5AS/DJ5FS/DJLFSES351299[rn]
5-42843,http://tshop.r10s.jp/parts/cabinet/detail-aa04/iblpjzf.jpg?fitin=700:700,14342.4000,,車用品・バイク用品 > カー用品 > ブレーキ > ブレーキパッド > 国産車用,DIXCEL（ディクセル）日産 フェアレディZ ブレーキパッド Zタイプ リア用　Z34 フェアレディZ バージョンS/ST (08/12～)Z325469,【！！DIXCEL送料無料！！】Z325469,"サーキット走行会をターゲットに開発された新素材グラファイトメタリックがもたらす異次元の高温安定性と耐摩耗性能！サーキット専用材と違い、一般市街地での常温域でも強烈な初期制動を発揮！<br>今までのサーキット系パッドをはるかに越える高温域での耐フェード性と安定したコントロール性。Ｓタイヤ・ハイグリップラジアルにベストマッチ！<br>材質：グラファイトメタリック　適正温度：0～850℃　　<br><br>対応車種：Z34 フェアレディZ バージョンS/ST (08/12～)<br><br>ブレーキ | ブレーキパッド<br>日産 | フェアレディZ | Z34系<tr><td colspan=""2"">
<center><img src=""https://image.rakuten.co.jp/parts/cabinet/design/2017summertire2.jpg"" border=""0"" width=""800px""><br>
</td></tr></center>


<!--

<center>
<img src=""http://image.rakuten.co.jp/parts/cabinet/sale/201612ss_45_pc2.gif"" border=""0"" width=""800px"">
</center><br><br>
<center>
<img src=""http://image.rakuten.co.jp/parts/cabinet/sale/conbini201612pc.jpg"" border=""0"" width=""800px""
><br>

-->



<!--

<style type=""text/css"">
body{

background-image: url(""http://image.rakuten.co.jp/parts/cabinet/sale/36_shop_100x600.gif"");

background-repeat:repeat-y;
background-attachment:scroll;
background-position: right;

}
</style>-->",DIXCEL（ディクセル）日産 フェアレディZ ブレーキパッド Zタイプ リア用　Z34 フェアレディZ バージョンS/ST (08/12～)Z325469：ＰＡＲＴＳ,ヘッドライトテールライトコーナーライトサイドマーカーカーボンアンテナドアミラーエアロメーターパネルリップスポイラーウイングホイールカバーペダル車高調ブレーキドライブレコーダーワイパーグリルボンネットローダウンDIXCEL（ディクセル）日産 フェアレディZ ブレーキパッド Zタイプ リア用　Z34 フェアレディZ バージョンS/ST (08/12～)Z325469,【！！DIXCEL送料無料！！】Z325469。DIXCEL（ディクセル）日産 フェアレディZ ブレーキパッド Zタイプ リア用　Z34 フェアレディZ バージョンS/ST (08/12～)Z325469[rn]
5-42844,http://tshop.r10s.jp/parts/cabinet/detail-aa04/aa04-ec.jpg?fitin=700:700,4303.2000,,車用品・バイク用品 > カー用品 > ブレーキ > ブレーキパッド > 国産車用,DIXCEL（ディクセル）日産 フェアレディＺ ブレーキパッド EXTRAcruise（ECタイプ） リア用  Z33/HZ33 フェアレディＺ (18インチホイール/BREMBO  02/08～)EC325499,【！！DIXCEL送料無料！！】EC325499,"ストリート、ハイウェイでのクルージングで発揮するワンランク上の制動力と快適性。効きUP！ダスト低減！しかもエコノミーで車検交換に最適。ノンアスベスト、ノンスチールで環境にも配慮したスタンダードブレーキパッド。<br>純正を凌駕する耐摩耗性（寿命）でダストや鳴きも少なく常に快適。ローターに負担を掛けず非常に経済的です。 スコーチ（パッド表面焼付）により初期なじみも抜群。<br>※左右セット<br><br>対応車種：Z33/HZ33 フェアレディＺ (18インチホイール/BREMBO  02/08～　3500cc) <br><br>ブレーキ | ブレーキパッド<br>日産 | フェアレディＺ | Z33系<tr><td colspan=""2"">
<center><img src=""https://image.rakuten.co.jp/parts/cabinet/design/2017summertire2.jpg"" border=""0"" width=""800px""><br>
</td></tr></center>


<!--

<center>
<img src=""http://image.rakuten.co.jp/parts/cabinet/sale/201612ss_45_pc2.gif"" border=""0"" width=""800px"">
</center><br><br>
<center>
<img src=""http://image.rakuten.co.jp/parts/cabinet/sale/conbini201612pc.jpg"" border=""0"" width=""800px""
><br>

-->



<!--

<style type=""text/css"">
body{

background-image: url(""http://image.rakuten.co.jp/parts/cabinet/sale/36_shop_100x600.gif"");

background-repeat:repeat-y;
background-attachment:scroll;
background-position: right;

}
</style>-->",DIXCEL（ディクセル）日産 フェアレディＺ ブレーキパッド EXTRAcruise（ECタイプ） リア用  Z33/HZ33 フェアレディＺ (18インチホイール/BREMBO  02/08～)EC325499：ＰＡＲＴＳ,ヘッドライトテールライトコーナーライトサイドマーカーカーボンアンテナドアミラーエアロメーターパネルリップスポイラーウイングホイールカバーペダル車高調ブレーキドライブレコーダーワイパーグリルボンネットローダウンDIXCEL（ディクセル）日産 フェアレディＺ ブレーキパッド EXTRAcruise（ECタイプ） リア用  Z33/HZ33 フェアレディＺ (18インチホイール/BREMBO  02/08～)EC325499,【！！DIXCEL送料無料！！】EC325499。DIXCEL（ディクセル）日産 フェアレディＺ ブレーキパッド EXTRAcruise（ECタイプ） リア用  Z33/HZ33 フェアレディＺ (18インチホイール/BREMBO  02/08～)EC325499[rn]
5-42845,http://tshop.r10s.jp/parts/cabinet/detail-aa04/aa04-ec.jpg?fitin=700:700,4303.2000,,車用品・バイク用品 > カー用品 > ブレーキ > ブレーキパッド > 国産車用,DIXCEL（ディクセル）ダイハツ ミラココア ブレーキパッド EXTRAcruise（ECタイプ） フロント用 L675S ミラ ココア ソリッドディスク車 (09/07～14/08)EC341200,【！！DIXCEL送料無料！！】EC341200,"ストリート、ハイウェイでのクルージングで発揮するワンランク上の制動力と快適性。効きUP！ダスト低減！しかもエコノミーで車検交換に最適。ノンアスベスト、ノンスチールで環境にも配慮したスタンダードブレーキパッド。<br>純正を凌駕する耐摩耗性（寿命）でダストや鳴きも少なく常に快適。ローターに負担を掛けず非常に経済的です。 スコーチ（パッド表面焼付）により初期なじみも抜群。<br>※左右セット<br><br>対応車種： L675S ミラ ココア ソリッドディスク車 (09/07～14/08)<br><br>ブレーキ | ブレーキパッド<br>ダイハツ | ミラココア | L675/685S<tr><td colspan=""2"">
<center><img src=""https://image.rakuten.co.jp/parts/cabinet/design/2017summertire2.jpg"" border=""0"" width=""800px""><br>
</td></tr></center>


<!--

<center>
<img src=""http://image.rakuten.co.jp/parts/cabinet/sale/201612ss_45_pc2.gif"" border=""0"" width=""800px"">
</center><br><br>
<center>
<img src=""http://image.rakuten.co.jp/parts/cabinet/sale/conbini201612pc.jpg"" border=""0"" width=""800px""
><br>

-->



<!--

<style type=""text/css"">
body{

background-image: url(""http://image.rakuten.co.jp/parts/cabinet/sale/36_shop_100x600.gif"");

background-repeat:repeat-y;
background-attachment:scroll;
background-position: right;

}
</style>-->",DIXCEL（ディクセル）ダイハツ ミラココア ブレーキパッド EXTRAcruise（ECタイプ） フロント用 L675S ミラ ココア ソリッドディスク車 (09/07～14/08)EC341200：ＰＡＲＴＳ,ヘッドライトテールライトコーナーライトサイドマーカーカーボンアンテナドアミラーエアロメーターパネルリップスポイラーウイングホイールカバーペダル車高調ブレーキドライブレコーダーワイパーグリルボンネットローダウンDIXCEL（ディクセル）ダイハツ ミラココア ブレーキパッド EXTRAcruise（ECタイプ） フロント用 L675S ミラ ココア ソリッドディスク車 (09/07～14/08)EC341200,【！！DIXCEL送料無料！！】EC341200。DIXCEL（ディクセル）ダイハツ ミラココア ブレーキパッド EXTRAcruise（ECタイプ） フロント用 L675S ミラ ココア ソリッドディスク車 (09/07～14/08)EC341200[rn]
5-42846,http://tshop.r10s.jp/parts/cabinet/detail-aa04/aa04-ec.jpg?fitin=700:700,4303.2000,,車用品・バイク用品 > カー用品 > ブレーキ > ブレーキパッド > 国産車用,DIXCEL（ディクセル）マツダ RX-8 ブレーキパッド EXTRAcruise（ECタイプ） リア用  SE3P ＲＸ-8 (03/04～)EC355257,【！！DIXCEL送料無料！！】EC355257,"ストリート、ハイウェイでのクルージングで発揮するワンランク上の制動力と快適性。効きUP！ダスト低減！しかもエコノミーで車検交換に最適。ノンアスベスト、ノンスチールで環境にも配慮したスタンダードブレーキパッド。<br>純正を凌駕する耐摩耗性（寿命）でダストや鳴きも少なく常に快適。ローターに負担を掛けず非常に経済的です。 スコーチ（パッド表面焼付）により初期なじみも抜群。<br>※左右セット<br><br>対応車種：SE3P ＲＸ-8 (03/04～　654X2cc)<br><br>ブレーキ | ブレーキパッド<br>マツダ | RX-8 | SE3P<tr><td colspan=""2"">
<center><img src=""https://image.rakuten.co.jp/parts/cabinet/design/2017summertire2.jpg"" border=""0"" width=""800px""><br>
</td></tr></center>


<!--

<center>
<img src=""http://image.rakuten.co.jp/parts/cabinet/sale/201612ss_45_pc2.gif"" border=""0"" width=""800px"">
</center><br><br>
<center>
<img src=""http://image.rakuten.co.jp/parts/cabinet/sale/conbini201612pc.jpg"" border=""0"" width=""800px""
><br>

-->



<!--

<style type=""text/css"">
body{

background-image: url(""http://image.rakuten.co.jp/parts/cabinet/sale/36_shop_100x600.gif"");

background-repeat:repeat-y;
background-attachment:scroll;
background-position: right;

}
</style>-->",DIXCEL（ディクセル）マツダ RX-8 ブレーキパッド EXTRAcruise（ECタイプ） リア用  SE3P ＲＸ-8 (03/04～)EC355257：ＰＡＲＴＳ,ヘッドライトテールライトコーナーライトサイドマーカーカーボンアンテナドアミラーエアロメーターパネルリップスポイラーウイングホイールカバーペダル車高調ブレーキドライブレコーダーワイパーグリルボンネットローダウンDIXCEL（ディクセル）マツダ RX-8 ブレーキパッド EXTRAcruise（ECタイプ） リア用  SE3P ＲＸ-8 (03/04～)EC355257,【！！DIXCEL送料無料！！】EC355257。DIXCEL（ディクセル）マツダ RX-8 ブレーキパッド EXTRAcruise（ECタイプ） リア用  SE3P ＲＸ-8 (03/04～)EC355257[rn]
5-42847,http://tshop.r10s.jp/parts/cabinet/detail-aa04/aa04-es.jpg?fitin=700:700,5737.6000,,車用品・バイク用品 > カー用品 > ブレーキ > ブレーキパッド > 国産車用,DIXCEL（ディクセル）スバル インプレッサ ブレーキパッド EXTRAspeed(ESタイプ) フロント用  GDB インプレッサWRXSTi (17インチ/BREMBO車  00/08～07/11)ES361077,【！！DIXCEL送料無料！！】ES361077,"ハイウェイ、ワインディングでのスポーツドライビングで発揮するワンランク上の制動力と耐熱性。高い耐フェード性によりスポーツ走行でも熱ダレなく安定性抜群。ブレーキパッドチューニングの手始めにも最適！<br>スコーチ（パッド表面焼付）により初期なじみも抜群。ノンアスベスト、ノンスチールで環境にも配慮されたスポーツパットの新定番。コントロール性が高く、ドリフトにもベストマッチ！<br>※左右セット<br><br>対応車種：GDB インプレッサWRXSTi (17インチ/BREMBO車  00/08～07/11　2000cc)<br><br>ブレーキ | ブレーキパッド<br>スバル | インプレッサ | GD/GG系<tr><td colspan=""2"">
<center><img src=""https://image.rakuten.co.jp/parts/cabinet/design/2017summertire2.jpg"" border=""0"" width=""800px""><br>
</td></tr></center>


<!--

<center>
<img src=""http://image.rakuten.co.jp/parts/cabinet/sale/201612ss_45_pc2.gif"" border=""0"" width=""800px"">
</center><br><br>
<center>
<img src=""http://image.rakuten.co.jp/parts/cabinet/sale/conbini201612pc.jpg"" border=""0"" width=""800px""
><br>

-->



<!--

<style type=""text/css"">
body{

background-image: url(""http://image.rakuten.co.jp/parts/cabinet/sale/36_shop_100x600.gif"");

background-repeat:repeat-y;
background-attachment:scroll;
background-position: right;

}
</style>-->",DIXCEL（ディクセル）スバル インプレッサ ブレーキパッド EXTRAspeed(ESタイプ) フロント用  GDB インプレッサWRXSTi (17インチ/BREMBO車  00/08～07/11)ES361077：ＰＡＲＴＳ,ヘッドライトテールライトコーナーライトサイドマーカーカーボンアンテナドアミラーエアロメーターパネルリップスポイラーウイングホイールカバーペダル車高調ブレーキドライブレコーダーワイパーグリルボンネットローダウンDIXCEL（ディクセル）スバル インプレッサ ブレーキパッド EXTRAspeed(ESタイプ) フロント用  GDB インプレッサWRXSTi (17インチ/BREMBO車  00/08～07/11)ES361077,【！！DIXCEL送料無料！！】ES361077。DIXCEL（ディクセル）スバル インプレッサ ブレーキパッド EXTRAspeed(ESタイプ) フロント用  GDB インプレッサWRXSTi (17インチ/BREMBO車  00/08～07/11)ES361077[rn]
5-42848,http://tshop.r10s.jp/parts/cabinet/detail-aa04/aa04-es.jpg?fitin=700:700,4303.2000,,車用品・バイク用品 > カー用品 > ブレーキ > ブレーキパッド > 国産車用,DIXCEL（ディクセル）スバル インプレッサ ブレーキパッド EXTRAspeed(ESタイプ) リア用  GDB インプレッサWRXSTi (17インチ/BREMBO車  00/08～07/11)ES325499,【！！DIXCEL送料無料！！】ES325499,"ハイウェイ、ワインディングでのスポーツドライビングで発揮するワンランク上の制動力と耐熱性。高い耐フェード性によりスポーツ走行でも熱ダレなく安定性抜群。ブレーキパッドチューニングの手始めにも最適！<br>スコーチ（パッド表面焼付）により初期なじみも抜群。ノンアスベスト、ノンスチールで環境にも配慮されたスポーツパットの新定番。コントロール性が高く、ドリフトにもベストマッチ！<br>※左右セット<br><br>対応車種：GDB インプレッサWRXSTi (17インチ/BREMBO車  00/08～07/11　2000cc) <br><br>ブレーキ | ブレーキパッド<br>スバル | インプレッサ | GD/GG系<tr><td colspan=""2"">
<center><img src=""https://image.rakuten.co.jp/parts/cabinet/design/2017summertire2.jpg"" border=""0"" width=""800px""><br>
</td></tr></center>


<!--

<center>
<img src=""http://image.rakuten.co.jp/parts/cabinet/sale/201612ss_45_pc2.gif"" border=""0"" width=""800px"">
</center><br><br>
<center>
<img src=""http://image.rakuten.co.jp/parts/cabinet/sale/conbini201612pc.jpg"" border=""0"" width=""800px""
><br>

-->



<!--

<style type=""text/css"">
body{

background-image: url(""http://image.rakuten.co.jp/parts/cabinet/sale/36_shop_100x600.gif"");

background-repeat:repeat-y;
background-attachment:scroll;
background-position: right;

}
</style>-->",DIXCEL（ディクセル）スバル インプレッサ ブレーキパッド EXTRAspeed(ESタイプ) リア用  GDB インプレッサWRXSTi (17インチ/BREMBO車  00/08～07/11)ES325499：ＰＡＲＴＳ,ヘッドライトテールライトコーナーライトサイドマーカーカーボンアンテナドアミラーエアロメーターパネルリップスポイラーウイングホイールカバーペダル車高調ブレーキドライブレコーダーワイパーグリルボンネットローダウンDIXCEL（ディクセル）スバル インプレッサ ブレーキパッド EXTRAspeed(ESタイプ) リア用  GDB インプレッサWRXSTi (17インチ/BREMBO車  00/08～07/11)ES325499,【！！DIXCEL送料無料！！】ES325499。DIXCEL（ディクセル）スバル インプレッサ ブレーキパッド EXTRAspeed(ESタイプ) リア用  GDB インプレッサWRXSTi (17インチ/BREMBO車  00/08～07/11)ES325499[rn]
5-42849,http://tshop.r10s.jp/parts/cabinet/detail-aa71/aa71-100.jpg?fitin=700:700,4712.8000,,車用品・バイク用品 > カー用品 > ブレーキ > ブレーキパッド > 国産車用,ブレーキ パッド 【送料無料】ACRE(アクレ)ブレーキ パッド スーパーファイター フロント用 95.1～00.8 SN15 パルサー/パルサーセリエ（S-ＲＶ含む）,全国送料無料！（沖縄・離島は除く）　,"初期制動力を重視し、優れたコントロール性を実現するばかりでなく、驚異の低価格を実現し、全てを高次元でバランスさせた超ド級スーパーストリートモデルです。エントリーユーザーから上級ユーザーまで幅広いユーザーに満足して頂けます。 <br>●左右セット ●摩擦係数：0.35～0.45 ●ローター適正温度域：常温～450℃ ●排気量：2000<br>※ご注文の際は必ず車検証記載事項をご確認下さい。車台番号・型式指定番号は車検証に記載されています。 <br>対応車種：95.1～00.8 SN15 パルサー/パルサーセリエ（S-ＲＶ含む） <br>　車検対応品<br>ブレーキ/ブレーキパッド<tr><td colspan=""2"">
<center><img src=""https://image.rakuten.co.jp/parts/cabinet/design/2017summertire2.jpg"" border=""0"" width=""800px""><br>
</td></tr></center>


<!--

<center>
<img src=""http://image.rakuten.co.jp/parts/cabinet/sale/201612ss_45_pc2.gif"" border=""0"" width=""800px"">
</center><br><br>
<center>
<img src=""http://image.rakuten.co.jp/parts/cabinet/sale/conbini201612pc.jpg"" border=""0"" width=""800px""
><br>

-->



<!--

<style type=""text/css"">
body{

background-image: url(""http://image.rakuten.co.jp/parts/cabinet/sale/36_shop_100x600.gif"");

background-repeat:repeat-y;
background-attachment:scroll;
background-position: right;

}
</style>-->",ブレーキ パッド 【送料無料】ACRE(アクレ)ブレーキ パッド スーパーファイター フロント用 95.1～00.8 SN15 パルサー/パルサーセリエ（S-ＲＶ含む）：ＰＡＲＴＳ,ヘッドライトテールライトコーナーライトサイドマーカーカーボンアンテナドアミラーエアロメーターパネルリップスポイラーウイングホイールカバーペダル車高調ブレーキドライブレコーダーワイパーグリルボンネットローダウンブレーキ パッド 【送料無料】ACRE(アクレ)ブレーキ パッド スーパーファイター フロント用 95.1～00.8 SN15 パルサー/パルサーセリエ（S-ＲＶ含む）,全国送料無料！（沖縄・離島は除く）　。ブレーキ パッド 【送料無料】ACRE(アクレ)ブレーキ パッド スーパーファイター フロント用 95.1～00.8 SN15 パルサー/パルサーセリエ（S-ＲＶ含む）[rn]
5-42850,http://tshop.r10s.jp/parts/cabinet/detail-aa71/aa71-100.jpg?fitin=700:700,4712.8000,,車用品・バイク用品 > カー用品 > ブレーキ > ブレーキパッド > 国産車用,ブレーキ パッド 【送料無料】ACRE(アクレ)ブレーキ パッド スーパーファイター リア用 93.1～97.6 HC34 ローレル,全国送料無料！（沖縄・離島は除く）　,"初期制動力を重視し、優れたコントロール性を実現するばかりでなく、驚異の低価格を実現し、全てを高次元でバランスさせた超ド級スーパーストリートモデルです。エントリーユーザーから上級ユーザーまで幅広いユーザーに満足して頂けます。 <br>●左右セット ●摩擦係数：0.35～0.45 ●ローター適正温度域：常温～450℃ ●排気量：2000<br>※ご注文の際は必ず車検証記載事項をご確認下さい。車台番号・型式指定番号は車検証に記載されています。 <br>対応車種：93.1～97.6 HC34 ローレル <br>　車検対応品<br>ブレーキ/ブレーキパッド<tr><td colspan=""2"">
<center><img src=""https://image.rakuten.co.jp/parts/cabinet/design/2017summertire2.jpg"" border=""0"" width=""800px""><br>
</td></tr></center>


<!--

<center>
<img src=""http://image.rakuten.co.jp/parts/cabinet/sale/201612ss_45_pc2.gif"" border=""0"" width=""800px"">
</center><br><br>
<center>
<img src=""http://image.rakuten.co.jp/parts/cabinet/sale/conbini201612pc.jpg"" border=""0"" width=""800px""
><br>

-->



<!--

<style type=""text/css"">
body{

background-image: url(""http://image.rakuten.co.jp/parts/cabinet/sale/36_shop_100x600.gif"");

background-repeat:repeat-y;
background-attachment:scroll;
background-position: right;

}
</style>-->",ブレーキ パッド 【送料無料】ACRE(アクレ)ブレーキ パッド スーパーファイター リア用 93.1～97.6 HC34 ローレル：ＰＡＲＴＳ,ヘッドライトテールライトコーナーライトサイドマーカーカーボンアンテナドアミラーエアロメーターパネルリップスポイラーウイングホイールカバーペダル車高調ブレーキドライブレコーダーワイパーグリルボンネットローダウンブレーキ パッド 【送料無料】ACRE(アクレ)ブレーキ パッド スーパーファイター リア用 93.1～97.6 HC34 ローレル,全国送料無料！（沖縄・離島は除く）　。ブレーキ パッド 【送料無料】ACRE(アクレ)ブレーキ パッド スーパーファイター リア用 93.1～97.6 HC34 ローレル[rn]
5-42851,http://tshop.r10s.jp/parts/cabinet/detail-aa71/aa71-f8.jpg?fitin=700:700,11231.2000,,車用品・バイク用品 > カー用品 > ブレーキ > ブレーキパッド > 国産車用,ブレーキ パッド 【送料無料】ACRE(アクレ)ブレーキ パッド フォーミュラ800C リア用 01.1～02.8 PW11/PNW11 アベニールサリュー NA 4WD,全国送料無料！（沖縄・離島は除く）　,"多くのファンを掴むフォーミュラ・タイタンの性能を継承し、ワイドレンジでの高い制動力を発揮！素材から出るカーボン皮膜はローターへの攻撃性を抑制し、走行後に一旦冷えても効きが回復するリカバリー性を実現！重量の重い車でもストレスなくバツグンのストッピングパワーを発揮し、軽量車ではN1レーシングカーでの使用までも可能にする圧倒的なコントロール性の高さと驚異的な制動力を高次元でバランスさせたブレーキパッドです。 <br>●材質:カーボングラファイトメタリック ●左右セット ●摩擦係数：0.38～0.65 ●ローター適正温度域：常温～800℃ ●NA車 ●排気量：2000 ●MADE IN JAPAN<br>※ご注文の際は必ず車検証記載事項をご確認下さい。車台番号・型式指定番号は車検証に記載されています。 <br>対応車種： 01.1～02.8 PW11/PNW11 アベニールサリュー NA 4WD <br>　車検対応品<br>ブレーキ/ブレーキパッド<tr><td colspan=""2"">
<center><img src=""https://image.rakuten.co.jp/parts/cabinet/design/2017summertire2.jpg"" border=""0"" width=""800px""><br>
</td></tr></center>


<!--

<center>
<img src=""http://image.rakuten.co.jp/parts/cabinet/sale/201612ss_45_pc2.gif"" border=""0"" width=""800px"">
</center><br><br>
<center>
<img src=""http://image.rakuten.co.jp/parts/cabinet/sale/conbini201612pc.jpg"" border=""0"" width=""800px""
><br>

-->



<!--

<style type=""text/css"">
body{

background-image: url(""http://image.rakuten.co.jp/parts/cabinet/sale/36_shop_100x600.gif"");

background-repeat:repeat-y;
background-attachment:scroll;
background-position: right;

}
</style>-->",ブレーキ パッド 【送料無料】ACRE(アクレ)ブレーキ パッド フォーミュラ800C リア用 01.1～02.8 PW11/PNW11 アベニールサリュー NA 4WD：ＰＡＲＴＳ,ヘッドライトテールライトコーナーライトサイドマーカーカーボンアンテナドアミラーエアロメーターパネルリップスポイラーウイングホイールカバーペダル車高調ブレーキドライブレコーダーワイパーグリルボンネットローダウンブレーキ パッド 【送料無料】ACRE(アクレ)ブレーキ パッド フォーミュラ800C リア用 01.1～02.8 PW11/PNW11 アベニールサリュー NA 4WD,全国送料無料！（沖縄・離島は除く）　。ブレーキ パッド 【送料無料】ACRE(アクレ)ブレーキ パッド フォーミュラ800C リア用 01.1～02.8 PW11/PNW11 アベニールサリュー NA 4WD[rn]
5-42852,http://tshop.r10s.jp/parts/cabinet/detail-aa71/aa71-f8.jpg?fitin=700:700,11231.2000,,車用品・バイク用品 > カー用品 > ブレーキ > ブレーキパッド > 国産車用,ブレーキ パッド 【送料無料】ACRE(アクレ)ブレーキ パッド フォーミュラ800C フロント用 98.6～ Y31/TY31/CY31/KY31/YY31 セドリック/グロリア,全国送料無料！（沖縄・離島は除く）　,"多くのファンを掴むフォーミュラ・タイタンの性能を継承し、ワイドレンジでの高い制動力を発揮！素材から出るカーボン皮膜はローターへの攻撃性を抑制し、走行後に一旦冷えても効きが回復するリカバリー性を実現！重量の重い車でもストレスなくバツグンのストッピングパワーを発揮し、軽量車ではN1レーシングカーでの使用までも可能にする圧倒的なコントロール性の高さと驚異的な制動力を高次元でバランスさせたブレーキパッドです。 <br>●材質:カーボングラファイトメタリック ●左右セット ●摩擦係数：0.38～0.65 ●ローター適正温度域：常温～800℃ ●ABS無車 ●排気量：2000 ●MADE IN JAPAN<br>※ご注文の際は必ず車検証記載事項をご確認下さい。車台番号・型式指定番号は車検証に記載されています。 <br>対応車種：98.6～ Y31/TY31/CY31/KY31/YY31 セドリック/グロリア <br>　車検対応品<br>ブレーキ/ブレーキパッド<tr><td colspan=""2"">
<center><img src=""https://image.rakuten.co.jp/parts/cabinet/design/2017summertire2.jpg"" border=""0"" width=""800px""><br>
</td></tr></center>


<!--

<center>
<img src=""http://image.rakuten.co.jp/parts/cabinet/sale/201612ss_45_pc2.gif"" border=""0"" width=""800px"">
</center><br><br>
<center>
<img src=""http://image.rakuten.co.jp/parts/cabinet/sale/conbini201612pc.jpg"" border=""0"" width=""800px""
><br>

-->



<!--

<style type=""text/css"">
body{

background-image: url(""http://image.rakuten.co.jp/parts/cabinet/sale/36_shop_100x600.gif"");

background-repeat:repeat-y;
background-attachment:scroll;
background-position: right;

}
</style>-->",ブレーキ パッド 【送料無料】ACRE(アクレ)ブレーキ パッド フォーミュラ800C フロント用 98.6～ Y31/TY31/CY31/KY31/YY31 セドリック/グロリア：ＰＡＲＴＳ,ヘッドライトテールライトコーナーライトサイドマーカーカーボンアンテナドアミラーエアロメーターパネルリップスポイラーウイングホイールカバーペダル車高調ブレーキドライブレコーダーワイパーグリルボンネットローダウンブレーキ パッド 【送料無料】ACRE(アクレ)ブレーキ パッド フォーミュラ800C フロント用 98.6～ Y31/TY31/CY31/KY31/YY31 セドリック/グロリア,全国送料無料！（沖縄・離島は除く）　。ブレーキ パッド 【送料無料】ACRE(アクレ)ブレーキ パッド フォーミュラ800C フロント用 98.6～ Y31/TY31/CY31/KY31/YY31 セドリック/グロリア[rn]
5-42853,http://tshop.r10s.jp/parts/cabinet/detail-aa71/aa71-100.jpg?fitin=700:700,4712.8000,,車用品・バイク用品 > カー用品 > ブレーキ > ブレーキパッド > 国産車用,ブレーキ パッド 【送料無料】ACRE(アクレ)ブレーキ パッド スーパーファイター フロント用 90.5～92.8 AT171 カリーナ S,全国送料無料！（沖縄・離島は除く）　,"初期制動力を重視し、優れたコントロール性を実現するばかりでなく、驚異の低価格を実現し、全てを高次元でバランスさせた超ド級スーパーストリートモデルです。エントリーユーザーから上級ユーザーまで幅広いユーザーに満足して頂けます。 <br>●左右セット ●摩擦係数：0.35～0.45 ●ローター適正温度域：常温～450℃ ●排気量：1600<br>※ご注文の際は必ず車検証記載事項をご確認下さい。車台番号・型式指定番号は車検証に記載されています。 <br>対応車種：90.5～92.8 AT171 カリーナ S <br>　車検対応品<br>ブレーキ/ブレーキパッド<tr><td colspan=""2"">
<center><img src=""https://image.rakuten.co.jp/parts/cabinet/design/2017summertire2.jpg"" border=""0"" width=""800px""><br>
</td></tr></center>


<!--

<center>
<img src=""http://image.rakuten.co.jp/parts/cabinet/sale/201612ss_45_pc2.gif"" border=""0"" width=""800px"">
</center><br><br>
<center>
<img src=""http://image.rakuten.co.jp/parts/cabinet/sale/conbini201612pc.jpg"" border=""0"" width=""800px""
><br>

-->



<!--

<style type=""text/css"">
body{

background-image: url(""http://image.rakuten.co.jp/parts/cabinet/sale/36_shop_100x600.gif"");

background-repeat:repeat-y;
background-attachment:scroll;
background-position: right;

}
</style>-->",ブレーキ パッド 【送料無料】ACRE(アクレ)ブレーキ パッド スーパーファイター フロント用 90.5～92.8 AT171 カリーナ S：ＰＡＲＴＳ,ヘッドライトテールライトコーナーライトサイドマーカーカーボンアンテナドアミラーエアロメーターパネルリップスポイラーウイングホイールカバーペダル車高調ブレーキドライブレコーダーワイパーグリルボンネットローダウンブレーキ パッド 【送料無料】ACRE(アクレ)ブレーキ パッド スーパーファイター フロント用 90.5～92.8 AT171 カリーナ S,全国送料無料！（沖縄・離島は除く）　。ブレーキ パッド 【送料無料】ACRE(アクレ)ブレーキ パッド スーパーファイター フロント用 90.5～92.8 AT171 カリーナ S[rn]
5-42854,http://tshop.r10s.jp/parts/cabinet/detail-aa04/iblpjmr.jpg?fitin=700:700,11474.4000,,車用品・バイク用品 > カー用品 > ブレーキ > ブレーキパッド > 国産車用,DIXCEL（ディクセル）日産 スカイライン ブレーキパッド Mタイプ フロント用　PV36 スカイライン TYPES/SP(4WAS付車含） (06/11～)M321465,【！！DIXCEL送料無料！！】M321465,"高い効きと扱いやすさはそのままに、究極にブレーキダストを低減させた新世代ブレーキパッド！セダンからスポーティカー、ミニバン、SUVなどあらゆる車にベストマッチ。純正品に比べダストが少ないです。<br>クイックな初期制動とワイドなコントロール性能を高次元でバランス！　　ストリート、ワインディング、ダートトライアル、ドリフトに最適！<br>材質：ノンスチールセラミックファイバー　適正温度：0～500℃　　<br><br>対応車種：PV36 スカイライン TYPES/SP(4WAS付車含） (06/11～)<br><br>ブレーキ | ブレーキパッド<br>日産 | スカイライン | V36系<tr><td colspan=""2"">
<center><img src=""https://image.rakuten.co.jp/parts/cabinet/design/2017summertire2.jpg"" border=""0"" width=""800px""><br>
</td></tr></center>


<!--

<center>
<img src=""http://image.rakuten.co.jp/parts/cabinet/sale/201612ss_45_pc2.gif"" border=""0"" width=""800px"">
</center><br><br>
<center>
<img src=""http://image.rakuten.co.jp/parts/cabinet/sale/conbini201612pc.jpg"" border=""0"" width=""800px""
><br>

-->



<!--

<style type=""text/css"">
body{

background-image: url(""http://image.rakuten.co.jp/parts/cabinet/sale/36_shop_100x600.gif"");

background-repeat:repeat-y;
background-attachment:scroll;
background-position: right;

}
</style>-->",DIXCEL（ディクセル）日産 スカイライン ブレーキパッド Mタイプ フロント用　PV36 スカイライン TYPES/SP(4WAS付車含） (06/11～)M321465：ＰＡＲＴＳ,ヘッドライトテールライトコーナーライトサイドマーカーカーボンアンテナドアミラーエアロメーターパネルリップスポイラーウイングホイールカバーペダル車高調ブレーキドライブレコーダーワイパーグリルボンネットローダウンDIXCEL（ディクセル）日産 スカイライン ブレーキパッド Mタイプ フロント用　PV36 スカイライン TYPES/SP(4WAS付車含） (06/11～)M321465,【！！DIXCEL送料無料！！】M321465。DIXCEL（ディクセル）日産 スカイライン ブレーキパッド Mタイプ フロント用　PV36 スカイライン TYPES/SP(4WAS付車含） (06/11～)M321465[rn]
5-42855,http://tshop.r10s.jp/parts/cabinet/detail-aa71/aa71-100.jpg?fitin=700:700,4712.8000,,車用品・バイク用品 > カー用品 > ブレーキ > ブレーキパッド > 国産車用,ブレーキ パッド 【送料無料】ACRE(アクレ)ブレーキ パッド スーパーファイター フロント用 99.6～05.11 WHY11/WHNY11 サニーカリフォルニア 4WD,全国送料無料！（沖縄・離島は除く）　,"初期制動力を重視し、優れたコントロール性を実現するばかりでなく、驚異の低価格を実現し、全てを高次元でバランスさせた超ド級スーパーストリートモデルです。エントリーユーザーから上級ユーザーまで幅広いユーザーに満足して頂けます。 <br>●左右セット ●摩擦係数：0.35～0.45 ●ローター適正温度域：常温～450℃ ●排気量：1500<br>※ご注文の際は必ず車検証記載事項をご確認下さい。車台番号・型式指定番号は車検証に記載されています。 <br>対応車種：99.6～05.11 WHY11/WHNY11 サニーカリフォルニア 4WD <br>　車検対応品<br>ブレーキ/ブレーキパッド<tr><td colspan=""2"">
<center><img src=""https://image.rakuten.co.jp/parts/cabinet/design/2017summertire2.jpg"" border=""0"" width=""800px""><br>
</td></tr></center>


<!--

<center>
<img src=""http://image.rakuten.co.jp/parts/cabinet/sale/201612ss_45_pc2.gif"" border=""0"" width=""800px"">
</center><br><br>
<center>
<img src=""http://image.rakuten.co.jp/parts/cabinet/sale/conbini201612pc.jpg"" border=""0"" width=""800px""
><br>

-->



<!--

<style type=""text/css"">
body{

background-image: url(""http://image.rakuten.co.jp/parts/cabinet/sale/36_shop_100x600.gif"");

background-repeat:repeat-y;
background-attachment:scroll;
background-position: right;

}
</style>-->",ブレーキ パッド 【送料無料】ACRE(アクレ)ブレーキ パッド スーパーファイター フロント用 99.6～05.11 WHY11/WHNY11 サニーカリフォルニア 4WD：ＰＡＲＴＳ,ヘッドライトテールライトコーナーライトサイドマーカーカーボンアンテナドアミラーエアロメーターパネルリップスポイラーウイングホイールカバーペダル車高調ブレーキドライブレコーダーワイパーグリルボンネットローダウンブレーキ パッド 【送料無料】ACRE(アクレ)ブレーキ パッド スーパーファイター フロント用 99.6～05.11 WHY11/WHNY11 サニーカリフォルニア 4WD,全国送料無料！（沖縄・離島は除く）　。ブレーキ パッド 【送料無料】ACRE(アクレ)ブレーキ パッド スーパーファイター フロント用 99.6～05.11 WHY11/WHNY11 サニーカリフォルニア 4WD[rn]
5-42856,http://tshop.r10s.jp/parts/cabinet/detail-aa04/iblpjr01f.jpg?fitin=700:700,16494.4000,,車用品・バイク用品 > カー用品 > ブレーキ > ブレーキパッド > 国産車用,DIXCEL（ディクセル）ホンダ エディックス ブレーキパッド R01タイプ リア用  エディックス　BE2/3/4/8  (04/07～)R335112,【！！DIXCEL送料無料！！】R335112,"焼結合金に近い新製法により高密度に摩擦材を成型。高い耐熱性と高強度を実現。ラップを重ねてもたれにくい高い熱安定性と優れた初期制動。そして“奥”でのコントロール性<br>ハイミューでありながら発熱量を抑え、キャリパーなどブレーキコンポーネントへの熱害を抑制。バックプレートにはNRSシステムを採用し摩擦材とバックプレートの剥離を防止（一部品番除く）<br>材質：HDグラファイトメタリック　適正温度：0～900℃　　注意：スリック、Sタイヤ限定<br><br>対応車種：エディックスBE2/3/4/8  (04/07～　 cc) ※リアディスクブレーキ車<br><br>ブレーキ | ブレーキパッド<br>ホンダ | エディックス | BE1/BE2/BE3/BE4/BE8<tr><td colspan=""2"">
<center><img src=""https://image.rakuten.co.jp/parts/cabinet/design/2017summertire2.jpg"" border=""0"" width=""800px""><br>
</td></tr></center>


<!--

<center>
<img src=""http://image.rakuten.co.jp/parts/cabinet/sale/201612ss_45_pc2.gif"" border=""0"" width=""800px"">
</center><br><br>
<center>
<img src=""http://image.rakuten.co.jp/parts/cabinet/sale/conbini201612pc.jpg"" border=""0"" width=""800px""
><br>

-->



<!--

<style type=""text/css"">
body{

background-image: url(""http://image.rakuten.co.jp/parts/cabinet/sale/36_shop_100x600.gif"");

background-repeat:repeat-y;
background-attachment:scroll;
background-position: right;

}
</style>-->",DIXCEL（ディクセル）ホンダ エディックス ブレーキパッド R01タイプ リア用  エディックス　BE2/3/4/8  (04/07～)R335112：ＰＡＲＴＳ,ヘッドライトテールライトコーナーライトサイドマーカーカーボンアンテナドアミラーエアロメーターパネルリップスポイラーウイングホイールカバーペダル車高調ブレーキドライブレコーダーワイパーグリルボンネットローダウンDIXCEL（ディクセル）ホンダ エディックス ブレーキパッド R01タイプ リア用  エディックス　BE2/3/4/8  (04/07～)R335112,【！！DIXCEL送料無料！！】R335112。DIXCEL（ディクセル）ホンダ エディックス ブレーキパッド R01タイプ リア用  エディックス　BE2/3/4/8  (04/07～)R335112[rn]
5-42857,http://tshop.r10s.jp/parts/cabinet/detail-aa71/aa71-100.jpg?fitin=700:700,4712.8000,,車用品・バイク用品 > カー用品 > ブレーキ > ブレーキパッド > 国産車用,ブレーキ パッド 【送料無料】ACRE(アクレ)ブレーキ パッド スーパーファイター フロント用 90.10～99.6 ARME24/ARMGE24/KIE24 キャラバン/ホーミー,全国送料無料！（沖縄・離島は除く）　,"初期制動力を重視し、優れたコントロール性を実現するばかりでなく、驚異の低価格を実現し、全てを高次元でバランスさせた超ド級スーパーストリートモデルです。エントリーユーザーから上級ユーザーまで幅広いユーザーに満足して頂けます。 <br>●左右セット ●摩擦係数：0.35～0.45 ●ローター適正温度域：常温～450℃ ●排気量：2700<br>※ご注文の際は必ず車検証記載事項をご確認下さい。車台番号・型式指定番号は車検証に記載されています。 <br>対応車種：90.10～99.6 ARME24/ARMGE24/KIE24 キャラバン/ホーミー <br>　車検対応品<br>ブレーキ/ブレーキパッド<tr><td colspan=""2"">
<center><img src=""https://image.rakuten.co.jp/parts/cabinet/design/2017summertire2.jpg"" border=""0"" width=""800px""><br>
</td></tr></center>


<!--

<center>
<img src=""http://image.rakuten.co.jp/parts/cabinet/sale/201612ss_45_pc2.gif"" border=""0"" width=""800px"">
</center><br><br>
<center>
<img src=""http://image.rakuten.co.jp/parts/cabinet/sale/conbini201612pc.jpg"" border=""0"" width=""800px""
><br>

-->



<!--

<style type=""text/css"">
body{

background-image: url(""http://image.rakuten.co.jp/parts/cabinet/sale/36_shop_100x600.gif"");

background-repeat:repeat-y;
background-attachment:scroll;
background-position: right;

}
</style>-->",ブレーキ パッド 【送料無料】ACRE(アクレ)ブレーキ パッド スーパーファイター フロント用 90.10～99.6 ARME24/ARMGE24/KIE24 キャラバン/ホーミー：ＰＡＲＴＳ,ヘッドライトテールライトコーナーライトサイドマーカーカーボンアンテナドアミラーエアロメーターパネルリップスポイラーウイングホイールカバーペダル車高調ブレーキドライブレコーダーワイパーグリルボンネットローダウンブレーキ パッド 【送料無料】ACRE(アクレ)ブレーキ パッド スーパーファイター フロント用 90.10～99.6 ARME24/ARMGE24/KIE24 キャラバン/ホーミー,全国送料無料！（沖縄・離島は除く）　。ブレーキ パッド 【送料無料】ACRE(アクレ)ブレーキ パッド スーパーファイター フロント用 90.10～99.6 ARME24/ARMGE24/KIE24 キャラバン/ホーミー[rn]
5-42858,http://tshop.r10s.jp/parts/cabinet/detail-aa71/aa71-sfs-t001.jpg?fitin=700:700,8901.6000,,車用品・バイク用品 > カー用品 > ブレーキ > ブレーキパッド > 国産車用,ブレーキ パッド 【送料無料】ACRE(アクレ)アクレ スーパーファイター 前後セット GG9(NA/2POT) インプレッサスポーツワゴン,全国送料無料！（沖縄・離島は除く）　,"現在295種類の国産車ほぼ全車に対応しています。アクレ・スーパーファイターは初期制動力を重視し、優れたコントロール性を実現するばかりでなく、驚異の低価格を実現し、全てを高次元でバランスさせた超ド級スーパーストリートモデルです。エントリーユーザーから上級ユーザーまで幅広いユーザーに満足して頂けます。 <br><br>●ローター適正温度域：常温～450℃ ●材質：ノンアスベスト材 ●前後セット販売 ●パッド品番：580/378<br><br>注意：写真と実際の商品は異なります。 <br><br>対応車種：GG9(NA/2POT) インプレッサスポーツワゴン  <br><br>　車検対応品<br><br>ブレーキ/ブレーキパッド<tr><td colspan=""2"">
<center><img src=""https://image.rakuten.co.jp/parts/cabinet/design/2017summertire2.jpg"" border=""0"" width=""800px""><br>
</td></tr></center>


<!--

<center>
<img src=""http://image.rakuten.co.jp/parts/cabinet/sale/201612ss_45_pc2.gif"" border=""0"" width=""800px"">
</center><br><br>
<center>
<img src=""http://image.rakuten.co.jp/parts/cabinet/sale/conbini201612pc.jpg"" border=""0"" width=""800px""
><br>

-->



<!--

<style type=""text/css"">
body{

background-image: url(""http://image.rakuten.co.jp/parts/cabinet/sale/36_shop_100x600.gif"");

background-repeat:repeat-y;
background-attachment:scroll;
background-position: right;

}
</style>-->",ブレーキ パッド 【送料無料】ACRE(アクレ)アクレ スーパーファイター 前後セット GG9(NA/2POT) インプレッサスポーツワゴン：ＰＡＲＴＳ,ヘッドライトテールライトコーナーライトサイドマーカーカーボンアンテナドアミラーエアロメーターパネルリップスポイラーウイングホイールカバーペダル車高調ブレーキドライブレコーダーワイパーグリルボンネットローダウンブレーキ パッド 【送料無料】ACRE(アクレ)アクレ スーパーファイター 前後セット GG9(NA/2POT) インプレッサスポーツワゴン,全国送料無料！（沖縄・離島は除く）　。ブレーキ パッド 【送料無料】ACRE(アクレ)アクレ スーパーファイター 前後セット GG9(NA/2POT) インプレッサスポーツワゴン[rn]
5-42859,http://tshop.r10s.jp/parts/cabinet/detail-aa04/iblpjmr.jpg?fitin=700:700,11474.4000,,車用品・バイク用品 > カー用品 > ブレーキ > ブレーキパッド > 国産車用,DIXCEL（ディクセル）日産 ピノ ブレーキパッド Mタイプ フロント用  HC24S ピノ (07/01～)M371082,【！！DIXCEL送料無料！！】M371082,"高い効きと扱いやすさはそのままに、究極にブレーキダストを低減させた新世代ブレーキパッド！セダンからスポーティカー、ミニバン、SUVなどあらゆる車にベストマッチ。純正品に比べダストが少ないです。<br>クイックな初期制動とワイドなコントロール性能を高次元でバランス！　　ストリート、ワインディング、ダートトライアル、ドリフトに最適！<br>材質：ノンスチールセラミックファイバー　適正温度：0～500℃　　<br><br>対応車種：HC24S ピノ (07/01～　660cc)<br><br>ブレーキ | ブレーキパッド<br>日産 | ピノ | HC24S<tr><td colspan=""2"">
<center><img src=""https://image.rakuten.co.jp/parts/cabinet/design/2017summertire2.jpg"" border=""0"" width=""800px""><br>
</td></tr></center>


<!--

<center>
<img src=""http://image.rakuten.co.jp/parts/cabinet/sale/201612ss_45_pc2.gif"" border=""0"" width=""800px"">
</center><br><br>
<center>
<img src=""http://image.rakuten.co.jp/parts/cabinet/sale/conbini201612pc.jpg"" border=""0"" width=""800px""
><br>

-->



<!--

<style type=""text/css"">
body{

background-image: url(""http://image.rakuten.co.jp/parts/cabinet/sale/36_shop_100x600.gif"");

background-repeat:repeat-y;
background-attachment:scroll;
background-position: right;

}
</style>-->",DIXCEL（ディクセル）日産 ピノ ブレーキパッド Mタイプ フロント用  HC24S ピノ (07/01～)M371082：ＰＡＲＴＳ,ヘッドライトテールライトコーナーライトサイドマーカーカーボンアンテナドアミラーエアロメーターパネルリップスポイラーウイングホイールカバーペダル車高調ブレーキドライブレコーダーワイパーグリルボンネットローダウンDIXCEL（ディクセル）日産 ピノ ブレーキパッド Mタイプ フロント用  HC24S ピノ (07/01～)M371082,【！！DIXCEL送料無料！！】M371082。DIXCEL（ディクセル）日産 ピノ ブレーキパッド Mタイプ フロント用  HC24S ピノ (07/01～)M371082[rn]
5-42860,http://tshop.r10s.jp/parts/cabinet/detail-aa04/iblpjzf.jpg?fitin=700:700,15776.8000,,車用品・バイク用品 > カー用品 > ブレーキ > ブレーキパッド > 国産車用,DIXCEL（ディクセル）日産 ラルゴ ブレーキパッド Zタイプ フロント用  VNW30 ラルゴ (93/5～94/4)Z321184,【！！DIXCEL送料無料！！】Z321184,"サーキット走行会をターゲットに開発された新素材グラファイトメタリックがもたらす異次元の高温安定性と耐摩耗性能！サーキット専用材と違い、一般市街地での常温域でも強烈な初期制動を発揮！<br>今までのサーキット系パッドをはるかに越える高温域での耐フェード性と安定したコントロール性。Ｓタイヤ・ハイグリップラジアルにベストマッチ！<br>材質：グラファイトメタリック　適正温度：0～850℃　　<br><br>対応車種：VNW30 ラルゴ (93/5～94/4　2000～2400cc)<br><br>ブレーキ | ブレーキパッド<br>日産 | ラルゴ | W30<tr><td colspan=""2"">
<center><img src=""https://image.rakuten.co.jp/parts/cabinet/design/2017summertire2.jpg"" border=""0"" width=""800px""><br>
</td></tr></center>


<!--

<center>
<img src=""http://image.rakuten.co.jp/parts/cabinet/sale/201612ss_45_pc2.gif"" border=""0"" width=""800px"">
</center><br><br>
<center>
<img src=""http://image.rakuten.co.jp/parts/cabinet/sale/conbini201612pc.jpg"" border=""0"" width=""800px""
><br>

-->



<!--

<style type=""text/css"">
body{

background-image: url(""http://image.rakuten.co.jp/parts/cabinet/sale/36_shop_100x600.gif"");

background-repeat:repeat-y;
background-attachment:scroll;
background-position: right;

}
</style>-->",DIXCEL（ディクセル）日産 ラルゴ ブレーキパッド Zタイプ フロント用  VNW30 ラルゴ (93/5～94/4)Z321184：ＰＡＲＴＳ,ヘッドライトテールライトコーナーライトサイドマーカーカーボンアンテナドアミラーエアロメーターパネルリップスポイラーウイングホイールカバーペダル車高調ブレーキドライブレコーダーワイパーグリルボンネットローダウンDIXCEL（ディクセル）日産 ラルゴ ブレーキパッド Zタイプ フロント用  VNW30 ラルゴ (93/5～94/4)Z321184,【！！DIXCEL送料無料！！】Z321184。DIXCEL（ディクセル）日産 ラルゴ ブレーキパッド Zタイプ フロント用  VNW30 ラルゴ (93/5～94/4)Z321184[rn]
5-42861,http://tshop.r10s.jp/parts/cabinet/detail-aa71/aa71-f8.jpg?fitin=700:700,11231.2000,,車用品・バイク用品 > カー用品 > ブレーキ > ブレーキパッド > 国産車用,ブレーキ パッド 【送料無料】ACRE(アクレ)ブレーキ パッド フォーミュラ800C フロント用 02.7～ NLP51V サクシード/プロボックス,全国送料無料！（沖縄・離島は除く）　,"多くのファンを掴むフォーミュラ・タイタンの性能を継承し、ワイドレンジでの高い制動力を発揮！素材から出るカーボン皮膜はローターへの攻撃性を抑制し、走行後に一旦冷えても効きが回復するリカバリー性を実現！重量の重い車でもストレスなくバツグンのストッピングパワーを発揮し、軽量車ではN1レーシングカーでの使用までも可能にする圧倒的なコントロール性の高さと驚異的な制動力を高次元でバランスさせたブレーキパッドです。 <br>●材質:カーボングラファイトメタリック ●左右セット ●摩擦係数：0.38～0.65 ●ローター適正温度域：常温～800℃ ●排気量：1400 ●MADE IN JAPAN<br>※ご注文の際は必ず車検証記載事項をご確認下さい。車台番号・型式指定番号は車検証に記載されています。 <br>対応車種：02.7～ NLP51V サクシード/プロボックス <br>　車検対応品<br>ブレーキ/ブレーキパッド<tr><td colspan=""2"">
<center><img src=""https://image.rakuten.co.jp/parts/cabinet/design/2017summertire2.jpg"" border=""0"" width=""800px""><br>
</td></tr></center>


<!--

<center>
<img src=""http://image.rakuten.co.jp/parts/cabinet/sale/201612ss_45_pc2.gif"" border=""0"" width=""800px"">
</center><br><br>
<center>
<img src=""http://image.rakuten.co.jp/parts/cabinet/sale/conbini201612pc.jpg"" border=""0"" width=""800px""
><br>

-->



<!--

<style type=""text/css"">
body{

background-image: url(""http://image.rakuten.co.jp/parts/cabinet/sale/36_shop_100x600.gif"");

background-repeat:repeat-y;
background-attachment:scroll;
background-position: right;

}
</style>-->",ブレーキ パッド 【送料無料】ACRE(アクレ)ブレーキ パッド フォーミュラ800C フロント用 02.7～ NLP51V サクシード/プロボックス：ＰＡＲＴＳ,ヘッドライトテールライトコーナーライトサイドマーカーカーボンアンテナドアミラーエアロメーターパネルリップスポイラーウイングホイールカバーペダル車高調ブレーキドライブレコーダーワイパーグリルボンネットローダウンブレーキ パッド 【送料無料】ACRE(アクレ)ブレーキ パッド フォーミュラ800C フロント用 02.7～ NLP51V サクシード/プロボックス,全国送料無料！（沖縄・離島は除く）　。ブレーキ パッド 【送料無料】ACRE(アクレ)ブレーキ パッド フォーミュラ800C フロント用 02.7～ NLP51V サクシード/プロボックス[rn]
5-42862,http://tshop.r10s.jp/parts/cabinet/detail-aa71/aa71-drf.jpg?fitin=700:700,10777.6000,,車用品・バイク用品 > カー用品 > ブレーキ > ブレーキパッド > 国産車用,ブレーキ パッド 【送料無料】ACRE(アクレ)ブレーキ パッド ダストレス・リアル リア用 96.9～97.8 GC8-D2DD インプレッサ WRX,全国送料無料！（沖縄・離島は除く）　,"ホイールを汚さず、鳴きを低減して効きも捨てられない。そんなユーザーの声にアクレが総力を挙げて開発に取り組みました。不快なブレーキ鳴きとホイール汚れの原因となるブレーキダストの発生を抑えるために、制動力を犠牲にしてきた今までの既成概念に囚われない画期的ブレーキパッドです。 純正ブレーキパッドにプラスアルファの効きとブレーキダストを抑制したブレーキパッドの開発は、アクレ社が創業以来続けてきた大きな課題。特にメッキホイールや白いホイールにオススメです。 <br><br>●材質：ノンスチールセラミックファイバー材（ノンアスベスト） ●左右セット ●摩擦係数：0.36～0.49 ●ローター適正温度域：常温～500℃ ●排気量：2000<br><br>※ご注文の際は必ず車検証記載事項をご確認下さい。車台番号・型式指定番号は車検証に記載されています。本製品はあくまでもホイールの汚れと不快な鳴きを抑え、純正ブレーキパッドよりも高い制動力を主眼としていますので、サーキット走行等には向いておりません。 <br><br>対応車種：96.9～97.8 GC8-D2DD インプレッサ WRX <br><br>　車検対応品<br><br>ブレーキ/ブレーキパッド<tr><td colspan=""2"">
<center><img src=""https://image.rakuten.co.jp/parts/cabinet/design/2017summertire2.jpg"" border=""0"" width=""800px""><br>
</td></tr></center>


<!--

<center>
<img src=""http://image.rakuten.co.jp/parts/cabinet/sale/201612ss_45_pc2.gif"" border=""0"" width=""800px"">
</center><br><br>
<center>
<img src=""http://image.rakuten.co.jp/parts/cabinet/sale/conbini201612pc.jpg"" border=""0"" width=""800px""
><br>

-->



<!--

<style type=""text/css"">
body{

background-image: url(""http://image.rakuten.co.jp/parts/cabinet/sale/36_shop_100x600.gif"");

background-repeat:repeat-y;
background-attachment:scroll;
background-position: right;

}
</style>-->",ブレーキ パッド 【送料無料】ACRE(アクレ)ブレーキ パッド ダストレス・リアル リア用 96.9～97.8 GC8-D2DD インプレッサ WRX：ＰＡＲＴＳ,ヘッドライトテールライトコーナーライトサイドマーカーカーボンアンテナドアミラーエアロメーターパネルリップスポイラーウイングホイールカバーペダル車高調ブレーキドライブレコーダーワイパーグリルボンネットローダウンブレーキ パッド 【送料無料】ACRE(アクレ)ブレーキ パッド ダストレス・リアル リア用 96.9～97.8 GC8-D2DD インプレッサ WRX,全国送料無料！（沖縄・離島は除く）　。ブレーキ パッド 【送料無料】ACRE(アクレ)ブレーキ パッド ダストレス・リアル リア用 96.9～97.8 GC8-D2DD インプレッサ WRX[rn]
5-42863,http://tshop.r10s.jp/parts/cabinet/detail-aa04/iblpjmr.jpg?fitin=700:700,11474.4000,,車用品・バイク用品 > カー用品 > ブレーキ > ブレーキパッド > 国産車用,DIXCEL（ディクセル）トヨタ コロナ ブレーキパッド Mタイプ リア用  ST162 コロナ/プレミオ (ABS無  85/8～92/1)M315106,【！！DIXCEL送料無料！！】M315106,"高い効きと扱いやすさはそのままに、究極にブレーキダストを低減させた新世代ブレーキパッド！セダンからスポーティカー、ミニバン、SUVなどあらゆる車にベストマッチ。純正品に比べダストが少ないです。<br>クイックな初期制動とワイドなコントロール性能を高次元でバランス！　　ストリート、ワインディング、ダートトライアル、ドリフトに最適！<br>材質：ノンスチールセラミックファイバー　適正温度：0～500℃　　<br><br>対応車種：ST162 コロナ/プレミオ (ABS無  85/8～92/1　2000cc) ※リアディスクブレーキ車<br><br>ブレーキ | ブレーキパッド<br>トヨタ | コロナ | ～T170系以前のモデル<tr><td colspan=""2"">
<center><img src=""https://image.rakuten.co.jp/parts/cabinet/design/2017summertire2.jpg"" border=""0"" width=""800px""><br>
</td></tr></center>


<!--

<center>
<img src=""http://image.rakuten.co.jp/parts/cabinet/sale/201612ss_45_pc2.gif"" border=""0"" width=""800px"">
</center><br><br>
<center>
<img src=""http://image.rakuten.co.jp/parts/cabinet/sale/conbini201612pc.jpg"" border=""0"" width=""800px""
><br>

-->



<!--

<style type=""text/css"">
body{

background-image: url(""http://image.rakuten.co.jp/parts/cabinet/sale/36_shop_100x600.gif"");

background-repeat:repeat-y;
background-attachment:scroll;
background-position: right;

}
</style>-->",DIXCEL（ディクセル）トヨタ コロナ ブレーキパッド Mタイプ リア用  ST162 コロナ/プレミオ (ABS無  85/8～92/1)M315106：ＰＡＲＴＳ,ヘッドライトテールライトコーナーライトサイドマーカーカーボンアンテナドアミラーエアロメーターパネルリップスポイラーウイングホイールカバーペダル車高調ブレーキドライブレコーダーワイパーグリルボンネットローダウンDIXCEL（ディクセル）トヨタ コロナ ブレーキパッド Mタイプ リア用  ST162 コロナ/プレミオ (ABS無  85/8～92/1)M315106,【！！DIXCEL送料無料！！】M315106。DIXCEL（ディクセル）トヨタ コロナ ブレーキパッド Mタイプ リア用  ST162 コロナ/プレミオ (ABS無  85/8～92/1)M315106[rn]
5-42864,http://tshop.r10s.jp/parts/cabinet/detail-aa53/aa53-pm-r777.jpg?fitin=700:700,18144.0000,,車用品・バイク用品 > カー用品 > ブレーキ > ブレーキパッド > 国産車用,ブレーキ パッド Projectμ(プロジェクトμ) R777 ブレーキパッド　フロント RA31/RCA31 セフィーロ (アテーサターボ 88.9～90.3),プロミュー ブレーキ パッド Projectμ(プロジェクトミュー),"スポーツパッドの約5倍以上の耐摩耗性を誇りスプリントから耐久レースまで使用できるハイパフォーマンスブレーキパッド。 ■材質：カーボンメタル ■温度域：300～800℃ ■摩擦係数：0.40～0.55μ <br><br>ブレーキパッドのセンターに配置されたスリットが、ガスとパッドカスを効率良く排出させ、安定した制動力を維持します。余計な焼き入れは不要！購入後、ナラシをして頂くだけで、安心してお使い頂けます。プロジェクト・ミューでは純正比20パーセント強度アップをさせたスチールプレートを使用し、十分な強度を確保しております。<br><br>※左右セット <br><br>対応車種：RA31/RCA31 セフィーロ (アテーサターボ 年式：88.9～90.3 排気量：2000cc) <br><br>車検対応品<br><br>ブレーキ/ブレーキパッド<tr><td colspan=""2"">
<center><img src=""https://image.rakuten.co.jp/parts/cabinet/design/2017summertire2.jpg"" border=""0"" width=""800px""><br>
</td></tr></center>


<!--

<center>
<img src=""http://image.rakuten.co.jp/parts/cabinet/sale/201612ss_45_pc2.gif"" border=""0"" width=""800px"">
</center><br><br>
<center>
<img src=""http://image.rakuten.co.jp/parts/cabinet/sale/conbini201612pc.jpg"" border=""0"" width=""800px""
><br>

-->



<!--

<style type=""text/css"">
body{

background-image: url(""http://image.rakuten.co.jp/parts/cabinet/sale/36_shop_100x600.gif"");

background-repeat:repeat-y;
background-attachment:scroll;
background-position: right;

}
</style>-->",ブレーキ パッド Projectμ(プロジェクトμ) R777 ブレーキパッド　フロント RA31/RCA31 セフィーロ (アテーサターボ 88.9～90.3)：ＰＡＲＴＳ,ヘッドライトテールライトコーナーライトサイドマーカーカーボンアンテナドアミラーエアロメーターパネルリップスポイラーウイングホイールカバーペダル車高調ブレーキドライブレコーダーワイパーグリルボンネットローダウンブレーキ パッド Projectμ(プロジェクトμ) R777 ブレーキパッド　フロント RA31/RCA31 セフィーロ (アテーサターボ 88.9～90.3),プロミュー ブレーキ パッド Projectμ(プロジェクトミュー)。ブレーキ パッド Projectμ(プロジェクトμ) R777 ブレーキパッド　フロント RA31/RCA31 セフィーロ (アテーサターボ 88.9～90.3)[rn]
5-42865,http://tshop.r10s.jp/parts/cabinet/detail-aa53/aa53-pm-n1racing.jpg?fitin=700:700,14876.0000,,車用品・バイク用品 > カー用品 > ブレーキ > ブレーキパッド > 国産車用,ブレーキ パッド Projectμ(プロジェクトμ) N1-Racing ブレーキパッド　フロント HA1W アイ (06.1～),プロミュー ブレーキ パッド Projectμ(プロジェクトミュー),"軽量FR車、1500cc以下のFF車において、コントロール性を重視した走りに最適なセミ耐久レース専用パッド。また、FF車にRACING777/999を使用した際のリア用パッドとして最適です。　■材質：ノンアスベスト　■温度域：100～800℃ ■摩擦係数：0.33～0.50μ <br><br>ブレーキパッドのセンターに配置されたスリットが、ガスとパッドカスを効率良く排出させ、安定した制動力を維持します。余計な焼き入れは不要！購入後、ナラシをして頂くだけで、安心してお使い頂けます。プロジェクト・ミューでは純正比20パーセント強度アップをさせたスチールプレートを使用し、十分な強度を確保しております。<br><br>※左右セット <br><br>対応車種：HA1W アイ (年式：06.1～ 排気量：660cc) <br><br>車検対応品<br><br>ブレーキ/ブレーキパッド<tr><td colspan=""2"">
<center><img src=""https://image.rakuten.co.jp/parts/cabinet/design/2017summertire2.jpg"" border=""0"" width=""800px""><br>
</td></tr></center>


<!--

<center>
<img src=""http://image.rakuten.co.jp/parts/cabinet/sale/201612ss_45_pc2.gif"" border=""0"" width=""800px"">
</center><br><br>
<center>
<img src=""http://image.rakuten.co.jp/parts/cabinet/sale/conbini201612pc.jpg"" border=""0"" width=""800px""
><br>

-->



<!--

<style type=""text/css"">
body{

background-image: url(""http://image.rakuten.co.jp/parts/cabinet/sale/36_shop_100x600.gif"");

background-repeat:repeat-y;
background-attachment:scroll;
background-position: right;

}
</style>-->",ブレーキ パッド Projectμ(プロジェクトμ) N1-Racing ブレーキパッド　フロント HA1W アイ (06.1～)：ＰＡＲＴＳ,ヘッドライトテールライトコーナーライトサイドマーカーカーボンアンテナドアミラーエアロメーターパネルリップスポイラーウイングホイールカバーペダル車高調ブレーキドライブレコーダーワイパーグリルボンネットローダウンブレーキ パッド Projectμ(プロジェクトμ) N1-Racing ブレーキパッド　フロント HA1W アイ (06.1～),プロミュー ブレーキ パッド Projectμ(プロジェクトミュー)。ブレーキ パッド Projectμ(プロジェクトμ) N1-Racing ブレーキパッド　フロント HA1W アイ (06.1～)[rn]
5-42866,http://tshop.r10s.jp/parts/cabinet/detail-aa53/aa53-pm-ns.jpg?fitin=700:700,7761.6000,,車用品・バイク用品 > カー用品 > ブレーキ > ブレーキパッド > 国産車用,ブレーキ パッド Projectμ(プロジェクトμ) TYPE NS ブレーキパッド　フロント NZE151H オーリス (FF 06.10～),プロミュー ブレーキ パッド Projectμ(プロジェクトミュー),"純正ブレーキパッドをトータル的に性能アップさせ、不快なブレーキダストやノイズまで低減させたストリート専用モデル。 ■材質：ノンアスベストノンスチール ■温度域：0～400℃ ■摩擦係数：0.37～0.40μ <br><br>ブレーキパッドのセンターに配置されたスリットが、ガスとパッドカスを効率良く排出させ、安定した制動力を維持します。余計な焼き入れは不要！購入後、ナラシをして頂くだけで、安心してお使い頂けます。プロジェクト・ミューでは純正比20パーセント強度アップをさせたスチールプレートを使用し、十分な強度を確保しております。<br><br>※左右セット <br><br>対応車種：NZE151H オーリス (FF 年式：06.10～ 排気量：1500cc) <br><br>車検対応品<br><br>ブレーキ/ブレーキパッド<tr><td colspan=""2"">
<center><img src=""https://image.rakuten.co.jp/parts/cabinet/design/2017summertire2.jpg"" border=""0"" width=""800px""><br>
</td></tr></center>


<!--

<center>
<img src=""http://image.rakuten.co.jp/parts/cabinet/sale/201612ss_45_pc2.gif"" border=""0"" width=""800px"">
</center><br><br>
<center>
<img src=""http://image.rakuten.co.jp/parts/cabinet/sale/conbini201612pc.jpg"" border=""0"" width=""800px""
><br>

-->



<!--

<style type=""text/css"">
body{

background-image: url(""http://image.rakuten.co.jp/parts/cabinet/sale/36_shop_100x600.gif"");

background-repeat:repeat-y;
background-attachment:scroll;
background-position: right;

}
</style>-->",ブレーキ パッド Projectμ(プロジェクトμ) TYPE NS ブレーキパッド　フロント NZE151H オーリス (FF 06.10～)：ＰＡＲＴＳ,ヘッドライトテールライトコーナーライトサイドマーカーカーボンアンテナドアミラーエアロメーターパネルリップスポイラーウイングホイールカバーペダル車高調ブレーキドライブレコーダーワイパーグリルボンネットローダウンブレーキ パッド Projectμ(プロジェクトμ) TYPE NS ブレーキパッド　フロント NZE151H オーリス (FF 06.10～),プロミュー ブレーキ パッド Projectμ(プロジェクトミュー)。ブレーキ パッド Projectμ(プロジェクトμ) TYPE NS ブレーキパッド　フロント NZE151H オーリス (FF 06.10～)[rn]
5-42867,http://tshop.r10s.jp/parts/cabinet/detail-aa53/aa53-pm-r999.jpg?fitin=700:700,18144.0000,,車用品・バイク用品 > カー用品 > ブレーキ > ブレーキパッド > 国産車用,ブレーキ パッド Projectμ(プロジェクトμ) R999 ブレーキパッド　フロント U41/42系 ミニキャブ (94.1～95.1),プロミュー ブレーキ パッド Projectμ(プロジェクトミュー),"GTレースでの実践テストにより開発された、タイムアタックからスプリントレースまで使用可能なブレーキパッド。 ■材質：カーボンメタル ■温度域：200～800℃ ■摩擦係数：0.42～0.59μ <br><br>ブレーキパッドのセンターに配置されたスリットが、ガスとパッドカスを効率良く排出させ、安定した制動力を維持します。余計な焼き入れは不要！購入後、ナラシをして頂くだけで、安心してお使い頂けます。プロジェクト・ミューでは純正比20パーセント強度アップをさせたスチールプレートを使用し、十分な強度を確保しております。<br><br>※左右セット <br><br>対応車種：U41/42系 ミニキャブ (年式：94.1～95.1 排気量：660cc) <br><br>車検対応品<br><br>ブレーキ/ブレーキパッド<tr><td colspan=""2"">
<center><img src=""https://image.rakuten.co.jp/parts/cabinet/design/2017summertire2.jpg"" border=""0"" width=""800px""><br>
</td></tr></center>


<!--

<center>
<img src=""http://image.rakuten.co.jp/parts/cabinet/sale/201612ss_45_pc2.gif"" border=""0"" width=""800px"">
</center><br><br>
<center>
<img src=""http://image.rakuten.co.jp/parts/cabinet/sale/conbini201612pc.jpg"" border=""0"" width=""800px""
><br>

-->



<!--

<style type=""text/css"">
body{

background-image: url(""http://image.rakuten.co.jp/parts/cabinet/sale/36_shop_100x600.gif"");

background-repeat:repeat-y;
background-attachment:scroll;
background-position: right;

}
</style>-->",ブレーキ パッド Projectμ(プロジェクトμ) R999 ブレーキパッド　フロント U41/42系 ミニキャブ (94.1～95.1)：ＰＡＲＴＳ,ヘッドライトテールライトコーナーライトサイドマーカーカーボンアンテナドアミラーエアロメーターパネルリップスポイラーウイングホイールカバーペダル車高調ブレーキドライブレコーダーワイパーグリルボンネットローダウンブレーキ パッド Projectμ(プロジェクトμ) R999 ブレーキパッド　フロント U41/42系 ミニキャブ (94.1～95.1),プロミュー ブレーキ パッド Projectμ(プロジェクトミュー)。ブレーキ パッド Projectμ(プロジェクトμ) R999 ブレーキパッド　フロント U41/42系 ミニキャブ (94.1～95.1)[rn]
5-42868,http://tshop.r10s.jp/parts/cabinet/detail-aa04/iblpjzf.jpg?fitin=700:700,14342.4000,,車用品・バイク用品 > カー用品 > ブレーキ > ブレーキパッド > 国産車用,DIXCEL（ディクセル）トヨタ カルディナ ブレーキパッド Zタイプ リア用  ST215G/W カルディナ (GT/GT-T  97/8～02/09)Z315106,【！！DIXCEL送料無料！！】Z315106,"サーキット走行会をターゲットに開発された新素材グラファイトメタリックがもたらす異次元の高温安定性と耐摩耗性能！サーキット専用材と違い、一般市街地での常温域でも強烈な初期制動を発揮！<br>今までのサーキット系パッドをはるかに越える高温域での耐フェード性と安定したコントロール性。Ｓタイヤ・ハイグリップラジアルにベストマッチ！<br>材質：グラファイトメタリック　適正温度：0～850℃　　<br><br>対応車種：ST215G/W カルディナ (GT/GT-T  97/8～02/09　2000cc) <br><br>ブレーキ | ブレーキパッド<br>トヨタ | カルディナ | AT/ST210系<tr><td colspan=""2"">
<center><img src=""https://image.rakuten.co.jp/parts/cabinet/design/2017summertire2.jpg"" border=""0"" width=""800px""><br>
</td></tr></center>


<!--

<center>
<img src=""http://image.rakuten.co.jp/parts/cabinet/sale/201612ss_45_pc2.gif"" border=""0"" width=""800px"">
</center><br><br>
<center>
<img src=""http://image.rakuten.co.jp/parts/cabinet/sale/conbini201612pc.jpg"" border=""0"" width=""800px""
><br>

-->



<!--

<style type=""text/css"">
body{

background-image: url(""http://image.rakuten.co.jp/parts/cabinet/sale/36_shop_100x600.gif"");

background-repeat:repeat-y;
background-attachment:scroll;
background-position: right;

}
</style>-->",DIXCEL（ディクセル）トヨタ カルディナ ブレーキパッド Zタイプ リア用  ST215G/W カルディナ (GT/GT-T  97/8～02/09)Z315106：ＰＡＲＴＳ,ヘッドライトテールライトコーナーライトサイドマーカーカーボンアンテナドアミラーエアロメーターパネルリップスポイラーウイングホイールカバーペダル車高調ブレーキドライブレコーダーワイパーグリルボンネットローダウンDIXCEL（ディクセル）トヨタ カルディナ ブレーキパッド Zタイプ リア用  ST215G/W カルディナ (GT/GT-T  97/8～02/09)Z315106,【！！DIXCEL送料無料！！】Z315106。DIXCEL（ディクセル）トヨタ カルディナ ブレーキパッド Zタイプ リア用  ST215G/W カルディナ (GT/GT-T  97/8～02/09)Z315106[rn]
5-42869,http://tshop.r10s.jp/parts/cabinet/detail-aa71/aa71-f7.jpg?fitin=700:700,9076.0000,,車用品・バイク用品 > カー用品 > ブレーキ > ブレーキパッド > 国産車用,ブレーキ パッド 【送料無料】ACRE(アクレ)ブレーキ パッド フォーミュラ700C フロント用 97.12～99.9 ST202 C セリカ SS- スーパーストラット車,全国送料無料！（沖縄・離島は除く）　,"フォーミュラ・アクレを進化し、コントロール性に特化する事でストリートでの扱い易さを追及しました。それはローター適正温度を800℃から700℃に下げる事で実現しました。フォーミュラ700Cはブレーキパッドの摩擦材に含有するカーボングラファイトによりローター表面にカーボン皮膜を形成する為にローターへの攻撃性を低減し、中高温度域でのストッピングパワーとコントロール性の高さを高次元でバランスさせました。 <br><br>●左右セット ●摩擦係数：0.35～0.58 ●ローター適正温度域：常温～700℃ ●スーパーストラット車 ●排気量：2000<br>※ご注文の際は必ず車検証記載事項をご確認下さい。車台番号・型式指定番号は車検証に記載されています。 <br>対応車種：97.12～99.9 ST202 C セリカ SS- スーパーストラット車 <br>　車検対応品<br>ブレーキ/ブレーキパッド<tr><td colspan=""2"">
<center><img src=""https://image.rakuten.co.jp/parts/cabinet/design/2017summertire2.jpg"" border=""0"" width=""800px""><br>
</td></tr></center>


<!--

<center>
<img src=""http://image.rakuten.co.jp/parts/cabinet/sale/201612ss_45_pc2.gif"" border=""0"" width=""800px"">
</center><br><br>
<center>
<img src=""http://image.rakuten.co.jp/parts/cabinet/sale/conbini201612pc.jpg"" border=""0"" width=""800px""
><br>

-->



<!--

<style type=""text/css"">
body{

background-image: url(""http://image.rakuten.co.jp/parts/cabinet/sale/36_shop_100x600.gif"");

background-repeat:repeat-y;
background-attachment:scroll;
background-position: right;

}
</style>-->",ブレーキ パッド 【送料無料】ACRE(アクレ)ブレーキ パッド フォーミュラ700C フロント用 97.12～99.9 ST202 C セリカ SS- スーパーストラット車：ＰＡＲＴＳ,ヘッドライトテールライトコーナーライトサイドマーカーカーボンアンテナドアミラーエアロメーターパネルリップスポイラーウイングホイールカバーペダル車高調ブレーキドライブレコーダーワイパーグリルボンネットローダウンブレーキ パッド 【送料無料】ACRE(アクレ)ブレーキ パッド フォーミュラ700C フロント用 97.12～99.9 ST202 C セリカ SS- スーパーストラット車,全国送料無料！（沖縄・離島は除く）　。ブレーキ パッド 【送料無料】ACRE(アクレ)ブレーキ パッド フォーミュラ700C フロント用 97.12～99.9 ST202 C セリカ SS- スーパーストラット車[rn]
5-42870,http://tshop.r10s.jp/parts/cabinet/detail-aa53/aa53-pm-typehc.jpg?fitin=700:700,14876.0000,,車用品・バイク用品 > カー用品 > ブレーキ > ブレーキパッド > 国産車用,ブレーキ パッド Projectμ(プロジェクトμ) TYPE HC＋ ブレーキパッド　フロント DA6/8 インテグラ (リアドラム車 89.4～),プロミュー ブレーキ パッド Projectμ(プロジェクトミュー),"1994年にカーボン系スポーツパッド「TYPE HC」を市販（業界初）してから１５年。更なる進化を遂げた「TYPE HC＋」はディスク表面にカーボン被膜を形成させ、カーボンパッドの良さである高温度域での優れた効きとコントロール性を実現させました。街乗りからワインディング、サーキットまで使用できるストリート最強モデルです。 ■材質：カーボンメタル■温度域：0～800℃ ■摩擦係数：0.43～0.58μ  <br><br>ブレーキパッドのセンターに配置されたスリットが、ガスとパッドカスを効率良く排出させ、安定した制動力を維持します。余計な焼き入れは不要！購入後、ナラシをして頂くだけで、安心してお使い頂けます。プロジェクト・ミューでは純正比20パーセント強度アップをさせたスチールプレートを使用し、十分な強度を確保しております。<br><br>※左右セット <br><br>対応車種：DA6/8 インテグラ (リアドラム車 年式：89.4～ 排気量：1600cc) <br><br>車検対応品<br><br>ブレーキ/ブレーキパッド<tr><td colspan=""2"">
<center><img src=""https://image.rakuten.co.jp/parts/cabinet/design/2017summertire2.jpg"" border=""0"" width=""800px""><br>
</td></tr></center>


<!--

<center>
<img src=""http://image.rakuten.co.jp/parts/cabinet/sale/201612ss_45_pc2.gif"" border=""0"" width=""800px"">
</center><br><br>
<center>
<img src=""http://image.rakuten.co.jp/parts/cabinet/sale/conbini201612pc.jpg"" border=""0"" width=""800px""
><br>

-->



<!--

<style type=""text/css"">
body{

background-image: url(""http://image.rakuten.co.jp/parts/cabinet/sale/36_shop_100x600.gif"");

background-repeat:repeat-y;
background-attachment:scroll;
background-position: right;

}
</style>-->",ブレーキ パッド Projectμ(プロジェクトμ) TYPE HC＋ ブレーキパッド　フロント DA6/8 インテグラ (リアドラム車 89.4～)：ＰＡＲＴＳ,ヘッドライトテールライトコーナーライトサイドマーカーカーボンアンテナドアミラーエアロメーターパネルリップスポイラーウイングホイールカバーペダル車高調ブレーキドライブレコーダーワイパーグリルボンネットローダウンブレーキ パッド Projectμ(プロジェクトμ) TYPE HC＋ ブレーキパッド　フロント DA6/8 インテグラ (リアドラム車 89.4～),プロミュー ブレーキ パッド Projectμ(プロジェクトミュー)。ブレーキ パッド Projectμ(プロジェクトμ) TYPE HC＋ ブレーキパッド　フロント DA6/8 インテグラ (リアドラム車 89.4～)[rn]
5-42871,http://tshop.r10s.jp/parts/cabinet/detail-aa53/aa53-pm-typehccs.jpg?fitin=700:700,14876.0000,,車用品・バイク用品 > カー用品 > ブレーキ > ブレーキパッド > 国産車用,ブレーキ パッド Projectμ(プロジェクトμ) TYPE HC-CS ブレーキパッド　フロント BK5P アクセラ (03.10～),プロミュー ブレーキ パッド Projectμ(プロジェクトミュー),"幅広い温度域で安定したコントロール性能を持続。「TYPE HC＋」をベースに新開発した、普段の街乗りからサーキット走行会まで対応。「CS=サーキット スペック」の名前の通り、細やかなブレーキングコントロールが重要となるサーキットにおいて、踏力に応じたリニアなコントロール性を発揮します。また、カーボン皮膜によるローター攻撃性の少なさ、全領域で安定した制動力の維持など、ブレーキへの安心感がドライバーの負担を軽減。 ■材質：カーボンメタル　■温度域：50～800℃　■摩擦係数：0.41～0.50μ ■推奨タイ <br><br>ブレーキパッドのセンターに配置されたスリットが、ガスとパッドカスを効率良く排出させ、安定した制動力を維持します。余計な焼き入れは不要！購入後、ナラシをして頂くだけで、安心してお使い頂けます。プロジェクト・ミューでは純正比20パーセント強度アップをさせたスチールプレートを使用し、十分な強度を確保しております。<br><br>※左右セット <br><br>対応車種：BK5P アクセラ (年式：03.10～ 排気量：1500cc) <br><br>車検対応品<br><br>ブレーキ/ブレーキパッド<tr><td colspan=""2"">
<center><img src=""https://image.rakuten.co.jp/parts/cabinet/design/2017summertire2.jpg"" border=""0"" width=""800px""><br>
</td></tr></center>


<!--

<center>
<img src=""http://image.rakuten.co.jp/parts/cabinet/sale/201612ss_45_pc2.gif"" border=""0"" width=""800px"">
</center><br><br>
<center>
<img src=""http://image.rakuten.co.jp/parts/cabinet/sale/conbini201612pc.jpg"" border=""0"" width=""800px""
><br>

-->



<!--

<style type=""text/css"">
body{

background-image: url(""http://image.rakuten.co.jp/parts/cabinet/sale/36_shop_100x600.gif"");

background-repeat:repeat-y;
background-attachment:scroll;
background-position: right;

}
</style>-->",ブレーキ パッド Projectμ(プロジェクトμ) TYPE HC-CS ブレーキパッド　フロント BK5P アクセラ (03.10～)：ＰＡＲＴＳ,ヘッドライトテールライトコーナーライトサイドマーカーカーボンアンテナドアミラーエアロメーターパネルリップスポイラーウイングホイールカバーペダル車高調ブレーキドライブレコーダーワイパーグリルボンネットローダウンブレーキ パッド Projectμ(プロジェクトμ) TYPE HC-CS ブレーキパッド　フロント BK5P アクセラ (03.10～),プロミュー ブレーキ パッド Projectμ(プロジェクトミュー)。ブレーキ パッド Projectμ(プロジェクトμ) TYPE HC-CS ブレーキパッド　フロント BK5P アクセラ (03.10～)[rn]
5-42872,http://tshop.r10s.jp/parts/cabinet/detail-aa71/aa71-100.jpg?fitin=700:700,4712.8000,,車用品・バイク用品 > カー用品 > ブレーキ > ブレーキパッド > 国産車用,ブレーキ パッド 【送料無料】ACRE(アクレ)ブレーキ パッド スーパーファイター リア用 08.9～ AZT251W アベンシス/アベンシスワゴン,全国送料無料！（沖縄・離島は除く）　,"初期制動力を重視し、優れたコントロール性を実現するばかりでなく、驚異の低価格を実現し、全てを高次元でバランスさせた超ド級スーパーストリートモデルです。エントリーユーザーから上級ユーザーまで幅広いユーザーに満足して頂けます。 <br>●左右セット ●摩擦係数：0.35～0.45 ●ローター適正温度域：常温～450℃ ●排気量：2400<br>※ご注文の際は必ず車検証記載事項をご確認下さい。車台番号・型式指定番号は車検証に記載されています。 <br>対応車種：08.9～ AZT251W アベンシス/アベンシスワゴン <br>　車検対応品<br>ブレーキ/ブレーキパッド<tr><td colspan=""2"">
<center><img src=""https://image.rakuten.co.jp/parts/cabinet/design/2017summertire2.jpg"" border=""0"" width=""800px""><br>
</td></tr></center>


<!--

<center>
<img src=""http://image.rakuten.co.jp/parts/cabinet/sale/201612ss_45_pc2.gif"" border=""0"" width=""800px"">
</center><br><br>
<center>
<img src=""http://image.rakuten.co.jp/parts/cabinet/sale/conbini201612pc.jpg"" border=""0"" width=""800px""
><br>

-->



<!--

<style type=""text/css"">
body{

background-image: url(""http://image.rakuten.co.jp/parts/cabinet/sale/36_shop_100x600.gif"");

background-repeat:repeat-y;
background-attachment:scroll;
background-position: right;

}
</style>-->",ブレーキ パッド 【送料無料】ACRE(アクレ)ブレーキ パッド スーパーファイター リア用 08.9～ AZT251W アベンシス/アベンシスワゴン：ＰＡＲＴＳ,ヘッドライトテールライトコーナーライトサイドマーカーカーボンアンテナドアミラーエアロメーターパネルリップスポイラーウイングホイールカバーペダル車高調ブレーキドライブレコーダーワイパーグリルボンネットローダウンブレーキ パッド 【送料無料】ACRE(アクレ)ブレーキ パッド スーパーファイター リア用 08.9～ AZT251W アベンシス/アベンシスワゴン,全国送料無料！（沖縄・離島は除く）　。ブレーキ パッド 【送料無料】ACRE(アクレ)ブレーキ パッド スーパーファイター リア用 08.9～ AZT251W アベンシス/アベンシスワゴン[rn]
5-42873,http://tshop.r10s.jp/parts/cabinet/detail-aa53/aa53-pm-boom.jpg?fitin=700:700,9240.0000,,車用品・バイク用品 > カー用品 > ブレーキ > ブレーキパッド > 国産車用,Projectμ(プロジェクトμ) BooM WAGON ブレーキパッド　フロント KSC33 ローレル (ABS付 88.12～90.4),,"重いボディーとホイールのインチアップに伴う制動力の不足を補い、安定した性能を発揮するミニバン・ワゴン専用モデル。 ■材質：ノンアスベスト ■温度域：0～450℃  ■摩擦係数：0.36～0.43μ <br><br>ブレーキパッドのセンターに配置されたスリットが、ガスとパッドカスを効率良く排出させ、安定した制動力を維持します。余計な焼き入れは不要！購入後、ナラシをして頂くだけで、安心してお使い頂けます。プロジェクト・ミューでは純正比20パーセント強度アップをさせたスチールプレートを使用し、十分な強度を確保しております。 Text by safe<br><br>※左右セット <br><br>対応車種：KSC33 ローレル (ABS付 年式：88.12～90.4 排気量：2800cc) <br><br>車検対応品<br><br>ブレーキ/ブレーキパッド<tr><td colspan=""2"">
<center><img src=""https://image.rakuten.co.jp/parts/cabinet/design/2017summertire2.jpg"" border=""0"" width=""800px""><br>
</td></tr></center>


<!--

<center>
<img src=""http://image.rakuten.co.jp/parts/cabinet/sale/201612ss_45_pc2.gif"" border=""0"" width=""800px"">
</center><br><br>
<center>
<img src=""http://image.rakuten.co.jp/parts/cabinet/sale/conbini201612pc.jpg"" border=""0"" width=""800px""
><br>

-->



<!--

<style type=""text/css"">
body{

background-image: url(""http://image.rakuten.co.jp/parts/cabinet/sale/36_shop_100x600.gif"");

background-repeat:repeat-y;
background-attachment:scroll;
background-position: right;

}
</style>-->",Projectμ(プロジェクトμ) BooM WAGON ブレーキパッド　フロント KSC33 ローレル (ABS付 88.12～90.4)：ＰＡＲＴＳ,ヘッドライトテールライトコーナーライトサイドマーカーカーボンアンテナドアミラーエアロメーターパネルリップスポイラーウイングホイールカバーペダル車高調ブレーキドライブレコーダーワイパーグリルボンネットローダウンProjectμ(プロジェクトμ) BooM WAGON ブレーキパッド　フロント KSC33 ローレル (ABS付 88.12～90.4),Projectμ(プロジェクトμ) BooM WAGON ブレーキパッド　フロント KSC33 ローレル (ABS付 88.12～90.4)[rn]
5-42874,http://tshop.r10s.jp/parts/cabinet/detail-aa71/aa71-drf.jpg?fitin=700:700,10777.6000,,車用品・バイク用品 > カー用品 > ブレーキ > ブレーキパッド > 国産車用,ブレーキ パッド 【送料無料】ACRE(アクレ)ブレーキ パッド ダストレス・リアル フロント用 07.9～ ANA10AW マークXジオ,全国送料無料！（沖縄・離島は除く）　,"ホイールを汚さず、鳴きを低減して効きも捨てられない。そんなユーザーの声にアクレが総力を挙げて開発に取り組みました。不快なブレーキ鳴きとホイール汚れの原因となるブレーキダストの発生を抑えるために、制動力を犠牲にしてきた今までの既成概念に囚われない画期的ブレーキパッドです。 純正ブレーキパッドにプラスアルファの効きとブレーキダストを抑制したブレーキパッドの開発は、アクレ社が創業以来続けてきた大きな課題。特にメッキホイールや白いホイールにオススメです。 <br><br>●材質：ノンスチールセラミックファイバー材（ノンアスベスト） ●左右セット ●摩擦係数：0.36～0.49 ●ローター適正温度域：常温～500℃ ●排気量：2400<br><br>※ご注文の際は必ず車検証記載事項をご確認下さい。車台番号・型式指定番号は車検証に記載されています。本製品はあくまでもホイールの汚れと不快な鳴きを抑え、純正ブレーキパッドよりも高い制動力を主眼としていますので、サーキット走行等には向いておりません。 <br><br>対応車種：07.9～ ANA10AW マークXジオ <br><br>　車検対応品<br><br>ブレーキ/ブレーキパッド<tr><td colspan=""2"">
<center><img src=""https://image.rakuten.co.jp/parts/cabinet/design/2017summertire2.jpg"" border=""0"" width=""800px""><br>
</td></tr></center>


<!--

<center>
<img src=""http://image.rakuten.co.jp/parts/cabinet/sale/201612ss_45_pc2.gif"" border=""0"" width=""800px"">
</center><br><br>
<center>
<img src=""http://image.rakuten.co.jp/parts/cabinet/sale/conbini201612pc.jpg"" border=""0"" width=""800px""
><br>

-->



<!--

<style type=""text/css"">
body{

background-image: url(""http://image.rakuten.co.jp/parts/cabinet/sale/36_shop_100x600.gif"");

background-repeat:repeat-y;
background-attachment:scroll;
background-position: right;

}
</style>-->",ブレーキ パッド 【送料無料】ACRE(アクレ)ブレーキ パッド ダストレス・リアル フロント用 07.9～ ANA10AW マークXジオ：ＰＡＲＴＳ,ヘッドライトテールライトコーナーライトサイドマーカーカーボンアンテナドアミラーエアロメーターパネルリップスポイラーウイングホイールカバーペダル車高調ブレーキドライブレコーダーワイパーグリルボンネットローダウンブレーキ パッド 【送料無料】ACRE(アクレ)ブレーキ パッド ダストレス・リアル フロント用 07.9～ ANA10AW マークXジオ,全国送料無料！（沖縄・離島は除く）　。ブレーキ パッド 【送料無料】ACRE(アクレ)ブレーキ パッド ダストレス・リアル フロント用 07.9～ ANA10AW マークXジオ[rn]
5-42875,http://tshop.r10s.jp/parts/cabinet/detail-aa71/aa71-f8.jpg?fitin=700:700,11231.2000,,車用品・バイク用品 > カー用品 > ブレーキ > ブレーキパッド > 国産車用,ブレーキ パッド 【送料無料】ACRE(アクレ)ブレーキ パッド フォーミュラ800C リア用 99.12～ JZS171W クラウンワゴン/クラウンエステート NA,全国送料無料！（沖縄・離島は除く）　,"多くのファンを掴むフォーミュラ・タイタンの性能を継承し、ワイドレンジでの高い制動力を発揮！素材から出るカーボン皮膜はローターへの攻撃性を抑制し、走行後に一旦冷えても効きが回復するリカバリー性を実現！重量の重い車でもストレスなくバツグンのストッピングパワーを発揮し、軽量車ではN1レーシングカーでの使用までも可能にする圧倒的なコントロール性の高さと驚異的な制動力を高次元でバランスさせたブレーキパッドです。 <br>●材質:カーボングラファイトメタリック ●左右セット ●摩擦係数：0.38～0.65 ●ローター適正温度域：常温～800℃ ●NA車 ●排気量：2500 ●MADE IN JAPAN<br>※ご注文の際は必ず車検証記載事項をご確認下さい。車台番号・型式指定番号は車検証に記載されています。 <br>対応車種： 99.12～ JZS171W クラウンワゴン/クラウンエステート NA <br>　車検対応品<br>ブレーキ/ブレーキパッド<tr><td colspan=""2"">
<center><img src=""https://image.rakuten.co.jp/parts/cabinet/design/2017summertire2.jpg"" border=""0"" width=""800px""><br>
</td></tr></center>


<!--

<center>
<img src=""http://image.rakuten.co.jp/parts/cabinet/sale/201612ss_45_pc2.gif"" border=""0"" width=""800px"">
</center><br><br>
<center>
<img src=""http://image.rakuten.co.jp/parts/cabinet/sale/conbini201612pc.jpg"" border=""0"" width=""800px""
><br>

-->



<!--

<style type=""text/css"">
body{

background-image: url(""http://image.rakuten.co.jp/parts/cabinet/sale/36_shop_100x600.gif"");

background-repeat:repeat-y;
background-attachment:scroll;
background-position: right;

}
</style>-->",ブレーキ パッド 【送料無料】ACRE(アクレ)ブレーキ パッド フォーミュラ800C リア用 99.12～ JZS171W クラウンワゴン/クラウンエステート NA：ＰＡＲＴＳ,ヘッドライトテールライトコーナーライトサイドマーカーカーボンアンテナドアミラーエアロメーターパネルリップスポイラーウイングホイールカバーペダル車高調ブレーキドライブレコーダーワイパーグリルボンネットローダウンブレーキ パッド 【送料無料】ACRE(アクレ)ブレーキ パッド フォーミュラ800C リア用 99.12～ JZS171W クラウンワゴン/クラウンエステート NA,全国送料無料！（沖縄・離島は除く）　。ブレーキ パッド 【送料無料】ACRE(アクレ)ブレーキ パッド フォーミュラ800C リア用 99.12～ JZS171W クラウンワゴン/クラウンエステート NA[rn]
5-42876,http://tshop.r10s.jp/parts/cabinet/detail-aa53/aa53-pm-max700.jpg?fitin=700:700,12936.0000,,車用品・バイク用品 > カー用品 > ブレーキ > ブレーキパッド > 国産車用,ブレーキ パッド Projectμ(プロジェクトμ) LM700 ブレーキパッド　リア EC4W レグナム (96.8～),プロミュー ブレーキ パッド Projectμ(プロジェクトミュー),"ミドルクラスまで対応、サーキット走行に必要な全ての性能をベストバランスしたレベルマックス700。　■材質：カーボンメタル　■温度域：50～700℃ ■摩擦係数：0.43～0.51μ <br><br>ブレーキパッドのセンターに配置されたスリットが、ガスとパッドカスを効率良く排出させ、安定した制動力を維持します。余計な焼き入れは不要！購入後、ナラシをして頂くだけで、安心してお使い頂けます。プロジェクト・ミューでは純正比20パーセント強度アップをさせたスチールプレートを使用し、十分な強度を確保しております。<br><br>※左右セット <br><br>対応車種：EC4W レグナム (年式：96.8～ 排気量：2000cc) <br><br>車検対応品<br><br>ブレーキ/ブレーキパッド<tr><td colspan=""2"">
<center><img src=""https://image.rakuten.co.jp/parts/cabinet/design/2017summertire2.jpg"" border=""0"" width=""800px""><br>
</td></tr></center>


<!--

<center>
<img src=""http://image.rakuten.co.jp/parts/cabinet/sale/201612ss_45_pc2.gif"" border=""0"" width=""800px"">
</center><br><br>
<center>
<img src=""http://image.rakuten.co.jp/parts/cabinet/sale/conbini201612pc.jpg"" border=""0"" width=""800px""
><br>

-->



<!--

<style type=""text/css"">
body{

background-image: url(""http://image.rakuten.co.jp/parts/cabinet/sale/36_shop_100x600.gif"");

background-repeat:repeat-y;
background-attachment:scroll;
background-position: right;

}
</style>-->",ブレーキ パッド Projectμ(プロジェクトμ) LM700 ブレーキパッド　リア EC4W レグナム (96.8～)：ＰＡＲＴＳ,ヘッドライトテールライトコーナーライトサイドマーカーカーボンアンテナドアミラーエアロメーターパネルリップスポイラーウイングホイールカバーペダル車高調ブレーキドライブレコーダーワイパーグリルボンネットローダウンブレーキ パッド Projectμ(プロジェクトμ) LM700 ブレーキパッド　リア EC4W レグナム (96.8～),プロミュー ブレーキ パッド Projectμ(プロジェクトミュー)。ブレーキ パッド Projectμ(プロジェクトμ) LM700 ブレーキパッド　リア EC4W レグナム (96.8～)[rn]
5-42877,http://tshop.r10s.jp/parts/cabinet/detail-aa53/aa53-pm-boom.jpg?fitin=700:700,9055.2000,,車用品・バイク用品 > カー用品 > ブレーキ > ブレーキパッド > 国産車用,ブレーキ パッド Projectμ(プロジェクトμ) BooM WAGON ブレーキパッド　リア FN15 パルサー (リアディスク車 95.1～),プロミュー ブレーキ パッド Projectμ(プロジェクトミュー),"重いボディーとホイールのインチアップに伴う制動力の不足を補い、安定した性能を発揮するミニバン・ワゴン専用モデル。 ■材質：ノンアスベスト ■温度域：0～450℃  ■摩擦係数：0.36～0.43μ <br><br>ブレーキパッドのセンターに配置されたスリットが、ガスとパッドカスを効率良く排出させ、安定した制動力を維持します。余計な焼き入れは不要！購入後、ナラシをして頂くだけで、安心してお使い頂けます。プロジェクト・ミューでは純正比20パーセント強度アップをさせたスチールプレートを使用し、十分な強度を確保しております。<br><br>※左右セット <br><br>対応車種：FN15 パルサー (リアディスク車 年式：95.1～ 排気量：1500cc) <br><br>車検対応品<br><br>ブレーキ/ブレーキパッド<tr><td colspan=""2"">
<center><img src=""https://image.rakuten.co.jp/parts/cabinet/design/2017summertire2.jpg"" border=""0"" width=""800px""><br>
</td></tr></center>


<!--

<center>
<img src=""http://image.rakuten.co.jp/parts/cabinet/sale/201612ss_45_pc2.gif"" border=""0"" width=""800px"">
</center><br><br>
<center>
<img src=""http://image.rakuten.co.jp/parts/cabinet/sale/conbini201612pc.jpg"" border=""0"" width=""800px""
><br>

-->



<!--

<style type=""text/css"">
body{

background-image: url(""http://image.rakuten.co.jp/parts/cabinet/sale/36_shop_100x600.gif"");

background-repeat:repeat-y;
background-attachment:scroll;
background-position: right;

}
</style>-->",ブレーキ パッド Projectμ(プロジェクトμ) BooM WAGON ブレーキパッド　リア FN15 パルサー (リアディスク車 95.1～)：ＰＡＲＴＳ,ヘッドライトテールライトコーナーライトサイドマーカーカーボンアンテナドアミラーエアロメーターパネルリップスポイラーウイングホイールカバーペダル車高調ブレーキドライブレコーダーワイパーグリルボンネットローダウンブレーキ パッド Projectμ(プロジェクトμ) BooM WAGON ブレーキパッド　リア FN15 パルサー (リアディスク車 95.1～),プロミュー ブレーキ パッド Projectμ(プロジェクトミュー)。ブレーキ パッド Projectμ(プロジェクトμ) BooM WAGON ブレーキパッド　リア FN15 パルサー (リアディスク車 95.1～)[rn]
5-42878,http://tshop.r10s.jp/parts/cabinet/detail-aa53/aa53-pm-compb.jpg?fitin=700:700,12288.8000,,車用品・バイク用品 > カー用品 > ブレーキ > ブレーキパッド > 国産車用,ブレーキ パッド Projectμ(プロジェクトμ) COMP-B/G ブレーキパッド　フロント BG5 レガシーツーリングワゴン (TS-R/TS-RVLTD リヤドラムブレーキ車 96.6～97.8),プロミュー ブレーキ パッド Projectμ(プロジェクトミュー),"車両を自在にコントロールさせる楽しさを追求した、ジムカーナ競技専用ブレーキパッド。 ■材質：焼結メタル ■温度域：（FRONT）0～450℃ （REAR）0～400℃ （REAR METAL）0～400℃ ■摩擦係数：（FRONT）0.38～0.62μ （REAR）0.48～0.60μ （REAR METAL）0.50～0.62μ <br><br>ブレーキパッドのセンターに配置されたスリットが、ガスとパッドカスを効率良く排出させ、安定した制動力を維持します。余計な焼き入れは不要！購入後、ナラシをして頂くだけで、安心してお使い頂けます。プロジェクト・ミューでは純正比20パーセント強度アップをさせたスチールプレートを使用し、十分な強度を確保しております。<br><br>※左右セット <br><br>対応車種：BG5 レガシーツーリングワゴン (TS-R/TS-RVLTD リヤドラムブレーキ車 年式：96.6～97.8 排気量：2000cc) <br><br>車検対応品<br><br>ブレーキ/ブレーキパッド<tr><td colspan=""2"">
<center><img src=""https://image.rakuten.co.jp/parts/cabinet/design/2017summertire2.jpg"" border=""0"" width=""800px""><br>
</td></tr></center>


<!--

<center>
<img src=""http://image.rakuten.co.jp/parts/cabinet/sale/201612ss_45_pc2.gif"" border=""0"" width=""800px"">
</center><br><br>
<center>
<img src=""http://image.rakuten.co.jp/parts/cabinet/sale/conbini201612pc.jpg"" border=""0"" width=""800px""
><br>

-->



<!--

<style type=""text/css"">
body{

background-image: url(""http://image.rakuten.co.jp/parts/cabinet/sale/36_shop_100x600.gif"");

background-repeat:repeat-y;
background-attachment:scroll;
background-position: right;

}
</style>-->",ブレーキ パッド Projectμ(プロジェクトμ) COMP-B/G ブレーキパッド　フロント BG5 レガシーツーリングワゴン (TS-R/TS-RVLTD リヤドラムブレーキ車 96.6～97.8)：ＰＡＲＴＳ,ヘッドライトテールライトコーナーライトサイドマーカーカーボンアンテナドアミラーエアロメーターパネルリップスポイラーウイングホイールカバーペダル車高調ブレーキドライブレコーダーワイパーグリルボンネットローダウンブレーキ パッド Projectμ(プロジェクトμ) COMP-B/G ブレーキパッド　フロント BG5 レガシーツーリングワゴン (TS-R/TS-RVLTD リヤドラムブレーキ車 96.6～97.8),プロミュー ブレーキ パッド Projectμ(プロジェクトミュー)。ブレーキ パッド Projectμ(プロジェクトμ) COMP-B/G ブレーキパッド　フロント BG5 レガシーツーリングワゴン (TS-R/TS-RVLTD リヤドラムブレーキ車 96.6～97.8)[rn]
5-42879,http://tshop.r10s.jp/parts/cabinet/detail-aa53/aa53-pm-bestop.jpg?fitin=700:700,5420.0000,,車用品・バイク用品 > カー用品 > ブレーキ > ブレーキパッド > 国産車用,Projectμ(プロジェクトμ) BESTOP ブレーキパッド　リア ECR32 スカイライン (91.8～93.8),,"純正同等の性能を持ち、車検時の交換用などとしてお使い頂ける、純正補修用モデル。 ■材質：ノンアスベスト ■温度域：0～350℃ ■摩擦係数：0.30～0.38μ <br><br>ブレーキパッドのセンターに配置されたスリットが、ガスとパッドカスを効率良く排出させ、安定した制動力を維持します。余計な焼き入れは不要！購入後、ナラシをして頂くだけで、安心してお使い頂けます。プロジェクト・ミューでは純正比20パーセント強度アップをさせたスチールプレートを使用し、十分な強度を確保しております。 Text by safe<br><br>※左右セット <br><br>対応車種：ECR32 スカイライン (年式：91.8～93.8 排気量：2500cc) <br><br>車検対応品<br><br>ブレーキ/ブレーキパッド<tr><td colspan=""2"">
<center><img src=""https://image.rakuten.co.jp/parts/cabinet/design/2017summertire2.jpg"" border=""0"" width=""800px""><br>
</td></tr></center>


<!--

<center>
<img src=""http://image.rakuten.co.jp/parts/cabinet/sale/201612ss_45_pc2.gif"" border=""0"" width=""800px"">
</center><br><br>
<center>
<img src=""http://image.rakuten.co.jp/parts/cabinet/sale/conbini201612pc.jpg"" border=""0"" width=""800px""
><br>

-->



<!--

<style type=""text/css"">
body{

background-image: url(""http://image.rakuten.co.jp/parts/cabinet/sale/36_shop_100x600.gif"");

background-repeat:repeat-y;
background-attachment:scroll;
background-position: right;

}
</style>-->",Projectμ(プロジェクトμ) BESTOP ブレーキパッド　リア ECR32 スカイライン (91.8～93.8)：ＰＡＲＴＳ,ヘッドライトテールライトコーナーライトサイドマーカーカーボンアンテナドアミラーエアロメーターパネルリップスポイラーウイングホイールカバーペダル車高調ブレーキドライブレコーダーワイパーグリルボンネットローダウンProjectμ(プロジェクトμ) BESTOP ブレーキパッド　リア ECR32 スカイライン (91.8～93.8),Projectμ(プロジェクトμ) BESTOP ブレーキパッド　リア ECR32 スカイライン (91.8～93.8)[rn]
5-42880,http://tshop.r10s.jp/parts/cabinet/detail-aa53/aa53-pm-r777.jpg?fitin=700:700,18144.0000,,車用品・バイク用品 > カー用品 > ブレーキ > ブレーキパッド > 国産車用,ブレーキ パッド Projectμ(プロジェクトμ) R777 ブレーキパッド　フロント ST202 カリーナED (S-LTD/X 93.9～),プロミュー ブレーキ パッド Projectμ(プロジェクトミュー),"スポーツパッドの約5倍以上の耐摩耗性を誇りスプリントから耐久レースまで使用できるハイパフォーマンスブレーキパッド。 ■材質：カーボンメタル ■温度域：300～800℃ ■摩擦係数：0.40～0.55μ <br><br>ブレーキパッドのセンターに配置されたスリットが、ガスとパッドカスを効率良く排出させ、安定した制動力を維持します。余計な焼き入れは不要！購入後、ナラシをして頂くだけで、安心してお使い頂けます。プロジェクト・ミューでは純正比20パーセント強度アップをさせたスチールプレートを使用し、十分な強度を確保しております。<br><br>※左右セット <br><br>対応車種：ST202 カリーナED (S-LTD/X 年式：93.9～ 排気量：2000cc) <br><br>車検対応品<br><br>ブレーキ/ブレーキパッド<tr><td colspan=""2"">
<center><img src=""https://image.rakuten.co.jp/parts/cabinet/design/2017summertire2.jpg"" border=""0"" width=""800px""><br>
</td></tr></center>


<!--

<center>
<img src=""http://image.rakuten.co.jp/parts/cabinet/sale/201612ss_45_pc2.gif"" border=""0"" width=""800px"">
</center><br><br>
<center>
<img src=""http://image.rakuten.co.jp/parts/cabinet/sale/conbini201612pc.jpg"" border=""0"" width=""800px""
><br>

-->



<!--

<style type=""text/css"">
body{

background-image: url(""http://image.rakuten.co.jp/parts/cabinet/sale/36_shop_100x600.gif"");

background-repeat:repeat-y;
background-attachment:scroll;
background-position: right;

}
</style>-->",ブレーキ パッド Projectμ(プロジェクトμ) R777 ブレーキパッド　フロント ST202 カリーナED (S-LTD/X 93.9～)：ＰＡＲＴＳ,ヘッドライトテールライトコーナーライトサイドマーカーカーボンアンテナドアミラーエアロメーターパネルリップスポイラーウイングホイールカバーペダル車高調ブレーキドライブレコーダーワイパーグリルボンネットローダウンブレーキ パッド Projectμ(プロジェクトμ) R777 ブレーキパッド　フロント ST202 カリーナED (S-LTD/X 93.9～),プロミュー ブレーキ パッド Projectμ(プロジェクトミュー)。ブレーキ パッド Projectμ(プロジェクトμ) R777 ブレーキパッド　フロント ST202 カリーナED (S-LTD/X 93.9～)[rn]
5-42881,http://tshop.r10s.jp/parts/cabinet/detail-aa53/aa53-pm-r777.jpg?fitin=700:700,18144.0000,,車用品・バイク用品 > カー用品 > ブレーキ > ブレーキパッド > 国産車用,ブレーキ パッド Projectμ(プロジェクトμ) R777 ブレーキパッド　フロント DE3A FTO (GPX/GPSP/GPR/GPX 94.10～),プロミュー ブレーキ パッド Projectμ(プロジェクトミュー),"スポーツパッドの約5倍以上の耐摩耗性を誇りスプリントから耐久レースまで使用できるハイパフォーマンスブレーキパッド。 ■材質：カーボンメタル ■温度域：300～800℃ ■摩擦係数：0.40～0.55μ <br><br>ブレーキパッドのセンターに配置されたスリットが、ガスとパッドカスを効率良く排出させ、安定した制動力を維持します。余計な焼き入れは不要！購入後、ナラシをして頂くだけで、安心してお使い頂けます。プロジェクト・ミューでは純正比20パーセント強度アップをさせたスチールプレートを使用し、十分な強度を確保しております。<br><br>※左右セット <br><br>対応車種：DE3A FTO (GPX/GPSP/GPR/GPX 年式：94.10～ 排気量：2000cc) <br><br>車検対応品<br><br>ブレーキ/ブレーキパッド<tr><td colspan=""2"">
<center><img src=""https://image.rakuten.co.jp/parts/cabinet/design/2017summertire2.jpg"" border=""0"" width=""800px""><br>
</td></tr></center>


<!--

<center>
<img src=""http://image.rakuten.co.jp/parts/cabinet/sale/201612ss_45_pc2.gif"" border=""0"" width=""800px"">
</center><br><br>
<center>
<img src=""http://image.rakuten.co.jp/parts/cabinet/sale/conbini201612pc.jpg"" border=""0"" width=""800px""
><br>

-->



<!--

<style type=""text/css"">
body{

background-image: url(""http://image.rakuten.co.jp/parts/cabinet/sale/36_shop_100x600.gif"");

background-repeat:repeat-y;
background-attachment:scroll;
background-position: right;

}
</style>-->",ブレーキ パッド Projectμ(プロジェクトμ) R777 ブレーキパッド　フロント DE3A FTO (GPX/GPSP/GPR/GPX 94.10～)：ＰＡＲＴＳ,ヘッドライトテールライトコーナーライトサイドマーカーカーボンアンテナドアミラーエアロメーターパネルリップスポイラーウイングホイールカバーペダル車高調ブレーキドライブレコーダーワイパーグリルボンネットローダウンブレーキ パッド Projectμ(プロジェクトμ) R777 ブレーキパッド　フロント DE3A FTO (GPX/GPSP/GPR/GPX 94.10～),プロミュー ブレーキ パッド Projectμ(プロジェクトミュー)。ブレーキ パッド Projectμ(プロジェクトμ) R777 ブレーキパッド　フロント DE3A FTO (GPX/GPSP/GPR/GPX 94.10～)[rn]
5-42882,http://tshop.r10s.jp/parts/cabinet/detail-aa53/aa53-pm-bspec.jpg?fitin=700:700,8213.6000,,車用品・バイク用品 > カー用品 > ブレーキ > ブレーキパッド > 国産車用,Projectμ(プロジェクトμ) B-SPEC ブレーキパッド　リア PS13 シルビア (ターボ 91.1～93.10),ブレーキパーツの総合メーカー、プロジェクト・ミュー,"スポーツ走行まで対応の確かな制動力と耐フェード性の向上を実現しながら、お求めやすい価格におさえたモデル。 ■材質：ノンアスベスト ■温度域：0～500℃ ■摩擦係数：0.32～0.45μ <br><br>ブレーキパッドのセンターに配置されたスリットが、ガスとパッドカスを効率良く排出させ、安定した制動力を維持します。余計な焼き入れは不要！購入後、ナラシをして頂くだけで、安心してお使い頂けます。プロジェクト・ミューでは純正比20パーセント強度アップをさせたスチールプレートを使用し、十分な強度を確保しております。<br><br>※左右セット <br><br>対応車種：PS13 シルビア (ターボ 年式：91.1～93.10 排気量：2000cc) <br><br>車検対応品<br><br>ブレーキ/ブレーキパッド<tr><td colspan=""2"">
<center><img src=""https://image.rakuten.co.jp/parts/cabinet/design/2017summertire2.jpg"" border=""0"" width=""800px""><br>
</td></tr></center>


<!--

<center>
<img src=""http://image.rakuten.co.jp/parts/cabinet/sale/201612ss_45_pc2.gif"" border=""0"" width=""800px"">
</center><br><br>
<center>
<img src=""http://image.rakuten.co.jp/parts/cabinet/sale/conbini201612pc.jpg"" border=""0"" width=""800px""
><br>

-->



<!--

<style type=""text/css"">
body{

background-image: url(""http://image.rakuten.co.jp/parts/cabinet/sale/36_shop_100x600.gif"");

background-repeat:repeat-y;
background-attachment:scroll;
background-position: right;

}
</style>-->",Projectμ(プロジェクトμ) B-SPEC ブレーキパッド　リア PS13 シルビア (ターボ 91.1～93.10)：ＰＡＲＴＳ,ヘッドライトテールライトコーナーライトサイドマーカーカーボンアンテナドアミラーエアロメーターパネルリップスポイラーウイングホイールカバーペダル車高調ブレーキドライブレコーダーワイパーグリルボンネットローダウンProjectμ(プロジェクトμ) B-SPEC ブレーキパッド　リア PS13 シルビア (ターボ 91.1～93.10),ブレーキパーツの総合メーカー、プロジェクト・ミュー。Projectμ(プロジェクトμ) B-SPEC ブレーキパッド　リア PS13 シルビア (ターボ 91.1～93.10)[rn]
5-42883,http://tshop.r10s.jp/parts/cabinet/detail-aa53/aa53-pm-boom.jpg?fitin=700:700,9055.2000,,車用品・バイク用品 > カー用品 > ブレーキ > ブレーキパッド > 国産車用,ブレーキ パッド Projectμ(プロジェクトμ) BooM WAGON ブレーキパッド　リア KSC33 ローレル (ABS無　リアディスク車 90.4～93.1),プロミュー ブレーキ パッド Projectμ(プロジェクトミュー),"重いボディーとホイールのインチアップに伴う制動力の不足を補い、安定した性能を発揮するミニバン・ワゴン専用モデル。 ■材質：ノンアスベスト ■温度域：0～450℃  ■摩擦係数：0.36～0.43μ <br><br>ブレーキパッドのセンターに配置されたスリットが、ガスとパッドカスを効率良く排出させ、安定した制動力を維持します。余計な焼き入れは不要！購入後、ナラシをして頂くだけで、安心してお使い頂けます。プロジェクト・ミューでは純正比20パーセント強度アップをさせたスチールプレートを使用し、十分な強度を確保しております。<br><br>※左右セット <br><br>対応車種：KSC33 ローレル (ABS無　リアディスク車 年式：90.4～93.1 排気量：2800cc) <br><br>車検対応品<br><br>ブレーキ/ブレーキパッド<tr><td colspan=""2"">
<center><img src=""https://image.rakuten.co.jp/parts/cabinet/design/2017summertire2.jpg"" border=""0"" width=""800px""><br>
</td></tr></center>


<!--

<center>
<img src=""http://image.rakuten.co.jp/parts/cabinet/sale/201612ss_45_pc2.gif"" border=""0"" width=""800px"">
</center><br><br>
<center>
<img src=""http://image.rakuten.co.jp/parts/cabinet/sale/conbini201612pc.jpg"" border=""0"" width=""800px""
><br>

-->



<!--

<style type=""text/css"">
body{

background-image: url(""http://image.rakuten.co.jp/parts/cabinet/sale/36_shop_100x600.gif"");

background-repeat:repeat-y;
background-attachment:scroll;
background-position: right;

}
</style>-->",ブレーキ パッド Projectμ(プロジェクトμ) BooM WAGON ブレーキパッド　リア KSC33 ローレル (ABS無　リアディスク車 90.4～93.1)：ＰＡＲＴＳ,ヘッドライトテールライトコーナーライトサイドマーカーカーボンアンテナドアミラーエアロメーターパネルリップスポイラーウイングホイールカバーペダル車高調ブレーキドライブレコーダーワイパーグリルボンネットローダウンブレーキ パッド Projectμ(プロジェクトμ) BooM WAGON ブレーキパッド　リア KSC33 ローレル (ABS無　リアディスク車 90.4～93.1),プロミュー ブレーキ パッド Projectμ(プロジェクトミュー)。ブレーキ パッド Projectμ(プロジェクトμ) BooM WAGON ブレーキパッド　リア KSC33 ローレル (ABS無　リアディスク車 90.4～93.1)[rn]
5-42884,http://tshop.r10s.jp/parts/cabinet/detail-aa53/aa53-pm-bspec.jpg?fitin=700:700,8213.6000,,車用品・バイク用品 > カー用品 > ブレーキ > ブレーキパッド > 国産車用,Projectμ(プロジェクトμ) B-SPEC ブレーキパッド　リア BJ5P ファミリア (RS 00.9～03.10),ブレーキパーツの総合メーカー、プロジェクト・ミュー,"スポーツ走行まで対応の確かな制動力と耐フェード性の向上を実現しながら、お求めやすい価格におさえたモデル。 ■材質：ノンアスベスト ■温度域：0～500℃ ■摩擦係数：0.32～0.45μ <br><br>ブレーキパッドのセンターに配置されたスリットが、ガスとパッドカスを効率良く排出させ、安定した制動力を維持します。余計な焼き入れは不要！購入後、ナラシをして頂くだけで、安心してお使い頂けます。プロジェクト・ミューでは純正比20パーセント強度アップをさせたスチールプレートを使用し、十分な強度を確保しております。<br><br>※左右セット <br><br>対応車種：BJ5P ファミリア (RS 年式：00.9～03.10 排気量：1300～2000cc) <br><br>車検対応品<br><br>ブレーキ/ブレーキパッド<tr><td colspan=""2"">
<center><img src=""https://image.rakuten.co.jp/parts/cabinet/design/2017summertire2.jpg"" border=""0"" width=""800px""><br>
</td></tr></center>


<!--

<center>
<img src=""http://image.rakuten.co.jp/parts/cabinet/sale/201612ss_45_pc2.gif"" border=""0"" width=""800px"">
</center><br><br>
<center>
<img src=""http://image.rakuten.co.jp/parts/cabinet/sale/conbini201612pc.jpg"" border=""0"" width=""800px""
><br>

-->



<!--

<style type=""text/css"">
body{

background-image: url(""http://image.rakuten.co.jp/parts/cabinet/sale/36_shop_100x600.gif"");

background-repeat:repeat-y;
background-attachment:scroll;
background-position: right;

}
</style>-->",Projectμ(プロジェクトμ) B-SPEC ブレーキパッド　リア BJ5P ファミリア (RS 00.9～03.10)：ＰＡＲＴＳ,ヘッドライトテールライトコーナーライトサイドマーカーカーボンアンテナドアミラーエアロメーターパネルリップスポイラーウイングホイールカバーペダル車高調ブレーキドライブレコーダーワイパーグリルボンネットローダウンProjectμ(プロジェクトμ) B-SPEC ブレーキパッド　リア BJ5P ファミリア (RS 00.9～03.10),ブレーキパーツの総合メーカー、プロジェクト・ミュー。Projectμ(プロジェクトμ) B-SPEC ブレーキパッド　リア BJ5P ファミリア (RS 00.9～03.10)[rn]
5-42885,http://tshop.r10s.jp/parts/cabinet/detail-aa53/aa53-pm-r777.jpg?fitin=700:700,18144.0000,,車用品・バイク用品 > カー用品 > ブレーキ > ブレーキパッド > 国産車用,ブレーキ パッド Projectμ(プロジェクトμ) R777 ブレーキパッド　フロント EC5A ギャラン (96.7～),プロミュー ブレーキ パッド Projectμ(プロジェクトミュー),"スポーツパッドの約5倍以上の耐摩耗性を誇りスプリントから耐久レースまで使用できるハイパフォーマンスブレーキパッド。 ■材質：カーボンメタル ■温度域：300～800℃ ■摩擦係数：0.40～0.55μ <br><br>ブレーキパッドのセンターに配置されたスリットが、ガスとパッドカスを効率良く排出させ、安定した制動力を維持します。余計な焼き入れは不要！購入後、ナラシをして頂くだけで、安心してお使い頂けます。プロジェクト・ミューでは純正比20パーセント強度アップをさせたスチールプレートを使用し、十分な強度を確保しております。<br><br>※左右セット <br><br>対応車種：EC5A ギャラン (年式：96.7～ 排気量：200024002519cc) <br><br>車検対応品<br><br>ブレーキ/ブレーキパッド<tr><td colspan=""2"">
<center><img src=""https://image.rakuten.co.jp/parts/cabinet/design/2017summertire2.jpg"" border=""0"" width=""800px""><br>
</td></tr></center>


<!--

<center>
<img src=""http://image.rakuten.co.jp/parts/cabinet/sale/201612ss_45_pc2.gif"" border=""0"" width=""800px"">
</center><br><br>
<center>
<img src=""http://image.rakuten.co.jp/parts/cabinet/sale/conbini201612pc.jpg"" border=""0"" width=""800px""
><br>

-->



<!--

<style type=""text/css"">
body{

background-image: url(""http://image.rakuten.co.jp/parts/cabinet/sale/36_shop_100x600.gif"");

background-repeat:repeat-y;
background-attachment:scroll;
background-position: right;

}
</style>-->",ブレーキ パッド Projectμ(プロジェクトμ) R777 ブレーキパッド　フロント EC5A ギャラン (96.7～)：ＰＡＲＴＳ,ヘッドライトテールライトコーナーライトサイドマーカーカーボンアンテナドアミラーエアロメーターパネルリップスポイラーウイングホイールカバーペダル車高調ブレーキドライブレコーダーワイパーグリルボンネットローダウンブレーキ パッド Projectμ(プロジェクトμ) R777 ブレーキパッド　フロント EC5A ギャラン (96.7～),プロミュー ブレーキ パッド Projectμ(プロジェクトミュー)。ブレーキ パッド Projectμ(プロジェクトμ) R777 ブレーキパッド　フロント EC5A ギャラン (96.7～)[rn]
5-42886,http://tshop.r10s.jp/parts/cabinet/detail-aa53/aa53-pm-ns.jpg?fitin=700:700,7761.6000,,車用品・バイク用品 > カー用品 > ブレーキ > ブレーキパッド > 国産車用,ブレーキ パッド Projectμ(プロジェクトμ) TYPE NS ブレーキパッド　フロント UZS171/175 クラウンマジェスタ (99.9～04.6),プロミュー ブレーキ パッド Projectμ(プロジェクトミュー),"純正ブレーキパッドをトータル的に性能アップさせ、不快なブレーキダストやノイズまで低減させたストリート専用モデル。 ■材質：ノンアスベストノンスチール ■温度域：0～400℃ ■摩擦係数：0.37～0.40μ <br><br>ブレーキパッドのセンターに配置されたスリットが、ガスとパッドカスを効率良く排出させ、安定した制動力を維持します。余計な焼き入れは不要！購入後、ナラシをして頂くだけで、安心してお使い頂けます。プロジェクト・ミューでは純正比20パーセント強度アップをさせたスチールプレートを使用し、十分な強度を確保しております。<br><br>※左右セット <br><br>対応車種：UZS171/175 クラウンマジェスタ (年式：99.9～04.6 排気量：4000cc) <br><br>車検対応品<br><br>ブレーキ/ブレーキパッド<tr><td colspan=""2"">
<center><img src=""https://image.rakuten.co.jp/parts/cabinet/design/2017summertire2.jpg"" border=""0"" width=""800px""><br>
</td></tr></center>


<!--

<center>
<img src=""http://image.rakuten.co.jp/parts/cabinet/sale/201612ss_45_pc2.gif"" border=""0"" width=""800px"">
</center><br><br>
<center>
<img src=""http://image.rakuten.co.jp/parts/cabinet/sale/conbini201612pc.jpg"" border=""0"" width=""800px""
><br>

-->



<!--

<style type=""text/css"">
body{

background-image: url(""http://image.rakuten.co.jp/parts/cabinet/sale/36_shop_100x600.gif"");

background-repeat:repeat-y;
background-attachment:scroll;
background-position: right;

}
</style>-->",ブレーキ パッド Projectμ(プロジェクトμ) TYPE NS ブレーキパッド　フロント UZS171/175 クラウンマジェスタ (99.9～04.6)：ＰＡＲＴＳ,ヘッドライトテールライトコーナーライトサイドマーカーカーボンアンテナドアミラーエアロメーターパネルリップスポイラーウイングホイールカバーペダル車高調ブレーキドライブレコーダーワイパーグリルボンネットローダウンブレーキ パッド Projectμ(プロジェクトμ) TYPE NS ブレーキパッド　フロント UZS171/175 クラウンマジェスタ (99.9～04.6),プロミュー ブレーキ パッド Projectμ(プロジェクトミュー)。ブレーキ パッド Projectμ(プロジェクトμ) TYPE NS ブレーキパッド　フロント UZS171/175 クラウンマジェスタ (99.9～04.6)[rn]
5-42887,http://tshop.r10s.jp/parts/cabinet/detail-aa53/aa53-pm-r777.jpg?fitin=700:700,16692.8000,,車用品・バイク用品 > カー用品 > ブレーキ > ブレーキパッド > 国産車用,ブレーキ パッド Projectμ(プロジェクトμ) R777 ブレーキパッド　リア ECR33 スカイライン (ターボ 93.8～98.6),プロミュー ブレーキ パッド Projectμ(プロジェクトミュー),"スポーツパッドの約5倍以上の耐摩耗性を誇りスプリントから耐久レースまで使用できるハイパフォーマンスブレーキパッド。 ■材質：カーボンメタル ■温度域：300～800℃ ■摩擦係数：0.40～0.55μ <br><br>ブレーキパッドのセンターに配置されたスリットが、ガスとパッドカスを効率良く排出させ、安定した制動力を維持します。余計な焼き入れは不要！購入後、ナラシをして頂くだけで、安心してお使い頂けます。プロジェクト・ミューでは純正比20パーセント強度アップをさせたスチールプレートを使用し、十分な強度を確保しております。<br><br>※左右セット <br><br>対応車種：ECR33 スカイライン (ターボ 年式：93.8～98.6 排気量：2500cc) <br><br>車検対応品<br><br>ブレーキ/ブレーキパッド<tr><td colspan=""2"">
<center><img src=""https://image.rakuten.co.jp/parts/cabinet/design/2017summertire2.jpg"" border=""0"" width=""800px""><br>
</td></tr></center>


<!--

<center>
<img src=""http://image.rakuten.co.jp/parts/cabinet/sale/201612ss_45_pc2.gif"" border=""0"" width=""800px"">
</center><br><br>
<center>
<img src=""http://image.rakuten.co.jp/parts/cabinet/sale/conbini201612pc.jpg"" border=""0"" width=""800px""
><br>

-->



<!--

<style type=""text/css"">
body{

background-image: url(""http://image.rakuten.co.jp/parts/cabinet/sale/36_shop_100x600.gif"");

background-repeat:repeat-y;
background-attachment:scroll;
background-position: right;

}
</style>-->",ブレーキ パッド Projectμ(プロジェクトμ) R777 ブレーキパッド　リア ECR33 スカイライン (ターボ 93.8～98.6)：ＰＡＲＴＳ,ヘッドライトテールライトコーナーライトサイドマーカーカーボンアンテナドアミラーエアロメーターパネルリップスポイラーウイングホイールカバーペダル車高調ブレーキドライブレコーダーワイパーグリルボンネットローダウンブレーキ パッド Projectμ(プロジェクトμ) R777 ブレーキパッド　リア ECR33 スカイライン (ターボ 93.8～98.6),プロミュー ブレーキ パッド Projectμ(プロジェクトミュー)。ブレーキ パッド Projectμ(プロジェクトμ) R777 ブレーキパッド　リア ECR33 スカイライン (ターボ 93.8～98.6)[rn]
5-42888,http://tshop.r10s.jp/parts/cabinet/detail-aa53/aa53-p-nsc.jpg?fitin=700:700,9435.2000,,車用品・バイク用品 > カー用品 > ブレーキ > ブレーキパッド > 国産車用,ブレーキ パッド Projectμ(プロジェクトミュー) TYPE NS-C ブレーキパッド　フロント RJ1 Ｒ1 (05.1～),プロミュー ブレーキ パッド Projectμ(プロジェクトミュー),"純正ブレーキパッドをトータル的に性能アップさせ、不快なブレーキダストやノイズまで低減させ、更に市街地から高速走行まで、ドライバーに心地良いブレーキフィールをもたらします。　■材質：ノンアスベストノンスチール　　■温度域：0～400℃  　■摩擦係数：0.34～0.38μ<br><br>ブレーキパッドのセンターに配置されたスリットが、ガスとパッドカスを効率良く排出させ、安定した制動力を維持します。余計な焼き入れは不要！購入後、ナラシをして頂くだけで、安心してお使い頂けます。プロジェクト・ミューでは純正比20パーセント強度アップをさせたスチールプレートを使用し、十分な強度を確保しております。　<br><br>※左右セット<br><br>対応車種：RJ1 Ｒ1 (年式：05.1～ 排気量：660cc)<br><br>車検対応品<br><br>ブレーキ | ブレーキパッド<tr><td colspan=""2"">
<center><img src=""https://image.rakuten.co.jp/parts/cabinet/design/2017summertire2.jpg"" border=""0"" width=""800px""><br>
</td></tr></center>


<!--

<center>
<img src=""http://image.rakuten.co.jp/parts/cabinet/sale/201612ss_45_pc2.gif"" border=""0"" width=""800px"">
</center><br><br>
<center>
<img src=""http://image.rakuten.co.jp/parts/cabinet/sale/conbini201612pc.jpg"" border=""0"" width=""800px""
><br>

-->



<!--

<style type=""text/css"">
body{

background-image: url(""http://image.rakuten.co.jp/parts/cabinet/sale/36_shop_100x600.gif"");

background-repeat:repeat-y;
background-attachment:scroll;
background-position: right;

}
</style>-->",ブレーキ パッド Projectμ(プロジェクトミュー) TYPE NS-C ブレーキパッド　フロント RJ1 Ｒ1 (05.1～)：ＰＡＲＴＳ,ヘッドライトテールライトコーナーライトサイドマーカーカーボンアンテナドアミラーエアロメーターパネルリップスポイラーウイングホイールカバーペダル車高調ブレーキドライブレコーダーワイパーグリルボンネットローダウンブレーキ パッド Projectμ(プロジェクトミュー) TYPE NS-C ブレーキパッド　フロント RJ1 Ｒ1 (05.1～),プロミュー ブレーキ パッド Projectμ(プロジェクトミュー)。ブレーキ パッド Projectμ(プロジェクトミュー) TYPE NS-C ブレーキパッド　フロント RJ1 Ｒ1 (05.1～)[rn]
5-42889,http://tshop.r10s.jp/parts/cabinet/detail-aa53/aa53-pm-n1racing.jpg?fitin=700:700,14229.6000,,車用品・バイク用品 > カー用品 > ブレーキ > ブレーキパッド > 国産車用,ブレーキ パッド Projectμ(プロジェクトμ) N1-Racing ブレーキパッド　リア V24V/24W/24WG/44W/44WG パジェロ (ABS付 91.1～),プロミュー ブレーキ パッド Projectμ(プロジェクトミュー),"軽量FR車、1500cc以下のFF車において、コントロール性を重視した走りに最適なセミ耐久レース専用パッド。また、FF車にRACING777/999を使用した際のリア用パッドとして最適です。　■材質：ノンアスベスト　■温度域：100～800℃ ■摩擦係数：0.33～0.50μ <br><br>ブレーキパッドのセンターに配置されたスリットが、ガスとパッドカスを効率良く排出させ、安定した制動力を維持します。余計な焼き入れは不要！購入後、ナラシをして頂くだけで、安心してお使い頂けます。プロジェクト・ミューでは純正比20パーセント強度アップをさせたスチールプレートを使用し、十分な強度を確保しております。<br><br>※左右セット <br><br>対応車種：V24V/24W/24WG/44W/44WG パジェロ (ABS付 年式：91.1～ 排気量：2500cc) <br><br>車検対応品<br><br>ブレーキ/ブレーキパッド<tr><td colspan=""2"">
<center><img src=""https://image.rakuten.co.jp/parts/cabinet/design/2017summertire2.jpg"" border=""0"" width=""800px""><br>
</td></tr></center>


<!--

<center>
<img src=""http://image.rakuten.co.jp/parts/cabinet/sale/201612ss_45_pc2.gif"" border=""0"" width=""800px"">
</center><br><br>
<center>
<img src=""http://image.rakuten.co.jp/parts/cabinet/sale/conbini201612pc.jpg"" border=""0"" width=""800px""
><br>

-->



<!--

<style type=""text/css"">
body{

background-image: url(""http://image.rakuten.co.jp/parts/cabinet/sale/36_shop_100x600.gif"");

background-repeat:repeat-y;
background-attachment:scroll;
background-position: right;

}
</style>-->",ブレーキ パッド Projectμ(プロジェクトμ) N1-Racing ブレーキパッド　リア V24V/24W/24WG/44W/44WG パジェロ (ABS付 91.1～)：ＰＡＲＴＳ,ヘッドライトテールライトコーナーライトサイドマーカーカーボンアンテナドアミラーエアロメーターパネルリップスポイラーウイングホイールカバーペダル車高調ブレーキドライブレコーダーワイパーグリルボンネットローダウンブレーキ パッド Projectμ(プロジェクトμ) N1-Racing ブレーキパッド　リア V24V/24W/24WG/44W/44WG パジェロ (ABS付 91.1～),プロミュー ブレーキ パッド Projectμ(プロジェクトミュー)。ブレーキ パッド Projectμ(プロジェクトμ) N1-Racing ブレーキパッド　リア V24V/24W/24WG/44W/44WG パジェロ (ABS付 91.1～)[rn]
5-42890,http://tshop.r10s.jp/parts/cabinet/detail-aa53/aa53-pm-bspec.jpg?fitin=700:700,8213.6000,,車用品・バイク用品 > カー用品 > ブレーキ > ブレーキパッド > 国産車用,Projectμ(プロジェクトμ) B-SPEC ブレーキパッド　リア AE101 カローラレビン (リヤディスクブレーキ車 91.6～95.5),ブレーキパーツの総合メーカー、プロジェクト・ミュー,"スポーツ走行まで対応の確かな制動力と耐フェード性の向上を実現しながら、お求めやすい価格におさえたモデル。 ■材質：ノンアスベスト ■温度域：0～500℃ ■摩擦係数：0.32～0.45μ <br><br>ブレーキパッドのセンターに配置されたスリットが、ガスとパッドカスを効率良く排出させ、安定した制動力を維持します。余計な焼き入れは不要！購入後、ナラシをして頂くだけで、安心してお使い頂けます。プロジェクト・ミューでは純正比20パーセント強度アップをさせたスチールプレートを使用し、十分な強度を確保しております。<br><br>※左右セット <br><br>対応車種：AE101 カローラレビン (リヤディスクブレーキ車 年式：91.6～95.5 排気量：1600cc) <br><br>車検対応品<br><br>ブレーキ/ブレーキパッド<tr><td colspan=""2"">
<center><img src=""https://image.rakuten.co.jp/parts/cabinet/design/2017summertire2.jpg"" border=""0"" width=""800px""><br>
</td></tr></center>


<!--

<center>
<img src=""http://image.rakuten.co.jp/parts/cabinet/sale/201612ss_45_pc2.gif"" border=""0"" width=""800px"">
</center><br><br>
<center>
<img src=""http://image.rakuten.co.jp/parts/cabinet/sale/conbini201612pc.jpg"" border=""0"" width=""800px""
><br>

-->



<!--

<style type=""text/css"">
body{

background-image: url(""http://image.rakuten.co.jp/parts/cabinet/sale/36_shop_100x600.gif"");

background-repeat:repeat-y;
background-attachment:scroll;
background-position: right;

}
</style>-->",Projectμ(プロジェクトμ) B-SPEC ブレーキパッド　リア AE101 カローラレビン (リヤディスクブレーキ車 91.6～95.5)：ＰＡＲＴＳ,ヘッドライトテールライトコーナーライトサイドマーカーカーボンアンテナドアミラーエアロメーターパネルリップスポイラーウイングホイールカバーペダル車高調ブレーキドライブレコーダーワイパーグリルボンネットローダウンProjectμ(プロジェクトμ) B-SPEC ブレーキパッド　リア AE101 カローラレビン (リヤディスクブレーキ車 91.6～95.5),ブレーキパーツの総合メーカー、プロジェクト・ミュー。Projectμ(プロジェクトμ) B-SPEC ブレーキパッド　リア AE101 カローラレビン (リヤディスクブレーキ車 91.6～95.5)[rn]
5-42891,http://tshop.r10s.jp/parts/cabinet/detail-aa53/aa53-pm-typehccs.jpg?fitin=700:700,14876.0000,,車用品・バイク用品 > カー用品 > ブレーキ > ブレーキパッド > 国産車用,ブレーキ パッド Projectμ(プロジェクトμ) TYPE HC-CS ブレーキパッド　フロント EPFW トリビュート (00.11～),プロミュー ブレーキ パッド Projectμ(プロジェクトミュー),"幅広い温度域で安定したコントロール性能を持続。「TYPE HC＋」をベースに新開発した、普段の街乗りからサーキット走行会まで対応。「CS=サーキット スペック」の名前の通り、細やかなブレーキングコントロールが重要となるサーキットにおいて、踏力に応じたリニアなコントロール性を発揮します。また、カーボン皮膜によるローター攻撃性の少なさ、全領域で安定した制動力の維持など、ブレーキへの安心感がドライバーの負担を軽減。 ■材質：カーボンメタル　■温度域：50～800℃　■摩擦係数：0.41～0.50μ ■推奨タイ <br><br>ブレーキパッドのセンターに配置されたスリットが、ガスとパッドカスを効率良く排出させ、安定した制動力を維持します。余計な焼き入れは不要！購入後、ナラシをして頂くだけで、安心してお使い頂けます。プロジェクト・ミューでは純正比20パーセント強度アップをさせたスチールプレートを使用し、十分な強度を確保しております。<br><br>※左右セット <br><br>対応車種：EPFW トリビュート (年式：00.11～ 排気量：3000cc) <br><br>車検対応品<br><br>ブレーキ/ブレーキパッド<tr><td colspan=""2"">
<center><img src=""https://image.rakuten.co.jp/parts/cabinet/design/2017summertire2.jpg"" border=""0"" width=""800px""><br>
</td></tr></center>


<!--

<center>
<img src=""http://image.rakuten.co.jp/parts/cabinet/sale/201612ss_45_pc2.gif"" border=""0"" width=""800px"">
</center><br><br>
<center>
<img src=""http://image.rakuten.co.jp/parts/cabinet/sale/conbini201612pc.jpg"" border=""0"" width=""800px""
><br>

-->



<!--

<style type=""text/css"">
body{

background-image: url(""http://image.rakuten.co.jp/parts/cabinet/sale/36_shop_100x600.gif"");

background-repeat:repeat-y;
background-attachment:scroll;
background-position: right;

}
</style>-->",ブレーキ パッド Projectμ(プロジェクトμ) TYPE HC-CS ブレーキパッド　フロント EPFW トリビュート (00.11～)：ＰＡＲＴＳ,ヘッドライトテールライトコーナーライトサイドマーカーカーボンアンテナドアミラーエアロメーターパネルリップスポイラーウイングホイールカバーペダル車高調ブレーキドライブレコーダーワイパーグリルボンネットローダウンブレーキ パッド Projectμ(プロジェクトμ) TYPE HC-CS ブレーキパッド　フロント EPFW トリビュート (00.11～),プロミュー ブレーキ パッド Projectμ(プロジェクトミュー)。ブレーキ パッド Projectμ(プロジェクトμ) TYPE HC-CS ブレーキパッド　フロント EPFW トリビュート (00.11～)[rn]
5-42892,http://tshop.r10s.jp/parts/cabinet/detail-aa53/aa53-p-nsc.jpg?fitin=700:700,9435.2000,,車用品・バイク用品 > カー用品 > ブレーキ > ブレーキパッド > 国産車用,ブレーキ パッド Projectμ(プロジェクトミュー) TYPE NS-C ブレーキパッド　フロント PB6W デリカワゴン・スターワゴン・スペースギア (94.3～),プロミュー ブレーキ パッド Projectμ(プロジェクトミュー),"純正ブレーキパッドをトータル的に性能アップさせ、不快なブレーキダストやノイズまで低減させ、更に市街地から高速走行まで、ドライバーに心地良いブレーキフィールをもたらします。　■材質：ノンアスベストノンスチール　　■温度域：0～400℃  　■摩擦係数：0.34～0.38μ<br><br>ブレーキパッドのセンターに配置されたスリットが、ガスとパッドカスを効率良く排出させ、安定した制動力を維持します。余計な焼き入れは不要！購入後、ナラシをして頂くだけで、安心してお使い頂けます。プロジェクト・ミューでは純正比20パーセント強度アップをさせたスチールプレートを使用し、十分な強度を確保しております。　<br><br>※左右セット<br><br>対応車種：PB6W デリカワゴン・スターワゴン・スペースギア (年式：94.3～ 排気量：3000cc)<br><br>車検対応品<br><br>ブレーキ | ブレーキパッド<tr><td colspan=""2"">
<center><img src=""https://image.rakuten.co.jp/parts/cabinet/design/2017summertire2.jpg"" border=""0"" width=""800px""><br>
</td></tr></center>


<!--

<center>
<img src=""http://image.rakuten.co.jp/parts/cabinet/sale/201612ss_45_pc2.gif"" border=""0"" width=""800px"">
</center><br><br>
<center>
<img src=""http://image.rakuten.co.jp/parts/cabinet/sale/conbini201612pc.jpg"" border=""0"" width=""800px""
><br>

-->



<!--

<style type=""text/css"">
body{

background-image: url(""http://image.rakuten.co.jp/parts/cabinet/sale/36_shop_100x600.gif"");

background-repeat:repeat-y;
background-attachment:scroll;
background-position: right;

}
</style>-->",ブレーキ パッド Projectμ(プロジェクトミュー) TYPE NS-C ブレーキパッド　フロント PB6W デリカワゴン・スターワゴン・スペースギア (94.3～)：ＰＡＲＴＳ,ヘッドライトテールライトコーナーライトサイドマーカーカーボンアンテナドアミラーエアロメーターパネルリップスポイラーウイングホイールカバーペダル車高調ブレーキドライブレコーダーワイパーグリルボンネットローダウンブレーキ パッド Projectμ(プロジェクトミュー) TYPE NS-C ブレーキパッド　フロント PB6W デリカワゴン・スターワゴン・スペースギア (94.3～),プロミュー ブレーキ パッド Projectμ(プロジェクトミュー)。ブレーキ パッド Projectμ(プロジェクトミュー) TYPE NS-C ブレーキパッド　フロント PB6W デリカワゴン・スターワゴン・スペースギア (94.3～)[rn]
5-42893,http://tshop.r10s.jp/parts/cabinet/detail-aa53/aa53-pm-max900.jpg?fitin=700:700,16169.6000,,車用品・バイク用品 > カー用品 > ブレーキ > ブレーキパッド > 国産車用,ブレーキ パッド Projectμ(プロジェクトμ) LM900I ブレーキパッド　フロント BFMS/MP/MR/SP/SR/7P ファミリア (86.12～89.2),プロミュー ブレーキ パッド Projectμ(プロジェクトミュー),"ハイパフォーマンスカーでサーキットを攻めるための進化した高性能レベルマックス900i。 ■材質：カーボンメタル ■温度域：100～900℃ ■摩擦係数：0.45～0.60μ <br><br>ブレーキパッドのセンターに配置されたスリットが、ガスとパッドカスを効率良く排出させ、安定した制動力を維持します。余計な焼き入れは不要！購入後、ナラシをして頂くだけで、安心してお使い頂けます。プロジェクト・ミューでは純正比20パーセント強度アップをさせたスチールプレートを使用し、十分な強度を確保しております。<br><br>※左右セット <br><br>対応車種：BFMS/MP/MR/SP/SR/7P ファミリア (年式：86.12～89.2 排気量：1300～2000cc) <br><br>車検対応品<br><br>ブレーキ/ブレーキパッド<tr><td colspan=""2"">
<center><img src=""https://image.rakuten.co.jp/parts/cabinet/design/2017summertire2.jpg"" border=""0"" width=""800px""><br>
</td></tr></center>


<!--

<center>
<img src=""http://image.rakuten.co.jp/parts/cabinet/sale/201612ss_45_pc2.gif"" border=""0"" width=""800px"">
</center><br><br>
<center>
<img src=""http://image.rakuten.co.jp/parts/cabinet/sale/conbini201612pc.jpg"" border=""0"" width=""800px""
><br>

-->



<!--

<style type=""text/css"">
body{

background-image: url(""http://image.rakuten.co.jp/parts/cabinet/sale/36_shop_100x600.gif"");

background-repeat:repeat-y;
background-attachment:scroll;
background-position: right;

}
</style>-->",ブレーキ パッド Projectμ(プロジェクトμ) LM900I ブレーキパッド　フロント BFMS/MP/MR/SP/SR/7P ファミリア (86.12～89.2)：ＰＡＲＴＳ,ヘッドライトテールライトコーナーライトサイドマーカーカーボンアンテナドアミラーエアロメーターパネルリップスポイラーウイングホイールカバーペダル車高調ブレーキドライブレコーダーワイパーグリルボンネットローダウンブレーキ パッド Projectμ(プロジェクトμ) LM900I ブレーキパッド　フロント BFMS/MP/MR/SP/SR/7P ファミリア (86.12～89.2),プロミュー ブレーキ パッド Projectμ(プロジェクトミュー)。ブレーキ パッド Projectμ(プロジェクトμ) LM900I ブレーキパッド　フロント BFMS/MP/MR/SP/SR/7P ファミリア (86.12～89.2)[rn]
5-42894,http://tshop.r10s.jp/parts/cabinet/detail-aa53/aa53-pm-boom.jpg?fitin=700:700,9055.2000,,車用品・バイク用品 > カー用品 > ブレーキ > ブレーキパッド > 国産車用,ブレーキ パッド Projectμ(プロジェクトμ) BooM WAGON ブレーキパッド　リア CJ1/3 アスカ (97.11～),プロミュー ブレーキ パッド Projectμ(プロジェクトミュー),"重いボディーとホイールのインチアップに伴う制動力の不足を補い、安定した性能を発揮するミニバン・ワゴン専用モデル。 ■材質：ノンアスベスト ■温度域：0～450℃  ■摩擦係数：0.36～0.43μ <br><br>ブレーキパッドのセンターに配置されたスリットが、ガスとパッドカスを効率良く排出させ、安定した制動力を維持します。余計な焼き入れは不要！購入後、ナラシをして頂くだけで、安心してお使い頂けます。プロジェクト・ミューでは純正比20パーセント強度アップをさせたスチールプレートを使用し、十分な強度を確保しております。<br><br>※左右セット <br><br>対応車種：CJ1/3 アスカ (年式：97.11～ 排気量：2000cc) <br><br>車検対応品<br><br>ブレーキ/ブレーキパッド<tr><td colspan=""2"">
<center><img src=""https://image.rakuten.co.jp/parts/cabinet/design/2017summertire2.jpg"" border=""0"" width=""800px""><br>
</td></tr></center>


<!--

<center>
<img src=""http://image.rakuten.co.jp/parts/cabinet/sale/201612ss_45_pc2.gif"" border=""0"" width=""800px"">
</center><br><br>
<center>
<img src=""http://image.rakuten.co.jp/parts/cabinet/sale/conbini201612pc.jpg"" border=""0"" width=""800px""
><br>

-->



<!--

<style type=""text/css"">
body{

background-image: url(""http://image.rakuten.co.jp/parts/cabinet/sale/36_shop_100x600.gif"");

background-repeat:repeat-y;
background-attachment:scroll;
background-position: right;

}
</style>-->",ブレーキ パッド Projectμ(プロジェクトμ) BooM WAGON ブレーキパッド　リア CJ1/3 アスカ (97.11～)：ＰＡＲＴＳ,ヘッドライトテールライトコーナーライトサイドマーカーカーボンアンテナドアミラーエアロメーターパネルリップスポイラーウイングホイールカバーペダル車高調ブレーキドライブレコーダーワイパーグリルボンネットローダウンブレーキ パッド Projectμ(プロジェクトμ) BooM WAGON ブレーキパッド　リア CJ1/3 アスカ (97.11～),プロミュー ブレーキ パッド Projectμ(プロジェクトミュー)。ブレーキ パッド Projectμ(プロジェクトμ) BooM WAGON ブレーキパッド　リア CJ1/3 アスカ (97.11～)[rn]
5-42895,http://tshop.r10s.jp/parts/cabinet/detail-aa53/aa53-pm-typehc.jpg?fitin=700:700,14876.0000,,車用品・バイク用品 > カー用品 > ブレーキ > ブレーキパッド > 国産車用,ブレーキ パッド Projectμ(プロジェクトμ) TYPE HC＋ ブレーキパッド　フロント JZS171 クラウンワゴン・クラウンエステート (99.12～),プロミュー ブレーキ パッド Projectμ(プロジェクトミュー),"1994年にカーボン系スポーツパッド「TYPE HC」を市販（業界初）してから１５年。更なる進化を遂げた「TYPE HC＋」はディスク表面にカーボン被膜を形成させ、カーボンパッドの良さである高温度域での優れた効きとコントロール性を実現させました。街乗りからワインディング、サーキットまで使用できるストリート最強モデルです。 ■材質：カーボンメタル■温度域：0～800℃ ■摩擦係数：0.43～0.58μ  <br><br>ブレーキパッドのセンターに配置されたスリットが、ガスとパッドカスを効率良く排出させ、安定した制動力を維持します。余計な焼き入れは不要！購入後、ナラシをして頂くだけで、安心してお使い頂けます。プロジェクト・ミューでは純正比20パーセント強度アップをさせたスチールプレートを使用し、十分な強度を確保しております。<br><br>※左右セット <br><br>対応車種：JZS171 クラウンワゴン・クラウンエステート (年式：99.12～ 排気量：2500cc) <br><br>車検対応品<br><br>ブレーキ/ブレーキパッド<tr><td colspan=""2"">
<center><img src=""https://image.rakuten.co.jp/parts/cabinet/design/2017summertire2.jpg"" border=""0"" width=""800px""><br>
</td></tr></center>


<!--

<center>
<img src=""http://image.rakuten.co.jp/parts/cabinet/sale/201612ss_45_pc2.gif"" border=""0"" width=""800px"">
</center><br><br>
<center>
<img src=""http://image.rakuten.co.jp/parts/cabinet/sale/conbini201612pc.jpg"" border=""0"" width=""800px""
><br>

-->



<!--

<style type=""text/css"">
body{

background-image: url(""http://image.rakuten.co.jp/parts/cabinet/sale/36_shop_100x600.gif"");

background-repeat:repeat-y;
background-attachment:scroll;
background-position: right;

}
</style>-->",ブレーキ パッド Projectμ(プロジェクトμ) TYPE HC＋ ブレーキパッド　フロント JZS171 クラウンワゴン・クラウンエステート (99.12～)：ＰＡＲＴＳ,ヘッドライトテールライトコーナーライトサイドマーカーカーボンアンテナドアミラーエアロメーターパネルリップスポイラーウイングホイールカバーペダル車高調ブレーキドライブレコーダーワイパーグリルボンネットローダウンブレーキ パッド Projectμ(プロジェクトμ) TYPE HC＋ ブレーキパッド　フロント JZS171 クラウンワゴン・クラウンエステート (99.12～),プロミュー ブレーキ パッド Projectμ(プロジェクトミュー)。ブレーキ パッド Projectμ(プロジェクトμ) TYPE HC＋ ブレーキパッド　フロント JZS171 クラウンワゴン・クラウンエステート (99.12～)[rn]
5-42896,http://tshop.r10s.jp/parts/cabinet/detail-aa53/aa53-pm-boom.jpg?fitin=700:700,9055.2000,,車用品・バイク用品 > カー用品 > ブレーキ > ブレーキパッド > 国産車用,ブレーキ パッド Projectμ(プロジェクトμ) BooM WAGON ブレーキパッド　リア HR10 プレセア (90.6～),プロミュー ブレーキ パッド Projectμ(プロジェクトミュー),"重いボディーとホイールのインチアップに伴う制動力の不足を補い、安定した性能を発揮するミニバン・ワゴン専用モデル。 ■材質：ノンアスベスト ■温度域：0～450℃  ■摩擦係数：0.36～0.43μ <br><br>ブレーキパッドのセンターに配置されたスリットが、ガスとパッドカスを効率良く排出させ、安定した制動力を維持します。余計な焼き入れは不要！購入後、ナラシをして頂くだけで、安心してお使い頂けます。プロジェクト・ミューでは純正比20パーセント強度アップをさせたスチールプレートを使用し、十分な強度を確保しております。<br><br>※左右セット <br><br>対応車種：HR10 プレセア (年式：90.6～ 排気量：2000cc) <br><br>車検対応品<br><br>ブレーキ/ブレーキパッド<tr><td colspan=""2"">
<center><img src=""https://image.rakuten.co.jp/parts/cabinet/design/2017summertire2.jpg"" border=""0"" width=""800px""><br>
</td></tr></center>


<!--

<center>
<img src=""http://image.rakuten.co.jp/parts/cabinet/sale/201612ss_45_pc2.gif"" border=""0"" width=""800px"">
</center><br><br>
<center>
<img src=""http://image.rakuten.co.jp/parts/cabinet/sale/conbini201612pc.jpg"" border=""0"" width=""800px""
><br>

-->



<!--

<style type=""text/css"">
body{

background-image: url(""http://image.rakuten.co.jp/parts/cabinet/sale/36_shop_100x600.gif"");

background-repeat:repeat-y;
background-attachment:scroll;
background-position: right;

}
</style>-->",ブレーキ パッド Projectμ(プロジェクトμ) BooM WAGON ブレーキパッド　リア HR10 プレセア (90.6～)：ＰＡＲＴＳ,ヘッドライトテールライトコーナーライトサイドマーカーカーボンアンテナドアミラーエアロメーターパネルリップスポイラーウイングホイールカバーペダル車高調ブレーキドライブレコーダーワイパーグリルボンネットローダウンブレーキ パッド Projectμ(プロジェクトμ) BooM WAGON ブレーキパッド　リア HR10 プレセア (90.6～),プロミュー ブレーキ パッド Projectμ(プロジェクトミュー)。ブレーキ パッド Projectμ(プロジェクトμ) BooM WAGON ブレーキパッド　リア HR10 プレセア (90.6～)[rn]
5-42897,http://tshop.r10s.jp/parts/cabinet/detail-aa53/aa53-pm-typehc.jpg?fitin=700:700,14876.0000,,車用品・バイク用品 > カー用品 > ブレーキ > ブレーキパッド > 国産車用,ブレーキ パッド Projectμ(プロジェクトμ) TYPE HC＋ ブレーキパッド　フロント B15系 サニー (99.9～),プロミュー ブレーキ パッド Projectμ(プロジェクトミュー),"1994年にカーボン系スポーツパッド「TYPE HC」を市販（業界初）してから１５年。更なる進化を遂げた「TYPE HC＋」はディスク表面にカーボン被膜を形成させ、カーボンパッドの良さである高温度域での優れた効きとコントロール性を実現させました。街乗りからワインディング、サーキットまで使用できるストリート最強モデルです。 ■材質：カーボンメタル■温度域：0～800℃ ■摩擦係数：0.43～0.58μ  <br><br>ブレーキパッドのセンターに配置されたスリットが、ガスとパッドカスを効率良く排出させ、安定した制動力を維持します。余計な焼き入れは不要！購入後、ナラシをして頂くだけで、安心してお使い頂けます。プロジェクト・ミューでは純正比20パーセント強度アップをさせたスチールプレートを使用し、十分な強度を確保しております。<br><br>※左右セット <br><br>対応車種：B15系 サニー (年式：99.9～ 排気量：2200cc) <br><br>車検対応品<br><br>ブレーキ/ブレーキパッド<tr><td colspan=""2"">
<center><img src=""https://image.rakuten.co.jp/parts/cabinet/design/2017summertire2.jpg"" border=""0"" width=""800px""><br>
</td></tr></center>


<!--

<center>
<img src=""http://image.rakuten.co.jp/parts/cabinet/sale/201612ss_45_pc2.gif"" border=""0"" width=""800px"">
</center><br><br>
<center>
<img src=""http://image.rakuten.co.jp/parts/cabinet/sale/conbini201612pc.jpg"" border=""0"" width=""800px""
><br>

-->



<!--

<style type=""text/css"">
body{

background-image: url(""http://image.rakuten.co.jp/parts/cabinet/sale/36_shop_100x600.gif"");

background-repeat:repeat-y;
background-attachment:scroll;
background-position: right;

}
</style>-->",ブレーキ パッド Projectμ(プロジェクトμ) TYPE HC＋ ブレーキパッド　フロント B15系 サニー (99.9～)：ＰＡＲＴＳ,ヘッドライトテールライトコーナーライトサイドマーカーカーボンアンテナドアミラーエアロメーターパネルリップスポイラーウイングホイールカバーペダル車高調ブレーキドライブレコーダーワイパーグリルボンネットローダウンブレーキ パッド Projectμ(プロジェクトμ) TYPE HC＋ ブレーキパッド　フロント B15系 サニー (99.9～),プロミュー ブレーキ パッド Projectμ(プロジェクトミュー)。ブレーキ パッド Projectμ(プロジェクトμ) TYPE HC＋ ブレーキパッド　フロント B15系 サニー (99.9～)[rn]
5-42898,http://tshop.r10s.jp/parts/cabinet/detail-aa53/aa53-pm-bspec.jpg?fitin=700:700,8213.6000,,車用品・バイク用品 > カー用品 > ブレーキ > ブレーキパッド > 国産車用,Projectμ(プロジェクトμ) B-SPEC ブレーキパッド　リア Ｌ502 ミラ (TV/CV/TR/CR/Moderno-TX/Moderno-CX ABS付リアパッド車 95.11～98.8),ブレーキパーツの総合メーカー、プロジェクト・ミュー,"スポーツ走行まで対応の確かな制動力と耐フェード性の向上を実現しながら、お求めやすい価格におさえたモデル。 ■材質：ノンアスベスト ■温度域：0～500℃ ■摩擦係数：0.32～0.45μ <br><br>ブレーキパッドのセンターに配置されたスリットが、ガスとパッドカスを効率良く排出させ、安定した制動力を維持します。余計な焼き入れは不要！購入後、ナラシをして頂くだけで、安心してお使い頂けます。プロジェクト・ミューでは純正比20パーセント強度アップをさせたスチールプレートを使用し、十分な強度を確保しております。<br><br>※左右セット <br><br>対応車種：Ｌ502 ミラ (TV/CV/TR/CR/Moderno-TX/Moderno-CX ABS付リアパッド車 年式：95.11～98.8 排気量：660cc) <br><br>車検対応品<br><br>ブレーキ/ブレーキパッド<tr><td colspan=""2"">
<center><img src=""https://image.rakuten.co.jp/parts/cabinet/design/2017summertire2.jpg"" border=""0"" width=""800px""><br>
</td></tr></center>


<!--

<center>
<img src=""http://image.rakuten.co.jp/parts/cabinet/sale/201612ss_45_pc2.gif"" border=""0"" width=""800px"">
</center><br><br>
<center>
<img src=""http://image.rakuten.co.jp/parts/cabinet/sale/conbini201612pc.jpg"" border=""0"" width=""800px""
><br>

-->



<!--

<style type=""text/css"">
body{

background-image: url(""http://image.rakuten.co.jp/parts/cabinet/sale/36_shop_100x600.gif"");

background-repeat:repeat-y;
background-attachment:scroll;
background-position: right;

}
</style>-->",Projectμ(プロジェクトμ) B-SPEC ブレーキパッド　リア Ｌ502 ミラ (TV/CV/TR/CR/Moderno-TX/Moderno-CX ABS付リアパッド車 95.11～98.8)：ＰＡＲＴＳ,ヘッドライトテールライトコーナーライトサイドマーカーカーボンアンテナドアミラーエアロメーターパネルリップスポイラーウイングホイールカバーペダル車高調ブレーキドライブレコーダーワイパーグリルボンネットローダウンProjectμ(プロジェクトμ) B-SPEC ブレーキパッド　リア Ｌ502 ミラ (TV/CV/TR/CR/Moderno-TX/Moderno-CX ABS付リアパッド車 95.11～98.8),ブレーキパーツの総合メーカー、プロジェクト・ミュー。Projectμ(プロジェクトμ) B-SPEC ブレーキパッド　リア Ｌ502 ミラ (TV/CV/TR/CR/Moderno-TX/Moderno-CX ABS付リアパッド車 95.11～98.8)[rn]
5-42899,http://tshop.r10s.jp/parts/cabinet/detail-aa71/aa71-104.jpg?fitin=700:700,6126.4000,,車用品・バイク用品 > カー用品 > ブレーキ > ブレーキパッド > 国産車用,ブレーキ パッド 【送料無料】ACRE(アクレ)ブレーキ パッド ライトスポーツ リア用 85.8～88.4 ST162 カリーナ,全国送料無料！（沖縄・離島は除く）　,"アクレ・ライトスポーツは純正ブレーキパッドの性能を大幅に上回る圧倒的な制動力と、高いコントロール性を実現し、ストリートモデルに要求される鳴きや、汚れの低減も最大限に可能としました。天候に左右される路面状況にも確実に対応するコントロール性はドライバーのペダルワークに確実に応えるばかりではなく、純正ブレーキパッドと同等の扱い易さにも定評があります。 ストリートからワインディングまで扱い易さからくる卓越した高性能を発揮したアクレのベストセラーパッドです。 <br>●材質：ノンスチールセラミックファイバー材（ノンアスベスト） ●左右セット ●摩擦係数：0.35～0.50 ●ローター適正温度域：常温～500℃ ●排気量：2000<br>※ご注文の際は必ず車検証記載事項をご確認下さい。車台番号・型式指定番号は車検証に記載されています。 <br>対応車種：85.8～88.4 ST162 カリーナ <br>　車検対応品<br>ブレーキ/ブレーキパッド<tr><td colspan=""2"">
<center><img src=""https://image.rakuten.co.jp/parts/cabinet/design/2017summertire2.jpg"" border=""0"" width=""800px""><br>
</td></tr></center>


<!--

<center>
<img src=""http://image.rakuten.co.jp/parts/cabinet/sale/201612ss_45_pc2.gif"" border=""0"" width=""800px"">
</center><br><br>
<center>
<img src=""http://image.rakuten.co.jp/parts/cabinet/sale/conbini201612pc.jpg"" border=""0"" width=""800px""
><br>

-->



<!--

<style type=""text/css"">
body{

background-image: url(""http://image.rakuten.co.jp/parts/cabinet/sale/36_shop_100x600.gif"");

background-repeat:repeat-y;
background-attachment:scroll;
background-position: right;

}
</style>-->",ブレーキ パッド 【送料無料】ACRE(アクレ)ブレーキ パッド ライトスポーツ リア用 85.8～88.4 ST162 カリーナ：ＰＡＲＴＳ,ヘッドライトテールライトコーナーライトサイドマーカーカーボンアンテナドアミラーエアロメーターパネルリップスポイラーウイングホイールカバーペダル車高調ブレーキドライブレコーダーワイパーグリルボンネットローダウンブレーキ パッド 【送料無料】ACRE(アクレ)ブレーキ パッド ライトスポーツ リア用 85.8～88.4 ST162 カリーナ,全国送料無料！（沖縄・離島は除く）　。ブレーキ パッド 【送料無料】ACRE(アクレ)ブレーキ パッド ライトスポーツ リア用 85.8～88.4 ST162 カリーナ[rn]
5-42900,http://tshop.r10s.jp/parts/cabinet/detail-aa71/aa71-104.jpg?fitin=700:700,6126.4000,,車用品・バイク用品 > カー用品 > ブレーキ > ブレーキパッド > 国産車用,ブレーキ パッド 【送料無料】ACRE(アクレ)ブレーキ パッド ライトスポーツ リア用 88.9～98.6 AA34S/AF34S カルタス/カルタスエスティーム GT,全国送料無料！（沖縄・離島は除く）　,"アクレ・ライトスポーツは純正ブレーキパッドの性能を大幅に上回る圧倒的な制動力と、高いコントロール性を実現し、ストリートモデルに要求される鳴きや、汚れの低減も最大限に可能としました。天候に左右される路面状況にも確実に対応するコントロール性はドライバーのペダルワークに確実に応えるばかりではなく、純正ブレーキパッドと同等の扱い易さにも定評があります。 ストリートからワインディングまで扱い易さからくる卓越した高性能を発揮したアクレのベストセラーパッドです。 <br>●材質：ノンスチールセラミックファイバー材（ノンアスベスト） ●左右セット ●摩擦係数：0.35～0.50 ●ローター適正温度域：常温～500℃ ●4輪ディスク車 ●排気量：1300<br>※ご注文の際は必ず車検証記載事項をご確認下さい。車台番号・型式指定番号は車検証に記載されています。 <br>対応車種：88.9～98.6 AA34S/AF34S カルタス/カルタスエスティーム GT <br>　車検対応品<br>ブレーキ/ブレーキパッド<tr><td colspan=""2"">
<center><img src=""https://image.rakuten.co.jp/parts/cabinet/design/2017summertire2.jpg"" border=""0"" width=""800px""><br>
</td></tr></center>


<!--

<center>
<img src=""http://image.rakuten.co.jp/parts/cabinet/sale/201612ss_45_pc2.gif"" border=""0"" width=""800px"">
</center><br><br>
<center>
<img src=""http://image.rakuten.co.jp/parts/cabinet/sale/conbini201612pc.jpg"" border=""0"" width=""800px""
><br>

-->



<!--

<style type=""text/css"">
body{

background-image: url(""http://image.rakuten.co.jp/parts/cabinet/sale/36_shop_100x600.gif"");

background-repeat:repeat-y;
background-attachment:scroll;
background-position: right;

}
</style>-->",ブレーキ パッド 【送料無料】ACRE(アクレ)ブレーキ パッド ライトスポーツ リア用 88.9～98.6 AA34S/AF34S カルタス/カルタスエスティーム GT：ＰＡＲＴＳ,ヘッドライトテールライトコーナーライトサイドマーカーカーボンアンテナドアミラーエアロメーターパネルリップスポイラーウイングホイールカバーペダル車高調ブレーキドライブレコーダーワイパーグリルボンネットローダウンブレーキ パッド 【送料無料】ACRE(アクレ)ブレーキ パッド ライトスポーツ リア用 88.9～98.6 AA34S/AF34S カルタス/カルタスエスティーム GT,全国送料無料！（沖縄・離島は除く）　。ブレーキ パッド 【送料無料】ACRE(アクレ)ブレーキ パッド ライトスポーツ リア用 88.9～98.6 AA34S/AF34S カルタス/カルタスエスティーム GT[rn]
5-42901,http://tshop.r10s.jp/parts/cabinet/detail-aa71/aa71-f7.jpg?fitin=700:700,9076.0000,,車用品・バイク用品 > カー用品 > ブレーキ > ブレーキパッド > 国産車用,ブレーキ パッド 【送料無料】ACRE(アクレ)ブレーキ パッド フォーミュラ700C フロント用 99.6～01.4 CWGE24/CWMGE24/DWGE24 キャラバン/ホーミー,全国送料無料！（沖縄・離島は除く）　,"フォーミュラ・アクレを進化し、コントロール性に特化する事でストリートでの扱い易さを追及しました。それはローター適正温度を800℃から700℃に下げる事で実現しました。フォーミュラ700Cはブレーキパッドの摩擦材に含有するカーボングラファイトによりローター表面にカーボン皮膜を形成する為にローターへの攻撃性を低減し、中高温度域でのストッピングパワーとコントロール性の高さを高次元でバランスさせました。 <br><br>●左右セット ●摩擦係数：0.35～0.58 ●ローター適正温度域：常温～700℃ ●排気量：3200<br>※ご注文の際は必ず車検証記載事項をご確認下さい。車台番号・型式指定番号は車検証に記載されています。 <br>対応車種：99.6～01.4 CWGE24/CWMGE24/DWGE24 キャラバン/ホーミー <br>　車検対応品<br>ブレーキ/ブレーキパッド<tr><td colspan=""2"">
<center><img src=""https://image.rakuten.co.jp/parts/cabinet/design/2017summertire2.jpg"" border=""0"" width=""800px""><br>
</td></tr></center>


<!--

<center>
<img src=""http://image.rakuten.co.jp/parts/cabinet/sale/201612ss_45_pc2.gif"" border=""0"" width=""800px"">
</center><br><br>
<center>
<img src=""http://image.rakuten.co.jp/parts/cabinet/sale/conbini201612pc.jpg"" border=""0"" width=""800px""
><br>

-->



<!--

<style type=""text/css"">
body{

background-image: url(""http://image.rakuten.co.jp/parts/cabinet/sale/36_shop_100x600.gif"");

background-repeat:repeat-y;
background-attachment:scroll;
background-position: right;

}
</style>-->",ブレーキ パッド 【送料無料】ACRE(アクレ)ブレーキ パッド フォーミュラ700C フロント用 99.6～01.4 CWGE24/CWMGE24/DWGE24 キャラバン/ホーミー：ＰＡＲＴＳ,ヘッドライトテールライトコーナーライトサイドマーカーカーボンアンテナドアミラーエアロメーターパネルリップスポイラーウイングホイールカバーペダル車高調ブレーキドライブレコーダーワイパーグリルボンネットローダウンブレーキ パッド 【送料無料】ACRE(アクレ)ブレーキ パッド フォーミュラ700C フロント用 99.6～01.4 CWGE24/CWMGE24/DWGE24 キャラバン/ホーミー,全国送料無料！（沖縄・離島は除く）　。ブレーキ パッド 【送料無料】ACRE(アクレ)ブレーキ パッド フォーミュラ700C フロント用 99.6～01.4 CWGE24/CWMGE24/DWGE24 キャラバン/ホーミー[rn]
5-42902,http://tshop.r10s.jp/parts/cabinet/detail-aa71/aa71-100.jpg?fitin=700:700,4712.8000,,車用品・バイク用品 > カー用品 > ブレーキ > ブレーキパッド > 国産車用,ブレーキ パッド 【送料無料】ACRE(アクレ)ブレーキ パッド スーパーファイター リア用 91.12～ UBS25DW/UBS25GW ビッグホーン,全国送料無料！（沖縄・離島は除く）　,"初期制動力を重視し、優れたコントロール性を実現するばかりでなく、驚異の低価格を実現し、全てを高次元でバランスさせた超ド級スーパーストリートモデルです。エントリーユーザーから上級ユーザーまで幅広いユーザーに満足して頂けます。 <br>●左右セット ●摩擦係数：0.35～0.45 ●ローター適正温度域：常温～450℃ ●排気量：3200<br>※ご注文の際は必ず車検証記載事項をご確認下さい。車台番号・型式指定番号は車検証に記載されています。 <br>対応車種：91.12～ UBS25DW/UBS25GW ビッグホーン <br>　車検対応品<br>ブレーキ/ブレーキパッド<tr><td colspan=""2"">
<center><img src=""https://image.rakuten.co.jp/parts/cabinet/design/2017summertire2.jpg"" border=""0"" width=""800px""><br>
</td></tr></center>


<!--

<center>
<img src=""http://image.rakuten.co.jp/parts/cabinet/sale/201612ss_45_pc2.gif"" border=""0"" width=""800px"">
</center><br><br>
<center>
<img src=""http://image.rakuten.co.jp/parts/cabinet/sale/conbini201612pc.jpg"" border=""0"" width=""800px""
><br>

-->



<!--

<style type=""text/css"">
body{

background-image: url(""http://image.rakuten.co.jp/parts/cabinet/sale/36_shop_100x600.gif"");

background-repeat:repeat-y;
background-attachment:scroll;
background-position: right;

}
</style>-->",ブレーキ パッド 【送料無料】ACRE(アクレ)ブレーキ パッド スーパーファイター リア用 91.12～ UBS25DW/UBS25GW ビッグホーン：ＰＡＲＴＳ,ヘッドライトテールライトコーナーライトサイドマーカーカーボンアンテナドアミラーエアロメーターパネルリップスポイラーウイングホイールカバーペダル車高調ブレーキドライブレコーダーワイパーグリルボンネットローダウンブレーキ パッド 【送料無料】ACRE(アクレ)ブレーキ パッド スーパーファイター リア用 91.12～ UBS25DW/UBS25GW ビッグホーン,全国送料無料！（沖縄・離島は除く）　。ブレーキ パッド 【送料無料】ACRE(アクレ)ブレーキ パッド スーパーファイター リア用 91.12～ UBS25DW/UBS25GW ビッグホーン[rn]
5-42903,http://tshop.r10s.jp/parts/cabinet/detail-aa71/aa71-drf.jpg?fitin=700:700,10777.6000,,車用品・バイク用品 > カー用品 > ブレーキ > ブレーキパッド > 国産車用,ブレーキ パッド 【送料無料】ACRE(アクレ)ブレーキ パッド ダストレス・リアル リア用 91.5～92.4 JZZ31 ソアラ GT-T 標準16インチ車,全国送料無料！（沖縄・離島は除く）　,"ホイールを汚さず、鳴きを低減して効きも捨てられない。そんなユーザーの声にアクレが総力を挙げて開発に取り組みました。不快なブレーキ鳴きとホイール汚れの原因となるブレーキダストの発生を抑えるために、制動力を犠牲にしてきた今までの既成概念に囚われない画期的ブレーキパッドです。 純正ブレーキパッドにプラスアルファの効きとブレーキダストを抑制したブレーキパッドの開発は、アクレ社が創業以来続けてきた大きな課題。特にメッキホイールや白いホイールにオススメです。 <br><br>●材質：ノンスチールセラミックファイバー材（ノンアスベスト） ●左右セット ●摩擦係数：0.36～0.49 ●ローター適正温度域：常温～500℃ ●標準16インチ車 ●排気量：3000<br><br>※ご注文の際は必ず車検証記載事項をご確認下さい。車台番号・型式指定番号は車検証に記載されています。本製品はあくまでもホイールの汚れと不快な鳴きを抑え、純正ブレーキパッドよりも高い制動力を主眼としていますので、サーキット走行等には向いておりません。 <br><br>対応車種：91.5～92.4 JZZ31 ソアラ GT-T 標準16インチ車 <br><br>　車検対応品<br><br>ブレーキ/ブレーキパッド<tr><td colspan=""2"">
<center><img src=""https://image.rakuten.co.jp/parts/cabinet/design/2017summertire2.jpg"" border=""0"" width=""800px""><br>
</td></tr></center>


<!--

<center>
<img src=""http://image.rakuten.co.jp/parts/cabinet/sale/201612ss_45_pc2.gif"" border=""0"" width=""800px"">
</center><br><br>
<center>
<img src=""http://image.rakuten.co.jp/parts/cabinet/sale/conbini201612pc.jpg"" border=""0"" width=""800px""
><br>

-->



<!--

<style type=""text/css"">
body{

background-image: url(""http://image.rakuten.co.jp/parts/cabinet/sale/36_shop_100x600.gif"");

background-repeat:repeat-y;
background-attachment:scroll;
background-position: right;

}
</style>-->",ブレーキ パッド 【送料無料】ACRE(アクレ)ブレーキ パッド ダストレス・リアル リア用 91.5～92.4 JZZ31 ソアラ GT-T 標準16インチ車：ＰＡＲＴＳ,ヘッドライトテールライトコーナーライトサイドマーカーカーボンアンテナドアミラーエアロメーターパネルリップスポイラーウイングホイールカバーペダル車高調ブレーキドライブレコーダーワイパーグリルボンネットローダウンブレーキ パッド 【送料無料】ACRE(アクレ)ブレーキ パッド ダストレス・リアル リア用 91.5～92.4 JZZ31 ソアラ GT-T 標準16インチ車,全国送料無料！（沖縄・離島は除く）　。ブレーキ パッド 【送料無料】ACRE(アクレ)ブレーキ パッド ダストレス・リアル リア用 91.5～92.4 JZZ31 ソアラ GT-T 標準16インチ車[rn]
5-42904,http://tshop.r10s.jp/parts/cabinet/detail-aa71/aa71-f8.jpg?fitin=700:700,11231.2000,,車用品・バイク用品 > カー用品 > ブレーキ > ブレーキパッド > 国産車用,ブレーキ パッド 【送料無料】ACRE(アクレ)ブレーキ パッド フォーミュラ800C リア用 95.9～00.8 CK6A/CM5A/CM6A ミラージュ,全国送料無料！（沖縄・離島は除く）　,"多くのファンを掴むフォーミュラ・タイタンの性能を継承し、ワイドレンジでの高い制動力を発揮！素材から出るカーボン皮膜はローターへの攻撃性を抑制し、走行後に一旦冷えても効きが回復するリカバリー性を実現！重量の重い車でもストレスなくバツグンのストッピングパワーを発揮し、軽量車ではN1レーシングカーでの使用までも可能にする圧倒的なコントロール性の高さと驚異的な制動力を高次元でバランスさせたブレーキパッドです。 <br>●材質:カーボングラファイトメタリック ●左右セット ●摩擦係数：0.38～0.65 ●ローター適正温度域：常温～800℃ ●排気量：1800 ●MADE IN JAPAN<br>※ご注文の際は必ず車検証記載事項をご確認下さい。車台番号・型式指定番号は車検証に記載されています。 <br>対応車種： 95.9～00.8 CK6A/CM5A/CM6A ミラージュ <br>　車検対応品<br>ブレーキ/ブレーキパッド<tr><td colspan=""2"">
<center><img src=""https://image.rakuten.co.jp/parts/cabinet/design/2017summertire2.jpg"" border=""0"" width=""800px""><br>
</td></tr></center>


<!--

<center>
<img src=""http://image.rakuten.co.jp/parts/cabinet/sale/201612ss_45_pc2.gif"" border=""0"" width=""800px"">
</center><br><br>
<center>
<img src=""http://image.rakuten.co.jp/parts/cabinet/sale/conbini201612pc.jpg"" border=""0"" width=""800px""
><br>

-->



<!--

<style type=""text/css"">
body{

background-image: url(""http://image.rakuten.co.jp/parts/cabinet/sale/36_shop_100x600.gif"");

background-repeat:repeat-y;
background-attachment:scroll;
background-position: right;

}
</style>-->",ブレーキ パッド 【送料無料】ACRE(アクレ)ブレーキ パッド フォーミュラ800C リア用 95.9～00.8 CK6A/CM5A/CM6A ミラージュ：ＰＡＲＴＳ,ヘッドライトテールライトコーナーライトサイドマーカーカーボンアンテナドアミラーエアロメーターパネルリップスポイラーウイングホイールカバーペダル車高調ブレーキドライブレコーダーワイパーグリルボンネットローダウンブレーキ パッド 【送料無料】ACRE(アクレ)ブレーキ パッド フォーミュラ800C リア用 95.9～00.8 CK6A/CM5A/CM6A ミラージュ,全国送料無料！（沖縄・離島は除く）　。ブレーキ パッド 【送料無料】ACRE(アクレ)ブレーキ パッド フォーミュラ800C リア用 95.9～00.8 CK6A/CM5A/CM6A ミラージュ[rn]
5-42905,http://tshop.r10s.jp/parts/cabinet/detail-aa71/aa71-104.jpg?fitin=700:700,6126.4000,,車用品・バイク用品 > カー用品 > ブレーキ > ブレーキパッド > 国産車用,ブレーキ パッド 【送料無料】ACRE(アクレ)ブレーキ パッド ライトスポーツ フロント用 82.10～90.5 FJR30/YPJR30 スカイライン,全国送料無料！（沖縄・離島は除く）　,"アクレ・ライトスポーツは純正ブレーキパッドの性能を大幅に上回る圧倒的な制動力と、高いコントロール性を実現し、ストリートモデルに要求される鳴きや、汚れの低減も最大限に可能としました。天候に左右される路面状況にも確実に対応するコントロール性はドライバーのペダルワークに確実に応えるばかりではなく、純正ブレーキパッドと同等の扱い易さにも定評があります。 ストリートからワインディングまで扱い易さからくる卓越した高性能を発揮したアクレのベストセラーパッドです。 <br>●材質：ノンスチールセラミックファイバー材（ノンアスベスト） ●左右セット ●摩擦係数：0.35～0.50 ●ローター適正温度域：常温～500℃ ●排気量：1800<br>※ご注文の際は必ず車検証記載事項をご確認下さい。車台番号・型式指定番号は車検証に記載されています。 <br>対応車種：82.10～90.5 FJR30/YPJR30 スカイライン <br>　車検対応品<br>ブレーキ/ブレーキパッド<tr><td colspan=""2"">
<center><img src=""https://image.rakuten.co.jp/parts/cabinet/design/2017summertire2.jpg"" border=""0"" width=""800px""><br>
</td></tr></center>


<!--

<center>
<img src=""http://image.rakuten.co.jp/parts/cabinet/sale/201612ss_45_pc2.gif"" border=""0"" width=""800px"">
</center><br><br>
<center>
<img src=""http://image.rakuten.co.jp/parts/cabinet/sale/conbini201612pc.jpg"" border=""0"" width=""800px""
><br>

-->



<!--

<style type=""text/css"">
body{

background-image: url(""http://image.rakuten.co.jp/parts/cabinet/sale/36_shop_100x600.gif"");

background-repeat:repeat-y;
background-attachment:scroll;
background-position: right;

}
</style>-->",ブレーキ パッド 【送料無料】ACRE(アクレ)ブレーキ パッド ライトスポーツ フロント用 82.10～90.5 FJR30/YPJR30 スカイライン：ＰＡＲＴＳ,ヘッドライトテールライトコーナーライトサイドマーカーカーボンアンテナドアミラーエアロメーターパネルリップスポイラーウイングホイールカバーペダル車高調ブレーキドライブレコーダーワイパーグリルボンネットローダウンブレーキ パッド 【送料無料】ACRE(アクレ)ブレーキ パッド ライトスポーツ フロント用 82.10～90.5 FJR30/YPJR30 スカイライン,全国送料無料！（沖縄・離島は除く）　。ブレーキ パッド 【送料無料】ACRE(アクレ)ブレーキ パッド ライトスポーツ フロント用 82.10～90.5 FJR30/YPJR30 スカイライン[rn]
5-42906,http://tshop.r10s.jp/parts/cabinet/detail-aa71/aa71-f8.jpg?fitin=700:700,11231.2000,,車用品・バイク用品 > カー用品 > ブレーキ > ブレーキパッド > 国産車用,ブレーキ パッド 【送料無料】ACRE(アクレ)ブレーキ パッド フォーミュラ800C フロント用 98.9～99.9 GC8-F47D インプレッサ WRX TYPE RA,全国送料無料！（沖縄・離島は除く）　,"多くのファンを掴むフォーミュラ・タイタンの性能を継承し、ワイドレンジでの高い制動力を発揮！素材から出るカーボン皮膜はローターへの攻撃性を抑制し、走行後に一旦冷えても効きが回復するリカバリー性を実現！重量の重い車でもストレスなくバツグンのストッピングパワーを発揮し、軽量車ではN1レーシングカーでの使用までも可能にする圧倒的なコントロール性の高さと驚異的な制動力を高次元でバランスさせたブレーキパッドです。 <br>●材質:カーボングラファイトメタリック ●左右セット ●摩擦係数：0.38～0.65 ●ローター適正温度域：常温～800℃ ●排気量：2000 ●MADE IN JAPAN<br>※ご注文の際は必ず車検証記載事項をご確認下さい。車台番号・型式指定番号は車検証に記載されています。 <br>対応車種：98.9～99.9 GC8-F47D インプレッサ WRX TYPE RA <br>　車検対応品<br>ブレーキ/ブレーキパッド<tr><td colspan=""2"">
<center><img src=""https://image.rakuten.co.jp/parts/cabinet/design/2017summertire2.jpg"" border=""0"" width=""800px""><br>
</td></tr></center>


<!--

<center>
<img src=""http://image.rakuten.co.jp/parts/cabinet/sale/201612ss_45_pc2.gif"" border=""0"" width=""800px"">
</center><br><br>
<center>
<img src=""http://image.rakuten.co.jp/parts/cabinet/sale/conbini201612pc.jpg"" border=""0"" width=""800px""
><br>

-->



<!--

<style type=""text/css"">
body{

background-image: url(""http://image.rakuten.co.jp/parts/cabinet/sale/36_shop_100x600.gif"");

background-repeat:repeat-y;
background-attachment:scroll;
background-position: right;

}
</style>-->",ブレーキ パッド 【送料無料】ACRE(アクレ)ブレーキ パッド フォーミュラ800C フロント用 98.9～99.9 GC8-F47D インプレッサ WRX TYPE RA：ＰＡＲＴＳ,ヘッドライトテールライトコーナーライトサイドマーカーカーボンアンテナドアミラーエアロメーターパネルリップスポイラーウイングホイールカバーペダル車高調ブレーキドライブレコーダーワイパーグリルボンネットローダウンブレーキ パッド 【送料無料】ACRE(アクレ)ブレーキ パッド フォーミュラ800C フロント用 98.9～99.9 GC8-F47D インプレッサ WRX TYPE RA,全国送料無料！（沖縄・離島は除く）　。ブレーキ パッド 【送料無料】ACRE(アクレ)ブレーキ パッド フォーミュラ800C フロント用 98.9～99.9 GC8-F47D インプレッサ WRX TYPE RA[rn]
5-42907,http://tshop.r10s.jp/parts/cabinet/detail-aa71/aa71-100.jpg?fitin=700:700,4712.8000,,車用品・バイク用品 > カー用品 > ブレーキ > ブレーキパッド > 国産車用,ブレーキ パッド 【送料無料】ACRE(アクレ)ブレーキ パッド スーパーファイター フロント用 93.9～97.9 CD3 アコード/アコードクーペ/ビガー,全国送料無料！（沖縄・離島は除く）　,"初期制動力を重視し、優れたコントロール性を実現するばかりでなく、驚異の低価格を実現し、全てを高次元でバランスさせた超ド級スーパーストリートモデルです。エントリーユーザーから上級ユーザーまで幅広いユーザーに満足して頂けます。 <br>●左右セット ●摩擦係数：0.35～0.45 ●ローター適正温度域：常温～450℃ ●排気量：1800<br>※ご注文の際は必ず車検証記載事項をご確認下さい。車台番号・型式指定番号は車検証に記載されています。 <br>対応車種：93.9～97.9 CD3 アコード/アコードクーペ/ビガー <br>　車検対応品<br>ブレーキ/ブレーキパッド<tr><td colspan=""2"">
<center><img src=""https://image.rakuten.co.jp/parts/cabinet/design/2017summertire2.jpg"" border=""0"" width=""800px""><br>
</td></tr></center>


<!--

<center>
<img src=""http://image.rakuten.co.jp/parts/cabinet/sale/201612ss_45_pc2.gif"" border=""0"" width=""800px"">
</center><br><br>
<center>
<img src=""http://image.rakuten.co.jp/parts/cabinet/sale/conbini201612pc.jpg"" border=""0"" width=""800px""
><br>

-->



<!--

<style type=""text/css"">
body{

background-image: url(""http://image.rakuten.co.jp/parts/cabinet/sale/36_shop_100x600.gif"");

background-repeat:repeat-y;
background-attachment:scroll;
background-position: right;

}
</style>-->",ブレーキ パッド 【送料無料】ACRE(アクレ)ブレーキ パッド スーパーファイター フロント用 93.9～97.9 CD3 アコード/アコードクーペ/ビガー：ＰＡＲＴＳ,ヘッドライトテールライトコーナーライトサイドマーカーカーボンアンテナドアミラーエアロメーターパネルリップスポイラーウイングホイールカバーペダル車高調ブレーキドライブレコーダーワイパーグリルボンネットローダウンブレーキ パッド 【送料無料】ACRE(アクレ)ブレーキ パッド スーパーファイター フロント用 93.9～97.9 CD3 アコード/アコードクーペ/ビガー,全国送料無料！（沖縄・離島は除く）　。ブレーキ パッド 【送料無料】ACRE(アクレ)ブレーキ パッド スーパーファイター フロント用 93.9～97.9 CD3 アコード/アコードクーペ/ビガー[rn]
5-42908,http://tshop.r10s.jp/parts/cabinet/detail-aa71/aa71-100.jpg?fitin=700:700,4712.8000,,車用品・バイク用品 > カー用品 > ブレーキ > ブレーキパッド > 国産車用,ブレーキ パッド 【送料無料】ACRE(アクレ)ブレーキ パッド スーパーファイター リア用 96.8～98.8 EA5W/EC5W レグナム NA,全国送料無料！（沖縄・離島は除く）　,"初期制動力を重視し、優れたコントロール性を実現するばかりでなく、驚異の低価格を実現し、全てを高次元でバランスさせた超ド級スーパーストリートモデルです。エントリーユーザーから上級ユーザーまで幅広いユーザーに満足して頂けます。 <br>●左右セット ●摩擦係数：0.35～0.45 ●ローター適正温度域：常温～450℃ ●排気量：2500<br>※ご注文の際は必ず車検証記載事項をご確認下さい。車台番号・型式指定番号は車検証に記載されています。 <br>対応車種：96.8～98.8 EA5W/EC5W レグナム NA <br>　車検対応品<br>ブレーキ/ブレーキパッド<tr><td colspan=""2"">
<center><img src=""https://image.rakuten.co.jp/parts/cabinet/design/2017summertire2.jpg"" border=""0"" width=""800px""><br>
</td></tr></center>


<!--

<center>
<img src=""http://image.rakuten.co.jp/parts/cabinet/sale/201612ss_45_pc2.gif"" border=""0"" width=""800px"">
</center><br><br>
<center>
<img src=""http://image.rakuten.co.jp/parts/cabinet/sale/conbini201612pc.jpg"" border=""0"" width=""800px""
><br>

-->



<!--

<style type=""text/css"">
body{

background-image: url(""http://image.rakuten.co.jp/parts/cabinet/sale/36_shop_100x600.gif"");

background-repeat:repeat-y;
background-attachment:scroll;
background-position: right;

}
</style>-->",ブレーキ パッド 【送料無料】ACRE(アクレ)ブレーキ パッド スーパーファイター リア用 96.8～98.8 EA5W/EC5W レグナム NA：ＰＡＲＴＳ,ヘッドライトテールライトコーナーライトサイドマーカーカーボンアンテナドアミラーエアロメーターパネルリップスポイラーウイングホイールカバーペダル車高調ブレーキドライブレコーダーワイパーグリルボンネットローダウンブレーキ パッド 【送料無料】ACRE(アクレ)ブレーキ パッド スーパーファイター リア用 96.8～98.8 EA5W/EC5W レグナム NA,全国送料無料！（沖縄・離島は除く）　。ブレーキ パッド 【送料無料】ACRE(アクレ)ブレーキ パッド スーパーファイター リア用 96.8～98.8 EA5W/EC5W レグナム NA[rn]
5-42909,http://tshop.r10s.jp/parts/cabinet/detail-aa71/aa71-104.jpg?fitin=700:700,6126.4000,,車用品・バイク用品 > カー用品 > ブレーキ > ブレーキパッド > 国産車用,ブレーキ パッド 【送料無料】ACRE(アクレ)ブレーキ パッド ライトスポーツ リア用 00.6～08.12 CL1 アコード/アコードクーペ/ビガー,全国送料無料！（沖縄・離島は除く）　,"アクレ・ライトスポーツは純正ブレーキパッドの性能を大幅に上回る圧倒的な制動力と、高いコントロール性を実現し、ストリートモデルに要求される鳴きや、汚れの低減も最大限に可能としました。天候に左右される路面状況にも確実に対応するコントロール性はドライバーのペダルワークに確実に応えるばかりではなく、純正ブレーキパッドと同等の扱い易さにも定評があります。 ストリートからワインディングまで扱い易さからくる卓越した高性能を発揮したアクレのベストセラーパッドです。 <br>●材質：ノンスチールセラミックファイバー材（ノンアスベスト） ●左右セット ●摩擦係数：0.35～0.50 ●ローター適正温度域：常温～500℃ ●EURO-R ●排気量：2200<br>※ご注文の際は必ず車検証記載事項をご確認下さい。車台番号・型式指定番号は車検証に記載されています。 <br>対応車種：00.6～08.12 CL1 アコード/アコードクーペ/ビガー <br>　車検対応品<br>ブレーキ/ブレーキパッド<tr><td colspan=""2"">
<center><img src=""https://image.rakuten.co.jp/parts/cabinet/design/2017summertire2.jpg"" border=""0"" width=""800px""><br>
</td></tr></center>


<!--

<center>
<img src=""http://image.rakuten.co.jp/parts/cabinet/sale/201612ss_45_pc2.gif"" border=""0"" width=""800px"">
</center><br><br>
<center>
<img src=""http://image.rakuten.co.jp/parts/cabinet/sale/conbini201612pc.jpg"" border=""0"" width=""800px""
><br>

-->



<!--

<style type=""text/css"">
body{

background-image: url(""http://image.rakuten.co.jp/parts/cabinet/sale/36_shop_100x600.gif"");

background-repeat:repeat-y;
background-attachment:scroll;
background-position: right;

}
</style>-->",ブレーキ パッド 【送料無料】ACRE(アクレ)ブレーキ パッド ライトスポーツ リア用 00.6～08.12 CL1 アコード/アコードクーペ/ビガー：ＰＡＲＴＳ,ヘッドライトテールライトコーナーライトサイドマーカーカーボンアンテナドアミラーエアロメーターパネルリップスポイラーウイングホイールカバーペダル車高調ブレーキドライブレコーダーワイパーグリルボンネットローダウンブレーキ パッド 【送料無料】ACRE(アクレ)ブレーキ パッド ライトスポーツ リア用 00.6～08.12 CL1 アコード/アコードクーペ/ビガー,全国送料無料！（沖縄・離島は除く）　。ブレーキ パッド 【送料無料】ACRE(アクレ)ブレーキ パッド ライトスポーツ リア用 00.6～08.12 CL1 アコード/アコードクーペ/ビガー[rn]
5-42910,http://tshop.r10s.jp/parts/cabinet/detail-aa71/aa71-f7.jpg?fitin=700:700,9076.0000,,車用品・バイク用品 > カー用品 > ブレーキ > ブレーキパッド > 国産車用,ブレーキ パッド 【送料無料】ACRE(アクレ)ブレーキ パッド フォーミュラ700C フロント用 82.5～89.10 AL21/AL25 カローラ/ターセル/コルサ,全国送料無料！（沖縄・離島は除く）　,"フォーミュラ・アクレを進化し、コントロール性に特化する事でストリートでの扱い易さを追及しました。それはローター適正温度を800℃から700℃に下げる事で実現しました。フォーミュラ700Cはブレーキパッドの摩擦材に含有するカーボングラファイトによりローター表面にカーボン皮膜を形成する為にローターへの攻撃性を低減し、中高温度域でのストッピングパワーとコントロール性の高さを高次元でバランスさせました。 <br><br>●左右セット ●摩擦係数：0.35～0.58 ●ローター適正温度域：常温～700℃ ●排気量：1500<br>※ご注文の際は必ず車検証記載事項をご確認下さい。車台番号・型式指定番号は車検証に記載されています。 <br>対応車種：82.5～89.10 AL21/AL25 カローラ/ターセル/コルサ <br>　車検対応品<br>ブレーキ/ブレーキパッド<tr><td colspan=""2"">
<center><img src=""https://image.rakuten.co.jp/parts/cabinet/design/2017summertire2.jpg"" border=""0"" width=""800px""><br>
</td></tr></center>


<!--

<center>
<img src=""http://image.rakuten.co.jp/parts/cabinet/sale/201612ss_45_pc2.gif"" border=""0"" width=""800px"">
</center><br><br>
<center>
<img src=""http://image.rakuten.co.jp/parts/cabinet/sale/conbini201612pc.jpg"" border=""0"" width=""800px""
><br>

-->



<!--

<style type=""text/css"">
body{

background-image: url(""http://image.rakuten.co.jp/parts/cabinet/sale/36_shop_100x600.gif"");

background-repeat:repeat-y;
background-attachment:scroll;
background-position: right;

}
</style>-->",ブレーキ パッド 【送料無料】ACRE(アクレ)ブレーキ パッド フォーミュラ700C フロント用 82.5～89.10 AL21/AL25 カローラ/ターセル/コルサ：ＰＡＲＴＳ,ヘッドライトテールライトコーナーライトサイドマーカーカーボンアンテナドアミラーエアロメーターパネルリップスポイラーウイングホイールカバーペダル車高調ブレーキドライブレコーダーワイパーグリルボンネットローダウンブレーキ パッド 【送料無料】ACRE(アクレ)ブレーキ パッド フォーミュラ700C フロント用 82.5～89.10 AL21/AL25 カローラ/ターセル/コルサ,全国送料無料！（沖縄・離島は除く）　。ブレーキ パッド 【送料無料】ACRE(アクレ)ブレーキ パッド フォーミュラ700C フロント用 82.5～89.10 AL21/AL25 カローラ/ターセル/コルサ[rn]
5-42911,http://tshop.r10s.jp/parts/cabinet/detail-aa71/aa71-sfs-t001.jpg?fitin=700:700,8901.6000,,車用品・バイク用品 > カー用品 > ブレーキ > ブレーキパッド > 国産車用,ブレーキ パッド 【送料無料】ACRE(アクレ)アクレ スーパーファイター 前後セット GX105(4WD) マーク2,全国送料無料！（沖縄・離島は除く）　,"現在295種類の国産車ほぼ全車に対応しています。アクレ・スーパーファイターは初期制動力を重視し、優れたコントロール性を実現するばかりでなく、驚異の低価格を実現し、全てを高次元でバランスさせた超ド級スーパーストリートモデルです。エントリーユーザーから上級ユーザーまで幅広いユーザーに満足して頂けます。 <br><br>●ローター適正温度域：常温～450℃ ●材質：ノンアスベスト材 ●前後セット販売 ●パッド品番：224/281<br><br>注意：写真と実際の商品は異なります。 <br><br>対応車種：GX105(4WD) マーク 98/8～00/10 <br><br>　車検対応品<br><br>ブレーキ/ブレーキパッド<tr><td colspan=""2"">
<center><img src=""https://image.rakuten.co.jp/parts/cabinet/design/2017summertire2.jpg"" border=""0"" width=""800px""><br>
</td></tr></center>


<!--

<center>
<img src=""http://image.rakuten.co.jp/parts/cabinet/sale/201612ss_45_pc2.gif"" border=""0"" width=""800px"">
</center><br><br>
<center>
<img src=""http://image.rakuten.co.jp/parts/cabinet/sale/conbini201612pc.jpg"" border=""0"" width=""800px""
><br>

-->



<!--

<style type=""text/css"">
body{

background-image: url(""http://image.rakuten.co.jp/parts/cabinet/sale/36_shop_100x600.gif"");

background-repeat:repeat-y;
background-attachment:scroll;
background-position: right;

}
</style>-->",ブレーキ パッド 【送料無料】ACRE(アクレ)アクレ スーパーファイター 前後セット GX105(4WD) マーク2：ＰＡＲＴＳ,ヘッドライトテールライトコーナーライトサイドマーカーカーボンアンテナドアミラーエアロメーターパネルリップスポイラーウイングホイールカバーペダル車高調ブレーキドライブレコーダーワイパーグリルボンネットローダウンブレーキ パッド 【送料無料】ACRE(アクレ)アクレ スーパーファイター 前後セット GX105(4WD) マーク2,全国送料無料！（沖縄・離島は除く）　。ブレーキ パッド 【送料無料】ACRE(アクレ)アクレ スーパーファイター 前後セット GX105(4WD) マーク2[rn]
5-42912,http://tshop.r10s.jp/parts/cabinet/detail-aa71/aa71-100.jpg?fitin=700:700,4712.8000,,車用品・バイク用品 > カー用品 > ブレーキ > ブレーキパッド > 国産車用,ブレーキ パッド 【送料無料】ACRE(アクレ)ブレーキ パッド スーパーファイター リア用 93.5～95.12 CA3A ミラージュ アスティ,全国送料無料！（沖縄・離島は除く）　,"初期制動力を重視し、優れたコントロール性を実現するばかりでなく、驚異の低価格を実現し、全てを高次元でバランスさせた超ド級スーパーストリートモデルです。エントリーユーザーから上級ユーザーまで幅広いユーザーに満足して頂けます。 <br>●左右セット ●摩擦係数：0.35～0.45 ●ローター適正温度域：常温～450℃ ●リヤディスク車 ●排気量：1500<br>※ご注文の際は必ず車検証記載事項をご確認下さい。車台番号・型式指定番号は車検証に記載されています。 <br>対応車種：93.5～95.12 CA3A ミラージュ アスティ <br>　車検対応品<br>ブレーキ/ブレーキパッド<tr><td colspan=""2"">
<center><img src=""https://image.rakuten.co.jp/parts/cabinet/design/2017summertire2.jpg"" border=""0"" width=""800px""><br>
</td></tr></center>


<!--

<center>
<img src=""http://image.rakuten.co.jp/parts/cabinet/sale/201612ss_45_pc2.gif"" border=""0"" width=""800px"">
</center><br><br>
<center>
<img src=""http://image.rakuten.co.jp/parts/cabinet/sale/conbini201612pc.jpg"" border=""0"" width=""800px""
><br>

-->



<!--

<style type=""text/css"">
body{

background-image: url(""http://image.rakuten.co.jp/parts/cabinet/sale/36_shop_100x600.gif"");

background-repeat:repeat-y;
background-attachment:scroll;
background-position: right;

}
</style>-->",ブレーキ パッド 【送料無料】ACRE(アクレ)ブレーキ パッド スーパーファイター リア用 93.5～95.12 CA3A ミラージュ アスティ：ＰＡＲＴＳ,ヘッドライトテールライトコーナーライトサイドマーカーカーボンアンテナドアミラーエアロメーターパネルリップスポイラーウイングホイールカバーペダル車高調ブレーキドライブレコーダーワイパーグリルボンネットローダウンブレーキ パッド 【送料無料】ACRE(アクレ)ブレーキ パッド スーパーファイター リア用 93.5～95.12 CA3A ミラージュ アスティ,全国送料無料！（沖縄・離島は除く）　。ブレーキ パッド 【送料無料】ACRE(アクレ)ブレーキ パッド スーパーファイター リア用 93.5～95.12 CA3A ミラージュ アスティ[rn]
5-42913,http://tshop.r10s.jp/parts/cabinet/detail-aa04/aa04-ec.jpg?fitin=700:700,5737.6000,,車用品・バイク用品 > カー用品 > ブレーキ > ブレーキパッド > 国産車用,DIXCEL（ディクセル）トヨタ アリスト ブレーキパッド EXTRAcruise（ECタイプ） フロント用  JZS147 アリスト (NA  91/10～97/8)EC311176,【！！DIXCEL送料無料！！】EC311176,"ストリート、ハイウェイでのクルージングで発揮するワンランク上の制動力と快適性。効きUP！ダスト低減！しかもエコノミーで車検交換に最適。ノンアスベスト、ノンスチールで環境にも配慮したスタンダードブレーキパッド。<br>純正を凌駕する耐摩耗性（寿命）でダストや鳴きも少なく常に快適。ローターに負担を掛けず非常に経済的です。 スコーチ（パッド表面焼付）により初期なじみも抜群。<br>※左右セット<br><br>対応車種：JZS147 アリスト (NA  91/10～97/8　3000cc)<br><br>ブレーキ | ブレーキパッド<br>トヨタ | アリスト | JZS147系<tr><td colspan=""2"">
<center><img src=""https://image.rakuten.co.jp/parts/cabinet/design/2017summertire2.jpg"" border=""0"" width=""800px""><br>
</td></tr></center>


<!--

<center>
<img src=""http://image.rakuten.co.jp/parts/cabinet/sale/201612ss_45_pc2.gif"" border=""0"" width=""800px"">
</center><br><br>
<center>
<img src=""http://image.rakuten.co.jp/parts/cabinet/sale/conbini201612pc.jpg"" border=""0"" width=""800px""
><br>

-->



<!--

<style type=""text/css"">
body{

background-image: url(""http://image.rakuten.co.jp/parts/cabinet/sale/36_shop_100x600.gif"");

background-repeat:repeat-y;
background-attachment:scroll;
background-position: right;

}
</style>-->",DIXCEL（ディクセル）トヨタ アリスト ブレーキパッド EXTRAcruise（ECタイプ） フロント用  JZS147 アリスト (NA  91/10～97/8)EC311176：ＰＡＲＴＳ,ヘッドライトテールライトコーナーライトサイドマーカーカーボンアンテナドアミラーエアロメーターパネルリップスポイラーウイングホイールカバーペダル車高調ブレーキドライブレコーダーワイパーグリルボンネットローダウンDIXCEL（ディクセル）トヨタ アリスト ブレーキパッド EXTRAcruise（ECタイプ） フロント用  JZS147 アリスト (NA  91/10～97/8)EC311176,【！！DIXCEL送料無料！！】EC311176。DIXCEL（ディクセル）トヨタ アリスト ブレーキパッド EXTRAcruise（ECタイプ） フロント用  JZS147 アリスト (NA  91/10～97/8)EC311176[rn]
5-42914,http://tshop.r10s.jp/parts/cabinet/detail-aa71/aa71-100.jpg?fitin=700:700,4712.8000,,車用品・バイク用品 > カー用品 > ブレーキ > ブレーキパッド > 国産車用,ブレーキ パッド 【送料無料】ACRE(アクレ)ブレーキ パッド スーパーファイター フロント用 99.9～05.12 NCP12 プラッツ,全国送料無料！（沖縄・離島は除く）　,"初期制動力を重視し、優れたコントロール性を実現するばかりでなく、驚異の低価格を実現し、全てを高次元でバランスさせた超ド級スーパーストリートモデルです。エントリーユーザーから上級ユーザーまで幅広いユーザーに満足して頂けます。 <br>●左右セット ●摩擦係数：0.35～0.45 ●ローター適正温度域：常温～450℃ ●排気量：1500<br>※ご注文の際は必ず車検証記載事項をご確認下さい。車台番号・型式指定番号は車検証に記載されています。 <br>対応車種：99.9～05.12 NCP12 プラッツ <br>　車検対応品<br>ブレーキ/ブレーキパッド<tr><td colspan=""2"">
<center><img src=""https://image.rakuten.co.jp/parts/cabinet/design/2017summertire2.jpg"" border=""0"" width=""800px""><br>
</td></tr></center>


<!--

<center>
<img src=""http://image.rakuten.co.jp/parts/cabinet/sale/201612ss_45_pc2.gif"" border=""0"" width=""800px"">
</center><br><br>
<center>
<img src=""http://image.rakuten.co.jp/parts/cabinet/sale/conbini201612pc.jpg"" border=""0"" width=""800px""
><br>

-->



<!--

<style type=""text/css"">
body{

background-image: url(""http://image.rakuten.co.jp/parts/cabinet/sale/36_shop_100x600.gif"");

background-repeat:repeat-y;
background-attachment:scroll;
background-position: right;

}
</style>-->",ブレーキ パッド 【送料無料】ACRE(アクレ)ブレーキ パッド スーパーファイター フロント用 99.9～05.12 NCP12 プラッツ：ＰＡＲＴＳ,ヘッドライトテールライトコーナーライトサイドマーカーカーボンアンテナドアミラーエアロメーターパネルリップスポイラーウイングホイールカバーペダル車高調ブレーキドライブレコーダーワイパーグリルボンネットローダウンブレーキ パッド 【送料無料】ACRE(アクレ)ブレーキ パッド スーパーファイター フロント用 99.9～05.12 NCP12 プラッツ,全国送料無料！（沖縄・離島は除く）　。ブレーキ パッド 【送料無料】ACRE(アクレ)ブレーキ パッド スーパーファイター フロント用 99.9～05.12 NCP12 プラッツ[rn]
5-42915,http://tshop.r10s.jp/parts/cabinet/detail-aa04/iblpjmr.jpg?fitin=700:700,11474.4000,,車用品・バイク用品 > カー用品 > ブレーキ > ブレーキパッド > 国産車用,DIXCEL（ディクセル）日産 ローレル ブレーキパッド Mタイプ リア用  GC34/GCC34 ローレル (NA  93/1～97/6)M325094,【！！DIXCEL送料無料！！】M325094,"高い効きと扱いやすさはそのままに、究極にブレーキダストを低減させた新世代ブレーキパッド！セダンからスポーティカー、ミニバン、SUVなどあらゆる車にベストマッチ。純正品に比べダストが少ないです。<br>クイックな初期制動とワイドなコントロール性能を高次元でバランス！　　ストリート、ワインディング、ダートトライアル、ドリフトに最適！<br>材質：ノンスチールセラミックファイバー　適正温度：0～500℃　　<br><br>対応車種：GC34/GCC34 ローレル (NA  93/1～97/6　2500cc) <br><br>ブレーキ | ブレーキパッド<br>日産 | ローレル | C34系<tr><td colspan=""2"">
<center><img src=""https://image.rakuten.co.jp/parts/cabinet/design/2017summertire2.jpg"" border=""0"" width=""800px""><br>
</td></tr></center>


<!--

<center>
<img src=""http://image.rakuten.co.jp/parts/cabinet/sale/201612ss_45_pc2.gif"" border=""0"" width=""800px"">
</center><br><br>
<center>
<img src=""http://image.rakuten.co.jp/parts/cabinet/sale/conbini201612pc.jpg"" border=""0"" width=""800px""
><br>

-->



<!--

<style type=""text/css"">
body{

background-image: url(""http://image.rakuten.co.jp/parts/cabinet/sale/36_shop_100x600.gif"");

background-repeat:repeat-y;
background-attachment:scroll;
background-position: right;

}
</style>-->",DIXCEL（ディクセル）日産 ローレル ブレーキパッド Mタイプ リア用  GC34/GCC34 ローレル (NA  93/1～97/6)M325094：ＰＡＲＴＳ,ヘッドライトテールライトコーナーライトサイドマーカーカーボンアンテナドアミラーエアロメーターパネルリップスポイラーウイングホイールカバーペダル車高調ブレーキドライブレコーダーワイパーグリルボンネットローダウンDIXCEL（ディクセル）日産 ローレル ブレーキパッド Mタイプ リア用  GC34/GCC34 ローレル (NA  93/1～97/6)M325094,【！！DIXCEL送料無料！！】M325094。DIXCEL（ディクセル）日産 ローレル ブレーキパッド Mタイプ リア用  GC34/GCC34 ローレル (NA  93/1～97/6)M325094[rn]
5-42916,http://tshop.r10s.jp/parts/cabinet/detail-aa04/aa04-ec.jpg?fitin=700:700,5737.6000,,車用品・バイク用品 > カー用品 > ブレーキ > ブレーキパッド > 国産車用,DIXCEL（ディクセル）三菱 パジェロ ブレーキパッド EXTRAcruise（ECタイプ） フロント用  V26C/26W/26WG パジェロ (91/1～99/9)EC341078,【！！DIXCEL送料無料！！】EC341078,"ストリート、ハイウェイでのクルージングで発揮するワンランク上の制動力と快適性。効きUP！ダスト低減！しかもエコノミーで車検交換に最適。ノンアスベスト、ノンスチールで環境にも配慮したスタンダードブレーキパッド。<br>純正を凌駕する耐摩耗性（寿命）でダストや鳴きも少なく常に快適。ローターに負担を掛けず非常に経済的です。 スコーチ（パッド表面焼付）により初期なじみも抜群。<br>※左右セット<br><br>対応車種：V26C/26W/26WG パジェロ (91/1～99/9　2500～3000cc)<br><br>ブレーキ | ブレーキパッド<br>三菱 | パジェロ | V10～50系<tr><td colspan=""2"">
<center><img src=""https://image.rakuten.co.jp/parts/cabinet/design/2017summertire2.jpg"" border=""0"" width=""800px""><br>
</td></tr></center>


<!--

<center>
<img src=""http://image.rakuten.co.jp/parts/cabinet/sale/201612ss_45_pc2.gif"" border=""0"" width=""800px"">
</center><br><br>
<center>
<img src=""http://image.rakuten.co.jp/parts/cabinet/sale/conbini201612pc.jpg"" border=""0"" width=""800px""
><br>

-->



<!--

<style type=""text/css"">
body{

background-image: url(""http://image.rakuten.co.jp/parts/cabinet/sale/36_shop_100x600.gif"");

background-repeat:repeat-y;
background-attachment:scroll;
background-position: right;

}
</style>-->",DIXCEL（ディクセル）三菱 パジェロ ブレーキパッド EXTRAcruise（ECタイプ） フロント用  V26C/26W/26WG パジェロ (91/1～99/9)EC341078：ＰＡＲＴＳ,ヘッドライトテールライトコーナーライトサイドマーカーカーボンアンテナドアミラーエアロメーターパネルリップスポイラーウイングホイールカバーペダル車高調ブレーキドライブレコーダーワイパーグリルボンネットローダウンDIXCEL（ディクセル）三菱 パジェロ ブレーキパッド EXTRAcruise（ECタイプ） フロント用  V26C/26W/26WG パジェロ (91/1～99/9)EC341078,【！！DIXCEL送料無料！！】EC341078。DIXCEL（ディクセル）三菱 パジェロ ブレーキパッド EXTRAcruise（ECタイプ） フロント用  V26C/26W/26WG パジェロ (91/1～99/9)EC341078[rn]
5-42917,http://tshop.r10s.jp/parts/cabinet/detail-aa04/aa04-ec.jpg?fitin=700:700,4303.2000,,車用品・バイク用品 > カー用品 > ブレーキ > ブレーキパッド > 国産車用,DIXCEL（ディクセル）ダイハツ ミラ ブレーキパッド EXTRAcruise（ECタイプ） フロント用  L500 ミラ (TR-XX アバンツァート  94/8～98/8)EC381052,【！！DIXCEL送料無料！！】EC381052,"ストリート、ハイウェイでのクルージングで発揮するワンランク上の制動力と快適性。効きUP！ダスト低減！しかもエコノミーで車検交換に最適。ノンアスベスト、ノンスチールで環境にも配慮したスタンダードブレーキパッド。<br>純正を凌駕する耐摩耗性（寿命）でダストや鳴きも少なく常に快適。ローターに負担を掛けず非常に経済的です。 スコーチ（パッド表面焼付）により初期なじみも抜群。<br>※左右セット<br><br>対応車種：L500 ミラ (TR-XX アバンツァート  94/8～98/8　660cc)<br><br>ブレーキ | ブレーキパッド<br>ダイハツ | ミラ | L500系<tr><td colspan=""2"">
<center><img src=""https://image.rakuten.co.jp/parts/cabinet/design/2017summertire2.jpg"" border=""0"" width=""800px""><br>
</td></tr></center>


<!--

<center>
<img src=""http://image.rakuten.co.jp/parts/cabinet/sale/201612ss_45_pc2.gif"" border=""0"" width=""800px"">
</center><br><br>
<center>
<img src=""http://image.rakuten.co.jp/parts/cabinet/sale/conbini201612pc.jpg"" border=""0"" width=""800px""
><br>

-->



<!--

<style type=""text/css"">
body{

background-image: url(""http://image.rakuten.co.jp/parts/cabinet/sale/36_shop_100x600.gif"");

background-repeat:repeat-y;
background-attachment:scroll;
background-position: right;

}
</style>-->",DIXCEL（ディクセル）ダイハツ ミラ ブレーキパッド EXTRAcruise（ECタイプ） フロント用  L500 ミラ (TR-XX アバンツァート  94/8～98/8)EC381052：ＰＡＲＴＳ,ヘッドライトテールライトコーナーライトサイドマーカーカーボンアンテナドアミラーエアロメーターパネルリップスポイラーウイングホイールカバーペダル車高調ブレーキドライブレコーダーワイパーグリルボンネットローダウンDIXCEL（ディクセル）ダイハツ ミラ ブレーキパッド EXTRAcruise（ECタイプ） フロント用  L500 ミラ (TR-XX アバンツァート  94/8～98/8)EC381052,【！！DIXCEL送料無料！！】EC381052。DIXCEL（ディクセル）ダイハツ ミラ ブレーキパッド EXTRAcruise（ECタイプ） フロント用  L500 ミラ (TR-XX アバンツァート  94/8～98/8)EC381052[rn]
5-42918,http://tshop.r10s.jp/parts/cabinet/detail-aa04/iblpjzf.jpg?fitin=700:700,15776.8000,,車用品・バイク用品 > カー用品 > ブレーキ > ブレーキパッド > 国産車用,DIXCEL（ディクセル）スズキ アルト ブレーキパッド Zタイプ フロント用  CN21S アルト (ABS付(NA/TURBO含む)  90/2～91/8)Z371032,【！！DIXCEL送料無料！！】Z371032,"サーキット走行会をターゲットに開発された新素材グラファイトメタリックがもたらす異次元の高温安定性と耐摩耗性能！サーキット専用材と違い、一般市街地での常温域でも強烈な初期制動を発揮！<br>今までのサーキット系パッドをはるかに越える高温域での耐フェード性と安定したコントロール性。Ｓタイヤ・ハイグリップラジアルにベストマッチ！<br>材質：グラファイトメタリック　適正温度：0～850℃　　<br><br>対応車種：CN21S アルト (ABS付(NA/TURBO含む)  90/2～91/8　660cc)<br><br>ブレーキ | ブレーキパッド<br>スズキ | アルト | ～CA11#/21#以前のモデル<tr><td colspan=""2"">
<center><img src=""https://image.rakuten.co.jp/parts/cabinet/design/2017summertire2.jpg"" border=""0"" width=""800px""><br>
</td></tr></center>


<!--

<center>
<img src=""http://image.rakuten.co.jp/parts/cabinet/sale/201612ss_45_pc2.gif"" border=""0"" width=""800px"">
</center><br><br>
<center>
<img src=""http://image.rakuten.co.jp/parts/cabinet/sale/conbini201612pc.jpg"" border=""0"" width=""800px""
><br>

-->



<!--

<style type=""text/css"">
body{

background-image: url(""http://image.rakuten.co.jp/parts/cabinet/sale/36_shop_100x600.gif"");

background-repeat:repeat-y;
background-attachment:scroll;
background-position: right;

}
</style>-->",DIXCEL（ディクセル）スズキ アルト ブレーキパッド Zタイプ フロント用  CN21S アルト (ABS付(NA/TURBO含む)  90/2～91/8)Z371032：ＰＡＲＴＳ,ヘッドライトテールライトコーナーライトサイドマーカーカーボンアンテナドアミラーエアロメーターパネルリップスポイラーウイングホイールカバーペダル車高調ブレーキドライブレコーダーワイパーグリルボンネットローダウンDIXCEL（ディクセル）スズキ アルト ブレーキパッド Zタイプ フロント用  CN21S アルト (ABS付(NA/TURBO含む)  90/2～91/8)Z371032,【！！DIXCEL送料無料！！】Z371032。DIXCEL（ディクセル）スズキ アルト ブレーキパッド Zタイプ フロント用  CN21S アルト (ABS付(NA/TURBO含む)  90/2～91/8)Z371032[rn]
5-42919,http://tshop.r10s.jp/parts/cabinet/detail-aa71/aa71-drf.jpg?fitin=700:700,10777.6000,,車用品・バイク用品 > カー用品 > ブレーキ > ブレーキパッド > 国産車用,ブレーキ パッド 【送料無料】ACRE(アクレ)ブレーキ パッド ダストレス・リアル フロント用 90.10～95.9 F17A シグマ 4WS,全国送料無料！（沖縄・離島は除く）　,"ホイールを汚さず、鳴きを低減して効きも捨てられない。そんなユーザーの声にアクレが総力を挙げて開発に取り組みました。不快なブレーキ鳴きとホイール汚れの原因となるブレーキダストの発生を抑えるために、制動力を犠牲にしてきた今までの既成概念に囚われない画期的ブレーキパッドです。 純正ブレーキパッドにプラスアルファの効きとブレーキダストを抑制したブレーキパッドの開発は、アクレ社が創業以来続けてきた大きな課題。特にメッキホイールや白いホイールにオススメです。 <br><br>●材質：ノンスチールセラミックファイバー材（ノンアスベスト） ●左右セット ●摩擦係数：0.36～0.49 ●ローター適正温度域：常温～500℃ ●排気量：3000<br><br>※ご注文の際は必ず車検証記載事項をご確認下さい。車台番号・型式指定番号は車検証に記載されています。本製品はあくまでもホイールの汚れと不快な鳴きを抑え、純正ブレーキパッドよりも高い制動力を主眼としていますので、サーキット走行等には向いておりません。 <br><br>対応車種：90.10～95.9 F17A シグマ 4WS <br><br>　車検対応品<br><br>ブレーキ/ブレーキパッド<tr><td colspan=""2"">
<center><img src=""https://image.rakuten.co.jp/parts/cabinet/design/2017summertire2.jpg"" border=""0"" width=""800px""><br>
</td></tr></center>


<!--

<center>
<img src=""http://image.rakuten.co.jp/parts/cabinet/sale/201612ss_45_pc2.gif"" border=""0"" width=""800px"">
</center><br><br>
<center>
<img src=""http://image.rakuten.co.jp/parts/cabinet/sale/conbini201612pc.jpg"" border=""0"" width=""800px""
><br>

-->



<!--

<style type=""text/css"">
body{

background-image: url(""http://image.rakuten.co.jp/parts/cabinet/sale/36_shop_100x600.gif"");

background-repeat:repeat-y;
background-attachment:scroll;
background-position: right;

}
</style>-->",ブレーキ パッド 【送料無料】ACRE(アクレ)ブレーキ パッド ダストレス・リアル フロント用 90.10～95.9 F17A シグマ 4WS：ＰＡＲＴＳ,ヘッドライトテールライトコーナーライトサイドマーカーカーボンアンテナドアミラーエアロメーターパネルリップスポイラーウイングホイールカバーペダル車高調ブレーキドライブレコーダーワイパーグリルボンネットローダウンブレーキ パッド 【送料無料】ACRE(アクレ)ブレーキ パッド ダストレス・リアル フロント用 90.10～95.9 F17A シグマ 4WS,全国送料無料！（沖縄・離島は除く）　。ブレーキ パッド 【送料無料】ACRE(アクレ)ブレーキ パッド ダストレス・リアル フロント用 90.10～95.9 F17A シグマ 4WS[rn]
