5-63933,http://tshop.r10s.jp/auc-kansai/cabinet/eyeline/imgrc0065798356.jpg?fitin=700:700,1584.0000,,車用品・バイク用品 > カー用品 > ライト・ランプ > ヘッドライト > その他,★SilkBlazeシルクブレイズ★アイラインフィルム200系ハイエース【4型/標準】[Ver.2],　,"<STYLE type=""text/css""> 
<!--
table.atype{
width:600px;
font-size:12px;
border:1px solid #666666;
}
.atype th{
vertical-align:top;
width:100px;
color:#666666;
background-color:#f0f0f0;
text-align:left;
border-bottom:2px dotted #cccccc;padding:8px 0 8px 20px;}

.atype td{background-color:#f0f0f0;color:#000000;border-bottom:2px dotted #cccccc;padding:8px 10px;}
.atype td.top{text-align:right;border-bottom:1px solid #666666;padding:5px 10px;background:url(http://image.rakuten.co.jp/auc-kansai/cabinet/top_parts/item_info.gif) no-repeat 10px center #cccccc;}
strong{color:red;}
em{background-color:#ffff33;font-style:normal;}
.atype td.nob{border:0;}
.atype th.nob{border:0;}
dt{font-weight:bold;color:blue;}
dd{margin-left:2em;margin-bottom:7px;}
dl{margin:0;}
img{border:0;}

-->
</STYLE><BR><BR>

<table class=atype cellspacing=0 border=""0"">
  <tr> 
    <td class=top colspan=""2""><img src=""http://image.rakuten.co.jp/auc-kansai/cabinet/zaiko.gif"" alt=""在庫状況をチェック！""></td>
  </tr>
  <tr> 
    <th>メーカー名</th>
    <td>SilkBlaze</td>
  </tr>
  <tbody> 
  <tr> 
    <th>商品名</th>
    <td>SilkBlaze　アイラインフィルム 【Ver.2】<br>
      4型ハイエース 200系 標準ボディ</td>
  </tr>
  <tr> 
    <th>適合車種</th>
    <td>200系ハイエース 4型/標準</td>
  </tr>
<tr> 
    <th>適合年式</th>
    <td>H25.12～（2013.04～)</td>
  </tr>
  <tr> 
    <th>適合型式</th>
    <td>TRH[KDH]2## 4型標準</td>
  </tr>
  <tr> 
    <th>カラー</th>
    <td>クリアオレンジ/クリアブルー<br>
      <br>
      <font color=""#FF0000""><b>※ご希望のカラーを「買い物かごに入れる」ボタンすぐ上の<br>
      選択オプションから選択ください</b></font> </td>
  </tr>
  <tr> 
    <th>セット内容</th>
    <td> 本体（L/R）×1/取付説明書</td>
  </tr>
   <tr> 
    <th>納　期</th>
    <td>受注生産品の為7～10営業日で発送予定<BR>
<font color=RED>
※メーカー受注生産のため、生産開始後のキャンセルは受け付けできません。</FONT></td>
  </tr>
  <tr> 
    <th class=nob>仕　様</th>
    <td class=nob><b><font color=""#0000FF"">【あっという間にお手軽カスタム】</font></b><br>
      貼るだけでOKのカンタン取付！フロントビューのイメージが一新します！<br>
      <font color=""#0000FF""><b>【三次元曲面対応フィルム採用】</b></font><br>
      各車種ごとに専用設計！それぞれ異なるランプ形状に合わせて<br>
      ぴったりフィットする、高品質フィルムです！<br>
      <font color=""#0000FF""><b>【カラーは２種類】</b></font><br>
      クリアオレンジとクリアブルーの２色がラインナップ！お好みに合わせてどうぞ！<br>

</td>
  </tr>
  </tbody> 
</table><div style=""width:650px;margin:0 auto 10px;"">

<div style=""width:200px;height:70px;margin:10px 10px 0 0;padding:0;float:left;"">

<img src=""http://image.rakuten.co.jp/auc-
kansai/cabinet/recommend/img56543381.jpg"" style=""border:1px solid #cccccc;"">
</div>

<div style=""width:200px;height:70px;margin:10px 10px 0 0;padding:0;float:left;"">

<img src=""http://image.rakuten.co.jp/auc-kansai/cabinet/recommend/img62011463.jpg"" style=""border:1px solid #cccccc;"">
</div>

<div style=""width:200px;height:70px;margin:10px 10px 0 0;padding:0;float:left;"">

<img src=""http://image.rakuten.co.jp/auc-kansai/cabinet/recommend/img58407350.jpg"" style=""border:1px solid #cccccc;"">
</div>


<div style=""width:200px;height:70px;margin:10px 10px 0 0;padding:0;float:left;"">

<img src=""http://image.rakuten.co.jp/auc-kansai/cabinet/recommend/img63526257.jpg"" style=""border:1px solid #cccccc;"">
</div>

<div style=""width:200px;height:70px;margin:10px 10px 0 0;padding:0;float:left;"">

<img src=""http://image.rakuten.co.jp/auc-kansai/cabinet/recommend/img57442028.jpg"" style=""border:1px solid #cccccc;"">
</div>

<div style=""width:200px;height:70px;margin:10px 10px 0 0;padding:0;float:left;"">

<img src=""http://image.rakuten.co.jp/auc-kansai/cabinet/add_banner/imgrc0070378640.jpg"" style=""border:1px solid #cccccc;"">
</div>


<div style=""width:200px;height:70px;margin:10px 10px 0 0;padding:0;float:left;"">

<img src=""http://image.rakuten.co.jp/auc-kansai/cabinet/other/imgrc0067980289.jpg"" style=""border:1px solid #cccccc;"">
</div>

<div style=""width:200px;height:70px;margin:10px 10px 0 0;padding:0;float:left;"">

<img src=""http://image.rakuten.co.jp/auc-kansai/cabinet/recommend/imgrc0064589435.jpg"" style=""border:1px solid #cccccc;"">
</div>

<div style=""width:200px;height:70px;margin:10px 10px 0 0;padding:0;float:left;"">

<img src=""http://image.rakuten.co.jp/auc-kansai/cabinet/other/imgrc0068949465.jpg"" style=""border:1px solid #cccccc;"">
</div>",★SilkBlazeシルクブレイズ★アイラインフィルム200系ハイエース【4型/標準】[Ver.2]：関西オートパーツ販売,★SilkBlazeシルクブレイズ★アイラインフィルム200系ハイエース【4型/標準】[Ver.2],　。★SilkBlazeシルクブレイズ★アイラインフィルム200系ハイエース【4型/標準】[Ver.2][rn]
5-63934,http://tshop.r10s.jp/auc-kansai/cabinet/eyeline/img57519919.jpg?fitin=700:700,1584.0000,,車用品・バイク用品 > カー用品 > ライト・ランプ > ヘッドライト > その他,★SilkBlazeシルクブレイズ★アイラインフィルムJE1/2ゼスト専用,　,"<STYLE type=""text/css""> 
<!--
table.atype{
width:600px;
font-size:12px;
border:1px solid #666666;
}
.atype th{
vertical-align:top;
width:100px;
color:#666666;
background-color:#f0f0f0;
text-align:left;
border-bottom:2px dotted #cccccc;padding:8px 0 8px 20px;}

.atype td{background-color:#f0f0f0;color:#000000;border-bottom:2px dotted #cccccc;padding:8px 10px;}
.atype td.top{text-align:right;border-bottom:1px solid #666666;padding:5px 10px;background:url(http://image.rakuten.co.jp/auc-kansai/cabinet/top_parts/item_info.gif) no-repeat 10px center #cccccc;}
strong{color:red;}
em{background-color:#ffff33;font-style:normal;}
.atype td.nob{border:0;}
.atype th.nob{border:0;}
dt{font-weight:bold;color:blue;}
dd{margin-left:2em;margin-bottom:7px;}
dl{margin:0;}
img{border:0;}

-->
</STYLE><BR><BR>

<table class=atype cellspacing=0 border=""0"">
  <tr> 
    <td class=top colspan=""2""><img src=""http://image.rakuten.co.jp/auc-kansai/cabinet/zaiko.gif"" alt=""在庫状況をチェック！""></td>
  </tr>
  <tr> 
    <th>メーカー名</th>
    <td>SilkBlaze</td>
  </tr>
  <tbody> 
  <tr> 
    <th>商品名</th>
    <td> SilkBlaze　アイラインフィルム[ソリッドオレンジ/ソリッドブルー]<br>
      JE1/2ゼスト専用 </td>
  </tr>
  <tr> 
    <th>適合車種</th>
    <td>ゼスト…JE1/2</td>
  </tr>
  <tr> 
    <th>適合年式</th>
    <td>H18.03～現行</td>
  </tr>
  <tr> 
    <th>カラー</th>
    <td>ソリッドオレンジ/ソリッドブルー<br>
      <br>
      <font color=""#FF0000""><b>※ご希望のカラーを「買い物かごに入れる」ボタンすぐ上の<br>
      選択オプションから選択ください</b></font> </td>
  </tr>
  <tr> 
    <th>セット内容</th>
    <td> 本体（L/R）×1/取付説明書</td>
  </tr>
   <tr> 
    <th>納　期</th>
    <td>受注生産品の為7～10営業日で発送予定<BR>
<font color=RED>
※メーカー受注生産のため、生産開始後のキャンセルは受け付けできません。</FONT></td>
  </tr>
  <tr> 
    <th class=nob>仕　様</th>
    <td class=nob><b><font color=""#0000FF"">【あっという間にお手軽カスタム】</font></b><br>
      貼るだけでOKのカンタン取付！フロントビューのイメージが一新します！<br>
      <font color=""#0000FF""><b>【三次元曲面対応フィルム採用】</b></font><br>
      各車種ごとに専用設計！それぞれ異なるランプ形状に合わせて<br>
      ぴったりフィットする、高品質フィルムです！<br>
      <font color=""#0000FF""><b>【選べるカラーは２種類】</b></font><br>
      ソリッドオレンジとソリッドブルーの２色がラインナップ！お好みに合わせてどうぞ！<br>
      <strong>※こちらは透明度の低いソリッドフィルムとなります。</strong></td>
  </tr>
  </tbody> 
</table><div style=""width:650px;margin:0 auto 10px;"">

<div style=""width:200px;height:70px;margin:10px 10px 0 0;padding:0;float:left;"">

<img src=""http://image.rakuten.co.jp/auc-
kansai/cabinet/recommend/img56543381.jpg"" style=""border:1px solid #cccccc;"">
</div>

<div style=""width:200px;height:70px;margin:10px 10px 0 0;padding:0;float:left;"">

<img src=""http://image.rakuten.co.jp/auc-kansai/cabinet/recommend/img62011463.jpg"" style=""border:1px solid #cccccc;"">
</div>

<div style=""width:200px;height:70px;margin:10px 10px 0 0;padding:0;float:left;"">

<img src=""http://image.rakuten.co.jp/auc-kansai/cabinet/recommend/img58407350.jpg"" style=""border:1px solid #cccccc;"">
</div>


<div style=""width:200px;height:70px;margin:10px 10px 0 0;padding:0;float:left;"">

<img src=""http://image.rakuten.co.jp/auc-kansai/cabinet/recommend/img63526257.jpg"" style=""border:1px solid #cccccc;"">
</div>

<div style=""width:200px;height:70px;margin:10px 10px 0 0;padding:0;float:left;"">

<img src=""http://image.rakuten.co.jp/auc-kansai/cabinet/recommend/img57442028.jpg"" style=""border:1px solid #cccccc;"">
</div>

<div style=""width:200px;height:70px;margin:10px 10px 0 0;padding:0;float:left;"">

<img src=""http://image.rakuten.co.jp/auc-kansai/cabinet/add_banner/imgrc0070378640.jpg"" style=""border:1px solid #cccccc;"">
</div>


<div style=""width:200px;height:70px;margin:10px 10px 0 0;padding:0;float:left;"">

<img src=""http://image.rakuten.co.jp/auc-kansai/cabinet/other/imgrc0067980289.jpg"" style=""border:1px solid #cccccc;"">
</div>

<div style=""width:200px;height:70px;margin:10px 10px 0 0;padding:0;float:left;"">

<img src=""http://image.rakuten.co.jp/auc-kansai/cabinet/recommend/imgrc0064589435.jpg"" style=""border:1px solid #cccccc;"">
</div>

<div style=""width:200px;height:70px;margin:10px 10px 0 0;padding:0;float:left;"">

<img src=""http://image.rakuten.co.jp/auc-kansai/cabinet/other/imgrc0068949465.jpg"" style=""border:1px solid #cccccc;"">
</div>",★SilkBlazeシルクブレイズ★アイラインフィルムJE1/2ゼスト専用：関西オートパーツ販売,★SilkBlazeシルクブレイズ★アイラインフィルムJE1/2ゼスト専用,　。★SilkBlazeシルクブレイズ★アイラインフィルムJE1/2ゼスト専用[rn]
5-63935,http://tshop.r10s.jp/auc-kansai/cabinet/eyeline/img57499581.jpg?fitin=700:700,1584.0000,,車用品・バイク用品 > カー用品 > ライト・ランプ > ヘッドライト > その他,★SilkBlazeシルクブレイズ★アイラインフィルム50系エスティマ前期専用,　,"<STYLE type=""text/css""> 
<!--
table.atype{
width:600px;
font-size:12px;
border:1px solid #666666;
}
.atype th{
vertical-align:top;
width:100px;
color:#666666;
background-color:#f0f0f0;
text-align:left;
border-bottom:2px dotted #cccccc;padding:8px 0 8px 20px;}

.atype td{background-color:#f0f0f0;color:#000000;border-bottom:2px dotted #cccccc;padding:8px 10px;}
.atype td.top{text-align:right;border-bottom:1px solid #666666;padding:5px 10px;background:url(http://image.rakuten.co.jp/auc-kansai/cabinet/top_parts/item_info.gif) no-repeat 10px center #cccccc;}
strong{color:red;}
em{background-color:#ffff33;font-style:normal;}
.atype td.nob{border:0;}
.atype th.nob{border:0;}
dt{font-weight:bold;color:blue;}
dd{margin-left:2em;margin-bottom:7px;}
dl{margin:0;}
img{border:0;}

-->
</STYLE><BR><BR>

<table class=atype cellspacing=0 border=""0"">
  <tr> 
    <td class=top colspan=""2""><img src=""http://image.rakuten.co.jp/auc-kansai/cabinet/zaiko.gif"" alt=""在庫状況をチェック！""></td>
  </tr>
  <tr> 
    <th>メーカー名</th>
    <td>SilkBlaze</td>
  </tr>
  <tbody> 
  <tr> 
    <th>商品名</th>
    <td>SilkBlaze　アイラインフィルム[クリアオレンジ/クリアブルー]<br>
      50系エスティマ前期専用</td>
  </tr>
  <tr> 
    <th>適合車種</th>
    <td>50系エスティマ…ACR[GSR]50/55</td>
  </tr>
  <tr> 
    <th>適合年式</th>
    <td>H18.01～H20.12(前期)</td>
  </tr>
  <tr> 
    <th>カラー</th>
    <td>クリアオレンジ/クリアブルー<br>
      <br>
      <font color=""#FF0000""><b>※ご希望のカラーを「買い物かごに入れる」ボタンすぐ上の<br>
      選択オプションから選択ください</b></font> </td>
  </tr>
  <tr> 
    <th>セット内容</th>
    <td> 本体（L/R）×1/取付説明書</td>
  </tr>
   <tr> 
    <th>納　期</th>
    <td>受注生産品の為7～10営業日で発送予定<BR>
<font color=RED>
※メーカー受注生産のため、生産開始後のキャンセルは受け付けできません。</FONT></td>
  </tr>
  <tr> 
    <th class=nob>仕　様</th>
    <td class=nob><b><font color=""#0000FF"">【あっという間にお手軽カスタム】</font></b><br>
      貼るだけでOKのカンタン取付！フロントビューのイメージが一新します！<br>
      <font color=""#0000FF""><b>【三次元曲面対応フィルム採用】</b></font><br>
      各車種ごとに専用設計！それぞれ異なるランプ形状に合わせて<br>
      ぴったりフィットする、高品質フィルムです！<br>
      <font color=""#0000FF""><b>【選べるカラーは２種類】</b></font><br>
      クリアオレンジとクリアブルーの２色がラインナップ！お好みに合わせてどうぞ！</td>
  </tr>
  </tbody> 
</table><div style=""width:650px;margin:0 auto 10px;"">

<div style=""width:200px;height:70px;margin:10px 10px 0 0;padding:0;float:left;"">

<img src=""http://image.rakuten.co.jp/auc-
kansai/cabinet/recommend/img56543381.jpg"" style=""border:1px solid #cccccc;"">
</div>

<div style=""width:200px;height:70px;margin:10px 10px 0 0;padding:0;float:left;"">

<img src=""http://image.rakuten.co.jp/auc-kansai/cabinet/recommend/img62011463.jpg"" style=""border:1px solid #cccccc;"">
</div>

<div style=""width:200px;height:70px;margin:10px 10px 0 0;padding:0;float:left;"">

<img src=""http://image.rakuten.co.jp/auc-kansai/cabinet/recommend/img58407350.jpg"" style=""border:1px solid #cccccc;"">
</div>


<div style=""width:200px;height:70px;margin:10px 10px 0 0;padding:0;float:left;"">

<img src=""http://image.rakuten.co.jp/auc-kansai/cabinet/recommend/img63526257.jpg"" style=""border:1px solid #cccccc;"">
</div>

<div style=""width:200px;height:70px;margin:10px 10px 0 0;padding:0;float:left;"">

<img src=""http://image.rakuten.co.jp/auc-kansai/cabinet/recommend/img57442028.jpg"" style=""border:1px solid #cccccc;"">
</div>

<div style=""width:200px;height:70px;margin:10px 10px 0 0;padding:0;float:left;"">

<img src=""http://image.rakuten.co.jp/auc-kansai/cabinet/add_banner/imgrc0070378640.jpg"" style=""border:1px solid #cccccc;"">
</div>


<div style=""width:200px;height:70px;margin:10px 10px 0 0;padding:0;float:left;"">

<img src=""http://image.rakuten.co.jp/auc-kansai/cabinet/other/imgrc0067980289.jpg"" style=""border:1px solid #cccccc;"">
</div>

<div style=""width:200px;height:70px;margin:10px 10px 0 0;padding:0;float:left;"">

<img src=""http://image.rakuten.co.jp/auc-kansai/cabinet/recommend/imgrc0064589435.jpg"" style=""border:1px solid #cccccc;"">
</div>

<div style=""width:200px;height:70px;margin:10px 10px 0 0;padding:0;float:left;"">

<img src=""http://image.rakuten.co.jp/auc-kansai/cabinet/other/imgrc0068949465.jpg"" style=""border:1px solid #cccccc;"">
</div>",★SilkBlazeシルクブレイズ★アイラインフィルム50系エスティマ前期専用：関西オートパーツ販売,★SilkBlazeシルクブレイズ★アイラインフィルム50系エスティマ前期専用,　。★SilkBlazeシルクブレイズ★アイラインフィルム50系エスティマ前期専用[rn]
5-63936,http://tshop.r10s.jp/auc-kansai/cabinet/eyeline/img57499597.jpg?fitin=700:700,1584.0000,,車用品・バイク用品 > カー用品 > ライト・ランプ > ヘッドライト > その他,★SilkBlazeシルクブレイズ★アイラインフィルム50系エスティマ後期専用,　,"<STYLE type=""text/css""> 
<!--
table.atype{
width:600px;
font-size:12px;
border:1px solid #666666;
}
.atype th{
vertical-align:top;
width:100px;
color:#666666;
background-color:#f0f0f0;
text-align:left;
border-bottom:2px dotted #cccccc;padding:8px 0 8px 20px;}

.atype td{background-color:#f0f0f0;color:#000000;border-bottom:2px dotted #cccccc;padding:8px 10px;}
.atype td.top{text-align:right;border-bottom:1px solid #666666;padding:5px 10px;background:url(http://image.rakuten.co.jp/auc-kansai/cabinet/top_parts/item_info.gif) no-repeat 10px center #cccccc;}
strong{color:red;}
em{background-color:#ffff33;font-style:normal;}
.atype td.nob{border:0;}
.atype th.nob{border:0;}
dt{font-weight:bold;color:blue;}
dd{margin-left:2em;margin-bottom:7px;}
dl{margin:0;}
img{border:0;}

-->
</STYLE><BR><BR>

<table class=atype cellspacing=0 border=""0"">
  <tr> 
    <td class=top colspan=""2""><img src=""http://image.rakuten.co.jp/auc-kansai/cabinet/zaiko.gif"" alt=""在庫状況をチェック！""></td>
  </tr>
  <tr> 
    <th>メーカー名</th>
    <td>SilkBlaze</td>
  </tr>
  <tbody> 
  <tr> 
    <th>商品名</th>
    <td>SilkBlaze　アイラインフィルム[クリアオレンジ/クリアブルー]<br>
      50系エスティマ後期専用</td>
  </tr>
  <tr> 
    <th>適合車種</th>
    <td>50系エスティマ…ACR[GSR]50/55</td>
  </tr>
  <tr> 
    <th>適合年式</th>
    <td>H20.12～(後期)</td>
  </tr>
  <tr> 
    <th>カラー</th>
    <td>クリアオレンジ/クリアブルー<br>
      <br>
      <font color=""#FF0000""><b>※ご希望のカラーを「買い物かごに入れる」ボタンすぐ上の<br>
      選択オプションから選択ください</b></font> </td>
  </tr>
  <tr> 
    <th>セット内容</th>
    <td> 本体（L/R）×1/取付説明書</td>
  </tr>
   <tr> 
    <th>納　期</th>
    <td>受注生産品の為7～10営業日で発送予定<BR>
<font color=RED>
※メーカー受注生産のため、生産開始後のキャンセルは受け付けできません。</FONT></td>
  </tr>
  <tr> 
    <th class=nob>仕　様</th>
    <td class=nob><b><font color=""#0000FF"">【あっという間にお手軽カスタム】</font></b><br>
      貼るだけでOKのカンタン取付！フロントビューのイメージが一新します！<br>
      <font color=""#0000FF""><b>【三次元曲面対応フィルム採用】</b></font><br>
      各車種ごとに専用設計！それぞれ異なるランプ形状に合わせて<br>
      ぴったりフィットする、高品質フィルムです！<br>
      <font color=""#0000FF""><b>【選べるカラーは２種類】</b></font><br>
      クリアオレンジとクリアブルーの２色がラインナップ！お好みに合わせてどうぞ！</td>
  </tr>
  </tbody> 
</table><div style=""width:650px;margin:0 auto 10px;"">

<div style=""width:200px;height:70px;margin:10px 10px 0 0;padding:0;float:left;"">

<img src=""http://image.rakuten.co.jp/auc-
kansai/cabinet/recommend/img56543381.jpg"" style=""border:1px solid #cccccc;"">
</div>

<div style=""width:200px;height:70px;margin:10px 10px 0 0;padding:0;float:left;"">

<img src=""http://image.rakuten.co.jp/auc-kansai/cabinet/recommend/img62011463.jpg"" style=""border:1px solid #cccccc;"">
</div>

<div style=""width:200px;height:70px;margin:10px 10px 0 0;padding:0;float:left;"">

<img src=""http://image.rakuten.co.jp/auc-kansai/cabinet/recommend/img58407350.jpg"" style=""border:1px solid #cccccc;"">
</div>


<div style=""width:200px;height:70px;margin:10px 10px 0 0;padding:0;float:left;"">

<img src=""http://image.rakuten.co.jp/auc-kansai/cabinet/recommend/img63526257.jpg"" style=""border:1px solid #cccccc;"">
</div>

<div style=""width:200px;height:70px;margin:10px 10px 0 0;padding:0;float:left;"">

<img src=""http://image.rakuten.co.jp/auc-kansai/cabinet/recommend/img57442028.jpg"" style=""border:1px solid #cccccc;"">
</div>

<div style=""width:200px;height:70px;margin:10px 10px 0 0;padding:0;float:left;"">

<img src=""http://image.rakuten.co.jp/auc-kansai/cabinet/add_banner/imgrc0070378640.jpg"" style=""border:1px solid #cccccc;"">
</div>


<div style=""width:200px;height:70px;margin:10px 10px 0 0;padding:0;float:left;"">

<img src=""http://image.rakuten.co.jp/auc-kansai/cabinet/other/imgrc0067980289.jpg"" style=""border:1px solid #cccccc;"">
</div>

<div style=""width:200px;height:70px;margin:10px 10px 0 0;padding:0;float:left;"">

<img src=""http://image.rakuten.co.jp/auc-kansai/cabinet/recommend/imgrc0064589435.jpg"" style=""border:1px solid #cccccc;"">
</div>

<div style=""width:200px;height:70px;margin:10px 10px 0 0;padding:0;float:left;"">

<img src=""http://image.rakuten.co.jp/auc-kansai/cabinet/other/imgrc0068949465.jpg"" style=""border:1px solid #cccccc;"">
</div>",★SilkBlazeシルクブレイズ★アイラインフィルム50系エスティマ後期専用：関西オートパーツ販売,★SilkBlazeシルクブレイズ★アイラインフィルム50系エスティマ後期専用,　。★SilkBlazeシルクブレイズ★アイラインフィルム50系エスティマ後期専用[rn]
5-63937,http://tshop.r10s.jp/auc-kansai/cabinet/eyeline/img57505420.jpg?fitin=700:700,1584.0000,,車用品・バイク用品 > カー用品 > ライト・ランプ > ヘッドライト > その他,★SilkBlazeシルクブレイズ★アイラインフィルムラクティス前期専用,　,"<STYLE type=""text/css""> 
<!--
table.atype{
width:600px;
font-size:12px;
border:1px solid #666666;
}
.atype th{
vertical-align:top;
width:100px;
color:#666666;
background-color:#f0f0f0;
text-align:left;
border-bottom:2px dotted #cccccc;padding:8px 0 8px 20px;}

.atype td{background-color:#f0f0f0;color:#000000;border-bottom:2px dotted #cccccc;padding:8px 10px;}
.atype td.top{text-align:right;border-bottom:1px solid #666666;padding:5px 10px;background:url(http://image.rakuten.co.jp/auc-kansai/cabinet/top_parts/item_info.gif) no-repeat 10px center #cccccc;}
strong{color:red;}
em{background-color:#ffff33;font-style:normal;}
.atype td.nob{border:0;}
.atype th.nob{border:0;}
dt{font-weight:bold;color:blue;}
dd{margin-left:2em;margin-bottom:7px;}
dl{margin:0;}
img{border:0;}

-->
</STYLE><BR><BR>

<table class=atype cellspacing=0 border=""0"">
  <tr> 
    <td class=top colspan=""2""><img src=""http://image.rakuten.co.jp/auc-kansai/cabinet/zaiko.gif"" alt=""在庫状況をチェック！""></td>
  </tr>
  <tr> 
    <th>メーカー名</th>
    <td>SilkBlaze</td>
  </tr>
  <tbody> 
  <tr> 
    <th>商品名</th>
    <td> SilkBlaze　アイラインフィルム[クリアオレンジ/クリアブルー]<br>
      ラクティス前期専用 </td>
  </tr>
  <tr> 
    <th>適合車種</th>
    <td>ラクティス… SCP[NCP]100/105</td>
  </tr>
  <tr> 
    <th>適合年式</th>
    <td>H17.10～H22.10(前期)</td>
  </tr>
  <tr> 
    <th>カラー</th>
    <td>クリアオレンジ/クリアブルー<br>
      <br>
      <font color=""#FF0000""><b>※ご希望のカラーを「買い物かごに入れる」ボタンすぐ上の<br>
      選択オプションから選択ください</b></font> </td>
  </tr>
  <tr> 
    <th>セット内容</th>
    <td> 本体（L/R）×1/取付説明書</td>
  </tr>
   <tr> 
    <th>納　期</th>
    <td>受注生産品の為7～10営業日で発送予定<BR>
<font color=RED>
※メーカー受注生産のため、生産開始後のキャンセルは受け付けできません。</FONT></td>
  </tr>
  <tr> 
    <th class=nob>仕　様</th>
    <td class=nob><b><font color=""#0000FF"">【あっという間にお手軽カスタム】</font></b><br>
      貼るだけでOKのカンタン取付！フロントビューのイメージが一新します！<br>
      <font color=""#0000FF""><b>【三次元曲面対応フィルム採用】</b></font><br>
      各車種ごとに専用設計！それぞれ異なるランプ形状に合わせて<br>
      ぴったりフィットする、高品質フィルムです！<br>
      <font color=""#0000FF""><b>【選べるカラーは２種類】</b></font><br>
      クリアオレンジとクリアブルーの２色がラインナップ！お好みに合わせてどうぞ！</td>
  </tr>
  </tbody> 
</table><div style=""width:650px;margin:0 auto 10px;"">

<div style=""width:200px;height:70px;margin:10px 10px 0 0;padding:0;float:left;"">

<img src=""http://image.rakuten.co.jp/auc-
kansai/cabinet/recommend/img56543381.jpg"" style=""border:1px solid #cccccc;"">
</div>

<div style=""width:200px;height:70px;margin:10px 10px 0 0;padding:0;float:left;"">

<img src=""http://image.rakuten.co.jp/auc-kansai/cabinet/recommend/img62011463.jpg"" style=""border:1px solid #cccccc;"">
</div>

<div style=""width:200px;height:70px;margin:10px 10px 0 0;padding:0;float:left;"">

<img src=""http://image.rakuten.co.jp/auc-kansai/cabinet/recommend/img58407350.jpg"" style=""border:1px solid #cccccc;"">
</div>


<div style=""width:200px;height:70px;margin:10px 10px 0 0;padding:0;float:left;"">

<img src=""http://image.rakuten.co.jp/auc-kansai/cabinet/recommend/img63526257.jpg"" style=""border:1px solid #cccccc;"">
</div>

<div style=""width:200px;height:70px;margin:10px 10px 0 0;padding:0;float:left;"">

<img src=""http://image.rakuten.co.jp/auc-kansai/cabinet/recommend/img57442028.jpg"" style=""border:1px solid #cccccc;"">
</div>

<div style=""width:200px;height:70px;margin:10px 10px 0 0;padding:0;float:left;"">

<img src=""http://image.rakuten.co.jp/auc-kansai/cabinet/add_banner/imgrc0070378640.jpg"" style=""border:1px solid #cccccc;"">
</div>


<div style=""width:200px;height:70px;margin:10px 10px 0 0;padding:0;float:left;"">

<img src=""http://image.rakuten.co.jp/auc-kansai/cabinet/other/imgrc0067980289.jpg"" style=""border:1px solid #cccccc;"">
</div>

<div style=""width:200px;height:70px;margin:10px 10px 0 0;padding:0;float:left;"">

<img src=""http://image.rakuten.co.jp/auc-kansai/cabinet/recommend/imgrc0064589435.jpg"" style=""border:1px solid #cccccc;"">
</div>

<div style=""width:200px;height:70px;margin:10px 10px 0 0;padding:0;float:left;"">

<img src=""http://image.rakuten.co.jp/auc-kansai/cabinet/other/imgrc0068949465.jpg"" style=""border:1px solid #cccccc;"">
</div>",★SilkBlazeシルクブレイズ★アイラインフィルムラクティス前期専用：関西オートパーツ販売,★SilkBlazeシルクブレイズ★アイラインフィルムラクティス前期専用,　。★SilkBlazeシルクブレイズ★アイラインフィルムラクティス前期専用[rn]
5-63938,http://tshop.r10s.jp/auc-kansai/cabinet/eyeline/img57499593.jpg?fitin=700:700,1584.0000,,車用品・バイク用品 > カー用品 > ライト・ランプ > ヘッドライト > その他,★SilkBlazeシルクブレイズ★アイラインフィルム[Ver.2]50系エスティマ前期専用,　,"<STYLE type=""text/css""> 
<!--
table.atype{
width:600px;
font-size:12px;
border:1px solid #666666;
}
.atype th{
vertical-align:top;
width:100px;
color:#666666;
background-color:#f0f0f0;
text-align:left;
border-bottom:2px dotted #cccccc;padding:8px 0 8px 20px;}

.atype td{background-color:#f0f0f0;color:#000000;border-bottom:2px dotted #cccccc;padding:8px 10px;}
.atype td.top{text-align:right;border-bottom:1px solid #666666;padding:5px 10px;background:url(http://image.rakuten.co.jp/auc-kansai/cabinet/top_parts/item_info.gif) no-repeat 10px center #cccccc;}
strong{color:red;}
em{background-color:#ffff33;font-style:normal;}
.atype td.nob{border:0;}
.atype th.nob{border:0;}
dt{font-weight:bold;color:blue;}
dd{margin-left:2em;margin-bottom:7px;}
dl{margin:0;}
img{border:0;}

-->
</STYLE><BR><BR>

<table class=atype cellspacing=0 border=""0"">
  <tr> 
    <td class=top colspan=""2""><img src=""http://image.rakuten.co.jp/auc-kansai/cabinet/zaiko.gif"" alt=""在庫状況をチェック！""></td>
  </tr>
  <tr> 
    <th>メーカー名</th>
    <td>SilkBlaze</td>
  </tr>
  <tbody> 
  <tr> 
    <th>商品名</th>
    <td>SilkBlaze　アイラインフィルムVer.2　[クリアオレンジ/クリアブルー]<br>
      50系エスティマ前期専用</td>
  </tr>
  <tr> 
    <th>適合車種</th>
    <td>50系エスティマ…ACR[GSR]50/55</td>
  </tr>
  <tr> 
    <th>適合年式</th>
    <td>H18.01～H20.12(前期)</td>
  </tr>
  <tr> 
    <th>カラー</th>
    <td>クリアオレンジ/クリアブルー<br>
      <br>
      <font color=""#FF0000""><b>※ご希望のカラーを「買い物かごに入れる」ボタンすぐ上の<br>
      選択オプションから選択ください</b></font> </td>
  </tr>
  <tr> 
    <th>セット内容</th>
    <td> 本体（L/R）×1/取付説明書</td>
  </tr>
  <tr> 
    <th>納　期</th>
    <td>受注生産品の為7～10営業日で発送予定<BR>
<font color=RED>
※メーカー受注生産のため、生産開始後のキャンセルは受け付けできません。</FONT></td>
  </tr>
  <tr> 
    <th class=nob>仕　様</th>
    <td class=nob><b><font color=""#0000FF"">【あっという間にお手軽カスタム】</font></b><br>
      貼るだけでOKのカンタン取付！フロントビューのイメージが一新します！<br>
      <font color=""#0000FF""><b>【三次元曲面対応フィルム採用】</b></font><br>
      各車種ごとに専用設計！それぞれ異なるランプ形状に合わせて<br>
      ぴったりフィットする、高品質フィルムです！<br>
      <font color=""#0000FF""><b>【選べるカラーは２種類】</b></font><br>
      クリアオレンジとクリアブルーの２色がラインナップ！お好みに合わせてどうぞ！</td>
  </tr>
  </tbody> 
</table><div style=""width:650px;margin:0 auto 10px;"">

<div style=""width:200px;height:70px;margin:10px 10px 0 0;padding:0;float:left;"">

<img src=""http://image.rakuten.co.jp/auc-
kansai/cabinet/recommend/img56543381.jpg"" style=""border:1px solid #cccccc;"">
</div>

<div style=""width:200px;height:70px;margin:10px 10px 0 0;padding:0;float:left;"">

<img src=""http://image.rakuten.co.jp/auc-kansai/cabinet/recommend/img62011463.jpg"" style=""border:1px solid #cccccc;"">
</div>

<div style=""width:200px;height:70px;margin:10px 10px 0 0;padding:0;float:left;"">

<img src=""http://image.rakuten.co.jp/auc-kansai/cabinet/recommend/img58407350.jpg"" style=""border:1px solid #cccccc;"">
</div>


<div style=""width:200px;height:70px;margin:10px 10px 0 0;padding:0;float:left;"">

<img src=""http://image.rakuten.co.jp/auc-kansai/cabinet/recommend/img63526257.jpg"" style=""border:1px solid #cccccc;"">
</div>

<div style=""width:200px;height:70px;margin:10px 10px 0 0;padding:0;float:left;"">

<img src=""http://image.rakuten.co.jp/auc-kansai/cabinet/recommend/img57442028.jpg"" style=""border:1px solid #cccccc;"">
</div>

<div style=""width:200px;height:70px;margin:10px 10px 0 0;padding:0;float:left;"">

<img src=""http://image.rakuten.co.jp/auc-kansai/cabinet/add_banner/imgrc0070378640.jpg"" style=""border:1px solid #cccccc;"">
</div>


<div style=""width:200px;height:70px;margin:10px 10px 0 0;padding:0;float:left;"">

<img src=""http://image.rakuten.co.jp/auc-kansai/cabinet/other/imgrc0067980289.jpg"" style=""border:1px solid #cccccc;"">
</div>

<div style=""width:200px;height:70px;margin:10px 10px 0 0;padding:0;float:left;"">

<img src=""http://image.rakuten.co.jp/auc-kansai/cabinet/recommend/imgrc0064589435.jpg"" style=""border:1px solid #cccccc;"">
</div>

<div style=""width:200px;height:70px;margin:10px 10px 0 0;padding:0;float:left;"">

<img src=""http://image.rakuten.co.jp/auc-kansai/cabinet/other/imgrc0068949465.jpg"" style=""border:1px solid #cccccc;"">
</div>",★SilkBlazeシルクブレイズ★アイラインフィルム[Ver.2]50系エスティマ前期専用：関西オートパーツ販売,★SilkBlazeシルクブレイズ★アイラインフィルム[Ver.2]50系エスティマ前期専用,　。★SilkBlazeシルクブレイズ★アイラインフィルム[Ver.2]50系エスティマ前期専用[rn]
5-63939,http://tshop.r10s.jp/auc-kansai/cabinet/other/imgrc0067906820.jpg?fitin=700:700,1400.0000,,車用品・バイク用品 > カー用品 > ライト・ランプ > ヘッドライト > その他,★SilkBlazeシルクブレイズ★アイラインフィルム ［Ver.1］30系アルファード【GGH/AGH/AYH30/35W】,　,"<STYLE type=""text/css""> 
<!--
table.atype{
width:600px;
font-size:12px;
border:1px solid #666666;
}
.atype th{
vertical-align:top;
width:100px;
color:#666666;
background-color:#f0f0f0;
text-align:left;
border-bottom:2px dotted #cccccc;padding:8px 0 8px 20px;}

.atype td{background-color:#f0f0f0;color:#000000;border-bottom:2px dotted #cccccc;padding:8px 10px;}
.atype td.top{text-align:right;border-bottom:1px solid #666666;padding:5px 10px;background:url(http://image.rakuten.co.jp/auc-kansai/cabinet/top_parts/item_info.gif) no-repeat 10px center #cccccc;}
strong{color:red;}
em{background-color:#ffff33;font-style:normal;}
.atype td.nob{border:0;}
.atype th.nob{border:0;}
dt{font-weight:bold;color:blue;}
dd{margin-left:2em;margin-bottom:7px;}
dl{margin:0;}
img{border:0;}

-->
</STYLE><BR><BR>

<table class=atype cellspacing=0 border=""0"">
  <tr> 
    <td class=top colspan=""2""><img src=""http://image.rakuten.co.jp/auc-kansai/cabinet/zaiko.gif"" alt=""在庫状況をチェック！""></td>
  </tr>
  <tr> 
    <th>メーカー名</th>
    <td>SilkBlaze</td>
  </tr>
  <tbody> 
  <tr> 
    <th>商品名</th>
    <td>アイラインフィルム</td>
  </tr>
  <tr> 
    <th>適合車種</th>
    <td>30系アルファード</td>
  </tr>
<tr> 
    <th>適合年式</th>
    <td>H27.01～（2015.01～)</td>
  </tr>
  <tr> 
    <th>適合型式</th>
    <td>GGH/AGH/AYH30/35W</td>
  </tr>
  <tr> 
    <th>カラー</th>
    <td>クリアオレンジ/クリアブルー<br>
      <br>
      <font color=""#FF0000""><b>※ご希望のカラーを「買い物かごに入れる」ボタンすぐ上の<br>
      選択オプションから選択ください</b></font> </td>
  </tr>
  <tr> 
    <th>セット内容</th>
    <td> 本体（L/R）×1/取付説明書</td>
  </tr>
   <tr> 
    <th>納　期</th>
    <td>受注生産品の為7～10営業日で発送予定<BR>
<font color=RED>
※メーカー受注生産のため、生産開始後のキャンセルは受け付けできません。</FONT></td>
  </tr>
  <tr> 
    <th class=nob>仕　様</th>
    <td class=nob><b><font color=""#0000FF"">【あっという間にお手軽カスタム】</font></b><br>
      貼るだけでOKのカンタン取付！フロントビューのイメージが一新します！<br>
      <font color=""#0000FF""><b>【三次元曲面対応フィルム採用】</b></font><br>
      各車種ごとに専用設計！それぞれ異なるランプ形状に合わせて<br>
      ぴったりフィットする、高品質フィルムです！<br>
      <font color=""#0000FF""><b>【カラーは２種類】</b></font><br>
      クリアオレンジとクリアブルーの２色がラインナップ！お好みに合わせてどうぞ！<br>

</td>
  </tr>
  </tbody> 
</table><div style=""width:650px;margin:0 auto 10px;"">

<div style=""width:200px;height:70px;margin:10px 10px 0 0;padding:0;float:left;"">

<img src=""http://image.rakuten.co.jp/auc-
kansai/cabinet/recommend/img56543381.jpg"" style=""border:1px solid #cccccc;"">
</div>

<div style=""width:200px;height:70px;margin:10px 10px 0 0;padding:0;float:left;"">

<img src=""http://image.rakuten.co.jp/auc-kansai/cabinet/recommend/img62011463.jpg"" style=""border:1px solid #cccccc;"">
</div>

<div style=""width:200px;height:70px;margin:10px 10px 0 0;padding:0;float:left;"">

<img src=""http://image.rakuten.co.jp/auc-kansai/cabinet/recommend/img58407350.jpg"" style=""border:1px solid #cccccc;"">
</div>


<div style=""width:200px;height:70px;margin:10px 10px 0 0;padding:0;float:left;"">

<img src=""http://image.rakuten.co.jp/auc-kansai/cabinet/recommend/img63526257.jpg"" style=""border:1px solid #cccccc;"">
</div>

<div style=""width:200px;height:70px;margin:10px 10px 0 0;padding:0;float:left;"">

<img src=""http://image.rakuten.co.jp/auc-kansai/cabinet/recommend/img57442028.jpg"" style=""border:1px solid #cccccc;"">
</div>

<div style=""width:200px;height:70px;margin:10px 10px 0 0;padding:0;float:left;"">

<img src=""http://image.rakuten.co.jp/auc-kansai/cabinet/add_banner/imgrc0070378640.jpg"" style=""border:1px solid #cccccc;"">
</div>


<div style=""width:200px;height:70px;margin:10px 10px 0 0;padding:0;float:left;"">

<img src=""http://image.rakuten.co.jp/auc-kansai/cabinet/other/imgrc0067980289.jpg"" style=""border:1px solid #cccccc;"">
</div>

<div style=""width:200px;height:70px;margin:10px 10px 0 0;padding:0;float:left;"">

<img src=""http://image.rakuten.co.jp/auc-kansai/cabinet/recommend/imgrc0064589435.jpg"" style=""border:1px solid #cccccc;"">
</div>

<div style=""width:200px;height:70px;margin:10px 10px 0 0;padding:0;float:left;"">

<img src=""http://image.rakuten.co.jp/auc-kansai/cabinet/other/imgrc0068949465.jpg"" style=""border:1px solid #cccccc;"">
</div>",★SilkBlazeシルクブレイズ★アイラインフィルム ［Ver.1］30系アルファード【GGH/AGH/AYH30/35W】：関西オートパーツ販売,★SilkBlazeシルクブレイズ★アイラインフィルム ［Ver.1］30系アルファード【GGH/AGH/AYH30/35W】,　。★SilkBlazeシルクブレイズ★アイラインフィルム ［Ver.1］30系アルファード【GGH/AGH/AYH30/35W】[rn]
5-63940,http://tshop.r10s.jp/auc-kansai/cabinet/eyeline/img57499649.jpg?fitin=700:700,1584.0000,,車用品・バイク用品 > カー用品 > ライト・ランプ > ヘッドライト > その他,★SilkBlazeシルクブレイズ★アイラインフィルム60系ノア前期専用,　,"<STYLE type=""text/css""> 
<!--
table.atype{
width:600px;
font-size:12px;
border:1px solid #666666;
}
.atype th{
vertical-align:top;
width:100px;
color:#666666;
background-color:#f0f0f0;
text-align:left;
border-bottom:2px dotted #cccccc;padding:8px 0 8px 20px;}

.atype td{background-color:#f0f0f0;color:#000000;border-bottom:2px dotted #cccccc;padding:8px 10px;}
.atype td.top{text-align:right;border-bottom:1px solid #666666;padding:5px 10px;background:url(http://image.rakuten.co.jp/auc-kansai/cabinet/top_parts/item_info.gif) no-repeat 10px center #cccccc;}
strong{color:red;}
em{background-color:#ffff33;font-style:normal;}
.atype td.nob{border:0;}
.atype th.nob{border:0;}
dt{font-weight:bold;color:blue;}
dd{margin-left:2em;margin-bottom:7px;}
dl{margin:0;}
img{border:0;}

-->
</STYLE><BR><BR>

<table class=atype cellspacing=0 border=""0"">
  <tr> 
    <td class=top colspan=""2""><img src=""http://image.rakuten.co.jp/auc-kansai/cabinet/zaiko.gif"" alt=""在庫状況をチェック！""></td>
  </tr>
  <tr> 
    <th>メーカー名</th>
    <td>SilkBlaze</td>
  </tr>
  <tbody> 
  <tr> 
    <th>商品名</th>
    <td>SilkBlaze　アイラインフィルム[クリアオレンジ/クリアブルー]<br>
      60系ノア前期専用</td>
  </tr>
  <tr> 
    <th>適合車種</th>
    <td>60系ノア…AZR60/65</td>
  </tr>
  <tr> 
    <th>適合年式</th>
    <td>H13.11～H16.08(前期)</td>
  </tr>
  <tr> 
    <th>カラー</th>
    <td>クリアオレンジ/クリアブルー<br>
      <br>
      <font color=""#FF0000""><b>※ご希望のカラーを「買い物かごに入れる」ボタンすぐ上の<br>
      選択オプションから選択ください</b></font> </td>
  </tr>
  <tr> 
    <th>セット内容</th>
    <td> 本体（L/R）×1/取付説明書</td>
  </tr>
   <tr> 
    <th>納　期</th>
    <td>受注生産品の為7～10営業日で発送予定<BR>
<font color=RED>
※メーカー受注生産のため、生産開始後のキャンセルは受け付けできません。</FONT></td>
  </tr>
  <tr> 
    <th class=nob>仕　様</th>
    <td class=nob><b><font color=""#0000FF"">【あっという間にお手軽カスタム】</font></b><br>
      貼るだけでOKのカンタン取付！フロントビューのイメージが一新します！<br>
      <font color=""#0000FF""><b>【三次元曲面対応フィルム採用】</b></font><br>
      各車種ごとに専用設計！それぞれ異なるランプ形状に合わせて<br>
      ぴったりフィットする、高品質フィルムです！<br>
      <font color=""#0000FF""><b>【選べるカラーは２種類】</b></font><br>
      クリアオレンジとクリアブルーの２色がラインナップ！お好みに合わせてどうぞ！</td>
  </tr>
  </tbody> 
</table><div style=""width:650px;margin:0 auto 10px;"">

<div style=""width:200px;height:70px;margin:10px 10px 0 0;padding:0;float:left;"">

<img src=""http://image.rakuten.co.jp/auc-
kansai/cabinet/recommend/img56543381.jpg"" style=""border:1px solid #cccccc;"">
</div>

<div style=""width:200px;height:70px;margin:10px 10px 0 0;padding:0;float:left;"">

<img src=""http://image.rakuten.co.jp/auc-kansai/cabinet/recommend/img62011463.jpg"" style=""border:1px solid #cccccc;"">
</div>

<div style=""width:200px;height:70px;margin:10px 10px 0 0;padding:0;float:left;"">

<img src=""http://image.rakuten.co.jp/auc-kansai/cabinet/recommend/img58407350.jpg"" style=""border:1px solid #cccccc;"">
</div>


<div style=""width:200px;height:70px;margin:10px 10px 0 0;padding:0;float:left;"">

<img src=""http://image.rakuten.co.jp/auc-kansai/cabinet/recommend/img63526257.jpg"" style=""border:1px solid #cccccc;"">
</div>

<div style=""width:200px;height:70px;margin:10px 10px 0 0;padding:0;float:left;"">

<img src=""http://image.rakuten.co.jp/auc-kansai/cabinet/recommend/img57442028.jpg"" style=""border:1px solid #cccccc;"">
</div>

<div style=""width:200px;height:70px;margin:10px 10px 0 0;padding:0;float:left;"">

<img src=""http://image.rakuten.co.jp/auc-kansai/cabinet/add_banner/imgrc0070378640.jpg"" style=""border:1px solid #cccccc;"">
</div>


<div style=""width:200px;height:70px;margin:10px 10px 0 0;padding:0;float:left;"">

<img src=""http://image.rakuten.co.jp/auc-kansai/cabinet/other/imgrc0067980289.jpg"" style=""border:1px solid #cccccc;"">
</div>

<div style=""width:200px;height:70px;margin:10px 10px 0 0;padding:0;float:left;"">

<img src=""http://image.rakuten.co.jp/auc-kansai/cabinet/recommend/imgrc0064589435.jpg"" style=""border:1px solid #cccccc;"">
</div>

<div style=""width:200px;height:70px;margin:10px 10px 0 0;padding:0;float:left;"">

<img src=""http://image.rakuten.co.jp/auc-kansai/cabinet/other/imgrc0068949465.jpg"" style=""border:1px solid #cccccc;"">
</div>",★SilkBlazeシルクブレイズ★アイラインフィルム60系ノア前期専用：関西オートパーツ販売,★SilkBlazeシルクブレイズ★アイラインフィルム60系ノア前期専用,　。★SilkBlazeシルクブレイズ★アイラインフィルム60系ノア前期専用[rn]
5-63941,http://tshop.r10s.jp/auc-kansai/cabinet/eyeline/imgrc0065798304.jpg?fitin=700:700,1584.0000,,車用品・バイク用品 > カー用品 > ライト・ランプ > ヘッドライト > その他,★SilkBlazeシルクブレイズ★アイラインフィルムRCオデッセイ【RC1/RC2】[Ver.1],　,"<STYLE type=""text/css""> 
<!--
table.atype{
width:600px;
font-size:12px;
border:1px solid #666666;
}
.atype th{
vertical-align:top;
width:100px;
color:#666666;
background-color:#f0f0f0;
text-align:left;
border-bottom:2px dotted #cccccc;padding:8px 0 8px 20px;}

.atype td{background-color:#f0f0f0;color:#000000;border-bottom:2px dotted #cccccc;padding:8px 10px;}
.atype td.top{text-align:right;border-bottom:1px solid #666666;padding:5px 10px;background:url(http://image.rakuten.co.jp/auc-kansai/cabinet/top_parts/item_info.gif) no-repeat 10px center #cccccc;}
strong{color:red;}
em{background-color:#ffff33;font-style:normal;}
.atype td.nob{border:0;}
.atype th.nob{border:0;}
dt{font-weight:bold;color:blue;}
dd{margin-left:2em;margin-bottom:7px;}
dl{margin:0;}
img{border:0;}

-->
</STYLE><BR><BR>

<table class=atype cellspacing=0 border=""0"">
  <tr> 
    <td class=top colspan=""2""><img src=""http://image.rakuten.co.jp/auc-kansai/cabinet/zaiko.gif"" alt=""在庫状況をチェック！""></td>
  </tr>
  <tr> 
    <th>メーカー名</th>
    <td>SilkBlaze</td>
  </tr>
  <tbody> 
  <tr> 
    <th>商品名</th>
    <td>SilkBlaze　アイラインフィルム 【Ver.1】<br>オデッセイ</td>
  </tr>
  <tr> 
    <th>適合車種</th>
    <td>RCオデッセイ</td>
  </tr>
<tr> 
    <th>適合年式</th>
    <td>H25.11～（2013.11～)</td>
  </tr>
  <tr> 
    <th>適合型式</th>
    <td>RC1/RC2</td>
  </tr>
  <tr> 
    <th>カラー</th>
    <td>クリアオレンジ/クリアブルー<br>
      <br>
      <font color=""#FF0000""><b>※ご希望のカラーを「買い物かごに入れる」ボタンすぐ上の<br>
      選択オプションから選択ください</b></font> </td>
  </tr>
  <tr> 
    <th>セット内容</th>
    <td> 本体（L/R）×1/取付説明書</td>
  </tr>
   <tr> 
    <th>納　期</th>
    <td>受注生産品の為7～10営業日で発送予定<BR>
<font color=RED>
※メーカー受注生産のため、生産開始後のキャンセルは受け付けできません。</FONT></td>
  </tr>
  <tr> 
    <th class=nob>仕　様</th>
    <td class=nob><b><font color=""#0000FF"">【あっという間にお手軽カスタム】</font></b><br>
      貼るだけでOKのカンタン取付！フロントビューのイメージが一新します！<br>
      <font color=""#0000FF""><b>【三次元曲面対応フィルム採用】</b></font><br>
      各車種ごとに専用設計！それぞれ異なるランプ形状に合わせて<br>
      ぴったりフィットする、高品質フィルムです！<br>
      <font color=""#0000FF""><b>【カラーは２種類】</b></font><br>
      クリアオレンジとクリアブルーの２色がラインナップ！お好みに合わせてどうぞ！<br>

</td>
  </tr>
  </tbody> 
</table><div style=""width:650px;margin:0 auto 10px;"">

<div style=""width:200px;height:70px;margin:10px 10px 0 0;padding:0;float:left;"">

<img src=""http://image.rakuten.co.jp/auc-
kansai/cabinet/recommend/img56543381.jpg"" style=""border:1px solid #cccccc;"">
</div>

<div style=""width:200px;height:70px;margin:10px 10px 0 0;padding:0;float:left;"">

<img src=""http://image.rakuten.co.jp/auc-kansai/cabinet/recommend/img62011463.jpg"" style=""border:1px solid #cccccc;"">
</div>

<div style=""width:200px;height:70px;margin:10px 10px 0 0;padding:0;float:left;"">

<img src=""http://image.rakuten.co.jp/auc-kansai/cabinet/recommend/img58407350.jpg"" style=""border:1px solid #cccccc;"">
</div>


<div style=""width:200px;height:70px;margin:10px 10px 0 0;padding:0;float:left;"">

<img src=""http://image.rakuten.co.jp/auc-kansai/cabinet/recommend/img63526257.jpg"" style=""border:1px solid #cccccc;"">
</div>

<div style=""width:200px;height:70px;margin:10px 10px 0 0;padding:0;float:left;"">

<img src=""http://image.rakuten.co.jp/auc-kansai/cabinet/recommend/img57442028.jpg"" style=""border:1px solid #cccccc;"">
</div>

<div style=""width:200px;height:70px;margin:10px 10px 0 0;padding:0;float:left;"">

<img src=""http://image.rakuten.co.jp/auc-kansai/cabinet/add_banner/imgrc0070378640.jpg"" style=""border:1px solid #cccccc;"">
</div>


<div style=""width:200px;height:70px;margin:10px 10px 0 0;padding:0;float:left;"">

<img src=""http://image.rakuten.co.jp/auc-kansai/cabinet/other/imgrc0067980289.jpg"" style=""border:1px solid #cccccc;"">
</div>

<div style=""width:200px;height:70px;margin:10px 10px 0 0;padding:0;float:left;"">

<img src=""http://image.rakuten.co.jp/auc-kansai/cabinet/recommend/imgrc0064589435.jpg"" style=""border:1px solid #cccccc;"">
</div>

<div style=""width:200px;height:70px;margin:10px 10px 0 0;padding:0;float:left;"">

<img src=""http://image.rakuten.co.jp/auc-kansai/cabinet/other/imgrc0068949465.jpg"" style=""border:1px solid #cccccc;"">
</div>",★SilkBlazeシルクブレイズ★アイラインフィルムRCオデッセイ【RC1/RC2】[Ver.1]：関西オートパーツ販売,★SilkBlazeシルクブレイズ★アイラインフィルムRCオデッセイ【RC1/RC2】[Ver.1],　。★SilkBlazeシルクブレイズ★アイラインフィルムRCオデッセイ【RC1/RC2】[Ver.1][rn]
5-63942,http://tshop.r10s.jp/auc-kansai/cabinet/eyeline/imgrc0065798306.jpg?fitin=700:700,1584.0000,,車用品・バイク用品 > カー用品 > ライト・ランプ > ヘッドライト > その他,★SilkBlazeシルクブレイズ★アイラインフィルムRCオデッセイ【RC1/RC2】[Ver.2],　,"<STYLE type=""text/css""> 
<!--
table.atype{
width:600px;
font-size:12px;
border:1px solid #666666;
}
.atype th{
vertical-align:top;
width:100px;
color:#666666;
background-color:#f0f0f0;
text-align:left;
border-bottom:2px dotted #cccccc;padding:8px 0 8px 20px;}

.atype td{background-color:#f0f0f0;color:#000000;border-bottom:2px dotted #cccccc;padding:8px 10px;}
.atype td.top{text-align:right;border-bottom:1px solid #666666;padding:5px 10px;background:url(http://image.rakuten.co.jp/auc-kansai/cabinet/top_parts/item_info.gif) no-repeat 10px center #cccccc;}
strong{color:red;}
em{background-color:#ffff33;font-style:normal;}
.atype td.nob{border:0;}
.atype th.nob{border:0;}
dt{font-weight:bold;color:blue;}
dd{margin-left:2em;margin-bottom:7px;}
dl{margin:0;}
img{border:0;}

-->
</STYLE><BR><BR>

<table class=atype cellspacing=0 border=""0"">
  <tr> 
    <td class=top colspan=""2""><img src=""http://image.rakuten.co.jp/auc-kansai/cabinet/zaiko.gif"" alt=""在庫状況をチェック！""></td>
  </tr>
  <tr> 
    <th>メーカー名</th>
    <td>SilkBlaze</td>
  </tr>
  <tbody> 
  <tr> 
    <th>商品名</th>
    <td>SilkBlaze　アイラインフィルム 【Ver.2】<br>オデッセイ</td>
  </tr>
  <tr> 
    <th>適合車種</th>
    <td>RCオデッセイ</td>
  </tr>
<tr> 
    <th>適合年式</th>
    <td>H25.11～（2013.11～)</td>
  </tr>
  <tr> 
    <th>適合型式</th>
    <td>RC1/RC2</td>
  </tr>
  <tr> 
    <th>カラー</th>
    <td>クリアオレンジ/クリアブルー<br>
      <br>
      <font color=""#FF0000""><b>※ご希望のカラーを「買い物かごに入れる」ボタンすぐ上の<br>
      選択オプションから選択ください</b></font> </td>
  </tr>
  <tr> 
    <th>セット内容</th>
    <td> 本体（L/R）×1/取付説明書</td>
  </tr>
   <tr> 
    <th>納　期</th>
    <td>受注生産品の為7～10営業日で発送予定<BR>
<font color=RED>
※メーカー受注生産のため、生産開始後のキャンセルは受け付けできません。</FONT></td>
  </tr>
  <tr> 
    <th class=nob>仕　様</th>
    <td class=nob><b><font color=""#0000FF"">【あっという間にお手軽カスタム】</font></b><br>
      貼るだけでOKのカンタン取付！フロントビューのイメージが一新します！<br>
      <font color=""#0000FF""><b>【三次元曲面対応フィルム採用】</b></font><br>
      各車種ごとに専用設計！それぞれ異なるランプ形状に合わせて<br>
      ぴったりフィットする、高品質フィルムです！<br>
      <font color=""#0000FF""><b>【カラーは２種類】</b></font><br>
      クリアオレンジとクリアブルーの２色がラインナップ！お好みに合わせてどうぞ！<br>

</td>
  </tr>
  </tbody> 
</table><div style=""width:650px;margin:0 auto 10px;"">

<div style=""width:200px;height:70px;margin:10px 10px 0 0;padding:0;float:left;"">

<img src=""http://image.rakuten.co.jp/auc-
kansai/cabinet/recommend/img56543381.jpg"" style=""border:1px solid #cccccc;"">
</div>

<div style=""width:200px;height:70px;margin:10px 10px 0 0;padding:0;float:left;"">

<img src=""http://image.rakuten.co.jp/auc-kansai/cabinet/recommend/img62011463.jpg"" style=""border:1px solid #cccccc;"">
</div>

<div style=""width:200px;height:70px;margin:10px 10px 0 0;padding:0;float:left;"">

<img src=""http://image.rakuten.co.jp/auc-kansai/cabinet/recommend/img58407350.jpg"" style=""border:1px solid #cccccc;"">
</div>


<div style=""width:200px;height:70px;margin:10px 10px 0 0;padding:0;float:left;"">

<img src=""http://image.rakuten.co.jp/auc-kansai/cabinet/recommend/img63526257.jpg"" style=""border:1px solid #cccccc;"">
</div>

<div style=""width:200px;height:70px;margin:10px 10px 0 0;padding:0;float:left;"">

<img src=""http://image.rakuten.co.jp/auc-kansai/cabinet/recommend/img57442028.jpg"" style=""border:1px solid #cccccc;"">
</div>

<div style=""width:200px;height:70px;margin:10px 10px 0 0;padding:0;float:left;"">

<img src=""http://image.rakuten.co.jp/auc-kansai/cabinet/add_banner/imgrc0070378640.jpg"" style=""border:1px solid #cccccc;"">
</div>


<div style=""width:200px;height:70px;margin:10px 10px 0 0;padding:0;float:left;"">

<img src=""http://image.rakuten.co.jp/auc-kansai/cabinet/other/imgrc0067980289.jpg"" style=""border:1px solid #cccccc;"">
</div>

<div style=""width:200px;height:70px;margin:10px 10px 0 0;padding:0;float:left;"">

<img src=""http://image.rakuten.co.jp/auc-kansai/cabinet/recommend/imgrc0064589435.jpg"" style=""border:1px solid #cccccc;"">
</div>

<div style=""width:200px;height:70px;margin:10px 10px 0 0;padding:0;float:left;"">

<img src=""http://image.rakuten.co.jp/auc-kansai/cabinet/other/imgrc0068949465.jpg"" style=""border:1px solid #cccccc;"">
</div>",★SilkBlazeシルクブレイズ★アイラインフィルムRCオデッセイ【RC1/RC2】[Ver.2]：関西オートパーツ販売,★SilkBlazeシルクブレイズ★アイラインフィルムRCオデッセイ【RC1/RC2】[Ver.2],　。★SilkBlazeシルクブレイズ★アイラインフィルムRCオデッセイ【RC1/RC2】[Ver.2][rn]
5-63943,http://tshop.r10s.jp/auc-kansai/cabinet/other/imgrc0067907090.jpg?fitin=700:700,1400.0000,,車用品・バイク用品 > カー用品 > ライト・ランプ > ヘッドライト > その他,★SilkBlazeシルクブレイズ★アイラインフィルム ［Ver.1］10系アクア 前期【NHP10】,　,"<STYLE type=""text/css""> 
<!--
table.atype{
width:600px;
font-size:12px;
border:1px solid #666666;
}
.atype th{
vertical-align:top;
width:100px;
color:#666666;
background-color:#f0f0f0;
text-align:left;
border-bottom:2px dotted #cccccc;padding:8px 0 8px 20px;}

.atype td{background-color:#f0f0f0;color:#000000;border-bottom:2px dotted #cccccc;padding:8px 10px;}
.atype td.top{text-align:right;border-bottom:1px solid #666666;padding:5px 10px;background:url(http://image.rakuten.co.jp/auc-kansai/cabinet/top_parts/item_info.gif) no-repeat 10px center #cccccc;}
strong{color:red;}
em{background-color:#ffff33;font-style:normal;}
.atype td.nob{border:0;}
.atype th.nob{border:0;}
dt{font-weight:bold;color:blue;}
dd{margin-left:2em;margin-bottom:7px;}
dl{margin:0;}
img{border:0;}

-->
</STYLE><BR><BR>

<table class=atype cellspacing=0 border=""0"">
  <tr> 
    <td class=top colspan=""2""><img src=""http://image.rakuten.co.jp/auc-kansai/cabinet/zaiko.gif"" alt=""在庫状況をチェック！""></td>
  </tr>
  <tr> 
    <th>メーカー名</th>
    <td>SilkBlaze</td>
  </tr>
  <tbody> 
  <tr> 
    <th>商品名</th>
    <td>アイラインフィルム</td>
  </tr>
  <tr> 
    <th>適合車種</th>
    <td>10系アクア　前期<br>※G'sグレードは前後期対応</td>
  </tr>
<tr> 
    <th>適合年式</th>
    <td>H23.12～H26.12（2011.12～2014年12月)</td>
  </tr>
  <tr> 
    <th>適合型式</th>
    <td>NHP10</td>
  </tr>
  <tr> 
    <th>カラー</th>
    <td>クリアオレンジ/クリアブルー<br>
      <br>
      <font color=""#FF0000""><b>※ご希望のカラーを「買い物かごに入れる」ボタンすぐ上の<br>
      選択オプションから選択ください</b></font> </td>
  </tr>
  <tr> 
    <th>セット内容</th>
    <td> 本体（L/R）×1/取付説明書</td>
  </tr>
   <tr> 
    <th>納　期</th>
    <td>受注生産品の為7～10営業日で発送予定<BR>
<font color=RED>
※メーカー受注生産のため、生産開始後のキャンセルは受け付けできません。</FONT></td>
  </tr>
  <tr> 
    <th class=nob>仕　様</th>
    <td class=nob><b><font color=""#0000FF"">【あっという間にお手軽カスタム】</font></b><br>
      貼るだけでOKのカンタン取付！フロントビューのイメージが一新します！<br>
      <font color=""#0000FF""><b>【三次元曲面対応フィルム採用】</b></font><br>
      各車種ごとに専用設計！それぞれ異なるランプ形状に合わせて<br>
      ぴったりフィットする、高品質フィルムです！<br>
      <font color=""#0000FF""><b>【カラーは２種類】</b></font><br>
      クリアオレンジとクリアブルーの２色がラインナップ！お好みに合わせてどうぞ！<br>

</td>
  </tr>
  </tbody> 
</table><div style=""width:650px;margin:0 auto 10px;"">

<div style=""width:200px;height:70px;margin:10px 10px 0 0;padding:0;float:left;"">

<img src=""http://image.rakuten.co.jp/auc-
kansai/cabinet/recommend/img56543381.jpg"" style=""border:1px solid #cccccc;"">
</div>

<div style=""width:200px;height:70px;margin:10px 10px 0 0;padding:0;float:left;"">

<img src=""http://image.rakuten.co.jp/auc-kansai/cabinet/recommend/img62011463.jpg"" style=""border:1px solid #cccccc;"">
</div>

<div style=""width:200px;height:70px;margin:10px 10px 0 0;padding:0;float:left;"">

<img src=""http://image.rakuten.co.jp/auc-kansai/cabinet/recommend/img58407350.jpg"" style=""border:1px solid #cccccc;"">
</div>


<div style=""width:200px;height:70px;margin:10px 10px 0 0;padding:0;float:left;"">

<img src=""http://image.rakuten.co.jp/auc-kansai/cabinet/recommend/img63526257.jpg"" style=""border:1px solid #cccccc;"">
</div>

<div style=""width:200px;height:70px;margin:10px 10px 0 0;padding:0;float:left;"">

<img src=""http://image.rakuten.co.jp/auc-kansai/cabinet/recommend/img57442028.jpg"" style=""border:1px solid #cccccc;"">
</div>

<div style=""width:200px;height:70px;margin:10px 10px 0 0;padding:0;float:left;"">

<img src=""http://image.rakuten.co.jp/auc-kansai/cabinet/add_banner/imgrc0070378640.jpg"" style=""border:1px solid #cccccc;"">
</div>


<div style=""width:200px;height:70px;margin:10px 10px 0 0;padding:0;float:left;"">

<img src=""http://image.rakuten.co.jp/auc-kansai/cabinet/other/imgrc0067980289.jpg"" style=""border:1px solid #cccccc;"">
</div>

<div style=""width:200px;height:70px;margin:10px 10px 0 0;padding:0;float:left;"">

<img src=""http://image.rakuten.co.jp/auc-kansai/cabinet/recommend/imgrc0064589435.jpg"" style=""border:1px solid #cccccc;"">
</div>

<div style=""width:200px;height:70px;margin:10px 10px 0 0;padding:0;float:left;"">

<img src=""http://image.rakuten.co.jp/auc-kansai/cabinet/other/imgrc0068949465.jpg"" style=""border:1px solid #cccccc;"">
</div>",★SilkBlazeシルクブレイズ★アイラインフィルム ［Ver.1］10系アクア 前期【NHP10】：関西オートパーツ販売,★SilkBlazeシルクブレイズ★アイラインフィルム ［Ver.1］10系アクア 前期【NHP10】,　。★SilkBlazeシルクブレイズ★アイラインフィルム ［Ver.1］10系アクア 前期【NHP10】[rn]
5-63944,http://tshop.r10s.jp/auc-kansai/cabinet/eyeline/img60727416.jpg?fitin=700:700,1584.0000,,車用品・バイク用品 > カー用品 > ライト・ランプ > ヘッドライト > その他,★SilkBlazeシルクブレイズ★アイラインフィルム Ver.2N BOXカスタム/N BOX+カスタム専用,　,"<STYLE type=""text/css""> 
<!--
table.atype{
width:600px;
font-size:12px;
border:1px solid #666666;
}
.atype th{
vertical-align:top;
width:100px;
color:#666666;
background-color:#f0f0f0;
text-align:left;
border-bottom:2px dotted #cccccc;padding:8px 0 8px 20px;}

.atype td{background-color:#f0f0f0;color:#000000;border-bottom:2px dotted #cccccc;padding:8px 10px;}
.atype td.top{text-align:right;border-bottom:1px solid #666666;padding:5px 10px;background:url(http://image.rakuten.co.jp/auc-kansai/cabinet/top_parts/item_info.gif) no-repeat 10px center #cccccc;}
strong{color:red;}
em{background-color:#ffff33;font-style:normal;}
.atype td.nob{border:0;}
.atype th.nob{border:0;}
dt{font-weight:bold;color:blue;}
dd{margin-left:2em;margin-bottom:7px;}
dl{margin:0;}
img{border:0;}

-->
</STYLE><BR><BR>

<table class=atype cellspacing=0 border=""0"">
  <tr> 
    <td class=top colspan=""2""><img src=""http://image.rakuten.co.jp/auc-kansai/cabinet/zaiko.gif"" alt=""在庫状況をチェック！""></td>
  </tr>
  <tr> 
    <th>メーカー名</th>
    <td>SilkBlaze</td>
  </tr>
  <tbody> 
  <tr> 
    <th>商品名</th>
    <td> SilkBlaze　アイラインフィルム Ver.2 [クリアオレンジ/クリアブルー]<br>
      N BOXカスタム/N BOXカスタム+専用 </td>
  </tr>
  <tr> 
    <th>適合車種</th>
    <td>N BOXカスタム/N BOX+カスタム…JF1/2</td>
  </tr>
  <tr> 
    <th>適合年式</th>
    <td>N BOXカスタム (H23.12～H25.12)<BR>
N BOX+カスタム (H24.07～H25.12)</td>
  </tr>
  <tr> 
    <th>カラー</th>
    <td>クリアオレンジ/クリアブルー<br>
      <br>
      <font color=""#FF0000""><b>※ご希望のカラーを「買い物かごに入れる」ボタンすぐ上の<br>
      選択オプションから選択ください</b></font> </td>
  </tr>
  <tr> 
    <th>セット内容</th>
    <td> 本体（L/R）×1/取付説明書</td>
  </tr>
   <tr> 
    <th>納　期</th>
    <td>受注生産品の為7～10営業日で発送予定<BR>
<font color=RED>
※メーカー受注生産のため、生産開始後のキャンセルは受け付けできません。</FONT></td>
  </tr>
  <tr> 
    <th class=nob>仕　様</th>
    <td class=nob><b><font color=""#0000FF"">【あっという間にお手軽カスタム】</font></b><br>
      貼るだけでOKのカンタン取付！フロントビューのイメージが一新します！<br>
      <font color=""#0000FF""><b>【三次元曲面対応フィルム採用】</b></font><br>
      各車種ごとに専用設計！それぞれ異なるランプ形状に合わせて<br>
      ぴったりフィットする、高品質フィルムです！<br>
      <font color=""#0000FF""><b>【選べるカラーは２種類】</b></font><br>
      クリアオレンジとクリアブルーの２色がラインナップ！お好みに合わせてどうぞ！</td>
  </tr>
  </tbody> 
</table><div style=""width:650px;margin:0 auto 10px;"">

<div style=""width:200px;height:70px;margin:10px 10px 0 0;padding:0;float:left;"">

<img src=""http://image.rakuten.co.jp/auc-
kansai/cabinet/recommend/img56543381.jpg"" style=""border:1px solid #cccccc;"">
</div>

<div style=""width:200px;height:70px;margin:10px 10px 0 0;padding:0;float:left;"">

<img src=""http://image.rakuten.co.jp/auc-kansai/cabinet/recommend/img62011463.jpg"" style=""border:1px solid #cccccc;"">
</div>

<div style=""width:200px;height:70px;margin:10px 10px 0 0;padding:0;float:left;"">

<img src=""http://image.rakuten.co.jp/auc-kansai/cabinet/recommend/img58407350.jpg"" style=""border:1px solid #cccccc;"">
</div>


<div style=""width:200px;height:70px;margin:10px 10px 0 0;padding:0;float:left;"">

<img src=""http://image.rakuten.co.jp/auc-kansai/cabinet/recommend/img63526257.jpg"" style=""border:1px solid #cccccc;"">
</div>

<div style=""width:200px;height:70px;margin:10px 10px 0 0;padding:0;float:left;"">

<img src=""http://image.rakuten.co.jp/auc-kansai/cabinet/recommend/img57442028.jpg"" style=""border:1px solid #cccccc;"">
</div>

<div style=""width:200px;height:70px;margin:10px 10px 0 0;padding:0;float:left;"">

<img src=""http://image.rakuten.co.jp/auc-kansai/cabinet/add_banner/imgrc0070378640.jpg"" style=""border:1px solid #cccccc;"">
</div>


<div style=""width:200px;height:70px;margin:10px 10px 0 0;padding:0;float:left;"">

<img src=""http://image.rakuten.co.jp/auc-kansai/cabinet/other/imgrc0067980289.jpg"" style=""border:1px solid #cccccc;"">
</div>

<div style=""width:200px;height:70px;margin:10px 10px 0 0;padding:0;float:left;"">

<img src=""http://image.rakuten.co.jp/auc-kansai/cabinet/recommend/imgrc0064589435.jpg"" style=""border:1px solid #cccccc;"">
</div>

<div style=""width:200px;height:70px;margin:10px 10px 0 0;padding:0;float:left;"">

<img src=""http://image.rakuten.co.jp/auc-kansai/cabinet/other/imgrc0068949465.jpg"" style=""border:1px solid #cccccc;"">
</div>",★SilkBlazeシルクブレイズ★アイラインフィルム Ver.2N BOXカスタム/N BOX+カスタム専用：関西オートパーツ販売,★SilkBlazeシルクブレイズ★アイラインフィルム Ver.2N BOXカスタム/N BOX+カスタム専用,　。★SilkBlazeシルクブレイズ★アイラインフィルム Ver.2N BOXカスタム/N BOX+カスタム専用[rn]
5-63945,http://tshop.r10s.jp/auc-kansai/cabinet/other/imgrc0067907047.jpg?fitin=700:700,1400.0000,,車用品・バイク用品 > カー用品 > ライト・ランプ > ヘッドライト > その他,★SilkBlazeシルクブレイズ★アイラインフィルム ［Ver.2］40系プリウスα 後期【ZVW40/41W】,　,"<STYLE type=""text/css""> 
<!--
table.atype{
width:600px;
font-size:12px;
border:1px solid #666666;
}
.atype th{
vertical-align:top;
width:100px;
color:#666666;
background-color:#f0f0f0;
text-align:left;
border-bottom:2px dotted #cccccc;padding:8px 0 8px 20px;}

.atype td{background-color:#f0f0f0;color:#000000;border-bottom:2px dotted #cccccc;padding:8px 10px;}
.atype td.top{text-align:right;border-bottom:1px solid #666666;padding:5px 10px;background:url(http://image.rakuten.co.jp/auc-kansai/cabinet/top_parts/item_info.gif) no-repeat 10px center #cccccc;}
strong{color:red;}
em{background-color:#ffff33;font-style:normal;}
.atype td.nob{border:0;}
.atype th.nob{border:0;}
dt{font-weight:bold;color:blue;}
dd{margin-left:2em;margin-bottom:7px;}
dl{margin:0;}
img{border:0;}

-->
</STYLE><BR><BR>

<table class=atype cellspacing=0 border=""0"">
  <tr> 
    <td class=top colspan=""2""><img src=""http://image.rakuten.co.jp/auc-kansai/cabinet/zaiko.gif"" alt=""在庫状況をチェック！""></td>
  </tr>
  <tr> 
    <th>メーカー名</th>
    <td>SilkBlaze</td>
  </tr>
  <tbody> 
  <tr> 
    <th>商品名</th>
    <td>アイラインフィルム</td>
  </tr>
  <tr> 
    <th>適合車種</th>
    <td>40系プリウスα</td>
  </tr>
<tr> 
    <th>適合年式</th>
    <td>H26.11～（2014.11～)</td>
  </tr>
  <tr> 
    <th>適合型式</th>
    <td>ZVW40/41W</td>
  </tr>
  <tr> 
    <th>カラー</th>
    <td>クリアオレンジ/クリアブルー<br>
      <br>
      <font color=""#FF0000""><b>※ご希望のカラーを「買い物かごに入れる」ボタンすぐ上の<br>
      選択オプションから選択ください</b></font> </td>
  </tr>
  <tr> 
    <th>セット内容</th>
    <td> 本体（L/R）×1/取付説明書</td>
  </tr>
   <tr> 
    <th>納　期</th>
    <td>受注生産品の為7～10営業日で発送予定<BR>
<font color=RED>
※メーカー受注生産のため、生産開始後のキャンセルは受け付けできません。</FONT></td>
  </tr>
  <tr> 
    <th class=nob>仕　様</th>
    <td class=nob><b><font color=""#0000FF"">【あっという間にお手軽カスタム】</font></b><br>
      貼るだけでOKのカンタン取付！フロントビューのイメージが一新します！<br>
      <font color=""#0000FF""><b>【三次元曲面対応フィルム採用】</b></font><br>
      各車種ごとに専用設計！それぞれ異なるランプ形状に合わせて<br>
      ぴったりフィットする、高品質フィルムです！<br>
      <font color=""#0000FF""><b>【カラーは２種類】</b></font><br>
      クリアオレンジとクリアブルーの２色がラインナップ！お好みに合わせてどうぞ！<br>

</td>
  </tr>
  </tbody> 
</table><div style=""width:650px;margin:0 auto 10px;"">

<div style=""width:200px;height:70px;margin:10px 10px 0 0;padding:0;float:left;"">

<img src=""http://image.rakuten.co.jp/auc-
kansai/cabinet/recommend/img56543381.jpg"" style=""border:1px solid #cccccc;"">
</div>

<div style=""width:200px;height:70px;margin:10px 10px 0 0;padding:0;float:left;"">

<img src=""http://image.rakuten.co.jp/auc-kansai/cabinet/recommend/img62011463.jpg"" style=""border:1px solid #cccccc;"">
</div>

<div style=""width:200px;height:70px;margin:10px 10px 0 0;padding:0;float:left;"">

<img src=""http://image.rakuten.co.jp/auc-kansai/cabinet/recommend/img58407350.jpg"" style=""border:1px solid #cccccc;"">
</div>


<div style=""width:200px;height:70px;margin:10px 10px 0 0;padding:0;float:left;"">

<img src=""http://image.rakuten.co.jp/auc-kansai/cabinet/recommend/img63526257.jpg"" style=""border:1px solid #cccccc;"">
</div>

<div style=""width:200px;height:70px;margin:10px 10px 0 0;padding:0;float:left;"">

<img src=""http://image.rakuten.co.jp/auc-kansai/cabinet/recommend/img57442028.jpg"" style=""border:1px solid #cccccc;"">
</div>

<div style=""width:200px;height:70px;margin:10px 10px 0 0;padding:0;float:left;"">

<img src=""http://image.rakuten.co.jp/auc-kansai/cabinet/add_banner/imgrc0070378640.jpg"" style=""border:1px solid #cccccc;"">
</div>


<div style=""width:200px;height:70px;margin:10px 10px 0 0;padding:0;float:left;"">

<img src=""http://image.rakuten.co.jp/auc-kansai/cabinet/other/imgrc0067980289.jpg"" style=""border:1px solid #cccccc;"">
</div>

<div style=""width:200px;height:70px;margin:10px 10px 0 0;padding:0;float:left;"">

<img src=""http://image.rakuten.co.jp/auc-kansai/cabinet/recommend/imgrc0064589435.jpg"" style=""border:1px solid #cccccc;"">
</div>

<div style=""width:200px;height:70px;margin:10px 10px 0 0;padding:0;float:left;"">

<img src=""http://image.rakuten.co.jp/auc-kansai/cabinet/other/imgrc0068949465.jpg"" style=""border:1px solid #cccccc;"">
</div>",★SilkBlazeシルクブレイズ★アイラインフィルム ［Ver.2］40系プリウスα 後期【ZVW40/41W】：関西オートパーツ販売,★SilkBlazeシルクブレイズ★アイラインフィルム ［Ver.2］40系プリウスα 後期【ZVW40/41W】,　。★SilkBlazeシルクブレイズ★アイラインフィルム ［Ver.2］40系プリウスα 後期【ZVW40/41W】[rn]
5-63946,http://tshop.r10s.jp/auc-kansai/cabinet/other/imgrc0067907023.jpg?fitin=700:700,1400.0000,,車用品・バイク用品 > カー用品 > ライト・ランプ > ヘッドライト > その他,★SilkBlazeシルクブレイズ★アイラインフィルム ［Ver.1］40系プリウスα 後期【ZVW40/41W】,　,"<STYLE type=""text/css""> 
<!--
table.atype{
width:600px;
font-size:12px;
border:1px solid #666666;
}
.atype th{
vertical-align:top;
width:100px;
color:#666666;
background-color:#f0f0f0;
text-align:left;
border-bottom:2px dotted #cccccc;padding:8px 0 8px 20px;}

.atype td{background-color:#f0f0f0;color:#000000;border-bottom:2px dotted #cccccc;padding:8px 10px;}
.atype td.top{text-align:right;border-bottom:1px solid #666666;padding:5px 10px;background:url(http://image.rakuten.co.jp/auc-kansai/cabinet/top_parts/item_info.gif) no-repeat 10px center #cccccc;}
strong{color:red;}
em{background-color:#ffff33;font-style:normal;}
.atype td.nob{border:0;}
.atype th.nob{border:0;}
dt{font-weight:bold;color:blue;}
dd{margin-left:2em;margin-bottom:7px;}
dl{margin:0;}
img{border:0;}

-->
</STYLE><BR><BR>

<table class=atype cellspacing=0 border=""0"">
  <tr> 
    <td class=top colspan=""2""><img src=""http://image.rakuten.co.jp/auc-kansai/cabinet/zaiko.gif"" alt=""在庫状況をチェック！""></td>
  </tr>
  <tr> 
    <th>メーカー名</th>
    <td>SilkBlaze</td>
  </tr>
  <tbody> 
  <tr> 
    <th>商品名</th>
    <td>アイラインフィルム</td>
  </tr>
  <tr> 
    <th>適合車種</th>
    <td>40系プリウスα</td>
  </tr>
<tr> 
    <th>適合年式</th>
    <td>H26.11～（2014.11～)</td>
  </tr>
  <tr> 
    <th>適合型式</th>
    <td>ZVW40/41W</td>
  </tr>
  <tr> 
    <th>カラー</th>
    <td>クリアオレンジ/クリアブルー<br>
      <br>
      <font color=""#FF0000""><b>※ご希望のカラーを「買い物かごに入れる」ボタンすぐ上の<br>
      選択オプションから選択ください</b></font> </td>
  </tr>
  <tr> 
    <th>セット内容</th>
    <td> 本体（L/R）×1/取付説明書</td>
  </tr>
   <tr> 
    <th>納　期</th>
    <td>受注生産品の為7～10営業日で発送予定<BR>
<font color=RED>
※メーカー受注生産のため、生産開始後のキャンセルは受け付けできません。</FONT></td>
  </tr>
  <tr> 
    <th class=nob>仕　様</th>
    <td class=nob><b><font color=""#0000FF"">【あっという間にお手軽カスタム】</font></b><br>
      貼るだけでOKのカンタン取付！フロントビューのイメージが一新します！<br>
      <font color=""#0000FF""><b>【三次元曲面対応フィルム採用】</b></font><br>
      各車種ごとに専用設計！それぞれ異なるランプ形状に合わせて<br>
      ぴったりフィットする、高品質フィルムです！<br>
      <font color=""#0000FF""><b>【カラーは２種類】</b></font><br>
      クリアオレンジとクリアブルーの２色がラインナップ！お好みに合わせてどうぞ！<br>

</td>
  </tr>
  </tbody> 
</table><div style=""width:650px;margin:0 auto 10px;"">

<div style=""width:200px;height:70px;margin:10px 10px 0 0;padding:0;float:left;"">

<img src=""http://image.rakuten.co.jp/auc-
kansai/cabinet/recommend/img56543381.jpg"" style=""border:1px solid #cccccc;"">
</div>

<div style=""width:200px;height:70px;margin:10px 10px 0 0;padding:0;float:left;"">

<img src=""http://image.rakuten.co.jp/auc-kansai/cabinet/recommend/img62011463.jpg"" style=""border:1px solid #cccccc;"">
</div>

<div style=""width:200px;height:70px;margin:10px 10px 0 0;padding:0;float:left;"">

<img src=""http://image.rakuten.co.jp/auc-kansai/cabinet/recommend/img58407350.jpg"" style=""border:1px solid #cccccc;"">
</div>


<div style=""width:200px;height:70px;margin:10px 10px 0 0;padding:0;float:left;"">

<img src=""http://image.rakuten.co.jp/auc-kansai/cabinet/recommend/img63526257.jpg"" style=""border:1px solid #cccccc;"">
</div>

<div style=""width:200px;height:70px;margin:10px 10px 0 0;padding:0;float:left;"">

<img src=""http://image.rakuten.co.jp/auc-kansai/cabinet/recommend/img57442028.jpg"" style=""border:1px solid #cccccc;"">
</div>

<div style=""width:200px;height:70px;margin:10px 10px 0 0;padding:0;float:left;"">

<img src=""http://image.rakuten.co.jp/auc-kansai/cabinet/add_banner/imgrc0070378640.jpg"" style=""border:1px solid #cccccc;"">
</div>


<div style=""width:200px;height:70px;margin:10px 10px 0 0;padding:0;float:left;"">

<img src=""http://image.rakuten.co.jp/auc-kansai/cabinet/other/imgrc0067980289.jpg"" style=""border:1px solid #cccccc;"">
</div>

<div style=""width:200px;height:70px;margin:10px 10px 0 0;padding:0;float:left;"">

<img src=""http://image.rakuten.co.jp/auc-kansai/cabinet/recommend/imgrc0064589435.jpg"" style=""border:1px solid #cccccc;"">
</div>

<div style=""width:200px;height:70px;margin:10px 10px 0 0;padding:0;float:left;"">

<img src=""http://image.rakuten.co.jp/auc-kansai/cabinet/other/imgrc0068949465.jpg"" style=""border:1px solid #cccccc;"">
</div>",★SilkBlazeシルクブレイズ★アイラインフィルム ［Ver.1］40系プリウスα 後期【ZVW40/41W】：関西オートパーツ販売,★SilkBlazeシルクブレイズ★アイラインフィルム ［Ver.1］40系プリウスα 後期【ZVW40/41W】,　。★SilkBlazeシルクブレイズ★アイラインフィルム ［Ver.1］40系プリウスα 後期【ZVW40/41W】[rn]
5-63947,http://tshop.r10s.jp/seedstyle/cabinet/item3/24989_1.jpg?fitin=700:700,2271.2000,,車用品・バイク用品 > カー用品 > ライト・ランプ > ネオン管,新型コントローラーレス ナイトライダー　　55cm LED48連　　グリーン,　　,"<!-- おすすめテーブル -->
<TABLE border=0 cellSpacing=1 cellPadding=0 width=600 bgColor=#1f1f1f>
<TBODY>
<TR>
<TD bgColor=#ffffff>
<TABLE border=0 cellSpacing=0 cellPadding=0 width=600 class=upsale>
<TBODY>
<TR bgColor=#1f1f1f>
<TD height=24 colSpan=9><FONT 
color=#ffffff>　■パターン増強＆無線リモコン付き！新型コントローラレスナイトライダー</FONT></TD></TR>
<TR>
<TD height=10 colSpan=9></TD></TR>
<TR>
<TD width=24>&nbsp;</TD>
<TD height=96 width=128><IMG 
border=0 
src=""https://image.rakuten.co.jp/seedstyle/cabinet/item3/24986_1.jpg"" 
width=128 height=96></TD>
<TD width=12>&nbsp;</TD>
<TD height=96 width=128><IMG 
border=0 
src=""https://image.rakuten.co.jp/seedstyle/cabinet/item3/24987_1.jpg"" 
width=128 height=96></TD>
<TD width=12>&nbsp;</TD>
<TD height=96 width=128><IMG 
border=0 
src=""https://image.rakuten.co.jp/seedstyle/cabinet/item3/24988_1.jpg"" 
width=128 height=96></TD>
<TD width=12>&nbsp;</TD>
<TD height=96 width=128><IMG 
border=0 
src=""https://image.rakuten.co.jp/seedstyle/cabinet/item3/24989_1.jpg"" 
width=128 height=96></TD>
<TD width=24>&nbsp;</TD></TR>
<TR>
<TD>&nbsp;</TD>
<TD height=30 vAlign=baseline width=128>新型コントローラレスナイトライダー　ホワイト</TD>
<TD>&nbsp;</TD>
<TD height=30 vAlign=baseline width=128>新型コントローラレスナイトライダー　ブルー</TD>
<TD>&nbsp;</TD>
<TD height=30 vAlign=baseline width=128>新型コントローラレスナイトライダー　レッド</TD>
<TD>&nbsp;</TD>
<TD height=30 vAlign=baseline width=128>新型コントローラレスナイトライダー　グリーン</TD>
<TD>&nbsp;</TD></TR>
<TR>
<TD>&nbsp;</TD>
<TD height=35 vAlign=baseline width=128><B><FONT 
color=#ff0000>2,980円</FONT></B><BR>(税別)<BR><BR></TD>
<TD>&nbsp;</TD>
<TD vAlign=baseline width=128><B><FONT 
color=#ff0000>2,980円</FONT></B><BR>(税別)</TD>
<TD>&nbsp;</TD>
<TD vAlign=baseline width=128><B><FONT 
color=#ff0000>2,980円</FONT></B><BR>(税別)</TD>
<TD>&nbsp;</TD>
<TD vAlign=baseline width=128><B><FONT 
color=#ff0000>2,980円</FONT></B><BR>(税別)</TD>
<TD>&nbsp;</TD></TR>
<TR>
<TD width=24>&nbsp;</TD>
<TD height=96 width=128><IMG 
border=0 
src=""https://image.rakuten.co.jp/seedstyle/cabinet/item3/24996_1.jpg"" 
width=128 height=96></TD>
<TD width=12>&nbsp;</TD>
<TD height=96 width=128>　</TD>
<TD width=12>&nbsp;</TD>
<TD height=96 width=128>　</TD>
<TD width=12>&nbsp;</TD>
<TD height=96 width=128>　</TD>
<TD width=24>&nbsp;</TD></TR>
<TR>
<TD>&nbsp;</TD>
<TD height=30 vAlign=baseline width=128>新型コントローラレスナイトライダー　RGB</TD>
<TD>&nbsp;</TD>
<TD height=30 vAlign=baseline width=128></TD>
<TD>&nbsp;</TD>
<TD height=30 vAlign=baseline width=128></TD>
<TD>&nbsp;</TD>
<TD height=30 vAlign=baseline width=128></TD>
<TD>&nbsp;</TD></TR>
<TR>
<TD>&nbsp;</TD>
<TD height=35 vAlign=baseline width=128><B><FONT 
color=#ff0000>4,580円</FONT></B><BR>(税別)<BR><BR></TD>
<TD>&nbsp;</TD>
<TD vAlign=baseline width=128></TD>
<TD>&nbsp;</TD>
<TD vAlign=baseline width=128></TD>
<TD>&nbsp;</TD>
<TD vAlign=baseline width=128></TD>
<TD>&nbsp;</TD></TR>
<TR>
<TD height=10 colSpan=9></TD></TR></TBODY></TABLE></TD></TR></TBODY></TABLE><style type=""text/css"">
<!--

div#HeaderKeyword {
	position:absolute;
	top:80px;/*一番上からの位置*/
	left:30px;/*左端からの位置*/
}

div#HeaderKeyword span {
	background: #bf0000;
	color:#fff;
	font-weight:bold;
	padding:2px 5px;
}

div#HeaderKeyword a {
	color:#0044CC;
}

-->

/*お買い物ボタンのサイズ変更*/
input{
  font-weight:bold;
  font-size:20px;
  color:#000;
}

/*納期情報フォント変更*/
td.inventory font{font-size:12px;color:#1D54A7;}

font[size=""3""]{
   color:#1D54A7;
   font-size:12px;
}


/*買い物かごまわりナビ*/
<!--
span.unit { background: url(https://image.rakuten.co.jp/seedstyle/cabinet/navi/cartnavi2.jpg) no-repeat left top; text-indent:
-9999; display: block; width: 308; height: 464; margin:15px 0; }
-->

</style>



<div id=""HeaderKeyword"">
<span>注目のキーワード</span>
C-HR
80系 ノア VOXY エスクァイア
50系プリウス
</div>

<img src=""https://image.rakuten.co.jp/seedstyle/cabinet/banner/ivent/2017summer_bnr.jpg"" width=""688"" height=""365"" border=""0"" /><br><br>

<img src=""https://image.rakuten.co.jp/seedstyle/cabinet/banner/seedosusumetitle.jpg"" width=""730"" height=""50""><br>

<br>
<img src=""https://image.rakuten.co.jp/seedstyle/cabinet/banner/diytoolbox_bnr.jpg"" width=""730"" height=""100"" border=""0"" vspace=""7"">
<br><br>
<img src=""https://image.rakuten.co.jp/seedstyle/cabinet/banner/ivent/syakentaiou_item.jpg"" width=""616"" height=""120"" border=""0"" />",新型コントローラーレス ナイトライダー　　55cm LED48連　　グリーン：シードスタイル楽天市場店,ヴェルファイアVELLFIREアルファードALPHARDVEZELヴェゼルNBOXAQUAアクアプリウスPRIUSLEDウイポジHIDドレスアップカーパーツヴォクシーVOXYノアNOAH新型コントローラーレス ナイトライダー　　55cm LED48連　　グリーン,　　。新型コントローラーレス ナイトライダー　　55cm LED48連　　グリーン[rn]
5-63948,http://tshop.r10s.jp/seedstyle/cabinet/x23051_1.jpg?fitin=700:700,1128.0000,,車用品・バイク用品 > カー用品 > ライト・ランプ > ネオン管,高輝度SMDイカリング　　外径130mm　　SMD42連,　　,"<style type=""text/css"">
<!--

div#HeaderKeyword {
	position:absolute;
	top:80px;/*一番上からの位置*/
	left:30px;/*左端からの位置*/
}

div#HeaderKeyword span {
	background: #bf0000;
	color:#fff;
	font-weight:bold;
	padding:2px 5px;
}

div#HeaderKeyword a {
	color:#0044CC;
}

-->

/*お買い物ボタンのサイズ変更*/
input{
  font-weight:bold;
  font-size:20px;
  color:#000;
}

/*納期情報フォント変更*/
td.inventory font{font-size:12px;color:#1D54A7;}

font[size=""3""]{
   color:#1D54A7;
   font-size:12px;
}


/*買い物かごまわりナビ*/
<!--
span.unit { background: url(https://image.rakuten.co.jp/seedstyle/cabinet/navi/cartnavi2.jpg) no-repeat left top; text-indent:
-9999; display: block; width: 308; height: 464; margin:15px 0; }
-->

</style>



<div id=""HeaderKeyword"">
<span>注目のキーワード</span>
C-HR
80系 ノア VOXY エスクァイア
50系プリウス
</div>

<img src=""https://image.rakuten.co.jp/seedstyle/cabinet/banner/ivent/2017summer_bnr.jpg"" width=""688"" height=""365"" border=""0"" /><br><br>

<img src=""https://image.rakuten.co.jp/seedstyle/cabinet/banner/seedosusumetitle.jpg"" width=""730"" height=""50""><br>

<br>
<img src=""https://image.rakuten.co.jp/seedstyle/cabinet/banner/diytoolbox_bnr.jpg"" width=""730"" height=""100"" border=""0"" vspace=""7"">
<br><br>
<img src=""https://image.rakuten.co.jp/seedstyle/cabinet/banner/ivent/syakentaiou_item.jpg"" width=""616"" height=""120"" border=""0"" />",高輝度SMDイカリング　　外径130mm　　SMD42連：シードスタイル楽天市場店,ヴェルファイアVELLFIREアルファードALPHARDVEZELヴェゼルNBOXAQUAアクアプリウスPRIUSLEDウイポジHIDドレスアップカーパーツヴォクシーVOXYノアNOAH高輝度SMDイカリング　　外径130mm　　SMD42連,　　。高輝度SMDイカリング　　外径130mm　　SMD42連[rn]
5-63949,http://tshop.r10s.jp/seedstyle/cabinet/x23045_1.jpg?fitin=700:700,960.0000,,車用品・バイク用品 > カー用品 > ライト・ランプ > ネオン管,高輝度SMDイカリング　　外径110mm　　SMD36連,　　,"<style type=""text/css"">
<!--

div#HeaderKeyword {
	position:absolute;
	top:80px;/*一番上からの位置*/
	left:30px;/*左端からの位置*/
}

div#HeaderKeyword span {
	background: #bf0000;
	color:#fff;
	font-weight:bold;
	padding:2px 5px;
}

div#HeaderKeyword a {
	color:#0044CC;
}

-->

/*お買い物ボタンのサイズ変更*/
input{
  font-weight:bold;
  font-size:20px;
  color:#000;
}

/*納期情報フォント変更*/
td.inventory font{font-size:12px;color:#1D54A7;}

font[size=""3""]{
   color:#1D54A7;
   font-size:12px;
}


/*買い物かごまわりナビ*/
<!--
span.unit { background: url(https://image.rakuten.co.jp/seedstyle/cabinet/navi/cartnavi2.jpg) no-repeat left top; text-indent:
-9999; display: block; width: 308; height: 464; margin:15px 0; }
-->

</style>



<div id=""HeaderKeyword"">
<span>注目のキーワード</span>
C-HR
80系 ノア VOXY エスクァイア
50系プリウス
</div>

<img src=""https://image.rakuten.co.jp/seedstyle/cabinet/banner/ivent/2017summer_bnr.jpg"" width=""688"" height=""365"" border=""0"" /><br><br>

<img src=""https://image.rakuten.co.jp/seedstyle/cabinet/banner/seedosusumetitle.jpg"" width=""730"" height=""50""><br>

<br>
<img src=""https://image.rakuten.co.jp/seedstyle/cabinet/banner/diytoolbox_bnr.jpg"" width=""730"" height=""100"" border=""0"" vspace=""7"">
<br><br>
<img src=""https://image.rakuten.co.jp/seedstyle/cabinet/banner/ivent/syakentaiou_item.jpg"" width=""616"" height=""120"" border=""0"" />",高輝度SMDイカリング　　外径110mm　　SMD36連：シードスタイル楽天市場店,ヴェルファイアVELLFIREアルファードALPHARDVEZELヴェゼルNBOXAQUAアクアプリウスPRIUSLEDウイポジHIDドレスアップカーパーツヴォクシーVOXYノアNOAH高輝度SMDイカリング　　外径110mm　　SMD36連,　　。高輝度SMDイカリング　　外径110mm　　SMD36連[rn]
5-63950,http://tshop.r10s.jp/seedstyle/cabinet/item2/21042_1.jpg?fitin=700:700,442.4000,,車用品・バイク用品 > カー用品 > ライト・ランプ > ネオン管,シリコンLEDチューブ　　48cm 超高輝度LED48連　　橙　1本,足まわり LEDドレスアップで人気！,"<TABLE border=0 cellSpacing=1 cellPadding=0 width=600 bgColor=#1f1f1f>
<TBODY>
<TR>
<TD bgColor=#ffffff>
<TABLE border=0 cellSpacing=0 cellPadding=0 width=600 class=upsale>
<TBODY>
<TR bgColor=#1f1f1f>
          <TD height=24 colSpan=9><FONT color=#ffffff>　■LEDシリコンチューブ48cm カラーラインアップ</FONT></TD>
        </TR>
<TR>
<TD height=10 colSpan=9></TD></TR>
<TR>
<TD width=24>&nbsp;</TD>
<TD height=96 width=128><IMG border=0 src=""https://image.rakuten.co.jp/seedstyle/cabinet/item2/21039_1.jpg"" width=128 height=96></TD>
<TD width=12>&nbsp;</TD>
<TD height=96 width=128><IMG border=0 src=""https://image.rakuten.co.jp/seedstyle/cabinet/item2/21040_1.jpg"" width=128 height=96></TD>
<TD width=12>&nbsp;</TD>
<TD height=96 width=128><IMG border=0 src=""https://image.rakuten.co.jp/seedstyle/cabinet/item2/21042_1.jpg"" width=128 height=96></TD>
<TD width=12>&nbsp;</TD>
<TD height=96 width=128><IMG border=0 src=""https://image.rakuten.co.jp/seedstyle/cabinet/item2/21041_1.jpg"" width=128 height=96></TD>
<TD width=24>&nbsp;</TD></TR>
<TR>
<TD>&nbsp;</TD>
          <TD height=55 vAlign=baseline width=128>LEDシリコンチューブ 48cm ホワイト</TD>
<TD>&nbsp;</TD>
          <TD height=55 vAlign=baseline width=128>LEDシリコンチューブ 48cm ブルー</TD>
<TD>&nbsp;</TD>
          <TD height=55 vAlign=baseline width=128>LEDシリコンチューブ 48cm オレンジ</TD>
<TD>&nbsp;</TD>
          <TD height=55 vAlign=baseline width=128>LEDシリコンチューブ 48cm レッド</TD>
<TD>&nbsp;</TD></TR>
<TR>
<TD>&nbsp;</TD>
<TD height=35 vAlign=baseline width=128><B><FONT color=#ff0000>580円</FONT></B><BR>(税別)<BR><BR></TD>
<TD>&nbsp;</TD>
<TD vAlign=baseline width=128><B><FONT color=#ff0000>580円</FONT></B><BR>(税別)</TD>
<TD>&nbsp;</TD>
<TD vAlign=baseline width=128><B><FONT color=#ff0000>580円</FONT></B><BR>(税別)</TD>
<TD>&nbsp;</TD>
<TD vAlign=baseline width=128><B><FONT color=#ff0000>580円</FONT></B><BR>(税別)</TD>
<TD>&nbsp;</TD></TR>
<TR>
<TD width=24>&nbsp;</TD>
<TD height=96 width=128><IMG border=0 src=""https://image.rakuten.co.jp/seedstyle/cabinet/item2/21431_1.jpg"" width=128 height=96></TD>
<TD width=12>&nbsp;</TD>
          <TD height=96 width=128>　</TD>
<TD width=12>&nbsp;</TD>
          <TD height=96 width=128>　</TD>
<TD width=12>&nbsp;</TD>
          <TD height=96 width=128>　</TD>
<TD width=24>&nbsp;</TD></TR>
<TR>
<TD>&nbsp;</TD>
          <TD height=55 vAlign=baseline width=128>LEDシリコンチューブ 48cm ブラックライト</TD>
<TD>&nbsp;</TD>
          <TD height=55 vAlign=baseline width=128></TD>
<TD>&nbsp;</TD>
          <TD height=55 vAlign=baseline width=128></TD>
<TD>&nbsp;</TD>
          <TD height=55 vAlign=baseline width=128></TD>
<TD>&nbsp;</TD></TR>
<TR>
<TD>&nbsp;</TD>
<TD height=35 vAlign=baseline width=128><B><FONT color=#ff0000>870円</FONT></B><BR>(税別)<BR><BR></TD>
<TD>&nbsp;</TD>
<TD vAlign=baseline width=128></TD>
<TD>&nbsp;</TD>
<TD vAlign=baseline width=128></TD>
<TD>&nbsp;</TD>
<TD vAlign=baseline width=128></TD>
<TD>&nbsp;</TD></TR>
<TR>
<TD height=10 colSpan=9></TD></TR></TBODY></TABLE></TD></TR></TBODY></TABLE><style type=""text/css"">
<!--

div#HeaderKeyword {
	position:absolute;
	top:80px;/*一番上からの位置*/
	left:30px;/*左端からの位置*/
}

div#HeaderKeyword span {
	background: #bf0000;
	color:#fff;
	font-weight:bold;
	padding:2px 5px;
}

div#HeaderKeyword a {
	color:#0044CC;
}

-->

/*お買い物ボタンのサイズ変更*/
input{
  font-weight:bold;
  font-size:20px;
  color:#000;
}

/*納期情報フォント変更*/
td.inventory font{font-size:12px;color:#1D54A7;}

font[size=""3""]{
   color:#1D54A7;
   font-size:12px;
}


/*買い物かごまわりナビ*/
<!--
span.unit { background: url(https://image.rakuten.co.jp/seedstyle/cabinet/navi/cartnavi2.jpg) no-repeat left top; text-indent:
-9999; display: block; width: 308; height: 464; margin:15px 0; }
-->

</style>



<div id=""HeaderKeyword"">
<span>注目のキーワード</span>
C-HR
80系 ノア VOXY エスクァイア
50系プリウス
</div>

<img src=""https://image.rakuten.co.jp/seedstyle/cabinet/banner/ivent/2017summer_bnr.jpg"" width=""688"" height=""365"" border=""0"" /><br><br>

<img src=""https://image.rakuten.co.jp/seedstyle/cabinet/banner/seedosusumetitle.jpg"" width=""730"" height=""50""><br>

<br>
<img src=""https://image.rakuten.co.jp/seedstyle/cabinet/banner/diytoolbox_bnr.jpg"" width=""730"" height=""100"" border=""0"" vspace=""7"">
<br><br>
<img src=""https://image.rakuten.co.jp/seedstyle/cabinet/banner/ivent/syakentaiou_item.jpg"" width=""616"" height=""120"" border=""0"" />",シリコンLEDチューブ　　48cm 超高輝度LED48連　　橙　1本：シードスタイル楽天市場店,ヴェルファイアVELLFIREアルファードALPHARDVEZELヴェゼルNBOXAQUAアクアプリウスPRIUSLEDウイポジHIDドレスアップカーパーツヴォクシーVOXYノアNOAHシリコンLEDチューブ　　48cm 超高輝度LED48連　　橙　1本,足まわり LEDドレスアップで人気！。シリコンLEDチューブ　　48cm 超高輝度LED48連　　橙　1本[rn]
5-63951,http://tshop.r10s.jp/seedstyle/cabinet/item2/22438_1.jpg?fitin=700:700,1128.0000,,車用品・バイク用品 > カー用品 > ライト・ランプ > ネオン管,LEDテープ　　側面発光50cm SMD36連  黒基板 　　青　1本,ヘッドライト アイライン LEDドレスアップに！,"<style type=""text/css"">
<!--

div#HeaderKeyword {
	position:absolute;
	top:80px;/*一番上からの位置*/
	left:30px;/*左端からの位置*/
}

div#HeaderKeyword span {
	background: #bf0000;
	color:#fff;
	font-weight:bold;
	padding:2px 5px;
}

div#HeaderKeyword a {
	color:#0044CC;
}

-->

/*お買い物ボタンのサイズ変更*/
input{
  font-weight:bold;
  font-size:20px;
  color:#000;
}

/*納期情報フォント変更*/
td.inventory font{font-size:12px;color:#1D54A7;}

font[size=""3""]{
   color:#1D54A7;
   font-size:12px;
}


/*買い物かごまわりナビ*/
<!--
span.unit { background: url(https://image.rakuten.co.jp/seedstyle/cabinet/navi/cartnavi2.jpg) no-repeat left top; text-indent:
-9999; display: block; width: 308; height: 464; margin:15px 0; }
-->

</style>



<div id=""HeaderKeyword"">
<span>注目のキーワード</span>
C-HR
80系 ノア VOXY エスクァイア
50系プリウス
</div>

<img src=""https://image.rakuten.co.jp/seedstyle/cabinet/banner/ivent/2017summer_bnr.jpg"" width=""688"" height=""365"" border=""0"" /><br><br>

<img src=""https://image.rakuten.co.jp/seedstyle/cabinet/banner/seedosusumetitle.jpg"" width=""730"" height=""50""><br>

<br>
<img src=""https://image.rakuten.co.jp/seedstyle/cabinet/banner/diytoolbox_bnr.jpg"" width=""730"" height=""100"" border=""0"" vspace=""7"">
<br><br>
<img src=""https://image.rakuten.co.jp/seedstyle/cabinet/banner/ivent/syakentaiou_item.jpg"" width=""616"" height=""120"" border=""0"" />",LEDテープ　　側面発光50cm SMD36連  黒基板 　　青　1本：シードスタイル楽天市場店,ヴェルファイアVELLFIREアルファードALPHARDVEZELヴェゼルNBOXAQUAアクアプリウスPRIUSLEDウイポジHIDドレスアップカーパーツヴォクシーVOXYノアNOAHLEDテープ　　側面発光50cm SMD36連  黒基板 　　青　1本,ヘッドライト アイライン LEDドレスアップに！。LEDテープ　　側面発光50cm SMD36連  黒基板 　　青　1本[rn]
5-63952,http://tshop.r10s.jp/seedstyle/cabinet/x23027_1.jpg?fitin=700:700,320.0000,,車用品・バイク用品 > カー用品 > ライト・ランプ > ネオン管,高輝度SMDイカリング　　外径50mm　　SMD12連,　　,"<style type=""text/css"">
<!--

div#HeaderKeyword {
	position:absolute;
	top:80px;/*一番上からの位置*/
	left:30px;/*左端からの位置*/
}

div#HeaderKeyword span {
	background: #bf0000;
	color:#fff;
	font-weight:bold;
	padding:2px 5px;
}

div#HeaderKeyword a {
	color:#0044CC;
}

-->

/*お買い物ボタンのサイズ変更*/
input{
  font-weight:bold;
  font-size:20px;
  color:#000;
}

/*納期情報フォント変更*/
td.inventory font{font-size:12px;color:#1D54A7;}

font[size=""3""]{
   color:#1D54A7;
   font-size:12px;
}


/*買い物かごまわりナビ*/
<!--
span.unit { background: url(https://image.rakuten.co.jp/seedstyle/cabinet/navi/cartnavi2.jpg) no-repeat left top; text-indent:
-9999; display: block; width: 308; height: 464; margin:15px 0; }
-->

</style>



<div id=""HeaderKeyword"">
<span>注目のキーワード</span>
C-HR
80系 ノア VOXY エスクァイア
50系プリウス
</div>

<img src=""https://image.rakuten.co.jp/seedstyle/cabinet/banner/ivent/2017summer_bnr.jpg"" width=""688"" height=""365"" border=""0"" /><br><br>

<img src=""https://image.rakuten.co.jp/seedstyle/cabinet/banner/seedosusumetitle.jpg"" width=""730"" height=""50""><br>

<br>
<img src=""https://image.rakuten.co.jp/seedstyle/cabinet/banner/diytoolbox_bnr.jpg"" width=""730"" height=""100"" border=""0"" vspace=""7"">
<br><br>
<img src=""https://image.rakuten.co.jp/seedstyle/cabinet/banner/ivent/syakentaiou_item.jpg"" width=""616"" height=""120"" border=""0"" />",高輝度SMDイカリング　　外径50mm　　SMD12連：シードスタイル楽天市場店,ヴェルファイアVELLFIREアルファードALPHARDVEZELヴェゼルNBOXAQUAアクアプリウスPRIUSLEDウイポジHIDドレスアップカーパーツヴォクシーVOXYノアNOAH高輝度SMDイカリング　　外径50mm　　SMD12連,　　。高輝度SMDイカリング　　外径50mm　　SMD12連[rn]
5-63953,http://tshop.r10s.jp/seedstyle/cabinet/x23033_1.jpg?fitin=700:700,556.8000,,車用品・バイク用品 > カー用品 > ライト・ランプ > ネオン管,高輝度SMDイカリング　　外径70mm　　SMD21連,　　,"<style type=""text/css"">
<!--

div#HeaderKeyword {
	position:absolute;
	top:80px;/*一番上からの位置*/
	left:30px;/*左端からの位置*/
}

div#HeaderKeyword span {
	background: #bf0000;
	color:#fff;
	font-weight:bold;
	padding:2px 5px;
}

div#HeaderKeyword a {
	color:#0044CC;
}

-->

/*お買い物ボタンのサイズ変更*/
input{
  font-weight:bold;
  font-size:20px;
  color:#000;
}

/*納期情報フォント変更*/
td.inventory font{font-size:12px;color:#1D54A7;}

font[size=""3""]{
   color:#1D54A7;
   font-size:12px;
}


/*買い物かごまわりナビ*/
<!--
span.unit { background: url(https://image.rakuten.co.jp/seedstyle/cabinet/navi/cartnavi2.jpg) no-repeat left top; text-indent:
-9999; display: block; width: 308; height: 464; margin:15px 0; }
-->

</style>



<div id=""HeaderKeyword"">
<span>注目のキーワード</span>
C-HR
80系 ノア VOXY エスクァイア
50系プリウス
</div>

<img src=""https://image.rakuten.co.jp/seedstyle/cabinet/banner/ivent/2017summer_bnr.jpg"" width=""688"" height=""365"" border=""0"" /><br><br>

<img src=""https://image.rakuten.co.jp/seedstyle/cabinet/banner/seedosusumetitle.jpg"" width=""730"" height=""50""><br>

<br>
<img src=""https://image.rakuten.co.jp/seedstyle/cabinet/banner/diytoolbox_bnr.jpg"" width=""730"" height=""100"" border=""0"" vspace=""7"">
<br><br>
<img src=""https://image.rakuten.co.jp/seedstyle/cabinet/banner/ivent/syakentaiou_item.jpg"" width=""616"" height=""120"" border=""0"" />",高輝度SMDイカリング　　外径70mm　　SMD21連：シードスタイル楽天市場店,ヴェルファイアVELLFIREアルファードALPHARDVEZELヴェゼルNBOXAQUAアクアプリウスPRIUSLEDウイポジHIDドレスアップカーパーツヴォクシーVOXYノアNOAH高輝度SMDイカリング　　外径70mm　　SMD21連,　　。高輝度SMDイカリング　　外径70mm　　SMD21連[rn]
5-63954,http://tshop.r10s.jp/seedstyle/cabinet/23203_1.jpg?fitin=700:700,2118.4000,,車用品・バイク用品 > カー用品 > ライト・ランプ > ネオン管,CCFLイカリング　　外径φ71.6mm　インバーター付き　　ピンク　2本セット,　　,"<style type=""text/css"">
<!--

div#HeaderKeyword {
	position:absolute;
	top:80px;/*一番上からの位置*/
	left:30px;/*左端からの位置*/
}

div#HeaderKeyword span {
	background: #bf0000;
	color:#fff;
	font-weight:bold;
	padding:2px 5px;
}

div#HeaderKeyword a {
	color:#0044CC;
}

-->

/*お買い物ボタンのサイズ変更*/
input{
  font-weight:bold;
  font-size:20px;
  color:#000;
}

/*納期情報フォント変更*/
td.inventory font{font-size:12px;color:#1D54A7;}

font[size=""3""]{
   color:#1D54A7;
   font-size:12px;
}


/*買い物かごまわりナビ*/
<!--
span.unit { background: url(https://image.rakuten.co.jp/seedstyle/cabinet/navi/cartnavi2.jpg) no-repeat left top; text-indent:
-9999; display: block; width: 308; height: 464; margin:15px 0; }
-->

</style>



<div id=""HeaderKeyword"">
<span>注目のキーワード</span>
C-HR
80系 ノア VOXY エスクァイア
50系プリウス
</div>

<img src=""https://image.rakuten.co.jp/seedstyle/cabinet/banner/ivent/2017summer_bnr.jpg"" width=""688"" height=""365"" border=""0"" /><br><br>

<img src=""https://image.rakuten.co.jp/seedstyle/cabinet/banner/seedosusumetitle.jpg"" width=""730"" height=""50""><br>

<br>
<img src=""https://image.rakuten.co.jp/seedstyle/cabinet/banner/diytoolbox_bnr.jpg"" width=""730"" height=""100"" border=""0"" vspace=""7"">
<br><br>
<img src=""https://image.rakuten.co.jp/seedstyle/cabinet/banner/ivent/syakentaiou_item.jpg"" width=""616"" height=""120"" border=""0"" />",CCFLイカリング　　外径φ71.6mm　インバーター付き　　ピンク　2本セット：シードスタイル楽天市場店,ヴェルファイアVELLFIREアルファードALPHARDVEZELヴェゼルNBOXAQUAアクアプリウスPRIUSLEDウイポジHIDドレスアップカーパーツヴォクシーVOXYノアNOAHCCFLイカリング　　外径φ71.6mm　インバーター付き　　ピンク　2本セット,　　。CCFLイカリング　　外径φ71.6mm　インバーター付き　　ピンク　2本セット[rn]
5-63955,http://tshop.r10s.jp/seedstyle/cabinet/x23048_1.jpg?fitin=700:700,1036.8000,,車用品・バイク用品 > カー用品 > ライト・ランプ > ネオン管,高輝度SMDイカリング　　外径120mm　　SMD39連,　　,"<style type=""text/css"">
<!--

div#HeaderKeyword {
	position:absolute;
	top:80px;/*一番上からの位置*/
	left:30px;/*左端からの位置*/
}

div#HeaderKeyword span {
	background: #bf0000;
	color:#fff;
	font-weight:bold;
	padding:2px 5px;
}

div#HeaderKeyword a {
	color:#0044CC;
}

-->

/*お買い物ボタンのサイズ変更*/
input{
  font-weight:bold;
  font-size:20px;
  color:#000;
}

/*納期情報フォント変更*/
td.inventory font{font-size:12px;color:#1D54A7;}

font[size=""3""]{
   color:#1D54A7;
   font-size:12px;
}


/*買い物かごまわりナビ*/
<!--
span.unit { background: url(https://image.rakuten.co.jp/seedstyle/cabinet/navi/cartnavi2.jpg) no-repeat left top; text-indent:
-9999; display: block; width: 308; height: 464; margin:15px 0; }
-->

</style>



<div id=""HeaderKeyword"">
<span>注目のキーワード</span>
C-HR
80系 ノア VOXY エスクァイア
50系プリウス
</div>

<img src=""https://image.rakuten.co.jp/seedstyle/cabinet/banner/ivent/2017summer_bnr.jpg"" width=""688"" height=""365"" border=""0"" /><br><br>

<img src=""https://image.rakuten.co.jp/seedstyle/cabinet/banner/seedosusumetitle.jpg"" width=""730"" height=""50""><br>

<br>
<img src=""https://image.rakuten.co.jp/seedstyle/cabinet/banner/diytoolbox_bnr.jpg"" width=""730"" height=""100"" border=""0"" vspace=""7"">
<br><br>
<img src=""https://image.rakuten.co.jp/seedstyle/cabinet/banner/ivent/syakentaiou_item.jpg"" width=""616"" height=""120"" border=""0"" />",高輝度SMDイカリング　　外径120mm　　SMD39連：シードスタイル楽天市場店,ヴェルファイアVELLFIREアルファードALPHARDVEZELヴェゼルNBOXAQUAアクアプリウスPRIUSLEDウイポジHIDドレスアップカーパーツヴォクシーVOXYノアNOAH高輝度SMDイカリング　　外径120mm　　SMD39連,　　。高輝度SMDイカリング　　外径120mm　　SMD39連[rn]
5-63956,http://tshop.r10s.jp/seedstyle/cabinet/x23039_1.jpg?fitin=700:700,640.0000,,車用品・バイク用品 > カー用品 > ライト・ランプ > ネオン管,高輝度SMDイカリング　　外径90mm　　SMD24連,　　,"<style type=""text/css"">
<!--

div#HeaderKeyword {
	position:absolute;
	top:80px;/*一番上からの位置*/
	left:30px;/*左端からの位置*/
}

div#HeaderKeyword span {
	background: #bf0000;
	color:#fff;
	font-weight:bold;
	padding:2px 5px;
}

div#HeaderKeyword a {
	color:#0044CC;
}

-->

/*お買い物ボタンのサイズ変更*/
input{
  font-weight:bold;
  font-size:20px;
  color:#000;
}

/*納期情報フォント変更*/
td.inventory font{font-size:12px;color:#1D54A7;}

font[size=""3""]{
   color:#1D54A7;
   font-size:12px;
}


/*買い物かごまわりナビ*/
<!--
span.unit { background: url(https://image.rakuten.co.jp/seedstyle/cabinet/navi/cartnavi2.jpg) no-repeat left top; text-indent:
-9999; display: block; width: 308; height: 464; margin:15px 0; }
-->

</style>



<div id=""HeaderKeyword"">
<span>注目のキーワード</span>
C-HR
80系 ノア VOXY エスクァイア
50系プリウス
</div>

<img src=""https://image.rakuten.co.jp/seedstyle/cabinet/banner/ivent/2017summer_bnr.jpg"" width=""688"" height=""365"" border=""0"" /><br><br>

<img src=""https://image.rakuten.co.jp/seedstyle/cabinet/banner/seedosusumetitle.jpg"" width=""730"" height=""50""><br>

<br>
<img src=""https://image.rakuten.co.jp/seedstyle/cabinet/banner/diytoolbox_bnr.jpg"" width=""730"" height=""100"" border=""0"" vspace=""7"">
<br><br>
<img src=""https://image.rakuten.co.jp/seedstyle/cabinet/banner/ivent/syakentaiou_item.jpg"" width=""616"" height=""120"" border=""0"" />",高輝度SMDイカリング　　外径90mm　　SMD24連：シードスタイル楽天市場店,ヴェルファイアVELLFIREアルファードALPHARDVEZELヴェゼルNBOXAQUAアクアプリウスPRIUSLEDウイポジHIDドレスアップカーパーツヴォクシーVOXYノアNOAH高輝度SMDイカリング　　外径90mm　　SMD24連,　　。高輝度SMDイカリング　　外径90mm　　SMD24連[rn]
5-63957,http://tshop.r10s.jp/seedstyle/cabinet/x23042_1.jpg?fitin=700:700,876.8000,,車用品・バイク用品 > カー用品 > ライト・ランプ > ネオン管,高輝度SMDイカリング　　外径100mm　　SMD33連,　　,"<style type=""text/css"">
<!--

div#HeaderKeyword {
	position:absolute;
	top:80px;/*一番上からの位置*/
	left:30px;/*左端からの位置*/
}

div#HeaderKeyword span {
	background: #bf0000;
	color:#fff;
	font-weight:bold;
	padding:2px 5px;
}

div#HeaderKeyword a {
	color:#0044CC;
}

-->

/*お買い物ボタンのサイズ変更*/
input{
  font-weight:bold;
  font-size:20px;
  color:#000;
}

/*納期情報フォント変更*/
td.inventory font{font-size:12px;color:#1D54A7;}

font[size=""3""]{
   color:#1D54A7;
   font-size:12px;
}


/*買い物かごまわりナビ*/
<!--
span.unit { background: url(https://image.rakuten.co.jp/seedstyle/cabinet/navi/cartnavi2.jpg) no-repeat left top; text-indent:
-9999; display: block; width: 308; height: 464; margin:15px 0; }
-->

</style>



<div id=""HeaderKeyword"">
<span>注目のキーワード</span>
C-HR
80系 ノア VOXY エスクァイア
50系プリウス
</div>

<img src=""https://image.rakuten.co.jp/seedstyle/cabinet/banner/ivent/2017summer_bnr.jpg"" width=""688"" height=""365"" border=""0"" /><br><br>

<img src=""https://image.rakuten.co.jp/seedstyle/cabinet/banner/seedosusumetitle.jpg"" width=""730"" height=""50""><br>

<br>
<img src=""https://image.rakuten.co.jp/seedstyle/cabinet/banner/diytoolbox_bnr.jpg"" width=""730"" height=""100"" border=""0"" vspace=""7"">
<br><br>
<img src=""https://image.rakuten.co.jp/seedstyle/cabinet/banner/ivent/syakentaiou_item.jpg"" width=""616"" height=""120"" border=""0"" />",高輝度SMDイカリング　　外径100mm　　SMD33連：シードスタイル楽天市場店,ヴェルファイアVELLFIREアルファードALPHARDVEZELヴェゼルNBOXAQUAアクアプリウスPRIUSLEDウイポジHIDドレスアップカーパーツヴォクシーVOXYノアNOAH高輝度SMDイカリング　　外径100mm　　SMD33連,　　。高輝度SMDイカリング　　外径100mm　　SMD33連[rn]
5-63958,http://tshop.r10s.jp/seedstyle/cabinet/item2/24676_1.jpg?fitin=700:700,1508.8000,,車用品・バイク用品 > カー用品 > ライト・ランプ > ネオン管,連結型流れるLEDテープ　　正面発光50cm LED30連  黒基板 　　青　1本,専用端子でつなげてLED光が流せる！LEDドレスアップに！,"<TABLE border=0 cellSpacing=1 cellPadding=0 width=600 bgColor=#1f1f1f class=""upsale"">
<TBODY>
<TR>
<TD bgColor=#ffffff>
<TABLE border=0 cellSpacing=0 cellPadding=0 width=600>
<TBODY>
<TR bgColor=#1f1f1f>
<TD height=24 colSpan=9><FONT color=#ffffff>　■ カラーバリエーション</FONT></TD></TR>
<TR>
<TD height=10 colSpan=9></TD></TR>
<TR>
<TD width=24>&nbsp;</TD>
<TD height=96 width=128><IMG border=0 src=""https://image.rakuten.co.jp/seedstyle/cabinet/item2/24675_1.jpg"" width=128 height=96></TD>
<TD width=12>&nbsp;</TD>
<TD height=96 width=128><IMG border=0 src=""https://image.rakuten.co.jp/seedstyle/cabinet/item2/24676_1.jpg"" width=128 height=96></TD>
<TD width=12>&nbsp;</TD>
<TD height=96 width=128><IMG border=0 src=""https://image.rakuten.co.jp/seedstyle/cabinet/item2/24677_1.jpg"" width=128 height=96></TD>
<TD width=12>&nbsp;</TD>
<TD height=96 width=128></TD>
<TD width=24>&nbsp;</TD></TR>
<TR>
<TD>&nbsp;</TD>
<TD height=55 vAlign=baseline width=128>連結型流れるLEDテープ 50cm LED30連 [黒基板]　ホワイト</TD>
<TD>&nbsp;</TD>
<TD height=55 vAlign=baseline width=128>連結型流れるLEDテープ 50cm LED30連 [黒基板]　ブルー</TD>
<TD>&nbsp;</TD>
<TD height=55 vAlign=baseline width=128>連結型流れるLEDテープ 50cm LED30連 [黒基板]　オレンジ</TD>
<TD>&nbsp;</TD>
<TD height=55 vAlign=baseline width=128></TD>
<TD>&nbsp;</TD></TR>
<TR>
<TD>&nbsp;</TD>
<TD height=35 vAlign=baseline width=128><B><FONT color=#ff0000>1,980円</FONT></B><BR>(税別)</TD>
<TD>&nbsp;</TD>
<TD vAlign=baseline width=128><B><FONT color=#ff0000>1,980円</FONT></B><BR>(税別)</TD>
<TD>&nbsp;</TD>
<TD vAlign=baseline width=128><B><FONT color=#ff0000>1,980円</FONT></B><BR>(税別)</TD>
<TD>&nbsp;</TD>
<TD vAlign=baseline width=128></TD>
<TD>&nbsp;</TD></TR>
<TR>
<TD height=10 colSpan=9></TD></TR></TBODY></TABLE></TD></TR></TBODY></TABLE><style type=""text/css"">
<!--

div#HeaderKeyword {
	position:absolute;
	top:80px;/*一番上からの位置*/
	left:30px;/*左端からの位置*/
}

div#HeaderKeyword span {
	background: #bf0000;
	color:#fff;
	font-weight:bold;
	padding:2px 5px;
}

div#HeaderKeyword a {
	color:#0044CC;
}

-->

/*お買い物ボタンのサイズ変更*/
input{
  font-weight:bold;
  font-size:20px;
  color:#000;
}

/*納期情報フォント変更*/
td.inventory font{font-size:12px;color:#1D54A7;}

font[size=""3""]{
   color:#1D54A7;
   font-size:12px;
}


/*買い物かごまわりナビ*/
<!--
span.unit { background: url(https://image.rakuten.co.jp/seedstyle/cabinet/navi/cartnavi2.jpg) no-repeat left top; text-indent:
-9999; display: block; width: 308; height: 464; margin:15px 0; }
-->

</style>



<div id=""HeaderKeyword"">
<span>注目のキーワード</span>
C-HR
80系 ノア VOXY エスクァイア
50系プリウス
</div>

<img src=""https://image.rakuten.co.jp/seedstyle/cabinet/banner/ivent/2017summer_bnr.jpg"" width=""688"" height=""365"" border=""0"" /><br><br>

<img src=""https://image.rakuten.co.jp/seedstyle/cabinet/banner/seedosusumetitle.jpg"" width=""730"" height=""50""><br>

<br>
<img src=""https://image.rakuten.co.jp/seedstyle/cabinet/banner/diytoolbox_bnr.jpg"" width=""730"" height=""100"" border=""0"" vspace=""7"">
<br><br>
<img src=""https://image.rakuten.co.jp/seedstyle/cabinet/banner/ivent/syakentaiou_item.jpg"" width=""616"" height=""120"" border=""0"" />",連結型流れるLEDテープ　　正面発光50cm LED30連  黒基板 　　青　1本：シードスタイル楽天市場店,ヴェルファイアVELLFIREアルファードALPHARDVEZELヴェゼルNBOXAQUAアクアプリウスPRIUSLEDウイポジHIDドレスアップカーパーツヴォクシーVOXYノアNOAH連結型流れるLEDテープ　　正面発光50cm LED30連  黒基板 　　青　1本,専用端子でつなげてLED光が流せる！LEDドレスアップに！。連結型流れるLEDテープ　　正面発光50cm LED30連  黒基板 　　青　1本[rn]
5-63959,http://tshop.r10s.jp/seedstyle/cabinet/item2/22970_1.jpg?fitin=700:700,1280.0000,,車用品・バイク用品 > カー用品 > ライト・ランプ > ネオン管,ツインカラーデイ＆ナイトLEDテープ　　側面発光60cm LED60連  黒基板 　　白 青　1本 単品,ツインカラー2色で発光！ アイラインなどに！,"<TABLE border=0 cellSpacing=1 cellPadding=0 width=600 bgColor=#1f1f1f>
<TBODY>
<TR>
<TD bgColor=#ffffff>
      <TABLE border=0 cellSpacing=0 cellPadding=0 width=600 class=upsale>
        <TBODY> 
        <TR bgColor=#1f1f1f> 
          <TD height=24 colSpan=9><FONT color=#ffffff>　■ツインカラーLEDテープ 単品</FONT></TD>
        </TR>
        <TR> 
          <TD height=10 colSpan=9></TD>
        </TR>
        <TR> 
          <TD width=24>&nbsp;</TD>
          <TD height=96 width=128><IMG border=0 src=""https://image.rakuten.co.jp/seedstyle/cabinet/item2/22745_1.jpg"" width=128 height=96></TD>
          <TD width=12>&nbsp;</TD>
          <TD height=96 width=128><IMG border=0 src=""https://image.rakuten.co.jp/seedstyle/cabinet/item2/22746_1.jpg"" width=128 height=96></TD>
          <TD width=12>&nbsp;</TD>
          <TD height=96 width=128><IMG border=0 src=""https://image.rakuten.co.jp/seedstyle/cabinet/item2/22816_1.jpg"" width=128 height=96></TD>
          <TD width=12>&nbsp;</TD>
          <TD height=96 width=128><IMG border=0 src=""https://image.rakuten.co.jp/seedstyle/cabinet/20943_1.jpg"" width=128 height=96></TD>
          <TD width=24>&nbsp;</TD>
        </TR>
        <TR> 
          <TD>&nbsp;</TD>
          <TD height=55 vAlign=baseline width=128>ツインカラーLEDテープ 
            白/橙 単品販売</TD>
          <TD>&nbsp;</TD>
          <TD height=55 vAlign=baseline width=128>ツインカラーLEDテープ 
            青/橙 単品販売</TD>
          <TD>&nbsp;</TD>
          <TD height=55 vAlign=baseline width=128>ツインカラーLEDテープ 
            赤/橙 単品販売</TD>
          <TD>&nbsp;</TD>
          <TD height=55 vAlign=baseline width=128>ウインカーキャンセラーユニット</TD>
          <TD>&nbsp;</TD>
        </TR>
        <TR> 
          <TD>&nbsp;</TD>
          <TD height=35 vAlign=baseline width=128><B><FONT color=#ff0000>1,680円</FONT></B><BR>
            (税別)<BR>
            <BR>
          </TD>
          <TD>&nbsp;</TD>
          <TD vAlign=baseline width=128><B><FONT color=#ff0000>1,680円</FONT></B><BR>
            (税別)</TD>
          <TD>&nbsp;</TD>
          <TD vAlign=baseline width=128><B><FONT color=#ff0000>1,680円</FONT></B><BR>
            (税別)</TD>
          <TD>&nbsp;</TD>
          <TD vAlign=baseline width=128><B><FONT color=#ff0000>1,580円</FONT></B><BR>
            (税別)</TD>
          <TD>&nbsp;</TD>
        </TR>
        <TR> 
          <TD height=10 colSpan=9></TD>
        </TR>
        </TBODY> 
      </TABLE>
    </TD></TR></TBODY></TABLE><style type=""text/css"">
<!--

div#HeaderKeyword {
	position:absolute;
	top:80px;/*一番上からの位置*/
	left:30px;/*左端からの位置*/
}

div#HeaderKeyword span {
	background: #bf0000;
	color:#fff;
	font-weight:bold;
	padding:2px 5px;
}

div#HeaderKeyword a {
	color:#0044CC;
}

-->

/*お買い物ボタンのサイズ変更*/
input{
  font-weight:bold;
  font-size:20px;
  color:#000;
}

/*納期情報フォント変更*/
td.inventory font{font-size:12px;color:#1D54A7;}

font[size=""3""]{
   color:#1D54A7;
   font-size:12px;
}


/*買い物かごまわりナビ*/
<!--
span.unit { background: url(https://image.rakuten.co.jp/seedstyle/cabinet/navi/cartnavi2.jpg) no-repeat left top; text-indent:
-9999; display: block; width: 308; height: 464; margin:15px 0; }
-->

</style>



<div id=""HeaderKeyword"">
<span>注目のキーワード</span>
C-HR
80系 ノア VOXY エスクァイア
50系プリウス
</div>

<img src=""https://image.rakuten.co.jp/seedstyle/cabinet/banner/ivent/2017summer_bnr.jpg"" width=""688"" height=""365"" border=""0"" /><br><br>

<img src=""https://image.rakuten.co.jp/seedstyle/cabinet/banner/seedosusumetitle.jpg"" width=""730"" height=""50""><br>

<br>
<img src=""https://image.rakuten.co.jp/seedstyle/cabinet/banner/diytoolbox_bnr.jpg"" width=""730"" height=""100"" border=""0"" vspace=""7"">
<br><br>
<img src=""https://image.rakuten.co.jp/seedstyle/cabinet/banner/ivent/syakentaiou_item.jpg"" width=""616"" height=""120"" border=""0"" />",ツインカラーデイ＆ナイトLEDテープ　　側面発光60cm LED60連  黒基板 　　白 青　1本 単品：シードスタイル楽天市場店,ヴェルファイアVELLFIREアルファードALPHARDVEZELヴェゼルNBOXAQUAアクアプリウスPRIUSLEDウイポジHIDドレスアップカーパーツヴォクシーVOXYノアNOAHツインカラーデイ＆ナイトLEDテープ　　側面発光60cm LED60連  黒基板 　　白 青　1本 単品,ツインカラー2色で発光！ アイラインなどに！。ツインカラーデイ＆ナイトLEDテープ　　側面発光60cm LED60連  黒基板 　　白 青　1本 単品[rn]
5-63960,http://tshop.r10s.jp/seedstyle/cabinet/24756_1.jpg?fitin=700:700,9600.0000,,車用品・バイク用品 > カー用品 > ライト・ランプ > ネオン管,シックスセンス　ドアアンダーLEDキット　　お取り寄せ販売,,"<style type=""text/css"">
<!--

div#HeaderKeyword {
	position:absolute;
	top:80px;/*一番上からの位置*/
	left:30px;/*左端からの位置*/
}

div#HeaderKeyword span {
	background: #bf0000;
	color:#fff;
	font-weight:bold;
	padding:2px 5px;
}

div#HeaderKeyword a {
	color:#0044CC;
}

-->

/*お買い物ボタンのサイズ変更*/
input{
  font-weight:bold;
  font-size:20px;
  color:#000;
}

/*納期情報フォント変更*/
td.inventory font{font-size:12px;color:#1D54A7;}

font[size=""3""]{
   color:#1D54A7;
   font-size:12px;
}


/*買い物かごまわりナビ*/
<!--
span.unit { background: url(https://image.rakuten.co.jp/seedstyle/cabinet/navi/cartnavi2.jpg) no-repeat left top; text-indent:
-9999; display: block; width: 308; height: 464; margin:15px 0; }
-->

</style>



<div id=""HeaderKeyword"">
<span>注目のキーワード</span>
C-HR
80系 ノア VOXY エスクァイア
50系プリウス
</div>

<img src=""https://image.rakuten.co.jp/seedstyle/cabinet/banner/ivent/2017summer_bnr.jpg"" width=""688"" height=""365"" border=""0"" /><br><br>

<img src=""https://image.rakuten.co.jp/seedstyle/cabinet/banner/seedosusumetitle.jpg"" width=""730"" height=""50""><br>

<br>
<img src=""https://image.rakuten.co.jp/seedstyle/cabinet/banner/diytoolbox_bnr.jpg"" width=""730"" height=""100"" border=""0"" vspace=""7"">
<br><br>
<img src=""https://image.rakuten.co.jp/seedstyle/cabinet/banner/ivent/syakentaiou_item.jpg"" width=""616"" height=""120"" border=""0"" />",シックスセンス　ドアアンダーLEDキット　　お取り寄せ販売：シードスタイル楽天市場店,ヴェルファイアVELLFIREアルファードALPHARDVEZELヴェゼルNBOXAQUAアクアプリウスPRIUSLEDウイポジHIDドレスアップカーパーツヴォクシーVOXYノアNOAHシックスセンス　ドアアンダーLEDキット　　お取り寄せ販売,シックスセンス　ドアアンダーLEDキット　　お取り寄せ販売[rn]
5-63961,http://tshop.r10s.jp/seedstyle/cabinet/23186_1.jpg?fitin=700:700,1508.8000,,車用品・バイク用品 > カー用品 > ライト・ランプ > ネオン管,LEDカーテシランプ　　SMD12連　　ホワイト　2個セット,カーテシランプ増設に！,"<style type=""text/css"">
<!--

div#HeaderKeyword {
	position:absolute;
	top:80px;/*一番上からの位置*/
	left:30px;/*左端からの位置*/
}

div#HeaderKeyword span {
	background: #bf0000;
	color:#fff;
	font-weight:bold;
	padding:2px 5px;
}

div#HeaderKeyword a {
	color:#0044CC;
}

-->

/*お買い物ボタンのサイズ変更*/
input{
  font-weight:bold;
  font-size:20px;
  color:#000;
}

/*納期情報フォント変更*/
td.inventory font{font-size:12px;color:#1D54A7;}

font[size=""3""]{
   color:#1D54A7;
   font-size:12px;
}


/*買い物かごまわりナビ*/
<!--
span.unit { background: url(https://image.rakuten.co.jp/seedstyle/cabinet/navi/cartnavi2.jpg) no-repeat left top; text-indent:
-9999; display: block; width: 308; height: 464; margin:15px 0; }
-->

</style>



<div id=""HeaderKeyword"">
<span>注目のキーワード</span>
C-HR
80系 ノア VOXY エスクァイア
50系プリウス
</div>

<img src=""https://image.rakuten.co.jp/seedstyle/cabinet/banner/ivent/2017summer_bnr.jpg"" width=""688"" height=""365"" border=""0"" /><br><br>

<img src=""https://image.rakuten.co.jp/seedstyle/cabinet/banner/seedosusumetitle.jpg"" width=""730"" height=""50""><br>

<br>
<img src=""https://image.rakuten.co.jp/seedstyle/cabinet/banner/diytoolbox_bnr.jpg"" width=""730"" height=""100"" border=""0"" vspace=""7"">
<br><br>
<img src=""https://image.rakuten.co.jp/seedstyle/cabinet/banner/ivent/syakentaiou_item.jpg"" width=""616"" height=""120"" border=""0"" />",LEDカーテシランプ　　SMD12連　　ホワイト　2個セット：シードスタイル楽天市場店,ヴェルファイアVELLFIREアルファードALPHARDVEZELヴェゼルNBOXAQUAアクアプリウスPRIUSLEDウイポジHIDドレスアップカーパーツヴォクシーVOXYノアNOAHLEDカーテシランプ　　SMD12連　　ホワイト　2個セット,カーテシランプ増設に！。LEDカーテシランプ　　SMD12連　　ホワイト　2個セット[rn]
5-63962,http://tshop.r10s.jp/seedstyle/cabinet/24671_1.jpg?fitin=700:700,1128.0000,,車用品・バイク用品 > カー用品 > ライト・ランプ > ネオン管,スイッチ付き LED ナイトライダー ブルー11パターン 常時点灯・高速流星・ストロボ・ホタル等　30cm LED15連,　　,"<TABLE border=0 cellSpacing=1 cellPadding=0 width=600 bgColor=#1f1f1f>
<TBODY>
<TR>
<TD bgColor=#ffffff>
<TABLE border=0 cellSpacing=0 cellPadding=0 width=600 class=""upsale"">
<TBODY>
<TR bgColor=#1f1f1f>
<TD height=24 colSpan=9><FONT color=#ffffff>　■11パターン切り替え！スイッチ付きミニナイトライダー </FONT></TD></TR>
<TR>
<TD height=10 colSpan=9></TD></TR>
<TR>
<TD width=24>&nbsp;</TD>
<TD height=96 width=128><IMG border=0 src=""https://image.rakuten.co.jp/seedstyle/cabinet/24670_1.jpg"" width=128 height=96></TD>
<TD width=12>&nbsp;</TD>
<TD height=96 width=128><IMG border=0 src=""https://image.rakuten.co.jp/seedstyle/cabinet/24671_1.jpg"" width=128 height=96></TD>
<TD width=12>&nbsp;</TD>
<TD height=96 width=128><IMG border=0 src=""https://image.rakuten.co.jp/seedstyle/cabinet/24672_1.jpg"" width=128 height=96></TD>
<TD width=12>&nbsp;</TD>
<TD height=96 width=128></TD>
<TD width=24>&nbsp;</TD></TR>
<TR>
<TD>&nbsp;</TD>
<TD height=55 vAlign=baseline width=128>11パターン点灯切り替え！スイッチ付きミニナイトライダー　30cm15連　ホワイト</TD>
<TD>&nbsp;</TD>
<TD height=55 vAlign=baseline width=128>11パターン点灯切り替え！スイッチ付きミニナイトライダー　30cm15連　ブルー</TD>
<TD>&nbsp;</TD>
<TD height=55 vAlign=baseline width=128>11パターン点灯切り替え！スイッチ付きミニナイトライダー　30cm15連　レッド</TD>
<TD>&nbsp;</TD>
<TD height=55 vAlign=baseline width=128></TD>
<TD>&nbsp;</TD></TR>
<TR>
<TD>&nbsp;</TD>
<TD height=35 vAlign=baseline width=128><B><FONT color=#ff0000>1,480円</FONT></B><BR>(税別)</TD>
<TD>&nbsp;</TD>
<TD vAlign=baseline width=128><B><FONT color=#ff0000>1,480円</FONT></B><BR>(税別)</TD>
<TD>&nbsp;</TD>
<TD vAlign=baseline width=128><B><FONT color=#ff0000>1,480円</FONT></B><BR>(税別)</TD>
<TD>&nbsp;</TD>
<TD vAlign=baseline width=128></TD>
<TD>&nbsp;</TD></TR>
<TR>
<TD height=10 colSpan=9></TD></TR></TBODY></TABLE></TD></TR></TBODY></TABLE><style type=""text/css"">
<!--

div#HeaderKeyword {
	position:absolute;
	top:80px;/*一番上からの位置*/
	left:30px;/*左端からの位置*/
}

div#HeaderKeyword span {
	background: #bf0000;
	color:#fff;
	font-weight:bold;
	padding:2px 5px;
}

div#HeaderKeyword a {
	color:#0044CC;
}

-->

/*お買い物ボタンのサイズ変更*/
input{
  font-weight:bold;
  font-size:20px;
  color:#000;
}

/*納期情報フォント変更*/
td.inventory font{font-size:12px;color:#1D54A7;}

font[size=""3""]{
   color:#1D54A7;
   font-size:12px;
}


/*買い物かごまわりナビ*/
<!--
span.unit { background: url(https://image.rakuten.co.jp/seedstyle/cabinet/navi/cartnavi2.jpg) no-repeat left top; text-indent:
-9999; display: block; width: 308; height: 464; margin:15px 0; }
-->

</style>



<div id=""HeaderKeyword"">
<span>注目のキーワード</span>
C-HR
80系 ノア VOXY エスクァイア
50系プリウス
</div>

<img src=""https://image.rakuten.co.jp/seedstyle/cabinet/banner/ivent/2017summer_bnr.jpg"" width=""688"" height=""365"" border=""0"" /><br><br>

<img src=""https://image.rakuten.co.jp/seedstyle/cabinet/banner/seedosusumetitle.jpg"" width=""730"" height=""50""><br>

<br>
<img src=""https://image.rakuten.co.jp/seedstyle/cabinet/banner/diytoolbox_bnr.jpg"" width=""730"" height=""100"" border=""0"" vspace=""7"">
<br><br>
<img src=""https://image.rakuten.co.jp/seedstyle/cabinet/banner/ivent/syakentaiou_item.jpg"" width=""616"" height=""120"" border=""0"" />",スイッチ付き LED ナイトライダー ブルー11パターン 常時点灯・高速流星・ストロボ・ホタル等　30cm LED15連：シードスタイル楽天市場店,ヴェルファイアVELLFIREアルファードALPHARDVEZELヴェゼルNBOXAQUAアクアプリウスPRIUSLEDウイポジHIDドレスアップカーパーツヴォクシーVOXYノアNOAHスイッチ付き LED ナイトライダー ブルー11パターン 常時点灯・高速流星・ストロボ・ホタル等　30cm LED15連,　　。スイッチ付き LED ナイトライダー ブルー11パターン 常時点灯・高速流星・ストロボ・ホタル等　30cm LED15連[rn]
5-63963,http://tshop.r10s.jp/seedstyle/cabinet/item3/24996_1.jpg?fitin=700:700,3489.6000,,車用品・バイク用品 > カー用品 > ライト・ランプ > ネオン管,新型コントローラーレス ナイトライダー LED48連 RGB 赤 青 緑 黄 水色 白 ピンクの7色,29パターン搭載 スピード切り替え メモリー機能搭載,"<!-- おすすめテーブル -->
<TABLE border=0 cellSpacing=1 cellPadding=0 width=600 bgColor=#1f1f1f>
<TBODY>
<TR>
<TD bgColor=#ffffff>
<TABLE border=0 cellSpacing=0 cellPadding=0 width=600 class=upsale>
<TBODY>
<TR bgColor=#1f1f1f>
<TD height=24 colSpan=9><FONT 
color=#ffffff>　■パターン増強＆無線リモコン付き！新型コントローラレスナイトライダー</FONT></TD></TR>
<TR>
<TD height=10 colSpan=9></TD></TR>
<TR>
<TD width=24>&nbsp;</TD>
<TD height=96 width=128><IMG 
border=0 
src=""https://image.rakuten.co.jp/seedstyle/cabinet/item3/24986_1.jpg"" 
width=128 height=96></TD>
<TD width=12>&nbsp;</TD>
<TD height=96 width=128><IMG 
border=0 
src=""https://image.rakuten.co.jp/seedstyle/cabinet/item3/24987_1.jpg"" 
width=128 height=96></TD>
<TD width=12>&nbsp;</TD>
<TD height=96 width=128><IMG 
border=0 
src=""https://image.rakuten.co.jp/seedstyle/cabinet/item3/24988_1.jpg"" 
width=128 height=96></TD>
<TD width=12>&nbsp;</TD>
<TD height=96 width=128><IMG 
border=0 
src=""https://image.rakuten.co.jp/seedstyle/cabinet/item3/24989_1.jpg"" 
width=128 height=96></TD>
<TD width=24>&nbsp;</TD></TR>
<TR>
<TD>&nbsp;</TD>
<TD height=30 vAlign=baseline width=128>新型コントローラレスナイトライダー　ホワイト</TD>
<TD>&nbsp;</TD>
<TD height=30 vAlign=baseline width=128>新型コントローラレスナイトライダー　ブルー</TD>
<TD>&nbsp;</TD>
<TD height=30 vAlign=baseline width=128>新型コントローラレスナイトライダー　レッド</TD>
<TD>&nbsp;</TD>
<TD height=30 vAlign=baseline width=128>新型コントローラレスナイトライダー　グリーン</TD>
<TD>&nbsp;</TD></TR>
<TR>
<TD>&nbsp;</TD>
<TD height=35 vAlign=baseline width=128><B><FONT 
color=#ff0000>2,980円</FONT></B><BR>(税別)<BR><BR></TD>
<TD>&nbsp;</TD>
<TD vAlign=baseline width=128><B><FONT 
color=#ff0000>2,980円</FONT></B><BR>(税別)</TD>
<TD>&nbsp;</TD>
<TD vAlign=baseline width=128><B><FONT 
color=#ff0000>2,980円</FONT></B><BR>(税別)</TD>
<TD>&nbsp;</TD>
<TD vAlign=baseline width=128><B><FONT 
color=#ff0000>2,980円</FONT></B><BR>(税別)</TD>
<TD>&nbsp;</TD></TR>
<TR>
<TD width=24>&nbsp;</TD>
<TD height=96 width=128><IMG 
border=0 
src=""https://image.rakuten.co.jp/seedstyle/cabinet/item3/24996_1.jpg"" 
width=128 height=96></TD>
<TD width=12>&nbsp;</TD>
<TD height=96 width=128>　</TD>
<TD width=12>&nbsp;</TD>
<TD height=96 width=128>　</TD>
<TD width=12>&nbsp;</TD>
<TD height=96 width=128>　</TD>
<TD width=24>&nbsp;</TD></TR>
<TR>
<TD>&nbsp;</TD>
<TD height=30 vAlign=baseline width=128>新型コントローラレスナイトライダー　RGB</TD>
<TD>&nbsp;</TD>
<TD height=30 vAlign=baseline width=128></TD>
<TD>&nbsp;</TD>
<TD height=30 vAlign=baseline width=128></TD>
<TD>&nbsp;</TD>
<TD height=30 vAlign=baseline width=128></TD>
<TD>&nbsp;</TD></TR>
<TR>
<TD>&nbsp;</TD>
<TD height=35 vAlign=baseline width=128><B><FONT 
color=#ff0000>4,580円</FONT></B><BR>(税別)<BR><BR></TD>
<TD>&nbsp;</TD>
<TD vAlign=baseline width=128></TD>
<TD>&nbsp;</TD>
<TD vAlign=baseline width=128></TD>
<TD>&nbsp;</TD>
<TD vAlign=baseline width=128></TD>
<TD>&nbsp;</TD></TR>
<TR>
<TD height=10 colSpan=9></TD></TR></TBODY></TABLE></TD></TR></TBODY></TABLE><style type=""text/css"">
<!--

div#HeaderKeyword {
	position:absolute;
	top:80px;/*一番上からの位置*/
	left:30px;/*左端からの位置*/
}

div#HeaderKeyword span {
	background: #bf0000;
	color:#fff;
	font-weight:bold;
	padding:2px 5px;
}

div#HeaderKeyword a {
	color:#0044CC;
}

-->

/*お買い物ボタンのサイズ変更*/
input{
  font-weight:bold;
  font-size:20px;
  color:#000;
}

/*納期情報フォント変更*/
td.inventory font{font-size:12px;color:#1D54A7;}

font[size=""3""]{
   color:#1D54A7;
   font-size:12px;
}


/*買い物かごまわりナビ*/
<!--
span.unit { background: url(https://image.rakuten.co.jp/seedstyle/cabinet/navi/cartnavi2.jpg) no-repeat left top; text-indent:
-9999; display: block; width: 308; height: 464; margin:15px 0; }
-->

</style>



<div id=""HeaderKeyword"">
<span>注目のキーワード</span>
C-HR
80系 ノア VOXY エスクァイア
50系プリウス
</div>

<img src=""https://image.rakuten.co.jp/seedstyle/cabinet/banner/ivent/2017summer_bnr.jpg"" width=""688"" height=""365"" border=""0"" /><br><br>

<img src=""https://image.rakuten.co.jp/seedstyle/cabinet/banner/seedosusumetitle.jpg"" width=""730"" height=""50""><br>

<br>
<img src=""https://image.rakuten.co.jp/seedstyle/cabinet/banner/diytoolbox_bnr.jpg"" width=""730"" height=""100"" border=""0"" vspace=""7"">
<br><br>
<img src=""https://image.rakuten.co.jp/seedstyle/cabinet/banner/ivent/syakentaiou_item.jpg"" width=""616"" height=""120"" border=""0"" />",新型コントローラーレス ナイトライダー LED48連 RGB 赤 青 緑 黄 水色 白 ピンクの7色：シードスタイル楽天市場店,ヴェルファイアVELLFIREアルファードALPHARDVEZELヴェゼルNBOXAQUAアクアプリウスPRIUSLEDウイポジHIDドレスアップカーパーツヴォクシーVOXYノアNOAH新型コントローラーレス ナイトライダー LED48連 RGB 赤 青 緑 黄 水色 白 ピンクの7色,29パターン搭載 スピード切り替え メモリー機能搭載。新型コントローラーレス ナイトライダー LED48連 RGB 赤 青 緑 黄 水色 白 ピンクの7色[rn]
5-63964,http://tshop.r10s.jp/seedstyle/cabinet/item4/26608_1.jpg?fitin=700:700,2208.0000,,車用品・バイク用品 > カー用品 > ライト・ランプ > ネオン管,RGBシリコンLEDチューブキット　　30cmシリコンLEDチューブ2本/リモコン付き　　常時点灯/ストロボ点灯/ホタル点灯 機能搭載,RGBフルカラー均一発光！次世代ライトメイクに！,"RGBシリコンLEDチューブキット<br>
30cmシリコンLEDチューブ2本/リモコン付き<br>
常時点灯/ストロボ点灯/ホタル点灯 機能搭載<br>
アンダーライト ラゲッジオーディオメイク<br>
イベント用ライトメイクに
<br><br>2016年9月発売<style type=""text/css"">
<!--

div#HeaderKeyword {
	position:absolute;
	top:80px;/*一番上からの位置*/
	left:30px;/*左端からの位置*/
}

div#HeaderKeyword span {
	background: #bf0000;
	color:#fff;
	font-weight:bold;
	padding:2px 5px;
}

div#HeaderKeyword a {
	color:#0044CC;
}

-->

/*お買い物ボタンのサイズ変更*/
input{
  font-weight:bold;
  font-size:20px;
  color:#000;
}

/*納期情報フォント変更*/
td.inventory font{font-size:12px;color:#1D54A7;}

font[size=""3""]{
   color:#1D54A7;
   font-size:12px;
}


/*買い物かごまわりナビ*/
<!--
span.unit { background: url(https://image.rakuten.co.jp/seedstyle/cabinet/navi/cartnavi2.jpg) no-repeat left top; text-indent:
-9999; display: block; width: 308; height: 464; margin:15px 0; }
-->

</style>



<div id=""HeaderKeyword"">
<span>注目のキーワード</span>
C-HR
80系 ノア VOXY エスクァイア
50系プリウス
</div>

<img src=""https://image.rakuten.co.jp/seedstyle/cabinet/banner/ivent/2017summer_bnr.jpg"" width=""688"" height=""365"" border=""0"" /><br><br>

<img src=""https://image.rakuten.co.jp/seedstyle/cabinet/banner/seedosusumetitle.jpg"" width=""730"" height=""50""><br>

<br>
<img src=""https://image.rakuten.co.jp/seedstyle/cabinet/banner/diytoolbox_bnr.jpg"" width=""730"" height=""100"" border=""0"" vspace=""7"">
<br><br>
<img src=""https://image.rakuten.co.jp/seedstyle/cabinet/banner/ivent/syakentaiou_item.jpg"" width=""616"" height=""120"" border=""0"" />",RGBシリコンLEDチューブキット　　30cmシリコンLEDチューブ2本/リモコン付き　　常時点灯/ストロボ点灯/ホタル点灯 機能搭載：シードスタイル楽天市場店,ヴェルファイアVELLFIREアルファードALPHARDVEZELヴェゼルNBOXAQUAアクアプリウスPRIUSLEDウイポジHIDドレスアップカーパーツヴォクシーVOXYノアNOAHRGBシリコンLEDチューブキット　　30cmシリコンLEDチューブ2本/リモコン付き　　常時点灯/ストロボ点灯/ホタル点灯 機能搭載,RGBフルカラー均一発光！次世代ライトメイクに！。RGBシリコンLEDチューブキット　　30cmシリコンLEDチューブ2本/リモコン付き　　常時点灯/ストロボ点灯/ホタル点灯 機能搭載[rn]
5-63965,http://tshop.r10s.jp/seedstyle/cabinet/item2/23192_1.jpg?fitin=700:700,594.4000,,車用品・バイク用品 > カー用品 > ライト・ランプ > ネオン管,勝手にナイトライダーLEDテープ　　正面発光30cm LED32連  白基板 　　グリーン　1本,多彩なパターンでLED光がランダムに流れる！イベントなどに！,"<TABLE border=0 cellSpacing=1 cellPadding=0 width=600 bgColor=#1f1f1f>
<TBODY>
<TR>
<TD bgColor=#ffffff>
<TABLE border=0 cellSpacing=0 cellPadding=0 width=600 class=upsale>
<TBODY>
<TR bgColor=#1f1f1f>
          <TD height=24 colSpan=9><FONT color=#ffffff>　■勝手にナイトライダー ラインアップ</FONT></TD>
        </TR>
<TR>
<TD height=10 colSpan=9></TD></TR>
<TR>
<TD width=24>&nbsp;</TD>
<TD height=96 width=128><IMG border=0 src=""https://image.rakuten.co.jp/seedstyle/cabinet/item2/23189_1.jpg"" width=128 height=96></TD>
<TD width=12>&nbsp;</TD>
<TD height=96 width=128><IMG border=0 src=""https://image.rakuten.co.jp/seedstyle/cabinet/item2/23190_1.jpg"" width=128 height=96></TD>
<TD width=12>&nbsp;</TD>
<TD height=96 width=128><IMG border=0 src=""https://image.rakuten.co.jp/seedstyle/cabinet/item2/23191_1.jpg"" width=128 height=96></TD>
<TD width=12>&nbsp;</TD>
<TD height=96 width=128><IMG border=0 src=""https://image.rakuten.co.jp/seedstyle/cabinet/item2/23192_1.jpg"" width=128 height=96></TD>
<TD width=24>&nbsp;</TD></TR>
<TR>
<TD>&nbsp;</TD>
          <TD height=55 vAlign=baseline width=128>勝手にナイトライダーLEDテープ 
            白基盤 ホワイト</TD>
<TD>&nbsp;</TD>
          <TD height=55 vAlign=baseline width=128>勝手にナイトライダーLEDテープ 
            白基盤 ブルー</TD>
<TD>&nbsp;</TD>
          <TD height=55 vAlign=baseline width=128>勝手にナイトライダーLEDテープ 
            白基盤 レッド</TD>
<TD>&nbsp;</TD>
          <TD height=55 vAlign=baseline width=128>勝手にナイトライダーLEDテープ 
            黒基盤 グリーン</TD>
<TD>&nbsp;</TD></TR>
<TR>
<TD>&nbsp;</TD>
<TD height=35 vAlign=baseline width=128><B><FONT color=#ff0000>780円</FONT></B><BR>(税別)<BR><BR></TD>
<TD>&nbsp;</TD>
<TD vAlign=baseline width=128><B><FONT color=#ff0000>780円</FONT></B><BR>(税別)</TD>
<TD>&nbsp;</TD>
<TD vAlign=baseline width=128><B><FONT color=#ff0000>780円</FONT></B><BR>(税別)</TD>
<TD>&nbsp;</TD>
<TD vAlign=baseline width=128><B><FONT color=#ff0000>780円</FONT></B><BR>(税別)</TD>
<TD>&nbsp;</TD></TR>
<TR>
<TD width=24>&nbsp;</TD>
<TD height=96 width=128><IMG border=0 src=""https://image.rakuten.co.jp/seedstyle/cabinet/item2/22865_1.jpg"" width=128 height=96></TD>
<TD width=12>&nbsp;</TD>
<TD height=96 width=128><IMG border=0 src=""https://image.rakuten.co.jp/seedstyle/cabinet/item2/22866_1.jpg"" width=128 height=96></TD>
<TD width=12>&nbsp;</TD>
<TD height=96 width=128><IMG border=0 src=""https://image.rakuten.co.jp/seedstyle/cabinet/item2/22867_1.jpg"" width=128 height=96></TD>
<TD width=12>&nbsp;</TD>
<TD height=96 width=128>&nbsp;</TD>
<TD width=24>&nbsp;</TD></TR>
<TR>
<TD>&nbsp;</TD>
<TD height=55 vAlign=baseline width=128>勝手にナイトライダーLEDテープ 黒基盤 ホワイト</TD>
<TD>&nbsp;</TD>
          <TD height=55 vAlign=baseline width=128>勝手にナイトライダーLEDテープ 
            黒基盤 ブルー</TD>
<TD>&nbsp;</TD>
          <TD height=55 vAlign=baseline width=128>勝手にナイトライダーLEDテープ 
            黒基盤 レッド</TD>
<TD>&nbsp;</TD>
<TD height=55 vAlign=baseline width=128>&nbsp;</TD>
<TD>&nbsp;</TD></TR>
<TR>
<TD>&nbsp;</TD>
<TD height=35 vAlign=baseline width=128><B><FONT color=#ff0000>780円</FONT></B><BR>(税別)</TD>
<TD>&nbsp;</TD>
<TD vAlign=baseline width=128><B><FONT color=#ff0000>780円</FONT></B><BR>(税別)</TD>
<TD>&nbsp;</TD>
<TD vAlign=baseline width=128><B><FONT color=#ff0000>780円</FONT></B><BR>(税別)</TD>
<TD>&nbsp;</TD>
<TD vAlign=baseline width=128>&nbsp;</TD>
<TD>&nbsp;</TD></TR>
<TR>
<TD height=10 colSpan=9></TD></TR></TBODY></TABLE></TD></TR></TBODY></TABLE><style type=""text/css"">
<!--

div#HeaderKeyword {
	position:absolute;
	top:80px;/*一番上からの位置*/
	left:30px;/*左端からの位置*/
}

div#HeaderKeyword span {
	background: #bf0000;
	color:#fff;
	font-weight:bold;
	padding:2px 5px;
}

div#HeaderKeyword a {
	color:#0044CC;
}

-->

/*お買い物ボタンのサイズ変更*/
input{
  font-weight:bold;
  font-size:20px;
  color:#000;
}

/*納期情報フォント変更*/
td.inventory font{font-size:12px;color:#1D54A7;}

font[size=""3""]{
   color:#1D54A7;
   font-size:12px;
}


/*買い物かごまわりナビ*/
<!--
span.unit { background: url(https://image.rakuten.co.jp/seedstyle/cabinet/navi/cartnavi2.jpg) no-repeat left top; text-indent:
-9999; display: block; width: 308; height: 464; margin:15px 0; }
-->

</style>



<div id=""HeaderKeyword"">
<span>注目のキーワード</span>
C-HR
80系 ノア VOXY エスクァイア
50系プリウス
</div>

<img src=""https://image.rakuten.co.jp/seedstyle/cabinet/banner/ivent/2017summer_bnr.jpg"" width=""688"" height=""365"" border=""0"" /><br><br>

<img src=""https://image.rakuten.co.jp/seedstyle/cabinet/banner/seedosusumetitle.jpg"" width=""730"" height=""50""><br>

<br>
<img src=""https://image.rakuten.co.jp/seedstyle/cabinet/banner/diytoolbox_bnr.jpg"" width=""730"" height=""100"" border=""0"" vspace=""7"">
<br><br>
<img src=""https://image.rakuten.co.jp/seedstyle/cabinet/banner/ivent/syakentaiou_item.jpg"" width=""616"" height=""120"" border=""0"" />",勝手にナイトライダーLEDテープ　　正面発光30cm LED32連  白基板 　　グリーン　1本：シードスタイル楽天市場店,ヴェルファイアVELLFIREアルファードALPHARDVEZELヴェゼルNBOXAQUAアクアプリウスPRIUSLEDウイポジHIDドレスアップカーパーツヴォクシーVOXYノアNOAH勝手にナイトライダーLEDテープ　　正面発光30cm LED32連  白基板 　　グリーン　1本,多彩なパターンでLED光がランダムに流れる！イベントなどに！。勝手にナイトライダーLEDテープ　　正面発光30cm LED32連  白基板 　　グリーン　1本[rn]
5-63966,http://tshop.r10s.jp/seedstyle/cabinet/item2/24986_1.jpg?fitin=700:700,2208.0000,,車用品・バイク用品 > カー用品 > ライト・ランプ > ネオン管,コントローラーレス　フレキシブルナイトライダー　　55cm LED48連　　ホワイト,曲げてOKのベンディング仕様！点灯パターン多数！,"コントローラーレス　フレキシブルナイトライダー<br>55cm LED48連　ホワイト<br><br>
2016年2月発売

<br><br>

<TABLE border=0 cellSpacing=1 cellPadding=0 width=600 bgColor=#1f1f1f>
<TBODY>
<TR>
<TD bgColor=#ffffff>
<TABLE border=0 cellSpacing=0 cellPadding=0 width=600 class=""upsale"" >
<TBODY>
<TR bgColor=#1f1f1f>
          <TD height=24 colSpan=9><FONT 
color=#ffffff>　■曲げてＯＫのベンディング仕様！フレキシブルナイトライダー</FONT></TD>
        </TR>
<TR>
<TD height=10 colSpan=9></TD></TR>
<TR>
<TD width=24>&nbsp;</TD>
<TD height=96 width=128><IMG 
border=0 
src=""https://image.rakuten.co.jp/seedstyle/cabinet/item2/24986_1.jpg"" 
width=128 height=96></TD>
<TD width=12>&nbsp;</TD>
<TD height=96 width=128><IMG 
border=0 
src=""https://image.rakuten.co.jp/seedstyle/cabinet/item2/24987_1.jpg"" 
width=128 height=96></TD>
<TD width=12>&nbsp;</TD>
<TD height=96 width=128><IMG 
border=0 
src=""https://image.rakuten.co.jp/seedstyle/cabinet/item2/24988_1.jpg"" 
width=128 height=96></TD>
<TD width=12>&nbsp;</TD>
<TD height=96 width=128></TD>
<TD width=24>&nbsp;</TD></TR>
<TR>
<TD>&nbsp;</TD>
          <TD height=55 vAlign=baseline width=128>コントローラレス フレキシブルナイトライダー　ホワイト</TD>
<TD>&nbsp;</TD>
<TD height=55 vAlign=baseline width=128>コントローラレス フレキシブルナイトライダー　ブルー</TD>
<TD>&nbsp;</TD>
<TD height=55 vAlign=baseline width=128>コントローラレス フレキシブルナイトライダー　レッド</TD>
<TD>&nbsp;</TD>
<TD height=55 vAlign=baseline width=128></TD>
<TD>&nbsp;</TD></TR>

<TR>
  <TD height=10 colSpan=9></TD></TR></TBODY></TABLE></TD></TR></TBODY></TABLE><style type=""text/css"">
<!--

div#HeaderKeyword {
	position:absolute;
	top:80px;/*一番上からの位置*/
	left:30px;/*左端からの位置*/
}

div#HeaderKeyword span {
	background: #bf0000;
	color:#fff;
	font-weight:bold;
	padding:2px 5px;
}

div#HeaderKeyword a {
	color:#0044CC;
}

-->

/*お買い物ボタンのサイズ変更*/
input{
  font-weight:bold;
  font-size:20px;
  color:#000;
}

/*納期情報フォント変更*/
td.inventory font{font-size:12px;color:#1D54A7;}

font[size=""3""]{
   color:#1D54A7;
   font-size:12px;
}


/*買い物かごまわりナビ*/
<!--
span.unit { background: url(https://image.rakuten.co.jp/seedstyle/cabinet/navi/cartnavi2.jpg) no-repeat left top; text-indent:
-9999; display: block; width: 308; height: 464; margin:15px 0; }
-->

</style>



<div id=""HeaderKeyword"">
<span>注目のキーワード</span>
C-HR
80系 ノア VOXY エスクァイア
50系プリウス
</div>

<img src=""https://image.rakuten.co.jp/seedstyle/cabinet/banner/ivent/2017summer_bnr.jpg"" width=""688"" height=""365"" border=""0"" /><br><br>

<img src=""https://image.rakuten.co.jp/seedstyle/cabinet/banner/seedosusumetitle.jpg"" width=""730"" height=""50""><br>

<br>
<img src=""https://image.rakuten.co.jp/seedstyle/cabinet/banner/diytoolbox_bnr.jpg"" width=""730"" height=""100"" border=""0"" vspace=""7"">
<br><br>
<img src=""https://image.rakuten.co.jp/seedstyle/cabinet/banner/ivent/syakentaiou_item.jpg"" width=""616"" height=""120"" border=""0"" />",コントローラーレス　フレキシブルナイトライダー　　55cm LED48連　　ホワイト：シードスタイル楽天市場店,ヴェルファイアVELLFIREアルファードALPHARDVEZELヴェゼルNBOXAQUAアクアプリウスPRIUSLEDウイポジHIDドレスアップカーパーツヴォクシーVOXYノアNOAHコントローラーレス　フレキシブルナイトライダー　　55cm LED48連　　ホワイト,曲げてOKのベンディング仕様！点灯パターン多数！。コントローラーレス　フレキシブルナイトライダー　　55cm LED48連　　ホワイト[rn]
5-63967,http://tshop.r10s.jp/seedstyle/cabinet/item2/24987_1.jpg?fitin=700:700,2208.0000,,車用品・バイク用品 > カー用品 > ライト・ランプ > ネオン管,コントローラーレス　フレキシブルナイトライダー　　55cm LED48連　　ブルー,曲げてOKのベンディング仕様！点灯パターン多数！,"コントローラーレス　フレキシブルナイトライダー<br>55cm LED48連　ブルー<br><br>
2016年2月発売

<br><br>

<TABLE border=0 cellSpacing=1 cellPadding=0 width=600 bgColor=#1f1f1f>
<TBODY>
<TR>
<TD bgColor=#ffffff>
<TABLE border=0 cellSpacing=0 cellPadding=0 width=600 class=""upsale"" >
<TBODY>
<TR bgColor=#1f1f1f>
          <TD height=24 colSpan=9><FONT 
color=#ffffff>　■曲げてＯＫのベンディング仕様！フレキシブルナイトライダー</FONT></TD>
        </TR>
<TR>
<TD height=10 colSpan=9></TD></TR>
<TR>
<TD width=24>&nbsp;</TD>
<TD height=96 width=128><IMG 
border=0 
src=""https://image.rakuten.co.jp/seedstyle/cabinet/item2/24986_1.jpg"" 
width=128 height=96></TD>
<TD width=12>&nbsp;</TD>
<TD height=96 width=128><IMG 
border=0 
src=""https://image.rakuten.co.jp/seedstyle/cabinet/item2/24987_1.jpg"" 
width=128 height=96></TD>
<TD width=12>&nbsp;</TD>
<TD height=96 width=128><IMG 
border=0 
src=""https://image.rakuten.co.jp/seedstyle/cabinet/item2/24988_1.jpg"" 
width=128 height=96></TD>
<TD width=12>&nbsp;</TD>
<TD height=96 width=128></TD>
<TD width=24>&nbsp;</TD></TR>
<TR>
<TD>&nbsp;</TD>
          <TD height=55 vAlign=baseline width=128>コントローラレス フレキシブルナイトライダー　ホワイト</TD>
<TD>&nbsp;</TD>
<TD height=55 vAlign=baseline width=128>コントローラレス フレキシブルナイトライダー　ブルー</TD>
<TD>&nbsp;</TD>
<TD height=55 vAlign=baseline width=128>コントローラレス フレキシブルナイトライダー　レッド</TD>
<TD>&nbsp;</TD>
<TD height=55 vAlign=baseline width=128></TD>
<TD>&nbsp;</TD></TR>

<TR>
  <TD height=10 colSpan=9></TD></TR></TBODY></TABLE></TD></TR></TBODY></TABLE><style type=""text/css"">
<!--

div#HeaderKeyword {
	position:absolute;
	top:80px;/*一番上からの位置*/
	left:30px;/*左端からの位置*/
}

div#HeaderKeyword span {
	background: #bf0000;
	color:#fff;
	font-weight:bold;
	padding:2px 5px;
}

div#HeaderKeyword a {
	color:#0044CC;
}

-->

/*お買い物ボタンのサイズ変更*/
input{
  font-weight:bold;
  font-size:20px;
  color:#000;
}

/*納期情報フォント変更*/
td.inventory font{font-size:12px;color:#1D54A7;}

font[size=""3""]{
   color:#1D54A7;
   font-size:12px;
}


/*買い物かごまわりナビ*/
<!--
span.unit { background: url(https://image.rakuten.co.jp/seedstyle/cabinet/navi/cartnavi2.jpg) no-repeat left top; text-indent:
-9999; display: block; width: 308; height: 464; margin:15px 0; }
-->

</style>



<div id=""HeaderKeyword"">
<span>注目のキーワード</span>
C-HR
80系 ノア VOXY エスクァイア
50系プリウス
</div>

<img src=""https://image.rakuten.co.jp/seedstyle/cabinet/banner/ivent/2017summer_bnr.jpg"" width=""688"" height=""365"" border=""0"" /><br><br>

<img src=""https://image.rakuten.co.jp/seedstyle/cabinet/banner/seedosusumetitle.jpg"" width=""730"" height=""50""><br>

<br>
<img src=""https://image.rakuten.co.jp/seedstyle/cabinet/banner/diytoolbox_bnr.jpg"" width=""730"" height=""100"" border=""0"" vspace=""7"">
<br><br>
<img src=""https://image.rakuten.co.jp/seedstyle/cabinet/banner/ivent/syakentaiou_item.jpg"" width=""616"" height=""120"" border=""0"" />",コントローラーレス　フレキシブルナイトライダー　　55cm LED48連　　ブルー：シードスタイル楽天市場店,ヴェルファイアVELLFIREアルファードALPHARDVEZELヴェゼルNBOXAQUAアクアプリウスPRIUSLEDウイポジHIDドレスアップカーパーツヴォクシーVOXYノアNOAHコントローラーレス　フレキシブルナイトライダー　　55cm LED48連　　ブルー,曲げてOKのベンディング仕様！点灯パターン多数！。コントローラーレス　フレキシブルナイトライダー　　55cm LED48連　　ブルー[rn]
5-63968,http://tshop.r10s.jp/seedstyle/cabinet/24670_1.jpg?fitin=700:700,1128.0000,,車用品・バイク用品 > カー用品 > ライト・ランプ > ネオン管,スイッチ付きミニナイトライダー　　30cm LED15連　　ホワイト,LED点灯パターンをスイッチ切り替え！,"<TABLE border=0 cellSpacing=1 cellPadding=0 width=600 bgColor=#1f1f1f>
<TBODY>
<TR>
<TD bgColor=#ffffff>
<TABLE border=0 cellSpacing=0 cellPadding=0 width=600 class=""upsale"">
<TBODY>
<TR bgColor=#1f1f1f>
<TD height=24 colSpan=9><FONT color=#ffffff>　■11パターン切り替え！スイッチ付きミニナイトライダー </FONT></TD></TR>
<TR>
<TD height=10 colSpan=9></TD></TR>
<TR>
<TD width=24>&nbsp;</TD>
<TD height=96 width=128><IMG border=0 src=""https://image.rakuten.co.jp/seedstyle/cabinet/24670_1.jpg"" width=128 height=96></TD>
<TD width=12>&nbsp;</TD>
<TD height=96 width=128><IMG border=0 src=""https://image.rakuten.co.jp/seedstyle/cabinet/24671_1.jpg"" width=128 height=96></TD>
<TD width=12>&nbsp;</TD>
<TD height=96 width=128><IMG border=0 src=""https://image.rakuten.co.jp/seedstyle/cabinet/24672_1.jpg"" width=128 height=96></TD>
<TD width=12>&nbsp;</TD>
<TD height=96 width=128></TD>
<TD width=24>&nbsp;</TD></TR>
<TR>
<TD>&nbsp;</TD>
<TD height=55 vAlign=baseline width=128>11パターン点灯切り替え！スイッチ付きミニナイトライダー　30cm15連　ホワイト</TD>
<TD>&nbsp;</TD>
<TD height=55 vAlign=baseline width=128>11パターン点灯切り替え！スイッチ付きミニナイトライダー　30cm15連　ブルー</TD>
<TD>&nbsp;</TD>
<TD height=55 vAlign=baseline width=128>11パターン点灯切り替え！スイッチ付きミニナイトライダー　30cm15連　レッド</TD>
<TD>&nbsp;</TD>
<TD height=55 vAlign=baseline width=128></TD>
<TD>&nbsp;</TD></TR>
<TR>
<TD>&nbsp;</TD>
<TD height=35 vAlign=baseline width=128><B><FONT color=#ff0000>1,480円</FONT></B><BR>(税別)</TD>
<TD>&nbsp;</TD>
<TD vAlign=baseline width=128><B><FONT color=#ff0000>1,480円</FONT></B><BR>(税別)</TD>
<TD>&nbsp;</TD>
<TD vAlign=baseline width=128><B><FONT color=#ff0000>1,480円</FONT></B><BR>(税別)</TD>
<TD>&nbsp;</TD>
<TD vAlign=baseline width=128></TD>
<TD>&nbsp;</TD></TR>
<TR>
<TD height=10 colSpan=9></TD></TR></TBODY></TABLE></TD></TR></TBODY></TABLE><style type=""text/css"">
<!--

div#HeaderKeyword {
	position:absolute;
	top:80px;/*一番上からの位置*/
	left:30px;/*左端からの位置*/
}

div#HeaderKeyword span {
	background: #bf0000;
	color:#fff;
	font-weight:bold;
	padding:2px 5px;
}

div#HeaderKeyword a {
	color:#0044CC;
}

-->

/*お買い物ボタンのサイズ変更*/
input{
  font-weight:bold;
  font-size:20px;
  color:#000;
}

/*納期情報フォント変更*/
td.inventory font{font-size:12px;color:#1D54A7;}

font[size=""3""]{
   color:#1D54A7;
   font-size:12px;
}


/*買い物かごまわりナビ*/
<!--
span.unit { background: url(https://image.rakuten.co.jp/seedstyle/cabinet/navi/cartnavi2.jpg) no-repeat left top; text-indent:
-9999; display: block; width: 308; height: 464; margin:15px 0; }
-->

</style>



<div id=""HeaderKeyword"">
<span>注目のキーワード</span>
C-HR
80系 ノア VOXY エスクァイア
50系プリウス
</div>

<img src=""https://image.rakuten.co.jp/seedstyle/cabinet/banner/ivent/2017summer_bnr.jpg"" width=""688"" height=""365"" border=""0"" /><br><br>

<img src=""https://image.rakuten.co.jp/seedstyle/cabinet/banner/seedosusumetitle.jpg"" width=""730"" height=""50""><br>

<br>
<img src=""https://image.rakuten.co.jp/seedstyle/cabinet/banner/diytoolbox_bnr.jpg"" width=""730"" height=""100"" border=""0"" vspace=""7"">
<br><br>
<img src=""https://image.rakuten.co.jp/seedstyle/cabinet/banner/ivent/syakentaiou_item.jpg"" width=""616"" height=""120"" border=""0"" />",スイッチ付きミニナイトライダー　　30cm LED15連　　ホワイト：シードスタイル楽天市場店,ヴェルファイアVELLFIREアルファードALPHARDVEZELヴェゼルNBOXAQUAアクアプリウスPRIUSLEDウイポジHIDドレスアップカーパーツヴォクシーVOXYノアNOAHスイッチ付きミニナイトライダー　　30cm LED15連　　ホワイト,LED点灯パターンをスイッチ切り替え！。スイッチ付きミニナイトライダー　　30cm LED15連　　ホワイト[rn]
5-63969,http://tshop.r10s.jp/seedstyle/cabinet/item2/24988_1.jpg?fitin=700:700,2208.0000,,車用品・バイク用品 > カー用品 > ライト・ランプ > ネオン管,コントローラーレス　フレキシブルナイトライダー　　55cm LED48連　　レッド,曲げてOKのベンディング仕様！点灯パターン多数！,"コントローラーレス　フレキシブルナイトライダー<br>55cm LED48連　レッド<br><br>
2016年2月発売

<br><br>

<TABLE border=0 cellSpacing=1 cellPadding=0 width=600 bgColor=#1f1f1f>
<TBODY>
<TR>
<TD bgColor=#ffffff>
<TABLE border=0 cellSpacing=0 cellPadding=0 width=600 class=""upsale"" >
<TBODY>
<TR bgColor=#1f1f1f>
          <TD height=24 colSpan=9><FONT 
color=#ffffff>　■曲げてＯＫのベンディング仕様！フレキシブルナイトライダー</FONT></TD>
        </TR>
<TR>
<TD height=10 colSpan=9></TD></TR>
<TR>
<TD width=24>&nbsp;</TD>
<TD height=96 width=128><IMG 
border=0 
src=""https://image.rakuten.co.jp/seedstyle/cabinet/item2/24986_1.jpg"" 
width=128 height=96></TD>
<TD width=12>&nbsp;</TD>
<TD height=96 width=128><IMG 
border=0 
src=""https://image.rakuten.co.jp/seedstyle/cabinet/item2/24987_1.jpg"" 
width=128 height=96></TD>
<TD width=12>&nbsp;</TD>
<TD height=96 width=128><IMG 
border=0 
src=""https://image.rakuten.co.jp/seedstyle/cabinet/item2/24988_1.jpg"" 
width=128 height=96></TD>
<TD width=12>&nbsp;</TD>
<TD height=96 width=128></TD>
<TD width=24>&nbsp;</TD></TR>
<TR>
<TD>&nbsp;</TD>
          <TD height=55 vAlign=baseline width=128>コントローラレス フレキシブルナイトライダー　ホワイト</TD>
<TD>&nbsp;</TD>
<TD height=55 vAlign=baseline width=128>コントローラレス フレキシブルナイトライダー　ブルー</TD>
<TD>&nbsp;</TD>
<TD height=55 vAlign=baseline width=128>コントローラレス フレキシブルナイトライダー　レッド</TD>
<TD>&nbsp;</TD>
<TD height=55 vAlign=baseline width=128></TD>
<TD>&nbsp;</TD></TR>

<TR>
  <TD height=10 colSpan=9></TD></TR></TBODY></TABLE></TD></TR></TBODY></TABLE><style type=""text/css"">
<!--

div#HeaderKeyword {
	position:absolute;
	top:80px;/*一番上からの位置*/
	left:30px;/*左端からの位置*/
}

div#HeaderKeyword span {
	background: #bf0000;
	color:#fff;
	font-weight:bold;
	padding:2px 5px;
}

div#HeaderKeyword a {
	color:#0044CC;
}

-->

/*お買い物ボタンのサイズ変更*/
input{
  font-weight:bold;
  font-size:20px;
  color:#000;
}

/*納期情報フォント変更*/
td.inventory font{font-size:12px;color:#1D54A7;}

font[size=""3""]{
   color:#1D54A7;
   font-size:12px;
}


/*買い物かごまわりナビ*/
<!--
span.unit { background: url(https://image.rakuten.co.jp/seedstyle/cabinet/navi/cartnavi2.jpg) no-repeat left top; text-indent:
-9999; display: block; width: 308; height: 464; margin:15px 0; }
-->

</style>



<div id=""HeaderKeyword"">
<span>注目のキーワード</span>
C-HR
80系 ノア VOXY エスクァイア
50系プリウス
</div>

<img src=""https://image.rakuten.co.jp/seedstyle/cabinet/banner/ivent/2017summer_bnr.jpg"" width=""688"" height=""365"" border=""0"" /><br><br>

<img src=""https://image.rakuten.co.jp/seedstyle/cabinet/banner/seedosusumetitle.jpg"" width=""730"" height=""50""><br>

<br>
<img src=""https://image.rakuten.co.jp/seedstyle/cabinet/banner/diytoolbox_bnr.jpg"" width=""730"" height=""100"" border=""0"" vspace=""7"">
<br><br>
<img src=""https://image.rakuten.co.jp/seedstyle/cabinet/banner/ivent/syakentaiou_item.jpg"" width=""616"" height=""120"" border=""0"" />",コントローラーレス　フレキシブルナイトライダー　　55cm LED48連　　レッド：シードスタイル楽天市場店,ヴェルファイアVELLFIREアルファードALPHARDVEZELヴェゼルNBOXAQUAアクアプリウスPRIUSLEDウイポジHIDドレスアップカーパーツヴォクシーVOXYノアNOAHコントローラーレス　フレキシブルナイトライダー　　55cm LED48連　　レッド,曲げてOKのベンディング仕様！点灯パターン多数！。コントローラーレス　フレキシブルナイトライダー　　55cm LED48連　　レッド[rn]
5-63970,http://tshop.r10s.jp/seedstyle/cabinet/item2/22866_1.jpg?fitin=700:700,594.4000,,車用品・バイク用品 > カー用品 > ライト・ランプ > ネオン管,勝手にナイトライダーLEDテープ　　正面発光30cm LED32連  黒基板 　　青　1本,多彩なパターンでLED光がランダムに流れる！イベントなどに！,"<TABLE border=0 cellSpacing=1 cellPadding=0 width=600 bgColor=#1f1f1f>
<TBODY>
<TR>
<TD bgColor=#ffffff>
<TABLE border=0 cellSpacing=0 cellPadding=0 width=600 class=upsale>
<TBODY>
<TR bgColor=#1f1f1f>
          <TD height=24 colSpan=9><FONT color=#ffffff>　■勝手にナイトライダー ラインアップ</FONT></TD>
        </TR>
<TR>
<TD height=10 colSpan=9></TD></TR>
<TR>
<TD width=24>&nbsp;</TD>
<TD height=96 width=128><IMG border=0 src=""https://image.rakuten.co.jp/seedstyle/cabinet/item2/23189_1.jpg"" width=128 height=96></TD>
<TD width=12>&nbsp;</TD>
<TD height=96 width=128><IMG border=0 src=""https://image.rakuten.co.jp/seedstyle/cabinet/item2/23190_1.jpg"" width=128 height=96></TD>
<TD width=12>&nbsp;</TD>
<TD height=96 width=128><IMG border=0 src=""https://image.rakuten.co.jp/seedstyle/cabinet/item2/23191_1.jpg"" width=128 height=96></TD>
<TD width=12>&nbsp;</TD>
<TD height=96 width=128><IMG border=0 src=""https://image.rakuten.co.jp/seedstyle/cabinet/item2/23192_1.jpg"" width=128 height=96></TD>
<TD width=24>&nbsp;</TD></TR>
<TR>
<TD>&nbsp;</TD>
          <TD height=55 vAlign=baseline width=128>勝手にナイトライダーLEDテープ 
            白基盤 ホワイト</TD>
<TD>&nbsp;</TD>
          <TD height=55 vAlign=baseline width=128>勝手にナイトライダーLEDテープ 
            白基盤 ブルー</TD>
<TD>&nbsp;</TD>
          <TD height=55 vAlign=baseline width=128>勝手にナイトライダーLEDテープ 
            白基盤 レッド</TD>
<TD>&nbsp;</TD>
          <TD height=55 vAlign=baseline width=128>勝手にナイトライダーLEDテープ 
            白基盤 グリーン</TD>
<TD>&nbsp;</TD></TR>
<TR>
<TD>&nbsp;</TD>
<TD height=35 vAlign=baseline width=128><B><FONT color=#ff0000>780円</FONT></B><BR>(税別)<BR><BR></TD>
<TD>&nbsp;</TD>
<TD vAlign=baseline width=128><B><FONT color=#ff0000>780円</FONT></B><BR>(税別)</TD>
<TD>&nbsp;</TD>
<TD vAlign=baseline width=128><B><FONT color=#ff0000>780円</FONT></B><BR>(税別)</TD>
<TD>&nbsp;</TD>
<TD vAlign=baseline width=128><B><FONT color=#ff0000>780円</FONT></B><BR>(税別)</TD>
<TD>&nbsp;</TD></TR>
<TR>
<TD width=24>&nbsp;</TD>
<TD height=96 width=128><IMG border=0 src=""https://image.rakuten.co.jp/seedstyle/cabinet/item2/22865_1.jpg"" width=128 height=96></TD>
<TD width=12>&nbsp;</TD>
<TD height=96 width=128><IMG border=0 src=""https://image.rakuten.co.jp/seedstyle/cabinet/item2/22866_1.jpg"" width=128 height=96></TD>
<TD width=12>&nbsp;</TD>
<TD height=96 width=128><IMG border=0 src=""https://image.rakuten.co.jp/seedstyle/cabinet/item2/22867_1.jpg"" width=128 height=96></TD>
<TD width=12>&nbsp;</TD>
<TD height=96 width=128>&nbsp;</TD>
<TD width=24>&nbsp;</TD></TR>
<TR>
<TD>&nbsp;</TD>
<TD height=55 vAlign=baseline width=128>勝手にナイトライダーLEDテープ 黒基盤 ホワイト</TD>
<TD>&nbsp;</TD>
          <TD height=55 vAlign=baseline width=128>勝手にナイトライダーLEDテープ 
            黒基盤 ブルー</TD>
<TD>&nbsp;</TD>
          <TD height=55 vAlign=baseline width=128>勝手にナイトライダーLEDテープ 
            黒基盤 レッド</TD>
<TD>&nbsp;</TD>
<TD height=55 vAlign=baseline width=128>&nbsp;</TD>
<TD>&nbsp;</TD></TR>
<TR>
<TD>&nbsp;</TD>
<TD height=35 vAlign=baseline width=128><B><FONT color=#ff0000>780円</FONT></B><BR>(税別)</TD>
<TD>&nbsp;</TD>
<TD vAlign=baseline width=128><B><FONT color=#ff0000>780円</FONT></B><BR>(税別)</TD>
<TD>&nbsp;</TD>
<TD vAlign=baseline width=128><B><FONT color=#ff0000>780円</FONT></B><BR>(税別)</TD>
<TD>&nbsp;</TD>
<TD vAlign=baseline width=128>&nbsp;</TD>
<TD>&nbsp;</TD></TR>
<TR>
<TD height=10 colSpan=9></TD></TR></TBODY></TABLE></TD></TR></TBODY></TABLE><style type=""text/css"">
<!--

div#HeaderKeyword {
	position:absolute;
	top:80px;/*一番上からの位置*/
	left:30px;/*左端からの位置*/
}

div#HeaderKeyword span {
	background: #bf0000;
	color:#fff;
	font-weight:bold;
	padding:2px 5px;
}

div#HeaderKeyword a {
	color:#0044CC;
}

-->

/*お買い物ボタンのサイズ変更*/
input{
  font-weight:bold;
  font-size:20px;
  color:#000;
}

/*納期情報フォント変更*/
td.inventory font{font-size:12px;color:#1D54A7;}

font[size=""3""]{
   color:#1D54A7;
   font-size:12px;
}


/*買い物かごまわりナビ*/
<!--
span.unit { background: url(https://image.rakuten.co.jp/seedstyle/cabinet/navi/cartnavi2.jpg) no-repeat left top; text-indent:
-9999; display: block; width: 308; height: 464; margin:15px 0; }
-->

</style>



<div id=""HeaderKeyword"">
<span>注目のキーワード</span>
C-HR
80系 ノア VOXY エスクァイア
50系プリウス
</div>

<img src=""https://image.rakuten.co.jp/seedstyle/cabinet/banner/ivent/2017summer_bnr.jpg"" width=""688"" height=""365"" border=""0"" /><br><br>

<img src=""https://image.rakuten.co.jp/seedstyle/cabinet/banner/seedosusumetitle.jpg"" width=""730"" height=""50""><br>

<br>
<img src=""https://image.rakuten.co.jp/seedstyle/cabinet/banner/diytoolbox_bnr.jpg"" width=""730"" height=""100"" border=""0"" vspace=""7"">
<br><br>
<img src=""https://image.rakuten.co.jp/seedstyle/cabinet/banner/ivent/syakentaiou_item.jpg"" width=""616"" height=""120"" border=""0"" />",勝手にナイトライダーLEDテープ　　正面発光30cm LED32連  黒基板 　　青　1本：シードスタイル楽天市場店,ヴェルファイアVELLFIREアルファードALPHARDVEZELヴェゼルNBOXAQUAアクアプリウスPRIUSLEDウイポジHIDドレスアップカーパーツヴォクシーVOXYノアNOAH勝手にナイトライダーLEDテープ　　正面発光30cm LED32連  黒基板 　　青　1本,多彩なパターンでLED光がランダムに流れる！イベントなどに！。勝手にナイトライダーLEDテープ　　正面発光30cm LED32連  黒基板 　　青　1本[rn]
5-63971,http://tshop.r10s.jp/seedstyle/cabinet/item2/22865_1.jpg?fitin=700:700,594.4000,,車用品・バイク用品 > カー用品 > ライト・ランプ > ネオン管,勝手にナイトライダーLEDテープ　　正面発光30cm LED32連  黒基板 　　白　1本,多彩なパターンでLED光がランダムに流れる！イベントなどに！,"<TABLE border=0 cellSpacing=1 cellPadding=0 width=600 bgColor=#1f1f1f>
<TBODY>
<TR>
<TD bgColor=#ffffff>
<TABLE border=0 cellSpacing=0 cellPadding=0 width=600 class=upsale>
<TBODY>
<TR bgColor=#1f1f1f>
          <TD height=24 colSpan=9><FONT color=#ffffff>　■勝手にナイトライダー ラインアップ</FONT></TD>
        </TR>
<TR>
<TD height=10 colSpan=9></TD></TR>
<TR>
<TD width=24>&nbsp;</TD>
<TD height=96 width=128><IMG border=0 src=""https://image.rakuten.co.jp/seedstyle/cabinet/item2/23189_1.jpg"" width=128 height=96></TD>
<TD width=12>&nbsp;</TD>
<TD height=96 width=128><IMG border=0 src=""https://image.rakuten.co.jp/seedstyle/cabinet/item2/23190_1.jpg"" width=128 height=96></TD>
<TD width=12>&nbsp;</TD>
<TD height=96 width=128><IMG border=0 src=""https://image.rakuten.co.jp/seedstyle/cabinet/item2/23191_1.jpg"" width=128 height=96></TD>
<TD width=12>&nbsp;</TD>
<TD height=96 width=128><IMG border=0 src=""https://image.rakuten.co.jp/seedstyle/cabinet/item2/23192_1.jpg"" width=128 height=96></TD>
<TD width=24>&nbsp;</TD></TR>
<TR>
<TD>&nbsp;</TD>
          <TD height=55 vAlign=baseline width=128>勝手にナイトライダーLEDテープ 
            白基盤 ホワイト</TD>
<TD>&nbsp;</TD>
          <TD height=55 vAlign=baseline width=128>勝手にナイトライダーLEDテープ 
            白基盤 ブルー</TD>
<TD>&nbsp;</TD>
          <TD height=55 vAlign=baseline width=128>勝手にナイトライダーLEDテープ 
            白基盤 レッド</TD>
<TD>&nbsp;</TD>
          <TD height=55 vAlign=baseline width=128>勝手にナイトライダーLEDテープ 
            白基盤 グリーン</TD>
<TD>&nbsp;</TD></TR>
<TR>
<TD>&nbsp;</TD>
<TD height=35 vAlign=baseline width=128><B><FONT color=#ff0000>780円</FONT></B><BR>(税別)<BR><BR></TD>
<TD>&nbsp;</TD>
<TD vAlign=baseline width=128><B><FONT color=#ff0000>780円</FONT></B><BR>(税別)</TD>
<TD>&nbsp;</TD>
<TD vAlign=baseline width=128><B><FONT color=#ff0000>780円</FONT></B><BR>(税別)</TD>
<TD>&nbsp;</TD>
<TD vAlign=baseline width=128><B><FONT color=#ff0000>780円</FONT></B><BR>(税別)</TD>
<TD>&nbsp;</TD></TR>
<TR>
<TD width=24>&nbsp;</TD>
<TD height=96 width=128><IMG border=0 src=""https://image.rakuten.co.jp/seedstyle/cabinet/item2/22865_1.jpg"" width=128 height=96></TD>
<TD width=12>&nbsp;</TD>
<TD height=96 width=128><IMG border=0 src=""https://image.rakuten.co.jp/seedstyle/cabinet/item2/22866_1.jpg"" width=128 height=96></TD>
<TD width=12>&nbsp;</TD>
<TD height=96 width=128><IMG border=0 src=""https://image.rakuten.co.jp/seedstyle/cabinet/item2/22867_1.jpg"" width=128 height=96></TD>
<TD width=12>&nbsp;</TD>
<TD height=96 width=128>&nbsp;</TD>
<TD width=24>&nbsp;</TD></TR>
<TR>
<TD>&nbsp;</TD>
<TD height=55 vAlign=baseline width=128>勝手にナイトライダーLEDテープ 黒基盤 ホワイト</TD>
<TD>&nbsp;</TD>
          <TD height=55 vAlign=baseline width=128>勝手にナイトライダーLEDテープ 
            黒基盤 ブルー</TD>
<TD>&nbsp;</TD>
          <TD height=55 vAlign=baseline width=128>勝手にナイトライダーLEDテープ 
            黒基盤 レッド</TD>
<TD>&nbsp;</TD>
<TD height=55 vAlign=baseline width=128>&nbsp;</TD>
<TD>&nbsp;</TD></TR>
<TR>
<TD>&nbsp;</TD>
<TD height=35 vAlign=baseline width=128><B><FONT color=#ff0000>780円</FONT></B><BR>(税別)</TD>
<TD>&nbsp;</TD>
<TD vAlign=baseline width=128><B><FONT color=#ff0000>780円</FONT></B><BR>(税別)</TD>
<TD>&nbsp;</TD>
<TD vAlign=baseline width=128><B><FONT color=#ff0000>780円</FONT></B><BR>(税別)</TD>
<TD>&nbsp;</TD>
<TD vAlign=baseline width=128>&nbsp;</TD>
<TD>&nbsp;</TD></TR>
<TR>
<TD height=10 colSpan=9></TD></TR></TBODY></TABLE></TD></TR></TBODY></TABLE><style type=""text/css"">
<!--

div#HeaderKeyword {
	position:absolute;
	top:80px;/*一番上からの位置*/
	left:30px;/*左端からの位置*/
}

div#HeaderKeyword span {
	background: #bf0000;
	color:#fff;
	font-weight:bold;
	padding:2px 5px;
}

div#HeaderKeyword a {
	color:#0044CC;
}

-->

/*お買い物ボタンのサイズ変更*/
input{
  font-weight:bold;
  font-size:20px;
  color:#000;
}

/*納期情報フォント変更*/
td.inventory font{font-size:12px;color:#1D54A7;}

font[size=""3""]{
   color:#1D54A7;
   font-size:12px;
}


/*買い物かごまわりナビ*/
<!--
span.unit { background: url(https://image.rakuten.co.jp/seedstyle/cabinet/navi/cartnavi2.jpg) no-repeat left top; text-indent:
-9999; display: block; width: 308; height: 464; margin:15px 0; }
-->

</style>



<div id=""HeaderKeyword"">
<span>注目のキーワード</span>
C-HR
80系 ノア VOXY エスクァイア
50系プリウス
</div>

<img src=""https://image.rakuten.co.jp/seedstyle/cabinet/banner/ivent/2017summer_bnr.jpg"" width=""688"" height=""365"" border=""0"" /><br><br>

<img src=""https://image.rakuten.co.jp/seedstyle/cabinet/banner/seedosusumetitle.jpg"" width=""730"" height=""50""><br>

<br>
<img src=""https://image.rakuten.co.jp/seedstyle/cabinet/banner/diytoolbox_bnr.jpg"" width=""730"" height=""100"" border=""0"" vspace=""7"">
<br><br>
<img src=""https://image.rakuten.co.jp/seedstyle/cabinet/banner/ivent/syakentaiou_item.jpg"" width=""616"" height=""120"" border=""0"" />",勝手にナイトライダーLEDテープ　　正面発光30cm LED32連  黒基板 　　白　1本：シードスタイル楽天市場店,ヴェルファイアVELLFIREアルファードALPHARDVEZELヴェゼルNBOXAQUAアクアプリウスPRIUSLEDウイポジHIDドレスアップカーパーツヴォクシーVOXYノアNOAH勝手にナイトライダーLEDテープ　　正面発光30cm LED32連  黒基板 　　白　1本,多彩なパターンでLED光がランダムに流れる！イベントなどに！。勝手にナイトライダーLEDテープ　　正面発光30cm LED32連  黒基板 　　白　1本[rn]
5-63972,http://tshop.r10s.jp/seedstyle/cabinet/item2/23845_1.jpg?fitin=700:700,4296.8000,,車用品・バイク用品 > カー用品 > ライト・ランプ > ネオン管,倍密 長尺LEDテープ　　側面発光 約5m SMD480連  黒基板 　　青　1本,明るいLED多灯タイプ！好きな長さにカットＯＫ！DIYに！,"<TABLE border=0 cellSpacing=1 cellPadding=0 width=600 bgColor=#1f1f1f>
<TBODY>
<TR>
<TD bgColor=#ffffff>
<TABLE border=0 cellSpacing=0 cellPadding=0 width=600 class=upsale>
<TBODY>
<TR bgColor=#1f1f1f>
<TD height=24 colSpan=9><FONT color=#ffffff>　■側面発光ＬＥＤテープ5m480連カラーバリエーション</FONT></TD></TR>
<TR>
<TD height=10 colSpan=9></TD></TR>
<TR>
<TD width=24>&nbsp;</TD>
<TD height=96 width=128><IMG border=0 src=""https://image.rakuten.co.jp/seedstyle/cabinet/item2/23844_1.jpg"" width=128 height=96></TD>
<TD width=12>&nbsp;</TD>
<TD height=96 width=128><IMG border=0 src=""https://image.rakuten.co.jp/seedstyle/cabinet/item2/23845_1.jpg"" width=128 height=96></TD>
<TD width=12>&nbsp;</TD>
<TD height=96 width=128><IMG border=0 src=""https://image.rakuten.co.jp/seedstyle/cabinet/item2/23847_1.jpg"" width=128 height=96></TD>
<TD width=12>&nbsp;</TD>
<TD height=96 width=128><IMG border=0 src=""https://image.rakuten.co.jp/seedstyle/cabinet/item2/23848_1.jpg"" width=128 height=96></TD>
<TD width=24>&nbsp;</TD></TR>
<TR>
<TD>&nbsp;</TD>
<TD height=55 vAlign=baseline width=128>多灯タイプ約5m薄型側面発光テープLED480連【ホワイト】黒ベース</TD>
<TD>&nbsp;</TD>
<TD height=55 vAlign=baseline width=128>多灯タイプ約5m薄型側面発光テープLED480連【ブルー】黒ベース</TD>
<TD>&nbsp;</TD>
<TD height=55 vAlign=baseline width=128>多灯タイプ約5m薄型側面発光テープLED480連【レッド】黒ベース</TD>
<TD>&nbsp;</TD>
<TD height=55 vAlign=baseline width=128>多灯タイプ約5m薄型側面発光テープLED480連【グリーン】黒ベース</TD>
<TD>&nbsp;</TD></TR>
<TR>
<TD>&nbsp;</TD>
<TD height=35 vAlign=baseline width=128><B><FONT color=#ff0000>5,500円</FONT></B><BR>(税別)<BR><BR></TD>
<TD>&nbsp;</TD>
<TD vAlign=baseline width=128><B><FONT color=#ff0000>5,500円</FONT></B><BR>(税別)</TD>
<TD>&nbsp;</TD>
<TD vAlign=baseline width=128><B><FONT color=#ff0000>5,500円</FONT></B><BR>(税別)</TD>
<TD>&nbsp;</TD>
<TD vAlign=baseline width=128><B><FONT color=#ff0000>5,500円</FONT></B><BR>(税別)</TD>
<TD>&nbsp;</TD></TR>
<TR>
<TD width=24>&nbsp;</TD>
<TD height=96 width=128><IMG border=0 src=""https://image.rakuten.co.jp/seedstyle/cabinet/item2/23846_1.jpg"" width=128 height=96></TD>
<TD width=12>&nbsp;</TD>
<TD height=96 width=128>　</TD>
<TD width=12>&nbsp;</TD>
<TD height=96 width=128>&nbsp;</TD>
<TD width=12>&nbsp;</TD>
<TD height=96 width=128>&nbsp;</TD>
<TD width=24>&nbsp;</TD></TR>
<TR>
<TD>&nbsp;</TD>
<TD height=55 vAlign=baseline width=128>多灯タイプ約5m薄型側面発光テープLED480連【オレンジ】黒ベース</TD>
<TD>&nbsp;</TD>
<TD height=55 vAlign=baseline width=128></TD>
<TD>&nbsp;</TD>
<TD height=55 vAlign=baseline width=128>&nbsp;</TD>
<TD>&nbsp;</TD>
<TD height=55 vAlign=baseline width=128>&nbsp;</TD>
<TD>&nbsp;</TD></TR>
<TR>
<TD>&nbsp;</TD>
<TD height=35 vAlign=baseline width=128><B><FONT color=#ff0000>5,500円</FONT></B><BR>(税別)</TD>
<TD>&nbsp;</TD>
<TD vAlign=baseline width=128></TD>
<TD>&nbsp;</TD>
<TD vAlign=baseline width=128>&nbsp;</TD>
<TD>&nbsp;</TD>
<TD vAlign=baseline width=128>&nbsp;</TD>
<TD>&nbsp;</TD></TR>
<TR>
<TD height=10 colSpan=9></TD></TR></TBODY></TABLE></TD></TR></TBODY></TABLE><style type=""text/css"">
<!--

div#HeaderKeyword {
	position:absolute;
	top:80px;/*一番上からの位置*/
	left:30px;/*左端からの位置*/
}

div#HeaderKeyword span {
	background: #bf0000;
	color:#fff;
	font-weight:bold;
	padding:2px 5px;
}

div#HeaderKeyword a {
	color:#0044CC;
}

-->

/*お買い物ボタンのサイズ変更*/
input{
  font-weight:bold;
  font-size:20px;
  color:#000;
}

/*納期情報フォント変更*/
td.inventory font{font-size:12px;color:#1D54A7;}

font[size=""3""]{
   color:#1D54A7;
   font-size:12px;
}


/*買い物かごまわりナビ*/
<!--
span.unit { background: url(https://image.rakuten.co.jp/seedstyle/cabinet/navi/cartnavi2.jpg) no-repeat left top; text-indent:
-9999; display: block; width: 308; height: 464; margin:15px 0; }
-->

</style>



<div id=""HeaderKeyword"">
<span>注目のキーワード</span>
C-HR
80系 ノア VOXY エスクァイア
50系プリウス
</div>

<img src=""https://image.rakuten.co.jp/seedstyle/cabinet/banner/ivent/2017summer_bnr.jpg"" width=""688"" height=""365"" border=""0"" /><br><br>

<img src=""https://image.rakuten.co.jp/seedstyle/cabinet/banner/seedosusumetitle.jpg"" width=""730"" height=""50""><br>

<br>
<img src=""https://image.rakuten.co.jp/seedstyle/cabinet/banner/diytoolbox_bnr.jpg"" width=""730"" height=""100"" border=""0"" vspace=""7"">
<br><br>
<img src=""https://image.rakuten.co.jp/seedstyle/cabinet/banner/ivent/syakentaiou_item.jpg"" width=""616"" height=""120"" border=""0"" />",倍密 長尺LEDテープ　　側面発光 約5m SMD480連  黒基板 　　青　1本：シードスタイル楽天市場店,ヴェルファイアVELLFIREアルファードALPHARDVEZELヴェゼルNBOXAQUAアクアプリウスPRIUSLEDウイポジHIDドレスアップカーパーツヴォクシーVOXYノアNOAH倍密 長尺LEDテープ　　側面発光 約5m SMD480連  黒基板 　　青　1本,明るいLED多灯タイプ！好きな長さにカットＯＫ！DIYに！。倍密 長尺LEDテープ　　側面発光 約5m SMD480連  黒基板 　　青　1本[rn]
5-63973,http://tshop.r10s.jp/seedstyle/cabinet/item2/21089_1.jpg?fitin=700:700,1280.0000,,車用品・バイク用品 > カー用品 > ライト・ランプ > ネオン管,LEDテープ　　側面発光60cm SMD60連  黒基板 　　青　1本,アイライン LEDライトアップに！ メール便送料無料,"<style type=""text/css"">
<!--

div#HeaderKeyword {
	position:absolute;
	top:80px;/*一番上からの位置*/
	left:30px;/*左端からの位置*/
}

div#HeaderKeyword span {
	background: #bf0000;
	color:#fff;
	font-weight:bold;
	padding:2px 5px;
}

div#HeaderKeyword a {
	color:#0044CC;
}

-->

/*お買い物ボタンのサイズ変更*/
input{
  font-weight:bold;
  font-size:20px;
  color:#000;
}

/*納期情報フォント変更*/
td.inventory font{font-size:12px;color:#1D54A7;}

font[size=""3""]{
   color:#1D54A7;
   font-size:12px;
}


/*買い物かごまわりナビ*/
<!--
span.unit { background: url(https://image.rakuten.co.jp/seedstyle/cabinet/navi/cartnavi2.jpg) no-repeat left top; text-indent:
-9999; display: block; width: 308; height: 464; margin:15px 0; }
-->

</style>



<div id=""HeaderKeyword"">
<span>注目のキーワード</span>
C-HR
80系 ノア VOXY エスクァイア
50系プリウス
</div>

<img src=""https://image.rakuten.co.jp/seedstyle/cabinet/banner/ivent/2017summer_bnr.jpg"" width=""688"" height=""365"" border=""0"" /><br><br>

<img src=""https://image.rakuten.co.jp/seedstyle/cabinet/banner/seedosusumetitle.jpg"" width=""730"" height=""50""><br>

<br>
<img src=""https://image.rakuten.co.jp/seedstyle/cabinet/banner/diytoolbox_bnr.jpg"" width=""730"" height=""100"" border=""0"" vspace=""7"">
<br><br>
<img src=""https://image.rakuten.co.jp/seedstyle/cabinet/banner/ivent/syakentaiou_item.jpg"" width=""616"" height=""120"" border=""0"" />",LEDテープ　　側面発光60cm SMD60連  黒基板 　　青　1本：シードスタイル楽天市場店,ヴェルファイアVELLFIREアルファードALPHARDVEZELヴェゼルNBOXAQUAアクアプリウスPRIUSLEDウイポジHIDドレスアップカーパーツヴォクシーVOXYノアNOAHLEDテープ　　側面発光60cm SMD60連  黒基板 　　青　1本,アイライン LEDライトアップに！ メール便送料無料。LEDテープ　　側面発光60cm SMD60連  黒基板 　　青　1本[rn]
5-63974,http://tshop.r10s.jp/seedstyle/cabinet/20811_1.jpg?fitin=700:700,1508.8000,,車用品・バイク用品 > カー用品 > ライト・ランプ > ネオン管,LEDテープ　　側面発光45cm SMD27連  黒基板 　　白　2本セット,アイライン LEDライトアップに！,"<style type=""text/css"">
<!--

div#HeaderKeyword {
	position:absolute;
	top:80px;/*一番上からの位置*/
	left:30px;/*左端からの位置*/
}

div#HeaderKeyword span {
	background: #bf0000;
	color:#fff;
	font-weight:bold;
	padding:2px 5px;
}

div#HeaderKeyword a {
	color:#0044CC;
}

-->

/*お買い物ボタンのサイズ変更*/
input{
  font-weight:bold;
  font-size:20px;
  color:#000;
}

/*納期情報フォント変更*/
td.inventory font{font-size:12px;color:#1D54A7;}

font[size=""3""]{
   color:#1D54A7;
   font-size:12px;
}


/*買い物かごまわりナビ*/
<!--
span.unit { background: url(https://image.rakuten.co.jp/seedstyle/cabinet/navi/cartnavi2.jpg) no-repeat left top; text-indent:
-9999; display: block; width: 308; height: 464; margin:15px 0; }
-->

</style>



<div id=""HeaderKeyword"">
<span>注目のキーワード</span>
C-HR
80系 ノア VOXY エスクァイア
50系プリウス
</div>

<img src=""https://image.rakuten.co.jp/seedstyle/cabinet/banner/ivent/2017summer_bnr.jpg"" width=""688"" height=""365"" border=""0"" /><br><br>

<img src=""https://image.rakuten.co.jp/seedstyle/cabinet/banner/seedosusumetitle.jpg"" width=""730"" height=""50""><br>

<br>
<img src=""https://image.rakuten.co.jp/seedstyle/cabinet/banner/diytoolbox_bnr.jpg"" width=""730"" height=""100"" border=""0"" vspace=""7"">
<br><br>
<img src=""https://image.rakuten.co.jp/seedstyle/cabinet/banner/ivent/syakentaiou_item.jpg"" width=""616"" height=""120"" border=""0"" />",LEDテープ　　側面発光45cm SMD27連  黒基板 　　白　2本セット：シードスタイル楽天市場店,ヴェルファイアVELLFIREアルファードALPHARDVEZELヴェゼルNBOXAQUAアクアプリウスPRIUSLEDウイポジHIDドレスアップカーパーツヴォクシーVOXYノアNOAHLEDテープ　　側面発光45cm SMD27連  黒基板 　　白　2本セット,アイライン LEDライトアップに！。LEDテープ　　側面発光45cm SMD27連  黒基板 　　白　2本セット[rn]
5-63975,http://tshop.r10s.jp/seedstyle/cabinet/item2/23067_1.jpg?fitin=700:700,5318.4000,,車用品・バイク用品 > カー用品 > ライト・ランプ > ネオン管,流れる長尺LEDテープ　　正面発光 約5m SMD300連  黒基板 　　白　1本,流れるLEDイルミネーション！,"<style type=""text/css"">
<!--

div#HeaderKeyword {
	position:absolute;
	top:80px;/*一番上からの位置*/
	left:30px;/*左端からの位置*/
}

div#HeaderKeyword span {
	background: #bf0000;
	color:#fff;
	font-weight:bold;
	padding:2px 5px;
}

div#HeaderKeyword a {
	color:#0044CC;
}

-->

/*お買い物ボタンのサイズ変更*/
input{
  font-weight:bold;
  font-size:20px;
  color:#000;
}

/*納期情報フォント変更*/
td.inventory font{font-size:12px;color:#1D54A7;}

font[size=""3""]{
   color:#1D54A7;
   font-size:12px;
}


/*買い物かごまわりナビ*/
<!--
span.unit { background: url(https://image.rakuten.co.jp/seedstyle/cabinet/navi/cartnavi2.jpg) no-repeat left top; text-indent:
-9999; display: block; width: 308; height: 464; margin:15px 0; }
-->

</style>



<div id=""HeaderKeyword"">
<span>注目のキーワード</span>
C-HR
80系 ノア VOXY エスクァイア
50系プリウス
</div>

<img src=""https://image.rakuten.co.jp/seedstyle/cabinet/banner/ivent/2017summer_bnr.jpg"" width=""688"" height=""365"" border=""0"" /><br><br>

<img src=""https://image.rakuten.co.jp/seedstyle/cabinet/banner/seedosusumetitle.jpg"" width=""730"" height=""50""><br>

<br>
<img src=""https://image.rakuten.co.jp/seedstyle/cabinet/banner/diytoolbox_bnr.jpg"" width=""730"" height=""100"" border=""0"" vspace=""7"">
<br><br>
<img src=""https://image.rakuten.co.jp/seedstyle/cabinet/banner/ivent/syakentaiou_item.jpg"" width=""616"" height=""120"" border=""0"" />",流れる長尺LEDテープ　　正面発光 約5m SMD300連  黒基板 　　白　1本：シードスタイル楽天市場店,ヴェルファイアVELLFIREアルファードALPHARDVEZELヴェゼルNBOXAQUAアクアプリウスPRIUSLEDウイポジHIDドレスアップカーパーツヴォクシーVOXYノアNOAH流れる長尺LEDテープ　　正面発光 約5m SMD300連  黒基板 　　白　1本,流れるLEDイルミネーション！。流れる長尺LEDテープ　　正面発光 約5m SMD300連  黒基板 　　白　1本[rn]
5-63976,http://tshop.r10s.jp/seedstyle/cabinet/item3/22563_1.jpg?fitin=700:700,1440.0000,,車用品・バイク用品 > カー用品 > ライト・ランプ > ネオン管,LEDブラックホール　　LED24連　縦長タイプ　　青,　　,"<style type=""text/css"">
<!--

div#HeaderKeyword {
	position:absolute;
	top:80px;/*一番上からの位置*/
	left:30px;/*左端からの位置*/
}

div#HeaderKeyword span {
	background: #bf0000;
	color:#fff;
	font-weight:bold;
	padding:2px 5px;
}

div#HeaderKeyword a {
	color:#0044CC;
}

-->

/*お買い物ボタンのサイズ変更*/
input{
  font-weight:bold;
  font-size:20px;
  color:#000;
}

/*納期情報フォント変更*/
td.inventory font{font-size:12px;color:#1D54A7;}

font[size=""3""]{
   color:#1D54A7;
   font-size:12px;
}


/*買い物かごまわりナビ*/
<!--
span.unit { background: url(https://image.rakuten.co.jp/seedstyle/cabinet/navi/cartnavi2.jpg) no-repeat left top; text-indent:
-9999; display: block; width: 308; height: 464; margin:15px 0; }
-->

</style>



<div id=""HeaderKeyword"">
<span>注目のキーワード</span>
C-HR
80系 ノア VOXY エスクァイア
50系プリウス
</div>

<img src=""https://image.rakuten.co.jp/seedstyle/cabinet/banner/ivent/2017summer_bnr.jpg"" width=""688"" height=""365"" border=""0"" /><br><br>

<img src=""https://image.rakuten.co.jp/seedstyle/cabinet/banner/seedosusumetitle.jpg"" width=""730"" height=""50""><br>

<br>
<img src=""https://image.rakuten.co.jp/seedstyle/cabinet/banner/diytoolbox_bnr.jpg"" width=""730"" height=""100"" border=""0"" vspace=""7"">
<br><br>
<img src=""https://image.rakuten.co.jp/seedstyle/cabinet/banner/ivent/syakentaiou_item.jpg"" width=""616"" height=""120"" border=""0"" />",LEDブラックホール　　LED24連　縦長タイプ　　青：シードスタイル楽天市場店,ヴェルファイアVELLFIREアルファードALPHARDVEZELヴェゼルNBOXAQUAアクアプリウスPRIUSLEDウイポジHIDドレスアップカーパーツヴォクシーVOXYノアNOAHLEDブラックホール　　LED24連　縦長タイプ　　青,　　。LEDブラックホール　　LED24連　縦長タイプ　　青[rn]
5-63977,http://tshop.r10s.jp/seedstyle/cabinet/item2/26240_1.jpg?fitin=700:700,1467.2000,,車用品・バイク用品 > カー用品 > ライト・ランプ > ネオン管,LEDフラッシュ4連ユニット　ストロボ点灯/ホタル点灯/常時点灯 機能搭載　シガー電源ソケット付き,目立ち度バツグン！イベント用に！,"アンダーライト ラゲッジオーディオ などに
<br><br>2016年2月発売<style type=""text/css"">
<!--

div#HeaderKeyword {
	position:absolute;
	top:80px;/*一番上からの位置*/
	left:30px;/*左端からの位置*/
}

div#HeaderKeyword span {
	background: #bf0000;
	color:#fff;
	font-weight:bold;
	padding:2px 5px;
}

div#HeaderKeyword a {
	color:#0044CC;
}

-->

/*お買い物ボタンのサイズ変更*/
input{
  font-weight:bold;
  font-size:20px;
  color:#000;
}

/*納期情報フォント変更*/
td.inventory font{font-size:12px;color:#1D54A7;}

font[size=""3""]{
   color:#1D54A7;
   font-size:12px;
}


/*買い物かごまわりナビ*/
<!--
span.unit { background: url(https://image.rakuten.co.jp/seedstyle/cabinet/navi/cartnavi2.jpg) no-repeat left top; text-indent:
-9999; display: block; width: 308; height: 464; margin:15px 0; }
-->

</style>



<div id=""HeaderKeyword"">
<span>注目のキーワード</span>
C-HR
80系 ノア VOXY エスクァイア
50系プリウス
</div>

<img src=""https://image.rakuten.co.jp/seedstyle/cabinet/banner/ivent/2017summer_bnr.jpg"" width=""688"" height=""365"" border=""0"" /><br><br>

<img src=""https://image.rakuten.co.jp/seedstyle/cabinet/banner/seedosusumetitle.jpg"" width=""730"" height=""50""><br>

<br>
<img src=""https://image.rakuten.co.jp/seedstyle/cabinet/banner/diytoolbox_bnr.jpg"" width=""730"" height=""100"" border=""0"" vspace=""7"">
<br><br>
<img src=""https://image.rakuten.co.jp/seedstyle/cabinet/banner/ivent/syakentaiou_item.jpg"" width=""616"" height=""120"" border=""0"" />",LEDフラッシュ4連ユニット　ストロボ点灯/ホタル点灯/常時点灯 機能搭載　シガー電源ソケット付き：シードスタイル楽天市場店,ヴェルファイアVELLFIREアルファードALPHARDVEZELヴェゼルNBOXAQUAアクアプリウスPRIUSLEDウイポジHIDドレスアップカーパーツヴォクシーVOXYノアNOAHLEDフラッシュ4連ユニット　ストロボ点灯/ホタル点灯/常時点灯 機能搭載　シガー電源ソケット付き,目立ち度バツグン！イベント用に！。LEDフラッシュ4連ユニット　ストロボ点灯/ホタル点灯/常時点灯 機能搭載　シガー電源ソケット付き[rn]
5-63978,http://tshop.r10s.jp/seedstyle/cabinet/24690_1.jpg?fitin=700:700,5943.2000,,車用品・バイク用品 > カー用品 > ライト・ランプ > ネオン管,LEDスカッフプレート　　30系プリウス 前期 後期  専用　ブルー　　I112BL,　　,"<!--GoQSystemレジよこメーカー-->

<!--GoQSystemレジよこメーカー--><style type=""text/css"">
<!--

div#HeaderKeyword {
	position:absolute;
	top:80px;/*一番上からの位置*/
	left:30px;/*左端からの位置*/
}

div#HeaderKeyword span {
	background: #bf0000;
	color:#fff;
	font-weight:bold;
	padding:2px 5px;
}

div#HeaderKeyword a {
	color:#0044CC;
}

-->

/*お買い物ボタンのサイズ変更*/
input{
  font-weight:bold;
  font-size:20px;
  color:#000;
}

/*納期情報フォント変更*/
td.inventory font{font-size:12px;color:#1D54A7;}

font[size=""3""]{
   color:#1D54A7;
   font-size:12px;
}


/*買い物かごまわりナビ*/
<!--
span.unit { background: url(https://image.rakuten.co.jp/seedstyle/cabinet/navi/cartnavi2.jpg) no-repeat left top; text-indent:
-9999; display: block; width: 308; height: 464; margin:15px 0; }
-->

</style>



<div id=""HeaderKeyword"">
<span>注目のキーワード</span>
C-HR
80系 ノア VOXY エスクァイア
50系プリウス
</div>

<img src=""https://image.rakuten.co.jp/seedstyle/cabinet/banner/ivent/2017summer_bnr.jpg"" width=""688"" height=""365"" border=""0"" /><br><br>

<img src=""https://image.rakuten.co.jp/seedstyle/cabinet/banner/seedosusumetitle.jpg"" width=""730"" height=""50""><br>

<br>
<img src=""https://image.rakuten.co.jp/seedstyle/cabinet/banner/diytoolbox_bnr.jpg"" width=""730"" height=""100"" border=""0"" vspace=""7"">
<br><br>
<img src=""https://image.rakuten.co.jp/seedstyle/cabinet/banner/ivent/syakentaiou_item.jpg"" width=""616"" height=""120"" border=""0"" />",LEDスカッフプレート　　30系プリウス 前期 後期  専用　ブルー　　I112BL：シードスタイル楽天市場店,ヴェルファイアVELLFIREアルファードALPHARDVEZELヴェゼルNBOXAQUAアクアプリウスPRIUSLEDウイポジHIDドレスアップカーパーツヴォクシーVOXYノアNOAHLEDスカッフプレート　　30系プリウス 前期 後期  専用　ブルー　　I112BL,　　。LEDスカッフプレート　　30系プリウス 前期 後期  専用　ブルー　　I112BL[rn]
5-63979,http://tshop.r10s.jp/seedstyle/cabinet/23257_1.jpg?fitin=700:700,747.2000,,車用品・バイク用品 > カー用品 > ライト・ランプ > ネオン管,レーザーラインユニット　12v　クロスタイプ,レーザー光線で照射！,"<style type=""text/css"">
<!--

div#HeaderKeyword {
	position:absolute;
	top:80px;/*一番上からの位置*/
	left:30px;/*左端からの位置*/
}

div#HeaderKeyword span {
	background: #bf0000;
	color:#fff;
	font-weight:bold;
	padding:2px 5px;
}

div#HeaderKeyword a {
	color:#0044CC;
}

-->

/*お買い物ボタンのサイズ変更*/
input{
  font-weight:bold;
  font-size:20px;
  color:#000;
}

/*納期情報フォント変更*/
td.inventory font{font-size:12px;color:#1D54A7;}

font[size=""3""]{
   color:#1D54A7;
   font-size:12px;
}


/*買い物かごまわりナビ*/
<!--
span.unit { background: url(https://image.rakuten.co.jp/seedstyle/cabinet/navi/cartnavi2.jpg) no-repeat left top; text-indent:
-9999; display: block; width: 308; height: 464; margin:15px 0; }
-->

</style>



<div id=""HeaderKeyword"">
<span>注目のキーワード</span>
C-HR
80系 ノア VOXY エスクァイア
50系プリウス
</div>

<img src=""https://image.rakuten.co.jp/seedstyle/cabinet/banner/ivent/2017summer_bnr.jpg"" width=""688"" height=""365"" border=""0"" /><br><br>

<img src=""https://image.rakuten.co.jp/seedstyle/cabinet/banner/seedosusumetitle.jpg"" width=""730"" height=""50""><br>

<br>
<img src=""https://image.rakuten.co.jp/seedstyle/cabinet/banner/diytoolbox_bnr.jpg"" width=""730"" height=""100"" border=""0"" vspace=""7"">
<br><br>
<img src=""https://image.rakuten.co.jp/seedstyle/cabinet/banner/ivent/syakentaiou_item.jpg"" width=""616"" height=""120"" border=""0"" />",レーザーラインユニット　12v　クロスタイプ：シードスタイル楽天市場店,ヴェルファイアVELLFIREアルファードALPHARDVEZELヴェゼルNBOXAQUAアクアプリウスPRIUSLEDウイポジHIDドレスアップカーパーツヴォクシーVOXYノアNOAHレーザーラインユニット　12v　クロスタイプ,レーザー光線で照射！。レーザーラインユニット　12v　クロスタイプ[rn]
5-63980,http://tshop.r10s.jp/seedstyle/cabinet/23230_1.jpg?fitin=700:700,671.2000,,車用品・バイク用品 > カー用品 > ライト・ランプ > ネオン管,LEDウォッシャーノズル　　ブルー　2個セット　ART-888,ウインドウォッシャー用LEDイルミ,"<style type=""text/css"">
<!--

div#HeaderKeyword {
	position:absolute;
	top:80px;/*一番上からの位置*/
	left:30px;/*左端からの位置*/
}

div#HeaderKeyword span {
	background: #bf0000;
	color:#fff;
	font-weight:bold;
	padding:2px 5px;
}

div#HeaderKeyword a {
	color:#0044CC;
}

-->

/*お買い物ボタンのサイズ変更*/
input{
  font-weight:bold;
  font-size:20px;
  color:#000;
}

/*納期情報フォント変更*/
td.inventory font{font-size:12px;color:#1D54A7;}

font[size=""3""]{
   color:#1D54A7;
   font-size:12px;
}


/*買い物かごまわりナビ*/
<!--
span.unit { background: url(https://image.rakuten.co.jp/seedstyle/cabinet/navi/cartnavi2.jpg) no-repeat left top; text-indent:
-9999; display: block; width: 308; height: 464; margin:15px 0; }
-->

</style>



<div id=""HeaderKeyword"">
<span>注目のキーワード</span>
C-HR
80系 ノア VOXY エスクァイア
50系プリウス
</div>

<img src=""https://image.rakuten.co.jp/seedstyle/cabinet/banner/ivent/2017summer_bnr.jpg"" width=""688"" height=""365"" border=""0"" /><br><br>

<img src=""https://image.rakuten.co.jp/seedstyle/cabinet/banner/seedosusumetitle.jpg"" width=""730"" height=""50""><br>

<br>
<img src=""https://image.rakuten.co.jp/seedstyle/cabinet/banner/diytoolbox_bnr.jpg"" width=""730"" height=""100"" border=""0"" vspace=""7"">
<br><br>
<img src=""https://image.rakuten.co.jp/seedstyle/cabinet/banner/ivent/syakentaiou_item.jpg"" width=""616"" height=""120"" border=""0"" />",LEDウォッシャーノズル　　ブルー　2個セット　ART-888：シードスタイル楽天市場店,ヴェルファイアVELLFIREアルファードALPHARDVEZELヴェゼルNBOXAQUAアクアプリウスPRIUSLEDウイポジHIDドレスアップカーパーツヴォクシーVOXYノアNOAHLEDウォッシャーノズル　　ブルー　2個セット　ART-888,ウインドウォッシャー用LEDイルミ。LEDウォッシャーノズル　　ブルー　2個セット　ART-888[rn]
5-63981,http://tshop.r10s.jp/seedstyle/cabinet/24405_1.jpg?fitin=700:700,1889.6000,,車用品・バイク用品 > カー用品 > ライト・ランプ > ネオン管,LEDサイドマーカー　MINIクーパーUS風　　ブルー　　YI-251,　　,"<!-- おすすめテーブル -->
<TABLE border=0 cellSpacing=1 cellPadding=0 width=600 bgColor=#1f1f1f>
<TBODY>
<TR>
<TD bgColor=#ffffff>
      <TABLE border=0 cellSpacing=0 cellPadding=0 width=600 class=upsale>
        <TBODY> 
        <TR bgColor=#1f1f1f> 
          <TD height=24 colSpan=9><FONT 
color=#ffffff>　■ MINIクーパーUS風 LEDサイドマーカー</FONT></TD>
        </TR>
        <TR> 
          <TD height=10 colSpan=9></TD>
        </TR>
        <TR> 
          <TD width=24>&nbsp;</TD>
          <TD height=96 width=128><IMG 
border=0 
src=""https://image.rakuten.co.jp/seedstyle/cabinet/24403_1.jpg"" 
width=128 height=96></TD>
          <TD width=12>&nbsp;</TD>
          <TD height=96 width=128><IMG 
border=0 
src=""https://image.rakuten.co.jp/seedstyle/cabinet/24404_1.jpg"" 
width=128 height=96></TD>
          <TD width=12>&nbsp;</TD>
          <TD height=96 width=128><IMG 
border=0 
src=""https://image.rakuten.co.jp/seedstyle/cabinet/24405_1.jpg"" 
width=128 height=96></TD>
          <TD width=12>&nbsp;</TD>
          <TD height=96 width=128></TD>
          <TD width=24>&nbsp;</TD>
        </TR>
        <TR> 
          <TD>&nbsp;</TD>
          <TD height=30 vAlign=baseline width=128>MINIクーパーUS風 LEDサイドマーカー　オレンジ</TD>
          <TD>&nbsp;</TD>
          <TD height=30 vAlign=baseline width=128>MINIクーパーUS風 LEDサイドマーカー　ホワイト</TD>
          <TD>&nbsp;</TD>
          <TD height=30 vAlign=baseline width=128>MINIクーパーUS風 LEDサイドマーカー　ブルー</TD>
          <TD>&nbsp;</TD>
          <TD height=30 vAlign=baseline width=128></TD>
          <TD>&nbsp;</TD>
        </TR>
        <TR> 
          <TD>&nbsp;</TD>
          <TD height=35 vAlign=baseline width=128><B><FONT 
color=#ff0000>2,480円</FONT></B><BR>
            (税別)<BR>
            <BR>
          </TD>
          <TD>&nbsp;</TD>
          <TD vAlign=baseline width=128><B><FONT 
color=#ff0000>2,480円</FONT></B><BR>
            (税別)</TD>
          <TD>&nbsp;</TD>
          <TD vAlign=baseline width=128><B><FONT 
color=#ff0000>2,480円</FONT></B><BR>
            (税別)</TD>
          <TD>&nbsp;</TD>
          <TD vAlign=baseline width=128></TD>
          <TD>&nbsp;</TD>
        </TR>
        <TR> 
          <TD height=10 colSpan=9></TD>
        </TR>
        </TBODY> 
      </TABLE>
    </TD></TR></TBODY></TABLE><style type=""text/css"">
<!--

div#HeaderKeyword {
	position:absolute;
	top:80px;/*一番上からの位置*/
	left:30px;/*左端からの位置*/
}

div#HeaderKeyword span {
	background: #bf0000;
	color:#fff;
	font-weight:bold;
	padding:2px 5px;
}

div#HeaderKeyword a {
	color:#0044CC;
}

-->

/*お買い物ボタンのサイズ変更*/
input{
  font-weight:bold;
  font-size:20px;
  color:#000;
}

/*納期情報フォント変更*/
td.inventory font{font-size:12px;color:#1D54A7;}

font[size=""3""]{
   color:#1D54A7;
   font-size:12px;
}


/*買い物かごまわりナビ*/
<!--
span.unit { background: url(https://image.rakuten.co.jp/seedstyle/cabinet/navi/cartnavi2.jpg) no-repeat left top; text-indent:
-9999; display: block; width: 308; height: 464; margin:15px 0; }
-->

</style>



<div id=""HeaderKeyword"">
<span>注目のキーワード</span>
C-HR
80系 ノア VOXY エスクァイア
50系プリウス
</div>

<img src=""https://image.rakuten.co.jp/seedstyle/cabinet/banner/ivent/2017summer_bnr.jpg"" width=""688"" height=""365"" border=""0"" /><br><br>

<img src=""https://image.rakuten.co.jp/seedstyle/cabinet/banner/seedosusumetitle.jpg"" width=""730"" height=""50""><br>

<br>
<img src=""https://image.rakuten.co.jp/seedstyle/cabinet/banner/diytoolbox_bnr.jpg"" width=""730"" height=""100"" border=""0"" vspace=""7"">
<br><br>
<img src=""https://image.rakuten.co.jp/seedstyle/cabinet/banner/ivent/syakentaiou_item.jpg"" width=""616"" height=""120"" border=""0"" />",LEDサイドマーカー　MINIクーパーUS風　　ブルー　　YI-251：シードスタイル楽天市場店,ヴェルファイアVELLFIREアルファードALPHARDVEZELヴェゼルNBOXAQUAアクアプリウスPRIUSLEDウイポジHIDドレスアップカーパーツヴォクシーVOXYノアNOAHLEDサイドマーカー　MINIクーパーUS風　　ブルー　　YI-251,　　。LEDサイドマーカー　MINIクーパーUS風　　ブルー　　YI-251[rn]
5-63982,http://tshop.r10s.jp/gbt-dko/cabinet/20809_1.jpg?fitin=700:700,1508.8000,,車用品・バイク用品 > カー用品 > ライト・ランプ > ネオン管,ledテープ 側面発光SMD27連薄型テープLED 2本セット[アンバー45cm]|ledテープ テープled ledテープライト ledライト テープライト 車用 テープライトled ドレスアップ 車 イルミネーション イルミネーションライト 車用品 カー用品 ダイコン卸 直販部,ledテープ 狭い場所やカーブ部でも取付可能！,"2015年再入荷10月<br><center>
<TABLE BORDER=0 cellspacing=0 CELLPADDING=0 width=680 height=""50"">
<tr><th height=""1"" align=""center"" width=""680"">

<img border=""0"" src=""http://image.rakuten.co.jp/gbt-dko/cabinet/topimg/m_magazine.gif"">
</th></tr></TABLE></center><br><br><head>
<style type=""text/css"">
<!--
span.unit { background: url(https://image.rakuten.co.jp/gbt-dko/cabinet/cart_info.gif) no-repeat left top; text-indent:
-9999; display: block; width: 315; height: 422; margin:15px 0; }
-->
</style>
</head>

<center>
<table border=""0"" width=""680"" cellspacing=""0"" cellpadding=""0"">
<tr><td width=""33%""></td>
<td width=""33%""><center>
</center></td>    
<td width=""34%""></td></tr></table>    
<table border=""0"" width=""680"" height=""101"">    
<tr>    
<td width=""100%"" align=""center"" height=""18"">    
</td></tr>    
<tr><td width=""100%"" height=""29""></td></tr><tr><td width=""100%"" align=""center"" height=""13"">                  
    
</td></tr>    
<tr><td width=""100%"" height=""25"">    
<hr></td></tr>    
</table>    
<table border=""0"" width=""689"">    
<tr>    
  <td width=""682"" align=""center"">    
<img border=""0"" src=""https://image.rakuten.co.jp/gbt-dko/cabinet/topimg/x26549_pop.jpg"" width=""625"" height=""137"" alt=""ナンバーボルトキャップ"">  
  </td></tr>  
<tr>   
  <td width=""682"" align=""center"">   
<img border=""0"" src=""https://image.rakuten.co.jp/gbt-dko/cabinet/topimg/26500_pop.jpg"" width=""625"" height=""137"" alt=""ワンタッチサンキューハザードユニット"">  
  </td></tr>  
<tr>   
  <td width=""682"" align=""center"">   
<img border=""0"" src=""https://image.rakuten.co.jp/gbt-dko/cabinet/topimg/26498_pop.jpg"" width=""625"" height=""137"" alt=""ワイパウィザード"">  
  </td></tr>  
<tr>  
  <td width=""682"" align=""center"">  
<img border=""0"" src=""https://image.rakuten.co.jp/gbt-dko/cabinet/topimg/x25368_pop.jpg"" width=""625"" height=""137"" alt=""ハンモック自立式"">  
  </td></tr>  
<tr>  
  <td width=""682"" align=""center"">  
<img border=""0"" src=""https://image.rakuten.co.jp/gbt-dko/cabinet/topimg/x26710_pop.jpg"" width=""625"" height=""137"" alt=""レンガ調壁紙""> 
  </td></tr> 
<tr> 
  <td width=""682"" align=""center""> 
<img border=""0"" src=""https://image.rakuten.co.jp/gbt-dko/cabinet/topimg/25599_pop.jpg"" width=""625"" height=""137"" alt=""デイライト自動点灯キット""> 
  </td></tr> 
<tr> 
  <td width=""682"" align=""center""> 
<img border=""0"" src=""https://image.rakuten.co.jp/gbt-dko/cabinet/topimg/24973_pop.jpg"" width=""625"" height=""137"" alt=""ソーラースポットライト！""> 
  </td></tr> 
<tr> 
  <td width=""682"" align=""center""> 
<img border=""0"" src=""https://image.rakuten.co.jp/gbt-dko/cabinet/topimg/24670_pop.jpg"" width=""625"" height=""137""> 
  </td></tr> 
<tr> 
  <td width=""682"" align=""center""> 
<img border=""0"" src=""https://image.rakuten.co.jp/gbt-dko/cabinet/topimg/x24529_pop.jpg"" width=""625"" height=""274""> 
  </td></tr> 
<tr> 
  <td width=""682"" align=""center""> 
<img border=""0"" src=""https://image.rakuten.co.jp/gbt-dko/cabinet/topimg/23919bn.jpg"" width=""625"" height=""137""></td></tr> 
<tr> 
  <td width=""682"" align=""center""> 
  </td></tr> 
<tr> 
  <td width=""682"" align=""center""> 
<img border=""0"" src=""https://image.rakuten.co.jp/gbt-dko/cabinet/topimg/x24155_pop.jpg"" width=""625"" height=""275""></td></tr> 
<tr> 
  <td width=""682"" align=""center""> 
<img border=""0"" src=""https://image.rakuten.co.jp/gbt-dko/cabinet/topimg/sixthsense-pop.jpg"" width=""625"" height=""275""></td></tr> 
</table> 
<table border=""0"" width=""680""> 
<tr><td width=""50%"" height=""238""><p align=""center""><img border=""0"" src=""https://image.rakuten.co.jp/gbt-dko/cabinet/line-tape/22317_1.jpg"" width=""335"" height=""251""></p> 
</td><td width=""50%"" height=""238""><img border=""0"" src=""https://image.rakuten.co.jp/gbt-dko/cabinet/caac-allimg/24833_1r.jpg"" width=""335"" height=""251""></td> 
</tr> 
</table> 
<table border=""0"" width=""680"" height=""131""> 
<tr> 
<td width=""50%"" align=""center"" height=""89""><img border=""0"" src=""https://thumbnail.image.rakuten.co.jp/@0_mall/gbt-dko/cabinet/topimg/banner_car127.jpg?_ex=335x335""> 
</td> 
<td width=""50%"" align=""center"" height=""89""><img border=""0"" src=""https://thumbnail.image.rakuten.co.jp/@0_mall/gbt-dko/cabinet/topimg/banner_car83.jpg?_ex=335x335""></td> 
</tr> 
<tr> 
<td width=""50%"" align=""center"" height=""90""><img border=""0"" src=""https://image.rakuten.co.jp/gbt-dko/cabinet/topimg/banner_car133.gif"" width=""335"" height=""88""></td> 
<td width=""50%"" align=""center"" height=""90""><img border=""0"" src=""https://thumbnail.image.rakuten.co.jp/@0_mall/gbt-dko/cabinet/topimg/specialsale_s05.jpg?_ex=335x335""></td> 
</tr> 
<tr> 
<th width=""690"" colspan=""2"" height=""1""> 
<hr> 
<p>          
<font color=""#FF0066"">★レビューの書き方が分からない方はこちらをご覧ください⇒</font>          
</th> 
</tr> 
</table> 
 
</center>",ledテープ 側面発光SMD27連薄型テープLED 2本セット[アンバー45cm]|ledテープ テープled ledテープライト ledライト テープライト 車用 テープライトled ドレスアップ 車 イルミネーション イルミネーションライト 車用品 カー用品 ダイコン卸 直販部：ダイコン卸　直販部,イルミネーション クリスマス ソーラークリスマスツリー おしゃれLED ウインカー テールランプ ルームランプＨＩＤキットHIDキット H1 H3 H4 H7 H8 H11 HB3 HB4フォグランプHIDキセノンハイフラ防止抵抗器T10 T16 T20 S25カー用品 カーパーツ地デジアンテナGPSアンテナオンダッシュモニタープリウスアクアハイエースヴェルファイアステップワゴンN boxウイポジledテープ 側面発光SMD27連薄型テープLED 2本セット[アンバー45cm]|ledテープ テープled ledテープライト ledライト テープライト 車用 テープライトled ドレスアップ 車 イルミネーション イルミネーションライト 車用品 カー用品 ダイコン卸 直販部,ledテープ 狭い場所やカーブ部でも取付可能！。ledテープ 側面発光SMD27連薄型テープLED 2本セット[アンバー45cm]|ledテープ テープled ledテープライト ledライト テープライト 車用 テープライトled ドレスアップ 車 イルミネーション イルミネーションライト 車用品 カー用品 ダイコン卸 直販部[rn]
5-63983,http://tshop.r10s.jp/gbt-dko/cabinet/line-tape/23549_1.jpg?fitin=700:700,1280.0000,,車用品・バイク用品 > カー用品 > ライト・ランプ > ネオン管,5月30日入荷 予約 LEDテープ ダブル発光 業界初 テープLEDなのにダブル発光 赤/30cm30連2本組 テープ型|ledテープ テープled ledテープライト ledライト テープライト 車用 ダブル レッド テープライトled ドレスアップ 車 イルミネーション 車用品 カー用品,LEDテープ ダブル発光 W点灯テープ！左右で使える2本組,"2015年再入荷7月<br><center>
<TABLE BORDER=0 cellspacing=0 CELLPADDING=0 width=680 height=""50"">
<tr><th height=""1"" align=""center"" width=""680"">

<img border=""0"" src=""http://image.rakuten.co.jp/gbt-dko/cabinet/topimg/m_magazine.gif"">
</th></tr></TABLE></center><br><br><table BORDER=""0"" cellspacing=""3"" CELLPADDING=""3"" width=""650"" height=""277"" bordercolor=""#C0C0C0"">
  <tr>
    <th ALIGN=""center"" VALIGN=""middle"" BGCOLOR=""#000000"" COLSPAN=""2"" height=""35"" width=""634""><font color=""#FFFF00"" size=""5"">★</font><font color=""#FFFFFF"" size=""5"">こちらもご覧ください！</font><font color=""#FFFF00"" size=""5"">★</font></th>
  </tr>
  <tr>
    <td height=""1"" bgcolor=""#EFEFEF"" align=""center"" width=""323""><img border=""0"" src=""http://thumbnail.image.rakuten.co.jp/@0_mall/gbt-dko/cabinet/line-tape/23550_1.jpg?_ex=350x350""></td>        
    <td align=""center"" height=""1"" bgcolor=""#EFEFEF"" width=""323""><img border=""0"" src=""http://thumbnail.image.rakuten.co.jp/@0_mall/gbt-dko/cabinet/line-tape/23284_1.jpg?_ex=350x350""></td>
  </tr>
  <tr>
    <td height=""1"" bgcolor=""#EFEFEF"" align=""center"" width=""323""><img border=""0"" src=""http://thumbnail.image.rakuten.co.jp/@0_mall/gbt-dko/cabinet/line-tape/22709_1.jpg?_ex=350x350""></td>        
    <td align=""center"" height=""1"" bgcolor=""#EFEFEF"" width=""323""><img border=""0"" src=""http://thumbnail.image.rakuten.co.jp/@0_mall/gbt-dko/cabinet/line-tape/23006_1.jpg?_ex=350x350""></td>
  </tr>
</table><head>
<style type=""text/css"">
<!--
span.unit { background: url(https://image.rakuten.co.jp/gbt-dko/cabinet/cart_info.gif) no-repeat left top; text-indent:
-9999; display: block; width: 315; height: 422; margin:15px 0; }
-->
</style>
</head>

<center>
<table border=""0"" width=""680"" cellspacing=""0"" cellpadding=""0"">
<tr><td width=""33%""></td>
<td width=""33%""><center>
</center></td>    
<td width=""34%""></td></tr></table>    
<table border=""0"" width=""680"" height=""101"">    
<tr>    
<td width=""100%"" align=""center"" height=""18"">    
</td></tr>    
<tr><td width=""100%"" height=""29""></td></tr><tr><td width=""100%"" align=""center"" height=""13"">                  
    
</td></tr>    
<tr><td width=""100%"" height=""25"">    
<hr></td></tr>    
</table>    
<table border=""0"" width=""689"">    
<tr>    
  <td width=""682"" align=""center"">    
<img border=""0"" src=""https://image.rakuten.co.jp/gbt-dko/cabinet/topimg/x26549_pop.jpg"" width=""625"" height=""137"" alt=""ナンバーボルトキャップ"">  
  </td></tr>  
<tr>   
  <td width=""682"" align=""center"">   
<img border=""0"" src=""https://image.rakuten.co.jp/gbt-dko/cabinet/topimg/26500_pop.jpg"" width=""625"" height=""137"" alt=""ワンタッチサンキューハザードユニット"">  
  </td></tr>  
<tr>   
  <td width=""682"" align=""center"">   
<img border=""0"" src=""https://image.rakuten.co.jp/gbt-dko/cabinet/topimg/26498_pop.jpg"" width=""625"" height=""137"" alt=""ワイパウィザード"">  
  </td></tr>  
<tr>  
  <td width=""682"" align=""center"">  
<img border=""0"" src=""https://image.rakuten.co.jp/gbt-dko/cabinet/topimg/x25368_pop.jpg"" width=""625"" height=""137"" alt=""ハンモック自立式"">  
  </td></tr>  
<tr>  
  <td width=""682"" align=""center"">  
<img border=""0"" src=""https://image.rakuten.co.jp/gbt-dko/cabinet/topimg/x26710_pop.jpg"" width=""625"" height=""137"" alt=""レンガ調壁紙""> 
  </td></tr> 
<tr> 
  <td width=""682"" align=""center""> 
<img border=""0"" src=""https://image.rakuten.co.jp/gbt-dko/cabinet/topimg/25599_pop.jpg"" width=""625"" height=""137"" alt=""デイライト自動点灯キット""> 
  </td></tr> 
<tr> 
  <td width=""682"" align=""center""> 
<img border=""0"" src=""https://image.rakuten.co.jp/gbt-dko/cabinet/topimg/24973_pop.jpg"" width=""625"" height=""137"" alt=""ソーラースポットライト！""> 
  </td></tr> 
<tr> 
  <td width=""682"" align=""center""> 
<img border=""0"" src=""https://image.rakuten.co.jp/gbt-dko/cabinet/topimg/24670_pop.jpg"" width=""625"" height=""137""> 
  </td></tr> 
<tr> 
  <td width=""682"" align=""center""> 
<img border=""0"" src=""https://image.rakuten.co.jp/gbt-dko/cabinet/topimg/x24529_pop.jpg"" width=""625"" height=""274""> 
  </td></tr> 
<tr> 
  <td width=""682"" align=""center""> 
<img border=""0"" src=""https://image.rakuten.co.jp/gbt-dko/cabinet/topimg/23919bn.jpg"" width=""625"" height=""137""></td></tr> 
<tr> 
  <td width=""682"" align=""center""> 
  </td></tr> 
<tr> 
  <td width=""682"" align=""center""> 
<img border=""0"" src=""https://image.rakuten.co.jp/gbt-dko/cabinet/topimg/x24155_pop.jpg"" width=""625"" height=""275""></td></tr> 
<tr> 
  <td width=""682"" align=""center""> 
<img border=""0"" src=""https://image.rakuten.co.jp/gbt-dko/cabinet/topimg/sixthsense-pop.jpg"" width=""625"" height=""275""></td></tr> 
</table> 
<table border=""0"" width=""680""> 
<tr><td width=""50%"" height=""238""><p align=""center""><img border=""0"" src=""https://image.rakuten.co.jp/gbt-dko/cabinet/line-tape/22317_1.jpg"" width=""335"" height=""251""></p> 
</td><td width=""50%"" height=""238""><img border=""0"" src=""https://image.rakuten.co.jp/gbt-dko/cabinet/caac-allimg/24833_1r.jpg"" width=""335"" height=""251""></td> 
</tr> 
</table> 
<table border=""0"" width=""680"" height=""131""> 
<tr> 
<td width=""50%"" align=""center"" height=""89""><img border=""0"" src=""https://thumbnail.image.rakuten.co.jp/@0_mall/gbt-dko/cabinet/topimg/banner_car127.jpg?_ex=335x335""> 
</td> 
<td width=""50%"" align=""center"" height=""89""><img border=""0"" src=""https://thumbnail.image.rakuten.co.jp/@0_mall/gbt-dko/cabinet/topimg/banner_car83.jpg?_ex=335x335""></td> 
</tr> 
<tr> 
<td width=""50%"" align=""center"" height=""90""><img border=""0"" src=""https://image.rakuten.co.jp/gbt-dko/cabinet/topimg/banner_car133.gif"" width=""335"" height=""88""></td> 
<td width=""50%"" align=""center"" height=""90""><img border=""0"" src=""https://thumbnail.image.rakuten.co.jp/@0_mall/gbt-dko/cabinet/topimg/specialsale_s05.jpg?_ex=335x335""></td> 
</tr> 
<tr> 
<th width=""690"" colspan=""2"" height=""1""> 
<hr> 
<p>          
<font color=""#FF0066"">★レビューの書き方が分からない方はこちらをご覧ください⇒</font>          
</th> 
</tr> 
</table> 
 
</center>",5月30日入荷 予約 LEDテープ ダブル発光 業界初 テープLEDなのにダブル発光 赤/30cm30連2本組 テープ型|ledテープ テープled ledテープライト ledライト テープライト 車用 ダブル レッド テープライトled ドレスアップ 車 イルミネーション 車用品 カー用品：ダイコン卸　直販部,イルミネーション クリスマス ソーラークリスマスツリー おしゃれLED ウインカー テールランプ ルームランプＨＩＤキットHIDキット H1 H3 H4 H7 H8 H11 HB3 HB4フォグランプHIDキセノンハイフラ防止抵抗器T10 T16 T20 S25カー用品 カーパーツ地デジアンテナGPSアンテナオンダッシュモニタープリウスアクアハイエースヴェルファイアステップワゴンN boxウイポジ5月30日入荷 予約 LEDテープ ダブル発光 業界初 テープLEDなのにダブル発光 赤/30cm30連2本組 テープ型|ledテープ テープled ledテープライト ledライト テープライト 車用 ダブル レッド テープライトled ドレスアップ 車 イルミネーション 車用品 カー用品,LEDテープ ダブル発光 W点灯テープ！左右で使える2本組。5月30日入荷 予約 LEDテープ ダブル発光 業界初 テープLEDなのにダブル発光 赤/30cm30連2本組 テープ型|ledテープ テープled ledテープライト ledライト テープライト 車用 ダブル レッド テープライトled ドレスアップ 車 イルミネーション 車用品 カー用品[rn]
5-63984,http://tshop.r10s.jp/gbt-dko/cabinet/line-tape/23488_1.jpg?fitin=700:700,297.6000,,車用品・バイク用品 > カー用品 > ライト・ランプ > ネオン管,LEDテープ デイライト LED エアコン内部のイルミや、フットランプ 3chip SMD3連 温暖色 1本 BOX照明|ledテープ ledライト テープライト 車用 テープライトled ledデイライト ドレスアップ 車 イルミネーション 車用品 カー用品 ダイコン卸 直販部,ledテープ LEDドレスアップの可能性無限大&infin;,"2017年再入荷4月<br><center>
<TABLE BORDER=0 cellspacing=0 CELLPADDING=0 width=680 height=""50"">
<tr><th height=""1"" align=""center"" width=""680"">

<img border=""0"" src=""http://image.rakuten.co.jp/gbt-dko/cabinet/topimg/m_magazine.gif"" width=""680"" height=""50"">
</th></tr></TABLE></center><br><br><center>
<TABLE BORDER=0 cellspacing=3 CELLPADDING=3 width=650 height=""277"" bordercolor=""#C0C0C0"">
<TR>
  <TH ALIGN=center VALIGN=middle BGCOLOR=#000080 COLSPAN=4 height=""35""><font size=""4"" color=""#FFFF00"">◆ちょっとテープ全ラインナップ！</font></th></tr>
  
<tr><td height=""1"" bgcolor=""#EFEFEF"" align=""center"">
 <img border=""0"" src=""http://thumbnail.image.rakuten.co.jp/@0_mall/gbt-dko/cabinet/line-tape/22195_1.jpg?_ex=160x160"">
  </td> 

  <td height=""1"" bgcolor=""#EFEFEF"" align=""center"">
 <img border=""0"" src=""http://thumbnail.image.rakuten.co.jp/@0_mall/gbt-dko/cabinet/line-tape/22196_1.jpg?_ex=160x160"">
  </td> 

  <td height=""1"" bgcolor=""#EFEFEF"" align=""center"">
    <img border=""0"" src=""http://thumbnail.image.rakuten.co.jp/@0_mall/gbt-dko/cabinet/line-tape/22197_1.jpg?_ex=160x160"">                         
  </td> 

  <td height=""1"" bgcolor=""#EFEFEF"" align=""center"">
 <img border=""0"" src=""http://thumbnail.image.rakuten.co.jp/@0_mall/gbt-dko/cabinet/line-tape/23465_1.jpg?_ex=160x160"">
  </td> 

</tr>
 
<tr><td height=""1"" bgcolor=""#EFEFEF"" align=""center"">
    <img border=""0"" src=""http://thumbnail.image.rakuten.co.jp/@0_mall/gbt-dko/cabinet/line-tape/22198_1.jpg?_ex=160x160"">                         
  </td> 

  <td height=""1"" bgcolor=""#EFEFEF"" align=""center"">
    <img border=""0"" src=""http://thumbnail.image.rakuten.co.jp/@0_mall/gbt-dko/cabinet/line-tape/22199_1.jpg?_ex=160x160"">                         
  </td> 

  <td height=""1"" bgcolor=""#EFEFEF"" align=""center"">
 <img border=""0"" src=""http://thumbnail.image.rakuten.co.jp/@0_mall/gbt-dko/cabinet/line-tape/22200_1.jpg?_ex=160x160"">
  </td> 

  <td height=""1"" bgcolor=""#EFEFEF"" align=""center"">
    <img border=""0"" src=""http://thumbnail.image.rakuten.co.jp/@0_mall/gbt-dko/cabinet/line-tape/23467_1.jpg?_ex=160x160"">                         
  </td> 

</tr>
 
<tr><td height=""1"" bgcolor=""#EFEFEF"" align=""center"" colspan=""4"">
    <hr>
  </td> 

</tr>
 
<tr><td height=""1"" bgcolor=""#EFEFEF"" align=""center"">
    <font size=""2"" color=""#000080"">★5連タイプ★</font>                        
  </td> 

  <td height=""1"" bgcolor=""#EFEFEF"" align=""center"" colspan=""3"">
    <font size=""2"" color=""#FF0000"">
    3連は1本売りもあります</font>                         
  </td> 

</tr>
 
<tr><td height=""1"" bgcolor=""#EFEFEF"" align=""center"">
    <img border=""0"" src=""http://thumbnail.image.rakuten.co.jp/@0_mall/gbt-dko/cabinet/line-tape/20865_1.jpg?_ex=160x160"">                        
  </td> 

  <td height=""1"" bgcolor=""#EFEFEF"" align=""center"">
    <img border=""0"" src=""http://thumbnail.image.rakuten.co.jp/@0_mall/gbt-dko/cabinet/line-tape/22992_1.jpg?_ex=160x160"">                         
  </td> 

  <td height=""1"" bgcolor=""#EFEFEF"" align=""center"">
 <img border=""0"" src=""http://thumbnail.image.rakuten.co.jp/@0_mall/gbt-dko/cabinet/line-tape/22993_1.jpg?_ex=160x160"">
  </td> 

  <td height=""1"" bgcolor=""#EFEFEF"" align=""center"">
    <img border=""0"" src=""http://thumbnail.image.rakuten.co.jp/@0_mall/gbt-dko/cabinet/line-tape/23488_1.jpg?_ex=160x160"">                         
  </td> 

</tr>
 
</TABLE></center><head>
<style type=""text/css"">
<!--
span.unit { background: url(https://image.rakuten.co.jp/gbt-dko/cabinet/cart_info.gif) no-repeat left top; text-indent:
-9999; display: block; width: 315; height: 422; margin:15px 0; }
-->
</style>
</head>

<center>
<table border=""0"" width=""680"" cellspacing=""0"" cellpadding=""0"">
<tr><td width=""33%""></td>
<td width=""33%""><center>
</center></td>    
<td width=""34%""></td></tr></table>    
<table border=""0"" width=""680"" height=""101"">    
<tr>    
<td width=""100%"" align=""center"" height=""18"">    
</td></tr>    
<tr><td width=""100%"" height=""29""></td></tr><tr><td width=""100%"" align=""center"" height=""13"">                  
    
</td></tr>    
<tr><td width=""100%"" height=""25"">    
<hr></td></tr>    
</table>    
<table border=""0"" width=""689"">    
<tr>    
  <td width=""682"" align=""center"">    
<img border=""0"" src=""https://image.rakuten.co.jp/gbt-dko/cabinet/topimg/x26549_pop.jpg"" width=""625"" height=""137"" alt=""ナンバーボルトキャップ"">  
  </td></tr>  
<tr>   
  <td width=""682"" align=""center"">   
<img border=""0"" src=""https://image.rakuten.co.jp/gbt-dko/cabinet/topimg/26500_pop.jpg"" width=""625"" height=""137"" alt=""ワンタッチサンキューハザードユニット"">  
  </td></tr>  
<tr>   
  <td width=""682"" align=""center"">   
<img border=""0"" src=""https://image.rakuten.co.jp/gbt-dko/cabinet/topimg/26498_pop.jpg"" width=""625"" height=""137"" alt=""ワイパウィザード"">  
  </td></tr>  
<tr>  
  <td width=""682"" align=""center"">  
<img border=""0"" src=""https://image.rakuten.co.jp/gbt-dko/cabinet/topimg/x25368_pop.jpg"" width=""625"" height=""137"" alt=""ハンモック自立式"">  
  </td></tr>  
<tr>  
  <td width=""682"" align=""center"">  
<img border=""0"" src=""https://image.rakuten.co.jp/gbt-dko/cabinet/topimg/x26710_pop.jpg"" width=""625"" height=""137"" alt=""レンガ調壁紙""> 
  </td></tr> 
<tr> 
  <td width=""682"" align=""center""> 
<img border=""0"" src=""https://image.rakuten.co.jp/gbt-dko/cabinet/topimg/25599_pop.jpg"" width=""625"" height=""137"" alt=""デイライト自動点灯キット""> 
  </td></tr> 
<tr> 
  <td width=""682"" align=""center""> 
<img border=""0"" src=""https://image.rakuten.co.jp/gbt-dko/cabinet/topimg/24973_pop.jpg"" width=""625"" height=""137"" alt=""ソーラースポットライト！""> 
  </td></tr> 
<tr> 
  <td width=""682"" align=""center""> 
<img border=""0"" src=""https://image.rakuten.co.jp/gbt-dko/cabinet/topimg/24670_pop.jpg"" width=""625"" height=""137""> 
  </td></tr> 
<tr> 
  <td width=""682"" align=""center""> 
<img border=""0"" src=""https://image.rakuten.co.jp/gbt-dko/cabinet/topimg/x24529_pop.jpg"" width=""625"" height=""274""> 
  </td></tr> 
<tr> 
  <td width=""682"" align=""center""> 
<img border=""0"" src=""https://image.rakuten.co.jp/gbt-dko/cabinet/topimg/23919bn.jpg"" width=""625"" height=""137""></td></tr> 
<tr> 
  <td width=""682"" align=""center""> 
  </td></tr> 
<tr> 
  <td width=""682"" align=""center""> 
<img border=""0"" src=""https://image.rakuten.co.jp/gbt-dko/cabinet/topimg/x24155_pop.jpg"" width=""625"" height=""275""></td></tr> 
<tr> 
  <td width=""682"" align=""center""> 
<img border=""0"" src=""https://image.rakuten.co.jp/gbt-dko/cabinet/topimg/sixthsense-pop.jpg"" width=""625"" height=""275""></td></tr> 
</table> 
<table border=""0"" width=""680""> 
<tr><td width=""50%"" height=""238""><p align=""center""><img border=""0"" src=""https://image.rakuten.co.jp/gbt-dko/cabinet/line-tape/22317_1.jpg"" width=""335"" height=""251""></p> 
</td><td width=""50%"" height=""238""><img border=""0"" src=""https://image.rakuten.co.jp/gbt-dko/cabinet/caac-allimg/24833_1r.jpg"" width=""335"" height=""251""></td> 
</tr> 
</table> 
<table border=""0"" width=""680"" height=""131""> 
<tr> 
<td width=""50%"" align=""center"" height=""89""><img border=""0"" src=""https://thumbnail.image.rakuten.co.jp/@0_mall/gbt-dko/cabinet/topimg/banner_car127.jpg?_ex=335x335""> 
</td> 
<td width=""50%"" align=""center"" height=""89""><img border=""0"" src=""https://thumbnail.image.rakuten.co.jp/@0_mall/gbt-dko/cabinet/topimg/banner_car83.jpg?_ex=335x335""></td> 
</tr> 
<tr> 
<td width=""50%"" align=""center"" height=""90""><img border=""0"" src=""https://image.rakuten.co.jp/gbt-dko/cabinet/topimg/banner_car133.gif"" width=""335"" height=""88""></td> 
<td width=""50%"" align=""center"" height=""90""><img border=""0"" src=""https://thumbnail.image.rakuten.co.jp/@0_mall/gbt-dko/cabinet/topimg/specialsale_s05.jpg?_ex=335x335""></td> 
</tr> 
<tr> 
<th width=""690"" colspan=""2"" height=""1""> 
<hr> 
<p>          
<font color=""#FF0066"">★レビューの書き方が分からない方はこちらをご覧ください⇒</font>          
</th> 
</tr> 
</table> 
 
</center>",LEDテープ デイライト LED エアコン内部のイルミや、フットランプ 3chip SMD3連 温暖色 1本 BOX照明|ledテープ ledライト テープライト 車用 テープライトled ledデイライト ドレスアップ 車 イルミネーション 車用品 カー用品 ダイコン卸 直販部：ダイコン卸　直販部,イルミネーション クリスマス ソーラークリスマスツリー おしゃれLED ウインカー テールランプ ルームランプＨＩＤキットHIDキット H1 H3 H4 H7 H8 H11 HB3 HB4フォグランプHIDキセノンハイフラ防止抵抗器T10 T16 T20 S25カー用品 カーパーツ地デジアンテナGPSアンテナオンダッシュモニタープリウスアクアハイエースヴェルファイアステップワゴンN boxウイポジLEDテープ デイライト LED エアコン内部のイルミや、フットランプ 3chip SMD3連 温暖色 1本 BOX照明|ledテープ ledライト テープライト 車用 テープライトled ledデイライト ドレスアップ 車 イルミネーション 車用品 カー用品 ダイコン卸 直販部,ledテープ LEDドレスアップの可能性無限大&infin;。LEDテープ デイライト LED エアコン内部のイルミや、フットランプ 3chip SMD3連 温暖色 1本 BOX照明|ledテープ ledライト テープライト 車用 テープライトled ledデイライト ドレスアップ 車 イルミネーション 車用品 カー用品 ダイコン卸 直販部[rn]
5-63985,http://tshop.r10s.jp/gbt-dko/cabinet/line-tape/23467_1.jpg?fitin=700:700,594.4000,,車用品・バイク用品 > カー用品 > ライト・ランプ > ネオン管,LEDテープ 3chip SMD3連 温暖色 2本set デイライト BOX照明 足下照明 カーテシ|ledテープ テープled ledテープライト ledライト テープライト 車用 テープライトled ledデイライト ドレスアップ 車 イルミネーション 車用品 カー用品 ダイコン卸 直販部,ledテープ LEDドレスアップの可能性無限大&infin;,"2017年再入荷3月<br><center>
<TABLE BORDER=0 cellspacing=0 CELLPADDING=0 width=680 height=""50"">
<tr><th height=""1"" align=""center"" width=""680"">

<img border=""0"" src=""http://image.rakuten.co.jp/gbt-dko/cabinet/topimg/m_magazine.gif"" width=""680"" height=""50"">
</th></tr></TABLE></center><br><br><center>
<TABLE BORDER=0 cellspacing=3 CELLPADDING=3 width=650 height=""277"" bordercolor=""#C0C0C0"">
<TR>
  <TH ALIGN=center VALIGN=middle BGCOLOR=#000080 COLSPAN=4 height=""35""><font size=""4"" color=""#FFFF00"">◆ちょっとテープ全ラインナップ！</font></th></tr>
  
<tr><td height=""1"" bgcolor=""#EFEFEF"" align=""center"">
 <img border=""0"" src=""http://thumbnail.image.rakuten.co.jp/@0_mall/gbt-dko/cabinet/line-tape/22195_1.jpg?_ex=160x160"">
  </td> 

  <td height=""1"" bgcolor=""#EFEFEF"" align=""center"">
 <img border=""0"" src=""http://thumbnail.image.rakuten.co.jp/@0_mall/gbt-dko/cabinet/line-tape/22196_1.jpg?_ex=160x160"">
  </td> 

  <td height=""1"" bgcolor=""#EFEFEF"" align=""center"">
    <img border=""0"" src=""http://thumbnail.image.rakuten.co.jp/@0_mall/gbt-dko/cabinet/line-tape/22197_1.jpg?_ex=160x160"">                         
  </td> 

  <td height=""1"" bgcolor=""#EFEFEF"" align=""center"">
 <img border=""0"" src=""http://thumbnail.image.rakuten.co.jp/@0_mall/gbt-dko/cabinet/line-tape/23465_1.jpg?_ex=160x160"">
  </td> 

</tr>
 
<tr><td height=""1"" bgcolor=""#EFEFEF"" align=""center"">
    <img border=""0"" src=""http://thumbnail.image.rakuten.co.jp/@0_mall/gbt-dko/cabinet/line-tape/22198_1.jpg?_ex=160x160"">                         
  </td> 

  <td height=""1"" bgcolor=""#EFEFEF"" align=""center"">
    <img border=""0"" src=""http://thumbnail.image.rakuten.co.jp/@0_mall/gbt-dko/cabinet/line-tape/22199_1.jpg?_ex=160x160"">                         
  </td> 

  <td height=""1"" bgcolor=""#EFEFEF"" align=""center"">
 <img border=""0"" src=""http://thumbnail.image.rakuten.co.jp/@0_mall/gbt-dko/cabinet/line-tape/22200_1.jpg?_ex=160x160"">
  </td> 

  <td height=""1"" bgcolor=""#EFEFEF"" align=""center"">
    <img border=""0"" src=""http://thumbnail.image.rakuten.co.jp/@0_mall/gbt-dko/cabinet/line-tape/23467_1.jpg?_ex=160x160"">                         
  </td> 

</tr>
 
<tr><td height=""1"" bgcolor=""#EFEFEF"" align=""center"" colspan=""4"">
    <hr>
  </td> 

</tr>
 
<tr><td height=""1"" bgcolor=""#EFEFEF"" align=""center"">
    <font size=""2"" color=""#000080"">★5連タイプ★</font>                        
  </td> 

  <td height=""1"" bgcolor=""#EFEFEF"" align=""center"" colspan=""3"">
    <font size=""2"" color=""#FF0000"">
    3連は1本売りもあります</font>                         
  </td> 

</tr>
 
<tr><td height=""1"" bgcolor=""#EFEFEF"" align=""center"">
    <img border=""0"" src=""http://thumbnail.image.rakuten.co.jp/@0_mall/gbt-dko/cabinet/line-tape/20865_1.jpg?_ex=160x160"">                        
  </td> 

  <td height=""1"" bgcolor=""#EFEFEF"" align=""center"">
    <img border=""0"" src=""http://thumbnail.image.rakuten.co.jp/@0_mall/gbt-dko/cabinet/line-tape/22992_1.jpg?_ex=160x160"">                         
  </td> 

  <td height=""1"" bgcolor=""#EFEFEF"" align=""center"">
 <img border=""0"" src=""http://thumbnail.image.rakuten.co.jp/@0_mall/gbt-dko/cabinet/line-tape/22993_1.jpg?_ex=160x160"">
  </td> 

  <td height=""1"" bgcolor=""#EFEFEF"" align=""center"">
    <img border=""0"" src=""http://thumbnail.image.rakuten.co.jp/@0_mall/gbt-dko/cabinet/line-tape/23488_1.jpg?_ex=160x160"">                         
  </td> 

</tr>
 
</TABLE></center><head>
<style type=""text/css"">
<!--
span.unit { background: url(https://image.rakuten.co.jp/gbt-dko/cabinet/cart_info.gif) no-repeat left top; text-indent:
-9999; display: block; width: 315; height: 422; margin:15px 0; }
-->
</style>
</head>

<center>
<table border=""0"" width=""680"" cellspacing=""0"" cellpadding=""0"">
<tr><td width=""33%""></td>
<td width=""33%""><center>
</center></td>    
<td width=""34%""></td></tr></table>    
<table border=""0"" width=""680"" height=""101"">    
<tr>    
<td width=""100%"" align=""center"" height=""18"">    
</td></tr>    
<tr><td width=""100%"" height=""29""></td></tr><tr><td width=""100%"" align=""center"" height=""13"">                  
    
</td></tr>    
<tr><td width=""100%"" height=""25"">    
<hr></td></tr>    
</table>    
<table border=""0"" width=""689"">    
<tr>    
  <td width=""682"" align=""center"">    
<img border=""0"" src=""https://image.rakuten.co.jp/gbt-dko/cabinet/topimg/x26549_pop.jpg"" width=""625"" height=""137"" alt=""ナンバーボルトキャップ"">  
  </td></tr>  
<tr>   
  <td width=""682"" align=""center"">   
<img border=""0"" src=""https://image.rakuten.co.jp/gbt-dko/cabinet/topimg/26500_pop.jpg"" width=""625"" height=""137"" alt=""ワンタッチサンキューハザードユニット"">  
  </td></tr>  
<tr>   
  <td width=""682"" align=""center"">   
<img border=""0"" src=""https://image.rakuten.co.jp/gbt-dko/cabinet/topimg/26498_pop.jpg"" width=""625"" height=""137"" alt=""ワイパウィザード"">  
  </td></tr>  
<tr>  
  <td width=""682"" align=""center"">  
<img border=""0"" src=""https://image.rakuten.co.jp/gbt-dko/cabinet/topimg/x25368_pop.jpg"" width=""625"" height=""137"" alt=""ハンモック自立式"">  
  </td></tr>  
<tr>  
  <td width=""682"" align=""center"">  
<img border=""0"" src=""https://image.rakuten.co.jp/gbt-dko/cabinet/topimg/x26710_pop.jpg"" width=""625"" height=""137"" alt=""レンガ調壁紙""> 
  </td></tr> 
<tr> 
  <td width=""682"" align=""center""> 
<img border=""0"" src=""https://image.rakuten.co.jp/gbt-dko/cabinet/topimg/25599_pop.jpg"" width=""625"" height=""137"" alt=""デイライト自動点灯キット""> 
  </td></tr> 
<tr> 
  <td width=""682"" align=""center""> 
<img border=""0"" src=""https://image.rakuten.co.jp/gbt-dko/cabinet/topimg/24973_pop.jpg"" width=""625"" height=""137"" alt=""ソーラースポットライト！""> 
  </td></tr> 
<tr> 
  <td width=""682"" align=""center""> 
<img border=""0"" src=""https://image.rakuten.co.jp/gbt-dko/cabinet/topimg/24670_pop.jpg"" width=""625"" height=""137""> 
  </td></tr> 
<tr> 
  <td width=""682"" align=""center""> 
<img border=""0"" src=""https://image.rakuten.co.jp/gbt-dko/cabinet/topimg/x24529_pop.jpg"" width=""625"" height=""274""> 
  </td></tr> 
<tr> 
  <td width=""682"" align=""center""> 
<img border=""0"" src=""https://image.rakuten.co.jp/gbt-dko/cabinet/topimg/23919bn.jpg"" width=""625"" height=""137""></td></tr> 
<tr> 
  <td width=""682"" align=""center""> 
  </td></tr> 
<tr> 
  <td width=""682"" align=""center""> 
<img border=""0"" src=""https://image.rakuten.co.jp/gbt-dko/cabinet/topimg/x24155_pop.jpg"" width=""625"" height=""275""></td></tr> 
<tr> 
  <td width=""682"" align=""center""> 
<img border=""0"" src=""https://image.rakuten.co.jp/gbt-dko/cabinet/topimg/sixthsense-pop.jpg"" width=""625"" height=""275""></td></tr> 
</table> 
<table border=""0"" width=""680""> 
<tr><td width=""50%"" height=""238""><p align=""center""><img border=""0"" src=""https://image.rakuten.co.jp/gbt-dko/cabinet/line-tape/22317_1.jpg"" width=""335"" height=""251""></p> 
</td><td width=""50%"" height=""238""><img border=""0"" src=""https://image.rakuten.co.jp/gbt-dko/cabinet/caac-allimg/24833_1r.jpg"" width=""335"" height=""251""></td> 
</tr> 
</table> 
<table border=""0"" width=""680"" height=""131""> 
<tr> 
<td width=""50%"" align=""center"" height=""89""><img border=""0"" src=""https://thumbnail.image.rakuten.co.jp/@0_mall/gbt-dko/cabinet/topimg/banner_car127.jpg?_ex=335x335""> 
</td> 
<td width=""50%"" align=""center"" height=""89""><img border=""0"" src=""https://thumbnail.image.rakuten.co.jp/@0_mall/gbt-dko/cabinet/topimg/banner_car83.jpg?_ex=335x335""></td> 
</tr> 
<tr> 
<td width=""50%"" align=""center"" height=""90""><img border=""0"" src=""https://image.rakuten.co.jp/gbt-dko/cabinet/topimg/banner_car133.gif"" width=""335"" height=""88""></td> 
<td width=""50%"" align=""center"" height=""90""><img border=""0"" src=""https://thumbnail.image.rakuten.co.jp/@0_mall/gbt-dko/cabinet/topimg/specialsale_s05.jpg?_ex=335x335""></td> 
</tr> 
<tr> 
<th width=""690"" colspan=""2"" height=""1""> 
<hr> 
<p>          
<font color=""#FF0066"">★レビューの書き方が分からない方はこちらをご覧ください⇒</font>          
</th> 
</tr> 
</table> 
 
</center>",LEDテープ 3chip SMD3連 温暖色 2本set デイライト BOX照明 足下照明 カーテシ|ledテープ テープled ledテープライト ledライト テープライト 車用 テープライトled ledデイライト ドレスアップ 車 イルミネーション 車用品 カー用品 ダイコン卸 直販部：ダイコン卸　直販部,イルミネーション クリスマス ソーラークリスマスツリー おしゃれLED ウインカー テールランプ ルームランプＨＩＤキットHIDキット H1 H3 H4 H7 H8 H11 HB3 HB4フォグランプHIDキセノンハイフラ防止抵抗器T10 T16 T20 S25カー用品 カーパーツ地デジアンテナGPSアンテナオンダッシュモニタープリウスアクアハイエースヴェルファイアステップワゴンN boxウイポジLEDテープ 3chip SMD3連 温暖色 2本set デイライト BOX照明 足下照明 カーテシ|ledテープ テープled ledテープライト ledライト テープライト 車用 テープライトled ledデイライト ドレスアップ 車 イルミネーション 車用品 カー用品 ダイコン卸 直販部,ledテープ LEDドレスアップの可能性無限大&infin;。LEDテープ 3chip SMD3連 温暖色 2本set デイライト BOX照明 足下照明 カーテシ|ledテープ テープled ledテープライト ledライト テープライト 車用 テープライトled ledデイライト ドレスアップ 車 イルミネーション 車用品 カー用品 ダイコン卸 直販部[rn]
5-63986,http://tshop.r10s.jp/gbt-dko/cabinet/line-tape/22993_1.jpg?fitin=700:700,297.6000,,車用品・バイク用品 > カー用品 > ライト・ランプ > ネオン管,LEDテープ デイライト LED エアコン内部のイルミや、フットランプ 3chip SMD3連 ピンク1本 BOX照明|ledテープ テープled ledテープライト ledライト テープライト 車用 テープライトled ledデイライト ドレスアップ 車 イルミネーション 車用品 カー用品 ダイコン卸 直販部,ledテープ LEDドレスアップの可能性無限大&infin;,"<center>
<TABLE BORDER=0 cellspacing=0 CELLPADDING=0 width=680 height=""50"">
<tr><th height=""1"" align=""center"" width=""680"">

<img border=""0"" src=""http://image.rakuten.co.jp/gbt-dko/cabinet/topimg/m_magazine.gif"" width=""680"" height=""50"">
</th></tr></TABLE></center><br><br><center>
<TABLE BORDER=0 cellspacing=3 CELLPADDING=3 width=650 height=""277"" bordercolor=""#C0C0C0"">
<TR>
  <TH ALIGN=center VALIGN=middle BGCOLOR=#000080 COLSPAN=4 height=""35""><font size=""4"" color=""#FFFF00"">◆ちょっとテープ全ラインナップ！</font></th></tr>
  
<tr><td height=""1"" bgcolor=""#EFEFEF"" align=""center"">
 <img border=""0"" src=""http://thumbnail.image.rakuten.co.jp/@0_mall/gbt-dko/cabinet/line-tape/22195_1.jpg?_ex=160x160"">
  </td> 

  <td height=""1"" bgcolor=""#EFEFEF"" align=""center"">
 <img border=""0"" src=""http://thumbnail.image.rakuten.co.jp/@0_mall/gbt-dko/cabinet/line-tape/22196_1.jpg?_ex=160x160"">
  </td> 

  <td height=""1"" bgcolor=""#EFEFEF"" align=""center"">
    <img border=""0"" src=""http://thumbnail.image.rakuten.co.jp/@0_mall/gbt-dko/cabinet/line-tape/22197_1.jpg?_ex=160x160"">                         
  </td> 

  <td height=""1"" bgcolor=""#EFEFEF"" align=""center"">
 <img border=""0"" src=""http://thumbnail.image.rakuten.co.jp/@0_mall/gbt-dko/cabinet/line-tape/23465_1.jpg?_ex=160x160"">
  </td> 

</tr>
 
<tr><td height=""1"" bgcolor=""#EFEFEF"" align=""center"">
    <img border=""0"" src=""http://thumbnail.image.rakuten.co.jp/@0_mall/gbt-dko/cabinet/line-tape/22198_1.jpg?_ex=160x160"">                         
  </td> 

  <td height=""1"" bgcolor=""#EFEFEF"" align=""center"">
    <img border=""0"" src=""http://thumbnail.image.rakuten.co.jp/@0_mall/gbt-dko/cabinet/line-tape/22199_1.jpg?_ex=160x160"">                         
  </td> 

  <td height=""1"" bgcolor=""#EFEFEF"" align=""center"">
 <img border=""0"" src=""http://thumbnail.image.rakuten.co.jp/@0_mall/gbt-dko/cabinet/line-tape/22200_1.jpg?_ex=160x160"">
  </td> 

  <td height=""1"" bgcolor=""#EFEFEF"" align=""center"">
    <img border=""0"" src=""http://thumbnail.image.rakuten.co.jp/@0_mall/gbt-dko/cabinet/line-tape/23467_1.jpg?_ex=160x160"">                         
  </td> 

</tr>
 
<tr><td height=""1"" bgcolor=""#EFEFEF"" align=""center"" colspan=""4"">
    <hr>
  </td> 

</tr>
 
<tr><td height=""1"" bgcolor=""#EFEFEF"" align=""center"">
    <font size=""2"" color=""#000080"">★5連タイプ★</font>                        
  </td> 

  <td height=""1"" bgcolor=""#EFEFEF"" align=""center"" colspan=""3"">
    <font size=""2"" color=""#FF0000"">
    3連は1本売りもあります</font>                         
  </td> 

</tr>
 
<tr><td height=""1"" bgcolor=""#EFEFEF"" align=""center"">
    <img border=""0"" src=""http://thumbnail.image.rakuten.co.jp/@0_mall/gbt-dko/cabinet/line-tape/20865_1.jpg?_ex=160x160"">                        
  </td> 

  <td height=""1"" bgcolor=""#EFEFEF"" align=""center"">
    <img border=""0"" src=""http://thumbnail.image.rakuten.co.jp/@0_mall/gbt-dko/cabinet/line-tape/22992_1.jpg?_ex=160x160"">                         
  </td> 

  <td height=""1"" bgcolor=""#EFEFEF"" align=""center"">
 <img border=""0"" src=""http://thumbnail.image.rakuten.co.jp/@0_mall/gbt-dko/cabinet/line-tape/22993_1.jpg?_ex=160x160"">
  </td> 

  <td height=""1"" bgcolor=""#EFEFEF"" align=""center"">
    <img border=""0"" src=""http://thumbnail.image.rakuten.co.jp/@0_mall/gbt-dko/cabinet/line-tape/23488_1.jpg?_ex=160x160"">                         
  </td> 

</tr>
 
</TABLE></center><head>
<style type=""text/css"">
<!--
span.unit { background: url(https://image.rakuten.co.jp/gbt-dko/cabinet/cart_info.gif) no-repeat left top; text-indent:
-9999; display: block; width: 315; height: 422; margin:15px 0; }
-->
</style>
</head>

<center>
<table border=""0"" width=""680"" cellspacing=""0"" cellpadding=""0"">
<tr><td width=""33%""></td>
<td width=""33%""><center>
</center></td>    
<td width=""34%""></td></tr></table>    
<table border=""0"" width=""680"" height=""101"">    
<tr>    
<td width=""100%"" align=""center"" height=""18"">    
</td></tr>    
<tr><td width=""100%"" height=""29""></td></tr><tr><td width=""100%"" align=""center"" height=""13"">                  
    
</td></tr>    
<tr><td width=""100%"" height=""25"">    
<hr></td></tr>    
</table>    
<table border=""0"" width=""689"">    
<tr>    
  <td width=""682"" align=""center"">    
<img border=""0"" src=""https://image.rakuten.co.jp/gbt-dko/cabinet/topimg/x26549_pop.jpg"" width=""625"" height=""137"" alt=""ナンバーボルトキャップ"">  
  </td></tr>  
<tr>   
  <td width=""682"" align=""center"">   
<img border=""0"" src=""https://image.rakuten.co.jp/gbt-dko/cabinet/topimg/26500_pop.jpg"" width=""625"" height=""137"" alt=""ワンタッチサンキューハザードユニット"">  
  </td></tr>  
<tr>   
  <td width=""682"" align=""center"">   
<img border=""0"" src=""https://image.rakuten.co.jp/gbt-dko/cabinet/topimg/26498_pop.jpg"" width=""625"" height=""137"" alt=""ワイパウィザード"">  
  </td></tr>  
<tr>  
  <td width=""682"" align=""center"">  
<img border=""0"" src=""https://image.rakuten.co.jp/gbt-dko/cabinet/topimg/x25368_pop.jpg"" width=""625"" height=""137"" alt=""ハンモック自立式"">  
  </td></tr>  
<tr>  
  <td width=""682"" align=""center"">  
<img border=""0"" src=""https://image.rakuten.co.jp/gbt-dko/cabinet/topimg/x26710_pop.jpg"" width=""625"" height=""137"" alt=""レンガ調壁紙""> 
  </td></tr> 
<tr> 
  <td width=""682"" align=""center""> 
<img border=""0"" src=""https://image.rakuten.co.jp/gbt-dko/cabinet/topimg/25599_pop.jpg"" width=""625"" height=""137"" alt=""デイライト自動点灯キット""> 
  </td></tr> 
<tr> 
  <td width=""682"" align=""center""> 
<img border=""0"" src=""https://image.rakuten.co.jp/gbt-dko/cabinet/topimg/24973_pop.jpg"" width=""625"" height=""137"" alt=""ソーラースポットライト！""> 
  </td></tr> 
<tr> 
  <td width=""682"" align=""center""> 
<img border=""0"" src=""https://image.rakuten.co.jp/gbt-dko/cabinet/topimg/24670_pop.jpg"" width=""625"" height=""137""> 
  </td></tr> 
<tr> 
  <td width=""682"" align=""center""> 
<img border=""0"" src=""https://image.rakuten.co.jp/gbt-dko/cabinet/topimg/x24529_pop.jpg"" width=""625"" height=""274""> 
  </td></tr> 
<tr> 
  <td width=""682"" align=""center""> 
<img border=""0"" src=""https://image.rakuten.co.jp/gbt-dko/cabinet/topimg/23919bn.jpg"" width=""625"" height=""137""></td></tr> 
<tr> 
  <td width=""682"" align=""center""> 
  </td></tr> 
<tr> 
  <td width=""682"" align=""center""> 
<img border=""0"" src=""https://image.rakuten.co.jp/gbt-dko/cabinet/topimg/x24155_pop.jpg"" width=""625"" height=""275""></td></tr> 
<tr> 
  <td width=""682"" align=""center""> 
<img border=""0"" src=""https://image.rakuten.co.jp/gbt-dko/cabinet/topimg/sixthsense-pop.jpg"" width=""625"" height=""275""></td></tr> 
</table> 
<table border=""0"" width=""680""> 
<tr><td width=""50%"" height=""238""><p align=""center""><img border=""0"" src=""https://image.rakuten.co.jp/gbt-dko/cabinet/line-tape/22317_1.jpg"" width=""335"" height=""251""></p> 
</td><td width=""50%"" height=""238""><img border=""0"" src=""https://image.rakuten.co.jp/gbt-dko/cabinet/caac-allimg/24833_1r.jpg"" width=""335"" height=""251""></td> 
</tr> 
</table> 
<table border=""0"" width=""680"" height=""131""> 
<tr> 
<td width=""50%"" align=""center"" height=""89""><img border=""0"" src=""https://thumbnail.image.rakuten.co.jp/@0_mall/gbt-dko/cabinet/topimg/banner_car127.jpg?_ex=335x335""> 
</td> 
<td width=""50%"" align=""center"" height=""89""><img border=""0"" src=""https://thumbnail.image.rakuten.co.jp/@0_mall/gbt-dko/cabinet/topimg/banner_car83.jpg?_ex=335x335""></td> 
</tr> 
<tr> 
<td width=""50%"" align=""center"" height=""90""><img border=""0"" src=""https://image.rakuten.co.jp/gbt-dko/cabinet/topimg/banner_car133.gif"" width=""335"" height=""88""></td> 
<td width=""50%"" align=""center"" height=""90""><img border=""0"" src=""https://thumbnail.image.rakuten.co.jp/@0_mall/gbt-dko/cabinet/topimg/specialsale_s05.jpg?_ex=335x335""></td> 
</tr> 
<tr> 
<th width=""690"" colspan=""2"" height=""1""> 
<hr> 
<p>          
<font color=""#FF0066"">★レビューの書き方が分からない方はこちらをご覧ください⇒</font>          
</th> 
</tr> 
</table> 
 
</center>",LEDテープ デイライト LED エアコン内部のイルミや、フットランプ 3chip SMD3連 ピンク1本 BOX照明|ledテープ テープled ledテープライト ledライト テープライト 車用 テープライトled ledデイライト ドレスアップ 車 イルミネーション 車用品 カー用品 ダイコン卸 直販部：ダイコン卸　直販部,イルミネーション クリスマス ソーラークリスマスツリー おしゃれLED ウインカー テールランプ ルームランプＨＩＤキットHIDキット H1 H3 H4 H7 H8 H11 HB3 HB4フォグランプHIDキセノンハイフラ防止抵抗器T10 T16 T20 S25カー用品 カーパーツ地デジアンテナGPSアンテナオンダッシュモニタープリウスアクアハイエースヴェルファイアステップワゴンN boxウイポジLEDテープ デイライト LED エアコン内部のイルミや、フットランプ 3chip SMD3連 ピンク1本 BOX照明|ledテープ テープled ledテープライト ledライト テープライト 車用 テープライトled ledデイライト ドレスアップ 車 イルミネーション 車用品 カー用品 ダイコン卸 直販部,ledテープ LEDドレスアップの可能性無限大&infin;。LEDテープ デイライト LED エアコン内部のイルミや、フットランプ 3chip SMD3連 ピンク1本 BOX照明|ledテープ テープled ledテープライト ledライト テープライト 車用 テープライトled ledデイライト ドレスアップ 車 イルミネーション 車用品 カー用品 ダイコン卸 直販部[rn]
5-63987,http://tshop.r10s.jp/gbt-dko/cabinet/line-tape/22992_1.jpg?fitin=700:700,297.6000,,車用品・バイク用品 > カー用品 > ライト・ランプ > ネオン管,LEDテープ デイライト LED エアコン内部のイルミや、フットランプ 3chip SMD3連 ブルー1本 BOX照明|ledテープ テープled ledテープライト ledライト テープライト 車用 テープライトled ledデイライト ドレスアップ 車 イルミネーション 車用品 カー用品 ダイコン卸 直販部,ledテープ LEDドレスアップの可能性無限大&infin;,"<center>
<TABLE BORDER=0 cellspacing=0 CELLPADDING=0 width=680 height=""50"">
<tr><th height=""1"" align=""center"" width=""680"">

<img border=""0"" src=""http://image.rakuten.co.jp/gbt-dko/cabinet/topimg/m_magazine.gif"" width=""680"" height=""50"">
</th></tr></TABLE></center><br><br><center>
<TABLE BORDER=0 cellspacing=3 CELLPADDING=3 width=650 height=""277"" bordercolor=""#C0C0C0"">
<TR>
  <TH ALIGN=center VALIGN=middle BGCOLOR=#000080 COLSPAN=4 height=""35""><font size=""4"" color=""#FFFF00"">◆ちょっとテープ全ラインナップ！</font></th></tr>
  
<tr><td height=""1"" bgcolor=""#EFEFEF"" align=""center"">
 <img border=""0"" src=""http://thumbnail.image.rakuten.co.jp/@0_mall/gbt-dko/cabinet/line-tape/22195_1.jpg?_ex=160x160"">
  </td> 

  <td height=""1"" bgcolor=""#EFEFEF"" align=""center"">
 <img border=""0"" src=""http://thumbnail.image.rakuten.co.jp/@0_mall/gbt-dko/cabinet/line-tape/22196_1.jpg?_ex=160x160"">
  </td> 

  <td height=""1"" bgcolor=""#EFEFEF"" align=""center"">
    <img border=""0"" src=""http://thumbnail.image.rakuten.co.jp/@0_mall/gbt-dko/cabinet/line-tape/22197_1.jpg?_ex=160x160"">                         
  </td> 

  <td height=""1"" bgcolor=""#EFEFEF"" align=""center"">
 <img border=""0"" src=""http://thumbnail.image.rakuten.co.jp/@0_mall/gbt-dko/cabinet/line-tape/23465_1.jpg?_ex=160x160"">
  </td> 

</tr>
 
<tr><td height=""1"" bgcolor=""#EFEFEF"" align=""center"">
    <img border=""0"" src=""http://thumbnail.image.rakuten.co.jp/@0_mall/gbt-dko/cabinet/line-tape/22198_1.jpg?_ex=160x160"">                         
  </td> 

  <td height=""1"" bgcolor=""#EFEFEF"" align=""center"">
    <img border=""0"" src=""http://thumbnail.image.rakuten.co.jp/@0_mall/gbt-dko/cabinet/line-tape/22199_1.jpg?_ex=160x160"">                         
  </td> 

  <td height=""1"" bgcolor=""#EFEFEF"" align=""center"">
 <img border=""0"" src=""http://thumbnail.image.rakuten.co.jp/@0_mall/gbt-dko/cabinet/line-tape/22200_1.jpg?_ex=160x160"">
  </td> 

  <td height=""1"" bgcolor=""#EFEFEF"" align=""center"">
    <img border=""0"" src=""http://thumbnail.image.rakuten.co.jp/@0_mall/gbt-dko/cabinet/line-tape/23467_1.jpg?_ex=160x160"">                         
  </td> 

</tr>
 
<tr><td height=""1"" bgcolor=""#EFEFEF"" align=""center"" colspan=""4"">
    <hr>
  </td> 

</tr>
 
<tr><td height=""1"" bgcolor=""#EFEFEF"" align=""center"">
    <font size=""2"" color=""#000080"">★5連タイプ★</font>                        
  </td> 

  <td height=""1"" bgcolor=""#EFEFEF"" align=""center"" colspan=""3"">
    <font size=""2"" color=""#FF0000"">
    3連は1本売りもあります</font>                         
  </td> 

</tr>
 
<tr><td height=""1"" bgcolor=""#EFEFEF"" align=""center"">
    <img border=""0"" src=""http://thumbnail.image.rakuten.co.jp/@0_mall/gbt-dko/cabinet/line-tape/20865_1.jpg?_ex=160x160"">                        
  </td> 

  <td height=""1"" bgcolor=""#EFEFEF"" align=""center"">
    <img border=""0"" src=""http://thumbnail.image.rakuten.co.jp/@0_mall/gbt-dko/cabinet/line-tape/22992_1.jpg?_ex=160x160"">                         
  </td> 

  <td height=""1"" bgcolor=""#EFEFEF"" align=""center"">
 <img border=""0"" src=""http://thumbnail.image.rakuten.co.jp/@0_mall/gbt-dko/cabinet/line-tape/22993_1.jpg?_ex=160x160"">
  </td> 

  <td height=""1"" bgcolor=""#EFEFEF"" align=""center"">
    <img border=""0"" src=""http://thumbnail.image.rakuten.co.jp/@0_mall/gbt-dko/cabinet/line-tape/23488_1.jpg?_ex=160x160"">                         
  </td> 

</tr>
 
</TABLE></center><head>
<style type=""text/css"">
<!--
span.unit { background: url(https://image.rakuten.co.jp/gbt-dko/cabinet/cart_info.gif) no-repeat left top; text-indent:
-9999; display: block; width: 315; height: 422; margin:15px 0; }
-->
</style>
</head>

<center>
<table border=""0"" width=""680"" cellspacing=""0"" cellpadding=""0"">
<tr><td width=""33%""></td>
<td width=""33%""><center>
</center></td>    
<td width=""34%""></td></tr></table>    
<table border=""0"" width=""680"" height=""101"">    
<tr>    
<td width=""100%"" align=""center"" height=""18"">    
</td></tr>    
<tr><td width=""100%"" height=""29""></td></tr><tr><td width=""100%"" align=""center"" height=""13"">                  
    
</td></tr>    
<tr><td width=""100%"" height=""25"">    
<hr></td></tr>    
</table>    
<table border=""0"" width=""689"">    
<tr>    
  <td width=""682"" align=""center"">    
<img border=""0"" src=""https://image.rakuten.co.jp/gbt-dko/cabinet/topimg/x26549_pop.jpg"" width=""625"" height=""137"" alt=""ナンバーボルトキャップ"">  
  </td></tr>  
<tr>   
  <td width=""682"" align=""center"">   
<img border=""0"" src=""https://image.rakuten.co.jp/gbt-dko/cabinet/topimg/26500_pop.jpg"" width=""625"" height=""137"" alt=""ワンタッチサンキューハザードユニット"">  
  </td></tr>  
<tr>   
  <td width=""682"" align=""center"">   
<img border=""0"" src=""https://image.rakuten.co.jp/gbt-dko/cabinet/topimg/26498_pop.jpg"" width=""625"" height=""137"" alt=""ワイパウィザード"">  
  </td></tr>  
<tr>  
  <td width=""682"" align=""center"">  
<img border=""0"" src=""https://image.rakuten.co.jp/gbt-dko/cabinet/topimg/x25368_pop.jpg"" width=""625"" height=""137"" alt=""ハンモック自立式"">  
  </td></tr>  
<tr>  
  <td width=""682"" align=""center"">  
<img border=""0"" src=""https://image.rakuten.co.jp/gbt-dko/cabinet/topimg/x26710_pop.jpg"" width=""625"" height=""137"" alt=""レンガ調壁紙""> 
  </td></tr> 
<tr> 
  <td width=""682"" align=""center""> 
<img border=""0"" src=""https://image.rakuten.co.jp/gbt-dko/cabinet/topimg/25599_pop.jpg"" width=""625"" height=""137"" alt=""デイライト自動点灯キット""> 
  </td></tr> 
<tr> 
  <td width=""682"" align=""center""> 
<img border=""0"" src=""https://image.rakuten.co.jp/gbt-dko/cabinet/topimg/24973_pop.jpg"" width=""625"" height=""137"" alt=""ソーラースポットライト！""> 
  </td></tr> 
<tr> 
  <td width=""682"" align=""center""> 
<img border=""0"" src=""https://image.rakuten.co.jp/gbt-dko/cabinet/topimg/24670_pop.jpg"" width=""625"" height=""137""> 
  </td></tr> 
<tr> 
  <td width=""682"" align=""center""> 
<img border=""0"" src=""https://image.rakuten.co.jp/gbt-dko/cabinet/topimg/x24529_pop.jpg"" width=""625"" height=""274""> 
  </td></tr> 
<tr> 
  <td width=""682"" align=""center""> 
<img border=""0"" src=""https://image.rakuten.co.jp/gbt-dko/cabinet/topimg/23919bn.jpg"" width=""625"" height=""137""></td></tr> 
<tr> 
  <td width=""682"" align=""center""> 
  </td></tr> 
<tr> 
  <td width=""682"" align=""center""> 
<img border=""0"" src=""https://image.rakuten.co.jp/gbt-dko/cabinet/topimg/x24155_pop.jpg"" width=""625"" height=""275""></td></tr> 
<tr> 
  <td width=""682"" align=""center""> 
<img border=""0"" src=""https://image.rakuten.co.jp/gbt-dko/cabinet/topimg/sixthsense-pop.jpg"" width=""625"" height=""275""></td></tr> 
</table> 
<table border=""0"" width=""680""> 
<tr><td width=""50%"" height=""238""><p align=""center""><img border=""0"" src=""https://image.rakuten.co.jp/gbt-dko/cabinet/line-tape/22317_1.jpg"" width=""335"" height=""251""></p> 
</td><td width=""50%"" height=""238""><img border=""0"" src=""https://image.rakuten.co.jp/gbt-dko/cabinet/caac-allimg/24833_1r.jpg"" width=""335"" height=""251""></td> 
</tr> 
</table> 
<table border=""0"" width=""680"" height=""131""> 
<tr> 
<td width=""50%"" align=""center"" height=""89""><img border=""0"" src=""https://thumbnail.image.rakuten.co.jp/@0_mall/gbt-dko/cabinet/topimg/banner_car127.jpg?_ex=335x335""> 
</td> 
<td width=""50%"" align=""center"" height=""89""><img border=""0"" src=""https://thumbnail.image.rakuten.co.jp/@0_mall/gbt-dko/cabinet/topimg/banner_car83.jpg?_ex=335x335""></td> 
</tr> 
<tr> 
<td width=""50%"" align=""center"" height=""90""><img border=""0"" src=""https://image.rakuten.co.jp/gbt-dko/cabinet/topimg/banner_car133.gif"" width=""335"" height=""88""></td> 
<td width=""50%"" align=""center"" height=""90""><img border=""0"" src=""https://thumbnail.image.rakuten.co.jp/@0_mall/gbt-dko/cabinet/topimg/specialsale_s05.jpg?_ex=335x335""></td> 
</tr> 
<tr> 
<th width=""690"" colspan=""2"" height=""1""> 
<hr> 
<p>          
<font color=""#FF0066"">★レビューの書き方が分からない方はこちらをご覧ください⇒</font>          
</th> 
</tr> 
</table> 
 
</center>",LEDテープ デイライト LED エアコン内部のイルミや、フットランプ 3chip SMD3連 ブルー1本 BOX照明|ledテープ テープled ledテープライト ledライト テープライト 車用 テープライトled ledデイライト ドレスアップ 車 イルミネーション 車用品 カー用品 ダイコン卸 直販部：ダイコン卸　直販部,イルミネーション クリスマス ソーラークリスマスツリー おしゃれLED ウインカー テールランプ ルームランプＨＩＤキットHIDキット H1 H3 H4 H7 H8 H11 HB3 HB4フォグランプHIDキセノンハイフラ防止抵抗器T10 T16 T20 S25カー用品 カーパーツ地デジアンテナGPSアンテナオンダッシュモニタープリウスアクアハイエースヴェルファイアステップワゴンN boxウイポジLEDテープ デイライト LED エアコン内部のイルミや、フットランプ 3chip SMD3連 ブルー1本 BOX照明|ledテープ テープled ledテープライト ledライト テープライト 車用 テープライトled ledデイライト ドレスアップ 車 イルミネーション 車用品 カー用品 ダイコン卸 直販部,ledテープ LEDドレスアップの可能性無限大&infin;。LEDテープ デイライト LED エアコン内部のイルミや、フットランプ 3chip SMD3連 ブルー1本 BOX照明|ledテープ テープled ledテープライト ledライト テープライト 車用 テープライトled ledデイライト ドレスアップ 車 イルミネーション 車用品 カー用品 ダイコン卸 直販部[rn]
5-63988,http://tshop.r10s.jp/gbt-dko/cabinet/line-tape/22922_1.jpg?fitin=700:700,8228.8000,,車用品・バイク用品 > カー用品 > ライト・ランプ > ネオン管,ledテープ 流れる　フルカラーRGBテープLEDアンダーライト延長キットB|ledテープ テープled ledテープライト ledライト テープライト 車用 アンダー アンダーライト テープライトled  ドレスアップ 流れるledテープ 車 イルミネーション 車用品 カー用品 ダイコン卸 直販部,LEDテープ 流れるフルカラーRGBテープLED用！,"<center>
<TABLE BORDER=0 cellspacing=0 CELLPADDING=0 width=680 height=""50"">
<tr><th height=""1"" align=""center"" width=""680"">

<img border=""0"" src=""http://image.rakuten.co.jp/gbt-dko/cabinet/topimg/m_magazine.gif"" width=""680"" height=""50"">
</th></tr></TABLE></center><br><br><center>
<TABLE BORDER=0 cellspacing=3 CELLPADDING=3 width=650 height=""495"" bordercolor=""#C0C0C0"">
         
</center>       
         
<TR>
  <TH ALIGN=center VALIGN=middle BGCOLOR=#000000 colspan=3 height=""45"" width=""650""><font color=""#FFFF00"" size=""4"">★</font><font color=""#FFFFFF"" size=""4"">RGBアンダーライトのラインナップ！</font><font color=""#FFFF00"" size=""4"">★</font></th></tr>                            
            
<center>
            
<tr><td height=""161"" bgcolor=""#DDDDDD"" align=""center"" width=""221"" valign=""middle"">          
 <img border=""0"" src=""http://thumbnail.image.rakuten.co.jp/@0_mall/gbt-dko/cabinet/line-tape/22162_1.jpg?_ex=210x210"">          
  </td>           
          
  <td height=""161"" bgcolor=""#DDDDDD"" align=""center"" width=""221"" valign=""middle"">          
 <img border=""0"" src=""http://thumbnail.image.rakuten.co.jp/@0_mall/gbt-dko/cabinet/line-tape/22912_1.jpg?_ex=210x210"">          
  </td>           
          
  <td height=""161"" bgcolor=""#DDDDDD"" align=""center"" width=""220"" valign=""middle"">          
 <img border=""0"" src=""http://thumbnail.image.rakuten.co.jp/@0_mall/gbt-dko/cabinet/line-tape/22913_1.jpg?_ex=210x210"">          
  </td>           
          
</tr>          
           
<tr><td height=""1"" bgcolor=""#DDDDDD"" align=""center"" width=""221"">          
 <img border=""0"" src=""http://thumbnail.image.rakuten.co.jp/@0_mall/gbt-dko/cabinet/line-tape/22914_1.jpg?_ex=210x210"">          
  </td>           
          
  <td height=""1"" bgcolor=""#DDDDDD"" align=""center"" width=""221"">          
 <img border=""0"" src=""http://thumbnail.image.rakuten.co.jp/@0_mall/gbt-dko/cabinet/line-tape/22915_1.jpg?_ex=210x210"">          
  </td>           
          
  <td height=""1"" bgcolor=""#DDDDDD"" align=""center"" width=""220"">          
 <img border=""0"" src=""http://thumbnail.image.rakuten.co.jp/@0_mall/gbt-dko/cabinet/line-tape/22916_1.jpg?_ex=210x210"">          
  </td>           
          
</tr>          
           
<tr><td height=""1"" bgcolor=""#DDDDDD"" align=""center"" width=""221"">          
 <img border=""0"" src=""http://thumbnail.image.rakuten.co.jp/@0_mall/gbt-dko/cabinet/line-tape/22918_1.jpg?_ex=210x210"">          
  </td>           
          
  <td height=""1"" bgcolor=""#DDDDDD"" align=""center"" width=""221"">          
 <img border=""0"" src=""http://thumbnail.image.rakuten.co.jp/@0_mall/gbt-dko/cabinet/line-tape/22317_1.jpg?_ex=210x210"">
  </td>           
          
  <td height=""1"" bgcolor=""#DDDDDD"" align=""center"" width=""220"">          
 <img border=""0"" src=""http://thumbnail.image.rakuten.co.jp/@0_mall/gbt-dko/cabinet/line-tape/21818_1.jpg?_ex=210x210"">          
  </td>           
          
</tr>          
           
<tr><td height=""1"" align=""center"" width=""662"" colspan=""3"">          
 <img border=""0"" src=""http://thumbnail.image.rakuten.co.jp/@0_mall/gbt-dko/cabinet/topimg/repair_logo.jpg?_ex=600x600"">          
  </td>           
          
</tr>          
           
</TABLE></center><head>
<style type=""text/css"">
<!--
span.unit { background: url(https://image.rakuten.co.jp/gbt-dko/cabinet/cart_info.gif) no-repeat left top; text-indent:
-9999; display: block; width: 315; height: 422; margin:15px 0; }
-->
</style>
</head>

<center>
<table border=""0"" width=""680"" cellspacing=""0"" cellpadding=""0"">
<tr><td width=""33%""></td>
<td width=""33%""><center>
</center></td>    
<td width=""34%""></td></tr></table>    
<table border=""0"" width=""680"" height=""101"">    
<tr>    
<td width=""100%"" align=""center"" height=""18"">    
</td></tr>    
<tr><td width=""100%"" height=""29""></td></tr><tr><td width=""100%"" align=""center"" height=""13"">                  
    
</td></tr>    
<tr><td width=""100%"" height=""25"">    
<hr></td></tr>    
</table>    
<table border=""0"" width=""689"">    
<tr>    
  <td width=""682"" align=""center"">    
<img border=""0"" src=""https://image.rakuten.co.jp/gbt-dko/cabinet/topimg/x26549_pop.jpg"" width=""625"" height=""137"" alt=""ナンバーボルトキャップ"">  
  </td></tr>  
<tr>   
  <td width=""682"" align=""center"">   
<img border=""0"" src=""https://image.rakuten.co.jp/gbt-dko/cabinet/topimg/26500_pop.jpg"" width=""625"" height=""137"" alt=""ワンタッチサンキューハザードユニット"">  
  </td></tr>  
<tr>   
  <td width=""682"" align=""center"">   
<img border=""0"" src=""https://image.rakuten.co.jp/gbt-dko/cabinet/topimg/26498_pop.jpg"" width=""625"" height=""137"" alt=""ワイパウィザード"">  
  </td></tr>  
<tr>  
  <td width=""682"" align=""center"">  
<img border=""0"" src=""https://image.rakuten.co.jp/gbt-dko/cabinet/topimg/x25368_pop.jpg"" width=""625"" height=""137"" alt=""ハンモック自立式"">  
  </td></tr>  
<tr>  
  <td width=""682"" align=""center"">  
<img border=""0"" src=""https://image.rakuten.co.jp/gbt-dko/cabinet/topimg/x26710_pop.jpg"" width=""625"" height=""137"" alt=""レンガ調壁紙""> 
  </td></tr> 
<tr> 
  <td width=""682"" align=""center""> 
<img border=""0"" src=""https://image.rakuten.co.jp/gbt-dko/cabinet/topimg/25599_pop.jpg"" width=""625"" height=""137"" alt=""デイライト自動点灯キット""> 
  </td></tr> 
<tr> 
  <td width=""682"" align=""center""> 
<img border=""0"" src=""https://image.rakuten.co.jp/gbt-dko/cabinet/topimg/24973_pop.jpg"" width=""625"" height=""137"" alt=""ソーラースポットライト！""> 
  </td></tr> 
<tr> 
  <td width=""682"" align=""center""> 
<img border=""0"" src=""https://image.rakuten.co.jp/gbt-dko/cabinet/topimg/24670_pop.jpg"" width=""625"" height=""137""> 
  </td></tr> 
<tr> 
  <td width=""682"" align=""center""> 
<img border=""0"" src=""https://image.rakuten.co.jp/gbt-dko/cabinet/topimg/x24529_pop.jpg"" width=""625"" height=""274""> 
  </td></tr> 
<tr> 
  <td width=""682"" align=""center""> 
<img border=""0"" src=""https://image.rakuten.co.jp/gbt-dko/cabinet/topimg/23919bn.jpg"" width=""625"" height=""137""></td></tr> 
<tr> 
  <td width=""682"" align=""center""> 
  </td></tr> 
<tr> 
  <td width=""682"" align=""center""> 
<img border=""0"" src=""https://image.rakuten.co.jp/gbt-dko/cabinet/topimg/x24155_pop.jpg"" width=""625"" height=""275""></td></tr> 
<tr> 
  <td width=""682"" align=""center""> 
<img border=""0"" src=""https://image.rakuten.co.jp/gbt-dko/cabinet/topimg/sixthsense-pop.jpg"" width=""625"" height=""275""></td></tr> 
</table> 
<table border=""0"" width=""680""> 
<tr><td width=""50%"" height=""238""><p align=""center""><img border=""0"" src=""https://image.rakuten.co.jp/gbt-dko/cabinet/line-tape/22317_1.jpg"" width=""335"" height=""251""></p> 
</td><td width=""50%"" height=""238""><img border=""0"" src=""https://image.rakuten.co.jp/gbt-dko/cabinet/caac-allimg/24833_1r.jpg"" width=""335"" height=""251""></td> 
</tr> 
</table> 
<table border=""0"" width=""680"" height=""131""> 
<tr> 
<td width=""50%"" align=""center"" height=""89""><img border=""0"" src=""https://thumbnail.image.rakuten.co.jp/@0_mall/gbt-dko/cabinet/topimg/banner_car127.jpg?_ex=335x335""> 
</td> 
<td width=""50%"" align=""center"" height=""89""><img border=""0"" src=""https://thumbnail.image.rakuten.co.jp/@0_mall/gbt-dko/cabinet/topimg/banner_car83.jpg?_ex=335x335""></td> 
</tr> 
<tr> 
<td width=""50%"" align=""center"" height=""90""><img border=""0"" src=""https://image.rakuten.co.jp/gbt-dko/cabinet/topimg/banner_car133.gif"" width=""335"" height=""88""></td> 
<td width=""50%"" align=""center"" height=""90""><img border=""0"" src=""https://thumbnail.image.rakuten.co.jp/@0_mall/gbt-dko/cabinet/topimg/specialsale_s05.jpg?_ex=335x335""></td> 
</tr> 
<tr> 
<th width=""690"" colspan=""2"" height=""1""> 
<hr> 
<p>          
<font color=""#FF0066"">★レビューの書き方が分からない方はこちらをご覧ください⇒</font>          
</th> 
</tr> 
</table> 
 
</center>",ledテープ 流れる　フルカラーRGBテープLEDアンダーライト延長キットB|ledテープ テープled ledテープライト ledライト テープライト 車用 アンダー アンダーライト テープライトled  ドレスアップ 流れるledテープ 車 イルミネーション 車用品 カー用品 ダイコン卸 直販部：ダイコン卸　直販部,イルミネーション クリスマス ソーラークリスマスツリー おしゃれLED ウインカー テールランプ ルームランプＨＩＤキットHIDキット H1 H3 H4 H7 H8 H11 HB3 HB4フォグランプHIDキセノンハイフラ防止抵抗器T10 T16 T20 S25カー用品 カーパーツ地デジアンテナGPSアンテナオンダッシュモニタープリウスアクアハイエースヴェルファイアステップワゴンN boxウイポジledテープ 流れる　フルカラーRGBテープLEDアンダーライト延長キットB|ledテープ テープled ledテープライト ledライト テープライト 車用 アンダー アンダーライト テープライトled  ドレスアップ 流れるledテープ 車 イルミネーション 車用品 カー用品 ダイコン卸 直販部,LEDテープ 流れるフルカラーRGBテープLED用！。ledテープ 流れる　フルカラーRGBテープLEDアンダーライト延長キットB|ledテープ テープled ledテープライト ledライト テープライト 車用 アンダー アンダーライト テープライトled  ドレスアップ 流れるledテープ 車 イルミネーション 車用品 カー用品 ダイコン卸 直販部[rn]
5-63989,http://tshop.r10s.jp/gbt-dko/cabinet/line-tape/22200_1.jpg?fitin=700:700,594.4000,,車用品・バイク用品 > カー用品 > ライト・ランプ > ネオン管,LEDテープ 3chip SMD3連テープLED　ピンク×2本set デイライト・BOX照明・足下照明・カーテシにも|ledテープ テープled ledテープライト ledライト テープライト 車用 テープライトled ledデイライト ドレスアップ 車 イルミネーション 車用品 カー用品 ダイコン卸 直販部,LEDテープ 3chip SMD3連テープLED　ピンク&times;2本set,"<center>
<TABLE BORDER=0 cellspacing=0 CELLPADDING=0 width=680 height=""50"">
<tr><th height=""1"" align=""center"" width=""680"">

<img border=""0"" src=""http://image.rakuten.co.jp/gbt-dko/cabinet/topimg/m_magazine.gif"" width=""680"" height=""50"">
</th></tr></TABLE></center><br><br><center>
<TABLE BORDER=0 cellspacing=3 CELLPADDING=3 width=650 height=""277"" bordercolor=""#C0C0C0"">
<TR>
  <TH ALIGN=center VALIGN=middle BGCOLOR=#000080 COLSPAN=4 height=""35""><font size=""4"" color=""#FFFF00"">◆ちょっとテープ全ラインナップ！</font></th></tr>
  
<tr><td height=""1"" bgcolor=""#EFEFEF"" align=""center"">
 <img border=""0"" src=""http://thumbnail.image.rakuten.co.jp/@0_mall/gbt-dko/cabinet/line-tape/22195_1.jpg?_ex=160x160"">
  </td> 

  <td height=""1"" bgcolor=""#EFEFEF"" align=""center"">
 <img border=""0"" src=""http://thumbnail.image.rakuten.co.jp/@0_mall/gbt-dko/cabinet/line-tape/22196_1.jpg?_ex=160x160"">
  </td> 

  <td height=""1"" bgcolor=""#EFEFEF"" align=""center"">
    <img border=""0"" src=""http://thumbnail.image.rakuten.co.jp/@0_mall/gbt-dko/cabinet/line-tape/22197_1.jpg?_ex=160x160"">                         
  </td> 

  <td height=""1"" bgcolor=""#EFEFEF"" align=""center"">
 <img border=""0"" src=""http://thumbnail.image.rakuten.co.jp/@0_mall/gbt-dko/cabinet/line-tape/23465_1.jpg?_ex=160x160"">
  </td> 

</tr>
 
<tr><td height=""1"" bgcolor=""#EFEFEF"" align=""center"">
    <img border=""0"" src=""http://thumbnail.image.rakuten.co.jp/@0_mall/gbt-dko/cabinet/line-tape/22198_1.jpg?_ex=160x160"">                         
  </td> 

  <td height=""1"" bgcolor=""#EFEFEF"" align=""center"">
    <img border=""0"" src=""http://thumbnail.image.rakuten.co.jp/@0_mall/gbt-dko/cabinet/line-tape/22199_1.jpg?_ex=160x160"">                         
  </td> 

  <td height=""1"" bgcolor=""#EFEFEF"" align=""center"">
 <img border=""0"" src=""http://thumbnail.image.rakuten.co.jp/@0_mall/gbt-dko/cabinet/line-tape/22200_1.jpg?_ex=160x160"">
  </td> 

  <td height=""1"" bgcolor=""#EFEFEF"" align=""center"">
    <img border=""0"" src=""http://thumbnail.image.rakuten.co.jp/@0_mall/gbt-dko/cabinet/line-tape/23467_1.jpg?_ex=160x160"">                         
  </td> 

</tr>
 
<tr><td height=""1"" bgcolor=""#EFEFEF"" align=""center"" colspan=""4"">
    <hr>
  </td> 

</tr>
 
<tr><td height=""1"" bgcolor=""#EFEFEF"" align=""center"">
    <font size=""2"" color=""#000080"">★5連タイプ★</font>                        
  </td> 

  <td height=""1"" bgcolor=""#EFEFEF"" align=""center"" colspan=""3"">
    <font size=""2"" color=""#FF0000"">
    3連は1本売りもあります</font>                         
  </td> 

</tr>
 
<tr><td height=""1"" bgcolor=""#EFEFEF"" align=""center"">
    <img border=""0"" src=""http://thumbnail.image.rakuten.co.jp/@0_mall/gbt-dko/cabinet/line-tape/20865_1.jpg?_ex=160x160"">                        
  </td> 

  <td height=""1"" bgcolor=""#EFEFEF"" align=""center"">
    <img border=""0"" src=""http://thumbnail.image.rakuten.co.jp/@0_mall/gbt-dko/cabinet/line-tape/22992_1.jpg?_ex=160x160"">                         
  </td> 

  <td height=""1"" bgcolor=""#EFEFEF"" align=""center"">
 <img border=""0"" src=""http://thumbnail.image.rakuten.co.jp/@0_mall/gbt-dko/cabinet/line-tape/22993_1.jpg?_ex=160x160"">
  </td> 

  <td height=""1"" bgcolor=""#EFEFEF"" align=""center"">
    <img border=""0"" src=""http://thumbnail.image.rakuten.co.jp/@0_mall/gbt-dko/cabinet/line-tape/23488_1.jpg?_ex=160x160"">                         
  </td> 

</tr>
 
</TABLE></center><head>
<style type=""text/css"">
<!--
span.unit { background: url(https://image.rakuten.co.jp/gbt-dko/cabinet/cart_info.gif) no-repeat left top; text-indent:
-9999; display: block; width: 315; height: 422; margin:15px 0; }
-->
</style>
</head>

<center>
<table border=""0"" width=""680"" cellspacing=""0"" cellpadding=""0"">
<tr><td width=""33%""></td>
<td width=""33%""><center>
</center></td>    
<td width=""34%""></td></tr></table>    
<table border=""0"" width=""680"" height=""101"">    
<tr>    
<td width=""100%"" align=""center"" height=""18"">    
</td></tr>    
<tr><td width=""100%"" height=""29""></td></tr><tr><td width=""100%"" align=""center"" height=""13"">                  
    
</td></tr>    
<tr><td width=""100%"" height=""25"">    
<hr></td></tr>    
</table>    
<table border=""0"" width=""689"">    
<tr>    
  <td width=""682"" align=""center"">    
<img border=""0"" src=""https://image.rakuten.co.jp/gbt-dko/cabinet/topimg/x26549_pop.jpg"" width=""625"" height=""137"" alt=""ナンバーボルトキャップ"">  
  </td></tr>  
<tr>   
  <td width=""682"" align=""center"">   
<img border=""0"" src=""https://image.rakuten.co.jp/gbt-dko/cabinet/topimg/26500_pop.jpg"" width=""625"" height=""137"" alt=""ワンタッチサンキューハザードユニット"">  
  </td></tr>  
<tr>   
  <td width=""682"" align=""center"">   
<img border=""0"" src=""https://image.rakuten.co.jp/gbt-dko/cabinet/topimg/26498_pop.jpg"" width=""625"" height=""137"" alt=""ワイパウィザード"">  
  </td></tr>  
<tr>  
  <td width=""682"" align=""center"">  
<img border=""0"" src=""https://image.rakuten.co.jp/gbt-dko/cabinet/topimg/x25368_pop.jpg"" width=""625"" height=""137"" alt=""ハンモック自立式"">  
  </td></tr>  
<tr>  
  <td width=""682"" align=""center"">  
<img border=""0"" src=""https://image.rakuten.co.jp/gbt-dko/cabinet/topimg/x26710_pop.jpg"" width=""625"" height=""137"" alt=""レンガ調壁紙""> 
  </td></tr> 
<tr> 
  <td width=""682"" align=""center""> 
<img border=""0"" src=""https://image.rakuten.co.jp/gbt-dko/cabinet/topimg/25599_pop.jpg"" width=""625"" height=""137"" alt=""デイライト自動点灯キット""> 
  </td></tr> 
<tr> 
  <td width=""682"" align=""center""> 
<img border=""0"" src=""https://image.rakuten.co.jp/gbt-dko/cabinet/topimg/24973_pop.jpg"" width=""625"" height=""137"" alt=""ソーラースポットライト！""> 
  </td></tr> 
<tr> 
  <td width=""682"" align=""center""> 
<img border=""0"" src=""https://image.rakuten.co.jp/gbt-dko/cabinet/topimg/24670_pop.jpg"" width=""625"" height=""137""> 
  </td></tr> 
<tr> 
  <td width=""682"" align=""center""> 
<img border=""0"" src=""https://image.rakuten.co.jp/gbt-dko/cabinet/topimg/x24529_pop.jpg"" width=""625"" height=""274""> 
  </td></tr> 
<tr> 
  <td width=""682"" align=""center""> 
<img border=""0"" src=""https://image.rakuten.co.jp/gbt-dko/cabinet/topimg/23919bn.jpg"" width=""625"" height=""137""></td></tr> 
<tr> 
  <td width=""682"" align=""center""> 
  </td></tr> 
<tr> 
  <td width=""682"" align=""center""> 
<img border=""0"" src=""https://image.rakuten.co.jp/gbt-dko/cabinet/topimg/x24155_pop.jpg"" width=""625"" height=""275""></td></tr> 
<tr> 
  <td width=""682"" align=""center""> 
<img border=""0"" src=""https://image.rakuten.co.jp/gbt-dko/cabinet/topimg/sixthsense-pop.jpg"" width=""625"" height=""275""></td></tr> 
</table> 
<table border=""0"" width=""680""> 
<tr><td width=""50%"" height=""238""><p align=""center""><img border=""0"" src=""https://image.rakuten.co.jp/gbt-dko/cabinet/line-tape/22317_1.jpg"" width=""335"" height=""251""></p> 
</td><td width=""50%"" height=""238""><img border=""0"" src=""https://image.rakuten.co.jp/gbt-dko/cabinet/caac-allimg/24833_1r.jpg"" width=""335"" height=""251""></td> 
</tr> 
</table> 
<table border=""0"" width=""680"" height=""131""> 
<tr> 
<td width=""50%"" align=""center"" height=""89""><img border=""0"" src=""https://thumbnail.image.rakuten.co.jp/@0_mall/gbt-dko/cabinet/topimg/banner_car127.jpg?_ex=335x335""> 
</td> 
<td width=""50%"" align=""center"" height=""89""><img border=""0"" src=""https://thumbnail.image.rakuten.co.jp/@0_mall/gbt-dko/cabinet/topimg/banner_car83.jpg?_ex=335x335""></td> 
</tr> 
<tr> 
<td width=""50%"" align=""center"" height=""90""><img border=""0"" src=""https://image.rakuten.co.jp/gbt-dko/cabinet/topimg/banner_car133.gif"" width=""335"" height=""88""></td> 
<td width=""50%"" align=""center"" height=""90""><img border=""0"" src=""https://thumbnail.image.rakuten.co.jp/@0_mall/gbt-dko/cabinet/topimg/specialsale_s05.jpg?_ex=335x335""></td> 
</tr> 
<tr> 
<th width=""690"" colspan=""2"" height=""1""> 
<hr> 
<p>          
<font color=""#FF0066"">★レビューの書き方が分からない方はこちらをご覧ください⇒</font>          
</th> 
</tr> 
</table> 
 
</center>",LEDテープ 3chip SMD3連テープLED　ピンク&times;2本set デイライト・BOX照明・足下照明・カーテシにも|ledテープ テープled ledテープライト ledライト テープライト 車用 テープライトled ledデイライト ドレスアップ 車 イルミネーション 車用品 カー用品 ダイコン卸 直販部：ダイコン卸　直販部,イルミネーション クリスマス ソーラークリスマスツリー おしゃれLED ウインカー テールランプ ルームランプＨＩＤキットHIDキット H1 H3 H4 H7 H8 H11 HB3 HB4フォグランプHIDキセノンハイフラ防止抵抗器T10 T16 T20 S25カー用品 カーパーツ地デジアンテナGPSアンテナオンダッシュモニタープリウスアクアハイエースヴェルファイアステップワゴンN boxウイポジLEDテープ 3chip SMD3連テープLED　ピンク&times;2本set デイライト・BOX照明・足下照明・カーテシにも|ledテープ テープled ledテープライト ledライト テープライト 車用 テープライトled ledデイライト ドレスアップ 車 イルミネーション 車用品 カー用品 ダイコン卸 直販部,LEDテープ 3chip SMD3連テープLED　ピンク&times;2本set 。LEDテープ 3chip SMD3連テープLED　ピンク&times;2本set デイライト・BOX照明・足下照明・カーテシにも|ledテープ テープled ledテープライト ledライト テープライト 車用 テープライトled ledデイライト ドレスアップ 車 イルミネーション 車用品 カー用品 ダイコン卸 直販部[rn]
5-63990,http://tshop.r10s.jp/gbt-dko/cabinet/line-tape/22199_1.jpg?fitin=700:700,594.4000,,車用品・バイク用品 > カー用品 > ライト・ランプ > ネオン管,LEDテープ 3chip SMD3連テープLED　ブルー×2本set デイライト・BOX照明・足下照明・カーテシにも|ledテープ テープled ledテープライト ledライト テープライト 車用 テープライトled ledデイライト ドレスアップ 車 イルミネーション 車用品 カー用品 ダイコン卸 直販部,ledテープ LEDドレスアップの可能性無限大&infin;,"<center>
<TABLE BORDER=0 cellspacing=0 CELLPADDING=0 width=680 height=""50"">
<tr><th height=""1"" align=""center"" width=""680"">

<img border=""0"" src=""http://image.rakuten.co.jp/gbt-dko/cabinet/topimg/m_magazine.gif"" width=""680"" height=""50"">
</th></tr></TABLE></center><br><br><center>
<TABLE BORDER=0 cellspacing=3 CELLPADDING=3 width=650 height=""277"" bordercolor=""#C0C0C0"">
<TR>
  <TH ALIGN=center VALIGN=middle BGCOLOR=#000080 COLSPAN=4 height=""35""><font size=""4"" color=""#FFFF00"">◆ちょっとテープ全ラインナップ！</font></th></tr>
  
<tr><td height=""1"" bgcolor=""#EFEFEF"" align=""center"">
 <img border=""0"" src=""http://thumbnail.image.rakuten.co.jp/@0_mall/gbt-dko/cabinet/line-tape/22195_1.jpg?_ex=160x160"">
  </td> 

  <td height=""1"" bgcolor=""#EFEFEF"" align=""center"">
 <img border=""0"" src=""http://thumbnail.image.rakuten.co.jp/@0_mall/gbt-dko/cabinet/line-tape/22196_1.jpg?_ex=160x160"">
  </td> 

  <td height=""1"" bgcolor=""#EFEFEF"" align=""center"">
    <img border=""0"" src=""http://thumbnail.image.rakuten.co.jp/@0_mall/gbt-dko/cabinet/line-tape/22197_1.jpg?_ex=160x160"">                         
  </td> 

  <td height=""1"" bgcolor=""#EFEFEF"" align=""center"">
 <img border=""0"" src=""http://thumbnail.image.rakuten.co.jp/@0_mall/gbt-dko/cabinet/line-tape/23465_1.jpg?_ex=160x160"">
  </td> 

</tr>
 
<tr><td height=""1"" bgcolor=""#EFEFEF"" align=""center"">
    <img border=""0"" src=""http://thumbnail.image.rakuten.co.jp/@0_mall/gbt-dko/cabinet/line-tape/22198_1.jpg?_ex=160x160"">                         
  </td> 

  <td height=""1"" bgcolor=""#EFEFEF"" align=""center"">
    <img border=""0"" src=""http://thumbnail.image.rakuten.co.jp/@0_mall/gbt-dko/cabinet/line-tape/22199_1.jpg?_ex=160x160"">                         
  </td> 

  <td height=""1"" bgcolor=""#EFEFEF"" align=""center"">
 <img border=""0"" src=""http://thumbnail.image.rakuten.co.jp/@0_mall/gbt-dko/cabinet/line-tape/22200_1.jpg?_ex=160x160"">
  </td> 

  <td height=""1"" bgcolor=""#EFEFEF"" align=""center"">
    <img border=""0"" src=""http://thumbnail.image.rakuten.co.jp/@0_mall/gbt-dko/cabinet/line-tape/23467_1.jpg?_ex=160x160"">                         
  </td> 

</tr>
 
<tr><td height=""1"" bgcolor=""#EFEFEF"" align=""center"" colspan=""4"">
    <hr>
  </td> 

</tr>
 
<tr><td height=""1"" bgcolor=""#EFEFEF"" align=""center"">
    <font size=""2"" color=""#000080"">★5連タイプ★</font>                        
  </td> 

  <td height=""1"" bgcolor=""#EFEFEF"" align=""center"" colspan=""3"">
    <font size=""2"" color=""#FF0000"">
    3連は1本売りもあります</font>                         
  </td> 

</tr>
 
<tr><td height=""1"" bgcolor=""#EFEFEF"" align=""center"">
    <img border=""0"" src=""http://thumbnail.image.rakuten.co.jp/@0_mall/gbt-dko/cabinet/line-tape/20865_1.jpg?_ex=160x160"">                        
  </td> 

  <td height=""1"" bgcolor=""#EFEFEF"" align=""center"">
    <img border=""0"" src=""http://thumbnail.image.rakuten.co.jp/@0_mall/gbt-dko/cabinet/line-tape/22992_1.jpg?_ex=160x160"">                         
  </td> 

  <td height=""1"" bgcolor=""#EFEFEF"" align=""center"">
 <img border=""0"" src=""http://thumbnail.image.rakuten.co.jp/@0_mall/gbt-dko/cabinet/line-tape/22993_1.jpg?_ex=160x160"">
  </td> 

  <td height=""1"" bgcolor=""#EFEFEF"" align=""center"">
    <img border=""0"" src=""http://thumbnail.image.rakuten.co.jp/@0_mall/gbt-dko/cabinet/line-tape/23488_1.jpg?_ex=160x160"">                         
  </td> 

</tr>
 
</TABLE></center><head>
<style type=""text/css"">
<!--
span.unit { background: url(https://image.rakuten.co.jp/gbt-dko/cabinet/cart_info.gif) no-repeat left top; text-indent:
-9999; display: block; width: 315; height: 422; margin:15px 0; }
-->
</style>
</head>

<center>
<table border=""0"" width=""680"" cellspacing=""0"" cellpadding=""0"">
<tr><td width=""33%""></td>
<td width=""33%""><center>
</center></td>    
<td width=""34%""></td></tr></table>    
<table border=""0"" width=""680"" height=""101"">    
<tr>    
<td width=""100%"" align=""center"" height=""18"">    
</td></tr>    
<tr><td width=""100%"" height=""29""></td></tr><tr><td width=""100%"" align=""center"" height=""13"">                  
    
</td></tr>    
<tr><td width=""100%"" height=""25"">    
<hr></td></tr>    
</table>    
<table border=""0"" width=""689"">    
<tr>    
  <td width=""682"" align=""center"">    
<img border=""0"" src=""https://image.rakuten.co.jp/gbt-dko/cabinet/topimg/x26549_pop.jpg"" width=""625"" height=""137"" alt=""ナンバーボルトキャップ"">  
  </td></tr>  
<tr>   
  <td width=""682"" align=""center"">   
<img border=""0"" src=""https://image.rakuten.co.jp/gbt-dko/cabinet/topimg/26500_pop.jpg"" width=""625"" height=""137"" alt=""ワンタッチサンキューハザードユニット"">  
  </td></tr>  
<tr>   
  <td width=""682"" align=""center"">   
<img border=""0"" src=""https://image.rakuten.co.jp/gbt-dko/cabinet/topimg/26498_pop.jpg"" width=""625"" height=""137"" alt=""ワイパウィザード"">  
  </td></tr>  
<tr>  
  <td width=""682"" align=""center"">  
<img border=""0"" src=""https://image.rakuten.co.jp/gbt-dko/cabinet/topimg/x25368_pop.jpg"" width=""625"" height=""137"" alt=""ハンモック自立式"">  
  </td></tr>  
<tr>  
  <td width=""682"" align=""center"">  
<img border=""0"" src=""https://image.rakuten.co.jp/gbt-dko/cabinet/topimg/x26710_pop.jpg"" width=""625"" height=""137"" alt=""レンガ調壁紙""> 
  </td></tr> 
<tr> 
  <td width=""682"" align=""center""> 
<img border=""0"" src=""https://image.rakuten.co.jp/gbt-dko/cabinet/topimg/25599_pop.jpg"" width=""625"" height=""137"" alt=""デイライト自動点灯キット""> 
  </td></tr> 
<tr> 
  <td width=""682"" align=""center""> 
<img border=""0"" src=""https://image.rakuten.co.jp/gbt-dko/cabinet/topimg/24973_pop.jpg"" width=""625"" height=""137"" alt=""ソーラースポットライト！""> 
  </td></tr> 
<tr> 
  <td width=""682"" align=""center""> 
<img border=""0"" src=""https://image.rakuten.co.jp/gbt-dko/cabinet/topimg/24670_pop.jpg"" width=""625"" height=""137""> 
  </td></tr> 
<tr> 
  <td width=""682"" align=""center""> 
<img border=""0"" src=""https://image.rakuten.co.jp/gbt-dko/cabinet/topimg/x24529_pop.jpg"" width=""625"" height=""274""> 
  </td></tr> 
<tr> 
  <td width=""682"" align=""center""> 
<img border=""0"" src=""https://image.rakuten.co.jp/gbt-dko/cabinet/topimg/23919bn.jpg"" width=""625"" height=""137""></td></tr> 
<tr> 
  <td width=""682"" align=""center""> 
  </td></tr> 
<tr> 
  <td width=""682"" align=""center""> 
<img border=""0"" src=""https://image.rakuten.co.jp/gbt-dko/cabinet/topimg/x24155_pop.jpg"" width=""625"" height=""275""></td></tr> 
<tr> 
  <td width=""682"" align=""center""> 
<img border=""0"" src=""https://image.rakuten.co.jp/gbt-dko/cabinet/topimg/sixthsense-pop.jpg"" width=""625"" height=""275""></td></tr> 
</table> 
<table border=""0"" width=""680""> 
<tr><td width=""50%"" height=""238""><p align=""center""><img border=""0"" src=""https://image.rakuten.co.jp/gbt-dko/cabinet/line-tape/22317_1.jpg"" width=""335"" height=""251""></p> 
</td><td width=""50%"" height=""238""><img border=""0"" src=""https://image.rakuten.co.jp/gbt-dko/cabinet/caac-allimg/24833_1r.jpg"" width=""335"" height=""251""></td> 
</tr> 
</table> 
<table border=""0"" width=""680"" height=""131""> 
<tr> 
<td width=""50%"" align=""center"" height=""89""><img border=""0"" src=""https://thumbnail.image.rakuten.co.jp/@0_mall/gbt-dko/cabinet/topimg/banner_car127.jpg?_ex=335x335""> 
</td> 
<td width=""50%"" align=""center"" height=""89""><img border=""0"" src=""https://thumbnail.image.rakuten.co.jp/@0_mall/gbt-dko/cabinet/topimg/banner_car83.jpg?_ex=335x335""></td> 
</tr> 
<tr> 
<td width=""50%"" align=""center"" height=""90""><img border=""0"" src=""https://image.rakuten.co.jp/gbt-dko/cabinet/topimg/banner_car133.gif"" width=""335"" height=""88""></td> 
<td width=""50%"" align=""center"" height=""90""><img border=""0"" src=""https://thumbnail.image.rakuten.co.jp/@0_mall/gbt-dko/cabinet/topimg/specialsale_s05.jpg?_ex=335x335""></td> 
</tr> 
<tr> 
<th width=""690"" colspan=""2"" height=""1""> 
<hr> 
<p>          
<font color=""#FF0066"">★レビューの書き方が分からない方はこちらをご覧ください⇒</font>          
</th> 
</tr> 
</table> 
 
</center>",LEDテープ 3chip SMD3連テープLED　ブルー&times;2本set デイライト・BOX照明・足下照明・カーテシにも|ledテープ テープled ledテープライト ledライト テープライト 車用 テープライトled ledデイライト ドレスアップ 車 イルミネーション 車用品 カー用品 ダイコン卸 直販部：ダイコン卸　直販部,イルミネーション クリスマス ソーラークリスマスツリー おしゃれLED ウインカー テールランプ ルームランプＨＩＤキットHIDキット H1 H3 H4 H7 H8 H11 HB3 HB4フォグランプHIDキセノンハイフラ防止抵抗器T10 T16 T20 S25カー用品 カーパーツ地デジアンテナGPSアンテナオンダッシュモニタープリウスアクアハイエースヴェルファイアステップワゴンN boxウイポジLEDテープ 3chip SMD3連テープLED　ブルー&times;2本set デイライト・BOX照明・足下照明・カーテシにも|ledテープ テープled ledテープライト ledライト テープライト 車用 テープライトled ledデイライト ドレスアップ 車 イルミネーション 車用品 カー用品 ダイコン卸 直販部,ledテープ LEDドレスアップの可能性無限大&infin;。LEDテープ 3chip SMD3連テープLED　ブルー&times;2本set デイライト・BOX照明・足下照明・カーテシにも|ledテープ テープled ledテープライト ledライト テープライト 車用 テープライトled ledデイライト ドレスアップ 車 イルミネーション 車用品 カー用品 ダイコン卸 直販部[rn]
5-63991,http://tshop.r10s.jp/gbt-dko/cabinet/line-tape/22198_1.jpg?fitin=700:700,594.4000,,車用品・バイク用品 > カー用品 > ライト・ランプ > ネオン管,LEDテープ 3chip SMD3連 ホワイト 2本set デイライト BOX照明 足下照明 カーテシ|ledテープ テープled ledテープライト ledライト テープライト 車用 テープライトled ledデイライト ドレスアップ 車 イルミネーション 車用品 カー用品 ダイコン卸 直販部,ledテープ LEDドレスアップの可能性無限大&infin;,"2017年再入荷4月<br><center>
<TABLE BORDER=0 cellspacing=0 CELLPADDING=0 width=680 height=""50"">
<tr><th height=""1"" align=""center"" width=""680"">

<img border=""0"" src=""http://image.rakuten.co.jp/gbt-dko/cabinet/topimg/m_magazine.gif"" width=""680"" height=""50"">
</th></tr></TABLE></center><br><br><center>
<TABLE BORDER=0 cellspacing=3 CELLPADDING=3 width=650 height=""277"" bordercolor=""#C0C0C0"">
<TR>
  <TH ALIGN=center VALIGN=middle BGCOLOR=#000080 COLSPAN=4 height=""35""><font size=""4"" color=""#FFFF00"">◆ちょっとテープ全ラインナップ！</font></th></tr>
  
<tr><td height=""1"" bgcolor=""#EFEFEF"" align=""center"">
 <img border=""0"" src=""http://thumbnail.image.rakuten.co.jp/@0_mall/gbt-dko/cabinet/line-tape/22195_1.jpg?_ex=160x160"">
  </td> 

  <td height=""1"" bgcolor=""#EFEFEF"" align=""center"">
 <img border=""0"" src=""http://thumbnail.image.rakuten.co.jp/@0_mall/gbt-dko/cabinet/line-tape/22196_1.jpg?_ex=160x160"">
  </td> 

  <td height=""1"" bgcolor=""#EFEFEF"" align=""center"">
    <img border=""0"" src=""http://thumbnail.image.rakuten.co.jp/@0_mall/gbt-dko/cabinet/line-tape/22197_1.jpg?_ex=160x160"">                         
  </td> 

  <td height=""1"" bgcolor=""#EFEFEF"" align=""center"">
 <img border=""0"" src=""http://thumbnail.image.rakuten.co.jp/@0_mall/gbt-dko/cabinet/line-tape/23465_1.jpg?_ex=160x160"">
  </td> 

</tr>
 
<tr><td height=""1"" bgcolor=""#EFEFEF"" align=""center"">
    <img border=""0"" src=""http://thumbnail.image.rakuten.co.jp/@0_mall/gbt-dko/cabinet/line-tape/22198_1.jpg?_ex=160x160"">                         
  </td> 

  <td height=""1"" bgcolor=""#EFEFEF"" align=""center"">
    <img border=""0"" src=""http://thumbnail.image.rakuten.co.jp/@0_mall/gbt-dko/cabinet/line-tape/22199_1.jpg?_ex=160x160"">                         
  </td> 

  <td height=""1"" bgcolor=""#EFEFEF"" align=""center"">
 <img border=""0"" src=""http://thumbnail.image.rakuten.co.jp/@0_mall/gbt-dko/cabinet/line-tape/22200_1.jpg?_ex=160x160"">
  </td> 

  <td height=""1"" bgcolor=""#EFEFEF"" align=""center"">
    <img border=""0"" src=""http://thumbnail.image.rakuten.co.jp/@0_mall/gbt-dko/cabinet/line-tape/23467_1.jpg?_ex=160x160"">                         
  </td> 

</tr>
 
<tr><td height=""1"" bgcolor=""#EFEFEF"" align=""center"" colspan=""4"">
    <hr>
  </td> 

</tr>
 
<tr><td height=""1"" bgcolor=""#EFEFEF"" align=""center"">
    <font size=""2"" color=""#000080"">★5連タイプ★</font>                        
  </td> 

  <td height=""1"" bgcolor=""#EFEFEF"" align=""center"" colspan=""3"">
    <font size=""2"" color=""#FF0000"">
    3連は1本売りもあります</font>                         
  </td> 

</tr>
 
<tr><td height=""1"" bgcolor=""#EFEFEF"" align=""center"">
    <img border=""0"" src=""http://thumbnail.image.rakuten.co.jp/@0_mall/gbt-dko/cabinet/line-tape/20865_1.jpg?_ex=160x160"">                        
  </td> 

  <td height=""1"" bgcolor=""#EFEFEF"" align=""center"">
    <img border=""0"" src=""http://thumbnail.image.rakuten.co.jp/@0_mall/gbt-dko/cabinet/line-tape/22992_1.jpg?_ex=160x160"">                         
  </td> 

  <td height=""1"" bgcolor=""#EFEFEF"" align=""center"">
 <img border=""0"" src=""http://thumbnail.image.rakuten.co.jp/@0_mall/gbt-dko/cabinet/line-tape/22993_1.jpg?_ex=160x160"">
  </td> 

  <td height=""1"" bgcolor=""#EFEFEF"" align=""center"">
    <img border=""0"" src=""http://thumbnail.image.rakuten.co.jp/@0_mall/gbt-dko/cabinet/line-tape/23488_1.jpg?_ex=160x160"">                         
  </td> 

</tr>
 
</TABLE></center><head>
<style type=""text/css"">
<!--
span.unit { background: url(https://image.rakuten.co.jp/gbt-dko/cabinet/cart_info.gif) no-repeat left top; text-indent:
-9999; display: block; width: 315; height: 422; margin:15px 0; }
-->
</style>
</head>

<center>
<table border=""0"" width=""680"" cellspacing=""0"" cellpadding=""0"">
<tr><td width=""33%""></td>
<td width=""33%""><center>
</center></td>    
<td width=""34%""></td></tr></table>    
<table border=""0"" width=""680"" height=""101"">    
<tr>    
<td width=""100%"" align=""center"" height=""18"">    
</td></tr>    
<tr><td width=""100%"" height=""29""></td></tr><tr><td width=""100%"" align=""center"" height=""13"">                  
    
</td></tr>    
<tr><td width=""100%"" height=""25"">    
<hr></td></tr>    
</table>    
<table border=""0"" width=""689"">    
<tr>    
  <td width=""682"" align=""center"">    
<img border=""0"" src=""https://image.rakuten.co.jp/gbt-dko/cabinet/topimg/x26549_pop.jpg"" width=""625"" height=""137"" alt=""ナンバーボルトキャップ"">  
  </td></tr>  
<tr>   
  <td width=""682"" align=""center"">   
<img border=""0"" src=""https://image.rakuten.co.jp/gbt-dko/cabinet/topimg/26500_pop.jpg"" width=""625"" height=""137"" alt=""ワンタッチサンキューハザードユニット"">  
  </td></tr>  
<tr>   
  <td width=""682"" align=""center"">   
<img border=""0"" src=""https://image.rakuten.co.jp/gbt-dko/cabinet/topimg/26498_pop.jpg"" width=""625"" height=""137"" alt=""ワイパウィザード"">  
  </td></tr>  
<tr>  
  <td width=""682"" align=""center"">  
<img border=""0"" src=""https://image.rakuten.co.jp/gbt-dko/cabinet/topimg/x25368_pop.jpg"" width=""625"" height=""137"" alt=""ハンモック自立式"">  
  </td></tr>  
<tr>  
  <td width=""682"" align=""center"">  
<img border=""0"" src=""https://image.rakuten.co.jp/gbt-dko/cabinet/topimg/x26710_pop.jpg"" width=""625"" height=""137"" alt=""レンガ調壁紙""> 
  </td></tr> 
<tr> 
  <td width=""682"" align=""center""> 
<img border=""0"" src=""https://image.rakuten.co.jp/gbt-dko/cabinet/topimg/25599_pop.jpg"" width=""625"" height=""137"" alt=""デイライト自動点灯キット""> 
  </td></tr> 
<tr> 
  <td width=""682"" align=""center""> 
<img border=""0"" src=""https://image.rakuten.co.jp/gbt-dko/cabinet/topimg/24973_pop.jpg"" width=""625"" height=""137"" alt=""ソーラースポットライト！""> 
  </td></tr> 
<tr> 
  <td width=""682"" align=""center""> 
<img border=""0"" src=""https://image.rakuten.co.jp/gbt-dko/cabinet/topimg/24670_pop.jpg"" width=""625"" height=""137""> 
  </td></tr> 
<tr> 
  <td width=""682"" align=""center""> 
<img border=""0"" src=""https://image.rakuten.co.jp/gbt-dko/cabinet/topimg/x24529_pop.jpg"" width=""625"" height=""274""> 
  </td></tr> 
<tr> 
  <td width=""682"" align=""center""> 
<img border=""0"" src=""https://image.rakuten.co.jp/gbt-dko/cabinet/topimg/23919bn.jpg"" width=""625"" height=""137""></td></tr> 
<tr> 
  <td width=""682"" align=""center""> 
  </td></tr> 
<tr> 
  <td width=""682"" align=""center""> 
<img border=""0"" src=""https://image.rakuten.co.jp/gbt-dko/cabinet/topimg/x24155_pop.jpg"" width=""625"" height=""275""></td></tr> 
<tr> 
  <td width=""682"" align=""center""> 
<img border=""0"" src=""https://image.rakuten.co.jp/gbt-dko/cabinet/topimg/sixthsense-pop.jpg"" width=""625"" height=""275""></td></tr> 
</table> 
<table border=""0"" width=""680""> 
<tr><td width=""50%"" height=""238""><p align=""center""><img border=""0"" src=""https://image.rakuten.co.jp/gbt-dko/cabinet/line-tape/22317_1.jpg"" width=""335"" height=""251""></p> 
</td><td width=""50%"" height=""238""><img border=""0"" src=""https://image.rakuten.co.jp/gbt-dko/cabinet/caac-allimg/24833_1r.jpg"" width=""335"" height=""251""></td> 
</tr> 
</table> 
<table border=""0"" width=""680"" height=""131""> 
<tr> 
<td width=""50%"" align=""center"" height=""89""><img border=""0"" src=""https://thumbnail.image.rakuten.co.jp/@0_mall/gbt-dko/cabinet/topimg/banner_car127.jpg?_ex=335x335""> 
</td> 
<td width=""50%"" align=""center"" height=""89""><img border=""0"" src=""https://thumbnail.image.rakuten.co.jp/@0_mall/gbt-dko/cabinet/topimg/banner_car83.jpg?_ex=335x335""></td> 
</tr> 
<tr> 
<td width=""50%"" align=""center"" height=""90""><img border=""0"" src=""https://image.rakuten.co.jp/gbt-dko/cabinet/topimg/banner_car133.gif"" width=""335"" height=""88""></td> 
<td width=""50%"" align=""center"" height=""90""><img border=""0"" src=""https://thumbnail.image.rakuten.co.jp/@0_mall/gbt-dko/cabinet/topimg/specialsale_s05.jpg?_ex=335x335""></td> 
</tr> 
<tr> 
<th width=""690"" colspan=""2"" height=""1""> 
<hr> 
<p>          
<font color=""#FF0066"">★レビューの書き方が分からない方はこちらをご覧ください⇒</font>          
</th> 
</tr> 
</table> 
 
</center>",LEDテープ 3chip SMD3連 ホワイト 2本set デイライト BOX照明 足下照明 カーテシ|ledテープ テープled ledテープライト ledライト テープライト 車用 テープライトled ledデイライト ドレスアップ 車 イルミネーション 車用品 カー用品 ダイコン卸 直販部：ダイコン卸　直販部,イルミネーション クリスマス ソーラークリスマスツリー おしゃれLED ウインカー テールランプ ルームランプＨＩＤキットHIDキット H1 H3 H4 H7 H8 H11 HB3 HB4フォグランプHIDキセノンハイフラ防止抵抗器T10 T16 T20 S25カー用品 カーパーツ地デジアンテナGPSアンテナオンダッシュモニタープリウスアクアハイエースヴェルファイアステップワゴンN boxウイポジLEDテープ 3chip SMD3連 ホワイト 2本set デイライト BOX照明 足下照明 カーテシ|ledテープ テープled ledテープライト ledライト テープライト 車用 テープライトled ledデイライト ドレスアップ 車 イルミネーション 車用品 カー用品 ダイコン卸 直販部,ledテープ LEDドレスアップの可能性無限大&infin;。LEDテープ 3chip SMD3連 ホワイト 2本set デイライト BOX照明 足下照明 カーテシ|ledテープ テープled ledテープライト ledライト テープライト 車用 テープライトled ledデイライト ドレスアップ 車 イルミネーション 車用品 カー用品 ダイコン卸 直販部[rn]
5-63992,http://tshop.r10s.jp/gbt-dko/cabinet/line-tape/22197_1.jpg?fitin=700:700,442.4000,,車用品・バイク用品 > カー用品 > ライト・ランプ > ネオン管,LEDテープ デイライト LED エアコン内部イルミ フットランプ 3chip SMD1連 ピンク4本 BOX照明|ledテープ テープled ledテープライト ledライト テープライト 車用 テープライトled ledデイライト ドレスアップ 車 イルミネーション 車用品 カー用品 ダイコン卸 直販部,ledテープ LEDドレスアップの可能性無限大&infin;,"2014年再入荷5月<br><center>
<TABLE BORDER=0 cellspacing=0 CELLPADDING=0 width=680 height=""50"">
<tr><th height=""1"" align=""center"" width=""680"">

<img border=""0"" src=""http://image.rakuten.co.jp/gbt-dko/cabinet/topimg/m_magazine.gif"" width=""680"" height=""50"">
</th></tr></TABLE></center><br><br><center>
<TABLE BORDER=0 cellspacing=3 CELLPADDING=3 width=650 height=""277"" bordercolor=""#C0C0C0"">
<TR>
  <TH ALIGN=center VALIGN=middle BGCOLOR=#000080 COLSPAN=4 height=""35""><font size=""4"" color=""#FFFF00"">◆ちょっとテープ全ラインナップ！</font></th></tr>
  
<tr><td height=""1"" bgcolor=""#EFEFEF"" align=""center"">
 <img border=""0"" src=""http://thumbnail.image.rakuten.co.jp/@0_mall/gbt-dko/cabinet/line-tape/22195_1.jpg?_ex=160x160"">
  </td> 

  <td height=""1"" bgcolor=""#EFEFEF"" align=""center"">
 <img border=""0"" src=""http://thumbnail.image.rakuten.co.jp/@0_mall/gbt-dko/cabinet/line-tape/22196_1.jpg?_ex=160x160"">
  </td> 

  <td height=""1"" bgcolor=""#EFEFEF"" align=""center"">
    <img border=""0"" src=""http://thumbnail.image.rakuten.co.jp/@0_mall/gbt-dko/cabinet/line-tape/22197_1.jpg?_ex=160x160"">                         
  </td> 

  <td height=""1"" bgcolor=""#EFEFEF"" align=""center"">
 <img border=""0"" src=""http://thumbnail.image.rakuten.co.jp/@0_mall/gbt-dko/cabinet/line-tape/23465_1.jpg?_ex=160x160"">
  </td> 

</tr>
 
<tr><td height=""1"" bgcolor=""#EFEFEF"" align=""center"">
    <img border=""0"" src=""http://thumbnail.image.rakuten.co.jp/@0_mall/gbt-dko/cabinet/line-tape/22198_1.jpg?_ex=160x160"">                         
  </td> 

  <td height=""1"" bgcolor=""#EFEFEF"" align=""center"">
    <img border=""0"" src=""http://thumbnail.image.rakuten.co.jp/@0_mall/gbt-dko/cabinet/line-tape/22199_1.jpg?_ex=160x160"">                         
  </td> 

  <td height=""1"" bgcolor=""#EFEFEF"" align=""center"">
 <img border=""0"" src=""http://thumbnail.image.rakuten.co.jp/@0_mall/gbt-dko/cabinet/line-tape/22200_1.jpg?_ex=160x160"">
  </td> 

  <td height=""1"" bgcolor=""#EFEFEF"" align=""center"">
    <img border=""0"" src=""http://thumbnail.image.rakuten.co.jp/@0_mall/gbt-dko/cabinet/line-tape/23467_1.jpg?_ex=160x160"">                         
  </td> 

</tr>
 
<tr><td height=""1"" bgcolor=""#EFEFEF"" align=""center"" colspan=""4"">
    <hr>
  </td> 

</tr>
 
<tr><td height=""1"" bgcolor=""#EFEFEF"" align=""center"">
    <font size=""2"" color=""#000080"">★5連タイプ★</font>                        
  </td> 

  <td height=""1"" bgcolor=""#EFEFEF"" align=""center"" colspan=""3"">
    <font size=""2"" color=""#FF0000"">
    3連は1本売りもあります</font>                         
  </td> 

</tr>
 
<tr><td height=""1"" bgcolor=""#EFEFEF"" align=""center"">
    <img border=""0"" src=""http://thumbnail.image.rakuten.co.jp/@0_mall/gbt-dko/cabinet/line-tape/20865_1.jpg?_ex=160x160"">                        
  </td> 

  <td height=""1"" bgcolor=""#EFEFEF"" align=""center"">
    <img border=""0"" src=""http://thumbnail.image.rakuten.co.jp/@0_mall/gbt-dko/cabinet/line-tape/22992_1.jpg?_ex=160x160"">                         
  </td> 

  <td height=""1"" bgcolor=""#EFEFEF"" align=""center"">
 <img border=""0"" src=""http://thumbnail.image.rakuten.co.jp/@0_mall/gbt-dko/cabinet/line-tape/22993_1.jpg?_ex=160x160"">
  </td> 

  <td height=""1"" bgcolor=""#EFEFEF"" align=""center"">
    <img border=""0"" src=""http://thumbnail.image.rakuten.co.jp/@0_mall/gbt-dko/cabinet/line-tape/23488_1.jpg?_ex=160x160"">                         
  </td> 

</tr>
 
</TABLE></center><head>
<style type=""text/css"">
<!--
span.unit { background: url(https://image.rakuten.co.jp/gbt-dko/cabinet/cart_info.gif) no-repeat left top; text-indent:
-9999; display: block; width: 315; height: 422; margin:15px 0; }
-->
</style>
</head>

<center>
<table border=""0"" width=""680"" cellspacing=""0"" cellpadding=""0"">
<tr><td width=""33%""></td>
<td width=""33%""><center>
</center></td>    
<td width=""34%""></td></tr></table>    
<table border=""0"" width=""680"" height=""101"">    
<tr>    
<td width=""100%"" align=""center"" height=""18"">    
</td></tr>    
<tr><td width=""100%"" height=""29""></td></tr><tr><td width=""100%"" align=""center"" height=""13"">                  
    
</td></tr>    
<tr><td width=""100%"" height=""25"">    
<hr></td></tr>    
</table>    
<table border=""0"" width=""689"">    
<tr>    
  <td width=""682"" align=""center"">    
<img border=""0"" src=""https://image.rakuten.co.jp/gbt-dko/cabinet/topimg/x26549_pop.jpg"" width=""625"" height=""137"" alt=""ナンバーボルトキャップ"">  
  </td></tr>  
<tr>   
  <td width=""682"" align=""center"">   
<img border=""0"" src=""https://image.rakuten.co.jp/gbt-dko/cabinet/topimg/26500_pop.jpg"" width=""625"" height=""137"" alt=""ワンタッチサンキューハザードユニット"">  
  </td></tr>  
<tr>   
  <td width=""682"" align=""center"">   
<img border=""0"" src=""https://image.rakuten.co.jp/gbt-dko/cabinet/topimg/26498_pop.jpg"" width=""625"" height=""137"" alt=""ワイパウィザード"">  
  </td></tr>  
<tr>  
  <td width=""682"" align=""center"">  
<img border=""0"" src=""https://image.rakuten.co.jp/gbt-dko/cabinet/topimg/x25368_pop.jpg"" width=""625"" height=""137"" alt=""ハンモック自立式"">  
  </td></tr>  
<tr>  
  <td width=""682"" align=""center"">  
<img border=""0"" src=""https://image.rakuten.co.jp/gbt-dko/cabinet/topimg/x26710_pop.jpg"" width=""625"" height=""137"" alt=""レンガ調壁紙""> 
  </td></tr> 
<tr> 
  <td width=""682"" align=""center""> 
<img border=""0"" src=""https://image.rakuten.co.jp/gbt-dko/cabinet/topimg/25599_pop.jpg"" width=""625"" height=""137"" alt=""デイライト自動点灯キット""> 
  </td></tr> 
<tr> 
  <td width=""682"" align=""center""> 
<img border=""0"" src=""https://image.rakuten.co.jp/gbt-dko/cabinet/topimg/24973_pop.jpg"" width=""625"" height=""137"" alt=""ソーラースポットライト！""> 
  </td></tr> 
<tr> 
  <td width=""682"" align=""center""> 
<img border=""0"" src=""https://image.rakuten.co.jp/gbt-dko/cabinet/topimg/24670_pop.jpg"" width=""625"" height=""137""> 
  </td></tr> 
<tr> 
  <td width=""682"" align=""center""> 
<img border=""0"" src=""https://image.rakuten.co.jp/gbt-dko/cabinet/topimg/x24529_pop.jpg"" width=""625"" height=""274""> 
  </td></tr> 
<tr> 
  <td width=""682"" align=""center""> 
<img border=""0"" src=""https://image.rakuten.co.jp/gbt-dko/cabinet/topimg/23919bn.jpg"" width=""625"" height=""137""></td></tr> 
<tr> 
  <td width=""682"" align=""center""> 
  </td></tr> 
<tr> 
  <td width=""682"" align=""center""> 
<img border=""0"" src=""https://image.rakuten.co.jp/gbt-dko/cabinet/topimg/x24155_pop.jpg"" width=""625"" height=""275""></td></tr> 
<tr> 
  <td width=""682"" align=""center""> 
<img border=""0"" src=""https://image.rakuten.co.jp/gbt-dko/cabinet/topimg/sixthsense-pop.jpg"" width=""625"" height=""275""></td></tr> 
</table> 
<table border=""0"" width=""680""> 
<tr><td width=""50%"" height=""238""><p align=""center""><img border=""0"" src=""https://image.rakuten.co.jp/gbt-dko/cabinet/line-tape/22317_1.jpg"" width=""335"" height=""251""></p> 
</td><td width=""50%"" height=""238""><img border=""0"" src=""https://image.rakuten.co.jp/gbt-dko/cabinet/caac-allimg/24833_1r.jpg"" width=""335"" height=""251""></td> 
</tr> 
</table> 
<table border=""0"" width=""680"" height=""131""> 
<tr> 
<td width=""50%"" align=""center"" height=""89""><img border=""0"" src=""https://thumbnail.image.rakuten.co.jp/@0_mall/gbt-dko/cabinet/topimg/banner_car127.jpg?_ex=335x335""> 
</td> 
<td width=""50%"" align=""center"" height=""89""><img border=""0"" src=""https://thumbnail.image.rakuten.co.jp/@0_mall/gbt-dko/cabinet/topimg/banner_car83.jpg?_ex=335x335""></td> 
</tr> 
<tr> 
<td width=""50%"" align=""center"" height=""90""><img border=""0"" src=""https://image.rakuten.co.jp/gbt-dko/cabinet/topimg/banner_car133.gif"" width=""335"" height=""88""></td> 
<td width=""50%"" align=""center"" height=""90""><img border=""0"" src=""https://thumbnail.image.rakuten.co.jp/@0_mall/gbt-dko/cabinet/topimg/specialsale_s05.jpg?_ex=335x335""></td> 
</tr> 
<tr> 
<th width=""690"" colspan=""2"" height=""1""> 
<hr> 
<p>          
<font color=""#FF0066"">★レビューの書き方が分からない方はこちらをご覧ください⇒</font>          
</th> 
</tr> 
</table> 
 
</center>",LEDテープ デイライト LED エアコン内部イルミ フットランプ 3chip SMD1連 ピンク4本 BOX照明|ledテープ テープled ledテープライト ledライト テープライト 車用 テープライトled ledデイライト ドレスアップ 車 イルミネーション 車用品 カー用品 ダイコン卸 直販部：ダイコン卸　直販部,イルミネーション クリスマス ソーラークリスマスツリー おしゃれLED ウインカー テールランプ ルームランプＨＩＤキットHIDキット H1 H3 H4 H7 H8 H11 HB3 HB4フォグランプHIDキセノンハイフラ防止抵抗器T10 T16 T20 S25カー用品 カーパーツ地デジアンテナGPSアンテナオンダッシュモニタープリウスアクアハイエースヴェルファイアステップワゴンN boxウイポジLEDテープ デイライト LED エアコン内部イルミ フットランプ 3chip SMD1連 ピンク4本 BOX照明|ledテープ テープled ledテープライト ledライト テープライト 車用 テープライトled ledデイライト ドレスアップ 車 イルミネーション 車用品 カー用品 ダイコン卸 直販部,ledテープ LEDドレスアップの可能性無限大&infin;。LEDテープ デイライト LED エアコン内部イルミ フットランプ 3chip SMD1連 ピンク4本 BOX照明|ledテープ テープled ledテープライト ledライト テープライト 車用 テープライトled ledデイライト ドレスアップ 車 イルミネーション 車用品 カー用品 ダイコン卸 直販部[rn]
5-63993,http://tshop.r10s.jp/gbt-dko/cabinet/line-tape/22196_1.jpg?fitin=700:700,442.4000,,車用品・バイク用品 > カー用品 > ライト・ランプ > ネオン管,LEDテープ デイライト LED エアコン内部イルミ フットランプ 3chip SMD1連 ブルー4本 BOX照明|ledテープ テープled ledテープライト ledライト テープライト 車用 テープライトled ledデイライト ドレスアップ 車 イルミネーション 車用品 カー用品 ダイコン卸 直販部,ledテープ LEDドレスアップの可能性無限大&infin;,"2014年再入荷5月<br><center>
<TABLE BORDER=0 cellspacing=0 CELLPADDING=0 width=680 height=""50"">
<tr><th height=""1"" align=""center"" width=""680"">

<img border=""0"" src=""http://image.rakuten.co.jp/gbt-dko/cabinet/topimg/m_magazine.gif"" width=""680"" height=""50"">
</th></tr></TABLE></center><br><br><center>
<TABLE BORDER=0 cellspacing=3 CELLPADDING=3 width=650 height=""277"" bordercolor=""#C0C0C0"">
<TR>
  <TH ALIGN=center VALIGN=middle BGCOLOR=#000080 COLSPAN=4 height=""35""><font size=""4"" color=""#FFFF00"">◆ちょっとテープ全ラインナップ！</font></th></tr>
  
<tr><td height=""1"" bgcolor=""#EFEFEF"" align=""center"">
 <img border=""0"" src=""http://thumbnail.image.rakuten.co.jp/@0_mall/gbt-dko/cabinet/line-tape/22195_1.jpg?_ex=160x160"">
  </td> 

  <td height=""1"" bgcolor=""#EFEFEF"" align=""center"">
 <img border=""0"" src=""http://thumbnail.image.rakuten.co.jp/@0_mall/gbt-dko/cabinet/line-tape/22196_1.jpg?_ex=160x160"">
  </td> 

  <td height=""1"" bgcolor=""#EFEFEF"" align=""center"">
    <img border=""0"" src=""http://thumbnail.image.rakuten.co.jp/@0_mall/gbt-dko/cabinet/line-tape/22197_1.jpg?_ex=160x160"">                         
  </td> 

  <td height=""1"" bgcolor=""#EFEFEF"" align=""center"">
 <img border=""0"" src=""http://thumbnail.image.rakuten.co.jp/@0_mall/gbt-dko/cabinet/line-tape/23465_1.jpg?_ex=160x160"">
  </td> 

</tr>
 
<tr><td height=""1"" bgcolor=""#EFEFEF"" align=""center"">
    <img border=""0"" src=""http://thumbnail.image.rakuten.co.jp/@0_mall/gbt-dko/cabinet/line-tape/22198_1.jpg?_ex=160x160"">                         
  </td> 

  <td height=""1"" bgcolor=""#EFEFEF"" align=""center"">
    <img border=""0"" src=""http://thumbnail.image.rakuten.co.jp/@0_mall/gbt-dko/cabinet/line-tape/22199_1.jpg?_ex=160x160"">                         
  </td> 

  <td height=""1"" bgcolor=""#EFEFEF"" align=""center"">
 <img border=""0"" src=""http://thumbnail.image.rakuten.co.jp/@0_mall/gbt-dko/cabinet/line-tape/22200_1.jpg?_ex=160x160"">
  </td> 

  <td height=""1"" bgcolor=""#EFEFEF"" align=""center"">
    <img border=""0"" src=""http://thumbnail.image.rakuten.co.jp/@0_mall/gbt-dko/cabinet/line-tape/23467_1.jpg?_ex=160x160"">                         
  </td> 

</tr>
 
<tr><td height=""1"" bgcolor=""#EFEFEF"" align=""center"" colspan=""4"">
    <hr>
  </td> 

</tr>
 
<tr><td height=""1"" bgcolor=""#EFEFEF"" align=""center"">
    <font size=""2"" color=""#000080"">★5連タイプ★</font>                        
  </td> 

  <td height=""1"" bgcolor=""#EFEFEF"" align=""center"" colspan=""3"">
    <font size=""2"" color=""#FF0000"">
    3連は1本売りもあります</font>                         
  </td> 

</tr>
 
<tr><td height=""1"" bgcolor=""#EFEFEF"" align=""center"">
    <img border=""0"" src=""http://thumbnail.image.rakuten.co.jp/@0_mall/gbt-dko/cabinet/line-tape/20865_1.jpg?_ex=160x160"">                        
  </td> 

  <td height=""1"" bgcolor=""#EFEFEF"" align=""center"">
    <img border=""0"" src=""http://thumbnail.image.rakuten.co.jp/@0_mall/gbt-dko/cabinet/line-tape/22992_1.jpg?_ex=160x160"">                         
  </td> 

  <td height=""1"" bgcolor=""#EFEFEF"" align=""center"">
 <img border=""0"" src=""http://thumbnail.image.rakuten.co.jp/@0_mall/gbt-dko/cabinet/line-tape/22993_1.jpg?_ex=160x160"">
  </td> 

  <td height=""1"" bgcolor=""#EFEFEF"" align=""center"">
    <img border=""0"" src=""http://thumbnail.image.rakuten.co.jp/@0_mall/gbt-dko/cabinet/line-tape/23488_1.jpg?_ex=160x160"">                         
  </td> 

</tr>
 
</TABLE></center><head>
<style type=""text/css"">
<!--
span.unit { background: url(https://image.rakuten.co.jp/gbt-dko/cabinet/cart_info.gif) no-repeat left top; text-indent:
-9999; display: block; width: 315; height: 422; margin:15px 0; }
-->
</style>
</head>

<center>
<table border=""0"" width=""680"" cellspacing=""0"" cellpadding=""0"">
<tr><td width=""33%""></td>
<td width=""33%""><center>
</center></td>    
<td width=""34%""></td></tr></table>    
<table border=""0"" width=""680"" height=""101"">    
<tr>    
<td width=""100%"" align=""center"" height=""18"">    
</td></tr>    
<tr><td width=""100%"" height=""29""></td></tr><tr><td width=""100%"" align=""center"" height=""13"">                  
    
</td></tr>    
<tr><td width=""100%"" height=""25"">    
<hr></td></tr>    
</table>    
<table border=""0"" width=""689"">    
<tr>    
  <td width=""682"" align=""center"">    
<img border=""0"" src=""https://image.rakuten.co.jp/gbt-dko/cabinet/topimg/x26549_pop.jpg"" width=""625"" height=""137"" alt=""ナンバーボルトキャップ"">  
  </td></tr>  
<tr>   
  <td width=""682"" align=""center"">   
<img border=""0"" src=""https://image.rakuten.co.jp/gbt-dko/cabinet/topimg/26500_pop.jpg"" width=""625"" height=""137"" alt=""ワンタッチサンキューハザードユニット"">  
  </td></tr>  
<tr>   
  <td width=""682"" align=""center"">   
<img border=""0"" src=""https://image.rakuten.co.jp/gbt-dko/cabinet/topimg/26498_pop.jpg"" width=""625"" height=""137"" alt=""ワイパウィザード"">  
  </td></tr>  
<tr>  
  <td width=""682"" align=""center"">  
<img border=""0"" src=""https://image.rakuten.co.jp/gbt-dko/cabinet/topimg/x25368_pop.jpg"" width=""625"" height=""137"" alt=""ハンモック自立式"">  
  </td></tr>  
<tr>  
  <td width=""682"" align=""center"">  
<img border=""0"" src=""https://image.rakuten.co.jp/gbt-dko/cabinet/topimg/x26710_pop.jpg"" width=""625"" height=""137"" alt=""レンガ調壁紙""> 
  </td></tr> 
<tr> 
  <td width=""682"" align=""center""> 
<img border=""0"" src=""https://image.rakuten.co.jp/gbt-dko/cabinet/topimg/25599_pop.jpg"" width=""625"" height=""137"" alt=""デイライト自動点灯キット""> 
  </td></tr> 
<tr> 
  <td width=""682"" align=""center""> 
<img border=""0"" src=""https://image.rakuten.co.jp/gbt-dko/cabinet/topimg/24973_pop.jpg"" width=""625"" height=""137"" alt=""ソーラースポットライト！""> 
  </td></tr> 
<tr> 
  <td width=""682"" align=""center""> 
<img border=""0"" src=""https://image.rakuten.co.jp/gbt-dko/cabinet/topimg/24670_pop.jpg"" width=""625"" height=""137""> 
  </td></tr> 
<tr> 
  <td width=""682"" align=""center""> 
<img border=""0"" src=""https://image.rakuten.co.jp/gbt-dko/cabinet/topimg/x24529_pop.jpg"" width=""625"" height=""274""> 
  </td></tr> 
<tr> 
  <td width=""682"" align=""center""> 
<img border=""0"" src=""https://image.rakuten.co.jp/gbt-dko/cabinet/topimg/23919bn.jpg"" width=""625"" height=""137""></td></tr> 
<tr> 
  <td width=""682"" align=""center""> 
  </td></tr> 
<tr> 
  <td width=""682"" align=""center""> 
<img border=""0"" src=""https://image.rakuten.co.jp/gbt-dko/cabinet/topimg/x24155_pop.jpg"" width=""625"" height=""275""></td></tr> 
<tr> 
  <td width=""682"" align=""center""> 
<img border=""0"" src=""https://image.rakuten.co.jp/gbt-dko/cabinet/topimg/sixthsense-pop.jpg"" width=""625"" height=""275""></td></tr> 
</table> 
<table border=""0"" width=""680""> 
<tr><td width=""50%"" height=""238""><p align=""center""><img border=""0"" src=""https://image.rakuten.co.jp/gbt-dko/cabinet/line-tape/22317_1.jpg"" width=""335"" height=""251""></p> 
</td><td width=""50%"" height=""238""><img border=""0"" src=""https://image.rakuten.co.jp/gbt-dko/cabinet/caac-allimg/24833_1r.jpg"" width=""335"" height=""251""></td> 
</tr> 
</table> 
<table border=""0"" width=""680"" height=""131""> 
<tr> 
<td width=""50%"" align=""center"" height=""89""><img border=""0"" src=""https://thumbnail.image.rakuten.co.jp/@0_mall/gbt-dko/cabinet/topimg/banner_car127.jpg?_ex=335x335""> 
</td> 
<td width=""50%"" align=""center"" height=""89""><img border=""0"" src=""https://thumbnail.image.rakuten.co.jp/@0_mall/gbt-dko/cabinet/topimg/banner_car83.jpg?_ex=335x335""></td> 
</tr> 
<tr> 
<td width=""50%"" align=""center"" height=""90""><img border=""0"" src=""https://image.rakuten.co.jp/gbt-dko/cabinet/topimg/banner_car133.gif"" width=""335"" height=""88""></td> 
<td width=""50%"" align=""center"" height=""90""><img border=""0"" src=""https://thumbnail.image.rakuten.co.jp/@0_mall/gbt-dko/cabinet/topimg/specialsale_s05.jpg?_ex=335x335""></td> 
</tr> 
<tr> 
<th width=""690"" colspan=""2"" height=""1""> 
<hr> 
<p>          
<font color=""#FF0066"">★レビューの書き方が分からない方はこちらをご覧ください⇒</font>          
</th> 
</tr> 
</table> 
 
</center>",LEDテープ デイライト LED エアコン内部イルミ フットランプ 3chip SMD1連 ブルー4本 BOX照明|ledテープ テープled ledテープライト ledライト テープライト 車用 テープライトled ledデイライト ドレスアップ 車 イルミネーション 車用品 カー用品 ダイコン卸 直販部：ダイコン卸　直販部,イルミネーション クリスマス ソーラークリスマスツリー おしゃれLED ウインカー テールランプ ルームランプＨＩＤキットHIDキット H1 H3 H4 H7 H8 H11 HB3 HB4フォグランプHIDキセノンハイフラ防止抵抗器T10 T16 T20 S25カー用品 カーパーツ地デジアンテナGPSアンテナオンダッシュモニタープリウスアクアハイエースヴェルファイアステップワゴンN boxウイポジLEDテープ デイライト LED エアコン内部イルミ フットランプ 3chip SMD1連 ブルー4本 BOX照明|ledテープ テープled ledテープライト ledライト テープライト 車用 テープライトled ledデイライト ドレスアップ 車 イルミネーション 車用品 カー用品 ダイコン卸 直販部,ledテープ LEDドレスアップの可能性無限大&infin;。LEDテープ デイライト LED エアコン内部イルミ フットランプ 3chip SMD1連 ブルー4本 BOX照明|ledテープ テープled ledテープライト ledライト テープライト 車用 テープライトled ledデイライト ドレスアップ 車 イルミネーション 車用品 カー用品 ダイコン卸 直販部[rn]
5-63994,http://tshop.r10s.jp/gbt-dko/cabinet/20996_1.jpg?fitin=700:700,747.2000,,車用品・バイク用品 > カー用品 > ライト・ランプ > ネオン管,ledテープ 白基板 側面発光SMD9連薄型テープLED 2本セット[アンバー15cm]|ledテープ テープled ledテープライト ledライト テープライト 車用 テープライトled ドレスアップ 車 イルミネーション イルミネーションライト 車用品 カー用品 ダイコン卸 直販部,ledテープ エアロ埋め込み・イカリング・ポジションラインに！,"<center>
<TABLE BORDER=0 cellspacing=0 CELLPADDING=0 width=680 height=""50"">
<tr><th height=""1"" align=""center"" width=""680"">

<img border=""0"" src=""http://image.rakuten.co.jp/gbt-dko/cabinet/topimg/m_magazine.gif"">
</th></tr></TABLE></center><br><br><head>
<style type=""text/css"">
<!--
span.unit { background: url(https://image.rakuten.co.jp/gbt-dko/cabinet/cart_info.gif) no-repeat left top; text-indent:
-9999; display: block; width: 315; height: 422; margin:15px 0; }
-->
</style>
</head>

<center>
<table border=""0"" width=""680"" cellspacing=""0"" cellpadding=""0"">
<tr><td width=""33%""></td>
<td width=""33%""><center>
</center></td>    
<td width=""34%""></td></tr></table>    
<table border=""0"" width=""680"" height=""101"">    
<tr>    
<td width=""100%"" align=""center"" height=""18"">    
</td></tr>    
<tr><td width=""100%"" height=""29""></td></tr><tr><td width=""100%"" align=""center"" height=""13"">                  
    
</td></tr>    
<tr><td width=""100%"" height=""25"">    
<hr></td></tr>    
</table>    
<table border=""0"" width=""689"">    
<tr>    
  <td width=""682"" align=""center"">    
<img border=""0"" src=""https://image.rakuten.co.jp/gbt-dko/cabinet/topimg/x26549_pop.jpg"" width=""625"" height=""137"" alt=""ナンバーボルトキャップ"">  
  </td></tr>  
<tr>   
  <td width=""682"" align=""center"">   
<img border=""0"" src=""https://image.rakuten.co.jp/gbt-dko/cabinet/topimg/26500_pop.jpg"" width=""625"" height=""137"" alt=""ワンタッチサンキューハザードユニット"">  
  </td></tr>  
<tr>   
  <td width=""682"" align=""center"">   
<img border=""0"" src=""https://image.rakuten.co.jp/gbt-dko/cabinet/topimg/26498_pop.jpg"" width=""625"" height=""137"" alt=""ワイパウィザード"">  
  </td></tr>  
<tr>  
  <td width=""682"" align=""center"">  
<img border=""0"" src=""https://image.rakuten.co.jp/gbt-dko/cabinet/topimg/x25368_pop.jpg"" width=""625"" height=""137"" alt=""ハンモック自立式"">  
  </td></tr>  
<tr>  
  <td width=""682"" align=""center"">  
<img border=""0"" src=""https://image.rakuten.co.jp/gbt-dko/cabinet/topimg/x26710_pop.jpg"" width=""625"" height=""137"" alt=""レンガ調壁紙""> 
  </td></tr> 
<tr> 
  <td width=""682"" align=""center""> 
<img border=""0"" src=""https://image.rakuten.co.jp/gbt-dko/cabinet/topimg/25599_pop.jpg"" width=""625"" height=""137"" alt=""デイライト自動点灯キット""> 
  </td></tr> 
<tr> 
  <td width=""682"" align=""center""> 
<img border=""0"" src=""https://image.rakuten.co.jp/gbt-dko/cabinet/topimg/24973_pop.jpg"" width=""625"" height=""137"" alt=""ソーラースポットライト！""> 
  </td></tr> 
<tr> 
  <td width=""682"" align=""center""> 
<img border=""0"" src=""https://image.rakuten.co.jp/gbt-dko/cabinet/topimg/24670_pop.jpg"" width=""625"" height=""137""> 
  </td></tr> 
<tr> 
  <td width=""682"" align=""center""> 
<img border=""0"" src=""https://image.rakuten.co.jp/gbt-dko/cabinet/topimg/x24529_pop.jpg"" width=""625"" height=""274""> 
  </td></tr> 
<tr> 
  <td width=""682"" align=""center""> 
<img border=""0"" src=""https://image.rakuten.co.jp/gbt-dko/cabinet/topimg/23919bn.jpg"" width=""625"" height=""137""></td></tr> 
<tr> 
  <td width=""682"" align=""center""> 
  </td></tr> 
<tr> 
  <td width=""682"" align=""center""> 
<img border=""0"" src=""https://image.rakuten.co.jp/gbt-dko/cabinet/topimg/x24155_pop.jpg"" width=""625"" height=""275""></td></tr> 
<tr> 
  <td width=""682"" align=""center""> 
<img border=""0"" src=""https://image.rakuten.co.jp/gbt-dko/cabinet/topimg/sixthsense-pop.jpg"" width=""625"" height=""275""></td></tr> 
</table> 
<table border=""0"" width=""680""> 
<tr><td width=""50%"" height=""238""><p align=""center""><img border=""0"" src=""https://image.rakuten.co.jp/gbt-dko/cabinet/line-tape/22317_1.jpg"" width=""335"" height=""251""></p> 
</td><td width=""50%"" height=""238""><img border=""0"" src=""https://image.rakuten.co.jp/gbt-dko/cabinet/caac-allimg/24833_1r.jpg"" width=""335"" height=""251""></td> 
</tr> 
</table> 
<table border=""0"" width=""680"" height=""131""> 
<tr> 
<td width=""50%"" align=""center"" height=""89""><img border=""0"" src=""https://thumbnail.image.rakuten.co.jp/@0_mall/gbt-dko/cabinet/topimg/banner_car127.jpg?_ex=335x335""> 
</td> 
<td width=""50%"" align=""center"" height=""89""><img border=""0"" src=""https://thumbnail.image.rakuten.co.jp/@0_mall/gbt-dko/cabinet/topimg/banner_car83.jpg?_ex=335x335""></td> 
</tr> 
<tr> 
<td width=""50%"" align=""center"" height=""90""><img border=""0"" src=""https://image.rakuten.co.jp/gbt-dko/cabinet/topimg/banner_car133.gif"" width=""335"" height=""88""></td> 
<td width=""50%"" align=""center"" height=""90""><img border=""0"" src=""https://thumbnail.image.rakuten.co.jp/@0_mall/gbt-dko/cabinet/topimg/specialsale_s05.jpg?_ex=335x335""></td> 
</tr> 
<tr> 
<th width=""690"" colspan=""2"" height=""1""> 
<hr> 
<p>          
<font color=""#FF0066"">★レビューの書き方が分からない方はこちらをご覧ください⇒</font>          
</th> 
</tr> 
</table> 
 
</center>",ledテープ 白基板 側面発光SMD9連薄型テープLED 2本セット[アンバー15cm]|ledテープ テープled ledテープライト ledライト テープライト 車用 テープライトled ドレスアップ 車 イルミネーション イルミネーションライト 車用品 カー用品 ダイコン卸 直販部：ダイコン卸　直販部,イルミネーション クリスマス ソーラークリスマスツリー おしゃれLED ウインカー テールランプ ルームランプＨＩＤキットHIDキット H1 H3 H4 H7 H8 H11 HB3 HB4フォグランプHIDキセノンハイフラ防止抵抗器T10 T16 T20 S25カー用品 カーパーツ地デジアンテナGPSアンテナオンダッシュモニタープリウスアクアハイエースヴェルファイアステップワゴンN boxウイポジledテープ 白基板 側面発光SMD9連薄型テープLED 2本セット[アンバー15cm]|ledテープ テープled ledテープライト ledライト テープライト 車用 テープライトled ドレスアップ 車 イルミネーション イルミネーションライト 車用品 カー用品 ダイコン卸 直販部,ledテープ エアロ埋め込み・イカリング・ポジションラインに！。ledテープ 白基板 側面発光SMD9連薄型テープLED 2本セット[アンバー15cm]|ledテープ テープled ledテープライト ledライト テープライト 車用 テープライトled ドレスアップ 車 イルミネーション イルミネーションライト 車用品 カー用品 ダイコン卸 直販部[rn]
5-63995,http://tshop.r10s.jp/gbt-dko/cabinet/20903_1.jpg?fitin=700:700,747.2000,,車用品・バイク用品 > カー用品 > ライト・ランプ > ネオン管,レーザーライン レーザー光線 D-UP DC12V レーザーラインユニット赤 ストレートタイプ 2017Apr,赤い光のラインが幻想的な空間を演出！,"<center>
<TABLE BORDER=0 cellspacing=0 CELLPADDING=0 width=680 height=""50"">
<tr><th height=""1"" align=""center"" width=""680"">

<img border=""0"" src=""http://image.rakuten.co.jp/gbt-dko/cabinet/topimg/m_magazine.gif"">
</th></tr></TABLE></center><br><br><TABLE BORDER=0 cellspacing=3 CELLPADDING=3 width=650 height=""277"" bordercolor=""#C0C0C0"">
<TR>
  <TH ALIGN=center VALIGN=middle bgcolor=#000000 COLSPAN=3 height=""35"" width=""634""><font size=""4"" color=""#FFFF00"">●</font><font size=""4"" color=""#FF0000"">○</font><font size=""4"" color=""#00FFFF"">●</font><font size=""4"" color=""#FFFF00"">人気ヒカリものラインナップ！</font><font size=""4"" color=""#FF00FF"">●</font><font size=""4"" color=""#FF6600"">○</font><font size=""4"" color=""#00FF00"">●</font></th></tr>
  
<tr><td height=""1"" bgcolor=""#EFEFEF"" align=""center"" width=""161"">
    <img border=0 src=""http://thumbnail.image.rakuten.co.jp/@0_mall/gbt-dko/cabinet/23257_1.jpg?_ex=215x215"">
                                   
  </td> 

  <td height=""1"" bgcolor=""#EFEFEF"" align=""center"" width=""332"">
 <img border=0 src=""http://thumbnail.image.rakuten.co.jp/@0_mall/gbt-dko/cabinet/23287_1.jpg?_ex=215x215"">
 
  </td> 

  <td height=""1"" bgcolor=""#EFEFEF"" align=""center"" width=""162"">
 <img border=0 src=""http://thumbnail.image.rakuten.co.jp/@0_mall/gbt-dko/cabinet/22294_1.jpg?_ex=215x215"">
 
  </td> 

</tr>
 
<tr><td height=""1"" bgcolor=""#EFEFEF"" align=""center"" width=""161"">
    <img border=0 src=""http://thumbnail.image.rakuten.co.jp/@0_mall/gbt-dko/cabinet/caac-allimg/22991_1.jpg?_ex=215x215"">
  </td> 

  <td height=""1"" bgcolor=""#EFEFEF"" align=""center"" width=""332"">
 <img border=0 src=""http://thumbnail.image.rakuten.co.jp/@0_mall/gbt-dko/cabinet/23551_1.jpg?_ex=215x215"">                               
  </td> 

  <td height=""1"" bgcolor=""#EFEFEF"" align=""center"" width=""162"">
 <img border=0 src=""http://thumbnail.image.rakuten.co.jp/@0_mall/gbt-dko/cabinet/22562_1.jpg?_ex=215x215"">
 
  </td> 

</tr>
 
</TABLE><head>
<style type=""text/css"">
<!--
span.unit { background: url(https://image.rakuten.co.jp/gbt-dko/cabinet/cart_info.gif) no-repeat left top; text-indent:
-9999; display: block; width: 315; height: 422; margin:15px 0; }
-->
</style>
</head>

<center>
<table border=""0"" width=""680"" cellspacing=""0"" cellpadding=""0"">
<tr><td width=""33%""></td>
<td width=""33%""><center>
</center></td>    
<td width=""34%""></td></tr></table>    
<table border=""0"" width=""680"" height=""101"">    
<tr>    
<td width=""100%"" align=""center"" height=""18"">    
</td></tr>    
<tr><td width=""100%"" height=""29""></td></tr><tr><td width=""100%"" align=""center"" height=""13"">                  
    
</td></tr>    
<tr><td width=""100%"" height=""25"">    
<hr></td></tr>    
</table>    
<table border=""0"" width=""689"">    
<tr>    
  <td width=""682"" align=""center"">    
<img border=""0"" src=""https://image.rakuten.co.jp/gbt-dko/cabinet/topimg/x26549_pop.jpg"" width=""625"" height=""137"" alt=""ナンバーボルトキャップ"">  
  </td></tr>  
<tr>   
  <td width=""682"" align=""center"">   
<img border=""0"" src=""https://image.rakuten.co.jp/gbt-dko/cabinet/topimg/26500_pop.jpg"" width=""625"" height=""137"" alt=""ワンタッチサンキューハザードユニット"">  
  </td></tr>  
<tr>   
  <td width=""682"" align=""center"">   
<img border=""0"" src=""https://image.rakuten.co.jp/gbt-dko/cabinet/topimg/26498_pop.jpg"" width=""625"" height=""137"" alt=""ワイパウィザード"">  
  </td></tr>  
<tr>  
  <td width=""682"" align=""center"">  
<img border=""0"" src=""https://image.rakuten.co.jp/gbt-dko/cabinet/topimg/x25368_pop.jpg"" width=""625"" height=""137"" alt=""ハンモック自立式"">  
  </td></tr>  
<tr>  
  <td width=""682"" align=""center"">  
<img border=""0"" src=""https://image.rakuten.co.jp/gbt-dko/cabinet/topimg/x26710_pop.jpg"" width=""625"" height=""137"" alt=""レンガ調壁紙""> 
  </td></tr> 
<tr> 
  <td width=""682"" align=""center""> 
<img border=""0"" src=""https://image.rakuten.co.jp/gbt-dko/cabinet/topimg/25599_pop.jpg"" width=""625"" height=""137"" alt=""デイライト自動点灯キット""> 
  </td></tr> 
<tr> 
  <td width=""682"" align=""center""> 
<img border=""0"" src=""https://image.rakuten.co.jp/gbt-dko/cabinet/topimg/24973_pop.jpg"" width=""625"" height=""137"" alt=""ソーラースポットライト！""> 
  </td></tr> 
<tr> 
  <td width=""682"" align=""center""> 
<img border=""0"" src=""https://image.rakuten.co.jp/gbt-dko/cabinet/topimg/24670_pop.jpg"" width=""625"" height=""137""> 
  </td></tr> 
<tr> 
  <td width=""682"" align=""center""> 
<img border=""0"" src=""https://image.rakuten.co.jp/gbt-dko/cabinet/topimg/x24529_pop.jpg"" width=""625"" height=""274""> 
  </td></tr> 
<tr> 
  <td width=""682"" align=""center""> 
<img border=""0"" src=""https://image.rakuten.co.jp/gbt-dko/cabinet/topimg/23919bn.jpg"" width=""625"" height=""137""></td></tr> 
<tr> 
  <td width=""682"" align=""center""> 
  </td></tr> 
<tr> 
  <td width=""682"" align=""center""> 
<img border=""0"" src=""https://image.rakuten.co.jp/gbt-dko/cabinet/topimg/x24155_pop.jpg"" width=""625"" height=""275""></td></tr> 
<tr> 
  <td width=""682"" align=""center""> 
<img border=""0"" src=""https://image.rakuten.co.jp/gbt-dko/cabinet/topimg/sixthsense-pop.jpg"" width=""625"" height=""275""></td></tr> 
</table> 
<table border=""0"" width=""680""> 
<tr><td width=""50%"" height=""238""><p align=""center""><img border=""0"" src=""https://image.rakuten.co.jp/gbt-dko/cabinet/line-tape/22317_1.jpg"" width=""335"" height=""251""></p> 
</td><td width=""50%"" height=""238""><img border=""0"" src=""https://image.rakuten.co.jp/gbt-dko/cabinet/caac-allimg/24833_1r.jpg"" width=""335"" height=""251""></td> 
</tr> 
</table> 
<table border=""0"" width=""680"" height=""131""> 
<tr> 
<td width=""50%"" align=""center"" height=""89""><img border=""0"" src=""https://thumbnail.image.rakuten.co.jp/@0_mall/gbt-dko/cabinet/topimg/banner_car127.jpg?_ex=335x335""> 
</td> 
<td width=""50%"" align=""center"" height=""89""><img border=""0"" src=""https://thumbnail.image.rakuten.co.jp/@0_mall/gbt-dko/cabinet/topimg/banner_car83.jpg?_ex=335x335""></td> 
</tr> 
<tr> 
<td width=""50%"" align=""center"" height=""90""><img border=""0"" src=""https://image.rakuten.co.jp/gbt-dko/cabinet/topimg/banner_car133.gif"" width=""335"" height=""88""></td> 
<td width=""50%"" align=""center"" height=""90""><img border=""0"" src=""https://thumbnail.image.rakuten.co.jp/@0_mall/gbt-dko/cabinet/topimg/specialsale_s05.jpg?_ex=335x335""></td> 
</tr> 
<tr> 
<th width=""690"" colspan=""2"" height=""1""> 
<hr> 
<p>          
<font color=""#FF0066"">★レビューの書き方が分からない方はこちらをご覧ください⇒</font>          
</th> 
</tr> 
</table> 
 
</center>",レーザーライン レーザー光線 D-UP DC12V レーザーラインユニット赤 ストレートタイプ 2017Apr：ダイコン卸　直販部,イルミネーション クリスマス ソーラークリスマスツリー おしゃれLED ウインカー テールランプ ルームランプＨＩＤキットHIDキット H1 H3 H4 H7 H8 H11 HB3 HB4フォグランプHIDキセノンハイフラ防止抵抗器T10 T16 T20 S25カー用品 カーパーツ地デジアンテナGPSアンテナオンダッシュモニタープリウスアクアハイエースヴェルファイアステップワゴンN boxウイポジレーザーライン レーザー光線 D-UP DC12V レーザーラインユニット赤 ストレートタイプ 2017Apr,赤い光のラインが幻想的な空間を演出！。レーザーライン レーザー光線 D-UP DC12V レーザーラインユニット赤 ストレートタイプ 2017Apr[rn]
5-63996,http://tshop.r10s.jp/seedstyle/cabinet/item3/20903_1.jpg?fitin=700:700,747.2000,,車用品・バイク用品 > カー用品 > ライト・ランプ > ネオン管,レーザーラインユニット　12v用　ストレートタイプ,アンダーライト・ショー・イベントに,"<style type=""text/css"">
<!--

div#HeaderKeyword {
	position:absolute;
	top:80px;/*一番上からの位置*/
	left:30px;/*左端からの位置*/
}

div#HeaderKeyword span {
	background: #bf0000;
	color:#fff;
	font-weight:bold;
	padding:2px 5px;
}

div#HeaderKeyword a {
	color:#0044CC;
}

-->

/*お買い物ボタンのサイズ変更*/
input{
  font-weight:bold;
  font-size:20px;
  color:#000;
}

/*納期情報フォント変更*/
td.inventory font{font-size:12px;color:#1D54A7;}

font[size=""3""]{
   color:#1D54A7;
   font-size:12px;
}


/*買い物かごまわりナビ*/
<!--
span.unit { background: url(https://image.rakuten.co.jp/seedstyle/cabinet/navi/cartnavi2.jpg) no-repeat left top; text-indent:
-9999; display: block; width: 308; height: 464; margin:15px 0; }
-->

</style>



<div id=""HeaderKeyword"">
<span>注目のキーワード</span>
C-HR
80系 ノア VOXY エスクァイア
50系プリウス
</div>

<img src=""https://image.rakuten.co.jp/seedstyle/cabinet/banner/ivent/2017summer_bnr.jpg"" width=""688"" height=""365"" border=""0"" /><br><br>

<img src=""https://image.rakuten.co.jp/seedstyle/cabinet/banner/seedosusumetitle.jpg"" width=""730"" height=""50""><br>

<br>
<img src=""https://image.rakuten.co.jp/seedstyle/cabinet/banner/diytoolbox_bnr.jpg"" width=""730"" height=""100"" border=""0"" vspace=""7"">
<br><br>
<img src=""https://image.rakuten.co.jp/seedstyle/cabinet/banner/ivent/syakentaiou_item.jpg"" width=""616"" height=""120"" border=""0"" />",レーザーラインユニット　12v用　ストレートタイプ：シードスタイル楽天市場店,ヴェルファイアVELLFIREアルファードALPHARDVEZELヴェゼルNBOXAQUAアクアプリウスPRIUSLEDウイポジHIDドレスアップカーパーツヴォクシーVOXYノアNOAHレーザーラインユニット　12v用　ストレートタイプ,アンダーライト・ショー・イベントに。レーザーラインユニット　12v用　ストレートタイプ[rn]
5-63997,http://tshop.r10s.jp/seedstyle/cabinet/item2/21399_1.jpg?fitin=700:700,1280.0000,,車用品・バイク用品 > カー用品 > ライト・ランプ > ネオン管,LEDテープ　　側面発光60cm SMD60連  黒基板 　　橙　1本,ウインカーランプ LEDライトアップに！ メール便送料無料,"<style type=""text/css"">
<!--

div#HeaderKeyword {
	position:absolute;
	top:80px;/*一番上からの位置*/
	left:30px;/*左端からの位置*/
}

div#HeaderKeyword span {
	background: #bf0000;
	color:#fff;
	font-weight:bold;
	padding:2px 5px;
}

div#HeaderKeyword a {
	color:#0044CC;
}

-->

/*お買い物ボタンのサイズ変更*/
input{
  font-weight:bold;
  font-size:20px;
  color:#000;
}

/*納期情報フォント変更*/
td.inventory font{font-size:12px;color:#1D54A7;}

font[size=""3""]{
   color:#1D54A7;
   font-size:12px;
}


/*買い物かごまわりナビ*/
<!--
span.unit { background: url(https://image.rakuten.co.jp/seedstyle/cabinet/navi/cartnavi2.jpg) no-repeat left top; text-indent:
-9999; display: block; width: 308; height: 464; margin:15px 0; }
-->

</style>



<div id=""HeaderKeyword"">
<span>注目のキーワード</span>
C-HR
80系 ノア VOXY エスクァイア
50系プリウス
</div>

<img src=""https://image.rakuten.co.jp/seedstyle/cabinet/banner/ivent/2017summer_bnr.jpg"" width=""688"" height=""365"" border=""0"" /><br><br>

<img src=""https://image.rakuten.co.jp/seedstyle/cabinet/banner/seedosusumetitle.jpg"" width=""730"" height=""50""><br>

<br>
<img src=""https://image.rakuten.co.jp/seedstyle/cabinet/banner/diytoolbox_bnr.jpg"" width=""730"" height=""100"" border=""0"" vspace=""7"">
<br><br>
<img src=""https://image.rakuten.co.jp/seedstyle/cabinet/banner/ivent/syakentaiou_item.jpg"" width=""616"" height=""120"" border=""0"" />",LEDテープ　　側面発光60cm SMD60連  黒基板 　　橙　1本：シードスタイル楽天市場店,ヴェルファイアVELLFIREアルファードALPHARDVEZELヴェゼルNBOXAQUAアクアプリウスPRIUSLEDウイポジHIDドレスアップカーパーツヴォクシーVOXYノアNOAHLEDテープ　　側面発光60cm SMD60連  黒基板 　　橙　1本,ウインカーランプ LEDライトアップに！ メール便送料無料。LEDテープ　　側面発光60cm SMD60連  黒基板 　　橙　1本[rn]
5-63998,http://tshop.r10s.jp/seedstyle/cabinet/21390_1.jpg?fitin=700:700,1889.6000,,車用品・バイク用品 > カー用品 > ライト・ランプ > ネオン管,LEDテープ　　側面発光45cm SMD27連  黒基板 　　ブラックライト　2本セット,アイライン LEDライトアップに！,"<style type=""text/css"">
<!--

div#HeaderKeyword {
	position:absolute;
	top:80px;/*一番上からの位置*/
	left:30px;/*左端からの位置*/
}

div#HeaderKeyword span {
	background: #bf0000;
	color:#fff;
	font-weight:bold;
	padding:2px 5px;
}

div#HeaderKeyword a {
	color:#0044CC;
}

-->

/*お買い物ボタンのサイズ変更*/
input{
  font-weight:bold;
  font-size:20px;
  color:#000;
}

/*納期情報フォント変更*/
td.inventory font{font-size:12px;color:#1D54A7;}

font[size=""3""]{
   color:#1D54A7;
   font-size:12px;
}


/*買い物かごまわりナビ*/
<!--
span.unit { background: url(https://image.rakuten.co.jp/seedstyle/cabinet/navi/cartnavi2.jpg) no-repeat left top; text-indent:
-9999; display: block; width: 308; height: 464; margin:15px 0; }
-->

</style>



<div id=""HeaderKeyword"">
<span>注目のキーワード</span>
C-HR
80系 ノア VOXY エスクァイア
50系プリウス
</div>

<img src=""https://image.rakuten.co.jp/seedstyle/cabinet/banner/ivent/2017summer_bnr.jpg"" width=""688"" height=""365"" border=""0"" /><br><br>

<img src=""https://image.rakuten.co.jp/seedstyle/cabinet/banner/seedosusumetitle.jpg"" width=""730"" height=""50""><br>

<br>
<img src=""https://image.rakuten.co.jp/seedstyle/cabinet/banner/diytoolbox_bnr.jpg"" width=""730"" height=""100"" border=""0"" vspace=""7"">
<br><br>
<img src=""https://image.rakuten.co.jp/seedstyle/cabinet/banner/ivent/syakentaiou_item.jpg"" width=""616"" height=""120"" border=""0"" />",LEDテープ　　側面発光45cm SMD27連  黒基板 　　ブラックライト　2本セット：シードスタイル楽天市場店,ヴェルファイアVELLFIREアルファードALPHARDVEZELヴェゼルNBOXAQUAアクアプリウスPRIUSLEDウイポジHIDドレスアップカーパーツヴォクシーVOXYノアNOAHLEDテープ　　側面発光45cm SMD27連  黒基板 　　ブラックライト　2本セット,アイライン LEDライトアップに！。LEDテープ　　側面発光45cm SMD27連  黒基板 　　ブラックライト　2本セット[rn]
5-63999,http://tshop.r10s.jp/seedstyle/cabinet/21038_1.jpg?fitin=700:700,1508.8000,,車用品・バイク用品 > カー用品 > ライト・ランプ > ネオン管,LEDテープ　　側面発光45cm SMD27連  黒基板 　　ピンク　2本セット,アイライン LEDライトアップに！,"<style type=""text/css"">
<!--

div#HeaderKeyword {
	position:absolute;
	top:80px;/*一番上からの位置*/
	left:30px;/*左端からの位置*/
}

div#HeaderKeyword span {
	background: #bf0000;
	color:#fff;
	font-weight:bold;
	padding:2px 5px;
}

div#HeaderKeyword a {
	color:#0044CC;
}

-->

/*お買い物ボタンのサイズ変更*/
input{
  font-weight:bold;
  font-size:20px;
  color:#000;
}

/*納期情報フォント変更*/
td.inventory font{font-size:12px;color:#1D54A7;}

font[size=""3""]{
   color:#1D54A7;
   font-size:12px;
}


/*買い物かごまわりナビ*/
<!--
span.unit { background: url(https://image.rakuten.co.jp/seedstyle/cabinet/navi/cartnavi2.jpg) no-repeat left top; text-indent:
-9999; display: block; width: 308; height: 464; margin:15px 0; }
-->

</style>



<div id=""HeaderKeyword"">
<span>注目のキーワード</span>
C-HR
80系 ノア VOXY エスクァイア
50系プリウス
</div>

<img src=""https://image.rakuten.co.jp/seedstyle/cabinet/banner/ivent/2017summer_bnr.jpg"" width=""688"" height=""365"" border=""0"" /><br><br>

<img src=""https://image.rakuten.co.jp/seedstyle/cabinet/banner/seedosusumetitle.jpg"" width=""730"" height=""50""><br>

<br>
<img src=""https://image.rakuten.co.jp/seedstyle/cabinet/banner/diytoolbox_bnr.jpg"" width=""730"" height=""100"" border=""0"" vspace=""7"">
<br><br>
<img src=""https://image.rakuten.co.jp/seedstyle/cabinet/banner/ivent/syakentaiou_item.jpg"" width=""616"" height=""120"" border=""0"" />",LEDテープ　　側面発光45cm SMD27連  黒基板 　　ピンク　2本セット：シードスタイル楽天市場店,ヴェルファイアVELLFIREアルファードALPHARDVEZELヴェゼルNBOXAQUAアクアプリウスPRIUSLEDウイポジHIDドレスアップカーパーツヴォクシーVOXYノアNOAHLEDテープ　　側面発光45cm SMD27連  黒基板 　　ピンク　2本セット,アイライン LEDライトアップに！。LEDテープ　　側面発光45cm SMD27連  黒基板 　　ピンク　2本セット[rn]
5-64000,http://tshop.r10s.jp/seedstyle/cabinet/20812_1.jpg?fitin=700:700,1508.8000,,車用品・バイク用品 > カー用品 > ライト・ランプ > ネオン管,LEDテープ　　側面発光45cm SMD27連  黒基板 　　青　2本セット,アイライン LEDライトアップに！,"<style type=""text/css"">
<!--

div#HeaderKeyword {
	position:absolute;
	top:80px;/*一番上からの位置*/
	left:30px;/*左端からの位置*/
}

div#HeaderKeyword span {
	background: #bf0000;
	color:#fff;
	font-weight:bold;
	padding:2px 5px;
}

div#HeaderKeyword a {
	color:#0044CC;
}

-->

/*お買い物ボタンのサイズ変更*/
input{
  font-weight:bold;
  font-size:20px;
  color:#000;
}

/*納期情報フォント変更*/
td.inventory font{font-size:12px;color:#1D54A7;}

font[size=""3""]{
   color:#1D54A7;
   font-size:12px;
}


/*買い物かごまわりナビ*/
<!--
span.unit { background: url(https://image.rakuten.co.jp/seedstyle/cabinet/navi/cartnavi2.jpg) no-repeat left top; text-indent:
-9999; display: block; width: 308; height: 464; margin:15px 0; }
-->

</style>



<div id=""HeaderKeyword"">
<span>注目のキーワード</span>
C-HR
80系 ノア VOXY エスクァイア
50系プリウス
</div>

<img src=""https://image.rakuten.co.jp/seedstyle/cabinet/banner/ivent/2017summer_bnr.jpg"" width=""688"" height=""365"" border=""0"" /><br><br>

<img src=""https://image.rakuten.co.jp/seedstyle/cabinet/banner/seedosusumetitle.jpg"" width=""730"" height=""50""><br>

<br>
<img src=""https://image.rakuten.co.jp/seedstyle/cabinet/banner/diytoolbox_bnr.jpg"" width=""730"" height=""100"" border=""0"" vspace=""7"">
<br><br>
<img src=""https://image.rakuten.co.jp/seedstyle/cabinet/banner/ivent/syakentaiou_item.jpg"" width=""616"" height=""120"" border=""0"" />",LEDテープ　　側面発光45cm SMD27連  黒基板 　　青　2本セット：シードスタイル楽天市場店,ヴェルファイアVELLFIREアルファードALPHARDVEZELヴェゼルNBOXAQUAアクアプリウスPRIUSLEDウイポジHIDドレスアップカーパーツヴォクシーVOXYノアNOAHLEDテープ　　側面発光45cm SMD27連  黒基板 　　青　2本セット,アイライン LEDライトアップに！。LEDテープ　　側面発光45cm SMD27連  黒基板 　　青　2本セット[rn]
5-64001,http://tshop.r10s.jp/seedstyle/cabinet/21037_1.jpg?fitin=700:700,1508.8000,,車用品・バイク用品 > カー用品 > ライト・ランプ > ネオン管,LEDテープ　　側面発光45cm SMD27連  黒基板 　　グリーン　2本セット,アイライン LEDライトアップに！,"<style type=""text/css"">
<!--

div#HeaderKeyword {
	position:absolute;
	top:80px;/*一番上からの位置*/
	left:30px;/*左端からの位置*/
}

div#HeaderKeyword span {
	background: #bf0000;
	color:#fff;
	font-weight:bold;
	padding:2px 5px;
}

div#HeaderKeyword a {
	color:#0044CC;
}

-->

/*お買い物ボタンのサイズ変更*/
input{
  font-weight:bold;
  font-size:20px;
  color:#000;
}

/*納期情報フォント変更*/
td.inventory font{font-size:12px;color:#1D54A7;}

font[size=""3""]{
   color:#1D54A7;
   font-size:12px;
}


/*買い物かごまわりナビ*/
<!--
span.unit { background: url(https://image.rakuten.co.jp/seedstyle/cabinet/navi/cartnavi2.jpg) no-repeat left top; text-indent:
-9999; display: block; width: 308; height: 464; margin:15px 0; }
-->

</style>



<div id=""HeaderKeyword"">
<span>注目のキーワード</span>
C-HR
80系 ノア VOXY エスクァイア
50系プリウス
</div>

<img src=""https://image.rakuten.co.jp/seedstyle/cabinet/banner/ivent/2017summer_bnr.jpg"" width=""688"" height=""365"" border=""0"" /><br><br>

<img src=""https://image.rakuten.co.jp/seedstyle/cabinet/banner/seedosusumetitle.jpg"" width=""730"" height=""50""><br>

<br>
<img src=""https://image.rakuten.co.jp/seedstyle/cabinet/banner/diytoolbox_bnr.jpg"" width=""730"" height=""100"" border=""0"" vspace=""7"">
<br><br>
<img src=""https://image.rakuten.co.jp/seedstyle/cabinet/banner/ivent/syakentaiou_item.jpg"" width=""616"" height=""120"" border=""0"" />",LEDテープ　　側面発光45cm SMD27連  黒基板 　　グリーン　2本セット：シードスタイル楽天市場店,ヴェルファイアVELLFIREアルファードALPHARDVEZELヴェゼルNBOXAQUAアクアプリウスPRIUSLEDウイポジHIDドレスアップカーパーツヴォクシーVOXYノアNOAHLEDテープ　　側面発光45cm SMD27連  黒基板 　　グリーン　2本セット,アイライン LEDライトアップに！。LEDテープ　　側面発光45cm SMD27連  黒基板 　　グリーン　2本セット[rn]
5-64002,http://tshop.r10s.jp/seedstyle/cabinet/img59602527.jpg?fitin=700:700,1508.8000,,車用品・バイク用品 > カー用品 > ライト・ランプ > ネオン管,LEDテープ　　側面発光45cm SMD27連  黒基板 　　橙　2本セット,ウインカーランプ LEDライトアップに！,"<style type=""text/css"">
<!--

div#HeaderKeyword {
	position:absolute;
	top:80px;/*一番上からの位置*/
	left:30px;/*左端からの位置*/
}

div#HeaderKeyword span {
	background: #bf0000;
	color:#fff;
	font-weight:bold;
	padding:2px 5px;
}

div#HeaderKeyword a {
	color:#0044CC;
}

-->

/*お買い物ボタンのサイズ変更*/
input{
  font-weight:bold;
  font-size:20px;
  color:#000;
}

/*納期情報フォント変更*/
td.inventory font{font-size:12px;color:#1D54A7;}

font[size=""3""]{
   color:#1D54A7;
   font-size:12px;
}


/*買い物かごまわりナビ*/
<!--
span.unit { background: url(https://image.rakuten.co.jp/seedstyle/cabinet/navi/cartnavi2.jpg) no-repeat left top; text-indent:
-9999; display: block; width: 308; height: 464; margin:15px 0; }
-->

</style>



<div id=""HeaderKeyword"">
<span>注目のキーワード</span>
C-HR
80系 ノア VOXY エスクァイア
50系プリウス
</div>

<img src=""https://image.rakuten.co.jp/seedstyle/cabinet/banner/ivent/2017summer_bnr.jpg"" width=""688"" height=""365"" border=""0"" /><br><br>

<img src=""https://image.rakuten.co.jp/seedstyle/cabinet/banner/seedosusumetitle.jpg"" width=""730"" height=""50""><br>

<br>
<img src=""https://image.rakuten.co.jp/seedstyle/cabinet/banner/diytoolbox_bnr.jpg"" width=""730"" height=""100"" border=""0"" vspace=""7"">
<br><br>
<img src=""https://image.rakuten.co.jp/seedstyle/cabinet/banner/ivent/syakentaiou_item.jpg"" width=""616"" height=""120"" border=""0"" />",LEDテープ　　側面発光45cm SMD27連  黒基板 　　橙　2本セット：シードスタイル楽天市場店,ヴェルファイアVELLFIREアルファードALPHARDVEZELヴェゼルNBOXAQUAアクアプリウスPRIUSLEDウイポジHIDドレスアップカーパーツヴォクシーVOXYノアNOAHLEDテープ　　側面発光45cm SMD27連  黒基板 　　橙　2本セット,ウインカーランプ LEDライトアップに！。LEDテープ　　側面発光45cm SMD27連  黒基板 　　橙　2本セット[rn]
5-64003,http://tshop.r10s.jp/seedstyle/cabinet/20810_1.jpg?fitin=700:700,1508.8000,,車用品・バイク用品 > カー用品 > ライト・ランプ > ネオン管,LEDテープ　　側面発光45cm SMD27連  黒基板 　　赤　2本セット,テールランプ LEDライトアップに！,"<style type=""text/css"">
<!--

div#HeaderKeyword {
	position:absolute;
	top:80px;/*一番上からの位置*/
	left:30px;/*左端からの位置*/
}

div#HeaderKeyword span {
	background: #bf0000;
	color:#fff;
	font-weight:bold;
	padding:2px 5px;
}

div#HeaderKeyword a {
	color:#0044CC;
}

-->

/*お買い物ボタンのサイズ変更*/
input{
  font-weight:bold;
  font-size:20px;
  color:#000;
}

/*納期情報フォント変更*/
td.inventory font{font-size:12px;color:#1D54A7;}

font[size=""3""]{
   color:#1D54A7;
   font-size:12px;
}


/*買い物かごまわりナビ*/
<!--
span.unit { background: url(https://image.rakuten.co.jp/seedstyle/cabinet/navi/cartnavi2.jpg) no-repeat left top; text-indent:
-9999; display: block; width: 308; height: 464; margin:15px 0; }
-->

</style>



<div id=""HeaderKeyword"">
<span>注目のキーワード</span>
C-HR
80系 ノア VOXY エスクァイア
50系プリウス
</div>

<img src=""https://image.rakuten.co.jp/seedstyle/cabinet/banner/ivent/2017summer_bnr.jpg"" width=""688"" height=""365"" border=""0"" /><br><br>

<img src=""https://image.rakuten.co.jp/seedstyle/cabinet/banner/seedosusumetitle.jpg"" width=""730"" height=""50""><br>

<br>
<img src=""https://image.rakuten.co.jp/seedstyle/cabinet/banner/diytoolbox_bnr.jpg"" width=""730"" height=""100"" border=""0"" vspace=""7"">
<br><br>
<img src=""https://image.rakuten.co.jp/seedstyle/cabinet/banner/ivent/syakentaiou_item.jpg"" width=""616"" height=""120"" border=""0"" />",LEDテープ　　側面発光45cm SMD27連  黒基板 　　赤　2本セット：シードスタイル楽天市場店,ヴェルファイアVELLFIREアルファードALPHARDVEZELヴェゼルNBOXAQUAアクアプリウスPRIUSLEDウイポジHIDドレスアップカーパーツヴォクシーVOXYノアNOAHLEDテープ　　側面発光45cm SMD27連  黒基板 　　赤　2本セット,テールランプ LEDライトアップに！。LEDテープ　　側面発光45cm SMD27連  黒基板 　　赤　2本セット[rn]
5-64004,http://tshop.r10s.jp/seedstyle/cabinet/item2/23163_1.jpg?fitin=700:700,3032.8000,,車用品・バイク用品 > カー用品 > ライト・ランプ > ネオン管,長尺LEDテープ　　正面発光 約5m SMD300連  黒基板 　　ピンク　1本,好きな長さにカットして使えて経済的！DIYに！,"<TABLE border=0 cellSpacing=1 cellPadding=0 width=600 bgColor=#1f1f1f>
<TBODY>
<TR>
<TD bgColor=#ffffff>
<TABLE border=0 cellSpacing=0 cellPadding=0 width=600 class=upsale>
<TBODY>
<TR bgColor=#1f1f1f>
          <TD height=24 colSpan=9><FONT color=#ffffff>　■長尺300連テープLED　カラーバリエーション</FONT></TD>
        </TR>
<TR>
<TD height=10 colSpan=9></TD></TR>
<TR>
<TD width=24>&nbsp;</TD>
<TD height=96 width=128><IMG border=0 src=""https://image.rakuten.co.jp/seedstyle/cabinet/item2/22423_1.jpg"" width=128 height=96></TD>
<TD width=12>&nbsp;</TD>
<TD height=96 width=128><IMG border=0 src=""https://image.rakuten.co.jp/seedstyle/cabinet/item2/22480_1.jpg"" width=128 height=96></TD>
<TD width=12>&nbsp;</TD>
<TD height=96 width=128><IMG border=0 src=""https://image.rakuten.co.jp/seedstyle/cabinet/item2/23214_1.jpg"" width=128 height=96></TD>
<TD width=12>&nbsp;</TD>
<TD height=96 width=128><IMG border=0 src=""https://image.rakuten.co.jp/seedstyle/cabinet/item2/23215_1.jpg"" width=128 height=96></TD>
<TD width=24>&nbsp;</TD></TR>
<TR>
<TD>&nbsp;</TD>
          <TD height=55 vAlign=baseline width=128>SMDテープLED300連【約5Mロール】黒ベース 
            ホワイト</TD>
<TD>&nbsp;</TD>
<TD height=55 vAlign=baseline width=128>SMDテープLED300連【約5Mロール】黒ベース 
            ブルー</TD>
<TD>&nbsp;</TD>
<TD height=55 vAlign=baseline width=128>SMDテープLED300連【約5Mロール】黒ベース 
            レッド</TD>
<TD>&nbsp;</TD>
<TD height=55 vAlign=baseline width=128>SMDテープLED300連【約5Mロール】黒ベース 
            オレンジ</TD>
<TD>&nbsp;</TD></TR>
<TR>
<TD>&nbsp;</TD>
<TD height=35 vAlign=baseline width=128><B><FONT color=#ff0000>3,980円</FONT></B><BR>(税別)<BR><BR></TD>
<TD>&nbsp;</TD>
<TD vAlign=baseline width=128><B><FONT color=#ff0000>3,980円</FONT></B><BR>(税別)</TD>
<TD>&nbsp;</TD>
<TD vAlign=baseline width=128><B><FONT color=#ff0000>3,980円</FONT></B><BR>(税別)</TD>
<TD>&nbsp;</TD>
<TD vAlign=baseline width=128><B><FONT color=#ff0000>3,980円</FONT></B><BR>(税別)</TD>
<TD>&nbsp;</TD></TR>
<TR>
<TD width=24>&nbsp;</TD>
<TD height=96 width=128><IMG border=0 src=""https://image.rakuten.co.jp/seedstyle/cabinet/item2/23213_1.jpg"" width=128 height=96></TD>
<TD width=12>&nbsp;</TD>
<TD height=96 width=128><IMG border=0 src=""https://image.rakuten.co.jp/seedstyle/cabinet/item2/23163_1.jpg"" width=128 height=96></TD>
<TD width=12>&nbsp;</TD>
<TD height=96 width=128>&nbsp;</TD>
<TD width=12>&nbsp;</TD>
<TD height=96 width=128>&nbsp;</TD>
<TD width=24>&nbsp;</TD></TR>
<TR>
<TD>&nbsp;</TD>
<TD height=55 vAlign=baseline width=128>SMDテープLED300連【約5Mロール】黒ベース 
            グリーン</TD>
<TD>&nbsp;</TD>
<TD height=55 vAlign=baseline width=128>SMDテープLED300連【約5Mロール】黒ベース 
            ピンク</TD>
<TD>&nbsp;</TD>
<TD height=55 vAlign=baseline width=128>&nbsp;</TD>
<TD>&nbsp;</TD>
<TD height=55 vAlign=baseline width=128>&nbsp;</TD>
<TD>&nbsp;</TD></TR>
<TR>
<TD>&nbsp;</TD>
<TD height=35 vAlign=baseline width=128><B><FONT color=#ff0000>3,980円</FONT></B><BR>(税別)</TD>
<TD>&nbsp;</TD>
<TD vAlign=baseline width=128><B><FONT color=#ff0000>3,980円</FONT></B><BR>(税別)</TD>
<TD>&nbsp;</TD>
<TD vAlign=baseline width=128>&nbsp;</TD>
<TD>&nbsp;</TD>
<TD vAlign=baseline width=128>&nbsp;</TD>
<TD>&nbsp;</TD></TR>
<TR>
<TD height=10 colSpan=9></TD></TR></TBODY></TABLE></TD></TR></TBODY></TABLE><style type=""text/css"">
<!--

div#HeaderKeyword {
	position:absolute;
	top:80px;/*一番上からの位置*/
	left:30px;/*左端からの位置*/
}

div#HeaderKeyword span {
	background: #bf0000;
	color:#fff;
	font-weight:bold;
	padding:2px 5px;
}

div#HeaderKeyword a {
	color:#0044CC;
}

-->

/*お買い物ボタンのサイズ変更*/
input{
  font-weight:bold;
  font-size:20px;
  color:#000;
}

/*納期情報フォント変更*/
td.inventory font{font-size:12px;color:#1D54A7;}

font[size=""3""]{
   color:#1D54A7;
   font-size:12px;
}


/*買い物かごまわりナビ*/
<!--
span.unit { background: url(https://image.rakuten.co.jp/seedstyle/cabinet/navi/cartnavi2.jpg) no-repeat left top; text-indent:
-9999; display: block; width: 308; height: 464; margin:15px 0; }
-->

</style>



<div id=""HeaderKeyword"">
<span>注目のキーワード</span>
C-HR
80系 ノア VOXY エスクァイア
50系プリウス
</div>

<img src=""https://image.rakuten.co.jp/seedstyle/cabinet/banner/ivent/2017summer_bnr.jpg"" width=""688"" height=""365"" border=""0"" /><br><br>

<img src=""https://image.rakuten.co.jp/seedstyle/cabinet/banner/seedosusumetitle.jpg"" width=""730"" height=""50""><br>

<br>
<img src=""https://image.rakuten.co.jp/seedstyle/cabinet/banner/diytoolbox_bnr.jpg"" width=""730"" height=""100"" border=""0"" vspace=""7"">
<br><br>
<img src=""https://image.rakuten.co.jp/seedstyle/cabinet/banner/ivent/syakentaiou_item.jpg"" width=""616"" height=""120"" border=""0"" />",長尺LEDテープ　　正面発光 約5m SMD300連  黒基板 　　ピンク　1本：シードスタイル楽天市場店,ヴェルファイアVELLFIREアルファードALPHARDVEZELヴェゼルNBOXAQUAアクアプリウスPRIUSLEDウイポジHIDドレスアップカーパーツヴォクシーVOXYノアNOAH長尺LEDテープ　　正面発光 約5m SMD300連  黒基板 　　ピンク　1本,好きな長さにカットして使えて経済的！DIYに！。長尺LEDテープ　　正面発光 約5m SMD300連  黒基板 　　ピンク　1本[rn]
5-64005,http://tshop.r10s.jp/seedstyle/cabinet/item2/22480_1.jpg?fitin=700:700,3032.8000,,車用品・バイク用品 > カー用品 > ライト・ランプ > ネオン管,長尺LEDテープ　　正面発光 約5m SMD300連  黒基板 　　青　1本,好きな長さにカットして使えて経済的！DIYに！,"<TABLE border=0 cellSpacing=1 cellPadding=0 width=600 bgColor=#1f1f1f>
<TBODY>
<TR>
<TD bgColor=#ffffff>
<TABLE border=0 cellSpacing=0 cellPadding=0 width=600 class=upsale>
<TBODY>
<TR bgColor=#1f1f1f>
          <TD height=24 colSpan=9><FONT color=#ffffff>　■長尺300連テープLED　カラーバリエーション</FONT></TD>
        </TR>
<TR>
<TD height=10 colSpan=9></TD></TR>
<TR>
<TD width=24>&nbsp;</TD>
<TD height=96 width=128><IMG border=0 src=""https://image.rakuten.co.jp/seedstyle/cabinet/item2/22423_1.jpg"" width=128 height=96></TD>
<TD width=12>&nbsp;</TD>
<TD height=96 width=128><IMG border=0 src=""https://image.rakuten.co.jp/seedstyle/cabinet/item2/22480_1.jpg"" width=128 height=96></TD>
<TD width=12>&nbsp;</TD>
<TD height=96 width=128><IMG border=0 src=""https://image.rakuten.co.jp/seedstyle/cabinet/item2/23214_1.jpg"" width=128 height=96></TD>
<TD width=12>&nbsp;</TD>
<TD height=96 width=128><IMG border=0 src=""https://image.rakuten.co.jp/seedstyle/cabinet/item2/23215_1.jpg"" width=128 height=96></TD>
<TD width=24>&nbsp;</TD></TR>
<TR>
<TD>&nbsp;</TD>
          <TD height=55 vAlign=baseline width=128>SMDテープLED300連【約5Mロール】黒ベース 
            ホワイト</TD>
<TD>&nbsp;</TD>
<TD height=55 vAlign=baseline width=128>SMDテープLED300連【約5Mロール】黒ベース 
            ブルー</TD>
<TD>&nbsp;</TD>
<TD height=55 vAlign=baseline width=128>SMDテープLED300連【約5Mロール】黒ベース 
            レッド</TD>
<TD>&nbsp;</TD>
<TD height=55 vAlign=baseline width=128>SMDテープLED300連【約5Mロール】黒ベース 
            オレンジ</TD>
<TD>&nbsp;</TD></TR>
<TR>
<TD>&nbsp;</TD>
<TD height=35 vAlign=baseline width=128><B><FONT color=#ff0000>3,980円</FONT></B><BR>(税別)<BR><BR></TD>
<TD>&nbsp;</TD>
<TD vAlign=baseline width=128><B><FONT color=#ff0000>3,980円</FONT></B><BR>(税別)</TD>
<TD>&nbsp;</TD>
<TD vAlign=baseline width=128><B><FONT color=#ff0000>3,980円</FONT></B><BR>(税別)</TD>
<TD>&nbsp;</TD>
<TD vAlign=baseline width=128><B><FONT color=#ff0000>3,980円</FONT></B><BR>(税別)</TD>
<TD>&nbsp;</TD></TR>
<TR>
<TD width=24>&nbsp;</TD>
<TD height=96 width=128><IMG border=0 src=""https://image.rakuten.co.jp/seedstyle/cabinet/item2/23213_1.jpg"" width=128 height=96></TD>
<TD width=12>&nbsp;</TD>
<TD height=96 width=128><IMG border=0 src=""https://image.rakuten.co.jp/seedstyle/cabinet/item2/23163_1.jpg"" width=128 height=96></TD>
<TD width=12>&nbsp;</TD>
<TD height=96 width=128>&nbsp;</TD>
<TD width=12>&nbsp;</TD>
<TD height=96 width=128>&nbsp;</TD>
<TD width=24>&nbsp;</TD></TR>
<TR>
<TD>&nbsp;</TD>
<TD height=55 vAlign=baseline width=128>SMDテープLED300連【約5Mロール】黒ベース 
            グリーン</TD>
<TD>&nbsp;</TD>
<TD height=55 vAlign=baseline width=128>SMDテープLED300連【約5Mロール】黒ベース 
            ピンク</TD>
<TD>&nbsp;</TD>
<TD height=55 vAlign=baseline width=128>&nbsp;</TD>
<TD>&nbsp;</TD>
<TD height=55 vAlign=baseline width=128>&nbsp;</TD>
<TD>&nbsp;</TD></TR>
<TR>
<TD>&nbsp;</TD>
<TD height=35 vAlign=baseline width=128><B><FONT color=#ff0000>3,980円</FONT></B><BR>(税別)</TD>
<TD>&nbsp;</TD>
<TD vAlign=baseline width=128><B><FONT color=#ff0000>3,980円</FONT></B><BR>(税別)</TD>
<TD>&nbsp;</TD>
<TD vAlign=baseline width=128>&nbsp;</TD>
<TD>&nbsp;</TD>
<TD vAlign=baseline width=128>&nbsp;</TD>
<TD>&nbsp;</TD></TR>
<TR>
<TD height=10 colSpan=9></TD></TR></TBODY></TABLE></TD></TR></TBODY></TABLE><style type=""text/css"">
<!--

div#HeaderKeyword {
	position:absolute;
	top:80px;/*一番上からの位置*/
	left:30px;/*左端からの位置*/
}

div#HeaderKeyword span {
	background: #bf0000;
	color:#fff;
	font-weight:bold;
	padding:2px 5px;
}

div#HeaderKeyword a {
	color:#0044CC;
}

-->

/*お買い物ボタンのサイズ変更*/
input{
  font-weight:bold;
  font-size:20px;
  color:#000;
}

/*納期情報フォント変更*/
td.inventory font{font-size:12px;color:#1D54A7;}

font[size=""3""]{
   color:#1D54A7;
   font-size:12px;
}


/*買い物かごまわりナビ*/
<!--
span.unit { background: url(https://image.rakuten.co.jp/seedstyle/cabinet/navi/cartnavi2.jpg) no-repeat left top; text-indent:
-9999; display: block; width: 308; height: 464; margin:15px 0; }
-->

</style>



<div id=""HeaderKeyword"">
<span>注目のキーワード</span>
C-HR
80系 ノア VOXY エスクァイア
50系プリウス
</div>

<img src=""https://image.rakuten.co.jp/seedstyle/cabinet/banner/ivent/2017summer_bnr.jpg"" width=""688"" height=""365"" border=""0"" /><br><br>

<img src=""https://image.rakuten.co.jp/seedstyle/cabinet/banner/seedosusumetitle.jpg"" width=""730"" height=""50""><br>

<br>
<img src=""https://image.rakuten.co.jp/seedstyle/cabinet/banner/diytoolbox_bnr.jpg"" width=""730"" height=""100"" border=""0"" vspace=""7"">
<br><br>
<img src=""https://image.rakuten.co.jp/seedstyle/cabinet/banner/ivent/syakentaiou_item.jpg"" width=""616"" height=""120"" border=""0"" />",長尺LEDテープ　　正面発光 約5m SMD300連  黒基板 　　青　1本：シードスタイル楽天市場店,ヴェルファイアVELLFIREアルファードALPHARDVEZELヴェゼルNBOXAQUAアクアプリウスPRIUSLEDウイポジHIDドレスアップカーパーツヴォクシーVOXYノアNOAH長尺LEDテープ　　正面発光 約5m SMD300連  黒基板 　　青　1本,好きな長さにカットして使えて経済的！DIYに！。長尺LEDテープ　　正面発光 約5m SMD300連  黒基板 　　青　1本[rn]
5-64006,http://tshop.r10s.jp/geki-car/cabinet/20-3/2023741_1.jpg?fitin=700:700,414.4000,,車用品・バイク用品 > カー用品 > ライト・ランプ > モール,クリエイト　X338　エッジモール（バイザー等）　クローム（4m巻）,愛車の内装・外装のドレスアップに！,"■日本製の高品質メッキモールです。<br>
■U字のモールですのでバイザーなどに使用出来ます。<br>
■全長4m巻ですのでカットして使ってください。<title></title>
<style type=""text/css"">
<!--

BODY{
	text-align:center;
background-color:#FFFFFF;
background-image:url(https://image.rakuten.co.jp/geki-car/cabinet/img60988559.jpg);
 background-repeat:repeat-y;
 background-position:right top;
}
--><s></s>
-->
-->
</style>
<table border=""0"">
  <tbody>
    <tr valign=""bottom"" Height=""45"">
 　　　<td>
<img src=""https://image.rakuten.co.jp/geki-car/cabinet/imgrc0079627948.gif"" alt=""あす楽"" height=""60"" width=""749"" border=""0""><br>
      <img src=""https://image.rakuten.co.jp/geki-car/cabinet/r20160804.gif"" alt=""エントリー不要"" height=""60"" width=""749"" border=""0""><br>
      <img src=""https://image.rakuten.co.jp/geki-car/cabinet/rrakutenweb.gif"" alt=""楽天WEB初めて"" height=""60"" width=""749"" border=""0""><br>
      <img src=""https://image.rakuten.co.jp/geki-car/cabinet/rrakutenweb1.gif"" alt=""楽天WEB通常"" height=""60"" width=""749"" border=""0""><br>
      <img src=""https://image.rakuten.co.jp/geki-car/cabinet/imgrc0072937755.gif"" alt=""無料体験"" height=""60"" width=""749"" border=""0""><br>
      <img src=""https://image.rakuten.co.jp/geki-car/cabinet/imgrc0077294344.gif"" alt=""初めて1000"" height=""60"" width=""749"" border=""0""><br>
      <img src=""https://image.rakuten.co.jp/geki-car/cabinet/imgrc0072888945.gif"" alt=""イーグルス"" height=""60"" width=""749"" border=""0""><br>
      <img src=""https://image.rakuten.co.jp/geki-car/cabinet/imgrc0070342608.gif"" alt=""tool10"" height=""60"" width=""749"" border=""0""><br>
      <img src=""https://image.rakuten.co.jp/geki-car/cabinet/imgrc0065570992.gif"" alt=""Edy"" height=""60"" width=""749"" border=""0""><br>
      <img src=""https://image.rakuten.co.jp/geki-car/cabinet/42/imgrc0065961155.gif"" alt=""avest"" width=""749"" border=""0""><BR>
      <img src=""https://image.rakuten.co.jp/geki-car/cabinet/31/caos-eye2.gif"" alt=""caos"" width=""749"" border=""0""><BR>
      <img src=""https://image.rakuten.co.jp/geki-car/cabinet/31/tuf-eye1.gif"" alt=""tuflong"" width=""749"" border=""0""><BR>
      <img src=""https://image.rakuten.co.jp/geki-car/cabinet/31/varta-eye2.gif"" alt=""varta"" width=""749"" border=""0""><BR>
      </td>
    
  </tbody>
</table>",クリエイト　X338　エッジモール（バイザー等）　クローム（4m巻）：激安カー用品　Webいち店,激安カー用品ナビレーダースターターオーディオ燃費向上ポータブルＭＤＣＤタイヤトーヨーダンロップヨコハマ低反発カーロケシュアラスターオイルＧＰＳカーモニクリエイト　X338　エッジモール（バイザー等）　クローム（4m巻）,愛車の内装・外装のドレスアップに！。クリエイト　X338　エッジモール（バイザー等）　クローム（4m巻）[rn]
5-64007,http://tshop.r10s.jp/geki-car/cabinet/20ban/img56997789.jpg?fitin=700:700,510.4000,,車用品・バイク用品 > カー用品 > ライト・ランプ > モール,星光産業　EW-119  ドアエッジモール6M,　,"<table width=""650""><tr><td>
    <TABLE border=""1"">
      <TBODY>
        <TR>
          <TD bgcolor=""#000000""><FONT color=""#ffffff"">ボディにフィットする新形状のドアモール<BR>
          ミニバン・SUV等に最適なサイズ<BR>
          クロームカラー(全長6mの1本巻）</FONT></TD>
        </TR>
      </TBODY>
    </TABLE>
    <IMG src=""/geki-car/cabinet/20ban/img56997790.jpg"" border=""0""><IMG src=""/geki-car/cabinet/20ban/img56997791.jpg"" border=""0""></td></tr></table><title></title>
<style type=""text/css"">
<!--

BODY{
	text-align:center;
background-color:#FFFFFF;
background-image:url(https://image.rakuten.co.jp/geki-car/cabinet/img60988559.jpg);
 background-repeat:repeat-y;
 background-position:right top;
}
--><s></s>
-->
-->
</style>
<table border=""0"">
  <tbody>
    <tr valign=""bottom"" Height=""45"">
 　　　<td>
<img src=""https://image.rakuten.co.jp/geki-car/cabinet/imgrc0079627948.gif"" alt=""あす楽"" height=""60"" width=""749"" border=""0""><br>
      <img src=""https://image.rakuten.co.jp/geki-car/cabinet/r20160804.gif"" alt=""エントリー不要"" height=""60"" width=""749"" border=""0""><br>
      <img src=""https://image.rakuten.co.jp/geki-car/cabinet/rrakutenweb.gif"" alt=""楽天WEB初めて"" height=""60"" width=""749"" border=""0""><br>
      <img src=""https://image.rakuten.co.jp/geki-car/cabinet/rrakutenweb1.gif"" alt=""楽天WEB通常"" height=""60"" width=""749"" border=""0""><br>
      <img src=""https://image.rakuten.co.jp/geki-car/cabinet/imgrc0072937755.gif"" alt=""無料体験"" height=""60"" width=""749"" border=""0""><br>
      <img src=""https://image.rakuten.co.jp/geki-car/cabinet/imgrc0077294344.gif"" alt=""初めて1000"" height=""60"" width=""749"" border=""0""><br>
      <img src=""https://image.rakuten.co.jp/geki-car/cabinet/imgrc0072888945.gif"" alt=""イーグルス"" height=""60"" width=""749"" border=""0""><br>
      <img src=""https://image.rakuten.co.jp/geki-car/cabinet/imgrc0070342608.gif"" alt=""tool10"" height=""60"" width=""749"" border=""0""><br>
      <img src=""https://image.rakuten.co.jp/geki-car/cabinet/imgrc0065570992.gif"" alt=""Edy"" height=""60"" width=""749"" border=""0""><br>
      <img src=""https://image.rakuten.co.jp/geki-car/cabinet/42/imgrc0065961155.gif"" alt=""avest"" width=""749"" border=""0""><BR>
      <img src=""https://image.rakuten.co.jp/geki-car/cabinet/31/caos-eye2.gif"" alt=""caos"" width=""749"" border=""0""><BR>
      <img src=""https://image.rakuten.co.jp/geki-car/cabinet/31/tuf-eye1.gif"" alt=""tuflong"" width=""749"" border=""0""><BR>
      <img src=""https://image.rakuten.co.jp/geki-car/cabinet/31/varta-eye2.gif"" alt=""varta"" width=""749"" border=""0""><BR>
      </td>
    
  </tbody>
</table>",星光産業　EW-119  ドアエッジモール6M：激安カー用品　Webいち店,激安カー用品ナビレーダースターターオーディオ燃費向上ポータブルＭＤＣＤタイヤトーヨーダンロップヨコハマ低反発カーロケシュアラスターオイルＧＰＳカーモニ星光産業　EW-119  ドアエッジモール6M,　。星光産業　EW-119  ドアエッジモール6M[rn]
5-64008,http://tshop.r10s.jp/geki-car/cabinet/20-2/2023228.jpg?fitin=700:700,572.0000,,車用品・バイク用品 > カー用品 > ライト・ランプ > モール,星光産業 EW-123  ドアエッジモール BK 6M,　,"<table><tr>
    <td width=""628"" height=""186"">ボディにフィットする新形状のドアモール<br>
ミニバン･SUV等に最適なサイズ<br>
ブラックカラー(全長6mの1本巻）<br>
<br>
■製品サイズ：H8 x W6000 x D6　</td>
  </tr></table><title></title>
<style type=""text/css"">
<!--

BODY{
	text-align:center;
background-color:#FFFFFF;
background-image:url(https://image.rakuten.co.jp/geki-car/cabinet/img60988559.jpg);
 background-repeat:repeat-y;
 background-position:right top;
}
--><s></s>
-->
-->
</style>
<table border=""0"">
  <tbody>
    <tr valign=""bottom"" Height=""45"">
 　　　<td>
<img src=""https://image.rakuten.co.jp/geki-car/cabinet/imgrc0079627948.gif"" alt=""あす楽"" height=""60"" width=""749"" border=""0""><br>
      <img src=""https://image.rakuten.co.jp/geki-car/cabinet/r20160804.gif"" alt=""エントリー不要"" height=""60"" width=""749"" border=""0""><br>
      <img src=""https://image.rakuten.co.jp/geki-car/cabinet/rrakutenweb.gif"" alt=""楽天WEB初めて"" height=""60"" width=""749"" border=""0""><br>
      <img src=""https://image.rakuten.co.jp/geki-car/cabinet/rrakutenweb1.gif"" alt=""楽天WEB通常"" height=""60"" width=""749"" border=""0""><br>
      <img src=""https://image.rakuten.co.jp/geki-car/cabinet/imgrc0072937755.gif"" alt=""無料体験"" height=""60"" width=""749"" border=""0""><br>
      <img src=""https://image.rakuten.co.jp/geki-car/cabinet/imgrc0077294344.gif"" alt=""初めて1000"" height=""60"" width=""749"" border=""0""><br>
      <img src=""https://image.rakuten.co.jp/geki-car/cabinet/imgrc0072888945.gif"" alt=""イーグルス"" height=""60"" width=""749"" border=""0""><br>
      <img src=""https://image.rakuten.co.jp/geki-car/cabinet/imgrc0070342608.gif"" alt=""tool10"" height=""60"" width=""749"" border=""0""><br>
      <img src=""https://image.rakuten.co.jp/geki-car/cabinet/imgrc0065570992.gif"" alt=""Edy"" height=""60"" width=""749"" border=""0""><br>
      <img src=""https://image.rakuten.co.jp/geki-car/cabinet/42/imgrc0065961155.gif"" alt=""avest"" width=""749"" border=""0""><BR>
      <img src=""https://image.rakuten.co.jp/geki-car/cabinet/31/caos-eye2.gif"" alt=""caos"" width=""749"" border=""0""><BR>
      <img src=""https://image.rakuten.co.jp/geki-car/cabinet/31/tuf-eye1.gif"" alt=""tuflong"" width=""749"" border=""0""><BR>
      <img src=""https://image.rakuten.co.jp/geki-car/cabinet/31/varta-eye2.gif"" alt=""varta"" width=""749"" border=""0""><BR>
      </td>
    
  </tbody>
</table>",星光産業 EW-123  ドアエッジモール BK 6M：激安カー用品　Webいち店,激安カー用品ナビレーダースターターオーディオ燃費向上ポータブルＭＤＣＤタイヤトーヨーダンロップヨコハマ低反発カーロケシュアラスターオイルＧＰＳカーモニ星光産業 EW-123  ドアエッジモール BK 6M,　。星光産業 EW-123  ドアエッジモール BK 6M[rn]
5-64009,http://tshop.r10s.jp/geki-car/cabinet/42/42990000.jpg?fitin=700:700,1110.4000,,車用品・バイク用品 > カー用品 > ライト・ランプ > モール,SK-695　ﾌｪﾝﾀﾞｰｽﾌﾟﾚｯｼｬｰ　340mm,フェンダーの汚れ・キズ防止に。折り曲げ可能です。,"マッドガードに！<BR>
カーボン調エアロフォルムでかっこいい！<BR>


●フェンダーの汚れ・キズ防止に。<BR>
●折り曲げ可能です。<BR>
●両面テープで貼り付け後のビス止めとなります。

<BR>
*取付時の厚さは片側15mmとなります。車両の全幅20mm以上は保安基準不適合となりますので、フェンダー下部等の全幅より5mm以上内側になる箇所にお取付けください。<BR>


【仕様】<BR>
サイズ：340mm<BR>
入り数：2本<BR>
付属品：両面テープ、取付ビス<BR>
メーカー：サンキ<BR>
品番：SK-695 <BR><title></title>
<style type=""text/css"">
<!--

BODY{
	text-align:center;
background-color:#FFFFFF;
background-image:url(https://image.rakuten.co.jp/geki-car/cabinet/img60988559.jpg);
 background-repeat:repeat-y;
 background-position:right top;
}
--><s></s>
-->
-->
</style>
<table border=""0"">
  <tbody>
    <tr valign=""bottom"" Height=""45"">
 　　　<td>
<img src=""https://image.rakuten.co.jp/geki-car/cabinet/imgrc0079627948.gif"" alt=""あす楽"" height=""60"" width=""749"" border=""0""><br>
      <img src=""https://image.rakuten.co.jp/geki-car/cabinet/r20160804.gif"" alt=""エントリー不要"" height=""60"" width=""749"" border=""0""><br>
      <img src=""https://image.rakuten.co.jp/geki-car/cabinet/rrakutenweb.gif"" alt=""楽天WEB初めて"" height=""60"" width=""749"" border=""0""><br>
      <img src=""https://image.rakuten.co.jp/geki-car/cabinet/rrakutenweb1.gif"" alt=""楽天WEB通常"" height=""60"" width=""749"" border=""0""><br>
      <img src=""https://image.rakuten.co.jp/geki-car/cabinet/imgrc0072937755.gif"" alt=""無料体験"" height=""60"" width=""749"" border=""0""><br>
      <img src=""https://image.rakuten.co.jp/geki-car/cabinet/imgrc0077294344.gif"" alt=""初めて1000"" height=""60"" width=""749"" border=""0""><br>
      <img src=""https://image.rakuten.co.jp/geki-car/cabinet/imgrc0072888945.gif"" alt=""イーグルス"" height=""60"" width=""749"" border=""0""><br>
      <img src=""https://image.rakuten.co.jp/geki-car/cabinet/imgrc0070342608.gif"" alt=""tool10"" height=""60"" width=""749"" border=""0""><br>
      <img src=""https://image.rakuten.co.jp/geki-car/cabinet/imgrc0065570992.gif"" alt=""Edy"" height=""60"" width=""749"" border=""0""><br>
      <img src=""https://image.rakuten.co.jp/geki-car/cabinet/42/imgrc0065961155.gif"" alt=""avest"" width=""749"" border=""0""><BR>
      <img src=""https://image.rakuten.co.jp/geki-car/cabinet/31/caos-eye2.gif"" alt=""caos"" width=""749"" border=""0""><BR>
      <img src=""https://image.rakuten.co.jp/geki-car/cabinet/31/tuf-eye1.gif"" alt=""tuflong"" width=""749"" border=""0""><BR>
      <img src=""https://image.rakuten.co.jp/geki-car/cabinet/31/varta-eye2.gif"" alt=""varta"" width=""749"" border=""0""><BR>
      </td>
    
  </tbody>
</table>",SK-695　ﾌｪﾝﾀﾞｰｽﾌﾟﾚｯｼｬｰ　340mm：激安カー用品　Webいち店,激安カー用品ナビレーダースターターオーディオ燃費向上ポータブルＭＤＣＤタイヤトーヨーダンロップヨコハマ低反発カーロケシュアラスターオイルＧＰＳカーモニSK-695　ﾌｪﾝﾀﾞｰｽﾌﾟﾚｯｼｬｰ　340mm,フェンダーの汚れ・キズ防止に。折り曲げ可能です。。SK-695　ﾌｪﾝﾀﾞｰｽﾌﾟﾚｯｼｬｰ　340mm[rn]
5-64010,http://tshop.r10s.jp/geki-car/cabinet/20/ew129.jpg?fitin=700:700,716.0000,,車用品・バイク用品 > カー用品 > ライト・ランプ > モール,星光産業　アクセントモール8　レッド　EW-129,　,"<TABLE width=""516""><tr><td><FONT size=3>断面がL型にも曲がりメッキが際立つドレスアップ用モール<br>
ラジエターインテークフィンやドアポケットをさりげなく演出<br>
フラットで16mm / 曲げて9mm (全長2mの１本巻） <br>
  <br>
■製品サイズ：H16 x W2000 x D2　<br>
    <br>
    </FONT></td></tr></TABLE><title></title>
<style type=""text/css"">
<!--

BODY{
	text-align:center;
background-color:#FFFFFF;
background-image:url(https://image.rakuten.co.jp/geki-car/cabinet/img60988559.jpg);
 background-repeat:repeat-y;
 background-position:right top;
}
--><s></s>
-->
-->
</style>
<table border=""0"">
  <tbody>
    <tr valign=""bottom"" Height=""45"">
 　　　<td>
<img src=""https://image.rakuten.co.jp/geki-car/cabinet/imgrc0079627948.gif"" alt=""あす楽"" height=""60"" width=""749"" border=""0""><br>
      <img src=""https://image.rakuten.co.jp/geki-car/cabinet/r20160804.gif"" alt=""エントリー不要"" height=""60"" width=""749"" border=""0""><br>
      <img src=""https://image.rakuten.co.jp/geki-car/cabinet/rrakutenweb.gif"" alt=""楽天WEB初めて"" height=""60"" width=""749"" border=""0""><br>
      <img src=""https://image.rakuten.co.jp/geki-car/cabinet/rrakutenweb1.gif"" alt=""楽天WEB通常"" height=""60"" width=""749"" border=""0""><br>
      <img src=""https://image.rakuten.co.jp/geki-car/cabinet/imgrc0072937755.gif"" alt=""無料体験"" height=""60"" width=""749"" border=""0""><br>
      <img src=""https://image.rakuten.co.jp/geki-car/cabinet/imgrc0077294344.gif"" alt=""初めて1000"" height=""60"" width=""749"" border=""0""><br>
      <img src=""https://image.rakuten.co.jp/geki-car/cabinet/imgrc0072888945.gif"" alt=""イーグルス"" height=""60"" width=""749"" border=""0""><br>
      <img src=""https://image.rakuten.co.jp/geki-car/cabinet/imgrc0070342608.gif"" alt=""tool10"" height=""60"" width=""749"" border=""0""><br>
      <img src=""https://image.rakuten.co.jp/geki-car/cabinet/imgrc0065570992.gif"" alt=""Edy"" height=""60"" width=""749"" border=""0""><br>
      <img src=""https://image.rakuten.co.jp/geki-car/cabinet/42/imgrc0065961155.gif"" alt=""avest"" width=""749"" border=""0""><BR>
      <img src=""https://image.rakuten.co.jp/geki-car/cabinet/31/caos-eye2.gif"" alt=""caos"" width=""749"" border=""0""><BR>
      <img src=""https://image.rakuten.co.jp/geki-car/cabinet/31/tuf-eye1.gif"" alt=""tuflong"" width=""749"" border=""0""><BR>
      <img src=""https://image.rakuten.co.jp/geki-car/cabinet/31/varta-eye2.gif"" alt=""varta"" width=""749"" border=""0""><BR>
      </td>
    
  </tbody>
</table>",星光産業　アクセントモール8　レッド　EW-129：激安カー用品　Webいち店,激安カー用品ナビレーダースターターオーディオ燃費向上ポータブルＭＤＣＤタイヤトーヨーダンロップヨコハマ低反発カーロケシュアラスターオイルＧＰＳカーモニ星光産業　アクセントモール8　レッド　EW-129,　。星光産業　アクセントモール8　レッド　EW-129[rn]
5-64011,http://tshop.r10s.jp/geki-car/cabinet/20ban/img56997825.jpg?fitin=700:700,514.4000,,車用品・バイク用品 > カー用品 > ライト・ランプ > モール,星光産業　EW-120  アクセントモール4,　,"<table width=""650""><tr><td>
    <TABLE border=""1"">
      <TBODY>
        <TR>
          <TD bgcolor=""#000000""><FONT color=""#ffffff"">5mm幅のスリムラインモール<BR>ボディラインや内装をさり気なく演出<BR>クロームカラー(全長4mの1本巻)</FONT></TD>
        </TR>
      </TBODY>
    </TABLE>
    <IMG src=""/geki-car/cabinet/20ban/img56997826.jpg"" border=""0""> <IMG src=""/geki-car/cabinet/20ban/img56997824.jpg"" border=""0""></td></tr></table><title></title>
<style type=""text/css"">
<!--

BODY{
	text-align:center;
background-color:#FFFFFF;
background-image:url(https://image.rakuten.co.jp/geki-car/cabinet/img60988559.jpg);
 background-repeat:repeat-y;
 background-position:right top;
}
--><s></s>
-->
-->
</style>
<table border=""0"">
  <tbody>
    <tr valign=""bottom"" Height=""45"">
 　　　<td>
<img src=""https://image.rakuten.co.jp/geki-car/cabinet/imgrc0079627948.gif"" alt=""あす楽"" height=""60"" width=""749"" border=""0""><br>
      <img src=""https://image.rakuten.co.jp/geki-car/cabinet/r20160804.gif"" alt=""エントリー不要"" height=""60"" width=""749"" border=""0""><br>
      <img src=""https://image.rakuten.co.jp/geki-car/cabinet/rrakutenweb.gif"" alt=""楽天WEB初めて"" height=""60"" width=""749"" border=""0""><br>
      <img src=""https://image.rakuten.co.jp/geki-car/cabinet/rrakutenweb1.gif"" alt=""楽天WEB通常"" height=""60"" width=""749"" border=""0""><br>
      <img src=""https://image.rakuten.co.jp/geki-car/cabinet/imgrc0072937755.gif"" alt=""無料体験"" height=""60"" width=""749"" border=""0""><br>
      <img src=""https://image.rakuten.co.jp/geki-car/cabinet/imgrc0077294344.gif"" alt=""初めて1000"" height=""60"" width=""749"" border=""0""><br>
      <img src=""https://image.rakuten.co.jp/geki-car/cabinet/imgrc0072888945.gif"" alt=""イーグルス"" height=""60"" width=""749"" border=""0""><br>
      <img src=""https://image.rakuten.co.jp/geki-car/cabinet/imgrc0070342608.gif"" alt=""tool10"" height=""60"" width=""749"" border=""0""><br>
      <img src=""https://image.rakuten.co.jp/geki-car/cabinet/imgrc0065570992.gif"" alt=""Edy"" height=""60"" width=""749"" border=""0""><br>
      <img src=""https://image.rakuten.co.jp/geki-car/cabinet/42/imgrc0065961155.gif"" alt=""avest"" width=""749"" border=""0""><BR>
      <img src=""https://image.rakuten.co.jp/geki-car/cabinet/31/caos-eye2.gif"" alt=""caos"" width=""749"" border=""0""><BR>
      <img src=""https://image.rakuten.co.jp/geki-car/cabinet/31/tuf-eye1.gif"" alt=""tuflong"" width=""749"" border=""0""><BR>
      <img src=""https://image.rakuten.co.jp/geki-car/cabinet/31/varta-eye2.gif"" alt=""varta"" width=""749"" border=""0""><BR>
      </td>
    
  </tbody>
</table>",星光産業　EW-120  アクセントモール4：激安カー用品　Webいち店,激安カー用品ナビレーダースターターオーディオ燃費向上ポータブルＭＤＣＤタイヤトーヨーダンロップヨコハマ低反発カーロケシュアラスターオイルＧＰＳカーモニ星光産業　EW-120  アクセントモール4,　。星光産業　EW-120  アクセントモール4[rn]
5-64012,http://tshop.r10s.jp/geki-car/cabinet/20/k336.jpg?fitin=700:700,475.2000,,車用品・バイク用品 > カー用品 > ライト・ランプ > モール,セイワ　K336 マルチモール(幅6mm×4m),　,"<table>
  <tbody>
    <tr>
      <td>●車内外問わず貼り付け可能で、高品質かつスタイリッシュなマルチモールです。<br>
●3M製アクリルフォームの強力両面テープ付属なので、取り付けが簡単にできます。<br>
●車だけでなくアイディア次第でご家庭などでもご使用いただけます。<br>
製品サイズ H2.2mm × W6mm × D4000mm</td>
    </tr>
  </tbody>
</table><title></title>
<style type=""text/css"">
<!--

BODY{
	text-align:center;
background-color:#FFFFFF;
background-image:url(https://image.rakuten.co.jp/geki-car/cabinet/img60988559.jpg);
 background-repeat:repeat-y;
 background-position:right top;
}
--><s></s>
-->
-->
</style>
<table border=""0"">
  <tbody>
    <tr valign=""bottom"" Height=""45"">
 　　　<td>
<img src=""https://image.rakuten.co.jp/geki-car/cabinet/imgrc0079627948.gif"" alt=""あす楽"" height=""60"" width=""749"" border=""0""><br>
      <img src=""https://image.rakuten.co.jp/geki-car/cabinet/r20160804.gif"" alt=""エントリー不要"" height=""60"" width=""749"" border=""0""><br>
      <img src=""https://image.rakuten.co.jp/geki-car/cabinet/rrakutenweb.gif"" alt=""楽天WEB初めて"" height=""60"" width=""749"" border=""0""><br>
      <img src=""https://image.rakuten.co.jp/geki-car/cabinet/rrakutenweb1.gif"" alt=""楽天WEB通常"" height=""60"" width=""749"" border=""0""><br>
      <img src=""https://image.rakuten.co.jp/geki-car/cabinet/imgrc0072937755.gif"" alt=""無料体験"" height=""60"" width=""749"" border=""0""><br>
      <img src=""https://image.rakuten.co.jp/geki-car/cabinet/imgrc0077294344.gif"" alt=""初めて1000"" height=""60"" width=""749"" border=""0""><br>
      <img src=""https://image.rakuten.co.jp/geki-car/cabinet/imgrc0072888945.gif"" alt=""イーグルス"" height=""60"" width=""749"" border=""0""><br>
      <img src=""https://image.rakuten.co.jp/geki-car/cabinet/imgrc0070342608.gif"" alt=""tool10"" height=""60"" width=""749"" border=""0""><br>
      <img src=""https://image.rakuten.co.jp/geki-car/cabinet/imgrc0065570992.gif"" alt=""Edy"" height=""60"" width=""749"" border=""0""><br>
      <img src=""https://image.rakuten.co.jp/geki-car/cabinet/42/imgrc0065961155.gif"" alt=""avest"" width=""749"" border=""0""><BR>
      <img src=""https://image.rakuten.co.jp/geki-car/cabinet/31/caos-eye2.gif"" alt=""caos"" width=""749"" border=""0""><BR>
      <img src=""https://image.rakuten.co.jp/geki-car/cabinet/31/tuf-eye1.gif"" alt=""tuflong"" width=""749"" border=""0""><BR>
      <img src=""https://image.rakuten.co.jp/geki-car/cabinet/31/varta-eye2.gif"" alt=""varta"" width=""749"" border=""0""><BR>
      </td>
    
  </tbody>
</table>",セイワ　K336 マルチモール(幅6mm&times;4m)：激安カー用品　Webいち店,激安カー用品ナビレーダースターターオーディオ燃費向上ポータブルＭＤＣＤタイヤトーヨーダンロップヨコハマ低反発カーロケシュアラスターオイルＧＰＳカーモニセイワ　K336 マルチモール(幅6mm&times;4m),　。セイワ　K336 マルチモール(幅6mm&times;4m)[rn]
5-64013,http://tshop.r10s.jp/geki-car/cabinet/20-2/2023464.jpg?fitin=700:700,490.4000,,車用品・バイク用品 > カー用品 > ライト・ランプ > モール,セイワ　K374　J型ドアモール　ブラック/4.7m,　,"<table><tr>
    <td width=""630"" height=""133"">●ドアエッジにはさみ込むJ型形状で、ドアエッジをキズ、衝撃から守ります。<br>
●黒色なので、濃淡色なボディカラーに馴染みます。<br>
●３ナンバーミニバンまで対応可能な4.7m仕様です。<br>
<br>
製品サイズ　：　H5mm × W8mm × D700mm<FONT size=3><br>
    </FONT></td>
  </tr></table><title></title>
<style type=""text/css"">
<!--

BODY{
	text-align:center;
background-color:#FFFFFF;
background-image:url(https://image.rakuten.co.jp/geki-car/cabinet/img60988559.jpg);
 background-repeat:repeat-y;
 background-position:right top;
}
--><s></s>
-->
-->
</style>
<table border=""0"">
  <tbody>
    <tr valign=""bottom"" Height=""45"">
 　　　<td>
<img src=""https://image.rakuten.co.jp/geki-car/cabinet/imgrc0079627948.gif"" alt=""あす楽"" height=""60"" width=""749"" border=""0""><br>
      <img src=""https://image.rakuten.co.jp/geki-car/cabinet/r20160804.gif"" alt=""エントリー不要"" height=""60"" width=""749"" border=""0""><br>
      <img src=""https://image.rakuten.co.jp/geki-car/cabinet/rrakutenweb.gif"" alt=""楽天WEB初めて"" height=""60"" width=""749"" border=""0""><br>
      <img src=""https://image.rakuten.co.jp/geki-car/cabinet/rrakutenweb1.gif"" alt=""楽天WEB通常"" height=""60"" width=""749"" border=""0""><br>
      <img src=""https://image.rakuten.co.jp/geki-car/cabinet/imgrc0072937755.gif"" alt=""無料体験"" height=""60"" width=""749"" border=""0""><br>
      <img src=""https://image.rakuten.co.jp/geki-car/cabinet/imgrc0077294344.gif"" alt=""初めて1000"" height=""60"" width=""749"" border=""0""><br>
      <img src=""https://image.rakuten.co.jp/geki-car/cabinet/imgrc0072888945.gif"" alt=""イーグルス"" height=""60"" width=""749"" border=""0""><br>
      <img src=""https://image.rakuten.co.jp/geki-car/cabinet/imgrc0070342608.gif"" alt=""tool10"" height=""60"" width=""749"" border=""0""><br>
      <img src=""https://image.rakuten.co.jp/geki-car/cabinet/imgrc0065570992.gif"" alt=""Edy"" height=""60"" width=""749"" border=""0""><br>
      <img src=""https://image.rakuten.co.jp/geki-car/cabinet/42/imgrc0065961155.gif"" alt=""avest"" width=""749"" border=""0""><BR>
      <img src=""https://image.rakuten.co.jp/geki-car/cabinet/31/caos-eye2.gif"" alt=""caos"" width=""749"" border=""0""><BR>
      <img src=""https://image.rakuten.co.jp/geki-car/cabinet/31/tuf-eye1.gif"" alt=""tuflong"" width=""749"" border=""0""><BR>
      <img src=""https://image.rakuten.co.jp/geki-car/cabinet/31/varta-eye2.gif"" alt=""varta"" width=""749"" border=""0""><BR>
      </td>
    
  </tbody>
</table>",セイワ　K374　J型ドアモール　ブラック/4.7m：激安カー用品　Webいち店,激安カー用品ナビレーダースターターオーディオ燃費向上ポータブルＭＤＣＤタイヤトーヨーダンロップヨコハマ低反発カーロケシュアラスターオイルＧＰＳカーモニセイワ　K374　J型ドアモール　ブラック/4.7m,　。セイワ　K374　J型ドアモール　ブラック/4.7m[rn]
5-64014,http://tshop.r10s.jp/geki-car/cabinet/20-2/2023144.jpg?fitin=700:700,3037.6000,,車用品・バイク用品 > カー用品 > ライト・ランプ > モール,ミラリード　JR-053　バンパーモール360,　,"<table><tr>
    <td width=""545"" height=""174"">高級感のあるメッキ仕上げ。<br>
バンパーのコーナーラインのアクセサリーとして重圧な存在感を演出します。<br>
ラグジュアリー・VIP・ユーロ系カスタムカーなどにもﾏｯﾁ。<br>
バンパーの保護にも。<br>
<br>
パッケージサイズ : H425×W100×D30mm<FONT size=3><br>
    </FONT></td>
  </tr></table><title></title>
<style type=""text/css"">
<!--

BODY{
	text-align:center;
background-color:#FFFFFF;
background-image:url(https://image.rakuten.co.jp/geki-car/cabinet/img60988559.jpg);
 background-repeat:repeat-y;
 background-position:right top;
}
--><s></s>
-->
-->
</style>
<table border=""0"">
  <tbody>
    <tr valign=""bottom"" Height=""45"">
 　　　<td>
<img src=""https://image.rakuten.co.jp/geki-car/cabinet/imgrc0079627948.gif"" alt=""あす楽"" height=""60"" width=""749"" border=""0""><br>
      <img src=""https://image.rakuten.co.jp/geki-car/cabinet/r20160804.gif"" alt=""エントリー不要"" height=""60"" width=""749"" border=""0""><br>
      <img src=""https://image.rakuten.co.jp/geki-car/cabinet/rrakutenweb.gif"" alt=""楽天WEB初めて"" height=""60"" width=""749"" border=""0""><br>
      <img src=""https://image.rakuten.co.jp/geki-car/cabinet/rrakutenweb1.gif"" alt=""楽天WEB通常"" height=""60"" width=""749"" border=""0""><br>
      <img src=""https://image.rakuten.co.jp/geki-car/cabinet/imgrc0072937755.gif"" alt=""無料体験"" height=""60"" width=""749"" border=""0""><br>
      <img src=""https://image.rakuten.co.jp/geki-car/cabinet/imgrc0077294344.gif"" alt=""初めて1000"" height=""60"" width=""749"" border=""0""><br>
      <img src=""https://image.rakuten.co.jp/geki-car/cabinet/imgrc0072888945.gif"" alt=""イーグルス"" height=""60"" width=""749"" border=""0""><br>
      <img src=""https://image.rakuten.co.jp/geki-car/cabinet/imgrc0070342608.gif"" alt=""tool10"" height=""60"" width=""749"" border=""0""><br>
      <img src=""https://image.rakuten.co.jp/geki-car/cabinet/imgrc0065570992.gif"" alt=""Edy"" height=""60"" width=""749"" border=""0""><br>
      <img src=""https://image.rakuten.co.jp/geki-car/cabinet/42/imgrc0065961155.gif"" alt=""avest"" width=""749"" border=""0""><BR>
      <img src=""https://image.rakuten.co.jp/geki-car/cabinet/31/caos-eye2.gif"" alt=""caos"" width=""749"" border=""0""><BR>
      <img src=""https://image.rakuten.co.jp/geki-car/cabinet/31/tuf-eye1.gif"" alt=""tuflong"" width=""749"" border=""0""><BR>
      <img src=""https://image.rakuten.co.jp/geki-car/cabinet/31/varta-eye2.gif"" alt=""varta"" width=""749"" border=""0""><BR>
      </td>
    
  </tbody>
</table>",ミラリード　JR-053　バンパーモール360：激安カー用品　Webいち店,激安カー用品ナビレーダースターターオーディオ燃費向上ポータブルＭＤＣＤタイヤトーヨーダンロップヨコハマ低反発カーロケシュアラスターオイルＧＰＳカーモニミラリード　JR-053　バンパーモール360,　。ミラリード　JR-053　バンパーモール360[rn]
5-64015,http://tshop.r10s.jp/geki-car/cabinet/20-3/2023487_1.jpg?fitin=700:700,444.8000,,車用品・バイク用品 > カー用品 > ライト・ランプ > モール,クリエイト　X703　ドアミラーガード　20mmクローム（165mm×2本）,ドアミラーなどを傷から守ります,"■ドアミラーなどを傷から守ります。<br>
■高品質モール。<br>
■幅20mm×長165mm（2本入）<title></title>
<style type=""text/css"">
<!--

BODY{
	text-align:center;
background-color:#FFFFFF;
background-image:url(https://image.rakuten.co.jp/geki-car/cabinet/img60988559.jpg);
 background-repeat:repeat-y;
 background-position:right top;
}
--><s></s>
-->
-->
</style>
<table border=""0"">
  <tbody>
    <tr valign=""bottom"" Height=""45"">
 　　　<td>
<img src=""https://image.rakuten.co.jp/geki-car/cabinet/imgrc0079627948.gif"" alt=""あす楽"" height=""60"" width=""749"" border=""0""><br>
      <img src=""https://image.rakuten.co.jp/geki-car/cabinet/r20160804.gif"" alt=""エントリー不要"" height=""60"" width=""749"" border=""0""><br>
      <img src=""https://image.rakuten.co.jp/geki-car/cabinet/rrakutenweb.gif"" alt=""楽天WEB初めて"" height=""60"" width=""749"" border=""0""><br>
      <img src=""https://image.rakuten.co.jp/geki-car/cabinet/rrakutenweb1.gif"" alt=""楽天WEB通常"" height=""60"" width=""749"" border=""0""><br>
      <img src=""https://image.rakuten.co.jp/geki-car/cabinet/imgrc0072937755.gif"" alt=""無料体験"" height=""60"" width=""749"" border=""0""><br>
      <img src=""https://image.rakuten.co.jp/geki-car/cabinet/imgrc0077294344.gif"" alt=""初めて1000"" height=""60"" width=""749"" border=""0""><br>
      <img src=""https://image.rakuten.co.jp/geki-car/cabinet/imgrc0072888945.gif"" alt=""イーグルス"" height=""60"" width=""749"" border=""0""><br>
      <img src=""https://image.rakuten.co.jp/geki-car/cabinet/imgrc0070342608.gif"" alt=""tool10"" height=""60"" width=""749"" border=""0""><br>
      <img src=""https://image.rakuten.co.jp/geki-car/cabinet/imgrc0065570992.gif"" alt=""Edy"" height=""60"" width=""749"" border=""0""><br>
      <img src=""https://image.rakuten.co.jp/geki-car/cabinet/42/imgrc0065961155.gif"" alt=""avest"" width=""749"" border=""0""><BR>
      <img src=""https://image.rakuten.co.jp/geki-car/cabinet/31/caos-eye2.gif"" alt=""caos"" width=""749"" border=""0""><BR>
      <img src=""https://image.rakuten.co.jp/geki-car/cabinet/31/tuf-eye1.gif"" alt=""tuflong"" width=""749"" border=""0""><BR>
      <img src=""https://image.rakuten.co.jp/geki-car/cabinet/31/varta-eye2.gif"" alt=""varta"" width=""749"" border=""0""><BR>
      </td>
    
  </tbody>
</table>",クリエイト　X703　ドアミラーガード　20mmクローム（165mm&times;2本）：激安カー用品　Webいち店,激安カー用品ナビレーダースターターオーディオ燃費向上ポータブルＭＤＣＤタイヤトーヨーダンロップヨコハマ低反発カーロケシュアラスターオイルＧＰＳカーモニクリエイト　X703　ドアミラーガード　20mmクローム（165mm&times;2本）,ドアミラーなどを傷から守ります。クリエイト　X703　ドアミラーガード　20mmクローム（165mm&times;2本）[rn]
5-64016,http://tshop.r10s.jp/geki-car/cabinet/20-2/2023322.jpg?fitin=700:700,500.8000,,車用品・バイク用品 > カー用品 > ライト・ランプ > モール,Kashimura [ カシムラ ] メッキモール/クロムメッキ [ 品番 ] KS-93 [Automotive],　,"<table>
  <tbody>
    <tr>
      <td width=""550"" height=""219""><br>手軽にドレスアップできる、メッキモール。<br>
細く薄めのラインで、狭い隙間にも貼ることができ、アクセントをつけられます。<br>
耐候・耐水性に優れた強力両面テープを採用。<br>
外装・内装に貼付け可能。<br>
柔らかな柔軟素材（PVC樹脂製）で 角にも曲面にも取付け可能。<br>
<br>
製品寸法：4W x 2H x 5000D(mm)</td>
    </tr>
  </tbody>
</table><title></title>
<style type=""text/css"">
<!--

BODY{
	text-align:center;
background-color:#FFFFFF;
background-image:url(https://image.rakuten.co.jp/geki-car/cabinet/img60988559.jpg);
 background-repeat:repeat-y;
 background-position:right top;
}
--><s></s>
-->
-->
</style>
<table border=""0"">
  <tbody>
    <tr valign=""bottom"" Height=""45"">
 　　　<td>
<img src=""https://image.rakuten.co.jp/geki-car/cabinet/imgrc0079627948.gif"" alt=""あす楽"" height=""60"" width=""749"" border=""0""><br>
      <img src=""https://image.rakuten.co.jp/geki-car/cabinet/r20160804.gif"" alt=""エントリー不要"" height=""60"" width=""749"" border=""0""><br>
      <img src=""https://image.rakuten.co.jp/geki-car/cabinet/rrakutenweb.gif"" alt=""楽天WEB初めて"" height=""60"" width=""749"" border=""0""><br>
      <img src=""https://image.rakuten.co.jp/geki-car/cabinet/rrakutenweb1.gif"" alt=""楽天WEB通常"" height=""60"" width=""749"" border=""0""><br>
      <img src=""https://image.rakuten.co.jp/geki-car/cabinet/imgrc0072937755.gif"" alt=""無料体験"" height=""60"" width=""749"" border=""0""><br>
      <img src=""https://image.rakuten.co.jp/geki-car/cabinet/imgrc0077294344.gif"" alt=""初めて1000"" height=""60"" width=""749"" border=""0""><br>
      <img src=""https://image.rakuten.co.jp/geki-car/cabinet/imgrc0072888945.gif"" alt=""イーグルス"" height=""60"" width=""749"" border=""0""><br>
      <img src=""https://image.rakuten.co.jp/geki-car/cabinet/imgrc0070342608.gif"" alt=""tool10"" height=""60"" width=""749"" border=""0""><br>
      <img src=""https://image.rakuten.co.jp/geki-car/cabinet/imgrc0065570992.gif"" alt=""Edy"" height=""60"" width=""749"" border=""0""><br>
      <img src=""https://image.rakuten.co.jp/geki-car/cabinet/42/imgrc0065961155.gif"" alt=""avest"" width=""749"" border=""0""><BR>
      <img src=""https://image.rakuten.co.jp/geki-car/cabinet/31/caos-eye2.gif"" alt=""caos"" width=""749"" border=""0""><BR>
      <img src=""https://image.rakuten.co.jp/geki-car/cabinet/31/tuf-eye1.gif"" alt=""tuflong"" width=""749"" border=""0""><BR>
      <img src=""https://image.rakuten.co.jp/geki-car/cabinet/31/varta-eye2.gif"" alt=""varta"" width=""749"" border=""0""><BR>
      </td>
    
  </tbody>
</table>",Kashimura [ カシムラ ] メッキモール/クロムメッキ [ 品番 ] KS-93 [Automotive]：激安カー用品　Webいち店,激安カー用品ナビレーダースターターオーディオ燃費向上ポータブルＭＤＣＤタイヤトーヨーダンロップヨコハマ低反発カーロケシュアラスターオイルＧＰＳカーモニKashimura [ カシムラ ] メッキモール/クロムメッキ [ 品番 ] KS-93 [Automotive],　。Kashimura [ カシムラ ] メッキモール/クロムメッキ [ 品番 ] KS-93 [Automotive][rn]
5-64017,http://tshop.r10s.jp/geki-car/cabinet/20-2/2023371.jpg?fitin=700:700,478.4000,,車用品・バイク用品 > カー用品 > ライト・ランプ > モール,カシムラ　KS-95　カラーモール　幅広　レッド,　,"<table>
  <tbody>
    <tr>
      <td width=""607"" height=""197""><br>存在感のある幅6mm×長さ3.5ｍのカラーモール。<br>
厚み2mmの薄めのラインで、狭い隙間にも貼ることができ、アクセントをつけられます。<br>
グリル・エアロ・アイラインなどのドレスアップに最適。<br>
耐候・耐水性に優れた強力両面テープを採用。<br>
外装・内装に貼付け可能。<br>
柔らかな柔軟素材（PVC樹脂製）で 角にも曲面にも取付け可能。<br>
<br>
製品寸法：6W x 2H x 3500D(mm)</td>
    </tr>
  </tbody>
</table><title></title>
<style type=""text/css"">
<!--

BODY{
	text-align:center;
background-color:#FFFFFF;
background-image:url(https://image.rakuten.co.jp/geki-car/cabinet/img60988559.jpg);
 background-repeat:repeat-y;
 background-position:right top;
}
--><s></s>
-->
-->
</style>
<table border=""0"">
  <tbody>
    <tr valign=""bottom"" Height=""45"">
 　　　<td>
<img src=""https://image.rakuten.co.jp/geki-car/cabinet/imgrc0079627948.gif"" alt=""あす楽"" height=""60"" width=""749"" border=""0""><br>
      <img src=""https://image.rakuten.co.jp/geki-car/cabinet/r20160804.gif"" alt=""エントリー不要"" height=""60"" width=""749"" border=""0""><br>
      <img src=""https://image.rakuten.co.jp/geki-car/cabinet/rrakutenweb.gif"" alt=""楽天WEB初めて"" height=""60"" width=""749"" border=""0""><br>
      <img src=""https://image.rakuten.co.jp/geki-car/cabinet/rrakutenweb1.gif"" alt=""楽天WEB通常"" height=""60"" width=""749"" border=""0""><br>
      <img src=""https://image.rakuten.co.jp/geki-car/cabinet/imgrc0072937755.gif"" alt=""無料体験"" height=""60"" width=""749"" border=""0""><br>
      <img src=""https://image.rakuten.co.jp/geki-car/cabinet/imgrc0077294344.gif"" alt=""初めて1000"" height=""60"" width=""749"" border=""0""><br>
      <img src=""https://image.rakuten.co.jp/geki-car/cabinet/imgrc0072888945.gif"" alt=""イーグルス"" height=""60"" width=""749"" border=""0""><br>
      <img src=""https://image.rakuten.co.jp/geki-car/cabinet/imgrc0070342608.gif"" alt=""tool10"" height=""60"" width=""749"" border=""0""><br>
      <img src=""https://image.rakuten.co.jp/geki-car/cabinet/imgrc0065570992.gif"" alt=""Edy"" height=""60"" width=""749"" border=""0""><br>
      <img src=""https://image.rakuten.co.jp/geki-car/cabinet/42/imgrc0065961155.gif"" alt=""avest"" width=""749"" border=""0""><BR>
      <img src=""https://image.rakuten.co.jp/geki-car/cabinet/31/caos-eye2.gif"" alt=""caos"" width=""749"" border=""0""><BR>
      <img src=""https://image.rakuten.co.jp/geki-car/cabinet/31/tuf-eye1.gif"" alt=""tuflong"" width=""749"" border=""0""><BR>
      <img src=""https://image.rakuten.co.jp/geki-car/cabinet/31/varta-eye2.gif"" alt=""varta"" width=""749"" border=""0""><BR>
      </td>
    
  </tbody>
</table>",カシムラ　KS-95　カラーモール　幅広　レッド：激安カー用品　Webいち店,激安カー用品ナビレーダースターターオーディオ燃費向上ポータブルＭＤＣＤタイヤトーヨーダンロップヨコハマ低反発カーロケシュアラスターオイルＧＰＳカーモニカシムラ　KS-95　カラーモール　幅広　レッド,　。カシムラ　KS-95　カラーモール　幅広　レッド[rn]
5-64018,http://tshop.r10s.jp/geki-car/cabinet/20ban/img56997853.jpg?fitin=700:700,572.0000,,車用品・バイク用品 > カー用品 > ライト・ランプ > モール,星光産業　EW-121  アクセントモール5,　,"<table width=""650""><tr><td>
    <TABLE border=""1"">
      <TBODY>
        <TR>
          <TD bgcolor=""#000000""><FONT color=""#ffffff"">7mm幅のスリムラインモール<BR>ボディラインや内装をさり気なく演出<BR>クロームカラー(全長4mの1本巻)</FONT></TD>
        </TR>
      </TBODY>
    </TABLE>
    <IMG src=""/geki-car/cabinet/20ban/img56997826.jpg"" border=""0""> <IMG src=""/geki-car/cabinet/20ban/img56997854.jpg"" border=""0""></td></tr></table><title></title>
<style type=""text/css"">
<!--

BODY{
	text-align:center;
background-color:#FFFFFF;
background-image:url(https://image.rakuten.co.jp/geki-car/cabinet/img60988559.jpg);
 background-repeat:repeat-y;
 background-position:right top;
}
--><s></s>
-->
-->
</style>
<table border=""0"">
  <tbody>
    <tr valign=""bottom"" Height=""45"">
 　　　<td>
<img src=""https://image.rakuten.co.jp/geki-car/cabinet/imgrc0079627948.gif"" alt=""あす楽"" height=""60"" width=""749"" border=""0""><br>
      <img src=""https://image.rakuten.co.jp/geki-car/cabinet/r20160804.gif"" alt=""エントリー不要"" height=""60"" width=""749"" border=""0""><br>
      <img src=""https://image.rakuten.co.jp/geki-car/cabinet/rrakutenweb.gif"" alt=""楽天WEB初めて"" height=""60"" width=""749"" border=""0""><br>
      <img src=""https://image.rakuten.co.jp/geki-car/cabinet/rrakutenweb1.gif"" alt=""楽天WEB通常"" height=""60"" width=""749"" border=""0""><br>
      <img src=""https://image.rakuten.co.jp/geki-car/cabinet/imgrc0072937755.gif"" alt=""無料体験"" height=""60"" width=""749"" border=""0""><br>
      <img src=""https://image.rakuten.co.jp/geki-car/cabinet/imgrc0077294344.gif"" alt=""初めて1000"" height=""60"" width=""749"" border=""0""><br>
      <img src=""https://image.rakuten.co.jp/geki-car/cabinet/imgrc0072888945.gif"" alt=""イーグルス"" height=""60"" width=""749"" border=""0""><br>
      <img src=""https://image.rakuten.co.jp/geki-car/cabinet/imgrc0070342608.gif"" alt=""tool10"" height=""60"" width=""749"" border=""0""><br>
      <img src=""https://image.rakuten.co.jp/geki-car/cabinet/imgrc0065570992.gif"" alt=""Edy"" height=""60"" width=""749"" border=""0""><br>
      <img src=""https://image.rakuten.co.jp/geki-car/cabinet/42/imgrc0065961155.gif"" alt=""avest"" width=""749"" border=""0""><BR>
      <img src=""https://image.rakuten.co.jp/geki-car/cabinet/31/caos-eye2.gif"" alt=""caos"" width=""749"" border=""0""><BR>
      <img src=""https://image.rakuten.co.jp/geki-car/cabinet/31/tuf-eye1.gif"" alt=""tuflong"" width=""749"" border=""0""><BR>
      <img src=""https://image.rakuten.co.jp/geki-car/cabinet/31/varta-eye2.gif"" alt=""varta"" width=""749"" border=""0""><BR>
      </td>
    
  </tbody>
</table>",星光産業　EW-121  アクセントモール5：激安カー用品　Webいち店,激安カー用品ナビレーダースターターオーディオ燃費向上ポータブルＭＤＣＤタイヤトーヨーダンロップヨコハマ低反発カーロケシュアラスターオイルＧＰＳカーモニ星光産業　EW-121  アクセントモール5,　。星光産業　EW-121  アクセントモール5[rn]
5-64019,http://tshop.r10s.jp/geki-car/cabinet/20-2/2023324.jpg?fitin=700:700,484.8000,,車用品・バイク用品 > カー用品 > ライト・ランプ > モール,カシムラ カラーモール レッド KS-88 [Automotive],　,"<table>
  <tbody>
    <tr>
      <td width=""550"" height=""219""><br>手軽にドレスアップできる、カラーモール。<br>
細く薄めのラインで、狭い隙間にも貼ることができ、アクセントをつけられます。<br>
耐候・耐水性に優れた強力両面テープを採用。<br>
外装・内装に貼付け可能。<br>
柔らかな柔軟素材（PVC樹脂製）で 角にも曲面にも取付け可能。<br>
<br>
製品寸法：3.5W x 2H x 5000D(mm)</td>
    </tr>
  </tbody>
</table><title></title>
<style type=""text/css"">
<!--

BODY{
	text-align:center;
background-color:#FFFFFF;
background-image:url(https://image.rakuten.co.jp/geki-car/cabinet/img60988559.jpg);
 background-repeat:repeat-y;
 background-position:right top;
}
--><s></s>
-->
-->
</style>
<table border=""0"">
  <tbody>
    <tr valign=""bottom"" Height=""45"">
 　　　<td>
<img src=""https://image.rakuten.co.jp/geki-car/cabinet/imgrc0079627948.gif"" alt=""あす楽"" height=""60"" width=""749"" border=""0""><br>
      <img src=""https://image.rakuten.co.jp/geki-car/cabinet/r20160804.gif"" alt=""エントリー不要"" height=""60"" width=""749"" border=""0""><br>
      <img src=""https://image.rakuten.co.jp/geki-car/cabinet/rrakutenweb.gif"" alt=""楽天WEB初めて"" height=""60"" width=""749"" border=""0""><br>
      <img src=""https://image.rakuten.co.jp/geki-car/cabinet/rrakutenweb1.gif"" alt=""楽天WEB通常"" height=""60"" width=""749"" border=""0""><br>
      <img src=""https://image.rakuten.co.jp/geki-car/cabinet/imgrc0072937755.gif"" alt=""無料体験"" height=""60"" width=""749"" border=""0""><br>
      <img src=""https://image.rakuten.co.jp/geki-car/cabinet/imgrc0077294344.gif"" alt=""初めて1000"" height=""60"" width=""749"" border=""0""><br>
      <img src=""https://image.rakuten.co.jp/geki-car/cabinet/imgrc0072888945.gif"" alt=""イーグルス"" height=""60"" width=""749"" border=""0""><br>
      <img src=""https://image.rakuten.co.jp/geki-car/cabinet/imgrc0070342608.gif"" alt=""tool10"" height=""60"" width=""749"" border=""0""><br>
      <img src=""https://image.rakuten.co.jp/geki-car/cabinet/imgrc0065570992.gif"" alt=""Edy"" height=""60"" width=""749"" border=""0""><br>
      <img src=""https://image.rakuten.co.jp/geki-car/cabinet/42/imgrc0065961155.gif"" alt=""avest"" width=""749"" border=""0""><BR>
      <img src=""https://image.rakuten.co.jp/geki-car/cabinet/31/caos-eye2.gif"" alt=""caos"" width=""749"" border=""0""><BR>
      <img src=""https://image.rakuten.co.jp/geki-car/cabinet/31/tuf-eye1.gif"" alt=""tuflong"" width=""749"" border=""0""><BR>
      <img src=""https://image.rakuten.co.jp/geki-car/cabinet/31/varta-eye2.gif"" alt=""varta"" width=""749"" border=""0""><BR>
      </td>
    
  </tbody>
</table>",カシムラ カラーモール レッド KS-88 [Automotive]：激安カー用品　Webいち店,激安カー用品ナビレーダースターターオーディオ燃費向上ポータブルＭＤＣＤタイヤトーヨーダンロップヨコハマ低反発カーロケシュアラスターオイルＧＰＳカーモニカシムラ カラーモール レッド KS-88 [Automotive],　。カシムラ カラーモール レッド KS-88 [Automotive][rn]
5-64020,http://tshop.r10s.jp/geki-car/cabinet/20-3/2023488_1.jpg?fitin=700:700,479.2000,,車用品・バイク用品 > カー用品 > ライト・ランプ > モール,クリエイト　X724　すり傷ガード　幅20mmブラック（165mm×2本）,バンパーなどを傷から守ります,"■バンパーなどを傷から守ります。<br>
■高品質モール。<br>
■幅20mm×長165mm（2本入）<title></title>
<style type=""text/css"">
<!--

BODY{
	text-align:center;
background-color:#FFFFFF;
background-image:url(https://image.rakuten.co.jp/geki-car/cabinet/img60988559.jpg);
 background-repeat:repeat-y;
 background-position:right top;
}
--><s></s>
-->
-->
</style>
<table border=""0"">
  <tbody>
    <tr valign=""bottom"" Height=""45"">
 　　　<td>
<img src=""https://image.rakuten.co.jp/geki-car/cabinet/imgrc0079627948.gif"" alt=""あす楽"" height=""60"" width=""749"" border=""0""><br>
      <img src=""https://image.rakuten.co.jp/geki-car/cabinet/r20160804.gif"" alt=""エントリー不要"" height=""60"" width=""749"" border=""0""><br>
      <img src=""https://image.rakuten.co.jp/geki-car/cabinet/rrakutenweb.gif"" alt=""楽天WEB初めて"" height=""60"" width=""749"" border=""0""><br>
      <img src=""https://image.rakuten.co.jp/geki-car/cabinet/rrakutenweb1.gif"" alt=""楽天WEB通常"" height=""60"" width=""749"" border=""0""><br>
      <img src=""https://image.rakuten.co.jp/geki-car/cabinet/imgrc0072937755.gif"" alt=""無料体験"" height=""60"" width=""749"" border=""0""><br>
      <img src=""https://image.rakuten.co.jp/geki-car/cabinet/imgrc0077294344.gif"" alt=""初めて1000"" height=""60"" width=""749"" border=""0""><br>
      <img src=""https://image.rakuten.co.jp/geki-car/cabinet/imgrc0072888945.gif"" alt=""イーグルス"" height=""60"" width=""749"" border=""0""><br>
      <img src=""https://image.rakuten.co.jp/geki-car/cabinet/imgrc0070342608.gif"" alt=""tool10"" height=""60"" width=""749"" border=""0""><br>
      <img src=""https://image.rakuten.co.jp/geki-car/cabinet/imgrc0065570992.gif"" alt=""Edy"" height=""60"" width=""749"" border=""0""><br>
      <img src=""https://image.rakuten.co.jp/geki-car/cabinet/42/imgrc0065961155.gif"" alt=""avest"" width=""749"" border=""0""><BR>
      <img src=""https://image.rakuten.co.jp/geki-car/cabinet/31/caos-eye2.gif"" alt=""caos"" width=""749"" border=""0""><BR>
      <img src=""https://image.rakuten.co.jp/geki-car/cabinet/31/tuf-eye1.gif"" alt=""tuflong"" width=""749"" border=""0""><BR>
      <img src=""https://image.rakuten.co.jp/geki-car/cabinet/31/varta-eye2.gif"" alt=""varta"" width=""749"" border=""0""><BR>
      </td>
    
  </tbody>
</table>",クリエイト　X724　すり傷ガード　幅20mmブラック（165mm&times;2本）：激安カー用品　Webいち店,激安カー用品ナビレーダースターターオーディオ燃費向上ポータブルＭＤＣＤタイヤトーヨーダンロップヨコハマ低反発カーロケシュアラスターオイルＧＰＳカーモニクリエイト　X724　すり傷ガード　幅20mmブラック（165mm&times;2本）,バンパーなどを傷から守ります。クリエイト　X724　すり傷ガード　幅20mmブラック（165mm&times;2本）[rn]
5-64021,http://tshop.r10s.jp/geki-car/cabinet/20/2090619-1.jpg?fitin=700:700,522.4000,,車用品・バイク用品 > カー用品 > ライト・ランプ > モール,X326　ドアモール　クローム（6m巻）,ドアだけでなく、リアゲートやボンネットにも,"<TITLE></TITLE>
</HEAD><BODY>
<P><FONT size=""+1""><B><FONT color=""#0000ff"" size=""+1"">ドアモール【X326】クローム（6m巻） </FONT></B></FONT><BR>
<BR>
<BR>
■日本製の高品質メッキモールです。<BR>
■U字のモールですのでドアエッジなどに使用出来ます。<BR>
■全長6m巻ですのでカットして使ってください。<BR>
■幅9mmです。 <BR>
<BR>
メーカー<BR>
株式会社　クリエイト</P>
</BODY><title></title>
<style type=""text/css"">
<!--

BODY{
	text-align:center;
background-color:#FFFFFF;
background-image:url(https://image.rakuten.co.jp/geki-car/cabinet/img60988559.jpg);
 background-repeat:repeat-y;
 background-position:right top;
}
--><s></s>
-->
-->
</style>
<table border=""0"">
  <tbody>
    <tr valign=""bottom"" Height=""45"">
 　　　<td>
<img src=""https://image.rakuten.co.jp/geki-car/cabinet/imgrc0079627948.gif"" alt=""あす楽"" height=""60"" width=""749"" border=""0""><br>
      <img src=""https://image.rakuten.co.jp/geki-car/cabinet/r20160804.gif"" alt=""エントリー不要"" height=""60"" width=""749"" border=""0""><br>
      <img src=""https://image.rakuten.co.jp/geki-car/cabinet/rrakutenweb.gif"" alt=""楽天WEB初めて"" height=""60"" width=""749"" border=""0""><br>
      <img src=""https://image.rakuten.co.jp/geki-car/cabinet/rrakutenweb1.gif"" alt=""楽天WEB通常"" height=""60"" width=""749"" border=""0""><br>
      <img src=""https://image.rakuten.co.jp/geki-car/cabinet/imgrc0072937755.gif"" alt=""無料体験"" height=""60"" width=""749"" border=""0""><br>
      <img src=""https://image.rakuten.co.jp/geki-car/cabinet/imgrc0077294344.gif"" alt=""初めて1000"" height=""60"" width=""749"" border=""0""><br>
      <img src=""https://image.rakuten.co.jp/geki-car/cabinet/imgrc0072888945.gif"" alt=""イーグルス"" height=""60"" width=""749"" border=""0""><br>
      <img src=""https://image.rakuten.co.jp/geki-car/cabinet/imgrc0070342608.gif"" alt=""tool10"" height=""60"" width=""749"" border=""0""><br>
      <img src=""https://image.rakuten.co.jp/geki-car/cabinet/imgrc0065570992.gif"" alt=""Edy"" height=""60"" width=""749"" border=""0""><br>
      <img src=""https://image.rakuten.co.jp/geki-car/cabinet/42/imgrc0065961155.gif"" alt=""avest"" width=""749"" border=""0""><BR>
      <img src=""https://image.rakuten.co.jp/geki-car/cabinet/31/caos-eye2.gif"" alt=""caos"" width=""749"" border=""0""><BR>
      <img src=""https://image.rakuten.co.jp/geki-car/cabinet/31/tuf-eye1.gif"" alt=""tuflong"" width=""749"" border=""0""><BR>
      <img src=""https://image.rakuten.co.jp/geki-car/cabinet/31/varta-eye2.gif"" alt=""varta"" width=""749"" border=""0""><BR>
      </td>
    
  </tbody>
</table>",X326　ドアモール　クローム（6m巻）：激安カー用品　Webいち店,激安カー用品ナビレーダースターターオーディオ燃費向上ポータブルＭＤＣＤタイヤトーヨーダンロップヨコハマ低反発カーロケシュアラスターオイルＧＰＳカーモニX326　ドアモール　クローム（6m巻）,ドアだけでなく、リアゲートやボンネットにも。X326　ドアモール　クローム（6m巻）[rn]
5-64022,http://tshop.r10s.jp/geki-car/cabinet/20-2/2023233.jpg?fitin=700:700,707.2000,,車用品・バイク用品 > カー用品 > ライト・ランプ > モール,星光産業　EW-125  アクセントモール6,　,"<table>
  <tbody>
    <tr>
      <td><br>断面がL型にも曲がりメッキが際立つドレスアップ用モール<br>
ラジエターインテークフィンやドア下をさりげなく演出<br>
フラットで20mm / 曲げて13mm (全長2mの１本巻）<br>
<br>
■製品サイズ：H20 x W2000 x D2</td>
    </tr>
  </tbody>
</table><title></title>
<style type=""text/css"">
<!--

BODY{
	text-align:center;
background-color:#FFFFFF;
background-image:url(https://image.rakuten.co.jp/geki-car/cabinet/img60988559.jpg);
 background-repeat:repeat-y;
 background-position:right top;
}
--><s></s>
-->
-->
</style>
<table border=""0"">
  <tbody>
    <tr valign=""bottom"" Height=""45"">
 　　　<td>
<img src=""https://image.rakuten.co.jp/geki-car/cabinet/imgrc0079627948.gif"" alt=""あす楽"" height=""60"" width=""749"" border=""0""><br>
      <img src=""https://image.rakuten.co.jp/geki-car/cabinet/r20160804.gif"" alt=""エントリー不要"" height=""60"" width=""749"" border=""0""><br>
      <img src=""https://image.rakuten.co.jp/geki-car/cabinet/rrakutenweb.gif"" alt=""楽天WEB初めて"" height=""60"" width=""749"" border=""0""><br>
      <img src=""https://image.rakuten.co.jp/geki-car/cabinet/rrakutenweb1.gif"" alt=""楽天WEB通常"" height=""60"" width=""749"" border=""0""><br>
      <img src=""https://image.rakuten.co.jp/geki-car/cabinet/imgrc0072937755.gif"" alt=""無料体験"" height=""60"" width=""749"" border=""0""><br>
      <img src=""https://image.rakuten.co.jp/geki-car/cabinet/imgrc0077294344.gif"" alt=""初めて1000"" height=""60"" width=""749"" border=""0""><br>
      <img src=""https://image.rakuten.co.jp/geki-car/cabinet/imgrc0072888945.gif"" alt=""イーグルス"" height=""60"" width=""749"" border=""0""><br>
      <img src=""https://image.rakuten.co.jp/geki-car/cabinet/imgrc0070342608.gif"" alt=""tool10"" height=""60"" width=""749"" border=""0""><br>
      <img src=""https://image.rakuten.co.jp/geki-car/cabinet/imgrc0065570992.gif"" alt=""Edy"" height=""60"" width=""749"" border=""0""><br>
      <img src=""https://image.rakuten.co.jp/geki-car/cabinet/42/imgrc0065961155.gif"" alt=""avest"" width=""749"" border=""0""><BR>
      <img src=""https://image.rakuten.co.jp/geki-car/cabinet/31/caos-eye2.gif"" alt=""caos"" width=""749"" border=""0""><BR>
      <img src=""https://image.rakuten.co.jp/geki-car/cabinet/31/tuf-eye1.gif"" alt=""tuflong"" width=""749"" border=""0""><BR>
      <img src=""https://image.rakuten.co.jp/geki-car/cabinet/31/varta-eye2.gif"" alt=""varta"" width=""749"" border=""0""><BR>
      </td>
    
  </tbody>
</table>",星光産業　EW-125  アクセントモール6：激安カー用品　Webいち店,激安カー用品ナビレーダースターターオーディオ燃費向上ポータブルＭＤＣＤタイヤトーヨーダンロップヨコハマ低反発カーロケシュアラスターオイルＧＰＳカーモニ星光産業　EW-125  アクセントモール6,　。星光産業　EW-125  アクセントモール6[rn]
5-64023,http://tshop.r10s.jp/geki-car/cabinet/00006276/img55637834.jpg?fitin=700:700,424.8000,,車用品・バイク用品 > カー用品 > ライト・ランプ > モール,セイワ K240 J型ドアモール4.3M,　,"<table width=""650""><tr><td>◆ドアエッジ、バイザー等のエッジを高品質でシャープなクローム系の<BR>
　輝きとともに、キズ、衝撃から守ります。<BR>
◆本体断面がJ型をしており、従来困難とされていた複雑なドアエッジ形状<BR>
　にも取付けができ、外観的にもきれいに取り付けることができます。<BR>
◆３ナンバーミニバンまで対応可能な余裕の全長６ｍ仕様です。<BR>
◆車だけではなく、アイディア次第でご家庭など無限にドレスアップの<BR>
　幅が広がります。<BR>
【仕 様】 ブラック×クローム<BR>
※本製品は粘着テープを付属品として同封しております。<BR>
　（25mm x 8mmシート/48枚入り）<BR>
※ドアエッジやプラスチック板、ガラス板など厚さ1mm～3mmの<BR>
　薄板加工品に最適です。それ以外の極端に厚みがあるものなどは<BR>
　取り付けられません。
</td></tr></table><title></title>
<style type=""text/css"">
<!--

BODY{
	text-align:center;
background-color:#FFFFFF;
background-image:url(https://image.rakuten.co.jp/geki-car/cabinet/img60988559.jpg);
 background-repeat:repeat-y;
 background-position:right top;
}
--><s></s>
-->
-->
</style>
<table border=""0"">
  <tbody>
    <tr valign=""bottom"" Height=""45"">
 　　　<td>
<img src=""https://image.rakuten.co.jp/geki-car/cabinet/imgrc0079627948.gif"" alt=""あす楽"" height=""60"" width=""749"" border=""0""><br>
      <img src=""https://image.rakuten.co.jp/geki-car/cabinet/r20160804.gif"" alt=""エントリー不要"" height=""60"" width=""749"" border=""0""><br>
      <img src=""https://image.rakuten.co.jp/geki-car/cabinet/rrakutenweb.gif"" alt=""楽天WEB初めて"" height=""60"" width=""749"" border=""0""><br>
      <img src=""https://image.rakuten.co.jp/geki-car/cabinet/rrakutenweb1.gif"" alt=""楽天WEB通常"" height=""60"" width=""749"" border=""0""><br>
      <img src=""https://image.rakuten.co.jp/geki-car/cabinet/imgrc0072937755.gif"" alt=""無料体験"" height=""60"" width=""749"" border=""0""><br>
      <img src=""https://image.rakuten.co.jp/geki-car/cabinet/imgrc0077294344.gif"" alt=""初めて1000"" height=""60"" width=""749"" border=""0""><br>
      <img src=""https://image.rakuten.co.jp/geki-car/cabinet/imgrc0072888945.gif"" alt=""イーグルス"" height=""60"" width=""749"" border=""0""><br>
      <img src=""https://image.rakuten.co.jp/geki-car/cabinet/imgrc0070342608.gif"" alt=""tool10"" height=""60"" width=""749"" border=""0""><br>
      <img src=""https://image.rakuten.co.jp/geki-car/cabinet/imgrc0065570992.gif"" alt=""Edy"" height=""60"" width=""749"" border=""0""><br>
      <img src=""https://image.rakuten.co.jp/geki-car/cabinet/42/imgrc0065961155.gif"" alt=""avest"" width=""749"" border=""0""><BR>
      <img src=""https://image.rakuten.co.jp/geki-car/cabinet/31/caos-eye2.gif"" alt=""caos"" width=""749"" border=""0""><BR>
      <img src=""https://image.rakuten.co.jp/geki-car/cabinet/31/tuf-eye1.gif"" alt=""tuflong"" width=""749"" border=""0""><BR>
      <img src=""https://image.rakuten.co.jp/geki-car/cabinet/31/varta-eye2.gif"" alt=""varta"" width=""749"" border=""0""><BR>
      </td>
    
  </tbody>
</table>",セイワ K240 J型ドアモール4.3M：激安カー用品　Webいち店,激安カー用品ナビレーダースターターオーディオ燃費向上ポータブルＭＤＣＤタイヤトーヨーダンロップヨコハマ低反発カーロケシュアラスターオイルＧＰＳカーモニセイワ K240 J型ドアモール4.3M,　。セイワ K240 J型ドアモール4.3M[rn]
5-64024,http://tshop.r10s.jp/geki-car/cabinet/20ban/img56997769.jpg?fitin=700:700,430.4000,,車用品・バイク用品 > カー用品 > ライト・ランプ > モール,星光産業　EW-118  ドアエッジモール4M,　,"<table width=""650""><tr><td>
    <TABLE border=""1"">
      <TBODY>
        <TR>
          <TD bgcolor=""#000000""><FONT color=""#ffffff"">ボディにフィットする新形状のドアモール<BR>軽カー・セダン等に最適なサイズ<BR>クロームカラー(全長4mの1本巻）</FONT></TD>
        </TR>
      </TBODY>
    </TABLE>
    <IMG src=""/geki-car/cabinet/20ban/img56997771.jpg"" border=""0""><IMG src=""/geki-car/cabinet/20ban/img56997770.jpg"" border=""0""></td></tr></table><title></title>
<style type=""text/css"">
<!--

BODY{
	text-align:center;
background-color:#FFFFFF;
background-image:url(https://image.rakuten.co.jp/geki-car/cabinet/img60988559.jpg);
 background-repeat:repeat-y;
 background-position:right top;
}
--><s></s>
-->
-->
</style>
<table border=""0"">
  <tbody>
    <tr valign=""bottom"" Height=""45"">
 　　　<td>
<img src=""https://image.rakuten.co.jp/geki-car/cabinet/imgrc0079627948.gif"" alt=""あす楽"" height=""60"" width=""749"" border=""0""><br>
      <img src=""https://image.rakuten.co.jp/geki-car/cabinet/r20160804.gif"" alt=""エントリー不要"" height=""60"" width=""749"" border=""0""><br>
      <img src=""https://image.rakuten.co.jp/geki-car/cabinet/rrakutenweb.gif"" alt=""楽天WEB初めて"" height=""60"" width=""749"" border=""0""><br>
      <img src=""https://image.rakuten.co.jp/geki-car/cabinet/rrakutenweb1.gif"" alt=""楽天WEB通常"" height=""60"" width=""749"" border=""0""><br>
      <img src=""https://image.rakuten.co.jp/geki-car/cabinet/imgrc0072937755.gif"" alt=""無料体験"" height=""60"" width=""749"" border=""0""><br>
      <img src=""https://image.rakuten.co.jp/geki-car/cabinet/imgrc0077294344.gif"" alt=""初めて1000"" height=""60"" width=""749"" border=""0""><br>
      <img src=""https://image.rakuten.co.jp/geki-car/cabinet/imgrc0072888945.gif"" alt=""イーグルス"" height=""60"" width=""749"" border=""0""><br>
      <img src=""https://image.rakuten.co.jp/geki-car/cabinet/imgrc0070342608.gif"" alt=""tool10"" height=""60"" width=""749"" border=""0""><br>
      <img src=""https://image.rakuten.co.jp/geki-car/cabinet/imgrc0065570992.gif"" alt=""Edy"" height=""60"" width=""749"" border=""0""><br>
      <img src=""https://image.rakuten.co.jp/geki-car/cabinet/42/imgrc0065961155.gif"" alt=""avest"" width=""749"" border=""0""><BR>
      <img src=""https://image.rakuten.co.jp/geki-car/cabinet/31/caos-eye2.gif"" alt=""caos"" width=""749"" border=""0""><BR>
      <img src=""https://image.rakuten.co.jp/geki-car/cabinet/31/tuf-eye1.gif"" alt=""tuflong"" width=""749"" border=""0""><BR>
      <img src=""https://image.rakuten.co.jp/geki-car/cabinet/31/varta-eye2.gif"" alt=""varta"" width=""749"" border=""0""><BR>
      </td>
    
  </tbody>
</table>",星光産業　EW-118  ドアエッジモール4M：激安カー用品　Webいち店,激安カー用品ナビレーダースターターオーディオ燃費向上ポータブルＭＤＣＤタイヤトーヨーダンロップヨコハマ低反発カーロケシュアラスターオイルＧＰＳカーモニ星光産業　EW-118  ドアエッジモール4M,　。星光産業　EW-118  ドアエッジモール4M[rn]
5-64025,http://tshop.r10s.jp/geki-car/cabinet/20-2/2023376.jpg?fitin=700:700,510.4000,,車用品・バイク用品 > カー用品 > ライト・ランプ > モール,カシムラ　KS-99　メッキモール　幅広　クロムメッキ,　,"<table>
  <tbody>
    <tr>
      <td width=""607"" height=""197""><br>存在感のある幅6mm×長さ3.5ｍのメッキモール。<br>
厚み2mmの薄めのラインで、狭い隙間にも貼ることができ、アクセントをつけられます。<br>
グリル・エアロ・アイラインなどのドレスアップに最適。<br>
耐候・耐水性に優れた強力両面テープを採用。<br>
外装・内装に貼付け可能。<br>
柔らかな柔軟素材（PVC樹脂製）で 角にも曲面にも取付け可能。<br>
<br>
製品寸法：6W x 2H x 3500D(mm)</td>
    </tr>
  </tbody>
</table><title></title>
<style type=""text/css"">
<!--

BODY{
	text-align:center;
background-color:#FFFFFF;
background-image:url(https://image.rakuten.co.jp/geki-car/cabinet/img60988559.jpg);
 background-repeat:repeat-y;
 background-position:right top;
}
--><s></s>
-->
-->
</style>
<table border=""0"">
  <tbody>
    <tr valign=""bottom"" Height=""45"">
 　　　<td>
<img src=""https://image.rakuten.co.jp/geki-car/cabinet/imgrc0079627948.gif"" alt=""あす楽"" height=""60"" width=""749"" border=""0""><br>
      <img src=""https://image.rakuten.co.jp/geki-car/cabinet/r20160804.gif"" alt=""エントリー不要"" height=""60"" width=""749"" border=""0""><br>
      <img src=""https://image.rakuten.co.jp/geki-car/cabinet/rrakutenweb.gif"" alt=""楽天WEB初めて"" height=""60"" width=""749"" border=""0""><br>
      <img src=""https://image.rakuten.co.jp/geki-car/cabinet/rrakutenweb1.gif"" alt=""楽天WEB通常"" height=""60"" width=""749"" border=""0""><br>
      <img src=""https://image.rakuten.co.jp/geki-car/cabinet/imgrc0072937755.gif"" alt=""無料体験"" height=""60"" width=""749"" border=""0""><br>
      <img src=""https://image.rakuten.co.jp/geki-car/cabinet/imgrc0077294344.gif"" alt=""初めて1000"" height=""60"" width=""749"" border=""0""><br>
      <img src=""https://image.rakuten.co.jp/geki-car/cabinet/imgrc0072888945.gif"" alt=""イーグルス"" height=""60"" width=""749"" border=""0""><br>
      <img src=""https://image.rakuten.co.jp/geki-car/cabinet/imgrc0070342608.gif"" alt=""tool10"" height=""60"" width=""749"" border=""0""><br>
      <img src=""https://image.rakuten.co.jp/geki-car/cabinet/imgrc0065570992.gif"" alt=""Edy"" height=""60"" width=""749"" border=""0""><br>
      <img src=""https://image.rakuten.co.jp/geki-car/cabinet/42/imgrc0065961155.gif"" alt=""avest"" width=""749"" border=""0""><BR>
      <img src=""https://image.rakuten.co.jp/geki-car/cabinet/31/caos-eye2.gif"" alt=""caos"" width=""749"" border=""0""><BR>
      <img src=""https://image.rakuten.co.jp/geki-car/cabinet/31/tuf-eye1.gif"" alt=""tuflong"" width=""749"" border=""0""><BR>
      <img src=""https://image.rakuten.co.jp/geki-car/cabinet/31/varta-eye2.gif"" alt=""varta"" width=""749"" border=""0""><BR>
      </td>
    
  </tbody>
</table>",カシムラ　KS-99　メッキモール　幅広　クロムメッキ：激安カー用品　Webいち店,激安カー用品ナビレーダースターターオーディオ燃費向上ポータブルＭＤＣＤタイヤトーヨーダンロップヨコハマ低反発カーロケシュアラスターオイルＧＰＳカーモニカシムラ　KS-99　メッキモール　幅広　クロムメッキ,　。カシムラ　KS-99　メッキモール　幅広　クロムメッキ[rn]
5-64026,http://tshop.r10s.jp/hotroadparts/cabinet/1510/7151026113_1.jpg?fitin=700:700,2179.2000,,車用品・バイク用品 > カー用品 > ライト・ランプ > モール,防水イルミネーション 側面LEDと正面LEDのL型発光 40cm（LED24個）×2本入り/カシムラ：KX-171,【取寄商品】,"●側面LEDと正面LEDが2方向に照射し、L型発光で奥行きのあるライトアップを演出する、カシムラのKX-171<br>●防水加工(IPX5)処理済なのでステップ、天井、外装など、アイデア次第で車内の色々な場所に取付けできます<br>●両面テープで簡単に取り付けができ、ハサミでカットができるため長さ調整も簡単（LED3個間隔でカットマークのある位置にて）<br>●ON/OFFスイッチ付きのDCプラグとギボシ接続が可能<br>●本体40cm×2本入り、LED24個×2本<br><br>【仕様】<br>■製品寸法：5W x 2H x 400D(mm)<br>■製品重量：65g<br>■定格電圧：DC12V<br>■ヒューズ：1A<br>■コード長：3m(プラグ～ギボシ1m+ギボシ～イルミ2m)<!-- ここからGランキング -->
<!--
<div style=""height:355px; width:674px; overflow:hidden; margin-bottom:15px; margin-top:-20px; padding:0"">
<br />
</div>
-->

<!-- ここまでGランキング -->
<!-- ここから リア受 -->
<div style=""width:674px; height:30px; background-image:url('http://www.rakuten.ne.jp/gold/hotroadparts/orders/bnrl.jpg'); background-repeat: no-repeat;"" align=""center"">
  <p style=""color:#545D7C; font-size:20px; font-family:'ヒラギノ角ゴ Pro W3', 'Hiragino Kaku Gothic Pro', 'メイリオ', Meiryo, Osaka, 'ＭＳ Ｐゴシック', 'MS PGothic', sans-serif; font-weight:bold; margin:0; line-height:30px; text-align:left; padding-left:35px"">Thanks For Your Orders</p></div>
  <div style=""background-color:#FFFFFF; width:672px; margin-bottom:15px; padding:0; height:345px; overflow:hidden; border:1px solid #666666;"">

</div>
<!-- ここまで リア受 -->
<!-- ここから リアコメ -->
<div style=""width:674px; height:30px; background-image:url('http://www.rakuten.ne.jp/gold/hotroadparts/orders/bnrl.jpg'); background-repeat: no-repeat;"" align=""center"">
  <p style=""color:#545D7C; font-size:20px; font-family:'ヒラギノ角ゴ Pro W3', 'Hiragino Kaku Gothic Pro', 'メイリオ', Meiryo, Osaka, 'ＭＳ Ｐゴシック', 'MS PGothic', sans-serif; font-weight:bold; margin:0; line-height:30px; text-align:left; padding-left:35px"">Reviews Of Our Consumers</p></div>
  <div style=""background-color:#FFFFFF; width:672px; margin-bottom:15px; padding:0; height:370px; overflow:hidden; border:1px solid #666666;"">

</div>
<!-- ここまで リアコメ -->


<table width=""680"" border=""0"" cellpadding=""2"" cellspacing=""0"">
<tr>
<td align=""center""><img src=""http://image.rakuten.co.jp/hotroadparts/cabinet/banner/20130429_008.jpg"" width=""336"" height=""70"" border=""0""></td>
<td colspan=""2"" align=""center""><img src=""http://image.rakuten.co.jp/hotroadparts/cabinet/banner/20130429_007.jpg"" width=""336"" height=""70"" border=""0""></td>
</tr>
<tr>
<td align=""center""><img src=""http://image.rakuten.co.jp/hotroadparts/cabinet/banner/20130429_006.jpg"" width=""336"" height=""70"" border=""0""></td>
<td colspan=""2"" align=""center""><img src=""http://image.rakuten.co.jp/hotroadparts/cabinet/banner/20130429_005.jpg"" width=""336"" height=""70"" border=""0""></td>
</tr>
</table>",防水イルミネーション 側面LEDと正面LEDのL型発光 40cm（LED24個）&times;2本入り/カシムラ：KX-171：カー用品通販のホットロードパーツ,防水イルミネーション 側面LEDと正面LEDのL型発光 40cm（LED24個）&times;2本入り/カシムラ：KX-171,【取寄商品】。防水イルミネーション 側面LEDと正面LEDのL型発光 40cm（LED24個）&times;2本入り/カシムラ：KX-171[rn]
5-64027,http://tshop.r10s.jp/gbt-dko/cabinet/caac-allimg/24303_1.jpg?fitin=700:700,976.0000,,車用品・バイク用品 > カー用品 > ライト・ランプ > モール,欧風ダミーダクトパネル クロームメッキ仕上げ　2枚セット,精悍で疾走感溢れるダクトデザイン！,"<center>
<TABLE BORDER=0 cellspacing=0 CELLPADDING=0 width=680 height=""50"">
<tr><th height=""1"" align=""center"" width=""680"">

<img border=""0"" src=""http://image.rakuten.co.jp/gbt-dko/cabinet/topimg/m_magazine.gif"">
</th></tr></TABLE></center><br><br><center> 
<TABLE BORDER=0 cellspacing=3 CELLPADDING=3 width=650 height=""227"" bordercolor=""#C0C0C0"">
<TR>
  <TH ALIGN=center VALIGN=middle BGCOLOR=#000000 COLSPAN=2 height=""35"" width=""634""><font color=""#FFFFFF"" size=""4"">◆こちらもあわせてどうぞ！◆</font></th></tr>
  
<tr><td height=""1"" bgcolor=""#EFEFEF"" align=""center"" width=""323"">
  <img border=""0"" src=""http://thumbnail.image.rakuten.co.jp/@0_mall/gbt-dko/cabinet/caac-allimg/22747_1.jpg?_ex=320x320"">
  </td> 

  <td align=""center"" height=""1"" bgcolor=""#333333"" width=""323""> 
  <img border=""0"" src=""http://thumbnail.image.rakuten.co.jp/@0_mall/gbt-dko/cabinet/caac-allimg/22425_1.jpg?_ex=320x320""></td></tr>
 
</TABLE></center><head>
<style type=""text/css"">
<!--
span.unit { background: url(https://image.rakuten.co.jp/gbt-dko/cabinet/cart_info.gif) no-repeat left top; text-indent:
-9999; display: block; width: 315; height: 422; margin:15px 0; }
-->
</style>
</head>

<center>
<table border=""0"" width=""680"" cellspacing=""0"" cellpadding=""0"">
<tr><td width=""33%""></td>
<td width=""33%""><center>
</center></td>    
<td width=""34%""></td></tr></table>    
<table border=""0"" width=""680"" height=""101"">    
<tr>    
<td width=""100%"" align=""center"" height=""18"">    
</td></tr>    
<tr><td width=""100%"" height=""29""></td></tr><tr><td width=""100%"" align=""center"" height=""13"">                  
    
</td></tr>    
<tr><td width=""100%"" height=""25"">    
<hr></td></tr>    
</table>    
<table border=""0"" width=""689"">    
<tr>    
  <td width=""682"" align=""center"">    
<img border=""0"" src=""https://image.rakuten.co.jp/gbt-dko/cabinet/topimg/x26549_pop.jpg"" width=""625"" height=""137"" alt=""ナンバーボルトキャップ"">  
  </td></tr>  
<tr>   
  <td width=""682"" align=""center"">   
<img border=""0"" src=""https://image.rakuten.co.jp/gbt-dko/cabinet/topimg/26500_pop.jpg"" width=""625"" height=""137"" alt=""ワンタッチサンキューハザードユニット"">  
  </td></tr>  
<tr>   
  <td width=""682"" align=""center"">   
<img border=""0"" src=""https://image.rakuten.co.jp/gbt-dko/cabinet/topimg/26498_pop.jpg"" width=""625"" height=""137"" alt=""ワイパウィザード"">  
  </td></tr>  
<tr>  
  <td width=""682"" align=""center"">  
<img border=""0"" src=""https://image.rakuten.co.jp/gbt-dko/cabinet/topimg/x25368_pop.jpg"" width=""625"" height=""137"" alt=""ハンモック自立式"">  
  </td></tr>  
<tr>  
  <td width=""682"" align=""center"">  
<img border=""0"" src=""https://image.rakuten.co.jp/gbt-dko/cabinet/topimg/x26710_pop.jpg"" width=""625"" height=""137"" alt=""レンガ調壁紙""> 
  </td></tr> 
<tr> 
  <td width=""682"" align=""center""> 
<img border=""0"" src=""https://image.rakuten.co.jp/gbt-dko/cabinet/topimg/25599_pop.jpg"" width=""625"" height=""137"" alt=""デイライト自動点灯キット""> 
  </td></tr> 
<tr> 
  <td width=""682"" align=""center""> 
<img border=""0"" src=""https://image.rakuten.co.jp/gbt-dko/cabinet/topimg/24973_pop.jpg"" width=""625"" height=""137"" alt=""ソーラースポットライト！""> 
  </td></tr> 
<tr> 
  <td width=""682"" align=""center""> 
<img border=""0"" src=""https://image.rakuten.co.jp/gbt-dko/cabinet/topimg/24670_pop.jpg"" width=""625"" height=""137""> 
  </td></tr> 
<tr> 
  <td width=""682"" align=""center""> 
<img border=""0"" src=""https://image.rakuten.co.jp/gbt-dko/cabinet/topimg/x24529_pop.jpg"" width=""625"" height=""274""> 
  </td></tr> 
<tr> 
  <td width=""682"" align=""center""> 
<img border=""0"" src=""https://image.rakuten.co.jp/gbt-dko/cabinet/topimg/23919bn.jpg"" width=""625"" height=""137""></td></tr> 
<tr> 
  <td width=""682"" align=""center""> 
  </td></tr> 
<tr> 
  <td width=""682"" align=""center""> 
<img border=""0"" src=""https://image.rakuten.co.jp/gbt-dko/cabinet/topimg/x24155_pop.jpg"" width=""625"" height=""275""></td></tr> 
<tr> 
  <td width=""682"" align=""center""> 
<img border=""0"" src=""https://image.rakuten.co.jp/gbt-dko/cabinet/topimg/sixthsense-pop.jpg"" width=""625"" height=""275""></td></tr> 
</table> 
<table border=""0"" width=""680""> 
<tr><td width=""50%"" height=""238""><p align=""center""><img border=""0"" src=""https://image.rakuten.co.jp/gbt-dko/cabinet/line-tape/22317_1.jpg"" width=""335"" height=""251""></p> 
</td><td width=""50%"" height=""238""><img border=""0"" src=""https://image.rakuten.co.jp/gbt-dko/cabinet/caac-allimg/24833_1r.jpg"" width=""335"" height=""251""></td> 
</tr> 
</table> 
<table border=""0"" width=""680"" height=""131""> 
<tr> 
<td width=""50%"" align=""center"" height=""89""><img border=""0"" src=""https://thumbnail.image.rakuten.co.jp/@0_mall/gbt-dko/cabinet/topimg/banner_car127.jpg?_ex=335x335""> 
</td> 
<td width=""50%"" align=""center"" height=""89""><img border=""0"" src=""https://thumbnail.image.rakuten.co.jp/@0_mall/gbt-dko/cabinet/topimg/banner_car83.jpg?_ex=335x335""></td> 
</tr> 
<tr> 
<td width=""50%"" align=""center"" height=""90""><img border=""0"" src=""https://image.rakuten.co.jp/gbt-dko/cabinet/topimg/banner_car133.gif"" width=""335"" height=""88""></td> 
<td width=""50%"" align=""center"" height=""90""><img border=""0"" src=""https://thumbnail.image.rakuten.co.jp/@0_mall/gbt-dko/cabinet/topimg/specialsale_s05.jpg?_ex=335x335""></td> 
</tr> 
<tr> 
<th width=""690"" colspan=""2"" height=""1""> 
<hr> 
<p>          
<font color=""#FF0066"">★レビューの書き方が分からない方はこちらをご覧ください⇒</font>          
</th> 
</tr> 
</table> 
 
</center>",欧風ダミーダクトパネル クロームメッキ仕上げ　2枚セット：ダイコン卸　直販部,イルミネーション クリスマス ソーラークリスマスツリー おしゃれLED ウインカー テールランプ ルームランプＨＩＤキットHIDキット H1 H3 H4 H7 H8 H11 HB3 HB4フォグランプHIDキセノンハイフラ防止抵抗器T10 T16 T20 S25カー用品 カーパーツ地デジアンテナGPSアンテナオンダッシュモニタープリウスアクアハイエースヴェルファイアステップワゴンN boxウイポジ欧風ダミーダクトパネル クロームメッキ仕上げ　2枚セット,精悍で疾走感溢れるダクトデザイン！。欧風ダミーダクトパネル クロームメッキ仕上げ　2枚セット[rn]
5-64028,http://tshop.r10s.jp/krosslink/cabinet/cyoku/a297.jpg?fitin=700:700,673.6000,,車用品・バイク用品 > カー用品 > ライト・ランプ > モール,カラーモール/カラーラインモール 4m 内装/外装 アクセサリー/パーツ ７色/送料無料 ネコポス/◆ @a297 【10P03Sep16】,新商品が続々入荷！/カラーモール/カラーラインモール,"<td><span class=item_desc><img src=http://image.rakuten.co.jp/krosslink/cabinet/cyoku/takuhaibin.jpg><BR><BR><img src=http://image.rakuten.co.jp/krosslink/cabinet/03230422/img59252226.gif width=550 height=33 border=0><br><table border=0 width=550 cellpadding=0 cellspacing=0 class=wk><tbody><tr><td><table border=1 width=100% cellpadding=5 cellspacing=1 style=font-size:12px;><tbody><tr><td width=20% bgcolor=#cccccc align=center>商品名</td><td width=80% bgcolor=#ffffff align=left>カラーモール/カラーラインモール 4m 内装/外装 アクセサリー/パーツ 
<br>７色 レッド/ブルー/ゴールド/シルバー/オレンジ/ピンク/イエローグリーン </td></tr><tr><td width=20% bgcolor=#cccccc align=center>商品説明</td><td width=80% bgcolor=#ffffff align=left>◆ 内装にも外装にもご使用いただけます！<br><br>センターコンソール インテリアパネル グリル バンパー アイライン 等々<br><br>PC等の小物にも<br><br>樹脂製の柔らかいカラーモール 幅約4mm/厚み2mmタイプです。<br><br>貼り付けるだけで大幅に印象アップ！気軽にイメージチェンジを楽しめます！<br><br>お手軽な両面テープ付です。<br>貼付け部の汚れを拭き取って貼り付けるだけの簡単施工です！。<br><br>柔軟性抜群ですのでカーブにもぴったりフィット<br><br>ハサミやカッターで簡単にカット可能です。<br><br>■ こちらの商品はゆうパケット発送商品となります。<br>※追跡サービス/配送状況をご確認いただけます。<br>※配達指定・代引き不可(ゆうパケットの場合、先振込みとなります。)<br>※ポスト投函<br>※紛失・商品破損事故等の補償が御座いませんのでご了承の上お買い上げください。<br></td></tr><tr><td width=20% bgcolor=#cccccc align=center>商品内容</td><td width=80% bgcolor=#ffffff align=left>■ カラーモール 約：4ｍ<br></td></tr><tr><td width=20% bgcolor=#cccccc align=center>商品詳細</td><td width=80% bgcolor=#ffffff align=left>幅 :約4mm<br>厚み :約2mm<br>■ モール色: レッド/ブルー/ゴールド/シルバー/オレンジ/ピンク/イエローグリーン <br>※ 寸法の多少の誤差はご了承ください。<br>※両面テープが効きにくい場合があります。<br>　その際は別途粘着剤又はベース素材に合った両面テープを別途ご用意下さい。<br>※貼り付ける素材によっては商品がつきにくい場合が御座います。</td></tr><tr><td width=20% bgcolor=#cccccc align=center>注意事項</td><td width=80% bgcolor=#ffffff align=left>■車種ごとの適合は当社ではお答え出来かねます。<br>■必ずお取付箇所のサイズ、<br>　クリアランスをご確認の上ご購入をお願い致します。<br>■ご購入後の形状違いでの返品は対応しておりません。<br>■輸入品につき傷やスレなどがある場合がございます。ご了承下さい。<br>■本ウェブサイトに掲載されている商品の色と実際の商品の色とは、ご使用されるモニタ ーまたはモニターの設定の違い等により、相違がある場合があります。<br>■脱着の不備(費用)・過失傷害・事故・破損等による返品や損害請求には一切応じられま せん。<br>■車検対応についてはお答えできかねます。</td></tr><tr><td width=20% bgcolor=#cccccc align=center>保証の有無</td><td width=80% bgcolor=#ffffff align=left>■保証はございません。<br>■商品初期不良のみ商品到着後7日以内対応させていただきます。<br>■お客様都合での返品は送料、その他手数料をご負担いただきます。<br>■車検対応・車種ごとの適合などについてはお答えできかねます。<br>■当社では取り付け等にかかる脱着工賃などの費用は一切負う事はできません。</td></tr><tr><td width=""20%"" bgcolor=""#cccccc"" align=""center"">発送方法</td><td width=""80%"" bgcolor=""#ffffff"" align=""left""><B>こちらの商品はヤマト運輸にて通常宅配でのお届けとなります。<br>※当社、または運送業者の都合により予告なく変更になる場合がございます。<br>※北海道、沖縄、一部離島に関しましては、レビューを書くを選択されましても700円の送料をいただいております。ご了承ください。<br></td></tr><tr><td width=""20%"" bgcolor=""#cccccc"" align=""center"">ご入金について</td><td width=""80%"" bgcolor=""#ffffff"" align=""left"">※ご注文後、楽天からの自動配信メールは金額修正等されておりません。<BR>※当社から配信されます注文承諾通知をご確認の上、ご入金お願いいたします。<BR>※金額修正前のご入金による入金額の誤差分返金や追加振込に発生します各金融機関の振込み手数料はお客様ご負担とさせていただきます。<BR>※2～3日たっても、当社からメールが届かない場合は、お手数ですが083-902-6388までご連絡ください。<BR></span></td></tr></tbody></table></td></tr></tbody></table><img src=""http://image.rakuten.co.jp/krosslink/cabinet/03230422/r-ivent/sumaho-tekigou.jpg"" width=100%>
<br>
<B> 『 適合表はこちら！  』 </B>
<br>
<br>
<br>

<img src=""http://image.rakuten.co.jp/krosslink/cabinet/03230422/r-ivent/kross-blog.jpg"" width=100%>
<B> 『↑クロスリンク店長ブログです♪役に立つ情報書きます。。。 』 </B>
<br>
<br>

<img src=""http://image.rakuten.co.jp/krosslink/cabinet/03230422/ivent/iqos2.jpg"" width=100%>
<B> 『↑本革オリジナルiQOSケース  姉妹店 HAPPY SPACE で販売中！バナークリックでハッピースペースページへ♪ 』 </B>
<br>
<!--GoQSystemランキング自動更新ツールワイド-->
<table align=""center"" width=""600"" border=""0"" cellpadding=""0"" cellspacing=""0"" bgcolor=""#FFFFFF"">
<tr>
<td>
<table align=""center"" width=""600"" border=""0"" cellpadding=""0"" cellspacing=""0"" bgcolor=""#FFFFFF"">
<tr>
<td align=""center"" valign=""bottom"" bgcolor=""#cccccc""><img src=""http://www.rakuten.ne.jp/gold/krosslink/goqsystem/600rankingtitel.gif"" width=""600"" /></td>
</tr>
</table>
<table align=""center"" width=""596"" border=""0"" cellpadding=""0"" cellspacing=""0"" bgcolor=""#CCCCCC"" style=""border-left:solid;border-left-width:1px;border-right:solid;border-right-width:1px;border-bottom:solid;border-bottom-width:1px;border-color:#CCCCCC;"">
<tr>
<td align=""center"" bgcolor=""#FFFFFF"">
<div class=""ifrm-container"" style=""width:598px;height:460px;overflow:auto;-webkit-overflow-scrolling:touch;"">

</div>
</td>
</tr>
<tr>
<td align=""right"" bgcolor=""#FFFFFF"" style=""padding:2px;"">
<img src=""http://www.rakuten.ne.jp/gold/krosslink/goqsystem/powered_by_banner.gif"" width=""125"" />
</td>
</tr>
</table>
</td>
</tr>
</table>
<!--GoQSystemランキング自動更新ツールワイド-->
<br>

<!--GoQSystemレジよこメーカー-->

<!--GoQSystemレジよこメーカー-->",カラーモール/カラーラインモール 4m 内装/外装 アクセサリー/パーツ ７色/送料無料 ネコポス/◆ @a297 【10P03Sep16】：クロスリンク,HIDLEDカーラッピング35W/55W/15W/25Wキャンセラーオールインワンヘッドライトテールライトナンバー灯ルームランプ汎用品BMWプリウスアクアNBOXCX-5フォグランプステアリングイカリングティアナカラーモール/カラーラインモール 4m 内装/外装 アクセサリー/パーツ ７色/送料無料 ネコポス/◆ @a297 【10P03Sep16】,新商品が続々入荷！/カラーモール/カラーラインモール。カラーモール/カラーラインモール 4m 内装/外装 アクセサリー/パーツ ７色/送料無料 ネコポス/◆ @a297 【10P03Sep16】[rn]
5-64029,http://tshop.r10s.jp/gbt-dko/cabinet/line-tape/x25215_1.jpg?fitin=700:700,1170.4000,,車用品・バイク用品 > カー用品 > ライト・ランプ > モール,LEDテープ より控えめな光 リブ付 有機EL ネオンワイヤー 250cm 隙間に挟める耳付 DC12V用 カット可能|elワイヤー ランプ ワイヤーライト ネオンワイヤー ライト 内装 パーツ 車内 カー用品 ブルー レッド ホワイト パープル ピンク 白 赤 ネオン イルミネーション,シートやパネルの隙間に！綺麗な流線型の間接照明も！,"2016年再入荷4月<br><center>
<TABLE BORDER=0 cellspacing=0 CELLPADDING=0 width=680 height=""50"">
<tr><th height=""1"" align=""center"" width=""680"">

<img border=""0"" src=""http://image.rakuten.co.jp/gbt-dko/cabinet/topimg/m_magazine.gif"" width=""680"" height=""50"">
</th></tr></TABLE></center><br><font color=""#C0C0C0"">2014年5月 </font> 有機EL ネオンワイヤー<br><TABLE BORDER=0 cellspacing=3 CELLPADDING=3 width=650 height=""155"" bordercolor=""#C0C0C0""> 
<TR>
  <TH ALIGN=center VALIGN=middle bgcolor=#000000 COLSPAN=4 height=""35"" width=""634""><font size=""4"" color=""#DEFFE3"">◆カラー違い、他ELネオン製品一覧！</font></th></tr>
  
<tr><td height=""1"" bgcolor=""#EFEFEF"" align=""center"" width=""162"">
 <img border=0 src=""http://thumbnail.image.rakuten.co.jp/@0_mall/gbt-dko/cabinet/caac-allimg/24244_1.jpg?_ex=160x160"">
  </td> 

  <td height=""1"" bgcolor=""#EFEFEF"" align=""center"" width=""161"">
 <img border=0 src=""http://thumbnail.image.rakuten.co.jp/@0_mall/gbt-dko/cabinet/caac-allimg/24242_1.jpg?_ex=160x160"">
  </td> 

  <td align=""center"" height=""1"" bgcolor=""#EFEFEF"" width=""162""> 
 <img border=0 src=""http://thumbnail.image.rakuten.co.jp/@0_mall/gbt-dko/cabinet/caac-allimg/24241_1.jpg?_ex=160x160"">
 </td> 

  <td align=""center"" height=""1"" bgcolor=""#EFEFEF"" width=""161""> 
 <img border=0 src=""http://thumbnail.image.rakuten.co.jp/@0_mall/gbt-dko/cabinet/caac-allimg/24243_1.jpg?_ex=160x160"">
 </td></tr>
 
<tr><td height=""1"" bgcolor=""#EFEFEF"" align=""center"" width=""162"">
 <img border=0 src=""http://thumbnail.image.rakuten.co.jp/@0_mall/gbt-dko/cabinet/caac-allimg/22670_1.jpg?_ex=160x160"">
  </td> 

  <td height=""1"" bgcolor=""#EFEFEF"" align=""center"" width=""161"">
 <img border=0 src=""http://thumbnail.image.rakuten.co.jp/@0_mall/gbt-dko/cabinet/caac-allimg/22669_1.jpg?_ex=160x160"">
  </td> 

  <td align=""center"" height=""1"" bgcolor=""#EFEFEF"" width=""162""> 
 <img border=0 src=""http://thumbnail.image.rakuten.co.jp/@0_mall/gbt-dko/cabinet/caac-allimg/22991_1.jpg?_ex=160x160"">
 </td> 

  <td align=""center"" height=""1"" bgcolor=""#EFEFEF"" width=""161""> 
 <img border=0 src=""http://thumbnail.image.rakuten.co.jp/@0_mall/gbt-dko/cabinet/caac-allimg/23251_1.jpg?_ex=160x160"">
 
 </td></tr>
 
<tr><td height=""1"" bgcolor=""#EFEFEF"" align=""center"" width=""162"">
 <img border=0 src=""http://thumbnail.image.rakuten.co.jp/@0_mall/gbt-dko/cabinet/caac-allimg/23252_1.jpg?_ex=160x160"">
    
  </td> 

  <td height=""1"" bgcolor=""#EFEFEF"" align=""center"" width=""161"">
 <img border=0 src=""http://thumbnail.image.rakuten.co.jp/@0_mall/gbt-dko/cabinet/caac-allimg/23253_1.jpg?_ex=160x160"">
 
  </td> 

  <td align=""center"" height=""1"" bgcolor=""#EFEFEF"" width=""162""> 
 <img border=0 src=""http://thumbnail.image.rakuten.co.jp/@0_mall/gbt-dko/cabinet/caac-allimg/23625_1.jpg?_ex=160x160"">
 
 </td> 

  <td align=""center"" height=""1"" bgcolor=""#EFEFEF"" width=""161""> 
 <img border=0 src=""http://thumbnail.image.rakuten.co.jp/@0_mall/gbt-dko/cabinet/caac-allimg/23922_1.jpg?_ex=160x160"">
 </td></tr>
 
</TABLE><head>
<style type=""text/css"">
<!--
span.unit { background: url(https://image.rakuten.co.jp/gbt-dko/cabinet/cart_info.gif) no-repeat left top; text-indent:
-9999; display: block; width: 315; height: 422; margin:15px 0; }
-->
</style>
</head>

<center>
<table border=""0"" width=""680"" cellspacing=""0"" cellpadding=""0"">
<tr><td width=""33%""></td>
<td width=""33%""><center>
</center></td>    
<td width=""34%""></td></tr></table>    
<table border=""0"" width=""680"" height=""101"">    
<tr>    
<td width=""100%"" align=""center"" height=""18"">    
</td></tr>    
<tr><td width=""100%"" height=""29""></td></tr><tr><td width=""100%"" align=""center"" height=""13"">                  
    
</td></tr>    
<tr><td width=""100%"" height=""25"">    
<hr></td></tr>    
</table>    
<table border=""0"" width=""689"">    
<tr>    
  <td width=""682"" align=""center"">    
<img border=""0"" src=""https://image.rakuten.co.jp/gbt-dko/cabinet/topimg/x26549_pop.jpg"" width=""625"" height=""137"" alt=""ナンバーボルトキャップ"">  
  </td></tr>  
<tr>   
  <td width=""682"" align=""center"">   
<img border=""0"" src=""https://image.rakuten.co.jp/gbt-dko/cabinet/topimg/26500_pop.jpg"" width=""625"" height=""137"" alt=""ワンタッチサンキューハザードユニット"">  
  </td></tr>  
<tr>   
  <td width=""682"" align=""center"">   
<img border=""0"" src=""https://image.rakuten.co.jp/gbt-dko/cabinet/topimg/26498_pop.jpg"" width=""625"" height=""137"" alt=""ワイパウィザード"">  
  </td></tr>  
<tr>  
  <td width=""682"" align=""center"">  
<img border=""0"" src=""https://image.rakuten.co.jp/gbt-dko/cabinet/topimg/x25368_pop.jpg"" width=""625"" height=""137"" alt=""ハンモック自立式"">  
  </td></tr>  
<tr>  
  <td width=""682"" align=""center"">  
<img border=""0"" src=""https://image.rakuten.co.jp/gbt-dko/cabinet/topimg/x26710_pop.jpg"" width=""625"" height=""137"" alt=""レンガ調壁紙""> 
  </td></tr> 
<tr> 
  <td width=""682"" align=""center""> 
<img border=""0"" src=""https://image.rakuten.co.jp/gbt-dko/cabinet/topimg/25599_pop.jpg"" width=""625"" height=""137"" alt=""デイライト自動点灯キット""> 
  </td></tr> 
<tr> 
  <td width=""682"" align=""center""> 
<img border=""0"" src=""https://image.rakuten.co.jp/gbt-dko/cabinet/topimg/24973_pop.jpg"" width=""625"" height=""137"" alt=""ソーラースポットライト！""> 
  </td></tr> 
<tr> 
  <td width=""682"" align=""center""> 
<img border=""0"" src=""https://image.rakuten.co.jp/gbt-dko/cabinet/topimg/24670_pop.jpg"" width=""625"" height=""137""> 
  </td></tr> 
<tr> 
  <td width=""682"" align=""center""> 
<img border=""0"" src=""https://image.rakuten.co.jp/gbt-dko/cabinet/topimg/x24529_pop.jpg"" width=""625"" height=""274""> 
  </td></tr> 
<tr> 
  <td width=""682"" align=""center""> 
<img border=""0"" src=""https://image.rakuten.co.jp/gbt-dko/cabinet/topimg/23919bn.jpg"" width=""625"" height=""137""></td></tr> 
<tr> 
  <td width=""682"" align=""center""> 
  </td></tr> 
<tr> 
  <td width=""682"" align=""center""> 
<img border=""0"" src=""https://image.rakuten.co.jp/gbt-dko/cabinet/topimg/x24155_pop.jpg"" width=""625"" height=""275""></td></tr> 
<tr> 
  <td width=""682"" align=""center""> 
<img border=""0"" src=""https://image.rakuten.co.jp/gbt-dko/cabinet/topimg/sixthsense-pop.jpg"" width=""625"" height=""275""></td></tr> 
</table> 
<table border=""0"" width=""680""> 
<tr><td width=""50%"" height=""238""><p align=""center""><img border=""0"" src=""https://image.rakuten.co.jp/gbt-dko/cabinet/line-tape/22317_1.jpg"" width=""335"" height=""251""></p> 
</td><td width=""50%"" height=""238""><img border=""0"" src=""https://image.rakuten.co.jp/gbt-dko/cabinet/caac-allimg/24833_1r.jpg"" width=""335"" height=""251""></td> 
</tr> 
</table> 
<table border=""0"" width=""680"" height=""131""> 
<tr> 
<td width=""50%"" align=""center"" height=""89""><img border=""0"" src=""https://thumbnail.image.rakuten.co.jp/@0_mall/gbt-dko/cabinet/topimg/banner_car127.jpg?_ex=335x335""> 
</td> 
<td width=""50%"" align=""center"" height=""89""><img border=""0"" src=""https://thumbnail.image.rakuten.co.jp/@0_mall/gbt-dko/cabinet/topimg/banner_car83.jpg?_ex=335x335""></td> 
</tr> 
<tr> 
<td width=""50%"" align=""center"" height=""90""><img border=""0"" src=""https://image.rakuten.co.jp/gbt-dko/cabinet/topimg/banner_car133.gif"" width=""335"" height=""88""></td> 
<td width=""50%"" align=""center"" height=""90""><img border=""0"" src=""https://thumbnail.image.rakuten.co.jp/@0_mall/gbt-dko/cabinet/topimg/specialsale_s05.jpg?_ex=335x335""></td> 
</tr> 
<tr> 
<th width=""690"" colspan=""2"" height=""1""> 
<hr> 
<p>          
<font color=""#FF0066"">★レビューの書き方が分からない方はこちらをご覧ください⇒</font>          
</th> 
</tr> 
</table> 
 
</center>",LEDテープ より控えめな光 リブ付 有機EL ネオンワイヤー 250cm 隙間に挟める耳付 DC12V用 カット可能|elワイヤー ランプ ワイヤーライト ネオンワイヤー ライト 内装 パーツ 車内 カー用品 ブルー レッド ホワイト パープル ピンク 白 赤 ネオン イルミネーション：ダイコン卸　直販部,イルミネーション クリスマス ソーラークリスマスツリー おしゃれLED ウインカー テールランプ ルームランプＨＩＤキットHIDキット H1 H3 H4 H7 H8 H11 HB3 HB4フォグランプHIDキセノンハイフラ防止抵抗器T10 T16 T20 S25カー用品 カーパーツ地デジアンテナGPSアンテナオンダッシュモニタープリウスアクアハイエースヴェルファイアステップワゴンN boxウイポジLEDテープ より控えめな光 リブ付 有機EL ネオンワイヤー 250cm 隙間に挟める耳付 DC12V用 カット可能|elワイヤー ランプ ワイヤーライト ネオンワイヤー ライト 内装 パーツ 車内 カー用品 ブルー レッド ホワイト パープル ピンク 白 赤 ネオン イルミネーション,シートやパネルの隙間に！綺麗な流線型の間接照明も！。LEDテープ より控えめな光 リブ付 有機EL ネオンワイヤー 250cm 隙間に挟める耳付 DC12V用 カット可能|elワイヤー ランプ ワイヤーライト ネオンワイヤー ライト 内装 パーツ 車内 カー用品 ブルー レッド ホワイト パープル ピンク 白 赤 ネオン イルミネーション[rn]
5-64030,http://tshop.r10s.jp/groovy-gbt/cabinet/02132296/03721509/img62567196.jpg?fitin=700:700,652.0000,,車用品・バイク用品 > カー用品 > ライト・ランプ > モール,ledテープ　正面発光50cmled36連　黒基板　1本,ledテープ　正面発光50cm,"<br><style type=""text/css"">
<!--
span.unit { background: url(https://image.rakuten.co.jp/groovy-gbt/cabinet/gry_outstyle/05576864/imgrc0075332759.jpg) no-repeat left top; text-indent:
	-9999; display: block; width: 350; height: 500; margin:15px 0; }
	-->
	
	input{
	  font-weight:bold;
	  font-size:18px;
	  color:#000;
	}
	
	select[name=""choice""]{
		height:30px;	
	}
</style>
<div align=""center"">

<br>
</div>",ledテープ　正面発光50cmled36連　黒基板　1本：Groovy,アクア　カスタムヴェルファイア　アルファードプリウスαハイエース200系プリウスプリウス 30 後期ハンモック　自立式汎用 パワーウインドウ キットチェーン　スプレー車 内装 ドレスアップデイライトアクア　ドレスアップヴェルファイア カスタムトヨタ アクア カスタムアクアカスタムNBOXLEDライトledヘッドライトプリウス カスタムt10 LEDledテープ　正面発光50cmled36連　黒基板　1本,ledテープ　正面発光50cm。ledテープ　正面発光50cmled36連　黒基板　1本[rn]
5-64031,http://tshop.r10s.jp/groovy-gbt/cabinet/02132296/03102444/img61410698.jpg?fitin=700:700,1508.8000,,車用品・バイク用品 > カー用品 > ライト・ランプ > モール,キャラバンE26 前期 NV350 ステンレス サイドダクトカバー 1ピース EX339【ゆうパケット送料無料】,キャラバンE26 前期 NV350,"<br><style type=""text/css"">
<!--
span.unit { background: url(https://image.rakuten.co.jp/groovy-gbt/cabinet/gry_outstyle/05576864/imgrc0075332759.jpg) no-repeat left top; text-indent:
	-9999; display: block; width: 350; height: 500; margin:15px 0; }
	-->
	
	input{
	  font-weight:bold;
	  font-size:18px;
	  color:#000;
	}
	
	select[name=""choice""]{
		height:30px;	
	}
</style>
<div align=""center"">

<br>
</div>",キャラバンE26 前期 NV350 ステンレス サイドダクトカバー 1ピース EX339【ゆうパケット送料無料】：Groovy,アクア　カスタムヴェルファイア　アルファードプリウスαハイエース200系プリウスプリウス 30 後期ハンモック　自立式汎用 パワーウインドウ キットチェーン　スプレー車 内装 ドレスアップデイライトアクア　ドレスアップヴェルファイア カスタムトヨタ アクア カスタムアクアカスタムNBOXLEDライトledヘッドライトプリウス カスタムt10 LEDキャラバンE26 前期 NV350 ステンレス サイドダクトカバー 1ピース EX339【ゆうパケット送料無料】,キャラバンE26 前期 NV350。キャラバンE26 前期 NV350 ステンレス サイドダクトカバー 1ピース EX339【ゆうパケット送料無料】[rn]
5-64032,http://tshop.r10s.jp/groovy-gbt/cabinet/02132296/03102444/img61092289.jpg?fitin=700:700,2728.0000,,車用品・バイク用品 > カー用品 > ライト・ランプ > モール,キャラバン　NV350E26前期専用　ステンレス　リヤバンパーステップガード　EX3311p【送料無料】,キャラバン　NV350,"<br><style type=""text/css"">
<!--
span.unit { background: url(https://image.rakuten.co.jp/groovy-gbt/cabinet/gry_outstyle/05576864/imgrc0075332759.jpg) no-repeat left top; text-indent:
	-9999; display: block; width: 350; height: 500; margin:15px 0; }
	-->
	
	input{
	  font-weight:bold;
	  font-size:18px;
	  color:#000;
	}
	
	select[name=""choice""]{
		height:30px;	
	}
</style>
<div align=""center"">

<br>
</div>",キャラバン　NV350E26前期専用　ステンレス　リヤバンパーステップガード　EX3311p【送料無料】：Groovy,アクア　カスタムヴェルファイア　アルファードプリウスαハイエース200系プリウスプリウス 30 後期ハンモック　自立式汎用 パワーウインドウ キットチェーン　スプレー車 内装 ドレスアップデイライトアクア　ドレスアップヴェルファイア カスタムトヨタ アクア カスタムアクアカスタムNBOXLEDライトledヘッドライトプリウス カスタムt10 LEDキャラバン　NV350E26前期専用　ステンレス　リヤバンパーステップガード　EX3311p【送料無料】,キャラバン　NV350。キャラバン　NV350E26前期専用　ステンレス　リヤバンパーステップガード　EX3311p【送料無料】[rn]
