5-66194,http://tshop.r10s.jp/auc-koitoya/cabinet/products/r01/r011/r011-16.jpg?fitin=700:700,304.0000,,日用品雑貨・文房具・手芸 > 手芸・クラフト・生地 > 毛糸,【純毛極太】　梳毛糸　＜チャコール霜降り＞,ウール100％の梳毛糸です☆,"ウール100％の梳毛糸です。<br>
お色は定番、チャコール（濃ネズ霜降り）です。<br>
<br>
太さは3本撚り、100ｇ約135ｍです。<br>
（細め極太です）。<br>
<br>
100g380円の特価です。<br>
追加可能です。<br>
同梱可能です。<br>
発送方法;定形外郵便又は宅配便。<br>
【100g】380円<br>
<br>
※コーン巻の画像は100gの分量ではありませんので、お間違えのないようご注意くださいませ。<br><br>
<img src=""http://image.rakuten.co.jp/auc-koitoya/cabinet/image/meyasu.jpg"" width=700 border=""0"" alt=""標準使用量の目安""><br>
<br>
<br>
<br>

<img src=""http://image.rakuten.co.jp/auc-koitoya/cabinet/campaign/asaito.gif"" border=""0"" alt=""麻100%の色糸が大好評です！""><br>
<font color=""blue"">↑↑↑超極太も仲間入りしました！</font><br><br>

<!--
<img src=""http://image.rakuten.co.jp/auc-koitoya/cabinet/campaign/sale.gif
"" border=""0"" alt=""20～50％ＯＦＦ！！"">
<br>
<br>
-->

<img src=""http://image.rakuten.co.jp/auc-koitoya/cabinet/image/alpaca.jpg"" border=""0"" alt=""アルパカ（ウール）100％　100g600円"">　　　　　
<img src=""http://image.rakuten.co.jp/auc-koitoya/cabinet/image/kase1000.jpg"" border=""0"" alt=""【1カセ（250g）】1,000円"">



<br>
<br>
<img src=""http://image.rakuten.co.jp/auc-koitoya/cabinet/image/medama_e.jpg"" border=""0"" alt=""ほりだし物！"">",【純毛極太】　梳毛糸　＜チャコール霜降り＞：編み糸・織り糸の「小糸屋」,【純毛極太】　梳毛糸　＜チャコール霜降り＞,ウール100％の梳毛糸です☆。【純毛極太】　梳毛糸　＜チャコール霜降り＞[rn]
5-66195,http://tshop.r10s.jp/auc-koitoya/cabinet/products/r04/r041/r041-106.jpg?fitin=700:700,1440.0000,,日用品雑貨・文房具・手芸 > 手芸・クラフト・生地 > 毛糸,【シルク】　特絹糸　60/2　＜さらし色＞,【極々細】のシルク！,"素材はシルク100％です。<br>
お色は白色です。<br>
シルク独特の光沢があります。<br>
<br>
太さは;60/2；100g約5000mです。<br>
細いです【極々細】。<br>
<br>
織りの経糸にも使用していただけます。<br>
ニットはもちろんお使いいただけます。<br>
細いようでしたら2本、3本と合わせてお使いください。<br>
軽くて夏：涼しく、冬は暖かいです。<br>
<br>
100g1800円のご奉仕価格です。<br>
追加可能です。<br>
同梱可能です。<br>
発送方法;定形外郵便又は宅配便。<br>
<br>
【100g】1,800円<br>
<br>
<br>
※コーン巻の画像は100gの分量ではありませんので、お間違えのないようご注意くださいませ。<br>
<img src=""http://image.rakuten.co.jp/auc-koitoya/cabinet/image/meyasu.jpg"" width=700 border=""0"" alt=""標準使用量の目安""><br>
<br>
<br>
<br>

<img src=""http://image.rakuten.co.jp/auc-koitoya/cabinet/campaign/asaito.gif"" border=""0"" alt=""麻100%の色糸が大好評です！""><br>
<font color=""blue"">↑↑↑超極太も仲間入りしました！</font><br><br>

<!--
<img src=""http://image.rakuten.co.jp/auc-koitoya/cabinet/campaign/sale.gif
"" border=""0"" alt=""20～50％ＯＦＦ！！"">
<br>
<br>
-->

<img src=""http://image.rakuten.co.jp/auc-koitoya/cabinet/image/alpaca.jpg"" border=""0"" alt=""アルパカ（ウール）100％　100g600円"">　　　　　
<img src=""http://image.rakuten.co.jp/auc-koitoya/cabinet/image/kase1000.jpg"" border=""0"" alt=""【1カセ（250g）】1,000円"">



<br>
<br>
<img src=""http://image.rakuten.co.jp/auc-koitoya/cabinet/image/medama_e.jpg"" border=""0"" alt=""ほりだし物！"">",【シルク】　特絹糸　60/2　＜さらし色＞：編み糸・織り糸の「小糸屋」,【シルク】　特絹糸　60/2　＜さらし色＞,【極々細】のシルク！。【シルク】　特絹糸　60/2　＜さらし色＞[rn]
5-66196,http://tshop.r10s.jp/auc-koitoya/cabinet/products/r05/r051/r051-152.jpg?fitin=700:700,296.0000,,日用品雑貨・文房具・手芸 > 手芸・クラフト・生地 > 毛糸,【綿糸】　杢糸　40/2　全7色　＜青杢（もく）＞,シックで落ち着きのある杢糸♪,"綿１００％です。<br>
お色は青と黒の杢糸です。<br>
杢糸とは色糸と黒の交撚糸のことです。<br>
杢糸はシックで落ち着きのある糸です。<br>
青と黒の杢糸ですから一見紺青色に見えます。<br>
ごく普通の綿糸です。<br>
裂き織等織糸の経糸にも使用できます。<br>
緯糸、ニットにもお使いいただけます。<br>
<br>
太さは;40/2：100ｇ約3300ｍです。<br>
（20/1と同じ、細めです）<br>
<br>
100g370円のご奉仕価格です。<br>
追加可能です。<br>
同梱可能です。<br>
発送方法;定形外郵便又は宅配便。<br>
【100g】370円<br>
<br>
※コーン巻の画像は100gの分量ではありませんので、お間違えのないようご注意くださいませ。<br>

<br><br>
☆他の色もあります☆<br>
赤杢（もく）<br>
青杢（もく）<br>
緑杢（もく）<br>
<br>
マセンダ杢（もく）<br>
ピンク杢（もく）<br>金茶杢（もく）<br>白黒杢（もく）<br>
<img src=""http://image.rakuten.co.jp/auc-koitoya/cabinet/image/meyasu.jpg"" width=700 border=""0"" alt=""標準使用量の目安""><br>
<br>
<br>
<br>

<img src=""http://image.rakuten.co.jp/auc-koitoya/cabinet/campaign/asaito.gif"" border=""0"" alt=""麻100%の色糸が大好評です！""><br>
<font color=""blue"">↑↑↑超極太も仲間入りしました！</font><br><br>

<!--
<img src=""http://image.rakuten.co.jp/auc-koitoya/cabinet/campaign/sale.gif
"" border=""0"" alt=""20～50％ＯＦＦ！！"">
<br>
<br>
-->

<img src=""http://image.rakuten.co.jp/auc-koitoya/cabinet/image/alpaca.jpg"" border=""0"" alt=""アルパカ（ウール）100％　100g600円"">　　　　　
<img src=""http://image.rakuten.co.jp/auc-koitoya/cabinet/image/kase1000.jpg"" border=""0"" alt=""【1カセ（250g）】1,000円"">



<br>
<br>
<img src=""http://image.rakuten.co.jp/auc-koitoya/cabinet/image/medama_e.jpg"" border=""0"" alt=""ほりだし物！"">",【綿糸】　杢糸　40/2　全7色　＜青杢（もく）＞：編み糸・織り糸の「小糸屋」,【綿糸】　杢糸　40/2　全7色　＜青杢（もく）＞,シックで落ち着きのある杢糸♪。【綿糸】　杢糸　40/2　全7色　＜青杢（もく）＞[rn]
5-66197,http://tshop.r10s.jp/auc-koitoya/cabinet/products/r05/r051/r051-148.jpg?fitin=700:700,320.0000,,日用品雑貨・文房具・手芸 > 手芸・クラフト・生地 > 毛糸,【綿糸】　40/6　追加3色　＜ぴんく色＞,追加で3色仲間入り♪　全14色になりました！,"綿１００％です。<br>
お色はきれいなローズピンクです。<br>
光沢もあり発色がいいです。<br>
ごく普通の綿糸です。<br>
裂き織等織糸の経糸に最適です。<br>
緯糸、ニットにもお使いいただけます。<br>
<br>
太さは;40/6（20/3）：100ｇ約1100ｍです。<br>
（20/2よりわずかに太いです）<br>
直径1ｍｍ弱です。<br>
使いやすい太さです。<br>
綿の清涼感をお楽しみください。<br>
<br>
100g400円のご奉仕価格です。<br>
追加可能です。<br>
同梱可能です。<br>
発送方法;定形外郵便又は宅配便。<br>
【100g】400円<br>
<br>
※コーン巻の画像は100gの分量ではありませんので、お間違えのないようご注意くださいませ。<br>

<br><br>
☆他の色もあります：追加3色☆<br>
ぴんく色　
藍色　
青緑色<br>　

<br>
☆他の色もあります：既存11色☆<br>
海老茶色　
赤色　
バイオレット　
オレンジ<br>
琥珀色　
桜色　
黒色<br>
藍色　
松葉色　
灰色　
白生成り色<br>
<img src=""http://image.rakuten.co.jp/auc-koitoya/cabinet/image/meyasu.jpg"" width=700 border=""0"" alt=""標準使用量の目安""><br>
<br>
<br>
<br>

<img src=""http://image.rakuten.co.jp/auc-koitoya/cabinet/campaign/asaito.gif"" border=""0"" alt=""麻100%の色糸が大好評です！""><br>
<font color=""blue"">↑↑↑超極太も仲間入りしました！</font><br><br>

<!--
<img src=""http://image.rakuten.co.jp/auc-koitoya/cabinet/campaign/sale.gif
"" border=""0"" alt=""20～50％ＯＦＦ！！"">
<br>
<br>
-->

<img src=""http://image.rakuten.co.jp/auc-koitoya/cabinet/image/alpaca.jpg"" border=""0"" alt=""アルパカ（ウール）100％　100g600円"">　　　　　
<img src=""http://image.rakuten.co.jp/auc-koitoya/cabinet/image/kase1000.jpg"" border=""0"" alt=""【1カセ（250g）】1,000円"">



<br>
<br>
<img src=""http://image.rakuten.co.jp/auc-koitoya/cabinet/image/medama_e.jpg"" border=""0"" alt=""ほりだし物！"">",【綿糸】　40/6　追加3色　＜ぴんく色＞：編み糸・織り糸の「小糸屋」,【綿糸】　40/6　追加3色　＜ぴんく色＞,追加で3色仲間入り♪　全14色になりました！。【綿糸】　40/6　追加3色　＜ぴんく色＞[rn]
5-66198,http://tshop.r10s.jp/auc-koitoya/cabinet/products/r08/r081/r081-45.jpg?fitin=700:700,400.0000,,日用品雑貨・文房具・手芸 > 手芸・クラフト・生地 > 毛糸,【ループ】　ソフトブークレー　全８色　＜ベージュ＞,細めソフトブークレー☆,"ウールの細めソフトブークレーです。<br>
ウール75％ナイロン25％です。<br>
チクチク感、ザラザラ感はありません。<br>
肌触りの良い糸です。<br>
ニット、機械編みに最適です。<br>
織り用緯糸にお使いください。<br>
<br>
太さは100ｇ約1500ｍぐらいです。<br>
糸の直径は約1ｍｍ～1.5ｍｍぐらいです。<br>
お色は落ち着きのある明るいもくらん色です。<br>
<br>
100ｇ500円のご奉仕価格です。<br>
追加可能です。<br>
発送方法；定形外郵便又は宅配便。<br>
同梱可能です。<br>
【100g】500円<br>
<br>
☆他の色もあります☆<br>
赤色　ピンク<br>
ベージュ　ベビーピンク　ホワイト<br>
ロイヤルブルー　松葉色　グレープ<br>
<img src=""http://image.rakuten.co.jp/auc-koitoya/cabinet/image/meyasu.jpg"" width=700 border=""0"" alt=""標準使用量の目安""><br>
<br>
<br>
<br>

<img src=""http://image.rakuten.co.jp/auc-koitoya/cabinet/campaign/asaito.gif"" border=""0"" alt=""麻100%の色糸が大好評です！""><br>
<font color=""blue"">↑↑↑超極太も仲間入りしました！</font><br><br>

<!--
<img src=""http://image.rakuten.co.jp/auc-koitoya/cabinet/campaign/sale.gif
"" border=""0"" alt=""20～50％ＯＦＦ！！"">
<br>
<br>
-->

<img src=""http://image.rakuten.co.jp/auc-koitoya/cabinet/image/alpaca.jpg"" border=""0"" alt=""アルパカ（ウール）100％　100g600円"">　　　　　
<img src=""http://image.rakuten.co.jp/auc-koitoya/cabinet/image/kase1000.jpg"" border=""0"" alt=""【1カセ（250g）】1,000円"">



<br>
<br>
<img src=""http://image.rakuten.co.jp/auc-koitoya/cabinet/image/medama_e.jpg"" border=""0"" alt=""ほりだし物！"">",【ループ】　ソフトブークレー　全８色　＜ベージュ＞：編み糸・織り糸の「小糸屋」,【ループ】　ソフトブークレー　全８色　＜ベージュ＞,細めソフトブークレー☆。【ループ】　ソフトブークレー　全８色　＜ベージュ＞[rn]
5-66199,http://tshop.r10s.jp/auc-koitoya/cabinet/products/r10/r101/r101-98.jpg?fitin=700:700,480.0000,,日用品雑貨・文房具・手芸 > 手芸・クラフト・生地 > 毛糸,【モヘア】　生成り　絣　ＮＯ6,並太タイプです。,"ウール55％アクリル40％ナイロン5％です。<br>
お色は白生成り色のモヘアと絣ループの交撚糸です。<br>
チクチク感はありません。<br>
<br>
太さ1/2.3（約100g230m）です。<br>
並太タイプです。<br>
柔らかくぬるみ感があります。<br>
<br>
100g600円のご奉仕価格です。<br>
合わせ糸として使用されても適します。<br>
<br>
追加可能です。<br>
同梱可能です。<br>
発送方法;定形外郵便又は宅配便。<br>
【100g】600円<br>
<br>
※画像は100gの分量ではありませんので、お間違えのないようご注意くださいませ。<br>
<img src=""http://image.rakuten.co.jp/auc-koitoya/cabinet/image/meyasu.jpg"" width=700 border=""0"" alt=""標準使用量の目安""><br>
<br>
<br>
<br>

<img src=""http://image.rakuten.co.jp/auc-koitoya/cabinet/campaign/asaito.gif"" border=""0"" alt=""麻100%の色糸が大好評です！""><br>
<font color=""blue"">↑↑↑超極太も仲間入りしました！</font><br><br>

<!--
<img src=""http://image.rakuten.co.jp/auc-koitoya/cabinet/campaign/sale.gif
"" border=""0"" alt=""20～50％ＯＦＦ！！"">
<br>
<br>
-->

<img src=""http://image.rakuten.co.jp/auc-koitoya/cabinet/image/alpaca.jpg"" border=""0"" alt=""アルパカ（ウール）100％　100g600円"">　　　　　
<img src=""http://image.rakuten.co.jp/auc-koitoya/cabinet/image/kase1000.jpg"" border=""0"" alt=""【1カセ（250g）】1,000円"">



<br>
<br>
<img src=""http://image.rakuten.co.jp/auc-koitoya/cabinet/image/medama_e.jpg"" border=""0"" alt=""ほりだし物！"">",【モヘア】　生成り　絣　ＮＯ6：編み糸・織り糸の「小糸屋」,【モヘア】　生成り　絣　ＮＯ6,並太タイプです。。【モヘア】　生成り　絣　ＮＯ6[rn]
5-66200,http://tshop.r10s.jp/auc-koitoya/cabinet/products/r07/r071/r071-150.jpg?fitin=700:700,560.0000,,日用品雑貨・文房具・手芸 > 手芸・クラフト・生地 > 毛糸,【麻糸】　ラミー　極太タイプ２　全12色　＜鳩羽色＞,落ち着いた色合いが素敵です☆,"ラミー麻１００％です。<br>
お色は落ち着きのあるきれいな紫系です。<br>
チクチク感、ざらざら感はありません。<br>
なめらかな糸です。<br>
<br>
太さは;100ｇ120ｍ、極太タイプです。<br>
直径約2ｍｍです。<br>
使いやすい太さです。<br>
バッグ、タペストリー用、小物作りに最適です。<br>
麻の清涼感をお楽しみください。<br>
<br>
100g700円のご奉仕価格です。<br>
追加可能です。<br>
同梱可能です。<br>
発送方法;定形外郵便又は宅配便。。<br>
【100g】700円<br>
<br>
☆他の色もあります☆<br>
黒<br>
濃藍<br>
ひわ茶<br>
鳩羽色<br>
ピンク<br>
マセンダ<br>
真紅<br>
あいみる茶<br>
お召茶<br>
ベージュ<br>
白生成り<br>
藍<br>
<img src=""http://image.rakuten.co.jp/auc-koitoya/cabinet/image/meyasu.jpg"" width=700 border=""0"" alt=""標準使用量の目安""><br>
<br>
<br>
<br>

<img src=""http://image.rakuten.co.jp/auc-koitoya/cabinet/campaign/asaito.gif"" border=""0"" alt=""麻100%の色糸が大好評です！""><br>
<font color=""blue"">↑↑↑超極太も仲間入りしました！</font><br><br>

<!--
<img src=""http://image.rakuten.co.jp/auc-koitoya/cabinet/campaign/sale.gif
"" border=""0"" alt=""20～50％ＯＦＦ！！"">
<br>
<br>
-->

<img src=""http://image.rakuten.co.jp/auc-koitoya/cabinet/image/alpaca.jpg"" border=""0"" alt=""アルパカ（ウール）100％　100g600円"">　　　　　
<img src=""http://image.rakuten.co.jp/auc-koitoya/cabinet/image/kase1000.jpg"" border=""0"" alt=""【1カセ（250g）】1,000円"">



<br>
<br>
<img src=""http://image.rakuten.co.jp/auc-koitoya/cabinet/image/medama_e.jpg"" border=""0"" alt=""ほりだし物！"">",【麻糸】　ラミー　極太タイプ２　全12色　＜鳩羽色＞：編み糸・織り糸の「小糸屋」,【麻糸】　ラミー　極太タイプ２　全12色　＜鳩羽色＞,落ち着いた色合いが素敵です☆。【麻糸】　ラミー　極太タイプ２　全12色　＜鳩羽色＞[rn]
5-66201,http://tshop.r10s.jp/auc-koitoya/cabinet/products/r08/r083/r083-27.jpg?fitin=700:700,400.0000,,日用品雑貨・文房具・手芸 > 手芸・クラフト・生地 > 毛糸,【ファンシーヤーン】　白意匠糸　＜スラリット3蝶々＆ループ＞,白意匠糸が17種類！どれもカワイイですよ～♪,"スラリットテープの蝶々モール糸にブライトのループがついています。<br>
ループは5ｍｍぐらいスラリットの蝶々は1ｃｍｇぐらい。<br>
糸に凹凸があります。<br>
スラリットテープはナイロン素材です。<br>
カセでのお渡しで染色していただけます。<br>
ループがブライト（光沢糸）ですから<br>
＜糸が豪華にみえます＞<br>
<br>
太さは1/2.7（100ｇ約270ｍ）です。<br>
糸が軽いです。<br>
凹凸の面白みが出ます。<br>
r083-25と類似。<br>
<br>
特価：お値打ち価格：100ｇ500円。<br>
追加可能。<br>
同梱可能（宅配便、定形外郵便）。<br>
【100g】500円<br>
<img src=""http://image.rakuten.co.jp/auc-koitoya/cabinet/image/meyasu.jpg"" width=700 border=""0"" alt=""標準使用量の目安""><br>
<br>
<br>
<br>

<img src=""http://image.rakuten.co.jp/auc-koitoya/cabinet/campaign/asaito.gif"" border=""0"" alt=""麻100%の色糸が大好評です！""><br>
<font color=""blue"">↑↑↑超極太も仲間入りしました！</font><br><br>

<!--
<img src=""http://image.rakuten.co.jp/auc-koitoya/cabinet/campaign/sale.gif
"" border=""0"" alt=""20～50％ＯＦＦ！！"">
<br>
<br>
-->

<img src=""http://image.rakuten.co.jp/auc-koitoya/cabinet/image/alpaca.jpg"" border=""0"" alt=""アルパカ（ウール）100％　100g600円"">　　　　　
<img src=""http://image.rakuten.co.jp/auc-koitoya/cabinet/image/kase1000.jpg"" border=""0"" alt=""【1カセ（250g）】1,000円"">



<br>
<br>
<img src=""http://image.rakuten.co.jp/auc-koitoya/cabinet/image/medama_e.jpg"" border=""0"" alt=""ほりだし物！"">",【ファンシーヤーン】　白意匠糸　＜スラリット3蝶々＆ループ＞：編み糸・織り糸の「小糸屋」,【ファンシーヤーン】　白意匠糸　＜スラリット3蝶々＆ループ＞,白意匠糸が17種類！どれもカワイイですよ～♪。【ファンシーヤーン】　白意匠糸　＜スラリット3蝶々＆ループ＞[rn]
5-66202,http://tshop.r10s.jp/auc-koitoya/cabinet/products/r12/r12-88.jpg?fitin=700:700,400.0000,,日用品雑貨・文房具・手芸 > 手芸・クラフト・生地 > 毛糸,【特価】　ウーリーミシン糸　全15色　＜天色＞,ウーリーのミシン糸210タイプです。,"ウーリーのミシン糸210タイプです。<br>
ナイロン100％です。<br>
スプリング糸（伸びちじみ）です。<br>
お色は明るいブルー色です。<br>
<br>
太さは110/2（100ｇ約4200ｍ）です。<br>
1本200ｇです。<br>
ニット地、収縮地に適します。<br>
<br>
１本500円の特価価格です。<br>
発送方法:定形外郵便又は宅配便。<br>
【1本200g】500円<br>
<br>
☆他の色もあります☆<br>
ぺールブルー　
ブルー　
天色<br>
ターコイズ　
ライトオーキッド<br>
<br>
ラベンダー　
バイオレット　<br>
オールドローズ　
濃ピンク　
赤色<br>
<br>
カラシ色　
ベージュ　
マロン茶<br>
アクア　
濃紺<br>
<img src=""http://image.rakuten.co.jp/auc-koitoya/cabinet/image/meyasu.jpg"" width=700 border=""0"" alt=""標準使用量の目安""><br>
<br>
<br>
<br>

<img src=""http://image.rakuten.co.jp/auc-koitoya/cabinet/campaign/asaito.gif"" border=""0"" alt=""麻100%の色糸が大好評です！""><br>
<font color=""blue"">↑↑↑超極太も仲間入りしました！</font><br><br>

<!--
<img src=""http://image.rakuten.co.jp/auc-koitoya/cabinet/campaign/sale.gif
"" border=""0"" alt=""20～50％ＯＦＦ！！"">
<br>
<br>
-->

<img src=""http://image.rakuten.co.jp/auc-koitoya/cabinet/image/alpaca.jpg"" border=""0"" alt=""アルパカ（ウール）100％　100g600円"">　　　　　
<img src=""http://image.rakuten.co.jp/auc-koitoya/cabinet/image/kase1000.jpg"" border=""0"" alt=""【1カセ（250g）】1,000円"">



<br>
<br>
<img src=""http://image.rakuten.co.jp/auc-koitoya/cabinet/image/medama_e.jpg"" border=""0"" alt=""ほりだし物！"">",【特価】　ウーリーミシン糸　全15色　＜天色＞：編み糸・織り糸の「小糸屋」,【特価】　ウーリーミシン糸　全15色　＜天色＞,ウーリーのミシン糸210タイプです。。【特価】　ウーリーミシン糸　全15色　＜天色＞[rn]
5-66203,http://tshop.r10s.jp/nakasen/cabinet/img58901214.jpg?fitin=700:700,360.0000,,日用品雑貨・文房具・手芸 > 手芸・クラフト・生地 > 毛糸,1469アンゴラ８０％ 生成り　アンゴラ手編み糸 タイプ-2,シュクジュウで素敵な毛足！,"アンゴラ7０％の生成りの毛糸です、シュクジュウをしますと素敵な毛足とふっくらな風合いがでます、
合太、鈎針サイズ-６－８号、50g=約１５０ｍ
アンゴラ－８０％、ナイロン－２０％<BR><big><BR>
<BR>お届けは紙管（紙管は約３０ｇ）に５０ｇ－３００ｇの巻きにしてお送り致します、小分けの場合はご指定下さい<BR>

<BR>単価は５０ｇ（1個50ｇ）の価格です（まとめ売り、福袋は除く）<BR>",1469アンゴラ８０％ 生成り　アンゴラ手編み糸 タイプ-2：毛糸創庫Ｃａｍｅｌ,1469アンゴラ８０％ 生成り　アンゴラ手編み糸 タイプ-2,シュクジュウで素敵な毛足！。1469アンゴラ８０％ 生成り　アンゴラ手編み糸 タイプ-2[rn]
5-66204,http://tshop.r10s.jp/keitomiimi/cabinet/04653858/04669109/imgrc0064127005.jpg?fitin=700:700,6272.0000,,日用品雑貨・文房具・手芸 > 手芸・クラフト・生地 > 毛糸,秋冬毛糸　リッチモアアンゴラエイティー10玉同色同ロット【リッチモアアンゴラエイテイー/手芸糸/rich more/angora80/手編み/編み物/並太】,フワフワの風合いのアンゴラうさぎの毛を贅沢に80%使用,"こちらはお取り寄せ商品です。ご注文から8日以内に配送予定<br>
★商品詳細★<br>
リッチモア　アンゴラエイティー　10玉同色同ロット<br>
品質構成：毛80%（アンゴラ） ナイロン20%<br>
重量・長さ：20g玉巻（約65m）/玉<br>
おすすめ棒針：7～8号<br>
棒針編み標準ゲージ：22目・26段<br><br>


フワフワの風合いのアンゴラうさぎの毛を贅沢に80%使用。<br>
見た目のインパクトも豪華な上質のアンゴラ糸です。
<br><br>


※画像の関係により、現物とは色が異なる場合がございます。<br>
糸によっては、玉により結び目が２つ以上となる場合もあります。
ご了承ください。<br><br>


<font  color=""#ff3300"">★こちらはお取り寄せ商品です。★</font><br>
・在庫がある場合もありますが、原則お取り寄せ対応の商品です。<br>
・即日～8日以内の発送を心掛けております。<br>
・ご注文頂いてから通常営業日8日以内に配送できない場合には、こちらから改めてメールにて配送予定日をご連絡さしあげます。<br>
お客様からのご依頼でお取り寄せする商品ですので、ご注文後お客様ご都合での変更並びにキャンセルはお受けできません。ご了承のうえ、ご注文くださいませ。<br>
<br><br><font color=""#3333cc"">複数のお色をお買上げ頂くお客様へ </font><br>
一度に複数のお色を選択頂くことはできません。<br>
恐れ入りますが、以下のようにご入力くださいませ。<br>
１）一つだけご希望の色と個数を選ぶ <br>
２）買い物カゴボタンをクリック <br>
３）元の商品に戻り、買い物を続けるをクリック<br>
４）違う欲しい色と個数を選び、買い物カゴボタンをクリック<br>
お買い物が終わりましたら、注文画面に進むをクリックして下さい。<br>
<br>メーカー希望小売価格はメーカーサイトに基づいて掲載しています<br>
<div align=""center""><img src=""https://image.rakuten.co.jp/keitomiimi/cabinet/03759712/evidence68967619.jpg""></div><div align=""center""><img src=""https://image.rakuten.co.jp/keitomiimi/cabinet/03579146/img62177698.jpg""></div>",秋冬毛糸　リッチモアアンゴラエイティー10玉同色同ロット【リッチモアアンゴラエイテイー/手芸糸/rich more/angora80/手編み/編み物/並太】：毛糸と手芸のみいみ,秋冬毛糸　リッチモアアンゴラエイティー10玉同色同ロット【リッチモアアンゴラエイテイー/手芸糸/rich more/angora80/手編み/編み物/並太】,フワフワの風合いのアンゴラうさぎの毛を贅沢に80%使用。秋冬毛糸　リッチモアアンゴラエイティー10玉同色同ロット【リッチモアアンゴラエイテイー/手芸糸/rich more/angora80/手編み/編み物/並太】[rn]
5-66205,http://tshop.r10s.jp/nakasen/cabinet/00471868/imgrc0062535624.jpg?fitin=700:700,472.0000,,日用品雑貨・文房具・手芸 > 手芸・クラフト・生地 > 毛糸,2181-CH無染色アンゴラカシミヤ　TOPシルバー,自然色糸調合　カラードアンゴラカシミヤ,"稀有な有色アンゴラと一切染色せず、モンゴル産の超極細カシミヤ山羊との調合により、しなやかで気品に溢れた自然色を醸し出すスーパーエコ素材です、合太（3本より）50g=約１３５ｍ、カラードアンゴラ－４０％、カシミヤ－１０％、タスマニアラムウール－５０％、<BR><big><BR>
<BR>お届けは紙管（紙管は約３０ｇ）に５０ｇ－３００ｇの巻きにしてお送り致します、小分けの場合はご指定下さい<BR>

<BR>単価は５０ｇ（1個50ｇ）の価格です（まとめ売り、福袋は除く）<BR>",2181-CH無染色アンゴラカシミヤ　TOPシルバー：毛糸創庫Ｃａｍｅｌ,2181-CH無染色アンゴラカシミヤ　TOPシルバー,自然色糸調合　カラードアンゴラカシミヤ。2181-CH無染色アンゴラカシミヤ　TOPシルバー[rn]
5-66206,http://tshop.r10s.jp/nakasen/cabinet/00471868/imgrc0061344024.jpg?fitin=700:700,319.2000,,日用品雑貨・文房具・手芸 > 手芸・クラフト・生地 > 毛糸,2000ふんわりアンゴラ飛びスラブピンク,ふんわりカラースラブ入り,"アンゴラ４０％のふんわり手編み糸です、シュクジュウ（洗い）を製品でかけてください、素敵な風合いが出ます、カラースラブが入っています、合太、鈎針サイズ-５－７号、アンゴラ-40%,wool-50%,ナイロン-10%<BR><big><BR>
<BR>お届けは紙管（紙管は約３０ｇ）に５０ｇ－３００ｇの巻きにしてお送り致します、小分けの場合はご指定下さい<BR>

<BR>単価は５０ｇ（1個50ｇ）の価格です（まとめ売り、福袋は除く）<BR>",2000ふんわりアンゴラ飛びスラブピンク：毛糸創庫Ｃａｍｅｌ,2000ふんわりアンゴラ飛びスラブピンク,ふんわりカラースラブ入り。2000ふんわりアンゴラ飛びスラブピンク[rn]
5-66207,http://tshop.r10s.jp/nakasen/cabinet/00471868/imgrc0061344028.jpg?fitin=700:700,319.2000,,日用品雑貨・文房具・手芸 > 手芸・クラフト・生地 > 毛糸,2000-10ふんわりアンゴラ飛びスラブ レモン,ふんわりカラースラブ入り,"アンゴラ４０％のふんわり手編み糸です、シュクジュウ（洗い）を製品でかけてください、素敵な風合いが出ます、カラースラブが入っています、合太、鈎針サイズ-５－７号、アンゴラ-40%,wool-50%,ナイロン-10%,50g=約２１０ｍ<BR><big><BR>
<BR>お届けは紙管（紙管は約３０ｇ）に５０ｇ－３００ｇの巻きにしてお送り致します、小分けの場合はご指定下さい<BR>

<BR>単価は５０ｇ（1個50ｇ）の価格です（まとめ売り、福袋は除く）<BR>",2000-10ふんわりアンゴラ飛びスラブ レモン：毛糸創庫Ｃａｍｅｌ,2000-10ふんわりアンゴラ飛びスラブ レモン,ふんわりカラースラブ入り。2000-10ふんわりアンゴラ飛びスラブ レモン[rn]
5-66208,http://tshop.r10s.jp/nakasen/cabinet/imgrc0061986770.jpg?fitin=700:700,288.0000,,日用品雑貨・文房具・手芸 > 手芸・クラフト・生地 > 毛糸,2070-1アンゴラカシミヤ入り,ふんわり感触！,"アンゴラやカシミヤが入っています、シュクジュウ（洗い）を製品でかけてください、素敵な風合いが出ます、太さ調節します、3本（中細）、5本（合細）、アンゴラ-15%,
カシミヤ-5%,wool-45%,テンセル-35%、50g=約１２０ｍ（5本）,200m(3本）<BR><big><BR>
<BR>お届けは紙管（紙管は約３０ｇ）に５０ｇ－３００ｇの巻きにしてお送り致します、小分けの場合はご指定下さい<BR>

<BR>単価は５０ｇ（1個50ｇ）の価格です（まとめ売り、福袋は除く）<BR>",2070-1アンゴラカシミヤ入り：毛糸創庫Ｃａｍｅｌ,2070-1アンゴラカシミヤ入り,ふんわり感触！。2070-1アンゴラカシミヤ入り[rn]
5-66209,http://tshop.r10s.jp/craftkei/cabinet/itemphoto/item2/h1602.jpg?fitin=700:700,719.2000,,日用品雑貨・文房具・手芸 > 手芸・クラフト・生地 > 毛糸,リッチモア【アンゴラ エイティー】アンゴラ80（Angora80）　毛糸    【毛糸】,★おまかせ★手あみ糸　Rich More（最高級手あみ糸）,"※この商品は、ご注文から約2～3営業日後に出荷をさせていただきます。
<br><br>
※この商品は、「メール便対応」ではございません。通常の宅配便をご指定ください。
<br><br>
●見た目のインパクトも豪華な、上質のアンゴラ糸です。<br>
●フワフワの風合いのアンゴラうさぎの毛を、贅沢に80%使用。<br>
●イタリア製
<br><br>
<font color=""#993333"">
■構成…毛80%（アンゴラ）・ナイロン20%<br>
■仕立て…20g玉巻（約65m）<br>
■適正針・適正ゲージ…棒針7～8号・22目26段<br>
■婦人プルオーバー14～15玉、婦人半袖セーター9～10玉
</font>
<br><br>
<font color=""#FF0000"" size=""2"">
※メーカー在庫状況により、まれに品切れの場合がございます。<br>
その時はメールにてご連絡をさせていただきます。
<br>
※写真で見る商品と実物では色が違って見えることがございます。</font>

<br><br><br>
メーカー希望小売価格はメーカーカタログに基づいて掲載しています<!--おすすめ特集のタイトル
 <div style=""color:#92603B; font-size:16px; text-align:left; font-family:'ヒラギノ角ゴ Pro W3', 'Hiragino Kaku Gothic Pro', 'メイリオ', Meiryo, Osaka, 'ＭＳ Ｐゴシック', 'MS PGothic', sans-serif; margin:0; padding-left:40px; line-height:30px; background-image:url(http://www.rakuten.ne.jp/gold/craftkei/asp/ttl_01.jpg); width:90%;"">おすすめ特集をご紹介</div>
<br><br>


<table width=""100%"" border=""0"" cellspacing=""0"" cellpadding=""0""><tr><td><img width=""100%"" src=""http://www.rakuten.ne.jp/gold/craftkei/operation/5per.jpg
"" border=""0""/></td></tr><tr><td height=""6""></td></tr></table>
-->


<!--

<table width=""100%"" border=""0"" cellspacing=""0"" cellpadding=""0""><tr><td><img width=""100%"" src=""http://www.rakuten.ne.jp/gold/craftkei/operation/salebn.jpg
"" border=""0""/></td></tr><tr><td height=""6""></td></tr></table>
-->


<!--クーポン
<table width=""100%"" border=""0"" cellspacing=""3"" cellpadding=""0"">
<tr>
<td>
<img width=""100%"" src=""http://image.rakuten.co.jp/craftkei/cabinet/imgrc0073101359.jpg"" border=""0""/>

</td>

<td>
<img width=""100%"" src=""http://image.rakuten.co.jp/craftkei/cabinet/imgrc0073103609.jpg"" border=""0""/>
</td>

<td>
<img width=""100%"" src=""http://image.rakuten.co.jp/craftkei/cabinet/imgrc0073101361.jpg"" border=""0""/>
</td>

</tr>

<tr>
<td height=""6"">
</td>
</tr>
</table>

-->



<!--バナーの入れ替えここから

<img src=""http://image.rakuten.co.jp/craftkei/cabinet/2016banana/imgrc0072150125.jpg"" width=""720px"" height=""270px"">
-->


<br>
<!--　カウントダウンタイマー


-->

<!--週末セール会場POP UP

<div id=""left_point_bnr"" class=""tab""></div>
-->

<!--縦バナー編集ココから-->
<style type=""text/css"">
 <!--
body{
 background-image: url(""https://image.rakuten.co.jp/craftkei/cabinet/imgrc0073609776.jpg"");
 background-repeat: repeat-y;
 background-attachment: scroll;
 background-position:left;
 }
 -->
</style>
<!--縦バナー編集ココまで-->


<!--買い物かご上のバナー-->
<style type=""text/css"">
<!--
span.unit { background: url(http://image.rakuten.co.jp/craftkei/cabinet/2016banana/imgrc0072622476.gif) no-repeat left top; text-indent:
-9999; display: block; width: 400; height: 100; margin:15px 0; }
-->
</style>",リッチモア【アンゴラ エイティー】アンゴラ80（Angora80）　毛糸    【毛糸】：クラフトケイ,毛糸ハマナカ生地フェルト羊毛羊毛フェルトダイロンルシアンローワン手芸キット手芸糸手あみ糸あみぐるみエコアンダリヤボニーエコタワシ手あみ針リッチモア特価毛糸アクリル毛糸フェルトリッチモア【アンゴラ エイティー】アンゴラ80（Angora80）　毛糸    【毛糸】,★おまかせ★手あみ糸　Rich More（最高級手あみ糸）。リッチモア【アンゴラ エイティー】アンゴラ80（Angora80）　毛糸    【毛糸】[rn]
5-66210,http://tshop.r10s.jp/hatawa-koko/cabinet/03772291/imgrc0074646340.jpg?fitin=700:700,2764.8000,,日用品雑貨・文房具・手芸 > 手芸・クラフト・生地 > 毛糸,Clover クロバー　アンゴラホイップ　グラデーション　Angola Whip Gradation5玉1袋のお値段です【送料別】毛糸,アンゴラホイップのグラデーションタイプ,"こちらの商品は【宅配便】での発送になります。<br>
ゆうパケット、定形外郵便での送料無料対象ではありません。<br><br>
送料無料の配送方法をお選びいただいても、店舗側で修正の上、運賃を加算させていただきます。<br><br>

<BR><BR>こちらの商品はお取り寄せ商品となります。<BR>
発送までに3～4日お時間を頂戴いたします。<BR>
*ご注文の数によっては発送が遅くなる場合があります。メールにてご連絡いたします。<BR><BR><BR>アンゴラホイップのグラデーションタイプ。<br>
グラデーションの色の変わり目が特長で、色目は人気のイタリアンカラー。<br>
アンゴラのやわらかさと上質のアクリル＆ウールのブレンド。
<br>シルクのような光沢で高級感のあるストレートヤーン。
<br>ホイップを思わせる軽さとなめらかな肌触りで、ウエアやショール、技法作品にもぴったりの日本製のストレートヤーンです。<BR><br>
●30g玉巻（約120m）<BR>
●ウール50%　アクリル30%　アンゴラ20%<BR>
●棒針4-6号、かぎ針　4/0-5/0号<BR>
●4色展開<BR>
<BR><img src=""http://www.rakuten.ne.jp/gold/_nagoya758/fujiji/install_468x60.jpg"" border=""0""><br> 
<div align=""center""><img src=""http://image.rakuten.co.jp/hatawa-koko/cabinet/top/title-recommend.gif"" alt=""おすすめ商品"" width=""660"" height=""50"">
</div>",Clover クロバー　アンゴラホイップ　グラデーション　Angola Whip Gradation5玉1袋のお値段です【送料別】毛糸：旗の村松・手芸の村松,手芸毛糸旗生地ファスナー染料のぼり旗国旗手芸材料裁縫スチボール動眼梵天バラ徽章送料無料クロバーエコクラフトリッチモアはさみダイロンClover クロバー　アンゴラホイップ　グラデーション　Angola Whip Gradation5玉1袋のお値段です【送料別】毛糸,アンゴラホイップのグラデーションタイプ。Clover クロバー　アンゴラホイップ　グラデーション　Angola Whip Gradation5玉1袋のお値段です【送料別】毛糸[rn]
5-66211,http://tshop.r10s.jp/nakasen/cabinet/00471868/imgrc0061344026.jpg?fitin=700:700,319.2000,,日用品雑貨・文房具・手芸 > 手芸・クラフト・生地 > 毛糸,2000-12ふんわりアンゴラ飛びスラブ 水色,ふんわりカラースラブ入り,"アンゴラ４０％のふんわり手編み糸です、シュクジュウ（洗い）を製品でかけてください、素敵な風合いが出ます、カラースラブが入っています、合太、鈎針サイズ-５－７号、アンゴラ-40%,wool-50%,ナイロン-10%
<IMG SRC=""http://image.rakuten.co.jp/nakasen/cabinet/00471868/imgrc0061344041.jpg""><BR><big><BR>
<BR>お届けは紙管（紙管は約３０ｇ）に５０ｇ－３００ｇの巻きにしてお送り致します、小分けの場合はご指定下さい<BR>

<BR>単価は５０ｇ（1個50ｇ）の価格です（まとめ売り、福袋は除く）<BR>",2000-12ふんわりアンゴラ飛びスラブ 水色：毛糸創庫Ｃａｍｅｌ,2000-12ふんわりアンゴラ飛びスラブ 水色,ふんわりカラースラブ入り。2000-12ふんわりアンゴラ飛びスラブ 水色[rn]
5-66212,http://tshop.r10s.jp/ky-kanariya/cabinet/02385600/img60412487.jpg?fitin=700:700,432.0000,,日用品雑貨・文房具・手芸 > 手芸・クラフト・生地 > 毛糸,ファンシーヤーン ３色　在庫限り！,在庫限り！。ネット状に広がります,"<center>

<table width=""900"" border=""0"" cellspacing=""0"" cellpadding=""0"">
  <tr>
    <td>
<!-- 「ウルトラ実況ライブ」ここから -->
<div style=""width:445px; margin: 0; background-color:#fff;"">

<p style=""background-color:#630; color:#fff; font-size:14px; font-weight:bold; letter-spacing:0.1em; text-align:left; text-indent:0.8em; line-height:26px; padding:2px 0 0 0; margin:0;"">ご注文ありがとうございます！</p>

<div style=""height:300px; overflow:hidden; border:1px solid #630;"">



</div>
</div>
<!-- 「ウルトラ実況ライブ」ここまで -->
    </td>
    <td width=""10"">&nbsp;</td>
    <td>
<!-- 「ウルトラ実況レビュー」ここから -->
<div style=""width:445px; margin: 0; background-color:#fff;"">

<p style=""background-color:#630; color:#fff; font-size:14px; font-weight:bold; letter-spacing:0.1em; text-align:left; text-indent:0.8em; line-height:26px; padding:2px 0 0 0; margin:0;"">お客様より頂きましたレビューをご紹介</p>

<div style=""height:300px; overflow:hidden; border:1px solid #630;"">



</div>
</div>
<!-- 「ウルトラ実況レビュー」ここまで -->
    </td>
  </tr>
</table>
</center>

<br>

<center>
<TABLE border=""1"" width=""750"">
  <TBODY>
    <TR>
      <TD height=""57"" valign=""middle"" align=""center"" bgcolor=""#592d00"" width=""100""><FONT color=""#ffffff"" size=""+1""><B>お知らせ</B></FONT></TD>
      <TD height=""50"" align=""left"" valign=""middle"" width=""650"" bgcolor=""#ffffff"">
      <B><FONT size=""-1"">誠に恐れ入りますが商品合計金額1,000円(税抜)以上のご注文でお願いいたします。</FONT></B><br>
<FONT size=""-1"" color=""#ff0000""><B>ご注文の追加、変更は最初のご注文から５時間以内とさせていただきます。</B></FONT><FONT color=""#ca134f""></FONT><BR>
 <FONT size=""-1""><B>クロネコＤＭ便発送を選択されてもサイズオーバーの場合は宅配便発送に変更させていただきます。</FONT></B><BR>
     <B><FONT size=""-1"" color=""#ff0000"">当店からのメールが届かないケースが増えております。メールがない場合はご連絡をお願いいたします。</FONT></B><br>
 <FONT size=""-1""><B>　京都カナリヤ手芸店：ky-kanariya@shop.rakuten.co.jp　075-353-0152(平日 10:00－17:00)</FONT></B><BR>

</TD>
    </TR>
  </TBODY>
</TABLE>
</center>
<center>
<strong><font size=""+1"">【今売れている生地をご紹介！】</font></strong><br>
<table cellpadding=""15"">
<tr>
<td>
<img src=""http://image.rakuten.co.jp/ky-kanariya/cabinet/img61689066.jpg""alt=""【ツートンストライプ柄】使いやすいツイル生地"" border=0 ><br>
【ツートンストライプ柄】<br>
 使いやすいツイル生地</td>

<td>
<img src=""http://image.rakuten.co.jp/ky-kanariya/cabinet/imgrc0067899118.jpg"" alt=""全９色展開！【スター☆星柄】"" border=0 ><br>
オーソドックスな星柄！<br>
【スター☆星柄】</td>

<td>
<img src=""http://image.rakuten.co.jp/ky-kanariya/cabinet/01457489/imgrc0064215245.jpg"" alt=""オックスプリント生地ラメハート"" border=0 ><br>
キラキラ光ってかわいい♪<br>
【ラメハート】</td>

<td>
<img src=""http://image.rakuten.co.jp/ky-kanariya/cabinet/img61689079.jpg""alt=""デニムに見間違える【デニム風ダブルガーゼ】"" border=0 ><br>
デニムに見間違える<br>
【デニム風ダブルガーゼ】</td>

</tr>
</table>
</center>

<center><table cellpadding=""15"">
<tr><td><img src=""http://image.rakuten.co.jp/ky-kanariya/cabinet/imgrc0065155878.jpg"" alt=""きりえプリント"" border=""0""></td>

<td><img src=""http://image.rakuten.co.jp/ky-kanariya/cabinet/01699049/img57664046x.jpg""alt=""畳ヘリテープ"" border=0 ></td>

<td><img src=""http://image.rakuten.co.jp/ky-kanariya/cabinet/01084000/img58825291.jpg"" alt=""不思議なファスナー　フリーファスナー"" border=0 ></td>

<td><img src=""http://image.rakuten.co.jp/ky-kanariya/cabinet/02993942/img58725940.jpg""alt=""ＢＥＡＤＳ　ビーズ　デリカビーズ　ペヨーテステッチ"" border=0 ></td>

</tr></table>

<!-- 「ランキング受賞速報」ここから -->
<div style=""height:350px; width:900px; overflow:hidden; margin:0; padding:0; border-bottom:1px solid #ddd;"">
<img src=""https://www.rakuten.ne.jp/gold/ky-kanariya/orders/rankin1.png"" width=""900""><br />
</div>
<!-- 「ランキング受賞速報」ここまで -->

<!-- 「ウルトラ新着速報」ここから -->
<div style=""width:900px; height:35px; background-color:#663300; border:1px solid #663300; margin-top:15px;"" align=""left"">
  <div style=""padding:0px 0px 0px 10px; margin: 0px;"">
    <p style=""color:#fff; margin:0px; font-size:16px; line-height:35px; font-family:'メイリオ', Meiryo, Osaka sans-serif; font-weight:bold;"">新着商品入荷しました</p>
  </div>
</div>
<div style=""width:900px; height:220px; overflow:hidden; border:1px solid #663300; margin-bottom:25px;"" align=""center"">
  
</div>
<!-- 「ウルトラ新着速報」ここまで -->



<IMG src=""https://image.rakuten.co.jp/_kyoto/cabinet/tate/imgrc0087153591.jpg"" border=""0"">

  
 <IMG src=""http://image.rakuten.co.jp/_osaka01/cabinet/kikaku/imgrc0062923722.jpg""><br>


<img src=""http://image.rakuten.co.jp/ky-kanariya/cabinet/imgrc0069465305.jpg"" border=""0"">


<img src=""http://image.rakuten.co.jp/ky-kanariya/cabinet/imgrc0070188464.gif"" border=""0""><br>",ファンシーヤーン ３色　在庫限り！：京都カナリヤ手芸店,手芸手づくりナニイロｎａｎｉＩＲＯクラフト生地　布キャラクター毛糸編み針編み物畳ヘリテープ刺繍和洋裁ワッペンビーズアレキサンダーヘンリーファブリック入園入学クロバーレザークラフトＵＳＡコットンファンシーヤーン ３色　在庫限り！,在庫限り！。ネット状に広がります。ファンシーヤーン ３色　在庫限り！[rn]
5-66213,http://tshop.r10s.jp/aura/cabinet/02555916/img59473511.jpg?fitin=700:700,1760.0000,,日用品雑貨・文房具・手芸 > 手芸・クラフト・生地 > 毛糸,[VD001]【メール便不可】オリムパス毛糸　エバー(旧ジェームス・ディーンシリーズ) 40g×5玉セット[RPT],Olympusの編み糸ジェームス・ディーンシリーズ,"柔らかな膨らみと光沢のある上質なタスマニアン・コリデール原毛をブレンド。<br>
トップメランジカラーで深みのある色合い。ナチュラル系、アクセント系、ダーク系、トラッド系カラーをとりそろえ、メンズからレディスまで幅広く使える豊富な色展開です。<br><br>

←画像をクリックすると拡大表示します。<br><br>

＜材質＞<br>
ウール100％（内タスマニアン・コリデール50％）<br><br>

1玉40g(約78M)<br><br>

＜使用針＞<br>
棒針：8～9号、かぎ針：6/0～7/0号<br><br>

＜メリヤス編ゲージ＞<br>
目数：16～18目<br>
段数：24～26段<br><br>

<img src=""http://image.rakuten.co.jp/aura/cabinet/02555916/img59473510.gif""><br>


<B><FONT color=""#cc0000"">＊こちらの商品はメール便不可です。<BR><BR></B></FONT>


<font color=""red"">こちらの商品はご注文を頂いてからメーカーへの取り寄せ、発送となります。<br>
年毎に一定数が製造されますが、今期生産終了となってしまっておりメーカー在庫が無い場合はご用意できない事がありますのでご了承下さい。</font><br><br>

＊モニターの発色の具合によって実物と色が異なる場合があります。<BR>
<FONT color=""#cc0000"">＊こちらの商品は、お届けに3日以上お時間をいただく場合がございます。<BR>＊お色により、今季生産終了の場合がございます。<br></FONT>
＊お急ぎの方は在庫状況をお問い合わせください。<!---楽太郎　新着商品--->
<div id=""toptitle"">
新着＆最近お客様より注文のあった商品
</div>

<br><BR>


<!-- ここから 楽太郎　店舗状況 -->
<img src=""http://image.rakuten.co.jp/aura/cabinet/cban/imgrc0064615727.jpg""><br>

<!-- ここまで -->",[VD001]【メール便不可】オリムパス毛糸　エバー(旧ジェームス・ディーンシリーズ) 40g&times;5玉セット[RPT]：ビーズ・パーツ・手芸総合店アウラ,シードビーズTOHOビーズMIYUKIビーズビーズキットスワロフスキーチェコビーズとんぼ玉[VD001]【メール便不可】オリムパス毛糸　エバー(旧ジェームス・ディーンシリーズ) 40g&times;5玉セット[RPT],Olympusの編み糸ジェームス・ディーンシリーズ。[VD001]【メール便不可】オリムパス毛糸　エバー(旧ジェームス・ディーンシリーズ) 40g&times;5玉セット[RPT][rn]
5-66214,http://tshop.r10s.jp/yanagiya/cabinet/item12/yng2011-2106_1.jpg?fitin=700:700,396.0000,,日用品雑貨・文房具・手芸 > 手芸・クラフト・生地 > 毛糸,【エントリーでポイント最大16倍 5/20 9:59まで】エバーツイード 【オリムパス】◆色の深みを出すトップメランジカラーとベーシックなカラーネップを合わせたトラッド系ツイードカラーを表現　【16秋冬】,毛糸　オリムパス　人気の毛糸　秋冬　編み物,"メーカー希望小売価格はメーカーカタログに基づいて掲載しています<br><img src=""http://www.rakuten.ne.jp/gold/yanagiya/images/kyotu/olympus_nouki.gif""><br>

<table cellSpacing=1 cellPadding=3 width=450 border=1>
<tr>
<TD bgcolor=""#FFE0E4"" width=""130""><FONT size=2 font color=""#996600""><B>・メーカー</B></FONT></TD>
<TD bgcolor=""#ffffff"" width=""320"" colspan=""3""><font size=""2"">オリムパス</font></TD>
</tr>
<TR>
<TD bgcolor=""#FFE0E4"" width=""130""><FONT size=2 font color=""#996600""><B>・商品名</B></FONT></TD>
<TD bgcolor=""#ffffff"" width=""320"" colspan=""3"">ジェームスディーン　エバーツイード</TD>
<TR>
<TD bgcolor=""#FFE0E4"" width=""130""><FONT size=2 font color=""#996600""><B>・重さ</B></FONT></TD>
<TD bgcolor=""#ffffff"" width=""320"" colspan=""3""><p>40ｇ</p></TD>
<TR>
<TD bgcolor=""#FFE0E4"" width=""130""><FONT size=2 font color=""#996600""><B>・長さ</B></FONT></TD>
<TD bgcolor=""#ffffff"" width=""320"" colspan=""3"">約78m</TD></TR>
<tr>
<TD bgcolor=""#FFE0E4"" width=""130""><FONT size=2 font color=""#996600""><B>・素材</B></FONT></TD>
<TD bgcolor=""#ffffff"" colspan=""3"">ウール９６％（内タスマニアンコリデール33％）　ナイロン４％</TD></tr>

<tr>
<TD bgcolor=""#FFE0E4""><FONT size=2 font color=""#996600""><B>・使用針</B></FONT></TD>
<TD bgcolor=""#ffffff"" colspan=""3"">8号～10号　（7/0～8/0号）</TD>
</TR>
<tr>
<TD bgcolor=""#FFE0E4""><FONT size=2 font color=""#996600""><B>・ゲージ</B></FONT></TD>
<TD bgcolor=""#ffffff"" colspan=""3"">15～17目　23～25段</TD>
</TR>

<TR>
<TD colspan=""4"" bgcolor=""#FBECEE""><Br>
  柔らかな膨らみと光沢のある上質なタスマニアン・コリデール原毛とカラーネップ入りの紡毛を撚り合わせたツイードタイプ。<Br>
  色の深みを出すトップメランジカラーとベーシックなカラーネップを合わせたトラッド系ツイードカラーを表現<Br>
  <Br>
  <p><FONT size=""3"">●こちらの商品はお取り寄せになります。<Br>
      <br>
  <br />
    ●シーズン前半は糸の生産が出来ていない場合があります。その場合は入荷次第お届けさせて頂きます。<bR>●シーズン後半になるとメーカー品切れの毛糸が出てきますのでご了承ください。</FONT><br />
    <br>
    <br><BR>
</p></TD>
</TR>

</table>
<Br><Br>

<TABLE border=""1"">
<tr>
<th colspan=""8"" bgcolor=""#FF99ff"">
<FONT size=3 font color=""#996600"">
セーター必要玉数目安</font></th>
</tr>

  <TR>
<TD bgcolor=""#FFE0E4"" width=""60"">
<FONT size=2 font color=""#996600""><B>婦人<br>
ベスト</B></FONT></TD>

<TD bgcolor=""#ffffff"" width=""165"" colspan=""3"">
<FONT size=""3"">7玉</FONT></TD>

<TD bgcolor=""#FFE0E4"" width=""60"">
<FONT size=2 font color=""#996600""><B>婦人<br>半袖<br>
カーディガン</B></FONT></TD>
<TD bgcolor=""#ffffff"" width=""165"" colspan=""3"">
<FONT size=""3"">13玉</FONT></TD>

</TR>
<TR>
<TD bgcolor=""#FFE0E4"" width=""60"">
<FONT size=2 font color=""#996600""><B>婦人<br>長袖<br>セーター</B></FONT></TD>
<TD bgcolor=""#ffffff"" width=""165"" colspan=""3""><FONT size=""3"">12玉</FONT></TD>
<TD bgcolor=""#FFE0E4"" width=""60"">
<FONT size=2 font color=""#996600""><B>メンズ<br>
長袖<br>セーター</B></FONT></TD>
<TD bgcolor=""#ffffff"" width=""165"" colspan=""3"">
  <p><FONT size=""3"">15玉</FONT></p></TD>
</TR>
<TR>
<TD bgcolor=""#FFE0E4"" width=""60"">
<FONT size=2 font color=""#996600""><B>ベビー<br><br>ベスト
</B></FONT></TD>
<TD bgcolor=""#ffffff"" width=""165"" colspan=""3""><p>玉</p></TD>
<TD bgcolor=""#FFE0E4"" width=""60"">
<FONT size=2 font color=""#996600""><B>ベビー<br>
カーディガン</B></FONT></TD>
<TD bgcolor=""#ffffff"" width=""165"" colspan=""3""><FONT size=""3"">玉</font></TD>
</TR>
</table>

<br>
<img src=""http://image.rakuten.co.jp/yanagiya/cabinet/usabanner/evidence_olym2015aw.jpg"" width=""400"">
<br><style type=""text/css"">
 <!--
 td.inventory font{font-size:10px;color:#666666;}
 -->
 </style>

<style type=""text/css"">
/* お買い物かごボタンの大きさ */
#units+input{
font-size: 20px;
font-weight:bold;
padding:20px 50px;
width: auto;
}
body{
background-image:url();


background-repeat:repeat-y;
background-position:right;
}
</style>

<table border=""0"" cellspacing=""0"" cellpadding=""2"" align=""center""> 
<tr valign=""top""> <td nowrap align=""right"">ギフト対応</td>
<td>
<img src=""http://image.rakuten.co.jp/yanagiya/cabinet/img01/img61541653.gif"" alt=""ラッピング対応"" width=""100"" height=""21"" hspace=""1""> </td> </tr>
<tr><td colspan=""2"">
<img src=""http://image.rakuten.co.jp/yanagiya/cabinet/img01/img61541656.gif"" width=""700"" height=""109""></td>
</tr>
</table> 

<table width=""700"" border=""0"" align=""center"">
<tr>
<td colspan=""2""><img src=""http://image.rakuten.co.jp/yanagiya/cabinet/00306317/img62715796.jpg"" alt=""シャッペスパン　ミシン糸"" border=""0""></td>

<tr>
<th><img src=""http://image.rakuten.co.jp/yanagiya/cabinet/00306317/img62715802.jpg"" alt=""カッティングマット　糸通し　チャコピー　リッパー　目打ち"" border=""0"" /></th>

<th><img src=""http://image.rakuten.co.jp/yanagiya/cabinet/00306317/img62715797.jpg"" alt=""ミシン針　木綿針　ふとん針　とじ針　パッチワーク針"" border=""0""></th>

</tr>

<tr>
<th><img src=""http://image.rakuten.co.jp/yanagiya/cabinet/00306317/img62715799.jpg"" alt=""裁縫道具　ソーイングセット　裁縫箱"" border=""0""></td>

<th><img src=""http://image.rakuten.co.jp/yanagiya/cabinet/00306317/img62715798.jpg"" alt=""はさみ　洋裁バサミ　糸切ばさみ　カットワークはさみ　ステンレスはさみ"" border=""0""></td>
</tr>

<tr>
<td colspan=""2""><img src=""http://image.rakuten.co.jp/yanagiya/cabinet/usabanner/img61420949.jpg"" alt=""生地　おすすめ"" border=""0"" /></td>
</tr>

<tr>
<th><img src=""http://image.rakuten.co.jp/yanagiya/cabinet/00306317/img62716152.jpg"" alt=""入園入学　男の子向け　女の子向け"" border=""0""></th>

<th><img src=""http://image.rakuten.co.jp/yanagiya/cabinet/00306317/img62715800.jpg"" alt=""キャラクターワッペン　入園入学　名札付けワッペン　ネームラベル"" border=""0""></th>
</tr></table>

<Br><Br>
<table width=""700"" border=""1"" bordercolor=""#CCCCCC"">
<tr><td align=""center"">●型紙 一覧ページ●<br><img src=""http://thumbnail.image.rakuten.co.jp/@0_mall/yanagiya/cabinet/item10/yng2012-417_4.jpg"" width=""230"" height=""230"" border=""none""></td>
<td align=""center"">◆持ち手 一覧ページ◆<br><img src=""http://thumbnail.image.rakuten.co.jp/@0_mall/yanagiya/cabinet/item7/rsf20121_1.jpg"" width=""230"" height=""230"" border=""none""></td>
<td align=""center"">▲ファスナー 一覧ページ▲<br><img src=""http://thumbnail.image.rakuten.co.jp/@0_mall/yanagiya/cabinet/item6/rsf18935_1.jpg"" width=""230"" border=""none""></td></tr>

</table><br><br>


<!--リューキシステムレビュー表示-->

<img src=""http://www.rakuten.ne.jp/gold/yanagiya/images/vban-rebyu2.jpg"" width=""700"" height=""50""><bR>
                    

<!--リューキシステムレビュー表示-->",【エントリーでポイント最大16倍 5/20 9:59まで】エバーツイード 【オリムパス】◆色の深みを出すトップメランジカラーとベーシックなカラーネップを合わせたトラッド系ツイードカラーを表現　【16秋冬】：毛糸・手芸・コットン 柳屋,毛糸エコアンダリヤ手芸用品編み物輸入生地ハマナカお買い得毛糸羊毛フェルト布生地ダブルガーゼ編み物パッチワークレザークラフトエコアンダリアカッティングマットロータリーカッターソーイングボックスリップルダブルガーゼ【エントリーでポイント最大16倍 5/20 9:59まで】エバーツイード 【オリムパス】◆色の深みを出すトップメランジカラーとベーシックなカラーネップを合わせたトラッド系ツイードカラーを表現　【16秋冬】,毛糸　オリムパス　人気の毛糸　秋冬　編み物。【エントリーでポイント最大16倍 5/20 9:59まで】エバーツイード 【オリムパス】◆色の深みを出すトップメランジカラーとベーシックなカラーネップを合わせたトラッド系ツイードカラーを表現　【16秋冬】[rn]
5-66215,http://tshop.r10s.jp/auc-tubameya/cabinet/03067332/o-jd-evartweed-1.jpg?fitin=700:700,1760.0000,,日用品雑貨・文房具・手芸 > 手芸・クラフト・生地 > 毛糸,オリムパス　ジェームスディーン　エバーツィード　１袋5玉（旧ジェームスディーン）　｜オリンパス毛糸｜編物｜あみもの｜ニット｜手編み｜手作り｜手あみ｜セーター｜ベスト｜安い｜激安｜割引｜通販,上質なタスマニアン原毛の,"<center>
<font color=""F29200"" size=+2>上質なタスマニアン原毛の</font><br>
<font color=""F25B00"" size=+3>オリムパス　ジェームスディーン　エバーツィード　１袋5玉</font><br>
<br>
<br>
<img src=""https://image.rakuten.co.jp/auc-tubameya/cabinet/03067332/o-jd-evartweed-1.jpg"">
<br>
<br>
<img src=""https://image.rakuten.co.jp/auc-tubameya/cabinet/03067332/o-jd-evartweed-2.jpg"">
</center>
<br>
<br>
<br>
<br>
<pre>
<font color=""590059"" size=+2>
&#10047;&#10047;&#10047;柔らかな膨らみと光沢のある上質なタスマニアン・コ&#10047;&#10047;&#10047;
　　　リデール原毛と、カラーネップ入りの紡毛を撚り合わ
　　　せたツイードタイプ。</font><br>

<font color=""FF00FF"" size=+1>
[素材]　ウール96％、ナイロン4％（内タスマニアンコリデール33％）<BR>
[長さ・単位]　40g玉巻／約78m<BR>
[使用針]　棒針8～10号／かぎ針7/0～8/0<BR>
[標準ゲージ]　15～17目／23～25段<BR>
[使用数量]　婦人プルオーバー12玉 <BR>
　 <font color=""#ff0000"" size=+1>
●毛糸はクロネコDM便ではお送りできません。<br>
<br>
●画像と実物では多少色が変わる場合があります。<br>
<br>
</font>

</pre>
<pre>
**毛糸の価格は１袋の価格が表示されています。**


<font color=""#ff0000"">
●この商品は当店に在庫のない場合発送まで３～７日ほどお
時間をいただきます。メーカー在庫切れの場合もあります。
以上をご了承のうえご注文をお願いします。

●ご購入数量は１袋単位でお願いいたします。

●ご注文後の商品の変更・キャンセルはお受けできません。

●この価格はインターネット販売での特別価格です。実店舗
でも販売しているため、売り切れ・販売終了にになる場合が
ございますことを、あらかじめご了承ください。</font>
<BR>
<img src=https://image.rakuten.co.jp/auc-tubameya/cabinet/03776454/evidence-ow13.jpg>
<font color=""#ff0000"" size=+1>
メーカー希望小売価格はメーカーカタログに基づいて
掲載しています。希望小売価格は１玉のお値段です。
当店での販売は１袋単位なので入り個数は商品名でお
確かめください。<BR></font>

</pre>",オリムパス　ジェームスディーン　エバーツィード　１袋5玉（旧ジェームスディーン）　｜オリンパス毛糸｜編物｜あみもの｜ニット｜手編み｜手作り｜手あみ｜セーター｜ベスト｜安い｜激安｜割引｜通販：布と手芸つばめや,生地布毛糸激安安いダブルガーゼソーイング手芸手づくり洋裁入園入学ハンドメイド服地つばめやベビーウェア 赤ちゃんグッズ パジャマ ワンピース シャツ ワンピース チュニック マスク ハンカチ スタイ 巾着男の子 女の子 スモック レッスンバッグ シューズ入れ 体操着入れ北欧風　マリメッコ　シロクマ　リボンリネン 綿麻 麻 綿 コットン ラミネート ナイロン オックス ハンプ ブロード シーチング ツイル キルト アンパンマン ディズニー スヌーピー キティ サンリオ ミッキー ミニー　トイストーリー プーさん　プリンセス 雪とアナの女王 カーズ ポケモン キキララ マイメロオリムパス　ジェームスディーン　エバーツィード　１袋5玉（旧ジェームスディーン）　｜オリンパス毛糸｜編物｜あみもの｜ニット｜手編み｜手作り｜手あみ｜セーター｜ベスト｜安い｜激安｜割引｜通販,上質なタスマニアン原毛の。オリムパス　ジェームスディーン　エバーツィード　１袋5玉（旧ジェームスディーン）　｜オリンパス毛糸｜編物｜あみもの｜ニット｜手編み｜手作り｜手あみ｜セーター｜ベスト｜安い｜激安｜割引｜通販[rn]
5-66216,http://tshop.r10s.jp/aura/cabinet/02555916/img59473526.jpg?fitin=700:700,1664.0000,,日用品雑貨・文房具・手芸 > 手芸・クラフト・生地 > 毛糸,[VD001]【メール便不可】オリムパス毛糸　レジェンド(旧ジェームス・ディーンシリーズ) 40g×5玉セット[RPT],Olympusの編み糸ジェームス・ディーンシリーズ,"ソフトなウールと張りのあるウールの絶妙なブレンド。
トップ染めの上質なメランジ感がツイード調に表れアクセントに。<br>
チェーン撚りしたストレートタイプで洗練されたすっきりとした表情の編地に。<br><br>

←画像をクリックすると拡大表示します。<br><br>

＜材質＞<br>
ウール100％<br><br>

1玉40g(約70M)<br><br>

＜使用針＞<br>
棒針：9～11号、かぎ針：7/0～8/0号<br><br>

＜メリヤス編ゲージ＞<br>
目数：16～18目<br>
段数：21～23段<br><br>

<img src=""http://image.rakuten.co.jp/aura/cabinet/02555916/img59473510.gif""><br>

<font color=""red"">こちらの商品はご注文を頂いてからメーカーへの取り寄せ、発送となります。<br>
年毎に一定数が製造されますが、今期生産終了となってしまっておりメーカー在庫が無い場合はご用意できない事がありますのでご了承下さい。</font><br><br>


<B><FONT color=""#cc0000"">＊こちらの商品はメール便不可です。<BR><BR></B></FONT>

＊モニターの発色の具合によって実物と色が異なる場合があります。<BR>
<FONT color=""#cc0000"">＊こちらの商品は、お届けに3日以上お時間をいただく場合がございます。<BR>＊お色により、今季生産終了の場合がございます。<br></FONT>
＊お急ぎの方は在庫状況をお問い合わせください。<!---楽太郎　新着商品--->
<div id=""toptitle"">
新着＆最近お客様より注文のあった商品
</div>

<br><BR>


<!-- ここから 楽太郎　店舗状況 -->
<img src=""http://image.rakuten.co.jp/aura/cabinet/cban/imgrc0064615727.jpg""><br>

<!-- ここまで -->",[VD001]【メール便不可】オリムパス毛糸　レジェンド(旧ジェームス・ディーンシリーズ) 40g&times;5玉セット[RPT]：ビーズ・パーツ・手芸総合店アウラ,シードビーズTOHOビーズMIYUKIビーズビーズキットスワロフスキーチェコビーズとんぼ玉[VD001]【メール便不可】オリムパス毛糸　レジェンド(旧ジェームス・ディーンシリーズ) 40g&times;5玉セット[RPT],Olympusの編み糸ジェームス・ディーンシリーズ。[VD001]【メール便不可】オリムパス毛糸　レジェンド(旧ジェームス・ディーンシリーズ) 40g&times;5玉セット[RPT][rn]
5-66217,http://tshop.r10s.jp/yanagiya/cabinet/item1/rsf10052_1.jpg?fitin=700:700,396.0000,,日用品雑貨・文房具・手芸 > 手芸・クラフト・生地 > 毛糸,エバー ◆柔らかな膨らみと光沢のある上質さ、メンズからレディスまで幅広く使える豊富なカラーが特徴◆ オリムパスの手編み毛糸 【16秋冬】,毛糸　オリムパス　人気の毛糸　秋冬　編み物,"メーカー希望小売価格はメーカーカタログに基づいて掲載しています<br><img src=""http://www.rakuten.ne.jp/gold/yanagiya/images/kyotu/olympus_nouki.gif""><br>
<table cellSpacing=1 cellPadding=3 width=450 border=1>
<tr>
<TD bgcolor=""#FFE0E4"" width=""130""><FONT size=2 font color=""#996600""><B>・メーカー</B></FONT></TD>
<TD bgcolor=""#ffffff"" width=""320"" colspan=""3""><font size=""2"">オリムパス</font></TD>
</tr>
<TR>
<TD bgcolor=""#FFE0E4"" width=""130""><FONT size=2 font color=""#996600""><B>・商品名</B></FONT></TD>
<TD bgcolor=""#ffffff"" width=""320"" colspan=""3"">ジェームスディーン　エバー</TD>
<TR>
<TD bgcolor=""#FFE0E4"" width=""130""><FONT size=2 font color=""#996600""><B>・重さ</B></FONT></TD>
<TD bgcolor=""#ffffff"" width=""320"" colspan=""3""><p>40ｇ</p></TD>
<TR>
<TD bgcolor=""#FFE0E4"" width=""130""><FONT size=2 font color=""#996600""><B>・長さ</B></FONT></TD>
<TD bgcolor=""#ffffff"" width=""320"" colspan=""3"">約78m</TD></TR>
<tr>
<TD bgcolor=""#FFE0E4"" width=""130""><FONT size=2 font color=""#996600""><B>・素材</B></FONT></TD>
<TD bgcolor=""#ffffff"" colspan=""3"">ウール100％</TD></tr>

<tr>
<TD bgcolor=""#FFE0E4""><FONT size=2 font color=""#996600""><B>・使用針</B></FONT></TD>
<TD bgcolor=""#ffffff"" colspan=""3"">8～9号（かぎ針　6/0～7/0号） </TD>
</TR>
<tr>
<TD bgcolor=""#FFE0E4""><FONT size=2 font color=""#996600""><B>・ゲージ</B></FONT></TD>
<TD bgcolor=""#ffffff"" colspan=""3"">16～18目　24～26段</TD>
</TR>

<TR>
<TD colspan=""4"" bgcolor=""#FBECEE""><p><FONT size=""3""><br />
    
    柔らかな膨らみと光沢のある上質なタスマニアン・コリデール原毛をブレンド。トップカラーで深みのある色合い。ナチュラル系、アクセント系、ダーク系、トラッド系カラーをとりそろえ、メンズからレディスまで幅広く使える豊富なカラー。   <br />
    <br />
   <p><FONT size=""3"">●こちらの商品はお取り寄せになります。<Br>
      <br>
  <br />
    ●シーズン前半は糸の生産が出来ていない場合があります。その場合は入荷次第お届けさせて頂きます。<bR>●シーズン後半になるとメーカー品切れの毛糸が出てきますのでご了承ください。</FONT><br />
    <br>
    <br><BR>
</p>
    
  </FONT></p></TD>
</TR>

</table>
<Br><Br>

<TABLE border=""1"">
<tr>
<th colspan=""8"" bgcolor=""#FF99ff"">
<FONT size=3 font color=""#996600"">
セーター必要玉数目安</font></th>
</tr>

  <TR>
<TD bgcolor=""#FFE0E4"" width=""60"">
<FONT size=2 font color=""#996600""><B>婦人<br>
ベスト</B></FONT></TD>

<TD bgcolor=""#ffffff"" width=""165"" colspan=""3"">
<FONT size=""3"">7玉</FONT></TD>

<TD bgcolor=""#FFE0E4"" width=""60"">
<FONT size=2 font color=""#996600""><B>婦人<br>半袖<br>
カーディガン</B></FONT></TD>
<TD bgcolor=""#ffffff"" width=""165"" colspan=""3"">
<FONT size=""3"">13玉</FONT></TD>

</TR>
<TR>
<TD bgcolor=""#FFE0E4"" width=""60"">
<FONT size=2 font color=""#996600""><B>婦人<br>長袖<br>セーター</B></FONT></TD>
<TD bgcolor=""#ffffff"" width=""165"" colspan=""3""><FONT size=""3"">12玉</FONT></TD>
<TD bgcolor=""#FFE0E4"" width=""60"">
<FONT size=2 font color=""#996600""><B>メンズ<br>
長袖<br>セーター</B></FONT></TD>
<TD bgcolor=""#ffffff"" width=""165"" colspan=""3"">
<FONT size=""3"">15玉</FONT></TD>
</TR>
<TR>
<TD bgcolor=""#FFE0E4"" width=""60"">
<FONT size=2 font color=""#996600""><B>キッズ<br><br>ベスト
</B></FONT></TD>
<TD bgcolor=""#ffffff"" width=""165"" colspan=""3""><p>-玉</p></TD>
<TD bgcolor=""#FFE0E4"" width=""60"">
<FONT size=2 font color=""#996600""><B>婦人<br>
ストール</B></FONT></TD>
<TD bgcolor=""#ffffff"" width=""165"" colspan=""3""><FONT size=""3"">玉</font></TD>
</TR>
</table>

<Br /><br />
<table width=""362"" border=""0"">
<tr>
<td><br><br>
<img src=""http://image.rakuten.co.jp/yanagiya/cabinet/usabanner/evidence_olym2015aw.jpg"" width=""400"">
<br><style type=""text/css"">
 <!--
 td.inventory font{font-size:10px;color:#666666;}
 -->
 </style>

<style type=""text/css"">
/* お買い物かごボタンの大きさ */
#units+input{
font-size: 20px;
font-weight:bold;
padding:20px 50px;
width: auto;
}
body{
background-image:url();


background-repeat:repeat-y;
background-position:right;
}
</style>

<table border=""0"" cellspacing=""0"" cellpadding=""2"" align=""center""> 
<tr valign=""top""> <td nowrap align=""right"">ギフト対応</td>
<td>
<img src=""http://image.rakuten.co.jp/yanagiya/cabinet/img01/img61541653.gif"" alt=""ラッピング対応"" width=""100"" height=""21"" hspace=""1""> </td> </tr>
<tr><td colspan=""2"">
<img src=""http://image.rakuten.co.jp/yanagiya/cabinet/img01/img61541656.gif"" width=""700"" height=""109""></td>
</tr>
</table> 

<table width=""700"" border=""0"" align=""center"">
<tr>
<td colspan=""2""><img src=""http://image.rakuten.co.jp/yanagiya/cabinet/00306317/img62715796.jpg"" alt=""シャッペスパン　ミシン糸"" border=""0""></td>

<tr>
<th><img src=""http://image.rakuten.co.jp/yanagiya/cabinet/00306317/img62715802.jpg"" alt=""カッティングマット　糸通し　チャコピー　リッパー　目打ち"" border=""0"" /></th>

<th><img src=""http://image.rakuten.co.jp/yanagiya/cabinet/00306317/img62715797.jpg"" alt=""ミシン針　木綿針　ふとん針　とじ針　パッチワーク針"" border=""0""></th>

</tr>

<tr>
<th><img src=""http://image.rakuten.co.jp/yanagiya/cabinet/00306317/img62715799.jpg"" alt=""裁縫道具　ソーイングセット　裁縫箱"" border=""0""></td>

<th><img src=""http://image.rakuten.co.jp/yanagiya/cabinet/00306317/img62715798.jpg"" alt=""はさみ　洋裁バサミ　糸切ばさみ　カットワークはさみ　ステンレスはさみ"" border=""0""></td>
</tr>

<tr>
<td colspan=""2""><img src=""http://image.rakuten.co.jp/yanagiya/cabinet/usabanner/img61420949.jpg"" alt=""生地　おすすめ"" border=""0"" /></td>
</tr>

<tr>
<th><img src=""http://image.rakuten.co.jp/yanagiya/cabinet/00306317/img62716152.jpg"" alt=""入園入学　男の子向け　女の子向け"" border=""0""></th>

<th><img src=""http://image.rakuten.co.jp/yanagiya/cabinet/00306317/img62715800.jpg"" alt=""キャラクターワッペン　入園入学　名札付けワッペン　ネームラベル"" border=""0""></th>
</tr></table>

<Br><Br>
<table width=""700"" border=""1"" bordercolor=""#CCCCCC"">
<tr><td align=""center"">●型紙 一覧ページ●<br><img src=""http://thumbnail.image.rakuten.co.jp/@0_mall/yanagiya/cabinet/item10/yng2012-417_4.jpg"" width=""230"" height=""230"" border=""none""></td>
<td align=""center"">◆持ち手 一覧ページ◆<br><img src=""http://thumbnail.image.rakuten.co.jp/@0_mall/yanagiya/cabinet/item7/rsf20121_1.jpg"" width=""230"" height=""230"" border=""none""></td>
<td align=""center"">▲ファスナー 一覧ページ▲<br><img src=""http://thumbnail.image.rakuten.co.jp/@0_mall/yanagiya/cabinet/item6/rsf18935_1.jpg"" width=""230"" border=""none""></td></tr>

</table><br><br>


<!--リューキシステムレビュー表示-->

<img src=""http://www.rakuten.ne.jp/gold/yanagiya/images/vban-rebyu2.jpg"" width=""700"" height=""50""><bR>
                    

<!--リューキシステムレビュー表示-->",エバー ◆柔らかな膨らみと光沢のある上質さ、メンズからレディスまで幅広く使える豊富なカラーが特徴◆ オリムパスの手編み毛糸 【16秋冬】：毛糸・手芸・コットン 柳屋,毛糸エコアンダリヤ手芸用品編み物輸入生地ハマナカお買い得毛糸羊毛フェルト布生地ダブルガーゼ編み物パッチワークレザークラフトエコアンダリアカッティングマットロータリーカッターソーイングボックスリップルダブルガーゼエバー ◆柔らかな膨らみと光沢のある上質さ、メンズからレディスまで幅広く使える豊富なカラーが特徴◆ オリムパスの手編み毛糸 【16秋冬】,毛糸　オリムパス　人気の毛糸　秋冬　編み物。エバー ◆柔らかな膨らみと光沢のある上質さ、メンズからレディスまで幅広く使える豊富なカラーが特徴◆ オリムパスの手編み毛糸 【16秋冬】[rn]
5-66218,http://tshop.r10s.jp/kanzawa/cabinet/olympas/everfeel01.jpg?fitin=700:700,80.0000,,日用品雑貨・文房具・手芸 > 手芸・クラフト・生地 > 毛糸,★特定色処分！！　エバーフィール　オリムパス手芸糸　毛糸　編み物　4A　1610,,"106番（レッド）は、旧ラベル（ジェームスディーン　エバーフィール）です。<br>
●柔らかな膨らみと光沢のある上質なタスマニアン・コリデールをブレンドしたロービングヤーン<BR>
●組み合わせのしやすい色合いなので、メンズウェアはもちろん、キッズ、レディス、小物にも最適です<br>
[素材]　:ウール100％(内タスマニアンコリデール50％)<br>
[長さ・単位]　:40g玉巻／約８０m<br>
[使用針]　:棒針８～９号・かぎ針７/0～８/0号<br>
[標準ゲージ]　:１５～１７目／２１～２３段<br>
[必要玉数] 婦人長袖プルオーバー１１玉<br><font size=""2""><font color=""#b11d3f""><b>※</b>糸や商品のお色は、なるべく実物に近づけておりますが、<br>
　画面上とは違う場合がございます。予めご了承下さい。<br>
<b>※</b>店頭の在庫と共有しておりますので、在庫の有無は、ご注文をお受けするごとの確認となります。<br>
　取り寄せとなる場合はお時間をいただいてしまいます、申し訳ございません。<br>
</font></font>
<br>
<table cellpadding=""10"" cellspacing=""1"" bgcolor=""#384692"">
<tbody>
<tr>
<td bgcolor=""#ffffff""><font size=""2"">
お支払は<font color=""#000099""><b>クレジットカード・銀行振込・代金引換</b></font>からお選び下さい。
<br>

<br>
配送には<br>
＊<font color=""#000099""><b>宅配便550円</b></font>（ヤマト運輸または佐川急便）と、<br>
＊<font color=""#000099""><b>定形外郵便300円（重さ250gまで） </b></font>と、<br>
　　※重量オーバーで宅配便に変更になる場合<BR>
　　確認のメールを差し上げますが、お返事が確認出来なった場合は<BR>
　　メールの翌々日に送料を変更して発送させて戴きます。<BR>
＊<font color=""#000099""><b>ゆうパケット180円（A4サイズ厚さ2cmまで、毛糸類不可）</b></font>がお選び頂けます。<br>
<br>
<br>
送料・配送、ご返品について詳しくは<b>こちら</b>をご覧下さい。<br>
</font>
</td>
</tr>
</tbody>
</table>",★特定色処分！！　エバーフィール　オリムパス手芸糸　毛糸　編み物　4A　1610：毛糸蔵かんざわ,毛糸手芸ハマナカニッケビクター編機織り機手づくり編物サマーヤーンあみものセータービーズオーガニックコットンパピーリッチモアダルマクロバーミシン★特定色処分！！　エバーフィール　オリムパス手芸糸　毛糸　編み物　4A　1610,★特定色処分！！　エバーフィール　オリムパス手芸糸　毛糸　編み物　4A　1610[rn]
5-66219,http://tshop.r10s.jp/poplar/cabinet/img28/4021180-9.jpg?fitin=700:700,946.4000,,日用品雑貨・文房具・手芸 > 手芸・クラフト・生地 > 毛糸,【あみプレ】【期間限定特価商品】メルヘンアート マニラヘンプヤーン（3個入)【27％OFF】【2017年5月25日AM10：59まで】,価格は【3個入】の値段になります【3個入】での出荷になります,"2017年春夏新色追加しました<br>新色在庫有り<br><img src=""http://image.rakuten.co.jp/poplar/cabinet/img28/4021180-5.jpg"" border=""0""><br><br><br>
玉画像はこちら<br><img src=""https://image.rakuten.co.jp/poplar/cabinet/img28/4021180-2.jpg"" border=""0""><br>
<br>入荷予定日などはご注文いただいたのちにメールで返答させていただきます<br>ご了承ください<br>指定外繊維（Abaca）100%<br><br>20グラム<br>50m（メートル）<br>棒針：8～10号 かぎ針6/0～8/0号<br><br><br>色番によってはメーカー品切れの場合がございますが、ご了承ください。
<BR><br><br>この商品は【取り寄せ商品】です。<br>幅広い商品を1玉からお届けするための施策でございます。<br><br>お届けの目安<br>この商品は、お届けに６営業日程かかります。<br>６営業日以上かかる場合はお電話にてご連絡させて頂きますので予めご了承くださいませ。<br>ご購入後の特別な理由以外のキャンセルはお断りさせて頂いております。4,320円以上ご購入で送料無料、<br>
7,560円以上お買い上げの場合、<br>
クーポンをご使用頂くと【５％OFF】致します！<br>
<br>※クーポン取得は、

<u>こちら</u>をクリック。<br>",【あみプレ】【期間限定特価商品】メルヘンアート マニラヘンプヤーン（3個入)【27％OFF】【2017年5月25日AM10：59まで】：毛糸のプロショップ　ポプラ,毛糸ハマナカダイヤモンド毛糸ニッケビクターリッチモアパピー毛糸スキー毛糸オリムパス製糸世界の編み物【あみプレ】【期間限定特価商品】メルヘンアート マニラヘンプヤーン（3個入)【27％OFF】【2017年5月25日AM10：59まで】,価格は【3個入】の値段になります【3個入】での出荷になります。【あみプレ】【期間限定特価商品】メルヘンアート マニラヘンプヤーン（3個入)【27％OFF】【2017年5月25日AM10：59まで】[rn]
5-66220,http://tshop.r10s.jp/poplar/cabinet/img03/2051033-9.jpg?fitin=700:700,402.4000,,日用品雑貨・文房具・手芸 > 手芸・クラフト・生地 > 毛糸,【期間限定特価商品】パピー ブリティッシュエロイカ 色番183～201 032編み物/手芸/手編み/毛糸【25％OFF】【2017年5月25日AM10：59まで】,【ウール(英国羊毛50%以上使用)/50g玉巻(約83m)/極太】032,"<p>
<IMG src=""http://image.rakuten.co.jp/poplar/cabinet/puppy5043dsc09069_1.jpg""   border=""0""><BR>
ヨーロッパの手編み掲載作品<BR>
40348130-02<BR>
帽子<BR>
パピーブリティッシュエロイカ134-2玉　178-1玉<BR>
材料費1,827円税込み価格<BR>
<BR>
40344107-03<BR>
パピーブリティッシュエロイカ134-7玉　173-1玉<BR>
材料費4,872円税込み価格<BR>
<BR>
<IMG src=""http://image.rakuten.co.jp/poplar/cabinet/puppy5046dsc09072_1.jpg""   border=""0""><BR>
40346106-03<BR>
パピー発手編み掲載作品<BR>
パピーブリティッシュエロイカ143-7玉<BR>
材料費4,263円税込み価格<BR>
<BR>
<IMG src=""http://image.rakuten.co.jp/poplar/cabinet/puppy5033dsc09059_1.jpg""   border=""0""><BR>
40346101-18<BR>
ヨーロッパの手編み掲載作品<BR>
ブリティッシュエロイカ187-10玉<BR>
材料費6,090円税込み価格
<BR>
<IMG src=""http://image.rakuten.co.jp/poplar/cabinet/puppy5062dsc09088_1.jpg""   border=""0""><BR>
40348120-25<BR>
ザクザクニット掲載作品<BR>
パピーブリティッシュエロイカ120-3玉<BR>
材料費1,827円税込み価格<BR>
<BR>
</p>


<P><IMG src=""http://image.rakuten.co.jp/poplar/cabinet/2011aw-puppy83.jpg""   border=""0""></P>
<P><BR>40148110-02<BR>
ブリティッシュエロイカ143-5玉　192-4玉<BR>
材料費5481円</P>
<font color=""#ff0000"">※カラー選択有り  糸見本をご参考にご希望のカラーを選択してください</font><!--糸内容明細部分始-->

<table border=""0"" cellspacing=""1"" cellpadding=""3"" bgcolor=""#CCCCCC"" style=""color:#444444;"">
  <TBODY>
    <TR>
      <td colspan=""5"" align=""center"" bgcolor=""#FFF4C1"">商品情報明細</td>
    </TR>
    <TR>
      <td  bgcolor=""#FFFDF4"" align=""center""><b>メーカー</b></td>
      <td  bgcolor=""#FFFDF4"" align=""center"" colspan=""4"">パピー</td>
    </TR>
    <TR>
      <td bgcolor=""#FFFDF4"" align=""center""><b>商品名</b></td>
      <td align=""center"" bgcolor=""#ffffff"" colspan=""4"">パ)ブリティッシュエロイカ</td>
    </TR>
    <TR>
      <td bgcolor=""#FFFDF4"" align=""center""><b>重さ</b></td>
      <td align=""center"" bgcolor=""#ffffff"" colspan=""4"">50g(グラム)</td>
    </TR>
    <TR>
      <td bgcolor=""#FFFDF4"" align=""center""><b>長さ（m）</b></td>
      <td align=""center"" bgcolor=""#ffffff"" colspan=""4"">83m(メートル)</td>
    </TR>
    <TR>
      <td bgcolor=""#FFFDF4"" align=""center""><b>使用針</b></td>
      <td align=""center"" bgcolor=""#ffffff"" colspan=""4"">棒針：8～10号　かぎ針：8/0～10/0号</td>
    </TR>
    <TR>
      <td bgcolor=""#FFFDF4"" align=""center""><b>適正ゲージ</b></td>
      <td align=""center"" bgcolor=""#ffffff"" colspan=""4"">15～16目　21～22段</td>
    </TR>
    <TR>
      <td bgcolor=""#FFFDF4"" align=""center""><b>形状・品番・内容量</b></td>
      <td align=""center"" bgcolor=""#ffffff"" colspan=""4""></td>
    </TR>
    <TR>
      <td bgcolor=""#FFFDF4"" align=""center""><b>素材<br>(特徴)</b></td>
      <td align=""center"" bgcolor=""#ffffff"" colspan=""4"">ウール(英国羊毛50%以上使用)-100%<br></td>
    </TR>
  </TBODY>
</table>

<!--糸内容明細部分終--><br />
<table border=""0"" cellspacing=""1"" cellpadding=""3"" bgcolor=""#CCCCCC"" style=""color:#444444;"">
  <TBODY>
    <TR>
      <td align=""center"" bgcolor=""#FFF4C1"">商品紹介</td>
    </TR>
    <TR>
      <td align=""center"" bgcolor=""#ffffff"">スポンジ性と張りが特徴の英国羊毛に、<br>しなやかさ・柔らかさのある多品種の羊毛をブレンドしました<br>編み物しやすい程よい硬さは初心者からベテランまで幅広い層に好まれています<br>紡績前の綿を染色する「トップ染め」により、</td>
    </TR>
  </TBODY>
</table>
<br />
<table border=""0"" cellspacing=""1"" cellpadding=""3"" bgcolor=""#CCCCCC"" style=""color:#444444;"">
  <TBODY>
    <TR>
      <td align=""center"" bgcolor=""#FFF4C1"">サイトからのご注意</td>
    </TR>
    <TR>
      <td align=""center"" bgcolor=""#ffffff"">
色番リストに載っていない色番はご注文できません。<br>
メーカー品切れ情報が入り次第、リストからはずしております。<br>
更新作業の特性上、情報が遅れる場合がございます。ご了承下さい。<br>
モニターの性質上実際の色味と色に差異が生じる場合が御座います。<br>
      <font COLOR=""#ff0000"">※表示価格は【1玉】の価格です。</font><br><br>こちらの商品は【在庫商品】になります。<br><b>お届けの目安</b><br>
この商品は、お届けに3営業日程頂いております。<br>色番によっては欠品の場合もございます。<br>　3営業日以上かかる場合はお電話にてご連絡させて頂きますので予めご了承くださいませ。</td>
    </TR>
  </TBODY>
</table>
<BR><!--使用糸量参考表部分始--><!--使用糸量参考表部分終-->メーカー希望小売価格はメーカーカタログに基づいて掲載しています
<BR><br><img src=""http://image.rakuten.co.jp/poplar/cabinet/evidence/evidence-puppy-aw-1.jpg"">
<img src=""http://image.rakuten.co.jp/poplar/cabinet/evidence/evidence-puppy-aw-2.jpg""><br><img src=""http://image.rakuten.co.jp/poplar/cabinet/evidence/evidence-puppy-ss-1.jpg"">4,320円以上ご購入で送料無料、<br>
7,560円以上お買い上げの場合、<br>
クーポンをご使用頂くと【５％OFF】致します！<br>
<br>※クーポン取得は、

<u>こちら</u>をクリック。<br>",【期間限定特価商品】パピー ブリティッシュエロイカ 色番183～201 032編み物/手芸/手編み/毛糸【25％OFF】【2017年5月25日AM10：59まで】：毛糸のプロショップ　ポプラ,毛糸ハマナカダイヤモンド毛糸ニッケビクターリッチモアパピー毛糸スキー毛糸オリムパス製糸世界の編み物【期間限定特価商品】パピー ブリティッシュエロイカ 色番183～201 032編み物/手芸/手編み/毛糸【25％OFF】【2017年5月25日AM10：59まで】,【ウール(英国羊毛50%以上使用)/50g玉巻(約83m)/極太】032。【期間限定特価商品】パピー ブリティッシュエロイカ 色番183～201 032編み物/手芸/手編み/毛糸【25％OFF】【2017年5月25日AM10：59まで】[rn]
5-66221,http://tshop.r10s.jp/poplar/cabinet/img02/2261138-1.jpg?fitin=700:700,1313.6000,,日用品雑貨・文房具・手芸 > 手芸・クラフト・生地 > 毛糸,【在庫放出特価】【中細】リッチモア カシミヤ 【カシミア】【毛糸】,価格は1玉の値段になります 1玉からご注文いただけます,"<p>


<BR>
<BR>
<IMG src=""http://image.rakuten.co.jp/poplar/cabinet/01-dsc01754.jpg""   border=""0""><BR>
ＫＯＫ-687<BR>
リッチモアカシミヤ101－10玉<BR>
材料費19,000円税別価格<BR>
<BR>
<BR>


<P>



<IMG src=""http://image.rakuten.co.jp/poplar/cabinet/2013awrichdsc01921.jpg""   border=""0""><BR>
YKO-324<BR>
リッチモア・カシミヤ108-10玉<BR>
材料費18,900円税込み価格<BR>
<BR>

<IMG src=""http://image.rakuten.co.jp/poplar/cabinet/a2013aw-richdsc01999.jpg""   border=""0""><BR>
KKT-583<BR>
リッチモア・カシミヤ113-8玉<BR>
リッチモア・ソフアルパカ23-3玉<BR>
材料費17,262円税込み価格<BR>
<BR>
<BR>
<IMG src=""http://image.rakuten.co.jp/poplar/cabinet/a2013aw-richdsc02007.jpg""   border=""0""><BR>
OIO-29<BR>
リッチモア・カシミヤ113-9.9玉<BR>
リッチモア・ソフアルパカ23-2.7玉<BR>
材料費21,042円税込み価格<BR>
<BR>


<IMG src=""http://image.rakuten.co.jp/poplar/cabinet/2013awrichdsc01941.jpg""   border=""0""><BR>
BR-11616<BR>
リッチモア・カシミヤ106-6.1玉　102-4.6玉　105-5.3玉<BR>
材料費34,020円税込み価格<BR>
<BR>
<BR>

<IMG src=""http://image.rakuten.co.jp/poplar/cabinet/2013awrichdsc01945.jpg""   border=""0""><BR>
YKO-335<BR>
リッチモア・カシミヤ105-10.7玉<BR>
材料費20,790円税込み価格<BR>
<BR>
<BR>
<IMG src=""http://image.rakuten.co.jp/poplar/cabinet/a2013aw-richdsc02013.jpg""   border=""0""><BR>
KNH-590<BR>
リッチモア・カシミヤ113-8.7玉<BR>
材料費17,010円税込み価格<BR>
<BR>
<BR>
<BR>
<IMG src=""http://image.rakuten.co.jp/poplar/cabinet/a2013aw-richdsc01999.jpg""   border=""0""><BR>
KKT-583<BR>
リッチモア・カシミヤ113-8玉<BR>
リッチモア・ソフアルパカ23-3玉<BR>
材料費17,262円税込み価格<BR>
<BR>
<BR>
<IMG src=""http://image.rakuten.co.jp/poplar/cabinet/a2013aw-richdsc02007.jpg""   border=""0""><BR>
OIO-29<BR>
リッチモア・カシミヤ113-9.9玉<BR>
リッチモア・ソフアルパカ23-2.7玉<BR>
材料費21,042円税込み価格<BR>
<BR>
<BR>
<IMG src=""http://image.rakuten.co.jp/poplar/cabinet/2013awrichdsc01983.jpg""   border=""0""><BR>
KNH-583<BR>
リッチモア・カシミヤ106-7.4玉<BR>
リッチモア・エクセレントモヘアカウント10　4-2玉<BR>
材料費16,758円税込み価格<BR>
<BR>
<IMG src=""http://image.rakuten.co.jp/poplar/cabinet/a2013aw-richdsc01999.jpg""   border=""0""><BR>
KKT-583<BR>
リッチモア・カシミヤ113-8玉<BR>
リッチモア・ソフアルパカ23-3玉<BR>
材料費17,262円税込み価格<BR>
<BR>
<BR>
<IMG src=""http://image.rakuten.co.jp/poplar/cabinet/a2013aw-richdsc02007.jpg""   border=""0""><BR>
OIO-29<BR>
リッチモア・カシミヤ113-9.9玉<BR>
リッチモア・ソフアルパカ23-2.7玉<BR>
材料費21,042円税込み価格<BR>
<BR>
<IMG src=""http://image.rakuten.co.jp/poplar/cabinet/a2013aw-richdsc02027.jpg""   border=""0""><BR>
BR-11623<BR>
リッチモア・カシミヤ111-8.1玉<BR>
材料費17,010円税込み価格<BR>
<BR>

<IMG src=""http://image.rakuten.co.jp/poplar/cabinet/a2013aw-richdsc02084.jpg""   border=""0""><BR>
KKT-586<BR>
リッチモア・カシミヤ106-5.5玉　102-3.3玉<BR>
材料費18,900円税込み価格<BR>
<BR>
</p>




<p><IMG src=""http://image.rakuten.co.jp/poplar/cabinet/20130904-dsc00279.jpg""   border=""0""><BR>
<BR>
<BR>
ＫＯＫ655<BR>
カシミヤベストとスヌード<BR>
ベスト<BR>
リッチモア・カシミヤ110-8.2玉　113-0.2玉<BR>
材料費18,900円税込み価格<BR>
<BR>
スヌード<BR>
<BR>リッチモア・カシミヤ113-4.2玉　110-0.2玉<BR>
材料費11,940円税込み価格</p>


<BODY>
<TABLE border=""1""  >
  <TBODY>
    <TR>
      <TD colspan=""2""  ><B>メーカー</B></TD>
      <TD colspan=""3"" align=""left"">リッチモア毛糸</TD>
    </TR>
    <TR>
      <TD colspan=""2""  ><B>商品名</B></TD>
      <TD colspan=""3"" align=""left"">カシミヤ</TD>
    </TR>
    <TR>
      <TD colspan=""2""><B>重さ</B></TD>
      <TD align=""left"" colspan=""3"">20グラム</TD>
    </TR>
    <TR>
      <TD colspan=""2""  ><B>長さ</B><B>（ｍ）</B></TD>
      <TD align=""left""   colspan=""3"">92</TD>
    </TR>
    <TR>
      <TD colspan=""2""><B>太さ</B></TD>
      <TD colspan=""3"">中細</TD>
    </TR>
    <TR>
      <TD colspan=""2""><B>使用針</B></TD>
      <TD colspan=""3"">棒針5～6号</TD>
    </TR>
    <TR>
      <TD colspan=""2""  ><B>適正ゲージ</B></TD>
      <TD colspan=""3"" >19目・28段</TD>
    </TR>
    <TR>
      <TD colspan=""2""><B>素材</B></TD>
      <TD colspan=""3"" align=""left"">カシミヤ-100％</TD>
    </TR>
    <TR>
      <TD colspan=""5"" align=""left"">カシミヤ100のリニューアル版。従前の商品よりやや太めの糸仕上げ。</TD>
    </TR>
    <TR>
      <TD colspan=""5""  align=""left"" >フェレキシビリティの良さは申し分なし。</TD>
    </TR>
    <TR>
      <TD colspan=""5""  align=""left"">色番リストに載っていない色番はご注文できません。<BR>
      メーカー品切れ情報が入り次第、リストからはずしております。<BR>
      更新作業の特性上、情報が遅れる場合がございます。<BR>
      ご了承下さい。<BR>
      ※表示価格は１玉の価格です。</TD>
    </TR>
    <TR>
      <TD colspan=""5"" align=""center""><B>▼ メリヤス編み・標準（目安）使用量</B></TD>
    </TR>
    <TR>
      <TD colspan=""2"" align=""center""><B>使用量</B></TD>
      <TD align=""center"" ><B>セーター</B></TD>
      <TD align=""center"" ><B>ベスト</B></TD>
      <TD align=""center""  ><B>半袖プル</B></TD>
    </TR>
    <TR>
      <TD colspan=""2"" align=""center""><B>紳士</B></TD>
      <TD align=""center"">-</TD>
      <TD align=""center"">-</TD>
      <TD align=""center"">-</TD>
    </TR>
    <TR>
      <TD colspan=""2"" align=""center""><B>婦人</B></TD>
      <TD align=""center"">12～13玉（Ｍサイズ）</TD>
      <TD align=""center"">5～6玉</TD>
      <TD align=""center"">7～8玉</TD>
    </TR>
  </TBODY>
</TABLE>
</BODY>
メーカー希望小売価格はメーカーカタログに基づいて掲載しています
<BR>
<img src=""http://image.rakuten.co.jp/poplar/cabinet/evidence/evidence-rich-aw-1.jpg"">

<img src=""http://image.rakuten.co.jp/poplar/cabinet/evidence/evidence-rich-aw-2.jpg"">

<img src=""http://image.rakuten.co.jp/poplar/cabinet/evidence/evidence-rich-ss-1.jpg"">4,320円以上ご購入で送料無料、<br>
7,560円以上お買い上げの場合、<br>
クーポンをご使用頂くと【５％OFF】致します！<br>
<br>※クーポン取得は、

<u>こちら</u>をクリック。<br>",【在庫放出特価】【中細】リッチモア カシミヤ 【カシミア】【毛糸】：毛糸のプロショップ　ポプラ,毛糸ハマナカダイヤモンド毛糸ニッケビクターリッチモアパピー毛糸スキー毛糸オリムパス製糸世界の編み物【在庫放出特価】【中細】リッチモア カシミヤ 【カシミア】【毛糸】,価格は1玉の値段になります 1玉からご注文いただけます。【在庫放出特価】【中細】リッチモア カシミヤ 【カシミア】【毛糸】[rn]
5-66222,http://tshop.r10s.jp/ky-kanariya/cabinet/02643784/img58744273.jpg?fitin=700:700,466.4000,,日用品雑貨・文房具・手芸 > 手芸・クラフト・生地 > 裁縫材料 > ミシン糸,京手まり地巻き糸-3　手まり糸　1800mスプール太巻き見本帳★印の色のみ,素晴らしい光沢が特徴の昔からある京手まり地巻き糸-3太巻,"京手まり地巻き糸-3<br>材質 ： レーヨン１００％<br>長さ ：1800ｍ<br>形状：スプール巻き<br>★印は地巻き糸<br>使用針：本みすや針　京てまり針<br><br>実店舗に在庫があれば（土日祝日を除き）２～４日以内に発送。<br>在庫がなければメーカー取寄せの上、（土日祝日を除き）１０日以内に発送します。<br>メーカー欠品、完売の場合は確認出来次第ご連絡します。<br><!--G-systemここから-->
<table width=""900"" border=""0"" cellspacing=""0"" cellpadding=""0"">
  <tr>
    <td>
<!--リア受ここから-->
<center>
<div style=""width:445px; margin: 0; background-color:#fff;"">

<p style=""background-color:#630; color:#fff; font-size:14px; font-weight:bold; letter-spacing:0.1em; text-align:left; text-indent:0.8em; line-height:26px; padding:2px 0 0 0; margin:0;"">ご注文ありがとうございます！</p>

<div style=""height:300px; overflow:hidden; border:1px solid #630;"">



</div>
</div>
</center>
<!--リア受ここまで-->
    </td>
    <td width=""10"">&nbsp;</td>
    <td>
<!--リアコメここから-->
<cener>
<div style=""width:445px; margin: 0; background-color:#fff;"">

<p style=""background-color:#630; color:#fff; font-size:14px; font-weight:bold; letter-spacing:0.1em; text-align:left; text-indent:0.8em; line-height:26px; padding:2px 0 0 0; margin:0;"">お客様より頂きましたレビューをご紹介</p>

<div style=""height:300px; overflow:hidden; border:1px solid #630;"">



</div>
</div>
</center>
<!--リアコメここまで-->
    </td>
  </tr>
</table>
<!--G-systemここまで-->
<center>
<TABLE border=""1"" width=""750"">
  <TBODY>
    <TR>
      <TD height=""57"" valign=""middle"" align=""center"" bgcolor=""#592d00"" width=""100""><FONT color=""#ffffff"" size=""+1""><B>お知らせ</B></FONT></TD>
      <TD height=""50"" align=""left"" valign=""middle"" width=""650"" bgcolor=""#ffffff"">
      <B><FONT size=""-1"">誠に恐れ入りますが商品合計金額1,000円(税抜)以上のご注文でお願いいたします。</FONT></B><br>
<FONT size=""-1"" color=""#ff0000""><B>ご注文の追加、変更は最初のご注文から５時間以内とさせていただきます。</B></FONT><FONT color=""#ca134f""></FONT><BR>
 <FONT size=""-1""><B>クロネコＤＭ便発送を選択されてもサイズオーバーの場合は宅配便発送に変更させていただきます。</FONT></B><BR>
     <B><FONT size=""-1"" color=""#ff0000"">当店からのメールが届かないケースが増えております。メールがない場合はご連絡をお願いいたします。</FONT></B><br>
 <FONT size=""-1""><B>　京都カナリヤ手芸店：ky-kanariya@shop.rakuten.co.jp　075-353-0152(平日 10:00－17:00)</FONT></B><BR>

</TD>
    </TR>
  </TBODY>
</TABLE>
</center>
<center>
<strong><font size=""+1"">【今売れている生地をご紹介！】</font></strong><br>
<table cellpadding=""15"">
<tr>
<td>
<img src=""http://image.rakuten.co.jp/ky-kanariya/cabinet/img61689066.jpg""alt=""【ツートンストライプ柄】使いやすいツイル生地"" border=0 ><br>
【ツートンストライプ柄】<br>
 使いやすいツイル生地</td>

<td>
<img src=""http://image.rakuten.co.jp/ky-kanariya/cabinet/imgrc0067899118.jpg"" alt=""全９色展開！【スター☆星柄】"" border=0 ><br>
オーソドックスな星柄！<br>
【スター☆星柄】</td>

<td>
<img src=""http://image.rakuten.co.jp/ky-kanariya/cabinet/01457489/imgrc0064215245.jpg"" alt=""オックスプリント生地ラメハート"" border=0 ><br>
キラキラ光ってかわいい♪<br>
【ラメハート】</td>

<td>
<img src=""http://image.rakuten.co.jp/ky-kanariya/cabinet/img61689079.jpg""alt=""デニムに見間違える【デニム風ダブルガーゼ】"" border=0 ><br>
デニムに見間違える<br>
【デニム風ダブルガーゼ】</td>

</tr>
</table>
</center>

<center><table cellpadding=""15"">
<tr><td><img src=""http://image.rakuten.co.jp/ky-kanariya/cabinet/imgrc0065155878.jpg"" alt=""きりえプリント"" border=""0""></td>

<td><img src=""http://image.rakuten.co.jp/ky-kanariya/cabinet/01699049/img57664046x.jpg""alt=""畳ヘリテープ"" border=0 ></td>

<td><img src=""http://image.rakuten.co.jp/ky-kanariya/cabinet/01084000/img58825291.jpg"" alt=""不思議なファスナー　フリーファスナー"" border=0 ></td>

<td><img src=""http://image.rakuten.co.jp/ky-kanariya/cabinet/02993942/img58725940.jpg""alt=""ＢＥＡＤＳ　ビーズ　デリカビーズ　ペヨーテステッチ"" border=0 ></td>

</tr></table>


<IMG src=""https://image.rakuten.co.jp/_kyoto/cabinet/tate/imgrc0087153591.jpg"" border=""0"">

  
 <IMG src=""http://image.rakuten.co.jp/_osaka01/cabinet/kikaku/imgrc0062923722.jpg""><br>


<img src=""http://image.rakuten.co.jp/ky-kanariya/cabinet/imgrc0069465305.jpg"" border=""0"">


<img src=""http://image.rakuten.co.jp/ky-kanariya/cabinet/imgrc0070188464.gif"" border=""0""><br>",京手まり地巻き糸-3　手まり糸　1800mスプール太巻き見本帳★印の色のみ：京都カナリヤ手芸店,手芸手づくりナニイロｎａｎｉＩＲＯクラフト生地　布キャラクター毛糸編み針編み物畳ヘリテープ刺繍和洋裁ワッペンビーズアレキサンダーヘンリーファブリック入園入学クロバーレザークラフトＵＳＡコットン京手まり地巻き糸-3　手まり糸　1800mスプール太巻き見本帳★印の色のみ,素晴らしい光沢が特徴の昔からある京手まり地巻き糸-3太巻。京手まり地巻き糸-3　手まり糸　1800mスプール太巻き見本帳★印の色のみ[rn]
5-66223,http://tshop.r10s.jp/ky-kanariya/cabinet/02385600/img58629884.jpg?fitin=700:700,320.0000,,日用品雑貨・文房具・手芸 > 手芸・クラフト・生地 > 裁縫材料 > ミシン糸,オリムパス毛糸きらびき　　（廃盤品）在庫限り,通気性、吸湿性に優れ、着心地さわやかな作品に,"<TABLE height=""311"" border=""0"" cellpadding=""5"" cellspacing=""1"" bgcolor=""#cc3399"">    <TR>      <TD nowrap height=""42"" align=""center"" bgcolor=""#ffffff"" width=""328"">      <P><FONT color=""#ff0000""><FONT size=""+0"" color=""#660000"">きらびき 40g</FONT></FONT></P>      </TD>    </TR>    <TR>      <TD nowrap bgcolor=""#ffffff"" align=""left"" height=""34"" width=""328"">      <P align=""left""><FONT color=""#ff0000""><font size=""2"" color=""#3300cc"">・ラメのきらめきとシルクのカバーリングが高級感を<BR>      　演出。<BR>      　通気性、吸湿性に優れ、着心地さわやかな作品に。<BR>      </font></FONT></P>      </TD>    </TR>    <TR>      <TD nowrap bgcolor=""#ffffff"" align=""left"" width=""328"" height=""112"">      <TABLE border=""0"">        <TBODY>          <TR>            <TD nowrap width=""127"" valign=""top""><FONT color=""#996633"" size=""2"">■構成　　　<BR>            　　　　<BR>            　　　　<BR>■仕立　　　<br>■棒針　　　<BR>■かぎ針　　<BR>            ■メリヤス編ゲージ<BR>            <BR>            ■糸使用量（平均）</FONT></TD>            <TD nowrap valign=""top"" width=""180""><FONT color=""#996633"" size=""2"">綿64％、アクリル23％<BR>絹8％、キュプラ3％<BR>ポリエステル2％<BR>40g玉巻（約132m<BR>4～6号<BR>4/0～6/0号<BR>            目数：21～23目　<BR>            段数：28～30段 <BR>            プルオーバー（長袖）：8玉<BR>            プルオーバー（半袖）：7玉<BR>            ベスト　　　　　　　：5玉</font> <BR>            </TD>          </TR>        </TBODY>      </TABLE>      </TD>    </TR>    <TR>      <TD nowrap bgcolor=""#ffcccc"" align=""left"" width=""328"" height=""10"">      <P><FONT color=""#ff0000"" size=""2""><b>ご注意</b></font>：<font size=""2"" color=""#000099""> モニターにより、色の見え方が実際の商品<BR>      と異なることがございます。また注文が集中した場合<BR>      など、発送が遅れたり、店頭販売と在庫が重複してい<BR>      るため在庫切れで販売できなくなる場合がございます。</FONT></P>      </TD>    </TR></TABLE><!--G-systemここから-->
<table width=""900"" border=""0"" cellspacing=""0"" cellpadding=""0"">
  <tr>
    <td>
<!--リア受ここから-->
<center>
<div style=""width:445px; margin: 0; background-color:#fff;"">

<p style=""background-color:#630; color:#fff; font-size:14px; font-weight:bold; letter-spacing:0.1em; text-align:left; text-indent:0.8em; line-height:26px; padding:2px 0 0 0; margin:0;"">ご注文ありがとうございます！</p>

<div style=""height:300px; overflow:hidden; border:1px solid #630;"">



</div>
</div>
</center>
<!--リア受ここまで-->
    </td>
    <td width=""10"">&nbsp;</td>
    <td>
<!--リアコメここから-->
<cener>
<div style=""width:445px; margin: 0; background-color:#fff;"">

<p style=""background-color:#630; color:#fff; font-size:14px; font-weight:bold; letter-spacing:0.1em; text-align:left; text-indent:0.8em; line-height:26px; padding:2px 0 0 0; margin:0;"">お客様より頂きましたレビューをご紹介</p>

<div style=""height:300px; overflow:hidden; border:1px solid #630;"">



</div>
</div>
</center>
<!--リアコメここまで-->
    </td>
  </tr>
</table>
<!--G-systemここまで-->
<center>
<TABLE border=""1"" width=""750"">
  <TBODY>
    <TR>
      <TD height=""57"" valign=""middle"" align=""center"" bgcolor=""#592d00"" width=""100""><FONT color=""#ffffff"" size=""+1""><B>お知らせ</B></FONT></TD>
      <TD height=""50"" align=""left"" valign=""middle"" width=""650"" bgcolor=""#ffffff"">
      <B><FONT size=""-1"">誠に恐れ入りますが商品合計金額1,000円(税抜)以上のご注文でお願いいたします。</FONT></B><br>
<FONT size=""-1"" color=""#ff0000""><B>ご注文の追加、変更は最初のご注文から５時間以内とさせていただきます。</B></FONT><FONT color=""#ca134f""></FONT><BR>
 <FONT size=""-1""><B>クロネコＤＭ便発送を選択されてもサイズオーバーの場合は宅配便発送に変更させていただきます。</FONT></B><BR>
     <B><FONT size=""-1"" color=""#ff0000"">当店からのメールが届かないケースが増えております。メールがない場合はご連絡をお願いいたします。</FONT></B><br>
 <FONT size=""-1""><B>　京都カナリヤ手芸店：ky-kanariya@shop.rakuten.co.jp　075-353-0152(平日 10:00－17:00)</FONT></B><BR>

</TD>
    </TR>
  </TBODY>
</TABLE>
</center>
<center>
<strong><font size=""+1"">【今売れている生地をご紹介！】</font></strong><br>
<table cellpadding=""15"">
<tr>
<td>
<img src=""http://image.rakuten.co.jp/ky-kanariya/cabinet/img61689066.jpg""alt=""【ツートンストライプ柄】使いやすいツイル生地"" border=0 ><br>
【ツートンストライプ柄】<br>
 使いやすいツイル生地</td>

<td>
<img src=""http://image.rakuten.co.jp/ky-kanariya/cabinet/imgrc0067899118.jpg"" alt=""全９色展開！【スター☆星柄】"" border=0 ><br>
オーソドックスな星柄！<br>
【スター☆星柄】</td>

<td>
<img src=""http://image.rakuten.co.jp/ky-kanariya/cabinet/01457489/imgrc0064215245.jpg"" alt=""オックスプリント生地ラメハート"" border=0 ><br>
キラキラ光ってかわいい♪<br>
【ラメハート】</td>

<td>
<img src=""http://image.rakuten.co.jp/ky-kanariya/cabinet/img61689079.jpg""alt=""デニムに見間違える【デニム風ダブルガーゼ】"" border=0 ><br>
デニムに見間違える<br>
【デニム風ダブルガーゼ】</td>

</tr>
</table>
</center>

<center><table cellpadding=""15"">
<tr><td><img src=""http://image.rakuten.co.jp/ky-kanariya/cabinet/imgrc0065155878.jpg"" alt=""きりえプリント"" border=""0""></td>

<td><img src=""http://image.rakuten.co.jp/ky-kanariya/cabinet/01699049/img57664046x.jpg""alt=""畳ヘリテープ"" border=0 ></td>

<td><img src=""http://image.rakuten.co.jp/ky-kanariya/cabinet/01084000/img58825291.jpg"" alt=""不思議なファスナー　フリーファスナー"" border=0 ></td>

<td><img src=""http://image.rakuten.co.jp/ky-kanariya/cabinet/02993942/img58725940.jpg""alt=""ＢＥＡＤＳ　ビーズ　デリカビーズ　ペヨーテステッチ"" border=0 ></td>

</tr></table>


<IMG src=""https://image.rakuten.co.jp/_kyoto/cabinet/tate/imgrc0087153591.jpg"" border=""0"">

  
 <IMG src=""http://image.rakuten.co.jp/_osaka01/cabinet/kikaku/imgrc0062923722.jpg""><br>


<img src=""http://image.rakuten.co.jp/ky-kanariya/cabinet/imgrc0069465305.jpg"" border=""0"">


<img src=""http://image.rakuten.co.jp/ky-kanariya/cabinet/imgrc0070188464.gif"" border=""0""><br>",オリムパス毛糸きらびき　　（廃盤品）在庫限り：京都カナリヤ手芸店,手芸手づくりナニイロｎａｎｉＩＲＯクラフト生地　布キャラクター毛糸編み針編み物畳ヘリテープ刺繍和洋裁ワッペンビーズアレキサンダーヘンリーファブリック入園入学クロバーレザークラフトＵＳＡコットンオリムパス毛糸きらびき　　（廃盤品）在庫限り,通気性、吸湿性に優れ、着心地さわやかな作品に。オリムパス毛糸きらびき　　（廃盤品）在庫限り[rn]
5-66224,http://tshop.r10s.jp/ky-kanariya/cabinet/orimu/img62018794.jpg?fitin=700:700,499.2000,,日用品雑貨・文房具・手芸 > 手芸・クラフト・生地 > 裁縫材料 > ミシン糸,オリムパス毛糸　　コットンクオーレ,最高級エジプト綿を100%使用かぎ針編みに最適,"<TABLE height=""236"" border=""0"" cellpadding=""5"" cellspacing=""1"" bgcolor=""#cc3399"">      <TR>      <TD nowrap height=""42"" align=""center"" bgcolor=""#ffffff"" width=""320"">      <P><FONT size=""+0"" color=""#660000"">コットンクォーレ　40g</FONT></P></TD>    </TR>    <TR>      <TD bgcolor=""#ffffff"" align=""left"" height=""34"" width=""320"">      <P align=""left""><font size=""2"" color=""#3300cc"">・最高級エジプト綿使用。<br>      ・編みやすさを追求した、かぎ針編みに最適な上質<BR>      　コットン糸。<br>      ・ナチュラルカラーからシックなダークカラーまで、<BR>      　四季 を通じて長くご愛用いただけます。</font></P></TD>    </TR>    <TR>      <TD bgcolor=""#ffffff"" align=""left"" height=""35"" width=""320"">      <P align=""left""><font size=""2"" color=""#996633"">■構成　　　綿（エジプト綿）100％<br>      ■仕立　　　40g玉巻（約170m）<br>      ■かぎ針　　3/0～4/0号<BR>■糸使用量（平均） <BR>      　　　　　　　プルオーバー（長袖）　：　11玉<BR>      　　　　　　　プルオーバー（半袖）　：　　8玉<BR>      　　　　　　　ベスト　　　　 　　　　：　5玉</font>      　</P>      </TD>    </TR>    <TR>      <TD bgcolor=""#ffcccc"" align=""left"" height=""19"" width=""320"">      <P><font size=""2"" color=""#FF0000""><b>ご注意</b></font>：<font size=""2"" color=""#000099"">モニターにより、色の見え方が実際の商品と<br>      異なることがございます。また注文が集中した場合な<br>      ど、発送が遅れたり、店頭販売と在庫が重複している<br>      ため在庫切れで販売できなくなる場合がございます。</font></P>      </TD>    </TR>  </TABLE><!--G-systemここから-->
<table width=""900"" border=""0"" cellspacing=""0"" cellpadding=""0"">
  <tr>
    <td>
<!--リア受ここから-->
<center>
<div style=""width:445px; margin: 0; background-color:#fff;"">

<p style=""background-color:#630; color:#fff; font-size:14px; font-weight:bold; letter-spacing:0.1em; text-align:left; text-indent:0.8em; line-height:26px; padding:2px 0 0 0; margin:0;"">ご注文ありがとうございます！</p>

<div style=""height:300px; overflow:hidden; border:1px solid #630;"">



</div>
</div>
</center>
<!--リア受ここまで-->
    </td>
    <td width=""10"">&nbsp;</td>
    <td>
<!--リアコメここから-->
<cener>
<div style=""width:445px; margin: 0; background-color:#fff;"">

<p style=""background-color:#630; color:#fff; font-size:14px; font-weight:bold; letter-spacing:0.1em; text-align:left; text-indent:0.8em; line-height:26px; padding:2px 0 0 0; margin:0;"">お客様より頂きましたレビューをご紹介</p>

<div style=""height:300px; overflow:hidden; border:1px solid #630;"">



</div>
</div>
</center>
<!--リアコメここまで-->
    </td>
  </tr>
</table>
<!--G-systemここまで-->
<center>
<TABLE border=""1"" width=""750"">
  <TBODY>
    <TR>
      <TD height=""57"" valign=""middle"" align=""center"" bgcolor=""#592d00"" width=""100""><FONT color=""#ffffff"" size=""+1""><B>お知らせ</B></FONT></TD>
      <TD height=""50"" align=""left"" valign=""middle"" width=""650"" bgcolor=""#ffffff"">
      <B><FONT size=""-1"">誠に恐れ入りますが商品合計金額1,000円(税抜)以上のご注文でお願いいたします。</FONT></B><br>
<FONT size=""-1"" color=""#ff0000""><B>ご注文の追加、変更は最初のご注文から５時間以内とさせていただきます。</B></FONT><FONT color=""#ca134f""></FONT><BR>
 <FONT size=""-1""><B>クロネコＤＭ便発送を選択されてもサイズオーバーの場合は宅配便発送に変更させていただきます。</FONT></B><BR>
     <B><FONT size=""-1"" color=""#ff0000"">当店からのメールが届かないケースが増えております。メールがない場合はご連絡をお願いいたします。</FONT></B><br>
 <FONT size=""-1""><B>　京都カナリヤ手芸店：ky-kanariya@shop.rakuten.co.jp　075-353-0152(平日 10:00－17:00)</FONT></B><BR>

</TD>
    </TR>
  </TBODY>
</TABLE>
</center>
<center>
<strong><font size=""+1"">【今売れている生地をご紹介！】</font></strong><br>
<table cellpadding=""15"">
<tr>
<td>
<img src=""http://image.rakuten.co.jp/ky-kanariya/cabinet/img61689066.jpg""alt=""【ツートンストライプ柄】使いやすいツイル生地"" border=0 ><br>
【ツートンストライプ柄】<br>
 使いやすいツイル生地</td>

<td>
<img src=""http://image.rakuten.co.jp/ky-kanariya/cabinet/imgrc0067899118.jpg"" alt=""全９色展開！【スター☆星柄】"" border=0 ><br>
オーソドックスな星柄！<br>
【スター☆星柄】</td>

<td>
<img src=""http://image.rakuten.co.jp/ky-kanariya/cabinet/01457489/imgrc0064215245.jpg"" alt=""オックスプリント生地ラメハート"" border=0 ><br>
キラキラ光ってかわいい♪<br>
【ラメハート】</td>

<td>
<img src=""http://image.rakuten.co.jp/ky-kanariya/cabinet/img61689079.jpg""alt=""デニムに見間違える【デニム風ダブルガーゼ】"" border=0 ><br>
デニムに見間違える<br>
【デニム風ダブルガーゼ】</td>

</tr>
</table>
</center>

<center><table cellpadding=""15"">
<tr><td><img src=""http://image.rakuten.co.jp/ky-kanariya/cabinet/imgrc0065155878.jpg"" alt=""きりえプリント"" border=""0""></td>

<td><img src=""http://image.rakuten.co.jp/ky-kanariya/cabinet/01699049/img57664046x.jpg""alt=""畳ヘリテープ"" border=0 ></td>

<td><img src=""http://image.rakuten.co.jp/ky-kanariya/cabinet/01084000/img58825291.jpg"" alt=""不思議なファスナー　フリーファスナー"" border=0 ></td>

<td><img src=""http://image.rakuten.co.jp/ky-kanariya/cabinet/02993942/img58725940.jpg""alt=""ＢＥＡＤＳ　ビーズ　デリカビーズ　ペヨーテステッチ"" border=0 ></td>

</tr></table>


<IMG src=""https://image.rakuten.co.jp/_kyoto/cabinet/tate/imgrc0087153591.jpg"" border=""0"">

  
 <IMG src=""http://image.rakuten.co.jp/_osaka01/cabinet/kikaku/imgrc0062923722.jpg""><br>


<img src=""http://image.rakuten.co.jp/ky-kanariya/cabinet/imgrc0069465305.jpg"" border=""0"">


<img src=""http://image.rakuten.co.jp/ky-kanariya/cabinet/imgrc0070188464.gif"" border=""0""><br>",オリムパス毛糸　　コットンクオーレ：京都カナリヤ手芸店,手芸手づくりナニイロｎａｎｉＩＲＯクラフト生地　布キャラクター毛糸編み針編み物畳ヘリテープ刺繍和洋裁ワッペンビーズアレキサンダーヘンリーファブリック入園入学クロバーレザークラフトＵＳＡコットンオリムパス毛糸　　コットンクオーレ,最高級エジプト綿を100%使用かぎ針編みに最適。オリムパス毛糸　　コットンクオーレ[rn]
5-66225,http://tshop.r10s.jp/ky-kanariya/cabinet/02385600/img58629887.jpg?fitin=700:700,499.2000,,日用品雑貨・文房具・手芸 > 手芸・クラフト・生地 > 裁縫材料 > ミシン糸,オリムパス毛糸シルクビジュー クルール,上質なシルクとシルケット加工を施した美しい光沢のコットン,"<TABLE height=""236"" border=""0"" cellpadding=""5"" cellspacing=""1"" bgcolor=""#cc3399"">      <TR>      <TD nowrap height=""42"" align=""center"" bgcolor=""#ffffff"" width=""328"">      <P><FONT size=""+0"" color=""#660000"">シルクビジュー クルール30g</FONT></P></TD>    </TR>    <TR>      <TD bgcolor=""#ffffff"" align=""left"" height=""34"" width=""328"">      <P align=""left""><font size=""2"" color=""#3300cc"">・上質なシルクとシルケット加工を施した美しい光沢の<BR>      　コットン、軽やかなバルキーレーヨンの3種を撚り合<BR>      　わせたハイクオリティーヤーン。<BR>      ・かぎ針編みにも適した太さで、高級感のある美しい<BR>      　編地に仕上がります。<BR>      ・ソフトなナチュラルカラー、彩り優しいパステルカラ<BR>      　ーを中心とした全12色展開。<BR></font></P></TD>    </TR>    <TR>      <TD bgcolor=""#ffffff"" align=""left"" height=""35"" width=""328"">      <P align=""left""><font size=""2"" color=""#996633"">■構成　　　レーヨン40％　綿37％　絹23％<br>      ■仕立　　　30g玉巻（約103m）<br>      ■棒針　　　3～4号<BR>      ■かぎ針　　3/0～4/0号 <BR>      ■&lt;メリヤス編ゲージ&gt;<BR>      　　　　　　目数：24～26目　段数：32～34段<BR>      ■糸使用量（平均） <BR>      　　　　　　プルオーバー（長袖）　：　12.玉<BR>      　　　　　　プルオーバー（半袖）　：　10玉<BR>      　　　　　　ベスト　　　　 　　　：　　7玉</font>      　</P>      </TD>    </TR>    <TR>      <TD bgcolor=""#ffcccc"" align=""left"" height=""19"" width=""328"">      <P><font size=""2"" color=""#FF0000""><b>ご注意</b></font>：<font size=""2"" color=""#000099"">モニターにより、色の見え方が実際の商品と<br>      異なることがございます。また注文が集中した場合な<br>      ど、発送が遅れたり、店頭販売と在庫が重複している<br>      ため在庫切れで販売できなくなる場合がございます。</font></P>      </TD>    </TR>  </TABLE>　

<BR>101、111、112、113　番廃盤になりました。<BR><!--G-systemここから-->
<table width=""900"" border=""0"" cellspacing=""0"" cellpadding=""0"">
  <tr>
    <td>
<!--リア受ここから-->
<center>
<div style=""width:445px; margin: 0; background-color:#fff;"">

<p style=""background-color:#630; color:#fff; font-size:14px; font-weight:bold; letter-spacing:0.1em; text-align:left; text-indent:0.8em; line-height:26px; padding:2px 0 0 0; margin:0;"">ご注文ありがとうございます！</p>

<div style=""height:300px; overflow:hidden; border:1px solid #630;"">



</div>
</div>
</center>
<!--リア受ここまで-->
    </td>
    <td width=""10"">&nbsp;</td>
    <td>
<!--リアコメここから-->
<cener>
<div style=""width:445px; margin: 0; background-color:#fff;"">

<p style=""background-color:#630; color:#fff; font-size:14px; font-weight:bold; letter-spacing:0.1em; text-align:left; text-indent:0.8em; line-height:26px; padding:2px 0 0 0; margin:0;"">お客様より頂きましたレビューをご紹介</p>

<div style=""height:300px; overflow:hidden; border:1px solid #630;"">



</div>
</div>
</center>
<!--リアコメここまで-->
    </td>
  </tr>
</table>
<!--G-systemここまで-->
<center>
<TABLE border=""1"" width=""750"">
  <TBODY>
    <TR>
      <TD height=""57"" valign=""middle"" align=""center"" bgcolor=""#592d00"" width=""100""><FONT color=""#ffffff"" size=""+1""><B>お知らせ</B></FONT></TD>
      <TD height=""50"" align=""left"" valign=""middle"" width=""650"" bgcolor=""#ffffff"">
      <B><FONT size=""-1"">誠に恐れ入りますが商品合計金額1,000円(税抜)以上のご注文でお願いいたします。</FONT></B><br>
<FONT size=""-1"" color=""#ff0000""><B>ご注文の追加、変更は最初のご注文から５時間以内とさせていただきます。</B></FONT><FONT color=""#ca134f""></FONT><BR>
 <FONT size=""-1""><B>クロネコＤＭ便発送を選択されてもサイズオーバーの場合は宅配便発送に変更させていただきます。</FONT></B><BR>
     <B><FONT size=""-1"" color=""#ff0000"">当店からのメールが届かないケースが増えております。メールがない場合はご連絡をお願いいたします。</FONT></B><br>
 <FONT size=""-1""><B>　京都カナリヤ手芸店：ky-kanariya@shop.rakuten.co.jp　075-353-0152(平日 10:00－17:00)</FONT></B><BR>

</TD>
    </TR>
  </TBODY>
</TABLE>
</center>
<center>
<strong><font size=""+1"">【今売れている生地をご紹介！】</font></strong><br>
<table cellpadding=""15"">
<tr>
<td>
<img src=""http://image.rakuten.co.jp/ky-kanariya/cabinet/img61689066.jpg""alt=""【ツートンストライプ柄】使いやすいツイル生地"" border=0 ><br>
【ツートンストライプ柄】<br>
 使いやすいツイル生地</td>

<td>
<img src=""http://image.rakuten.co.jp/ky-kanariya/cabinet/imgrc0067899118.jpg"" alt=""全９色展開！【スター☆星柄】"" border=0 ><br>
オーソドックスな星柄！<br>
【スター☆星柄】</td>

<td>
<img src=""http://image.rakuten.co.jp/ky-kanariya/cabinet/01457489/imgrc0064215245.jpg"" alt=""オックスプリント生地ラメハート"" border=0 ><br>
キラキラ光ってかわいい♪<br>
【ラメハート】</td>

<td>
<img src=""http://image.rakuten.co.jp/ky-kanariya/cabinet/img61689079.jpg""alt=""デニムに見間違える【デニム風ダブルガーゼ】"" border=0 ><br>
デニムに見間違える<br>
【デニム風ダブルガーゼ】</td>

</tr>
</table>
</center>

<center><table cellpadding=""15"">
<tr><td><img src=""http://image.rakuten.co.jp/ky-kanariya/cabinet/imgrc0065155878.jpg"" alt=""きりえプリント"" border=""0""></td>

<td><img src=""http://image.rakuten.co.jp/ky-kanariya/cabinet/01699049/img57664046x.jpg""alt=""畳ヘリテープ"" border=0 ></td>

<td><img src=""http://image.rakuten.co.jp/ky-kanariya/cabinet/01084000/img58825291.jpg"" alt=""不思議なファスナー　フリーファスナー"" border=0 ></td>

<td><img src=""http://image.rakuten.co.jp/ky-kanariya/cabinet/02993942/img58725940.jpg""alt=""ＢＥＡＤＳ　ビーズ　デリカビーズ　ペヨーテステッチ"" border=0 ></td>

</tr></table>


<IMG src=""https://image.rakuten.co.jp/_kyoto/cabinet/tate/imgrc0087153591.jpg"" border=""0"">

  
 <IMG src=""http://image.rakuten.co.jp/_osaka01/cabinet/kikaku/imgrc0062923722.jpg""><br>


<img src=""http://image.rakuten.co.jp/ky-kanariya/cabinet/imgrc0069465305.jpg"" border=""0"">


<img src=""http://image.rakuten.co.jp/ky-kanariya/cabinet/imgrc0070188464.gif"" border=""0""><br>",オリムパス毛糸シルクビジュー クルール：京都カナリヤ手芸店,手芸手づくりナニイロｎａｎｉＩＲＯクラフト生地　布キャラクター毛糸編み針編み物畳ヘリテープ刺繍和洋裁ワッペンビーズアレキサンダーヘンリーファブリック入園入学クロバーレザークラフトＵＳＡコットンオリムパス毛糸シルクビジュー クルール,上質なシルクとシルケット加工を施した美しい光沢のコットン。オリムパス毛糸シルクビジュー クルール[rn]
5-66226,http://tshop.r10s.jp/ky-kanariya/cabinet/orimu/img62019682.jpg?fitin=700:700,294.4000,,日用品雑貨・文房具・手芸 > 手芸・クラフト・生地 > 裁縫材料 > ミシン糸,オリムパス毛糸　スフレ＜太＞,軽やかで優しい風合いのコットンヤーン,"重さ：25ｇ<br>糸長：約65ｍ<br>太さ：棒針5～6号、かぎ針5/0～6/0<br>素材：綿100％<br>その他：メリヤス編標準ゲージ20～22目29～31段<br>婦人プルオーバー（半袖）約14玉、婦人ベスト　約10玉<br>紳士プルオーバー（半袖）約17玉、紳士ベスト　約13玉<br><br>ご注意：モニターにより、色の見え方が実際の商品と異なることがございます。<br>また、注文が集中した場合など、発送が遅れたり、<br>店頭販売と在庫が重複しているため、在庫切れで販売できなくなる可能性がございます。<br><!--G-systemここから-->
<table width=""900"" border=""0"" cellspacing=""0"" cellpadding=""0"">
  <tr>
    <td>
<!--リア受ここから-->
<center>
<div style=""width:445px; margin: 0; background-color:#fff;"">

<p style=""background-color:#630; color:#fff; font-size:14px; font-weight:bold; letter-spacing:0.1em; text-align:left; text-indent:0.8em; line-height:26px; padding:2px 0 0 0; margin:0;"">ご注文ありがとうございます！</p>

<div style=""height:300px; overflow:hidden; border:1px solid #630;"">



</div>
</div>
</center>
<!--リア受ここまで-->
    </td>
    <td width=""10"">&nbsp;</td>
    <td>
<!--リアコメここから-->
<cener>
<div style=""width:445px; margin: 0; background-color:#fff;"">

<p style=""background-color:#630; color:#fff; font-size:14px; font-weight:bold; letter-spacing:0.1em; text-align:left; text-indent:0.8em; line-height:26px; padding:2px 0 0 0; margin:0;"">お客様より頂きましたレビューをご紹介</p>

<div style=""height:300px; overflow:hidden; border:1px solid #630;"">



</div>
</div>
</center>
<!--リアコメここまで-->
    </td>
  </tr>
</table>
<!--G-systemここまで-->
<center>
<TABLE border=""1"" width=""750"">
  <TBODY>
    <TR>
      <TD height=""57"" valign=""middle"" align=""center"" bgcolor=""#592d00"" width=""100""><FONT color=""#ffffff"" size=""+1""><B>お知らせ</B></FONT></TD>
      <TD height=""50"" align=""left"" valign=""middle"" width=""650"" bgcolor=""#ffffff"">
      <B><FONT size=""-1"">誠に恐れ入りますが商品合計金額1,000円(税抜)以上のご注文でお願いいたします。</FONT></B><br>
<FONT size=""-1"" color=""#ff0000""><B>ご注文の追加、変更は最初のご注文から５時間以内とさせていただきます。</B></FONT><FONT color=""#ca134f""></FONT><BR>
 <FONT size=""-1""><B>クロネコＤＭ便発送を選択されてもサイズオーバーの場合は宅配便発送に変更させていただきます。</FONT></B><BR>
     <B><FONT size=""-1"" color=""#ff0000"">当店からのメールが届かないケースが増えております。メールがない場合はご連絡をお願いいたします。</FONT></B><br>
 <FONT size=""-1""><B>　京都カナリヤ手芸店：ky-kanariya@shop.rakuten.co.jp　075-353-0152(平日 10:00－17:00)</FONT></B><BR>

</TD>
    </TR>
  </TBODY>
</TABLE>
</center>
<center>
<strong><font size=""+1"">【今売れている生地をご紹介！】</font></strong><br>
<table cellpadding=""15"">
<tr>
<td>
<img src=""http://image.rakuten.co.jp/ky-kanariya/cabinet/img61689066.jpg""alt=""【ツートンストライプ柄】使いやすいツイル生地"" border=0 ><br>
【ツートンストライプ柄】<br>
 使いやすいツイル生地</td>

<td>
<img src=""http://image.rakuten.co.jp/ky-kanariya/cabinet/imgrc0067899118.jpg"" alt=""全９色展開！【スター☆星柄】"" border=0 ><br>
オーソドックスな星柄！<br>
【スター☆星柄】</td>

<td>
<img src=""http://image.rakuten.co.jp/ky-kanariya/cabinet/01457489/imgrc0064215245.jpg"" alt=""オックスプリント生地ラメハート"" border=0 ><br>
キラキラ光ってかわいい♪<br>
【ラメハート】</td>

<td>
<img src=""http://image.rakuten.co.jp/ky-kanariya/cabinet/img61689079.jpg""alt=""デニムに見間違える【デニム風ダブルガーゼ】"" border=0 ><br>
デニムに見間違える<br>
【デニム風ダブルガーゼ】</td>

</tr>
</table>
</center>

<center><table cellpadding=""15"">
<tr><td><img src=""http://image.rakuten.co.jp/ky-kanariya/cabinet/imgrc0065155878.jpg"" alt=""きりえプリント"" border=""0""></td>

<td><img src=""http://image.rakuten.co.jp/ky-kanariya/cabinet/01699049/img57664046x.jpg""alt=""畳ヘリテープ"" border=0 ></td>

<td><img src=""http://image.rakuten.co.jp/ky-kanariya/cabinet/01084000/img58825291.jpg"" alt=""不思議なファスナー　フリーファスナー"" border=0 ></td>

<td><img src=""http://image.rakuten.co.jp/ky-kanariya/cabinet/02993942/img58725940.jpg""alt=""ＢＥＡＤＳ　ビーズ　デリカビーズ　ペヨーテステッチ"" border=0 ></td>

</tr></table>


<IMG src=""https://image.rakuten.co.jp/_kyoto/cabinet/tate/imgrc0087153591.jpg"" border=""0"">

  
 <IMG src=""http://image.rakuten.co.jp/_osaka01/cabinet/kikaku/imgrc0062923722.jpg""><br>


<img src=""http://image.rakuten.co.jp/ky-kanariya/cabinet/imgrc0069465305.jpg"" border=""0"">


<img src=""http://image.rakuten.co.jp/ky-kanariya/cabinet/imgrc0070188464.gif"" border=""0""><br>",オリムパス毛糸　スフレ＜太＞：京都カナリヤ手芸店,手芸手づくりナニイロｎａｎｉＩＲＯクラフト生地　布キャラクター毛糸編み針編み物畳ヘリテープ刺繍和洋裁ワッペンビーズアレキサンダーヘンリーファブリック入園入学クロバーレザークラフトＵＳＡコットンオリムパス毛糸　スフレ＜太＞,軽やかで優しい風合いのコットンヤーン。オリムパス毛糸　スフレ＜太＞[rn]
5-66227,http://tshop.r10s.jp/ky-kanariya/cabinet/02385600/img58629898.jpg?fitin=700:700,352.0000,,日用品雑貨・文房具・手芸 > 手芸・クラフト・生地 > 裁縫材料 > ミシン糸,オリムパスプレシャス＜ラメ＞（廃盤）在庫限り,最高級のエジプト綿と、最上級のシルク,"<TABLE height=""236"" border=""0"" cellpadding=""5"" cellspacing=""1"" bgcolor=""#cc3399"">  
    <TR>
      <TD nowrap height=""42"" align=""center"" bgcolor=""#ffffff"" width=""328"">
      <P><FONT size=""+0"" color=""#660000"">プレシャス＜ラメ＞ 30g</FONT></P></TD>
    </TR>
    <TR>
      <TD bgcolor=""#ffffff"" align=""left"" height=""34"" width=""328"">
      <P align=""left""><font size=""2"" color=""#3300cc"">・丹念にシルケット加工を施した高級エジプト綿と最上<BR>
      　級のシルクを使用したストレートヤーン。<BR>
・上品なラメの輝きが華やかさを演出。<BR>
      ・素材の良さを実感いただける高級感ある光沢感で、<BR>
      　シンプルな編地でも美しい仕上がりに。</font></P></TD>
    </TR>
    <TR>
      <TD bgcolor=""#ffffff"" align=""left"" height=""35"" width=""328"">
      <P align=""left""><font size=""2"" color=""#996633"">■構成　　　綿69％　絹29％　ポリエステル2％<br>
      ■仕立　　　30g玉巻（約92m）<br>
      ■棒針　　　4～5号<BR>
      ■かぎ針　　4/0～5/0号 <BR>
      ■&lt;メリヤス編ゲージ&gt;<BR>
      　　　　　　目数：22～24目　段数：29～31段<BR>
      ■糸使用量（平均） <BR>
      　　　　　　プルオーバー（長袖）　：　12玉<BR>
      　　　　　　プルオーバー（半袖）　：　10玉<BR>
      　　　　　　ベスト　　　　 　　　：　　7玉</font>
      　</P>
      </TD>
    </TR>
    <TR>
      <TD bgcolor=""#ffcccc"" align=""left"" height=""19"" width=""328"">
      <P><font size=""2"" color=""#FF0000""><b>ご注意</b></font>：<font size=""2"" color=""#000099"">
モニターにより、色の見え方が実際の商品と<br>
      異なることがございます。また注文が集中した場合な<br>
      ど、発送が遅れたり、店頭販売と在庫が重複している<br>
      ため在庫切れで販売できなくなる場合がございます。</font></P>
      </TD>
    </TR>
  </TABLE><!--G-systemここから-->
<table width=""900"" border=""0"" cellspacing=""0"" cellpadding=""0"">
  <tr>
    <td>
<!--リア受ここから-->
<center>
<div style=""width:445px; margin: 0; background-color:#fff;"">

<p style=""background-color:#630; color:#fff; font-size:14px; font-weight:bold; letter-spacing:0.1em; text-align:left; text-indent:0.8em; line-height:26px; padding:2px 0 0 0; margin:0;"">ご注文ありがとうございます！</p>

<div style=""height:300px; overflow:hidden; border:1px solid #630;"">



</div>
</div>
</center>
<!--リア受ここまで-->
    </td>
    <td width=""10"">&nbsp;</td>
    <td>
<!--リアコメここから-->
<cener>
<div style=""width:445px; margin: 0; background-color:#fff;"">

<p style=""background-color:#630; color:#fff; font-size:14px; font-weight:bold; letter-spacing:0.1em; text-align:left; text-indent:0.8em; line-height:26px; padding:2px 0 0 0; margin:0;"">お客様より頂きましたレビューをご紹介</p>

<div style=""height:300px; overflow:hidden; border:1px solid #630;"">



</div>
</div>
</center>
<!--リアコメここまで-->
    </td>
  </tr>
</table>
<!--G-systemここまで-->
<center>
<TABLE border=""1"" width=""750"">
  <TBODY>
    <TR>
      <TD height=""57"" valign=""middle"" align=""center"" bgcolor=""#592d00"" width=""100""><FONT color=""#ffffff"" size=""+1""><B>お知らせ</B></FONT></TD>
      <TD height=""50"" align=""left"" valign=""middle"" width=""650"" bgcolor=""#ffffff"">
      <B><FONT size=""-1"">誠に恐れ入りますが商品合計金額1,000円(税抜)以上のご注文でお願いいたします。</FONT></B><br>
<FONT size=""-1"" color=""#ff0000""><B>ご注文の追加、変更は最初のご注文から５時間以内とさせていただきます。</B></FONT><FONT color=""#ca134f""></FONT><BR>
 <FONT size=""-1""><B>クロネコＤＭ便発送を選択されてもサイズオーバーの場合は宅配便発送に変更させていただきます。</FONT></B><BR>
     <B><FONT size=""-1"" color=""#ff0000"">当店からのメールが届かないケースが増えております。メールがない場合はご連絡をお願いいたします。</FONT></B><br>
 <FONT size=""-1""><B>　京都カナリヤ手芸店：ky-kanariya@shop.rakuten.co.jp　075-353-0152(平日 10:00－17:00)</FONT></B><BR>

</TD>
    </TR>
  </TBODY>
</TABLE>
</center>
<center>
<strong><font size=""+1"">【今売れている生地をご紹介！】</font></strong><br>
<table cellpadding=""15"">
<tr>
<td>
<img src=""http://image.rakuten.co.jp/ky-kanariya/cabinet/img61689066.jpg""alt=""【ツートンストライプ柄】使いやすいツイル生地"" border=0 ><br>
【ツートンストライプ柄】<br>
 使いやすいツイル生地</td>

<td>
<img src=""http://image.rakuten.co.jp/ky-kanariya/cabinet/imgrc0067899118.jpg"" alt=""全９色展開！【スター☆星柄】"" border=0 ><br>
オーソドックスな星柄！<br>
【スター☆星柄】</td>

<td>
<img src=""http://image.rakuten.co.jp/ky-kanariya/cabinet/01457489/imgrc0064215245.jpg"" alt=""オックスプリント生地ラメハート"" border=0 ><br>
キラキラ光ってかわいい♪<br>
【ラメハート】</td>

<td>
<img src=""http://image.rakuten.co.jp/ky-kanariya/cabinet/img61689079.jpg""alt=""デニムに見間違える【デニム風ダブルガーゼ】"" border=0 ><br>
デニムに見間違える<br>
【デニム風ダブルガーゼ】</td>

</tr>
</table>
</center>

<center><table cellpadding=""15"">
<tr><td><img src=""http://image.rakuten.co.jp/ky-kanariya/cabinet/imgrc0065155878.jpg"" alt=""きりえプリント"" border=""0""></td>

<td><img src=""http://image.rakuten.co.jp/ky-kanariya/cabinet/01699049/img57664046x.jpg""alt=""畳ヘリテープ"" border=0 ></td>

<td><img src=""http://image.rakuten.co.jp/ky-kanariya/cabinet/01084000/img58825291.jpg"" alt=""不思議なファスナー　フリーファスナー"" border=0 ></td>

<td><img src=""http://image.rakuten.co.jp/ky-kanariya/cabinet/02993942/img58725940.jpg""alt=""ＢＥＡＤＳ　ビーズ　デリカビーズ　ペヨーテステッチ"" border=0 ></td>

</tr></table>


<IMG src=""https://image.rakuten.co.jp/_kyoto/cabinet/tate/imgrc0087153591.jpg"" border=""0"">

  
 <IMG src=""http://image.rakuten.co.jp/_osaka01/cabinet/kikaku/imgrc0062923722.jpg""><br>


<img src=""http://image.rakuten.co.jp/ky-kanariya/cabinet/imgrc0069465305.jpg"" border=""0"">


<img src=""http://image.rakuten.co.jp/ky-kanariya/cabinet/imgrc0070188464.gif"" border=""0""><br>",オリムパスプレシャス＜ラメ＞（廃盤）在庫限り：京都カナリヤ手芸店,手芸手づくりナニイロｎａｎｉＩＲＯクラフト生地　布キャラクター毛糸編み針編み物畳ヘリテープ刺繍和洋裁ワッペンビーズアレキサンダーヘンリーファブリック入園入学クロバーレザークラフトＵＳＡコットンオリムパスプレシャス＜ラメ＞（廃盤）在庫限り,最高級のエジプト綿と、最上級のシルク。オリムパスプレシャス＜ラメ＞（廃盤）在庫限り[rn]
5-66228,http://tshop.r10s.jp/ky-kanariya/cabinet/00379712/img59296726.jpg?fitin=700:700,467.2000,,日用品雑貨・文房具・手芸 > 手芸・クラフト・生地 > 裁縫材料 > ミシン糸,オリムパス毛糸ブルーム,はしご状に糸を渡して編み立てたラッセルテープヤーン,"<TABLE height=""236"" border=""0"" cellpadding=""5"" cellspacing=""1"" bgcolor=""#cc3399"">      <TR>      <TD nowrap height=""42"" align=""center"" bgcolor=""#ffffff"" width=""328"">      <P><FONT size=""+0"" color=""#660000"">ブルーム25g</FONT></P></TD>    </TR>    <TR>      <TD bgcolor=""#ffffff"" align=""left"" height=""34"" width=""328"">      <P align=""left""><font size=""2"" color=""#3300cc"">・光沢のあるコットン糸に、鮮やかなミックスカラーを<BR>      　染色しはしご状に糸を渡して編み立てたラッセルテ<BR>      　ープヤーン。<BR>      ・ナチュラル系・モノトーン系に加えて、ピンクやパー<BR>      　プル・オレンジ系カラーなどにマルチミックスを合わ<BR>      　せた華やかな色展開。<BR>      ・透け感のある糸の形状、カラフルな色合いで小物作<BR>      　りに最適。<BR>      </font></P></TD>    </TR>    <TR>      <TD bgcolor=""#ffffff"" align=""left"" height=""35"" width=""328"">      <P align=""left""><font size=""2"" color=""#996633"">■構成　　　綿75%　ポリエステル25％<br>      ■仕立　　　25g玉巻（約63m）<br>      ■棒針　　　12～14号<BR>      ■かぎ針　　8/0～10/0号 <BR>      ■&lt;メリヤス編ゲージ&gt;<BR>      　　　　　　目数：15～17目　段数：22～24段<BR>      ■糸使用量（平均） <BR>      　　　　　　プルオーバー（長袖）　：　15.玉<BR>      　　　　　　プルオーバー（半袖）　：　12玉<BR>      　　　　　　ベスト　　　　 　　　：　　9玉</font>      　</P>      </TD>    </TR>    <TR>      <TD bgcolor=""#ffcccc"" align=""left"" height=""19"" width=""328"">      <P><font size=""2"" color=""#FF0000""><b>ご注意</b></font>：<font size=""2"" color=""#000099"">モニターにより、色の見え方が実際の商品と<br>      異なることがございます。また注文が集中した場合な<br>      ど、発送が遅れたり、店頭販売と在庫が重複している<br>      ため在庫切れで販売できなくなる場合がございます。</font></P>      </TD>    </TR>  </TABLE><!--G-systemここから-->
<table width=""900"" border=""0"" cellspacing=""0"" cellpadding=""0"">
  <tr>
    <td>
<!--リア受ここから-->
<center>
<div style=""width:445px; margin: 0; background-color:#fff;"">

<p style=""background-color:#630; color:#fff; font-size:14px; font-weight:bold; letter-spacing:0.1em; text-align:left; text-indent:0.8em; line-height:26px; padding:2px 0 0 0; margin:0;"">ご注文ありがとうございます！</p>

<div style=""height:300px; overflow:hidden; border:1px solid #630;"">



</div>
</div>
</center>
<!--リア受ここまで-->
    </td>
    <td width=""10"">&nbsp;</td>
    <td>
<!--リアコメここから-->
<cener>
<div style=""width:445px; margin: 0; background-color:#fff;"">

<p style=""background-color:#630; color:#fff; font-size:14px; font-weight:bold; letter-spacing:0.1em; text-align:left; text-indent:0.8em; line-height:26px; padding:2px 0 0 0; margin:0;"">お客様より頂きましたレビューをご紹介</p>

<div style=""height:300px; overflow:hidden; border:1px solid #630;"">



</div>
</div>
</center>
<!--リアコメここまで-->
    </td>
  </tr>
</table>
<!--G-systemここまで-->
<center>
<TABLE border=""1"" width=""750"">
  <TBODY>
    <TR>
      <TD height=""57"" valign=""middle"" align=""center"" bgcolor=""#592d00"" width=""100""><FONT color=""#ffffff"" size=""+1""><B>お知らせ</B></FONT></TD>
      <TD height=""50"" align=""left"" valign=""middle"" width=""650"" bgcolor=""#ffffff"">
      <B><FONT size=""-1"">誠に恐れ入りますが商品合計金額1,000円(税抜)以上のご注文でお願いいたします。</FONT></B><br>
<FONT size=""-1"" color=""#ff0000""><B>ご注文の追加、変更は最初のご注文から５時間以内とさせていただきます。</B></FONT><FONT color=""#ca134f""></FONT><BR>
 <FONT size=""-1""><B>クロネコＤＭ便発送を選択されてもサイズオーバーの場合は宅配便発送に変更させていただきます。</FONT></B><BR>
     <B><FONT size=""-1"" color=""#ff0000"">当店からのメールが届かないケースが増えております。メールがない場合はご連絡をお願いいたします。</FONT></B><br>
 <FONT size=""-1""><B>　京都カナリヤ手芸店：ky-kanariya@shop.rakuten.co.jp　075-353-0152(平日 10:00－17:00)</FONT></B><BR>

</TD>
    </TR>
  </TBODY>
</TABLE>
</center>
<center>
<strong><font size=""+1"">【今売れている生地をご紹介！】</font></strong><br>
<table cellpadding=""15"">
<tr>
<td>
<img src=""http://image.rakuten.co.jp/ky-kanariya/cabinet/img61689066.jpg""alt=""【ツートンストライプ柄】使いやすいツイル生地"" border=0 ><br>
【ツートンストライプ柄】<br>
 使いやすいツイル生地</td>

<td>
<img src=""http://image.rakuten.co.jp/ky-kanariya/cabinet/imgrc0067899118.jpg"" alt=""全９色展開！【スター☆星柄】"" border=0 ><br>
オーソドックスな星柄！<br>
【スター☆星柄】</td>

<td>
<img src=""http://image.rakuten.co.jp/ky-kanariya/cabinet/01457489/imgrc0064215245.jpg"" alt=""オックスプリント生地ラメハート"" border=0 ><br>
キラキラ光ってかわいい♪<br>
【ラメハート】</td>

<td>
<img src=""http://image.rakuten.co.jp/ky-kanariya/cabinet/img61689079.jpg""alt=""デニムに見間違える【デニム風ダブルガーゼ】"" border=0 ><br>
デニムに見間違える<br>
【デニム風ダブルガーゼ】</td>

</tr>
</table>
</center>

<center><table cellpadding=""15"">
<tr><td><img src=""http://image.rakuten.co.jp/ky-kanariya/cabinet/imgrc0065155878.jpg"" alt=""きりえプリント"" border=""0""></td>

<td><img src=""http://image.rakuten.co.jp/ky-kanariya/cabinet/01699049/img57664046x.jpg""alt=""畳ヘリテープ"" border=0 ></td>

<td><img src=""http://image.rakuten.co.jp/ky-kanariya/cabinet/01084000/img58825291.jpg"" alt=""不思議なファスナー　フリーファスナー"" border=0 ></td>

<td><img src=""http://image.rakuten.co.jp/ky-kanariya/cabinet/02993942/img58725940.jpg""alt=""ＢＥＡＤＳ　ビーズ　デリカビーズ　ペヨーテステッチ"" border=0 ></td>

</tr></table>


<IMG src=""https://image.rakuten.co.jp/_kyoto/cabinet/tate/imgrc0087153591.jpg"" border=""0"">

  
 <IMG src=""http://image.rakuten.co.jp/_osaka01/cabinet/kikaku/imgrc0062923722.jpg""><br>


<img src=""http://image.rakuten.co.jp/ky-kanariya/cabinet/imgrc0069465305.jpg"" border=""0"">


<img src=""http://image.rakuten.co.jp/ky-kanariya/cabinet/imgrc0070188464.gif"" border=""0""><br>",オリムパス毛糸ブルーム：京都カナリヤ手芸店,手芸手づくりナニイロｎａｎｉＩＲＯクラフト生地　布キャラクター毛糸編み針編み物畳ヘリテープ刺繍和洋裁ワッペンビーズアレキサンダーヘンリーファブリック入園入学クロバーレザークラフトＵＳＡコットンオリムパス毛糸ブルーム,はしご状に糸を渡して編み立てたラッセルテープヤーン。オリムパス毛糸ブルーム[rn]
5-66229,http://tshop.r10s.jp/ky-kanariya/cabinet/orimu/img62019679.jpg?fitin=700:700,294.4000,,日用品雑貨・文房具・手芸 > 手芸・クラフト・生地 > 裁縫材料 > ミシン糸,【楽天ランキング入賞商品】オリムパス毛糸　　スフレ＜細＞,ブークレー調に撚りをかけた、軽やかで優しい風合いの糸,"重さ：25ｇ<br>糸長：約123ｍ<br>太さ：かぎ針3/0～4/0<br>素材：綿100％<br>その他：内部に空気を取り込みながらブークレー調に撚りをかけた、軽やかで優しい風合いのコットンヤーン。<br>作品に合わせて選べる、＜細＞＜太＞の２種類の太さで展開。<br>＜細＞タイプはソフトな肌触りと軽さを活かし、ウエアや身につけ小物などに最適です。<br>・優しい色合いのナチュラルカラーから、グリーン、パープル系などの彩りを加えた優しいカラーリングです。<br><br><br>ご注意：モニターにより、色の見え方が実際の商品と異なることがございます　<br>。また、注文が集中した場合など、発送が遅れたり、　<br>店頭販売と在庫が重複しているため、在庫切れで販売できなくなる可能性がございます。<br><!--G-systemここから-->
<table width=""900"" border=""0"" cellspacing=""0"" cellpadding=""0"">
  <tr>
    <td>
<!--リア受ここから-->
<center>
<div style=""width:445px; margin: 0; background-color:#fff;"">

<p style=""background-color:#630; color:#fff; font-size:14px; font-weight:bold; letter-spacing:0.1em; text-align:left; text-indent:0.8em; line-height:26px; padding:2px 0 0 0; margin:0;"">ご注文ありがとうございます！</p>

<div style=""height:300px; overflow:hidden; border:1px solid #630;"">



</div>
</div>
</center>
<!--リア受ここまで-->
    </td>
    <td width=""10"">&nbsp;</td>
    <td>
<!--リアコメここから-->
<cener>
<div style=""width:445px; margin: 0; background-color:#fff;"">

<p style=""background-color:#630; color:#fff; font-size:14px; font-weight:bold; letter-spacing:0.1em; text-align:left; text-indent:0.8em; line-height:26px; padding:2px 0 0 0; margin:0;"">お客様より頂きましたレビューをご紹介</p>

<div style=""height:300px; overflow:hidden; border:1px solid #630;"">



</div>
</div>
</center>
<!--リアコメここまで-->
    </td>
  </tr>
</table>
<!--G-systemここまで-->
<center>
<TABLE border=""1"" width=""750"">
  <TBODY>
    <TR>
      <TD height=""57"" valign=""middle"" align=""center"" bgcolor=""#592d00"" width=""100""><FONT color=""#ffffff"" size=""+1""><B>お知らせ</B></FONT></TD>
      <TD height=""50"" align=""left"" valign=""middle"" width=""650"" bgcolor=""#ffffff"">
      <B><FONT size=""-1"">誠に恐れ入りますが商品合計金額1,000円(税抜)以上のご注文でお願いいたします。</FONT></B><br>
<FONT size=""-1"" color=""#ff0000""><B>ご注文の追加、変更は最初のご注文から５時間以内とさせていただきます。</B></FONT><FONT color=""#ca134f""></FONT><BR>
 <FONT size=""-1""><B>クロネコＤＭ便発送を選択されてもサイズオーバーの場合は宅配便発送に変更させていただきます。</FONT></B><BR>
     <B><FONT size=""-1"" color=""#ff0000"">当店からのメールが届かないケースが増えております。メールがない場合はご連絡をお願いいたします。</FONT></B><br>
 <FONT size=""-1""><B>　京都カナリヤ手芸店：ky-kanariya@shop.rakuten.co.jp　075-353-0152(平日 10:00－17:00)</FONT></B><BR>

</TD>
    </TR>
  </TBODY>
</TABLE>
</center>
<center>
<strong><font size=""+1"">【今売れている生地をご紹介！】</font></strong><br>
<table cellpadding=""15"">
<tr>
<td>
<img src=""http://image.rakuten.co.jp/ky-kanariya/cabinet/img61689066.jpg""alt=""【ツートンストライプ柄】使いやすいツイル生地"" border=0 ><br>
【ツートンストライプ柄】<br>
 使いやすいツイル生地</td>

<td>
<img src=""http://image.rakuten.co.jp/ky-kanariya/cabinet/imgrc0067899118.jpg"" alt=""全９色展開！【スター☆星柄】"" border=0 ><br>
オーソドックスな星柄！<br>
【スター☆星柄】</td>

<td>
<img src=""http://image.rakuten.co.jp/ky-kanariya/cabinet/01457489/imgrc0064215245.jpg"" alt=""オックスプリント生地ラメハート"" border=0 ><br>
キラキラ光ってかわいい♪<br>
【ラメハート】</td>

<td>
<img src=""http://image.rakuten.co.jp/ky-kanariya/cabinet/img61689079.jpg""alt=""デニムに見間違える【デニム風ダブルガーゼ】"" border=0 ><br>
デニムに見間違える<br>
【デニム風ダブルガーゼ】</td>

</tr>
</table>
</center>

<center><table cellpadding=""15"">
<tr><td><img src=""http://image.rakuten.co.jp/ky-kanariya/cabinet/imgrc0065155878.jpg"" alt=""きりえプリント"" border=""0""></td>

<td><img src=""http://image.rakuten.co.jp/ky-kanariya/cabinet/01699049/img57664046x.jpg""alt=""畳ヘリテープ"" border=0 ></td>

<td><img src=""http://image.rakuten.co.jp/ky-kanariya/cabinet/01084000/img58825291.jpg"" alt=""不思議なファスナー　フリーファスナー"" border=0 ></td>

<td><img src=""http://image.rakuten.co.jp/ky-kanariya/cabinet/02993942/img58725940.jpg""alt=""ＢＥＡＤＳ　ビーズ　デリカビーズ　ペヨーテステッチ"" border=0 ></td>

</tr></table>


<IMG src=""https://image.rakuten.co.jp/_kyoto/cabinet/tate/imgrc0087153591.jpg"" border=""0"">

  
 <IMG src=""http://image.rakuten.co.jp/_osaka01/cabinet/kikaku/imgrc0062923722.jpg""><br>


<img src=""http://image.rakuten.co.jp/ky-kanariya/cabinet/imgrc0069465305.jpg"" border=""0"">


<img src=""http://image.rakuten.co.jp/ky-kanariya/cabinet/imgrc0070188464.gif"" border=""0""><br>",【楽天ランキング入賞商品】オリムパス毛糸　　スフレ＜細＞：京都カナリヤ手芸店,手芸手づくりナニイロｎａｎｉＩＲＯクラフト生地　布キャラクター毛糸編み針編み物畳ヘリテープ刺繍和洋裁ワッペンビーズアレキサンダーヘンリーファブリック入園入学クロバーレザークラフトＵＳＡコットン【楽天ランキング入賞商品】オリムパス毛糸　　スフレ＜細＞,ブークレー調に撚りをかけた、軽やかで優しい風合いの糸。【楽天ランキング入賞商品】オリムパス毛糸　　スフレ＜細＞[rn]
5-66230,http://tshop.r10s.jp/ky-kanariya/cabinet/02385600/img58629894.jpg?fitin=700:700,184.0000,,日用品雑貨・文房具・手芸 > 手芸・クラフト・生地 > 裁縫材料 > ミシン糸,オリムパス毛糸　プチ マルシェ リネン＆コットン＜太＞（廃盤）　在庫限り,インテリア小物から子供のウエアまで,"<TABLE height=""236"" border=""0"" cellpadding=""5"" cellspacing=""1"" bgcolor=""#cc3399"">      <TR>      <TD nowrap width=""332"" height=""42"" align=""center"" bgcolor=""#ffffff"">      <P><FONT size=""+0"" color=""#660000"">プチマルシェ　リネン＆コットン<br>      </FONT><FONT size=""+0"" color=""#660000"">＜太＞ 25g</FONT></P></TD>    </TR>    <TR>      <TD bgcolor=""#ffffff"" align=""left"" height=""34"" width=""332"">      <P align=""left""><font size=""2"" color=""#3300cc"">・ベルギーリネンのさらりとした質感とコットンの<br>      　優しい風合いの両素材の特徴を活かし、実用<br>      　</font><font size=""2"" color=""#3300cc"">的なインテリア小物から子供のウエアまで幅<br>      　広くお使いいただける糸です。</font></P></TD>    </TR>    <TR>      <TD bgcolor=""#ffffff"" align=""left"" height=""35"" width=""332"">      <P align=""left""><font size=""2"" color=""#996633"">■構成　　　　麻（リネン）　50％ 　・綿　50％<br>      ■仕立　　　25g玉巻（約44m）<br>      ■棒針　　　　6～7号<br>      ■かぎ針　　　5/0～6/0号<BR>     ■メリヤス編ゲージ　　　　<BR>      　　　　　　　　目数：18～20目・段数：27～29段</font>　　　</P>      </TD>    </TR>    <TR>      <TD bgcolor=""#ffcccc"" align=""left"" height=""19"" width=""332"">      <P><font size=""2"" color=""#FF0000""><b>ご注意</b></font>：<font size=""2"" color=""#000099"">モニターにより、色の見え方が実際の商品と<br>      異なることがございます。また注文が集中した場合な<br>      ど、発送が遅れたり、店頭販売と在庫が重複している<br>      ため在庫切れで販売できなくなる場合がございます。</font></P>      </TD>    </TR>  </TABLE><!--G-systemここから-->
<table width=""900"" border=""0"" cellspacing=""0"" cellpadding=""0"">
  <tr>
    <td>
<!--リア受ここから-->
<center>
<div style=""width:445px; margin: 0; background-color:#fff;"">

<p style=""background-color:#630; color:#fff; font-size:14px; font-weight:bold; letter-spacing:0.1em; text-align:left; text-indent:0.8em; line-height:26px; padding:2px 0 0 0; margin:0;"">ご注文ありがとうございます！</p>

<div style=""height:300px; overflow:hidden; border:1px solid #630;"">



</div>
</div>
</center>
<!--リア受ここまで-->
    </td>
    <td width=""10"">&nbsp;</td>
    <td>
<!--リアコメここから-->
<cener>
<div style=""width:445px; margin: 0; background-color:#fff;"">

<p style=""background-color:#630; color:#fff; font-size:14px; font-weight:bold; letter-spacing:0.1em; text-align:left; text-indent:0.8em; line-height:26px; padding:2px 0 0 0; margin:0;"">お客様より頂きましたレビューをご紹介</p>

<div style=""height:300px; overflow:hidden; border:1px solid #630;"">



</div>
</div>
</center>
<!--リアコメここまで-->
    </td>
  </tr>
</table>
<!--G-systemここまで-->
<center>
<TABLE border=""1"" width=""750"">
  <TBODY>
    <TR>
      <TD height=""57"" valign=""middle"" align=""center"" bgcolor=""#592d00"" width=""100""><FONT color=""#ffffff"" size=""+1""><B>お知らせ</B></FONT></TD>
      <TD height=""50"" align=""left"" valign=""middle"" width=""650"" bgcolor=""#ffffff"">
      <B><FONT size=""-1"">誠に恐れ入りますが商品合計金額1,000円(税抜)以上のご注文でお願いいたします。</FONT></B><br>
<FONT size=""-1"" color=""#ff0000""><B>ご注文の追加、変更は最初のご注文から５時間以内とさせていただきます。</B></FONT><FONT color=""#ca134f""></FONT><BR>
 <FONT size=""-1""><B>クロネコＤＭ便発送を選択されてもサイズオーバーの場合は宅配便発送に変更させていただきます。</FONT></B><BR>
     <B><FONT size=""-1"" color=""#ff0000"">当店からのメールが届かないケースが増えております。メールがない場合はご連絡をお願いいたします。</FONT></B><br>
 <FONT size=""-1""><B>　京都カナリヤ手芸店：ky-kanariya@shop.rakuten.co.jp　075-353-0152(平日 10:00－17:00)</FONT></B><BR>

</TD>
    </TR>
  </TBODY>
</TABLE>
</center>
<center>
<strong><font size=""+1"">【今売れている生地をご紹介！】</font></strong><br>
<table cellpadding=""15"">
<tr>
<td>
<img src=""http://image.rakuten.co.jp/ky-kanariya/cabinet/img61689066.jpg""alt=""【ツートンストライプ柄】使いやすいツイル生地"" border=0 ><br>
【ツートンストライプ柄】<br>
 使いやすいツイル生地</td>

<td>
<img src=""http://image.rakuten.co.jp/ky-kanariya/cabinet/imgrc0067899118.jpg"" alt=""全９色展開！【スター☆星柄】"" border=0 ><br>
オーソドックスな星柄！<br>
【スター☆星柄】</td>

<td>
<img src=""http://image.rakuten.co.jp/ky-kanariya/cabinet/01457489/imgrc0064215245.jpg"" alt=""オックスプリント生地ラメハート"" border=0 ><br>
キラキラ光ってかわいい♪<br>
【ラメハート】</td>

<td>
<img src=""http://image.rakuten.co.jp/ky-kanariya/cabinet/img61689079.jpg""alt=""デニムに見間違える【デニム風ダブルガーゼ】"" border=0 ><br>
デニムに見間違える<br>
【デニム風ダブルガーゼ】</td>

</tr>
</table>
</center>

<center><table cellpadding=""15"">
<tr><td><img src=""http://image.rakuten.co.jp/ky-kanariya/cabinet/imgrc0065155878.jpg"" alt=""きりえプリント"" border=""0""></td>

<td><img src=""http://image.rakuten.co.jp/ky-kanariya/cabinet/01699049/img57664046x.jpg""alt=""畳ヘリテープ"" border=0 ></td>

<td><img src=""http://image.rakuten.co.jp/ky-kanariya/cabinet/01084000/img58825291.jpg"" alt=""不思議なファスナー　フリーファスナー"" border=0 ></td>

<td><img src=""http://image.rakuten.co.jp/ky-kanariya/cabinet/02993942/img58725940.jpg""alt=""ＢＥＡＤＳ　ビーズ　デリカビーズ　ペヨーテステッチ"" border=0 ></td>

</tr></table>


<IMG src=""https://image.rakuten.co.jp/_kyoto/cabinet/tate/imgrc0087153591.jpg"" border=""0"">

  
 <IMG src=""http://image.rakuten.co.jp/_osaka01/cabinet/kikaku/imgrc0062923722.jpg""><br>


<img src=""http://image.rakuten.co.jp/ky-kanariya/cabinet/imgrc0069465305.jpg"" border=""0"">


<img src=""http://image.rakuten.co.jp/ky-kanariya/cabinet/imgrc0070188464.gif"" border=""0""><br>",オリムパス毛糸　プチ マルシェ リネン＆コットン＜太＞（廃盤）　在庫限り：京都カナリヤ手芸店,手芸手づくりナニイロｎａｎｉＩＲＯクラフト生地　布キャラクター毛糸編み針編み物畳ヘリテープ刺繍和洋裁ワッペンビーズアレキサンダーヘンリーファブリック入園入学クロバーレザークラフトＵＳＡコットンオリムパス毛糸　プチ マルシェ リネン＆コットン＜太＞（廃盤）　在庫限り,インテリア小物から子供のウエアまで。オリムパス毛糸　プチ マルシェ リネン＆コットン＜太＞（廃盤）　在庫限り[rn]
5-66231,http://tshop.r10s.jp/ky-kanariya/cabinet/02385600/img58629897.jpg?fitin=700:700,340.0000,,日用品雑貨・文房具・手芸 > 手芸・クラフト・生地 > 裁縫材料 > ミシン糸,在庫処分　オリムパス毛糸プレシャス（廃盤色のみ）,最高級のエジプト綿と、最上級のシルク,"<TABLE height=""236"" border=""0"" cellpadding=""5"" cellspacing=""1"" bgcolor=""#cc3399"">  
    <TR>
      <TD nowrap height=""42"" align=""center"" bgcolor=""#ffffff"" width=""328"">
      <P><FONT size=""+0"" color=""#660000"">プレシャス 30g</FONT></P></TD>
    </TR>
    <TR>
      <TD bgcolor=""#ffffff"" align=""left"" height=""34"" width=""328"">
      <P align=""left""><font size=""2"" color=""#3300cc"">・丹念にシルケット加工を施した最高級のエジプト綿<BR>
      　と最上級のシルクをあわせたラグジュアリーな光沢感<BR>
・シルクとコットンの自然で上品な杢感があります。<BR>
      </font></P></TD>
    </TR>
    <TR>
      <TD bgcolor=""#ffffff"" align=""left"" height=""35"" width=""328"">
      <P align=""left""><font size=""2"" color=""#996633"">■構成　　　綿70％　絹30％<br>
      ■仕立　　　30g玉巻（約92m）<br>
      ■棒針　　　4～5号<BR>
      ■かぎ針　　4/0～5/0号 <BR>
      ■&lt;メリヤス編ゲージ&gt;<BR>
      　　　　　　目数：22～24目　段数：29～31段<BR>
      ■糸使用量（平均） <BR>
      　　　　　　プルオーバー（長袖）　：　12玉<BR>
      　　　　　　プルオーバー（半袖）　：　10玉<BR>
      　　　　　　ベスト　　　　 　　　：　　7玉</font>
      　</P>
      </TD>
    </TR>
    <TR>
      <TD bgcolor=""#ffcccc"" align=""left"" height=""19"" width=""328"">
      <P><font size=""2"" color=""#FF0000""><b>ご注意</b></font>：<font size=""2"" color=""#000099"">
モニターにより、色の見え方が実際の商品と<br>
      異なることがございます。また注文が集中した場合な<br>
      ど、発送が遅れたり、店頭販売と在庫が重複している<br>
      ため在庫切れで販売できなくなる場合がございます。</font></P>
      </TD>
    </TR>
  </TABLE><!--G-systemここから-->
<table width=""900"" border=""0"" cellspacing=""0"" cellpadding=""0"">
  <tr>
    <td>
<!--リア受ここから-->
<center>
<div style=""width:445px; margin: 0; background-color:#fff;"">

<p style=""background-color:#630; color:#fff; font-size:14px; font-weight:bold; letter-spacing:0.1em; text-align:left; text-indent:0.8em; line-height:26px; padding:2px 0 0 0; margin:0;"">ご注文ありがとうございます！</p>

<div style=""height:300px; overflow:hidden; border:1px solid #630;"">



</div>
</div>
</center>
<!--リア受ここまで-->
    </td>
    <td width=""10"">&nbsp;</td>
    <td>
<!--リアコメここから-->
<cener>
<div style=""width:445px; margin: 0; background-color:#fff;"">

<p style=""background-color:#630; color:#fff; font-size:14px; font-weight:bold; letter-spacing:0.1em; text-align:left; text-indent:0.8em; line-height:26px; padding:2px 0 0 0; margin:0;"">お客様より頂きましたレビューをご紹介</p>

<div style=""height:300px; overflow:hidden; border:1px solid #630;"">



</div>
</div>
</center>
<!--リアコメここまで-->
    </td>
  </tr>
</table>
<!--G-systemここまで-->
<center>
<TABLE border=""1"" width=""750"">
  <TBODY>
    <TR>
      <TD height=""57"" valign=""middle"" align=""center"" bgcolor=""#592d00"" width=""100""><FONT color=""#ffffff"" size=""+1""><B>お知らせ</B></FONT></TD>
      <TD height=""50"" align=""left"" valign=""middle"" width=""650"" bgcolor=""#ffffff"">
      <B><FONT size=""-1"">誠に恐れ入りますが商品合計金額1,000円(税抜)以上のご注文でお願いいたします。</FONT></B><br>
<FONT size=""-1"" color=""#ff0000""><B>ご注文の追加、変更は最初のご注文から５時間以内とさせていただきます。</B></FONT><FONT color=""#ca134f""></FONT><BR>
 <FONT size=""-1""><B>クロネコＤＭ便発送を選択されてもサイズオーバーの場合は宅配便発送に変更させていただきます。</FONT></B><BR>
     <B><FONT size=""-1"" color=""#ff0000"">当店からのメールが届かないケースが増えております。メールがない場合はご連絡をお願いいたします。</FONT></B><br>
 <FONT size=""-1""><B>　京都カナリヤ手芸店：ky-kanariya@shop.rakuten.co.jp　075-353-0152(平日 10:00－17:00)</FONT></B><BR>

</TD>
    </TR>
  </TBODY>
</TABLE>
</center>
<center>
<strong><font size=""+1"">【今売れている生地をご紹介！】</font></strong><br>
<table cellpadding=""15"">
<tr>
<td>
<img src=""http://image.rakuten.co.jp/ky-kanariya/cabinet/img61689066.jpg""alt=""【ツートンストライプ柄】使いやすいツイル生地"" border=0 ><br>
【ツートンストライプ柄】<br>
 使いやすいツイル生地</td>

<td>
<img src=""http://image.rakuten.co.jp/ky-kanariya/cabinet/imgrc0067899118.jpg"" alt=""全９色展開！【スター☆星柄】"" border=0 ><br>
オーソドックスな星柄！<br>
【スター☆星柄】</td>

<td>
<img src=""http://image.rakuten.co.jp/ky-kanariya/cabinet/01457489/imgrc0064215245.jpg"" alt=""オックスプリント生地ラメハート"" border=0 ><br>
キラキラ光ってかわいい♪<br>
【ラメハート】</td>

<td>
<img src=""http://image.rakuten.co.jp/ky-kanariya/cabinet/img61689079.jpg""alt=""デニムに見間違える【デニム風ダブルガーゼ】"" border=0 ><br>
デニムに見間違える<br>
【デニム風ダブルガーゼ】</td>

</tr>
</table>
</center>

<center><table cellpadding=""15"">
<tr><td><img src=""http://image.rakuten.co.jp/ky-kanariya/cabinet/imgrc0065155878.jpg"" alt=""きりえプリント"" border=""0""></td>

<td><img src=""http://image.rakuten.co.jp/ky-kanariya/cabinet/01699049/img57664046x.jpg""alt=""畳ヘリテープ"" border=0 ></td>

<td><img src=""http://image.rakuten.co.jp/ky-kanariya/cabinet/01084000/img58825291.jpg"" alt=""不思議なファスナー　フリーファスナー"" border=0 ></td>

<td><img src=""http://image.rakuten.co.jp/ky-kanariya/cabinet/02993942/img58725940.jpg""alt=""ＢＥＡＤＳ　ビーズ　デリカビーズ　ペヨーテステッチ"" border=0 ></td>

</tr></table>


<IMG src=""https://image.rakuten.co.jp/_kyoto/cabinet/tate/imgrc0087153591.jpg"" border=""0"">

  
 <IMG src=""http://image.rakuten.co.jp/_osaka01/cabinet/kikaku/imgrc0062923722.jpg""><br>


<img src=""http://image.rakuten.co.jp/ky-kanariya/cabinet/imgrc0069465305.jpg"" border=""0"">


<img src=""http://image.rakuten.co.jp/ky-kanariya/cabinet/imgrc0070188464.gif"" border=""0""><br>",在庫処分　オリムパス毛糸プレシャス（廃盤色のみ）：京都カナリヤ手芸店,手芸手づくりナニイロｎａｎｉＩＲＯクラフト生地　布キャラクター毛糸編み針編み物畳ヘリテープ刺繍和洋裁ワッペンビーズアレキサンダーヘンリーファブリック入園入学クロバーレザークラフトＵＳＡコットン在庫処分　オリムパス毛糸プレシャス（廃盤色のみ）,最高級のエジプト綿と、最上級のシルク。在庫処分　オリムパス毛糸プレシャス（廃盤色のみ）[rn]
5-66232,http://tshop.r10s.jp/knit-kobo/cabinet/item/013/013-8_1new.jpg?fitin=700:700,160.0000,,日用品雑貨・文房具・手芸 > 手芸・クラフト・生地 > 裁縫材料 > ミシン糸,【ソーイング用品】フジックス　レジロン系（ニット生地用糸）　ナイロン100%,生地・服地のニット工房,"レジロン糸　300m<br>・フジックスのレジロン糸（ニット生地用糸）<br>【素　材】 ナイロン100％
<br>
※1個あたりの価格です。<br><font color=red>※メール便には対応していません。</font><br><br>
<b>生地に合わせた色をおまかせする方法と糸の色番号を指定する方法がございます。<br>
数量の項目に注文する糸の総数を入力してください。</b><br><br>
■生地に合わせた色をおまかせの場合<br>
注文時の備考欄に、合わせたい生地の商品番号をご記入ください。<br>
例：A-2023に合わせてください。<br><br>

■糸の色番号を指定する場合<br>
注文時の備考欄に、糸の色番号をご記入ください。<br>
例：402番

<br><font color=red>※環境によって色が変わって見える事があるため色見本はご用意しておりません。
<br>フジックスの色見本をお持ちの方、色番号がお分かりの方がご利用下さい。</font><br><br><table width=""740"" border=""0"" cellpadding=""0"" cellspacing=""0"">
<tr><td><img src=""http://image.rakuten.co.jp/knit-kobo/cabinet/parts/title_osusume.gif"" width=""740"" height=""45"" alt=""おすすめ商品"" /></td></tr></table>

<table width=""740"" border=""0"" cellpadding=""0"" cellspacing=""0"">

  <tr><td><p style=""margin-bottom:10px""><img src=""http://image.rakuten.co.jp/knit-kobo/cabinet/parts/s_sale.jpg"" width=""740"" height=""76"" alt=""プライスダウン"" /></p></td></tr>

  <tr><td><p style=""margin-bottom:10px""><img src=""http://image.rakuten.co.jp/knit-kobo/cabinet/parts/natukiji200_b.jpg"" width=""740"" height=""76"" alt=""SALE1ｍ200円"" /></p></td></tr>

  <tr><td><p style=""margin-bottom:10px""><img src=""http://image.rakuten.co.jp/knit-kobo/cabinet/parts/s_yy_50off_b.jpg"" width=""740"" height=""76"" alt=""SS商品半額"" /></p></td></tr>

  <tr><td><p style=""margin-bottom:10px""><img src=""http://image.rakuten.co.jp/knit-kobo/cabinet/parts/s_kyaraquilt.jpg"" width=""740"" height=""76"" alt=""kyara50"" /></p></td></tr>

  <tr><td><p style=""margin-bottom:10px""><img src=""http://image.rakuten.co.jp/knit-kobo/cabinet/parts/bn-rt-cat_02.jpg"" width=""740"" height=""76"" alt=""お買得カット生地"" /></p></td></tr>

  <tr><td><p style=""margin-bottom:10px""><img src=""http://image.rakuten.co.jp/knit-kobo/cabinet/parts/resu_1.jpg"" width=""740"" height=""76"" alt=""レース特集"" /></p></td></tr>

  <tr><td><p style=""margin-bottom:10px""><img src=""http://image.rakuten.co.jp/knit-kobo/cabinet/parts/daburugaze_b.jpg"" width=""740"" height=""76"" alt=""ダブルガーゼ"" /></p></td></tr>

<!--  
  <tr><td><p style=""margin-bottom:10px""><img src=""http://image.rakuten.co.jp/knit-kobo/cabinet/parts/nyuuenn_b.jpg"" width=""740"" alt=""入園"" /></p></td></tr>
</table>
  -->
<p>&nbsp;</p>
<table width=""740"" border=""0"" cellpadding=""0"" cellspacing=""0"">
    <td><img src=""http://image.rakuten.co.jp/knit-kobo/cabinet/parts/footer_guide.gif"" width=""740"" height=""62"" alt=""ショッピングガイド"" /></td></tr>  

<tr><td class=""footer_bg""><table width=""700"" align=""center"" cellpadding=""5"">
        <tr>
          <td valign=""top""><p><img src=""https://image.rakuten.co.jp/knit-kobo/cabinet/parts/footer_shiharai.gif"" width=""220"" height=""31"" alt=""お支払方法"" /></p>
          <p class=""bold"">●クレジットカード</p>
          <p><img src=""http://image.rakuten.co.jp/knit-kobo/cabinet/parts/footer_card.gif"" width=""197"" height=""85"" alt=""クレジットカード"" /></p>
          <p>&nbsp;</p>
          <p class=""bold"">●銀行振込</p>
          <p class=""bold"">●商品代引き</p>
          <p class=""bold"">●楽天バンク決済</p>
          <p><img src=""http://image.rakuten.co.jp/knit-kobo/cabinet/parts/footer_hassou.gif"" width=""220"" height=""31"" alt=""発送方法"" /></p>
          <p class=""bold"">●ゆうパック（または福山通運）</p>
          <p>送料：全国一律540円</p>
          <p>※3,000円以上お買い上げで送料無料</p>
          <p>&nbsp;</p>
          <p class=""bold"">●メール便（ゆうメール）</p>
          <p>送料：全国一律164円</p>
          <p class=""bold_red"">※日時のご指定、速達、代引きでのお支払はできません。</p>
　　　　　<p class=""bold_red"">※メール便は配達時の欠損、盗難、不達、延着の保証がございません。</p>
　　　　　<p class=""bold_red"">※お荷物お問い合わせ番号はございません。</p>
          <p><strong>●メール便1通あたり縦30cm・横25cm・厚さ2cmまでのサイズでお送りします。</strong><br />
            ●メール便に対応していない商品や、個数によってメール便1通あたりに入る生地の長さに限りがございます。
各商品ページにて、メール便対応個数を表記しておりますのでご確認ください。<br />
●メール便が複数になる場合でもシステムの都合上、一旦は1通分の送料(164円)で計算されます。<br />
          後ほど修正した送料をお知らせいたしますので合計金額をお確かめください。  </p>
          <p><br />
          </p></td>
          <td valign=""top""><p><img src=""http://image.rakuten.co.jp/knit-kobo/cabinet/parts/footer_henpin.gif"" width=""220"" height=""31"" alt=""返品と交換"" /></p>
            <p>●返品・交換・商品には万全を期しておりますが、万が一商品が破損・汚損していた場合は商品の到着後、３日以内にご連絡ください。（返送の際の送料は当社負担です）</p>
            <p><br />
            <p class=""bold_red"">●基本的に布はお客様のご注文に応じてカットしているため、お客様のご都合による返品・交換・キャンセルはお断りしております。 </p>
            <p><br />
              ●返金について
              返品商品到着確認後３日以内にご指定口座にお振込いたします。</p>
            <p>&nbsp;</p>
            <p> ●返品連絡先<br />
              電話番号：089-952-7163 <br />
          メールアドレス：knit-kobo@shop.rakuten.co.jp</p></td>
          <td valign=""top""><p><img src=""http://image.rakuten.co.jp/knit-kobo/cabinet/parts/footer_eigyou.gif"" width=""220"" height=""31"" alt=""営業時間"" /></p>
            <p>月～土　10:00～17:00<br />
              TEL 089-952-7163<br />
              ※日・祝祭日はお休み</p>
            <p>&nbsp;</p>
<p><img src=""http://image.rakuten.co.jp/knit-kobo/cabinet/parts/footer_doukon.gif"" width=""220"" height=""31"" alt=""追加注文と同梱について"" /></p>
          <p>●通常、ご指定がない限り、銀行振込のお支払であればご入金確認後、クレジットカード・代金引換であればご注文受付後に順次商品を発送しています。<br />
          追加注文の同梱をご希望の場合はご注文時の備考欄にご一報ください。</p>
          <p class=""bold_red"">●楽天市場ショップ以外（当店ホームページ）との同梱はできません。</p>
          <p>&nbsp;</p>
          <p><img src=""http://image.rakuten.co.jp/knit-kobo/cabinet/parts/footer_torioki.gif"" width=""220"" height=""31"" alt=""追加注文と同梱について"" /><br />
            <span class=""bold_red"">●期限はご注文日より1週間以内です。<br />
            ●1週間を過ぎますと自動的に発送させていただきますのでご了承ください。</span><br />
            ●注文の際の備考欄に「取り置き希望」のご記入をお願いします。<br />
            ●追加注文時に備考欄に「同梱」「引き続き取り置き」「取り置き終了」の記入をお願いします。<br />
            ●お取り置きの場合でもご注文後、商品の確保のためすぐにカットしますので、同じ商品を追加注文の場合続けてのカットが出来ない可能性があります。<br />
          <p class=""bold_red"">●数量・商品変更・キャンセルはお受けできません。</p></td>
        </tr>
      </table></td>
  </tr>
    <tr>
      <td><img src=""http://image.rakuten.co.jp/knit-kobo/cabinet/parts/footer_last.gif"" width=""740"" height=""65"" alt=""ショッピングガイド"" /></td>
    </tr>
    <tr>

      <td>&nbsp;</td>
    </tr>
</table>",【ソーイング用品】フジックス　レジロン系（ニット生地用糸）　ナイロン100%：生地・服地のニット工房,ニット工房プリント生地布地ボーダー手芸送料無料インテリア雑貨手作りセール趣味リバティマリメッコロッタキャラクターレースクラフト介護【ソーイング用品】フジックス　レジロン系（ニット生地用糸）　ナイロン100%,生地・服地のニット工房。【ソーイング用品】フジックス　レジロン系（ニット生地用糸）　ナイロン100%[rn]
5-66233,http://tshop.r10s.jp/te-ami/cabinet/7mrk21.jpg?fitin=700:700,160.0000,,日用品雑貨・文房具・手芸 > 手芸・クラフト・生地 > 裁縫材料 > ミシン糸,【家庭用】【ミシン糸】【シャッペスパン】普通地用ミシン糸　シャッペスパン　60番　２００m巻き　ブルーボビン  はこぽす対応商品P19Jul15,,"<table width=""400"" bgcolor=""#ccbfb7"" cellspacing=""1"" cellpadding=""3""><tr><th colspan=""2"" align=""center"" bgcolor=""#a29791""><b>
<font color=""#fffffd"">商品説明</font></b></th></tr><tr><th width=""94"" align=""center"" bgcolor=""#eceaeb""><font size=""2"" 
color=""#474141"">素材<br /><br />長さ<br /><br />太さ</font></th><td width=""291"" bgcolor=""#ffffff""><font size=""2"" color=""#464241"">
ポリエステル100%<br /><br />約２００m<br /><br />６０番（311dtex）</font></td></tr><tr><th width=""94"" align=""center"" 
bgcolor=""#eceaeb""><font size=""2"" color=""#474141"">適合ミシン針<br /><br />色数<br /><br />染色</font></th><td width=""291"" 
bgcolor=""#ffffff""><font size=""2"" color=""#464241"">ミシン針１１号～１４号<br /><br />２９２色<br /><br />JIS堅ろう染</font></td>
</tr><tr><th width=""94"" align=""center"" bgcolor=""#eceaeb""><font size=""2"" color=""#474141"">強さ<br /><br />伸び</font></th><td 
width=""291"" bgcolor=""#ffffff""><font size=""2"" color=""#464241"">1,350gf<br /><br />13%</font></td></tr><tr><th width=""94"" 
align=""center"" bgcolor=""#eceaeb""><font size=""2"" color=""#474141"">特徴</font></th><td width=""291"" bgcolor=""#ffffff""><font size=""2"" 
color=""#464241"">
ポリエステル100%の普通地用ミシン糸です。コットン、ウール、合繊、どんな生地にもよくなじみます。なめらかで、ムラもなく、縫いやすさは抜群です。さらっとした手触りです。
<br />ブロード、コーデュロイ、フラノ、ガーゼ、シーチング、ソフトデニムなどやや薄手からやや厚手の生地まで巾広く使えます。</font>
</td></tr><tr><th width=""94"" align=""center"" bgcolor=""#eceaeb""><font size=""2"" color=""#474141"">注意</font></th><td width=""291"" 
bgcolor=""#ffffff""><font size=""2"" color=""#464241"">モニターの発色の具合によって実際のものと色が異なる場合がございます。</font></td>
</tr></table>
<center><img src="" http://image.rakuten.co.jp/te-ami/cabinet/03451625/imgrc0068874256.jpg"" border=""0"" width=""400"" height=""260""><link href=""http://www.rakuten.ne.jp/gold/te-ami/compass/shop/css/style_rms.css"" type=""text/css"" media=""all"" rel=""stylesheet"">

<table width=""748"" align=""center"" cellpadding=""0"" cellspacing=""0"" border=""0"" style=""margin:0; padding:0;"">
<tr>
<td>

</td>
</tr>
</table>",【家庭用】【ミシン糸】【シャッペスパン】普通地用ミシン糸　シャッペスパン　60番　２００m巻き　ブルーボビン  はこぽす対応商品P19Jul15：ほのぼの手-ami,【家庭用】【ミシン糸】【シャッペスパン】普通地用ミシン糸　シャッペスパン　60番　２００m巻き　ブルーボビン  はこぽす対応商品P19Jul15,【家庭用】【ミシン糸】【シャッペスパン】普通地用ミシン糸　シャッペスパン　60番　２００m巻き　ブルーボビン  はこぽす対応商品P19Jul15[rn]
5-66234,http://tshop.r10s.jp/akibamac/cabinet/04785997/4977528561633.jpg?fitin=700:700,134.4000,,日用品雑貨・文房具・手芸 > 手芸・クラフト・生地 > 裁縫材料 > ミシン糸,フジックスシャッペスパンミシン糸 60番200m 60-200M-163 (ｼｬｯﾍﾟｽﾊﾟﾝ60200M),,"<table border=""0"" cellpadding=""0"" cellspacing=""0"" width=""710"" style=""line-height:140%;""><tr><td><font size=""2"">■普通地用<br>■綿糸の縫いやすさと美しい光沢を併せ持つポリエステル糸。<br>■ポリエステル100％<br>■60番／200m<br>■ミシン針9～14<br><br></font></td></tr></table><table cellspacing=""0"" cellpadding=""4"" border=""1"" width=""710"" bordercolor=""#cccccc""><tr><td width=""180"" bgcolor=""#efefef""><font size=""2"">商品名</font></td><td width=""530""><font size=""2"">シャッペスパンミシン糸60番200m　60-200M-163</font></td></tr><tr><td width=""180"" bgcolor=""#efefef""><font size=""2"">型番</font></td><td width=""530""><font size=""2"">ｼｬｯﾍﾟｽﾊﾟﾝ60200M163</font></td></tr><tr><td width=""180"" bgcolor=""#efefef""><font size=""2"">ＪＡＮコード</font></td><td width=""530""><font size=""2"">4977528561633</font></td></tr><tr><td width=""180"" bgcolor=""#efefef""><font size=""2"">メーカー</font></td><td width=""530""><font size=""2"">フジックス</font></td></tr><tr><td width=""180"" bgcolor=""#efefef""><font size=""2"">シリーズ名/愛称</font></td><td width=""530""><font size=""2"">シャッペスパン</font></td></tr><tr><td width=""180"" bgcolor=""#efefef""><font size=""2"">対応機種</font></td><td width=""530""><font size=""2"">ミシン用</font></td></tr><tr><td width=""180"" bgcolor=""#efefef""><font size=""2"">生地：普通地用</font></td><td width=""530""><font size=""2"">ミシン針：9～14</font></td></tr></table><style type=""text/css"">
<!--
.rakuten-camp {
	width: 725px;
	border: 2px solid #3399FF;
	padding-top: 5px;
	-moz-border-radius:4px; /*Firefox*/
	-webkit-border-radius: 4px; /*Safari,Chrome*/
	border-radius:4px; /*Opera,Chrome*/
	margin:0 10px 10px 0;
}

/* 価格に枠線がつく */
table#rakutenLimitedId_cart {
    background-color: #f8f8f8;
    border: 1px solid #ddd;
    padding: 8px;
    margin: 16px 0;
}

span.price1 {
    color: #333 !important;
    font-weight: bold;
    font-size: 80% !important;
    line-height: 30px;
    display: inline-block;
    margin-right: 16px;
}

-->
</style>

<!--バナーエリア-->

<!--【消すな！】★★★ height=""380"" で設定してください。★★★-->
<!--バナーエリアここまで-->

<!--楽天キャンペーン-->

<h2 style=""margin:20px 0 10px 0;""><img src=""http://www.rakuten.ne.jp/gold/akibamac/frame/images/rakuten_title2.gif"" alt=""楽天市場のお得なキャンペーン"" width=""730"" height=""42"" border=""0""></h2>
<div class=""rakuten-camp"" style=""margin:0 0 0 0;"">


<!--楽天キャンペーン@ここまで-->",フジックスシャッペスパンミシン糸 60番200m 60-200M-163 (ｼｬｯﾍﾟｽﾊﾟﾝ60200M)：ソフマップ　デジタルコレクション,ソフマップ デジタルコレクションSofmap Digital CollectionパソコンタブレットPCHDDアセンブリパーツパソコンパーツテレビゲームブルーレイソフトDVDソフト液晶テレビブルーレイディスクレコーダーデジタル一眼レフカメラデジタルカメラ家電時計中古　ソフトアウトレット中古ノートパソコン中古パソコンフジックスシャッペスパンミシン糸 60番200m 60-200M-163 (ｼｬｯﾍﾟｽﾊﾟﾝ60200M),フジックスシャッペスパンミシン糸 60番200m 60-200M-163 (ｼｬｯﾍﾟｽﾊﾟﾝ60200M)[rn]
5-66235,http://tshop.r10s.jp/akibamac/cabinet/04785997/4977528833587.jpg?fitin=700:700,142.4000,,日用品雑貨・文房具・手芸 > 手芸・クラフト・生地 > 裁縫材料 > ミシン糸,フジックスキングスターミシン刺しゅう糸 50番250m 50-250M-358 (ｽﾀｰﾐｼﾝｼｼｭｳｲﾄ502),,"<table border=""0"" cellpadding=""0"" cellspacing=""0"" width=""710"" style=""line-height:140%;""><tr><td><font size=""2"">■キルティング・アップリケ・デコレーション・剌しゅう用<br>■独特な光沢とやわらかさを併せ持つ糸。安定した美しい仕上がりで縫いやすく、耐久性のある糸なので刺しゅうや飾り縫いなど幅広くお使いいただけます。<br>■ポリエステル100％<br>■ミシン針11～14<br><br></font></td></tr></table><table cellspacing=""0"" cellpadding=""4"" border=""1"" width=""710"" bordercolor=""#cccccc""><tr><td width=""180"" bgcolor=""#efefef""><font size=""2"">商品名</font></td><td width=""530""><font size=""2"">キングスターミシン刺しゅう糸50番250m　50-250M-35</font></td></tr><tr><td width=""180"" bgcolor=""#efefef""><font size=""2"">型番</font></td><td width=""530""><font size=""2"">ｽﾀｰﾐｼﾝｼｼｭｳｲﾄ50250M35</font></td></tr><tr><td width=""180"" bgcolor=""#efefef""><font size=""2"">ＪＡＮコード</font></td><td width=""530""><font size=""2"">4977528833587</font></td></tr><tr><td width=""180"" bgcolor=""#efefef""><font size=""2"">メーカー</font></td><td width=""530""><font size=""2"">フジックス</font></td></tr><tr><td width=""180"" bgcolor=""#efefef""><font size=""2"">シリーズ名/愛称</font></td><td width=""530""><font size=""2"">キングスター</font></td></tr><tr><td width=""180"" bgcolor=""#efefef""><font size=""2"">対応機種</font></td><td width=""530""><font size=""2"">ミシン用</font></td></tr><tr><td width=""180"" bgcolor=""#efefef""><font size=""2"">用途：キルティング・アップリケ・デコレーション・剌しゅう用</font></td><td width=""530""><font size=""2"">ミシン針：11～14</font></td></tr></table><style type=""text/css"">
<!--
.rakuten-camp {
	width: 725px;
	border: 2px solid #3399FF;
	padding-top: 5px;
	-moz-border-radius:4px; /*Firefox*/
	-webkit-border-radius: 4px; /*Safari,Chrome*/
	border-radius:4px; /*Opera,Chrome*/
	margin:0 10px 10px 0;
}

/* 価格に枠線がつく */
table#rakutenLimitedId_cart {
    background-color: #f8f8f8;
    border: 1px solid #ddd;
    padding: 8px;
    margin: 16px 0;
}

span.price1 {
    color: #333 !important;
    font-weight: bold;
    font-size: 80% !important;
    line-height: 30px;
    display: inline-block;
    margin-right: 16px;
}

-->
</style>

<!--バナーエリア-->

<!--【消すな！】★★★ height=""380"" で設定してください。★★★-->
<!--バナーエリアここまで-->

<!--楽天キャンペーン-->

<h2 style=""margin:20px 0 10px 0;""><img src=""http://www.rakuten.ne.jp/gold/akibamac/frame/images/rakuten_title2.gif"" alt=""楽天市場のお得なキャンペーン"" width=""730"" height=""42"" border=""0""></h2>
<div class=""rakuten-camp"" style=""margin:0 0 0 0;"">


<!--楽天キャンペーン@ここまで-->",フジックスキングスターミシン刺しゅう糸 50番250m 50-250M-358 (ｽﾀｰﾐｼﾝｼｼｭｳｲﾄ502)：ソフマップ　デジタルコレクション,ソフマップ デジタルコレクションSofmap Digital CollectionパソコンタブレットPCHDDアセンブリパーツパソコンパーツテレビゲームブルーレイソフトDVDソフト液晶テレビブルーレイディスクレコーダーデジタル一眼レフカメラデジタルカメラ家電時計中古　ソフトアウトレット中古ノートパソコン中古パソコンフジックスキングスターミシン刺しゅう糸 50番250m 50-250M-358 (ｽﾀｰﾐｼﾝｼｼｭｳｲﾄ502),フジックスキングスターミシン刺しゅう糸 50番250m 50-250M-358 (ｽﾀｰﾐｼﾝｼｼｭｳｲﾄ502)[rn]
5-66236,http://tshop.r10s.jp/akibamac/cabinet/04785997/4977528562012.jpg?fitin=700:700,134.4000,,日用品雑貨・文房具・手芸 > 手芸・クラフト・生地 > 裁縫材料 > ミシン糸,フジックスシャッペスパンミシン糸 60番200m 60-200M-201 (ｼｬｯﾍﾟｽﾊﾟﾝ60200M),,"<table border=""0"" cellpadding=""0"" cellspacing=""0"" width=""710"" style=""line-height:140%;""><tr><td><font size=""2"">■普通地用<br>■綿糸の縫いやすさと美しい光沢を併せ持つポリエステル糸。<br>■ポリエステル100％<br>■60番／200m<br>■ミシン針9～14<br><br></font></td></tr></table><table cellspacing=""0"" cellpadding=""4"" border=""1"" width=""710"" bordercolor=""#cccccc""><tr><td width=""180"" bgcolor=""#efefef""><font size=""2"">商品名</font></td><td width=""530""><font size=""2"">シャッペスパンミシン糸60番200m　60-200M-201</font></td></tr><tr><td width=""180"" bgcolor=""#efefef""><font size=""2"">型番</font></td><td width=""530""><font size=""2"">ｼｬｯﾍﾟｽﾊﾟﾝ60200M201</font></td></tr><tr><td width=""180"" bgcolor=""#efefef""><font size=""2"">ＪＡＮコード</font></td><td width=""530""><font size=""2"">4977528562012</font></td></tr><tr><td width=""180"" bgcolor=""#efefef""><font size=""2"">メーカー</font></td><td width=""530""><font size=""2"">フジックス</font></td></tr><tr><td width=""180"" bgcolor=""#efefef""><font size=""2"">シリーズ名/愛称</font></td><td width=""530""><font size=""2"">シャッペスパン</font></td></tr><tr><td width=""180"" bgcolor=""#efefef""><font size=""2"">対応機種</font></td><td width=""530""><font size=""2"">ミシン用</font></td></tr><tr><td width=""180"" bgcolor=""#efefef""><font size=""2"">生地：普通地用</font></td><td width=""530""><font size=""2"">ミシン針：9～14</font></td></tr></table><style type=""text/css"">
<!--
.rakuten-camp {
	width: 725px;
	border: 2px solid #3399FF;
	padding-top: 5px;
	-moz-border-radius:4px; /*Firefox*/
	-webkit-border-radius: 4px; /*Safari,Chrome*/
	border-radius:4px; /*Opera,Chrome*/
	margin:0 10px 10px 0;
}

/* 価格に枠線がつく */
table#rakutenLimitedId_cart {
    background-color: #f8f8f8;
    border: 1px solid #ddd;
    padding: 8px;
    margin: 16px 0;
}

span.price1 {
    color: #333 !important;
    font-weight: bold;
    font-size: 80% !important;
    line-height: 30px;
    display: inline-block;
    margin-right: 16px;
}

-->
</style>

<!--バナーエリア-->

<!--【消すな！】★★★ height=""380"" で設定してください。★★★-->
<!--バナーエリアここまで-->

<!--楽天キャンペーン-->

<h2 style=""margin:20px 0 10px 0;""><img src=""http://www.rakuten.ne.jp/gold/akibamac/frame/images/rakuten_title2.gif"" alt=""楽天市場のお得なキャンペーン"" width=""730"" height=""42"" border=""0""></h2>
<div class=""rakuten-camp"" style=""margin:0 0 0 0;"">


<!--楽天キャンペーン@ここまで-->",フジックスシャッペスパンミシン糸 60番200m 60-200M-201 (ｼｬｯﾍﾟｽﾊﾟﾝ60200M)：ソフマップ　デジタルコレクション,ソフマップ デジタルコレクションSofmap Digital CollectionパソコンタブレットPCHDDアセンブリパーツパソコンパーツテレビゲームブルーレイソフトDVDソフト液晶テレビブルーレイディスクレコーダーデジタル一眼レフカメラデジタルカメラ家電時計中古　ソフトアウトレット中古ノートパソコン中古パソコンフジックスシャッペスパンミシン糸 60番200m 60-200M-201 (ｼｬｯﾍﾟｽﾊﾟﾝ60200M),フジックスシャッペスパンミシン糸 60番200m 60-200M-201 (ｼｬｯﾍﾟｽﾊﾟﾝ60200M)[rn]
5-66237,http://tshop.r10s.jp/akibamac/cabinet/04785997/4977528830067.jpg?fitin=700:700,142.4000,,日用品雑貨・文房具・手芸 > 手芸・クラフト・生地 > 裁縫材料 > ミシン糸,フジックスキングスターミシン刺しゅう糸 50番250m 50-250M-6 (ｽﾀｰﾐｼﾝｼｼｭｳｲﾄ502),,"<table border=""0"" cellpadding=""0"" cellspacing=""0"" width=""710"" style=""line-height:140%;""><tr><td><font size=""2"">■キルティング・アップリケ・デコレーション・剌しゅう用<br>■独特な光沢とやわらかさを併せ持つ糸。安定した美しい仕上がりで縫いやすく、耐久性のある糸なので刺しゅうや飾り縫いなど幅広くお使いいただけます。<br>■ポリエステル100％<br>■ミシン針11～14<br><br></font></td></tr></table><table cellspacing=""0"" cellpadding=""4"" border=""1"" width=""710"" bordercolor=""#cccccc""><tr><td width=""180"" bgcolor=""#efefef""><font size=""2"">商品名</font></td><td width=""530""><font size=""2"">キングスターミシン刺しゅう糸50番250m　50-250M-6</font></td></tr><tr><td width=""180"" bgcolor=""#efefef""><font size=""2"">型番</font></td><td width=""530""><font size=""2"">ｽﾀｰﾐｼﾝｼｼｭｳｲﾄ50250M6</font></td></tr><tr><td width=""180"" bgcolor=""#efefef""><font size=""2"">ＪＡＮコード</font></td><td width=""530""><font size=""2"">4977528830067</font></td></tr><tr><td width=""180"" bgcolor=""#efefef""><font size=""2"">メーカー</font></td><td width=""530""><font size=""2"">フジックス</font></td></tr><tr><td width=""180"" bgcolor=""#efefef""><font size=""2"">シリーズ名/愛称</font></td><td width=""530""><font size=""2"">キングスター</font></td></tr><tr><td width=""180"" bgcolor=""#efefef""><font size=""2"">対応機種</font></td><td width=""530""><font size=""2"">ミシン用</font></td></tr><tr><td width=""180"" bgcolor=""#efefef""><font size=""2"">用途：キルティング・アップリケ・デコレーション・剌しゅう用</font></td><td width=""530""><font size=""2"">ミシン針：11～14</font></td></tr></table><style type=""text/css"">
<!--
.rakuten-camp {
	width: 725px;
	border: 2px solid #3399FF;
	padding-top: 5px;
	-moz-border-radius:4px; /*Firefox*/
	-webkit-border-radius: 4px; /*Safari,Chrome*/
	border-radius:4px; /*Opera,Chrome*/
	margin:0 10px 10px 0;
}

/* 価格に枠線がつく */
table#rakutenLimitedId_cart {
    background-color: #f8f8f8;
    border: 1px solid #ddd;
    padding: 8px;
    margin: 16px 0;
}

span.price1 {
    color: #333 !important;
    font-weight: bold;
    font-size: 80% !important;
    line-height: 30px;
    display: inline-block;
    margin-right: 16px;
}

-->
</style>

<!--バナーエリア-->

<!--【消すな！】★★★ height=""380"" で設定してください。★★★-->
<!--バナーエリアここまで-->

<!--楽天キャンペーン-->

<h2 style=""margin:20px 0 10px 0;""><img src=""http://www.rakuten.ne.jp/gold/akibamac/frame/images/rakuten_title2.gif"" alt=""楽天市場のお得なキャンペーン"" width=""730"" height=""42"" border=""0""></h2>
<div class=""rakuten-camp"" style=""margin:0 0 0 0;"">


<!--楽天キャンペーン@ここまで-->",フジックスキングスターミシン刺しゅう糸 50番250m 50-250M-6 (ｽﾀｰﾐｼﾝｼｼｭｳｲﾄ502)：ソフマップ　デジタルコレクション,ソフマップ デジタルコレクションSofmap Digital CollectionパソコンタブレットPCHDDアセンブリパーツパソコンパーツテレビゲームブルーレイソフトDVDソフト液晶テレビブルーレイディスクレコーダーデジタル一眼レフカメラデジタルカメラ家電時計中古　ソフトアウトレット中古ノートパソコン中古パソコンフジックスキングスターミシン刺しゅう糸 50番250m 50-250M-6 (ｽﾀｰﾐｼﾝｼｼｭｳｲﾄ502),フジックスキングスターミシン刺しゅう糸 50番250m 50-250M-6 (ｽﾀｰﾐｼﾝｼｼｭｳｲﾄ502)[rn]
5-66238,http://tshop.r10s.jp/akibamac/cabinet/03550746/4977528564016.jpg?fitin=700:700,133.6000,,日用品雑貨・文房具・手芸 > 手芸・クラフト・生地 > 裁縫材料 > ミシン糸,フジックスシャッペスパンミシン糸 60番200m 60-200M-401 (60200M),,"<table border=""0"" cellpadding=""0"" cellspacing=""0"" width=""710"" style=""line-height:140%;""><tr><td><font size=""2"">■シャッペスパンは、ヨーロッパの長い伝統の中で育った「シルクシステム」と呼ばれる特殊な加工方法で紡績された、ポリエステル高級縫い糸です。  ■スパンシルクのすぐれた加工技術を受け継いだシャッペスパン縫い糸は、強さと美しさ、ばつぐんの縫いやすさを備えています。<br><br></font></td></tr></table><table cellspacing=""0"" cellpadding=""4"" border=""1"" width=""710"" bordercolor=""#cccccc""><tr><td width=""180"" bgcolor=""#efefef""><font size=""2"">商品名</font></td><td width=""530""><font size=""2"">シャッペスパンミシン糸60番200m　60-200M-401</font></td></tr><tr><td width=""180"" bgcolor=""#efefef""><font size=""2"">型番</font></td><td width=""530""><font size=""2"">シャッペスパン60200M401</font></td></tr><tr><td width=""180"" bgcolor=""#efefef""><font size=""2"">ＪＡＮコード</font></td><td width=""530""><font size=""2"">4977528564016</font></td></tr><tr><td width=""180"" bgcolor=""#efefef""><font size=""2"">メーカー</font></td><td width=""530""><font size=""2"">フジックス</font></td></tr><tr><td width=""180"" bgcolor=""#efefef""><font size=""2"">シリーズ名/愛称</font></td><td width=""530""><font size=""2"">シャッペスパン</font></td></tr><tr><td width=""180"" bgcolor=""#efefef""><font size=""2"">対応機種</font></td><td width=""530""><font size=""2"">普通地用、ミシン針9～14</font></td></tr></table><style type=""text/css"">
<!--
.rakuten-camp {
	width: 725px;
	border: 2px solid #3399FF;
	padding-top: 5px;
	-moz-border-radius:4px; /*Firefox*/
	-webkit-border-radius: 4px; /*Safari,Chrome*/
	border-radius:4px; /*Opera,Chrome*/
	margin:0 10px 10px 0;
}

/* 価格に枠線がつく */
table#rakutenLimitedId_cart {
    background-color: #f8f8f8;
    border: 1px solid #ddd;
    padding: 8px;
    margin: 16px 0;
}

span.price1 {
    color: #333 !important;
    font-weight: bold;
    font-size: 80% !important;
    line-height: 30px;
    display: inline-block;
    margin-right: 16px;
}

-->
</style>

<!--バナーエリア-->

<!--【消すな！】★★★ height=""380"" で設定してください。★★★-->
<!--バナーエリアここまで-->

<!--楽天キャンペーン-->

<h2 style=""margin:20px 0 10px 0;""><img src=""http://www.rakuten.ne.jp/gold/akibamac/frame/images/rakuten_title2.gif"" alt=""楽天市場のお得なキャンペーン"" width=""730"" height=""42"" border=""0""></h2>
<div class=""rakuten-camp"" style=""margin:0 0 0 0;"">


<!--楽天キャンペーン@ここまで-->",フジックスシャッペスパンミシン糸 60番200m 60-200M-401 (60200M)：ソフマップ　デジタルコレクション,ソフマップ デジタルコレクションSofmap Digital CollectionパソコンタブレットPCHDDアセンブリパーツパソコンパーツテレビゲームブルーレイソフトDVDソフト液晶テレビブルーレイディスクレコーダーデジタル一眼レフカメラデジタルカメラ家電時計中古　ソフトアウトレット中古ノートパソコン中古パソコンフジックスシャッペスパンミシン糸 60番200m 60-200M-401 (60200M),フジックスシャッペスパンミシン糸 60番200m 60-200M-401 (60200M)[rn]
5-66239,http://tshop.r10s.jp/akibamac/cabinet/04785997/4977528833525.jpg?fitin=700:700,142.4000,,日用品雑貨・文房具・手芸 > 手芸・クラフト・生地 > 裁縫材料 > ミシン糸,フジックスキングスターミシン刺しゅう糸 50番250m 50-250M-352 (ｽﾀｰﾐｼﾝｼｼｭｳｲﾄ502),,"<table border=""0"" cellpadding=""0"" cellspacing=""0"" width=""710"" style=""line-height:140%;""><tr><td><font size=""2"">■キルティング・アップリケ・デコレーション・剌しゅう用<br>■独特な光沢とやわらかさを併せ持つ糸。安定した美しい仕上がりで縫いやすく、耐久性のある糸なので刺しゅうや飾り縫いなど幅広くお使いいただけます。<br>■ポリエステル100％<br>■ミシン針11～14<br><br></font></td></tr></table><table cellspacing=""0"" cellpadding=""4"" border=""1"" width=""710"" bordercolor=""#cccccc""><tr><td width=""180"" bgcolor=""#efefef""><font size=""2"">商品名</font></td><td width=""530""><font size=""2"">キングスターミシン刺しゅう糸50番250m　50-250M-35</font></td></tr><tr><td width=""180"" bgcolor=""#efefef""><font size=""2"">型番</font></td><td width=""530""><font size=""2"">ｽﾀｰﾐｼﾝｼｼｭｳｲﾄ50250M35</font></td></tr><tr><td width=""180"" bgcolor=""#efefef""><font size=""2"">ＪＡＮコード</font></td><td width=""530""><font size=""2"">4977528833525</font></td></tr><tr><td width=""180"" bgcolor=""#efefef""><font size=""2"">メーカー</font></td><td width=""530""><font size=""2"">フジックス</font></td></tr><tr><td width=""180"" bgcolor=""#efefef""><font size=""2"">シリーズ名/愛称</font></td><td width=""530""><font size=""2"">キングスター</font></td></tr><tr><td width=""180"" bgcolor=""#efefef""><font size=""2"">対応機種</font></td><td width=""530""><font size=""2"">ミシン用</font></td></tr><tr><td width=""180"" bgcolor=""#efefef""><font size=""2"">用途：キルティング・アップリケ・デコレーション・剌しゅう用</font></td><td width=""530""><font size=""2"">ミシン針：11～14</font></td></tr></table><style type=""text/css"">
<!--
.rakuten-camp {
	width: 725px;
	border: 2px solid #3399FF;
	padding-top: 5px;
	-moz-border-radius:4px; /*Firefox*/
	-webkit-border-radius: 4px; /*Safari,Chrome*/
	border-radius:4px; /*Opera,Chrome*/
	margin:0 10px 10px 0;
}

/* 価格に枠線がつく */
table#rakutenLimitedId_cart {
    background-color: #f8f8f8;
    border: 1px solid #ddd;
    padding: 8px;
    margin: 16px 0;
}

span.price1 {
    color: #333 !important;
    font-weight: bold;
    font-size: 80% !important;
    line-height: 30px;
    display: inline-block;
    margin-right: 16px;
}

-->
</style>

<!--バナーエリア-->

<!--【消すな！】★★★ height=""380"" で設定してください。★★★-->
<!--バナーエリアここまで-->

<!--楽天キャンペーン-->

<h2 style=""margin:20px 0 10px 0;""><img src=""http://www.rakuten.ne.jp/gold/akibamac/frame/images/rakuten_title2.gif"" alt=""楽天市場のお得なキャンペーン"" width=""730"" height=""42"" border=""0""></h2>
<div class=""rakuten-camp"" style=""margin:0 0 0 0;"">


<!--楽天キャンペーン@ここまで-->",フジックスキングスターミシン刺しゅう糸 50番250m 50-250M-352 (ｽﾀｰﾐｼﾝｼｼｭｳｲﾄ502)：ソフマップ　デジタルコレクション,ソフマップ デジタルコレクションSofmap Digital CollectionパソコンタブレットPCHDDアセンブリパーツパソコンパーツテレビゲームブルーレイソフトDVDソフト液晶テレビブルーレイディスクレコーダーデジタル一眼レフカメラデジタルカメラ家電時計中古　ソフトアウトレット中古ノートパソコン中古パソコンフジックスキングスターミシン刺しゅう糸 50番250m 50-250M-352 (ｽﾀｰﾐｼﾝｼｼｭｳｲﾄ502),フジックスキングスターミシン刺しゅう糸 50番250m 50-250M-352 (ｽﾀｰﾐｼﾝｼｼｭｳｲﾄ502)[rn]
5-66240,http://tshop.r10s.jp/akibamac/cabinet/04785997/4977528831774.jpg?fitin=700:700,142.4000,,日用品雑貨・文房具・手芸 > 手芸・クラフト・生地 > 裁縫材料 > ミシン糸,フジックスキングスターミシン刺しゅう糸 50番250m 50-250M-17 (ｽﾀｰﾐｼﾝｼｼｭｳｲﾄ502),,"<table border=""0"" cellpadding=""0"" cellspacing=""0"" width=""710"" style=""line-height:140%;""><tr><td><font size=""2"">■キルティング・アップリケ・デコレーション・剌しゅう用<br>■独特な光沢とやわらかさを併せ持つ糸。安定した美しい仕上がりで縫いやすく、耐久性のある糸なので刺しゅうや飾り縫いなど幅広くお使いいただけます。<br>■ポリエステル100％<br>■ミシン針11～14<br><br></font></td></tr></table><table cellspacing=""0"" cellpadding=""4"" border=""1"" width=""710"" bordercolor=""#cccccc""><tr><td width=""180"" bgcolor=""#efefef""><font size=""2"">商品名</font></td><td width=""530""><font size=""2"">キングスターミシン刺しゅう糸50番250m　50-250M-17</font></td></tr><tr><td width=""180"" bgcolor=""#efefef""><font size=""2"">型番</font></td><td width=""530""><font size=""2"">ｽﾀｰﾐｼﾝｼｼｭｳｲﾄ50250M17</font></td></tr><tr><td width=""180"" bgcolor=""#efefef""><font size=""2"">ＪＡＮコード</font></td><td width=""530""><font size=""2"">4977528831774</font></td></tr><tr><td width=""180"" bgcolor=""#efefef""><font size=""2"">メーカー</font></td><td width=""530""><font size=""2"">フジックス</font></td></tr><tr><td width=""180"" bgcolor=""#efefef""><font size=""2"">シリーズ名/愛称</font></td><td width=""530""><font size=""2"">キングスター</font></td></tr><tr><td width=""180"" bgcolor=""#efefef""><font size=""2"">対応機種</font></td><td width=""530""><font size=""2"">ミシン用</font></td></tr><tr><td width=""180"" bgcolor=""#efefef""><font size=""2"">用途：キルティング・アップリケ・デコレーション・剌しゅう用</font></td><td width=""530""><font size=""2"">ミシン針：11～14</font></td></tr></table><style type=""text/css"">
<!--
.rakuten-camp {
	width: 725px;
	border: 2px solid #3399FF;
	padding-top: 5px;
	-moz-border-radius:4px; /*Firefox*/
	-webkit-border-radius: 4px; /*Safari,Chrome*/
	border-radius:4px; /*Opera,Chrome*/
	margin:0 10px 10px 0;
}

/* 価格に枠線がつく */
table#rakutenLimitedId_cart {
    background-color: #f8f8f8;
    border: 1px solid #ddd;
    padding: 8px;
    margin: 16px 0;
}

span.price1 {
    color: #333 !important;
    font-weight: bold;
    font-size: 80% !important;
    line-height: 30px;
    display: inline-block;
    margin-right: 16px;
}

-->
</style>

<!--バナーエリア-->

<!--【消すな！】★★★ height=""380"" で設定してください。★★★-->
<!--バナーエリアここまで-->

<!--楽天キャンペーン-->

<h2 style=""margin:20px 0 10px 0;""><img src=""http://www.rakuten.ne.jp/gold/akibamac/frame/images/rakuten_title2.gif"" alt=""楽天市場のお得なキャンペーン"" width=""730"" height=""42"" border=""0""></h2>
<div class=""rakuten-camp"" style=""margin:0 0 0 0;"">


<!--楽天キャンペーン@ここまで-->",フジックスキングスターミシン刺しゅう糸 50番250m 50-250M-17 (ｽﾀｰﾐｼﾝｼｼｭｳｲﾄ502)：ソフマップ　デジタルコレクション,ソフマップ デジタルコレクションSofmap Digital CollectionパソコンタブレットPCHDDアセンブリパーツパソコンパーツテレビゲームブルーレイソフトDVDソフト液晶テレビブルーレイディスクレコーダーデジタル一眼レフカメラデジタルカメラ家電時計中古　ソフトアウトレット中古ノートパソコン中古パソコンフジックスキングスターミシン刺しゅう糸 50番250m 50-250M-17 (ｽﾀｰﾐｼﾝｼｼｭｳｲﾄ502),フジックスキングスターミシン刺しゅう糸 50番250m 50-250M-17 (ｽﾀｰﾐｼﾝｼｼｭｳｲﾄ502)[rn]
5-66241,http://tshop.r10s.jp/akibamac/cabinet/03550746/4977528560162.jpg?fitin=700:700,134.4000,,日用品雑貨・文房具・手芸 > 手芸・クラフト・生地 > 裁縫材料 > ミシン糸,フジックスシャッペスパンミシン糸 60番200m 60-200M-16 (ｼｬｯﾍﾟｽﾊﾟﾝ60200M),,"<table border=""0"" cellpadding=""0"" cellspacing=""0"" width=""710"" style=""line-height:140%;""><tr><td><font size=""2"">■普通地用<br>■綿糸の縫いやすさと美しい光沢を併せ持つポリエステル糸。<br>■ポリエステル100％<br>■60番／200m<br>■ミシン針9～14<br><br></font></td></tr></table><table cellspacing=""0"" cellpadding=""4"" border=""1"" width=""710"" bordercolor=""#cccccc""><tr><td width=""180"" bgcolor=""#efefef""><font size=""2"">商品名</font></td><td width=""530""><font size=""2"">シャッペスパンミシン糸60番200m　60-200M-16</font></td></tr><tr><td width=""180"" bgcolor=""#efefef""><font size=""2"">型番</font></td><td width=""530""><font size=""2"">ｼｬｯﾍﾟｽﾊﾟﾝ60200M16</font></td></tr><tr><td width=""180"" bgcolor=""#efefef""><font size=""2"">ＪＡＮコード</font></td><td width=""530""><font size=""2"">4977528560162</font></td></tr><tr><td width=""180"" bgcolor=""#efefef""><font size=""2"">メーカー</font></td><td width=""530""><font size=""2"">フジックス</font></td></tr><tr><td width=""180"" bgcolor=""#efefef""><font size=""2"">シリーズ名/愛称</font></td><td width=""530""><font size=""2"">シャッペスパン</font></td></tr><tr><td width=""180"" bgcolor=""#efefef""><font size=""2"">対応機種</font></td><td width=""530""><font size=""2"">ミシン用</font></td></tr><tr><td width=""180"" bgcolor=""#efefef""><font size=""2"">生地：普通地用</font></td><td width=""530""><font size=""2"">ミシン針：9～14</font></td></tr></table><style type=""text/css"">
<!--
.rakuten-camp {
	width: 725px;
	border: 2px solid #3399FF;
	padding-top: 5px;
	-moz-border-radius:4px; /*Firefox*/
	-webkit-border-radius: 4px; /*Safari,Chrome*/
	border-radius:4px; /*Opera,Chrome*/
	margin:0 10px 10px 0;
}

/* 価格に枠線がつく */
table#rakutenLimitedId_cart {
    background-color: #f8f8f8;
    border: 1px solid #ddd;
    padding: 8px;
    margin: 16px 0;
}

span.price1 {
    color: #333 !important;
    font-weight: bold;
    font-size: 80% !important;
    line-height: 30px;
    display: inline-block;
    margin-right: 16px;
}

-->
</style>

<!--バナーエリア-->

<!--【消すな！】★★★ height=""380"" で設定してください。★★★-->
<!--バナーエリアここまで-->

<!--楽天キャンペーン-->

<h2 style=""margin:20px 0 10px 0;""><img src=""http://www.rakuten.ne.jp/gold/akibamac/frame/images/rakuten_title2.gif"" alt=""楽天市場のお得なキャンペーン"" width=""730"" height=""42"" border=""0""></h2>
<div class=""rakuten-camp"" style=""margin:0 0 0 0;"">


<!--楽天キャンペーン@ここまで-->",フジックスシャッペスパンミシン糸 60番200m 60-200M-16 (ｼｬｯﾍﾟｽﾊﾟﾝ60200M)：ソフマップ　デジタルコレクション,ソフマップ デジタルコレクションSofmap Digital CollectionパソコンタブレットPCHDDアセンブリパーツパソコンパーツテレビゲームブルーレイソフトDVDソフト液晶テレビブルーレイディスクレコーダーデジタル一眼レフカメラデジタルカメラ家電時計中古　ソフトアウトレット中古ノートパソコン中古パソコンフジックスシャッペスパンミシン糸 60番200m 60-200M-16 (ｼｬｯﾍﾟｽﾊﾟﾝ60200M),フジックスシャッペスパンミシン糸 60番200m 60-200M-16 (ｼｬｯﾍﾟｽﾊﾟﾝ60200M)[rn]
5-66242,http://tshop.r10s.jp/akibamac/cabinet/04785997/4977528561107.jpg?fitin=700:700,134.4000,,日用品雑貨・文房具・手芸 > 手芸・クラフト・生地 > 裁縫材料 > ミシン糸,フジックスシャッペスパンミシン糸 60番200m 60-200M-110 (ｼｬｯﾍﾟｽﾊﾟﾝ60200M),,"<table border=""0"" cellpadding=""0"" cellspacing=""0"" width=""710"" style=""line-height:140%;""><tr><td><font size=""2"">■普通地用<br>■綿糸の縫いやすさと美しい光沢を併せ持つポリエステル糸。<br>■ポリエステル100％<br>■60番／200m<br>■ミシン針9～14<br><br></font></td></tr></table><table cellspacing=""0"" cellpadding=""4"" border=""1"" width=""710"" bordercolor=""#cccccc""><tr><td width=""180"" bgcolor=""#efefef""><font size=""2"">商品名</font></td><td width=""530""><font size=""2"">シャッペスパンミシン糸60番200m　60-200M-110</font></td></tr><tr><td width=""180"" bgcolor=""#efefef""><font size=""2"">型番</font></td><td width=""530""><font size=""2"">ｼｬｯﾍﾟｽﾊﾟﾝ60200M110</font></td></tr><tr><td width=""180"" bgcolor=""#efefef""><font size=""2"">ＪＡＮコード</font></td><td width=""530""><font size=""2"">4977528561107</font></td></tr><tr><td width=""180"" bgcolor=""#efefef""><font size=""2"">メーカー</font></td><td width=""530""><font size=""2"">フジックス</font></td></tr><tr><td width=""180"" bgcolor=""#efefef""><font size=""2"">シリーズ名/愛称</font></td><td width=""530""><font size=""2"">シャッペスパン</font></td></tr><tr><td width=""180"" bgcolor=""#efefef""><font size=""2"">対応機種</font></td><td width=""530""><font size=""2"">ミシン用</font></td></tr><tr><td width=""180"" bgcolor=""#efefef""><font size=""2"">生地：普通地用</font></td><td width=""530""><font size=""2"">ミシン針：9～14</font></td></tr></table><style type=""text/css"">
<!--
.rakuten-camp {
	width: 725px;
	border: 2px solid #3399FF;
	padding-top: 5px;
	-moz-border-radius:4px; /*Firefox*/
	-webkit-border-radius: 4px; /*Safari,Chrome*/
	border-radius:4px; /*Opera,Chrome*/
	margin:0 10px 10px 0;
}

/* 価格に枠線がつく */
table#rakutenLimitedId_cart {
    background-color: #f8f8f8;
    border: 1px solid #ddd;
    padding: 8px;
    margin: 16px 0;
}

span.price1 {
    color: #333 !important;
    font-weight: bold;
    font-size: 80% !important;
    line-height: 30px;
    display: inline-block;
    margin-right: 16px;
}

-->
</style>

<!--バナーエリア-->

<!--【消すな！】★★★ height=""380"" で設定してください。★★★-->
<!--バナーエリアここまで-->

<!--楽天キャンペーン-->

<h2 style=""margin:20px 0 10px 0;""><img src=""http://www.rakuten.ne.jp/gold/akibamac/frame/images/rakuten_title2.gif"" alt=""楽天市場のお得なキャンペーン"" width=""730"" height=""42"" border=""0""></h2>
<div class=""rakuten-camp"" style=""margin:0 0 0 0;"">


<!--楽天キャンペーン@ここまで-->",フジックスシャッペスパンミシン糸 60番200m 60-200M-110 (ｼｬｯﾍﾟｽﾊﾟﾝ60200M)：ソフマップ　デジタルコレクション,ソフマップ デジタルコレクションSofmap Digital CollectionパソコンタブレットPCHDDアセンブリパーツパソコンパーツテレビゲームブルーレイソフトDVDソフト液晶テレビブルーレイディスクレコーダーデジタル一眼レフカメラデジタルカメラ家電時計中古　ソフトアウトレット中古ノートパソコン中古パソコンフジックスシャッペスパンミシン糸 60番200m 60-200M-110 (ｼｬｯﾍﾟｽﾊﾟﾝ60200M),フジックスシャッペスパンミシン糸 60番200m 60-200M-110 (ｼｬｯﾍﾟｽﾊﾟﾝ60200M)[rn]
5-66243,http://tshop.r10s.jp/akibamac/cabinet/04785997/4977528562289.jpg?fitin=700:700,134.4000,,日用品雑貨・文房具・手芸 > 手芸・クラフト・生地 > 裁縫材料 > ミシン糸,フジックスシャッペスパンミシン糸 60番200m 60-200M-228 (ｼｬｯﾍﾟｽﾊﾟﾝ60200M),,"<table border=""0"" cellpadding=""0"" cellspacing=""0"" width=""710"" style=""line-height:140%;""><tr><td><font size=""2"">■普通地用<br>■綿糸の縫いやすさと美しい光沢を併せ持つポリエステル糸。<br>■ポリエステル100％<br>■60番／200m<br>■ミシン針9～14<br><br></font></td></tr></table><table cellspacing=""0"" cellpadding=""4"" border=""1"" width=""710"" bordercolor=""#cccccc""><tr><td width=""180"" bgcolor=""#efefef""><font size=""2"">商品名</font></td><td width=""530""><font size=""2"">シャッペスパンミシン糸60番200m　60-200M-228</font></td></tr><tr><td width=""180"" bgcolor=""#efefef""><font size=""2"">型番</font></td><td width=""530""><font size=""2"">ｼｬｯﾍﾟｽﾊﾟﾝ60200M228</font></td></tr><tr><td width=""180"" bgcolor=""#efefef""><font size=""2"">ＪＡＮコード</font></td><td width=""530""><font size=""2"">4977528562289</font></td></tr><tr><td width=""180"" bgcolor=""#efefef""><font size=""2"">メーカー</font></td><td width=""530""><font size=""2"">フジックス</font></td></tr><tr><td width=""180"" bgcolor=""#efefef""><font size=""2"">シリーズ名/愛称</font></td><td width=""530""><font size=""2"">シャッペスパン</font></td></tr><tr><td width=""180"" bgcolor=""#efefef""><font size=""2"">対応機種</font></td><td width=""530""><font size=""2"">ミシン用</font></td></tr><tr><td width=""180"" bgcolor=""#efefef""><font size=""2"">生地：普通地用</font></td><td width=""530""><font size=""2"">ミシン針：9～14</font></td></tr></table><style type=""text/css"">
<!--
.rakuten-camp {
	width: 725px;
	border: 2px solid #3399FF;
	padding-top: 5px;
	-moz-border-radius:4px; /*Firefox*/
	-webkit-border-radius: 4px; /*Safari,Chrome*/
	border-radius:4px; /*Opera,Chrome*/
	margin:0 10px 10px 0;
}

/* 価格に枠線がつく */
table#rakutenLimitedId_cart {
    background-color: #f8f8f8;
    border: 1px solid #ddd;
    padding: 8px;
    margin: 16px 0;
}

span.price1 {
    color: #333 !important;
    font-weight: bold;
    font-size: 80% !important;
    line-height: 30px;
    display: inline-block;
    margin-right: 16px;
}

-->
</style>

<!--バナーエリア-->

<!--【消すな！】★★★ height=""380"" で設定してください。★★★-->
<!--バナーエリアここまで-->

<!--楽天キャンペーン-->

<h2 style=""margin:20px 0 10px 0;""><img src=""http://www.rakuten.ne.jp/gold/akibamac/frame/images/rakuten_title2.gif"" alt=""楽天市場のお得なキャンペーン"" width=""730"" height=""42"" border=""0""></h2>
<div class=""rakuten-camp"" style=""margin:0 0 0 0;"">


<!--楽天キャンペーン@ここまで-->",フジックスシャッペスパンミシン糸 60番200m 60-200M-228 (ｼｬｯﾍﾟｽﾊﾟﾝ60200M)：ソフマップ　デジタルコレクション,ソフマップ デジタルコレクションSofmap Digital CollectionパソコンタブレットPCHDDアセンブリパーツパソコンパーツテレビゲームブルーレイソフトDVDソフト液晶テレビブルーレイディスクレコーダーデジタル一眼レフカメラデジタルカメラ家電時計中古　ソフトアウトレット中古ノートパソコン中古パソコンフジックスシャッペスパンミシン糸 60番200m 60-200M-228 (ｼｬｯﾍﾟｽﾊﾟﾝ60200M),フジックスシャッペスパンミシン糸 60番200m 60-200M-228 (ｼｬｯﾍﾟｽﾊﾟﾝ60200M)[rn]
5-66244,http://tshop.r10s.jp/akibamac/cabinet/04785997/4977528833341.jpg?fitin=700:700,142.4000,,日用品雑貨・文房具・手芸 > 手芸・クラフト・生地 > 裁縫材料 > ミシン糸,フジックスキングスターミシン刺しゅう糸 50番250m 50-250M-334 (ｽﾀｰﾐｼﾝｼｼｭｳｲﾄ502),,"<table border=""0"" cellpadding=""0"" cellspacing=""0"" width=""710"" style=""line-height:140%;""><tr><td><font size=""2"">■キルティング・アップリケ・デコレーション・剌しゅう用<br>■独特な光沢とやわらかさを併せ持つ糸。安定した美しい仕上がりで縫いやすく、耐久性のある糸なので刺しゅうや飾り縫いなど幅広くお使いいただけます。<br>■ポリエステル100％<br>■ミシン針11～14<br><br></font></td></tr></table><table cellspacing=""0"" cellpadding=""4"" border=""1"" width=""710"" bordercolor=""#cccccc""><tr><td width=""180"" bgcolor=""#efefef""><font size=""2"">商品名</font></td><td width=""530""><font size=""2"">キングスターミシン刺しゅう糸50番250m　50-250M-33</font></td></tr><tr><td width=""180"" bgcolor=""#efefef""><font size=""2"">型番</font></td><td width=""530""><font size=""2"">ｽﾀｰﾐｼﾝｼｼｭｳｲﾄ50250M33</font></td></tr><tr><td width=""180"" bgcolor=""#efefef""><font size=""2"">ＪＡＮコード</font></td><td width=""530""><font size=""2"">4977528833341</font></td></tr><tr><td width=""180"" bgcolor=""#efefef""><font size=""2"">メーカー</font></td><td width=""530""><font size=""2"">フジックス</font></td></tr><tr><td width=""180"" bgcolor=""#efefef""><font size=""2"">シリーズ名/愛称</font></td><td width=""530""><font size=""2"">キングスター</font></td></tr><tr><td width=""180"" bgcolor=""#efefef""><font size=""2"">対応機種</font></td><td width=""530""><font size=""2"">ミシン用</font></td></tr><tr><td width=""180"" bgcolor=""#efefef""><font size=""2"">用途：キルティング・アップリケ・デコレーション・剌しゅう用</font></td><td width=""530""><font size=""2"">ミシン針：11～14</font></td></tr></table><style type=""text/css"">
<!--
.rakuten-camp {
	width: 725px;
	border: 2px solid #3399FF;
	padding-top: 5px;
	-moz-border-radius:4px; /*Firefox*/
	-webkit-border-radius: 4px; /*Safari,Chrome*/
	border-radius:4px; /*Opera,Chrome*/
	margin:0 10px 10px 0;
}

/* 価格に枠線がつく */
table#rakutenLimitedId_cart {
    background-color: #f8f8f8;
    border: 1px solid #ddd;
    padding: 8px;
    margin: 16px 0;
}

span.price1 {
    color: #333 !important;
    font-weight: bold;
    font-size: 80% !important;
    line-height: 30px;
    display: inline-block;
    margin-right: 16px;
}

-->
</style>

<!--バナーエリア-->

<!--【消すな！】★★★ height=""380"" で設定してください。★★★-->
<!--バナーエリアここまで-->

<!--楽天キャンペーン-->

<h2 style=""margin:20px 0 10px 0;""><img src=""http://www.rakuten.ne.jp/gold/akibamac/frame/images/rakuten_title2.gif"" alt=""楽天市場のお得なキャンペーン"" width=""730"" height=""42"" border=""0""></h2>
<div class=""rakuten-camp"" style=""margin:0 0 0 0;"">


<!--楽天キャンペーン@ここまで-->",フジックスキングスターミシン刺しゅう糸 50番250m 50-250M-334 (ｽﾀｰﾐｼﾝｼｼｭｳｲﾄ502)：ソフマップ　デジタルコレクション,ソフマップ デジタルコレクションSofmap Digital CollectionパソコンタブレットPCHDDアセンブリパーツパソコンパーツテレビゲームブルーレイソフトDVDソフト液晶テレビブルーレイディスクレコーダーデジタル一眼レフカメラデジタルカメラ家電時計中古　ソフトアウトレット中古ノートパソコン中古パソコンフジックスキングスターミシン刺しゅう糸 50番250m 50-250M-334 (ｽﾀｰﾐｼﾝｼｼｭｳｲﾄ502),フジックスキングスターミシン刺しゅう糸 50番250m 50-250M-334 (ｽﾀｰﾐｼﾝｼｼｭｳｲﾄ502)[rn]
5-66245,http://tshop.r10s.jp/akibamac/cabinet/04785997/4977528830777.jpg?fitin=700:700,142.4000,,日用品雑貨・文房具・手芸 > 手芸・クラフト・生地 > 裁縫材料 > ミシン糸,フジックスキングスターミシン刺しゅう糸 50番250m 50-250M-77 (ｽﾀｰﾐｼﾝｼｼｭｳｲﾄ502),,"<table border=""0"" cellpadding=""0"" cellspacing=""0"" width=""710"" style=""line-height:140%;""><tr><td><font size=""2"">■キルティング・アップリケ・デコレーション・剌しゅう用<br>■独特な光沢とやわらかさを併せ持つ糸。安定した美しい仕上がりで縫いやすく、耐久性のある糸なので刺しゅうや飾り縫いなど幅広くお使いいただけます。<br>■ポリエステル100％<br>■ミシン針11～14<br><br></font></td></tr></table><table cellspacing=""0"" cellpadding=""4"" border=""1"" width=""710"" bordercolor=""#cccccc""><tr><td width=""180"" bgcolor=""#efefef""><font size=""2"">商品名</font></td><td width=""530""><font size=""2"">キングスターミシン刺しゅう糸50番250m　50-250M-77</font></td></tr><tr><td width=""180"" bgcolor=""#efefef""><font size=""2"">型番</font></td><td width=""530""><font size=""2"">ｽﾀｰﾐｼﾝｼｼｭｳｲﾄ50250M77</font></td></tr><tr><td width=""180"" bgcolor=""#efefef""><font size=""2"">ＪＡＮコード</font></td><td width=""530""><font size=""2"">4977528830777</font></td></tr><tr><td width=""180"" bgcolor=""#efefef""><font size=""2"">メーカー</font></td><td width=""530""><font size=""2"">フジックス</font></td></tr><tr><td width=""180"" bgcolor=""#efefef""><font size=""2"">シリーズ名/愛称</font></td><td width=""530""><font size=""2"">キングスター</font></td></tr><tr><td width=""180"" bgcolor=""#efefef""><font size=""2"">対応機種</font></td><td width=""530""><font size=""2"">ミシン用</font></td></tr><tr><td width=""180"" bgcolor=""#efefef""><font size=""2"">用途：キルティング・アップリケ・デコレーション・剌しゅう用</font></td><td width=""530""><font size=""2"">ミシン針：11～14</font></td></tr></table><style type=""text/css"">
<!--
.rakuten-camp {
	width: 725px;
	border: 2px solid #3399FF;
	padding-top: 5px;
	-moz-border-radius:4px; /*Firefox*/
	-webkit-border-radius: 4px; /*Safari,Chrome*/
	border-radius:4px; /*Opera,Chrome*/
	margin:0 10px 10px 0;
}

/* 価格に枠線がつく */
table#rakutenLimitedId_cart {
    background-color: #f8f8f8;
    border: 1px solid #ddd;
    padding: 8px;
    margin: 16px 0;
}

span.price1 {
    color: #333 !important;
    font-weight: bold;
    font-size: 80% !important;
    line-height: 30px;
    display: inline-block;
    margin-right: 16px;
}

-->
</style>

<!--バナーエリア-->

<!--【消すな！】★★★ height=""380"" で設定してください。★★★-->
<!--バナーエリアここまで-->

<!--楽天キャンペーン-->

<h2 style=""margin:20px 0 10px 0;""><img src=""http://www.rakuten.ne.jp/gold/akibamac/frame/images/rakuten_title2.gif"" alt=""楽天市場のお得なキャンペーン"" width=""730"" height=""42"" border=""0""></h2>
<div class=""rakuten-camp"" style=""margin:0 0 0 0;"">


<!--楽天キャンペーン@ここまで-->",フジックスキングスターミシン刺しゅう糸 50番250m 50-250M-77 (ｽﾀｰﾐｼﾝｼｼｭｳｲﾄ502)：ソフマップ　デジタルコレクション,ソフマップ デジタルコレクションSofmap Digital CollectionパソコンタブレットPCHDDアセンブリパーツパソコンパーツテレビゲームブルーレイソフトDVDソフト液晶テレビブルーレイディスクレコーダーデジタル一眼レフカメラデジタルカメラ家電時計中古　ソフトアウトレット中古ノートパソコン中古パソコンフジックスキングスターミシン刺しゅう糸 50番250m 50-250M-77 (ｽﾀｰﾐｼﾝｼｼｭｳｲﾄ502),フジックスキングスターミシン刺しゅう糸 50番250m 50-250M-77 (ｽﾀｰﾐｼﾝｼｼｭｳｲﾄ502)[rn]
5-66246,http://tshop.r10s.jp/akibamac/cabinet/04785997/4977528831040.jpg?fitin=700:700,142.4000,,日用品雑貨・文房具・手芸 > 手芸・クラフト・生地 > 裁縫材料 > ミシン糸,フジックスキングスターミシン刺しゅう糸 50番250m 50-250M-10 (ｽﾀｰﾐｼﾝｼｼｭｳｲﾄ502),,"<table border=""0"" cellpadding=""0"" cellspacing=""0"" width=""710"" style=""line-height:140%;""><tr><td><font size=""2"">■キルティング・アップリケ・デコレーション・剌しゅう用<br>■独特な光沢とやわらかさを併せ持つ糸。安定した美しい仕上がりで縫いやすく、耐久性のある糸なので刺しゅうや飾り縫いなど幅広くお使いいただけます。<br>■ポリエステル100％<br>■ミシン針11～14<br><br></font></td></tr></table><table cellspacing=""0"" cellpadding=""4"" border=""1"" width=""710"" bordercolor=""#cccccc""><tr><td width=""180"" bgcolor=""#efefef""><font size=""2"">商品名</font></td><td width=""530""><font size=""2"">キングスターミシン刺しゅう糸50番250m　50-250M-10</font></td></tr><tr><td width=""180"" bgcolor=""#efefef""><font size=""2"">型番</font></td><td width=""530""><font size=""2"">ｽﾀｰﾐｼﾝｼｼｭｳｲﾄ50250M10</font></td></tr><tr><td width=""180"" bgcolor=""#efefef""><font size=""2"">ＪＡＮコード</font></td><td width=""530""><font size=""2"">4977528831040</font></td></tr><tr><td width=""180"" bgcolor=""#efefef""><font size=""2"">メーカー</font></td><td width=""530""><font size=""2"">フジックス</font></td></tr><tr><td width=""180"" bgcolor=""#efefef""><font size=""2"">シリーズ名/愛称</font></td><td width=""530""><font size=""2"">キングスター</font></td></tr><tr><td width=""180"" bgcolor=""#efefef""><font size=""2"">対応機種</font></td><td width=""530""><font size=""2"">ミシン用</font></td></tr><tr><td width=""180"" bgcolor=""#efefef""><font size=""2"">用途：キルティング・アップリケ・デコレーション・剌しゅう用</font></td><td width=""530""><font size=""2"">ミシン針：11～14</font></td></tr></table><style type=""text/css"">
<!--
.rakuten-camp {
	width: 725px;
	border: 2px solid #3399FF;
	padding-top: 5px;
	-moz-border-radius:4px; /*Firefox*/
	-webkit-border-radius: 4px; /*Safari,Chrome*/
	border-radius:4px; /*Opera,Chrome*/
	margin:0 10px 10px 0;
}

/* 価格に枠線がつく */
table#rakutenLimitedId_cart {
    background-color: #f8f8f8;
    border: 1px solid #ddd;
    padding: 8px;
    margin: 16px 0;
}

span.price1 {
    color: #333 !important;
    font-weight: bold;
    font-size: 80% !important;
    line-height: 30px;
    display: inline-block;
    margin-right: 16px;
}

-->
</style>

<!--バナーエリア-->

<!--【消すな！】★★★ height=""380"" で設定してください。★★★-->
<!--バナーエリアここまで-->

<!--楽天キャンペーン-->

<h2 style=""margin:20px 0 10px 0;""><img src=""http://www.rakuten.ne.jp/gold/akibamac/frame/images/rakuten_title2.gif"" alt=""楽天市場のお得なキャンペーン"" width=""730"" height=""42"" border=""0""></h2>
<div class=""rakuten-camp"" style=""margin:0 0 0 0;"">


<!--楽天キャンペーン@ここまで-->",フジックスキングスターミシン刺しゅう糸 50番250m 50-250M-10 (ｽﾀｰﾐｼﾝｼｼｭｳｲﾄ502)：ソフマップ　デジタルコレクション,ソフマップ デジタルコレクションSofmap Digital CollectionパソコンタブレットPCHDDアセンブリパーツパソコンパーツテレビゲームブルーレイソフトDVDソフト液晶テレビブルーレイディスクレコーダーデジタル一眼レフカメラデジタルカメラ家電時計中古　ソフトアウトレット中古ノートパソコン中古パソコンフジックスキングスターミシン刺しゅう糸 50番250m 50-250M-10 (ｽﾀｰﾐｼﾝｼｼｭｳｲﾄ502),フジックスキングスターミシン刺しゅう糸 50番250m 50-250M-10 (ｽﾀｰﾐｼﾝｼｼｭｳｲﾄ502)[rn]
5-66247,http://tshop.r10s.jp/akibamac/cabinet/04785997/4977528832429.jpg?fitin=700:700,142.4000,,日用品雑貨・文房具・手芸 > 手芸・クラフト・生地 > 裁縫材料 > ミシン糸,フジックスキングスターミシン刺しゅう糸 50番250m 50-250M-24 (ｽﾀｰﾐｼﾝｼｼｭｳｲﾄ502),,"<table border=""0"" cellpadding=""0"" cellspacing=""0"" width=""710"" style=""line-height:140%;""><tr><td><font size=""2"">■キルティング・アップリケ・デコレーション・剌しゅう用<br>■独特な光沢とやわらかさを併せ持つ糸。安定した美しい仕上がりで縫いやすく、耐久性のある糸なので刺しゅうや飾り縫いなど幅広くお使いいただけます。<br>■ポリエステル100％<br>■ミシン針11～14<br><br></font></td></tr></table><table cellspacing=""0"" cellpadding=""4"" border=""1"" width=""710"" bordercolor=""#cccccc""><tr><td width=""180"" bgcolor=""#efefef""><font size=""2"">商品名</font></td><td width=""530""><font size=""2"">キングスターミシン刺しゅう糸50番250m　50-250M-24</font></td></tr><tr><td width=""180"" bgcolor=""#efefef""><font size=""2"">型番</font></td><td width=""530""><font size=""2"">ｽﾀｰﾐｼﾝｼｼｭｳｲﾄ50250M24</font></td></tr><tr><td width=""180"" bgcolor=""#efefef""><font size=""2"">ＪＡＮコード</font></td><td width=""530""><font size=""2"">4977528832429</font></td></tr><tr><td width=""180"" bgcolor=""#efefef""><font size=""2"">メーカー</font></td><td width=""530""><font size=""2"">フジックス</font></td></tr><tr><td width=""180"" bgcolor=""#efefef""><font size=""2"">シリーズ名/愛称</font></td><td width=""530""><font size=""2"">キングスター</font></td></tr><tr><td width=""180"" bgcolor=""#efefef""><font size=""2"">対応機種</font></td><td width=""530""><font size=""2"">ミシン用</font></td></tr><tr><td width=""180"" bgcolor=""#efefef""><font size=""2"">用途：キルティング・アップリケ・デコレーション・剌しゅう用</font></td><td width=""530""><font size=""2"">ミシン針：11～14</font></td></tr></table><style type=""text/css"">
<!--
.rakuten-camp {
	width: 725px;
	border: 2px solid #3399FF;
	padding-top: 5px;
	-moz-border-radius:4px; /*Firefox*/
	-webkit-border-radius: 4px; /*Safari,Chrome*/
	border-radius:4px; /*Opera,Chrome*/
	margin:0 10px 10px 0;
}

/* 価格に枠線がつく */
table#rakutenLimitedId_cart {
    background-color: #f8f8f8;
    border: 1px solid #ddd;
    padding: 8px;
    margin: 16px 0;
}

span.price1 {
    color: #333 !important;
    font-weight: bold;
    font-size: 80% !important;
    line-height: 30px;
    display: inline-block;
    margin-right: 16px;
}

-->
</style>

<!--バナーエリア-->

<!--【消すな！】★★★ height=""380"" で設定してください。★★★-->
<!--バナーエリアここまで-->

<!--楽天キャンペーン-->

<h2 style=""margin:20px 0 10px 0;""><img src=""http://www.rakuten.ne.jp/gold/akibamac/frame/images/rakuten_title2.gif"" alt=""楽天市場のお得なキャンペーン"" width=""730"" height=""42"" border=""0""></h2>
<div class=""rakuten-camp"" style=""margin:0 0 0 0;"">


<!--楽天キャンペーン@ここまで-->",フジックスキングスターミシン刺しゅう糸 50番250m 50-250M-24 (ｽﾀｰﾐｼﾝｼｼｭｳｲﾄ502)：ソフマップ　デジタルコレクション,ソフマップ デジタルコレクションSofmap Digital CollectionパソコンタブレットPCHDDアセンブリパーツパソコンパーツテレビゲームブルーレイソフトDVDソフト液晶テレビブルーレイディスクレコーダーデジタル一眼レフカメラデジタルカメラ家電時計中古　ソフトアウトレット中古ノートパソコン中古パソコンフジックスキングスターミシン刺しゅう糸 50番250m 50-250M-24 (ｽﾀｰﾐｼﾝｼｼｭｳｲﾄ502),フジックスキングスターミシン刺しゅう糸 50番250m 50-250M-24 (ｽﾀｰﾐｼﾝｼｼｭｳｲﾄ502)[rn]
5-66248,http://tshop.r10s.jp/akibamac/cabinet/04785997/4977528832993.jpg?fitin=700:700,142.4000,,日用品雑貨・文房具・手芸 > 手芸・クラフト・生地 > 裁縫材料 > ミシン糸,フジックスキングスターミシン刺しゅう糸 50番250m 50-250M-29 (ｽﾀｰﾐｼﾝｼｼｭｳｲﾄ502),,"<table border=""0"" cellpadding=""0"" cellspacing=""0"" width=""710"" style=""line-height:140%;""><tr><td><font size=""2"">■キルティング・アップリケ・デコレーション・剌しゅう用<br>■独特な光沢とやわらかさを併せ持つ糸。安定した美しい仕上がりで縫いやすく、耐久性のある糸なので刺しゅうや飾り縫いなど幅広くお使いいただけます。<br>■ポリエステル100％<br>■ミシン針11～14<br><br></font></td></tr></table><table cellspacing=""0"" cellpadding=""4"" border=""1"" width=""710"" bordercolor=""#cccccc""><tr><td width=""180"" bgcolor=""#efefef""><font size=""2"">商品名</font></td><td width=""530""><font size=""2"">キングスターミシン刺しゅう糸50番250m　50-250M-29</font></td></tr><tr><td width=""180"" bgcolor=""#efefef""><font size=""2"">型番</font></td><td width=""530""><font size=""2"">ｽﾀｰﾐｼﾝｼｼｭｳｲﾄ50250M29</font></td></tr><tr><td width=""180"" bgcolor=""#efefef""><font size=""2"">ＪＡＮコード</font></td><td width=""530""><font size=""2"">4977528832993</font></td></tr><tr><td width=""180"" bgcolor=""#efefef""><font size=""2"">メーカー</font></td><td width=""530""><font size=""2"">フジックス</font></td></tr><tr><td width=""180"" bgcolor=""#efefef""><font size=""2"">シリーズ名/愛称</font></td><td width=""530""><font size=""2"">キングスター</font></td></tr><tr><td width=""180"" bgcolor=""#efefef""><font size=""2"">対応機種</font></td><td width=""530""><font size=""2"">ミシン用</font></td></tr><tr><td width=""180"" bgcolor=""#efefef""><font size=""2"">用途：キルティング・アップリケ・デコレーション・剌しゅう用</font></td><td width=""530""><font size=""2"">ミシン針：11～14</font></td></tr></table><style type=""text/css"">
<!--
.rakuten-camp {
	width: 725px;
	border: 2px solid #3399FF;
	padding-top: 5px;
	-moz-border-radius:4px; /*Firefox*/
	-webkit-border-radius: 4px; /*Safari,Chrome*/
	border-radius:4px; /*Opera,Chrome*/
	margin:0 10px 10px 0;
}

/* 価格に枠線がつく */
table#rakutenLimitedId_cart {
    background-color: #f8f8f8;
    border: 1px solid #ddd;
    padding: 8px;
    margin: 16px 0;
}

span.price1 {
    color: #333 !important;
    font-weight: bold;
    font-size: 80% !important;
    line-height: 30px;
    display: inline-block;
    margin-right: 16px;
}

-->
</style>

<!--バナーエリア-->

<!--【消すな！】★★★ height=""380"" で設定してください。★★★-->
<!--バナーエリアここまで-->

<!--楽天キャンペーン-->

<h2 style=""margin:20px 0 10px 0;""><img src=""http://www.rakuten.ne.jp/gold/akibamac/frame/images/rakuten_title2.gif"" alt=""楽天市場のお得なキャンペーン"" width=""730"" height=""42"" border=""0""></h2>
<div class=""rakuten-camp"" style=""margin:0 0 0 0;"">


<!--楽天キャンペーン@ここまで-->",フジックスキングスターミシン刺しゅう糸 50番250m 50-250M-29 (ｽﾀｰﾐｼﾝｼｼｭｳｲﾄ502)：ソフマップ　デジタルコレクション,ソフマップ デジタルコレクションSofmap Digital CollectionパソコンタブレットPCHDDアセンブリパーツパソコンパーツテレビゲームブルーレイソフトDVDソフト液晶テレビブルーレイディスクレコーダーデジタル一眼レフカメラデジタルカメラ家電時計中古　ソフトアウトレット中古ノートパソコン中古パソコンフジックスキングスターミシン刺しゅう糸 50番250m 50-250M-29 (ｽﾀｰﾐｼﾝｼｼｭｳｲﾄ502),フジックスキングスターミシン刺しゅう糸 50番250m 50-250M-29 (ｽﾀｰﾐｼﾝｼｼｭｳｲﾄ502)[rn]
5-66249,http://tshop.r10s.jp/akibamac/cabinet/03550746/4977528560339.jpg?fitin=700:700,134.4000,,日用品雑貨・文房具・手芸 > 手芸・クラフト・生地 > 裁縫材料 > ミシン糸,フジックスシャッペスパンミシン糸 60番200m 60-200M-33 (ｼｬｯﾍﾟｽﾊﾟﾝ60200M),,"<table border=""0"" cellpadding=""0"" cellspacing=""0"" width=""710"" style=""line-height:140%;""><tr><td><font size=""2"">■普通地用<br>■綿糸の縫いやすさと美しい光沢を併せ持つポリエステル糸。<br>■ポリエステル100％<br>■60番／200m<br>■ミシン針9～14<br><br></font></td></tr></table><table cellspacing=""0"" cellpadding=""4"" border=""1"" width=""710"" bordercolor=""#cccccc""><tr><td width=""180"" bgcolor=""#efefef""><font size=""2"">商品名</font></td><td width=""530""><font size=""2"">シャッペスパンミシン糸60番200m　60-200M-33</font></td></tr><tr><td width=""180"" bgcolor=""#efefef""><font size=""2"">型番</font></td><td width=""530""><font size=""2"">ｼｬｯﾍﾟｽﾊﾟﾝ60200M33</font></td></tr><tr><td width=""180"" bgcolor=""#efefef""><font size=""2"">ＪＡＮコード</font></td><td width=""530""><font size=""2"">4977528560339</font></td></tr><tr><td width=""180"" bgcolor=""#efefef""><font size=""2"">メーカー</font></td><td width=""530""><font size=""2"">フジックス</font></td></tr><tr><td width=""180"" bgcolor=""#efefef""><font size=""2"">シリーズ名/愛称</font></td><td width=""530""><font size=""2"">シャッペスパン</font></td></tr><tr><td width=""180"" bgcolor=""#efefef""><font size=""2"">対応機種</font></td><td width=""530""><font size=""2"">ミシン用</font></td></tr><tr><td width=""180"" bgcolor=""#efefef""><font size=""2"">生地：普通地用</font></td><td width=""530""><font size=""2"">ミシン針：9～14</font></td></tr></table><style type=""text/css"">
<!--
.rakuten-camp {
	width: 725px;
	border: 2px solid #3399FF;
	padding-top: 5px;
	-moz-border-radius:4px; /*Firefox*/
	-webkit-border-radius: 4px; /*Safari,Chrome*/
	border-radius:4px; /*Opera,Chrome*/
	margin:0 10px 10px 0;
}

/* 価格に枠線がつく */
table#rakutenLimitedId_cart {
    background-color: #f8f8f8;
    border: 1px solid #ddd;
    padding: 8px;
    margin: 16px 0;
}

span.price1 {
    color: #333 !important;
    font-weight: bold;
    font-size: 80% !important;
    line-height: 30px;
    display: inline-block;
    margin-right: 16px;
}

-->
</style>

<!--バナーエリア-->

<!--【消すな！】★★★ height=""380"" で設定してください。★★★-->
<!--バナーエリアここまで-->

<!--楽天キャンペーン-->

<h2 style=""margin:20px 0 10px 0;""><img src=""http://www.rakuten.ne.jp/gold/akibamac/frame/images/rakuten_title2.gif"" alt=""楽天市場のお得なキャンペーン"" width=""730"" height=""42"" border=""0""></h2>
<div class=""rakuten-camp"" style=""margin:0 0 0 0;"">


<!--楽天キャンペーン@ここまで-->",フジックスシャッペスパンミシン糸 60番200m 60-200M-33 (ｼｬｯﾍﾟｽﾊﾟﾝ60200M)：ソフマップ　デジタルコレクション,ソフマップ デジタルコレクションSofmap Digital CollectionパソコンタブレットPCHDDアセンブリパーツパソコンパーツテレビゲームブルーレイソフトDVDソフト液晶テレビブルーレイディスクレコーダーデジタル一眼レフカメラデジタルカメラ家電時計中古　ソフトアウトレット中古ノートパソコン中古パソコンフジックスシャッペスパンミシン糸 60番200m 60-200M-33 (ｼｬｯﾍﾟｽﾊﾟﾝ60200M),フジックスシャッペスパンミシン糸 60番200m 60-200M-33 (ｼｬｯﾍﾟｽﾊﾟﾝ60200M)[rn]
5-66250,http://tshop.r10s.jp/akibamac/cabinet/04785997/4977528561121.jpg?fitin=700:700,134.4000,,日用品雑貨・文房具・手芸 > 手芸・クラフト・生地 > 裁縫材料 > ミシン糸,フジックスシャッペスパンミシン糸 60番200m 60-200M-112 (ｼｬｯﾍﾟｽﾊﾟﾝ60200M),,"<table border=""0"" cellpadding=""0"" cellspacing=""0"" width=""710"" style=""line-height:140%;""><tr><td><font size=""2"">■普通地用<br>■綿糸の縫いやすさと美しい光沢を併せ持つポリエステル糸。<br>■ポリエステル100％<br>■60番／200m<br>■ミシン針9～14<br><br></font></td></tr></table><table cellspacing=""0"" cellpadding=""4"" border=""1"" width=""710"" bordercolor=""#cccccc""><tr><td width=""180"" bgcolor=""#efefef""><font size=""2"">商品名</font></td><td width=""530""><font size=""2"">シャッペスパンミシン糸60番200m　60-200M-112</font></td></tr><tr><td width=""180"" bgcolor=""#efefef""><font size=""2"">型番</font></td><td width=""530""><font size=""2"">ｼｬｯﾍﾟｽﾊﾟﾝ60200M112</font></td></tr><tr><td width=""180"" bgcolor=""#efefef""><font size=""2"">ＪＡＮコード</font></td><td width=""530""><font size=""2"">4977528561121</font></td></tr><tr><td width=""180"" bgcolor=""#efefef""><font size=""2"">メーカー</font></td><td width=""530""><font size=""2"">フジックス</font></td></tr><tr><td width=""180"" bgcolor=""#efefef""><font size=""2"">シリーズ名/愛称</font></td><td width=""530""><font size=""2"">シャッペスパン</font></td></tr><tr><td width=""180"" bgcolor=""#efefef""><font size=""2"">対応機種</font></td><td width=""530""><font size=""2"">ミシン用</font></td></tr><tr><td width=""180"" bgcolor=""#efefef""><font size=""2"">生地：普通地用</font></td><td width=""530""><font size=""2"">ミシン針：9～14</font></td></tr></table><style type=""text/css"">
<!--
.rakuten-camp {
	width: 725px;
	border: 2px solid #3399FF;
	padding-top: 5px;
	-moz-border-radius:4px; /*Firefox*/
	-webkit-border-radius: 4px; /*Safari,Chrome*/
	border-radius:4px; /*Opera,Chrome*/
	margin:0 10px 10px 0;
}

/* 価格に枠線がつく */
table#rakutenLimitedId_cart {
    background-color: #f8f8f8;
    border: 1px solid #ddd;
    padding: 8px;
    margin: 16px 0;
}

span.price1 {
    color: #333 !important;
    font-weight: bold;
    font-size: 80% !important;
    line-height: 30px;
    display: inline-block;
    margin-right: 16px;
}

-->
</style>

<!--バナーエリア-->

<!--【消すな！】★★★ height=""380"" で設定してください。★★★-->
<!--バナーエリアここまで-->

<!--楽天キャンペーン-->

<h2 style=""margin:20px 0 10px 0;""><img src=""http://www.rakuten.ne.jp/gold/akibamac/frame/images/rakuten_title2.gif"" alt=""楽天市場のお得なキャンペーン"" width=""730"" height=""42"" border=""0""></h2>
<div class=""rakuten-camp"" style=""margin:0 0 0 0;"">


<!--楽天キャンペーン@ここまで-->",フジックスシャッペスパンミシン糸 60番200m 60-200M-112 (ｼｬｯﾍﾟｽﾊﾟﾝ60200M)：ソフマップ　デジタルコレクション,ソフマップ デジタルコレクションSofmap Digital CollectionパソコンタブレットPCHDDアセンブリパーツパソコンパーツテレビゲームブルーレイソフトDVDソフト液晶テレビブルーレイディスクレコーダーデジタル一眼レフカメラデジタルカメラ家電時計中古　ソフトアウトレット中古ノートパソコン中古パソコンフジックスシャッペスパンミシン糸 60番200m 60-200M-112 (ｼｬｯﾍﾟｽﾊﾟﾝ60200M),フジックスシャッペスパンミシン糸 60番200m 60-200M-112 (ｼｬｯﾍﾟｽﾊﾟﾝ60200M)[rn]
5-66251,http://tshop.r10s.jp/akibamac/cabinet/04785997/4977528833181.jpg?fitin=700:700,142.4000,,日用品雑貨・文房具・手芸 > 手芸・クラフト・生地 > 裁縫材料 > ミシン糸,フジックスキングスターミシン刺しゅう糸 50番250m 50-250M-31 (ｽﾀｰﾐｼﾝｼｼｭｳｲﾄ502),,"<table border=""0"" cellpadding=""0"" cellspacing=""0"" width=""710"" style=""line-height:140%;""><tr><td><font size=""2"">■キルティング・アップリケ・デコレーション・剌しゅう用<br>■独特な光沢とやわらかさを併せ持つ糸。安定した美しい仕上がりで縫いやすく、耐久性のある糸なので刺しゅうや飾り縫いなど幅広くお使いいただけます。<br>■ポリエステル100％<br>■ミシン針11～14<br><br></font></td></tr></table><table cellspacing=""0"" cellpadding=""4"" border=""1"" width=""710"" bordercolor=""#cccccc""><tr><td width=""180"" bgcolor=""#efefef""><font size=""2"">商品名</font></td><td width=""530""><font size=""2"">キングスターミシン刺しゅう糸50番250m　50-250M-31</font></td></tr><tr><td width=""180"" bgcolor=""#efefef""><font size=""2"">型番</font></td><td width=""530""><font size=""2"">ｽﾀｰﾐｼﾝｼｼｭｳｲﾄ50250M31</font></td></tr><tr><td width=""180"" bgcolor=""#efefef""><font size=""2"">ＪＡＮコード</font></td><td width=""530""><font size=""2"">4977528833181</font></td></tr><tr><td width=""180"" bgcolor=""#efefef""><font size=""2"">メーカー</font></td><td width=""530""><font size=""2"">フジックス</font></td></tr><tr><td width=""180"" bgcolor=""#efefef""><font size=""2"">シリーズ名/愛称</font></td><td width=""530""><font size=""2"">キングスター</font></td></tr><tr><td width=""180"" bgcolor=""#efefef""><font size=""2"">対応機種</font></td><td width=""530""><font size=""2"">ミシン用</font></td></tr><tr><td width=""180"" bgcolor=""#efefef""><font size=""2"">用途：キルティング・アップリケ・デコレーション・剌しゅう用</font></td><td width=""530""><font size=""2"">ミシン針：11～14</font></td></tr></table><style type=""text/css"">
<!--
.rakuten-camp {
	width: 725px;
	border: 2px solid #3399FF;
	padding-top: 5px;
	-moz-border-radius:4px; /*Firefox*/
	-webkit-border-radius: 4px; /*Safari,Chrome*/
	border-radius:4px; /*Opera,Chrome*/
	margin:0 10px 10px 0;
}

/* 価格に枠線がつく */
table#rakutenLimitedId_cart {
    background-color: #f8f8f8;
    border: 1px solid #ddd;
    padding: 8px;
    margin: 16px 0;
}

span.price1 {
    color: #333 !important;
    font-weight: bold;
    font-size: 80% !important;
    line-height: 30px;
    display: inline-block;
    margin-right: 16px;
}

-->
</style>

<!--バナーエリア-->

<!--【消すな！】★★★ height=""380"" で設定してください。★★★-->
<!--バナーエリアここまで-->

<!--楽天キャンペーン-->

<h2 style=""margin:20px 0 10px 0;""><img src=""http://www.rakuten.ne.jp/gold/akibamac/frame/images/rakuten_title2.gif"" alt=""楽天市場のお得なキャンペーン"" width=""730"" height=""42"" border=""0""></h2>
<div class=""rakuten-camp"" style=""margin:0 0 0 0;"">


<!--楽天キャンペーン@ここまで-->",フジックスキングスターミシン刺しゅう糸 50番250m 50-250M-31 (ｽﾀｰﾐｼﾝｼｼｭｳｲﾄ502)：ソフマップ　デジタルコレクション,ソフマップ デジタルコレクションSofmap Digital CollectionパソコンタブレットPCHDDアセンブリパーツパソコンパーツテレビゲームブルーレイソフトDVDソフト液晶テレビブルーレイディスクレコーダーデジタル一眼レフカメラデジタルカメラ家電時計中古　ソフトアウトレット中古ノートパソコン中古パソコンフジックスキングスターミシン刺しゅう糸 50番250m 50-250M-31 (ｽﾀｰﾐｼﾝｼｼｭｳｲﾄ502),フジックスキングスターミシン刺しゅう糸 50番250m 50-250M-31 (ｽﾀｰﾐｼﾝｼｼｭｳｲﾄ502)[rn]
5-66252,http://tshop.r10s.jp/akibamac/cabinet/04785997/4977528833655.jpg?fitin=700:700,142.4000,,日用品雑貨・文房具・手芸 > 手芸・クラフト・生地 > 裁縫材料 > ミシン糸,フジックスキングスターミシン刺しゅう糸 50番250m 50-250M-365 (ｽﾀｰﾐｼﾝｼｼｭｳｲﾄ502),,"<table border=""0"" cellpadding=""0"" cellspacing=""0"" width=""710"" style=""line-height:140%;""><tr><td><font size=""2"">■キルティング・アップリケ・デコレーション・剌しゅう用<br>■独特な光沢とやわらかさを併せ持つ糸。安定した美しい仕上がりで縫いやすく、耐久性のある糸なので刺しゅうや飾り縫いなど幅広くお使いいただけます。<br>■ポリエステル100％<br>■ミシン針11～14<br><br></font></td></tr></table><table cellspacing=""0"" cellpadding=""4"" border=""1"" width=""710"" bordercolor=""#cccccc""><tr><td width=""180"" bgcolor=""#efefef""><font size=""2"">商品名</font></td><td width=""530""><font size=""2"">キングスターミシン刺しゅう糸50番250m　50-250M-36</font></td></tr><tr><td width=""180"" bgcolor=""#efefef""><font size=""2"">型番</font></td><td width=""530""><font size=""2"">ｽﾀｰﾐｼﾝｼｼｭｳｲﾄ50250M36</font></td></tr><tr><td width=""180"" bgcolor=""#efefef""><font size=""2"">ＪＡＮコード</font></td><td width=""530""><font size=""2"">4977528833655</font></td></tr><tr><td width=""180"" bgcolor=""#efefef""><font size=""2"">メーカー</font></td><td width=""530""><font size=""2"">フジックス</font></td></tr><tr><td width=""180"" bgcolor=""#efefef""><font size=""2"">シリーズ名/愛称</font></td><td width=""530""><font size=""2"">キングスター</font></td></tr><tr><td width=""180"" bgcolor=""#efefef""><font size=""2"">対応機種</font></td><td width=""530""><font size=""2"">ミシン用</font></td></tr><tr><td width=""180"" bgcolor=""#efefef""><font size=""2"">用途：キルティング・アップリケ・デコレーション・剌しゅう用</font></td><td width=""530""><font size=""2"">ミシン針：11～14</font></td></tr></table><style type=""text/css"">
<!--
.rakuten-camp {
	width: 725px;
	border: 2px solid #3399FF;
	padding-top: 5px;
	-moz-border-radius:4px; /*Firefox*/
	-webkit-border-radius: 4px; /*Safari,Chrome*/
	border-radius:4px; /*Opera,Chrome*/
	margin:0 10px 10px 0;
}

/* 価格に枠線がつく */
table#rakutenLimitedId_cart {
    background-color: #f8f8f8;
    border: 1px solid #ddd;
    padding: 8px;
    margin: 16px 0;
}

span.price1 {
    color: #333 !important;
    font-weight: bold;
    font-size: 80% !important;
    line-height: 30px;
    display: inline-block;
    margin-right: 16px;
}

-->
</style>

<!--バナーエリア-->

<!--【消すな！】★★★ height=""380"" で設定してください。★★★-->
<!--バナーエリアここまで-->

<!--楽天キャンペーン-->

<h2 style=""margin:20px 0 10px 0;""><img src=""http://www.rakuten.ne.jp/gold/akibamac/frame/images/rakuten_title2.gif"" alt=""楽天市場のお得なキャンペーン"" width=""730"" height=""42"" border=""0""></h2>
<div class=""rakuten-camp"" style=""margin:0 0 0 0;"">


<!--楽天キャンペーン@ここまで-->",フジックスキングスターミシン刺しゅう糸 50番250m 50-250M-365 (ｽﾀｰﾐｼﾝｼｼｭｳｲﾄ502)：ソフマップ　デジタルコレクション,ソフマップ デジタルコレクションSofmap Digital CollectionパソコンタブレットPCHDDアセンブリパーツパソコンパーツテレビゲームブルーレイソフトDVDソフト液晶テレビブルーレイディスクレコーダーデジタル一眼レフカメラデジタルカメラ家電時計中古　ソフトアウトレット中古ノートパソコン中古パソコンフジックスキングスターミシン刺しゅう糸 50番250m 50-250M-365 (ｽﾀｰﾐｼﾝｼｼｭｳｲﾄ502),フジックスキングスターミシン刺しゅう糸 50番250m 50-250M-365 (ｽﾀｰﾐｼﾝｼｼｭｳｲﾄ502)[rn]
5-66253,http://tshop.r10s.jp/akibamac/cabinet/04785997/4977528830753.jpg?fitin=700:700,142.4000,,日用品雑貨・文房具・手芸 > 手芸・クラフト・生地 > 裁縫材料 > ミシン糸,フジックスキングスターミシン刺しゅう糸 50番250m 50-250M-75 (ｽﾀｰﾐｼﾝｼｼｭｳｲﾄ502),,"<table border=""0"" cellpadding=""0"" cellspacing=""0"" width=""710"" style=""line-height:140%;""><tr><td><font size=""2"">■キルティング・アップリケ・デコレーション・剌しゅう用<br>■独特な光沢とやわらかさを併せ持つ糸。安定した美しい仕上がりで縫いやすく、耐久性のある糸なので刺しゅうや飾り縫いなど幅広くお使いいただけます。<br>■ポリエステル100％<br>■ミシン針11～14<br><br></font></td></tr></table><table cellspacing=""0"" cellpadding=""4"" border=""1"" width=""710"" bordercolor=""#cccccc""><tr><td width=""180"" bgcolor=""#efefef""><font size=""2"">商品名</font></td><td width=""530""><font size=""2"">キングスターミシン刺しゅう糸50番250m　50-250M-75</font></td></tr><tr><td width=""180"" bgcolor=""#efefef""><font size=""2"">型番</font></td><td width=""530""><font size=""2"">ｽﾀｰﾐｼﾝｼｼｭｳｲﾄ50250M75</font></td></tr><tr><td width=""180"" bgcolor=""#efefef""><font size=""2"">ＪＡＮコード</font></td><td width=""530""><font size=""2"">4977528830753</font></td></tr><tr><td width=""180"" bgcolor=""#efefef""><font size=""2"">メーカー</font></td><td width=""530""><font size=""2"">フジックス</font></td></tr><tr><td width=""180"" bgcolor=""#efefef""><font size=""2"">シリーズ名/愛称</font></td><td width=""530""><font size=""2"">キングスター</font></td></tr><tr><td width=""180"" bgcolor=""#efefef""><font size=""2"">対応機種</font></td><td width=""530""><font size=""2"">ミシン用</font></td></tr><tr><td width=""180"" bgcolor=""#efefef""><font size=""2"">用途：キルティング・アップリケ・デコレーション・剌しゅう用</font></td><td width=""530""><font size=""2"">ミシン針：11～14</font></td></tr></table><style type=""text/css"">
<!--
.rakuten-camp {
	width: 725px;
	border: 2px solid #3399FF;
	padding-top: 5px;
	-moz-border-radius:4px; /*Firefox*/
	-webkit-border-radius: 4px; /*Safari,Chrome*/
	border-radius:4px; /*Opera,Chrome*/
	margin:0 10px 10px 0;
}

/* 価格に枠線がつく */
table#rakutenLimitedId_cart {
    background-color: #f8f8f8;
    border: 1px solid #ddd;
    padding: 8px;
    margin: 16px 0;
}

span.price1 {
    color: #333 !important;
    font-weight: bold;
    font-size: 80% !important;
    line-height: 30px;
    display: inline-block;
    margin-right: 16px;
}

-->
</style>

<!--バナーエリア-->

<!--【消すな！】★★★ height=""380"" で設定してください。★★★-->
<!--バナーエリアここまで-->

<!--楽天キャンペーン-->

<h2 style=""margin:20px 0 10px 0;""><img src=""http://www.rakuten.ne.jp/gold/akibamac/frame/images/rakuten_title2.gif"" alt=""楽天市場のお得なキャンペーン"" width=""730"" height=""42"" border=""0""></h2>
<div class=""rakuten-camp"" style=""margin:0 0 0 0;"">


<!--楽天キャンペーン@ここまで-->",フジックスキングスターミシン刺しゅう糸 50番250m 50-250M-75 (ｽﾀｰﾐｼﾝｼｼｭｳｲﾄ502)：ソフマップ　デジタルコレクション,ソフマップ デジタルコレクションSofmap Digital CollectionパソコンタブレットPCHDDアセンブリパーツパソコンパーツテレビゲームブルーレイソフトDVDソフト液晶テレビブルーレイディスクレコーダーデジタル一眼レフカメラデジタルカメラ家電時計中古　ソフトアウトレット中古ノートパソコン中古パソコンフジックスキングスターミシン刺しゅう糸 50番250m 50-250M-75 (ｽﾀｰﾐｼﾝｼｼｭｳｲﾄ502),フジックスキングスターミシン刺しゅう糸 50番250m 50-250M-75 (ｽﾀｰﾐｼﾝｼｼｭｳｲﾄ502)[rn]
5-66254,http://tshop.r10s.jp/akibamac/cabinet/04785997/4977528832047.jpg?fitin=700:700,142.4000,,日用品雑貨・文房具・手芸 > 手芸・クラフト・生地 > 裁縫材料 > ミシン糸,フジックスキングスターミシン刺しゅう糸 50番250m 50-250M-20 (ｽﾀｰﾐｼﾝｼｼｭｳｲﾄ502),,"<table border=""0"" cellpadding=""0"" cellspacing=""0"" width=""710"" style=""line-height:140%;""><tr><td><font size=""2"">■キルティング・アップリケ・デコレーション・剌しゅう用<br>■独特な光沢とやわらかさを併せ持つ糸。安定した美しい仕上がりで縫いやすく、耐久性のある糸なので刺しゅうや飾り縫いなど幅広くお使いいただけます。<br>■ポリエステル100％<br>■ミシン針11～14<br><br></font></td></tr></table><table cellspacing=""0"" cellpadding=""4"" border=""1"" width=""710"" bordercolor=""#cccccc""><tr><td width=""180"" bgcolor=""#efefef""><font size=""2"">商品名</font></td><td width=""530""><font size=""2"">キングスターミシン刺しゅう糸50番250m　50-250M-20</font></td></tr><tr><td width=""180"" bgcolor=""#efefef""><font size=""2"">型番</font></td><td width=""530""><font size=""2"">ｽﾀｰﾐｼﾝｼｼｭｳｲﾄ50250M20</font></td></tr><tr><td width=""180"" bgcolor=""#efefef""><font size=""2"">ＪＡＮコード</font></td><td width=""530""><font size=""2"">4977528832047</font></td></tr><tr><td width=""180"" bgcolor=""#efefef""><font size=""2"">メーカー</font></td><td width=""530""><font size=""2"">フジックス</font></td></tr><tr><td width=""180"" bgcolor=""#efefef""><font size=""2"">シリーズ名/愛称</font></td><td width=""530""><font size=""2"">キングスター</font></td></tr><tr><td width=""180"" bgcolor=""#efefef""><font size=""2"">対応機種</font></td><td width=""530""><font size=""2"">ミシン用</font></td></tr><tr><td width=""180"" bgcolor=""#efefef""><font size=""2"">用途：キルティング・アップリケ・デコレーション・剌しゅう用</font></td><td width=""530""><font size=""2"">ミシン針：11～14</font></td></tr></table><style type=""text/css"">
<!--
.rakuten-camp {
	width: 725px;
	border: 2px solid #3399FF;
	padding-top: 5px;
	-moz-border-radius:4px; /*Firefox*/
	-webkit-border-radius: 4px; /*Safari,Chrome*/
	border-radius:4px; /*Opera,Chrome*/
	margin:0 10px 10px 0;
}

/* 価格に枠線がつく */
table#rakutenLimitedId_cart {
    background-color: #f8f8f8;
    border: 1px solid #ddd;
    padding: 8px;
    margin: 16px 0;
}

span.price1 {
    color: #333 !important;
    font-weight: bold;
    font-size: 80% !important;
    line-height: 30px;
    display: inline-block;
    margin-right: 16px;
}

-->
</style>

<!--バナーエリア-->

<!--【消すな！】★★★ height=""380"" で設定してください。★★★-->
<!--バナーエリアここまで-->

<!--楽天キャンペーン-->

<h2 style=""margin:20px 0 10px 0;""><img src=""http://www.rakuten.ne.jp/gold/akibamac/frame/images/rakuten_title2.gif"" alt=""楽天市場のお得なキャンペーン"" width=""730"" height=""42"" border=""0""></h2>
<div class=""rakuten-camp"" style=""margin:0 0 0 0;"">


<!--楽天キャンペーン@ここまで-->",フジックスキングスターミシン刺しゅう糸 50番250m 50-250M-20 (ｽﾀｰﾐｼﾝｼｼｭｳｲﾄ502)：ソフマップ　デジタルコレクション,ソフマップ デジタルコレクションSofmap Digital CollectionパソコンタブレットPCHDDアセンブリパーツパソコンパーツテレビゲームブルーレイソフトDVDソフト液晶テレビブルーレイディスクレコーダーデジタル一眼レフカメラデジタルカメラ家電時計中古　ソフトアウトレット中古ノートパソコン中古パソコンフジックスキングスターミシン刺しゅう糸 50番250m 50-250M-20 (ｽﾀｰﾐｼﾝｼｼｭｳｲﾄ502),フジックスキングスターミシン刺しゅう糸 50番250m 50-250M-20 (ｽﾀｰﾐｼﾝｼｼｭｳｲﾄ502)[rn]
5-66255,http://tshop.r10s.jp/akibamac/cabinet/03550746/4977528560384.jpg?fitin=700:700,134.4000,,日用品雑貨・文房具・手芸 > 手芸・クラフト・生地 > 裁縫材料 > ミシン糸,フジックスシャッペスパンミシン糸 60番200m 60-200M-38 (ｼｬｯﾍﾟｽﾊﾟﾝ60200M),,"<table border=""0"" cellpadding=""0"" cellspacing=""0"" width=""710"" style=""line-height:140%;""><tr><td><font size=""2"">■普通地用<br>■綿糸の縫いやすさと美しい光沢を併せ持つポリエステル糸。<br>■ポリエステル100％<br>■60番／200m<br>■ミシン針9～14<br><br></font></td></tr></table><table cellspacing=""0"" cellpadding=""4"" border=""1"" width=""710"" bordercolor=""#cccccc""><tr><td width=""180"" bgcolor=""#efefef""><font size=""2"">商品名</font></td><td width=""530""><font size=""2"">シャッペスパンミシン糸60番200m　60-200M-38</font></td></tr><tr><td width=""180"" bgcolor=""#efefef""><font size=""2"">型番</font></td><td width=""530""><font size=""2"">ｼｬｯﾍﾟｽﾊﾟﾝ60200M38</font></td></tr><tr><td width=""180"" bgcolor=""#efefef""><font size=""2"">ＪＡＮコード</font></td><td width=""530""><font size=""2"">4977528560384</font></td></tr><tr><td width=""180"" bgcolor=""#efefef""><font size=""2"">メーカー</font></td><td width=""530""><font size=""2"">フジックス</font></td></tr><tr><td width=""180"" bgcolor=""#efefef""><font size=""2"">シリーズ名/愛称</font></td><td width=""530""><font size=""2"">シャッペスパン</font></td></tr><tr><td width=""180"" bgcolor=""#efefef""><font size=""2"">対応機種</font></td><td width=""530""><font size=""2"">ミシン用</font></td></tr><tr><td width=""180"" bgcolor=""#efefef""><font size=""2"">生地：普通地用</font></td><td width=""530""><font size=""2"">ミシン針：9～14</font></td></tr></table><style type=""text/css"">
<!--
.rakuten-camp {
	width: 725px;
	border: 2px solid #3399FF;
	padding-top: 5px;
	-moz-border-radius:4px; /*Firefox*/
	-webkit-border-radius: 4px; /*Safari,Chrome*/
	border-radius:4px; /*Opera,Chrome*/
	margin:0 10px 10px 0;
}

/* 価格に枠線がつく */
table#rakutenLimitedId_cart {
    background-color: #f8f8f8;
    border: 1px solid #ddd;
    padding: 8px;
    margin: 16px 0;
}

span.price1 {
    color: #333 !important;
    font-weight: bold;
    font-size: 80% !important;
    line-height: 30px;
    display: inline-block;
    margin-right: 16px;
}

-->
</style>

<!--バナーエリア-->

<!--【消すな！】★★★ height=""380"" で設定してください。★★★-->
<!--バナーエリアここまで-->

<!--楽天キャンペーン-->

<h2 style=""margin:20px 0 10px 0;""><img src=""http://www.rakuten.ne.jp/gold/akibamac/frame/images/rakuten_title2.gif"" alt=""楽天市場のお得なキャンペーン"" width=""730"" height=""42"" border=""0""></h2>
<div class=""rakuten-camp"" style=""margin:0 0 0 0;"">


<!--楽天キャンペーン@ここまで-->",フジックスシャッペスパンミシン糸 60番200m 60-200M-38 (ｼｬｯﾍﾟｽﾊﾟﾝ60200M)：ソフマップ　デジタルコレクション,ソフマップ デジタルコレクションSofmap Digital CollectionパソコンタブレットPCHDDアセンブリパーツパソコンパーツテレビゲームブルーレイソフトDVDソフト液晶テレビブルーレイディスクレコーダーデジタル一眼レフカメラデジタルカメラ家電時計中古　ソフトアウトレット中古ノートパソコン中古パソコンフジックスシャッペスパンミシン糸 60番200m 60-200M-38 (ｼｬｯﾍﾟｽﾊﾟﾝ60200M),フジックスシャッペスパンミシン糸 60番200m 60-200M-38 (ｼｬｯﾍﾟｽﾊﾟﾝ60200M)[rn]
5-66256,http://tshop.r10s.jp/akibamac/cabinet/04785997/4977528833327.jpg?fitin=700:700,142.4000,,日用品雑貨・文房具・手芸 > 手芸・クラフト・生地 > 裁縫材料 > ミシン糸,フジックスキングスターミシン刺しゅう糸 50番250m 50-250M-332 (ｽﾀｰﾐｼﾝｼｼｭｳｲﾄ502),,"<table border=""0"" cellpadding=""0"" cellspacing=""0"" width=""710"" style=""line-height:140%;""><tr><td><font size=""2"">■キルティング・アップリケ・デコレーション・剌しゅう用<br>■独特な光沢とやわらかさを併せ持つ糸。安定した美しい仕上がりで縫いやすく、耐久性のある糸なので刺しゅうや飾り縫いなど幅広くお使いいただけます。<br>■ポリエステル100％<br>■ミシン針11～14<br><br></font></td></tr></table><table cellspacing=""0"" cellpadding=""4"" border=""1"" width=""710"" bordercolor=""#cccccc""><tr><td width=""180"" bgcolor=""#efefef""><font size=""2"">商品名</font></td><td width=""530""><font size=""2"">キングスターミシン刺しゅう糸50番250m　50-250M-33</font></td></tr><tr><td width=""180"" bgcolor=""#efefef""><font size=""2"">型番</font></td><td width=""530""><font size=""2"">ｽﾀｰﾐｼﾝｼｼｭｳｲﾄ50250M33</font></td></tr><tr><td width=""180"" bgcolor=""#efefef""><font size=""2"">ＪＡＮコード</font></td><td width=""530""><font size=""2"">4977528833327</font></td></tr><tr><td width=""180"" bgcolor=""#efefef""><font size=""2"">メーカー</font></td><td width=""530""><font size=""2"">フジックス</font></td></tr><tr><td width=""180"" bgcolor=""#efefef""><font size=""2"">シリーズ名/愛称</font></td><td width=""530""><font size=""2"">キングスター</font></td></tr><tr><td width=""180"" bgcolor=""#efefef""><font size=""2"">対応機種</font></td><td width=""530""><font size=""2"">ミシン用</font></td></tr><tr><td width=""180"" bgcolor=""#efefef""><font size=""2"">用途：キルティング・アップリケ・デコレーション・剌しゅう用</font></td><td width=""530""><font size=""2"">ミシン針：11～14</font></td></tr></table><style type=""text/css"">
<!--
.rakuten-camp {
	width: 725px;
	border: 2px solid #3399FF;
	padding-top: 5px;
	-moz-border-radius:4px; /*Firefox*/
	-webkit-border-radius: 4px; /*Safari,Chrome*/
	border-radius:4px; /*Opera,Chrome*/
	margin:0 10px 10px 0;
}

/* 価格に枠線がつく */
table#rakutenLimitedId_cart {
    background-color: #f8f8f8;
    border: 1px solid #ddd;
    padding: 8px;
    margin: 16px 0;
}

span.price1 {
    color: #333 !important;
    font-weight: bold;
    font-size: 80% !important;
    line-height: 30px;
    display: inline-block;
    margin-right: 16px;
}

-->
</style>

<!--バナーエリア-->

<!--【消すな！】★★★ height=""380"" で設定してください。★★★-->
<!--バナーエリアここまで-->

<!--楽天キャンペーン-->

<h2 style=""margin:20px 0 10px 0;""><img src=""http://www.rakuten.ne.jp/gold/akibamac/frame/images/rakuten_title2.gif"" alt=""楽天市場のお得なキャンペーン"" width=""730"" height=""42"" border=""0""></h2>
<div class=""rakuten-camp"" style=""margin:0 0 0 0;"">


<!--楽天キャンペーン@ここまで-->",フジックスキングスターミシン刺しゅう糸 50番250m 50-250M-332 (ｽﾀｰﾐｼﾝｼｼｭｳｲﾄ502)：ソフマップ　デジタルコレクション,ソフマップ デジタルコレクションSofmap Digital CollectionパソコンタブレットPCHDDアセンブリパーツパソコンパーツテレビゲームブルーレイソフトDVDソフト液晶テレビブルーレイディスクレコーダーデジタル一眼レフカメラデジタルカメラ家電時計中古　ソフトアウトレット中古ノートパソコン中古パソコンフジックスキングスターミシン刺しゅう糸 50番250m 50-250M-332 (ｽﾀｰﾐｼﾝｼｼｭｳｲﾄ502),フジックスキングスターミシン刺しゅう糸 50番250m 50-250M-332 (ｽﾀｰﾐｼﾝｼｼｭｳｲﾄ502)[rn]
5-66257,http://tshop.r10s.jp/akibamac/cabinet/04785997/4977528831095.jpg?fitin=700:700,142.4000,,日用品雑貨・文房具・手芸 > 手芸・クラフト・生地 > 裁縫材料 > ミシン糸,フジックスキングスターミシン刺しゅう糸 50番250m 50-250M-10 (ｽﾀｰﾐｼﾝｼｼｭｳｲﾄ502),,"<table border=""0"" cellpadding=""0"" cellspacing=""0"" width=""710"" style=""line-height:140%;""><tr><td><font size=""2"">■キルティング・アップリケ・デコレーション・剌しゅう用<br>■独特な光沢とやわらかさを併せ持つ糸。安定した美しい仕上がりで縫いやすく、耐久性のある糸なので刺しゅうや飾り縫いなど幅広くお使いいただけます。<br>■ポリエステル100％<br>■ミシン針11～14<br><br></font></td></tr></table><table cellspacing=""0"" cellpadding=""4"" border=""1"" width=""710"" bordercolor=""#cccccc""><tr><td width=""180"" bgcolor=""#efefef""><font size=""2"">商品名</font></td><td width=""530""><font size=""2"">キングスターミシン刺しゅう糸50番250m　50-250M-10</font></td></tr><tr><td width=""180"" bgcolor=""#efefef""><font size=""2"">型番</font></td><td width=""530""><font size=""2"">ｽﾀｰﾐｼﾝｼｼｭｳｲﾄ50250M10</font></td></tr><tr><td width=""180"" bgcolor=""#efefef""><font size=""2"">ＪＡＮコード</font></td><td width=""530""><font size=""2"">4977528831095</font></td></tr><tr><td width=""180"" bgcolor=""#efefef""><font size=""2"">メーカー</font></td><td width=""530""><font size=""2"">フジックス</font></td></tr><tr><td width=""180"" bgcolor=""#efefef""><font size=""2"">シリーズ名/愛称</font></td><td width=""530""><font size=""2"">キングスター</font></td></tr><tr><td width=""180"" bgcolor=""#efefef""><font size=""2"">対応機種</font></td><td width=""530""><font size=""2"">ミシン用</font></td></tr><tr><td width=""180"" bgcolor=""#efefef""><font size=""2"">用途：キルティング・アップリケ・デコレーション・剌しゅう用</font></td><td width=""530""><font size=""2"">ミシン針：11～14</font></td></tr></table><style type=""text/css"">
<!--
.rakuten-camp {
	width: 725px;
	border: 2px solid #3399FF;
	padding-top: 5px;
	-moz-border-radius:4px; /*Firefox*/
	-webkit-border-radius: 4px; /*Safari,Chrome*/
	border-radius:4px; /*Opera,Chrome*/
	margin:0 10px 10px 0;
}

/* 価格に枠線がつく */
table#rakutenLimitedId_cart {
    background-color: #f8f8f8;
    border: 1px solid #ddd;
    padding: 8px;
    margin: 16px 0;
}

span.price1 {
    color: #333 !important;
    font-weight: bold;
    font-size: 80% !important;
    line-height: 30px;
    display: inline-block;
    margin-right: 16px;
}

-->
</style>

<!--バナーエリア-->

<!--【消すな！】★★★ height=""380"" で設定してください。★★★-->
<!--バナーエリアここまで-->

<!--楽天キャンペーン-->

<h2 style=""margin:20px 0 10px 0;""><img src=""http://www.rakuten.ne.jp/gold/akibamac/frame/images/rakuten_title2.gif"" alt=""楽天市場のお得なキャンペーン"" width=""730"" height=""42"" border=""0""></h2>
<div class=""rakuten-camp"" style=""margin:0 0 0 0;"">


<!--楽天キャンペーン@ここまで-->",フジックスキングスターミシン刺しゅう糸 50番250m 50-250M-10 (ｽﾀｰﾐｼﾝｼｼｭｳｲﾄ502)：ソフマップ　デジタルコレクション,ソフマップ デジタルコレクションSofmap Digital CollectionパソコンタブレットPCHDDアセンブリパーツパソコンパーツテレビゲームブルーレイソフトDVDソフト液晶テレビブルーレイディスクレコーダーデジタル一眼レフカメラデジタルカメラ家電時計中古　ソフトアウトレット中古ノートパソコン中古パソコンフジックスキングスターミシン刺しゅう糸 50番250m 50-250M-10 (ｽﾀｰﾐｼﾝｼｼｭｳｲﾄ502),フジックスキングスターミシン刺しゅう糸 50番250m 50-250M-10 (ｽﾀｰﾐｼﾝｼｼｭｳｲﾄ502)[rn]
5-66258,http://tshop.r10s.jp/akibamac/cabinet/04785997/4977528830043.jpg?fitin=700:700,142.4000,,日用品雑貨・文房具・手芸 > 手芸・クラフト・生地 > 裁縫材料 > ミシン糸,フジックスキングスターミシン刺しゅう糸 50番250m 50-250M-4 (ｽﾀｰﾐｼﾝｼｼｭｳｲﾄ502),,"<table border=""0"" cellpadding=""0"" cellspacing=""0"" width=""710"" style=""line-height:140%;""><tr><td><font size=""2"">■キルティング・アップリケ・デコレーション・剌しゅう用<br>■独特な光沢とやわらかさを併せ持つ糸。安定した美しい仕上がりで縫いやすく、耐久性のある糸なので刺しゅうや飾り縫いなど幅広くお使いいただけます。<br>■ポリエステル100％<br>■ミシン針11～14<br><br></font></td></tr></table><table cellspacing=""0"" cellpadding=""4"" border=""1"" width=""710"" bordercolor=""#cccccc""><tr><td width=""180"" bgcolor=""#efefef""><font size=""2"">商品名</font></td><td width=""530""><font size=""2"">キングスターミシン刺しゅう糸50番250m　50-250M-4</font></td></tr><tr><td width=""180"" bgcolor=""#efefef""><font size=""2"">型番</font></td><td width=""530""><font size=""2"">ｽﾀｰﾐｼﾝｼｼｭｳｲﾄ50250M4</font></td></tr><tr><td width=""180"" bgcolor=""#efefef""><font size=""2"">ＪＡＮコード</font></td><td width=""530""><font size=""2"">4977528830043</font></td></tr><tr><td width=""180"" bgcolor=""#efefef""><font size=""2"">メーカー</font></td><td width=""530""><font size=""2"">フジックス</font></td></tr><tr><td width=""180"" bgcolor=""#efefef""><font size=""2"">シリーズ名/愛称</font></td><td width=""530""><font size=""2"">キングスター</font></td></tr><tr><td width=""180"" bgcolor=""#efefef""><font size=""2"">対応機種</font></td><td width=""530""><font size=""2"">ミシン用</font></td></tr><tr><td width=""180"" bgcolor=""#efefef""><font size=""2"">用途：キルティング・アップリケ・デコレーション・剌しゅう用</font></td><td width=""530""><font size=""2"">ミシン針：11～14</font></td></tr></table><style type=""text/css"">
<!--
.rakuten-camp {
	width: 725px;
	border: 2px solid #3399FF;
	padding-top: 5px;
	-moz-border-radius:4px; /*Firefox*/
	-webkit-border-radius: 4px; /*Safari,Chrome*/
	border-radius:4px; /*Opera,Chrome*/
	margin:0 10px 10px 0;
}

/* 価格に枠線がつく */
table#rakutenLimitedId_cart {
    background-color: #f8f8f8;
    border: 1px solid #ddd;
    padding: 8px;
    margin: 16px 0;
}

span.price1 {
    color: #333 !important;
    font-weight: bold;
    font-size: 80% !important;
    line-height: 30px;
    display: inline-block;
    margin-right: 16px;
}

-->
</style>

<!--バナーエリア-->

<!--【消すな！】★★★ height=""380"" で設定してください。★★★-->
<!--バナーエリアここまで-->

<!--楽天キャンペーン-->

<h2 style=""margin:20px 0 10px 0;""><img src=""http://www.rakuten.ne.jp/gold/akibamac/frame/images/rakuten_title2.gif"" alt=""楽天市場のお得なキャンペーン"" width=""730"" height=""42"" border=""0""></h2>
<div class=""rakuten-camp"" style=""margin:0 0 0 0;"">


<!--楽天キャンペーン@ここまで-->",フジックスキングスターミシン刺しゅう糸 50番250m 50-250M-4 (ｽﾀｰﾐｼﾝｼｼｭｳｲﾄ502)：ソフマップ　デジタルコレクション,ソフマップ デジタルコレクションSofmap Digital CollectionパソコンタブレットPCHDDアセンブリパーツパソコンパーツテレビゲームブルーレイソフトDVDソフト液晶テレビブルーレイディスクレコーダーデジタル一眼レフカメラデジタルカメラ家電時計中古　ソフトアウトレット中古ノートパソコン中古パソコンフジックスキングスターミシン刺しゅう糸 50番250m 50-250M-4 (ｽﾀｰﾐｼﾝｼｼｭｳｲﾄ502),フジックスキングスターミシン刺しゅう糸 50番250m 50-250M-4 (ｽﾀｰﾐｼﾝｼｼｭｳｲﾄ502)[rn]
5-66259,http://tshop.r10s.jp/axe/cabinet/attachmento/img65692887.jpg?fitin=700:700,1832.0000,,日用品雑貨・文房具・手芸 > 手芸・クラフト・生地 > 裁縫材料 > ミシン糸,【送料無料_ゆうパケット】【アウトレット未使用品】　24色ミシン糸+ソーイングキット【ミシン通販　口コミ　ランキング】【楽ギフ_包装選択】【楽ギフ_のし宛書】【楽ギフ_メッセ入力】,【アウトレット未使用品】ミシン糸セット ソーイング】,"<table border=""0"" cellspacing=""0"" cellpadding=""2"">
<tr valign=""top"">
<td nowrap class=""t12-16"">ギフト対応</td></tr><tr>
<td><img src=""http://image.rakuten.co.jp/axe/cabinet/s-img/img58326367.gif"" alt=""ラッピング対応
"" width=""100"" height=""21"" hspace=""1""  border=""0""><img src=""http://image.rakuten.co.jp/axe/cabinet/s-img/img58326365.gif"" alt=""のし対応"" width=""100""
height=""21"" hspace=""1""  border=""0""><img src=""http://image.rakuten.co.jp/axe/cabinet/s-img/img58326366.gif"" alt=""のし記名可"" width=""100""
height=""21"" hspace=""1""  border=""0""></td>
</tr>
</table>
<p><br>
  
  <br>
  <font size=""2"" color=""#4B4B4B"">
  ●24色の糸セットです。豊富な糸の中から生地に合せての糸選びが出来ます。<br>
  ●家庭用ミシンの糸立て棒に、そのまま差し込んで使用できます。<br>
  <font color=""#FF0000"">※アウトレット品（未使用）につき、商品の箱、ケースなど外観にキズや汚れなどがある場合がございます。<br />
  外観不良に関しての返品は受け付けしかねますのでご了承お願いいたします。<br>
  ※この商品は配送方法にて【ゆうパケット】をお選びいただくと送料無料です。配送時間等のご指定は出来ませんのでご了承願います。<br>
  【宅配便】をお選び頂くと有料￥864となりますのでご注意ください。</font>
  <br><br><br>
  24色糸詳細：<br>
  ポリエステル100％／＃60／45ｍ巻きｘ24個<br>プラスチックケース３個入り／生産国・台湾
  </font>
</p>
<p><font size=""2"" color=""#4B4B4B"">ソーイングキット詳細：<br />
12色糸（ポリエステル100％／＃60／36ｍ巻きボビン12個）<br />
手縫用針ｘ2、待ち針ｘ5、ボタンｘ4、安全ピンｘ2<br />
スカートカギフック、糸通し器、スナップボタン、6色手縫い用糸<br />
糸切ハサミ、メジャー、指サック、ピンクッション、プラスチックケース２個入り／生産国・台湾 </font></p>


【楽天BOX受取対象商品（家電パソコン本音楽ゲーム）】【楽天BOX受取対象商品（その他）】",【送料無料_ゆうパケット】【アウトレット未使用品】　24色ミシン糸+ソーイングキット【ミシン通販　口コミ　ランキング】【楽ギフ_包装選択】【楽ギフ_のし宛書】【楽ギフ_メッセ入力】：ミシンのお店　アックスヤマザキ,ミシンアンティークミシンシンガー ミシンミシン 本体自動糸調子ロックミシン毛糸ミシン自動糸調子ボタンホーラーロックカッターコンピューターミシンシンガー入園入学ミシン 糸ボビンアックスヤマザキ山崎ミシン刺繍ミシン　使い方縁かがり【送料無料_ゆうパケット】【アウトレット未使用品】　24色ミシン糸+ソーイングキット【ミシン通販　口コミ　ランキング】【楽ギフ_包装選択】【楽ギフ_のし宛書】【楽ギフ_メッセ入力】,【アウトレット未使用品】ミシン糸セット ソーイング】。【送料無料_ゆうパケット】【アウトレット未使用品】　24色ミシン糸+ソーイングキット【ミシン通販　口コミ　ランキング】【楽ギフ_包装選択】【楽ギフ_のし宛書】【楽ギフ_メッセ入力】[rn]
5-66260,http://tshop.r10s.jp/axe/cabinet/n_syouhin/imgrc0067471440.jpg?fitin=700:700,1548.0000,,日用品雑貨・文房具・手芸 > 手芸・クラフト・生地 > 裁縫材料 > ミシン糸,【送料無料_ゆうパケット】【アウトレット未使用品】　24色ミシン糸+12色ボビン糸セット【ミシン通販　口コミ　ランキング】【楽ギフ_包装選択】【楽ギフ_のし宛書】【楽ギフ_メッセ入力】【RCP】10P13sep13,【アウトレット品】ミシン24色糸+下糸ボビン12色セット】,"<table border=""0"" cellspacing=""0"" cellpadding=""2"">
<tr valign=""top"">
<td nowrap class=""t12-16"">ギフト対応</td></tr><tr>
<td><img src=""http://image.rakuten.co.jp/axe/cabinet/s-img/img58326367.gif"" alt=""ラッピング対応
"" width=""100"" height=""21"" hspace=""1""  border=""0""><img src=""http://image.rakuten.co.jp/axe/cabinet/s-img/img58326365.gif"" alt=""のし対応"" width=""100""
height=""21"" hspace=""1""  border=""0""><img src=""http://image.rakuten.co.jp/axe/cabinet/s-img/img58326366.gif"" alt=""のし記名可"" width=""100""
height=""21"" hspace=""1""  border=""0""></td>
</tr>
</table>
<p><br>
  
  <br>
  <font size=""2"" color=""#4B4B4B"">
  ●24色の糸セットです。豊富な糸の中から生地に合せての糸選びが出来ます。<br>
  ●家庭用ミシンの糸立て棒に、そのまま差し込んで使用できます。<br>
  <font color=""#FF0000"">※アウトレット品（未使用）につき、商品の箱、ケースなど外観にキズや汚れなどがある場合がございます。<br />
  外観不良に関しての返品は受け付けしかねますのでご了承お願いいたします。<br>
  ※この商品は配送方法にて【ゆうパケット】をお選びいただくと送料無料です。配送時間等のご指定は出来ませんのでご了承願います。<br>
  【宅配便】をお選び頂くと有料￥864となりますのでご注意ください。</font>
  <br><br><br>
  24色糸詳細：<br>
  ポリエステル100％／＃60／45ｍ巻きｘ24個<br>プラスチックケース３個入り／生産国・台湾
  </font>
</p>
<p><font size=""2"" color=""#4B4B4B"">下糸ボビン12色セット詳細：<br />
12色糸（ポリエステル100％／＃60／36ｍ巻きボビンHAｘ1タイプ12個）<br />
／生産国・台湾 </font></p>

【楽天BOX受取対象商品（家電パソコン本音楽ゲーム）】【楽天BOX受取対象商品（その他）】",【送料無料_ゆうパケット】【アウトレット未使用品】　24色ミシン糸+12色ボビン糸セット【ミシン通販　口コミ　ランキング】【楽ギフ_包装選択】【楽ギフ_のし宛書】【楽ギフ_メッセ入力】【RCP】10P13sep13：ミシンのお店　アックスヤマザキ,ミシンアンティークミシンシンガー ミシンミシン 本体自動糸調子ロックミシン毛糸ミシン自動糸調子ボタンホーラーロックカッターコンピューターミシンシンガー入園入学ミシン 糸ボビンアックスヤマザキ山崎ミシン刺繍ミシン　使い方縁かがり【送料無料_ゆうパケット】【アウトレット未使用品】　24色ミシン糸+12色ボビン糸セット【ミシン通販　口コミ　ランキング】【楽ギフ_包装選択】【楽ギフ_のし宛書】【楽ギフ_メッセ入力】【RCP】10P13sep13,【アウトレット品】ミシン24色糸+下糸ボビン12色セット】。【送料無料_ゆうパケット】【アウトレット未使用品】　24色ミシン糸+12色ボビン糸セット【ミシン通販　口コミ　ランキング】【楽ギフ_包装選択】【楽ギフ_のし宛書】【楽ギフ_メッセ入力】【RCP】10P13sep13[rn]
5-66261,http://tshop.r10s.jp/axe/cabinet/attachmento/3i_set.jpg?fitin=700:700,1592.0000,,日用品雑貨・文房具・手芸 > 手芸・クラフト・生地 > 裁縫材料 > ミシン糸,【ミシン糸】「送料無料_定型外郵便」よく使うベスト3色ミシン糸セット フジックス シャッペスパン 60番 700m  普通地用 黒　白　生成り【ミシン糸 セット】,【 3色ミシン糸セット  シャッペスパン 60番 700m 】,"<table border=""0"" cellspacing=""0"" cellpadding=""2"">
<tr valign=""top"">
<td nowrap class=""t12-16"">ギフト対応</td></tr><tr>
<td><img src=""http://image.rakuten.co.jp/axe/cabinet/s-img/img58326367.gif"" alt=""ラッピング対応
"" width=""100"" height=""21"" hspace=""1""  border=""0""><img src=""http://image.rakuten.co.jp/axe/cabinet/s-img/img58326365.gif"" alt=""のし対応"" width=""100""
height=""21"" hspace=""1""  border=""0""><img src=""http://image.rakuten.co.jp/axe/cabinet/s-img/img58326366.gif"" alt=""のし記名可"" width=""100""
height=""21"" hspace=""1""  border=""0""></td>
</tr>
</table><br>

<br><font size=""2"" color=""#4B4B4B"">
●よく使う便利な基本色の糸３個入りセット。あれば便利！使い勝手が良いベスト３をセットにしました。700ｍと、程よい量なので１セット持っておけば、何かと便利ですね。<br>
●家庭用ミシンの糸立て棒に、そのまま差し込んで使用できます。<br>
<font color=""#FF0000"">※この商品は配送方法にて【定型外郵便】をお選びいただくと送料無料です。配送時間等のご指定は出来ませんのでご了承願います。<br>
【宅配便】をお選び頂くと有料￥864となりますのでご注意ください。</font>
<br><br><br>
ポリエステル100％／＃60／700ｍ巻きｘ3個（白×１、黒×１、生成り×１）<br>
生産国・日本
</font>",【ミシン糸】「送料無料_定型外郵便」よく使うベスト3色ミシン糸セット フジックス シャッペスパン 60番 700m  普通地用 黒　白　生成り【ミシン糸 セット】：ミシンのお店　アックスヤマザキ,ミシンアンティークミシンシンガー ミシンミシン 本体自動糸調子ロックミシン毛糸ミシン自動糸調子ボタンホーラーロックカッターコンピューターミシンシンガー入園入学ミシン 糸ボビンアックスヤマザキ山崎ミシン刺繍ミシン　使い方縁かがり【ミシン糸】「送料無料_定型外郵便」よく使うベスト3色ミシン糸セット フジックス シャッペスパン 60番 700m  普通地用 黒　白　生成り【ミシン糸 セット】,【 3色ミシン糸セット  シャッペスパン 60番 700m 】。【ミシン糸】「送料無料_定型外郵便」よく使うベスト3色ミシン糸セット フジックス シャッペスパン 60番 700m  普通地用 黒　白　生成り【ミシン糸 セット】[rn]
5-66262,http://tshop.r10s.jp/axe/cabinet/attachmento/24i.jpg?fitin=700:700,1145.6000,,日用品雑貨・文房具・手芸 > 手芸・クラフト・生地 > 裁縫材料 > ミシン糸,【送料無料_ゆうパケット】ミシン糸 カラフルな24色糸で布に合せて糸選び♪ミシン糸　ボビン【シンガーミシン　通販　口コミ　ランキング】【楽ギフ_包装選択】【楽ギフ_のし宛書】【楽ギフ_メッセ入力】,【 24色ミシン糸セット ミシン糸　刺繍　刺しゅう】,"<table border=""0"" cellspacing=""0"" cellpadding=""2"">
<tr valign=""top"">
<td nowrap class=""t12-16"">ギフト対応</td></tr><tr>
<td><img src=""http://image.rakuten.co.jp/axe/cabinet/s-img/img58326367.gif"" alt=""ラッピング対応
"" width=""100"" height=""21"" hspace=""1""  border=""0""><img src=""http://image.rakuten.co.jp/axe/cabinet/s-img/img58326365.gif"" alt=""のし対応"" width=""100""
height=""21"" hspace=""1""  border=""0""><img src=""http://image.rakuten.co.jp/axe/cabinet/s-img/img58326366.gif"" alt=""のし記名可"" width=""100""
height=""21"" hspace=""1""  border=""0""></td>
</tr>
</table><br>

<br><font size=""2"" color=""#4B4B4B"">
●24色の糸セットです。豊富な糸の中から生地に合せての糸選びが出来ます。<br>
●家庭用ミシンの糸立て棒に、そのまま差し込んで使用できます。<br>
<font color=""#FF0000"">※この商品は配送方法にて【ゆうパケット】をお選びいただくと送料無料です。配送時間等のご指定は出来ませんのでご了承願います。<br>
【宅配便】をお選び頂くと有料￥864となりますのでご注意ください。</font>
<br><br><br>
ポリエステル100％／＃60／45ｍ巻きｘ24個／プラスチックケース３個入り<br>
生産国・台湾
</font>

【楽天BOX受取対象商品（家電パソコン本音楽ゲーム）】【楽天BOX受取対象商品（その他）】",【送料無料_ゆうパケット】ミシン糸 カラフルな24色糸で布に合せて糸選び♪ミシン糸　ボビン【シンガーミシン　通販　口コミ　ランキング】【楽ギフ_包装選択】【楽ギフ_のし宛書】【楽ギフ_メッセ入力】：ミシンのお店　アックスヤマザキ,ミシンアンティークミシンシンガー ミシンミシン 本体自動糸調子ロックミシン毛糸ミシン自動糸調子ボタンホーラーロックカッターコンピューターミシンシンガー入園入学ミシン 糸ボビンアックスヤマザキ山崎ミシン刺繍ミシン　使い方縁かがり【送料無料_ゆうパケット】ミシン糸 カラフルな24色糸で布に合せて糸選び♪ミシン糸　ボビン【シンガーミシン　通販　口コミ　ランキング】【楽ギフ_包装選択】【楽ギフ_のし宛書】【楽ギフ_メッセ入力】,【 24色ミシン糸セット ミシン糸　刺繍　刺しゅう】。【送料無料_ゆうパケット】ミシン糸 カラフルな24色糸で布に合せて糸選び♪ミシン糸　ボビン【シンガーミシン　通販　口コミ　ランキング】【楽ギフ_包装選択】【楽ギフ_のし宛書】【楽ギフ_メッセ入力】[rn]
5-66263,http://tshop.r10s.jp/dtc/cabinet/20170403s/4977528832498.jpg?fitin=700:700,142.4000,,日用品雑貨・文房具・手芸 > 手芸・クラフト・生地 > 裁縫材料 > ミシン糸,フジックスキングスターミシン刺しゅう糸 50番250m 50-250M-24 (ｽﾀｰﾐｼﾝｼｼｭｳｲﾄ502),　,"<table border=""0"" cellpadding=""0"" cellspacing=""0"" width=""710"" style=""line-height:140%;""><tr><td><font size=""2"">■キルティング・アップリケ・デコレーション・剌しゅう用<br>■独特な光沢とやわらかさを併せ持つ糸。安定した美しい仕上がりで縫いやすく、耐久性のある糸なので刺しゅうや飾り縫いなど幅広くお使いいただけます。<br>■ポリエステル100％<br>■ミシン針11～14<br><br></font></td></tr></table><table cellspacing=""0"" cellpadding=""4"" border=""1"" width=""710"" bordercolor=""#cccccc""><tr><td width=""180"" bgcolor=""#efefef""><font size=""2"">商品名</font></td><td width=""530""><font size=""2"">キングスターミシン刺しゅう糸50番250m　50-250M-24</font></td></tr><tr><td width=""180"" bgcolor=""#efefef""><font size=""2"">型番</font></td><td width=""530""><font size=""2"">ｽﾀｰﾐｼﾝｼｼｭｳｲﾄ50250M24</font></td></tr><tr><td width=""180"" bgcolor=""#efefef""><font size=""2"">ＪＡＮコード</font></td><td width=""530""><font size=""2"">4977528832498</font></td></tr><tr><td width=""180"" bgcolor=""#efefef""><font size=""2"">メーカー</font></td><td width=""530""><font size=""2"">フジックス</font></td></tr><tr><td width=""180"" bgcolor=""#efefef""><font size=""2"">メーカー希望小売価格(税込)</font></td><td width=""530""><font size=""2"">262円</font></td></tr><tr><td width=""180"" bgcolor=""#efefef""><font size=""2"">シリーズ名/愛称</font></td><td width=""530""><font size=""2"">キングスター</font></td></tr><tr><td width=""180"" bgcolor=""#efefef""><font size=""2"">対応機種</font></td><td width=""530""><font size=""2"">ミシン用</font></td></tr><tr><td width=""180"" bgcolor=""#efefef""><font size=""2"">用途：キルティング・アップリケ・デコレーション・剌しゅう用</font></td><td width=""530""><font size=""2"">ミシン針：11～14</font></td></tr></table><!--

-->



<div style=""width:710px; height:180px;  margin:0; overflow:hidden;"">

</div>

<!--
<div style=""width: 700px; margin: 0 5px;"">
<img src=""http://www.rakuten.ne.jp/gold/dtc/frame/images/syouhinsetumei2.gif"" width=""700"" height=""30"">
</div>
<br>
<div style=""width:710px; height:280px;  margin:0 0 20px; overflow:hidden;"">

</div>
-->",フジックスキングスターミシン刺しゅう糸 50番250m 50-250M-24 (ｽﾀｰﾐｼﾝｼｼｭｳｲﾄ502)：ソフマップ楽天市場店,ソフマップSofmapパソコンタブレットPCHDDアセンブリパーツパソコンパーツテレビゲームブルーレイソフトDVDソフト液晶テレビブルーレイディスクレコーダーデジタル一眼レフカメラデジタルカメラ家電時計中古アウトレットiPadiPhoneフジックスキングスターミシン刺しゅう糸 50番250m 50-250M-24 (ｽﾀｰﾐｼﾝｼｼｭｳｲﾄ502),　。フジックスキングスターミシン刺しゅう糸 50番250m 50-250M-24 (ｽﾀｰﾐｼﾝｼｼｭｳｲﾄ502)[rn]
5-66264,http://tshop.r10s.jp/dtc/cabinet/20170403s/4977528560704.jpg?fitin=700:700,134.4000,,日用品雑貨・文房具・手芸 > 手芸・クラフト・生地 > 裁縫材料 > ミシン糸,フジックスシャッペスパンミシン糸 60番200m 60-200M-70 (ｼｬｯﾍﾟｽﾊﾟﾝ60200M),　,"<table border=""0"" cellpadding=""0"" cellspacing=""0"" width=""710"" style=""line-height:140%;""><tr><td><font size=""2"">■普通地用<br>■綿糸の縫いやすさと美しい光沢を併せ持つポリエステル糸。<br>■ポリエステル100％<br>■60番／200m<br>■ミシン針9～14<br><br></font></td></tr></table><table cellspacing=""0"" cellpadding=""4"" border=""1"" width=""710"" bordercolor=""#cccccc""><tr><td width=""180"" bgcolor=""#efefef""><font size=""2"">商品名</font></td><td width=""530""><font size=""2"">シャッペスパンミシン糸60番200m　60-200M-70</font></td></tr><tr><td width=""180"" bgcolor=""#efefef""><font size=""2"">型番</font></td><td width=""530""><font size=""2"">ｼｬｯﾍﾟｽﾊﾟﾝ60200M70</font></td></tr><tr><td width=""180"" bgcolor=""#efefef""><font size=""2"">ＪＡＮコード</font></td><td width=""530""><font size=""2"">4977528560704</font></td></tr><tr><td width=""180"" bgcolor=""#efefef""><font size=""2"">メーカー</font></td><td width=""530""><font size=""2"">フジックス</font></td></tr><tr><td width=""180"" bgcolor=""#efefef""><font size=""2"">メーカー希望小売価格(税込)</font></td><td width=""530""><font size=""2"">264円</font></td></tr><tr><td width=""180"" bgcolor=""#efefef""><font size=""2"">シリーズ名/愛称</font></td><td width=""530""><font size=""2"">シャッペスパン</font></td></tr><tr><td width=""180"" bgcolor=""#efefef""><font size=""2"">対応機種</font></td><td width=""530""><font size=""2"">ミシン用</font></td></tr><tr><td width=""180"" bgcolor=""#efefef""><font size=""2"">生地：普通地用</font></td><td width=""530""><font size=""2"">ミシン針：9～14</font></td></tr></table><!--

-->



<div style=""width:710px; height:180px;  margin:0; overflow:hidden;"">

</div>

<!--
<div style=""width: 700px; margin: 0 5px;"">
<img src=""http://www.rakuten.ne.jp/gold/dtc/frame/images/syouhinsetumei2.gif"" width=""700"" height=""30"">
</div>
<br>
<div style=""width:710px; height:280px;  margin:0 0 20px; overflow:hidden;"">

</div>
-->",フジックスシャッペスパンミシン糸 60番200m 60-200M-70 (ｼｬｯﾍﾟｽﾊﾟﾝ60200M)：ソフマップ楽天市場店,ソフマップSofmapパソコンタブレットPCHDDアセンブリパーツパソコンパーツテレビゲームブルーレイソフトDVDソフト液晶テレビブルーレイディスクレコーダーデジタル一眼レフカメラデジタルカメラ家電時計中古アウトレットiPadiPhoneフジックスシャッペスパンミシン糸 60番200m 60-200M-70 (ｼｬｯﾍﾟｽﾊﾟﾝ60200M),　。フジックスシャッペスパンミシン糸 60番200m 60-200M-70 (ｼｬｯﾍﾟｽﾊﾟﾝ60200M)[rn]
5-66265,http://tshop.r10s.jp/dtc/cabinet/20170403s/4977528560513.jpg?fitin=700:700,134.4000,,日用品雑貨・文房具・手芸 > 手芸・クラフト・生地 > 裁縫材料 > ミシン糸,フジックスシャッペスパンミシン糸 60番200m 60-200M-51 (ｼｬｯﾍﾟｽﾊﾟﾝ60200M),　,"<table border=""0"" cellpadding=""0"" cellspacing=""0"" width=""710"" style=""line-height:140%;""><tr><td><font size=""2"">■普通地用<br>■綿糸の縫いやすさと美しい光沢を併せ持つポリエステル糸。<br>■ポリエステル100％<br>■60番／200m<br>■ミシン針9～14<br><br></font></td></tr></table><table cellspacing=""0"" cellpadding=""4"" border=""1"" width=""710"" bordercolor=""#cccccc""><tr><td width=""180"" bgcolor=""#efefef""><font size=""2"">商品名</font></td><td width=""530""><font size=""2"">シャッペスパンミシン糸60番200m　60-200M-51</font></td></tr><tr><td width=""180"" bgcolor=""#efefef""><font size=""2"">型番</font></td><td width=""530""><font size=""2"">ｼｬｯﾍﾟｽﾊﾟﾝ60200M51</font></td></tr><tr><td width=""180"" bgcolor=""#efefef""><font size=""2"">ＪＡＮコード</font></td><td width=""530""><font size=""2"">4977528560513</font></td></tr><tr><td width=""180"" bgcolor=""#efefef""><font size=""2"">メーカー</font></td><td width=""530""><font size=""2"">フジックス</font></td></tr><tr><td width=""180"" bgcolor=""#efefef""><font size=""2"">メーカー希望小売価格(税込)</font></td><td width=""530""><font size=""2"">264円</font></td></tr><tr><td width=""180"" bgcolor=""#efefef""><font size=""2"">シリーズ名/愛称</font></td><td width=""530""><font size=""2"">シャッペスパン</font></td></tr><tr><td width=""180"" bgcolor=""#efefef""><font size=""2"">対応機種</font></td><td width=""530""><font size=""2"">ミシン用</font></td></tr><tr><td width=""180"" bgcolor=""#efefef""><font size=""2"">生地：普通地用</font></td><td width=""530""><font size=""2"">ミシン針：9～14</font></td></tr></table><!--

-->



<div style=""width:710px; height:180px;  margin:0; overflow:hidden;"">

</div>

<!--
<div style=""width: 700px; margin: 0 5px;"">
<img src=""http://www.rakuten.ne.jp/gold/dtc/frame/images/syouhinsetumei2.gif"" width=""700"" height=""30"">
</div>
<br>
<div style=""width:710px; height:280px;  margin:0 0 20px; overflow:hidden;"">

</div>
-->",フジックスシャッペスパンミシン糸 60番200m 60-200M-51 (ｼｬｯﾍﾟｽﾊﾟﾝ60200M)：ソフマップ楽天市場店,ソフマップSofmapパソコンタブレットPCHDDアセンブリパーツパソコンパーツテレビゲームブルーレイソフトDVDソフト液晶テレビブルーレイディスクレコーダーデジタル一眼レフカメラデジタルカメラ家電時計中古アウトレットiPadiPhoneフジックスシャッペスパンミシン糸 60番200m 60-200M-51 (ｼｬｯﾍﾟｽﾊﾟﾝ60200M),　。フジックスシャッペスパンミシン糸 60番200m 60-200M-51 (ｼｬｯﾍﾟｽﾊﾟﾝ60200M)[rn]
5-66266,http://tshop.r10s.jp/dtc/cabinet/20170403s/4977528832764.jpg?fitin=700:700,142.4000,,日用品雑貨・文房具・手芸 > 手芸・クラフト・生地 > 裁縫材料 > ミシン糸,フジックスキングスターミシン刺しゅう糸 50番250m 50-250M-276 (ｽﾀｰﾐｼﾝｼｼｭｳｲﾄ502),　,"<table border=""0"" cellpadding=""0"" cellspacing=""0"" width=""710"" style=""line-height:140%;""><tr><td><font size=""2"">■キルティング・アップリケ・デコレーション・剌しゅう用<br>■独特な光沢とやわらかさを併せ持つ糸。安定した美しい仕上がりで縫いやすく、耐久性のある糸なので刺しゅうや飾り縫いなど幅広くお使いいただけます。<br>■ポリエステル100％<br>■ミシン針11～14<br><br></font></td></tr></table><table cellspacing=""0"" cellpadding=""4"" border=""1"" width=""710"" bordercolor=""#cccccc""><tr><td width=""180"" bgcolor=""#efefef""><font size=""2"">商品名</font></td><td width=""530""><font size=""2"">キングスターミシン刺しゅう糸50番250m　50-250M-27</font></td></tr><tr><td width=""180"" bgcolor=""#efefef""><font size=""2"">型番</font></td><td width=""530""><font size=""2"">ｽﾀｰﾐｼﾝｼｼｭｳｲﾄ50250M27</font></td></tr><tr><td width=""180"" bgcolor=""#efefef""><font size=""2"">ＪＡＮコード</font></td><td width=""530""><font size=""2"">4977528832764</font></td></tr><tr><td width=""180"" bgcolor=""#efefef""><font size=""2"">メーカー</font></td><td width=""530""><font size=""2"">フジックス</font></td></tr><tr><td width=""180"" bgcolor=""#efefef""><font size=""2"">メーカー希望小売価格(税込)</font></td><td width=""530""><font size=""2"">262円</font></td></tr><tr><td width=""180"" bgcolor=""#efefef""><font size=""2"">シリーズ名/愛称</font></td><td width=""530""><font size=""2"">キングスター</font></td></tr><tr><td width=""180"" bgcolor=""#efefef""><font size=""2"">対応機種</font></td><td width=""530""><font size=""2"">ミシン用</font></td></tr><tr><td width=""180"" bgcolor=""#efefef""><font size=""2"">用途：キルティング・アップリケ・デコレーション・剌しゅう用</font></td><td width=""530""><font size=""2"">ミシン針：11～14</font></td></tr></table><!--

-->



<div style=""width:710px; height:180px;  margin:0; overflow:hidden;"">

</div>

<!--
<div style=""width: 700px; margin: 0 5px;"">
<img src=""http://www.rakuten.ne.jp/gold/dtc/frame/images/syouhinsetumei2.gif"" width=""700"" height=""30"">
</div>
<br>
<div style=""width:710px; height:280px;  margin:0 0 20px; overflow:hidden;"">

</div>
-->",フジックスキングスターミシン刺しゅう糸 50番250m 50-250M-276 (ｽﾀｰﾐｼﾝｼｼｭｳｲﾄ502)：ソフマップ楽天市場店,ソフマップSofmapパソコンタブレットPCHDDアセンブリパーツパソコンパーツテレビゲームブルーレイソフトDVDソフト液晶テレビブルーレイディスクレコーダーデジタル一眼レフカメラデジタルカメラ家電時計中古アウトレットiPadiPhoneフジックスキングスターミシン刺しゅう糸 50番250m 50-250M-276 (ｽﾀｰﾐｼﾝｼｼｭｳｲﾄ502),　。フジックスキングスターミシン刺しゅう糸 50番250m 50-250M-276 (ｽﾀｰﾐｼﾝｼｼｭｳｲﾄ502)[rn]
5-66267,http://tshop.r10s.jp/dtc/cabinet/20170403s/4977528830586.jpg?fitin=700:700,142.4000,,日用品雑貨・文房具・手芸 > 手芸・クラフト・生地 > 裁縫材料 > ミシン糸,フジックスキングスターミシン刺しゅう糸 50番250m 50-250M-58 (ｽﾀｰﾐｼﾝｼｼｭｳｲﾄ502),　,"<table border=""0"" cellpadding=""0"" cellspacing=""0"" width=""710"" style=""line-height:140%;""><tr><td><font size=""2"">■キルティング・アップリケ・デコレーション・剌しゅう用<br>■独特な光沢とやわらかさを併せ持つ糸。安定した美しい仕上がりで縫いやすく、耐久性のある糸なので刺しゅうや飾り縫いなど幅広くお使いいただけます。<br>■ポリエステル100％<br>■ミシン針11～14<br><br></font></td></tr></table><table cellspacing=""0"" cellpadding=""4"" border=""1"" width=""710"" bordercolor=""#cccccc""><tr><td width=""180"" bgcolor=""#efefef""><font size=""2"">商品名</font></td><td width=""530""><font size=""2"">キングスターミシン刺しゅう糸50番250m　50-250M-58</font></td></tr><tr><td width=""180"" bgcolor=""#efefef""><font size=""2"">型番</font></td><td width=""530""><font size=""2"">ｽﾀｰﾐｼﾝｼｼｭｳｲﾄ50250M58</font></td></tr><tr><td width=""180"" bgcolor=""#efefef""><font size=""2"">ＪＡＮコード</font></td><td width=""530""><font size=""2"">4977528830586</font></td></tr><tr><td width=""180"" bgcolor=""#efefef""><font size=""2"">メーカー</font></td><td width=""530""><font size=""2"">フジックス</font></td></tr><tr><td width=""180"" bgcolor=""#efefef""><font size=""2"">メーカー希望小売価格(税込)</font></td><td width=""530""><font size=""2"">262円</font></td></tr><tr><td width=""180"" bgcolor=""#efefef""><font size=""2"">シリーズ名/愛称</font></td><td width=""530""><font size=""2"">キングスター</font></td></tr><tr><td width=""180"" bgcolor=""#efefef""><font size=""2"">対応機種</font></td><td width=""530""><font size=""2"">ミシン用</font></td></tr><tr><td width=""180"" bgcolor=""#efefef""><font size=""2"">用途：キルティング・アップリケ・デコレーション・剌しゅう用</font></td><td width=""530""><font size=""2"">ミシン針：11～14</font></td></tr></table><!--

-->



<div style=""width:710px; height:180px;  margin:0; overflow:hidden;"">

</div>

<!--
<div style=""width: 700px; margin: 0 5px;"">
<img src=""http://www.rakuten.ne.jp/gold/dtc/frame/images/syouhinsetumei2.gif"" width=""700"" height=""30"">
</div>
<br>
<div style=""width:710px; height:280px;  margin:0 0 20px; overflow:hidden;"">

</div>
-->",フジックスキングスターミシン刺しゅう糸 50番250m 50-250M-58 (ｽﾀｰﾐｼﾝｼｼｭｳｲﾄ502)：ソフマップ楽天市場店,ソフマップSofmapパソコンタブレットPCHDDアセンブリパーツパソコンパーツテレビゲームブルーレイソフトDVDソフト液晶テレビブルーレイディスクレコーダーデジタル一眼レフカメラデジタルカメラ家電時計中古アウトレットiPadiPhoneフジックスキングスターミシン刺しゅう糸 50番250m 50-250M-58 (ｽﾀｰﾐｼﾝｼｼｭｳｲﾄ502),　。フジックスキングスターミシン刺しゅう糸 50番250m 50-250M-58 (ｽﾀｰﾐｼﾝｼｼｭｳｲﾄ502)[rn]
5-66268,http://tshop.r10s.jp/dtc/cabinet/20170403s/4977528560261.jpg?fitin=700:700,134.4000,,日用品雑貨・文房具・手芸 > 手芸・クラフト・生地 > 裁縫材料 > ミシン糸,フジックスシャッペスパンミシン糸 60番200m 60-200M-26 (ｼｬｯﾍﾟｽﾊﾟﾝ60200M),　,"<table border=""0"" cellpadding=""0"" cellspacing=""0"" width=""710"" style=""line-height:140%;""><tr><td><font size=""2"">■普通地用<br>■綿糸の縫いやすさと美しい光沢を併せ持つポリエステル糸。<br>■ポリエステル100％<br>■60番／200m<br>■ミシン針9～14<br><br></font></td></tr></table><table cellspacing=""0"" cellpadding=""4"" border=""1"" width=""710"" bordercolor=""#cccccc""><tr><td width=""180"" bgcolor=""#efefef""><font size=""2"">商品名</font></td><td width=""530""><font size=""2"">シャッペスパンミシン糸60番200m　60-200M-26</font></td></tr><tr><td width=""180"" bgcolor=""#efefef""><font size=""2"">型番</font></td><td width=""530""><font size=""2"">ｼｬｯﾍﾟｽﾊﾟﾝ60200M26</font></td></tr><tr><td width=""180"" bgcolor=""#efefef""><font size=""2"">ＪＡＮコード</font></td><td width=""530""><font size=""2"">4977528560261</font></td></tr><tr><td width=""180"" bgcolor=""#efefef""><font size=""2"">メーカー</font></td><td width=""530""><font size=""2"">フジックス</font></td></tr><tr><td width=""180"" bgcolor=""#efefef""><font size=""2"">メーカー希望小売価格(税込)</font></td><td width=""530""><font size=""2"">264円</font></td></tr><tr><td width=""180"" bgcolor=""#efefef""><font size=""2"">シリーズ名/愛称</font></td><td width=""530""><font size=""2"">シャッペスパン</font></td></tr><tr><td width=""180"" bgcolor=""#efefef""><font size=""2"">対応機種</font></td><td width=""530""><font size=""2"">ミシン用</font></td></tr><tr><td width=""180"" bgcolor=""#efefef""><font size=""2"">生地：普通地用</font></td><td width=""530""><font size=""2"">ミシン針：9～14</font></td></tr></table><!--

-->



<div style=""width:710px; height:180px;  margin:0; overflow:hidden;"">

</div>

<!--
<div style=""width: 700px; margin: 0 5px;"">
<img src=""http://www.rakuten.ne.jp/gold/dtc/frame/images/syouhinsetumei2.gif"" width=""700"" height=""30"">
</div>
<br>
<div style=""width:710px; height:280px;  margin:0 0 20px; overflow:hidden;"">

</div>
-->",フジックスシャッペスパンミシン糸 60番200m 60-200M-26 (ｼｬｯﾍﾟｽﾊﾟﾝ60200M)：ソフマップ楽天市場店,ソフマップSofmapパソコンタブレットPCHDDアセンブリパーツパソコンパーツテレビゲームブルーレイソフトDVDソフト液晶テレビブルーレイディスクレコーダーデジタル一眼レフカメラデジタルカメラ家電時計中古アウトレットiPadiPhoneフジックスシャッペスパンミシン糸 60番200m 60-200M-26 (ｼｬｯﾍﾟｽﾊﾟﾝ60200M),　。フジックスシャッペスパンミシン糸 60番200m 60-200M-26 (ｼｬｯﾍﾟｽﾊﾟﾝ60200M)[rn]
5-66269,http://tshop.r10s.jp/dtc/cabinet/20170403s/4977528560971.jpg?fitin=700:700,134.4000,,日用品雑貨・文房具・手芸 > 手芸・クラフト・生地 > 裁縫材料 > ミシン糸,フジックスシャッペスパンミシン糸 60番200m 60-200M-97 (60200M),　,"<table border=""0"" cellpadding=""0"" cellspacing=""0"" width=""710"" style=""line-height:140%;""><tr><td><font size=""2"">■シャッペスパンは、ヨーロッパの長い伝統の中で育った「シルクシステム」と呼ばれる特殊な加工方法で紡績された、ポリエステル高級縫い糸です。  ■スパンシルクのすぐれた加工技術を受け継いだシャッペスパン縫い糸は、強さと美しさ、ばつぐんの縫いやすさを備えています。<br><br></font></td></tr></table><table cellspacing=""0"" cellpadding=""4"" border=""1"" width=""710"" bordercolor=""#cccccc""><tr><td width=""180"" bgcolor=""#efefef""><font size=""2"">商品名</font></td><td width=""530""><font size=""2"">シャッペスパンミシン糸60番200m　60-200M-97</font></td></tr><tr><td width=""180"" bgcolor=""#efefef""><font size=""2"">型番</font></td><td width=""530""><font size=""2"">ｼｬｯﾍﾟｽﾊﾟﾝ60200M97</font></td></tr><tr><td width=""180"" bgcolor=""#efefef""><font size=""2"">ＪＡＮコード</font></td><td width=""530""><font size=""2"">4977528560971</font></td></tr><tr><td width=""180"" bgcolor=""#efefef""><font size=""2"">メーカー</font></td><td width=""530""><font size=""2"">フジックス</font></td></tr><tr><td width=""180"" bgcolor=""#efefef""><font size=""2"">シリーズ名/愛称</font></td><td width=""530""><font size=""2"">シャッペスパン</font></td></tr><tr><td width=""180"" bgcolor=""#efefef""><font size=""2"">対応機種</font></td><td width=""530""><font size=""2"">普通地用、ミシン針9～14</font></td></tr></table><!--

-->



<div style=""width:710px; height:180px;  margin:0; overflow:hidden;"">

</div>

<!--
<div style=""width: 700px; margin: 0 5px;"">
<img src=""http://www.rakuten.ne.jp/gold/dtc/frame/images/syouhinsetumei2.gif"" width=""700"" height=""30"">
</div>
<br>
<div style=""width:710px; height:280px;  margin:0 0 20px; overflow:hidden;"">

</div>
-->",フジックスシャッペスパンミシン糸 60番200m 60-200M-97 (60200M)：ソフマップ楽天市場店,ソフマップSofmapパソコンタブレットPCHDDアセンブリパーツパソコンパーツテレビゲームブルーレイソフトDVDソフト液晶テレビブルーレイディスクレコーダーデジタル一眼レフカメラデジタルカメラ家電時計中古アウトレットiPadiPhoneフジックスシャッペスパンミシン糸 60番200m 60-200M-97 (60200M),　。フジックスシャッペスパンミシン糸 60番200m 60-200M-97 (60200M)[rn]
5-66270,http://tshop.r10s.jp/dtc/cabinet/20170403s/4977528833778.jpg?fitin=700:700,142.4000,,日用品雑貨・文房具・手芸 > 手芸・クラフト・生地 > 裁縫材料 > ミシン糸,フジックスキングスターミシン刺しゅう糸 50番250m 50-250M-377 (ｽﾀｰﾐｼﾝｼｼｭｳｲﾄ502),　,"<table border=""0"" cellpadding=""0"" cellspacing=""0"" width=""710"" style=""line-height:140%;""><tr><td><font size=""2"">■キルティング・アップリケ・デコレーション・剌しゅう用<br>■独特な光沢とやわらかさを併せ持つ糸。安定した美しい仕上がりで縫いやすく、耐久性のある糸なので刺しゅうや飾り縫いなど幅広くお使いいただけます。<br>■ポリエステル100％<br>■ミシン針11～14<br><br></font></td></tr></table><table cellspacing=""0"" cellpadding=""4"" border=""1"" width=""710"" bordercolor=""#cccccc""><tr><td width=""180"" bgcolor=""#efefef""><font size=""2"">商品名</font></td><td width=""530""><font size=""2"">キングスターミシン刺しゅう糸50番250m　50-250M-37</font></td></tr><tr><td width=""180"" bgcolor=""#efefef""><font size=""2"">型番</font></td><td width=""530""><font size=""2"">ｽﾀｰﾐｼﾝｼｼｭｳｲﾄ50250M37</font></td></tr><tr><td width=""180"" bgcolor=""#efefef""><font size=""2"">ＪＡＮコード</font></td><td width=""530""><font size=""2"">4977528833778</font></td></tr><tr><td width=""180"" bgcolor=""#efefef""><font size=""2"">メーカー</font></td><td width=""530""><font size=""2"">フジックス</font></td></tr><tr><td width=""180"" bgcolor=""#efefef""><font size=""2"">メーカー希望小売価格(税込)</font></td><td width=""530""><font size=""2"">262円</font></td></tr><tr><td width=""180"" bgcolor=""#efefef""><font size=""2"">シリーズ名/愛称</font></td><td width=""530""><font size=""2"">キングスター</font></td></tr><tr><td width=""180"" bgcolor=""#efefef""><font size=""2"">対応機種</font></td><td width=""530""><font size=""2"">ミシン用</font></td></tr><tr><td width=""180"" bgcolor=""#efefef""><font size=""2"">用途：キルティング・アップリケ・デコレーション・剌しゅう用</font></td><td width=""530""><font size=""2"">ミシン針：11～14</font></td></tr></table><!--

-->



<div style=""width:710px; height:180px;  margin:0; overflow:hidden;"">

</div>

<!--
<div style=""width: 700px; margin: 0 5px;"">
<img src=""http://www.rakuten.ne.jp/gold/dtc/frame/images/syouhinsetumei2.gif"" width=""700"" height=""30"">
</div>
<br>
<div style=""width:710px; height:280px;  margin:0 0 20px; overflow:hidden;"">

</div>
-->",フジックスキングスターミシン刺しゅう糸 50番250m 50-250M-377 (ｽﾀｰﾐｼﾝｼｼｭｳｲﾄ502)：ソフマップ楽天市場店,ソフマップSofmapパソコンタブレットPCHDDアセンブリパーツパソコンパーツテレビゲームブルーレイソフトDVDソフト液晶テレビブルーレイディスクレコーダーデジタル一眼レフカメラデジタルカメラ家電時計中古アウトレットiPadiPhoneフジックスキングスターミシン刺しゅう糸 50番250m 50-250M-377 (ｽﾀｰﾐｼﾝｼｼｭｳｲﾄ502),　。フジックスキングスターミシン刺しゅう糸 50番250m 50-250M-377 (ｽﾀｰﾐｼﾝｼｼｭｳｲﾄ502)[rn]
5-66271,http://tshop.r10s.jp/dtc/cabinet/20170403s/4977528562111.jpg?fitin=700:700,134.4000,,日用品雑貨・文房具・手芸 > 手芸・クラフト・生地 > 裁縫材料 > ミシン糸,フジックスシャッペスパンミシン糸 60番200m 60-200M-211 (ｼｬｯﾍﾟｽﾊﾟﾝ60200M),　,"<table border=""0"" cellpadding=""0"" cellspacing=""0"" width=""710"" style=""line-height:140%;""><tr><td><font size=""2"">■普通地用<br>■綿糸の縫いやすさと美しい光沢を併せ持つポリエステル糸。<br>■ポリエステル100％<br>■60番／200m<br>■ミシン針9～14<br><br></font></td></tr></table><table cellspacing=""0"" cellpadding=""4"" border=""1"" width=""710"" bordercolor=""#cccccc""><tr><td width=""180"" bgcolor=""#efefef""><font size=""2"">商品名</font></td><td width=""530""><font size=""2"">シャッペスパンミシン糸60番200m　60-200M-211</font></td></tr><tr><td width=""180"" bgcolor=""#efefef""><font size=""2"">型番</font></td><td width=""530""><font size=""2"">ｼｬｯﾍﾟｽﾊﾟﾝ60200M211</font></td></tr><tr><td width=""180"" bgcolor=""#efefef""><font size=""2"">ＪＡＮコード</font></td><td width=""530""><font size=""2"">4977528562111</font></td></tr><tr><td width=""180"" bgcolor=""#efefef""><font size=""2"">メーカー</font></td><td width=""530""><font size=""2"">フジックス</font></td></tr><tr><td width=""180"" bgcolor=""#efefef""><font size=""2"">メーカー希望小売価格(税込)</font></td><td width=""530""><font size=""2"">264円</font></td></tr><tr><td width=""180"" bgcolor=""#efefef""><font size=""2"">シリーズ名/愛称</font></td><td width=""530""><font size=""2"">シャッペスパン</font></td></tr><tr><td width=""180"" bgcolor=""#efefef""><font size=""2"">対応機種</font></td><td width=""530""><font size=""2"">ミシン用</font></td></tr><tr><td width=""180"" bgcolor=""#efefef""><font size=""2"">生地：普通地用</font></td><td width=""530""><font size=""2"">ミシン針：9～14</font></td></tr></table><!--

-->



<div style=""width:710px; height:180px;  margin:0; overflow:hidden;"">

</div>

<!--
<div style=""width: 700px; margin: 0 5px;"">
<img src=""http://www.rakuten.ne.jp/gold/dtc/frame/images/syouhinsetumei2.gif"" width=""700"" height=""30"">
</div>
<br>
<div style=""width:710px; height:280px;  margin:0 0 20px; overflow:hidden;"">

</div>
-->",フジックスシャッペスパンミシン糸 60番200m 60-200M-211 (ｼｬｯﾍﾟｽﾊﾟﾝ60200M)：ソフマップ楽天市場店,ソフマップSofmapパソコンタブレットPCHDDアセンブリパーツパソコンパーツテレビゲームブルーレイソフトDVDソフト液晶テレビブルーレイディスクレコーダーデジタル一眼レフカメラデジタルカメラ家電時計中古アウトレットiPadiPhoneフジックスシャッペスパンミシン糸 60番200m 60-200M-211 (ｼｬｯﾍﾟｽﾊﾟﾝ60200M),　。フジックスシャッペスパンミシン糸 60番200m 60-200M-211 (ｼｬｯﾍﾟｽﾊﾟﾝ60200M)[rn]
5-66272,http://tshop.r10s.jp/dtc/cabinet/20170403s/4977528562487.jpg?fitin=700:700,134.4000,,日用品雑貨・文房具・手芸 > 手芸・クラフト・生地 > 裁縫材料 > ミシン糸,フジックスシャッペスパンミシン糸 60番200m 60-200M-248 (ｼｬｯﾍﾟｽﾊﾟﾝ60200M),　,"<table border=""0"" cellpadding=""0"" cellspacing=""0"" width=""710"" style=""line-height:140%;""><tr><td><font size=""2"">■普通地用<br>■綿糸の縫いやすさと美しい光沢を併せ持つポリエステル糸。<br>■ポリエステル100％<br>■60番／200m<br>■ミシン針9～14<br><br></font></td></tr></table><table cellspacing=""0"" cellpadding=""4"" border=""1"" width=""710"" bordercolor=""#cccccc""><tr><td width=""180"" bgcolor=""#efefef""><font size=""2"">商品名</font></td><td width=""530""><font size=""2"">シャッペスパンミシン糸60番200m　60-200M-248</font></td></tr><tr><td width=""180"" bgcolor=""#efefef""><font size=""2"">型番</font></td><td width=""530""><font size=""2"">ｼｬｯﾍﾟｽﾊﾟﾝ60200M248</font></td></tr><tr><td width=""180"" bgcolor=""#efefef""><font size=""2"">ＪＡＮコード</font></td><td width=""530""><font size=""2"">4977528562487</font></td></tr><tr><td width=""180"" bgcolor=""#efefef""><font size=""2"">メーカー</font></td><td width=""530""><font size=""2"">フジックス</font></td></tr><tr><td width=""180"" bgcolor=""#efefef""><font size=""2"">メーカー希望小売価格(税込)</font></td><td width=""530""><font size=""2"">264円</font></td></tr><tr><td width=""180"" bgcolor=""#efefef""><font size=""2"">シリーズ名/愛称</font></td><td width=""530""><font size=""2"">シャッペスパン</font></td></tr><tr><td width=""180"" bgcolor=""#efefef""><font size=""2"">対応機種</font></td><td width=""530""><font size=""2"">ミシン用</font></td></tr><tr><td width=""180"" bgcolor=""#efefef""><font size=""2"">生地：普通地用</font></td><td width=""530""><font size=""2"">ミシン針：9～14</font></td></tr></table><!--

-->



<div style=""width:710px; height:180px;  margin:0; overflow:hidden;"">

</div>

<!--
<div style=""width: 700px; margin: 0 5px;"">
<img src=""http://www.rakuten.ne.jp/gold/dtc/frame/images/syouhinsetumei2.gif"" width=""700"" height=""30"">
</div>
<br>
<div style=""width:710px; height:280px;  margin:0 0 20px; overflow:hidden;"">

</div>
-->",フジックスシャッペスパンミシン糸 60番200m 60-200M-248 (ｼｬｯﾍﾟｽﾊﾟﾝ60200M)：ソフマップ楽天市場店,ソフマップSofmapパソコンタブレットPCHDDアセンブリパーツパソコンパーツテレビゲームブルーレイソフトDVDソフト液晶テレビブルーレイディスクレコーダーデジタル一眼レフカメラデジタルカメラ家電時計中古アウトレットiPadiPhoneフジックスシャッペスパンミシン糸 60番200m 60-200M-248 (ｼｬｯﾍﾟｽﾊﾟﾝ60200M),　。フジックスシャッペスパンミシン糸 60番200m 60-200M-248 (ｼｬｯﾍﾟｽﾊﾟﾝ60200M)[rn]
5-66273,http://tshop.r10s.jp/dtc/cabinet/20170403s/4977528561718.jpg?fitin=700:700,134.4000,,日用品雑貨・文房具・手芸 > 手芸・クラフト・生地 > 裁縫材料 > ミシン糸,フジックスシャッペスパンミシン糸 60番200m 60-200M-171 (ｼｬｯﾍﾟｽﾊﾟﾝ60200M),　,"<table border=""0"" cellpadding=""0"" cellspacing=""0"" width=""710"" style=""line-height:140%;""><tr><td><font size=""2"">■普通地用<br>■綿糸の縫いやすさと美しい光沢を併せ持つポリエステル糸。<br>■ポリエステル100％<br>■60番／200m<br>■ミシン針9～14<br><br></font></td></tr></table><table cellspacing=""0"" cellpadding=""4"" border=""1"" width=""710"" bordercolor=""#cccccc""><tr><td width=""180"" bgcolor=""#efefef""><font size=""2"">商品名</font></td><td width=""530""><font size=""2"">シャッペスパンミシン糸60番200m　60-200M-171</font></td></tr><tr><td width=""180"" bgcolor=""#efefef""><font size=""2"">型番</font></td><td width=""530""><font size=""2"">ｼｬｯﾍﾟｽﾊﾟﾝ60200M171</font></td></tr><tr><td width=""180"" bgcolor=""#efefef""><font size=""2"">ＪＡＮコード</font></td><td width=""530""><font size=""2"">4977528561718</font></td></tr><tr><td width=""180"" bgcolor=""#efefef""><font size=""2"">メーカー</font></td><td width=""530""><font size=""2"">フジックス</font></td></tr><tr><td width=""180"" bgcolor=""#efefef""><font size=""2"">メーカー希望小売価格(税込)</font></td><td width=""530""><font size=""2"">264円</font></td></tr><tr><td width=""180"" bgcolor=""#efefef""><font size=""2"">シリーズ名/愛称</font></td><td width=""530""><font size=""2"">シャッペスパン</font></td></tr><tr><td width=""180"" bgcolor=""#efefef""><font size=""2"">対応機種</font></td><td width=""530""><font size=""2"">ミシン用</font></td></tr><tr><td width=""180"" bgcolor=""#efefef""><font size=""2"">生地：普通地用</font></td><td width=""530""><font size=""2"">ミシン針：9～14</font></td></tr></table><!--

-->



<div style=""width:710px; height:180px;  margin:0; overflow:hidden;"">

</div>

<!--
<div style=""width: 700px; margin: 0 5px;"">
<img src=""http://www.rakuten.ne.jp/gold/dtc/frame/images/syouhinsetumei2.gif"" width=""700"" height=""30"">
</div>
<br>
<div style=""width:710px; height:280px;  margin:0 0 20px; overflow:hidden;"">

</div>
-->",フジックスシャッペスパンミシン糸 60番200m 60-200M-171 (ｼｬｯﾍﾟｽﾊﾟﾝ60200M)：ソフマップ楽天市場店,ソフマップSofmapパソコンタブレットPCHDDアセンブリパーツパソコンパーツテレビゲームブルーレイソフトDVDソフト液晶テレビブルーレイディスクレコーダーデジタル一眼レフカメラデジタルカメラ家電時計中古アウトレットiPadiPhoneフジックスシャッペスパンミシン糸 60番200m 60-200M-171 (ｼｬｯﾍﾟｽﾊﾟﾝ60200M),　。フジックスシャッペスパンミシン糸 60番200m 60-200M-171 (ｼｬｯﾍﾟｽﾊﾟﾝ60200M)[rn]
5-66274,http://tshop.r10s.jp/dtc/cabinet/20170403s/4977528561220.jpg?fitin=700:700,134.4000,,日用品雑貨・文房具・手芸 > 手芸・クラフト・生地 > 裁縫材料 > ミシン糸,フジックスシャッペスパンミシン糸 60番200m 60-200M-122 (ｼｬｯﾍﾟｽﾊﾟﾝ60200M),　,"<table border=""0"" cellpadding=""0"" cellspacing=""0"" width=""710"" style=""line-height:140%;""><tr><td><font size=""2"">■普通地用<br>■綿糸の縫いやすさと美しい光沢を併せ持つポリエステル糸。<br>■ポリエステル100％<br>■60番／200m<br>■ミシン針9～14<br><br></font></td></tr></table><table cellspacing=""0"" cellpadding=""4"" border=""1"" width=""710"" bordercolor=""#cccccc""><tr><td width=""180"" bgcolor=""#efefef""><font size=""2"">商品名</font></td><td width=""530""><font size=""2"">シャッペスパンミシン糸60番200m　60-200M-122</font></td></tr><tr><td width=""180"" bgcolor=""#efefef""><font size=""2"">型番</font></td><td width=""530""><font size=""2"">ｼｬｯﾍﾟｽﾊﾟﾝ60200M122</font></td></tr><tr><td width=""180"" bgcolor=""#efefef""><font size=""2"">ＪＡＮコード</font></td><td width=""530""><font size=""2"">4977528561220</font></td></tr><tr><td width=""180"" bgcolor=""#efefef""><font size=""2"">メーカー</font></td><td width=""530""><font size=""2"">フジックス</font></td></tr><tr><td width=""180"" bgcolor=""#efefef""><font size=""2"">メーカー希望小売価格(税込)</font></td><td width=""530""><font size=""2"">264円</font></td></tr><tr><td width=""180"" bgcolor=""#efefef""><font size=""2"">シリーズ名/愛称</font></td><td width=""530""><font size=""2"">シャッペスパン</font></td></tr><tr><td width=""180"" bgcolor=""#efefef""><font size=""2"">対応機種</font></td><td width=""530""><font size=""2"">ミシン用</font></td></tr><tr><td width=""180"" bgcolor=""#efefef""><font size=""2"">生地：普通地用</font></td><td width=""530""><font size=""2"">ミシン針：9～14</font></td></tr></table><!--

-->



<div style=""width:710px; height:180px;  margin:0; overflow:hidden;"">

</div>

<!--
<div style=""width: 700px; margin: 0 5px;"">
<img src=""http://www.rakuten.ne.jp/gold/dtc/frame/images/syouhinsetumei2.gif"" width=""700"" height=""30"">
</div>
<br>
<div style=""width:710px; height:280px;  margin:0 0 20px; overflow:hidden;"">

</div>
-->",フジックスシャッペスパンミシン糸 60番200m 60-200M-122 (ｼｬｯﾍﾟｽﾊﾟﾝ60200M)：ソフマップ楽天市場店,ソフマップSofmapパソコンタブレットPCHDDアセンブリパーツパソコンパーツテレビゲームブルーレイソフトDVDソフト液晶テレビブルーレイディスクレコーダーデジタル一眼レフカメラデジタルカメラ家電時計中古アウトレットiPadiPhoneフジックスシャッペスパンミシン糸 60番200m 60-200M-122 (ｼｬｯﾍﾟｽﾊﾟﾝ60200M),　。フジックスシャッペスパンミシン糸 60番200m 60-200M-122 (ｼｬｯﾍﾟｽﾊﾟﾝ60200M)[rn]
5-66275,http://tshop.r10s.jp/dtc/cabinet/20170403s/4977528561688.jpg?fitin=700:700,134.4000,,日用品雑貨・文房具・手芸 > 手芸・クラフト・生地 > 裁縫材料 > ミシン糸,フジックスシャッペスパンミシン糸 60番200m 60-200M-168 (ｼｬｯﾍﾟｽﾊﾟﾝ60200M),　,"<table border=""0"" cellpadding=""0"" cellspacing=""0"" width=""710"" style=""line-height:140%;""><tr><td><font size=""2"">■普通地用<br>■綿糸の縫いやすさと美しい光沢を併せ持つポリエステル糸。<br>■ポリエステル100％<br>■60番／200m<br>■ミシン針9～14<br><br></font></td></tr></table><table cellspacing=""0"" cellpadding=""4"" border=""1"" width=""710"" bordercolor=""#cccccc""><tr><td width=""180"" bgcolor=""#efefef""><font size=""2"">商品名</font></td><td width=""530""><font size=""2"">シャッペスパンミシン糸60番200m　60-200M-168</font></td></tr><tr><td width=""180"" bgcolor=""#efefef""><font size=""2"">型番</font></td><td width=""530""><font size=""2"">ｼｬｯﾍﾟｽﾊﾟﾝ60200M168</font></td></tr><tr><td width=""180"" bgcolor=""#efefef""><font size=""2"">ＪＡＮコード</font></td><td width=""530""><font size=""2"">4977528561688</font></td></tr><tr><td width=""180"" bgcolor=""#efefef""><font size=""2"">メーカー</font></td><td width=""530""><font size=""2"">フジックス</font></td></tr><tr><td width=""180"" bgcolor=""#efefef""><font size=""2"">メーカー希望小売価格(税込)</font></td><td width=""530""><font size=""2"">264円</font></td></tr><tr><td width=""180"" bgcolor=""#efefef""><font size=""2"">シリーズ名/愛称</font></td><td width=""530""><font size=""2"">シャッペスパン</font></td></tr><tr><td width=""180"" bgcolor=""#efefef""><font size=""2"">対応機種</font></td><td width=""530""><font size=""2"">ミシン用</font></td></tr><tr><td width=""180"" bgcolor=""#efefef""><font size=""2"">生地：普通地用</font></td><td width=""530""><font size=""2"">ミシン針：9～14</font></td></tr></table><!--

-->



<div style=""width:710px; height:180px;  margin:0; overflow:hidden;"">

</div>

<!--
<div style=""width: 700px; margin: 0 5px;"">
<img src=""http://www.rakuten.ne.jp/gold/dtc/frame/images/syouhinsetumei2.gif"" width=""700"" height=""30"">
</div>
<br>
<div style=""width:710px; height:280px;  margin:0 0 20px; overflow:hidden;"">

</div>
-->",フジックスシャッペスパンミシン糸 60番200m 60-200M-168 (ｼｬｯﾍﾟｽﾊﾟﾝ60200M)：ソフマップ楽天市場店,ソフマップSofmapパソコンタブレットPCHDDアセンブリパーツパソコンパーツテレビゲームブルーレイソフトDVDソフト液晶テレビブルーレイディスクレコーダーデジタル一眼レフカメラデジタルカメラ家電時計中古アウトレットiPadiPhoneフジックスシャッペスパンミシン糸 60番200m 60-200M-168 (ｼｬｯﾍﾟｽﾊﾟﾝ60200M),　。フジックスシャッペスパンミシン糸 60番200m 60-200M-168 (ｼｬｯﾍﾟｽﾊﾟﾝ60200M)[rn]
5-66276,http://tshop.r10s.jp/dtc/cabinet/20170403s/4977528831538.jpg?fitin=700:700,142.4000,,日用品雑貨・文房具・手芸 > 手芸・クラフト・生地 > 裁縫材料 > ミシン糸,フジックスキングスターミシン刺しゅう糸 50番250m 50-250M-15 (ｽﾀｰﾐｼﾝｼｼｭｳｲﾄ502),　,"<table border=""0"" cellpadding=""0"" cellspacing=""0"" width=""710"" style=""line-height:140%;""><tr><td><font size=""2"">■キルティング・アップリケ・デコレーション・剌しゅう用<br>■独特な光沢とやわらかさを併せ持つ糸。安定した美しい仕上がりで縫いやすく、耐久性のある糸なので刺しゅうや飾り縫いなど幅広くお使いいただけます。<br>■ポリエステル100％<br>■ミシン針11～14<br><br></font></td></tr></table><table cellspacing=""0"" cellpadding=""4"" border=""1"" width=""710"" bordercolor=""#cccccc""><tr><td width=""180"" bgcolor=""#efefef""><font size=""2"">商品名</font></td><td width=""530""><font size=""2"">キングスターミシン刺しゅう糸50番250m　50-250M-15</font></td></tr><tr><td width=""180"" bgcolor=""#efefef""><font size=""2"">型番</font></td><td width=""530""><font size=""2"">ｽﾀｰﾐｼﾝｼｼｭｳｲﾄ50250M15</font></td></tr><tr><td width=""180"" bgcolor=""#efefef""><font size=""2"">ＪＡＮコード</font></td><td width=""530""><font size=""2"">4977528831538</font></td></tr><tr><td width=""180"" bgcolor=""#efefef""><font size=""2"">メーカー</font></td><td width=""530""><font size=""2"">フジックス</font></td></tr><tr><td width=""180"" bgcolor=""#efefef""><font size=""2"">メーカー希望小売価格(税込)</font></td><td width=""530""><font size=""2"">262円</font></td></tr><tr><td width=""180"" bgcolor=""#efefef""><font size=""2"">シリーズ名/愛称</font></td><td width=""530""><font size=""2"">キングスター</font></td></tr><tr><td width=""180"" bgcolor=""#efefef""><font size=""2"">対応機種</font></td><td width=""530""><font size=""2"">ミシン用</font></td></tr><tr><td width=""180"" bgcolor=""#efefef""><font size=""2"">用途：キルティング・アップリケ・デコレーション・剌しゅう用</font></td><td width=""530""><font size=""2"">ミシン針：11～14</font></td></tr></table><!--

-->



<div style=""width:710px; height:180px;  margin:0; overflow:hidden;"">

</div>

<!--
<div style=""width: 700px; margin: 0 5px;"">
<img src=""http://www.rakuten.ne.jp/gold/dtc/frame/images/syouhinsetumei2.gif"" width=""700"" height=""30"">
</div>
<br>
<div style=""width:710px; height:280px;  margin:0 0 20px; overflow:hidden;"">

</div>
-->",フジックスキングスターミシン刺しゅう糸 50番250m 50-250M-15 (ｽﾀｰﾐｼﾝｼｼｭｳｲﾄ502)：ソフマップ楽天市場店,ソフマップSofmapパソコンタブレットPCHDDアセンブリパーツパソコンパーツテレビゲームブルーレイソフトDVDソフト液晶テレビブルーレイディスクレコーダーデジタル一眼レフカメラデジタルカメラ家電時計中古アウトレットiPadiPhoneフジックスキングスターミシン刺しゅう糸 50番250m 50-250M-15 (ｽﾀｰﾐｼﾝｼｼｭｳｲﾄ502),　。フジックスキングスターミシン刺しゅう糸 50番250m 50-250M-15 (ｽﾀｰﾐｼﾝｼｼｭｳｲﾄ502)[rn]
5-66277,http://tshop.r10s.jp/dtc/cabinet/20170403s/4977528560353.jpg?fitin=700:700,134.4000,,日用品雑貨・文房具・手芸 > 手芸・クラフト・生地 > 裁縫材料 > ミシン糸,フジックスシャッペスパンミシン糸 60番200m 60-200M-35 (ｼｬｯﾍﾟｽﾊﾟﾝ60200M),　,"<table border=""0"" cellpadding=""0"" cellspacing=""0"" width=""710"" style=""line-height:140%;""><tr><td><font size=""2"">■普通地用<br>■綿糸の縫いやすさと美しい光沢を併せ持つポリエステル糸。<br>■ポリエステル100％<br>■60番／200m<br>■ミシン針9～14<br><br></font></td></tr></table><table cellspacing=""0"" cellpadding=""4"" border=""1"" width=""710"" bordercolor=""#cccccc""><tr><td width=""180"" bgcolor=""#efefef""><font size=""2"">商品名</font></td><td width=""530""><font size=""2"">シャッペスパンミシン糸60番200m　60-200M-35</font></td></tr><tr><td width=""180"" bgcolor=""#efefef""><font size=""2"">型番</font></td><td width=""530""><font size=""2"">ｼｬｯﾍﾟｽﾊﾟﾝ60200M35</font></td></tr><tr><td width=""180"" bgcolor=""#efefef""><font size=""2"">ＪＡＮコード</font></td><td width=""530""><font size=""2"">4977528560353</font></td></tr><tr><td width=""180"" bgcolor=""#efefef""><font size=""2"">メーカー</font></td><td width=""530""><font size=""2"">フジックス</font></td></tr><tr><td width=""180"" bgcolor=""#efefef""><font size=""2"">メーカー希望小売価格(税込)</font></td><td width=""530""><font size=""2"">264円</font></td></tr><tr><td width=""180"" bgcolor=""#efefef""><font size=""2"">シリーズ名/愛称</font></td><td width=""530""><font size=""2"">シャッペスパン</font></td></tr><tr><td width=""180"" bgcolor=""#efefef""><font size=""2"">対応機種</font></td><td width=""530""><font size=""2"">ミシン用</font></td></tr><tr><td width=""180"" bgcolor=""#efefef""><font size=""2"">生地：普通地用</font></td><td width=""530""><font size=""2"">ミシン針：9～14</font></td></tr></table><!--

-->



<div style=""width:710px; height:180px;  margin:0; overflow:hidden;"">

</div>

<!--
<div style=""width: 700px; margin: 0 5px;"">
<img src=""http://www.rakuten.ne.jp/gold/dtc/frame/images/syouhinsetumei2.gif"" width=""700"" height=""30"">
</div>
<br>
<div style=""width:710px; height:280px;  margin:0 0 20px; overflow:hidden;"">

</div>
-->",フジックスシャッペスパンミシン糸 60番200m 60-200M-35 (ｼｬｯﾍﾟｽﾊﾟﾝ60200M)：ソフマップ楽天市場店,ソフマップSofmapパソコンタブレットPCHDDアセンブリパーツパソコンパーツテレビゲームブルーレイソフトDVDソフト液晶テレビブルーレイディスクレコーダーデジタル一眼レフカメラデジタルカメラ家電時計中古アウトレットiPadiPhoneフジックスシャッペスパンミシン糸 60番200m 60-200M-35 (ｼｬｯﾍﾟｽﾊﾟﾝ60200M),　。フジックスシャッペスパンミシン糸 60番200m 60-200M-35 (ｼｬｯﾍﾟｽﾊﾟﾝ60200M)[rn]
5-66278,http://tshop.r10s.jp/dtc/cabinet/20170403s/4977528561138.jpg?fitin=700:700,134.4000,,日用品雑貨・文房具・手芸 > 手芸・クラフト・生地 > 裁縫材料 > ミシン糸,フジックスシャッペスパンミシン糸 60番200m 60-200M-113 (ｼｬｯﾍﾟｽﾊﾟﾝ60200M),　,"<table border=""0"" cellpadding=""0"" cellspacing=""0"" width=""710"" style=""line-height:140%;""><tr><td><font size=""2"">■普通地用<br>■綿糸の縫いやすさと美しい光沢を併せ持つポリエステル糸。<br>■ポリエステル100％<br>■60番／200m<br>■ミシン針9～14<br><br></font></td></tr></table><table cellspacing=""0"" cellpadding=""4"" border=""1"" width=""710"" bordercolor=""#cccccc""><tr><td width=""180"" bgcolor=""#efefef""><font size=""2"">商品名</font></td><td width=""530""><font size=""2"">シャッペスパンミシン糸60番200m　60-200M-113</font></td></tr><tr><td width=""180"" bgcolor=""#efefef""><font size=""2"">型番</font></td><td width=""530""><font size=""2"">ｼｬｯﾍﾟｽﾊﾟﾝ60200M113</font></td></tr><tr><td width=""180"" bgcolor=""#efefef""><font size=""2"">ＪＡＮコード</font></td><td width=""530""><font size=""2"">4977528561138</font></td></tr><tr><td width=""180"" bgcolor=""#efefef""><font size=""2"">メーカー</font></td><td width=""530""><font size=""2"">フジックス</font></td></tr><tr><td width=""180"" bgcolor=""#efefef""><font size=""2"">メーカー希望小売価格(税込)</font></td><td width=""530""><font size=""2"">264円</font></td></tr><tr><td width=""180"" bgcolor=""#efefef""><font size=""2"">シリーズ名/愛称</font></td><td width=""530""><font size=""2"">シャッペスパン</font></td></tr><tr><td width=""180"" bgcolor=""#efefef""><font size=""2"">対応機種</font></td><td width=""530""><font size=""2"">ミシン用</font></td></tr><tr><td width=""180"" bgcolor=""#efefef""><font size=""2"">生地：普通地用</font></td><td width=""530""><font size=""2"">ミシン針：9～14</font></td></tr></table><!--

-->



<div style=""width:710px; height:180px;  margin:0; overflow:hidden;"">

</div>

<!--
<div style=""width: 700px; margin: 0 5px;"">
<img src=""http://www.rakuten.ne.jp/gold/dtc/frame/images/syouhinsetumei2.gif"" width=""700"" height=""30"">
</div>
<br>
<div style=""width:710px; height:280px;  margin:0 0 20px; overflow:hidden;"">

</div>
-->",フジックスシャッペスパンミシン糸 60番200m 60-200M-113 (ｼｬｯﾍﾟｽﾊﾟﾝ60200M)：ソフマップ楽天市場店,ソフマップSofmapパソコンタブレットPCHDDアセンブリパーツパソコンパーツテレビゲームブルーレイソフトDVDソフト液晶テレビブルーレイディスクレコーダーデジタル一眼レフカメラデジタルカメラ家電時計中古アウトレットiPadiPhoneフジックスシャッペスパンミシン糸 60番200m 60-200M-113 (ｼｬｯﾍﾟｽﾊﾟﾝ60200M),　。フジックスシャッペスパンミシン糸 60番200m 60-200M-113 (ｼｬｯﾍﾟｽﾊﾟﾝ60200M)[rn]
5-66279,http://tshop.r10s.jp/yys-baobao/cabinet/03593818/03593841/03850176/imgrc0099024551.jpg?fitin=700:700,2384.0000,,キッズ・ベビー・マタニティ > キッズ > ワンピース,7月16日再々入荷しました★ママサイズもあり★100cm～165cm【[BAOBAO]fs04gm【子供服】] [女の子]　無地ロングワンピースドレス　ノースリップ　無地ロングワンピース　Aラインワンピース　韓国子供服　ロングワンピース【ブラック】【イエロー】02P25Oct14,★無地ロング丈のワンピース★女の子　ロングワンピース,"<DIV align=""center""> 
</tbody></table>
<!--↓↓仕様とサイズ↓↓-->
<table style=""font-size:14px ; color:#000 ; line-height:17px ; margin-top:5px ; text-align:center"" bgcolor=""#cccccc"" border=""0"" cellpadding=""5"" cellspacing=""1"" width=""430"">

<tbody><tr bgcolor=""#EBEBEB"">
<td colspan=""2"" bgcolor=""#EEEEEE""><font color=""#777777""><strong>仕様</strong></font></td>
</tr>


<tr bgcolor=""#FFFFFF"">
<td bgcolor=""#EEEEEE"" width=""130"">素材/仕様</td>
<td align=""left"" bgcolor=""#ffffff""><font color=""#ff0000""><br>

※綿 その他<br>
    </font>
※柔らか素材のノースリーブロングワンピース<br>
※柔らか素材のロングワンピース<br>
※ノースリーブですのでスッキリしたデザイン<br>
※フレアスカートのようにヒラヒラふんわり<br>
※柔らかくて軽い爽やか素材ですので、暑い夏でも涼しく快適に過ごせます<br>
※普段着はもちろん、水着の上からでもOK<br>
※ビーチやプールサイドでもお使いいただけます
<br>
  
</td>
</tr>

<tr bgcolor=""#EBEBEB"">
<td bgcolor=""#EEEEEE"" width=""130"">Season/生地の厚さ</td>
<td align=""left"" bgcolor=""#ffffff"">春・秋・夏/普通</td>
</tr>

<!--モデルの身長等がわかる場合は、この部分に「モデルプロフィール用ソース」をペーストしてください-->

</tbody></table>


<table style=""font-size:12px ; color:#000 ; line-height:17px ; margin-top:5px ; text-align:center"" bgcolor=""#cccccc"" border=""0"" cellpadding=""5"" cellspacing=""1"" width=""430"">

<tbody><tr bgcolor=""#EBEBEB"">
    <td colspan=""8"" align=""center"" bgcolor=""#EEEEEE"" height=""20""><font color=""#777777""><strong>サイズと実寸</strong></font></td>
  </tr>

<tr bgcolor=""#FFFFFF"">
<td bgcolor=""#EEEEEE""width=""130"">サイズ</td>
<td bgcolor=""#EEEEEE"">100</td>
<td bgcolor=""#EEEEEE"">110</td>
<td bgcolor=""#EEEEEE"">120</td>
<td bgcolor=""#EEEEEE"">130</td>
<td bgcolor=""#EEEEEE"">140</td>
<td bgcolor=""#EEEEEE"">150</td>
<td bgcolor=""#EEEEEE"">160</td>
  </tr>

<tr bgcolor=""#FFFFFF"">
<td bgcolor=""#EEEEEE"" width=""130"">着丈</td>
<td>82</td>
<td>88</td>
<td>94</td>
<td>101</td>
<td>107</td>
<td>114</td>
<td>124</td>
  </tr>

<tr bgcolor=""#FFFFFF"">
<td bgcolor=""#EEEEEE"" width=""130"">身幅</td>
<td>31.5</td>
<td>33</td>
<td>34.5</td>
<td>36</td>
<td>37.5</td>
<td>39</td>
<td>41</td>
　</tr>

</tbody></table>

<!--↓↓サイズ注意書き↓↓-->
<table style=""font-size:12px ; color:#000 ; line-height:17px ; margin-top:5px ;"" bgcolor=""#EEEEEE"" border=""0"" cellpadding=""5"" cellspacing=""1"" width=""430"">
<tbody><tr>
<td align=""left"" bgcolor=""#FFFFFF"" height=""20""><font color=""#FF3300"">※この商品は中国から直輸入商品となります。<br>
  　サイズ表記は日本サイズに合わせております。<br>
　商品情報に関する注意事項は下記にてご覧ください。</font></td>
</tr>
</tbody></table>
<!--↑↑サイズ注意書き↑↑-->
<!--↑↑仕様とサイズ↑↑-->

<!--↓↓ママコメント↓↓--><!--↑↑ママコメント↑↑-->


<!--↓↓注意事項↓↓-->
<table style=""font-size:12px ; color:#000 ; line-height:17px ; margin-top:5px ;"" bgcolor=""#cccccc"" border=""0"" cellpadding=""5"" cellspacing=""1"" width=""430"">

<tbody><tr>
<td colspan=""2"" align=""center"" bgcolor=""#EEEEEE""><font color=""#777777""><strong>商品情報に関する注意事項</strong></font></td>
</tr>

<tr>
<td align=""center"" bgcolor=""#EEEEEE"" width=""130"">サイズの<br>誤差について</td>
<td bgcolor=""#ffffff"">
  ▼実寸サイズ表記につきましてはすべて弊社が平置きで計測した実寸値になっておりますが、計測の仕方により<b><font color=""#ff0000"">実寸とは若干(1cm～2cm前後/冬物は2ｃｍ～3ｃｍ)異なる</font></b>場合がございます。<br>
▼商品によって、実寸計測の仕方が異なります。<br>
▼<font color=""#ff0000""><b>お手持ちのアイテムと比較</b></font>されますとサイズ感を掴みやすいのでオススメしております。</td>
</tr>

<tr>
<td align=""center"" bgcolor=""#EEEEEE"">色味について</td>
<td bgcolor=""#ffffff""><font color=""#000000"">色に関しましてはモニターにより若干の誤差がでる場合があります。<br>
実物に近い色味はディテール(商品詳細)画像の色を参照ください。</font></td>
</tr>

<tr>
<td align=""center"" bgcolor=""#EEEEEE"">その他</td>
<td bgcolor=""#ffffff"">▼その他イメージがつかみにくい点がある場合はスタッフがお答えしますので、どんなことでもお気軽にお問い合わせください。<br>
<img src=""http://image.rakuten.co.jp/yys-baobao/cabinet/03474519/img63006367.jpg"" alt=""お問い合わせフォーム紹介"" border=""0"" height=""118"" width=""330"">


</td>
</tr>

</tbody></table>
<!--↑↑注意事項↑↑-->
</DIV><!--ここから楽太郎-->
<center>




<br>


<div style=""width:700; margin:0 2px 0 0; background-color:#fff;""> 

<div style=""height:395; overflow:hidden; margin:0; padding:0; border:1px solid #fff;"">


</div>
</div>
</center>
<!--ここまで楽太郎-->",7月16日再々入荷しました★ママサイズもあり★100cm～165cm【[BAOBAO]fs04gm【子供服】] [女の子]　無地ロングワンピースドレス　ノースリップ　無地ロングワンピース　Aラインワンピース　韓国子供服　ロングワンピース【ブラック】【イエロー】02P25Oct14：BAOBAO,ワンピースTシャツ短パンズボンカーディガンデニム上下セットギフト包装タイツ子供服　ワンピース子供服韓国子供服帽子ストール涎かけヘアアクセサリーベビーヘアバンド子供服　おすすめ靴下小物7月16日再々入荷しました★ママサイズもあり★100cm～165cm【[BAOBAO]fs04gm【子供服】] [女の子]　無地ロングワンピースドレス　ノースリップ　無地ロングワンピース　Aラインワンピース　韓国子供服　ロングワンピース【ブラック】【イエロー】02P25Oct14,★無地ロング丈のワンピース★女の子　ロングワンピース。7月16日再々入荷しました★ママサイズもあり★100cm～165cm【[BAOBAO]fs04gm【子供服】] [女の子]　無地ロングワンピースドレス　ノースリップ　無地ロングワンピース　Aラインワンピース　韓国子供服　ロングワンピース【ブラック】【イエロー】02P25Oct14[rn]
5-66280,http://tshop.r10s.jp/yys-baobao/cabinet/03593842/03593844/03668047/imgrc0078499044.jpg?fitin=700:700,2384.0000,,キッズ・ベビー・マタニティ > キッズ > ワンピース,【メール便可】【学芸会】fs04gm【子供服　おすすめ】[女の子] タータンチェックドレスワンピース　タータンチェックワンピース　ミニ丈　ワンピース　チェックワンピース　韓国子供服　女の子　　90cm　100cm　110cm　120cm　130cm02P25Oct14　ギンガムチェック　02P30May15,★タータンチェックのドレスワンピース★メール便可,"<DIV align=""center""> 
</tbody></table>
<!--↓↓仕様とサイズ↓↓-->
<table style=""font-size:14px ; color:#000 ; line-height:17px ; margin-top:5px ; text-align:center"" bgcolor=""#cccccc"" border=""0"" cellpadding=""5"" cellspacing=""1"" width=""430"">

<tbody><tr bgcolor=""#EBEBEB"">
<td colspan=""2"" bgcolor=""#EEEEEE""><font color=""#777777""><strong>仕様</strong></font></td>
</tr>


<tr bgcolor=""#FFFFFF"">
<td bgcolor=""#EEEEEE"" width=""130"">素材/仕様</td>
<td align=""left"" bgcolor=""#ffffff""><font color=""#ff0000"">
※この商品はメール便1通で1枚まで発送可能<br>
    </font>
※綿 　<br>
※タータンチェックのドレスワンピース<br>
※可愛いいタータンチェックのワンピース<br>
※フリフリがついてとってもキュート！<br>
※ミニ丈なのが女の子らしさをアップします<br>
※爽やか素材で着心地最高！<br>
※お買い物やちょっとしたお出かけに重宝します。<br>
※シンプルながらもドレッシーなデザインですので、発表会などにもお使いいただけます！
<br>

</td>
</tr>

<tr bgcolor=""#EBEBEB"">
<td bgcolor=""#EEEEEE"" width=""130"">Season/生地の厚さ</td>
<td align=""left"" bgcolor=""#ffffff"">春・夏・秋・冬/薄め</td>
</tr>

<!--モデルの身長等がわかる場合は、この部分に「モデルプロフィール用ソース」をペーストしてください-->

</tbody></table>


<table style=""font-size:12px ; color:#000 ; line-height:17px ; margin-top:5px ; text-align:center"" bgcolor=""#cccccc"" border=""0"" cellpadding=""5"" cellspacing=""1"" width=""430"">

<tbody><tr bgcolor=""#EBEBEB"">
    <td colspan=""6"" align=""center"" bgcolor=""#EEEEEE"" height=""20""><font color=""#777777""><strong>サイズと実寸</strong></font></td>
  </tr>

<tr bgcolor=""#FFFFFF"">
<td bgcolor=""#EEEEEE"" width=""130"">サイズ</td>

<td bgcolor=""#EEEEEE"">90cm（7号）</td>
<td bgcolor=""#EEEEEE"">100cm（9号）</td>
<td bgcolor=""#EEEEEE"">110cm（11号）</td>
<td bgcolor=""#EEEEEE"">120cm（13号）</td>
<td bgcolor=""#EEEEEE"">130cm（15号）</td>

  </tr>

<tr bgcolor=""#FFFFFF"">
<td bgcolor=""#EEEEEE"" width=""130"">着丈</td>
<td>46</td>
<td>49</td>
<td>53</td>
<td>56</td>
<td>61</td>

  </tr>

<tr bgcolor=""#FFFFFF"">
<td bgcolor=""#EEEEEE"" width=""130"">身幅（平置き）</td>
<td>31</td>
<td>33</td>
<td>34</td>
<td>35.5</td>
<td>37</td>

</tr>


<tr bgcolor=""#FFFFFF"">
<td bgcolor=""#EEEEEE"" width=""130"">肩幅</td>
<td>25</td>
<td>26.5</td>
<td>27</td>
<td>28</td>
<td>29.5</td>

</tr>

<tr bgcolor=""#FFFFFF"">
<td bgcolor=""#EEEEEE"" width=""130"">袖丈</td>
<td>33</td>
<td>37</td>
<td>40</td>
<td>43</td>
<td>46</td>

</tr>


</tbody></table>

<!--↓↓サイズ注意書き↓↓-->
<table style=""font-size:12px ; color:#000 ; line-height:17px ; margin-top:5px ;"" bgcolor=""#EEEEEE"" border=""0"" cellpadding=""5"" cellspacing=""1"" width=""430"">
<tbody><tr>
<td align=""left"" bgcolor=""#FFFFFF"" height=""20""><font color=""#FF3300"">※この商品は中国から直輸入商品となります。<br>
  　サイズ表記は日本サイズに合わせております。<br>
　商品情報に関する注意事項は下記にてご覧ください。</font></td>
</tr>
</tbody></table>
<!--↑↑サイズ注意書き↑↑-->
<!--↑↑仕様とサイズ↑↑-->

<!--↓↓ママコメント↓↓--><!--↑↑ママコメント↑↑-->


<!--↓↓注意事項↓↓-->
<table style=""font-size:12px ; color:#000 ; line-height:17px ; margin-top:5px ;"" bgcolor=""#cccccc"" border=""0"" cellpadding=""5"" cellspacing=""1"" width=""430"">

<tbody><tr>
<td colspan=""2"" align=""center"" bgcolor=""#EEEEEE""><font color=""#777777""><strong>商品情報に関する注意事項</strong></font></td>
</tr>

<tr>
<td align=""center"" bgcolor=""#EEEEEE"" width=""130"">サイズの<br>誤差について</td>
<td bgcolor=""#ffffff"">
  ▼実寸サイズ表記につきましてはすべて弊社が平置きで計測した実寸値になっておりますが、計測の仕方により<b><font color=""#ff0000"">実寸とは若干(1cm～2cm前後/冬物は2ｃｍ～3ｃｍ)異なる</font></b>場合がございます。<br>
▼商品によって、実寸計測の仕方が異なります。<br>
▼<font color=""#ff0000""><b>お手持ちのアイテムと比較</b></font>されますとサイズ感を掴みやすいのでオススメしております。</td>
</tr>

<tr>
<td align=""center"" bgcolor=""#EEEEEE"">色味について</td>
<td bgcolor=""#ffffff""><font color=""#000000"">色に関しましてはモニターにより若干の誤差がでる場合があります。<br>
実物に近い色味はディテール(商品詳細)画像の色を参照ください。</font></td>
</tr>

<tr>
<td align=""center"" bgcolor=""#EEEEEE"">その他</td>
<td bgcolor=""#ffffff"">▼その他イメージがつかみにくい点がある場合はスタッフがお答えしますので、どんなことでもお気軽にお問い合わせください。<br>
<img src=""http://image.rakuten.co.jp/yys-baobao/cabinet/03474519/img63006367.jpg"" alt=""お問い合わせフォーム紹介"" border=""0"" height=""118"" width=""330"">


</td>
</tr>

</tbody></table>
<!--↑↑注意事項↑↑-->
</DIV><!--ここから楽太郎-->
<center>




<br>


<div style=""width:700; margin:0 2px 0 0; background-color:#fff;""> 

<div style=""height:395; overflow:hidden; margin:0; padding:0; border:1px solid #fff;"">


</div>
</div>
</center>
<!--ここまで楽太郎-->",【メール便可】【学芸会】fs04gm【子供服　おすすめ】[女の子] タータンチェックドレスワンピース　タータンチェックワンピース　ミニ丈　ワンピース　チェックワンピース　韓国子供服　女の子　　90cm　100cm　110cm　120cm　130cm02P25Oct14　ギンガムチェック　02P30May15：BAOBAO,ワンピースTシャツ短パンズボンカーディガンデニム上下セットギフト包装タイツ子供服　ワンピース子供服韓国子供服帽子ストール涎かけヘアアクセサリーベビーヘアバンド子供服　おすすめ靴下小物【メール便可】【学芸会】fs04gm【子供服　おすすめ】[女の子] タータンチェックドレスワンピース　タータンチェックワンピース　ミニ丈　ワンピース　チェックワンピース　韓国子供服　女の子　　90cm　100cm　110cm　120cm　130cm02P25Oct14　ギンガムチェック　02P30May15,★タータンチェックのドレスワンピース★メール便可。【メール便可】【学芸会】fs04gm【子供服　おすすめ】[女の子] タータンチェックドレスワンピース　タータンチェックワンピース　ミニ丈　ワンピース　チェックワンピース　韓国子供服　女の子　　90cm　100cm　110cm　120cm　130cm02P25Oct14　ギンガムチェック　02P30May15[rn]
5-66281,http://tshop.r10s.jp/yys-baobao/cabinet/03593842/03593844/03668047/imgrc0098708028.jpg?fitin=700:700,1584.0000,,キッズ・ベビー・マタニティ > キッズ > ワンピース,新商品　マーガレットワンピース【子供服】 [女の子]fs04gm【ギャザー】【パーティ】【フォーマル】【襟付き】【ドレス】切り返しワンピース　女の子ワンピース　普段着にもどうぞ　韓国子供服　フォーマル100　110　　120　130　140【20P30May15】,★マーガレットワンピース★女の子　ワンピース,"<DIV align=""center""> 
</tbody></table>
<!--↓↓仕様とサイズ↓↓-->
<table style=""font-size:14px ; color:#000 ; line-height:17px ; margin-top:5px ; text-align:center"" bgcolor=""#cccccc"" border=""0"" cellpadding=""5"" cellspacing=""1"" width=""430"">

<tbody><tr bgcolor=""#EBEBEB"">
<td colspan=""2"" bgcolor=""#EEEEEE""><font color=""#777777""><strong>仕様</strong></font></td>
</tr>


<tr bgcolor=""#FFFFFF"">
<td bgcolor=""#EEEEEE"" width=""130"">素材/仕様</td>
<td align=""left"" bgcolor=""#ffffff""><font color=""#ff0000""><br>
※ちょっと小さめの作りとなって、大きめのをお勧めいたします。   </font><br><br>
※素材：綿　その他<br>

※マーガレットワンピース<br>
※かわいいマーガレット柄のワンピース<br>
※セパレート風に見えるデザインが新しい<br>
※上下の切り返しがとってもオシャレ<br>
※オーソドックスなデザインですので、チョットしたお出かけに最適<br>
※襟元のカットがシンプル<br>
※落ち着いたカラーも素敵！<br>
  
</td>
</tr>

<tr bgcolor=""#EBEBEB"">
<td bgcolor=""#EEEEEE"" width=""130"">Season/生地の厚さ</td>
<td align=""left"" bgcolor=""#ffffff"">春・秋・冬/普通</td>
</tr>

<!--モデルの身長等がわかる場合は、この部分に「モデルプロフィール用ソース」をペーストしてください-->

</tbody></table>


<table style=""font-size:12px ; color:#000 ; line-height:17px ; margin-top:5px ; text-align:center"" bgcolor=""#cccccc"" border=""0"" cellpadding=""5"" cellspacing=""1"" width=""430"">

<tbody><tr bgcolor=""#EBEBEB"">
    <td colspan=""6"" align=""center"" bgcolor=""#EEEEEE"" height=""20""><font color=""#777777""><strong>サイズと実寸</strong></font></td>
  </tr>

<tr bgcolor=""#FFFFFF"">
<td bgcolor=""#EEEEEE""width=""130"">サイズ</td>

<td bgcolor=""#EEEEEE"">100</td>
<td bgcolor=""#EEEEEE"">110</td>
<td bgcolor=""#EEEEEE"">120</td>
<td bgcolor=""#EEEEEE"">130</td>
<td bgcolor=""#EEEEEE"">140</td>

  </tr>

<tr bgcolor=""#FFFFFF"">
<td bgcolor=""#EEEEEE"" width=""130"">着丈</td>
<td>46</td>
<td>49</td>
<td>52</td>
<td>55</td>
<td>59</td>


  </tr>

<tr bgcolor=""#FFFFFF"">
<td bgcolor=""#EEEEEE"" width=""130"">身幅</td>
<td>27</td>
<td>29</td>
<td>31</td>
<td>33</td>
<td>35</td>

　</tr>

<tr bgcolor=""#FFFFFF"">
<td bgcolor=""#EEEEEE"" width=""130"">肩幅</td>
<td>23</td>
<td>24</td>
<td>25</td>
<td>26</td>
<td>28</td>

　</tr>
<tr bgcolor=""#FFFFFF"">
<td bgcolor=""#EEEEEE"" width=""130"">袖丈</td>
<td>30</td>
<td>31</td>
<td>33</td>
<td>35</td>
<td>37</td>

　</tr></tbody></table>

<!--↓↓サイズ注意書き↓↓-->
<table style=""font-size:12px ; color:#000 ; line-height:17px ; margin-top:5px ;"" bgcolor=""#EEEEEE"" border=""0"" cellpadding=""5"" cellspacing=""1"" width=""430"">
<tbody><tr>
<td align=""left"" bgcolor=""#FFFFFF"" height=""20""><font color=""#FF3300"">※この商品は中国から直輸入韓国風商品となります。<br>
  　サイズ表記は日本サイズに合わせております。<br>
　商品情報に関する注意事項は下記にてご覧ください。</font></td>
</tr>
</tbody></table>
<!--↑↑サイズ注意書き↑↑-->
<!--↑↑仕様とサイズ↑↑-->

<!--↓↓ママコメント↓↓--><!--↑↑ママコメント↑↑-->


<!--↓↓注意事項↓↓-->
<table style=""font-size:12px ; color:#000 ; line-height:17px ; margin-top:5px ;"" bgcolor=""#cccccc"" border=""0"" cellpadding=""5"" cellspacing=""1"" width=""430"">

<tbody><tr>
<td colspan=""2"" align=""center"" bgcolor=""#EEEEEE""><font color=""#777777""><strong>商品情報に関する注意事項</strong></font></td>
</tr>

<tr>
<td align=""center"" bgcolor=""#EEEEEE"" width=""130"">サイズの<br>誤差について</td>
<td bgcolor=""#ffffff"">
  ▼実寸サイズ表記につきましてはすべて弊社が平置きで計測した実寸値になっておりますが、計測の仕方により<b><font color=""#ff0000"">実寸とは若干(1cm～2cm前後/冬物は2ｃｍ～3ｃｍ)異なる</font></b>場合がございます。<br>
▼商品によって、実寸計測の仕方が異なります。<br>
▼<font color=""#ff0000""><b>お手持ちのアイテムと比較</b></font>されますとサイズ感を掴みやすいのでオススメしております。</td>
</tr>

<tr>
<td align=""center"" bgcolor=""#EEEEEE"">色味について</td>
<td bgcolor=""#ffffff""><font color=""#000000"">色に関しましてはモニターにより若干の誤差がでる場合があります。<br>
実物に近い色味はディテール(商品詳細)画像の色を参照ください。</font></td>
</tr>

<tr>
<td align=""center"" bgcolor=""#EEEEEE"">その他</td>
<td bgcolor=""#ffffff"">▼その他イメージがつかみにくい点がある場合はスタッフがお答えしますので、どんなことでもお気軽にお問い合わせください。<br>
<img src=""http://image.rakuten.co.jp/yys-baobao/cabinet/03474519/img63006367.jpg"" alt=""お問い合わせフォーム紹介"" border=""0"" height=""118"" width=""330"">


</td>
</tr>

</tbody></table>
<!--↑↑注意事項↑↑-->
</DIV><!--ここから楽太郎-->
<center>




<br>


<div style=""width:700; margin:0 2px 0 0; background-color:#fff;""> 

<div style=""height:395; overflow:hidden; margin:0; padding:0; border:1px solid #fff;"">


</div>
</div>
</center>
<!--ここまで楽太郎-->",新商品　マーガレットワンピース【子供服】 [女の子]fs04gm【ギャザー】【パーティ】【フォーマル】【襟付き】【ドレス】切り返しワンピース　女の子ワンピース　普段着にもどうぞ　韓国子供服　フォーマル100　110　　120　130　140【20P30May15】：BAOBAO,ワンピースTシャツ短パンズボンカーディガンデニム上下セットギフト包装タイツ子供服　ワンピース子供服韓国子供服帽子ストール涎かけヘアアクセサリーベビーヘアバンド子供服　おすすめ靴下小物新商品　マーガレットワンピース【子供服】 [女の子]fs04gm【ギャザー】【パーティ】【フォーマル】【襟付き】【ドレス】切り返しワンピース　女の子ワンピース　普段着にもどうぞ　韓国子供服　フォーマル100　110　　120　130　140【20P30May15】,★マーガレットワンピース★女の子　ワンピース。新商品　マーガレットワンピース【子供服】 [女の子]fs04gm【ギャザー】【パーティ】【フォーマル】【襟付き】【ドレス】切り返しワンピース　女の子ワンピース　普段着にもどうぞ　韓国子供服　フォーマル100　110　　120　130　140【20P30May15】[rn]
5-66282,http://tshop.r10s.jp/yys-baobao/cabinet/03593842/03593844/03668047/imgrc0067925582.jpg?fitin=700:700,1584.0000,,キッズ・ベビー・マタニティ > キッズ > ワンピース,4/10再再再入荷【メール便可】【学芸会】fs04gm【子供服　おすすめ】[女の子] チェックのカットソー　チェックワンピース　　チェックシャツ　チェックトップス　韓国子供服　千鳥格ワンピース　　90cm　100cm　110cm　120cm　130cm02P25Oct14　ギンガムチェック,★ギンガムチェックワンピース★千鳥格子★メール便対応可,"<DIV align=""center""> 
</tbody></table>
<!--↓↓仕様とサイズ↓↓-->
<table style=""font-size:14px ; color:#000 ; line-height:17px ; margin-top:5px ; text-align:center"" bgcolor=""#cccccc"" border=""0"" cellpadding=""5"" cellspacing=""1"" width=""430"">

<tbody><tr bgcolor=""#EBEBEB"">
<td colspan=""2"" bgcolor=""#EEEEEE""><font color=""#777777""><strong>仕様</strong></font></td>
</tr>


<tr bgcolor=""#FFFFFF"">
<td bgcolor=""#EEEEEE"" width=""130"">素材/仕様</td>
<td align=""left"" bgcolor=""#ffffff""><font color=""#ff0000"">
※この商品はメール便1通で1枚まで発送可能<br>
    </font>
※ポリエステル 　<br>
※前ポケット付き千鳥格ワンピース<br>
※バックファスナー付きで、しっかりした生地のワンピース。<br>
※スカート部分は、フレアでフンワリ<br>
※ハイウエスト仕様で、とってもオシャレ<br>
※シックなチェックのデザインですので、普段着はもちろん、ちょっとしたお出かけにも最適！<br>
※可愛い娘さんをもっと可愛いく演出してくれます。
</td>
</tr>

<tr bgcolor=""#EBEBEB"">
<td bgcolor=""#EEEEEE"" width=""130"">Season/生地の厚さ</td>
<td align=""left"" bgcolor=""#ffffff"">春・夏・秋・冬/普通</td>
</tr>

<!--モデルの身長等がわかる場合は、この部分に「モデルプロフィール用ソース」をペーストしてください-->

</tbody></table>


<table style=""font-size:12px ; color:#000 ; line-height:17px ; margin-top:5px ; text-align:center"" bgcolor=""#cccccc"" border=""0"" cellpadding=""5"" cellspacing=""1"" width=""430"">

<tbody><tr bgcolor=""#EBEBEB"">
    <td colspan=""6"" align=""center"" bgcolor=""#EEEEEE"" height=""20""><font color=""#777777""><strong>サイズと実寸</strong></font></td>
  </tr>

<tr bgcolor=""#FFFFFF"">
<td bgcolor=""#EEEEEE"" width=""130"">サイズ</td>

<td bgcolor=""#EEEEEE"">90cm（7号）</td>
<td bgcolor=""#EEEEEE"">100cm（9号）</td>
<td bgcolor=""#EEEEEE"">110cm（11号）</td>
<td bgcolor=""#EEEEEE"">120cm（13号）</td>
<td bgcolor=""#EEEEEE"">130cm（15号）</td>

  </tr>

<tr bgcolor=""#FFFFFF"">
<td bgcolor=""#EEEEEE"" width=""130"">着丈</td>
<td>47</td>
<td>50</td>
<td>53</td>
<td>56</td>
<td>59</td>

  </tr>

<tr bgcolor=""#FFFFFF"">
<td bgcolor=""#EEEEEE"" width=""130"">身幅（平置き）</td>
<td>29</td>
<td>30</td>
<td>31</td>
<td>32</td>
<td>34</td>

</tr>


<tr bgcolor=""#FFFFFF"">
<td bgcolor=""#EEEEEE"" width=""130"">肩幅</td>
<td>22</td>
<td>23</td>
<td>24</td>
<td>26</td>
<td>28</td>

</tr>

<tr bgcolor=""#FFFFFF"">
<td bgcolor=""#EEEEEE"" width=""130"">袖丈</td>
<td>23</td>
<td>25</td>
<td>27</td>
<td>29</td>
<td>31</td>

</tr>


</tbody></table>

<!--↓↓サイズ注意書き↓↓-->
<table style=""font-size:12px ; color:#000 ; line-height:17px ; margin-top:5px ;"" bgcolor=""#EEEEEE"" border=""0"" cellpadding=""5"" cellspacing=""1"" width=""430"">
<tbody><tr>
<td align=""left"" bgcolor=""#FFFFFF"" height=""20""><font color=""#FF3300"">※この商品は中国から直輸入商品となります。<br>
  　サイズ表記は日本サイズに合わせております。<br>
　商品情報に関する注意事項は下記にてご覧ください。</font></td>
</tr>
</tbody></table>
<!--↑↑サイズ注意書き↑↑-->
<!--↑↑仕様とサイズ↑↑-->

<!--↓↓ママコメント↓↓--><!--↑↑ママコメント↑↑-->


<!--↓↓注意事項↓↓-->
<table style=""font-size:12px ; color:#000 ; line-height:17px ; margin-top:5px ;"" bgcolor=""#cccccc"" border=""0"" cellpadding=""5"" cellspacing=""1"" width=""430"">

<tbody><tr>
<td colspan=""2"" align=""center"" bgcolor=""#EEEEEE""><font color=""#777777""><strong>商品情報に関する注意事項</strong></font></td>
</tr>

<tr>
<td align=""center"" bgcolor=""#EEEEEE"" width=""130"">サイズの<br>誤差について</td>
<td bgcolor=""#ffffff"">
  ▼実寸サイズ表記につきましてはすべて弊社が平置きで計測した実寸値になっておりますが、計測の仕方により<b><font color=""#ff0000"">実寸とは若干(1cm～2cm前後/冬物は2ｃｍ～3ｃｍ)異なる</font></b>場合がございます。<br>
▼商品によって、実寸計測の仕方が異なります。<br>
▼<font color=""#ff0000""><b>お手持ちのアイテムと比較</b></font>されますとサイズ感を掴みやすいのでオススメしております。</td>
</tr>

<tr>
<td align=""center"" bgcolor=""#EEEEEE"">色味について</td>
<td bgcolor=""#ffffff""><font color=""#000000"">色に関しましてはモニターにより若干の誤差がでる場合があります。<br>
実物に近い色味はディテール(商品詳細)画像の色を参照ください。</font></td>
</tr>

<tr>
<td align=""center"" bgcolor=""#EEEEEE"">その他</td>
<td bgcolor=""#ffffff"">▼その他イメージがつかみにくい点がある場合はスタッフがお答えしますので、どんなことでもお気軽にお問い合わせください。<br>
<img src=""http://image.rakuten.co.jp/yys-baobao/cabinet/03474519/img63006367.jpg"" alt=""お問い合わせフォーム紹介"" border=""0"" height=""118"" width=""330"">


</td>
</tr>

</tbody></table>
<!--↑↑注意事項↑↑-->
</DIV><!--ここから楽太郎-->
<center>




<br>


<div style=""width:700; margin:0 2px 0 0; background-color:#fff;""> 

<div style=""height:395; overflow:hidden; margin:0; padding:0; border:1px solid #fff;"">


</div>
</div>
</center>
<!--ここまで楽太郎-->",4/10再再再入荷【メール便可】【学芸会】fs04gm【子供服　おすすめ】[女の子] チェックのカットソー　チェックワンピース　　チェックシャツ　チェックトップス　韓国子供服　千鳥格ワンピース　　90cm　100cm　110cm　120cm　130cm02P25Oct14　ギンガムチェック：BAOBAO,ワンピースTシャツ短パンズボンカーディガンデニム上下セットギフト包装タイツ子供服　ワンピース子供服韓国子供服帽子ストール涎かけヘアアクセサリーベビーヘアバンド子供服　おすすめ靴下小物4/10再再再入荷【メール便可】【学芸会】fs04gm【子供服　おすすめ】[女の子] チェックのカットソー　チェックワンピース　　チェックシャツ　チェックトップス　韓国子供服　千鳥格ワンピース　　90cm　100cm　110cm　120cm　130cm02P25Oct14　ギンガムチェック,★ギンガムチェックワンピース★千鳥格子★メール便対応可。4/10再再再入荷【メール便可】【学芸会】fs04gm【子供服　おすすめ】[女の子] チェックのカットソー　チェックワンピース　　チェックシャツ　チェックトップス　韓国子供服　千鳥格ワンピース　　90cm　100cm　110cm　120cm　130cm02P25Oct14　ギンガムチェック[rn]
5-66283,http://tshop.r10s.jp/catherine/cabinet/alice/img63065530.jpg?fitin=700:700,2437.6000,,キッズ・ベビー・マタニティ > キッズ > ワンピース,子供ドレス 発表会 3段フリルのアリスワンピース[子供服 長袖 キッズ ベビー フォーマル 黒 茶 ブラウン 90 100 110 120 130 140 150 cm 卒園式 卒業式 入学式 結婚式 楽天 通販 ハロウィン 衣装 子供 コスチューム 女の子 ],レンタルより安い結婚式・発表会ドレス♪ CC0026,"<style type=""text/css"">
<!--
.table {
margin: 1px;
padding: 1px;
border: 1px solid #999999;
font-family: ""ＭＳ Ｐゴシック"", ""Osaka"";
font-size: 12px;
color: #666666;
text-align: center;
}
.table-20 {
margin: 1px;
padding: 1px;
border: 1px solid #999999;
font-family: ""ＭＳ Ｐゴシック"", ""Osaka"";
font-size: 12px;
color: #666666;
text-align: center;
width: 20px;
}
.table-40 {
margin: 1px;
padding: 1px;
border: 1px solid #999999;
font-family: ""ＭＳ Ｐゴシック"", ""Osaka"";
font-size: 12px;
color: #666666;
text-align: center;
width: 40px;
}
.table-60 {
margin: 1px;
padding: 1px;
border: 1px solid #999999;
font-family: ""ＭＳ Ｐゴシック"", ""Osaka"";
font-size: 12px;
color: #666666;
text-align: center;
width: 60px;
}
.table-80 {
margin: 1px;
padding: 1px;
border: 1px solid #999999;
font-family: ""ＭＳ Ｐゴシック"", ""Osaka"";
font-size: 12px;
color: #666666;
text-align: center;
width: 80px;
}
a:link    { Color: #666666; text-decoration: underline; }
a:visited { color: #666666; text-decoration: underline; }
a:hover   { color: #FF3120; text-decoration: underline; }
a:active  { color: #666666; text-decoration: underline; }

.spec{color: #666666; font-size: 13px; line-height: 130%;}
-->
</style>
<table width=""500"" border=""0"" cellspacing=""1"" cellpadding=""5"" bgcolor=""#F9D1D1"">
<tr><td colspan=""2""><font color=""#000000"" size=""2"">商品仕様</font></td></tr>
<tr><td width=""200"" bgcolor=""#FFEEEE"" class=spec>素材</td>
<td width=""300"" bgcolor=""#ffffff"" class=spec>ポリエステル100%</td>
</tr>
<tr><td width=""200"" bgcolor=""#FFEEEE"" class=spec>内蔵パニエについて</td>
<td width=""300"" bgcolor=""#ffffff"" class=spec><p>パニエ内蔵型<br />
  </p>
  </td></tr>
<tr><td width=""200"" bgcolor=""#FFEEEE"" class=spec>コサージュについて</td>
<td width=""300"" bgcolor=""#ffffff"" class=spec>なし<br />
</td></tr>
<tr><td width=""200"" bgcolor=""#FFEEEE"" class=spec>ご了承いただきたいこと</td>
<td width=""300"" bgcolor=""#ffffff"" class=spec>
※サイズによって、若干色味が違うことがありますが、ご了承ください。<br>
※まれにボタンがとれる場合がございます。ご着用前にご確認くださいますよう、お願いいたします<br />
・商品生地、色合い、コサージュやその他装飾部品の色やデザイン、キャサリンコテージのタグの有無、タグのデザイン等、生産時期によって、差異が生じます。そのため、同じ商品を複数点ご購入の場合、場合によって色、コサージュのデザイン等差異がでる場合がございます。ご了承ください。 
<br>
※付属品(コサージュ等)には、安全ピンを使用しているものがございます。ご着用前に必ず安全ピンの状態をご確認ください。
<br />
<font color=""#FF0000"">◎商品の縫製につきましては、必ず、【<font color=""#FF0000"">こちらのページ</font>】にて詳細をご確認ご了承の上ご注文ください。</font>
<br /> 
※販売期間が設定されている商品につきましては、販売期間内に必ず【注文を完了】させてください。<br>ご注文完了となった場合に価格が適応されます。<br />

</td>
</tr>
<tr><td width=""200"" bgcolor=""#FFEEEE"" class=spec>返品について</td>
    <td width=""300"" bgcolor=""#ffffff"" class=spec>・ご返品対応商品です。<br /> 
詳細は、こちらのページをご覧ください。<br><font color=""#FF0000"">※期間限定セール品は、返品不可となります。</font>ご了承くださいませ。 </td>
</tr>
 <tr><td width=""200"" bgcolor=""#FFEEEE"" class=spec>お手入れについて</td>
<td width=""300"" bgcolor=""#ffffff"" class=spec>
・必ずタグをご確認下さい。詳細は、別途ページでご案内しております。<br />※お手数ですがお洗濯の際には 色落ちの可能性がありますのでお取り扱いにはご注意くださいませ。
ドライクリーニングを避けて頂き30℃以下で手洗を御願い致します。
その際、漬け置き洗いは避けて頂き直ぐに干して頂く様御願い致します。

</td></tr>
 <tr>
<td colspan=""2"" bgcolor=""#ffffff"" class=spec align=""center"">
【よくある質問をご用意してございます。】<br />商品ご購入の際、またはご購入後のトラブルの時にぜひ、ご覧ください。</td></tr>
</table>
<table width=""300"" border=""0"" cellspacing=""0"" cellpadding=""7"">
  <tr>
    <td><font size=""2"">●ご予約は、承っていません。<br>
●入荷の際の個別の連絡は、できません。<br>
※主な商品の入荷は、メールマガジンでお知らせしています。<br>
メールマガジン登録は、こちら</font></td>
  </tr>
</table><br>
<p><br>
  <img src=""https://image.rakuten.co.jp/catherine/cabinet/koukoku/tearai.gif"" alt=""おうちで手洗いOK"" width=""102"" height=""17"" border=""0"">
<br>


<font color=""#666666"" size=""2"">サイズ表</font><br>
<table border=""0"" cellpadding=""3"" cellspacing=""1"" class=""table"">
  <tr> 
    <td class=""table-60"">CC0026</td>
    <td class=""table-40"">B</td>
    <td class=""table-40"">W</td>
    <td class=""table-40"">肩幅</td>
    <td class=""table-60"">袖丈（半）</td>
    <td class=""table-80"">袖丈（半＋長）</td>
    <td class=""table-60"">スカート丈</td>
    <td class=""table-40"">総丈</td>
  </tr>
  <tr>
    <td class=""table"">90</td>
    <td class=""table"">60</td>
    <td class=""table"">56</td>
    <td class=""table"">24</td>
    <td class=""table"">15.5</td>
    <td class=""table"">33</td>
    <td class=""table"">24.5</td>
    <td class=""table"">50.5</td>
  </tr>
  <tr> 
    <td class=""table"">100</td>
    <td class=""table"">64</td>
    <td class=""table"">58</td>
    <td class=""table"">25</td>
    <td class=""table"">16.5</td>
    <td class=""table"">38</td>
    <td class=""table"">28.5</td>
    <td class=""table"">56.5</td>
  </tr>
  <tr> 
    <td class=""table"">110</td>
    <td class=""table"">66</td>
    <td class=""table"">63</td>
    <td class=""table"">27</td>
    <td class=""table"">18</td>
    <td class=""table"">41</td>
    <td class=""table"">31.5</td>
    <td class=""table"">61.5</td>
  </tr>
  <tr> 
    <td class=""table"">120</td>
    <td class=""table"">70</td>
    <td class=""table"">66</td>
    <td class=""table"">28</td>
    <td class=""table"">19</td>
    <td class=""table"">45</td>
    <td class=""table"">36</td>
    <td class=""table"">67.5</td>
  </tr>
  <tr> 
    <td class=""table"">130</td>
    <td class=""table"">74</td>
    <td class=""table"">70</td>
    <td class=""table"">30</td>
    <td class=""table"">20.5</td>
    <td class=""table"">50</td>
    <td class=""table"">40.5</td>
    <td class=""table"">75.5</td>
  </tr>
  <tr>
    <td class=""table"">140</td>
    <td class=""table"">78</td>
    <td class=""table"">74</td>
    <td class=""table"">31</td>
    <td class=""table"">21.5</td>
    <td class=""table"">54</td>
    <td class=""table"">43.5</td>
    <td class=""table"">81.5</td>
  </tr>
  <tr>
    <td class=""table"">150</td>
    <td class=""table"">82</td>
    <td class=""table"">78</td>
    <td class=""table"">32</td>
    <td class=""table"">23</td>
    <td class=""table"">57</td>
    <td class=""table"">48</td>
    <td class=""table"">90</td>
  </tr>
</table>
<font color=""#666666"" size=""2"">　単位(cm)</font><br>
<br>
<font color=""#666666"" size=""2"">平台に乗せ、直接メジャーを当てて採寸しております。<br>
多少の誤差も生じるとおもいますのでご了承ください。<br>
肩に生地がある部分を目安に肩幅を採寸しております。<br>
採寸の際の参考になさってください。<br>
</font><br>
<br>
<table width=""520"" border=""1"" cellpadding=""13"" cellspacing=""0"" bordercolorlight=""#FFFFFF"" bordercolordark=""#C0C0C0"">
  <tr>
    <td width=""100%""><font color=""#808080"" size=""2"">■子供ドレス、フォーマルシューズのキャサリンコテージ♪</font>
    </td>
  </tr>
</table>
<br><br><font size=""1"">ワンピース（おしゃれ系） 《100-130cm》《140-160cm》</font><br />
<br />
<table width=""400"" border=""1"" cellpadding=""5"" cellspacing=""0"" bordercolor=""#CCCCCC"">
  <tr>
    <td><font size=""1"" color=""#666666"">＜キーワード＞</font></td>
  </tr>
  <tr>
    <td><font size=""1"" color=""#666666"">[黒][ダーク][長袖・七分袖][70-95cm][100/110cm][120/130cm][140/150cm][ワンピース]</font></td>
  </tr>
</table>

<table width=""400"" border=""1"" cellpadding=""5"" cellspacing=""0"" bordercolor=""#CCCCCC"">
  <tr>
    <td><font size=""1"" color=""#666666"">＜キーワード＞</font></td>
  </tr>
  <tr>
    <td><font size=""1"" color=""#666666"">[キャサリンアリスコレクション＊ワンピース]</font></td>
  </tr>
</table>
<br><br>",子供ドレス 発表会 3段フリルのアリスワンピース[子供服 長袖 キッズ ベビー フォーマル 黒 茶 ブラウン 90 100 110 120 130 140 150 cm 卒園式 卒業式 入学式 結婚式 楽天 通販 ハロウィン 衣装 子供 コスチューム 女の子 ]：キャサリンコテージ,こどもドレスフォーマルドレス子供ドレスキッズドレスフォーマルシューズワンピースアクセサリーティアラ販売タキシード発表会結婚式フラワーガールスーツベビードレスパーティードレスどれす卒業式アクセサリーパニエ子供ドレス 発表会 3段フリルのアリスワンピース[子供服 長袖 キッズ ベビー フォーマル 黒 茶 ブラウン 90 100 110 120 130 140 150 cm 卒園式 卒業式 入学式 結婚式 楽天 通販 ハロウィン 衣装 子供 コスチューム 女の子 ],レンタルより安い結婚式・発表会ドレス♪ CC0026。子供ドレス 発表会 3段フリルのアリスワンピース[子供服 長袖 キッズ ベビー フォーマル 黒 茶 ブラウン 90 100 110 120 130 140 150 cm 卒園式 卒業式 入学式 結婚式 楽天 通販 ハロウィン 衣装 子供 コスチューム 女の子 ][rn]
5-66284,http://tshop.r10s.jp/catherine/cabinet/u/imgrc0072332086.jpg?fitin=700:700,1096.8000,,キッズ・ベビー・マタニティ > キッズ > ワンピース,子供服 ワンピース プチプラ女の子ワンピース[カジュアル フォーマル キッズ 女の子 110 120 130 cm ジャンパースカート ジャンスカ 紺 ネイビー 白 通園 通学 入園式 かわいい ノースリーブ 夏 春 こども 子ども 女子 ]【キャサリンコテージ】,子供服 プチプラ女の子ワンピース U0001,"<style type=""text/css"">
<!--
a:link {
Color: #666666;
text-decoration: underline;
}
a:visited {
color: #666666;
text-decoration: underline;
}
a:hover {
color: #ef5974;
text-decoration: underline;
}
a:active {
color: #666666;
text-decoration: underline;
}
.spec {
color: #666666;
font-size: 13px;
line-height: 130%;
}
.table {
margin: 1px;
padding: 1px;
border: 1px solid #999999;
font-family: ""ＭＳ Ｐゴシック"", ""Osaka"";
font-size: 16px;
color: #666666;
text-align: center;
}
.table-60 {
margin: 1px;
padding: 1px;
border: 1px solid #999999;
font-family: ""ＭＳ Ｐゴシック"", ""Osaka"";
font-size: 16px;
color: #666666;
text-align: center;
width: 60px;
}
.table-80 {
margin: 1px;
padding: 1px;
border: 1px solid #999999;
font-family: ""ＭＳ Ｐゴシック"", ""Osaka"";
font-size: 16px;
color: #666666;
text-align: center;
width: 80px;
}
.spec1 {
margin: 1px;
padding: 5px;
font-family: ""ＭＳ Ｐゴシック"", ""Osaka"";
font-size: 16px;
color: #666666;
text-align: center;
width: 130px;
background-color: #f7f6f5;
}
.spec2 {
margin: 1px;
padding: 10px;
font-family: ""ＭＳ Ｐゴシック"", ""Osaka"";
font-size: 16px;
color: #666666;
text-align: left;
line-height: 130%;
background-color: #ffffff
}
-->
</style>
<table width=""650"" border=""0"" cellspacing=""1"" cellpadding=""8"" bgcolor=""#999999"">
  <tbody>
    <tr>
      <td colspan=""4"" align=""center"" bgcolor=""#666666""><font color=""#ffffff"" size=""+1""><b>ITEM SPEC</b></font></td>
    </tr>
    <tr>
      <td class=""spec1"">サイズ</td>
      <td colspan=""3"" class=""spec2""><table width=""233"" border=""1"" cellpadding=""3"" cellspacing=""1"" bordercolor=""#999999"">
          <tr>
            <td width=""92"" class=""table-80"">U0001</td>
            <td width=""38"" class=""table-60"">着丈</td>
            <td width=""32"" class=""table-60"">バスト</td>
            <td width=""32"" class=""table-60"">肩幅</td>
          </tr>
          <tr>
            <td class=""table"">110cm</td>
            <td class=""table"">57</td>
            <td class=""table"">33</td>
            <td class=""table"">24</td>
          </tr>
          <tr>
            <td class=""table"">120cm</td>
            <td class=""table"">59</td>
            <td class=""table"">34.5</td>
            <td class=""table"">25</td>
          </tr>
          <tr>
            <td class=""table"">130cm</td>
            <td class=""table""> 61</td>
            <td class=""table""> 36</td>
            <td class=""table"">26</td>
          </tr>
        </table>
        <font color=""#666666""> 単位(cm)</font><br />
        &rArr;サイズの計り方はこちら</td>
    </tr>
    <tr>
      <td class=""spec1"">サイズ感</td>
      <td colspan=""3"" class=""spec2"">通常</td>
    </tr>
    <tr>
      <td class=""spec1"">素材</td>
      <td colspan=""3"" class=""spec2"">本体：ポリエステル100%<br>
レース本体：ポリエステル100%<br>
色：綿100%</td>
    </tr>
    <tr>
      <td class=""spec1"">伸縮性</td>
      <td class=""spec2"">&nbsp;</td>
      <td class=""spec1"">生地の厚み</td>
      <td class=""spec2"">薄手</td>
    </tr>
    <tr>
      <td class=""spec1"">透け感</td>
      <td class=""spec2"">スカート部分ややあり</td>
      <td class=""spec1"">ウエストのアジャスター</td>
      <td class=""spec2"">なし</td>
    </tr>
    <tr>
      <td class=""spec1"">ポケット</td>
      <td class=""spec2"">なし</td>
      <td class=""spec1"">裏地</td>
      <td class=""spec2"">なし</td>
    </tr>
    <tr>
      <td class=""spec1"">商品説明</td>
      <td colspan=""3"" class=""spec2"">カジュアルにも、ちょっとしたお出かけにも気兼ねなく着られる、<br>
        お手頃価格のかわいいワンピースです。 <br>
        お値段以上の高見えにだって期待！</td>
    </tr>
  </tbody>
</table>
<br>
<table width=""650"" border=""0"" cellspacing=""1"" cellpadding=""8"" bgcolor=""#999999"">
  <tbody>
    <tr>
      <td colspan=""2"" align=""center"" bgcolor=""#666666""><font color=""#ffffff"" size=""+1""><b>Information</b></font></td>
    </tr>
    <tr>
      <td width=""130"" class=""spec1"">ご了承<br>
        いただきたいこと</td>
      <td class=""spec2""> ・商品生地、色合い、コサージュやその他装飾部品の色やデザイン、キャサリンコテージのタグの有無、タグのデザイン等、生産時期によって、差異が生じます。そのため、同じ商品を複数点ご購入の場合、差異がでる場合がございます。ご了承ください。 <br />
        <br />
        <font color=""#ef5974"">・商品の縫製につきましては、必ず、【こちらのページ】にて詳細をご確認のうえご注文ください。</font> <br />
        <br />
        ・販売期間が設定されている商品につきましては、販売期間内に必ず【注文を完了】させてください。<br />
        ご注文完了となった場合に価格が適応されます。<br>
        <br>
        ※サイズ表の数値は、メーカー仕様書から引用した、商品そのものの仕上がり寸法です。実際のサイズとは誤差が出る場合がございますので、参考サイズとしてご覧ください。<br />
        また、サイズ選びの際はゆとり分をご考慮ください。<br>
        <br>
        <img src=""https://image.rakuten.co.jp/catherine/cabinet/navii/imgrc0068926805.gif"" /><br />
        <br />
        ※画像のように、身長や胸囲などが記載された下げ札が付いている場合がありますが、これはJIS基準による対応サイズ（商品を生産する際に基準とする想定のボディサイズ）です。<br />
        ページ掲載のサイズ表とはまったく異なる性質のサイズ表記となりますので、ご注意ください。 </td>
    </tr>
    <tr>
      <td class=""spec1"">返品について</td>
      <td class=""spec2"">ご返品対応商品となります。詳細はこちらのページをご覧ください。<br>
        ※期間限定商品は返品不可となります。ご了承くださいませ。 </td>
    </tr>
    <tr>
      <td class=""spec1"">お手入れについて</td>
      <td class=""spec2"">必ずタグをご確認下さい。詳細は、別途ページでご案内しております。</td>
    </tr>
    <tr>
      <td class=""spec1"">その他</td>
      <td class=""spec2"">よくある質問をご用意しております。<br />
        商品購入の際、また、購入後のトラブルの際にご覧ください。<br />
        <br />
        <img src=""https://image.rakuten.co.jp/catherine/cabinet/koukoku/04343853/imgrc0068201523.gif"" width=""100%"" border=""0"" /></td>
    </tr>
  </tbody>
</table>
<br>
<br>
<br>
<img src=""https://image.rakuten.co.jp/catherine/cabinet/u/evidence_u0001.jpg"" alt=""メーカー希望小売価格はメーカー商品タグに基づいて掲載しています""><br>
メーカー希望小売価格はメーカー商品タグに基づいて掲載しています",子供服 ワンピース プチプラ女の子ワンピース[カジュアル フォーマル キッズ 女の子 110 120 130 cm ジャンパースカート ジャンスカ 紺 ネイビー 白 通園 通学 入園式 かわいい ノースリーブ 夏 春 こども 子ども 女子 ]【キャサリンコテージ】：キャサリンコテージ,こどもドレスフォーマルドレス子供ドレスキッズドレスフォーマルシューズワンピースアクセサリーティアラ販売タキシード発表会結婚式フラワーガールスーツベビードレスパーティードレスどれす卒業式アクセサリーパニエ子供服 ワンピース プチプラ女の子ワンピース[カジュアル フォーマル キッズ 女の子 110 120 130 cm ジャンパースカート ジャンスカ 紺 ネイビー 白 通園 通学 入園式 かわいい ノースリーブ 夏 春 こども 子ども 女子 ]【キャサリンコテージ】,子供服 プチプラ女の子ワンピース U0001。子供服 ワンピース プチプラ女の子ワンピース[カジュアル フォーマル キッズ 女の子 110 120 130 cm ジャンパースカート ジャンスカ 紺 ネイビー 白 通園 通学 入園式 かわいい ノースリーブ 夏 春 こども 子ども 女子 ]【キャサリンコテージ】[rn]
5-66285,http://tshop.r10s.jp/catherine/cabinet/alice/img57448767.jpg?fitin=700:700,2208.0000,,キッズ・ベビー・マタニティ > キッズ > ワンピース,子供ワンピース シェファードチェックワンピース[子供服 キッズ フォーマル 白 黒 ジャンパースカート 110 120 130 140 150 160 子供ドレス 発表会 結婚式 入学式 卒園式 ジャンスカ 楽天 通販 コスチューム 女の子] キャサリンコテージ,音楽会用に購入しましたが、学校にも大丈夫 CC0195,"<style type=""text/css"">
<!--
a:link {
Color: #666666;
text-decoration: underline;
}
a:visited {
color: #666666;
text-decoration: underline;
}
a:hover {
color: #FF3120;
text-decoration: underline;
}
a:active {
color: #666666;
text-decoration: underline;
}
.spec {
color: #666666;
font-size: 13px;
line-height: 130%;
}
.table {
margin: 1px;
padding: 1px;
border: 1px solid #999999;
font-family: ""ＭＳ Ｐゴシック"", ""Osaka"";
font-size: 12px;
color: #666666;
text-align: center;
}
.table-60 {
margin: 1px;
padding: 1px;
border: 1px solid #999999;
font-family: ""ＭＳ Ｐゴシック"", ""Osaka"";
font-size: 12px;
color: #666666;
text-align: center;
width: 60px;
}
.table-80 {
margin: 1px;
padding: 1px;
border: 1px solid #999999;
font-family: ""ＭＳ Ｐゴシック"", ""Osaka"";
font-size: 12px;
color: #666666;
text-align: center;
width: 80px;
}
-->
</style>
<table width=500 border=0 cellspacing=1 cellpadding=5 bgcolor=#F9D1D1>
  <tr>
    <td colspan=""2""><font color=""#000000"" size=""2"">商品仕様</font></td>
  </tr>
  <tr>
    <td width=""200"" bgcolor=""#FFEEEE"" class=spec>素材</td>
    <td width=""300"" bgcolor=""#ffffff"" class=spec>ポリエステル100%<br /></td>
  </tr>
  <tr>
    <td width=""200"" bgcolor=""#FFEEEE"" class=spec>ご了承いただきたいこと</td>
    <td width=""300"" bgcolor=""#ffffff"" class=spec> ・商品生地、色合い、コサージュの色、キャサリンコテージのタグの有無、タグのデザイン等、生産時期によって、差異が生じます。ご了承ください。<br>※期間限定セール時は返品不可となっておりますので、ご了承下さい。<br></td>
  </tr>
  <tr>
    <td width=""200"" bgcolor=""#FFEEEE"" class=spec>返品について</td>
    <td width=""300"" bgcolor=""#ffffff"" class=spec> ・ご返品対応商品です。<br />
      詳細は、こちらのページをご覧ください。<br></td>
  </tr>
  <tr>
    <td width=""200"" bgcolor=""#FFEEEE"" class=spec>お手入れについて</td>
    <td width=""300"" bgcolor=""#ffffff"" class=spec> ・必ずタグをご確認下さい。詳細は、別途ページでご案内しております。</td>
  </tr>
</table>
<br>
<font color=""#666666"" size=""2"">　サイズ表</font><br>
<table border=""0"" cellpadding=""3"" cellspacing=""1"" class=""table"">
  <tr>
    <td class=""table-80"">CC0151A</td>
    <td class=""table-60"">肩幅</td>
    <td class=""table-60"">胸囲</td>

    <td class=""table-60"">着丈</td>
    <td class=""table-60"">袖ぐり</td>
  </tr>
  <tr>
    <td class=""table"">100</td>
    <td class=""table"">26</td>
    <td class=""table"">64</td>
   
    <td class=""table"">55</td>
    <td class=""table"">31</td>
  </tr>
  <tr>
    <td class=""table"">110</td>
    <td class=""table"">27</td>
    <td class=""table"">66</td>
  
    <td class=""table"">60</td>
    <td class=""table"">34</td>
  </tr>
  <tr>
    <td class=""table"">120</td>
    <td class=""table"">29</td>
    <td class=""table"">70</td>
  
    <td class=""table"">67</td>
    <td class=""table"">36</td>
  </tr>
  <tr>
    <td class=""table"">130</td>
    <td class=""table"">30</td>
    <td class=""table"">76</td>

    <td class=""table"">71</td>
    <td class=""table"">38</td>
  </tr>
  <tr>
    <td class=""table"">140</td>
    <td class=""table"">32</td>
    <td class=""table"">78</td>

    <td class=""table"">77</td>
    <td class=""table"">40</td>
  </tr>
  <tr>
    <td class=""table"">150</td>
    <td class=""table"">33</td>
    <td class=""table"">82</td>

    <td class=""table"">81</td>
    <td class=""table"">42</td>
  </tr>
    <tr>
    <td class=""table"">160</td>
    <td class=""table"">35</td>
    <td class=""table"">86</td>

    <td class=""table"">88</td>
    <td class=""table"">44</td>
  </tr>

  
</table>
<font color=""#666666"" size=""2"">　単位(cm)</font><br>
<br>
<font color=""#666666"" size=""2"">平台に乗せ、直接メジャーを当てて採寸しております。<br>
多少の誤差も生じるとおもいますのでご了承ください。<br>
肩に生地がある部分を目安に肩幅を採寸しております。<br>
採寸の際の参考になさってください。</font><br>
<br>
 <img src=""https://image.rakuten.co.jp/catherine/cabinet/koukoku/img55634726.jpg"" width=""545"" height=""119"" alt=""一緒に買うと送料無料！"" border=""0""> <br>
<br><br><font size=""1"">ワンピース（おしゃれ系） 《100-130cm》《140-160cm》</font><br />
<br />
<table width=""400"" border=""1"" cellpadding=""5"" cellspacing=""0"" bordercolor=""#CCCCCC"">
  <tr>
    <td><font size=""1"" color=""#666666"">＜キーワード＞</font></td>
  </tr>
  <tr>
    <td><font size=""1"" color=""#666666"">[黒][ダーク][袖なし][チェック][100/110cm][120/130cm][140/150cm][160cm対応][ワンピース]</font></td>
  </tr>
</table><br><br>",子供ワンピース シェファードチェックワンピース[子供服 キッズ フォーマル 白 黒 ジャンパースカート 110 120 130 140 150 160 子供ドレス 発表会 結婚式 入学式 卒園式 ジャンスカ 楽天 通販 コスチューム 女の子] キャサリンコテージ：キャサリンコテージ,こどもドレスフォーマルドレス子供ドレスキッズドレスフォーマルシューズワンピースアクセサリーティアラ販売タキシード発表会結婚式フラワーガールスーツベビードレスパーティードレスどれす卒業式アクセサリーパニエ子供ワンピース シェファードチェックワンピース[子供服 キッズ フォーマル 白 黒 ジャンパースカート 110 120 130 140 150 160 子供ドレス 発表会 結婚式 入学式 卒園式 ジャンスカ 楽天 通販 コスチューム 女の子] キャサリンコテージ,音楽会用に購入しましたが、学校にも大丈夫 CC0195。子供ワンピース シェファードチェックワンピース[子供服 キッズ フォーマル 白 黒 ジャンパースカート 110 120 130 140 150 160 子供ドレス 発表会 結婚式 入学式 卒園式 ジャンスカ 楽天 通販 コスチューム 女の子] キャサリンコテージ[rn]
5-66286,http://tshop.r10s.jp/catherine/cabinet/01645695/04359948/imgrc0067525799.jpg?fitin=700:700,2208.0000,,キッズ・ベビー・マタニティ > キッズ > ワンピース,子供ドレス 発表会　女の子 アリスフロッキープリントのベロアワンピース [子供服 女の子 フォーマル キッズドレス 秋 冬 110 120 130 140 cm 黒 ブラック 半袖 結婚式 七五三 卒業式 入学式 冠婚葬祭 楽天 通販],結婚式・発表会にアリスフロッキー柄のベロアワンピース TK3073,"<style type=""text/css"">
<!--
a:link {
Color: #666666;
text-decoration: underline;
}
a:visited {
color: #666666;
text-decoration: underline;
}
a:hover {
color: #FF3120;
text-decoration: underline;
}
a:active {
color: #666666;
text-decoration: underline;
}
.spec {
color: #666666;
font-size: 13px;
line-height: 130%;
}
.table {
margin: 1px;
padding: 1px;
border: 1px solid #999999;
font-family: ""ＭＳ Ｐゴシック"", ""Osaka"";
font-size: 12px;
color: #666666;
text-align: center;
}
.table-60 {
margin: 1px;
padding: 1px;
border: 1px solid #999999;
font-family: ""ＭＳ Ｐゴシック"", ""Osaka"";
font-size: 12px;
color: #666666;
text-align: center;
width: 60px;
}
.table-80 {
margin: 1px;
padding: 1px;
border: 1px solid #999999;
font-family: ""ＭＳ Ｐゴシック"", ""Osaka"";
font-size: 12px;
color: #666666;
text-align: center;
width: 80px;
}
-->
</style>
<table width=""500"" border=""0"" cellspacing=""1"" cellpadding=""5"" bgcolor=""#F9D1D1"">
  <tr>
    <td colspan=""2""><font color=""#000000"" size=""2"">商品仕様</font></td>
  </tr>
  <tr>
    <td width=""200"" bgcolor=""#FFEEEE"" class=spec>素材</td>
    <td width=""300"" bgcolor=""#ffffff"" class=spec>&nbsp;</td>
  </tr>
  <tr>
    <td width=""200"" bgcolor=""#FFEEEE"" class=spec>ご了承いただきたいこと</td>
    <td width=""300"" bgcolor=""#ffffff"" class=spec>・商品生地、色合い、コサージュやその他装飾部品の色やデザイン、キャサリンコテージのタグの有無、タグのデザイン等、生産時期によって、差異が生じます。そのため、同じ商品を複数点ご購入の場合、場合によって色、コサージュのデザイン等差異がでる場合がございます。ご了承ください。 <br />
      ※商品の縫製につきましては、必ず、【こちらのページ】にて詳細をご確認ご了承の上ご注文ください。 <br />
      ※販売期間が設定されている商品につきましては、販売期間内に必ず【注文を完了】させてください。<br />
      ご注文完了となった場合に価格が適応されます。</td>
  </tr>
  <tr>
    <td width=""200"" bgcolor=""#FFEEEE"" class=spec>返品について</td>
    <td width=""300"" bgcolor=""#ffffff"" class=spec> ・ご返品対応商品です。<br />
      詳細は、こちらのページをご覧ください。<br>
      <font color=""#FF0000"">※期間限定セール品は、返品不可となります。</font>ご了承くださいませ。 </td>
  </tr>
  <tr>
    <td width=""200"" bgcolor=""#FFEEEE"" class=spec>お手入れについて</td>
    <td width=""300"" bgcolor=""#ffffff"" class=spec> ・必ずタグをご確認下さい。詳細は、別途ページでご案内しております。</td>
  </tr>
  <tr>
    <td colspan=""2"" bgcolor=""#ffffff"" class=spec align=""center"">【よくある質問をご用意してございます。】<br />
      商品ご購入の際、またはご購入後のトラブルの時にぜひ、ご覧ください。</td>
  </tr>
</table>
<br>
　<font color=""#666666"" size=""2"">サイズ表</font><br>
<table width=""274"" border=""1"" cellpadding=""3"" cellspacing=""1"" bordercolor=""#999999"">
  <tr>
    <td width=""92"" class=""table-80"">TK3073</td>
    <td width=""38"" class=""table-60"">肩幅</td>
    <td width=""32"" class=""table-60"">胸囲</td>
    <td width=""32"" class=""table-60""><p>着丈</p></td>
    <td width=""32"" class=""table-60"">スカート丈</td>
  </tr>
  <tr>
    <td class=""table"">110cm</td>
    <td class=""table"">26</td>
    <td class=""table"">64</td>
    <td class=""table"">58</td>
    <td class=""table"">38</td>
  </tr>
   <tr>
    <td class=""table"">120cm</td>
    <td class=""table"">27.5</td>
    <td class=""table"">68</td>
    <td class=""table"">63</td>
    <td class=""table"">41</td>
  </tr>
  <tr>
    <td class=""table"">130cm</td>
    <td class=""table"">29</td>
    <td class=""table"">72</td>
    <td class=""table"">68</td>
    <td class=""table"">44</td>
  </tr>
  <tr>
    <td class=""table"">140cm</td>
    <td class=""table"">30</td>
    <td class=""table"">78</td>
    <td class=""table"">74</td>
    <td class=""table"">48</td>
  </tr>
</table>
<font color=""#666666"" size=""2"">　単位(cm)</font><br>
<font color=""#666666"" size=""2"">　</font><br>
<font color=""#666666"" size=""2"">※このサイズは、メーカー仕様書のサイズを掲載しております。<br>
実際のサイズとは誤差が出る場合がございますので、<br>
参考サイズとしてご覧ください。</font><br>
<br>
<img src=""https://www.rakuten.ne.jp/gold/catherine/image/banner/bn_free.jpg"" alt=""一緒に買うと送料無料！"" border=""0""><br>
<br>
<table width=""300"" border=""0"" cellspacing=""0"" cellpadding=""7"">
  <tr>
    <td><font size=""2"">●ご予約は、承っておりません。<br>
      ●入荷の際の個別の連絡は、致しておりません。<br>
      ※主な商品の入荷は、メールマガジンでお知らせしています。<br>
      メールマガジン登録は、こちら</font></td>
  </tr>
</table><br>
<table width=""400"" border=""1"" cellpadding=""5"" cellspacing=""0"" bordercolor=""#CCCCCC"">
  <tr>
    <td><font size=""1"" color=""#666666"">＜キーワード＞</font></td>
  </tr>
  <tr>
    <td><font size=""1"" color=""#666666"">[黒][半袖][ひざ丈・ミディー丈][100/110cm][120/130cm][140/150cm]</font></td>
  </tr>
</table>
<br><br>",子供ドレス 発表会　女の子 アリスフロッキープリントのベロアワンピース [子供服 女の子 フォーマル キッズドレス 秋 冬 110 120 130 140 cm 黒 ブラック 半袖 結婚式 七五三 卒業式 入学式 冠婚葬祭 楽天 通販]：キャサリンコテージ,こどもドレスフォーマルドレス子供ドレスキッズドレスフォーマルシューズワンピースアクセサリーティアラ販売タキシード発表会結婚式フラワーガールスーツベビードレスパーティードレスどれす卒業式アクセサリーパニエ子供ドレス 発表会　女の子 アリスフロッキープリントのベロアワンピース [子供服 女の子 フォーマル キッズドレス 秋 冬 110 120 130 140 cm 黒 ブラック 半袖 結婚式 七五三 卒業式 入学式 冠婚葬祭 楽天 通販],結婚式・発表会にアリスフロッキー柄のベロアワンピース TK3073。子供ドレス 発表会　女の子 アリスフロッキープリントのベロアワンピース [子供服 女の子 フォーマル キッズドレス 秋 冬 110 120 130 140 cm 黒 ブラック 半袖 結婚式 七五三 卒業式 入学式 冠婚葬祭 楽天 通販][rn]
5-66287,http://tshop.r10s.jp/catherine/cabinet/01645695/05279203/imgrc0071350363.jpg?fitin=700:700,2208.0000,,キッズ・ベビー・マタニティ > キッズ > ワンピース,子供服 【黒のみ】入園式 入学式 女の子 長袖ワンピース(女の子用) アリスのうさぎ刺繍フォーマル2Wayワンピース[子供服 キッズ ベビー 長袖 黒 卒園式 入園式 結婚式 法事 冠婚葬祭 80 90 100 110 120 ＊ALLICE KOLLEKTION with bunny＊通販],卒園式・発表会・結婚式・入学式に！フォーマルワンピ♪ TK4016,"<style type=""text/css"">
<!--
.table {
margin: 1px;
padding: 1px;
border: 1px solid #999999;
font-family: ""ＭＳ Ｐゴシック"", ""Osaka"";
font-size: 12px;
color: #666666;
text-align: center;
}
.table-60 {
margin: 1px;
padding: 1px;
border: 1px solid #999999;
font-family: ""ＭＳ Ｐゴシック"", ""Osaka"";
font-size: 12px;
color: #666666;
text-align: center;
width: 60px;
}
.table-80 {
margin: 1px;
padding: 1px;
border: 1px solid #999999;
font-family: ""ＭＳ Ｐゴシック"", ""Osaka"";
font-size: 12px;
color: #666666;
text-align: center;
width: 80px;
}
a:link    { Color: #666666; text-decoration: underline; }
a:visited { color: #666666; text-decoration: underline; }
a:hover   { color: #FF3120; text-decoration: underline; }
a:active  { color: #666666; text-decoration: underline; }

.spec{color: #666666; font-size: 13px; line-height: 130%;}
-->
</style>
<table width=500 border=0 cellspacing=1 cellpadding=5 bgcolor=#F9D1D1>
  <tr><td colspan=""2""><font color=""#000000"" size=""2"">商品仕様</font></td></tr>
<tr><td width=""200"" bgcolor=""#FFEEEE"" class=spec>素材</td>
<td width=""300"" bgcolor=""#ffffff"" class=spec>ワンピース本体：表地 綿60% ポリエステル40% <br>
  裾レース部分：レーヨン68%　ナイロン22%　綿10%<br />
  付け襟：綿100%</td></tr>
<tr><td width=""200"" bgcolor=""#FFEEEE"" class=spec>ご了承いただきたいこと</td>
  <td width=""300"" bgcolor=""#ffffff"" class=spec>
・商品生地、色合い、コサージュやその他装飾部品の色やデザイン、キャサリンコテージのタグの有無、タグのデザイン等、生産時期によって、差異が生じます。そのため、同じ商品を複数点ご購入の場合、場合によって色、コサージュのデザイン等差異がでる場合がございます。ご了承ください。 <br />
      ※付属品(コサージュ等)には、安全ピンを使用しているものがございます。ご着用前に必ず安全ピンの状態をご確認ください。 <br />
      <font color=""#FF0000"">◎商品の縫製につきましては、必ず、【<font color=""#FF0000"">こちらのページ</font>】にて詳細をご確認ご了承の上ご注文ください。</font> <br /><br />
・まれにレースなどから糸の飛び出しが見られる場合がございますが、はさみでカットしていただいて問題ございません。糸の飛び出しによる不良返品・交換はお受けができかねますことをご了承ください。<br><br />
      ※販売期間が設定されている商品につきましては、販売期間内に必ず【注文を完了】させてください。<br />
      ご注文完了となった場合に価格が適応されます。
    </td>
</tr>
<tr><td width=""200"" bgcolor=""#FFEEEE"" class=spec>返品について</td>
    <td width=""300"" bgcolor=""#ffffff"" class=spec>
     ・ご返品対応商品です。<br /> 
詳細は、こちらのページをご覧ください。<br><font color=""#FF0000"">※期間限定セール品は、返品不可となります。</font>ご了承くださいませ。 </td>
</tr>
 <tr><td width=""200"" bgcolor=""#FFEEEE"" class=spec>お手入れについて</td>
<td width=""300"" bgcolor=""#ffffff"" class=spec>
・必ずタグをご確認下さい。詳細は、別途ページでご案内しております。</td></tr>
 <tr>
<td colspan=""2"" bgcolor=""#ffffff"" class=spec align=""center"">
【よくある質問をご用意してございます。】<br />商品ご購入の際、またはご購入後のトラブルの時にぜひ、ご覧ください。</td></tr>
</table>
<br />
　<font color=""#666666"" size=""2"">サイズ表</font><br />
<table border=""0"" cellpadding=""3"" cellspacing=""1"" class=""table"">
  <tr>
    <td class=""table-80"">TK4016</td>
    <td class=""table-60"">肩幅</td>
    <td class=""table-60"">身丈</td>
    <td class=""table-60"">身巾</td>
    <td class=""table-60"">袖丈</td>
    <td class=""table-60"">スカート丈</td>
  </tr>
  <tr>
    <td class=""table"">80cm</td>
    <td class=""table"">21.2</td>
    <td class=""table"">42</td>
    <td class=""table"">27</td>
    <td class=""table"">27</td>
    <td class=""table"">24</td>
  </tr>
  <tr>
    <td class=""table"">90cm</td>
    <td class=""table"">22</td>
    <td class=""table"">44</td>
    <td class=""table"">28</td>
    <td class=""table"">29</td>
    <td class=""table"">25</td>
  </tr>
  <tr>
    <td class=""table"">100cm</td>
    <td class=""table"">23.5</td>
    <td class=""table"">49</td>
    <td class=""table"">30</td>
    <td class=""table"">32</td>
    <td class=""table"">28</td>
  </tr>
  <tr>
    <td class=""table"">110cm</td>
    <td class=""table"">25</td>
    <td class=""table"">54</td>
    <td class=""table"">32</td>
    <td class=""table"">35</td>
    <td class=""table"">31.5</td>
  </tr>
  <tr>
    <td class=""table"">120cm</td>
    <td class=""table"">26.5</td>
    <td class=""table"">59</td>
    <td class=""table"">34</td>
    <td class=""table"">38</td>
    <td class=""table"">35</td>
  </tr>
</table>
<font color=""#666666"" size=""2"">　単位(cm)</font><font color=""#666666"" size=""2""><br />
<br />
※このサイズは、メーカー仕様書のサイズを掲載しております。<br />
実際のサイズとは誤差が出る場合がございますので、<br />
参考サイズとしてご覧ください。<br>
</font>
<br>
<table width=""400"" border=""1"" cellpadding=""5"" cellspacing=""0"" bordercolor=""#CCCCCC"">
  <tr>
    <td><font size=""1"" color=""#666666"">＜キーワード＞</font></td>
  </tr>
  <tr>
    <td><font size=""1"" color=""#666666"">[ピンク][黒][70-95cm][100/110cm][120/130cm]</font></td>
  </tr>
</table><br><br>",子供服 【黒のみ】入園式 入学式 女の子 長袖ワンピース(女の子用) アリスのうさぎ刺繍フォーマル2Wayワンピース[子供服 キッズ ベビー 長袖 黒 卒園式 入園式 結婚式 法事 冠婚葬祭 80 90 100 110 120 ＊ALLICE KOLLEKTION with bunny＊通販]：キャサリンコテージ,こどもドレスフォーマルドレス子供ドレスキッズドレスフォーマルシューズワンピースアクセサリーティアラ販売タキシード発表会結婚式フラワーガールスーツベビードレスパーティードレスどれす卒業式アクセサリーパニエ子供服 【黒のみ】入園式 入学式 女の子 長袖ワンピース(女の子用) アリスのうさぎ刺繍フォーマル2Wayワンピース[子供服 キッズ ベビー 長袖 黒 卒園式 入園式 結婚式 法事 冠婚葬祭 80 90 100 110 120 ＊ALLICE KOLLEKTION with bunny＊通販],卒園式・発表会・結婚式・入学式に！フォーマルワンピ♪ TK4016。子供服 【黒のみ】入園式 入学式 女の子 長袖ワンピース(女の子用) アリスのうさぎ刺繍フォーマル2Wayワンピース[子供服 キッズ ベビー 長袖 黒 卒園式 入園式 結婚式 法事 冠婚葬祭 80 90 100 110 120 ＊ALLICE KOLLEKTION with bunny＊通販][rn]
5-66288,http://tshop.r10s.jp/catherine/cabinet/02866547/img59290881.jpg?fitin=700:700,2948.8000,,キッズ・ベビー・マタニティ > キッズ > ワンピース,子供ドレス フレアシフォン ドッキング ワンピース子供ドレス 子供服 キッズ フォーマル 結婚式 発表会 女の子用 子供 ドレス 子供 子どもドレス 子供 入学式 卒業式 卒園式 衣装 ハロウィン 七五三 パーティー,【子供服】ハートレースがかわいい PC358OP,"<tr>
    <td><font size=""1"" color=""#666666""><br>こちらの商品は、キャサリンコテージでのみ販売しています。　女の子用 ワンピース　フォーマル　冠婚葬祭　お遊戯会　　おでかけ【子供服】 
【子供ドレス
】　ワンピース　春ワンピース　春夏秋冬　おそろい　通年 子供 ドレス 子供 　子供　ドレス　子供　カラフル　ドレス 子供　ドレス 子供 衣装　ウィッチ　　ハロウィン　衣装 コスチューム 子供用 子供サイズ /女の子 
<br><br>キッズフォーマルドレス フォーマル 子供ドレス 女の子 女の子ドレス キッズ ドレス キッズドレス 子供 ドレス 子供ドレス キッズドレス 子ども ドレス 発表会 結婚式 上質 ドレス フラワーガールドレス　
 楽天  通販 【キャサリンコテージ】</tr><style type=""text/css"">
<!--
.table {
margin: 1px;
padding: 1px;
border: 1px solid #999999;
font-family: ""ＭＳ Ｐゴシック"", ""Osaka"";
font-size: 12px;
color: #666666;
text-align: center;
}
.table-60 {
margin: 1px;
padding: 1px;
border: 1px solid #999999;
font-family: ""ＭＳ Ｐゴシック"", ""Osaka"";
font-size: 12px;
color: #666666;
text-align: center;
width: 60px;
}
.table-80 {
margin: 1px;
padding: 1px;
border: 1px solid #999999;
font-family: ""ＭＳ Ｐゴシック"", ""Osaka"";
font-size: 12px;
color: #666666;
text-align: center;
width: 80px;
}
a:link    { Color: #666666; text-decoration: underline; }
a:visited { color: #666666; text-decoration: underline; }
a:hover   { color: #FF3120; text-decoration: underline; }
a:active  { color: #666666; text-decoration: underline; }

.spec{color: #666666; font-size: 13px; line-height: 130%;}
-->
</style>
<table width=""500"" border=""0"" cellspacing=""1"" cellpadding=""5"" bgcolor=""#F9D1D1"">
<tr><td colspan=""2""><font color=""#000000"" size=""2"">商品仕様</font></td></tr>
<tr><td width=""200"" bgcolor=""#FFEEEE"" class=spec>素材</td>
<td width=""300"" bgcolor=""#ffffff"" class=spec>【表地：身ごろ】ポリエステル100%<br />
  【表地：スカート】ポリエステル85%・コットン15%<br />
  【裏地】ポリエステル100%</td></tr>
<tr><td width=""200"" bgcolor=""#FFEEEE"" class=spec>内蔵パニエについて</td>
<td width=""300"" bgcolor=""#ffffff"" class=spec>なし<br />
</td></tr>
<tr><td width=""200"" bgcolor=""#FFEEEE"" class=spec>コサージュについて</td>
<td width=""300"" bgcolor=""#ffffff"" class=spec>なし<br />
</td></tr>
<tr><td width=""200"" bgcolor=""#FFEEEE"" class=spec>ご了承いただきたいこと</td>
<td width=""300"" bgcolor=""#ffffff"" class=spec> ・こちらの商品は色落ちしやすくなっております。お手入れの際はつけ置きはせずに、手短かにお手入れ下さいませ。
<br>
・商品生地、色合い、コサージュやその他装飾部品の色やデザイン、キャサリンコテージのタグの有無、タグのデザイン等、生産時期によって、差異が生じます。そのため、同じ商品を複数点ご購入の場合、場合によって色、コサージュのデザイン等差異がでる場合がございます。ご了承ください。 <br>
※付属品(コサージュ等)には、安全ピンを使用しているものがございます。ご着用前に必ず安全ピンの状態をご確認ください。
<br />
※商品の縫製につきましては、必ず、【こちらのページ】にて詳細をご確認ご了承の上ご注文ください。
<br /> 
※販売期間が設定されている商品につきましては、販売期間内に必ず【注文を完了】させてください。<br>ご注文完了となった場合に価格が適応されます。
</td>
</tr>
<tr><td width=""200"" bgcolor=""#FFEEEE"" class=spec>返品について</td>
    <td width=""300"" bgcolor=""#ffffff"" class=spec>
     ・ご返品対応商品です。<br /> 
詳細は、こちらのページをご覧ください。<br><font color=""#FF0000"">※期間限定セール品は、返品不可となります。</font>ご了承くださいませ。 </td>
</tr>
 <tr><td width=""200"" bgcolor=""#FFEEEE"" class=spec>お手入れについて</td>
<td width=""300"" bgcolor=""#ffffff"" class=spec>
・必ずタグをご確認下さい。詳細は、別途ページでご案内しております。</td></tr>
 <tr>
<td colspan=""2"" bgcolor=""#ffffff"" class=spec align=""center"">
【よくある質問をご用意してございます。】<br />商品ご購入の際、またはご購入後のトラブルの時にぜひ、ご覧ください。</td></tr>
</table>
<br />
<br />
　<font color=""#666666"" size=""2"">サイズ表</font><br />
<table border=""0"" cellpadding=""3"" cellspacing=""1"" class=""table"">
  <tr>
    <td class=""table-80"">&nbsp;</td>
    <td class=""table-60"">肩幅</td>
    <td class=""table-60"">胸囲</td>
    <td class=""table-60"">着丈</td>
    <td class=""table-60"">身丈</td>
    <td class=""table-60"">袖丈</td>
  </tr>
  <tr>
    <td class=""table"">120cm</td>
    <td class=""table"">28.5</td>
    <td class=""table"">78.2</td>
    <td class=""table"">66.5</td>
    <td class=""table"">23.5</td>
    <td class=""table"">21.5</td>
  </tr>
  <tr>
    <td class=""table"">130cm</td>
    <td class=""table"">30.5</td>
    <td class=""table"">82.2</td>
    <td class=""table"">72.5</td>
    <td class=""table"">25.5</td>
    <td class=""table"">22.5</td>
  </tr>
  <tr>
    <td class=""table"">140cm</td>
    <td class=""table"">32.5</td>
    <td class=""table"">86.2</td>
    <td class=""table"">78.5</td>
    <td class=""table"">27.5</td>
    <td class=""table"">23.5</td>
  </tr>
  <tr>
    <td class=""table"">150cm</td>
    <td class=""table"">35</td>
    <td class=""table"">92.2</td>
    <td class=""table"">86.5</td>
    <td class=""table"">30.5</td>
    <td class=""table"">24.7</td>
  </tr>
</table>
<p><font color=""#666666"" size=""2"">　単位(cm)</font><br />
  <font color=""#666666"" size=""2""><br />
    ※※着丈は、お子様の首の後ろのつけ根にあるグリグリの骨（肩線）より<br />
    スカートの裾までの長さを想定して採寸した長さです。<br />
  <br />
    ※このサイズは、メーカー仕様書のサイズを掲載しております。<br />
    実際のサイズとは誤差が出る場合がございますので、<br />
参考サイズとしてご覧ください。</font> <br />
<br />
</p>
<table width=""400"" border=""1"" cellpadding=""5"" cellspacing=""0"" bordercolor=""#CCCCCC"">
  <tr>
    <td><font size=""1"" color=""#666666"">＜キーワード＞</font></td>
  </tr>
  <tr>
    <td><font size=""1"" color=""#666666"">[白][黒][モノトーン][半袖][ひざ丈・ミディー丈][120/130cm][140/150cm]</font></td>
  </tr>
</table><br><br>",子供ドレス フレアシフォン ドッキング ワンピース子供ドレス 子供服 キッズ フォーマル 結婚式 発表会 女の子用 子供 ドレス 子供 子どもドレス 子供 入学式 卒業式 卒園式 衣装 ハロウィン 七五三 パーティー：キャサリンコテージ,こどもドレスフォーマルドレス子供ドレスキッズドレスフォーマルシューズワンピースアクセサリーティアラ販売タキシード発表会結婚式フラワーガールスーツベビードレスパーティードレスどれす卒業式アクセサリーパニエ子供ドレス フレアシフォン ドッキング ワンピース子供ドレス 子供服 キッズ フォーマル 結婚式 発表会 女の子用 子供 ドレス 子供 子どもドレス 子供 入学式 卒業式 卒園式 衣装 ハロウィン 七五三 パーティー,【子供服】ハートレースがかわいい PC358OP。子供ドレス フレアシフォン ドッキング ワンピース子供ドレス 子供服 キッズ フォーマル 結婚式 発表会 女の子用 子供 ドレス 子供 子どもドレス 子供 入学式 卒業式 卒園式 衣装 ハロウィン 七五三 パーティー[rn]
5-66289,http://tshop.r10s.jp/catherine/cabinet/02866547/04113331/imgrc0070086650.jpg?fitin=700:700,5170.4000,,キッズ・ベビー・マタニティ > キッズ > ワンピース,【全色セット】子供服 ショルダーフリル 半袖Tシャツワンピース 【送料無料】[女の子 カジュアル ウェア Tシャツ チュニック ワンピース 通園 通学 夏 レース カットソー 100 110 120 130 cm 黒 紫 ピンク グレー ミント 緑 サックス 水色 レッド 赤],子供服 女の子カジュアル 肩フリル半袖カットソー PC685SE,"<style type=""text/css"">
<!--
a:link {
Color: #666666;
text-decoration: underline;
}
a:visited {
color: #666666;
text-decoration: underline;
}
a:hover {
color: #ef5974;
text-decoration: underline;
}
a:active {
color: #666666;
text-decoration: underline;
}
.spec {
color: #666666;
font-size: 13px;
line-height: 130%;
}
.table {
margin: 1px;
padding: 1px;
border: 1px solid #999999;
font-family: ""ＭＳ Ｐゴシック"", ""Osaka"";
font-size: 16px;
color: #666666;
text-align: center;
}
.table-60 {
margin: 1px;
padding: 1px;
border: 1px solid #999999;
font-family: ""ＭＳ Ｐゴシック"", ""Osaka"";
font-size: 16px;
color: #666666;
text-align: center;
width: 60px;
}
.table-80 {
margin: 1px;
padding: 1px;
border: 1px solid #999999;
font-family: ""ＭＳ Ｐゴシック"", ""Osaka"";
font-size: 16px;
color: #666666;
text-align: center;
width: 80px;
}
-->
</style>

<br>
<br>
<table width=""700"" border=""0"" cellspacing=""1"" cellpadding=""5"" bgcolor=""#999999"">
  <tbody>
    <tr>
      <td colspan=""4"" align=""center"" bgcolor=""#666666""><font color=""#ffffff"" size=""+1""><b>ITEM SPEC</b></font></td>
    </tr>
    <tr>
      <td width=""150"" align=""center"" bgcolor=""#FFFFFF""><font color=""#666666""><b>サイズ</b></font></td>
      <td colspan=""3"" bgcolor=""#FFFFFF""><table width=""457"" border=""1"" cellpadding=""3"" cellspacing=""1"" bordercolor=""#999999"">
        <tr>
          <td width=""74"" class=""table-80"">ウエストゴム</td>
          <td width=""52"" class=""table-60"">着丈</td>
          <td width=""53"" class=""table-60"">肩幅</td>
          <td width=""53"" class=""table-60"">バスト</td>
          <td width=""53"" class=""table-60"">ウェスト</td>
          <td width=""53"" class=""table-60"">背丈</td>
          <td width=""53"" class=""table-60"">スカート丈</td>
        </tr>
        <tr>
          <td class=""table"">100cm</td>
          <td class=""table"">44</td>
          <td class=""table"">22</td>
          <td class=""table"">55</td>
          <td class=""table"">50</td>
          <td class=""table"">19</td>
          <td class=""table"">25</td>
        </tr>
        <tr>
          <td class=""table"">110cm</td>
          <td class=""table"">48</td>
          <td class=""table"">24</td>
          <td class=""table"">59</td>
          <td class=""table"">53</td>
          <td class=""table"">21</td>
          <td class=""table"">27</td>
        </tr>
        <tr>
          <td class=""table"">120cm</td>
          <td class=""table"">52</td>
          <td class=""table"">26</td>
          <td class=""table"">63</td>
          <td class=""table"">56</td>
          <td class=""table"">23</td>
          <td class=""table"">29</td>
        </tr>
        <tr>
          <td class=""table"">130cm</td>
          <td class=""table"">57</td>
          <td class=""table"">28</td>
          <td class=""table"">67</td>
          <td class=""table"">59</td>
          <td class=""table"">25</td>
          <td class=""table"">32</td>
        </tr>
      </table>
        <br>
      <table width=""457"" border=""1"" cellpadding=""3"" cellspacing=""1"" bordercolor=""#999999"">
        <tr>
          <td class=""table-80"">Aライン</td>
          <td class=""table-60"">着丈</td>
          <td class=""table-60"">肩幅</td>
          <td class=""table-60"">バスト</td>
          <td class=""table-60"">袖丈</td>
        </tr>
        <tr>
          <td class=""table"">100cm</td>
          <td class=""table"">45</td>
          <td class=""table"">22</td>
          <td class=""table"">56</td>
          <td class=""table"">13</td>
        </tr>
        <tr>
          <td class=""table"">110cm</td>
          <td class=""table"">49</td>
          <td class=""table"">24</td>
          <td class=""table"">60</td>
          <td class=""table"">14</td>
        </tr>
        <tr>
          <td class=""table"">120cm</td>
          <td class=""table"">53</td>
          <td class=""table"">26</td>
          <td class=""table"">64</td>
          <td class=""table"">15</td>
        </tr>
        <tr>
          <td class=""table"">130cm</td>
          <td class=""table"">58</td>
          <td class=""table"">28</td>
          <td class=""table"">68</td>
          <td class=""table"">16</td>
        </tr>
      </table>
      <font color=""#666666""> 単位(cm)</font><font color=""#666666""><br />
      <br />
<b>&rArr;サイズの計り方はこちら</b></font><br></td>
    </tr>
    <tr>
      <td align=""center"" bgcolor=""#FFFFFF""><b><font color=""#666666"">サイズ感</font></b></td>
      <td colspan=""3"" bgcolor=""#FFFFFF""><font color=""#666666"">短めの丈となっておりますので、<br>
  レギンスなどを合わせて、チュニック的に着るならジャストサイズ。<br>
一枚でワンピースとして着るなら、１サイズ上をおすすめします。<br></font>
<br>
<img src=""https://image.rakuten.co.jp/catherine/cabinet/cc2/imgrc0069769173.jpg"" alt=""赤 ワンピース"" width=""240"">　<img src=""https://image.rakuten.co.jp/catherine/cabinet/cc2/imgrc0069769172.jpg"" alt=""赤 ワンピース"" width=""240""></td>
    </tr>
    <tr bgcolor=""#FFFFFF"">
      <td align=""center""><font color=""#666666""><b>素材</b></font></td>
      <td colspan=""3""><font color=""#666666"">表地：綿95%、ポリエステル5%　レース：綿100%<br>
※色別でレースの有無があります</font></td>
    </tr>
    <tr bgcolor=""#FFFFFF"">
      <td width=""150"" align=""center""><font color=""#666666""><b>伸縮性</b></font></td>
      <td><font color=""#666666"">あり</font></td>
      <td width=""150"" align=""center""><b><font color=""#666666"">生地の厚み</font></b></td>
      <td><font color=""#666666"">普通</font></td>
    </tr>
    <tr bgcolor=""#FFFFFF"">
      <td align=""center"">&nbsp;</td>
      <td>&nbsp;</td>
      <td align=""center""><b><font color=""#666666"">透け感</font></b></td>
      <td><font color=""#666666"">なし</font></td>
    </tr>
    <tr bgcolor=""#FFFFFF"">
      <td align=""center""><font color=""#666666""><b>ポケット</b></font></td>
      <td><font color=""#666666"">なし</font></td>
      <td align=""center""><font color=""#666666""><b>裏地</b></font></td>
      <td><font color=""#666666"">なし</font></td>
    </tr>
    <tr bgcolor=""#FFFFFF"">
      <td align=""center""><font color=""#666666""><b>内蔵パニエ</b></font></td>
      <td><font color=""#666666"">なし</font></td>
      <td align=""center""><font color=""#666666""><b>コサージュ</b></font></td>
      <td><font color=""#666666"">なし</font></td>
    </tr>
    <tr bgcolor=""#FFFFFF"">
      <td align=""center""><font color=""#666666"">コメント</font></td>
      <td colspan=""3""><font color=""#666666"">天竺素材を使った、伸縮性があり着心地のよいシンプル半袖カットソー。<br>
        デザインは３種類、<br>
        ほんのり香るガーリーエッセンス、フリルとリボンも忘れずに。<br>
スパッツやレギンスと相性抜群！<br>
毎日のおしゃれに欠かせない一枚です。<br></font></td>
    </tr>
  </tbody>
</table>
<br>
<br>
<table width=""700"" border=""0"" cellspacing=""1"" cellpadding=""5"" bgcolor=""#999999"">
  <tbody>
    <tr>
      <td colspan=""2"" align=""center"" bgcolor=""#666666""><font color=""#ffffff"" size=""+1""><b>Information</b></font></td>
    </tr>
    <tr bgcolor=""#FFFFFF"">
      <td width=""150"" align=""center""><font color=""#666666""><b>ご了承<br>
      いただきたいこと</b></font></td>
      <td><font color=""#666666"">・商品生地、色合い、コサージュやその他装飾部品の色やデザイン、キャサリンコテージのタグの有無、タグのデザイン等、生産時期によって、差異が生じます。そのため、同じ商品を複数点ご購入の場合、差異がでる場合がございます。ご了承ください。 <br />
        <br />
        <font color=""#ef5974"">・商品の縫製につきましては、必ず、【こちらのページ】にて詳細をご確認のうえご注文ください。</font> <br />
        <br />
        ・販売期間が設定されている商品につきましては、販売期間内に必ず【注文を完了】させてください。<br />
        ご注文完了となった場合に価格が適応されます。<br>
        <br>
        ※サイズ表の数値は、メーカー仕様書から引用した、商品そのものの仕上がり寸法です。実際のサイズとは誤差が出る場合がございますので、参考サイズとしてご覧ください。<br />
また、サイズ選びの際はゆとり分をご考慮ください。<br>
        <br>
        <img src=""https://image.rakuten.co.jp/catherine/cabinet/navii/imgrc0068926805.gif"" /><br />
        <br />
※画像のように、身長や胸囲などが記載された下げ札が付いている場合がありますが、これはJIS基準による対応サイズ（商品を生産する際に基準とする想定のボディサイズ）です。<br />
ページ掲載のサイズ表とはまったく異なる性質のサイズ表記となりますので、ご注意ください。      </font></td>
    </tr>
    <tr bgcolor=""#FFFFFF"">
      <td align=""center""><font color=""#666666""><b>返品について</b></font></td>
      <td><font color=""#666666""><font color=""#ef5974"">※激安セール品につき返品不可となります。</font>ご了承くださいませ。 </font></td>
    </tr>
    <tr bgcolor=""#FFFFFF"">
      <td align=""center""><font color=""#666666""><b>お手入れについて</b></font></td>
      <td><font color=""#666666"">必ずタグをご確認下さい。詳細は、別途ページでご案内しております。</font></td>
    </tr>
    <tr bgcolor=""#FFFFFF"">
      <td align=""center""><font color=""#666666""><b>【その他】</b></font></td>
      <td><font color=""#666666"">よくある質問をご用意しております。<br />
        商品購入の際、また、購入後のトラブルの際にご覧ください。<br />
        <br />
        <img src=""https://image.rakuten.co.jp/catherine/cabinet/koukoku/04343853/imgrc0068201523.gif"" width=""100%"" border=""0"" /></font></td>
    </tr>
  </tbody>
</table>
<br>",【全色セット】子供服 ショルダーフリル 半袖Tシャツワンピース 【送料無料】[女の子 カジュアル ウェア Tシャツ チュニック ワンピース 通園 通学 夏 レース カットソー 100 110 120 130 cm 黒 紫 ピンク グレー ミント 緑 サックス 水色 レッド 赤]：キャサリンコテージ,こどもドレスフォーマルドレス子供ドレスキッズドレスフォーマルシューズワンピースアクセサリーティアラ販売タキシード発表会結婚式フラワーガールスーツベビードレスパーティードレスどれす卒業式アクセサリーパニエ【全色セット】子供服 ショルダーフリル 半袖Tシャツワンピース 【送料無料】[女の子 カジュアル ウェア Tシャツ チュニック ワンピース 通園 通学 夏 レース カットソー 100 110 120 130 cm 黒 紫 ピンク グレー ミント 緑 サックス 水色 レッド 赤],子供服 女の子カジュアル 肩フリル半袖カットソー PC685SE。【全色セット】子供服 ショルダーフリル 半袖Tシャツワンピース 【送料無料】[女の子 カジュアル ウェア Tシャツ チュニック ワンピース 通園 通学 夏 レース カットソー 100 110 120 130 cm 黒 紫 ピンク グレー ミント 緑 サックス 水色 レッド 赤][rn]
5-66290,http://tshop.r10s.jp/catherine/cabinet/cc2/imgrc0069963148.jpg?fitin=700:700,2208.0000,,キッズ・ベビー・マタニティ > キッズ > ワンピース,花柄ドッキング ワンピース [子供服 キッズ 水色ピンク バラ 袖なし ノースリーブ  夏 シフォン フォーマル 子ども ピアノ 発表会 結婚式 120 130 140 cm 楽天 通販 ]【キャサリンコテージ】,旅行やおでかけに！ CC0458,"<br /><br />
<style type=""text/css"">
<!--
a:link {
Color: #666666;
text-decoration: underline;
}
a:visited {
color: #666666;
text-decoration: underline;
}
a:hover {
color: #ef5974;
text-decoration: underline;
}
a:active {
color: #666666;
text-decoration: underline;
}
.spec {
color: #666666;
font-size: 13px;
line-height: 130%;
}
.table {
margin: 1px;
padding: 1px;
border: 1px solid #999999;
font-family: ""ＭＳ Ｐゴシック"", ""Osaka"";
font-size: 16px;
color: #666666;
text-align: center;
}
.table-60 {
margin: 1px;
padding: 1px;
border: 1px solid #999999;
font-family: ""ＭＳ Ｐゴシック"", ""Osaka"";
font-size: 16px;
color: #666666;
text-align: center;
width: 60px;
}
.table-80 {
margin: 1px;
padding: 1px;
border: 1px solid #999999;
font-family: ""ＭＳ Ｐゴシック"", ""Osaka"";
font-size: 16px;
color: #666666;
text-align: center;
width: 80px;
}
-->
</style>
<table width=""500"" border=""0"" cellspacing=""0"" cellpadding=""5"" bgcolor=""#666666"">
  <tr>
    <td align=""center""><font color=""#ffffff"" size=""+1""><b>ITEM SPEC</b></font></td>
  </tr>
  <tr>
    <td align=""left"" bgcolor=""#EAEAEA""><font color=""#666666""><b>【サイズ表】</b></font></td>
  </tr>
  <tr>
    <td align=""left"" bgcolor=""#FFFFFF""><font color=""#666666"">&nbsp;
      </font>
      <table border=""0"" cellpadding=""3"" cellspacing=""1"" class=""table"">
        <tr>
          <td class=""table-80"">CC0458</td>
          <td class=""table-60"">着丈</td>
          <td class=""table-60"">背丈</td>
          <td class=""table-60"">スカート丈</td>
          <td class=""table-60"">肩幅</td>
          <td class=""table-60"">胸囲</td>
        </tr>
        <tr>
          <td class=""table"">120cm</td>
          <td class=""table"">59.5</td>
          <td class=""table"">24</td>
          <td class=""table"">35.5</td>
          <td class=""table"">26</td>
          <td class=""table"">68</td>
        </tr>
        <tr>
          <td class=""table"">130cm</td>
          <td class=""table"">64.5</td>
          <td class=""table"">26</td>
          <td class=""table"">38.5</td>
          <td class=""table"">27.8</td>
          <td class=""table"">72</td>
        </tr>
        <tr>
          <td class=""table"">140cm</td>
          <td class=""table"">69.5</td>
          <td class=""table"">28</td>
          <td class=""table"">41.5</td>
          <td class=""table"">29.6</td>
          <td class=""table"">76</td>
        </tr>
      </table>
      <font color=""#666666""> 単位(cm)<br />
      </font><font color=""#666666""><br />
    <b>&rArr;サイズの計り方はこちら</b><br />
    <br />
※サイズ表の数値は、メーカー仕様書から引用した、商品そのものの仕上がり寸法です。実際のサイズとは誤差が出る場合がございますので、参考サイズとしてご覧ください。<br />
また、サイズ選びの際はゆとり分をご考慮ください。<br />
<b><br />
</b></font></td>
  </tr>
  <tr>
    <td align=""left"" bgcolor=""#EAEAEA""><font color=""#666666""><b>【素材】</b></font></td>
  </tr>
  <tr>
    <td align=""left"" bgcolor=""#FFFFFF""><font color=""#666666"">ポリエステル１００％</font></td>
  </tr>
  <tr>
    <td align=""left"" bgcolor=""#EAEAEA""><font color=""#666666""><b>【コサージュ】</b></font></td>
  </tr>
  <tr>
    <td align=""left"" bgcolor=""#FFFFFF""><font color=""#666666"">なし ウエストのリボンは取り外し不可</font></td>
  </tr>
  <tr>
    <td align=""left"" bgcolor=""#EAEAEA""><font color=""#666666""><b>【内蔵パニエ】</b></font></td>
  </tr>
  <tr>
    <td align=""left"" bgcolor=""#FFFFFF""><font color=""#666666"">なし</font></td>
  </tr>
  <tr>
    <td align=""left"" bgcolor=""#EAEAEA""><font color=""#666666""><b>【裏地】</b></font></td>
  </tr>
  <tr>
    <td align=""left"" bgcolor=""#FFFFFF""><font color=""#666666"">スカート部分のみあり</font></td>
  </tr>
  <tr>
    <td align=""left"" bgcolor=""#EAEAEA""><font color=""#666666""><b>【ご了承いただきたいこと】</b></font></td>
  </tr>
  <tr>
    <td align=""left"" bgcolor=""#FFFFFF""><font color=""#666666"">・商品生地、色合い、コサージュやその他装飾部品の色やデザイン、キャサリンコテージのタグの有無、タグのデザイン等、生産時期によって、差異が生じます。そのため、同じ商品を複数点ご購入の場合、差異がでる場合がございます。ご了承ください。 <br />
        <br />
        <font color=""#ef5974"">・商品の縫製につきましては、必ず、【こちらのページ】にて詳細をご確認のうえご注文ください。</font> <br />
        <br />
・販売期間が設定されている商品につきましては、販売期間内に必ず【注文を完了】させてください。<br />
ご注文完了となった場合に価格が適応されます。</font></td>
  </tr>
  <tr>
    <td align=""left"" bgcolor=""#EAEAEA""><font color=""#666666""><b>【返品について】</b></font></td>
  </tr>
  <tr>
    <td align=""left"" bgcolor=""#FFFFFF""><font color=""#666666"">・ご返品対応商品です。<br />
詳細は、こちらのページをご覧ください。<br />
<font color=""#ef5974"">※期間限定セール品は、返品不可となります。</font>ご了承くださいませ。<br />
    </font></td>
  </tr>
  <tr>
    <td align=""left"" bgcolor=""#EAEAEA""><font color=""#666666""><b>【お手入れについて】</b></font></td>
  </tr>
  <tr>
    <td align=""left"" bgcolor=""#FFFFFF""><font color=""#666666"">必ずタグをご確認下さい。詳細は、別途ページでご案内しております。</font></td>
  </tr>
  <tr>
    <td align=""left"" bgcolor=""#EAEAEA""><font color=""#666666""><b>【その他】</b></font></td>
  </tr>
  <tr>
    <td align=""left"" bgcolor=""#FFFFFF""><font color=""#666666"">よくある質問をご用意しております。<br />
商品購入の際、また、購入後のトラブルの際にご覧ください。<br />
<br />
<img src=""https://image.rakuten.co.jp/catherine/cabinet/koukoku/04343853/imgrc0068201523.gif"" width=""100%"" border=""0"" />    </font></td>
  </tr>
</table>
<br />
<table width=""400"" border=""1"" cellpadding=""5"" cellspacing=""0"" bordercolor=""#CCCCCC"">
  <tr>
    <td><font size=""1"" color=""#666666"">＜キーワード＞</font></td>
  </tr>
  <tr>
    <td><font size=""1"" color=""#666666"">[水色][ピンク][花柄][袖なし[120/130cm][140/150cm]</font></td>
  </tr>
</table>
<br /><br><br>",花柄ドッキング ワンピース [子供服 キッズ 水色ピンク バラ 袖なし ノースリーブ  夏 シフォン フォーマル 子ども ピアノ 発表会 結婚式 120 130 140 cm 楽天 通販 ]【キャサリンコテージ】：キャサリンコテージ,こどもドレスフォーマルドレス子供ドレスキッズドレスフォーマルシューズワンピースアクセサリーティアラ販売タキシード発表会結婚式フラワーガールスーツベビードレスパーティードレスどれす卒業式アクセサリーパニエ花柄ドッキング ワンピース [子供服 キッズ 水色ピンク バラ 袖なし ノースリーブ  夏 シフォン フォーマル 子ども ピアノ 発表会 結婚式 120 130 140 cm 楽天 通販 ]【キャサリンコテージ】,旅行やおでかけに！ CC0458。花柄ドッキング ワンピース [子供服 キッズ 水色ピンク バラ 袖なし ノースリーブ  夏 シフォン フォーマル 子ども ピアノ 発表会 結婚式 120 130 140 cm 楽天 通販 ]【キャサリンコテージ】[rn]
5-66291,http://tshop.r10s.jp/catherine/cabinet/01645695/img57584798.jpg?fitin=700:700,1813.6000,,キッズ・ベビー・マタニティ > キッズ > ワンピース,【在庫限り110cmのみ】女の子 子供服 長袖 子どもボレロ 子供カーディガンニット フリルカーデ ボレロ 黒 ラメ入り キッズ 入学式 結婚式 発表会 冠婚葬祭 面接 子供ドレス ワンピース フォーマル[おでかけ][黒][ラメ] 110 普段着 楽天  通販 【キャサリンコテージ】,子供カーディガン 卒園式 入学式でワンピースに TK2005,"<style type=""text/css"">
<!--
.table {margin: 1px;
padding: 1px;
border: 1px solid #999999;
font-family: ""ＭＳ Ｐゴシック"", ""Osaka"";
font-size: 12px;
color: #666666;
text-align: center;
}
.table-60 {margin: 1px;
padding: 1px;
border: 1px solid #999999;
font-family: ""ＭＳ Ｐゴシック"", ""Osaka"";
font-size: 12px;
color: #666666;
text-align: center;
width: 60px;
}
.table-80 {margin: 1px;
padding: 1px;
border: 1px solid #999999;
font-family: ""ＭＳ Ｐゴシック"", ""Osaka"";
font-size: 12px;
color: #666666;
text-align: center;
width: 80px;
}
a:link    { Color: #666666; text-decoration: underline; }
a:visited { color: #666666; text-decoration: underline; }
a:hover   { color: #FF3120; text-decoration: underline; }
a:active  { color: #666666; text-decoration: underline; }

.spec{color: #666666; font-size: 13px; line-height: 130%;}
-->
</style>
<br>
<img src=""https://image.rakuten.co.jp/catherine/cabinet/koukoku/img58594856.jpg"">
<br><br>
<table width=500 border=0 cellspacing=1 cellpadding=5 bgcolor=#F9D1D1>
<tr><td colspan=""2""><font color=""#000000"" size=""2"">商品仕様</font></td></tr>
<tr><td width=""200"" bgcolor=""#FFEEEE"" class=spec>素材</td>
<td width=""300"" bgcolor=""#ffffff"" class=spec>アクリル100%</td></tr>
<tr><td width=""200"" bgcolor=""#FFEEEE"" class=spec>ご了承いただきたいこと</td>
<td width=""300"" bgcolor=""#ffffff"" class=spec>・商品生地、色合い、コサージュの色、キャサリンコテージのタグの有無、タグのデザイン等、生産時期によって、差異が生じます。ご了承ください。<br>
※期間限定セール品は、返品不可となります。ご了承くださいませ。<br>
※販売期間が設定されている商品につきましては、販売期間内に必ず【注文を完了】させてください。
ご注文完了となった場合に価格が適応されます。 </td></tr>
<tr><td width=""200"" bgcolor=""#FFEEEE"" class=spec>返品について</td>
    <td width=""300"" bgcolor=""#ffffff"" class=spec>・ご返品対応商品です。<br />
詳細は、こちらのページをご覧ください。<br>
<font color=""#ff0000"">※なお、期間限定セール品につきましては、返品不可となります。</font></td></tr>
 <tr><td width=""200"" bgcolor=""#FFEEEE"" class=spec>お手入れについて</td>
<td width=""300"" bgcolor=""#ffffff"" class=spec>
・必ずタグをご確認下さい。詳細は、別途ページでご案内しております。</td></tr>
</table>
<br>
　<font color=""#666666"" size=""2"">サイズ表</font><br>
<table border=""0"" cellpadding=""3"" cellspacing=""1"" class=""table"">
  <tr>
    <td class=""table-80"">TK2005</td>
    <td class=""table-60"">肩幅</td>
    <td class=""table-60"">胸囲</td>
    <td class=""table-60"">身丈</td>
    <td class=""table-60"">袖丈</td>
    
  </tr>
  
  
  <tr>
    <td class=""table"">110cm</td>
    <td class=""table"">26.5</td>
    <td class=""table"">64</td>
    <td class=""table"">32</td>
    <td class=""table"">36</td>
  
  </tr>
  <tr>
    <td class=""table"">120cm</td>
    <td class=""table"">28</td>
    <td class=""table"">68</td>
    <td class=""table"">34.5</td>
    <td class=""table"">40</td>
  
  </tr>
  <tr>
    <td class=""table"">130cm</td>
    <td class=""table"">30</td>
    <td class=""table"">72</td>
    <td class=""table"">37</td>
    <td class=""table"">44</td>

  </tr>
  <tr>
    <td class=""table"">140cm</td>
    <td class=""table"">32</td>
    <td class=""table"">77</td>
    <td class=""table"">40.5</td>
    <td class=""table"">48.5</td>
 
  </tr>
  <tr>
    <td class=""table"">150cm</td>
    <td class=""table"">34</td>
    <td class=""table"">82</td>
    <td class=""table"">44</td>
    <td class=""table"">53</td>

  </tr>
  <tr>
    <td class=""table"">160cm</td>
    <td class=""table"">36</td>
    <td class=""table"">87</td>
    <td class=""table"">47.5</td>
    <td class=""table"">57.5</td>

  </tr>
</table>
<font color=""#666666"" size=""2"">　単位(cm)</font><br>
<br>
<font color=""#666666"" size=""2"">縫製の状態や素材によりまして、若干の誤差がある場合がございます。<br>あらかじめご了承下さい。 <br>
採寸の際の参考になさってください。</font><br>
<br>
　<img src=""https://www.rakuten.ne.jp/gold/catherine/image/banner/bn_free.jpg"" alt=""一緒に買うと送料無料！"" border=""0""><br>
<br>
<table width=""300"" border=""0"" cellspacing=""0"" cellpadding=""7"">
  <tr>
    <td><font size=""2"">●ご予約は、承っておりません。<br>
●入荷の際の個別の連絡は、致しておりません。<br>
※主な商品の入荷は、メールマガジンでお知らせしています。<br>
メールマガジン登録は、こちら</font></td>
  </tr>
</table><br>
  <br>

<br />
<br />
<font size=""1"">ボレロ、ジャケット《100-130cm》《140-160cm》</font> <br />
<br />
<table width=""400"" border=""1"" cellpadding=""5"" cellspacing=""0"" bordercolor=""#CCCCCC"">
  <tr>
    <td><font size=""1"" color=""#666666"">＜キーワード＞</font></td>
  </tr>
  <tr>
    <td><font size=""1"" color=""#666666"">[黒][ダーク][長袖・七分袖][100/110cm][120/130cm][140/150cm][160cm対応]</font></td>
  </tr>
</table><br><br>",【在庫限り110cmのみ】女の子 子供服 長袖 子どもボレロ 子供カーディガンニット フリルカーデ ボレロ 黒 ラメ入り キッズ 入学式 結婚式 発表会 冠婚葬祭 面接 子供ドレス ワンピース フォーマル[おでかけ][黒][ラメ] 110 普段着 楽天  通販 【キャサリンコテージ】：キャサリンコテージ,こどもドレスフォーマルドレス子供ドレスキッズドレスフォーマルシューズワンピースアクセサリーティアラ販売タキシード発表会結婚式フラワーガールスーツベビードレスパーティードレスどれす卒業式アクセサリーパニエ【在庫限り110cmのみ】女の子 子供服 長袖 子どもボレロ 子供カーディガンニット フリルカーデ ボレロ 黒 ラメ入り キッズ 入学式 結婚式 発表会 冠婚葬祭 面接 子供ドレス ワンピース フォーマル[おでかけ][黒][ラメ] 110 普段着 楽天  通販 【キャサリンコテージ】,子供カーディガン 卒園式 入学式でワンピースに TK2005。【在庫限り110cmのみ】女の子 子供服 長袖 子どもボレロ 子供カーディガンニット フリルカーデ ボレロ 黒 ラメ入り キッズ 入学式 結婚式 発表会 冠婚葬祭 面接 子供ドレス ワンピース フォーマル[おでかけ][黒][ラメ] 110 普段着 楽天  通販 【キャサリンコテージ】[rn]
5-66292,http://tshop.r10s.jp/catherine/cabinet/00808490/img58231246.jpg?fitin=700:700,4784.0000,,キッズ・ベビー・マタニティ > キッズ > ワンピース,スカート　フリル,CC0111Q,"<style type=""text/css"">
<!--
.table {
margin: 1px;
padding: 1px;
border: 1px solid #999999;
font-family: ""ＭＳ Ｐゴシック"", ""Osaka"";
font-size: 12px;
color: #666666;
text-align: center;
}
.table-60 {
margin: 1px;
padding: 1px;
border: 1px solid #999999;
font-family: ""ＭＳ Ｐゴシック"", ""Osaka"";
font-size: 12px;
color: #666666;
text-align: center;
width: 60px;
}
.table-80 {
margin: 1px;
padding: 1px;
border: 1px solid #999999;
font-family: ""ＭＳ Ｐゴシック"", ""Osaka"";
font-size: 12px;
color: #666666;
text-align: center;
width: 80px;
}
a:link    { Color: #666666; text-decoration: underline; }
a:visited { color: #666666; text-decoration: underline; }
a:hover   { color: #FF3120; text-decoration: underline; }
a:active  { color: #666666; text-decoration: underline; }

.spec{color: #666666; font-size: 13px; line-height: 130%;}
-->
</style>
<br />
<table width=""640"" border=""0"" cellspacing=""3"" cellpadding=""15"" bgcolor=""#FF0000"">
  <tr>
    <td align=""center"" bgcolor=""#FFFFCC""><font size=""5"" color=""#FF0000""><b>※※※この商品は訳ありアウトレット品です※※※</b></font><br />
      <br />
      <font size=""3"">こちらの商品は、表地・裏地が当初の指定サイズと異なって作られたため、以下のようになっている場合があります。<br />
        <font color=""#FF0000"">・下段のフリルを取り外すと裏地が見えてしまうことがある<br />
          ・着丈がサイズ表と異なる場合がある<br />
          <br />
      </font>以上の理由により、アウトレット品として格安で販売しております。<br />
        ご了承のうえお買い求めくださいますよう、お願いいたします。<br />
      </font></td>
  </tr>
</table>
<br />

<font size=""-1"" color=""#FF0000"">2010年4月以前のレビューは、以前のデザインのものです。</font><br />


<table width=500 border=0 cellspacing=1 cellpadding=5 bgcolor=#F9D1D1>
<tr><td colspan=""2""><font color=""#000000"" size=""2"">商品仕様</font></td></tr>
<tr><td width=""200"" bgcolor=""#FFEEEE"" class=spec>素材</td>
<td width=""300"" bgcolor=""#ffffff"" class=spec>ポリエステル100%</td>
</tr>
<tr><td width=""200"" bgcolor=""#FFEEEE"" class=spec>ご了承いただきたいこと</td>
<td width=""300"" bgcolor=""#ffffff"" class=spec>
・商品生地、色合い、コサージュの色、キャサリンコテージのタグの有無、タグのデザイン等、生産時期によって、差異が生じます。ご了承ください。<br />
※タイムセール期間内に【注文を完了】させてください。期間内にご注文が完了しない場合、セール価格が適応されない恐れがあります。
</td></tr>
<tr><td width=""200"" bgcolor=""#FFEEEE"" class=spec>返品について</td>
    <td width=""300"" bgcolor=""#ffffff"" class=spec>
     <font color=""#FF0000"">激安アウトレット品のため返品不可</font></td></tr>
 <tr><td width=""200"" bgcolor=""#FFEEEE"" class=spec>お手入れについて</td>
<td width=""300"" bgcolor=""#ffffff"" class=spec>
・必ずタグをご確認下さい。詳細は、別途ページでご案内しております。</td></tr>
</table><br><br>
　<br>
　<font color=""#666666"" size=""2"">サイズ表</font><br>
<table border=""1"" cellpadding=""3"" cellspacing=""1"" class=""table"">
  <tr> 
    <td>CC0111</td>
    <td>ウエスト</td>
    <td>スカート丈</td>
    <td>スカート丈<br />(フリルなし）</td>
  </tr>
  <tr>
    <td>100cm</td>
    <td>45-57</td>
    <td>38</td>
    <td>31</td>
  </tr>
  <tr> 
    <td>110cm</td>
    <td>46-58</td>
    <td>40</td>
    <td>33</td>
  </tr>
  <tr> 
    <td>120cm</td>
    <td>48-60</td>
    <td>42</td>
    <td>35</td>
  </tr>
  <tr> 
    <td>130cm</td>
    <td>50-62</td>
    <td>43</td>
    <td>38</td>
  </tr>
  <tr> 
    <td>140cm</td>
    <td>50-62</td>
    <td>48</td>
    <td>41</td>
  </tr>
  <tr> 
    <td>150cm</td>
    <td>52-64</td>
    <td>52</td>
    <td>45</td>
  </tr>
  <tr>
    <td>160cm</td>
    <td>56-68</td>
    <td>54</td>
    <td>47</td>
  </tr>
</table>

<font color=""#666666"" size=""2"">　単位(cm)</font><br>
<br>
<font color=""#666666"" size=""2"">平台に乗せ、直接メジャーを当てて採寸しております。<br>
多少の誤差も生じるとおもいますのでご了承ください。<br>
肩に生地がある部分を目安に肩幅を採寸しております。<br>
採寸の際の参考になさってください。</font><br>
<img src=""https://image.rakuten.co.jp/catherine/cabinet/koukoku/img55634726.jpg"" alt=""一緒に買うと送料無料！"" border=""0"">
<br>
<br>
<table width=""300"" border=""0"" cellspacing=""0"" cellpadding=""7"">
  <tr>
    <td><font size=""2"">●ご予約は、承っていません。<br>
●入荷の際の個別の連絡は、できません。<br>
※主な商品の入荷は、メールマガジンでお知らせしています。<br>
メールマガジン登録は、こちら</font></td>
  </tr>
</table><br>
<br>
<table width=""200"" cellspacing=""2"" cellpadding=""2"">
  <tr>
    <td> <font color=""#333333""><br> 
      </font> 
    </td>
  </tr>
</table>

<table width=""300"" border=""1"" cellpadding=""5"" cellspacing=""0"" bordercolor=""#E8D700"" bgcolor=""#FFF79C"">
</table>
<br><br><font size=""1"">スカート★《100-130cm》《140-160cm》</font><br />
<br />
<table width=""400"" border=""1"" cellpadding=""5"" cellspacing=""0"" bordercolor=""#CCCCCC"">
  <tr>
    <td><font size=""1"" color=""#666666"">＜キーワード＞</font></td>
  </tr>
  <tr>
    <td><font size=""1"" color=""#666666"">[黒][ダーク][レース][100/110cm][120/130cm][140/150cm][160cm対応]</font></td>
  </tr>
</table>
<table width=""400"" border=""1"" cellpadding=""5"" cellspacing=""0"" bordercolor=""#CCCCCC"">
  <tr>
    <td><font size=""1"" color=""#666666"">＜キーワード＞</font></td>
  </tr>
  <tr>
    <td><font size=""1"" color=""#666666"">[キャサリンアリスコレクション＊スカート]</font></td>
  </tr>
</table>
<table width=""400"" border=""1"" cellpadding=""5"" cellspacing=""0"" bordercolor=""#CCCCCC"">
  <tr>
    <td><font size=""1"" color=""#666666"">＜キーワード＞</font></td>
  </tr>
  <tr>
    <td><font size=""1"" color=""#666666"">[キャサリンアリスコレクション＊スカート]</font></td>
  </tr>
</table><br><br>",スカート　フリル：キャサリンコテージ,こどもドレスフォーマルドレス子供ドレスキッズドレスフォーマルシューズワンピースアクセサリーティアラ販売タキシード発表会結婚式フラワーガールスーツベビードレスパーティードレスどれす卒業式アクセサリーパニエスカート　フリル,CC0111Q。スカート　フリル[rn]
5-66293,http://tshop.r10s.jp/catherine/cabinet/00808490/img58756561.jpg?fitin=700:700,2208.0000,,キッズ・ベビー・マタニティ > キッズ > ワンピース,子どもドレス ！在庫限り　レースティアードワンピース　子供ドレス 発表会  子供フォーマルドレス　キッズ　結婚式　発表会　七五三　レース　子供　女の子　120 130 140 150 160 黒 ピンク 【キャサリンコテージ】,キッズドレス、子供服、ワンピース PC280OP,"<style type=""text/css"">
<!--
.table {
margin: 1px;
padding: 1px;
border: 1px solid #999999;
font-family: ""ＭＳ Ｐゴシック"", ""Osaka"";
font-size: 12px;
color: #666666;
text-align: center;
}
.table-60 {
margin: 1px;
padding: 1px;
border: 1px solid #999999;
font-family: ""ＭＳ Ｐゴシック"", ""Osaka"";
font-size: 12px;
color: #666666;
text-align: center;
width: 60px;
}
.table-80 {
margin: 1px;
padding: 1px;
border: 1px solid #999999;
font-family: ""ＭＳ Ｐゴシック"", ""Osaka"";
font-size: 12px;
color: #666666;
text-align: center;
width: 80px;
}
a:link    { Color: #666666; text-decoration: underline; }
a:visited { color: #666666; text-decoration: underline; }
a:hover   { color: #FF3120; text-decoration: underline; }
a:active  { color: #666666; text-decoration: underline; }

.spec{color: #666666; font-size: 13px; line-height: 130%;}
-->
</style>
<br />
<table width=""500"" border=""0"" cellspacing=""1"" cellpadding=""5"" bgcolor=""#F9D1D1"">
  <tr>
    <td colspan=""2""><font color=""#000000"" size=""2"">商品仕様</font></td>
  </tr>
  <tr>
    <td width=""200"" bgcolor=""#FFEEEE"" class=""spec"">素材</td>
    <td width=""300"" bgcolor=""#ffffff"" class=""spec"">ポリエステル100% </td>
  </tr>
  <tr>
    <td width=""200"" bgcolor=""#FFEEEE"" class=""spec"">内蔵パニエについて</td>
    <td width=""300"" bgcolor=""#ffffff"" class=""spec"">スカートの裏地にチュールが縫い付けられている</td>
  </tr>
  <tr>
    <td width=""200"" bgcolor=""#FFEEEE"" class=""spec"">コサージュについて</td>
    <td width=""300"" bgcolor=""#ffffff"" class=""spec"">なし</td>
  </tr>
  <tr>
    <td width=""200"" bgcolor=""#FFEEEE"" class=""spec"">ご了承いただきたいこと</td>
    <td width=""300"" bgcolor=""#ffffff"" class=""spec""> ・商品生地、色合い、コサージュの色、キャサリンコテージのタグの有無、タグのデザイン等、生産時期によって、差異が生じます。ご了承ください。<br />
      <br />
      ※販売期間が設定されている商品につきましては、販売期間内に必ず【注文を完了】させてください。<br />
      ご注文完了となった場合に価格が適応されます。 </td>
  </tr>
  <tr>
    <td width=""200"" bgcolor=""#FFEEEE"" class=""spec"">返品について</td>
    <td width=""300"" bgcolor=""#ffffff"" class=""spec""> ・ご返品対応商品です。<br />
      詳細は、こちらのページをご覧ください。<br />
      <font color=""#FF0000"">※期間限定セール品は、返品不可となります。</font>ご了承くださいませ。 </td>
  </tr>
  <tr>
    <td width=""200"" bgcolor=""#FFEEEE"" class=""spec"">お手入れについて</td>
    <td width=""300"" bgcolor=""#ffffff"" class=""spec""> ・必ずタグをご確認下さい。詳細は、別途ページでご案内しております。</td>
  </tr>
  <tr>
    <td colspan=""2"" bgcolor=""#ffffff"" class=""spec"" align=""center"">【よくある質問をご用意してございます。】<br />
      商品ご購入の際、またはご購入後のトラブルの時にぜひ、ご覧ください。</td>
  </tr>
</table><br>
　<font color=""#666666"" size=""2"">サイズ表【ジャンパースカート】（※参考サイズ）</font><br>
<table border=""0"" cellpadding=""3"" cellspacing=""1"" class=""table"">
  <tr>
    <td class=""table-80"">PC280OP</td>
    <td class=""table-60"">着丈</td>
    <td class=""table-60"">スカート丈</td>
    <td class=""table-60"">肩幅</td>
    <td class=""table-60"">胸囲</td>
    <td class=""table-60"">ウエスト</td>
    <td class=""table-60"">袖丈</td>
  </tr>
  <tr>
    <td class=""table"">120cm</td>
    <td class=""table"">65.5</td>
    <td class=""table"">42</td>
    <td class=""table"">28</td>
    <td class=""table"">72.4</td>
    <td class=""table"">61.6</td>
    <td class=""table"">19</td>
  </tr>
  <tr>
    <td class=""table"">130cm</td>
    <td class=""table"">71.5</td>
    <td class=""table"">46</td>
    <td class=""table"">30</td>
    <td class=""table"">76.4</td>
    <td class=""table"">64.4</td>
    <td class=""table"">20.2</td>
  </tr>
  <tr>
    <td class=""table"">140cm</td>
    <td class=""table"">77.5</td>
    <td class=""table"">50</td>
    <td class=""table"">32</td>
    <td class=""table"">80.4</td>
    <td class=""table"">67</td>
    <td class=""table"">21.4</td>
  </tr>
  <tr>
    <td class=""table"">150cm</td>
    <td class=""table"">84.5</td>
    <td class=""table"">54</td>
    <td class=""table"">35</td>
    <td class=""table"">86.4</td>
    <td class=""table"">71.4</td>
    <td class=""table"">22.9</td>
  </tr>
    <tr>
    <td class=""table"">160cm</td>
    <td class=""table"">91.5</td>
    <td class=""table"">58</td>
    <td class=""table"">38</td>
    <td class=""table"">92.4</td>
    <td class=""table"">75.8</td>
    <td class=""table"">24.4</td>
  </tr>
</table>
<font color=""#666666"" size=""2"">　単位(cm)</font><br><br>
<font color=""#666666"" size=""2"">※このサイズは、メーカー仕様書のサイズを掲載しております。<br />
実際のサイズとは誤差が出る場合がございますので、<br />
参考サイズとしてご覧ください。</font><br>
<br>
<table width=""400"" border=""1"" cellpadding=""5"" cellspacing=""0"" bordercolor=""#CCCCCC"">
  <tr>
    <td><font size=""1"" color=""#666666"">＜キーワード＞</font></td>
  </tr>
  <tr>
    <td><font size=""1"" color=""#666666"">[120/130cm][140/150cm][160cm対応][黒][ピンク][半袖][レース][ひざ丈・ミディー丈][ワンピース]</font></td>
  </tr>
</table>
<br><br>",子どもドレス ！在庫限り　レースティアードワンピース　子供ドレス 発表会  子供フォーマルドレス　キッズ　結婚式　発表会　七五三　レース　子供　女の子　120 130 140 150 160 黒 ピンク 【キャサリンコテージ】：キャサリンコテージ,こどもドレスフォーマルドレス子供ドレスキッズドレスフォーマルシューズワンピースアクセサリーティアラ販売タキシード発表会結婚式フラワーガールスーツベビードレスパーティードレスどれす卒業式アクセサリーパニエ子どもドレス ！在庫限り　レースティアードワンピース　子供ドレス 発表会  子供フォーマルドレス　キッズ　結婚式　発表会　七五三　レース　子供　女の子　120 130 140 150 160 黒 ピンク 【キャサリンコテージ】,キッズドレス、子供服、ワンピース PC280OP。子どもドレス ！在庫限り　レースティアードワンピース　子供ドレス 発表会  子供フォーマルドレス　キッズ　結婚式　発表会　七五三　レース　子供　女の子　120 130 140 150 160 黒 ピンク 【キャサリンコテージ】[rn]
