2-65755,http://tshop.r10s.jp/jewel-world/cabinet/s186/pw-80319.jpg?fitin=700:700,3369.6000,,インテリア・寝具・収納 > 鏡 > 壁掛け > 角型,【取寄品】 コカ・コーラ ブランド パブミラーS Good Things 装飾 デコレーション おしゃれ 鏡 壁掛け ウォールミラー 飾り インテリア・生活雑貨,インテリア用品,"<br><img src=""http://image.rakuten.co.jp/jewel-world/cabinet/bn2/s_icon_backorder.gif"">&ensp;<img src=""http://image.rakuten.co.jp/jewel-world/cabinet/bn2/s_icon_no_cancellati.gif"">&ensp;<br>※商品名に【取寄品】【受注生産品】【直送品】のいずれか表記されている商品は、キャンセルをお受けできません。<br>※詳細は「こちら」をご確認ください。<br><br>【商品説明】<br>コカ・コーラ誕生130周年を記念し、フレームとデザインが一新！ナチュラルな白木調フレームにロゴデザインのパブミラーです。鏡部分をより多くし実用性も兼ね備えています。 爽やかな印象でお部屋のイメージを一気に明るくチェンジ！インテリアのアクセントに最適のコークグッズで店舗やガレージ、ご自宅を演出してみませんか<br><br>【セット内容】<br>・パブミラー×1<br>※上記のセット以外は付属しません<br><br>【サイズ】<br>・高さ約34cm×幅約29cm×奥行約1.8cm<br><br>【仕様】<br>・重量：約900g<br><br>(c)2016 The Coca-Cola Company. All rights reserved.<br><br>【オリジナル品名】<br>・coca-cola pub mirror(S) Good Things / PJP-202<br><br>※掲載画像のデザインや仕様は予告なく変更される場合がございます<br>※生産ロット(時期)によっては、多少色味が異なる場合がございます<br><br>【関連キーワード】<br>ウォールミラー,インテリア用品,壁掛け・天井飾り,インテリア・生活雑貨,装飾,デコレーション,おしゃれ,インテリアグッズ<br><br><center><hr width=""85%"" class=""HRC""><b style=""font-size:18px;color:#555555;"">おすすめグッズ</b><hr width=""85%"" class=""HRC""></center>",【取寄品】 コカ・コーラ ブランド パブミラーS Good Things 装飾 デコレーション おしゃれ 鏡 壁掛け ウォールミラー 飾り インテリア・生活雑貨：ジュエルワールド,ジュエリーリング指輪ネックレスピンキーリングペンダントピアスブレスレット宝石アクセサリー誕生石ダイヤスイートテンジュエリー専門店ジュエリーショップジュエリー店記念日誕生日プレゼント結婚記念日クリスマスプレゼント【取寄品】 コカ・コーラ ブランド パブミラーS Good Things 装飾 デコレーション おしゃれ 鏡 壁掛け ウォールミラー 飾り インテリア・生活雑貨,インテリア用品。【取寄品】 コカ・コーラ ブランド パブミラーS Good Things 装飾 デコレーション おしゃれ 鏡 壁掛け ウォールミラー 飾り インテリア・生活雑貨[rn]
2-65756,http://tshop.r10s.jp/supplies-world/cabinet/s77/pw-21802.jpg?fitin=700:700,5184.0000,,インテリア・寝具・収納 > 鏡 > 壁掛け > 角型,コカ・コーラ ブランド パブミラー Pub Mirror PJP-007 装飾 ウォールミラー 壁掛け 鏡 おしゃれ 飾り インテリア・生活雑貨 デコレーション,インテリア用品,"【商品説明】<br>インテリアのアクセントになるパブミラー。レトロなデザインで店舗やガレージ、ご自宅を彩ってみてはいかがでしょうか。<br><br>【セット内容】<br>・パブミラー×1<br><br>【仕様】<br>・サイズ：W49×H36.5×D2cm<br>・重量：1.2kg<br><br>(c)2012 The Coca-Cola Company. All rights reserved.<br><br>【オリジナル品名】<br>・コカ・コーラ ブランド パブミラー Pub Mirror PJP-007<br><br>※掲載画像のデザインや仕様は予告なく変更される場合がございます<br>※生産ロット(時期)によっては、多少色味が異なる場合がございます<br><br>【関連キーワード】<br>鏡,ウォールミラー,インテリア用品,壁掛け・天井飾り,インテリア・生活雑貨,装飾,デコレーション,おしゃれ,インテリアグッズ<br><br><center><hr width=""85%"" class=""HRC""><b style=""font-size:18px;color:#555555;"">おすすめグッズ</b><hr width=""85%"" class=""HRC""></center>",コカ・コーラ ブランド パブミラー Pub Mirror PJP-007 装飾 ウォールミラー 壁掛け 鏡 おしゃれ 飾り インテリア・生活雑貨 デコレーション：サプライズワールド,イベント店舗装飾通販パーティーグッズハロウィンDIYガーデニングクリスマス福祉知育ギフトアウトドア生活雑貨教育介護ツールキッチン家電サプライズワールドサプライズコカ・コーラ ブランド パブミラー Pub Mirror PJP-007 装飾 ウォールミラー 壁掛け 鏡 おしゃれ 飾り インテリア・生活雑貨 デコレーション,インテリア用品。コカ・コーラ ブランド パブミラー Pub Mirror PJP-007 装飾 ウォールミラー 壁掛け 鏡 おしゃれ 飾り インテリア・生活雑貨 デコレーション[rn]
2-65757,http://tshop.r10s.jp/bnc2/cabinet/hot_toys/ht175737.jpg?fitin=700:700,36889.6000,,おもちゃ・ホビー・ゲーム > フィギュア > 映画,バットマン １／６スケールフィギュア【ムービー・マスターピース】『ダークナイト』 １／６スケールフィギュア　バットスーツ格納庫　ホットトイズ社製【RCP】,【送料無料】,"ホットトイズの「ムービー・マスターピース」シリーズに、鬼才クリストファー・ノーラン監督によるバットマン映画『ダークナイト』がラインナップ。バットマンの秘密基地であるバットケーブに設置されている、バットスーツ格納庫が登場だ！
フィギュア単体では体験できなかった、ワンランク上のディスプレーを味わうことできる本アイテム。希少な立体化といえる絶対に見逃せないこのセットを入手して、『ダークナイト』コレクションを充実させよう！

■ホットトイズ社製
■サイズ：バットスーツ格納庫：高さ約37センチ、バットマン：高さ約32センチ
■スケール：1/6スケール
■可動ポイント：バットマン：32箇所
■生産情報：限定生産<style type=""text/css"">
#rakutenLimitedId_header{display:none;}
</style>",バットマン １／６スケールフィギュア【ムービー・マスターピース】『ダークナイト』 １／６スケールフィギュア　バットスーツ格納庫　ホットトイズ社製【RCP】：バイヤーズネットクラブ2,バットマン １／６スケールフィギュア【ムービー・マスターピース】『ダークナイト』 １／６スケールフィギュア　バットスーツ格納庫　ホットトイズ社製【RCP】,【送料無料】。バットマン １／６スケールフィギュア【ムービー・マスターピース】『ダークナイト』 １／６スケールフィギュア　バットスーツ格納庫　ホットトイズ社製【RCP】[rn]
2-65758,http://tshop.r10s.jp/bnc2/cabinet/marvel/ht177847.jpg?fitin=700:700,23704.0000,,おもちゃ・ホビー・ゲーム > フィギュア > 映画,【ムービー・マスターピース】『アベンジャーズ／エイジ・オブ・ウルトロン』 １／６スケールフィギュア　ソー Movie Masterpiece - 1/6 Scale Fully Poseable Figure: Avengers Age of Ultron - Thor【RCP】【10P13Dec15】【532P26Feb16】,【送料無料】,"ホットトイズの「ムービー・マスターピース」シリーズに、全世界待望の超大作アクション映画『アベンジャーズ／エイジ・オブ・ウルトロン』がラインナップ！
「雷神」ソーが登場だ！

ソーを象徴する武器である、比類なき破壊力と魔法の力を併せ持つムジョルニアは、2種類を用意。
新たなエフェクトが備わった武器ムジョルニアを装備した、雷神ソーの魅力を封じ込めた本アイテムは、ぜひコレクションに加えたい逸品だ。
今後も続く、ホットトイズの『アベンジャーズ／エイジ・オブ・ウルトロン』シリーズから目が離せないぞ！

■メーカー：ホットトイズ
■サイズ：高さ約32センチ
■スケール：1/6スケール
■可動ポイント：30箇所
■生産情報：初回限定生産<style type=""text/css"">
#rakutenLimitedId_header{display:none;}
</style>",【ムービー・マスターピース】『アベンジャーズ／エイジ・オブ・ウルトロン』 １／６スケールフィギュア　ソー Movie Masterpiece - 1/6 Scale Fully Poseable Figure: Avengers Age of Ultron - Thor【RCP】【10P13Dec15】【532P26Feb16】：バイヤーズネットクラブ2,【ムービー・マスターピース】『アベンジャーズ／エイジ・オブ・ウルトロン』 １／６スケールフィギュア　ソー Movie Masterpiece - 1/6 Scale Fully Poseable Figure: Avengers Age of Ultron - Thor【RCP】【10P13Dec15】【532P26Feb16】,【送料無料】。【ムービー・マスターピース】『アベンジャーズ／エイジ・オブ・ウルトロン』 １／６スケールフィギュア　ソー Movie Masterpiece - 1/6 Scale Fully Poseable Figure: Avengers Age of Ultron - Thor【RCP】【10P13Dec15】【532P26Feb16】[rn]
2-65759,http://tshop.r10s.jp/bnc2/cabinet/hot_toys/ht175126.jpg?fitin=700:700,28190.4000,,おもちゃ・ホビー・ゲーム > フィギュア > 映画,ダイキャスト 1/6スケールフィギュア ウォーマシン・マーク２【ムービー・マスターピース ＤＩＥＣＡＳＴ】『アイアンマン３』  ホットトイズ社製/Movie Masterpiece Diecast - 1/6 Scale Fully Poseable Figure: Iron Man 3 - War Machine Mark 2【RCP】,【送料無料】,"<style type=""text/css"">
#rakutenLimitedId_header{display:none;}
</style>",ダイキャスト 1/6スケールフィギュア ウォーマシン・マーク２【ムービー・マスターピース ＤＩＥＣＡＳＴ】『アイアンマン３』  ホットトイズ社製/Movie Masterpiece Diecast - 1/6 Scale Fully Poseable Figure: Iron Man 3 - War Machine Mark 2【RCP】：バイヤーズネットクラブ2,ダイキャスト 1/6スケールフィギュア ウォーマシン・マーク２【ムービー・マスターピース ＤＩＥＣＡＳＴ】『アイアンマン３』  ホットトイズ社製/Movie Masterpiece Diecast - 1/6 Scale Fully Poseable Figure: Iron Man 3 - War Machine Mark 2【RCP】,【送料無料】。ダイキャスト 1/6スケールフィギュア ウォーマシン・マーク２【ムービー・マスターピース ＤＩＥＣＡＳＴ】『アイアンマン３』  ホットトイズ社製/Movie Masterpiece Diecast - 1/6 Scale Fully Poseable Figure: Iron Man 3 - War Machine Mark 2【RCP】[rn]
2-65760,http://tshop.r10s.jp/ustoy/cabinet/toy_other/med301266c.jpg?fitin=700:700,1984.0000,,おもちゃ・ホビー・ゲーム > フィギュア > 映画,キューブリック＆ベアブリック/NEWS・山下智久君主演映画☆クロサギ【RCP】【楽天カード分割】【05P03Dec16】,,"<style type=""text/css"">
/*買い物かごに入れるボタン*/
div#rakutenLimitedId_aroundCart input.rCartBtn,
div#rakutenLimitedId_aroundCart input.rCartBtn[type=""submit""] {
width: 316px !important;
height: 91px !important;
cursor: pointer !important;
background: url(""http://image.rakuten.co.jp/ustoy/cabinet/camp/cart-d03.jpg"")no-repeat 0 0 !important;
}

div#rakutenLimitedId_aroundCart input.rCartBtn,
div#rakutenLimitedId_aroundCart input.rCartBtn[type=""submit""]:hover {
background: url(""http://image.rakuten.co.jp/ustoy/cabinet/camp/cart-d03_hover.jpg"")no-repeat 0 0 !important;
}
</style>",キューブリック＆ベアブリック/NEWS・山下智久君主演映画☆クロサギ【RCP】【楽天カード分割】【05P03Dec16】：USトイ・バイヤーズネットクラブ,出産祝いスージーズーおさるのジョージカナヘイグレムリンノースフェイスニコフラートスターウォーズナイトメアビフォアクリスマスNubySASSYモンベルコロンビアこびとづかんはらぺこあおむしアドベンチャータイムアウトドア用品通販くまのがっこうサッシーキューブリック＆ベアブリック/NEWS・山下智久君主演映画☆クロサギ【RCP】【楽天カード分割】【05P03Dec16】,キューブリック＆ベアブリック/NEWS・山下智久君主演映画☆クロサギ【RCP】【楽天カード分割】【05P03Dec16】[rn]
2-65761,http://tshop.r10s.jp/ustoy/cabinet/hollywoodcollectible/medicom_toy/med301457.jpg?fitin=700:700,1984.0000,,おもちゃ・ホビー・ゲーム > フィギュア > 映画,スウィーニートッド キューブリック&ベアブリック ジョニーデップ主演 メディコムトイ社製/SWEENEY TODD KUBRICK&BE@RBRICK【RCP】【楽天カード分割】【05P03Dec16】,メディコムトイ スウィーニートッド キューブ,"★ティムバートン監督とジョニーデップがタッグを組んだ映画『スウィーニー・トッド フリート街の悪魔の理髪師』。
SWEENEY TODDのKUBRICKとロゴをイメージしたBE@RBRICKの2体セット。
中でもインパクトの強かったカミソリは脱着可能！

■メーカー：メディコムトイ 
■サイズ：7cm高
■付属品：カミソリ<style type=""text/css"">
/*買い物かごに入れるボタン*/
div#rakutenLimitedId_aroundCart input.rCartBtn,
div#rakutenLimitedId_aroundCart input.rCartBtn[type=""submit""] {
width: 316px !important;
height: 91px !important;
cursor: pointer !important;
background: url(""http://image.rakuten.co.jp/ustoy/cabinet/camp/cart-d03.jpg"")no-repeat 0 0 !important;
}

div#rakutenLimitedId_aroundCart input.rCartBtn,
div#rakutenLimitedId_aroundCart input.rCartBtn[type=""submit""]:hover {
background: url(""http://image.rakuten.co.jp/ustoy/cabinet/camp/cart-d03_hover.jpg"")no-repeat 0 0 !important;
}
</style>",スウィーニートッド キューブリック&amp;ベアブリック ジョニーデップ主演 メディコムトイ社製/SWEENEY TODD KUBRICK&amp;BE@RBRICK【RCP】【楽天カード分割】【05P03Dec16】：USトイ・バイヤーズネットクラブ,出産祝いスージーズーおさるのジョージカナヘイグレムリンノースフェイスニコフラートスターウォーズナイトメアビフォアクリスマスNubySASSYモンベルコロンビアこびとづかんはらぺこあおむしアドベンチャータイムアウトドア用品通販くまのがっこうサッシースウィーニートッド キューブリック&amp;ベアブリック ジョニーデップ主演 メディコムトイ社製/SWEENEY TODD KUBRICK&amp;BE@RBRICK【RCP】【楽天カード分割】【05P03Dec16】,メディコムトイ スウィーニートッド キューブ 。スウィーニートッド キューブリック&amp;ベアブリック ジョニーデップ主演 メディコムトイ社製/SWEENEY TODD KUBRICK&amp;BE@RBRICK【RCP】【楽天カード分割】【05P03Dec16】[rn]
2-65762,http://tshop.r10s.jp/ustoy/cabinet/gremlin/img10531832821.jpg?fitin=700:700,685.6000,,おもちゃ・ホビー・ゲーム > フィギュア > 映画,【B品特価】グレムリン/ボビングヘッド ギズモ（立ち）【RCP】【楽天カード分割】【05P03Dec16】,,"<style type=""text/css"">
/*買い物かごに入れるボタン*/
div#rakutenLimitedId_aroundCart input.rCartBtn,
div#rakutenLimitedId_aroundCart input.rCartBtn[type=""submit""] {
width: 316px !important;
height: 91px !important;
cursor: pointer !important;
background: url(""http://image.rakuten.co.jp/ustoy/cabinet/camp/cart-d03.jpg"")no-repeat 0 0 !important;
}

div#rakutenLimitedId_aroundCart input.rCartBtn,
div#rakutenLimitedId_aroundCart input.rCartBtn[type=""submit""]:hover {
background: url(""http://image.rakuten.co.jp/ustoy/cabinet/camp/cart-d03_hover.jpg"")no-repeat 0 0 !important;
}
</style>",【B品特価】グレムリン/ボビングヘッド ギズモ（立ち）【RCP】【楽天カード分割】【05P03Dec16】：USトイ・バイヤーズネットクラブ,出産祝いスージーズーおさるのジョージカナヘイグレムリンノースフェイスニコフラートスターウォーズナイトメアビフォアクリスマスNubySASSYモンベルコロンビアこびとづかんはらぺこあおむしアドベンチャータイムアウトドア用品通販くまのがっこうサッシー【B品特価】グレムリン/ボビングヘッド ギズモ（立ち）【RCP】【楽天カード分割】【05P03Dec16】,【B品特価】グレムリン/ボビングヘッド ギズモ（立ち）【RCP】【楽天カード分割】【05P03Dec16】[rn]
2-65763,http://tshop.r10s.jp/ustoy/cabinet/corpse/gg194211.jpg?fitin=700:700,17736.8000,,おもちゃ・ホビー・ゲーム > フィギュア > 映画,【B品特価】コープスブライド　ビクタースタチュー/ジェントルジャイアント社製【RCP】【楽天カード分割】【05P03Dec16】,,"<style type=""text/css"">
/*買い物かごに入れるボタン*/
div#rakutenLimitedId_aroundCart input.rCartBtn,
div#rakutenLimitedId_aroundCart input.rCartBtn[type=""submit""] {
width: 316px !important;
height: 91px !important;
cursor: pointer !important;
background: url(""http://image.rakuten.co.jp/ustoy/cabinet/camp/cart-d03.jpg"")no-repeat 0 0 !important;
}

div#rakutenLimitedId_aroundCart input.rCartBtn,
div#rakutenLimitedId_aroundCart input.rCartBtn[type=""submit""]:hover {
background: url(""http://image.rakuten.co.jp/ustoy/cabinet/camp/cart-d03_hover.jpg"")no-repeat 0 0 !important;
}
</style>",【B品特価】コープスブライド　ビクタースタチュー/ジェントルジャイアント社製【RCP】【楽天カード分割】【05P03Dec16】：USトイ・バイヤーズネットクラブ,出産祝いスージーズーおさるのジョージカナヘイグレムリンノースフェイスニコフラートスターウォーズナイトメアビフォアクリスマスNubySASSYモンベルコロンビアこびとづかんはらぺこあおむしアドベンチャータイムアウトドア用品通販くまのがっこうサッシー【B品特価】コープスブライド　ビクタースタチュー/ジェントルジャイアント社製【RCP】【楽天カード分割】【05P03Dec16】,【B品特価】コープスブライド　ビクタースタチュー/ジェントルジャイアント社製【RCP】【楽天カード分割】【05P03Dec16】[rn]
2-65764,http://tshop.r10s.jp/ustoy/cabinet/sw/fun5265-1.jpg?fitin=700:700,1600.0000,,おもちゃ・ホビー・ゲーム > フィギュア > 映画,スターウォーズ R2-D2ボビングヘッド（ファンコ社ワッキーワブラー）/Wacky Wobbler - Star Wars: R2-D2【RCP】【楽天カード分割】【05P03Dec16】,,"<style type=""text/css"">
/*買い物かごに入れるボタン*/
div#rakutenLimitedId_aroundCart input.rCartBtn,
div#rakutenLimitedId_aroundCart input.rCartBtn[type=""submit""] {
width: 316px !important;
height: 91px !important;
cursor: pointer !important;
background: url(""http://image.rakuten.co.jp/ustoy/cabinet/camp/cart-d03.jpg"")no-repeat 0 0 !important;
}

div#rakutenLimitedId_aroundCart input.rCartBtn,
div#rakutenLimitedId_aroundCart input.rCartBtn[type=""submit""]:hover {
background: url(""http://image.rakuten.co.jp/ustoy/cabinet/camp/cart-d03_hover.jpg"")no-repeat 0 0 !important;
}
</style>",スターウォーズ R2-D2ボビングヘッド（ファンコ社ワッキーワブラー）/Wacky Wobbler - Star Wars: R2-D2【RCP】【楽天カード分割】【05P03Dec16】：USトイ・バイヤーズネットクラブ,出産祝いスージーズーおさるのジョージカナヘイグレムリンノースフェイスニコフラートスターウォーズナイトメアビフォアクリスマスNubySASSYモンベルコロンビアこびとづかんはらぺこあおむしアドベンチャータイムアウトドア用品通販くまのがっこうサッシースターウォーズ R2-D2ボビングヘッド（ファンコ社ワッキーワブラー）/Wacky Wobbler - Star Wars: R2-D2【RCP】【楽天カード分割】【05P03Dec16】,スターウォーズ R2-D2ボビングヘッド（ファンコ社ワッキーワブラー）/Wacky Wobbler - Star Wars: R2-D2【RCP】【楽天カード分割】【05P03Dec16】[rn]
2-65765,http://tshop.r10s.jp/ustoy/cabinet/181_769455_626757.jpg?fitin=700:700,7200.0000,,おもちゃ・ホビー・ゲーム > フィギュア > 映画,【訳あり特価】リモコン式スノーモービル/ナイトメアビフォアクリスマス【RCP】【楽天カード分割】【05P03Dec16】,,"<style type=""text/css"">
/*買い物かごに入れるボタン*/
div#rakutenLimitedId_aroundCart input.rCartBtn,
div#rakutenLimitedId_aroundCart input.rCartBtn[type=""submit""] {
width: 316px !important;
height: 91px !important;
cursor: pointer !important;
background: url(""http://image.rakuten.co.jp/ustoy/cabinet/camp/cart-d03.jpg"")no-repeat 0 0 !important;
}

div#rakutenLimitedId_aroundCart input.rCartBtn,
div#rakutenLimitedId_aroundCart input.rCartBtn[type=""submit""]:hover {
background: url(""http://image.rakuten.co.jp/ustoy/cabinet/camp/cart-d03_hover.jpg"")no-repeat 0 0 !important;
}
</style>",【訳あり特価】リモコン式スノーモービル/ナイトメアビフォアクリスマス【RCP】【楽天カード分割】【05P03Dec16】：USトイ・バイヤーズネットクラブ,出産祝いスージーズーおさるのジョージカナヘイグレムリンノースフェイスニコフラートスターウォーズナイトメアビフォアクリスマスNubySASSYモンベルコロンビアこびとづかんはらぺこあおむしアドベンチャータイムアウトドア用品通販くまのがっこうサッシー【訳あり特価】リモコン式スノーモービル/ナイトメアビフォアクリスマス【RCP】【楽天カード分割】【05P03Dec16】,【訳あり特価】リモコン式スノーモービル/ナイトメアビフォアクリスマス【RCP】【楽天カード分割】【05P03Dec16】[rn]
2-65766,http://tshop.r10s.jp/ustoy/cabinet/181_799897_683958.jpg?fitin=700:700,4000.0000,,おもちゃ・ホビー・ゲーム > フィギュア > 映画,【訳あり特価】ナイトメア ビフォア クリスマス スノーマン ジャック　コレクションドール【RCP】【楽天カード分割】【05P03Dec16】,,"<style type=""text/css"">
/*買い物かごに入れるボタン*/
div#rakutenLimitedId_aroundCart input.rCartBtn,
div#rakutenLimitedId_aroundCart input.rCartBtn[type=""submit""] {
width: 316px !important;
height: 91px !important;
cursor: pointer !important;
background: url(""http://image.rakuten.co.jp/ustoy/cabinet/camp/cart-d03.jpg"")no-repeat 0 0 !important;
}

div#rakutenLimitedId_aroundCart input.rCartBtn,
div#rakutenLimitedId_aroundCart input.rCartBtn[type=""submit""]:hover {
background: url(""http://image.rakuten.co.jp/ustoy/cabinet/camp/cart-d03_hover.jpg"")no-repeat 0 0 !important;
}
</style>",【訳あり特価】ナイトメア ビフォア クリスマス スノーマン ジャック　コレクションドール【RCP】【楽天カード分割】【05P03Dec16】：USトイ・バイヤーズネットクラブ,出産祝いスージーズーおさるのジョージカナヘイグレムリンノースフェイスニコフラートスターウォーズナイトメアビフォアクリスマスNubySASSYモンベルコロンビアこびとづかんはらぺこあおむしアドベンチャータイムアウトドア用品通販くまのがっこうサッシー【訳あり特価】ナイトメア ビフォア クリスマス スノーマン ジャック　コレクションドール【RCP】【楽天カード分割】【05P03Dec16】,【訳あり特価】ナイトメア ビフォア クリスマス スノーマン ジャック　コレクションドール【RCP】【楽天カード分割】【05P03Dec16】[rn]
2-65767,http://tshop.r10s.jp/ustoy/cabinet/funko/fun7989.jpg?fitin=700:700,1600.0000,,おもちゃ・ホビー・ゲーム > フィギュア > 映画,イブニング・ベティーブープボビングヘッド（ファンコ社ワッキーワブラー）/FUNKO Betty Boop: Super Boop Wacky Wobbler【RCP】【楽天カード分割】【05P03Dec16】,,"<style type=""text/css"">
/*買い物かごに入れるボタン*/
div#rakutenLimitedId_aroundCart input.rCartBtn,
div#rakutenLimitedId_aroundCart input.rCartBtn[type=""submit""] {
width: 316px !important;
height: 91px !important;
cursor: pointer !important;
background: url(""http://image.rakuten.co.jp/ustoy/cabinet/camp/cart-d03.jpg"")no-repeat 0 0 !important;
}

div#rakutenLimitedId_aroundCart input.rCartBtn,
div#rakutenLimitedId_aroundCart input.rCartBtn[type=""submit""]:hover {
background: url(""http://image.rakuten.co.jp/ustoy/cabinet/camp/cart-d03_hover.jpg"")no-repeat 0 0 !important;
}
</style>",イブニング・ベティーブープボビングヘッド（ファンコ社ワッキーワブラー）/FUNKO Betty Boop: Super Boop Wacky Wobbler【RCP】【楽天カード分割】【05P03Dec16】：USトイ・バイヤーズネットクラブ,出産祝いスージーズーおさるのジョージカナヘイグレムリンノースフェイスニコフラートスターウォーズナイトメアビフォアクリスマスNubySASSYモンベルコロンビアこびとづかんはらぺこあおむしアドベンチャータイムアウトドア用品通販くまのがっこうサッシーイブニング・ベティーブープボビングヘッド（ファンコ社ワッキーワブラー）/FUNKO Betty Boop: Super Boop Wacky Wobbler【RCP】【楽天カード分割】【05P03Dec16】,イブニング・ベティーブープボビングヘッド（ファンコ社ワッキーワブラー）/FUNKO Betty Boop: Super Boop Wacky Wobbler【RCP】【楽天カード分割】【05P03Dec16】[rn]
2-65768,http://tshop.r10s.jp/ustoy/cabinet/181_769440_626751.jpg?fitin=700:700,1520.0000,,おもちゃ・ホビー・ゲーム > フィギュア > 映画,ナイトメアビフォアクリスマス / アクションドールD【RCP】【楽天カード分割】【05P03Dec16】,,"<style type=""text/css"">
/*買い物かごに入れるボタン*/
div#rakutenLimitedId_aroundCart input.rCartBtn,
div#rakutenLimitedId_aroundCart input.rCartBtn[type=""submit""] {
width: 316px !important;
height: 91px !important;
cursor: pointer !important;
background: url(""http://image.rakuten.co.jp/ustoy/cabinet/camp/cart-d03.jpg"")no-repeat 0 0 !important;
}

div#rakutenLimitedId_aroundCart input.rCartBtn,
div#rakutenLimitedId_aroundCart input.rCartBtn[type=""submit""]:hover {
background: url(""http://image.rakuten.co.jp/ustoy/cabinet/camp/cart-d03_hover.jpg"")no-repeat 0 0 !important;
}
</style>",ナイトメアビフォアクリスマス / アクションドールD【RCP】【楽天カード分割】【05P03Dec16】：USトイ・バイヤーズネットクラブ,出産祝いスージーズーおさるのジョージカナヘイグレムリンノースフェイスニコフラートスターウォーズナイトメアビフォアクリスマスNubySASSYモンベルコロンビアこびとづかんはらぺこあおむしアドベンチャータイムアウトドア用品通販くまのがっこうサッシーナイトメアビフォアクリスマス / アクションドールD【RCP】【楽天カード分割】【05P03Dec16】,ナイトメアビフォアクリスマス / アクションドールD【RCP】【楽天カード分割】【05P03Dec16】[rn]
2-65769,http://tshop.r10s.jp/ustoy/cabinet/181_769441_626752.jpg?fitin=700:700,1520.0000,,おもちゃ・ホビー・ゲーム > フィギュア > 映画,ナイトメアビフォアクリスマス / アクションドールE【RCP】【楽天カード分割】【05P03Dec16】,,"<style type=""text/css"">
/*買い物かごに入れるボタン*/
div#rakutenLimitedId_aroundCart input.rCartBtn,
div#rakutenLimitedId_aroundCart input.rCartBtn[type=""submit""] {
width: 316px !important;
height: 91px !important;
cursor: pointer !important;
background: url(""http://image.rakuten.co.jp/ustoy/cabinet/camp/cart-d03.jpg"")no-repeat 0 0 !important;
}

div#rakutenLimitedId_aroundCart input.rCartBtn,
div#rakutenLimitedId_aroundCart input.rCartBtn[type=""submit""]:hover {
background: url(""http://image.rakuten.co.jp/ustoy/cabinet/camp/cart-d03_hover.jpg"")no-repeat 0 0 !important;
}
</style>",ナイトメアビフォアクリスマス / アクションドールE【RCP】【楽天カード分割】【05P03Dec16】：USトイ・バイヤーズネットクラブ,出産祝いスージーズーおさるのジョージカナヘイグレムリンノースフェイスニコフラートスターウォーズナイトメアビフォアクリスマスNubySASSYモンベルコロンビアこびとづかんはらぺこあおむしアドベンチャータイムアウトドア用品通販くまのがっこうサッシーナイトメアビフォアクリスマス / アクションドールE【RCP】【楽天カード分割】【05P03Dec16】,ナイトメアビフォアクリスマス / アクションドールE【RCP】【楽天カード分割】【05P03Dec16】[rn]
2-65770,http://tshop.r10s.jp/ustoy/cabinet/181-20070129-cqk65wa.jpg?fitin=700:700,3120.0000,,おもちゃ・ホビー・ゲーム > フィギュア > 映画,【B品特価】ナイトメアビフォアクリスマス 2002 ジャック ヘッドノッカー【RCP】【楽天カード分割】【05P03Dec16】,,"<style type=""text/css"">
/*買い物かごに入れるボタン*/
div#rakutenLimitedId_aroundCart input.rCartBtn,
div#rakutenLimitedId_aroundCart input.rCartBtn[type=""submit""] {
width: 316px !important;
height: 91px !important;
cursor: pointer !important;
background: url(""http://image.rakuten.co.jp/ustoy/cabinet/camp/cart-d03.jpg"")no-repeat 0 0 !important;
}

div#rakutenLimitedId_aroundCart input.rCartBtn,
div#rakutenLimitedId_aroundCart input.rCartBtn[type=""submit""]:hover {
background: url(""http://image.rakuten.co.jp/ustoy/cabinet/camp/cart-d03_hover.jpg"")no-repeat 0 0 !important;
}
</style>",【B品特価】ナイトメアビフォアクリスマス 2002 ジャック ヘッドノッカー【RCP】【楽天カード分割】【05P03Dec16】：USトイ・バイヤーズネットクラブ,出産祝いスージーズーおさるのジョージカナヘイグレムリンノースフェイスニコフラートスターウォーズナイトメアビフォアクリスマスNubySASSYモンベルコロンビアこびとづかんはらぺこあおむしアドベンチャータイムアウトドア用品通販くまのがっこうサッシー【B品特価】ナイトメアビフォアクリスマス 2002 ジャック ヘッドノッカー【RCP】【楽天カード分割】【05P03Dec16】,【B品特価】ナイトメアビフォアクリスマス 2002 ジャック ヘッドノッカー【RCP】【楽天カード分割】【05P03Dec16】[rn]
2-65771,http://tshop.r10s.jp/ustoy/cabinet/181_769443_626754.jpg?fitin=700:700,1520.0000,,おもちゃ・ホビー・ゲーム > フィギュア > 映画,ナイトメアビフォアクリスマス アクションドールG【RCP】【楽天カード分割】【05P03Dec16】,,"<style type=""text/css"">
/*買い物かごに入れるボタン*/
div#rakutenLimitedId_aroundCart input.rCartBtn,
div#rakutenLimitedId_aroundCart input.rCartBtn[type=""submit""] {
width: 316px !important;
height: 91px !important;
cursor: pointer !important;
background: url(""http://image.rakuten.co.jp/ustoy/cabinet/camp/cart-d03.jpg"")no-repeat 0 0 !important;
}

div#rakutenLimitedId_aroundCart input.rCartBtn,
div#rakutenLimitedId_aroundCart input.rCartBtn[type=""submit""]:hover {
background: url(""http://image.rakuten.co.jp/ustoy/cabinet/camp/cart-d03_hover.jpg"")no-repeat 0 0 !important;
}
</style>",ナイトメアビフォアクリスマス アクションドールG【RCP】【楽天カード分割】【05P03Dec16】：USトイ・バイヤーズネットクラブ,出産祝いスージーズーおさるのジョージカナヘイグレムリンノースフェイスニコフラートスターウォーズナイトメアビフォアクリスマスNubySASSYモンベルコロンビアこびとづかんはらぺこあおむしアドベンチャータイムアウトドア用品通販くまのがっこうサッシーナイトメアビフォアクリスマス アクションドールG【RCP】【楽天カード分割】【05P03Dec16】,ナイトメアビフォアクリスマス アクションドールG【RCP】【楽天カード分割】【05P03Dec16】[rn]
2-65772,http://tshop.r10s.jp/ustoy/cabinet/nbc/nc32284-1.jpg?fitin=700:700,2560.0000,,おもちゃ・ホビー・ゲーム > フィギュア > 映画,【訳あり特価】ジャック ミニバスト(レジン製)/ナイトメアビフォアクリスマス【RCP】【楽天カード分割】【05P03Dec16】,,"<style type=""text/css"">
/*買い物かごに入れるボタン*/
div#rakutenLimitedId_aroundCart input.rCartBtn,
div#rakutenLimitedId_aroundCart input.rCartBtn[type=""submit""] {
width: 316px !important;
height: 91px !important;
cursor: pointer !important;
background: url(""http://image.rakuten.co.jp/ustoy/cabinet/camp/cart-d03.jpg"")no-repeat 0 0 !important;
}

div#rakutenLimitedId_aroundCart input.rCartBtn,
div#rakutenLimitedId_aroundCart input.rCartBtn[type=""submit""]:hover {
background: url(""http://image.rakuten.co.jp/ustoy/cabinet/camp/cart-d03_hover.jpg"")no-repeat 0 0 !important;
}
</style>",【訳あり特価】ジャック ミニバスト(レジン製)/ナイトメアビフォアクリスマス【RCP】【楽天カード分割】【05P03Dec16】：USトイ・バイヤーズネットクラブ,出産祝いスージーズーおさるのジョージカナヘイグレムリンノースフェイスニコフラートスターウォーズナイトメアビフォアクリスマスNubySASSYモンベルコロンビアこびとづかんはらぺこあおむしアドベンチャータイムアウトドア用品通販くまのがっこうサッシー【訳あり特価】ジャック ミニバスト(レジン製)/ナイトメアビフォアクリスマス【RCP】【楽天カード分割】【05P03Dec16】,【訳あり特価】ジャック ミニバスト(レジン製)/ナイトメアビフォアクリスマス【RCP】【楽天カード分割】【05P03Dec16】[rn]
2-65773,http://tshop.r10s.jp/ustoy/cabinet/nbc/nc32284-1.jpg?fitin=700:700,2560.0000,,おもちゃ・ホビー・ゲーム > フィギュア > 映画,【訳あり特価】ジャック ミニバスト(レジン製)/ナイトメアビフォアクリスマス【RCP】【楽天カード分割】【05P03Dec16】,,"<style type=""text/css"">
/*買い物かごに入れるボタン*/
div#rakutenLimitedId_aroundCart input.rCartBtn,
div#rakutenLimitedId_aroundCart input.rCartBtn[type=""submit""] {
width: 316px !important;
height: 91px !important;
cursor: pointer !important;
background: url(""http://image.rakuten.co.jp/ustoy/cabinet/camp/cart-d03.jpg"")no-repeat 0 0 !important;
}

div#rakutenLimitedId_aroundCart input.rCartBtn,
div#rakutenLimitedId_aroundCart input.rCartBtn[type=""submit""]:hover {
background: url(""http://image.rakuten.co.jp/ustoy/cabinet/camp/cart-d03_hover.jpg"")no-repeat 0 0 !important;
}
</style>",【訳あり特価】ジャック ミニバスト(レジン製)/ナイトメアビフォアクリスマス【RCP】【楽天カード分割】【05P03Dec16】：USトイ・バイヤーズネットクラブ,出産祝いスージーズーおさるのジョージカナヘイグレムリンノースフェイスニコフラートスターウォーズナイトメアビフォアクリスマスNubySASSYモンベルコロンビアこびとづかんはらぺこあおむしアドベンチャータイムアウトドア用品通販くまのがっこうサッシー【訳あり特価】ジャック ミニバスト(レジン製)/ナイトメアビフォアクリスマス【RCP】【楽天カード分割】【05P03Dec16】,【訳あり特価】ジャック ミニバスト(レジン製)/ナイトメアビフォアクリスマス【RCP】【楽天カード分割】【05P03Dec16】[rn]
2-65774,http://tshop.r10s.jp/ustoy/cabinet/nbc/junn364.jpg?fitin=700:700,3520.0000,,おもちゃ・ホビー・ゲーム > フィギュア > 映画,【B品特価】オセロジャック コレクションドール/ナイトメアビフォアクリスマス 10th Anniversary Special【RCP】【楽天カード分割】【05P03Dec16】,,"<style type=""text/css"">
/*買い物かごに入れるボタン*/
div#rakutenLimitedId_aroundCart input.rCartBtn,
div#rakutenLimitedId_aroundCart input.rCartBtn[type=""submit""] {
width: 316px !important;
height: 91px !important;
cursor: pointer !important;
background: url(""http://image.rakuten.co.jp/ustoy/cabinet/camp/cart-d03.jpg"")no-repeat 0 0 !important;
}

div#rakutenLimitedId_aroundCart input.rCartBtn,
div#rakutenLimitedId_aroundCart input.rCartBtn[type=""submit""]:hover {
background: url(""http://image.rakuten.co.jp/ustoy/cabinet/camp/cart-d03_hover.jpg"")no-repeat 0 0 !important;
}
</style>",【B品特価】オセロジャック コレクションドール/ナイトメアビフォアクリスマス 10th Anniversary Special【RCP】【楽天カード分割】【05P03Dec16】：USトイ・バイヤーズネットクラブ,出産祝いスージーズーおさるのジョージカナヘイグレムリンノースフェイスニコフラートスターウォーズナイトメアビフォアクリスマスNubySASSYモンベルコロンビアこびとづかんはらぺこあおむしアドベンチャータイムアウトドア用品通販くまのがっこうサッシー【B品特価】オセロジャック コレクションドール/ナイトメアビフォアクリスマス 10th Anniversary Special【RCP】【楽天カード分割】【05P03Dec16】,【B品特価】オセロジャック コレクションドール/ナイトメアビフォアクリスマス 10th Anniversary Special【RCP】【楽天カード分割】【05P03Dec16】[rn]
2-65775,http://tshop.r10s.jp/ustoy/cabinet/nbc/nc32285.jpg?fitin=700:700,2560.0000,,おもちゃ・ホビー・ゲーム > フィギュア > 映画,【B品特価】ナイトメアビフォアクリスマス・2003サリーミニバスト【RCP】【楽天カード分割】【05P03Dec16】,,"<style type=""text/css"">
/*買い物かごに入れるボタン*/
div#rakutenLimitedId_aroundCart input.rCartBtn,
div#rakutenLimitedId_aroundCart input.rCartBtn[type=""submit""] {
width: 316px !important;
height: 91px !important;
cursor: pointer !important;
background: url(""http://image.rakuten.co.jp/ustoy/cabinet/camp/cart-d03.jpg"")no-repeat 0 0 !important;
}

div#rakutenLimitedId_aroundCart input.rCartBtn,
div#rakutenLimitedId_aroundCart input.rCartBtn[type=""submit""]:hover {
background: url(""http://image.rakuten.co.jp/ustoy/cabinet/camp/cart-d03_hover.jpg"")no-repeat 0 0 !important;
}
</style>",【B品特価】ナイトメアビフォアクリスマス・2003サリーミニバスト【RCP】【楽天カード分割】【05P03Dec16】：USトイ・バイヤーズネットクラブ,出産祝いスージーズーおさるのジョージカナヘイグレムリンノースフェイスニコフラートスターウォーズナイトメアビフォアクリスマスNubySASSYモンベルコロンビアこびとづかんはらぺこあおむしアドベンチャータイムアウトドア用品通販くまのがっこうサッシー【B品特価】ナイトメアビフォアクリスマス・2003サリーミニバスト【RCP】【楽天カード分割】【05P03Dec16】,【B品特価】ナイトメアビフォアクリスマス・2003サリーミニバスト【RCP】【楽天カード分割】【05P03Dec16】[rn]
2-65776,http://tshop.r10s.jp/ustoy/cabinet/nbc/nc32335.jpg?fitin=700:700,3080.0000,,おもちゃ・ホビー・ゲーム > フィギュア > 映画,【訳あり特価】ナイトメアビフォアクリスマス・ディナープレートセット【RCP】【楽天カード分割】【05P03Dec16】,,"<style type=""text/css"">
/*買い物かごに入れるボタン*/
div#rakutenLimitedId_aroundCart input.rCartBtn,
div#rakutenLimitedId_aroundCart input.rCartBtn[type=""submit""] {
width: 316px !important;
height: 91px !important;
cursor: pointer !important;
background: url(""http://image.rakuten.co.jp/ustoy/cabinet/camp/cart-d03.jpg"")no-repeat 0 0 !important;
}

div#rakutenLimitedId_aroundCart input.rCartBtn,
div#rakutenLimitedId_aroundCart input.rCartBtn[type=""submit""]:hover {
background: url(""http://image.rakuten.co.jp/ustoy/cabinet/camp/cart-d03_hover.jpg"")no-repeat 0 0 !important;
}
</style>",【訳あり特価】ナイトメアビフォアクリスマス・ディナープレートセット【RCP】【楽天カード分割】【05P03Dec16】：USトイ・バイヤーズネットクラブ,出産祝いスージーズーおさるのジョージカナヘイグレムリンノースフェイスニコフラートスターウォーズナイトメアビフォアクリスマスNubySASSYモンベルコロンビアこびとづかんはらぺこあおむしアドベンチャータイムアウトドア用品通販くまのがっこうサッシー【訳あり特価】ナイトメアビフォアクリスマス・ディナープレートセット【RCP】【楽天カード分割】【05P03Dec16】,【訳あり特価】ナイトメアビフォアクリスマス・ディナープレートセット【RCP】【楽天カード分割】【05P03Dec16】[rn]
2-65777,http://tshop.r10s.jp/ustoy/cabinet/181-20071110-splxczy.jpg?fitin=700:700,3520.0000,,おもちゃ・ホビー・ゲーム > フィギュア > 映画,ナイトメアビフォアクリスマス コレクションドール ジャックと椅子【RCP】【楽天カード分割】【05P03Dec16】,,"<style type=""text/css"">
/*買い物かごに入れるボタン*/
div#rakutenLimitedId_aroundCart input.rCartBtn,
div#rakutenLimitedId_aroundCart input.rCartBtn[type=""submit""] {
width: 316px !important;
height: 91px !important;
cursor: pointer !important;
background: url(""http://image.rakuten.co.jp/ustoy/cabinet/camp/cart-d03.jpg"")no-repeat 0 0 !important;
}

div#rakutenLimitedId_aroundCart input.rCartBtn,
div#rakutenLimitedId_aroundCart input.rCartBtn[type=""submit""]:hover {
background: url(""http://image.rakuten.co.jp/ustoy/cabinet/camp/cart-d03_hover.jpg"")no-repeat 0 0 !important;
}
</style>",ナイトメアビフォアクリスマス コレクションドール ジャックと椅子【RCP】【楽天カード分割】【05P03Dec16】：USトイ・バイヤーズネットクラブ,出産祝いスージーズーおさるのジョージカナヘイグレムリンノースフェイスニコフラートスターウォーズナイトメアビフォアクリスマスNubySASSYモンベルコロンビアこびとづかんはらぺこあおむしアドベンチャータイムアウトドア用品通販くまのがっこうサッシーナイトメアビフォアクリスマス コレクションドール ジャックと椅子【RCP】【楽天カード分割】【05P03Dec16】,ナイトメアビフォアクリスマス コレクションドール ジャックと椅子【RCP】【楽天カード分割】【05P03Dec16】[rn]
2-65778,http://tshop.r10s.jp/ustoy/cabinet/nbc/nc32619-350w.jpg?fitin=700:700,1360.0000,,おもちゃ・ホビー・ゲーム > フィギュア > 映画,【B品特価】ナイトメアビフォアクリスマス ジャック＆サリー ソルト＆ペッパーシェイカー【RCP】【楽天カード分割】【05P03Dec16】,,"<style type=""text/css"">
/*買い物かごに入れるボタン*/
div#rakutenLimitedId_aroundCart input.rCartBtn,
div#rakutenLimitedId_aroundCart input.rCartBtn[type=""submit""] {
width: 316px !important;
height: 91px !important;
cursor: pointer !important;
background: url(""http://image.rakuten.co.jp/ustoy/cabinet/camp/cart-d03.jpg"")no-repeat 0 0 !important;
}

div#rakutenLimitedId_aroundCart input.rCartBtn,
div#rakutenLimitedId_aroundCart input.rCartBtn[type=""submit""]:hover {
background: url(""http://image.rakuten.co.jp/ustoy/cabinet/camp/cart-d03_hover.jpg"")no-repeat 0 0 !important;
}
</style>",【B品特価】ナイトメアビフォアクリスマス ジャック＆サリー ソルト＆ペッパーシェイカー【RCP】【楽天カード分割】【05P03Dec16】：USトイ・バイヤーズネットクラブ,出産祝いスージーズーおさるのジョージカナヘイグレムリンノースフェイスニコフラートスターウォーズナイトメアビフォアクリスマスNubySASSYモンベルコロンビアこびとづかんはらぺこあおむしアドベンチャータイムアウトドア用品通販くまのがっこうサッシー【B品特価】ナイトメアビフォアクリスマス ジャック＆サリー ソルト＆ペッパーシェイカー【RCP】【楽天カード分割】【05P03Dec16】,【B品特価】ナイトメアビフォアクリスマス ジャック＆サリー ソルト＆ペッパーシェイカー【RCP】【楽天カード分割】【05P03Dec16】[rn]
2-65779,http://tshop.r10s.jp/ustoy/cabinet/funko/fun8123.jpg?fitin=700:700,1600.0000,,おもちゃ・ホビー・ゲーム > フィギュア > 映画,ハリウッド・ベティーブープボビングヘッド（ファンコ社ワッキーワブラー）/FUNKO Betty Boop: Super Boop Wacky Wobbler【RCP】【楽天カード分割】【05P03Dec16】,,"<style type=""text/css"">
/*買い物かごに入れるボタン*/
div#rakutenLimitedId_aroundCart input.rCartBtn,
div#rakutenLimitedId_aroundCart input.rCartBtn[type=""submit""] {
width: 316px !important;
height: 91px !important;
cursor: pointer !important;
background: url(""http://image.rakuten.co.jp/ustoy/cabinet/camp/cart-d03.jpg"")no-repeat 0 0 !important;
}

div#rakutenLimitedId_aroundCart input.rCartBtn,
div#rakutenLimitedId_aroundCart input.rCartBtn[type=""submit""]:hover {
background: url(""http://image.rakuten.co.jp/ustoy/cabinet/camp/cart-d03_hover.jpg"")no-repeat 0 0 !important;
}
</style>",ハリウッド・ベティーブープボビングヘッド（ファンコ社ワッキーワブラー）/FUNKO Betty Boop: Super Boop Wacky Wobbler【RCP】【楽天カード分割】【05P03Dec16】：USトイ・バイヤーズネットクラブ,出産祝いスージーズーおさるのジョージカナヘイグレムリンノースフェイスニコフラートスターウォーズナイトメアビフォアクリスマスNubySASSYモンベルコロンビアこびとづかんはらぺこあおむしアドベンチャータイムアウトドア用品通販くまのがっこうサッシーハリウッド・ベティーブープボビングヘッド（ファンコ社ワッキーワブラー）/FUNKO Betty Boop: Super Boop Wacky Wobbler【RCP】【楽天カード分割】【05P03Dec16】,ハリウッド・ベティーブープボビングヘッド（ファンコ社ワッキーワブラー）/FUNKO Betty Boop: Super Boop Wacky Wobbler【RCP】【楽天カード分割】【05P03Dec16】[rn]
2-65780,http://tshop.r10s.jp/ustoy/cabinet/181_753009_626746.jpg?fitin=700:700,3240.0000,,おもちゃ・ホビー・ゲーム > フィギュア > 映画,【訳あり特価】ロック・ショック・バレル トリオスタチュー/ナイトメアビフォアクリスマス【RCP】【楽天カード分割】【05P03Dec16】,,"<style type=""text/css"">
/*買い物かごに入れるボタン*/
div#rakutenLimitedId_aroundCart input.rCartBtn,
div#rakutenLimitedId_aroundCart input.rCartBtn[type=""submit""] {
width: 316px !important;
height: 91px !important;
cursor: pointer !important;
background: url(""http://image.rakuten.co.jp/ustoy/cabinet/camp/cart-d03.jpg"")no-repeat 0 0 !important;
}

div#rakutenLimitedId_aroundCart input.rCartBtn,
div#rakutenLimitedId_aroundCart input.rCartBtn[type=""submit""]:hover {
background: url(""http://image.rakuten.co.jp/ustoy/cabinet/camp/cart-d03_hover.jpg"")no-repeat 0 0 !important;
}
</style>",【訳あり特価】ロック・ショック・バレル トリオスタチュー/ナイトメアビフォアクリスマス【RCP】【楽天カード分割】【05P03Dec16】：USトイ・バイヤーズネットクラブ,出産祝いスージーズーおさるのジョージカナヘイグレムリンノースフェイスニコフラートスターウォーズナイトメアビフォアクリスマスNubySASSYモンベルコロンビアこびとづかんはらぺこあおむしアドベンチャータイムアウトドア用品通販くまのがっこうサッシー【訳あり特価】ロック・ショック・バレル トリオスタチュー/ナイトメアビフォアクリスマス【RCP】【楽天カード分割】【05P03Dec16】,【訳あり特価】ロック・ショック・バレル トリオスタチュー/ナイトメアビフォアクリスマス【RCP】【楽天カード分割】【05P03Dec16】[rn]
2-65781,http://tshop.r10s.jp/ustoy/cabinet/181_899198_807140.jpg?fitin=700:700,2720.0000,,おもちゃ・ホビー・ゲーム > フィギュア > 映画,ナイトメアビフォアクリスマス 9.6インチ・コレクションドール/ジャックと墓場【RCP】【楽天カード分割】【05P03Dec16】,,"<style type=""text/css"">
/*買い物かごに入れるボタン*/
div#rakutenLimitedId_aroundCart input.rCartBtn,
div#rakutenLimitedId_aroundCart input.rCartBtn[type=""submit""] {
width: 316px !important;
height: 91px !important;
cursor: pointer !important;
background: url(""http://image.rakuten.co.jp/ustoy/cabinet/camp/cart-d03.jpg"")no-repeat 0 0 !important;
}

div#rakutenLimitedId_aroundCart input.rCartBtn,
div#rakutenLimitedId_aroundCart input.rCartBtn[type=""submit""]:hover {
background: url(""http://image.rakuten.co.jp/ustoy/cabinet/camp/cart-d03_hover.jpg"")no-repeat 0 0 !important;
}
</style>",ナイトメアビフォアクリスマス 9.6インチ・コレクションドール/ジャックと墓場【RCP】【楽天カード分割】【05P03Dec16】：USトイ・バイヤーズネットクラブ,出産祝いスージーズーおさるのジョージカナヘイグレムリンノースフェイスニコフラートスターウォーズナイトメアビフォアクリスマスNubySASSYモンベルコロンビアこびとづかんはらぺこあおむしアドベンチャータイムアウトドア用品通販くまのがっこうサッシーナイトメアビフォアクリスマス 9.6インチ・コレクションドール/ジャックと墓場【RCP】【楽天カード分割】【05P03Dec16】,ナイトメアビフォアクリスマス 9.6インチ・コレクションドール/ジャックと墓場【RCP】【楽天カード分割】【05P03Dec16】[rn]
2-65782,http://tshop.r10s.jp/ustoy/cabinet/funko/fun8125.jpg?fitin=700:700,1600.0000,,おもちゃ・ホビー・ゲーム > フィギュア > 映画,スーパーベティーブープボビングヘッド（ファンコ社ワッキーワブラー）/FUNKO Betty Boop: Super Boop Wacky Wobbler【RCP】【楽天カード分割】【05P03Dec16】,,"<style type=""text/css"">
/*買い物かごに入れるボタン*/
div#rakutenLimitedId_aroundCart input.rCartBtn,
div#rakutenLimitedId_aroundCart input.rCartBtn[type=""submit""] {
width: 316px !important;
height: 91px !important;
cursor: pointer !important;
background: url(""http://image.rakuten.co.jp/ustoy/cabinet/camp/cart-d03.jpg"")no-repeat 0 0 !important;
}

div#rakutenLimitedId_aroundCart input.rCartBtn,
div#rakutenLimitedId_aroundCart input.rCartBtn[type=""submit""]:hover {
background: url(""http://image.rakuten.co.jp/ustoy/cabinet/camp/cart-d03_hover.jpg"")no-repeat 0 0 !important;
}
</style>",スーパーベティーブープボビングヘッド（ファンコ社ワッキーワブラー）/FUNKO Betty Boop: Super Boop Wacky Wobbler【RCP】【楽天カード分割】【05P03Dec16】：USトイ・バイヤーズネットクラブ,出産祝いスージーズーおさるのジョージカナヘイグレムリンノースフェイスニコフラートスターウォーズナイトメアビフォアクリスマスNubySASSYモンベルコロンビアこびとづかんはらぺこあおむしアドベンチャータイムアウトドア用品通販くまのがっこうサッシースーパーベティーブープボビングヘッド（ファンコ社ワッキーワブラー）/FUNKO Betty Boop: Super Boop Wacky Wobbler【RCP】【楽天カード分割】【05P03Dec16】,スーパーベティーブープボビングヘッド（ファンコ社ワッキーワブラー）/FUNKO Betty Boop: Super Boop Wacky Wobbler【RCP】【楽天カード分割】【05P03Dec16】[rn]
2-65783,http://tshop.r10s.jp/ustoy/cabinet/funko/fun8200.jpg?fitin=700:700,1600.0000,,おもちゃ・ホビー・ゲーム > フィギュア > 映画,エンジェルベティーボビングヘッド（ファンコ社ワッキーワブラー）/FUNKO Betty Boop: Angel Betty Wacky Wobbler【RCP】【楽天カード分割】【05P03Dec16】,,"<style type=""text/css"">
/*買い物かごに入れるボタン*/
div#rakutenLimitedId_aroundCart input.rCartBtn,
div#rakutenLimitedId_aroundCart input.rCartBtn[type=""submit""] {
width: 316px !important;
height: 91px !important;
cursor: pointer !important;
background: url(""http://image.rakuten.co.jp/ustoy/cabinet/camp/cart-d03.jpg"")no-repeat 0 0 !important;
}

div#rakutenLimitedId_aroundCart input.rCartBtn,
div#rakutenLimitedId_aroundCart input.rCartBtn[type=""submit""]:hover {
background: url(""http://image.rakuten.co.jp/ustoy/cabinet/camp/cart-d03_hover.jpg"")no-repeat 0 0 !important;
}
</style>",エンジェルベティーボビングヘッド（ファンコ社ワッキーワブラー）/FUNKO Betty Boop: Angel Betty Wacky Wobbler【RCP】【楽天カード分割】【05P03Dec16】：USトイ・バイヤーズネットクラブ,出産祝いスージーズーおさるのジョージカナヘイグレムリンノースフェイスニコフラートスターウォーズナイトメアビフォアクリスマスNubySASSYモンベルコロンビアこびとづかんはらぺこあおむしアドベンチャータイムアウトドア用品通販くまのがっこうサッシーエンジェルベティーボビングヘッド（ファンコ社ワッキーワブラー）/FUNKO Betty Boop: Angel Betty Wacky Wobbler【RCP】【楽天カード分割】【05P03Dec16】,エンジェルベティーボビングヘッド（ファンコ社ワッキーワブラー）/FUNKO Betty Boop: Angel Betty Wacky Wobbler【RCP】【楽天カード分割】【05P03Dec16】[rn]
2-65784,http://tshop.r10s.jp/ustoy/cabinet/nbc/junn751-1.jpg?fitin=700:700,1920.0000,,おもちゃ・ホビー・ゲーム > フィギュア > 映画,【パッケージダメージ有り】キャラリモ ジャックのスノーモービル/ナイトメアビフォアクリスマス ジュンプランニング社製【RCP】【楽天カード分割】【05P03Dec16】,,"<style type=""text/css"">
/*買い物かごに入れるボタン*/
div#rakutenLimitedId_aroundCart input.rCartBtn,
div#rakutenLimitedId_aroundCart input.rCartBtn[type=""submit""] {
width: 316px !important;
height: 91px !important;
cursor: pointer !important;
background: url(""http://image.rakuten.co.jp/ustoy/cabinet/camp/cart-d03.jpg"")no-repeat 0 0 !important;
}

div#rakutenLimitedId_aroundCart input.rCartBtn,
div#rakutenLimitedId_aroundCart input.rCartBtn[type=""submit""]:hover {
background: url(""http://image.rakuten.co.jp/ustoy/cabinet/camp/cart-d03_hover.jpg"")no-repeat 0 0 !important;
}
</style>",【パッケージダメージ有り】キャラリモ ジャックのスノーモービル/ナイトメアビフォアクリスマス ジュンプランニング社製【RCP】【楽天カード分割】【05P03Dec16】：USトイ・バイヤーズネットクラブ,出産祝いスージーズーおさるのジョージカナヘイグレムリンノースフェイスニコフラートスターウォーズナイトメアビフォアクリスマスNubySASSYモンベルコロンビアこびとづかんはらぺこあおむしアドベンチャータイムアウトドア用品通販くまのがっこうサッシー【パッケージダメージ有り】キャラリモ ジャックのスノーモービル/ナイトメアビフォアクリスマス ジュンプランニング社製【RCP】【楽天カード分割】【05P03Dec16】,【パッケージダメージ有り】キャラリモ ジャックのスノーモービル/ナイトメアビフォアクリスマス ジュンプランニング社製【RCP】【楽天カード分割】【05P03Dec16】[rn]
2-65785,http://tshop.r10s.jp/ustoy/cabinet/funko/fu8245-thum.jpg?fitin=700:700,1600.0000,,おもちゃ・ホビー・ゲーム > フィギュア > 映画,Darth Vader ダースベイダー ボビングヘッド/Star Wars スターウォーズ/Wacky Wobbler（ワッキーワブラー）FUNKO（ファンコ）【RCP】【楽天カード分割】【05P03Dec16】,,"<style type=""text/css"">
/*買い物かごに入れるボタン*/
div#rakutenLimitedId_aroundCart input.rCartBtn,
div#rakutenLimitedId_aroundCart input.rCartBtn[type=""submit""] {
width: 316px !important;
height: 91px !important;
cursor: pointer !important;
background: url(""http://image.rakuten.co.jp/ustoy/cabinet/camp/cart-d03.jpg"")no-repeat 0 0 !important;
}

div#rakutenLimitedId_aroundCart input.rCartBtn,
div#rakutenLimitedId_aroundCart input.rCartBtn[type=""submit""]:hover {
background: url(""http://image.rakuten.co.jp/ustoy/cabinet/camp/cart-d03_hover.jpg"")no-repeat 0 0 !important;
}
</style>",Darth Vader ダースベイダー ボビングヘッド/Star Wars スターウォーズ/Wacky Wobbler（ワッキーワブラー）FUNKO（ファンコ）【RCP】【楽天カード分割】【05P03Dec16】：USトイ・バイヤーズネットクラブ,出産祝いスージーズーおさるのジョージカナヘイグレムリンノースフェイスニコフラートスターウォーズナイトメアビフォアクリスマスNubySASSYモンベルコロンビアこびとづかんはらぺこあおむしアドベンチャータイムアウトドア用品通販くまのがっこうサッシーDarth Vader ダースベイダー ボビングヘッド/Star Wars スターウォーズ/Wacky Wobbler（ワッキーワブラー）FUNKO（ファンコ）【RCP】【楽天カード分割】【05P03Dec16】,Darth Vader ダースベイダー ボビングヘッド/Star Wars スターウォーズ/Wacky Wobbler（ワッキーワブラー）FUNKO（ファンコ）【RCP】【楽天カード分割】【05P03Dec16】[rn]
2-65786,http://tshop.r10s.jp/ustoy/cabinet/181_752491_626644.jpg?fitin=700:700,1120.0000,,おもちゃ・ホビー・ゲーム > フィギュア > 映画,ナイトメアビフォアクリスマス・サリー＆Dr.フィンケルスティン・フィギュアマグ【RCP】【楽天カード分割】【05P03Dec16】,,"<style type=""text/css"">
/*買い物かごに入れるボタン*/
div#rakutenLimitedId_aroundCart input.rCartBtn,
div#rakutenLimitedId_aroundCart input.rCartBtn[type=""submit""] {
width: 316px !important;
height: 91px !important;
cursor: pointer !important;
background: url(""http://image.rakuten.co.jp/ustoy/cabinet/camp/cart-d03.jpg"")no-repeat 0 0 !important;
}

div#rakutenLimitedId_aroundCart input.rCartBtn,
div#rakutenLimitedId_aroundCart input.rCartBtn[type=""submit""]:hover {
background: url(""http://image.rakuten.co.jp/ustoy/cabinet/camp/cart-d03_hover.jpg"")no-repeat 0 0 !important;
}
</style>",ナイトメアビフォアクリスマス・サリー＆Dr.フィンケルスティン・フィギュアマグ【RCP】【楽天カード分割】【05P03Dec16】：USトイ・バイヤーズネットクラブ,出産祝いスージーズーおさるのジョージカナヘイグレムリンノースフェイスニコフラートスターウォーズナイトメアビフォアクリスマスNubySASSYモンベルコロンビアこびとづかんはらぺこあおむしアドベンチャータイムアウトドア用品通販くまのがっこうサッシーナイトメアビフォアクリスマス・サリー＆Dr.フィンケルスティン・フィギュアマグ【RCP】【楽天カード分割】【05P03Dec16】,ナイトメアビフォアクリスマス・サリー＆Dr.フィンケルスティン・フィギュアマグ【RCP】【楽天カード分割】【05P03Dec16】[rn]
2-65787,http://tshop.r10s.jp/ustoy/cabinet/fauntain.jpg?fitin=700:700,3160.0000,,おもちゃ・ホビー・ゲーム > フィギュア > 映画,【訳あり特価】ナイトメアビフォアクリスマス フィギュラルファウンティン【RCP】【楽天カード分割】【05P03Dec16】,,"<style type=""text/css"">
/*買い物かごに入れるボタン*/
div#rakutenLimitedId_aroundCart input.rCartBtn,
div#rakutenLimitedId_aroundCart input.rCartBtn[type=""submit""] {
width: 316px !important;
height: 91px !important;
cursor: pointer !important;
background: url(""http://image.rakuten.co.jp/ustoy/cabinet/camp/cart-d03.jpg"")no-repeat 0 0 !important;
}

div#rakutenLimitedId_aroundCart input.rCartBtn,
div#rakutenLimitedId_aroundCart input.rCartBtn[type=""submit""]:hover {
background: url(""http://image.rakuten.co.jp/ustoy/cabinet/camp/cart-d03_hover.jpg"")no-repeat 0 0 !important;
}
</style>",【訳あり特価】ナイトメアビフォアクリスマス フィギュラルファウンティン【RCP】【楽天カード分割】【05P03Dec16】：USトイ・バイヤーズネットクラブ,出産祝いスージーズーおさるのジョージカナヘイグレムリンノースフェイスニコフラートスターウォーズナイトメアビフォアクリスマスNubySASSYモンベルコロンビアこびとづかんはらぺこあおむしアドベンチャータイムアウトドア用品通販くまのがっこうサッシー【訳あり特価】ナイトメアビフォアクリスマス フィギュラルファウンティン【RCP】【楽天カード分割】【05P03Dec16】,【訳あり特価】ナイトメアビフォアクリスマス フィギュラルファウンティン【RCP】【楽天カード分割】【05P03Dec16】[rn]
2-65788,http://tshop.r10s.jp/ustoy/cabinet/funko/fu8246-thum.jpg?fitin=700:700,1600.0000,,おもちゃ・ホビー・ゲーム > フィギュア > 映画,Clone Trooper クローントルーパー ボビングヘッド/Star Wars スターウォーズ/Wacky Wobbler（ワッキーワブラー）FUNKO（ファンコ）【RCP】【楽天カード分割】【05P03Dec16】,,"<style type=""text/css"">
/*買い物かごに入れるボタン*/
div#rakutenLimitedId_aroundCart input.rCartBtn,
div#rakutenLimitedId_aroundCart input.rCartBtn[type=""submit""] {
width: 316px !important;
height: 91px !important;
cursor: pointer !important;
background: url(""http://image.rakuten.co.jp/ustoy/cabinet/camp/cart-d03.jpg"")no-repeat 0 0 !important;
}

div#rakutenLimitedId_aroundCart input.rCartBtn,
div#rakutenLimitedId_aroundCart input.rCartBtn[type=""submit""]:hover {
background: url(""http://image.rakuten.co.jp/ustoy/cabinet/camp/cart-d03_hover.jpg"")no-repeat 0 0 !important;
}
</style>",Clone Trooper クローントルーパー ボビングヘッド/Star Wars スターウォーズ/Wacky Wobbler（ワッキーワブラー）FUNKO（ファンコ）【RCP】【楽天カード分割】【05P03Dec16】：USトイ・バイヤーズネットクラブ,出産祝いスージーズーおさるのジョージカナヘイグレムリンノースフェイスニコフラートスターウォーズナイトメアビフォアクリスマスNubySASSYモンベルコロンビアこびとづかんはらぺこあおむしアドベンチャータイムアウトドア用品通販くまのがっこうサッシーClone Trooper クローントルーパー ボビングヘッド/Star Wars スターウォーズ/Wacky Wobbler（ワッキーワブラー）FUNKO（ファンコ）【RCP】【楽天カード分割】【05P03Dec16】,Clone Trooper クローントルーパー ボビングヘッド/Star Wars スターウォーズ/Wacky Wobbler（ワッキーワブラー）FUNKO（ファンコ）【RCP】【楽天カード分割】【05P03Dec16】[rn]
2-65789,http://tshop.r10s.jp/ustoy/cabinet/181-20070129-cqk65wa.jpg?fitin=700:700,3120.0000,,おもちゃ・ホビー・ゲーム > フィギュア > 映画,ナイトメアビフォアクリスマス2002 ジャック ヘッドノッカー【RCP】【楽天カード分割】【05P03Dec16】,,"<style type=""text/css"">
/*買い物かごに入れるボタン*/
div#rakutenLimitedId_aroundCart input.rCartBtn,
div#rakutenLimitedId_aroundCart input.rCartBtn[type=""submit""] {
width: 316px !important;
height: 91px !important;
cursor: pointer !important;
background: url(""http://image.rakuten.co.jp/ustoy/cabinet/camp/cart-d03.jpg"")no-repeat 0 0 !important;
}

div#rakutenLimitedId_aroundCart input.rCartBtn,
div#rakutenLimitedId_aroundCart input.rCartBtn[type=""submit""]:hover {
background: url(""http://image.rakuten.co.jp/ustoy/cabinet/camp/cart-d03_hover.jpg"")no-repeat 0 0 !important;
}
</style>",ナイトメアビフォアクリスマス2002 ジャック ヘッドノッカー【RCP】【楽天カード分割】【05P03Dec16】：USトイ・バイヤーズネットクラブ,出産祝いスージーズーおさるのジョージカナヘイグレムリンノースフェイスニコフラートスターウォーズナイトメアビフォアクリスマスNubySASSYモンベルコロンビアこびとづかんはらぺこあおむしアドベンチャータイムアウトドア用品通販くまのがっこうサッシーナイトメアビフォアクリスマス2002 ジャック ヘッドノッカー【RCP】【楽天カード分割】【05P03Dec16】,ナイトメアビフォアクリスマス2002 ジャック ヘッドノッカー【RCP】【楽天カード分割】【05P03Dec16】[rn]
2-65790,http://tshop.r10s.jp/ustoy/cabinet/fauntain.jpg?fitin=700:700,3160.0000,,おもちゃ・ホビー・ゲーム > フィギュア > 映画,【訳あり特価】ナイトメアビフォアクリスマス フィギュラルファウンティン【RCP】【楽天カード分割】【05P03Dec16】,,"<style type=""text/css"">
/*買い物かごに入れるボタン*/
div#rakutenLimitedId_aroundCart input.rCartBtn,
div#rakutenLimitedId_aroundCart input.rCartBtn[type=""submit""] {
width: 316px !important;
height: 91px !important;
cursor: pointer !important;
background: url(""http://image.rakuten.co.jp/ustoy/cabinet/camp/cart-d03.jpg"")no-repeat 0 0 !important;
}

div#rakutenLimitedId_aroundCart input.rCartBtn,
div#rakutenLimitedId_aroundCart input.rCartBtn[type=""submit""]:hover {
background: url(""http://image.rakuten.co.jp/ustoy/cabinet/camp/cart-d03_hover.jpg"")no-repeat 0 0 !important;
}
</style>",【訳あり特価】ナイトメアビフォアクリスマス フィギュラルファウンティン【RCP】【楽天カード分割】【05P03Dec16】：USトイ・バイヤーズネットクラブ,出産祝いスージーズーおさるのジョージカナヘイグレムリンノースフェイスニコフラートスターウォーズナイトメアビフォアクリスマスNubySASSYモンベルコロンビアこびとづかんはらぺこあおむしアドベンチャータイムアウトドア用品通販くまのがっこうサッシー【訳あり特価】ナイトメアビフォアクリスマス フィギュラルファウンティン【RCP】【楽天カード分割】【05P03Dec16】,【訳あり特価】ナイトメアビフォアクリスマス フィギュラルファウンティン【RCP】【楽天カード分割】【05P03Dec16】[rn]
2-65791,http://tshop.r10s.jp/ustoy/cabinet/funko/fu8248-thum.jpg?fitin=700:700,1448.0000,,おもちゃ・ホビー・ゲーム > フィギュア > 映画,Boba Fett ボバ・フェット ボビングヘッド/Star Wars スターウォーズ/Wacky Wobbler（ワッキーワブラー）FUNKO（ファンコ）【RCP】【楽天カード分割】【05P03Dec16】,,"<style type=""text/css"">
/*買い物かごに入れるボタン*/
div#rakutenLimitedId_aroundCart input.rCartBtn,
div#rakutenLimitedId_aroundCart input.rCartBtn[type=""submit""] {
width: 316px !important;
height: 91px !important;
cursor: pointer !important;
background: url(""http://image.rakuten.co.jp/ustoy/cabinet/camp/cart-d03.jpg"")no-repeat 0 0 !important;
}

div#rakutenLimitedId_aroundCart input.rCartBtn,
div#rakutenLimitedId_aroundCart input.rCartBtn[type=""submit""]:hover {
background: url(""http://image.rakuten.co.jp/ustoy/cabinet/camp/cart-d03_hover.jpg"")no-repeat 0 0 !important;
}
</style>",Boba Fett ボバ・フェット ボビングヘッド/Star Wars スターウォーズ/Wacky Wobbler（ワッキーワブラー）FUNKO（ファンコ）【RCP】【楽天カード分割】【05P03Dec16】：USトイ・バイヤーズネットクラブ,出産祝いスージーズーおさるのジョージカナヘイグレムリンノースフェイスニコフラートスターウォーズナイトメアビフォアクリスマスNubySASSYモンベルコロンビアこびとづかんはらぺこあおむしアドベンチャータイムアウトドア用品通販くまのがっこうサッシーBoba Fett ボバ・フェット ボビングヘッド/Star Wars スターウォーズ/Wacky Wobbler（ワッキーワブラー）FUNKO（ファンコ）【RCP】【楽天カード分割】【05P03Dec16】,Boba Fett ボバ・フェット ボビングヘッド/Star Wars スターウォーズ/Wacky Wobbler（ワッキーワブラー）FUNKO（ファンコ）【RCP】【楽天カード分割】【05P03Dec16】[rn]
2-65792,http://tshop.r10s.jp/ustoy/cabinet/181-20070129-cqk65wa.jpg?fitin=700:700,3120.0000,,おもちゃ・ホビー・ゲーム > フィギュア > 映画,【訳あり特価】ナイトメアビフォアクリスマス2002 ジャック ヘッドノッカー【RCP】【楽天カード分割】【05P03Dec16】,,"<style type=""text/css"">
/*買い物かごに入れるボタン*/
div#rakutenLimitedId_aroundCart input.rCartBtn,
div#rakutenLimitedId_aroundCart input.rCartBtn[type=""submit""] {
width: 316px !important;
height: 91px !important;
cursor: pointer !important;
background: url(""http://image.rakuten.co.jp/ustoy/cabinet/camp/cart-d03.jpg"")no-repeat 0 0 !important;
}

div#rakutenLimitedId_aroundCart input.rCartBtn,
div#rakutenLimitedId_aroundCart input.rCartBtn[type=""submit""]:hover {
background: url(""http://image.rakuten.co.jp/ustoy/cabinet/camp/cart-d03_hover.jpg"")no-repeat 0 0 !important;
}
</style>",【訳あり特価】ナイトメアビフォアクリスマス2002 ジャック ヘッドノッカー【RCP】【楽天カード分割】【05P03Dec16】：USトイ・バイヤーズネットクラブ,出産祝いスージーズーおさるのジョージカナヘイグレムリンノースフェイスニコフラートスターウォーズナイトメアビフォアクリスマスNubySASSYモンベルコロンビアこびとづかんはらぺこあおむしアドベンチャータイムアウトドア用品通販くまのがっこうサッシー【訳あり特価】ナイトメアビフォアクリスマス2002 ジャック ヘッドノッカー【RCP】【楽天カード分割】【05P03Dec16】,【訳あり特価】ナイトメアビフォアクリスマス2002 ジャック ヘッドノッカー【RCP】【楽天カード分割】【05P03Dec16】[rn]
2-65793,http://tshop.r10s.jp/ustoy/cabinet/181_755405_626736.jpg?fitin=700:700,27360.0000,,おもちゃ・ホビー・ゲーム > フィギュア > 映画,ナイトメアビフォアクリスマス・アクションフィギュア18アソートボックス【RCP】【楽天カード分割】【05P03Dec16】,,"<style type=""text/css"">
/*買い物かごに入れるボタン*/
div#rakutenLimitedId_aroundCart input.rCartBtn,
div#rakutenLimitedId_aroundCart input.rCartBtn[type=""submit""] {
width: 316px !important;
height: 91px !important;
cursor: pointer !important;
background: url(""http://image.rakuten.co.jp/ustoy/cabinet/camp/cart-d03.jpg"")no-repeat 0 0 !important;
}

div#rakutenLimitedId_aroundCart input.rCartBtn,
div#rakutenLimitedId_aroundCart input.rCartBtn[type=""submit""]:hover {
background: url(""http://image.rakuten.co.jp/ustoy/cabinet/camp/cart-d03_hover.jpg"")no-repeat 0 0 !important;
}
</style>",ナイトメアビフォアクリスマス・アクションフィギュア18アソートボックス【RCP】【楽天カード分割】【05P03Dec16】：USトイ・バイヤーズネットクラブ,出産祝いスージーズーおさるのジョージカナヘイグレムリンノースフェイスニコフラートスターウォーズナイトメアビフォアクリスマスNubySASSYモンベルコロンビアこびとづかんはらぺこあおむしアドベンチャータイムアウトドア用品通販くまのがっこうサッシーナイトメアビフォアクリスマス・アクションフィギュア18アソートボックス【RCP】【楽天カード分割】【05P03Dec16】,ナイトメアビフォアクリスマス・アクションフィギュア18アソートボックス【RCP】【楽天カード分割】【05P03Dec16】[rn]
2-65794,http://tshop.r10s.jp/ustoy/cabinet/funko/fu8249-thum.jpg?fitin=700:700,1600.0000,,おもちゃ・ホビー・ゲーム > フィギュア > 映画,Yoda ヨーダ ボビングヘッド/Star Wars スターウォーズ/Wacky Wobbler（ワッキーワブラー）FUNKO（ファンコ）【RCP】【楽天カード分割】【05P03Dec16】,,"<style type=""text/css"">
/*買い物かごに入れるボタン*/
div#rakutenLimitedId_aroundCart input.rCartBtn,
div#rakutenLimitedId_aroundCart input.rCartBtn[type=""submit""] {
width: 316px !important;
height: 91px !important;
cursor: pointer !important;
background: url(""http://image.rakuten.co.jp/ustoy/cabinet/camp/cart-d03.jpg"")no-repeat 0 0 !important;
}

div#rakutenLimitedId_aroundCart input.rCartBtn,
div#rakutenLimitedId_aroundCart input.rCartBtn[type=""submit""]:hover {
background: url(""http://image.rakuten.co.jp/ustoy/cabinet/camp/cart-d03_hover.jpg"")no-repeat 0 0 !important;
}
</style>",Yoda ヨーダ ボビングヘッド/Star Wars スターウォーズ/Wacky Wobbler（ワッキーワブラー）FUNKO（ファンコ）【RCP】【楽天カード分割】【05P03Dec16】：USトイ・バイヤーズネットクラブ,出産祝いスージーズーおさるのジョージカナヘイグレムリンノースフェイスニコフラートスターウォーズナイトメアビフォアクリスマスNubySASSYモンベルコロンビアこびとづかんはらぺこあおむしアドベンチャータイムアウトドア用品通販くまのがっこうサッシーYoda ヨーダ ボビングヘッド/Star Wars スターウォーズ/Wacky Wobbler（ワッキーワブラー）FUNKO（ファンコ）【RCP】【楽天カード分割】【05P03Dec16】,Yoda ヨーダ ボビングヘッド/Star Wars スターウォーズ/Wacky Wobbler（ワッキーワブラー）FUNKO（ファンコ）【RCP】【楽天カード分割】【05P03Dec16】[rn]
2-65795,http://tshop.r10s.jp/dtc/cabinet/20170126n7/4549660128410.jpg?fitin=700:700,8624.0000,,おもちゃ・ホビー・ゲーム > フィギュア > アニメ・コミック,BANDAI AGP セイバー/アルトリア・ペンドラゴン & 変幻せし「約束された勝利の剣」（ヴァリアブルエクスカリバー）,,"<table width=""710""><tr><td><!-- おトクなセール＆キャンペーン情報あるいは新着情報 --><div style=""width: 706px; border: 2px solid #F90;""></div></td></tr></table><br><table border=""0"" cellpadding=""0"" cellspacing=""0"" width=""710"" style=""line-height:140%;""><tr><td><font size=""2"">人気ヒロインキャラクター達が新規開発されたAGPスーツを身に纏い商品化される新たなシリーズがスタート。<br>第一弾は大人気ソーシャルゲーム『Fate/Grand Order』より「セイバー/アルトリア・ペンドラゴン」が登場。<br><br>●Fate/Grand Order の進化をＡＧＰギミックにより、再現！<br>AGPのこれまでに培ったオンナノコにメカを纏わせる技術により、霊基再臨による進化をイメージさせるギミックを搭載。<br><br>●AGPオリジナルギミック 変幻せし「約束された勝利の剣」（ヴァリアブルエクスカリバー）<br>マント型アーマーは、分解、変形し、エクスカリバーを覆う事で、大剣に変化。<br>さらに、セイバーが纏っている鎧を大剣に組み込むことで、より大きなエクスカリバーに進化させる事が可能。<br><br>・新規に開発されたＡＧＰスーツ<br>ボディちゃんをベースにさらに改良を加えられたスーツのボディにはそれぞれＡ、Ｇ、Ｐの文字がデザインされている。<br>※AGPスーツデザイン：As'まりあ氏<br><br>・多彩なオプションパーツ<br>エクスカリバーをはじめとした多彩なオプションパーツが付属。<br>交換用表情パーツは3種付属し、インビジブルエアのエクスカリバーや、王冠、台座一式も付属する。<br><br>■商品仕様<br>全高：約140mm<br>材質：ABS、PVC<br><br>■セット内容<br>・本体<br>・交換用表情パーツ3種<br>・エクスカリバー<br>・エクスカリバー（クリア版）<br>・交換用手首左右各3種<br>・組手首1種<br>・王冠<br>・肩アーマー<br>・胸アーマー<br>・腕アーマー左右<br>・前垂れ<br>・スカート<br>・マント固定用パーツ左右各2種<br>・腰アーマー×2<br>・剣用柄パーツ<br>・剣用刃パーツ×2<br>・剣先用パーツ×2<br>・剣用クリップ<br>・魂STAGE×2<br>・支柱×2<br><br>※掲載の写真は実際の商品とは多少異なる場合があります。<br>※商品の塗装は彩色行程が手作業になるため、商品個々に多少の差異があります。<br>※パッケージは商品本体の保護材ですので、本体に影響を及ぼすような破損を除き、交換・返品対応対象外となります。あらかじめご了承ください。<br>※商品本体の破損や部品不足等の初期不良品等につきましては、まずは商品に記載されていますメーカーのサポートセンターにお問合せをお願いします。商品にメーカーサポートセンターの記載が無い場合は、当店にご連絡をお願いします。<br></font></td></tr></table><!--

-->


<div style=""width:710px; height:180px;  margin:0; overflow:hidden;"">

</div>

<!--
<div style=""width: 700px; margin: 0 5px;"">
<img src=""http://www.rakuten.ne.jp/gold/dtc/frame/images/syouhinsetumei2.gif"" width=""700"" height=""30"">
</div>

<div style=""width:710px; height:220px;  margin:0 0 20px; overflow:hidden;"">

</div>
-->",BANDAI AGP セイバー/アルトリア・ペンドラゴン &amp; 変幻せし「約束された勝利の剣」（ヴァリアブルエクスカリバー）：ソフマップ楽天市場店,ソフマップSofmapパソコンタブレットPCHDDアセンブリパーツパソコンパーツテレビゲームブルーレイソフトDVDソフト液晶テレビブルーレイディスクレコーダーデジタル一眼レフカメラデジタルカメラ家電時計中古アウトレットiPadiPhoneBANDAI AGP セイバー/アルトリア・ペンドラゴン &amp; 変幻せし「約束された勝利の剣」（ヴァリアブルエクスカリバー）,BANDAI AGP セイバー/アルトリア・ペンドラゴン &amp; 変幻せし「約束された勝利の剣」（ヴァリアブルエクスカリバー）[rn]
2-65796,http://tshop.r10s.jp/dtc/cabinet/20150815r/4560228204087.jpg?fitin=700:700,8112.0000,,おもちゃ・ホビー・ゲーム > フィギュア > アニメ・コミック,アルターFate/stay night ヒロインX 1/7 PVC製塗装済完成品【再販】[振込不可],,"<table width=""710""><tr><td><!-- おトクなセール＆キャンペーン情報あるいは新着情報 --><div style=""width: 706px; border: 2px solid #F90;""></div></td></tr></table><br><table border=""0"" cellpadding=""0"" cellspacing=""0"" width=""710"" style=""line-height:140%;""><tr><td><font size=""2"">『Fate/stay night』より、セイバー系ヒロインを倒すべく現れた謎の覆面ヒロイン“ヒロインX”が再販決定！<br>エクスカリバーを手に颯爽と立つ姿を立体化しました。<br>青いマフラーと髪をなびかせ、仁王立ちする姿は落ち着いた雰囲気の中にも、力強さと研ぎ澄まされた緊張感が漂います。ジャージの柔らかな質感や、ズボンから覗く健康的な素肌が魅力的な仕上がり。エクスカリバーやブーツ等も丁寧に造形しました。<br>マフラーで口元を隠した姿も再現可能！お好みに合わせてお楽しみください。<br><br>■原型：竜崎 理<br>■原型協力：アルター<br>■彩色：鉄森 七方<br>■全高：約230mm（マフラー含む）<br>■専用ベース付属<br><br>※こちらの商品は再生産品になります。<br>※掲載の写真は実際の商品とは多少異なる場合があります。<br>※商品の塗装は彩色行程が手作業になるため、商品個々に多少の差異があります。<br>※パッケージは商品本体の保護材ですので、本体に影響を及ぼすような破損を除き、交換・返品対応対象外となります。あらかじめご了承ください。<br>※商品本体の破損や部品不足等の初期不良品等につきましては、まずは商品に記載されていますメーカーのサポートセンターにお問合せをお願いします。商品にメーカーサポートセンターの記載が無い場合は、当店にご連絡をお願いします。<br></font></td></tr></table><!--

-->


<div style=""width:710px; height:180px;  margin:0; overflow:hidden;"">

</div>

<!--
<div style=""width: 700px; margin: 0 5px;"">
<img src=""http://www.rakuten.ne.jp/gold/dtc/frame/images/syouhinsetumei2.gif"" width=""700"" height=""30"">
</div>

<div style=""width:710px; height:220px;  margin:0 0 20px; overflow:hidden;"">

</div>
-->",アルターFate/stay night ヒロインX 1/7 PVC製塗装済完成品【再販】[振込不可]：ソフマップ楽天市場店,ソフマップSofmapパソコンタブレットPCHDDアセンブリパーツパソコンパーツテレビゲームブルーレイソフトDVDソフト液晶テレビブルーレイディスクレコーダーデジタル一眼レフカメラデジタルカメラ家電時計中古アウトレットiPadiPhoneアルターFate/stay night ヒロインX 1/7 PVC製塗装済完成品【再販】[振込不可],アルターFate/stay night ヒロインX 1/7 PVC製塗装済完成品【再販】[振込不可][rn]
2-65797,http://tshop.r10s.jp/dtc/cabinet/20170207n26/4549660112808.jpg?fitin=700:700,4064.0000,,おもちゃ・ホビー・ゲーム > フィギュア > アニメ・コミック,BANDAI D.D.PANORAMATION 人馬宮に託す意志-サジタリアスアイオロス-（聖闘士星矢） [振込不可],,"<table width=""710""><tr><td><!-- おトクなセール＆キャンペーン情報あるいは新着情報 --><div style=""width: 706px; border: 2px solid #F90;""></div></td></tr></table><br><table border=""0"" cellpadding=""0"" cellspacing=""0"" width=""710"" style=""line-height:140%;""><tr><td><font size=""2"">弓矢、星矢ヘッドなど豊富なオプションに加え、人馬宮の“託されし意志の壁面”や、シュラとの激闘シーンの再現に必要な 赤ちゃんアテナなどが付属。<br>D.D.PANORAMATION『聖闘士星矢』シリーズで集めることで、劇中の印象的なシーンを再現可能。<br><br>・付属の星矢ヘッドを使用することで、「サジタリアス星矢」（マスクあり、なし）も再現可能。<br>　表情パーツも叫び顔と弓構え顔の合計2種付属。<br>・「託されし意志の壁面」は通常時と矢で壁が割れてメッセージが出てきたときの2パターンを、表裏で再現可能。<br>・付属の「赤ちゃんアテナ」で今後発売予定のカプリコーンシュラとの黄金十二宮編、はじまりの戦いを再現。<br><br>■商品仕様<br>全高：約100mm（フィギュア本体）<br>材質：ABS、PVC<br><br>■セット内容<br>・フィギュア本体<br>・交換用表情パーツ2種<br>・マスク非装着用前髪<br>・交換用手首左右各2種<br>・星矢ヘッド一式<br>・星矢交換用表情パーツ<br>・星矢マスク非装着用前髪<br>・弓矢パーツ一式<br>・赤ちゃんアテナ2種<br>・人馬宮の門<br>・託されし意志の壁面<br>・大台座<br>・小台座<br>・階段<br>・ストラクチャーパーツ一式（ランナー組み立て式）<br><br>※掲載の写真は実際の商品とは多少異なる場合があります。<br>※商品の塗装は彩色行程が手作業になるため、商品個々に多少の差異があります。<br>※パッケージは商品本体の保護材ですので、本体に影響を及ぼすような破損を除き、交換・返品対応対象外となります。あらかじめご了承ください。<br>※商品本体の破損や部品不足等の初期不良品等につきましては、まずは商品に記載されていますメーカーのサポートセンターにお問合せをお願いします。商品にメーカーサポートセンターの記載が無い場合は、当店にご連絡をお願いします。<br><br><br></font></td></tr></table><!--

-->


<div style=""width:710px; height:180px;  margin:0; overflow:hidden;"">

</div>

<!--
<div style=""width: 700px; margin: 0 5px;"">
<img src=""http://www.rakuten.ne.jp/gold/dtc/frame/images/syouhinsetumei2.gif"" width=""700"" height=""30"">
</div>

<div style=""width:710px; height:220px;  margin:0 0 20px; overflow:hidden;"">

</div>
-->",BANDAI D.D.PANORAMATION 人馬宮に託す意志-サジタリアスアイオロス-（聖闘士星矢） [振込不可]：ソフマップ楽天市場店,ソフマップSofmapパソコンタブレットPCHDDアセンブリパーツパソコンパーツテレビゲームブルーレイソフトDVDソフト液晶テレビブルーレイディスクレコーダーデジタル一眼レフカメラデジタルカメラ家電時計中古アウトレットiPadiPhoneBANDAI D.D.PANORAMATION 人馬宮に託す意志-サジタリアスアイオロス-（聖闘士星矢） [振込不可],BANDAI D.D.PANORAMATION 人馬宮に託す意志-サジタリアスアイオロス-（聖闘士星矢） [振込不可][rn]
2-65798,http://tshop.r10s.jp/dtc/cabinet/20170207n3/4549660040927.jpg?fitin=700:700,3184.0000,,おもちゃ・ホビー・ゲーム > フィギュア > アニメ・コミック,BANDAI S.H.Figuarts 峰不二子（ルパン三世）(C)モンキー・パンチ／TMS・NTV [振込不可],,"<table width=""710""><tr><td><!-- おトクなセール＆キャンペーン情報あるいは新着情報 --><div style=""width: 706px; border: 2px solid #F90;""></div></td></tr></table><br><table border=""0"" cellpadding=""0"" cellspacing=""0"" width=""710"" style=""line-height:140%;""><tr><td><font size=""2"">スムーズな関節可動でしなやかなポージングが可能。<br>不二子の魅力的なボディラインを崩すことなく再現。<br>ルパンを魅了する表情パーツ計3種が付属。<br><br><br>■商品仕様<br>全高：約140mm<br>材質：ABS、PVC製<br><br>■セット内容<br>・本体<br>・交換用表情パーツ2種<br>・交換用手首左右各2種<br>・ハンドガン<br><br>※掲載の写真は実際の商品とは多少異なる場合があります。<br>※商品の塗装は彩色行程が手作業になるため、商品個々に多少の差異があります。<br>※パッケージは商品本体の保護材ですので、本体に影響を及ぼすような破損を除き、交換・返品対応対象外となります。あらかじめご了承ください。<br>※商品本体の破損や部品不足等の初期不良品等につきましては、まずは商品に記載されていますメーカーのサポートセンターにお問合せをお願いします。商品にメーカーサポートセンターの記載が無い場合は、当店にご連絡をお願いします。<br><br><br></font></td></tr></table><!--

-->


<div style=""width:710px; height:180px;  margin:0; overflow:hidden;"">

</div>

<!--
<div style=""width: 700px; margin: 0 5px;"">
<img src=""http://www.rakuten.ne.jp/gold/dtc/frame/images/syouhinsetumei2.gif"" width=""700"" height=""30"">
</div>

<div style=""width:710px; height:220px;  margin:0 0 20px; overflow:hidden;"">

</div>
-->",BANDAI S.H.Figuarts 峰不二子（ルパン三世）(C)モンキー・パンチ／TMS・NTV [振込不可]：ソフマップ楽天市場店,ソフマップSofmapパソコンタブレットPCHDDアセンブリパーツパソコンパーツテレビゲームブルーレイソフトDVDソフト液晶テレビブルーレイディスクレコーダーデジタル一眼レフカメラデジタルカメラ家電時計中古アウトレットiPadiPhoneBANDAI S.H.Figuarts 峰不二子（ルパン三世）(C)モンキー・パンチ／TMS・NTV [振込不可],BANDAI S.H.Figuarts 峰不二子（ルパン三世）(C)モンキー・パンチ／TMS・NTV [振込不可][rn]
2-65799,http://tshop.r10s.jp/dtc/cabinet/20170126n7/4549660094586.jpg?fitin=700:700,3504.0000,,おもちゃ・ホビー・ゲーム > フィギュア > アニメ・コミック,BANDAI S.H.Figuarts コンバット・アサルト・タンク・コマンダー（STAR WARS）,,"<table width=""710""><tr><td><!-- おトクなセール＆キャンペーン情報あるいは新着情報 --><div style=""width: 706px; border: 2px solid #F90;""></div></td></tr></table><br><table border=""0"" cellpadding=""0"" cellspacing=""0"" width=""710"" style=""line-height:140%;""><tr><td><font size=""2"">造形をくずすことなく配置された可動により、可動と造形美を両立。<br><br>■商品仕様<br>全高：約150mm<br>材質：ABS、PVC<br><br>■セット内容<br>・本体<br>・交換用手首左右各2種<br>・ブラスター<br><br>※掲載の写真は実際の商品とは多少異なる場合があります。<br>※商品の塗装は彩色行程が手作業になるため、商品個々に多少の差異があります。<br>※パッケージは商品本体の保護材ですので、本体に影響を及ぼすような破損を除き、交換・返品対応対象外となります。あらかじめご了承ください。<br>※商品本体の破損や部品不足等の初期不良品等につきましては、まずは商品に記載されていますメーカーのサポートセンターにお問合せをお願いします。商品にメーカーサポートセンターの記載が無い場合は、当店にご連絡をお願いします。<br><br><br><br></font></td></tr></table><!--

-->


<div style=""width:710px; height:180px;  margin:0; overflow:hidden;"">

</div>

<!--
<div style=""width: 700px; margin: 0 5px;"">
<img src=""http://www.rakuten.ne.jp/gold/dtc/frame/images/syouhinsetumei2.gif"" width=""700"" height=""30"">
</div>

<div style=""width:710px; height:220px;  margin:0 0 20px; overflow:hidden;"">

</div>
-->",BANDAI S.H.Figuarts コンバット・アサルト・タンク・コマンダー（STAR WARS）：ソフマップ楽天市場店,ソフマップSofmapパソコンタブレットPCHDDアセンブリパーツパソコンパーツテレビゲームブルーレイソフトDVDソフト液晶テレビブルーレイディスクレコーダーデジタル一眼レフカメラデジタルカメラ家電時計中古アウトレットiPadiPhoneBANDAI S.H.Figuarts コンバット・アサルト・タンク・コマンダー（STAR WARS）,BANDAI S.H.Figuarts コンバット・アサルト・タンク・コマンダー（STAR WARS）[rn]
2-65800,http://tshop.r10s.jp/dtc/cabinet/20160620a/4545784064443.jpg?fitin=700:700,6376.0000,,おもちゃ・ホビー・ゲーム > フィギュア > アニメ・コミック,マックスファクトリー figma アーチャー/ギルガメッシュ(Fate/Grand Order),,"<table width=""710""><tr><td><!-- おトクなセール＆キャンペーン情報あるいは新着情報 --><div style=""width: 706px; border: 2px solid #F90;""></div></td></tr></table><br><table border=""0"" cellpadding=""0"" cellspacing=""0"" width=""710"" style=""line-height:140%;""><tr><td><font size=""2"">大人気スマホゲーム 『Fate/Grand Order』より、人類最古の英雄王「ギルガメッシュ」が“figma No.300”として登場！<br><br>・スムーズ且つキチッと決まるfigmaオリジナル関節パーツで、あらゆるシーンを再現。<br>・表情は不敵な「嘲笑顔」や怪訝な「不機嫌顔」、怒りに満ちた「叫び顔」をご用意いたしました。<br>・腕組み用の「交換用腕部」や束縛用に使用する「天の鎖」、切り札の「乖離剣」をご用意。<br>・更には、霊基再臨の三段階目の姿を再現した「交換用上半身」や「交換用頭部」もお付けしました。<br>・さまざまなシーンを可能にする可動支柱付きのfigma専用台座が同梱。<br><br>■仕様：ABS&PVC 塗装済み可動フィギュア・ノンスケール・専用台座付属・全高：約160mm<br>■原型制作：マックスファクトリー<br>■制作協力：浅井真紀<br><br>※掲載の写真は実際の商品とは多少異なる場合があります。<br>※商品の塗装は彩色行程が手作業になるため、商品個々に多少の差異があります。<br>※パッケージは商品本体の保護材ですので、本体に影響を及ぼすような破損を除き、交換・返品対応対象外となります。あらかじめご了承ください。<br>※商品本体の破損や部品不足等の初期不良品等につきましては、まずは商品に記載されていますメーカーのサポートセンターにお問合せをお願いします。商品にメーカーサポートセンターの記載が無い場合は、当店にご連絡をお願いします。<br><br><br></font></td></tr></table><!--

-->


<div style=""width:710px; height:180px;  margin:0; overflow:hidden;"">

</div>

<!--
<div style=""width: 700px; margin: 0 5px;"">
<img src=""http://www.rakuten.ne.jp/gold/dtc/frame/images/syouhinsetumei2.gif"" width=""700"" height=""30"">
</div>

<div style=""width:710px; height:220px;  margin:0 0 20px; overflow:hidden;"">

</div>
-->",マックスファクトリー figma アーチャー/ギルガメッシュ(Fate/Grand Order)：ソフマップ楽天市場店,ソフマップSofmapパソコンタブレットPCHDDアセンブリパーツパソコンパーツテレビゲームブルーレイソフトDVDソフト液晶テレビブルーレイディスクレコーダーデジタル一眼レフカメラデジタルカメラ家電時計中古アウトレットiPadiPhoneマックスファクトリー figma アーチャー/ギルガメッシュ(Fate/Grand Order),マックスファクトリー figma アーチャー/ギルガメッシュ(Fate/Grand Order)[rn]
2-65801,http://tshop.r10s.jp/dtc/cabinet/20170207n27/4582119986704.jpg?fitin=700:700,6384.0000,,おもちゃ・ホビー・ゲーム > フィギュア > アニメ・コミック,アゾンインターナショナル Lil'Fairy ～ちいさなサンタさん～/エルノ ドール,,"<table width=""710""><tr><td><!-- おトクなセール＆キャンペーン情報あるいは新着情報 --><div style=""width: 706px; border: 2px solid #F90;""></div></td></tr></table><br><table border=""0"" cellpadding=""0"" cellspacing=""0"" width=""710"" style=""line-height:140%;""><tr><td><font size=""2"">「メリークリスマス、ようこそプリミューレ妖精協会へ。私はあなた様と妖精たちをつなぐ役割を担っております執事のヴィスマルクと申します。わが協会には、あなた様の身の回りのお手伝いをさせていただく、たくさんのLil'fairy(小さな妖精)たちが所属しております。さて、この時期になりますと協会内ではサンタ役を決め、ご登録者様たちへ感謝をこめてプレゼントを贈るという風習がございます。『お掃除の妖精』からはエルノが抜擢されて準備に大忙しのようです。それでは、聖夜まで楽しみにお待ちくださいませ。」 プリミューレ妖精協会 執事 ヴィスマルク<br><br>■マスクデザイン：ミナ　■髪色：ホーリーブロンド　■瞳色：イノセントブルー　■素体：1/12 ピコニーモDボディ 白肌 ※企画協力・原型製作：澤田工房　<br>■セット内容：コート、ワンピース、ドロワーズ、ソックス、ブーツ、袋、ハンドパーツ5種(本体装着分含む)<br><br>※掲載の写真は実際の商品とは多少異なる場合があります。<br>※商品の彩色、植毛、衣装の縫製等は手作業になるため、商品個々に多少の差異があります。<br>※パッケージは商品本体の保護材ですので、本体に影響を及ぼすような破損を除き、交換・返品対応対象外となります。あらかじめご了承ください。<br>※商品本体の破損や部品不足等の初期不良品等につきましては、まずは商品に記載されていますメーカーのサポートセンターにお問合せをお願いします。商品にメーカーサポートセンターの記載が無い場合は、当店にご連絡をお願いします。<br><br>※ホビー系予約商品はメーカー様や問屋様の都合によりごく稀に入荷数量が削減されることがございます。<br>その為、ご予約のお申し込みをいただいておりましてもご提供できない、または数量を減らさせていただくことがございます。<br>その際はメールにてご連絡を差し上げますが、何卒ご了承くださいますようお願いいたします。<br>なお、既にご入金頂いていた場合などは、もちろんご返金の対応をさせていただきます。<br>※発売日以降、入荷次第の発送となります。<br></font></td></tr></table><!--

-->


<div style=""width:710px; height:180px;  margin:0; overflow:hidden;"">

</div>

<!--
<div style=""width: 700px; margin: 0 5px;"">
<img src=""http://www.rakuten.ne.jp/gold/dtc/frame/images/syouhinsetumei2.gif"" width=""700"" height=""30"">
</div>

<div style=""width:710px; height:220px;  margin:0 0 20px; overflow:hidden;"">

</div>
-->",アゾンインターナショナル Lil'Fairy ～ちいさなサンタさん～/エルノ ドール：ソフマップ楽天市場店,ソフマップSofmapパソコンタブレットPCHDDアセンブリパーツパソコンパーツテレビゲームブルーレイソフトDVDソフト液晶テレビブルーレイディスクレコーダーデジタル一眼レフカメラデジタルカメラ家電時計中古アウトレットiPadiPhoneアゾンインターナショナル Lil'Fairy ～ちいさなサンタさん～/エルノ ドール,アゾンインターナショナル Lil'Fairy ～ちいさなサンタさん～/エルノ ドール[rn]
2-65802,http://tshop.r10s.jp/dtc/cabinet/20170207n27/4582119987428.jpg?fitin=700:700,5184.0000,,おもちゃ・ホビー・ゲーム > フィギュア > アニメ・コミック,アゾンインターナショナル 1/12 アサルトリリィシリーズ 028 カスタムリリィ TYPE-F ピンク ドール,,"<table width=""710""><tr><td><!-- おトクなセール＆キャンペーン情報あるいは新着情報 --><div style=""width: 706px; border: 2px solid #F90;""></div></td></tr></table><br><table border=""0"" cellpadding=""0"" cellspacing=""0"" width=""710"" style=""line-height:140%;""><tr><td><font size=""2"">パーツの組み合わせで自分だけのキャラクター作成を楽しめる、人気シリーズ待望の新作登場！ 新作TYPE-Fでは、艶っぽい光をたたえた目元が印象的な3種の表情に、サイドポニーの頭部と目の隠れ方が違う前髪2種をセット。また TYPE-A・C用のテールパーツも付属。既発売のシリーズと組み合わせる楽しさもさらに広がり、貴方だけのリリィをより自由にカスタマイズできます☆<br><br>■サイズ：１/12スケール（全高約15cm）　■頭部：新規造形PVCヘッド　■素体：ピコニーモＳ関節強化版（白肌） ※ボディ原型製作：澤田工房<br>■衣装：TYPE-F用制服、ローファー　■付属品：表情パーツ4種（無彩色含む）、ハンドパーツ（PVC製）5種、前髪パーツ2種、後髪パーツ1種、テールパーツ1種（左右セット）※本体分含む、TYPE-A用テールパーツ1種、TYPE-C用テールパーツ1種（左右セット）<br>●ヘッド原型：遠那かんし（りゅんりゅん亭）　●キャラクターデザイン：細居美恵子（松風工房）　●アイペイント：あど。（cbcd.）<br><br>※掲載の写真は実際の商品とは多少異なる場合があります。<br>※商品の彩色、衣装の縫製等は手作業になるため、商品個々に多少の差異があります。<br>※パッケージは商品本体の保護材ですので、本体に影響を及ぼすような破損を除き、交換・返品対応対象外となります。あらかじめご了承ください。<br>※商品本体の破損や部品不足等の初期不良品等につきましては、まずは商品に記載されていますメーカーのサポートセンターにお問合せをお願いします。商品にメーカーサポートセンターの記載が無い場合は、当店にご連絡をお願いします。<br><br><br></font></td></tr></table><!--

-->


<div style=""width:710px; height:180px;  margin:0; overflow:hidden;"">

</div>

<!--
<div style=""width: 700px; margin: 0 5px;"">
<img src=""http://www.rakuten.ne.jp/gold/dtc/frame/images/syouhinsetumei2.gif"" width=""700"" height=""30"">
</div>

<div style=""width:710px; height:220px;  margin:0 0 20px; overflow:hidden;"">

</div>
-->",アゾンインターナショナル 1/12 アサルトリリィシリーズ 028 カスタムリリィ TYPE-F ピンク ドール：ソフマップ楽天市場店,ソフマップSofmapパソコンタブレットPCHDDアセンブリパーツパソコンパーツテレビゲームブルーレイソフトDVDソフト液晶テレビブルーレイディスクレコーダーデジタル一眼レフカメラデジタルカメラ家電時計中古アウトレットiPadiPhoneアゾンインターナショナル 1/12 アサルトリリィシリーズ 028 カスタムリリィ TYPE-F ピンク ドール,アゾンインターナショナル 1/12 アサルトリリィシリーズ 028 カスタムリリィ TYPE-F ピンク ドール[rn]
2-65803,http://tshop.r10s.jp/dtc/cabinet/20170207n27/4582119983925.jpg?fitin=700:700,6704.0000,,おもちゃ・ホビー・ゲーム > フィギュア > アニメ・コミック,アゾンインターナショナル 1/12 アサルトリリィシリーズ 021 アサルトリリィ 一柳 梨璃(ひとつやなぎ りり) version 2.0 [振込不可],,"<table width=""710""><tr><td><!-- おトクなセール＆キャンペーン情報あるいは新着情報 --><div style=""width: 706px; border: 2px solid #F90;""></div></td></tr></table><br><table border=""0"" cellpadding=""0"" cellspacing=""0"" width=""710"" style=""line-height:140%;""><tr><td><font size=""2"">2013年発売のアサルトリリィシリーズ No.002『一柳梨璃（ひとつやなぎ りり）』が、能力を開花し新たな装備を携えた新バージョンで登場！<br>頭部は完全新作、フェイスパーツはシリーズ最多の4種が付属。衣装は百合ヶ丘女学院聖白百合勲章受勲レギオン支給制服になり、新型CHARM「ブリューナク」はギアの回転ギミックで鮮やかに変形。シリーズ最新にアップデートされた一柳梨璃をぜひその手に！<br><br>■サイズ：１/12スケール（全高約15cm）　■頭部：新規造形PVCヘッド　■素体：ピコニーモ関節強化版（S脚/LL胸/白肌）■衣装：百合ヶ丘女学院聖白百合勲章受勲レギオン支給制服、シューズ　<br>■付属品：新型CHARM「ブリューナク」（ABS製）、手・腰・脚部アーマー（PVC製）、フェイスパーツ4種<br>●キャラクターデザイン：八重樫南　●ヘッド原型製作：遠那かんし（りゅんりゅん亭）　●彩色：明智逸鶴（大正堂）●武装デザイン：東海村原八（模型の王国）　●武装原型製作：前嶋隆一（ピースメーカー）　●ボディ原型製作：澤田工房<br><br>※掲載の写真は実際の商品とは多少異なる場合があります。<br>※商品の塗装は彩色行程が手作業になるため、商品個々に多少の差異があります。<br>※パッケージは商品本体の保護材ですので、本体に影響を及ぼすような破損を除き、交換・返品対応対象外となります。あらかじめご了承ください。<br>※商品本体の破損や部品不足等の初期不良品等につきましては、まずは商品に記載されていますメーカーのサポートセンターにお問合せをお願いします。商品にメーカーサポートセンターの記載が無い場合は、当店にご連絡をお願いします。<br><br><br></font></td></tr></table><!--

-->


<div style=""width:710px; height:180px;  margin:0; overflow:hidden;"">

</div>

<!--
<div style=""width: 700px; margin: 0 5px;"">
<img src=""http://www.rakuten.ne.jp/gold/dtc/frame/images/syouhinsetumei2.gif"" width=""700"" height=""30"">
</div>

<div style=""width:710px; height:220px;  margin:0 0 20px; overflow:hidden;"">

</div>
-->",アゾンインターナショナル 1/12 アサルトリリィシリーズ 021 アサルトリリィ 一柳 梨璃(ひとつやなぎ りり) version 2.0 [振込不可]：ソフマップ楽天市場店,ソフマップSofmapパソコンタブレットPCHDDアセンブリパーツパソコンパーツテレビゲームブルーレイソフトDVDソフト液晶テレビブルーレイディスクレコーダーデジタル一眼レフカメラデジタルカメラ家電時計中古アウトレットiPadiPhoneアゾンインターナショナル 1/12 アサルトリリィシリーズ 021 アサルトリリィ 一柳 梨璃(ひとつやなぎ りり) version 2.0 [振込不可],アゾンインターナショナル 1/12 アサルトリリィシリーズ 021 アサルトリリィ 一柳 梨璃(ひとつやなぎ りり) version 2.0 [振込不可][rn]
2-65804,http://tshop.r10s.jp/dtc/cabinet/20170207n27/4580416901857.jpg?fitin=700:700,4944.0000,,おもちゃ・ホビー・ゲーム > フィギュア > アニメ・コミック,グッドスマイルカンパニー figma エルサ(アナと雪の女王),,"<table width=""710""><tr><td><!-- おトクなセール＆キャンペーン情報あるいは新着情報 --><div style=""width: 706px; border: 2px solid #F90;""></div></td></tr></table><br><table border=""0"" cellpadding=""0"" cellspacing=""0"" width=""710"" style=""line-height:140%;""><tr><td><font size=""2"">大ヒット映画『アナと雪の女王』より、アレンデール王国家の長女「エルサ」が figma で登場！<br><br>・スムーズ且つキチッと決まるfigmaオリジナル関節パーツで、劇中のあらゆるシーンを再現。<br>・表情はエルサ特有の「流し目顔」や「笑顔」、今にも“Let it go”を歌いだしそうな「歌い顔」をご用意いたしました。<br>・雪や氷をイメージしたエフェクトや、“心温かい雪だるま”の「オラフ」をご用意。<br>・エルサ、オラフ、共に眼球にも可動を設けており、さまざまなポーズに合わせ視線を調整することが可能です。<br>・さまざまなシーンを可能にする可動支柱付きのfigma専用台座が同梱。<br><br>■仕様：ABS&PVC 塗装済み可動フィギュア・ノンスケール・専用台座付属・全高：約145mm<br>■原型制作：マックスファクトリー<br>■制作協力：浅井真紀<br><br>※掲載の写真は実際の商品とは多少異なる場合があります。<br>※商品の塗装は彩色行程が手作業になるため、商品個々に多少の差異があります。<br>※パッケージは商品本体の保護材ですので、本体に影響を及ぼすような破損を除き、交換・返品対応対象外となります。あらかじめご了承ください。<br>※商品本体の破損や部品不足等の初期不良品等につきましては、まずは商品に記載されていますメーカーのサポートセンターにお問合せをお願いします。商品にメーカーサポートセンターの記載が無い場合は、当店にご連絡をお願いします。<br><br><br></font></td></tr></table><!--

-->


<div style=""width:710px; height:180px;  margin:0; overflow:hidden;"">

</div>

<!--
<div style=""width: 700px; margin: 0 5px;"">
<img src=""http://www.rakuten.ne.jp/gold/dtc/frame/images/syouhinsetumei2.gif"" width=""700"" height=""30"">
</div>

<div style=""width:710px; height:220px;  margin:0 0 20px; overflow:hidden;"">

</div>
-->",グッドスマイルカンパニー figma エルサ(アナと雪の女王)：ソフマップ楽天市場店,ソフマップSofmapパソコンタブレットPCHDDアセンブリパーツパソコンパーツテレビゲームブルーレイソフトDVDソフト液晶テレビブルーレイディスクレコーダーデジタル一眼レフカメラデジタルカメラ家電時計中古アウトレットiPadiPhoneグッドスマイルカンパニー figma エルサ(アナと雪の女王),グッドスマイルカンパニー figma エルサ(アナと雪の女王)[rn]
2-65805,http://tshop.r10s.jp/dtc/cabinet/20170207n27/4580416901680.jpg?fitin=700:700,4304.0000,,おもちゃ・ホビー・ゲーム > フィギュア > アニメ・コミック,グッドスマイルカンパニー figma サムス・アラン ゼロスーツver.（METROID Other M）,,"<table width=""710""><tr><td><!-- おトクなセール＆キャンペーン情報あるいは新着情報 --><div style=""width: 706px; border: 2px solid #F90;""></div></td></tr></table><br><table border=""0"" cellpadding=""0"" cellspacing=""0"" width=""710"" style=""line-height:140%;""><tr><td><font size=""2"">人気アクションゲーム『METROID Other M（メトロイドアザーエム）』より、主人公のサムス・アランがパワードスーツを脱いだ「サムス・アラン ゼロスーツver.」となってfigmaに登場！<br><br>・スムーズ且つキチッと決まるfigmaオリジナル関節パーツで、劇中のあらゆるシーンを再現。<br>・要所に軟質素材を使う事でプロポーションを崩さず、可動域を確保。<br>・表情は凛々しい「睨み顔」と優しげな「微笑み顔」をご用意。<br>・付属品には「サムズアップ手」をはじめとした交換用手首にくわえ、「ハンドガン」や劇中で印象的な「アダムのヘルメット」が付属。<br>・さらに若き日のサムスを再現できる「ショートカット頭部」が付属します。<br>・さまざまなシーンを可能にする可動支柱付きのfigma専用台座が同梱。<br><br>■仕様：ABS&PVC 塗装済み可動フィギュア・ノンスケール・専用台座付属・全高：約135mm<br>■原型制作：マックスファクトリー(黒田真徳・枡)<br>■制作協力：浅井真紀<br><br>※掲載の写真は実際の商品とは多少異なる場合があります。<br>※商品の塗装は彩色行程が手作業になるため、商品個々に多少の差異があります。<br>※パッケージは商品本体の保護材ですので、本体に影響を及ぼすような破損を除き、交換・返品対応対象外となります。あらかじめご了承ください。<br>※商品本体の破損や部品不足等の初期不良品等につきましては、まずは商品に記載されていますメーカーのサポートセンターにお問合せをお願いします。商品にメーカーサポートセンターの記載が無い場合は、当店にご連絡をお願いします。<br><br><br></font></td></tr></table><!--

-->


<div style=""width:710px; height:180px;  margin:0; overflow:hidden;"">

</div>

<!--
<div style=""width: 700px; margin: 0 5px;"">
<img src=""http://www.rakuten.ne.jp/gold/dtc/frame/images/syouhinsetumei2.gif"" width=""700"" height=""30"">
</div>

<div style=""width:710px; height:220px;  margin:0 0 20px; overflow:hidden;"">

</div>
-->",グッドスマイルカンパニー figma サムス・アラン ゼロスーツver.（METROID Other M）：ソフマップ楽天市場店,ソフマップSofmapパソコンタブレットPCHDDアセンブリパーツパソコンパーツテレビゲームブルーレイソフトDVDソフト液晶テレビブルーレイディスクレコーダーデジタル一眼レフカメラデジタルカメラ家電時計中古アウトレットiPadiPhoneグッドスマイルカンパニー figma サムス・アラン ゼロスーツver.（METROID Other M）,グッドスマイルカンパニー figma サムス・アラン ゼロスーツver.（METROID Other M）[rn]
2-65806,http://tshop.r10s.jp/dtc/cabinet/20170207n22/4986470018874.jpg?fitin=700:700,3408.0000,,おもちゃ・ホビー・ゲーム > フィギュア > アニメ・コミック,ピットロード ガールズ＆パンツァー 38(t)戦車B/C型 エンディングVer.親善試合時　組立塗装済完成品,,"<table width=""710""><tr><td><!-- おトクなセール＆キャンペーン情報あるいは新着情報 --><div style=""width: 706px; border: 2px solid #F90;""></div></td></tr></table><br><table border=""0"" cellpadding=""0"" cellspacing=""0"" width=""710"" style=""line-height:140%;""><tr><td><font size=""2"">・大洗女子学園生徒会の会長「角谷杏」、副会長「小山柚子」、広報「河嶋桃」の3人で構成された「カメさんチーム」の38(t)戦車B/C型が、本編エンディングバージョンシリーズにいよいよ登場します！<br>・本製品は、親善試合参加時の光り輝く金色の塗装を再現した、特別限定仕様です。<br>・戦車1両＋カメさんチームフィギュア3体入<br>・組立塗装済完成品(ABS/PVC)<br>・全長 約82mm<br><br>※掲載の写真は実際の商品とは多少異なる場合があります。<br>※商品の塗装は彩色行程が手作業になるため、商品個々に多少の差異があります。<br>※パッケージは商品本体の保護材ですので、本体に影響を及ぼすような破損を除き、交換・返品対応対象外となります。あらかじめご了承ください。<br>※商品本体の破損や部品不足等の初期不良品等につきましては、まずは商品に記載されていますメーカーのサポートセンターにお問合せをお願いします。商品にメーカーサポートセンターの記載が無い場合は、当店にご連絡をお願いします。<br><br><br></font></td></tr></table><!--

-->


<div style=""width:710px; height:180px;  margin:0; overflow:hidden;"">

</div>

<!--
<div style=""width: 700px; margin: 0 5px;"">
<img src=""http://www.rakuten.ne.jp/gold/dtc/frame/images/syouhinsetumei2.gif"" width=""700"" height=""30"">
</div>

<div style=""width:710px; height:220px;  margin:0 0 20px; overflow:hidden;"">

</div>
-->",ピットロード ガールズ＆パンツァー 38(t)戦車B/C型 エンディングVer.親善試合時　組立塗装済完成品：ソフマップ楽天市場店,ソフマップSofmapパソコンタブレットPCHDDアセンブリパーツパソコンパーツテレビゲームブルーレイソフトDVDソフト液晶テレビブルーレイディスクレコーダーデジタル一眼レフカメラデジタルカメラ家電時計中古アウトレットiPadiPhoneピットロード ガールズ＆パンツァー 38(t)戦車B/C型 エンディングVer.親善試合時　組立塗装済完成品,ピットロード ガールズ＆パンツァー 38(t)戦車B/C型 エンディングVer.親善試合時　組立塗装済完成品[rn]
2-65807,http://tshop.r10s.jp/dtc/cabinet/20170207n26/4549660018490.jpg?fitin=700:700,3744.0000,,おもちゃ・ホビー・ゲーム > フィギュア > アニメ・コミック,【再販】 BANDAIS.H.Figuarts ブルース・リー [振込不可],,"<table width=""710""><tr><td><!-- おトクなセール＆キャンペーン情報あるいは新着情報 --><div style=""width: 706px; border: 2px solid #F90;""></div></td></tr></table><br><table border=""0"" cellpadding=""0"" cellspacing=""0"" width=""710"" style=""line-height:140%;""><tr><td><font size=""2"">ブルース・リーの迫力ある武術アクション、劇中で印象的なシーンを再現できる可動機構を搭載したアクションフィギュアが誕生。<br>劇中にて活躍する武器や多彩な表情を再現した、豊富なオプションパーツが付属。<br><br>デジタル彩色技術を採用<br>「本物の再現」を目指しデジタル彩色技術を採用。膨大な公式資料（秘蔵写真、ライフマスクなど）を徹底検証して作られたリアル造形に対し、原型では再現しきれない前髪の散らばりや頬の傷までも描写した超リアルデジタル彩色データをダイレクト印刷し、表情を再現している。<br><br>生誕７５周年 伝説のアクションスター「ブルース・リー」<br>ブルース・リーは、アメリカ・サンフランシスコ生まれの世界的に有名な武道家であり俳優。<br>中国武術をベースに様々な格闘技の技術と哲学を融合させた武術「截拳道（ジークンドー）」を創始。<br>俳優としては、映画「燃えよドラゴン」が世界的ヒット。<br><br>■商品仕様<br>全高：約140mm<br>材質：ABS、PVC製<br><br>■セット内容<br>・本体<br>・交換用左手首4種<br>・交換用右手首5種<br>・交換用表情パーツ3種<br>・ヌンチャク<br>・こん棒２種（長短）<br><br>※掲載の写真は実際の商品とは多少異なる場合があります。<br>※商品の塗装は彩色行程が手作業になるため、商品個々に多少の差異があります。<br>※パッケージは商品本体の保護材ですので、本体に影響を及ぼすような破損を除き、交換・返品対応対象外となります。あらかじめご了承ください。<br>※商品本体の破損や部品不足等の初期不良品等につきましては、まずは商品に記載されていますメーカーのサポートセンターにお問合せをお願いします。商品にメーカーサポートセンターの記載が無い場合は、当店にご連絡をお願いします。<br>※こちらの商品は限定入荷品に付き、万一、商品の破損・汚損などの場合は返品・返金でのご対応とさせていただいております。<br><br></font></td></tr></table><!--

-->


<div style=""width:710px; height:180px;  margin:0; overflow:hidden;"">

</div>

<!--
<div style=""width: 700px; margin: 0 5px;"">
<img src=""http://www.rakuten.ne.jp/gold/dtc/frame/images/syouhinsetumei2.gif"" width=""700"" height=""30"">
</div>

<div style=""width:710px; height:220px;  margin:0 0 20px; overflow:hidden;"">

</div>
-->",【再販】 BANDAIS.H.Figuarts ブルース・リー [振込不可]：ソフマップ楽天市場店,ソフマップSofmapパソコンタブレットPCHDDアセンブリパーツパソコンパーツテレビゲームブルーレイソフトDVDソフト液晶テレビブルーレイディスクレコーダーデジタル一眼レフカメラデジタルカメラ家電時計中古アウトレットiPadiPhone【再販】 BANDAIS.H.Figuarts ブルース・リー [振込不可],【再販】 BANDAIS.H.Figuarts ブルース・リー [振込不可][rn]
2-65808,http://tshop.r10s.jp/dtc/cabinet/20150430a/4580416902045.jpg?fitin=700:700,3824.0000,,おもちゃ・ホビー・ゲーム > フィギュア > アニメ・コミック,グッドスマイルカンパニー ねんどろいど エリーゼ（ファイアーエムブレムif）,,"<table width=""710""><tr><td><!-- おトクなセール＆キャンペーン情報あるいは新着情報 --><div style=""width: 706px; border: 2px solid #F90;""></div></td></tr></table><br><table border=""0"" cellpadding=""0"" cellspacing=""0"" width=""710"" style=""line-height:140%;""><tr><td><font size=""2"">大人気ゲーム『ファイアーエムブレムif』より、暗夜王国の明るく元気な末っ子王女「エリーゼ」がねんどろいどになって登場。表情は「通常顔」にくわえて、にっこり微笑んだ「笑顔」、ほっぺたを膨らませた表情が可愛らしい「不満顔」をご用意いたしました。オプションには「ライブの杖」と「回復エフェクト」が付属し、杖で仲間を癒やすロッドナイトとしてのエリーゼも再現可能です。また、エリーゼ専用のカラーに身を包んだ「馬」も付属しますので、より作品の世界観を再現し、お楽しみ頂けます。天真爛漫で可愛らしい「ねんどろいど エリーゼ」を是非お手元にお迎えください。<br><br>■仕様：ABS&PVC 塗装済み可動フィギュア・ノンスケール・専用台座付属・全高：約100mm<br>■原型制作：七兵衛<br>■制作協力：ねんどろん<br><br>※製品は自立しません。付属の台座を使用してください。<br>※掲載の写真は実際の商品とは多少異なる場合があります。<br>※商品の塗装は彩色行程が手作業になるため、商品個々に多少の差異があります。<br>※パッケージは商品本体の保護材ですので、本体に影響を及ぼすような破損を除き、交換・返品対応対象外となります。あらかじめご了承ください。<br>※商品本体の破損や部品不足等の初期不良品等につきましては、まずは商品に記載されていますメーカーのサポートセンターにお問合せをお願いします。商品にメーカーサポートセンターの記載が無い場合は、当店にご連絡をお願いします。<br><br><br></font></td></tr></table><!--

-->


<div style=""width:710px; height:180px;  margin:0; overflow:hidden;"">

</div>

<!--
<div style=""width: 700px; margin: 0 5px;"">
<img src=""http://www.rakuten.ne.jp/gold/dtc/frame/images/syouhinsetumei2.gif"" width=""700"" height=""30"">
</div>

<div style=""width:710px; height:220px;  margin:0 0 20px; overflow:hidden;"">

</div>
-->",グッドスマイルカンパニー ねんどろいど エリーゼ（ファイアーエムブレムif）：ソフマップ楽天市場店,ソフマップSofmapパソコンタブレットPCHDDアセンブリパーツパソコンパーツテレビゲームブルーレイソフトDVDソフト液晶テレビブルーレイディスクレコーダーデジタル一眼レフカメラデジタルカメラ家電時計中古アウトレットiPadiPhoneグッドスマイルカンパニー ねんどろいど エリーゼ（ファイアーエムブレムif）,グッドスマイルカンパニー ねんどろいど エリーゼ（ファイアーエムブレムif）[rn]
2-65809,http://tshop.r10s.jp/dtc/cabinet/20160729a/4580416902168.jpg?fitin=700:700,3704.0000,,おもちゃ・ホビー・ゲーム > フィギュア > アニメ・コミック,グッドスマイルカンパニー ねんどろいど Libeccio（リベッチオ）（艦隊これくしょん -艦これ-）,,"<table width=""710""><tr><td><!-- おトクなセール＆キャンペーン情報あるいは新着情報 --><div style=""width: 706px; border: 2px solid #F90;""></div></td></tr></table><br><table border=""0"" cellpadding=""0"" cellspacing=""0"" width=""710"" style=""line-height:140%;""><tr><td><font size=""2"">大人気ブラウザゲーム『艦隊これくしょん -艦これ-』より、初のイタリア艦娘マエストラーレ級三番艦「Libeccio（リベッチオ）」がねんどろいど化。表情は「通常顔」「中破顔」「うひひ顔」が付属。お馴染みの砲撃エフェクト、魚雷発射エフェクトで砲雷撃戦が再現可能です。さらに緊急用のゴムボートが付属しますので、ほかの艦娘を乗せて救助をする事も可能となっています。そして、期間限定で登場したハロウィン衣装も付属する豪華仕様となっていますので、いろいろシチュエーションのリベッチオから南西の風を感じてみてください。<br><br>■仕様：ABS&PVC 塗装済み可動フィギュア・ノンスケール・専用台座付属・全高：約100mm<br>■原型制作：西部秀寿<br>■制作協力：ねんどろん<br><br>※製品は自立しません。付属の台座を使用してください。<br>※掲載の写真は実際の商品とは多少異なる場合があります。<br>※商品の塗装は彩色行程が手作業になるため、商品個々に多少の差異があります。<br>※パッケージは商品本体の保護材ですので、本体に影響を及ぼすような破損を除き、交換・返品対応対象外となります。あらかじめご了承ください。<br>※商品本体の破損や部品不足等の初期不良品等につきましては、まずは商品に記載されていますメーカーのサポートセンターにお問合せをお願いします。商品にメーカーサポートセンターの記載が無い場合は、当店にご連絡をお願いします。<br><br><br></font></td></tr></table><!--

-->


<div style=""width:710px; height:180px;  margin:0; overflow:hidden;"">

</div>

<!--
<div style=""width: 700px; margin: 0 5px;"">
<img src=""http://www.rakuten.ne.jp/gold/dtc/frame/images/syouhinsetumei2.gif"" width=""700"" height=""30"">
</div>

<div style=""width:710px; height:220px;  margin:0 0 20px; overflow:hidden;"">

</div>
-->",グッドスマイルカンパニー ねんどろいど Libeccio（リベッチオ）（艦隊これくしょん -艦これ-）：ソフマップ楽天市場店,ソフマップSofmapパソコンタブレットPCHDDアセンブリパーツパソコンパーツテレビゲームブルーレイソフトDVDソフト液晶テレビブルーレイディスクレコーダーデジタル一眼レフカメラデジタルカメラ家電時計中古アウトレットiPadiPhoneグッドスマイルカンパニー ねんどろいど Libeccio（リベッチオ）（艦隊これくしょん -艦これ-）,グッドスマイルカンパニー ねんどろいど Libeccio（リベッチオ）（艦隊これくしょん -艦これ-）[rn]
2-65810,http://tshop.r10s.jp/dtc/cabinet/20170126n7/4549660094593.jpg?fitin=700:700,3344.0000,,おもちゃ・ホビー・ゲーム > フィギュア > アニメ・コミック,BANDAI S.H.Figuarts K-2SO（STAR WARS） [振込不可],,"<table width=""710""><tr><td><!-- おトクなセール＆キャンペーン情報あるいは新着情報 --><div style=""width: 706px; border: 2px solid #F90;""></div></td></tr></table><br><table border=""0"" cellpadding=""0"" cellspacing=""0"" width=""710"" style=""line-height:140%;""><tr><td><font size=""2"">造形をくずすことなく配置された可動により、可動と造形美を両立。<br>専用台座で、さまざまなシーンのポージングをサポート。<br><br>■商品仕様<br>全高：約175mm<br>材質：ABS、PVC<br><br>■セット内容<br>・本体<br>・交換用手首左右各2種<br>・台座パーツ一式<br><br>※掲載の写真は実際の商品とは多少異なる場合があります。<br>※商品の塗装は彩色行程が手作業になるため、商品個々に多少の差異があります。<br>※パッケージは商品本体の保護材ですので、本体に影響を及ぼすような破損を除き、交換・返品対応対象外となります。あらかじめご了承ください。<br>※商品本体の破損や部品不足等の初期不良品等につきましては、まずは商品に記載されていますメーカーのサポートセンターにお問合せをお願いします。商品にメーカーサポートセンターの記載が無い場合は、当店にご連絡をお願いします。<br><br><br></font></td></tr></table><!--

-->


<div style=""width:710px; height:180px;  margin:0; overflow:hidden;"">

</div>

<!--
<div style=""width: 700px; margin: 0 5px;"">
<img src=""http://www.rakuten.ne.jp/gold/dtc/frame/images/syouhinsetumei2.gif"" width=""700"" height=""30"">
</div>

<div style=""width:710px; height:220px;  margin:0 0 20px; overflow:hidden;"">

</div>
-->",BANDAI S.H.Figuarts K-2SO（STAR WARS） [振込不可]：ソフマップ楽天市場店,ソフマップSofmapパソコンタブレットPCHDDアセンブリパーツパソコンパーツテレビゲームブルーレイソフトDVDソフト液晶テレビブルーレイディスクレコーダーデジタル一眼レフカメラデジタルカメラ家電時計中古アウトレットiPadiPhoneBANDAI S.H.Figuarts K-2SO（STAR WARS） [振込不可],BANDAI S.H.Figuarts K-2SO（STAR WARS） [振込不可][rn]
2-65811,http://tshop.r10s.jp/dtc/cabinet/20160615a/4580416901574.jpg?fitin=700:700,3344.0000,,おもちゃ・ホビー・ゲーム > フィギュア > アニメ・コミック,グッドスマイルカンパニー ねんどろいど アルベド（オーバーロード）,,"<table width=""710""><tr><td><!-- おトクなセール＆キャンペーン情報あるいは新着情報 --><div style=""width: 706px; border: 2px solid #F90;""></div></td></tr></table><br><table border=""0"" cellpadding=""0"" cellspacing=""0"" width=""710"" style=""line-height:140%;""><tr><td><font size=""2"">大人気の最凶ダークファンタジー『オーバーロード』から、ナザリック地下大墳墓の守護者統括であり、全NPCの頂点に立つ存在、「アルベド」がねんどろいどになって登場です。表情パーツは、可愛らしい「ワクワク顔」や、印象的だった「恍惚顔」をご用意。絶世の美女と呼ぶのにふさわしい美しいイメージから、アインズ様に対するちょっと残念な一面まで、劇中の様々なシーンが再現可能。「ねんどろいど アインズ・ウール・ゴウン」と並べて飾ろう。<br><br>■仕様：ABS&PVC 塗装済み可動フィギュア・ノンスケール・専用台座付属・全高：約100mm<br>■原型制作：あじけん<br>■制作協力：ねんどろん<br><br>※掲載の写真は実際の商品とは多少異なる場合があります。<br>※商品の塗装は彩色行程が手作業になるため、商品個々に多少の差異があります。<br>※パッケージは商品本体の保護材ですので、本体に影響を及ぼすような破損を除き、交換・返品対応対象外となります。あらかじめご了承ください。<br>※商品本体の破損や部品不足等の初期不良品等につきましては、まずは商品に記載されていますメーカーのサポートセンターにお問合せをお願いします。商品にメーカーサポートセンターの記載が無い場合は、当店にご連絡をお願いします。<br><br><br></font></td></tr></table><!--

-->


<div style=""width:710px; height:180px;  margin:0; overflow:hidden;"">

</div>

<!--
<div style=""width: 700px; margin: 0 5px;"">
<img src=""http://www.rakuten.ne.jp/gold/dtc/frame/images/syouhinsetumei2.gif"" width=""700"" height=""30"">
</div>

<div style=""width:710px; height:220px;  margin:0 0 20px; overflow:hidden;"">

</div>
-->",グッドスマイルカンパニー ねんどろいど アルベド（オーバーロード）：ソフマップ楽天市場店,ソフマップSofmapパソコンタブレットPCHDDアセンブリパーツパソコンパーツテレビゲームブルーレイソフトDVDソフト液晶テレビブルーレイディスクレコーダーデジタル一眼レフカメラデジタルカメラ家電時計中古アウトレットiPadiPhoneグッドスマイルカンパニー ねんどろいど アルベド（オーバーロード）,グッドスマイルカンパニー ねんどろいど アルベド（オーバーロード）[rn]
2-65812,http://tshop.r10s.jp/dtc/cabinet/20170207n3/4549660074229.jpg?fitin=700:700,3024.0000,,おもちゃ・ホビー・ゲーム > フィギュア > アニメ・コミック,BANDAIS.H.Figuarts スーパーサイヤ人ベジータ（ドラゴンボール） [振込不可],,"<table width=""710""><tr><td><!-- おトクなセール＆キャンペーン情報あるいは新着情報 --><div style=""width: 706px; border: 2px solid #F90;""></div></td></tr></table><br><table border=""0"" cellpadding=""0"" cellspacing=""0"" width=""710"" style=""line-height:140%;""><tr><td><font size=""2"">「スーパーサイヤ人ベジータ」が造形・可動を新たにして商品化。<br>劇中の印象的なポーズ、表情を再現するオプションパーツが付属した決定版。<br><br>過去のアイテムに付属しなかった腕組パーツが付属。<br>劇中の激しいアクション・必殺技も幅広い可動機構により再現が可能。<br>「S.H.Figuarts スーパーサイヤ人 トランクス」（別売り）と揃えることで親子の共闘シーンも再現が可能。<br><br>■商品仕様<br>全高：約135mm<br>材質：PVC、ABS<br><br>■セット内容<br>・本体<br>・交換用表情パーツ3種<br>・交換用左手首3種<br>・交換用右手首4種<br>・交換用腕組パーツ<br><br>※掲載の写真は実際の商品とは多少異なる場合があります。<br>※商品の塗装は彩色行程が手作業になるため、商品個々に多少の差異があります。<br>※パッケージは商品本体の保護材ですので、本体に影響を及ぼすような破損を除き、交換・返品対応対象外となります。あらかじめご了承ください。<br>※商品本体の破損や部品不足等の初期不良品等につきましては、まずは商品に記載されていますメーカーのサポートセンターにお問合せをお願いします。商品にメーカーサポートセンターの記載が無い場合は、当店にご連絡をお願いします。<br><br></font></td></tr></table><!--

-->


<div style=""width:710px; height:180px;  margin:0; overflow:hidden;"">

</div>

<!--
<div style=""width: 700px; margin: 0 5px;"">
<img src=""http://www.rakuten.ne.jp/gold/dtc/frame/images/syouhinsetumei2.gif"" width=""700"" height=""30"">
</div>

<div style=""width:710px; height:220px;  margin:0 0 20px; overflow:hidden;"">

</div>
-->",BANDAIS.H.Figuarts スーパーサイヤ人ベジータ（ドラゴンボール） [振込不可]：ソフマップ楽天市場店,ソフマップSofmapパソコンタブレットPCHDDアセンブリパーツパソコンパーツテレビゲームブルーレイソフトDVDソフト液晶テレビブルーレイディスクレコーダーデジタル一眼レフカメラデジタルカメラ家電時計中古アウトレットiPadiPhoneBANDAIS.H.Figuarts スーパーサイヤ人ベジータ（ドラゴンボール） [振込不可],BANDAIS.H.Figuarts スーパーサイヤ人ベジータ（ドラゴンボール） [振込不可][rn]
2-65813,http://tshop.r10s.jp/dtc/cabinet/20170126n4/4543112964700.jpg?fitin=700:700,3024.0000,,おもちゃ・ホビー・ゲーム > フィギュア > アニメ・コミック,BANDAIS.H.Figuarts スーパーサイヤ人孫悟空 超戦士覚醒Ver.〔再販〕（ドラゴンボール）,,"<table width=""710""><tr><td><!-- おトクなセール＆キャンペーン情報あるいは新着情報 --><div style=""width: 706px; border: 2px solid #F90;""></div></td></tr></table><br><table border=""0"" cellpadding=""0"" cellspacing=""0"" width=""710"" style=""line-height:140%;""><tr><td><font size=""2"">「可動機構」「造形」「再現するアクション」、全てを一新したスーパーサイヤ人孫悟空が登場。<br>新たな可動機構により「かめはめ波」や「舞空術」といったアクションもスムーズに再現することができる。<br>進化したS.H.Figuartsドラゴンボールシリーズに括目せよ！<br><br>・超可動<br>肩の可動域を広げることでかめはめ波のポーズを始めとする必殺技のアクションが難なく決まる！<br>腹と腰パーツをつなぐ関節にスライド機構を設けることで深く腰を落とすアクションが再現可能。<br><br>・超造形。<br>可動時も途切れることのない動きを追求した造形。<br><br><br>■商品仕様<br>全高：約160mm<br>材質：ABS、PVC製<br><br>■セット内容<br>・本体<br>・交換用表情パーツ２種<br>・交換用手首左右各４種<br><br>※掲載の写真は実際の商品とは多少異なる場合があります。<br>※商品の塗装は彩色行程が手作業になるため、商品個々に多少の差異があります。<br>※パッケージは商品本体の保護材ですので、本体に影響を及ぼすような破損を除き、交換・返品対応対象外となります。あらかじめご了承ください。<br>※商品本体の破損や部品不足等の初期不良品等につきましては、まずは商品に記載されていますメーカーのサポートセンターにお問合せをお願いします。商品にメーカーサポートセンターの記載が無い場合は、当店にご連絡をお願いします。<br><br><br></font></td></tr></table><!--

-->


<div style=""width:710px; height:180px;  margin:0; overflow:hidden;"">

</div>

<!--
<div style=""width: 700px; margin: 0 5px;"">
<img src=""http://www.rakuten.ne.jp/gold/dtc/frame/images/syouhinsetumei2.gif"" width=""700"" height=""30"">
</div>

<div style=""width:710px; height:220px;  margin:0 0 20px; overflow:hidden;"">

</div>
-->",BANDAIS.H.Figuarts スーパーサイヤ人孫悟空 超戦士覚醒Ver.〔再販〕（ドラゴンボール）：ソフマップ楽天市場店,ソフマップSofmapパソコンタブレットPCHDDアセンブリパーツパソコンパーツテレビゲームブルーレイソフトDVDソフト液晶テレビブルーレイディスクレコーダーデジタル一眼レフカメラデジタルカメラ家電時計中古アウトレットiPadiPhoneBANDAIS.H.Figuarts スーパーサイヤ人孫悟空 超戦士覚醒Ver.〔再販〕（ドラゴンボール）,BANDAIS.H.Figuarts スーパーサイヤ人孫悟空 超戦士覚醒Ver.〔再販〕（ドラゴンボール）[rn]
2-65814,http://tshop.r10s.jp/dtc/cabinet/20170207n27/4580416901710.jpg?fitin=700:700,2944.0000,,おもちゃ・ホビー・ゲーム > フィギュア > アニメ・コミック,グッドスマイルカンパニー ねんどろいど ジェノス スーパームーバブル・エディション（ワンパンマン）,,"<table width=""710""><tr><td><!-- おトクなセール＆キャンペーン情報あるいは新着情報 --><div style=""width: 706px; border: 2px solid #F90;""></div></td></tr></table><br><table border=""0"" cellpadding=""0"" cellspacing=""0"" width=""710"" style=""line-height:140%;""><tr><td><font size=""2"">大人気TVアニメ『ワンパンマン』から、サイタマの強さに憧れて弟子入りしたサイボーグの青年「ジェノス」が、フル可動のねんどろいどになって登場です。表情はクールな「通常顔」のほかに、アクションシーンに適した「戦闘顔」や、戦闘後をイメージした「ダメージ顔」をご用意。さらに、日常シーンからエプロン&箒パーツなどが付属いたしますので、劇中の様々なシーンを再現できます。発売済みの「ねんどろいど サイタマ」と組み合わせて遊ぼう！<br><br>■仕様：ABS&PVC 塗装済み可動フィギュア・ノンスケール・専用台座付属・全高：約100mm<br>■原型制作：コケ（エム×ホリック）<br>■制作協力：ねんどろん<br><br>※製品は自立しません。付属の台座を使用してください。<br>※掲載の写真は実際の商品とは多少異なる場合があります。<br>※商品の塗装は彩色行程が手作業になるため、商品個々に多少の差異があります。<br>※パッケージは商品本体の保護材ですので、本体に影響を及ぼすような破損を除き、交換・返品対応対象外となります。あらかじめご了承ください。<br>※商品本体の破損や部品不足等の初期不良品等につきましては、まずは商品に記載されていますメーカーのサポートセンターにお問合せをお願いします。商品にメーカーサポートセンターの記載が無い場合は、当店にご連絡をお願いします。<br><br><br></font></td></tr></table><!--

-->


<div style=""width:710px; height:180px;  margin:0; overflow:hidden;"">

</div>

<!--
<div style=""width: 700px; margin: 0 5px;"">
<img src=""http://www.rakuten.ne.jp/gold/dtc/frame/images/syouhinsetumei2.gif"" width=""700"" height=""30"">
</div>

<div style=""width:710px; height:220px;  margin:0 0 20px; overflow:hidden;"">

</div>
-->",グッドスマイルカンパニー ねんどろいど ジェノス スーパームーバブル・エディション（ワンパンマン）：ソフマップ楽天市場店,ソフマップSofmapパソコンタブレットPCHDDアセンブリパーツパソコンパーツテレビゲームブルーレイソフトDVDソフト液晶テレビブルーレイディスクレコーダーデジタル一眼レフカメラデジタルカメラ家電時計中古アウトレットiPadiPhoneグッドスマイルカンパニー ねんどろいど ジェノス スーパームーバブル・エディション（ワンパンマン）,グッドスマイルカンパニー ねんどろいど ジェノス スーパームーバブル・エディション（ワンパンマン）[rn]
2-65815,http://tshop.r10s.jp/dtc/cabinet/20170207n3/4549660038313.jpg?fitin=700:700,1824.0000,,おもちゃ・ホビー・ゲーム > フィギュア > アニメ・コミック,BANDAI ネクスエッジスタイル ［MS UNIT］ ガンダムアストレイブルーフレームセカンドL（機動戦士ガンダムSEED ASTRAY）,,"<table width=""710""><tr><td><!-- おトクなセール＆キャンペーン情報あるいは新着情報 --><div style=""width: 706px; border: 2px solid #F90;""></div></td></tr></table><br><table border=""0"" cellpadding=""0"" cellspacing=""0"" width=""710"" style=""line-height:140%;""><tr><td><font size=""2"">『機動戦士ガンダムSEED ASTRAY』の主役機「ガンダムアストレイ ブルーフレーム」がレッドフレームに続きラインナップ！<br>「セカンドL」の最大の特徴である大型武器「タクティカルアームズ」は、設定同様「フライトフォーム」「ソードフォーム」「ガトリングフォーム」の3形態への変形ギミックを再現！<br>さらに！「タクティカルアームズII」の「ソードアーム」と「ガトリングアーム」も再現可能！<br><br><br>■商品仕様<br>全高：約90mm<br>材質：PVC、ABS製<br><br>■セット内容<br>・本体<br>・交換用手首左右各2種<br>・アーマーシュナイダー×2<br>・タクティカルアームズ<br>・専用STAGE一式<br><br>※掲載の写真は実際の商品とは多少異なる場合があります。<br>※商品の塗装は彩色行程が手作業になるため、商品個々に多少の差異があります。<br>※パッケージは商品本体の保護材ですので、本体に影響を及ぼすような破損を除き、交換・返品対応対象外となります。あらかじめご了承ください。<br>※商品本体の破損や部品不足等の初期不良品等につきましては、まずは商品に記載されていますメーカーのサポートセンターにお問合せをお願いします。商品にメーカーサポートセンターの記載が無い場合は、当店にご連絡をお願いします。<br><br><br></font></td></tr></table><!--

-->


<div style=""width:710px; height:180px;  margin:0; overflow:hidden;"">

</div>

<!--
<div style=""width: 700px; margin: 0 5px;"">
<img src=""http://www.rakuten.ne.jp/gold/dtc/frame/images/syouhinsetumei2.gif"" width=""700"" height=""30"">
</div>

<div style=""width:710px; height:220px;  margin:0 0 20px; overflow:hidden;"">

</div>
-->",BANDAI ネクスエッジスタイル ［MS UNIT］ ガンダムアストレイブルーフレームセカンドL（機動戦士ガンダムSEED ASTRAY）：ソフマップ楽天市場店,ソフマップSofmapパソコンタブレットPCHDDアセンブリパーツパソコンパーツテレビゲームブルーレイソフトDVDソフト液晶テレビブルーレイディスクレコーダーデジタル一眼レフカメラデジタルカメラ家電時計中古アウトレットiPadiPhoneBANDAI ネクスエッジスタイル ［MS UNIT］ ガンダムアストレイブルーフレームセカンドL（機動戦士ガンダムSEED ASTRAY）,BANDAI ネクスエッジスタイル ［MS UNIT］ ガンダムアストレイブルーフレームセカンドL（機動戦士ガンダムSEED ASTRAY）[rn]
2-65816,http://tshop.r10s.jp/dtc/cabinet/20170126n4/4543112895523.jpg?fitin=700:700,1737.6000,,おもちゃ・ホビー・ゲーム > フィギュア > アニメ・コミック,BANDAI ROBOT魂＜SIDE MS＞リーオー 宇宙用モスグリーン （新機動戦記ガンダムW） [振込不可],　,"<table width=""710""><tr><td><!-- おトクなセール＆キャンペーン情報あるいは新着情報 --><div style=""width: 706px; border: 2px solid #F90;""></div></td></tr></table><br><table border=""0"" cellpadding=""0"" cellspacing=""0"" width=""710"" style=""line-height:140%;""><tr><td><font size=""2"">『新機動戦記ガンダムW』シリーズより、リーオー（モスグリーン）第3弾は、ラウンド・バーニアを装備した宇宙用!<br>武装はビームライフルを装備。<br>これまでのシリーズ同様、複数揃えやすいシンプルな仕様で商品化!<br><br>■商品仕様<br>・全高：約125mm<br>・材質：ABS、PVC製<br><br>■セット内容<br>・本体<br>・交換用左手首2種<br>・交換用右手首1種<br>・105mmマシンガン<br>・ラウンド・バーニア<br>・ジョイントパーツ<br><br>※掲載の写真は実際の商品とは多少異なる場合があります。<br>※商品の塗装は彩色行程が手作業になるため、商品個々に多少の差異があります。<br>※パッケージは商品本体の保護材ですので、本体に影響を及ぼすような破損を除き、交換・返品対応対象外となります。あらかじめご了承ください。<br><br>※こちらの商品は限定入荷品に付き、万一、商品の破損・汚損などの場合は返品・返金でのご対応とさせていただいております。<br></font></td></tr></table><!--

-->


<div style=""width:710px; height:180px;  margin:0; overflow:hidden;"">

</div>

<!--
<div style=""width: 700px; margin: 0 5px;"">
<img src=""http://www.rakuten.ne.jp/gold/dtc/frame/images/syouhinsetumei2.gif"" width=""700"" height=""30"">
</div>

<div style=""width:710px; height:220px;  margin:0 0 20px; overflow:hidden;"">

</div>
-->",BANDAI ROBOT魂＜SIDE MS＞リーオー 宇宙用モスグリーン （新機動戦記ガンダムW） [振込不可]：ソフマップ楽天市場店,ソフマップSofmapパソコンタブレットPCHDDアセンブリパーツパソコンパーツテレビゲームブルーレイソフトDVDソフト液晶テレビブルーレイディスクレコーダーデジタル一眼レフカメラデジタルカメラ家電時計中古アウトレットiPadiPhoneBANDAI ROBOT魂＜SIDE MS＞リーオー 宇宙用モスグリーン （新機動戦記ガンダムW） [振込不可],　。BANDAI ROBOT魂＜SIDE MS＞リーオー 宇宙用モスグリーン （新機動戦記ガンダムW） [振込不可][rn]
2-65817,http://tshop.r10s.jp/dtc/cabinet/20170126n4/4536318620082.jpg?fitin=700:700,2800.0000,,おもちゃ・ホビー・ゲーム > フィギュア > アニメ・コミック,ファインモールド 天空の城ラピュタ タイガーモス　プラモデル,,"<table width=""710""><tr><td><!-- おトクなセール＆キャンペーン情報あるいは新着情報 --><div style=""width: 706px; border: 2px solid #F90;""></div></td></tr></table><br><table border=""0"" cellpadding=""0"" cellspacing=""0"" width=""710"" style=""line-height:140%;""><tr><td><font size=""2"">1986年に劇場公開されたスタジオジブリ製作のアニメーション作品『天空の城ラピュタ』より、空中海賊ドーラ一家が操る飛行船『タイガーモス』をモデル化。接着剤不要で組み立てが可能です。船内に収納されたフラップターも再現し、1/20の組立式ドーラ(未塗装)も付属します。<br><br>■部品点数48点+9点(ドーラ)<br>■完成品全長192mm 全幅206mm 全高105mm(台座含む)<br><br>※掲載の写真は実際の商品とは多少異なる場合があります。<br>※パッケージは商品本体の保護材ですので、本体に影響を及ぼすような破損を除き、交換・返品対応対象外となります。あらかじめご了承ください。<br>※商品本体の破損や部品不足等の初期不良品等につきましては、まずは商品に記載されていますメーカーのサポートセンターにお問合せをお願いします。商品にメーカーサポートセンターの記載が無い場合は、当店にご連絡をお願いします。<br><br><br></font></td></tr></table><!--

-->


<div style=""width:710px; height:180px;  margin:0; overflow:hidden;"">

</div>

<!--
<div style=""width: 700px; margin: 0 5px;"">
<img src=""http://www.rakuten.ne.jp/gold/dtc/frame/images/syouhinsetumei2.gif"" width=""700"" height=""30"">
</div>

<div style=""width:710px; height:220px;  margin:0 0 20px; overflow:hidden;"">

</div>
-->",ファインモールド 天空の城ラピュタ タイガーモス　プラモデル：ソフマップ楽天市場店,ソフマップSofmapパソコンタブレットPCHDDアセンブリパーツパソコンパーツテレビゲームブルーレイソフトDVDソフト液晶テレビブルーレイディスクレコーダーデジタル一眼レフカメラデジタルカメラ家電時計中古アウトレットiPadiPhoneファインモールド 天空の城ラピュタ タイガーモス　プラモデル,ファインモールド 天空の城ラピュタ タイガーモス　プラモデル[rn]
2-65818,http://tshop.r10s.jp/dtc/cabinet/20170122s/4549660129172.jpg?fitin=700:700,784.0000,,おもちゃ・ホビー・ゲーム > フィギュア > アニメ・コミック,【06月発売予定】 BANDAI 超合金の塊 ドラゴンボール超キャラクターズ DZ-09:スーパーサイヤ人ゴッド孫悟空 [代引不可],,"<table width=""710""><tr><td><!-- おトクなセール＆キャンペーン情報あるいは新着情報 --><div style=""width: 706px; border: 2px solid #F90;""></div></td></tr></table><br><table border=""0"" cellpadding=""0"" cellspacing=""0"" width=""710"" style=""line-height:140%;""><tr><td><font size=""2"">TV本編序盤での悟空最強形態「スーパーサイヤ人ゴッド」登場！<br>さらには、シリーズ通して悟空達のライバルとしてファンの認知度も高い敵キャラ、「ゴールデンフリーザ」も商品化。<br>そして、圧倒的な強さとユニークさを併せ持つキャラクター「破壊神 ビルス」が商品化されます。<br><br>●ラインナップ<br>全6種（3種＋シークレットカラー3種）<br>・DZ-09：スーパーサイヤ人ゴッド孫悟空（+レッドメタリック）<br>・DZ-10：ゴールデンフリーザ（+金色仕上げ）<br>・DZ-11：破壊神 ビルス（+パープルメタリック）<br>※シークレットカラーは、それぞれの商品（シルバーメッキ版）の中にランダムに入ります。<br><br>■商品仕様<br>全高：約60mm～70mm<br>材質：ダイキャスト製<br><br>■セット内容<br>・本体<br><br>※掲載の写真は実際の商品とは多少異なる場合があります。<br>※商品の塗装は彩色行程が手作業になるため、商品個々に多少の差異があります。<br>※パッケージは商品本体の保護材ですので、本体に影響を及ぼすような破損を除き、交換・返品対応対象外となります。あらかじめご了承ください。<br>※商品本体の破損や部品不足等の初期不良品等につきましては、まずは商品に記載されていますメーカーのサポートセンターにお問合せをお願いします。商品にメーカーサポートセンターの記載が無い場合は、当店にご連絡をお願いします。<br><br>※ホビー系予約商品はメーカー様や問屋様の都合によりごく稀に入荷数量が削減されることがございます。<br>その為、ご予約のお申し込みをいただいておりましてもご提供できない、または数量を減らさせていただくことがございます。<br>その際はメールにてご連絡を差し上げますが、何卒ご了承くださいますようお願いいたします。<br>なお、既にご入金頂いていた場合などは、もちろんご返金の対応をさせていただきます。<br>※発売日以降、入荷次第の発送となります。<br></font></td></tr></table><!--

-->


<div style=""width:710px; height:180px;  margin:0; overflow:hidden;"">

</div>

<!--
<div style=""width: 700px; margin: 0 5px;"">
<img src=""http://www.rakuten.ne.jp/gold/dtc/frame/images/syouhinsetumei2.gif"" width=""700"" height=""30"">
</div>

<div style=""width:710px; height:220px;  margin:0 0 20px; overflow:hidden;"">

</div>
-->",【06月発売予定】 BANDAI 超合金の塊 ドラゴンボール超キャラクターズ DZ-09:スーパーサイヤ人ゴッド孫悟空 [代引不可]：ソフマップ楽天市場店,ソフマップSofmapパソコンタブレットPCHDDアセンブリパーツパソコンパーツテレビゲームブルーレイソフトDVDソフト液晶テレビブルーレイディスクレコーダーデジタル一眼レフカメラデジタルカメラ家電時計中古アウトレットiPadiPhone【06月発売予定】 BANDAI 超合金の塊 ドラゴンボール超キャラクターズ DZ-09:スーパーサイヤ人ゴッド孫悟空 [代引不可],【06月発売予定】 BANDAI 超合金の塊 ドラゴンボール超キャラクターズ DZ-09:スーパーサイヤ人ゴッド孫悟空 [代引不可][rn]
2-65819,http://tshop.r10s.jp/dtc/cabinet/20170207n4/4560308576509.jpg?fitin=700:700,2304.0000,,おもちゃ・ホビー・ゲーム > フィギュア > アニメ・コミック,ファット・カンパニー ミディッチュ 艦これ 大淀（艦隊これくしょん -艦これ-）,,"<table width=""710""><tr><td><!-- おトクなセール＆キャンペーン情報あるいは新着情報 --><div style=""width: 706px; border: 2px solid #F90;""></div></td></tr></table><br><table border=""0"" cellpadding=""0"" cellspacing=""0"" width=""710"" style=""line-height:140%;""><tr><td><font size=""2"">大人気ゲーム『艦隊これくしょん‐艦これ‐』より大淀型 1番艦「大淀」が可愛らしいデフォルメフィギュア“ミディッチュ”で登場です。「任務」時のイメージを押し出し、提督のお仕事を誇らしげに見つめる形で立体化しました！<br><br>■仕様：ABS&PVC 製塗装済み完成品・ノンスケール・専用台座付属・全高 約70mm<br>■原型制作：ゆっ鬼ー/怪屋ハジメ(アセトン)<br>■デフォルメイラスト：八雲劍豪<br>■彩色設計：杉健司<br><br>※「ミディッチュ 艦これ 明石」は別売です。<br>※掲載の写真は実際の商品とは多少異なる場合があります。<br>※商品の塗装は彩色行程が手作業になるため、商品個々に多少の差異があります。<br>※パッケージは商品本体の保護材ですので、本体に影響を及ぼすような破損を除き、交換・返品対応対象外となります。あらかじめご了承ください。<br>※商品本体の破損や部品不足等の初期不良品等につきましては、まずは商品に記載されていますメーカーのサポートセンターにお問合せをお願いします。商品にメーカーサポートセンターの記載が無い場合は、当店にご連絡をお願いします。<br><br><br></font></td></tr></table><!--

-->


<div style=""width:710px; height:180px;  margin:0; overflow:hidden;"">

</div>

<!--
<div style=""width: 700px; margin: 0 5px;"">
<img src=""http://www.rakuten.ne.jp/gold/dtc/frame/images/syouhinsetumei2.gif"" width=""700"" height=""30"">
</div>

<div style=""width:710px; height:220px;  margin:0 0 20px; overflow:hidden;"">

</div>
-->",ファット・カンパニー ミディッチュ 艦これ 大淀（艦隊これくしょん -艦これ-）：ソフマップ楽天市場店,ソフマップSofmapパソコンタブレットPCHDDアセンブリパーツパソコンパーツテレビゲームブルーレイソフトDVDソフト液晶テレビブルーレイディスクレコーダーデジタル一眼レフカメラデジタルカメラ家電時計中古アウトレットiPadiPhoneファット・カンパニー ミディッチュ 艦これ 大淀（艦隊これくしょん -艦これ-）,ファット・カンパニー ミディッチュ 艦これ 大淀（艦隊これくしょん -艦これ-）[rn]
2-65820,http://tshop.r10s.jp/dtc/cabinet/20170207n27/4580416901741.jpg?fitin=700:700,2304.0000,,おもちゃ・ホビー・ゲーム > フィギュア > アニメ・コミック,オランジュ・ルージュ ねんどろいど 松野トド松（おそ松さん）,,"<table width=""710""><tr><td><!-- おトクなセール＆キャンペーン情報あるいは新着情報 --><div style=""width: 706px; border: 2px solid #F90;""></div></td></tr></table><br><table border=""0"" cellpadding=""0"" cellspacing=""0"" width=""710"" style=""line-height:140%;""><tr><td><font size=""2"">大人気TVアニメ『おそ松さん』より、松野家の六男「トド松」がねんどろいどになって登場です。表情はアヒル口が可愛い「通常顔」と迫真の「トッティ顔」、様々な表情を貼り替えて遊べる「のっぺら顔」と「表情シール」をご用意しました。付属パーツには「スマホ」と「カフェのエプロン」、そして交換用の「帽子頭部」つきの豪華仕様！手足の差し替えパーツと組み合わせ様々なポーズにして楽しむことが可能です。別売りのねんどろいど松野兄弟と組み合わせてお楽しみください。<br><br>■仕様：ABS&PVC 塗装済み可動フィギュア・ノンスケール・専用台座付属・全高：約100mm<br>■原型制作：トイテック D.T.C<br>■制作協力：ねんどろん<br>■企画制作：グッドスマイルカンパニー<br><br>※製品は自立しません。付属の台座を使用してください。<br>※掲載の写真は実際の商品とは多少異なる場合があります。<br>※商品の塗装は彩色行程が手作業になるため、商品個々に多少の差異があります。<br>※パッケージは商品本体の保護材ですので、本体に影響を及ぼすような破損を除き、交換・返品対応対象外となります。あらかじめご了承ください。<br>※商品本体の破損や部品不足等の初期不良品等につきましては、まずは商品に記載されていますメーカーのサポートセンターにお問合せをお願いします。商品にメーカーサポートセンターの記載が無い場合は、当店にご連絡をお願いします。<br><br><br></font></td></tr></table><!--

-->


<div style=""width:710px; height:180px;  margin:0; overflow:hidden;"">

</div>

<!--
<div style=""width: 700px; margin: 0 5px;"">
<img src=""http://www.rakuten.ne.jp/gold/dtc/frame/images/syouhinsetumei2.gif"" width=""700"" height=""30"">
</div>

<div style=""width:710px; height:220px;  margin:0 0 20px; overflow:hidden;"">

</div>
-->",オランジュ・ルージュ ねんどろいど 松野トド松（おそ松さん）：ソフマップ楽天市場店,ソフマップSofmapパソコンタブレットPCHDDアセンブリパーツパソコンパーツテレビゲームブルーレイソフトDVDソフト液晶テレビブルーレイディスクレコーダーデジタル一眼レフカメラデジタルカメラ家電時計中古アウトレットiPadiPhoneオランジュ・ルージュ ねんどろいど 松野トド松（おそ松さん）,オランジュ・ルージュ ねんどろいど 松野トド松（おそ松さん）[rn]
2-65821,http://tshop.r10s.jp/dtc/cabinet/20170126n4/4543112867162.jpg?fitin=700:700,2144.0000,,おもちゃ・ホビー・ゲーム > フィギュア > アニメ・コミック,BANDAI S.H.Figuarts スーパーセーラームーン（美少女戦士セーラームーン） [振込不可],,"<table width=""710""><tr><td><!-- おトクなセール＆キャンペーン情報あるいは新着情報 --><div style=""width: 706px; border: 2px solid #F90;""></div></td></tr></table><br><table border=""0"" cellpadding=""0"" cellspacing=""0"" width=""710"" style=""line-height:140%;""><tr><td><font size=""2"">聖杯の力を得て、S.H.Figuarts セーラームーンシリーズにスーパーセーラームーンが登場！<br>豊富な表情、手首パーツに加えてレインボームーンカリス、スパイラル・ハート・ムーンロッドも付属します。<br>髪や肩アーマー、腰のリボン部分はクリアパーツ仕様で質感UP！<br><br>■商品仕様<br>・全高：約145mm<br>・材質：ABS、PVC製<br><br>■セット内容<br>・本体<br>・交換用表情3種<br>・交換用手首左4種<br>・交換用手首右7種<br>・レインボームーンカリス<br>・スパイラル・ハート・ムーンロッド<br>・スタンド一式<br><br>※掲載の写真は実際の商品とは多少異なる場合があります。<br>※商品の塗装は彩色行程が手作業になるため、商品個々に多少の差異があります。<br>※パッケージは商品本体の保護材ですので、本体に影響を及ぼすような破損を除き、交換・返品対応対象外となります。あらかじめご了承ください。<br>※商品本体の破損や部品不足等の初期不良品等につきましては、まずは商品に記載されていますメーカーのサポートセンターにお問合せをお願いします。商品にメーカーサポートセンターの記載が無い場合は、当店にご連絡をお願いします。<br><br><br></font></td></tr></table><!--

-->


<div style=""width:710px; height:180px;  margin:0; overflow:hidden;"">

</div>

<!--
<div style=""width: 700px; margin: 0 5px;"">
<img src=""http://www.rakuten.ne.jp/gold/dtc/frame/images/syouhinsetumei2.gif"" width=""700"" height=""30"">
</div>

<div style=""width:710px; height:220px;  margin:0 0 20px; overflow:hidden;"">

</div>
-->",BANDAI S.H.Figuarts スーパーセーラームーン（美少女戦士セーラームーン） [振込不可]：ソフマップ楽天市場店,ソフマップSofmapパソコンタブレットPCHDDアセンブリパーツパソコンパーツテレビゲームブルーレイソフトDVDソフト液晶テレビブルーレイディスクレコーダーデジタル一眼レフカメラデジタルカメラ家電時計中古アウトレットiPadiPhoneBANDAI S.H.Figuarts スーパーセーラームーン（美少女戦士セーラームーン） [振込不可],BANDAI S.H.Figuarts スーパーセーラームーン（美少女戦士セーラームーン） [振込不可][rn]
2-65822,http://tshop.r10s.jp/dtc/cabinet/20160801a/4545784064474.jpg?fitin=700:700,2144.0000,,おもちゃ・ホビー・ゲーム > フィギュア > アニメ・コミック,マックスファクトリー figma ヨタロウ（劇場版 蒼き鋼のアルペジオ -アルス・ノヴァ- Cadenza）,,"<table width=""710""><tr><td><!-- おトクなセール＆キャンペーン情報あるいは新着情報 --><div style=""width: 706px; border: 2px solid #F90;""></div></td></tr></table><br><table border=""0"" cellpadding=""0"" cellspacing=""0"" width=""710"" style=""line-height:140%;""><tr><td><font size=""2"">アニメ『劇場版 蒼き鋼のアルペジオ -アルス・ノヴァ- Cadenza』より、大戦艦キリシマのユニオンコアがぬいぐるみと融合した「ヨタロウ」がfigma化！<br><br>・スムーズ且つキチッと決まるfigmaオリジナル関節パーツで、劇中のあらゆるシーンを再現。<br>・表情はぬいぐるみらしい「無表情顔」と、激しくビックリした「焦り顔」をご用意。<br>・付属品には左右の「曲げ手」「曲げ脚」と手に取り付け可能な「クラインフィールド」、そして「データ環」をお付けします。<br>・さまざまなシーンを可能にする可動支柱付きのfigma専用台座が同梱。<br><br>■仕様：ABS&PVC 塗装済み可動フィギュア・ノンスケール・専用台座付属・全高：約60mm<br>■原型制作：岩井秀（ランペイジ）<br>■彩色：岩井秀（ランペイジ）<br>■制作協力：浅井真紀<br><br>※掲載の写真は実際の商品とは多少異なる場合があります。<br>※商品の塗装は彩色行程が手作業になるため、商品個々に多少の差異があります。<br>※パッケージは商品本体の保護材ですので、本体に影響を及ぼすような破損を除き、交換・返品対応対象外となります。あらかじめご了承ください。<br>※商品本体の破損や部品不足等の初期不良品等につきましては、まずは商品に記載されていますメーカーのサポートセンターにお問合せをお願いします。商品にメーカーサポートセンターの記載が無い場合は、当店にご連絡をお願いします。<br><br><br></font></td></tr></table><!--

-->


<div style=""width:710px; height:180px;  margin:0; overflow:hidden;"">

</div>

<!--
<div style=""width: 700px; margin: 0 5px;"">
<img src=""http://www.rakuten.ne.jp/gold/dtc/frame/images/syouhinsetumei2.gif"" width=""700"" height=""30"">
</div>

<div style=""width:710px; height:220px;  margin:0 0 20px; overflow:hidden;"">

</div>
-->",マックスファクトリー figma ヨタロウ（劇場版 蒼き鋼のアルペジオ -アルス・ノヴァ- Cadenza）：ソフマップ楽天市場店,ソフマップSofmapパソコンタブレットPCHDDアセンブリパーツパソコンパーツテレビゲームブルーレイソフトDVDソフト液晶テレビブルーレイディスクレコーダーデジタル一眼レフカメラデジタルカメラ家電時計中古アウトレットiPadiPhoneマックスファクトリー figma ヨタロウ（劇場版 蒼き鋼のアルペジオ -アルス・ノヴァ- Cadenza）,マックスファクトリー figma ヨタロウ（劇場版 蒼き鋼のアルペジオ -アルス・ノヴァ- Cadenza）[rn]
2-65823,http://tshop.r10s.jp/dtc/cabinet/20170207n3/4549660052074.jpg?fitin=700:700,2144.0000,,おもちゃ・ホビー・ゲーム > フィギュア > アニメ・コミック,BANDAI D.D.PANORAMATION フェニックス一輝-鳳翼天翔-（聖闘士星矢） [代引不可],,"<table width=""710""><tr><td><!-- おトクなセール＆キャンペーン情報あるいは新着情報 --><div style=""width: 706px; border: 2px solid #F90;""></div></td></tr></table><br><table border=""0"" cellpadding=""0"" cellspacing=""0"" width=""710"" style=""line-height:140%;""><tr><td><font size=""2"">バルゴシャカとフェニックス一輝で「処女宮の戦い」を再現。<br>その他の「D.D.PANORAMATION」聖闘士星矢シリーズも合わせれば、さらに広がる世界。<br><br>■商品仕様<br>全高：約100mm（フィギュア本体）<br>材質：ABS、PVC製<br><br>■セット内容<br>・フィギュア本体<br>・交換用顔パーツ<br>・マスク非装着用髪（前後）<br>・交換用左手首1種<br>・交換用右手首2種<br>・エフェクトパーツ一式<br>・台座<br>・ストラクチャーパーツ一式（ランナー組立式）<br><br>※掲載の写真は実際の商品とは多少異なる場合があります。<br>※商品の塗装は彩色行程が手作業になるため、商品個々に多少の差異があります。<br>※パッケージは商品本体の保護材ですので、本体に影響を及ぼすような破損を除き、交換・返品対応対象外となります。あらかじめご了承ください。<br>※商品本体の破損や部品不足等の初期不良品等につきましては、まずは商品に記載されていますメーカーのサポートセンターにお問合せをお願いします。商品にメーカーサポートセンターの記載が無い場合は、当店にご連絡をお願いします。<br><br><br></font></td></tr></table><!--

-->


<div style=""width:710px; height:180px;  margin:0; overflow:hidden;"">

</div>

<!--
<div style=""width: 700px; margin: 0 5px;"">
<img src=""http://www.rakuten.ne.jp/gold/dtc/frame/images/syouhinsetumei2.gif"" width=""700"" height=""30"">
</div>

<div style=""width:710px; height:220px;  margin:0 0 20px; overflow:hidden;"">

</div>
-->",BANDAI D.D.PANORAMATION フェニックス一輝-鳳翼天翔-（聖闘士星矢） [代引不可]：ソフマップ楽天市場店,ソフマップSofmapパソコンタブレットPCHDDアセンブリパーツパソコンパーツテレビゲームブルーレイソフトDVDソフト液晶テレビブルーレイディスクレコーダーデジタル一眼レフカメラデジタルカメラ家電時計中古アウトレットiPadiPhoneBANDAI D.D.PANORAMATION フェニックス一輝-鳳翼天翔-（聖闘士星矢） [代引不可],BANDAI D.D.PANORAMATION フェニックス一輝-鳳翼天翔-（聖闘士星矢） [代引不可][rn]
2-65824,http://tshop.r10s.jp/dtc/cabinet/20170122s/4549660129189.jpg?fitin=700:700,784.0000,,おもちゃ・ホビー・ゲーム > フィギュア > アニメ・コミック,【06月発売予定】 BANDAI 超合金の塊 ドラゴンボール超キャラクターズ DZ-10:ゴールデンフリーザ [代引不可],,"<table width=""710""><tr><td><!-- おトクなセール＆キャンペーン情報あるいは新着情報 --><div style=""width: 706px; border: 2px solid #F90;""></div></td></tr></table><br><table border=""0"" cellpadding=""0"" cellspacing=""0"" width=""710"" style=""line-height:140%;""><tr><td><font size=""2"">TV本編序盤での悟空最強形態「スーパーサイヤ人ゴッド」登場！<br>さらには、シリーズ通して悟空達のライバルとしてファンの認知度も高い敵キャラ、「ゴールデンフリーザ」も商品化。<br>そして、圧倒的な強さとユニークさを併せ持つキャラクター「破壊神 ビルス」が商品化されます。<br><br>●ラインナップ<br>全6種（3種＋シークレットカラー3種）<br>・DZ-09：スーパーサイヤ人ゴッド孫悟空（+レッドメタリック）<br>・DZ-10：ゴールデンフリーザ（+金色仕上げ）<br>・DZ-11：破壊神 ビルス（+パープルメタリック）<br>※シークレットカラーは、それぞれの商品（シルバーメッキ版）の中にランダムに入ります。<br><br>■商品仕様<br>全高：約60mm～70mm<br>材質：ダイキャスト製<br><br>■セット内容<br>・本体<br><br>※掲載の写真は実際の商品とは多少異なる場合があります。<br>※商品の塗装は彩色行程が手作業になるため、商品個々に多少の差異があります。<br>※パッケージは商品本体の保護材ですので、本体に影響を及ぼすような破損を除き、交換・返品対応対象外となります。あらかじめご了承ください。<br>※商品本体の破損や部品不足等の初期不良品等につきましては、まずは商品に記載されていますメーカーのサポートセンターにお問合せをお願いします。商品にメーカーサポートセンターの記載が無い場合は、当店にご連絡をお願いします。<br><br>※ホビー系予約商品はメーカー様や問屋様の都合によりごく稀に入荷数量が削減されることがございます。<br>その為、ご予約のお申し込みをいただいておりましてもご提供できない、または数量を減らさせていただくことがございます。<br>その際はメールにてご連絡を差し上げますが、何卒ご了承くださいますようお願いいたします。<br>なお、既にご入金頂いていた場合などは、もちろんご返金の対応をさせていただきます。<br>※発売日以降、入荷次第の発送となります。<br></font></td></tr></table><!--

-->


<div style=""width:710px; height:180px;  margin:0; overflow:hidden;"">

</div>

<!--
<div style=""width: 700px; margin: 0 5px;"">
<img src=""http://www.rakuten.ne.jp/gold/dtc/frame/images/syouhinsetumei2.gif"" width=""700"" height=""30"">
</div>

<div style=""width:710px; height:220px;  margin:0 0 20px; overflow:hidden;"">

</div>
-->",【06月発売予定】 BANDAI 超合金の塊 ドラゴンボール超キャラクターズ DZ-10:ゴールデンフリーザ [代引不可]：ソフマップ楽天市場店,ソフマップSofmapパソコンタブレットPCHDDアセンブリパーツパソコンパーツテレビゲームブルーレイソフトDVDソフト液晶テレビブルーレイディスクレコーダーデジタル一眼レフカメラデジタルカメラ家電時計中古アウトレットiPadiPhone【06月発売予定】 BANDAI 超合金の塊 ドラゴンボール超キャラクターズ DZ-10:ゴールデンフリーザ [代引不可],【06月発売予定】 BANDAI 超合金の塊 ドラゴンボール超キャラクターズ DZ-10:ゴールデンフリーザ [代引不可][rn]
2-65825,http://tshop.r10s.jp/dtc/cabinet/20170122s/4549660129196.jpg?fitin=700:700,784.0000,,おもちゃ・ホビー・ゲーム > フィギュア > アニメ・コミック,【06月発売予定】 BANDAI 超合金の塊 ドラゴンボール超キャラクターズ DZ-11:破壊神 ビルス [代引不可],,"<table width=""710""><tr><td><!-- おトクなセール＆キャンペーン情報あるいは新着情報 --><div style=""width: 706px; border: 2px solid #F90;""></div></td></tr></table><br><table border=""0"" cellpadding=""0"" cellspacing=""0"" width=""710"" style=""line-height:140%;""><tr><td><font size=""2"">TV本編序盤での悟空最強形態「スーパーサイヤ人ゴッド」登場！<br>さらには、シリーズ通して悟空達のライバルとしてファンの認知度も高い敵キャラ、「ゴールデンフリーザ」も商品化。<br>そして、圧倒的な強さとユニークさを併せ持つキャラクター「破壊神 ビルス」が商品化されます。<br><br>●ラインナップ<br>全6種（3種＋シークレットカラー3種）<br>・DZ-09：スーパーサイヤ人ゴッド孫悟空（+レッドメタリック）<br>・DZ-10：ゴールデンフリーザ（+金色仕上げ）<br>・DZ-11：破壊神 ビルス（+パープルメタリック）<br>※シークレットカラーは、それぞれの商品（シルバーメッキ版）の中にランダムに入ります。<br><br>■商品仕様<br>全高：約60mm～70mm<br>材質：ダイキャスト製<br><br>■セット内容<br>・本体<br><br>※掲載の写真は実際の商品とは多少異なる場合があります。<br>※商品の塗装は彩色行程が手作業になるため、商品個々に多少の差異があります。<br>※パッケージは商品本体の保護材ですので、本体に影響を及ぼすような破損を除き、交換・返品対応対象外となります。あらかじめご了承ください。<br>※商品本体の破損や部品不足等の初期不良品等につきましては、まずは商品に記載されていますメーカーのサポートセンターにお問合せをお願いします。商品にメーカーサポートセンターの記載が無い場合は、当店にご連絡をお願いします。<br><br>※ホビー系予約商品はメーカー様や問屋様の都合によりごく稀に入荷数量が削減されることがございます。<br>その為、ご予約のお申し込みをいただいておりましてもご提供できない、または数量を減らさせていただくことがございます。<br>その際はメールにてご連絡を差し上げますが、何卒ご了承くださいますようお願いいたします。<br>なお、既にご入金頂いていた場合などは、もちろんご返金の対応をさせていただきます。<br>※発売日以降、入荷次第の発送となります。<br></font></td></tr></table><!--

-->


<div style=""width:710px; height:180px;  margin:0; overflow:hidden;"">

</div>

<!--
<div style=""width: 700px; margin: 0 5px;"">
<img src=""http://www.rakuten.ne.jp/gold/dtc/frame/images/syouhinsetumei2.gif"" width=""700"" height=""30"">
</div>

<div style=""width:710px; height:220px;  margin:0 0 20px; overflow:hidden;"">

</div>
-->",【06月発売予定】 BANDAI 超合金の塊 ドラゴンボール超キャラクターズ DZ-11:破壊神 ビルス [代引不可]：ソフマップ楽天市場店,ソフマップSofmapパソコンタブレットPCHDDアセンブリパーツパソコンパーツテレビゲームブルーレイソフトDVDソフト液晶テレビブルーレイディスクレコーダーデジタル一眼レフカメラデジタルカメラ家電時計中古アウトレットiPadiPhone【06月発売予定】 BANDAI 超合金の塊 ドラゴンボール超キャラクターズ DZ-11:破壊神 ビルス [代引不可],【06月発売予定】 BANDAI 超合金の塊 ドラゴンボール超キャラクターズ DZ-11:破壊神 ビルス [代引不可][rn]
2-65826,http://tshop.r10s.jp/dtc/cabinet/20170207n3/4549660049043.jpg?fitin=700:700,5264.0000,,おもちゃ・ホビー・ゲーム > フィギュア > アニメ・コミック,BANDAI 超合金 ハローキティ（マジンガーZカラー） [振込不可],,"<table width=""710""><tr><td><!-- おトクなセール＆キャンペーン情報あるいは新着情報 --><div style=""width: 706px; border: 2px solid #F90;""></div></td></tr></table><br><table border=""0"" cellpadding=""0"" cellspacing=""0"" width=""710"" style=""line-height:140%;""><tr><td><font size=""2"">●マジンガーZカラー<br>電解メッキを使用した本気のマジンガーカラー。もちろんコックピットのキティも兜甲児カラー！<br><br>●3段変形<br>マジンガーZカラーになっても３段変形はもちろん健在！<br>また、3段階に変化する目は新しいパターンのものが追加。<br><br>●おそろいの特製メッキ台座<br>ハローキティ、マジンガーZ（別売り）、それぞれに特製プレート付き台座が付属。<br>台座の表面はメッキ仕上げ。<br><br>●連動パーツでマジンガーZと「握手」<br>マジンガーZ（別売り）にはハローキティとの握手シーンを再現するパーツが付属する。<br><br>●スペシャルページでショートアニメ公開<br>マジンガーZとハローキティはなぜ入れかわってしまったのか!?<br>衝撃のショートアニメが絶賛公開中!<br><br>■商品仕様<br>全高：約105mm<br>材質：ダイキャスト、ABS製<br><br>■セット内容<br>・本体<br>・専用台座<br>・ミニフィギュア<br>・水陸空パーツ<br><br>※掲載の写真は実際の商品とは多少異なる場合があります。<br>※商品の塗装は彩色行程が手作業になるため、商品個々に多少の差異があります。<br>※パッケージは商品本体の保護材ですので、本体に影響を及ぼすような破損を除き、交換・返品対応対象外となります。あらかじめご了承ください。<br>※商品本体の破損や部品不足等の初期不良品等につきましては、まずは商品に記載されていますメーカーのサポートセンターにお問合せをお願いします。商品にメーカーサポートセンターの記載が無い場合は、当店にご連絡をお願いします。<br><br><br></font></td></tr></table><!--

-->


<div style=""width:710px; height:180px;  margin:0; overflow:hidden;"">

</div>

<!--
<div style=""width: 700px; margin: 0 5px;"">
<img src=""http://www.rakuten.ne.jp/gold/dtc/frame/images/syouhinsetumei2.gif"" width=""700"" height=""30"">
</div>

<div style=""width:710px; height:220px;  margin:0 0 20px; overflow:hidden;"">

</div>
-->",BANDAI 超合金 ハローキティ（マジンガーZカラー） [振込不可]：ソフマップ楽天市場店,ソフマップSofmapパソコンタブレットPCHDDアセンブリパーツパソコンパーツテレビゲームブルーレイソフトDVDソフト液晶テレビブルーレイディスクレコーダーデジタル一眼レフカメラデジタルカメラ家電時計中古アウトレットiPadiPhoneBANDAI 超合金 ハローキティ（マジンガーZカラー） [振込不可],BANDAI 超合金 ハローキティ（マジンガーZカラー） [振込不可][rn]
2-65827,http://tshop.r10s.jp/dtc/cabinet/20170207n3/4549660041122.jpg?fitin=700:700,7104.0000,,おもちゃ・ホビー・ゲーム > フィギュア > アニメ・コミック,BANDAI スーパーロボット超合金 ジャイアントロボ THE ANIMATION VERSION(ジャイアントロボ THE ANIMATION -地球が静止する日) [振込不可],,"<table width=""710""><tr><td><!-- おトクなセール＆キャンペーン情報あるいは新着情報 --><div style=""width: 706px; border: 2px solid #F90;""></div></td></tr></table><br><table border=""0"" cellpadding=""0"" cellspacing=""0"" width=""710"" style=""line-height:140%;""><tr><td><font size=""2"">OVA『ジャイアントロボ THE ANIMATION -地球が静止する日』よりジャイアントロボが登場！<br><br>1992～1998年の6年間にわたり展開したOVA『ジャイアントロボ THE ANIMATION -地球が静止する日』に登場する主人公ロボットがスーパーロボット超合金シリーズに登場。<br>マッシブなプロポーションを保ちつつダイナミックなポージングも可能。<br><br>・背部ロケットバズーカ<br>　引出しスライド機構でロケットバズーカが背中から変形！<br>　バズーカの内部パーツも再現されている。<br><br>・肩部大型ミサイルランチャー<br>　パーツ差し替えで肩部の大型ミサイル発射直前ポーズを再現可能。<br><br>■商品仕様<br>全高：約150mm<br>材質：ABS、PVC、ダイキャスト製<br><br>■セット内容<br>・本体<br>・交換用左手首1種<br>・交換用右手首２種<br>・肩ミサイル（左右）<br>・バズーカ支柱パーツ<br>・バズーカ用アームジョイント<br>・魂STAGE用ジョイントパーツ<br><br>※掲載の写真は実際の商品とは多少異なる場合があります。<br>※商品の塗装は彩色行程が手作業になるため、商品個々に多少の差異があります。<br>※パッケージは商品本体の保護材ですので、本体に影響を及ぼすような破損を除き、交換・返品対応対象外となります。あらかじめご了承ください。<br>※商品本体の破損や部品不足等の初期不良品等につきましては、まずは商品に記載されていますメーカーのサポートセンターにお問合せをお願いします。商品にメーカーサポートセンターの記載が無い場合は、当店にご連絡をお願いします。<br><br><br></font></td></tr></table><!--

-->


<div style=""width:710px; height:180px;  margin:0; overflow:hidden;"">

</div>

<!--
<div style=""width: 700px; margin: 0 5px;"">
<img src=""http://www.rakuten.ne.jp/gold/dtc/frame/images/syouhinsetumei2.gif"" width=""700"" height=""30"">
</div>

<div style=""width:710px; height:220px;  margin:0 0 20px; overflow:hidden;"">

</div>
-->",BANDAI スーパーロボット超合金 ジャイアントロボ THE ANIMATION VERSION(ジャイアントロボ THE ANIMATION -地球が静止する日) [振込不可]：ソフマップ楽天市場店,ソフマップSofmapパソコンタブレットPCHDDアセンブリパーツパソコンパーツテレビゲームブルーレイソフトDVDソフト液晶テレビブルーレイディスクレコーダーデジタル一眼レフカメラデジタルカメラ家電時計中古アウトレットiPadiPhoneBANDAI スーパーロボット超合金 ジャイアントロボ THE ANIMATION VERSION(ジャイアントロボ THE ANIMATION -地球が静止する日) [振込不可],BANDAI スーパーロボット超合金 ジャイアントロボ THE ANIMATION VERSION(ジャイアントロボ THE ANIMATION -地球が静止する日) [振込不可][rn]
2-65828,http://tshop.r10s.jp/dtc/cabinet/20150815r/4543112665881.jpg?fitin=700:700,1928.0000,,おもちゃ・ホビー・ゲーム > フィギュア > アニメ・コミック,BANDAIROBOT魂 ＜SIDE MS＞ V2ガンダム 〔再販〕 （機動戦士Vガンダム） [代引不可],,"<table width=""710""><tr><td><!-- おトクなセール＆キャンペーン情報あるいは新着情報 --><div style=""width: 706px; border: 2px solid #F90;""></div></td></tr></table><br><table border=""0"" cellpadding=""0"" cellspacing=""0"" width=""710"" style=""line-height:140%;""><tr><td><font size=""2"">先に発売された「V2アサルトバスターガンダム」に更なる改良点を加え、「V2ガンダム」として商品化。<br>頭部をはじめ全身の多くを新造。さらに狙撃用スコープ展開状態の頭部やフル出力状態の光の翼も付属。<br>また、V2アサルトバスターガンダム（別売り）のアサルトパーツ、バスターパーツも装着が可能。<br><br>■商品仕様<br>・全高：約125mm<br>・材質：ABS、PVC製<br><br>■セット内容<br>・本体<br>・交換用手首<br>・ビーム・ライフル<br>・ビーム・サーベル<br>・ビーム・シールド(PET製)<br>・狙撃用スコープ展開状態頭部<br>・光の翼(フル出力) 他<br><br>※掲載の写真は実際の商品とは多少異なる場合があります。<br>※商品の塗装は彩色行程が手作業になるため、商品個々に多少の差異があります。<br>※パッケージは商品本体の保護材ですので、本体に影響を及ぼすような破損を除き、交換・返品対応対象外となります。あらかじめご了承ください。<br><br></font></td></tr></table><!--

-->


<div style=""width:710px; height:180px;  margin:0; overflow:hidden;"">

</div>

<!--
<div style=""width: 700px; margin: 0 5px;"">
<img src=""http://www.rakuten.ne.jp/gold/dtc/frame/images/syouhinsetumei2.gif"" width=""700"" height=""30"">
</div>

<div style=""width:710px; height:220px;  margin:0 0 20px; overflow:hidden;"">

</div>
-->",BANDAIROBOT魂 ＜SIDE MS＞ V2ガンダム 〔再販〕 （機動戦士Vガンダム） [代引不可]：ソフマップ楽天市場店,ソフマップSofmapパソコンタブレットPCHDDアセンブリパーツパソコンパーツテレビゲームブルーレイソフトDVDソフト液晶テレビブルーレイディスクレコーダーデジタル一眼レフカメラデジタルカメラ家電時計中古アウトレットiPadiPhoneBANDAIROBOT魂 ＜SIDE MS＞ V2ガンダム 〔再販〕 （機動戦士Vガンダム） [代引不可],BANDAIROBOT魂 ＜SIDE MS＞ V2ガンダム 〔再販〕 （機動戦士Vガンダム） [代引不可][rn]
2-65829,http://tshop.r10s.jp/dtc/cabinet/20170126n4/4543112949653.jpg?fitin=700:700,3584.0000,,おもちゃ・ホビー・ゲーム > フィギュア > アニメ・コミック,BANDAI ROBOT魂 ＜SIDE MS＞ ジャスティスガンダム（機動戦士ガンダムSEED） [振込不可],,"<table width=""710""><tr><td><!-- おトクなセール＆キャンペーン情報あるいは新着情報 --><div style=""width: 706px; border: 2px solid #F90;""></div></td></tr></table><br><table border=""0"" cellpadding=""0"" cellspacing=""0"" width=""710"" style=""line-height:140%;""><tr><td><font size=""2"">「正義（ジャスティス）」出撃！<br>至高のジャスティス。フリーダムに続き登場！<br><br>キマる！<br>劇中イメージのポージングも、ストレス無くキマる!!<br>載せる！<br>オリジナルギミックを生かした「ファトゥム-00」搭乗時のポージングが可能！<br><br>背部「ファトゥム-00」は設定通りに、収納・展開が可能！<br>「ファトゥム-00」には、ROBOT魂オリジナルギミックとして、一部パーツの差し替えで、脚部を載せる部位を拡張することが可能！<br>これにより、ジャスティスガンダムを搭乗させたポージングが広がる！<br><br><br>■商品仕様<br>全高：約140mm<br>材質：ABS、PVC製<br><br>■セット内容<br>・本体<br>・交換用手首左右各3種<br>・ビームライフル<br>・シールド<br>・ビームサーベル×2<br>・連結用ビームサーベル柄<br>・バックパック拡張パーツ（左右）<br><br>※掲載の写真は実際の商品とは多少異なる場合があります。<br>※商品の塗装は彩色行程が手作業になるため、商品個々に多少の差異があります。<br>※パッケージは商品本体の保護材ですので、本体に影響を及ぼすような破損を除き、交換・返品対応対象外となります。あらかじめご了承ください。<br>※商品本体の破損や部品不足等の初期不良品等につきましては、まずは商品に記載されていますメーカーのサポートセンターにお問合せをお願いします。商品にメーカーサポートセンターの記載が無い場合は、当店にご連絡をお願いします。<br><br>※ホビー系予約商品はメーカー様や問屋様の都合によりごく稀に入荷数量が削減されることがございます。<br>その為、ご予約のお申し込みをいただいておりましてもご提供できない、または数量を減らさせていただくことがございます。<br>その際はメールにてご連絡を差し上げますが、何卒ご了承くださいますようお願いいたします。<br>なお、既にご入金頂いていた場合などは、もちろんご返金の対応をさせていただきます。<br>※発売日以降、入荷次第の発送となります。<br></font></td></tr></table><!--

-->


<div style=""width:710px; height:180px;  margin:0; overflow:hidden;"">

</div>

<!--
<div style=""width: 700px; margin: 0 5px;"">
<img src=""http://www.rakuten.ne.jp/gold/dtc/frame/images/syouhinsetumei2.gif"" width=""700"" height=""30"">
</div>

<div style=""width:710px; height:220px;  margin:0 0 20px; overflow:hidden;"">

</div>
-->",BANDAI ROBOT魂 ＜SIDE MS＞ ジャスティスガンダム（機動戦士ガンダムSEED） [振込不可]：ソフマップ楽天市場店,ソフマップSofmapパソコンタブレットPCHDDアセンブリパーツパソコンパーツテレビゲームブルーレイソフトDVDソフト液晶テレビブルーレイディスクレコーダーデジタル一眼レフカメラデジタルカメラ家電時計中古アウトレットiPadiPhoneBANDAI ROBOT魂 ＜SIDE MS＞ ジャスティスガンダム（機動戦士ガンダムSEED） [振込不可],BANDAI ROBOT魂 ＜SIDE MS＞ ジャスティスガンダム（機動戦士ガンダムSEED） [振込不可][rn]
2-65830,http://tshop.r10s.jp/dtc/cabinet/01060824/4543112851741.jpg?fitin=700:700,4224.0000,,おもちゃ・ホビー・ゲーム > フィギュア > アニメ・コミック,BANDAIS.H.Figuarts アイアンマン マーク42【再販】 [振込不可],,"<table width=""710""><tr><td><!-- おトクなセール＆キャンペーン情報あるいは新着情報 --><div style=""width: 706px; border: 2px solid #F90;""></div></td></tr></table><br><table border=""0"" cellpadding=""0"" cellspacing=""0"" width=""710"" style=""line-height:140%;""><tr><td><font size=""2"">劇中のポーズ再現はもちろん可能<br>アイアンマン マーク42の迫力の戦闘シーンを楽しめる。<br>豊富なエフェクトパーツで飛行シーンを再現。<br>前作から一新した造形と幅広い可動範囲で、”床着地ポーズ”も再現可能。<br><br>■商品仕様<br>・全高：約155mm<br>・材質：ABS、PVC、ダイキャスト製<br>■セット内容<br>・本体<br>・交換用手首左右各3種<br>・掌用エフェクト左右各2種<br>・脚部用エフェクト左右各1種<br><br>※初回限定特典『社長のソファ』は付きません。<br>※再生産品<br>※掲載の写真は実際の商品とは多少異なる場合があります。<br>※商品の塗装は彩色行程が手作業になるため、商品個々に多少の差異があります。<br>※パッケージは商品本体の保護材ですので、本体に影響を及ぼすような破損を除き、交換・返品対応対象外となります。あらかじめご了承ください。<br>※商品本体の破損や部品不足等の初期不良品等につきましては、まずは商品に記載されていますメーカーのサポートセンターにお問合せをお願いします。商品にメーカーサポートセンターの記載が無い場合は、当店にご連絡をお願いします。<br><br><br></font></td></tr></table><!--

-->


<div style=""width:710px; height:180px;  margin:0; overflow:hidden;"">

</div>

<!--
<div style=""width: 700px; margin: 0 5px;"">
<img src=""http://www.rakuten.ne.jp/gold/dtc/frame/images/syouhinsetumei2.gif"" width=""700"" height=""30"">
</div>

<div style=""width:710px; height:220px;  margin:0 0 20px; overflow:hidden;"">

</div>
-->",BANDAIS.H.Figuarts アイアンマン マーク42【再販】 [振込不可]：ソフマップ楽天市場店,ソフマップSofmapパソコンタブレットPCHDDアセンブリパーツパソコンパーツテレビゲームブルーレイソフトDVDソフト液晶テレビブルーレイディスクレコーダーデジタル一眼レフカメラデジタルカメラ家電時計中古アウトレットiPadiPhoneBANDAIS.H.Figuarts アイアンマン マーク42【再販】 [振込不可],BANDAIS.H.Figuarts アイアンマン マーク42【再販】 [振込不可][rn]
2-65831,http://tshop.r10s.jp/dtc/cabinet/20150108n/4543112913791.jpg?fitin=700:700,1472.0000,,おもちゃ・ホビー・ゲーム > フィギュア > アニメ・コミック,BANDAI NXEDGE STYLE [MS UNIT]  デスティニーガンダム,　,"<table width=""710""><tr><td><!-- おトクなセール＆キャンペーン情報あるいは新着情報 --><div style=""width: 706px; border: 2px solid #F90;""></div></td></tr></table><br><table border=""0"" cellpadding=""0"" cellspacing=""0"" width=""710"" style=""line-height:140%;""><tr><td><font size=""2"">第3弾は『機動戦士ガンダムSEED DESTINY』より「デスティニーガンダム」！<br>専用手首によりバルマフィオキーナ掌部ビーム砲が再現可能<br><br>●エッジの効いた大胆アレンジ。<br>　エッジの効いたデザインとシルエットで表現する「EDGE PLUS」アレンジを採用。<br>　キャラクターの新たな魅力を引き出しつつ、立体としての見栄えを追求。<br><br>●磨き抜かれた可動性能。<br>　全身20箇所以上にも及ぶ可動により、様々なアクションポーズが再現可能。<br>　軟質素材のスカートは、脚の可動を妨げない。<br><br>●専用STAGEを同梱。<br>　専用のステージを標準で同梱。箱から取り出してそのまますぐに飾れるだけでなく、<br>　連結することで遊びの幅は更に広がる。<br><br>■商品仕様<br>全高：約80mm<br>材質：PVC、ABS製<br><br>■セット内容<br>・本体<br>・交換用手首右1種<br>・MA-BAR73/S 高エネルギービームライフル<br>・専用STAGE一式<br><br>※掲載の写真は実際の商品とは多少異なる場合があります。<br>※商品の塗装は彩色行程が手作業になるため、商品個々に多少の差異があります。<br>※パッケージは商品本体の保護材ですので、本体に影響を及ぼすような破損を除き、交換・返品対応対象外となります。あらかじめご了承ください。<br><br><br></font></td></tr></table><!--

-->


<div style=""width:710px; height:180px;  margin:0; overflow:hidden;"">

</div>

<!--
<div style=""width: 700px; margin: 0 5px;"">
<img src=""http://www.rakuten.ne.jp/gold/dtc/frame/images/syouhinsetumei2.gif"" width=""700"" height=""30"">
</div>

<div style=""width:710px; height:220px;  margin:0 0 20px; overflow:hidden;"">

</div>
-->",BANDAI NXEDGE STYLE [MS UNIT]  デスティニーガンダム：ソフマップ楽天市場店,ソフマップSofmapパソコンタブレットPCHDDアセンブリパーツパソコンパーツテレビゲームブルーレイソフトDVDソフト液晶テレビブルーレイディスクレコーダーデジタル一眼レフカメラデジタルカメラ家電時計中古アウトレットiPadiPhoneBANDAI NXEDGE STYLE [MS UNIT]  デスティニーガンダム,　。BANDAI NXEDGE STYLE [MS UNIT]  デスティニーガンダム[rn]
2-65832,http://tshop.r10s.jp/dtc/cabinet/20150627r/4543112573056.jpg?fitin=700:700,1824.0000,,おもちゃ・ホビー・ゲーム > フィギュア > アニメ・コミック,BANDAIROBOT魂 ＜SIDE MS＞ターンエーガンダム〔再販〕 （ターンエーガンダム） [振込不可],,"<table width=""710""><tr><td><!-- おトクなセール＆キャンペーン情報あるいは新着情報 --><div style=""width: 706px; border: 2px solid #F90;""></div></td></tr></table><br><table border=""0"" cellpadding=""0"" cellspacing=""0"" width=""710"" style=""line-height:140%;""><tr><td><font size=""2"">発売後各所に高い評価を得ている「ターンX」に続く『∀ガンダム』ラインナップ第2弾として、ついに主役MSの「ターンエーガンダム」が待望の発売。<br><br>劇中イメージのプロポーションで、複雑な構造のターンエーを精巧に立体化。肩アーマーや脛部などの独特の可動機構を精密に再現しています。<br>付属オプションは、標準的な武器装備一式に加えて、劇中序盤の活躍の姿である""ナノマシンに覆われた脛部スラスターベーン""を再現するパーツも初立体化して付属します。<br><br>【商品仕様】<br>ABS・PVC・POM製塗装済み完成品。頭頂高約12.5cm。<br><br>【セット内容】<br>ターンエーガンダム本体、交換用手首、ビーム・ライフル、ビーム・サーベルx2、シールド、シールドジョイント、ハッチ展開時胸部、ナノマシンパーツx4。<br><br>※こちらの商品は再生産品になります。<br>※掲載の写真は実際の商品とは多少異なる場合があります。<br>※商品の塗装は彩色行程が手作業になるため、商品個々に多少の差異があります。<br>※パッケージは商品本体の保護材ですので、本体に影響を及ぼすような破損を除き、交換・返品対応対象外となります。あらかじめご了承ください。<br>※商品本体の破損や部品不足等の初期不良品等につきましては、まずは商品に記載されていますメーカーのサポートセンターにお問合せをお願いします。商品にメーカーサポートセンターの記載が無い場合は、当店にご連絡をお願いします。<br><br></font></td></tr></table><!--

-->


<div style=""width:710px; height:180px;  margin:0; overflow:hidden;"">

</div>

<!--
<div style=""width: 700px; margin: 0 5px;"">
<img src=""http://www.rakuten.ne.jp/gold/dtc/frame/images/syouhinsetumei2.gif"" width=""700"" height=""30"">
</div>

<div style=""width:710px; height:220px;  margin:0 0 20px; overflow:hidden;"">

</div>
-->",BANDAIROBOT魂 ＜SIDE MS＞ターンエーガンダム〔再販〕 （ターンエーガンダム） [振込不可]：ソフマップ楽天市場店,ソフマップSofmapパソコンタブレットPCHDDアセンブリパーツパソコンパーツテレビゲームブルーレイソフトDVDソフト液晶テレビブルーレイディスクレコーダーデジタル一眼レフカメラデジタルカメラ家電時計中古アウトレットiPadiPhoneBANDAIROBOT魂 ＜SIDE MS＞ターンエーガンダム〔再販〕 （ターンエーガンダム） [振込不可],BANDAIROBOT魂 ＜SIDE MS＞ターンエーガンダム〔再販〕 （ターンエーガンダム） [振込不可][rn]
2-65833,http://tshop.r10s.jp/dtc/cabinet/20170126n4/4543112955203.jpg?fitin=700:700,2064.0000,,おもちゃ・ホビー・ゲーム > フィギュア > アニメ・コミック,BANDAI ネクスエッジスタイル ダブルオーガンダム＆オーライザーセット（機動戦士ガンダム００） [振込不可],,"<table width=""710""><tr><td><!-- おトクなセール＆キャンペーン情報あるいは新着情報 --><div style=""width: 706px; border: 2px solid #F90;""></div></td></tr></table><br><table border=""0"" cellpadding=""0"" cellspacing=""0"" width=""710"" style=""line-height:140%;""><tr><td><font size=""2"">『機動戦士ガンダム００』の主人公機「ダブルオーガンダム」がネクスエッジスタイルの2nd SEASONのトリを飾る！<br>更にオーライザーも付属し、合体することで「ダブルオーライザー」も再現可能のシリーズ最大ボリューム仕様です。<br><br>・合体ギミック内蔵！<br><br>・クリアパーツ仕様！<br>GNソードIIIをはじめ、頭部と脚部のGNコンデンサーもクリアパーツで豪華に再現！<br><br>・専用ジョイントで様々な展示が可能！<br>オーライザー用のジョイントが付属するので、「ダブルオーライザー」形態だけでなく、それぞれ単品状態での展示も可能！<br><br>■商品仕様<br>・全高：約85mm<br>・材質：ABS、PVC製<br><br>■セット内容<br>・ダブルオーガンダム本体<br>・オーライザー本体<br>・GNソードII左右<br>・GNソードIII<br>・専用STAGE一式<br><br>※掲載の写真は実際の商品とは多少異なる場合があります。<br>※商品の塗装は彩色行程が手作業になるため、商品個々に多少の差異があります。<br>※パッケージは商品本体の保護材ですので、本体に影響を及ぼすような破損を除き、交換・返品対応対象外となります。あらかじめご了承ください。<br>※商品本体の破損や部品不足等の初期不良品等につきましては、まずは商品に記載されていますメーカーのサポートセンターにお問合せをお願いします。商品にメーカーサポートセンターの記載が無い場合は、当店にご連絡をお願いします。<br><br></font></td></tr></table><!--

-->


<div style=""width:710px; height:180px;  margin:0; overflow:hidden;"">

</div>

<!--
<div style=""width: 700px; margin: 0 5px;"">
<img src=""http://www.rakuten.ne.jp/gold/dtc/frame/images/syouhinsetumei2.gif"" width=""700"" height=""30"">
</div>

<div style=""width:710px; height:220px;  margin:0 0 20px; overflow:hidden;"">

</div>
-->",BANDAI ネクスエッジスタイル ダブルオーガンダム＆オーライザーセット（機動戦士ガンダム００） [振込不可]：ソフマップ楽天市場店,ソフマップSofmapパソコンタブレットPCHDDアセンブリパーツパソコンパーツテレビゲームブルーレイソフトDVDソフト液晶テレビブルーレイディスクレコーダーデジタル一眼レフカメラデジタルカメラ家電時計中古アウトレットiPadiPhoneBANDAI ネクスエッジスタイル ダブルオーガンダム＆オーライザーセット（機動戦士ガンダム００） [振込不可],BANDAI ネクスエッジスタイル ダブルオーガンダム＆オーライザーセット（機動戦士ガンダム００） [振込不可][rn]
2-65834,http://tshop.r10s.jp/dtc/cabinet/20170207n2/4545784063835.jpg?fitin=700:700,5984.0000,,おもちゃ・ホビー・ゲーム > フィギュア > アニメ・コミック,マックスファクトリー figma 一八式衛人（シドニアの騎士）,,"<table width=""710""><tr><td><!-- おトクなセール＆キャンペーン情報あるいは新着情報 --><div style=""width: 706px; border: 2px solid #F90;""></div></td></tr></table><br><table border=""0"" cellpadding=""0"" cellspacing=""0"" width=""710"" style=""line-height:140%;""><tr><td><font size=""2"">TVアニメ『シドニアの騎士』より、科戸瀬イザナが駆る「一八式衛人」がfigmaで登場！<br><br>スムーズ且つキチッと決まるfigmaオリジナル関節パーツで、劇中のあらゆるシーンを再現。<br>通常頭部のほかに、「ヘイグス粒子発射頭部」を差し替えることで粒子砲発射時の再現が可能。<br>一八式衛人の基本武装である「カビザシ」「腕部カッター」「弾体加速装置」が付属。<br>さらに高速移動時の「背部ブースター先端（長）」や、カビザシに取り付けることが出来る「ガウナコア」も付属します。<br>別売りの「figma 継衛」と組み合わせれば掌位状態が再現可能。<br>可動支柱付きのfigma専用台座が同梱。<br><br>■仕様：ABS&PVC 塗装済み可動フィギュア・ノンスケール・専用台座付属・全高：約155mm<br>■原型制作：柳生圭太（ランペイジ）<br>■制作協力：浅井真紀<br>■彩色：ハタ<br><br>※掲載の写真は実際の商品とは多少異なる場合があります。<br>※商品の塗装は彩色行程が手作業になるため、商品個々に多少の差異があります。<br>※パッケージは商品本体の保護材ですので、本体に影響を及ぼすような破損を除き、交換・返品対応対象外となります。あらかじめご了承ください。<br>※商品本体の破損や部品不足等の初期不良品等につきましては、まずは商品に記載されていますメーカーのサポートセンターにお問合せをお願いします。商品にメーカーサポートセンターの記載が無い場合は、当店にご連絡をお願いします。<br><br><br></font></td></tr></table><!--

-->


<div style=""width:710px; height:180px;  margin:0; overflow:hidden;"">

</div>

<!--
<div style=""width: 700px; margin: 0 5px;"">
<img src=""http://www.rakuten.ne.jp/gold/dtc/frame/images/syouhinsetumei2.gif"" width=""700"" height=""30"">
</div>

<div style=""width:710px; height:220px;  margin:0 0 20px; overflow:hidden;"">

</div>
-->",マックスファクトリー figma 一八式衛人（シドニアの騎士）：ソフマップ楽天市場店,ソフマップSofmapパソコンタブレットPCHDDアセンブリパーツパソコンパーツテレビゲームブルーレイソフトDVDソフト液晶テレビブルーレイディスクレコーダーデジタル一眼レフカメラデジタルカメラ家電時計中古アウトレットiPadiPhoneマックスファクトリー figma 一八式衛人（シドニアの騎士）,マックスファクトリー figma 一八式衛人（シドニアの騎士）[rn]
2-65835,http://tshop.r10s.jp/dtc/cabinet/20170207n3/4549660051848.jpg?fitin=700:700,1824.0000,,おもちゃ・ホビー・ゲーム > フィギュア > アニメ・コミック,BANDAI ネクスエッジスタイル [MS UNIT] バンシィ（デストロイモード）（機動戦士ガンダムUC） [代引不可],,"<table width=""710""><tr><td><!-- おトクなセール＆キャンペーン情報あるいは新着情報 --><div style=""width: 706px; border: 2px solid #F90;""></div></td></tr></table><br><table border=""0"" cellpadding=""0"" cellspacing=""0"" width=""710"" style=""line-height:140%;""><tr><td><font size=""2"">2016年5月発売の「ユニコーンガンダム」に続き、2号機「バンシィ」がネクスエッジスタイルにラインナップ!!<br>両腕のアームド・アーマーを備えた異形の姿を立体化。<br>汎用ビームエフェクトが付属！<br>さらに！「ネクスエッジスタイル [DIGIMON UNIT] オメガモン」（2016年4月発売・別売り）付属のエフェクトと組み合わせ可能！！<br><br>■商品仕様<br>全高：約100mm<br>材質：ABS、PVC製<br><br>■セット内容<br>・本体<br>・ビームエフェクト<br>・専用STAGE一式<br><br>※掲載の写真は実際の商品とは多少異なる場合があります。<br>※商品の塗装は彩色行程が手作業になるため、商品個々に多少の差異があります。<br>※パッケージは商品本体の保護材ですので、本体に影響を及ぼすような破損を除き、交換・返品対応対象外となります。あらかじめご了承ください。<br>※商品本体の破損や部品不足等の初期不良品等につきましては、まずは商品に記載されていますメーカーのサポートセンターにお問合せをお願いします。商品にメーカーサポートセンターの記載が無い場合は、当店にご連絡をお願いします。<br><br><br></font></td></tr></table><!--

-->


<div style=""width:710px; height:180px;  margin:0; overflow:hidden;"">

</div>

<!--
<div style=""width: 700px; margin: 0 5px;"">
<img src=""http://www.rakuten.ne.jp/gold/dtc/frame/images/syouhinsetumei2.gif"" width=""700"" height=""30"">
</div>

<div style=""width:710px; height:220px;  margin:0 0 20px; overflow:hidden;"">

</div>
-->",BANDAI ネクスエッジスタイル [MS UNIT] バンシィ（デストロイモード）（機動戦士ガンダムUC） [代引不可]：ソフマップ楽天市場店,ソフマップSofmapパソコンタブレットPCHDDアセンブリパーツパソコンパーツテレビゲームブルーレイソフトDVDソフト液晶テレビブルーレイディスクレコーダーデジタル一眼レフカメラデジタルカメラ家電時計中古アウトレットiPadiPhoneBANDAI ネクスエッジスタイル [MS UNIT] バンシィ（デストロイモード）（機動戦士ガンダムUC） [代引不可],BANDAI ネクスエッジスタイル [MS UNIT] バンシィ（デストロイモード）（機動戦士ガンダムUC） [代引不可][rn]
2-65836,http://tshop.r10s.jp/dtc/cabinet/20170207n3/4549660062875.jpg?fitin=700:700,4464.0000,,おもちゃ・ホビー・ゲーム > フィギュア > アニメ・コミック,BANDAI スーパーロボット超合金 マジンガーZ アイアンカッターEDITION,,"<table width=""710""><tr><td><!-- おトクなセール＆キャンペーン情報あるいは新着情報 --><div style=""width: 706px; border: 2px solid #F90;""></div></td></tr></table><br><table border=""0"" cellpadding=""0"" cellspacing=""0"" width=""710"" style=""line-height:140%;""><tr><td><font size=""2"">2010年発売のマジンガーZが設定よりのカラーリングで再登場。<br>スーパーロボット超合金シリーズでの初立体化のアイアンカッターとジェットパイルダーも付属。<br>ジェットスクランダーの垂直尾翼に「Z」字を新規造形にて再現！<br><br>■商品仕様<br>全高：約135mm<br>材質：ダイキャスト、ABS、PVC製<br><br>■セット内容<br>・本体<br>・交換用手首（左右）<br>・ホバーパイルダー<br>・ジェットスクランダー一式<br>・アイアンカッター（左右）<br>・ジェットパイルダー<br>・魂STAGE用ジョイントパーツ<br><br>※掲載の写真は実際の商品とは多少異なる場合があります。<br>※商品の塗装は彩色行程が手作業になるため、商品個々に多少の差異があります。<br>※パッケージは商品本体の保護材ですので、本体に影響を及ぼすような破損を除き、交換・返品対応対象外となります。あらかじめご了承ください。<br>※商品本体の破損や部品不足等の初期不良品等につきましては、まずは商品に記載されていますメーカーのサポートセンターにお問合せをお願いします。商品にメーカーサポートセンターの記載が無い場合は、当店にご連絡をお願いします。<br><br><br></font></td></tr></table><!--

-->


<div style=""width:710px; height:180px;  margin:0; overflow:hidden;"">

</div>

<!--
<div style=""width: 700px; margin: 0 5px;"">
<img src=""http://www.rakuten.ne.jp/gold/dtc/frame/images/syouhinsetumei2.gif"" width=""700"" height=""30"">
</div>

<div style=""width:710px; height:220px;  margin:0 0 20px; overflow:hidden;"">

</div>
-->",BANDAI スーパーロボット超合金 マジンガーZ アイアンカッターEDITION：ソフマップ楽天市場店,ソフマップSofmapパソコンタブレットPCHDDアセンブリパーツパソコンパーツテレビゲームブルーレイソフトDVDソフト液晶テレビブルーレイディスクレコーダーデジタル一眼レフカメラデジタルカメラ家電時計中古アウトレットiPadiPhoneBANDAI スーパーロボット超合金 マジンガーZ アイアンカッターEDITION,BANDAI スーパーロボット超合金 マジンガーZ アイアンカッターEDITION[rn]
2-65837,http://tshop.r10s.jp/dtc/cabinet/20170207n3/4549660022725.jpg?fitin=700:700,784.0000,,おもちゃ・ホビー・ゲーム > フィギュア > アニメ・コミック,BANDAI ネクスエッジスタイル ［MS UNIT］シュヴァルベグレイズ（マクギリス機）（機動戦士ガンダム 鉄血のオルフェンズ）,,"<table width=""710""><tr><td><!-- おトクなセール＆キャンペーン情報あるいは新着情報 --><div style=""width: 706px; border: 2px solid #F90;""></div></td></tr></table><br><table border=""0"" cellpadding=""0"" cellspacing=""0"" width=""710"" style=""line-height:140%;""><tr><td><font size=""2"">主人公のライバルが搭乗するグレイズのカスタム機！<br><br>敵量産機「グレイズ」をカスタマイズしたライバルの機体。<br>専用ライフル（仮）が付属し、劇中のアクションを演出。<br>専用ライフル（仮）は、先端のバレルを外すことで、ショートバレルも再現可能。<br><br>・換装ギミック<br>「シュヴァルベグレイズ（マクギリス機）」と、その次のアイテム（別売り）には、「ガンダムバルバトス」（1月発売・別売り）の様々な形態を再現するボーナスパーツが付属。<br><br><br>■商品仕様<br>全高：約90mm<br>材質：ABS、PVC製<br><br>■セット内容<br>・本体<br>・専用ライフル（仮）<br>・ガンダムバルバトス用ボーナスパーツ一式<br>・専用STAGE一式（台座、フィギュア支柱、台座支柱×3）<br><br>※掲載の写真は実際の商品とは多少異なる場合があります。<br>※商品の塗装は彩色行程が手作業になるため、商品個々に多少の差異があります。<br>※パッケージは商品本体の保護材ですので、本体に影響を及ぼすような破損を除き、交換・返品対応対象外となります。あらかじめご了承ください。<br>※商品本体の破損や部品不足等の初期不良品等につきましては、まずは商品に記載されていますメーカーのサポートセンターにお問合せをお願いします。商品にメーカーサポートセンターの記載が無い場合は、当店にご連絡をお願いします。<br><br><br></font></td></tr></table><!--

-->


<div style=""width:710px; height:180px;  margin:0; overflow:hidden;"">

</div>

<!--
<div style=""width: 700px; margin: 0 5px;"">
<img src=""http://www.rakuten.ne.jp/gold/dtc/frame/images/syouhinsetumei2.gif"" width=""700"" height=""30"">
</div>

<div style=""width:710px; height:220px;  margin:0 0 20px; overflow:hidden;"">

</div>
-->",BANDAI ネクスエッジスタイル ［MS UNIT］シュヴァルベグレイズ（マクギリス機）（機動戦士ガンダム 鉄血のオルフェンズ）：ソフマップ楽天市場店,ソフマップSofmapパソコンタブレットPCHDDアセンブリパーツパソコンパーツテレビゲームブルーレイソフトDVDソフト液晶テレビブルーレイディスクレコーダーデジタル一眼レフカメラデジタルカメラ家電時計中古アウトレットiPadiPhoneBANDAI ネクスエッジスタイル ［MS UNIT］シュヴァルベグレイズ（マクギリス機）（機動戦士ガンダム 鉄血のオルフェンズ）,BANDAI ネクスエッジスタイル ［MS UNIT］シュヴァルベグレイズ（マクギリス機）（機動戦士ガンダム 鉄血のオルフェンズ）[rn]
2-65838,http://tshop.r10s.jp/dtc/cabinet/20141214n/4543112913609.jpg?fitin=700:700,2864.0000,,おもちゃ・ホビー・ゲーム > フィギュア > アニメ・コミック,BANDAI ROBOT魂＜SIDE MS＞ マスターガンダム (機動武闘伝Gガンダム),　,"<table width=""710""><tr><td><!-- おトクなセール＆キャンペーン情報あるいは新着情報 --><div style=""width: 706px; border: 2px solid #F90;""></div></td></tr></table><br><table border=""0"" cellpadding=""0"" cellspacing=""0"" width=""710"" style=""line-height:140%;""><tr><td><font size=""2"">ゴッドガンダムと対を成すマスターガンダムが商品化！<br>新機軸のアクション性で、劇中のアクションポーズを完全再現。<br>表情豊かな手首パーツで他に類を見ない決めポーズが再現可能！ <br><br>必殺のダ－クネスフィンガーを始め、多彩な手首パーツが付属。<br>アクションポーズの幅を表情豊かに広げます。<br><br>■商品仕様<br>・全高：約140mm <br>・材質：ABS、PVC製<br><br>■セット内容<br>・本体<br>・交換用手首左右各5種<br>・マスタークロス<br><br>※掲載の写真は実際の商品とは多少異なる場合があります。<br>※商品の塗装は彩色行程が手作業になるため、商品個々に多少の差異があります。<br>※パッケージは商品本体の保護材ですので、本体に影響を及ぼすような破損を除き、交換・返品対応対象外となります。あらかじめご了承ください。<br><br><br><br></font></td></tr></table><!--

-->


<div style=""width:710px; height:180px;  margin:0; overflow:hidden;"">

</div>

<!--
<div style=""width: 700px; margin: 0 5px;"">
<img src=""http://www.rakuten.ne.jp/gold/dtc/frame/images/syouhinsetumei2.gif"" width=""700"" height=""30"">
</div>

<div style=""width:710px; height:220px;  margin:0 0 20px; overflow:hidden;"">

</div>
-->",BANDAI ROBOT魂＜SIDE MS＞ マスターガンダム (機動武闘伝Gガンダム)：ソフマップ楽天市場店,ソフマップSofmapパソコンタブレットPCHDDアセンブリパーツパソコンパーツテレビゲームブルーレイソフトDVDソフト液晶テレビブルーレイディスクレコーダーデジタル一眼レフカメラデジタルカメラ家電時計中古アウトレットiPadiPhoneBANDAI ROBOT魂＜SIDE MS＞ マスターガンダム (機動武闘伝Gガンダム),　。BANDAI ROBOT魂＜SIDE MS＞ マスターガンダム (機動武闘伝Gガンダム)[rn]
2-65839,http://tshop.r10s.jp/dtc/cabinet/20170126n4/4543112632982.jpg?fitin=700:700,3024.0000,,おもちゃ・ホビー・ゲーム > フィギュア > アニメ・コミック,BANDAIROBOT魂 SIDE MS クロスボーン・ガンダムX2改 （フルアクションVer.） [振込不可],　,"<table width=""710""><tr><td><!-- おトクなセール＆キャンペーン情報あるいは新着情報 --><div style=""width: 706px; border: 2px solid #F90;""></div></td></tr></table><br><table border=""0"" cellpadding=""0"" cellspacing=""0"" width=""710"" style=""line-height:140%;""><tr><td><font size=""2"">クロスボーンガンダムX1フルクロスで開発された新規素体に、一部新規パーツを追加しX2改として商品化！<br>大型武装「バスターランチャー」が付属し、両手持ちしたままで躍動感のあるポージングを楽しめます。<br><br>■商品仕様<br>・全高：約120mm<br>・材質：ABS、PVC製<br>■セット内容<br>・本体<br>・交換用手首一式<br>・バスターランチャー<br>・ビームサーベル<br><br>※掲載の写真は実際の商品とは多少異なる場合があります。<br>※商品の塗装は彩色行程が手作業になるため、商品個々に多少の差異があります。<br>※パッケージは商品本体の保護材ですので、本体に影響を及ぼすような破損を除き、交換・返品対応対象外となります。あらかじめご了承ください。<br><br>※ホビー系予約商品はメーカー様や問屋様の都合によりごく稀に入荷数量が削減されることがございます。<br>その為、ご予約のお申し込みをいただいておりましてもご提供できない、または数量を減らさせていただくことがございます。<br>その際はメールにてご連絡を差し上げますが、何卒ご了承くださいますようお願いいたします。<br>なお、既にご入金頂いていた場合などは、ご返金の対応をさせていただきます。<br>※発売日以降、入荷次第の発送となります。<br></font></td></tr></table><!--

-->


<div style=""width:710px; height:180px;  margin:0; overflow:hidden;"">

</div>

<!--
<div style=""width: 700px; margin: 0 5px;"">
<img src=""http://www.rakuten.ne.jp/gold/dtc/frame/images/syouhinsetumei2.gif"" width=""700"" height=""30"">
</div>

<div style=""width:710px; height:220px;  margin:0 0 20px; overflow:hidden;"">

</div>
-->",BANDAIROBOT魂 SIDE MS クロスボーン・ガンダムX2改 （フルアクションVer.） [振込不可]：ソフマップ楽天市場店,ソフマップSofmapパソコンタブレットPCHDDアセンブリパーツパソコンパーツテレビゲームブルーレイソフトDVDソフト液晶テレビブルーレイディスクレコーダーデジタル一眼レフカメラデジタルカメラ家電時計中古アウトレットiPadiPhoneBANDAIROBOT魂 SIDE MS クロスボーン・ガンダムX2改 （フルアクションVer.） [振込不可],　。BANDAIROBOT魂 SIDE MS クロスボーン・ガンダムX2改 （フルアクションVer.） [振込不可][rn]
2-65840,http://tshop.r10s.jp/dtc/cabinet/20170207n3/4549660022718.jpg?fitin=700:700,1184.0000,,おもちゃ・ホビー・ゲーム > フィギュア > アニメ・コミック,BANDAI ネクスエッジスタイル ［MS UNIT］ ガンダムキマリス（機動戦士ガンダム 鉄血のオルフェンズ） [代引不可],,"<table width=""710""><tr><td><!-- おトクなセール＆キャンペーン情報あるいは新着情報 --><div style=""width: 706px; border: 2px solid #F90;""></div></td></tr></table><br><table border=""0"" cellpadding=""0"" cellspacing=""0"" width=""710"" style=""line-height:140%;""><tr><td><font size=""2"">2015年10月4日から放送の『機動戦士ガンダム 鉄血のオルフェンズ』。敵のガンダムが早くも登場！<br>ランス（仮）やナイフ（仮）が付属し、劇中のアクションを演出。<br>脚部の展開ギミックも組み替えで再現。<br>ガンダムバルバトスに対応するボーナスパーツが付属し、ガンダムバルバトスを様々な形態に再現可能。<br><br><br>■商品仕様<br>全高：約100<br>材質：ABS、PVC製<br><br>■セット内容<br>・本体<br>・交換用手首（左右）<br>・ランス（仮）<br>・ナイフ（仮）<br>・ガ ンダムバルバトス 用 ボーナスパーツ一式<br>・専用STAGE一式<br><br>※掲載の写真は実際の商品とは多少異なる場合があります。<br>※商品の塗装は彩色行程が手作業になるため、商品個々に多少の差異があります。<br>※パッケージは商品本体の保護材ですので、本体に影響を及ぼすような破損を除き、交換・返品対応対象外となります。あらかじめご了承ください。<br>※商品本体の破損や部品不足等の初期不良品等につきましては、まずは商品に記載されていますメーカーのサポートセンターにお問合せをお願いします。商品にメーカーサポートセンターの記載が無い場合は、当店にご連絡をお願いします。<br><br><br></font></td></tr></table><!--

-->


<div style=""width:710px; height:180px;  margin:0; overflow:hidden;"">

</div>

<!--
<div style=""width: 700px; margin: 0 5px;"">
<img src=""http://www.rakuten.ne.jp/gold/dtc/frame/images/syouhinsetumei2.gif"" width=""700"" height=""30"">
</div>

<div style=""width:710px; height:220px;  margin:0 0 20px; overflow:hidden;"">

</div>
-->",BANDAI ネクスエッジスタイル ［MS UNIT］ ガンダムキマリス（機動戦士ガンダム 鉄血のオルフェンズ） [代引不可]：ソフマップ楽天市場店,ソフマップSofmapパソコンタブレットPCHDDアセンブリパーツパソコンパーツテレビゲームブルーレイソフトDVDソフト液晶テレビブルーレイディスクレコーダーデジタル一眼レフカメラデジタルカメラ家電時計中古アウトレットiPadiPhoneBANDAI ネクスエッジスタイル ［MS UNIT］ ガンダムキマリス（機動戦士ガンダム 鉄血のオルフェンズ） [代引不可],BANDAI ネクスエッジスタイル ［MS UNIT］ ガンダムキマリス（機動戦士ガンダム 鉄血のオルフェンズ） [代引不可][rn]
2-65841,http://tshop.r10s.jp/dtc/cabinet/20170207n3/4549660075639.jpg?fitin=700:700,4144.0000,,おもちゃ・ホビー・ゲーム > フィギュア > アニメ・コミック,BANDAI S.H.Figuarts エルフΣ（アクティヴレイド -機動強襲室第八係-）,,"<table width=""710""><tr><td><!-- おトクなセール＆キャンペーン情報あるいは新着情報 --><div style=""width: 706px; border: 2px solid #F90;""></div></td></tr></table><br><table border=""0"" cellpadding=""0"" cellspacing=""0"" width=""710"" style=""line-height:140%;""><tr><td><font size=""2"">『アクティヴレイド -機動強襲室第八係-』より、ストライクインターセプターの相棒、エルフΣが登場。<br><br>各関節が可動し、劇中のポーズがきまる。<br>ライフルは2種類が付属。<br>肩部装備品の取り外した状態を差替えパーツで再現可能。<br><br>■商品仕様<br>全高：約155mm<br>材質：ABS、PVC<br><br>■セット内容<br>・本体<br>・交換用手首左右各2種<br>・交換用肩パーツ左右<br>・ライフル2種<br><br>※掲載の写真は実際の商品とは多少異なる場合があります。<br>※商品の塗装は彩色行程が手作業になるため、商品個々に多少の差異があります。<br>※パッケージは商品本体の保護材ですので、本体に影響を及ぼすような破損を除き、交換・返品対応対象外となります。あらかじめご了承ください。<br>※商品本体の破損や部品不足等の初期不良品等につきましては、まずは商品に記載されていますメーカーのサポートセンターにお問合せをお願いします。商品にメーカーサポートセンターの記載が無い場合は、当店にご連絡をお願いします。<br><br><br><br></font></td></tr></table><!--

-->


<div style=""width:710px; height:180px;  margin:0; overflow:hidden;"">

</div>

<!--
<div style=""width: 700px; margin: 0 5px;"">
<img src=""http://www.rakuten.ne.jp/gold/dtc/frame/images/syouhinsetumei2.gif"" width=""700"" height=""30"">
</div>

<div style=""width:710px; height:220px;  margin:0 0 20px; overflow:hidden;"">

</div>
-->",BANDAI S.H.Figuarts エルフΣ（アクティヴレイド -機動強襲室第八係-）：ソフマップ楽天市場店,ソフマップSofmapパソコンタブレットPCHDDアセンブリパーツパソコンパーツテレビゲームブルーレイソフトDVDソフト液晶テレビブルーレイディスクレコーダーデジタル一眼レフカメラデジタルカメラ家電時計中古アウトレットiPadiPhoneBANDAI S.H.Figuarts エルフΣ（アクティヴレイド -機動強襲室第八係-）,BANDAI S.H.Figuarts エルフΣ（アクティヴレイド -機動強襲室第八係-）[rn]
2-65842,http://tshop.r10s.jp/dtc/cabinet/20170207n3/4549660051831.jpg?fitin=700:700,1904.0000,,おもちゃ・ホビー・ゲーム > フィギュア > アニメ・コミック,BANDAI ネクスエッジスタイル ［MS UNIT］ ガンダムアストレイ ゴールドフレーム天（機動戦士ガンダムSEED ASTRAY） [振込不可],,"<table width=""710""><tr><td><!-- おトクなセール＆キャンペーン情報あるいは新着情報 --><div style=""width: 706px; border: 2px solid #F90;""></div></td></tr></table><br><table border=""0"" cellpadding=""0"" cellspacing=""0"" width=""710"" style=""line-height:140%;""><tr><td><font size=""2"">アストレイレッドフレームの前に立ちはだかる第三のアストレイ、「ゴールドフレーム天（アマツ）」が登場！！<br>バックパックのマガノイクタチはボールジョイントで自在に可動。<br>トリケロス改はトイオリジナルギミックで2つに分離可能！<br>二刀流でのディスプレイが可能！<br><br>■商品仕様<br>全高：約90mm<br>材質：ABS、PVC製<br><br>■セット内容<br>・本体<br>・トリケロス改<br>・トリケロス改用ビームサーベル<br>・専用STAGE一式<br><br>※掲載の写真は実際の商品とは多少異なる場合があります。<br>※商品の塗装は彩色行程が手作業になるため、商品個々に多少の差異があります。<br>※パッケージは商品本体の保護材ですので、本体に影響を及ぼすような破損を除き、交換・返品対応対象外となります。あらかじめご了承ください。<br>※商品本体の破損や部品不足等の初期不良品等につきましては、まずは商品に記載されていますメーカーのサポートセンターにお問合せをお願いします。商品にメーカーサポートセンターの記載が無い場合は、当店にご連絡をお願いします。<br><br><br></font></td></tr></table><!--

-->


<div style=""width:710px; height:180px;  margin:0; overflow:hidden;"">

</div>

<!--
<div style=""width: 700px; margin: 0 5px;"">
<img src=""http://www.rakuten.ne.jp/gold/dtc/frame/images/syouhinsetumei2.gif"" width=""700"" height=""30"">
</div>

<div style=""width:710px; height:220px;  margin:0 0 20px; overflow:hidden;"">

</div>
-->",BANDAI ネクスエッジスタイル ［MS UNIT］ ガンダムアストレイ ゴールドフレーム天（機動戦士ガンダムSEED ASTRAY） [振込不可]：ソフマップ楽天市場店,ソフマップSofmapパソコンタブレットPCHDDアセンブリパーツパソコンパーツテレビゲームブルーレイソフトDVDソフト液晶テレビブルーレイディスクレコーダーデジタル一眼レフカメラデジタルカメラ家電時計中古アウトレットiPadiPhoneBANDAI ネクスエッジスタイル ［MS UNIT］ ガンダムアストレイ ゴールドフレーム天（機動戦士ガンダムSEED ASTRAY） [振込不可],BANDAI ネクスエッジスタイル ［MS UNIT］ ガンダムアストレイ ゴールドフレーム天（機動戦士ガンダムSEED ASTRAY） [振込不可][rn]
2-65843,http://tshop.r10s.jp/dtc/cabinet/20170207n3/4549660077916.jpg?fitin=700:700,3024.0000,,おもちゃ・ホビー・ゲーム > フィギュア > アニメ・コミック,BANDAI S.H.Figuarts バトル・ドロイド（ジオノーシスカラー）（STAR WARS） [代引不可],,"<table width=""710""><tr><td><!-- おトクなセール＆キャンペーン情報あるいは新着情報 --><div style=""width: 706px; border: 2px solid #F90;""></div></td></tr></table><br><table border=""0"" cellpadding=""0"" cellspacing=""0"" width=""710"" style=""line-height:140%;""><tr><td><font size=""2"">S.H.Figuartsより好評であったバトル・ドロイドがジオノーシスカラーで登場。<br>前作同様の変形ギミック、今回追加のC-3PO換装ギミックを搭載。<br><br>パーツ差し替えなしで、収納状態から起動後の状態へ変形可能。<br>C-3PO頭部が付属。差し替えでSTAR WARSの名シーンを再現可能。<br>S.H.Figuarts STAR WARSシリーズを集めて「ジオノーシスの戦い」を再現可能。<br><br>■商品仕様<br>全高：約155mm<br>材質：ABS、PVC製<br><br>■セット内容<br>・本体<br>・交換用C-3PO頭部<br>・交換用アンテナパーツ<br>・ブラスター<br><br>S.H.Figuartsより好評であったバトル・ドロイドがジオノーシスカラーで登場。<br>前作同様の変形ギミック、今回追加のC-3PO換装ギミックを搭載。<br><br>パーツ差し替えなしで、収納状態から起動後の状態へ変形可能。<br>C-3PO頭部が付属。差し替えでSTAR WARSの名シーンを再現可能。<br>S.H.Figuarts STAR WARSシリーズを集めて「ジオノーシスの戦い」を再現可能。<br><br>■商品仕様<br>全高：約155mm<br>材質：ABS、PVC製<br><br>■セット内容<br>・本体<br>・交換用C-3PO頭部<br>・交換用アンテナパーツ<br>・ブラスター<br><br>※掲載の写真は実際の商品とは多少異なる場合があります。<br>※商品の塗装は彩色行程が手作業になるため、商品個々に多少の差異があります。<br>※パッケージは商品本体の保護材ですので、本体に影響を及ぼすような破損を除き、交換・返品対応対象外となります。あらかじめご了承ください。<br>※商品本体の破損や部品不足等の初期不良品等につきましては、まずは商品に記載されていますメーカーのサポートセンターにお問合せをお願いします。商品にメーカーサポートセンターの記載が無い場合は、当店にご連絡をお願いします。<br><br><br><br></font></td></tr></table><!--

-->


<div style=""width:710px; height:180px;  margin:0; overflow:hidden;"">

</div>

<!--
<div style=""width: 700px; margin: 0 5px;"">
<img src=""http://www.rakuten.ne.jp/gold/dtc/frame/images/syouhinsetumei2.gif"" width=""700"" height=""30"">
</div>

<div style=""width:710px; height:220px;  margin:0 0 20px; overflow:hidden;"">

</div>
-->",BANDAI S.H.Figuarts バトル・ドロイド（ジオノーシスカラー）（STAR WARS） [代引不可]：ソフマップ楽天市場店,ソフマップSofmapパソコンタブレットPCHDDアセンブリパーツパソコンパーツテレビゲームブルーレイソフトDVDソフト液晶テレビブルーレイディスクレコーダーデジタル一眼レフカメラデジタルカメラ家電時計中古アウトレットiPadiPhoneBANDAI S.H.Figuarts バトル・ドロイド（ジオノーシスカラー）（STAR WARS） [代引不可],BANDAI S.H.Figuarts バトル・ドロイド（ジオノーシスカラー）（STAR WARS） [代引不可][rn]
2-65844,http://tshop.r10s.jp/toysrus/cabinet/goods/95/492146101all.jpg?fitin=700:700,2228.0000,,おもちゃ・ホビー・ゲーム > フィギュア > アニメ・コミック,【オンライン限定価格】ドラえもん　みんなであそぼうよ　ロイヤル50,,"<table cellspacing=""2"" cellpadding=""0"" border=""0""><tr><td><span class=""item_desc""><table border=""0"" width=""500""><tr><td><font size=""-1""><br><br>家族みんなで遊んじゃおう！ゲームがいっぱい！<BR>ボリューム満点！楽しいゲームが50種類！<BR>ゲームシートも充実！ゲームトランプ付き！<br><br>＜セット内容＞<br>ゲームシート（両面）×3枚、ジャラポンパイ×83個、白パイ×1個（収納箱付き）、50点チップ×20枚、10点チップ×20枚、どら焼きチップ×66枚、ゲームトランプ×54枚、予備カード×2枚（収納箱付き）、ジャラポンゲーム得点表×4枚、取扱説明書×1部、ジャラポン台×1台、サイコロ×1個、すべり止め×4個<br><BR>＜主な材質＞PS、ポリエステル、UP、EVA<br><br>※ご注文確定後の注文内容の変更、キャンセルはお受けしておりません。<br>※対象年齢がある商品については目安となっております。<br>※実際の商品と画像は若干異なる場合がございます。<br><br><font color=""#FF0000""><b>対象年齢</b></font>：<br>4歳 ～<br><br><font color=""#FF0000""><b>著作権</b></font>：<br>(C)藤子プロ・小学館・テレビ朝日・シンエイ・ADK　(C)2014 EPOCH CO.,LTD.<br><br>【090070046】<br><br>エポック社</font></td></tr></table></span><br><br></td></tr></table>",【オンライン限定価格】ドラえもん　みんなであそぼうよ　ロイヤル50：トイザらス・ベビーザらス,といざらすトイザラス妊婦プレママおもちゃテレビゲームベビー用品スポーツ用品知育玩具自転車赤ちゃんベビーギフトプレゼントディズニーホビー三輪車大型遊具フィギュアドール【オンライン限定価格】ドラえもん　みんなであそぼうよ　ロイヤル50,【オンライン限定価格】ドラえもん　みんなであそぼうよ　ロイヤル50[rn]
2-65845,http://tshop.r10s.jp/edion/cabinet/goods/ll/img_046/4904810805649_ll.jpg?fitin=700:700,4784.0000,,おもちゃ・ホビー・ゲーム > フィギュア > アニメ・コミック,【送料無料】タカラトミー トランスフォーマー ムービーアドバンスドシリーズ AD01 オプティマスプライム TFAD01オプテイマスプライム [TFAD01オプテイマスプライム],,"<style type>img {    border: none;}#CenterCntBoxDowble {    float: right;    margin: 0;    padding: 0;    text-align: left;    vertical-align: top;    width: 720px;}.GoodsSpecTitle2{    background-image: url(""http://image.rakuten.co.jp/edion/cabinet/parts/dtitle_goods2.gif"");    background-repeat: no-repeat;    font-size: 100%;    margin: 0;    padding: 7px 11px 0;    max-height: 80px;    min-height: 25px;    width: 734px;}.GoodsSpecTitleEnd {    background-image: url(""http://image.rakuten.co.jp/edion/cabinet/parts/dtitle_goodsend.gif"");    background-position: left bottom;    background-repeat: no-repeat;    height: 10px;    margin: 0px 0 10px;}.GoodsSpecTitle2 h3 {    color: #FFFFFF;    font-size: 108%;    max-height: 70px;    min-height: 24px;}h3 {    margin: 0;    padding: 0;}span.tax {    color: #666666;    font-size: 70%;}.RelationTable {    margin: 0 0 10px;    padding: 0;}td.Cell {    background-color: #FFFFFF;    font-size: 100%;    font-weight: normal;    padding: 2px 40px 0 0;    text-align: left;    vertical-align: top;    width: 150px;}.DispListCmt {    font-size: 10px;    line-height: 1.4em;    margin: 0;    padding: 2px 0 7px;}.RelationListImg img {    border: 1px solid #CCCCCC;    margin: 0 0 10px;    text-align: left;    vertical-align: top;}.DispName {    background-image: url(""http://image.rakuten.co.jp/edion/cabinet/parts/ico_goods.gif"");    background-repeat: no-repeat;    font-size: 80%;    line-height: 1.2em;    margin: 0 0 5px;    padding: 0 0 0 11px;}.RelationTable td.CellEnd {    background-color: #FFFFFF;    font-size: 100%;    font-weight: normal;    padding: 0 0 20px;    text-align: left;    vertical-align: top;    width: 150px;}.PriceBlk {    background-image: url(""http://image.rakuten.co.jp/edion/cabinet/parts/underline_l.gif"");    background-position: left bottom;    background-repeat: no-repeat;    color: #000000;    font-size: 100%;    margin: 0;    padding: 3px 0 2px;    vertical-align: top;}.GoodsSpecBox {    font-size: 95%;    line-height: 1.6;    margin: 0 0 30px;    padding: 0;}#PageLink {    vertical-align: top;    text-align: right;    padding: 0px 30px;    margin: 0px 0px 10px 0px;}</style><div class=""GoodsSpecTitle2""><h3>[タカラトミー トランスフォーマー ムービーアドバンスドシリーズ AD01 オプティマスプライム  TFAD01オプテイマスプライム] の商品説明</h3></div><div class=""GoodsSpecTitleEnd""></div><div class=""GoodsSpecBox"">●実写映画「トランスフォーマー」の世界を完全変形アクションフィギュアで再現した「ムービーアドバンスドシリーズ」より、2014年夏公開の映画「トランスフォーマー/ロストエイジ」に登場する姿のオプティマスプライムが登場!<br>●ビークル・ロボット共に前作からデザインを一新し、新しい武器2点が付属。<br>●カラーリングは、一部メッキ塗装になっているほか、日本オリジナルの塗装を多数施した豪華仕様。<br>●【ムービーアドバンスドシリーズとは】全身の間接によるポーズ付けや、手ごたえのある変形をじっくり楽しみたい方にお勧めのシリーズです。<br>●(C)2014 Paramount Pictures Corporation. All Rights Reserved. &reg;* and/or TM* & (C)2014 TOMY. All Rights Reserved. TM& &reg; denote Japan Trademarks.</div><div class=""GoodsSpecTitle2""><h3>[タカラトミー トランスフォーマー ムービーアドバンスドシリーズ AD01 オプティマスプライム  TFAD01オプテイマスプライム]のスペック</h3></div><div class=""GoodsSpecTitleEnd""></div><div class=""GoodsSpecBox"">●対象年齢:5歳以上<br>●商品内容:本体×1、武器×2、説明書×1</div></div><div id=""PageLink""><img height=""13"" width=""101"" alt=""このページのトップへ"" src=""http://image.rakuten.co.jp/edion/cabinet/02422072/etc/qa/btn_pagetop.gif""></div><style type>
img {
border-style: none;
}
</style>
<center>
<table width=100%>
	<tr>
		<td width=100% align=center>
			<font size=2>おしらせ</font>
		</td>
	</tr>
	<tr>
		<td width=100% align=center>


<div style=""color: #000000; width:100%; height: 28px; font-weight: bold; font-size: 15px; border: 1px solid #C0C0C0; text-align:center; background-color: #FFFFFF; padding: 7px 0 0;"">
				
							<font size=3 color=blue><b>宅急便（ヤマト運輸様）の「配達時間帯の指定枠」の変更について</b></font>
				</div>


<div style=""color: #000000; width:100%; height: 28px; font-weight: bold; font-size: 15px; border: 1px solid #C0C0C0; text-align:center; background-color: #FFFFFF; padding: 7px 0 0;"">
				
							<font size=2><b>楽天市場の検索・楽天プロダクトの『在庫あり』表記について</b></font>
				</div>



<div style=""color: #000000; width:100%; height: 28px; font-weight: bold; font-size: 15px; border: 1px solid #C0C0C0; text-align:center; background-color: #FFFFFF; padding: 7px 0 0;"">
				
							<font size=2><b>商品のお届け時期・出荷（目安）表示について</b></font>
				</div>




				<table>
				<tr>
				<td hight=""2"">
				</td>
				</tr>
				</table>


<div style=""width: 690px; margin: 0pt; text-align:center;"">
					
					<img alt=""エディオン楽天市場店　おすすめ指定商品のポイントがお得！"" src=""https://image.rakuten.co.jp/edion/cabinet/02422072/etc/05101693/imgrc0068582080.jpg"" style=""width: 690px; margin: 0pt;"" />
					</div>
				<table>
				<tr>
				<td hight=""2"">
				</td>
				</tr>
				</table>

<div style=""width: 690px; margin: 0pt; text-align:center;"">
					
					<img alt=""【136時間限定！】6,000円以上お買い物で200円OFFクーポンキャンペーン"" src=""https://image.rakuten.co.jp/edion/cabinet/02422072/etc/05101693/imgrc0068577433.jpg"" style=""width: 580px; margin: 0pt;"" />
					</div>
				<table>
				<tr>
				<td hight=""2"">
				</td>
				</tr>
				</table>


<div style=""width: 690px; margin: 0pt; text-align:center;"">
					
					<img alt=""『102時間限定！ ポイント最大35倍！お買い物マラソン』"" src=""https://image.rakuten.co.jp/edion/cabinet/02422072/etc/05101693/imgrc0068552560.jpg"" style=""width: 580px; margin: 0pt;"" />
					</div>
				<table>
				<tr>
				<td hight=""2"">
				</td>
				</tr>
				</table>



<div style=""width: 690px; margin: 0pt; text-align:center;"">
					
					<img alt=""期間限定！映像ソフト３００円均一特集！！"" src=""http://image.rakuten.co.jp/edion/cabinet/02422072/etc/05101693/imgrc0068065427.jpg"" style=""width: 580px; height: 191px; margin: 0pt;"" />
					</div>
				<table>
				<tr>
				<td hight=""2"">
				</td>
				</tr>
				</table>




<div style=""width: 690px; margin: 0pt; text-align:center;"">
					
					<img alt=""スーパーポイントアッププログラム　各種サービスご利用でいつでも毎日ポイント7倍"" src=""http://image.rakuten.co.jp/edion/cabinet/02422072/etc/03786972/imgrc0065944519.jpg"" style=""width: 468px; height: 60px; margin: 0pt;"" />
					</div>
				<table>
				<tr>
				<td hight=""2"">
				</td>
				</tr>
				</table>




<div style=""width: 690px; margin: 0pt; text-align:center;"">
					
					<img alt=""『初めてのお買い物で1,000円分ポイントプレゼント！』"" src=""http://image.rakuten.co.jp/edion/cabinet/02422072/etc/05101693/imgrc0067699606.jpg"" style=""width: 468px; height: 60px; margin: 0pt;"" />
					</div>
				<table>
				<tr>
				<td hight=""2"">
				</td>
				</tr>
				</table>


<div style=""width: 690px; margin: 0pt; text-align:center;"">
					
					<img alt=""お買い物マラソンで使える！楽天ウェブ検索を初めてご利用の方に1,200円クーポンプレゼント"" src=""https://image.rakuten.co.jp/edion/cabinet/02422072/etc/05101693/imgrc0068572794.jpg"" style=""width: 468px; height: 60px; margin: 0pt;"" />
					</div>
				<table>
				<tr>
				<td hight=""2"">
				</td>
				</tr>
				</table>


<div style=""width: 690px; margin: 0pt; text-align:center;"">
					
					<img alt=""楽天ウェブ検索利用でポイント10倍プレゼント』"" src=""http://image.rakuten.co.jp/edion/cabinet/02422072/etc/05101693/imgrc0067545172.jpg"" style=""width: 468px; height: 60px; margin: 0pt;"" />
					</div>
				<table>
				<tr>
				<td hight=""2"">
				</td>
				</tr>
				</table>

<div style=""width: 690px; margin: 0pt; text-align:center;"">
					
					<img alt=""楽天ウェブ検索利用でポイント+0.5倍』"" src=""http://image.rakuten.co.jp/edion/cabinet/02422072/etc/05101693/imgrc0067545150.jpg"" style=""width: 468px; height: 60px; margin: 0pt;"" />
					</div>
				<table>
				<tr>
				<td hight=""2"">
				</td>
				</tr>
				</table>


<div style=""width: 690px; margin: 0pt; text-align:center;"">
					
					<img alt=""楽天カード新規入会で2,000ポイント！さらにすぐに使える1,000円クーポンプレゼント！"" src=""http://image.rakuten.co.jp/edion/cabinet/02422072/etc/top/img59904332.gif"" style=""width: 468px; height: 60px; margin: 0pt;"" />
					</div>
				<table>
				<tr>
				<td hight=""2"">
				</td>
				</tr>
				</table>



			</div>
		</td>
	</tr>
</table>


<table>
<tr>
<td hight=""2"">
</td>
</tr>
</table>",【送料無料】タカラトミー トランスフォーマー ムービーアドバンスドシリーズ AD01 オプティマスプライム TFAD01オプテイマスプライム [TFAD01オプテイマスプライム]：エディオン　楽天市場店,【送料無料】タカラトミー トランスフォーマー ムービーアドバンスドシリーズ AD01 オプティマスプライム TFAD01オプテイマスプライム [TFAD01オプテイマスプライム],【送料無料】タカラトミー トランスフォーマー ムービーアドバンスドシリーズ AD01 オプティマスプライム TFAD01オプテイマスプライム [TFAD01オプテイマスプライム][rn]
2-65846,http://tshop.r10s.jp/edion/cabinet/goods/ll/img_139/4549660052159_ll.jpg?fitin=700:700,3984.0000,,おもちゃ・ホビー・ゲーム > フィギュア > アニメ・コミック,【送料無料】バンダイ ROBOT魂 ＜SIDE MS＞ キュベレイ ROBOT-D/ｷﾕﾍﾞﾚｲ [ROBOTDｷﾕﾍﾞﾚｲ],,"<style type>img {    border: none;}#CenterCntBoxDowble {    float: right;    margin: 0;    padding: 0;    text-align: left;    vertical-align: top;    width: 720px;}.GoodsSpecTitle2{    background-image: url(""http://image.rakuten.co.jp/edion/cabinet/parts/dtitle_goods2.gif"");    background-repeat: no-repeat;    font-size: 100%;    margin: 0;    padding: 7px 11px 0;    max-height: 80px;    min-height: 25px;}.GoodsSpecTitleEnd {    background-image: url(""http://image.rakuten.co.jp/edion/cabinet/parts/dtitle_goodsend.gif"");    background-position: left bottom;    background-repeat: no-repeat;    height: 10px;    margin: 0px 0 10px;}.GoodsSpecTitle2 h3 {    color: #FFFFFF;    font-size: 108%;    max-height: 70px;    min-height: 24px;}h3 {    margin: 0;    padding: 0;}span.tax {    color: #666666;    font-size: 70%;}.RelationTable {    margin: 0 0 10px;    padding: 0;}td.Cell {    background-color: #FFFFFF;    font-size: 100%;    font-weight: normal;    padding: 2px 40px 0 0;    text-align: left;    vertical-align: top;    width: 150px;}.DispListCmt {    font-size: 10px;    line-height: 1.4em;    margin: 0;    padding: 2px 0 7px;}.RelationListImg img {    border: 1px solid #CCCCCC;    margin: 0 0 10px;    text-align: left;    vertical-align: top;}.DispName {    background-image: url(""http://image.rakuten.co.jp/edion/cabinet/parts/ico_goods.gif"");    background-repeat: no-repeat;    font-size: 80%;    line-height: 1.2em;    margin: 0 0 5px;    padding: 0 0 0 11px;}.RelationTable td.CellEnd {    background-color: #FFFFFF;    font-size: 100%;    font-weight: normal;    padding: 0 0 20px;    text-align: left;    vertical-align: top;    width: 150px;}.PriceBlk {    background-image: url(""http://image.rakuten.co.jp/edion/cabinet/parts/underline_l.gif"");    background-position: left bottom;    background-repeat: no-repeat;    color: #000000;    font-size: 100%;    margin: 0;    padding: 3px 0 2px;    vertical-align: top;}.GoodsSpecBox {    font-size: 100%;    line-height: 1.6;    margin: 0 0 30px;    padding: 0;    width: 720px;}#PageLink {    vertical-align: top;    text-align: right;    padding: 0px 30px;    margin: 0px 0px 10px 0px;    width: 690px;}</style><div class=""GoodsSpecTitle2""><h3>[バンダイ ROBOT魂 ＜SIDE MS＞ キュベレイ ROBOT-D/ｷﾕﾍﾞﾚｲ]の商品説明</h3></div><div class=""GoodsSpecTitleEnd""></div><div class=""GoodsSpecBox"">●肩のフレキシブル・バインダーは独立して可動し、様々な飛行シーンの形態に対応!<br>●前腕部のビーム・サーベルの他、左右のフレキシブル・バインダー内部へも大型ビーム・サーベルを格納。<br>●リアスカートは大きく跳ね上げる事が出来、ファンネル射出のポージングが可能。<br>●ファンネル射出時を表現したエフェクトが付属!<br><br><br>&copy;創通･サンライズ</div><div class=""GoodsSpecTitle2""><h3>[バンダイ ROBOT魂 ＜SIDE MS＞ キュベレイ ROBOT-D/ｷﾕﾍﾞﾚｲ]のスペック</h3></div><div class=""GoodsSpecTitleEnd""></div><div class=""GoodsSpecBox"">●対象年齢:15才以上<br>●材質:ABS、PVC製<br>●全高:約125mm<br>●セット内容:本体、ファンネルエフェクト左右各3種、交換用手首左右各2種、ビーム・サーベル×2、大型ビーム・サーベル×2</div></div><div id=""PageLink""><img height=""13"" width=""101"" alt=""このページのトップへ"" src=""http://image.rakuten.co.jp/edion/cabinet/02422072/etc/qa/btn_pagetop.gif""></div><style type>
img {
border-style: none;
}
</style>
<center>
<table width=100%>
	<tr>
		<td width=100% align=center>
			<font size=2>おしらせ</font>
		</td>
	</tr>
	<tr>
		<td width=100% align=center>


<div style=""color: #000000; width:100%; height: 28px; font-weight: bold; font-size: 15px; border: 1px solid #C0C0C0; text-align:center; background-color: #FFFFFF; padding: 7px 0 0;"">
				
							<font size=3 color=blue><b>宅急便（ヤマト運輸様）の「配達時間帯の指定枠」の変更について</b></font>
				</div>


<div style=""color: #000000; width:100%; height: 28px; font-weight: bold; font-size: 15px; border: 1px solid #C0C0C0; text-align:center; background-color: #FFFFFF; padding: 7px 0 0;"">
				
							<font size=2><b>楽天市場の検索・楽天プロダクトの『在庫あり』表記について</b></font>
				</div>



<div style=""color: #000000; width:100%; height: 28px; font-weight: bold; font-size: 15px; border: 1px solid #C0C0C0; text-align:center; background-color: #FFFFFF; padding: 7px 0 0;"">
				
							<font size=2><b>商品のお届け時期・出荷（目安）表示について</b></font>
				</div>




				<table>
				<tr>
				<td hight=""2"">
				</td>
				</tr>
				</table>


<div style=""width: 690px; margin: 0pt; text-align:center;"">
					
					<img alt=""エディオン楽天市場店　おすすめ指定商品のポイントがお得！"" src=""https://image.rakuten.co.jp/edion/cabinet/02422072/etc/05101693/imgrc0068582080.jpg"" style=""width: 690px; margin: 0pt;"" />
					</div>
				<table>
				<tr>
				<td hight=""2"">
				</td>
				</tr>
				</table>

<div style=""width: 690px; margin: 0pt; text-align:center;"">
					
					<img alt=""【136時間限定！】6,000円以上お買い物で200円OFFクーポンキャンペーン"" src=""https://image.rakuten.co.jp/edion/cabinet/02422072/etc/05101693/imgrc0068577433.jpg"" style=""width: 580px; margin: 0pt;"" />
					</div>
				<table>
				<tr>
				<td hight=""2"">
				</td>
				</tr>
				</table>


<div style=""width: 690px; margin: 0pt; text-align:center;"">
					
					<img alt=""『102時間限定！ ポイント最大35倍！お買い物マラソン』"" src=""https://image.rakuten.co.jp/edion/cabinet/02422072/etc/05101693/imgrc0068552560.jpg"" style=""width: 580px; margin: 0pt;"" />
					</div>
				<table>
				<tr>
				<td hight=""2"">
				</td>
				</tr>
				</table>



<div style=""width: 690px; margin: 0pt; text-align:center;"">
					
					<img alt=""期間限定！映像ソフト３００円均一特集！！"" src=""http://image.rakuten.co.jp/edion/cabinet/02422072/etc/05101693/imgrc0068065427.jpg"" style=""width: 580px; height: 191px; margin: 0pt;"" />
					</div>
				<table>
				<tr>
				<td hight=""2"">
				</td>
				</tr>
				</table>




<div style=""width: 690px; margin: 0pt; text-align:center;"">
					
					<img alt=""スーパーポイントアッププログラム　各種サービスご利用でいつでも毎日ポイント7倍"" src=""http://image.rakuten.co.jp/edion/cabinet/02422072/etc/03786972/imgrc0065944519.jpg"" style=""width: 468px; height: 60px; margin: 0pt;"" />
					</div>
				<table>
				<tr>
				<td hight=""2"">
				</td>
				</tr>
				</table>




<div style=""width: 690px; margin: 0pt; text-align:center;"">
					
					<img alt=""『初めてのお買い物で1,000円分ポイントプレゼント！』"" src=""http://image.rakuten.co.jp/edion/cabinet/02422072/etc/05101693/imgrc0067699606.jpg"" style=""width: 468px; height: 60px; margin: 0pt;"" />
					</div>
				<table>
				<tr>
				<td hight=""2"">
				</td>
				</tr>
				</table>


<div style=""width: 690px; margin: 0pt; text-align:center;"">
					
					<img alt=""お買い物マラソンで使える！楽天ウェブ検索を初めてご利用の方に1,200円クーポンプレゼント"" src=""https://image.rakuten.co.jp/edion/cabinet/02422072/etc/05101693/imgrc0068572794.jpg"" style=""width: 468px; height: 60px; margin: 0pt;"" />
					</div>
				<table>
				<tr>
				<td hight=""2"">
				</td>
				</tr>
				</table>


<div style=""width: 690px; margin: 0pt; text-align:center;"">
					
					<img alt=""楽天ウェブ検索利用でポイント10倍プレゼント』"" src=""http://image.rakuten.co.jp/edion/cabinet/02422072/etc/05101693/imgrc0067545172.jpg"" style=""width: 468px; height: 60px; margin: 0pt;"" />
					</div>
				<table>
				<tr>
				<td hight=""2"">
				</td>
				</tr>
				</table>

<div style=""width: 690px; margin: 0pt; text-align:center;"">
					
					<img alt=""楽天ウェブ検索利用でポイント+0.5倍』"" src=""http://image.rakuten.co.jp/edion/cabinet/02422072/etc/05101693/imgrc0067545150.jpg"" style=""width: 468px; height: 60px; margin: 0pt;"" />
					</div>
				<table>
				<tr>
				<td hight=""2"">
				</td>
				</tr>
				</table>


<div style=""width: 690px; margin: 0pt; text-align:center;"">
					
					<img alt=""楽天カード新規入会で2,000ポイント！さらにすぐに使える1,000円クーポンプレゼント！"" src=""http://image.rakuten.co.jp/edion/cabinet/02422072/etc/top/img59904332.gif"" style=""width: 468px; height: 60px; margin: 0pt;"" />
					</div>
				<table>
				<tr>
				<td hight=""2"">
				</td>
				</tr>
				</table>



			</div>
		</td>
	</tr>
</table>


<table>
<tr>
<td hight=""2"">
</td>
</tr>
</table>",【送料無料】バンダイ ROBOT魂 ＜SIDE MS＞ キュベレイ ROBOT-D/ｷﾕﾍﾞﾚｲ [ROBOTDｷﾕﾍﾞﾚｲ]：エディオン　楽天市場店,【送料無料】バンダイ ROBOT魂 ＜SIDE MS＞ キュベレイ ROBOT-D/ｷﾕﾍﾞﾚｲ [ROBOTDｷﾕﾍﾞﾚｲ],【送料無料】バンダイ ROBOT魂 ＜SIDE MS＞ キュベレイ ROBOT-D/ｷﾕﾍﾞﾚｲ [ROBOTDｷﾕﾍﾞﾚｲ][rn]
2-65847,http://tshop.r10s.jp/edion/cabinet/goods/ll/img_134/4549660040910_ll.jpg?fitin=700:700,3184.0000,,おもちゃ・ホビー・ゲーム > フィギュア > アニメ・コミック,バンダイ S．H．Figuarts ルパン三世 SHF/ルパン3セイ [SHFルパン3セイ],,"<style type>img {    border: none;}#CenterCntBoxDowble {    float: right;    margin: 0;    padding: 0;    text-align: left;    vertical-align: top;    width: 720px;}.GoodsSpecTitle2{    background-image: url(""http://image.rakuten.co.jp/edion/cabinet/parts/dtitle_goods2.gif"");    background-repeat: no-repeat;    font-size: 100%;    margin: 0;    padding: 7px 11px 0;    max-height: 80px;    min-height: 25px;}.GoodsSpecTitleEnd {    background-image: url(""http://image.rakuten.co.jp/edion/cabinet/parts/dtitle_goodsend.gif"");    background-position: left bottom;    background-repeat: no-repeat;    height: 10px;    margin: 0px 0 10px;}.GoodsSpecTitle2 h3 {    color: #FFFFFF;    font-size: 108%;    max-height: 70px;    min-height: 24px;}h3 {    margin: 0;    padding: 0;}span.tax {    color: #666666;    font-size: 70%;}.RelationTable {    margin: 0 0 10px;    padding: 0;}td.Cell {    background-color: #FFFFFF;    font-size: 100%;    font-weight: normal;    padding: 2px 40px 0 0;    text-align: left;    vertical-align: top;    width: 150px;}.DispListCmt {    font-size: 10px;    line-height: 1.4em;    margin: 0;    padding: 2px 0 7px;}.RelationListImg img {    border: 1px solid #CCCCCC;    margin: 0 0 10px;    text-align: left;    vertical-align: top;}.DispName {    background-image: url(""http://image.rakuten.co.jp/edion/cabinet/parts/ico_goods.gif"");    background-repeat: no-repeat;    font-size: 80%;    line-height: 1.2em;    margin: 0 0 5px;    padding: 0 0 0 11px;}.RelationTable td.CellEnd {    background-color: #FFFFFF;    font-size: 100%;    font-weight: normal;    padding: 0 0 20px;    text-align: left;    vertical-align: top;    width: 150px;}.PriceBlk {    background-image: url(""http://image.rakuten.co.jp/edion/cabinet/parts/underline_l.gif"");    background-position: left bottom;    background-repeat: no-repeat;    color: #000000;    font-size: 100%;    margin: 0;    padding: 3px 0 2px;    vertical-align: top;}.GoodsSpecBox {    font-size: 100%;    line-height: 1.6;    margin: 0 0 30px;    padding: 0;    width: 720px;}#PageLink {    vertical-align: top;    text-align: right;    padding: 0px 30px;    margin: 0px 0px 10px 0px;    width: 690px;}</style><div class=""GoodsSpecTitle2""><h3>[バンダイ S．H．Figuarts ルパン三世 SHF/ルパン3セイ]の商品説明</h3></div><div class=""GoodsSpecTitleEnd""></div><div class=""GoodsSpecBox"">●S.H.Figuartsだからできるダイナミックなポージング。<br>●造形を崩さぬように配置された可動部で造形美と可動を両立。<br>●計4種の頭部とオプションパーツで広がるルパン三世の世界観。<br><br><br>&copy;モンキー・パンチ/TMS・NTV</div><div class=""GoodsSpecTitle2""><h3>[バンダイ S．H．Figuarts ルパン三世 SHF/ルパン3セイ]のスペック</h3></div><div class=""GoodsSpecTitleEnd""></div><div class=""GoodsSpecBox"">●対象年齢:15才以上<br>●材質:ABS、PVC製<br>●全高:約150mm<br>●セット内容:本体、交換用頭部3種、交換用左手首3種、交換用右手首5種、ワルサーP38、時計、ワイヤー</div></div><div id=""PageLink""><img height=""13"" width=""101"" alt=""このページのトップへ"" src=""http://image.rakuten.co.jp/edion/cabinet/02422072/etc/qa/btn_pagetop.gif""></div><style type>
img {
border-style: none;
}
</style>
<center>
<table width=100%>
	<tr>
		<td width=100% align=center>
			<font size=2>おしらせ</font>
		</td>
	</tr>
	<tr>
		<td width=100% align=center>


<div style=""color: #000000; width:100%; height: 28px; font-weight: bold; font-size: 15px; border: 1px solid #C0C0C0; text-align:center; background-color: #FFFFFF; padding: 7px 0 0;"">
				
							<font size=3 color=blue><b>宅急便（ヤマト運輸様）の「配達時間帯の指定枠」の変更について</b></font>
				</div>


<div style=""color: #000000; width:100%; height: 28px; font-weight: bold; font-size: 15px; border: 1px solid #C0C0C0; text-align:center; background-color: #FFFFFF; padding: 7px 0 0;"">
				
							<font size=2><b>楽天市場の検索・楽天プロダクトの『在庫あり』表記について</b></font>
				</div>



<div style=""color: #000000; width:100%; height: 28px; font-weight: bold; font-size: 15px; border: 1px solid #C0C0C0; text-align:center; background-color: #FFFFFF; padding: 7px 0 0;"">
				
							<font size=2><b>商品のお届け時期・出荷（目安）表示について</b></font>
				</div>




				<table>
				<tr>
				<td hight=""2"">
				</td>
				</tr>
				</table>


<div style=""width: 690px; margin: 0pt; text-align:center;"">
					
					<img alt=""エディオン楽天市場店　おすすめ指定商品のポイントがお得！"" src=""https://image.rakuten.co.jp/edion/cabinet/02422072/etc/05101693/imgrc0068582080.jpg"" style=""width: 690px; margin: 0pt;"" />
					</div>
				<table>
				<tr>
				<td hight=""2"">
				</td>
				</tr>
				</table>

<div style=""width: 690px; margin: 0pt; text-align:center;"">
					
					<img alt=""【136時間限定！】6,000円以上お買い物で200円OFFクーポンキャンペーン"" src=""https://image.rakuten.co.jp/edion/cabinet/02422072/etc/05101693/imgrc0068577433.jpg"" style=""width: 580px; margin: 0pt;"" />
					</div>
				<table>
				<tr>
				<td hight=""2"">
				</td>
				</tr>
				</table>


<div style=""width: 690px; margin: 0pt; text-align:center;"">
					
					<img alt=""『102時間限定！ ポイント最大35倍！お買い物マラソン』"" src=""https://image.rakuten.co.jp/edion/cabinet/02422072/etc/05101693/imgrc0068552560.jpg"" style=""width: 580px; margin: 0pt;"" />
					</div>
				<table>
				<tr>
				<td hight=""2"">
				</td>
				</tr>
				</table>



<div style=""width: 690px; margin: 0pt; text-align:center;"">
					
					<img alt=""期間限定！映像ソフト３００円均一特集！！"" src=""http://image.rakuten.co.jp/edion/cabinet/02422072/etc/05101693/imgrc0068065427.jpg"" style=""width: 580px; height: 191px; margin: 0pt;"" />
					</div>
				<table>
				<tr>
				<td hight=""2"">
				</td>
				</tr>
				</table>




<div style=""width: 690px; margin: 0pt; text-align:center;"">
					
					<img alt=""スーパーポイントアッププログラム　各種サービスご利用でいつでも毎日ポイント7倍"" src=""http://image.rakuten.co.jp/edion/cabinet/02422072/etc/03786972/imgrc0065944519.jpg"" style=""width: 468px; height: 60px; margin: 0pt;"" />
					</div>
				<table>
				<tr>
				<td hight=""2"">
				</td>
				</tr>
				</table>




<div style=""width: 690px; margin: 0pt; text-align:center;"">
					
					<img alt=""『初めてのお買い物で1,000円分ポイントプレゼント！』"" src=""http://image.rakuten.co.jp/edion/cabinet/02422072/etc/05101693/imgrc0067699606.jpg"" style=""width: 468px; height: 60px; margin: 0pt;"" />
					</div>
				<table>
				<tr>
				<td hight=""2"">
				</td>
				</tr>
				</table>


<div style=""width: 690px; margin: 0pt; text-align:center;"">
					
					<img alt=""お買い物マラソンで使える！楽天ウェブ検索を初めてご利用の方に1,200円クーポンプレゼント"" src=""https://image.rakuten.co.jp/edion/cabinet/02422072/etc/05101693/imgrc0068572794.jpg"" style=""width: 468px; height: 60px; margin: 0pt;"" />
					</div>
				<table>
				<tr>
				<td hight=""2"">
				</td>
				</tr>
				</table>


<div style=""width: 690px; margin: 0pt; text-align:center;"">
					
					<img alt=""楽天ウェブ検索利用でポイント10倍プレゼント』"" src=""http://image.rakuten.co.jp/edion/cabinet/02422072/etc/05101693/imgrc0067545172.jpg"" style=""width: 468px; height: 60px; margin: 0pt;"" />
					</div>
				<table>
				<tr>
				<td hight=""2"">
				</td>
				</tr>
				</table>

<div style=""width: 690px; margin: 0pt; text-align:center;"">
					
					<img alt=""楽天ウェブ検索利用でポイント+0.5倍』"" src=""http://image.rakuten.co.jp/edion/cabinet/02422072/etc/05101693/imgrc0067545150.jpg"" style=""width: 468px; height: 60px; margin: 0pt;"" />
					</div>
				<table>
				<tr>
				<td hight=""2"">
				</td>
				</tr>
				</table>


<div style=""width: 690px; margin: 0pt; text-align:center;"">
					
					<img alt=""楽天カード新規入会で2,000ポイント！さらにすぐに使える1,000円クーポンプレゼント！"" src=""http://image.rakuten.co.jp/edion/cabinet/02422072/etc/top/img59904332.gif"" style=""width: 468px; height: 60px; margin: 0pt;"" />
					</div>
				<table>
				<tr>
				<td hight=""2"">
				</td>
				</tr>
				</table>



			</div>
		</td>
	</tr>
</table>


<table>
<tr>
<td hight=""2"">
</td>
</tr>
</table>",バンダイ S．H．Figuarts ルパン三世 SHF/ルパン3セイ [SHFルパン3セイ]：エディオン　楽天市場店,バンダイ S．H．Figuarts ルパン三世 SHF/ルパン3セイ [SHFルパン3セイ],バンダイ S．H．Figuarts ルパン三世 SHF/ルパン3セイ [SHFルパン3セイ][rn]
2-65848,http://tshop.r10s.jp/edion/cabinet/goods/ll/img_014/4543112948786_ll.jpg?fitin=700:700,10800.0000,,おもちゃ・ホビー・ゲーム > フィギュア > アニメ・コミック,【送料無料】バンダイ GUNDAM FIX FIGURATION METAL COMPOSITE RX78-02 ガンダムTHE ORIGIN [Re：PACKAGE] GFFメタル/ガンダムジオリジン [GFFメタルガンダムジオリジン],,"<style type>img {    border: none;}#CenterCntBoxDowble {    float: right;    margin: 0;    padding: 0;    text-align: left;    vertical-align: top;    width: 720px;}.GoodsSpecTitle2{    background-image: url(""http://image.rakuten.co.jp/edion/cabinet/parts/dtitle_goods2.gif"");    background-repeat: no-repeat;    font-size: 100%;    margin: 0;    padding: 7px 11px 0;    max-height: 80px;    min-height: 25px;}.GoodsSpecTitleEnd {    background-image: url(""http://image.rakuten.co.jp/edion/cabinet/parts/dtitle_goodsend.gif"");    background-position: left bottom;    background-repeat: no-repeat;    height: 10px;    margin: 0px 0 10px;}.GoodsSpecTitle2 h3 {    color: #FFFFFF;    font-size: 108%;    max-height: 70px;    min-height: 24px;}h3 {    margin: 0;    padding: 0;}span.tax {    color: #666666;    font-size: 70%;}.RelationTable {    margin: 0 0 10px;    padding: 0;}td.Cell {    background-color: #FFFFFF;    font-size: 100%;    font-weight: normal;    padding: 2px 40px 0 0;    text-align: left;    vertical-align: top;    width: 150px;}.DispListCmt {    font-size: 10px;    line-height: 1.4em;    margin: 0;    padding: 2px 0 7px;}.RelationListImg img {    border: 1px solid #CCCCCC;    margin: 0 0 10px;    text-align: left;    vertical-align: top;}.DispName {    background-image: url(""http://image.rakuten.co.jp/edion/cabinet/parts/ico_goods.gif"");    background-repeat: no-repeat;    font-size: 80%;    line-height: 1.2em;    margin: 0 0 5px;    padding: 0 0 0 11px;}.RelationTable td.CellEnd {    background-color: #FFFFFF;    font-size: 100%;    font-weight: normal;    padding: 0 0 20px;    text-align: left;    vertical-align: top;    width: 150px;}.PriceBlk {    background-image: url(""http://image.rakuten.co.jp/edion/cabinet/parts/underline_l.gif"");    background-position: left bottom;    background-repeat: no-repeat;    color: #000000;    font-size: 100%;    margin: 0;    padding: 3px 0 2px;    vertical-align: top;}.GoodsSpecBox {    font-size: 100%;    line-height: 1.6;    margin: 0 0 30px;    padding: 0;    width: 720px;}#PageLink {    vertical-align: top;    text-align: right;    padding: 0px 30px;    margin: 0px 0px 10px 0px;    width: 690px;}</style><div class=""GoodsSpecTitle2""><h3>[バンダイ GUNDAM FIX FIGURATION METAL COMPOSITE RX78-02 ガンダムTHE ORIGIN [Re：PACKAGE] GFFメタル/ガンダムジオリジン]の商品説明</h3></div><div class=""GoodsSpecTitleEnd""></div><div class=""GoodsSpecBox"">●1000万部の発行部数を誇る、ガンダムファン必携のコミックス、「ガンダム THE ORIGIN」より、RX78-02のハイエンドモデルが登場。<br>●一年戦争の戦いの中、戦局にあわせて装備を変えていくRX78-02のドラマを商品で追体験が可能となるオプションパーツが多数付属する仕様です。<br><br><br>&copy;創通・サンライズ</div><div class=""GoodsSpecTitle2""><h3>[バンダイ GUNDAM FIX FIGURATION METAL COMPOSITE RX78-02 ガンダムTHE ORIGIN [Re：PACKAGE] GFFメタル/ガンダムジオリジン]のスペック</h3></div><div class=""GoodsSpecTitleEnd""></div><div class=""GoodsSpecBox"">●対象年齢:15才以上<br>●材質:ABS、PVC、ダイキャスト製<br>●全高:約180mm<br>●セット内容:ガンダム本体、ビーム・ライフル2種、シールド、バズーカ×2、コアポッド、ショルダーキャノン ※2011年の初回生産時に付属した初回特典ブックレットは付属いたしません。</div></div><div id=""PageLink""><img height=""13"" width=""101"" alt=""このページのトップへ"" src=""http://image.rakuten.co.jp/edion/cabinet/02422072/etc/qa/btn_pagetop.gif""></div><style type>
img {
border-style: none;
}
</style>
<center>
<table width=100%>
	<tr>
		<td width=100% align=center>
			<font size=2>おしらせ</font>
		</td>
	</tr>
	<tr>
		<td width=100% align=center>


<div style=""color: #000000; width:100%; height: 28px; font-weight: bold; font-size: 15px; border: 1px solid #C0C0C0; text-align:center; background-color: #FFFFFF; padding: 7px 0 0;"">
				
							<font size=3 color=blue><b>宅急便（ヤマト運輸様）の「配達時間帯の指定枠」の変更について</b></font>
				</div>


<div style=""color: #000000; width:100%; height: 28px; font-weight: bold; font-size: 15px; border: 1px solid #C0C0C0; text-align:center; background-color: #FFFFFF; padding: 7px 0 0;"">
				
							<font size=2><b>楽天市場の検索・楽天プロダクトの『在庫あり』表記について</b></font>
				</div>



<div style=""color: #000000; width:100%; height: 28px; font-weight: bold; font-size: 15px; border: 1px solid #C0C0C0; text-align:center; background-color: #FFFFFF; padding: 7px 0 0;"">
				
							<font size=2><b>商品のお届け時期・出荷（目安）表示について</b></font>
				</div>




				<table>
				<tr>
				<td hight=""2"">
				</td>
				</tr>
				</table>


<div style=""width: 690px; margin: 0pt; text-align:center;"">
					
					<img alt=""エディオン楽天市場店　おすすめ指定商品のポイントがお得！"" src=""https://image.rakuten.co.jp/edion/cabinet/02422072/etc/05101693/imgrc0068582080.jpg"" style=""width: 690px; margin: 0pt;"" />
					</div>
				<table>
				<tr>
				<td hight=""2"">
				</td>
				</tr>
				</table>

<div style=""width: 690px; margin: 0pt; text-align:center;"">
					
					<img alt=""【136時間限定！】6,000円以上お買い物で200円OFFクーポンキャンペーン"" src=""https://image.rakuten.co.jp/edion/cabinet/02422072/etc/05101693/imgrc0068577433.jpg"" style=""width: 580px; margin: 0pt;"" />
					</div>
				<table>
				<tr>
				<td hight=""2"">
				</td>
				</tr>
				</table>


<div style=""width: 690px; margin: 0pt; text-align:center;"">
					
					<img alt=""『102時間限定！ ポイント最大35倍！お買い物マラソン』"" src=""https://image.rakuten.co.jp/edion/cabinet/02422072/etc/05101693/imgrc0068552560.jpg"" style=""width: 580px; margin: 0pt;"" />
					</div>
				<table>
				<tr>
				<td hight=""2"">
				</td>
				</tr>
				</table>



<div style=""width: 690px; margin: 0pt; text-align:center;"">
					
					<img alt=""期間限定！映像ソフト３００円均一特集！！"" src=""http://image.rakuten.co.jp/edion/cabinet/02422072/etc/05101693/imgrc0068065427.jpg"" style=""width: 580px; height: 191px; margin: 0pt;"" />
					</div>
				<table>
				<tr>
				<td hight=""2"">
				</td>
				</tr>
				</table>




<div style=""width: 690px; margin: 0pt; text-align:center;"">
					
					<img alt=""スーパーポイントアッププログラム　各種サービスご利用でいつでも毎日ポイント7倍"" src=""http://image.rakuten.co.jp/edion/cabinet/02422072/etc/03786972/imgrc0065944519.jpg"" style=""width: 468px; height: 60px; margin: 0pt;"" />
					</div>
				<table>
				<tr>
				<td hight=""2"">
				</td>
				</tr>
				</table>




<div style=""width: 690px; margin: 0pt; text-align:center;"">
					
					<img alt=""『初めてのお買い物で1,000円分ポイントプレゼント！』"" src=""http://image.rakuten.co.jp/edion/cabinet/02422072/etc/05101693/imgrc0067699606.jpg"" style=""width: 468px; height: 60px; margin: 0pt;"" />
					</div>
				<table>
				<tr>
				<td hight=""2"">
				</td>
				</tr>
				</table>


<div style=""width: 690px; margin: 0pt; text-align:center;"">
					
					<img alt=""お買い物マラソンで使える！楽天ウェブ検索を初めてご利用の方に1,200円クーポンプレゼント"" src=""https://image.rakuten.co.jp/edion/cabinet/02422072/etc/05101693/imgrc0068572794.jpg"" style=""width: 468px; height: 60px; margin: 0pt;"" />
					</div>
				<table>
				<tr>
				<td hight=""2"">
				</td>
				</tr>
				</table>


<div style=""width: 690px; margin: 0pt; text-align:center;"">
					
					<img alt=""楽天ウェブ検索利用でポイント10倍プレゼント』"" src=""http://image.rakuten.co.jp/edion/cabinet/02422072/etc/05101693/imgrc0067545172.jpg"" style=""width: 468px; height: 60px; margin: 0pt;"" />
					</div>
				<table>
				<tr>
				<td hight=""2"">
				</td>
				</tr>
				</table>

<div style=""width: 690px; margin: 0pt; text-align:center;"">
					
					<img alt=""楽天ウェブ検索利用でポイント+0.5倍』"" src=""http://image.rakuten.co.jp/edion/cabinet/02422072/etc/05101693/imgrc0067545150.jpg"" style=""width: 468px; height: 60px; margin: 0pt;"" />
					</div>
				<table>
				<tr>
				<td hight=""2"">
				</td>
				</tr>
				</table>


<div style=""width: 690px; margin: 0pt; text-align:center;"">
					
					<img alt=""楽天カード新規入会で2,000ポイント！さらにすぐに使える1,000円クーポンプレゼント！"" src=""http://image.rakuten.co.jp/edion/cabinet/02422072/etc/top/img59904332.gif"" style=""width: 468px; height: 60px; margin: 0pt;"" />
					</div>
				<table>
				<tr>
				<td hight=""2"">
				</td>
				</tr>
				</table>



			</div>
		</td>
	</tr>
</table>


<table>
<tr>
<td hight=""2"">
</td>
</tr>
</table>",【送料無料】バンダイ GUNDAM FIX FIGURATION METAL COMPOSITE RX78-02 ガンダムTHE ORIGIN [Re：PACKAGE] GFFメタル/ガンダムジオリジン [GFFメタルガンダムジオリジン]：エディオン　楽天市場店,【送料無料】バンダイ GUNDAM FIX FIGURATION METAL COMPOSITE RX78-02 ガンダムTHE ORIGIN [Re：PACKAGE] GFFメタル/ガンダムジオリジン [GFFメタルガンダムジオリジン],【送料無料】バンダイ GUNDAM FIX FIGURATION METAL COMPOSITE RX78-02 ガンダムTHE ORIGIN [Re：PACKAGE] GFFメタル/ガンダムジオリジン [GFFメタルガンダムジオリジン][rn]
2-65849,http://tshop.r10s.jp/edion/cabinet/goods/ll/img_144/4549660074229_ll.jpg?fitin=700:700,2944.0000,,おもちゃ・ホビー・ゲーム > フィギュア > アニメ・コミック,バンダイ S．H．Figuarts スーパーサイヤ人ベジータ SHF/ｻｲﾔｼﾞﾝﾍﾞｼﾞ-ﾀ [SHFｻｲﾔｼﾞﾝﾍﾞｼﾞ-ﾀ],,"<style type>img {    border: none;}#CenterCntBoxDowble {    float: right;    margin: 0;    padding: 0;    text-align: left;    vertical-align: top;    width: 720px;}.GoodsSpecTitle2{    background-image: url(""http://image.rakuten.co.jp/edion/cabinet/parts/dtitle_goods2.gif"");    background-repeat: no-repeat;    font-size: 100%;    margin: 0;    padding: 7px 11px 0;    max-height: 80px;    min-height: 25px;}.GoodsSpecTitleEnd {    background-image: url(""http://image.rakuten.co.jp/edion/cabinet/parts/dtitle_goodsend.gif"");    background-position: left bottom;    background-repeat: no-repeat;    height: 10px;    margin: 0px 0 10px;}.GoodsSpecTitle2 h3 {    color: #FFFFFF;    font-size: 108%;    max-height: 70px;    min-height: 24px;}h3 {    margin: 0;    padding: 0;}span.tax {    color: #666666;    font-size: 70%;}.RelationTable {    margin: 0 0 10px;    padding: 0;}td.Cell {    background-color: #FFFFFF;    font-size: 100%;    font-weight: normal;    padding: 2px 40px 0 0;    text-align: left;    vertical-align: top;    width: 150px;}.DispListCmt {    font-size: 10px;    line-height: 1.4em;    margin: 0;    padding: 2px 0 7px;}.RelationListImg img {    border: 1px solid #CCCCCC;    margin: 0 0 10px;    text-align: left;    vertical-align: top;}.DispName {    background-image: url(""http://image.rakuten.co.jp/edion/cabinet/parts/ico_goods.gif"");    background-repeat: no-repeat;    font-size: 80%;    line-height: 1.2em;    margin: 0 0 5px;    padding: 0 0 0 11px;}.RelationTable td.CellEnd {    background-color: #FFFFFF;    font-size: 100%;    font-weight: normal;    padding: 0 0 20px;    text-align: left;    vertical-align: top;    width: 150px;}.PriceBlk {    background-image: url(""http://image.rakuten.co.jp/edion/cabinet/parts/underline_l.gif"");    background-position: left bottom;    background-repeat: no-repeat;    color: #000000;    font-size: 100%;    margin: 0;    padding: 3px 0 2px;    vertical-align: top;}.GoodsSpecBox {    font-size: 100%;    line-height: 1.6;    margin: 0 0 30px;    padding: 0;    width: 720px;}#PageLink {    vertical-align: top;    text-align: right;    padding: 0px 30px;    margin: 0px 0px 10px 0px;    width: 690px;}</style><div class=""GoodsSpecTitle2""><h3>[バンダイ S．H．Figuarts スーパーサイヤ人ベジータ SHF/ｻｲﾔｼﾞﾝﾍﾞｼﾞ-ﾀ]の商品説明</h3></div><div class=""GoodsSpecTitleEnd""></div><div class=""GoodsSpecBox"">●「スーパーサイヤ人ベジータ」が造形・可動を新たにして商品化。劇中の印象的なポーズ、表情を再現するオプションパーツが付属した決定版。<br>●過去のアイテムに付属しなかった腕組パーツが付属。<br>●劇中の激しいアクション・必殺技も幅広い可動機構により再現が可能。<br>●「S.H.Figuarts スーパーサイヤ人 トランクス」(別売り)と揃えることで親子の共闘シーンも再現が可能。<br><br><br>&copy; バードスタジオ/集英社･東映アニメーション</div><div class=""GoodsSpecTitle2""><h3>[バンダイ S．H．Figuarts スーパーサイヤ人ベジータ SHF/ｻｲﾔｼﾞﾝﾍﾞｼﾞ-ﾀ]のスペック</h3></div><div class=""GoodsSpecTitleEnd""></div><div class=""GoodsSpecBox"">●対象年齢:15才以上<br>●材質:PVC、ABS<br>●全高:約135mm<br>●セット内容:本体、交換用表情パーツ3種、交換用左手首3種、交換用右手首4種、交換用腕組パーツ</div></div><div id=""PageLink""><img height=""13"" width=""101"" alt=""このページのトップへ"" src=""http://image.rakuten.co.jp/edion/cabinet/02422072/etc/qa/btn_pagetop.gif""></div><style type>
img {
border-style: none;
}
</style>
<center>
<table width=100%>
	<tr>
		<td width=100% align=center>
			<font size=2>おしらせ</font>
		</td>
	</tr>
	<tr>
		<td width=100% align=center>


<div style=""color: #000000; width:100%; height: 28px; font-weight: bold; font-size: 15px; border: 1px solid #C0C0C0; text-align:center; background-color: #FFFFFF; padding: 7px 0 0;"">
				
							<font size=3 color=blue><b>宅急便（ヤマト運輸様）の「配達時間帯の指定枠」の変更について</b></font>
				</div>


<div style=""color: #000000; width:100%; height: 28px; font-weight: bold; font-size: 15px; border: 1px solid #C0C0C0; text-align:center; background-color: #FFFFFF; padding: 7px 0 0;"">
				
							<font size=2><b>楽天市場の検索・楽天プロダクトの『在庫あり』表記について</b></font>
				</div>



<div style=""color: #000000; width:100%; height: 28px; font-weight: bold; font-size: 15px; border: 1px solid #C0C0C0; text-align:center; background-color: #FFFFFF; padding: 7px 0 0;"">
				
							<font size=2><b>商品のお届け時期・出荷（目安）表示について</b></font>
				</div>




				<table>
				<tr>
				<td hight=""2"">
				</td>
				</tr>
				</table>


<div style=""width: 690px; margin: 0pt; text-align:center;"">
					
					<img alt=""エディオン楽天市場店　おすすめ指定商品のポイントがお得！"" src=""https://image.rakuten.co.jp/edion/cabinet/02422072/etc/05101693/imgrc0068582080.jpg"" style=""width: 690px; margin: 0pt;"" />
					</div>
				<table>
				<tr>
				<td hight=""2"">
				</td>
				</tr>
				</table>

<div style=""width: 690px; margin: 0pt; text-align:center;"">
					
					<img alt=""【136時間限定！】6,000円以上お買い物で200円OFFクーポンキャンペーン"" src=""https://image.rakuten.co.jp/edion/cabinet/02422072/etc/05101693/imgrc0068577433.jpg"" style=""width: 580px; margin: 0pt;"" />
					</div>
				<table>
				<tr>
				<td hight=""2"">
				</td>
				</tr>
				</table>


<div style=""width: 690px; margin: 0pt; text-align:center;"">
					
					<img alt=""『102時間限定！ ポイント最大35倍！お買い物マラソン』"" src=""https://image.rakuten.co.jp/edion/cabinet/02422072/etc/05101693/imgrc0068552560.jpg"" style=""width: 580px; margin: 0pt;"" />
					</div>
				<table>
				<tr>
				<td hight=""2"">
				</td>
				</tr>
				</table>



<div style=""width: 690px; margin: 0pt; text-align:center;"">
					
					<img alt=""期間限定！映像ソフト３００円均一特集！！"" src=""http://image.rakuten.co.jp/edion/cabinet/02422072/etc/05101693/imgrc0068065427.jpg"" style=""width: 580px; height: 191px; margin: 0pt;"" />
					</div>
				<table>
				<tr>
				<td hight=""2"">
				</td>
				</tr>
				</table>




<div style=""width: 690px; margin: 0pt; text-align:center;"">
					
					<img alt=""スーパーポイントアッププログラム　各種サービスご利用でいつでも毎日ポイント7倍"" src=""http://image.rakuten.co.jp/edion/cabinet/02422072/etc/03786972/imgrc0065944519.jpg"" style=""width: 468px; height: 60px; margin: 0pt;"" />
					</div>
				<table>
				<tr>
				<td hight=""2"">
				</td>
				</tr>
				</table>




<div style=""width: 690px; margin: 0pt; text-align:center;"">
					
					<img alt=""『初めてのお買い物で1,000円分ポイントプレゼント！』"" src=""http://image.rakuten.co.jp/edion/cabinet/02422072/etc/05101693/imgrc0067699606.jpg"" style=""width: 468px; height: 60px; margin: 0pt;"" />
					</div>
				<table>
				<tr>
				<td hight=""2"">
				</td>
				</tr>
				</table>


<div style=""width: 690px; margin: 0pt; text-align:center;"">
					
					<img alt=""お買い物マラソンで使える！楽天ウェブ検索を初めてご利用の方に1,200円クーポンプレゼント"" src=""https://image.rakuten.co.jp/edion/cabinet/02422072/etc/05101693/imgrc0068572794.jpg"" style=""width: 468px; height: 60px; margin: 0pt;"" />
					</div>
				<table>
				<tr>
				<td hight=""2"">
				</td>
				</tr>
				</table>


<div style=""width: 690px; margin: 0pt; text-align:center;"">
					
					<img alt=""楽天ウェブ検索利用でポイント10倍プレゼント』"" src=""http://image.rakuten.co.jp/edion/cabinet/02422072/etc/05101693/imgrc0067545172.jpg"" style=""width: 468px; height: 60px; margin: 0pt;"" />
					</div>
				<table>
				<tr>
				<td hight=""2"">
				</td>
				</tr>
				</table>

<div style=""width: 690px; margin: 0pt; text-align:center;"">
					
					<img alt=""楽天ウェブ検索利用でポイント+0.5倍』"" src=""http://image.rakuten.co.jp/edion/cabinet/02422072/etc/05101693/imgrc0067545150.jpg"" style=""width: 468px; height: 60px; margin: 0pt;"" />
					</div>
				<table>
				<tr>
				<td hight=""2"">
				</td>
				</tr>
				</table>


<div style=""width: 690px; margin: 0pt; text-align:center;"">
					
					<img alt=""楽天カード新規入会で2,000ポイント！さらにすぐに使える1,000円クーポンプレゼント！"" src=""http://image.rakuten.co.jp/edion/cabinet/02422072/etc/top/img59904332.gif"" style=""width: 468px; height: 60px; margin: 0pt;"" />
					</div>
				<table>
				<tr>
				<td hight=""2"">
				</td>
				</tr>
				</table>



			</div>
		</td>
	</tr>
</table>


<table>
<tr>
<td hight=""2"">
</td>
</tr>
</table>",バンダイ S．H．Figuarts スーパーサイヤ人ベジータ SHF/ｻｲﾔｼﾞﾝﾍﾞｼﾞ-ﾀ [SHFｻｲﾔｼﾞﾝﾍﾞｼﾞ-ﾀ]：エディオン　楽天市場店,バンダイ S．H．Figuarts スーパーサイヤ人ベジータ SHF/ｻｲﾔｼﾞﾝﾍﾞｼﾞ-ﾀ [SHFｻｲﾔｼﾞﾝﾍﾞｼﾞ-ﾀ],バンダイ S．H．Figuarts スーパーサイヤ人ベジータ SHF/ｻｲﾔｼﾞﾝﾍﾞｼﾞ-ﾀ [SHFｻｲﾔｼﾞﾝﾍﾞｼﾞ-ﾀ][rn]
2-65850,http://tshop.r10s.jp/edion/cabinet/goods/ll/img_014/4543112878571_ll.jpg?fitin=700:700,5184.0000,,おもちゃ・ホビー・ゲーム > フィギュア > アニメ・コミック,【送料無料】バンダイ 聖闘士聖衣神話 サジタリアス星矢 セイヤ/サジタリアスセイヤNN [セイヤサジタリアスセイヤNN],,"<style type>img {    border: none;}#CenterCntBoxDowble {    float: right;    margin: 0;    padding: 0;    text-align: left;    vertical-align: top;    width: 720px;}.GoodsSpecTitle2{    background-image: url(""http://image.rakuten.co.jp/edion/cabinet/parts/dtitle_goods2.gif"");    background-repeat: no-repeat;    font-size: 100%;    margin: 0;    padding: 7px 11px 0;    max-height: 80px;    min-height: 25px;    width: 734px;}.GoodsSpecTitleEnd {    background-image: url(""http://image.rakuten.co.jp/edion/cabinet/parts/dtitle_goodsend.gif"");    background-position: left bottom;    background-repeat: no-repeat;    height: 10px;    margin: 0px 0 10px;}.GoodsSpecTitle2 h3 {    color: #FFFFFF;    font-size: 108%;    max-height: 70px;    min-height: 24px;}h3 {    margin: 0;    padding: 0;}span.tax {    color: #666666;    font-size: 70%;}.RelationTable {    margin: 0 0 10px;    padding: 0;}td.Cell {    background-color: #FFFFFF;    font-size: 100%;    font-weight: normal;    padding: 2px 40px 0 0;    text-align: left;    vertical-align: top;    width: 150px;}.DispListCmt {    font-size: 10px;    line-height: 1.4em;    margin: 0;    padding: 2px 0 7px;}.RelationListImg img {    border: 1px solid #CCCCCC;    margin: 0 0 10px;    text-align: left;    vertical-align: top;}.DispName {    background-image: url(""http://image.rakuten.co.jp/edion/cabinet/parts/ico_goods.gif"");    background-repeat: no-repeat;    font-size: 80%;    line-height: 1.2em;    margin: 0 0 5px;    padding: 0 0 0 11px;}.RelationTable td.CellEnd {    background-color: #FFFFFF;    font-size: 100%;    font-weight: normal;    padding: 0 0 20px;    text-align: left;    vertical-align: top;    width: 150px;}.PriceBlk {    background-image: url(""http://image.rakuten.co.jp/edion/cabinet/parts/underline_l.gif"");    background-position: left bottom;    background-repeat: no-repeat;    color: #000000;    font-size: 100%;    margin: 0;    padding: 3px 0 2px;    vertical-align: top;}.GoodsSpecBox {    font-size: 95%;    line-height: 1.6;    margin: 0 0 30px;    padding: 0;}#PageLink {    vertical-align: top;    text-align: right;    padding: 0px 30px;    margin: 0px 0px 10px 0px;}</style><div class=""GoodsSpecTitle2""><h3>[バンダイ 聖闘士聖衣神話 サジタリアス星矢  セイヤ/サジタリアスセイヤNN] の商品説明</h3></div><div class=""GoodsSpecTitleEnd""></div><div class=""GoodsSpecBox"">●『聖闘士星矢Ω』より射手座の黄金聖闘士サジタリアス星矢がついにラインナップ!!<br>●クリアパーツを配した新たなる聖衣は、オブジェ形態に換装が可能。<br>●射手座の弓矢が付属。翼部分は可動し、羽を広げた状態が再現可能。<br>●交換用フェイスパーツにより、目を閉じた状態が再現可能。また、マスクを外した状態を再現する髪パーツが付属。<br>●88の聖闘士の最高位である黄金聖衣を纏ったサジタリアス星矢を完全再現。<br>●&copy;車田正美/東映アニメーション・テレビ朝日・電通</div><div class=""GoodsSpecTitle2""><h3>[バンダイ 聖闘士聖衣神話 サジタリアス星矢  セイヤ/サジタリアスセイヤNN]のスペック</h3></div><div class=""GoodsSpecTitleEnd""></div><div class=""GoodsSpecBox"">●対象年齢:15才以上<br>●材質:ABS、PVC、ダイキャスト製<br>●全高:約16cm<br>●セット内容:本体、聖衣一式、交換用フェイスパーツ、オブジェ用フレーム、弓矢、交換用手首一式</div></div><div id=""PageLink""><img height=""13"" width=""101"" alt=""このページのトップへ"" src=""http://image.rakuten.co.jp/edion/cabinet/02422072/etc/qa/btn_pagetop.gif""></div><style type>
img {
border-style: none;
}
</style>
<center>
<table width=100%>
	<tr>
		<td width=100% align=center>
			<font size=2>おしらせ</font>
		</td>
	</tr>
	<tr>
		<td width=100% align=center>


<div style=""color: #000000; width:100%; height: 28px; font-weight: bold; font-size: 15px; border: 1px solid #C0C0C0; text-align:center; background-color: #FFFFFF; padding: 7px 0 0;"">
				
							<font size=3 color=blue><b>宅急便（ヤマト運輸様）の「配達時間帯の指定枠」の変更について</b></font>
				</div>


<div style=""color: #000000; width:100%; height: 28px; font-weight: bold; font-size: 15px; border: 1px solid #C0C0C0; text-align:center; background-color: #FFFFFF; padding: 7px 0 0;"">
				
							<font size=2><b>楽天市場の検索・楽天プロダクトの『在庫あり』表記について</b></font>
				</div>



<div style=""color: #000000; width:100%; height: 28px; font-weight: bold; font-size: 15px; border: 1px solid #C0C0C0; text-align:center; background-color: #FFFFFF; padding: 7px 0 0;"">
				
							<font size=2><b>商品のお届け時期・出荷（目安）表示について</b></font>
				</div>




				<table>
				<tr>
				<td hight=""2"">
				</td>
				</tr>
				</table>


<div style=""width: 690px; margin: 0pt; text-align:center;"">
					
					<img alt=""エディオン楽天市場店　おすすめ指定商品のポイントがお得！"" src=""https://image.rakuten.co.jp/edion/cabinet/02422072/etc/05101693/imgrc0068582080.jpg"" style=""width: 690px; margin: 0pt;"" />
					</div>
				<table>
				<tr>
				<td hight=""2"">
				</td>
				</tr>
				</table>

<div style=""width: 690px; margin: 0pt; text-align:center;"">
					
					<img alt=""【136時間限定！】6,000円以上お買い物で200円OFFクーポンキャンペーン"" src=""https://image.rakuten.co.jp/edion/cabinet/02422072/etc/05101693/imgrc0068577433.jpg"" style=""width: 580px; margin: 0pt;"" />
					</div>
				<table>
				<tr>
				<td hight=""2"">
				</td>
				</tr>
				</table>


<div style=""width: 690px; margin: 0pt; text-align:center;"">
					
					<img alt=""『102時間限定！ ポイント最大35倍！お買い物マラソン』"" src=""https://image.rakuten.co.jp/edion/cabinet/02422072/etc/05101693/imgrc0068552560.jpg"" style=""width: 580px; margin: 0pt;"" />
					</div>
				<table>
				<tr>
				<td hight=""2"">
				</td>
				</tr>
				</table>



<div style=""width: 690px; margin: 0pt; text-align:center;"">
					
					<img alt=""期間限定！映像ソフト３００円均一特集！！"" src=""http://image.rakuten.co.jp/edion/cabinet/02422072/etc/05101693/imgrc0068065427.jpg"" style=""width: 580px; height: 191px; margin: 0pt;"" />
					</div>
				<table>
				<tr>
				<td hight=""2"">
				</td>
				</tr>
				</table>




<div style=""width: 690px; margin: 0pt; text-align:center;"">
					
					<img alt=""スーパーポイントアッププログラム　各種サービスご利用でいつでも毎日ポイント7倍"" src=""http://image.rakuten.co.jp/edion/cabinet/02422072/etc/03786972/imgrc0065944519.jpg"" style=""width: 468px; height: 60px; margin: 0pt;"" />
					</div>
				<table>
				<tr>
				<td hight=""2"">
				</td>
				</tr>
				</table>




<div style=""width: 690px; margin: 0pt; text-align:center;"">
					
					<img alt=""『初めてのお買い物で1,000円分ポイントプレゼント！』"" src=""http://image.rakuten.co.jp/edion/cabinet/02422072/etc/05101693/imgrc0067699606.jpg"" style=""width: 468px; height: 60px; margin: 0pt;"" />
					</div>
				<table>
				<tr>
				<td hight=""2"">
				</td>
				</tr>
				</table>


<div style=""width: 690px; margin: 0pt; text-align:center;"">
					
					<img alt=""お買い物マラソンで使える！楽天ウェブ検索を初めてご利用の方に1,200円クーポンプレゼント"" src=""https://image.rakuten.co.jp/edion/cabinet/02422072/etc/05101693/imgrc0068572794.jpg"" style=""width: 468px; height: 60px; margin: 0pt;"" />
					</div>
				<table>
				<tr>
				<td hight=""2"">
				</td>
				</tr>
				</table>


<div style=""width: 690px; margin: 0pt; text-align:center;"">
					
					<img alt=""楽天ウェブ検索利用でポイント10倍プレゼント』"" src=""http://image.rakuten.co.jp/edion/cabinet/02422072/etc/05101693/imgrc0067545172.jpg"" style=""width: 468px; height: 60px; margin: 0pt;"" />
					</div>
				<table>
				<tr>
				<td hight=""2"">
				</td>
				</tr>
				</table>

<div style=""width: 690px; margin: 0pt; text-align:center;"">
					
					<img alt=""楽天ウェブ検索利用でポイント+0.5倍』"" src=""http://image.rakuten.co.jp/edion/cabinet/02422072/etc/05101693/imgrc0067545150.jpg"" style=""width: 468px; height: 60px; margin: 0pt;"" />
					</div>
				<table>
				<tr>
				<td hight=""2"">
				</td>
				</tr>
				</table>


<div style=""width: 690px; margin: 0pt; text-align:center;"">
					
					<img alt=""楽天カード新規入会で2,000ポイント！さらにすぐに使える1,000円クーポンプレゼント！"" src=""http://image.rakuten.co.jp/edion/cabinet/02422072/etc/top/img59904332.gif"" style=""width: 468px; height: 60px; margin: 0pt;"" />
					</div>
				<table>
				<tr>
				<td hight=""2"">
				</td>
				</tr>
				</table>



			</div>
		</td>
	</tr>
</table>


<table>
<tr>
<td hight=""2"">
</td>
</tr>
</table>",【送料無料】バンダイ 聖闘士聖衣神話 サジタリアス星矢 セイヤ/サジタリアスセイヤNN [セイヤサジタリアスセイヤNN]：エディオン　楽天市場店,【送料無料】バンダイ 聖闘士聖衣神話 サジタリアス星矢 セイヤ/サジタリアスセイヤNN [セイヤサジタリアスセイヤNN],【送料無料】バンダイ 聖闘士聖衣神話 サジタリアス星矢 セイヤ/サジタリアスセイヤNN [セイヤサジタリアスセイヤNN][rn]
2-65851,http://tshop.r10s.jp/edion/cabinet/goods/ll/img_145/4549660062448_ll.jpg?fitin=700:700,11840.0000,,おもちゃ・ホビー・ゲーム > フィギュア > アニメ・コミック,【送料無料】バンダイ 超合金 トイ・ストーリー 超合体 ウッディロボ・シェリフスター チヨウゴウ/ウツデイロボシエリフス [チヨウゴウウツデイロボシエリフス],,"<style type>img {    border: none;}#CenterCntBoxDowble {    float: right;    margin: 0;    padding: 0;    text-align: left;    vertical-align: top;    width: 720px;}.GoodsSpecTitle2{    background-image: url(""http://image.rakuten.co.jp/edion/cabinet/parts/dtitle_goods2.gif"");    background-repeat: no-repeat;    font-size: 100%;    margin: 0;    padding: 7px 11px 0;    max-height: 80px;    min-height: 25px;}.GoodsSpecTitleEnd {    background-image: url(""http://image.rakuten.co.jp/edion/cabinet/parts/dtitle_goodsend.gif"");    background-position: left bottom;    background-repeat: no-repeat;    height: 10px;    margin: 0px 0 10px;}.GoodsSpecTitle2 h3 {    color: #FFFFFF;    font-size: 108%;    max-height: 70px;    min-height: 24px;}h3 {    margin: 0;    padding: 0;}span.tax {    color: #666666;    font-size: 70%;}.RelationTable {    margin: 0 0 10px;    padding: 0;}td.Cell {    background-color: #FFFFFF;    font-size: 100%;    font-weight: normal;    padding: 2px 40px 0 0;    text-align: left;    vertical-align: top;    width: 150px;}.DispListCmt {    font-size: 10px;    line-height: 1.4em;    margin: 0;    padding: 2px 0 7px;}.RelationListImg img {    border: 1px solid #CCCCCC;    margin: 0 0 10px;    text-align: left;    vertical-align: top;}.DispName {    background-image: url(""http://image.rakuten.co.jp/edion/cabinet/parts/ico_goods.gif"");    background-repeat: no-repeat;    font-size: 80%;    line-height: 1.2em;    margin: 0 0 5px;    padding: 0 0 0 11px;}.RelationTable td.CellEnd {    background-color: #FFFFFF;    font-size: 100%;    font-weight: normal;    padding: 0 0 20px;    text-align: left;    vertical-align: top;    width: 150px;}.PriceBlk {    background-image: url(""http://image.rakuten.co.jp/edion/cabinet/parts/underline_l.gif"");    background-position: left bottom;    background-repeat: no-repeat;    color: #000000;    font-size: 100%;    margin: 0;    padding: 3px 0 2px;    vertical-align: top;}.GoodsSpecBox {    font-size: 100%;    line-height: 1.6;    margin: 0 0 30px;    padding: 0;    width: 720px;}#PageLink {    vertical-align: top;    text-align: right;    padding: 0px 30px;    margin: 0px 0px 10px 0px;    width: 690px;}</style><div class=""GoodsSpecTitle2""><h3>[バンダイ 超合金 トイ・ストーリー 超合体 ウッディロボ・シェリフスター チヨウゴウ/ウツデイロボシエリフス]の商品説明</h3></div><div class=""GoodsSpecTitleEnd""></div><div class=""GoodsSpecBox"">●『トイ・ストーリー』シリーズの人気キャラクターが超合体したロボットが登場。<br>●超合金シリーズならではの技術やアレンジで、こどもの空想が詰まったような夢のロボットが完成しました。ピクサー完全監修の超合金オリジナルストーリーにも注目です。<br>●ロボットのリーダーは、ごぞんじ町の保安官ウッディ!カウボーイハットは飛行機だ。彼がロボットの指令を出す。<br>●ロボットの右腕と胸部を担うブルズアイ。その右腕からは相手をノックアウトする必殺技「バッシャー・パンチ」が放たれる。<br>●バネが特徴のスリンキー・ドッグは左腕となり、敵をタイホする必殺技「スター・ワッパー」を繰り出す!<br>●がっしりとした右足はレックス!ニースパイクで敵を粉砕する。いつもは弱気だけど、みんなと合体すれば勇気満々!<br>●左足はハム。コインソーは敵を切り裂く。ジェットを内蔵し推進力をサポートする。<br><br><br>&copy;Disney/Pixar</div><div class=""GoodsSpecTitle2""><h3>[バンダイ 超合金 トイ・ストーリー 超合体 ウッディロボ・シェリフスター チヨウゴウ/ウツデイロボシエリフス]のスペック</h3></div><div class=""GoodsSpecTitleEnd""></div><div class=""GoodsSpecBox"">●対象年齢:15才以上<br>●材質:ABS、ダイキャスト、PVC<br>●全高:約230mm<br>●セット内容:ウッディ、ブルズアイ、スリンキー・ドッグ、ハム、レックス</div></div><div id=""PageLink""><img height=""13"" width=""101"" alt=""このページのトップへ"" src=""http://image.rakuten.co.jp/edion/cabinet/02422072/etc/qa/btn_pagetop.gif""></div><style type>
img {
border-style: none;
}
</style>
<center>
<table width=100%>
	<tr>
		<td width=100% align=center>
			<font size=2>おしらせ</font>
		</td>
	</tr>
	<tr>
		<td width=100% align=center>


<div style=""color: #000000; width:100%; height: 28px; font-weight: bold; font-size: 15px; border: 1px solid #C0C0C0; text-align:center; background-color: #FFFFFF; padding: 7px 0 0;"">
				
							<font size=3 color=blue><b>宅急便（ヤマト運輸様）の「配達時間帯の指定枠」の変更について</b></font>
				</div>


<div style=""color: #000000; width:100%; height: 28px; font-weight: bold; font-size: 15px; border: 1px solid #C0C0C0; text-align:center; background-color: #FFFFFF; padding: 7px 0 0;"">
				
							<font size=2><b>楽天市場の検索・楽天プロダクトの『在庫あり』表記について</b></font>
				</div>



<div style=""color: #000000; width:100%; height: 28px; font-weight: bold; font-size: 15px; border: 1px solid #C0C0C0; text-align:center; background-color: #FFFFFF; padding: 7px 0 0;"">
				
							<font size=2><b>商品のお届け時期・出荷（目安）表示について</b></font>
				</div>




				<table>
				<tr>
				<td hight=""2"">
				</td>
				</tr>
				</table>


<div style=""width: 690px; margin: 0pt; text-align:center;"">
					
					<img alt=""エディオン楽天市場店　おすすめ指定商品のポイントがお得！"" src=""https://image.rakuten.co.jp/edion/cabinet/02422072/etc/05101693/imgrc0068582080.jpg"" style=""width: 690px; margin: 0pt;"" />
					</div>
				<table>
				<tr>
				<td hight=""2"">
				</td>
				</tr>
				</table>

<div style=""width: 690px; margin: 0pt; text-align:center;"">
					
					<img alt=""【136時間限定！】6,000円以上お買い物で200円OFFクーポンキャンペーン"" src=""https://image.rakuten.co.jp/edion/cabinet/02422072/etc/05101693/imgrc0068577433.jpg"" style=""width: 580px; margin: 0pt;"" />
					</div>
				<table>
				<tr>
				<td hight=""2"">
				</td>
				</tr>
				</table>


<div style=""width: 690px; margin: 0pt; text-align:center;"">
					
					<img alt=""『102時間限定！ ポイント最大35倍！お買い物マラソン』"" src=""https://image.rakuten.co.jp/edion/cabinet/02422072/etc/05101693/imgrc0068552560.jpg"" style=""width: 580px; margin: 0pt;"" />
					</div>
				<table>
				<tr>
				<td hight=""2"">
				</td>
				</tr>
				</table>



<div style=""width: 690px; margin: 0pt; text-align:center;"">
					
					<img alt=""期間限定！映像ソフト３００円均一特集！！"" src=""http://image.rakuten.co.jp/edion/cabinet/02422072/etc/05101693/imgrc0068065427.jpg"" style=""width: 580px; height: 191px; margin: 0pt;"" />
					</div>
				<table>
				<tr>
				<td hight=""2"">
				</td>
				</tr>
				</table>




<div style=""width: 690px; margin: 0pt; text-align:center;"">
					
					<img alt=""スーパーポイントアッププログラム　各種サービスご利用でいつでも毎日ポイント7倍"" src=""http://image.rakuten.co.jp/edion/cabinet/02422072/etc/03786972/imgrc0065944519.jpg"" style=""width: 468px; height: 60px; margin: 0pt;"" />
					</div>
				<table>
				<tr>
				<td hight=""2"">
				</td>
				</tr>
				</table>




<div style=""width: 690px; margin: 0pt; text-align:center;"">
					
					<img alt=""『初めてのお買い物で1,000円分ポイントプレゼント！』"" src=""http://image.rakuten.co.jp/edion/cabinet/02422072/etc/05101693/imgrc0067699606.jpg"" style=""width: 468px; height: 60px; margin: 0pt;"" />
					</div>
				<table>
				<tr>
				<td hight=""2"">
				</td>
				</tr>
				</table>


<div style=""width: 690px; margin: 0pt; text-align:center;"">
					
					<img alt=""お買い物マラソンで使える！楽天ウェブ検索を初めてご利用の方に1,200円クーポンプレゼント"" src=""https://image.rakuten.co.jp/edion/cabinet/02422072/etc/05101693/imgrc0068572794.jpg"" style=""width: 468px; height: 60px; margin: 0pt;"" />
					</div>
				<table>
				<tr>
				<td hight=""2"">
				</td>
				</tr>
				</table>


<div style=""width: 690px; margin: 0pt; text-align:center;"">
					
					<img alt=""楽天ウェブ検索利用でポイント10倍プレゼント』"" src=""http://image.rakuten.co.jp/edion/cabinet/02422072/etc/05101693/imgrc0067545172.jpg"" style=""width: 468px; height: 60px; margin: 0pt;"" />
					</div>
				<table>
				<tr>
				<td hight=""2"">
				</td>
				</tr>
				</table>

<div style=""width: 690px; margin: 0pt; text-align:center;"">
					
					<img alt=""楽天ウェブ検索利用でポイント+0.5倍』"" src=""http://image.rakuten.co.jp/edion/cabinet/02422072/etc/05101693/imgrc0067545150.jpg"" style=""width: 468px; height: 60px; margin: 0pt;"" />
					</div>
				<table>
				<tr>
				<td hight=""2"">
				</td>
				</tr>
				</table>


<div style=""width: 690px; margin: 0pt; text-align:center;"">
					
					<img alt=""楽天カード新規入会で2,000ポイント！さらにすぐに使える1,000円クーポンプレゼント！"" src=""http://image.rakuten.co.jp/edion/cabinet/02422072/etc/top/img59904332.gif"" style=""width: 468px; height: 60px; margin: 0pt;"" />
					</div>
				<table>
				<tr>
				<td hight=""2"">
				</td>
				</tr>
				</table>



			</div>
		</td>
	</tr>
</table>


<table>
<tr>
<td hight=""2"">
</td>
</tr>
</table>",【送料無料】バンダイ 超合金 トイ・ストーリー 超合体 ウッディロボ・シェリフスター チヨウゴウ/ウツデイロボシエリフス [チヨウゴウウツデイロボシエリフス]：エディオン　楽天市場店,【送料無料】バンダイ 超合金 トイ・ストーリー 超合体 ウッディロボ・シェリフスター チヨウゴウ/ウツデイロボシエリフス [チヨウゴウウツデイロボシエリフス],【送料無料】バンダイ 超合金 トイ・ストーリー 超合体 ウッディロボ・シェリフスター チヨウゴウ/ウツデイロボシエリフス [チヨウゴウウツデイロボシエリフス][rn]
2-65852,http://tshop.r10s.jp/edion/cabinet/goods/ll/img_014/4543112920263_ll.jpg?fitin=700:700,1920.0000,,おもちゃ・ホビー・ゲーム > フィギュア > アニメ・コミック,バンダイ S．H．Figuarts ウォーズマン SHフイギユア-ツ/ウオ-ズマン [SHフイギユア-ツウオ-ズマン],,"<style type>img {    border: none;}#CenterCntBoxDowble {    float: right;    margin: 0;    padding: 0;    text-align: left;    vertical-align: top;    width: 720px;}.GoodsSpecTitle2{    background-image: url(""http://image.rakuten.co.jp/edion/cabinet/parts/dtitle_goods2.gif"");    background-repeat: no-repeat;    font-size: 100%;    margin: 0;    padding: 7px 11px 0;    max-height: 80px;    min-height: 25px;}.GoodsSpecTitleEnd {    background-image: url(""http://image.rakuten.co.jp/edion/cabinet/parts/dtitle_goodsend.gif"");    background-position: left bottom;    background-repeat: no-repeat;    height: 10px;    margin: 0px 0 10px;}.GoodsSpecTitle2 h3 {    color: #FFFFFF;    font-size: 108%;    max-height: 70px;    min-height: 24px;}h3 {    margin: 0;    padding: 0;}span.tax {    color: #666666;    font-size: 70%;}.RelationTable {    margin: 0 0 10px;    padding: 0;}td.Cell {    background-color: #FFFFFF;    font-size: 100%;    font-weight: normal;    padding: 2px 40px 0 0;    text-align: left;    vertical-align: top;    width: 150px;}.DispListCmt {    font-size: 10px;    line-height: 1.4em;    margin: 0;    padding: 2px 0 7px;}.RelationListImg img {    border: 1px solid #CCCCCC;    margin: 0 0 10px;    text-align: left;    vertical-align: top;}.DispName {    background-image: url(""http://image.rakuten.co.jp/edion/cabinet/parts/ico_goods.gif"");    background-repeat: no-repeat;    font-size: 80%;    line-height: 1.2em;    margin: 0 0 5px;    padding: 0 0 0 11px;}.RelationTable td.CellEnd {    background-color: #FFFFFF;    font-size: 100%;    font-weight: normal;    padding: 0 0 20px;    text-align: left;    vertical-align: top;    width: 150px;}.PriceBlk {    background-image: url(""http://image.rakuten.co.jp/edion/cabinet/parts/underline_l.gif"");    background-position: left bottom;    background-repeat: no-repeat;    color: #000000;    font-size: 100%;    margin: 0;    padding: 3px 0 2px;    vertical-align: top;}.GoodsSpecBox {    font-size: 100%;    line-height: 1.6;    margin: 0 0 30px;    padding: 0;    width: 720px;}#PageLink {    vertical-align: top;    text-align: right;    padding: 0px 30px;    margin: 0px 0px 10px 0px;    width: 690px;}</style><div class=""GoodsSpecTitle2""><h3>[バンダイ S．H．Figuarts ウォーズマン SHフイギユア-ツ/ウオ-ズマン]の商品説明</h3></div><div class=""GoodsSpecTitleEnd""></div><div class=""GoodsSpecBox"">●友情インプット完了!人気NO.1のファイティングコンピューターがキン肉マンと同時発売!<br>●キン肉マンシリーズは一体では遊べない!対戦相手として好試合を繰り広げたウォーズマンが同時発売。S.H.Figuarts初の可動指で相手を確実にホールド!!<br><br><br>&copy;ゆでたまご・東映アニメーション</div><div class=""GoodsSpecTitle2""><h3>[バンダイ S．H．Figuarts ウォーズマン SHフイギユア-ツ/ウオ-ズマン]のスペック</h3></div><div class=""GoodsSpecTitleEnd""></div><div class=""GoodsSpecBox"">●対象年齢:15才以上<br>●材質:ABS、PVC製<br>●全高:約145mm<br>●セット内容:本体、交換用頭部2種、交換用可動手首(左右)、ベアクロー(左右)</div></div><div id=""PageLink""><img height=""13"" width=""101"" alt=""このページのトップへ"" src=""http://image.rakuten.co.jp/edion/cabinet/02422072/etc/qa/btn_pagetop.gif""></div><style type>
img {
border-style: none;
}
</style>
<center>
<table width=100%>
	<tr>
		<td width=100% align=center>
			<font size=2>おしらせ</font>
		</td>
	</tr>
	<tr>
		<td width=100% align=center>


<div style=""color: #000000; width:100%; height: 28px; font-weight: bold; font-size: 15px; border: 1px solid #C0C0C0; text-align:center; background-color: #FFFFFF; padding: 7px 0 0;"">
				
							<font size=3 color=blue><b>宅急便（ヤマト運輸様）の「配達時間帯の指定枠」の変更について</b></font>
				</div>


<div style=""color: #000000; width:100%; height: 28px; font-weight: bold; font-size: 15px; border: 1px solid #C0C0C0; text-align:center; background-color: #FFFFFF; padding: 7px 0 0;"">
				
							<font size=2><b>楽天市場の検索・楽天プロダクトの『在庫あり』表記について</b></font>
				</div>



<div style=""color: #000000; width:100%; height: 28px; font-weight: bold; font-size: 15px; border: 1px solid #C0C0C0; text-align:center; background-color: #FFFFFF; padding: 7px 0 0;"">
				
							<font size=2><b>商品のお届け時期・出荷（目安）表示について</b></font>
				</div>




				<table>
				<tr>
				<td hight=""2"">
				</td>
				</tr>
				</table>


<div style=""width: 690px; margin: 0pt; text-align:center;"">
					
					<img alt=""エディオン楽天市場店　おすすめ指定商品のポイントがお得！"" src=""https://image.rakuten.co.jp/edion/cabinet/02422072/etc/05101693/imgrc0068582080.jpg"" style=""width: 690px; margin: 0pt;"" />
					</div>
				<table>
				<tr>
				<td hight=""2"">
				</td>
				</tr>
				</table>

<div style=""width: 690px; margin: 0pt; text-align:center;"">
					
					<img alt=""【136時間限定！】6,000円以上お買い物で200円OFFクーポンキャンペーン"" src=""https://image.rakuten.co.jp/edion/cabinet/02422072/etc/05101693/imgrc0068577433.jpg"" style=""width: 580px; margin: 0pt;"" />
					</div>
				<table>
				<tr>
				<td hight=""2"">
				</td>
				</tr>
				</table>


<div style=""width: 690px; margin: 0pt; text-align:center;"">
					
					<img alt=""『102時間限定！ ポイント最大35倍！お買い物マラソン』"" src=""https://image.rakuten.co.jp/edion/cabinet/02422072/etc/05101693/imgrc0068552560.jpg"" style=""width: 580px; margin: 0pt;"" />
					</div>
				<table>
				<tr>
				<td hight=""2"">
				</td>
				</tr>
				</table>



<div style=""width: 690px; margin: 0pt; text-align:center;"">
					
					<img alt=""期間限定！映像ソフト３００円均一特集！！"" src=""http://image.rakuten.co.jp/edion/cabinet/02422072/etc/05101693/imgrc0068065427.jpg"" style=""width: 580px; height: 191px; margin: 0pt;"" />
					</div>
				<table>
				<tr>
				<td hight=""2"">
				</td>
				</tr>
				</table>




<div style=""width: 690px; margin: 0pt; text-align:center;"">
					
					<img alt=""スーパーポイントアッププログラム　各種サービスご利用でいつでも毎日ポイント7倍"" src=""http://image.rakuten.co.jp/edion/cabinet/02422072/etc/03786972/imgrc0065944519.jpg"" style=""width: 468px; height: 60px; margin: 0pt;"" />
					</div>
				<table>
				<tr>
				<td hight=""2"">
				</td>
				</tr>
				</table>




<div style=""width: 690px; margin: 0pt; text-align:center;"">
					
					<img alt=""『初めてのお買い物で1,000円分ポイントプレゼント！』"" src=""http://image.rakuten.co.jp/edion/cabinet/02422072/etc/05101693/imgrc0067699606.jpg"" style=""width: 468px; height: 60px; margin: 0pt;"" />
					</div>
				<table>
				<tr>
				<td hight=""2"">
				</td>
				</tr>
				</table>


<div style=""width: 690px; margin: 0pt; text-align:center;"">
					
					<img alt=""お買い物マラソンで使える！楽天ウェブ検索を初めてご利用の方に1,200円クーポンプレゼント"" src=""https://image.rakuten.co.jp/edion/cabinet/02422072/etc/05101693/imgrc0068572794.jpg"" style=""width: 468px; height: 60px; margin: 0pt;"" />
					</div>
				<table>
				<tr>
				<td hight=""2"">
				</td>
				</tr>
				</table>


<div style=""width: 690px; margin: 0pt; text-align:center;"">
					
					<img alt=""楽天ウェブ検索利用でポイント10倍プレゼント』"" src=""http://image.rakuten.co.jp/edion/cabinet/02422072/etc/05101693/imgrc0067545172.jpg"" style=""width: 468px; height: 60px; margin: 0pt;"" />
					</div>
				<table>
				<tr>
				<td hight=""2"">
				</td>
				</tr>
				</table>

<div style=""width: 690px; margin: 0pt; text-align:center;"">
					
					<img alt=""楽天ウェブ検索利用でポイント+0.5倍』"" src=""http://image.rakuten.co.jp/edion/cabinet/02422072/etc/05101693/imgrc0067545150.jpg"" style=""width: 468px; height: 60px; margin: 0pt;"" />
					</div>
				<table>
				<tr>
				<td hight=""2"">
				</td>
				</tr>
				</table>


<div style=""width: 690px; margin: 0pt; text-align:center;"">
					
					<img alt=""楽天カード新規入会で2,000ポイント！さらにすぐに使える1,000円クーポンプレゼント！"" src=""http://image.rakuten.co.jp/edion/cabinet/02422072/etc/top/img59904332.gif"" style=""width: 468px; height: 60px; margin: 0pt;"" />
					</div>
				<table>
				<tr>
				<td hight=""2"">
				</td>
				</tr>
				</table>



			</div>
		</td>
	</tr>
</table>


<table>
<tr>
<td hight=""2"">
</td>
</tr>
</table>",バンダイ S．H．Figuarts ウォーズマン SHフイギユア-ツ/ウオ-ズマン [SHフイギユア-ツウオ-ズマン]：エディオン　楽天市場店,バンダイ S．H．Figuarts ウォーズマン SHフイギユア-ツ/ウオ-ズマン [SHフイギユア-ツウオ-ズマン],バンダイ S．H．Figuarts ウォーズマン SHフイギユア-ツ/ウオ-ズマン [SHフイギユア-ツウオ-ズマン][rn]
2-65853,http://tshop.r10s.jp/edion/cabinet/goods/ll/img_151/4549660124917_ll.jpg?fitin=700:700,4384.0000,,おもちゃ・ホビー・ゲーム > フィギュア > アニメ・コミック,【送料無料】バンダイ S．H．Figuarts チューバッカ (A NEW HOPE) SHF/ﾁﾕ-ﾊﾞﾂｶANH [SHFﾁﾕ-ﾊﾞﾂｶANH],,"<style type>img {    border: none;}#CenterCntBoxDowble {    float: right;    margin: 0;    padding: 0;    text-align: left;    vertical-align: top;    width: 720px;}.GoodsSpecTitle2{    background-image: url(""http://image.rakuten.co.jp/edion/cabinet/parts/dtitle_goods2.gif"");    background-repeat: no-repeat;    font-size: 100%;    margin: 0;    padding: 7px 11px 0;    max-height: 80px;    min-height: 25px;}.GoodsSpecTitleEnd {    background-image: url(""http://image.rakuten.co.jp/edion/cabinet/parts/dtitle_goodsend.gif"");    background-position: left bottom;    background-repeat: no-repeat;    height: 10px;    margin: 0px 0 10px;}.GoodsSpecTitle2 h3 {    color: #FFFFFF;    font-size: 108%;    max-height: 70px;    min-height: 24px;}h3 {    margin: 0;    padding: 0;}span.tax {    color: #666666;    font-size: 70%;}.RelationTable {    margin: 0 0 10px;    padding: 0;}td.Cell {    background-color: #FFFFFF;    font-size: 100%;    font-weight: normal;    padding: 2px 40px 0 0;    text-align: left;    vertical-align: top;    width: 150px;}.DispListCmt {    font-size: 10px;    line-height: 1.4em;    margin: 0;    padding: 2px 0 7px;}.RelationListImg img {    border: 1px solid #CCCCCC;    margin: 0 0 10px;    text-align: left;    vertical-align: top;}.DispName {    background-image: url(""http://image.rakuten.co.jp/edion/cabinet/parts/ico_goods.gif"");    background-repeat: no-repeat;    font-size: 80%;    line-height: 1.2em;    margin: 0 0 5px;    padding: 0 0 0 11px;}.RelationTable td.CellEnd {    background-color: #FFFFFF;    font-size: 100%;    font-weight: normal;    padding: 0 0 20px;    text-align: left;    vertical-align: top;    width: 150px;}.PriceBlk {    background-image: url(""http://image.rakuten.co.jp/edion/cabinet/parts/underline_l.gif"");    background-position: left bottom;    background-repeat: no-repeat;    color: #000000;    font-size: 100%;    margin: 0;    padding: 3px 0 2px;    vertical-align: top;}.GoodsSpecBox {    font-size: 100%;    line-height: 1.6;    margin: 0 0 30px;    padding: 0;    width: 720px;}#PageLink {    vertical-align: top;    text-align: right;    padding: 0px 30px;    margin: 0px 0px 10px 0px;    width: 690px;}</style><div class=""GoodsSpecTitle2""><h3>[バンダイ S．H．Figuarts チューバッカ (A NEW HOPE) SHF/ﾁﾕ-ﾊﾞﾂｶANH]の商品説明</h3></div><div class=""GoodsSpecTitleEnd""></div><div class=""GoodsSpecBox"">●全高約170mmの劇中を意識したサイズで商品化。<br>●フェイスパーツの付け替えで「咆哮時」も再現可能に。<br>●好評のデジタル彩色が魅せる、瞳や毛並の圧倒的な再現度。<br>●専用武器・ボウキャスター付属。<br>●別売りの ハン・ソロとのディスプレイで銀河最強のコンビを再現可能。<br><br><br>&copy; &TM Lucasfilm Ltd.</div><div class=""GoodsSpecTitle2""><h3>[バンダイ S．H．Figuarts チューバッカ (A NEW HOPE) SHF/ﾁﾕ-ﾊﾞﾂｶANH]のスペック</h3></div><div class=""GoodsSpecTitleEnd""></div><div class=""GoodsSpecBox"">●対象年齢:15才以上<br>●材質:ABS、PVC<br>●全高:約170mm<br>●セット内容:本体、交換用手首左右、交換用フェイスパーツ、ボウキャスター(握り手首付き)</div></div><div id=""PageLink""><img height=""13"" width=""101"" alt=""このページのトップへ"" src=""http://image.rakuten.co.jp/edion/cabinet/02422072/etc/qa/btn_pagetop.gif""></div><style type>
img {
border-style: none;
}
</style>
<center>
<table width=100%>
	<tr>
		<td width=100% align=center>
			<font size=2>おしらせ</font>
		</td>
	</tr>
	<tr>
		<td width=100% align=center>


<div style=""color: #000000; width:100%; height: 28px; font-weight: bold; font-size: 15px; border: 1px solid #C0C0C0; text-align:center; background-color: #FFFFFF; padding: 7px 0 0;"">
				
							<font size=3 color=blue><b>宅急便（ヤマト運輸様）の「配達時間帯の指定枠」の変更について</b></font>
				</div>


<div style=""color: #000000; width:100%; height: 28px; font-weight: bold; font-size: 15px; border: 1px solid #C0C0C0; text-align:center; background-color: #FFFFFF; padding: 7px 0 0;"">
				
							<font size=2><b>楽天市場の検索・楽天プロダクトの『在庫あり』表記について</b></font>
				</div>



<div style=""color: #000000; width:100%; height: 28px; font-weight: bold; font-size: 15px; border: 1px solid #C0C0C0; text-align:center; background-color: #FFFFFF; padding: 7px 0 0;"">
				
							<font size=2><b>商品のお届け時期・出荷（目安）表示について</b></font>
				</div>




				<table>
				<tr>
				<td hight=""2"">
				</td>
				</tr>
				</table>


<div style=""width: 690px; margin: 0pt; text-align:center;"">
					
					<img alt=""エディオン楽天市場店　おすすめ指定商品のポイントがお得！"" src=""https://image.rakuten.co.jp/edion/cabinet/02422072/etc/05101693/imgrc0068582080.jpg"" style=""width: 690px; margin: 0pt;"" />
					</div>
				<table>
				<tr>
				<td hight=""2"">
				</td>
				</tr>
				</table>

<div style=""width: 690px; margin: 0pt; text-align:center;"">
					
					<img alt=""【136時間限定！】6,000円以上お買い物で200円OFFクーポンキャンペーン"" src=""https://image.rakuten.co.jp/edion/cabinet/02422072/etc/05101693/imgrc0068577433.jpg"" style=""width: 580px; margin: 0pt;"" />
					</div>
				<table>
				<tr>
				<td hight=""2"">
				</td>
				</tr>
				</table>


<div style=""width: 690px; margin: 0pt; text-align:center;"">
					
					<img alt=""『102時間限定！ ポイント最大35倍！お買い物マラソン』"" src=""https://image.rakuten.co.jp/edion/cabinet/02422072/etc/05101693/imgrc0068552560.jpg"" style=""width: 580px; margin: 0pt;"" />
					</div>
				<table>
				<tr>
				<td hight=""2"">
				</td>
				</tr>
				</table>



<div style=""width: 690px; margin: 0pt; text-align:center;"">
					
					<img alt=""期間限定！映像ソフト３００円均一特集！！"" src=""http://image.rakuten.co.jp/edion/cabinet/02422072/etc/05101693/imgrc0068065427.jpg"" style=""width: 580px; height: 191px; margin: 0pt;"" />
					</div>
				<table>
				<tr>
				<td hight=""2"">
				</td>
				</tr>
				</table>




<div style=""width: 690px; margin: 0pt; text-align:center;"">
					
					<img alt=""スーパーポイントアッププログラム　各種サービスご利用でいつでも毎日ポイント7倍"" src=""http://image.rakuten.co.jp/edion/cabinet/02422072/etc/03786972/imgrc0065944519.jpg"" style=""width: 468px; height: 60px; margin: 0pt;"" />
					</div>
				<table>
				<tr>
				<td hight=""2"">
				</td>
				</tr>
				</table>




<div style=""width: 690px; margin: 0pt; text-align:center;"">
					
					<img alt=""『初めてのお買い物で1,000円分ポイントプレゼント！』"" src=""http://image.rakuten.co.jp/edion/cabinet/02422072/etc/05101693/imgrc0067699606.jpg"" style=""width: 468px; height: 60px; margin: 0pt;"" />
					</div>
				<table>
				<tr>
				<td hight=""2"">
				</td>
				</tr>
				</table>


<div style=""width: 690px; margin: 0pt; text-align:center;"">
					
					<img alt=""お買い物マラソンで使える！楽天ウェブ検索を初めてご利用の方に1,200円クーポンプレゼント"" src=""https://image.rakuten.co.jp/edion/cabinet/02422072/etc/05101693/imgrc0068572794.jpg"" style=""width: 468px; height: 60px; margin: 0pt;"" />
					</div>
				<table>
				<tr>
				<td hight=""2"">
				</td>
				</tr>
				</table>


<div style=""width: 690px; margin: 0pt; text-align:center;"">
					
					<img alt=""楽天ウェブ検索利用でポイント10倍プレゼント』"" src=""http://image.rakuten.co.jp/edion/cabinet/02422072/etc/05101693/imgrc0067545172.jpg"" style=""width: 468px; height: 60px; margin: 0pt;"" />
					</div>
				<table>
				<tr>
				<td hight=""2"">
				</td>
				</tr>
				</table>

<div style=""width: 690px; margin: 0pt; text-align:center;"">
					
					<img alt=""楽天ウェブ検索利用でポイント+0.5倍』"" src=""http://image.rakuten.co.jp/edion/cabinet/02422072/etc/05101693/imgrc0067545150.jpg"" style=""width: 468px; height: 60px; margin: 0pt;"" />
					</div>
				<table>
				<tr>
				<td hight=""2"">
				</td>
				</tr>
				</table>


<div style=""width: 690px; margin: 0pt; text-align:center;"">
					
					<img alt=""楽天カード新規入会で2,000ポイント！さらにすぐに使える1,000円クーポンプレゼント！"" src=""http://image.rakuten.co.jp/edion/cabinet/02422072/etc/top/img59904332.gif"" style=""width: 468px; height: 60px; margin: 0pt;"" />
					</div>
				<table>
				<tr>
				<td hight=""2"">
				</td>
				</tr>
				</table>



			</div>
		</td>
	</tr>
</table>


<table>
<tr>
<td hight=""2"">
</td>
</tr>
</table>",【送料無料】バンダイ S．H．Figuarts チューバッカ (A NEW HOPE) SHF/ﾁﾕ-ﾊﾞﾂｶANH [SHFﾁﾕ-ﾊﾞﾂｶANH]：エディオン　楽天市場店,【送料無料】バンダイ S．H．Figuarts チューバッカ (A NEW HOPE) SHF/ﾁﾕ-ﾊﾞﾂｶANH [SHFﾁﾕ-ﾊﾞﾂｶANH],【送料無料】バンダイ S．H．Figuarts チューバッカ (A NEW HOPE) SHF/ﾁﾕ-ﾊﾞﾂｶANH [SHFﾁﾕ-ﾊﾞﾂｶANH][rn]
2-65854,http://tshop.r10s.jp/edion/cabinet/goods/ll/img_130/4549660022701_ll.jpg?fitin=700:700,1440.0000,,おもちゃ・ホビー・ゲーム > フィギュア > アニメ・コミック,バンダイ NXEDGE STYLE [MS UNIT] ガンダムバルバトス NS/ガンダムバルトス [NSガンダムバルトス],,"<style type>img {    border: none;}#CenterCntBoxDowble {    float: right;    margin: 0;    padding: 0;    text-align: left;    vertical-align: top;    width: 720px;}.GoodsSpecTitle2{    background-image: url(""http://image.rakuten.co.jp/edion/cabinet/parts/dtitle_goods2.gif"");    background-repeat: no-repeat;    font-size: 100%;    margin: 0;    padding: 7px 11px 0;    max-height: 80px;    min-height: 25px;}.GoodsSpecTitleEnd {    background-image: url(""http://image.rakuten.co.jp/edion/cabinet/parts/dtitle_goodsend.gif"");    background-position: left bottom;    background-repeat: no-repeat;    height: 10px;    margin: 0px 0 10px;}.GoodsSpecTitle2 h3 {    color: #FFFFFF;    font-size: 108%;    max-height: 70px;    min-height: 24px;}h3 {    margin: 0;    padding: 0;}span.tax {    color: #666666;    font-size: 70%;}.RelationTable {    margin: 0 0 10px;    padding: 0;}td.Cell {    background-color: #FFFFFF;    font-size: 100%;    font-weight: normal;    padding: 2px 40px 0 0;    text-align: left;    vertical-align: top;    width: 150px;}.DispListCmt {    font-size: 10px;    line-height: 1.4em;    margin: 0;    padding: 2px 0 7px;}.RelationListImg img {    border: 1px solid #CCCCCC;    margin: 0 0 10px;    text-align: left;    vertical-align: top;}.DispName {    background-image: url(""http://image.rakuten.co.jp/edion/cabinet/parts/ico_goods.gif"");    background-repeat: no-repeat;    font-size: 80%;    line-height: 1.2em;    margin: 0 0 5px;    padding: 0 0 0 11px;}.RelationTable td.CellEnd {    background-color: #FFFFFF;    font-size: 100%;    font-weight: normal;    padding: 0 0 20px;    text-align: left;    vertical-align: top;    width: 150px;}.PriceBlk {    background-image: url(""http://image.rakuten.co.jp/edion/cabinet/parts/underline_l.gif"");    background-position: left bottom;    background-repeat: no-repeat;    color: #000000;    font-size: 100%;    margin: 0;    padding: 3px 0 2px;    vertical-align: top;}.GoodsSpecBox {    font-size: 100%;    line-height: 1.6;    margin: 0 0 30px;    padding: 0;    width: 720px;}#PageLink {    vertical-align: top;    text-align: right;    padding: 0px 30px;    margin: 0px 0px 10px 0px;    width: 690px;}</style><div class=""GoodsSpecTitle2""><h3>[バンダイ NXEDGE STYLE [MS UNIT] ガンダムバルバトス NS/ガンダムバルトス]の商品説明</h3></div><div class=""GoodsSpecTitleEnd""></div><div class=""GoodsSpecBox"">●主役機「ガンダムバルバトス」が、完成品アクションフィギュア最速商品化!<br><br><br>&copy;創通・サンライズ・MBS</div><div class=""GoodsSpecTitle2""><h3>[バンダイ NXEDGE STYLE [MS UNIT] ガンダムバルバトス NS/ガンダムバルトス]のスペック</h3></div><div class=""GoodsSpecTitleEnd""></div><div class=""GoodsSpecBox"">●対象年齢:15才以上<br>●材質:ABS、PVC製<br>●全高:約90mm<br>●セット内容:本体、交換用手首(左右)、刀(仮)、メイス(仮)、交換用メイス(仮)先端、斬撃エフェクトパーツC、専用STAGE一式(台座、フィギュア支柱、エフェクト支柱)</div></div><div id=""PageLink""><img height=""13"" width=""101"" alt=""このページのトップへ"" src=""http://image.rakuten.co.jp/edion/cabinet/02422072/etc/qa/btn_pagetop.gif""></div><style type>
img {
border-style: none;
}
</style>
<center>
<table width=100%>
	<tr>
		<td width=100% align=center>
			<font size=2>おしらせ</font>
		</td>
	</tr>
	<tr>
		<td width=100% align=center>


<div style=""color: #000000; width:100%; height: 28px; font-weight: bold; font-size: 15px; border: 1px solid #C0C0C0; text-align:center; background-color: #FFFFFF; padding: 7px 0 0;"">
				
							<font size=3 color=blue><b>宅急便（ヤマト運輸様）の「配達時間帯の指定枠」の変更について</b></font>
				</div>


<div style=""color: #000000; width:100%; height: 28px; font-weight: bold; font-size: 15px; border: 1px solid #C0C0C0; text-align:center; background-color: #FFFFFF; padding: 7px 0 0;"">
				
							<font size=2><b>楽天市場の検索・楽天プロダクトの『在庫あり』表記について</b></font>
				</div>



<div style=""color: #000000; width:100%; height: 28px; font-weight: bold; font-size: 15px; border: 1px solid #C0C0C0; text-align:center; background-color: #FFFFFF; padding: 7px 0 0;"">
				
							<font size=2><b>商品のお届け時期・出荷（目安）表示について</b></font>
				</div>




				<table>
				<tr>
				<td hight=""2"">
				</td>
				</tr>
				</table>


<div style=""width: 690px; margin: 0pt; text-align:center;"">
					
					<img alt=""エディオン楽天市場店　おすすめ指定商品のポイントがお得！"" src=""https://image.rakuten.co.jp/edion/cabinet/02422072/etc/05101693/imgrc0068582080.jpg"" style=""width: 690px; margin: 0pt;"" />
					</div>
				<table>
				<tr>
				<td hight=""2"">
				</td>
				</tr>
				</table>

<div style=""width: 690px; margin: 0pt; text-align:center;"">
					
					<img alt=""【136時間限定！】6,000円以上お買い物で200円OFFクーポンキャンペーン"" src=""https://image.rakuten.co.jp/edion/cabinet/02422072/etc/05101693/imgrc0068577433.jpg"" style=""width: 580px; margin: 0pt;"" />
					</div>
				<table>
				<tr>
				<td hight=""2"">
				</td>
				</tr>
				</table>


<div style=""width: 690px; margin: 0pt; text-align:center;"">
					
					<img alt=""『102時間限定！ ポイント最大35倍！お買い物マラソン』"" src=""https://image.rakuten.co.jp/edion/cabinet/02422072/etc/05101693/imgrc0068552560.jpg"" style=""width: 580px; margin: 0pt;"" />
					</div>
				<table>
				<tr>
				<td hight=""2"">
				</td>
				</tr>
				</table>



<div style=""width: 690px; margin: 0pt; text-align:center;"">
					
					<img alt=""期間限定！映像ソフト３００円均一特集！！"" src=""http://image.rakuten.co.jp/edion/cabinet/02422072/etc/05101693/imgrc0068065427.jpg"" style=""width: 580px; height: 191px; margin: 0pt;"" />
					</div>
				<table>
				<tr>
				<td hight=""2"">
				</td>
				</tr>
				</table>




<div style=""width: 690px; margin: 0pt; text-align:center;"">
					
					<img alt=""スーパーポイントアッププログラム　各種サービスご利用でいつでも毎日ポイント7倍"" src=""http://image.rakuten.co.jp/edion/cabinet/02422072/etc/03786972/imgrc0065944519.jpg"" style=""width: 468px; height: 60px; margin: 0pt;"" />
					</div>
				<table>
				<tr>
				<td hight=""2"">
				</td>
				</tr>
				</table>




<div style=""width: 690px; margin: 0pt; text-align:center;"">
					
					<img alt=""『初めてのお買い物で1,000円分ポイントプレゼント！』"" src=""http://image.rakuten.co.jp/edion/cabinet/02422072/etc/05101693/imgrc0067699606.jpg"" style=""width: 468px; height: 60px; margin: 0pt;"" />
					</div>
				<table>
				<tr>
				<td hight=""2"">
				</td>
				</tr>
				</table>


<div style=""width: 690px; margin: 0pt; text-align:center;"">
					
					<img alt=""お買い物マラソンで使える！楽天ウェブ検索を初めてご利用の方に1,200円クーポンプレゼント"" src=""https://image.rakuten.co.jp/edion/cabinet/02422072/etc/05101693/imgrc0068572794.jpg"" style=""width: 468px; height: 60px; margin: 0pt;"" />
					</div>
				<table>
				<tr>
				<td hight=""2"">
				</td>
				</tr>
				</table>


<div style=""width: 690px; margin: 0pt; text-align:center;"">
					
					<img alt=""楽天ウェブ検索利用でポイント10倍プレゼント』"" src=""http://image.rakuten.co.jp/edion/cabinet/02422072/etc/05101693/imgrc0067545172.jpg"" style=""width: 468px; height: 60px; margin: 0pt;"" />
					</div>
				<table>
				<tr>
				<td hight=""2"">
				</td>
				</tr>
				</table>

<div style=""width: 690px; margin: 0pt; text-align:center;"">
					
					<img alt=""楽天ウェブ検索利用でポイント+0.5倍』"" src=""http://image.rakuten.co.jp/edion/cabinet/02422072/etc/05101693/imgrc0067545150.jpg"" style=""width: 468px; height: 60px; margin: 0pt;"" />
					</div>
				<table>
				<tr>
				<td hight=""2"">
				</td>
				</tr>
				</table>


<div style=""width: 690px; margin: 0pt; text-align:center;"">
					
					<img alt=""楽天カード新規入会で2,000ポイント！さらにすぐに使える1,000円クーポンプレゼント！"" src=""http://image.rakuten.co.jp/edion/cabinet/02422072/etc/top/img59904332.gif"" style=""width: 468px; height: 60px; margin: 0pt;"" />
					</div>
				<table>
				<tr>
				<td hight=""2"">
				</td>
				</tr>
				</table>



			</div>
		</td>
	</tr>
</table>


<table>
<tr>
<td hight=""2"">
</td>
</tr>
</table>",バンダイ NXEDGE STYLE [MS UNIT] ガンダムバルバトス NS/ガンダムバルトス [NSガンダムバルトス]：エディオン　楽天市場店,バンダイ NXEDGE STYLE [MS UNIT] ガンダムバルバトス NS/ガンダムバルトス [NSガンダムバルトス],バンダイ NXEDGE STYLE [MS UNIT] ガンダムバルバトス NS/ガンダムバルトス [NSガンダムバルトス][rn]
